0 0 0 0.040891 0 0 0 0 0 -0 0 0.04027 1.7293e-06 0.0071006 0 0
0 0 0 0.16624 0 0 0 0 0 -0 0 0.16371 7.0305e-06 0.028867 0 0
-0 -0 -0 0.15088 0 0 0 0 0 -0 0 0.14858 6.3808e-06 0.026199 0 0
0 0 0 0.015925 0 0 0 0 0 -0 0 0.015683 6.7351e-07 0.0027654 0 0
-0 -0 -0 0.048993 0 0 0 0 0 -0 0 0.048249 2.072e-06 0.0085075 0 0
0 0 0 0.1412 0 0 0 0 0 -0 0 0.13906 5.9717e-06 0.02452 0 0
0 0 0 0.19004 0 0 0 0 0 -0 0 0.18715 8.037e-06 0.033 0 0
0 0 0 0.17611 0 0 0 0 0 -0 0 0.17344 7.4481e-06 0.030582 0 0
0 0 0 0.073218 0 0 0 0 0 -0 0 0.072106 3.0965e-06 0.012714 0 0
0 0 0 0.023086 0 0 0 0 0 -0 0 0.022735 9.7634e-07 0.0040089 0 0
0 0 0 0.12606 0 0 0 0 0 -0 0 0.12415 5.3313e-06 0.02189 0 0
0 0 0 0.027352 0 0 0 0 0 -0 0 0.026936 1.1567e-06 0.0047496 0 0
0 0 0 0.17056 0 0 0 0 0 -0 0 0.16797 7.2132e-06 0.029617 0 0
0 0 0 0.0031318 0 0 0 0 0 -0 0 0.0030842 1.3245e-07 0.00054383 0 0
0 0 0 0.095011 0 0 0 0 0 -0 0 0.093568 4.0182e-06 0.016499 0 0
-0 -0 -0 0.18738 0 0 0 0 0 -0 0 0.18454 7.9247e-06 0.032539 0 0
-0 -0 -0 0.18799 0 0 0 0 0 -0 0 0.18514 7.9504e-06 0.032644 0 0
0 0 0 0.16575 0 0 0 0 0 -0 0 0.16323 7.0098e-06 0.028782 0 0
0 0 0 0.020375 0 0 0 0 0 -0 0 0.020066 8.617e-07 0.0035381 0 0
-0 -0 -0 0.1306 0 0 0 0 0 -0 0 0.12862 5.5233e-06 0.022679 0 0
0 0 0 0.19721 0 0 0 0 0 -0 0 0.19421 8.3403e-06 0.034245 0 0
0 0 0 0.047281 0 0 0 0 0 -0 0 0.046563 1.9996e-06 0.0082103 0 0
-0 -0 -0 0.064078 0 0 0 0 0 -0 0 0.063104 2.7099e-06 0.011127 0 0
0 0 0 0.032958 0 0 0 0 0 -0 0 0.032458 1.3939e-06 0.0057231 0 0
0 0 0 0.0075788 0 0 0 0 0 -0 0 0.0074636 3.2052e-07 0.001316 0 0
0 0 0 0.17169 0 0 0 0 0 -0 0 0.16908 7.2611e-06 0.029814 0 0
-0 -0 -0 0.068809 0 0 0 0 0 -0 0 0.067763 2.91e-06 0.011949 0 0
0 0 0 0.19484 0 0 0 0 0 -0 0 0.19188 8.2401e-06 0.033834 0 0
-0 -0 -0 0.17138 0 0 0 0 0 -0 0 0.16878 7.248e-06 0.02976 0 0
0 0 0 0.092944 0 0 0 0 0 -0 0 0.091532 3.9307e-06 0.01614 0 0
-0 -0 -0 0.13222 0 0 0 0 0 -0 0 0.13021 5.5918e-06 0.02296 0 0
-0 -0 -0 0.095399 0 0 0 0 0 -0 0 0.09395 4.0346e-06 0.016566 0 0
-0 -0 -0 0.058503 0 0 0 0 0 -0 0 0.057615 2.4742e-06 0.010159 0 0
0 0 0 0.15769 0 0 0 0 0 -0 0 0.15529 6.6688e-06 0.027382 0 0
0 0 0 0.048176 0 0 0 0 0 -0 0 0.047444 2.0374e-06 0.0083656 0 0
0 0 0 0.10411 0 0 0 0 0 -0 0 0.10253 4.4028e-06 0.018078 0 0
-0 -0 -0 0.15441 0 0 0 0 0 -0 0 0.15207 6.5303e-06 0.026813 0 0
0 0 0 0.16887 0 0 0 0 0 -0 0 0.1663 7.1417e-06 0.029324 0 0
0 0 0 0.090278 0 0 0 0 0 -0 0 0.088906 3.818e-06 0.015677 0 0
0 0 0 0.049242 0 0 0 0 0 -0 0 0.048494 2.0825e-06 0.0085509 0 0
-0 -0 -0 0.036999 0 0 0 0 0 -0 0 0.036437 1.5647e-06 0.0064248 0 0
0 0 0 0.10149 0 0 0 0 0 -0 0 0.099945 4.292e-06 0.017623 0 0
-0 -0 -0 0.16369 0 0 0 0 0 -0 0 0.16121 6.9228e-06 0.028425 0 0
-0 -0 -0 0.14067 0 0 0 0 0 -0 0 0.13854 5.9493e-06 0.024428 0 0
-0 -0 -0 0.048143 0 0 0 0 0 -0 0 0.047412 2.036e-06 0.00836 0 0
-0 -0 -0 0.15123 0 0 0 0 0 -0 0 0.14893 6.3958e-06 0.026261 0 0
-0 -0 -0 0.06505 0 0 0 0 0 -0 0 0.064062 2.7511e-06 0.011296 0 0
-0 -0 -0 0.086778 0 0 0 0 0 -0 0 0.08546 3.67e-06 0.015069 0 0
0 0 0 0.10859 0 0 0 0 0 -0 0 0.10694 4.5926e-06 0.018857 0 0
-0 -0 -0 0.081314 0 0 0 0 0 -0 0 0.080079 3.4389e-06 0.01412 0 0
-0 -0 -0 0.15083 0 0 0 0 0 -0 0 0.14853 6.3786e-06 0.026191 0 0
0 0 0 0.059381 0 0 0 0 0 -0 0 0.058479 2.5113e-06 0.010311 0 0
0 0 0 0.15697 0 0 0 0 0 -0 0 0.15459 6.6387e-06 0.027258 0 0
0 0 0 0.07473 0 0 0 0 0 -0 0 0.073594 3.1604e-06 0.012977 0 0
0 0 0 0.15547 0 0 0 0 0 -0 0 0.15311 6.575e-06 0.026997 0 0
0 0 0 0.012221 0 0 0 0 0 -0 0 0.012036 5.1685e-07 0.0021222 0 0
-0 -0 -0 0.023178 0 0 0 0 0 -0 0 0.022826 9.8023e-07 0.0040248 0 0
0 0 0 0.082125 0 0 0 0 0 -0 0 0.080877 3.4732e-06 0.014261 0 0
-0 -0 -0 0.039093 0 0 0 0 0 -0 0 0.038499 1.6533e-06 0.0067884 0 0
-0 -0 -0 0.13965 0 0 0 0 0 -0 0 0.13752 5.9058e-06 0.024249 0 0
-0 -0 -0 0.13717 0 0 0 0 0 -0 0 0.13508 5.801e-06 0.023819 0 0
0 0 0 0.16686 0 0 0 0 0 -0 0 0.16432 7.0566e-06 0.028974 0 0
0 0 0 0.063881 0 0 0 0 0 -0 0 0.062911 2.7016e-06 0.011093 0 0
-0 -0 -0 0.062207 0 0 0 0 0 -0 0 0.061262 2.6308e-06 0.010802 0 0
0 0 0 0.15333 0 0 0 0 0 -0 0 0.151 6.4845e-06 0.026625 0 0
0 0 0 0.010209 0 0 0 0 0 -0 0 0.010054 4.3174e-07 0.0017727 0 0
-0 -0 -0 0.0047312 0 0 0 0 0 -0 0 0.0046593 2.0009e-07 0.00082156 0 0
0 0 0 0.06862 0 0 0 0 0 -0 0 0.067577 2.902e-06 0.011916 0 0
0 0 0 0.14344 0 0 0 0 0 -0 0 0.14126 6.0661e-06 0.024907 0 0
-0 -0 -0 0.012877 0 0 0 0 0 -0 0 0.012681 5.4459e-07 0.0022361 0 0
0 0 0 0.10243 0 0 0 0 0 -0 0 0.10087 4.3319e-06 0.017787 0 0
0 0 0 0.14325 0 0 0 0 0 -0 0 0.14108 6.0584e-06 0.024876 0 0
0 0 0 0.15637 0 0 0 0 0 -0 0 0.15399 6.6129e-06 0.027153 0 0
-0 -0 -0 0.079776 0 0 0 0 0 -0 0 0.078564 3.3738e-06 0.013853 0 0
0 0 0 0.095725 0 0 0 0 0 -0 0 0.094271 4.0484e-06 0.016623 0 0
0 0 0 0.16488 0 0 0 0 0 -0 0 0.16237 6.9728e-06 0.02863 0 0
0 0 0 0.058418 0 0 0 0 0 -0 0 0.057531 2.4706e-06 0.010144 0 0
-0 -0 -0 0.039566 0 0 0 0 0 -0 0 0.038965 1.6733e-06 0.0068705 0 0
-0 -0 -0 0.16998 0 0 0 0 0 -0 0 0.1674 7.1888e-06 0.029517 0 0
-0 -0 -0 0.042353 0 0 0 0 0 -0 0 0.041709 1.7912e-06 0.0073545 0 0
0 0 0 0.19623 0 0 0 0 0 -0 0 0.19325 8.2987e-06 0.034074 0 0
0 0 0 0.036921 0 0 0 0 0 -0 0 0.03636 1.5614e-06 0.0064113 0 0
-0 -0 -0 0.1651 0 0 0 0 0 -0 0 0.16259 6.9822e-06 0.028669 0 0
0 0 0 0.16378 0 0 0 0 0 -0 0 0.16129 6.9263e-06 0.028439 0 0
0 0 0 0.064079 0 0 0 0 0 -0 0 0.063105 2.71e-06 0.011127 0 0
-0 -0 -0 0.048242 0 0 0 0 0 -0 0 0.047509 2.0402e-06 0.0083771 0 0
-0 -0 -0 0.062523 0 0 0 0 0 -0 0 0.061573 2.6442e-06 0.010857 0 0
0 0 0 0.19907 0 0 0 0 0 -0 0 0.19604 8.4188e-06 0.034567 0 0
0 0 0 0.0092777 0 0 0 0 0 -0 0 0.0091368 3.9237e-07 0.0016111 0 0
-0 -0 -0 0.052543 0 0 0 0 0 -0 0 0.051745 2.2221e-06 0.0091241 0 0
0 0 0 0.19414 0 0 0 0 0 -0 0 0.19119 8.2106e-06 0.033713 0 0
-0 -0 -0 0.10584 0 0 0 0 0 -0 0 0.10424 4.4763e-06 0.01838 0 0
-0 -0 -0 0.097384 0 0 0 0 0 -0 0 0.095905 4.1185e-06 0.016911 0 0
0 0 0 0.04363 0 0 0 0 0 -0 0 0.042967 1.8452e-06 0.0075762 0 0
-0 -0 -0 0.070217 0 0 0 0 0 -0 0 0.06915 2.9696e-06 0.012193 0 0
0 0 0 0.024327 0 0 0 0 0 -0 0 0.023957 1.0288e-06 0.0042243 0 0
0 0 0 0.14814 0 0 0 0 0 -0 0 0.14589 6.2649e-06 0.025724 0 0
-0 -0 -0 0.042256 0 0 0 0 0 -0 0 0.041614 1.7871e-06 0.0073377 0 0
0 0 0 0.012757 0 0 0 0 0 -0 0 0.012563 5.3952e-07 0.0022153 0 0
0 0 0 0.10094 0 0 0 0 0 -0 0 0.099407 4.2689e-06 0.017528 0 0
