0 0 0 0.10528 0 0 0 0 0 0 0 0.10368 -0.018282 0 0 0
0 0 0 0.024711 0 0 0 0 0 0 0 0.024335 -0.004291 0 0 0
-0 -0 -0 0.0059376 0 0 0 0 0 0 0 0.0058474 -0.0010311 0 0 0
0 0 0 0.18225 0 0 0 0 0 0 0 0.17948 -0.031647 0 0 0
0 0 0 0.083114 0 0 0 0 0 0 0 0.081851 -0.014433 0 0 0
-0 -0 -0 0.12422 0 0 0 0 0 0 0 0.12234 -0.021571 0 0 0
-0 -0 -0 0.15246 0 0 0 0 0 0 0 0.15014 -0.026474 0 0 0
0 0 0 0.063472 0 0 0 0 0 0 0 0.062507 -0.011022 0 0 0
0 0 0 0.13861 0 0 0 0 0 0 0 0.1365 -0.024069 0 0 0
-0 -0 -0 0.10481 0 0 0 0 0 0 0 0.10321 -0.018199 0 0 0
-0 -0 -0 0.049805 0 0 0 0 0 0 0 0.049048 -0.0086485 0 0 0
0 0 0 0.028148 0 0 0 0 0 0 0 0.027721 -0.0048879 0 0 0
-0 -0 -0 0.19076 0 0 0 0 0 0 0 0.18787 -0.033126 0 0 0
-0 -0 -0 0.14223 0 0 0 0 0 0 0 0.14007 -0.024698 0 0 0
-0 -0 -0 0.13793 0 0 0 0 0 0 0 0.13584 -0.023952 0 0 0
-0 -0 -0 0.056815 0 0 0 0 0 0 0 0.055952 -0.0098659 0 0 0
-0 -0 -0 0.19383 0 0 0 0 0 0 0 0.19088 -0.033658 0 0 0
-0 -0 -0 0.078629 0 0 0 0 0 0 0 0.077435 -0.013654 0 0 0
-0 -0 -0 0.13562 0 0 0 0 0 0 0 0.13356 -0.02355 0 0 0
-0 -0 -0 0.071571 0 0 0 0 0 0 0 0.070483 -0.012428 0 0 0
-0 -0 -0 0.085391 0 0 0 0 0 0 0 0.084094 -0.014828 0 0 0
0 0 0 0.15618 0 0 0 0 0 0 0 0.15381 -0.027121 0 0 0
0 0 0 0.070088 0 0 0 0 0 0 0 0.069023 -0.012171 0 0 0
0 0 0 0.19283 0 0 0 0 0 0 0 0.1899 -0.033485 0 0 0
-0 -0 -0 0.069138 0 0 0 0 0 0 0 0.068088 -0.012006 0 0 0
0 0 0 0.12576 0 0 0 0 0 0 0 0.12385 -0.021839 0 0 0
0 0 0 0.19725 0 0 0 0 0 0 0 0.19425 -0.034252 0 0 0
0 0 0 0.10849 0 0 0 0 0 0 0 0.10684 -0.018839 0 0 0
-0 -0 -0 0.13974 0 0 0 0 0 0 0 0.13762 -0.024265 0 0 0
0 0 0 0.0082821 0 0 0 0 0 0 0 0.0081563 -0.0014382 0 0 0
0 0 0 0.16002 0 0 0 0 0 0 0 0.15759 -0.027787 0 0 0
-0 -0 -0 0.19247 0 0 0 0 0 0 0 0.18955 -0.033422 0 0 0
0 0 0 0.13863 0 0 0 0 0 0 0 0.13652 -0.024072 0 0 0
0 0 0 0.027947 0 0 0 0 0 0 0 0.027522 -0.004853 0 0 0
0 0 0 0.12827 0 0 0 0 0 0 0 0.12632 -0.022273 0 0 0
0 0 0 0.14982 0 0 0 0 0 0 0 0.14754 -0.026016 0 0 0
-0 -0 -0 0.08674 0 0 0 0 0 0 0 0.085422 -0.015062 0 0 0
-0 -0 -0 0.17666 0 0 0 0 0 0 0 0.17398 -0.030677 0 0 0
-0 -0 -0 0.12057 0 0 0 0 0 0 0 0.11874 -0.020936 0 0 0
0 0 0 0.045052 0 0 0 0 0 0 0 0.044368 -0.0078233 0 0 0
-0 -0 -0 0.0047389 0 0 0 0 0 0 0 0.0046669 -0.0008229 0 0 0
0 0 0 0.10477 0 0 0 0 0 0 0 0.10318 -0.018194 0 0 0
0 0 0 0.069309 0 0 0 0 0 0 0 0.068256 -0.012035 0 0 0
-0 -0 -0 0.082727 0 0 0 0 0 0 0 0.08147 -0.014365 0 0 0
-0 -0 -0 0.18219 0 0 0 0 0 0 0 0.17943 -0.031638 0 0 0
-0 -0 -0 0.12537 0 0 0 0 0 0 0 0.12346 -0.021769 0 0 0
-0 -0 -0 0.0092773 0 0 0 0 0 0 0 0.0091363 -0.001611 0 0 0
-0 -0 -0 0.16806 0 0 0 0 0 0 0 0.16551 -0.029183 0 0 0
0 0 0 0.11447 0 0 0 0 0 0 0 0.11273 -0.019878 0 0 0
0 0 0 0.064534 0 0 0 0 0 0 0 0.063554 -0.011206 0 0 0
-0 -0 -0 0.11952 0 0 0 0 0 0 0 0.11771 -0.020755 0 0 0
0 0 0 0.17737 0 0 0 0 0 0 0 0.17467 -0.0308 0 0 0
-0 -0 -0 0.14857 0 0 0 0 0 0 0 0.14631 -0.025799 0 0 0
0 0 0 0.04081 0 0 0 0 0 0 0 0.04019 -0.0070866 0 0 0
0 0 0 0.10631 0 0 0 0 0 0 0 0.1047 -0.018461 0 0 0
-0 -0 -0 0.078034 0 0 0 0 0 0 0 0.076848 -0.01355 0 0 0
0 0 0 0.14893 0 0 0 0 0 0 0 0.14667 -0.025862 0 0 0
-0 -0 -0 0.074452 0 0 0 0 0 0 0 0.073321 -0.012928 0 0 0
-0 -0 -0 0.17131 0 0 0 0 0 0 0 0.16871 -0.029748 0 0 0
-0 -0 -0 0.10021 0 0 0 0 0 0 0 0.098689 -0.017401 0 0 0
0 0 0 0.15329 0 0 0 0 0 0 0 0.15096 -0.026619 0 0 0
0 0 0 0.18285 0 0 0 0 0 0 0 0.18008 -0.031752 0 0 0
0 0 0 0.1697 0 0 0 0 0 0 0 0.16712 -0.029468 0 0 0
-0 -0 -0 0.06356 0 0 0 0 0 0 0 0.062595 -0.011037 0 0 0
0 0 0 0.11052 0 0 0 0 0 0 0 0.10884 -0.019191 0 0 0
0 0 0 0.19689 0 0 0 0 0 0 0 0.1939 -0.03419 0 0 0
0 0 0 0.068883 0 0 0 0 0 0 0 0.067836 -0.011961 0 0 0
-0 -0 -0 0.032439 0 0 0 0 0 0 0 0.031946 -0.0056329 0 0 0
0 0 0 0.17377 0 0 0 0 0 0 0 0.17113 -0.030175 0 0 0
0 0 0 0.19251 0 0 0 0 0 0 0 0.18958 -0.033429 0 0 0
-0 -0 -0 0.085904 0 0 0 0 0 0 0 0.084599 -0.014917 0 0 0
0 0 0 0.046503 0 0 0 0 0 0 0 0.045797 -0.0080752 0 0 0
0 0 0 0.18249 0 0 0 0 0 0 0 0.17972 -0.031689 0 0 0
0 0 0 0.059067 0 0 0 0 0 0 0 0.05817 -0.010257 0 0 0
-0 -0 -0 0.054821 0 0 0 0 0 0 0 0.053988 -0.0095196 0 0 0
-0 -0 -0 0.1039 0 0 0 0 0 0 0 0.10233 -0.018043 0 0 0
0 0 0 0.035745 0 0 0 0 0 0 0 0.035202 -0.006207 0 0 0
-0 -0 -0 0.0073316 0 0 0 0 0 0 0 0.0072202 -0.0012731 0 0 0
0 0 0 0.16675 0 0 0 0 0 0 0 0.16421 -0.028956 0 0 0
0 0 0 0.10348 0 0 0 0 0 0 0 0.10191 -0.01797 0 0 0
0 0 0 0.16327 0 0 0 0 0 0 0 0.16079 -0.028351 0 0 0
0 0 0 0.023412 0 0 0 0 0 0 0 0.023056 -0.0040655 0 0 0
-0 -0 -0 0.050589 0 0 0 0 0 0 0 0.049821 -0.0087847 0 0 0
-0 -0 -0 0.18614 0 0 0 0 0 0 0 0.18331 -0.032322 0 0 0
0 0 0 0.10735 0 0 0 0 0 0 0 0.10572 -0.018641 0 0 0
0 0 0 0.081554 0 0 0 0 0 0 0 0.080315 -0.014162 0 0 0
0 0 0 0.17524 0 0 0 0 0 0 0 0.17258 -0.030431 0 0 0
-0 -0 -0 0.054008 0 0 0 0 0 0 0 0.053187 -0.0093783 0 0 0
-0 -0 -0 0.091941 0 0 0 0 0 0 0 0.090544 -0.015965 0 0 0
0 0 0 0.11592 0 0 0 0 0 0 0 0.11416 -0.020129 0 0 0
-0 -0 -0 0.040798 0 0 0 0 0 0 0 0.040178 -0.0070845 0 0 0
-0 -0 -0 0.096343 0 0 0 0 0 0 0 0.094879 -0.01673 0 0 0
-0 -0 -0 0.050129 0 0 0 0 0 0 0 0.049368 -0.0087049 0 0 0
-0 -0 -0 0.087969 0 0 0 0 0 0 0 0.086632 -0.015276 0 0 0
-0 -0 -0 0.13927 0 0 0 0 0 0 0 0.13715 -0.024184 0 0 0
-0 -0 -0 0.19827 0 0 0 0 0 0 0 0.19526 -0.034429 0 0 0
0 0 0 0.11168 0 0 0 0 0 0 0 0.10998 -0.019392 0 0 0
-0 -0 -0 0.18822 0 0 0 0 0 0 0 0.18536 -0.032684 0 0 0
0 0 0 0.19491 0 0 0 0 0 0 0 0.19194 -0.033845 0 0 0
-0 -0 -0 0.11087 0 0 0 0 0 0 0 0.10918 -0.019252 0 0 0
