0 0 0.037384 0 0 0 0 0 0 0 0 0 0 0 0 0.037384 0 0 0 0 0
-0 -0 -0.20275 0 0 0 0 0 0 0 0 0 0 0 0 -0.20275 0 0 0 0 0
0 0 0.09259 0 0 0 0 0 0 0 0 0 0 0 0 0.09259 0 0 0 0 0
-0 -0 -0.17351 0 0 0 0 0 0 0 0 0 0 0 0 -0.17351 0 0 0 0 0
-0 -0 -0.33814 0 0 0 0 0 0 0 0 0 0 0 0 -0.33814 0 0 0 0 0
-0 -0 -0.14117 0 0 0 0 0 0 0 0 0 0 0 0 -0.14117 0 0 0 0 0
-0 -0 -0.059614 0 0 0 0 0 0 0 0 0 0 0 0 -0.059614 0 0 0 0 0
0 0 0.33411 0 0 0 0 0 0 0 0 0 0 0 0 0.33411 0 0 0 0 0
-0 -0 -0.015549 0 0 0 0 0 0 0 0 0 0 0 0 -0.015549 0 0 0 0 0
-0 -0 -0.24442 0 0 0 0 0 0 0 0 0 0 0 0 -0.24442 0 0 0 0 0
-0 -0 -0.17046 0 0 0 0 0 0 0 0 0 0 0 0 -0.17046 0 0 0 0 0
0 0 0.18349 0 0 0 0 0 0 0 0 0 0 0 0 0.18349 0 0 0 0 0
0 0 0.24217 0 0 0 0 0 0 0 0 0 0 0 0 0.24217 0 0 0 0 0
-0 -0 -0.044377 0 0 0 0 0 0 0 0 0 0 0 0 -0.044377 0 0 0 0 0
0 0 0.192 0 0 0 0 0 0 0 0 0 0 0 0 0.192 0 0 0 0 0
-0 -0 -0.074796 0 0 0 0 0 0 0 0 0 0 0 0 -0.074796 0 0 0 0 0
0 0 0.21776 0 0 0 0 0 0 0 0 0 0 0 0 0.21776 0 0 0 0 0
-0 -0 -0.3044 0 0 0 0 0 0 0 0 0 0 0 0 -0.3044 0 0 0 0 0
0 0 0.3331 0 0 0 0 0 0 0 0 0 0 0 0 0.3331 0 0 0 0 0
0 0 0.13541 0 0 0 0 0 0 0 0 0 0 0 0 0.13541 0 0 0 0 0
-0 -0 -0.19068 0 0 0 0 0 0 0 0 0 0 0 0 -0.19068 0 0 0 0 0
-0 -0 -0.056952 0 0 0 0 0 0 0 0 0 0 0 0 -0.056952 0 0 0 0 0
-0 -0 -0.17992 0 0 0 0 0 0 0 0 0 0 0 0 -0.17992 0 0 0 0 0
-0 -0 -0.2811 0 0 0 0 0 0 0 0 0 0 0 0 -0.2811 0 0 0 0 0
-0 -0 -0.18379 0 0 0 0 0 0 0 0 0 0 0 0 -0.18379 0 0 0 0 0
0 0 0.04347 0 0 0 0 0 0 0 0 0 0 0 0 0.04347 0 0 0 0 0
-0 -0 -0.027767 0 0 0 0 0 0 0 0 0 0 0 0 -0.027767 0 0 0 0 0
-0 -0 -0.19452 0 0 0 0 0 0 0 0 0 0 0 0 -0.19452 0 0 0 0 0
-0 -0 -0.29164 0 0 0 0 0 0 0 0 0 0 0 0 -0.29164 0 0 0 0 0
0 0 0.10561 0 0 0 0 0 0 0 0 0 0 0 0 0.10561 0 0 0 0 0
-0 -0 -0.28226 0 0 0 0 0 0 0 0 0 0 0 0 -0.28226 0 0 0 0 0
-0 -0 -0.14219 0 0 0 0 0 0 0 0 0 0 0 0 -0.14219 0 0 0 0 0
0 0 0.1108 0 0 0 0 0 0 0 0 0 0 0 0 0.1108 0 0 0 0 0
-0 -0 -0.071475 0 0 0 0 0 0 0 0 0 0 0 0 -0.071475 0 0 0 0 0
-0 -0 -0.27595 0 0 0 0 0 0 0 0 0 0 0 0 -0.27595 0 0 0 0 0
-0 -0 -0.14644 0 0 0 0 0 0 0 0 0 0 0 0 -0.14644 0 0 0 0 0
0 0 0.082742 0 0 0 0 0 0 0 0 0 0 0 0 0.082742 0 0 0 0 0
-0 -0 -0.15556 0 0 0 0 0 0 0 0 0 0 0 0 -0.15556 0 0 0 0 0
0 0 0.32815 0 0 0 0 0 0 0 0 0 0 0 0 0.32815 0 0 0 0 0
0 0 0.056091 0 0 0 0 0 0 0 0 0 0 0 0 0.056091 0 0 0 0 0
0 0 0.15831 0 0 0 0 0 0 0 0 0 0 0 0 0.15831 0 0 0 0 0
-0 -0 -0.023422 0 0 0 0 0 0 0 0 0 0 0 0 -0.023422 0 0 0 0 0
0 0 0.20239 0 0 0 0 0 0 0 0 0 0 0 0 0.20239 0 0 0 0 0
-0 -0 -0.29307 0 0 0 0 0 0 0 0 0 0 0 0 -0.29307 0 0 0 0 0
-0 -0 -0.31519 0 0 0 0 0 0 0 0 0 0 0 0 -0.31519 0 0 0 0 0
-0 -0 -0.29796 0 0 0 0 0 0 0 0 0 0 0 0 -0.29796 0 0 0 0 0
-0 -0 -0.084271 0 0 0 0 0 0 0 0 0 0 0 0 -0.084271 0 0 0 0 0
0 0 0.22507 0 0 0 0 0 0 0 0 0 0 0 0 0.22507 0 0 0 0 0
-0 -0 -0.2356 0 0 0 0 0 0 0 0 0 0 0 0 -0.2356 0 0 0 0 0
0 0 0.30964 0 0 0 0 0 0 0 0 0 0 0 0 0.30964 0 0 0 0 0
0 0 0.033985 0 0 0 0 0 0 0 0 0 0 0 0 0.033985 0 0 0 0 0
0 0 0.29953 0 0 0 0 0 0 0 0 0 0 0 0 0.29953 0 0 0 0 0
0 0 0.12179 0 0 0 0 0 0 0 0 0 0 0 0 0.12179 0 0 0 0 0
-0 -0 -0.2702 0 0 0 0 0 0 0 0 0 0 0 0 -0.2702 0 0 0 0 0
0 0 0.023218 0 0 0 0 0 0 0 0 0 0 0 0 0.023218 0 0 0 0 0
-0 -0 -0.057481 0 0 0 0 0 0 0 0 0 0 0 0 -0.057481 0 0 0 0 0
0 0 0.24361 0 0 0 0 0 0 0 0 0 0 0 0 0.24361 0 0 0 0 0
-0 -0 -0.26882 0 0 0 0 0 0 0 0 0 0 0 0 -0.26882 0 0 0 0 0
0 0 0.070792 0 0 0 0 0 0 0 0 0 0 0 0 0.070792 0 0 0 0 0
-0 -0 -0.33668 0 0 0 0 0 0 0 0 0 0 0 0 -0.33668 0 0 0 0 0
0 0 0.12925 0 0 0 0 0 0 0 0 0 0 0 0 0.12925 0 0 0 0 0
-0 -0 -0.034447 0 0 0 0 0 0 0 0 0 0 0 0 -0.034447 0 0 0 0 0
0 0 0.18597 0 0 0 0 0 0 0 0 0 0 0 0 0.18597 0 0 0 0 0
-0 -0 -0.34606 0 0 0 0 0 0 0 0 0 0 0 0 -0.34606 0 0 0 0 0
-0 -0 -0.010708 0 0 0 0 0 0 0 0 0 0 0 0 -0.010708 0 0 0 0 0
0 0 0.2694 0 0 0 0 0 0 0 0 0 0 0 0 0.2694 0 0 0 0 0
0 0 0.22639 0 0 0 0 0 0 0 0 0 0 0 0 0.22639 0 0 0 0 0
-0 -0 -0.17247 0 0 0 0 0 0 0 0 0 0 0 0 -0.17247 0 0 0 0 0
0 0 0.14666 0 0 0 0 0 0 0 0 0 0 0 0 0.14666 0 0 0 0 0
0 0 0.035627 0 0 0 0 0 0 0 0 0 0 0 0 0.035627 0 0 0 0 0
0 0 0.31285 0 0 0 0 0 0 0 0 0 0 0 0 0.31285 0 0 0 0 0
0 0 0.094252 0 0 0 0 0 0 0 0 0 0 0 0 0.094252 0 0 0 0 0
0 0 0.33225 0 0 0 0 0 0 0 0 0 0 0 0 0.33225 0 0 0 0 0
-0 -0 -0.010976 0 0 0 0 0 0 0 0 0 0 0 0 -0.010976 0 0 0 0 0
0 0 0.035431 0 0 0 0 0 0 0 0 0 0 0 0 0.035431 0 0 0 0 0
0 0 0.26848 0 0 0 0 0 0 0 0 0 0 0 0 0.26848 0 0 0 0 0
0 0 0.11022 0 0 0 0 0 0 0 0 0 0 0 0 0.11022 0 0 0 0 0
0 0 0.076864 0 0 0 0 0 0 0 0 0 0 0 0 0.076864 0 0 0 0 0
0 0 0.13299 0 0 0 0 0 0 0 0 0 0 0 0 0.13299 0 0 0 0 0
-0 -0 -0.12729 0 0 0 0 0 0 0 0 0 0 0 0 -0.12729 0 0 0 0 0
0 0 0.32542 0 0 0 0 0 0 0 0 0 0 0 0 0.32542 0 0 0 0 0
-0 -0 -0.2783 0 0 0 0 0 0 0 0 0 0 0 0 -0.2783 0 0 0 0 0
0 0 0.30018 0 0 0 0 0 0 0 0 0 0 0 0 0.30018 0 0 0 0 0
-0 -0 -0.12437 0 0 0 0 0 0 0 0 0 0 0 0 -0.12437 0 0 0 0 0
-0 -0 -0.17391 0 0 0 0 0 0 0 0 0 0 0 0 -0.17391 0 0 0 0 0
0 0 0.051553 0 0 0 0 0 0 0 0 0 0 0 0 0.051553 0 0 0 0 0
-0 -0 -0.34047 0 0 0 0 0 0 0 0 0 0 0 0 -0.34047 0 0 0 0 0
-0 -0 -0.26505 0 0 0 0 0 0 0 0 0 0 0 0 -0.26505 0 0 0 0 0
0 0 0.040054 0 0 0 0 0 0 0 0 0 0 0 0 0.040054 0 0 0 0 0
0 0 0.0081966 0 0 0 0 0 0 0 0 0 0 0 0 0.0081966 0 0 0 0 0
-0 -0 -0.14322 0 0 0 0 0 0 0 0 0 0 0 0 -0.14322 0 0 0 0 0
0 0 0.23855 0 0 0 0 0 0 0 0 0 0 0 0 0.23855 0 0 0 0 0
-0 -0 -0.14966 0 0 0 0 0 0 0 0 0 0 0 0 -0.14966 0 0 0 0 0
-0 -0 -0.23317 0 0 0 0 0 0 0 0 0 0 0 0 -0.23317 0 0 0 0 0
0 0 0.22545 0 0 0 0 0 0 0 0 0 0 0 0 0.22545 0 0 0 0 0
-0 -0 -0.26166 0 0 0 0 0 0 0 0 0 0 0 0 -0.26166 0 0 0 0 0
-0 -0 -0.086287 0 0 0 0 0 0 0 0 0 0 0 0 -0.086287 0 0 0 0 0
-0 -0 -0.11374 0 0 0 0 0 0 0 0 0 0 0 0 -0.11374 0 0 0 0 0
0 0 0.21608 0 0 0 0 0 0 0 0 0 0 0 0 0.21608 0 0 0 0 0
-0 -0 -0.073551 0 0 0 0 0 0 0 0 0 0 0 0 -0.073551 0 0 0 0 0
