0 0 0 0.15812 0 0 0 0 0 0 0 0.15572 -0.027458 0 0 0
-0 -0 -0 0.15528 0 0 0 0 0 0 0 0.15292 -0.026963 0 0 0
0 0 0 0.0061798 0 0 0 0 0 0 0 0.0060859 -0.0010731 0 0 0
0 0 0 0.10119 0 0 0 0 0 0 0 0.099648 -0.017571 0 0 0
0 0 0 0.12836 0 0 0 0 0 0 0 0.12641 -0.022289 0 0 0
0 0 0 0.024887 0 0 0 0 0 0 0 0.024509 -0.0043215 0 0 0
-0 -0 -0 0.094888 0 0 0 0 0 0 0 0.093446 -0.016477 0 0 0
0 0 0 0.066003 0 0 0 0 0 0 0 0.065 -0.011461 0 0 0
-0 -0 -0 0.031615 0 0 0 0 0 0 0 0.031135 -0.0054899 0 0 0
-0 -0 -0 0.0053021 0 0 0 0 0 0 0 0.0052215 -0.00092069 0 0 0
-0 -0 -0 0.17116 0 0 0 0 0 0 0 0.16856 -0.029721 0 0 0
-0 -0 -0 0.17524 0 0 0 0 0 0 0 0.17258 -0.030431 0 0 0
-0 -0 -0 0.092833 0 0 0 0 0 0 0 0.091423 -0.01612 0 0 0
-0 -0 -0 0.042782 0 0 0 0 0 0 0 0.042132 -0.0074291 0 0 0
0 0 0 0.062702 0 0 0 0 0 0 0 0.061749 -0.010888 0 0 0
-0 -0 -0 0.036791 0 0 0 0 0 0 0 0.036232 -0.0063888 0 0 0
-0 -0 -0 0.059959 0 0 0 0 0 0 0 0.059048 -0.010412 0 0 0
0 0 0 0.16003 0 0 0 0 0 0 0 0.1576 -0.027789 0 0 0
-0 -0 -0 0.080274 0 0 0 0 0 0 0 0.079054 -0.013939 0 0 0
0 0 0 0.085459 0 0 0 0 0 0 0 0.084161 -0.01484 0 0 0
0 0 0 0.12813 0 0 0 0 0 0 0 0.12618 -0.022249 0 0 0
0 0 0 0.051981 0 0 0 0 0 0 0 0.051191 -0.0090264 0 0 0
-0 -0 -0 0.14501 0 0 0 0 0 0 0 0.14281 -0.025181 0 0 0
0 0 0 0.042658 0 0 0 0 0 0 0 0.04201 -0.0074075 0 0 0
0 0 0 0.010155 0 0 0 0 0 0 0 0.010001 -0.0017634 0 0 0
-0 -0 -0 0.19381 0 0 0 0 0 0 0 0.19087 -0.033656 0 0 0
-0 -0 -0 0.091405 0 0 0 0 0 0 0 0.090016 -0.015872 0 0 0
0 0 0 0.18001 0 0 0 0 0 0 0 0.17727 -0.031258 0 0 0
-0 -0 -0 0.19379 0 0 0 0 0 0 0 0.19085 -0.033652 0 0 0
-0 -0 -0 0.11234 0 0 0 0 0 0 0 0.11063 -0.019508 0 0 0
0 0 0 0.011019 0 0 0 0 0 0 0 0.010851 -0.0019134 0 0 0
0 0 0 0.049909 0 0 0 0 0 0 0 0.049151 -0.0086667 0 0 0
0 0 0 0.14188 0 0 0 0 0 0 0 0.13973 -0.024638 0 0 0
0 0 0 0.15004 0 0 0 0 0 0 0 0.14776 -0.026053 0 0 0
-0 -0 -0 0.057902 0 0 0 0 0 0 0 0.057023 -0.010055 0 0 0
0 0 0 0.016917 0 0 0 0 0 0 0 0.01666 -0.0029375 0 0 0
0 0 0 0.067474 0 0 0 0 0 0 0 0.066449 -0.011717 0 0 0
0 0 0 0.1072 0 0 0 0 0 0 0 0.10557 -0.018615 0 0 0
-0 -0 -0 0.047644 0 0 0 0 0 0 0 0.04692 -0.0082733 0 0 0
0 0 0 0.022903 0 0 0 0 0 0 0 0.022555 -0.0039771 0 0 0
0 0 0 0.0049942 0 0 0 0 0 0 0 0.0049183 -0.00086723 0 0 0
0 0 0 0.12631 0 0 0 0 0 0 0 0.12439 -0.021934 0 0 0
-0 -0 -0 0.079375 0 0 0 0 0 0 0 0.078169 -0.013783 0 0 0
-0 -0 -0 0.092171 0 0 0 0 0 0 0 0.090771 -0.016005 0 0 0
0 0 0 0.13691 0 0 0 0 0 0 0 0.13483 -0.023773 0 0 0
-0 -0 -0 0.138 0 0 0 0 0 0 0 0.1359 -0.023964 0 0 0
0 0 0 0.14502 0 0 0 0 0 0 0 0.14282 -0.025182 0 0 0
0 0 0 0.15002 0 0 0 0 0 0 0 0.14774 -0.02605 0 0 0
-0 -0 -0 0.13606 0 0 0 0 0 0 0 0.13399 -0.023627 0 0 0
0 0 0 0.011212 0 0 0 0 0 0 0 0.011042 -0.001947 0 0 0
0 0 0 0.08576 0 0 0 0 0 0 0 0.084457 -0.014892 0 0 0
-0 -0 -0 0.056633 0 0 0 0 0 0 0 0.055772 -0.0098341 0 0 0
0 0 0 0.18039 0 0 0 0 0 0 0 0.17765 -0.031324 0 0 0
-0 -0 -0 0.18461 0 0 0 0 0 0 0 0.18181 -0.032058 0 0 0
-0 -0 -0 0.069385 0 0 0 0 0 0 0 0.068331 -0.012049 0 0 0
-0 -0 -0 0.11954 0 0 0 0 0 0 0 0.11772 -0.020757 0 0 0
-0 -0 -0 0.15196 0 0 0 0 0 0 0 0.14966 -0.026388 0 0 0
0 0 0 0.16105 0 0 0 0 0 0 0 0.1586 -0.027966 0 0 0
0 0 0 0.16271 0 0 0 0 0 0 0 0.16024 -0.028254 0 0 0
0 0 0 0.096395 0 0 0 0 0 0 0 0.09493 -0.016739 0 0 0
0 0 0 0.1645 0 0 0 0 0 0 0 0.162 -0.028564 0 0 0
0 0 0 0.19559 0 0 0 0 0 0 0 0.19262 -0.033963 0 0 0
0 0 0 0.05422 0 0 0 0 0 0 0 0.053396 -0.0094152 0 0 0
-0 -0 -0 0.087392 0 0 0 0 0 0 0 0.086064 -0.015175 0 0 0
0 0 0 0.17514 0 0 0 0 0 0 0 0.17248 -0.030412 0 0 0
0 0 0 0.089115 0 0 0 0 0 0 0 0.087762 -0.015475 0 0 0
-0 -0 -0 0.03514 0 0 0 0 0 0 0 0.034606 -0.006102 0 0 0
-0 -0 -0 0.13597 0 0 0 0 0 0 0 0.1339 -0.02361 0 0 0
-0 -0 -0 0.095669 0 0 0 0 0 0 0 0.094216 -0.016613 0 0 0
0 0 0 0.11134 0 0 0 0 0 0 0 0.10965 -0.019334 0 0 0
-0 -0 -0 0.018965 0 0 0 0 0 0 0 0.018677 -0.0032933 0 0 0
-0 -0 -0 0.038473 0 0 0 0 0 0 0 0.037889 -0.0066808 0 0 0
0 0 0 0.053933 0 0 0 0 0 0 0 0.053114 -0.0093654 0 0 0
0 0 0 0.064513 0 0 0 0 0 0 0 0.063533 -0.011203 0 0 0
-0 -0 -0 0.02924 0 0 0 0 0 0 0 0.028796 -0.0050775 0 0 0
0 0 0 0.081139 0 0 0 0 0 0 0 0.079906 -0.01409 0 0 0
-0 -0 -0 0.11534 0 0 0 0 0 0 0 0.11359 -0.020029 0 0 0
0 0 0 0.18276 0 0 0 0 0 0 0 0.17998 -0.031736 0 0 0
-0 -0 -0 0.11159 0 0 0 0 0 0 0 0.1099 -0.019378 0 0 0
-0 -0 -0 0.1412 0 0 0 0 0 0 0 0.13905 -0.024519 0 0 0
-0 -0 -0 0.11447 0 0 0 0 0 0 0 0.11273 -0.019877 0 0 0
0 0 0 0.057234 0 0 0 0 0 0 0 0.056365 -0.0099386 0 0 0
0 0 0 0.011865 0 0 0 0 0 0 0 0.011684 -0.0020603 0 0 0
-0 -0 -0 0.082844 0 0 0 0 0 0 0 0.081585 -0.014386 0 0 0
-0 -0 -0 0.060163 0 0 0 0 0 0 0 0.059249 -0.010447 0 0 0
0 0 0 0.043546 0 0 0 0 0 0 0 0.042885 -0.0075617 0 0 0
0 0 0 0.042678 0 0 0 0 0 0 0 0.04203 -0.007411 0 0 0
-0 -0 -0 0.09984 0 0 0 0 0 0 0 0.098323 -0.017337 0 0 0
0 0 0 0.027768 0 0 0 0 0 0 0 0.027346 -0.0048219 0 0 0
0 0 0 0.061324 0 0 0 0 0 0 0 0.060392 -0.010649 0 0 0
-0 -0 -0 0.18234 0 0 0 0 0 0 0 0.17957 -0.031664 0 0 0
-0 -0 -0 0.060561 0 0 0 0 0 0 0 0.059641 -0.010516 0 0 0
0 0 0 0.12099 0 0 0 0 0 0 0 0.11915 -0.02101 0 0 0
-0 -0 -0 0.0097542 0 0 0 0 0 0 0 0.009606 -0.0016938 0 0 0
-0 -0 -0 0.059214 0 0 0 0 0 0 0 0.058314 -0.010282 0 0 0
0 0 0 0.1739 0 0 0 0 0 0 0 0.17126 -0.030198 0 0 0
0 0 0 0.12089 0 0 0 0 0 0 0 0.11906 -0.020993 0 0 0
-0 -0 -0 0.099314 0 0 0 0 0 0 0 0.097805 -0.017246 0 0 0
-0 -0 -0 0.11638 0 0 0 0 0 0 0 0.11461 -0.020209 0 0 0
0 0 0 0.13846 0 0 0 0 0 0 0 0.13635 -0.024043 0 0 0
