0 0 0.039542 0 0 0 0 0 0 0 0 0 0 0 0 0.039542 -0.0039923 0.0018984 0 0 0
0 0 0.064656 0 0 0 0 0 0 0 0 0 0 0 0 0.064656 -0.0065656 0.0030216 0 0 0
0 0 0.03177 0 0 0 0 0 0 0 0 0 0 0 0 0.03177 -0.0032017 0.0015378 0 0 0
-0 -0 -0.15483 0 0 0 0 0 0 0 0 0 0 0 0 -0.15483 0.014823 -0.0089068 0 0 0
0 0 0.10274 0 0 0 0 0 0 0 0 0 0 0 0 0.10274 -0.01052 0.0046007 0 0 0
0 0 0.023084 0 0 0 0 0 0 0 0 0 0 0 0 0.023084 -0.0023215 0.0011275 0 0 0
-0 -0 -0.23179 0 0 0 0 0 0 0 0 0 0 0 0 -0.23179 0.021635 -0.01416 0 0 0
-0 -0 -0.055367 0 0 0 0 0 0 0 0 0 0 0 0 -0.055367 0.0054572 -0.0029201 0 0 0
-0 -0 -0.058404 0 0 0 0 0 0 0 0 0 0 0 0 -0.058404 0.0057519 -0.0030891 0 0 0
-0 -0 -0.17921 0 0 0 0 0 0 0 0 0 0 0 0 -0.17921 0.017024 -0.010514 0 0 0
-0 -0 -0.014355 0 0 0 0 0 0 0 0 0 0 0 0 -0.014355 0.0014303 -0.00072802 0 0 0
0 0 0.26639 0 0 0 0 0 0 0 0 0 0 0 0 0.26639 -0.028089 0.0096353 0 0 0
-0 -0 -0.051308 0 0 0 0 0 0 0 0 0 0 0 0 -0.051308 0.0050628 -0.0026959 0 0 0
-0 -0 -0.12335 0 0 0 0 0 0 0 0 0 0 0 0 -0.12335 0.011924 -0.0069117 0 0 0
0 0 0.17864 0 0 0 0 0 0 0 0 0 0 0 0 0.17864 -0.018565 0.0072932 0 0 0
-0 -0 -0.29191 0 0 0 0 0 0 0 0 0 0 0 0 -0.29191 0.026663 -0.01862 0 0 0
0 0 0.02651 0 0 0 0 0 0 0 0 0 0 0 0 0.02651 -0.0026682 0.0012902 0 0 0
0 0 0.043342 0 0 0 0 0 0 0 0 0 0 0 0 0.043342 -0.0043798 0.0020725 0 0 0
0 0 0.09427 0 0 0 0 0 0 0 0 0 0 0 0 0.09427 -0.0096351 0.0042625 0 0 0
0 0 0.27095 0 0 0 0 0 0 0 0 0 0 0 0 0.27095 -0.028589 0.0097341 0 0 0
-0 -0 -0.34506 0 0 0 0 0 0 0 0 0 0 0 0 -0.34506 0.030878 -0.022807 0 0 0
0 0 0.34223 0 0 0 0 0 0 0 0 0 0 0 0 0.34223 -0.036459 0.01098 0 0 0
-0 -0 -0.24965 0 0 0 0 0 0 0 0 0 0 0 0 -0.24965 0.023157 -0.015454 0 0 0
-0 -0 -0.24337 0 0 0 0 0 0 0 0 0 0 0 0 -0.24337 0.022624 -0.014995 0 0 0
-0 -0 -0.1242 0 0 0 0 0 0 0 0 0 0 0 0 -0.1242 0.012003 -0.0069644 0 0 0
0 0 0.18443 0 0 0 0 0 0 0 0 0 0 0 0 0.18443 -0.019187 0.0074735 0 0 0
-0 -0 -0.20067 0 0 0 0 0 0 0 0 0 0 0 0 -0.20067 0.01893 -0.011973 0 0 0
-0 -0 -0.17453 0 0 0 0 0 0 0 0 0 0 0 0 -0.17453 0.016605 -0.010201 0 0 0
-0 -0 -0.19138 0 0 0 0 0 0 0 0 0 0 0 0 -0.19138 0.018108 -0.011336 0 0 0
-0 -0 -0.050289 0 0 0 0 0 0 0 0 0 0 0 0 -0.050289 0.0049635 -0.0026398 0 0 0
0 0 0.064984 0 0 0 0 0 0 0 0 0 0 0 0 0.064984 -0.0065994 0.0030359 0 0 0
-0 -0 -0.094048 0 0 0 0 0 0 0 0 0 0 0 0 -0.094048 0.00917 -0.0051374 0 0 0
-0 -0 -0.18041 0 0 0 0 0 0 0 0 0 0 0 0 -0.18041 0.017132 -0.010595 0 0 0
0 0 0.013321 0 0 0 0 0 0 0 0 0 0 0 0 0.013321 -0.0013365 0.00065716 0 0 0
-0 -0 -0.27022 0 0 0 0 0 0 0 0 0 0 0 0 -0.27022 0.02488 -0.016976 0 0 0
-0 -0 -0.16871 0 0 0 0 0 0 0 0 0 0 0 0 -0.16871 0.016081 -0.0098151 0 0 0
-0 -0 -0.2083 0 0 0 0 0 0 0 0 0 0 0 0 -0.2083 0.019599 -0.012502 0 0 0
-0 -0 -0.18532 0 0 0 0 0 0 0 0 0 0 0 0 -0.18532 0.01757 -0.010925 0 0 0
0 0 0.20712 0 0 0 0 0 0 0 0 0 0 0 0 0.20712 -0.021632 0.0081447 0 0 0
-0 -0 -0.34549 0 0 0 0 0 0 0 0 0 0 0 0 -0.34549 0.030911 -0.022842 0 0 0
-0 -0 -0.048694 0 0 0 0 0 0 0 0 0 0 0 0 -0.048694 0.0048082 -0.0025523 0 0 0
-0 -0 -0.13027 0 0 0 0 0 0 0 0 0 0 0 0 -0.13027 0.012566 -0.0073421 0 0 0
-0 -0 -0.28435 0 0 0 0 0 0 0 0 0 0 0 0 -0.28435 0.026045 -0.018042 0 0 0
0 0 0.28455 0 0 0 0 0 0 0 0 0 0 0 0 0.28455 -0.030083 0.010015 0 0 0
0 0 0.31714 0 0 0 0 0 0 0 0 0 0 0 0 0.31714 -0.033678 0.010606 0 0 0
-0 -0 -0.13467 0 0 0 0 0 0 0 0 0 0 0 0 -0.13467 0.012973 -0.0076184 0 0 0
0 0 0.27898 0 0 0 0 0 0 0 0 0 0 0 0 0.27898 -0.029471 0.0099024 0 0 0
0 0 0.23564 0 0 0 0 0 0 0 0 0 0 0 0 0.23564 -0.024728 0.0089097 0 0 0
-0 -0 -0.28633 0 0 0 0 0 0 0 0 0 0 0 0 -0.28633 0.026208 -0.018193 0 0 0
-0 -0 -0.21011 0 0 0 0 0 0 0 0 0 0 0 0 -0.21011 0.019757 -0.012627 0 0 0
-0 -0 -0.090448 0 0 0 0 0 0 0 0 0 0 0 0 -0.090448 0.0088281 -0.004925 0 0 0
-0 -0 -0.17334 0 0 0 0 0 0 0 0 0 0 0 0 -0.17334 0.016498 -0.010122 0 0 0
-0 -0 -0.094832 0 0 0 0 0 0 0 0 0 0 0 0 -0.094832 0.0092443 -0.0051838 0 0 0
0 0 0.12676 0 0 0 0 0 0 0 0 0 0 0 0 0.12676 -0.013043 0.0055186 0 0 0
0 0 0.13163 0 0 0 0 0 0 0 0 0 0 0 0 0.13163 -0.013557 0.0056974 0 0 0
-0 -0 -0.16283 0 0 0 0 0 0 0 0 0 0 0 0 -0.16283 0.01555 -0.0094282 0 0 0
-0 -0 -0.13539 0 0 0 0 0 0 0 0 0 0 0 0 -0.13539 0.01304 -0.0076638 0 0 0
0 0 0.21282 0 0 0 0 0 0 0 0 0 0 0 0 0.21282 -0.022249 0.0083046 0 0 0
0 0 0.21869 0 0 0 0 0 0 0 0 0 0 0 0 0.21869 -0.022885 0.0084657 0 0 0
-0 -0 -0.047129 0 0 0 0 0 0 0 0 0 0 0 0 -0.047129 0.0046557 -0.0024666 0 0 0
-0 -0 -0.18893 0 0 0 0 0 0 0 0 0 0 0 0 -0.18893 0.017891 -0.01117 0 0 0
0 0 0.023376 0 0 0 0 0 0 0 0 0 0 0 0 0.023376 -0.002351 0.0011414 0 0 0
-0 -0 -0.30148 0 0 0 0 0 0 0 0 0 0 0 0 -0.30148 0.027438 -0.019357 0 0 0
0 0 0.29693 0 0 0 0 0 0 0 0 0 0 0 0 0.29693 -0.031446 0.010253 0 0 0
0 0 0.12224 0 0 0 0 0 0 0 0 0 0 0 0 0.12224 -0.012567 0.0053508 0 0 0
0 0 0.31017 0 0 0 0 0 0 0 0 0 0 0 0 0.31017 -0.032908 0.010489 0 0 0
0 0 0.098571 0 0 0 0 0 0 0 0 0 0 0 0 0.098571 -0.010084 0.0044351 0 0 0
-0 -0 -0.16976 0 0 0 0 0 0 0 0 0 0 0 0 -0.16976 0.016176 -0.0098845 0 0 0
0 0 0.23846 0 0 0 0 0 0 0 0 0 0 0 0 0.23846 -0.025036 0.0089807 0 0 0
-0 -0 -0.092964 0 0 0 0 0 0 0 0 0 0 0 0 -0.092964 0.0090671 -0.0050733 0 0 0
0 0 0.12585 0 0 0 0 0 0 0 0 0 0 0 0 0.12585 -0.012947 0.0054851 0 0 0
0 0 0.057023 0 0 0 0 0 0 0 0 0 0 0 0 0.057023 -0.0057805 0.0026871 0 0 0
-0 -0 -0.2116 0 0 0 0 0 0 0 0 0 0 0 0 -0.2116 0.019887 -0.012732 0 0 0
0 0 0.057639 0 0 0 0 0 0 0 0 0 0 0 0 0.057639 -0.0058437 0.0027143 0 0 0
-0 -0 -0.23306 0 0 0 0 0 0 0 0 0 0 0 0 -0.23306 0.021744 -0.014251 0 0 0
0 0 0.010498 0 0 0 0 0 0 0 0 0 0 0 0 0.010498 -0.0010525 0.00051936 0 0 0
0 0 0.087631 0 0 0 0 0 0 0 0 0 0 0 0 0.087631 -0.0089437 0.0039922 0 0 0
-0 -0 -0.080366 0 0 0 0 0 0 0 0 0 0 0 0 -0.080366 0.0078665 -0.0043367 0 0 0
0 0 0.11 0 0 0 0 0 0 0 0 0 0 0 0 0.11 -0.01128 0.0048846 0 0 0
0 0 0.27915 0 0 0 0 0 0 0 0 0 0 0 0 0.27915 -0.029489 0.0099059 0 0 0
-0 -0 -0.018366 0 0 0 0 0 0 0 0 0 0 0 0 -0.018366 0.0018281 -0.00093513 0 0 0
-0 -0 -0.29839 0 0 0 0 0 0 0 0 0 0 0 0 -0.29839 0.027189 -0.019118 0 0 0
-0 -0 -0.34079 0 0 0 0 0 0 0 0 0 0 0 0 -0.34079 0.030548 -0.022463 0 0 0
-0 -0 -0.2022 0 0 0 0 0 0 0 0 0 0 0 0 -0.2022 0.019064 -0.012079 0 0 0
-0 -0 -0.045143 0 0 0 0 0 0 0 0 0 0 0 0 -0.045143 0.0044619 -0.0023583 0 0 0
0 0 0.12437 0 0 0 0 0 0 0 0 0 0 0 0 0.12437 -0.012791 0.0054301 0 0 0
-0 -0 -0.043898 0 0 0 0 0 0 0 0 0 0 0 0 -0.043898 0.0043402 -0.0022905 0 0 0
-0 -0 -0.089821 0 0 0 0 0 0 0 0 0 0 0 0 -0.089821 0.0087684 -0.0048881 0 0 0
-0 -0 -0.26281 0 0 0 0 0 0 0 0 0 0 0 0 -0.26281 0.024263 -0.016423 0 0 0
0 0 0.26284 0 0 0 0 0 0 0 0 0 0 0 0 0.26284 -0.027699 0.0095567 0 0 0
-0 -0 -0.021698 0 0 0 0 0 0 0 0 0 0 0 0 -0.021698 0.0021579 -0.0011084 0 0 0
-0 -0 -0.16111 0 0 0 0 0 0 0 0 0 0 0 0 -0.16111 0.015394 -0.0093154 0 0 0
-0 -0 -0.18148 0 0 0 0 0 0 0 0 0 0 0 0 -0.18148 0.017227 -0.010666 0 0 0
-0 -0 -0.14897 0 0 0 0 0 0 0 0 0 0 0 0 -0.14897 0.014288 -0.0085285 0 0 0
0 0 0.1618 0 0 0 0 0 0 0 0 0 0 0 0 0.1618 -0.016763 0.0067487 0 0 0
0 0 0.32382 0 0 0 0 0 0 0 0 0 0 0 0 0.32382 -0.034418 0.010712 0 0 0
0 0 0.3077 0 0 0 0 0 0 0 0 0 0 0 0 0.3077 -0.032635 0.010447 0 0 0
-0 -0 -0.21367 0 0 0 0 0 0 0 0 0 0 0 0 -0.21367 0.020068 -0.012877 0 0 0
0 0 0.03641 0 0 0 0 0 0 0 0 0 0 0 0 0.03641 -0.0036734 0.0017538 0 0 0
0 0 0.028217 0 0 0 0 0 0 0 0 0 0 0 0 0.028217 -0.0028412 0.0013709 0 0 0
