-0 -0 -0.3414 0 0 0 0 0 0 0 0 0 0 0 0 -0.3414 0.04445 -0.042138 0 0 0
0 0 0.17565 0 0 0 0 0 0 0 0 0 0 0 0 0.17565 -0.027751 0.015167 0 0 0
0 0 0.11023 0 0 0 0 0 0 0 0 0 0 0 0 0.11023 -0.017107 0.01009 0 0 0
-0 -0 -0.20921 0 0 0 0 0 0 0 0 0 0 0 0 -0.20921 0.028973 -0.02404 0 0 0
-0 -0 -0.18442 0 0 0 0 0 0 0 0 0 0 0 0 -0.18442 0.025811 -0.020881 0 0 0
0 0 0.040893 0 0 0 0 0 0 0 0 0 0 0 0 0.040893 -0.0062159 0.0039628 0 0 0
0 0 0.046719 0 0 0 0 0 0 0 0 0 0 0 0 0.046719 -0.0071144 0.0045065 0 0 0
-0 -0 -0.090211 0 0 0 0 0 0 0 0 0 0 0 0 -0.090211 0.013107 -0.0096189 0 0 0
0 0 0.19249 0 0 0 0 0 0 0 0 0 0 0 0 0.19249 -0.030543 0.01636 0 0 0
0 0 0.3488 0 0 0 0 0 0 0 0 0 0 0 0 0.3488 -0.057287 0.025145 0 0 0
0 0 0.32836 0 0 0 0 0 0 0 0 0 0 0 0 0.32836 -0.053716 0.024235 0 0 0
-0 -0 -0.053377 0 0 0 0 0 0 0 0 0 0 0 0 -0.053377 0.0078604 -0.0055488 0 0 0
-0 -0 -0.29986 0 0 0 0 0 0 0 0 0 0 0 0 -0.29986 0.039845 -0.036232 0 0 0
-0 -0 -0.080815 0 0 0 0 0 0 0 0 0 0 0 0 -0.080815 0.011783 -0.0085623 0 0 0
0 0 0.16254 0 0 0 0 0 0 0 0 0 0 0 0 0.16254 -0.025592 0.014205 0 0 0
-0 -0 -0.12123 0 0 0 0 0 0 0 0 0 0 0 0 -0.12123 0.017406 -0.013195 0 0 0
-0 -0 -0.17166 0 0 0 0 0 0 0 0 0 0 0 0 -0.17166 0.024153 -0.019287 0 0 0
0 0 0.1982 0 0 0 0 0 0 0 0 0 0 0 0 0.1982 -0.031493 0.016754 0 0 0
-0 -0 -0.19212 0 0 0 0 0 0 0 0 0 0 0 0 -0.19212 0.026801 -0.021853 0 0 0
0 0 0.10612 0 0 0 0 0 0 0 0 0 0 0 0 0.10612 -0.016451 0.0097482 0 0 0
0 0 0.2615 0 0 0 0 0 0 0 0 0 0 0 0 0.2615 -0.042179 0.020753 0 0 0
-0 -0 -0.17941 0 0 0 0 0 0 0 0 0 0 0 0 -0.17941 0.025163 -0.020253 0 0 0
-0 -0 -0.21778 0 0 0 0 0 0 0 0 0 0 0 0 -0.21778 0.030048 -0.02515 0 0 0
0 0 0.14758 0 0 0 0 0 0 0 0 0 0 0 0 0.14758 -0.023143 0.013074 0 0 0
-0 -0 -0.31319 0 0 0 0 0 0 0 0 0 0 0 0 -0.31319 0.04135 -0.038106 0 0 0
0 0 0.054279 0 0 0 0 0 0 0 0 0 0 0 0 0.054279 -0.0082852 0.0052043 0 0 0
-0 -0 -0.15908 0 0 0 0 0 0 0 0 0 0 0 0 -0.15908 0.022498 -0.017735 0 0 0
0 0 0.149 0 0 0 0 0 0 0 0 0 0 0 0 0.149 -0.023376 0.013183 0 0 0
-0 -0 -0.23831 0 0 0 0 0 0 0 0 0 0 0 0 -0.23831 0.032582 -0.027845 0 0 0
-0 -0 -0.34109 0 0 0 0 0 0 0 0 0 0 0 0 -0.34109 0.044416 -0.042092 0 0 0
0 0 0.0039994 0 0 0 0 0 0 0 0 0 0 0 0 0.0039994 -0.00060071 0.00039874 0 0 0
0 0 0.048465 0 0 0 0 0 0 0 0 0 0 0 0 0.048465 -0.0073844 0.0046685 0 0 0
0 0 0.269 0 0 0 0 0 0 0 0 0 0 0 0 0.269 -0.043461 0.021182 0 0 0
0 0 0.23928 0 0 0 0 0 0 0 0 0 0 0 0 0.23928 -0.0384 0.019427 0 0 0
-0 -0 -0.024922 0 0 0 0 0 0 0 0 0 0 0 0 -0.024922 0.0037068 -0.0025385 0 0 0
0 0 0.020475 0 0 0 0 0 0 0 0 0 0 0 0 0.020475 -0.0030919 0.0020159 0 0 0
-0 -0 -0.2849 0 0 0 0 0 0 0 0 0 0 0 0 -0.2849 0.038129 -0.034153 0 0 0
0 0 0.20389 0 0 0 0 0 0 0 0 0 0 0 0 0.20389 -0.032444 0.017141 0 0 0
0 0 0.30593 0 0 0 0 0 0 0 0 0 0 0 0 0.30593 -0.049821 0.023153 0 0 0
-0 -0 -0.23798 0 0 0 0 0 0 0 0 0 0 0 0 -0.23798 0.032543 -0.027802 0 0 0
-0 -0 -0.092546 0 0 0 0 0 0 0 0 0 0 0 0 -0.092546 0.013434 -0.0098833 0 0 0
-0 -0 -0.10689 0 0 0 0 0 0 0 0 0 0 0 0 -0.10689 0.015432 -0.011524 0 0 0
0 0 0.10694 0 0 0 0 0 0 0 0 0 0 0 0 0.10694 -0.016582 0.0098168 0 0 0
0 0 0.022698 0 0 0 0 0 0 0 0 0 0 0 0 0.022698 -0.0034302 0.002231 0 0 0
0 0 0.14701 0 0 0 0 0 0 0 0 0 0 0 0 0.14701 -0.023051 0.01303 0 0 0
0 0 0.2573 0 0 0 0 0 0 0 0 0 0 0 0 0.2573 -0.041463 0.020509 0 0 0
0 0 0.17956 0 0 0 0 0 0 0 0 0 0 0 0 0.17956 -0.028397 0.015448 0 0 0
-0 -0 -0.063981 0 0 0 0 0 0 0 0 0 0 0 0 -0.063981 0.009386 -0.0067007 0 0 0
0 0 0.095288 0 0 0 0 0 0 0 0 0 0 0 0 0.095288 -0.014725 0.0088339 0 0 0
-0 -0 -0.21477 0 0 0 0 0 0 0 0 0 0 0 0 -0.21477 0.029671 -0.024758 0 0 0
0 0 0.18581 0 0 0 0 0 0 0 0 0 0 0 0 0.18581 -0.029432 0.015892 0 0 0
-0 -0 -0.02125 0 0 0 0 0 0 0 0 0 0 0 0 -0.02125 0.0031646 -0.0021587 0 0 0
-0 -0 -0.30481 0 0 0 0 0 0 0 0 0 0 0 0 -0.30481 0.040407 -0.036926 0 0 0
0 0 0.17782 0 0 0 0 0 0 0 0 0 0 0 0 0.17782 -0.02811 0.015324 0 0 0
-0 -0 -0.13164 0 0 0 0 0 0 0 0 0 0 0 0 -0.13164 0.018823 -0.014423 0 0 0
-0 -0 -0.21144 0 0 0 0 0 0 0 0 0 0 0 0 -0.21144 0.029253 -0.024327 0 0 0
0 0 0.34807 0 0 0 0 0 0 0 0 0 0 0 0 0.34807 -0.057159 0.025113 0 0 0
-0 -0 -0.13751 0 0 0 0 0 0 0 0 0 0 0 0 -0.13751 0.019618 -0.015124 0 0 0
0 0 0.32785 0 0 0 0 0 0 0 0 0 0 0 0 0.32785 -0.053628 0.024211 0 0 0
-0 -0 -0.26429 0 0 0 0 0 0 0 0 0 0 0 0 -0.26429 0.035712 -0.031331 0 0 0
-0 -0 -0.091354 0 0 0 0 0 0 0 0 0 0 0 0 -0.091354 0.013267 -0.0097482 0 0 0
-0 -0 -0.27713 0 0 0 0 0 0 0 0 0 0 0 0 -0.27713 0.037224 -0.033083 0 0 0
-0 -0 -0.34216 0 0 0 0 0 0 0 0 0 0 0 0 -0.34216 0.044531 -0.042247 0 0 0
0 0 0.23882 0 0 0 0 0 0 0 0 0 0 0 0 0.23882 -0.038322 0.019399 0 0 0
0 0 0.27369 0 0 0 0 0 0 0 0 0 0 0 0 0.27369 -0.044265 0.021446 0 0 0
-0 -0 -0.020674 0 0 0 0 0 0 0 0 0 0 0 0 -0.020674 0.0030795 -0.0020993 0 0 0
-0 -0 -0.039827 0 0 0 0 0 0 0 0 0 0 0 0 -0.039827 0.0058931 -0.0041006 0 0 0
-0 -0 -0.13513 0 0 0 0 0 0 0 0 0 0 0 0 -0.13513 0.019296 -0.014839 0 0 0
-0 -0 -0.081274 0 0 0 0 0 0 0 0 0 0 0 0 -0.081274 0.011848 -0.0086136 0 0 0
-0 -0 -0.24138 0 0 0 0 0 0 0 0 0 0 0 0 -0.24138 0.032957 -0.028253 0 0 0
-0 -0 -0.11508 0 0 0 0 0 0 0 0 0 0 0 0 -0.11508 0.016562 -0.012474 0 0 0
-0 -0 -0.28042 0 0 0 0 0 0 0 0 0 0 0 0 -0.28042 0.037608 -0.033535 0 0 0
-0 -0 -0.018917 0 0 0 0 0 0 0 0 0 0 0 0 -0.018917 0.0028195 -0.0019184 0 0 0
-0 -0 -0.12648 0 0 0 0 0 0 0 0 0 0 0 0 -0.12648 0.018123 -0.013813 0 0 0
-0 -0 -0.1865 0 0 0 0 0 0 0 0 0 0 0 0 -0.1865 0.026079 -0.021143 0 0 0
0 0 0.077025 0 0 0 0 0 0 0 0 0 0 0 0 0.077025 -0.011839 0.0072501 0 0 0
-0 -0 -0.070435 0 0 0 0 0 0 0 0 0 0 0 0 -0.070435 0.010309 -0.0074096 0 0 0
-0 -0 -0.23277 0 0 0 0 0 0 0 0 0 0 0 0 -0.23277 0.031904 -0.027113 0 0 0
0 0 0.24198 0 0 0 0 0 0 0 0 0 0 0 0 0.24198 -0.038858 0.019593 0 0 0
0 0 0.046905 0 0 0 0 0 0 0 0 0 0 0 0 0.046905 -0.0071431 0.0045238 0 0 0
-0 -0 -0.33368 0 0 0 0 0 0 0 0 0 0 0 0 -0.33368 0.043613 -0.041026 0 0 0
0 0 0.29056 0 0 0 0 0 0 0 0 0 0 0 0 0.29056 -0.047166 0.022362 0 0 0
0 0 0.19975 0 0 0 0 0 0 0 0 0 0 0 0 0.19975 -0.031753 0.01686 0 0 0
0 0 0.055651 0 0 0 0 0 0 0 0 0 0 0 0 0.055651 -0.0084982 0.00533 0 0 0
0 0 0.21647 0 0 0 0 0 0 0 0 0 0 0 0 0.21647 -0.034552 0.017978 0 0 0
-0 -0 -0.33669 0 0 0 0 0 0 0 0 0 0 0 0 -0.33669 0.04394 -0.041458 0 0 0
0 0 0.15921 0 0 0 0 0 0 0 0 0 0 0 0 0.15921 -0.025046 0.013957 0 0 0
-0 -0 -0.21874 0 0 0 0 0 0 0 0 0 0 0 0 -0.21874 0.030167 -0.025274 0 0 0
0 0 0.32747 0 0 0 0 0 0 0 0 0 0 0 0 0.32747 -0.053561 0.024194 0 0 0
-0 -0 -0.099284 0 0 0 0 0 0 0 0 0 0 0 0 -0.099284 0.014376 -0.010651 0 0 0
-0 -0 -0.13272 0 0 0 0 0 0 0 0 0 0 0 0 -0.13272 0.018971 -0.014553 0 0 0
-0 -0 -0.29487 0 0 0 0 0 0 0 0 0 0 0 0 -0.29487 0.039277 -0.035536 0 0 0
-0 -0 -0.099977 0 0 0 0 0 0 0 0 0 0 0 0 -0.099977 0.014472 -0.01073 0 0 0
-0 -0 -0.31031 0 0 0 0 0 0 0 0 0 0 0 0 -0.31031 0.041027 -0.0377 0 0 0
-0 -0 -0.2163 0 0 0 0 0 0 0 0 0 0 0 0 -0.2163 0.029863 -0.024958 0 0 0
-0 -0 -0.23195 0 0 0 0 0 0 0 0 0 0 0 0 -0.23195 0.031803 -0.027004 0 0 0
-0 -0 -0.20101 0 0 0 0 0 0 0 0 0 0 0 0 -0.20101 0.027935 -0.022986 0 0 0
0 0 0.24038 0 0 0 0 0 0 0 0 0 0 0 0 0.24038 -0.038586 0.019494 0 0 0
0 0 0.039768 0 0 0 0 0 0 0 0 0 0 0 0 0.039768 -0.0060427 0.0038571 0 0 0
0 0 0.14009 0 0 0 0 0 0 0 0 0 0 0 0 0.14009 -0.021925 0.012494 0 0 0
