-0 -0 -0.15851 0 0 0 0 0 0 0 0 0 0 0 0 -0.15851 0.015327 -0.0039756 0 0 0
0 0 0.0256 0 0 0 0 0 0 0 0 0 0 0 0 0.0256 -0.0025265 0.00041222 0 0 0
0 0 0.13793 0 0 0 0 0 0 0 0 0 0 0 0 0.13793 -0.013705 0.0014522 0 0 0
0 0 0.17735 0 0 0 0 0 0 0 0 0 0 0 0 0.17735 -0.017646 0.0015188 0 0 0
-0 -0 -0.029938 0 0 0 0 0 0 0 0 0 0 0 0 -0.029938 0.0029401 -0.00056392 0 0 0
-0 -0 -0.07147 0 0 0 0 0 0 0 0 0 0 0 0 -0.07147 0.0069881 -0.0014914 0 0 0
-0 -0 -0.24463 0 0 0 0 0 0 0 0 0 0 0 0 -0.24463 0.023334 -0.0071376 0 0 0
0 0 0.15657 0 0 0 0 0 0 0 0 0 0 0 0 0.15657 -0.015568 0.0015031 0 0 0
-0 -0 -0.33122 0 0 0 0 0 0 0 0 0 0 0 0 -0.33122 0.031082 -0.011 0 0 0
-0 -0 -0.090272 0 0 0 0 0 0 0 0 0 0 0 0 -0.090272 0.0088073 -0.0019664 0 0 0
-0 -0 -0.067142 0 0 0 0 0 0 0 0 0 0 0 0 -0.067142 0.0065681 -0.0013869 0 0 0
0 0 0.23119 0 0 0 0 0 0 0 0 0 0 0 0 0.23119 -0.023027 0.0013588 0 0 0
0 0 0.13677 0 0 0 0 0 0 0 0 0 0 0 0 0.13677 -0.013589 0.0014479 0 0 0
-0 -0 -0.21113 0 0 0 0 0 0 0 0 0 0 0 0 -0.21113 0.020253 -0.0058259 0 0 0
-0 -0 -0.16471 0 0 0 0 0 0 0 0 0 0 0 0 -0.16471 0.015913 -0.0041801 0 0 0
-0 -0 -0.16897 0 0 0 0 0 0 0 0 0 0 0 0 -0.16897 0.016314 -0.0043227 0 0 0
-0 -0 -0.13441 0 0 0 0 0 0 0 0 0 0 0 0 -0.13441 0.01304 -0.0032151 0 0 0
0 0 0.061478 0 0 0 0 0 0 0 0 0 0 0 0 0.061478 -0.0060834 0.00088083 0 0 0
0 0 0.21892 0 0 0 0 0 0 0 0 0 0 0 0 0.21892 -0.021802 0.0014207 0 0 0
0 0 0.21313 0 0 0 0 0 0 0 0 0 0 0 0 0.21313 -0.021223 0.0014448 0 0 0
-0 -0 -0.16978 0 0 0 0 0 0 0 0 0 0 0 0 -0.16978 0.01639 -0.0043501 0 0 0
-0 -0 -0.066853 0 0 0 0 0 0 0 0 0 0 0 0 -0.066853 0.00654 -0.00138 0 0 0
-0 -0 -0.2163 0 0 0 0 0 0 0 0 0 0 0 0 -0.2163 0.020731 -0.0060217 0 0 0
0 0 0.13521 0 0 0 0 0 0 0 0 0 0 0 0 0.13521 -0.013434 0.0014419 0 0 0
0 0 0.019729 0 0 0 0 0 0 0 0 0 0 0 0 0.019729 -0.0019462 0.0003234 0 0 0
0 0 0.24866 0 0 0 0 0 0 0 0 0 0 0 0 0.24866 -0.024771 0.0012446 0 0 0
-0 -0 -0.30858 0 0 0 0 0 0 0 0 0 0 0 0 -0.30858 0.029089 -0.0099253 0 0 0
0 0 0.018094 0 0 0 0 0 0 0 0 0 0 0 0 0.018094 -0.0017846 0.00029806 0 0 0
0 0 0.26663 0 0 0 0 0 0 0 0 0 0 0 0 0.26663 -0.026562 0.0010954 0 0 0
-0 -0 -0.20466 0 0 0 0 0 0 0 0 0 0 0 0 -0.20466 0.019653 -0.0055845 0 0 0
0 0 0.033165 0 0 0 0 0 0 0 0 0 0 0 0 0.033165 -0.003275 0.00052164 0 0 0
0 0 0.079668 0 0 0 0 0 0 0 0 0 0 0 0 0.079668 -0.0078925 0.0010696 0 0 0
0 0 0.25996 0 0 0 0 0 0 0 0 0 0 0 0 0.25996 -0.025897 0.0011545 0 0 0
0 0 0.31195 0 0 0 0 0 0 0 0 0 0 0 0 0.31195 -0.031064 0.00057647 0 0 0
-0 -0 -0.23662 0 0 0 0 0 0 0 0 0 0 0 0 -0.23662 0.022602 -0.0068148 0 0 0
0 0 0.28471 0 0 0 0 0 0 0 0 0 0 0 0 0.28471 -0.02836 0.00091289 0 0 0
0 0 0.087561 0 0 0 0 0 0 0 0 0 0 0 0 0.087561 -0.0086786 0.0011413 0 0 0
-0 -0 -0.34634 0 0 0 0 0 0 0 0 0 0 0 0 -0.34634 0.032399 -0.011742 0 0 0
-0 -0 -0.29022 0 0 0 0 0 0 0 0 0 0 0 0 -0.29022 0.027455 -0.0090876 0 0 0
-0 -0 -0.19858 0 0 0 0 0 0 0 0 0 0 0 0 -0.19858 0.019087 -0.005361 0 0 0
-0 -0 -0.09211 0 0 0 0 0 0 0 0 0 0 0 0 -0.09211 0.0089846 -0.0020147 0 0 0
0 0 0.069565 0 0 0 0 0 0 0 0 0 0 0 0 0.069565 -0.0068873 0.00096882 0 0 0
-0 -0 -0.1097 0 0 0 0 0 0 0 0 0 0 0 0 -0.1097 0.010677 -0.0024931 0 0 0
0 0 0.068576 0 0 0 0 0 0 0 0 0 0 0 0 0.068576 -0.0067889 0.0009584 0 0 0
0 0 0.33376 0 0 0 0 0 0 0 0 0 0 0 0 0.33376 -0.03322 0.00025422 0 0 0
0 0 0.042604 0 0 0 0 0 0 0 0 0 0 0 0 0.042604 -0.0042101 0.00065022 0 0 0
-0 -0 -0.1103 0 0 0 0 0 0 0 0 0 0 0 0 -0.1103 0.010735 -0.0025099 0 0 0
0 0 0.23365 0 0 0 0 0 0 0 0 0 0 0 0 0.23365 -0.023273 0.0013445 0 0 0
0 0 0.010388 0 0 0 0 0 0 0 0 0 0 0 0 0.010388 -0.0010239 0.00017506 0 0 0
0 0 0.18168 0 0 0 0 0 0 0 0 0 0 0 0 0.18168 -0.018079 0.0015167 0 0 0
0 0 0.33616 0 0 0 0 0 0 0 0 0 0 0 0 0.33616 -0.033457 0.00021588 0 0 0
-0 -0 -0.12979 0 0 0 0 0 0 0 0 0 0 0 0 -0.12979 0.012599 -0.0030756 0 0 0
-0 -0 -0.021587 0 0 0 0 0 0 0 0 0 0 0 0 -0.021587 0.0021217 -0.00039776 0 0 0
-0 -0 -0.10441 0 0 0 0 0 0 0 0 0 0 0 0 -0.10441 0.010169 -0.0023461 0 0 0
0 0 0.33483 0 0 0 0 0 0 0 0 0 0 0 0 0.33483 -0.033326 0.00023724 0 0 0
0 0 0.062976 0 0 0 0 0 0 0 0 0 0 0 0 0.062976 -0.0062323 0.00089762 0 0 0
-0 -0 -0.19252 0 0 0 0 0 0 0 0 0 0 0 0 -0.19252 0.018522 -0.0051421 0 0 0
-0 -0 -0.07616 0 0 0 0 0 0 0 0 0 0 0 0 -0.07616 0.0074427 -0.0016067 0 0 0
0 0 0.25731 0 0 0 0 0 0 0 0 0 0 0 0 0.25731 -0.025633 0.0011768 0 0 0
-0 -0 -0.010367 0 0 0 0 0 0 0 0 0 0 0 0 -0.010367 0.00102 -0.00018532 0 0 0
-0 -0 -0.24358 0 0 0 0 0 0 0 0 0 0 0 0 -0.24358 0.023239 -0.0070952 0 0 0
-0 -0 -0.33033 0 0 0 0 0 0 0 0 0 0 0 0 -0.33033 0.031004 -0.010957 0 0 0
0 0 0.0052092 0 0 0 0 0 0 0 0 0 0 0 0 0.0052092 -0.00051324 8.912e-05 0 0 0
-0 -0 -0.24952 0 0 0 0 0 0 0 0 0 0 0 0 -0.24952 0.023781 -0.0073379 0 0 0
0 0 0.30906 0 0 0 0 0 0 0 0 0 0 0 0 0.30906 -0.030776 0.00061578 0 0 0
0 0 0.037146 0 0 0 0 0 0 0 0 0 0 0 0 0.037146 -0.0036693 0.00057694 0 0 0
-0 -0 -0.34528 0 0 0 0 0 0 0 0 0 0 0 0 -0.34528 0.032307 -0.01169 0 0 0
0 0 0.32842 0 0 0 0 0 0 0 0 0 0 0 0 0.32842 -0.032693 0.00033746 0 0 0
0 0 0.058278 0 0 0 0 0 0 0 0 0 0 0 0 0.058278 -0.0057655 0.00084422 0 0 0
0 0 0.17935 0 0 0 0 0 0 0 0 0 0 0 0 0.17935 -0.017847 0.0015181 0 0 0
0 0 0.11822 0 0 0 0 0 0 0 0 0 0 0 0 0.11822 -0.011737 0.0013607 0 0 0
-0 -0 -0.28496 0 0 0 0 0 0 0 0 0 0 0 0 -0.28496 0.026985 -0.0088531 0 0 0
-0 -0 -0.29694 0 0 0 0 0 0 0 0 0 0 0 0 -0.29694 0.028055 -0.0093908 0 0 0
-0 -0 -0.025481 0 0 0 0 0 0 0 0 0 0 0 0 -0.025481 0.0025034 -0.00047439 0 0 0
-0 -0 -0.24599 0 0 0 0 0 0 0 0 0 0 0 0 -0.24599 0.023459 -0.007193 0 0 0
0 0 0.34787 0 0 0 0 0 0 0 0 0 0 0 0 0.34787 -0.034612 2.0722e-05 0 0 0
-0 -0 -0.19773 0 0 0 0 0 0 0 0 0 0 0 0 -0.19773 0.019008 -0.0053303 0 0 0
-0 -0 -0.16317 0 0 0 0 0 0 0 0 0 0 0 0 -0.16317 0.015768 -0.0041291 0 0 0
0 0 0.11999 0 0 0 0 0 0 0 0 0 0 0 0 0.11999 -0.011913 0.0013705 0 0 0
-0 -0 -0.25791 0 0 0 0 0 0 0 0 0 0 0 0 -0.25791 0.024544 -0.0076864 0 0 0
0 0 0.12682 0 0 0 0 0 0 0 0 0 0 0 0 0.12682 -0.012596 0.0014054 0 0 0
0 0 0.3174 0 0 0 0 0 0 0 0 0 0 0 0 0.3174 -0.031603 0.00050041 0 0 0
-0 -0 -0.23355 0 0 0 0 0 0 0 0 0 0 0 0 -0.23355 0.02232 -0.0066925 0 0 0
0 0 0.34371 0 0 0 0 0 0 0 0 0 0 0 0 0.34371 -0.034202 9.1519e-05 0 0 0
0 0 0.22753 0 0 0 0 0 0 0 0 0 0 0 0 0.22753 -0.022662 0.0013788 0 0 0
0 0 0.21689 0 0 0 0 0 0 0 0 0 0 0 0 0.21689 -0.0216 0.0014295 0 0 0
-0 -0 -0.22741 0 0 0 0 0 0 0 0 0 0 0 0 -0.22741 0.021756 -0.0064505 0 0 0
-0 -0 -0.1317 0 0 0 0 0 0 0 0 0 0 0 0 -0.1317 0.012782 -0.003133 0 0 0
0 0 0.33482 0 0 0 0 0 0 0 0 0 0 0 0 0.33482 -0.033325 0.00023736 0 0 0
0 0 0.16225 0 0 0 0 0 0 0 0 0 0 0 0 0.16225 -0.016137 0.0015117 0 0 0
-0 -0 -0.01105 0 0 0 0 0 0 0 0 0 0 0 0 -0.01105 0.0010871 -0.00019788 0 0 0
-0 -0 -0.31027 0 0 0 0 0 0 0 0 0 0 0 0 -0.31027 0.029239 -0.010004 0 0 0
-0 -0 -0.24426 0 0 0 0 0 0 0 0 0 0 0 0 -0.24426 0.023301 -0.0071229 0 0 0
-0 -0 -0.26992 0 0 0 0 0 0 0 0 0 0 0 0 -0.26992 0.025632 -0.0081962 0 0 0
-0 -0 -0.20523 0 0 0 0 0 0 0 0 0 0 0 0 -0.20523 0.019705 -0.0056054 0 0 0
0 0 0.27579 0 0 0 0 0 0 0 0 0 0 0 0 0.27579 -0.027473 0.001007 0 0 0
-0 -0 -0.2125 0 0 0 0 0 0 0 0 0 0 0 0 -0.2125 0.02038 -0.0058776 0 0 0
0 0 0.28273 0 0 0 0 0 0 0 0 0 0 0 0 0.28273 -0.028163 0.00093449 0 0 0
-0 -0 -0.13955 0 0 0 0 0 0 0 0 0 0 0 0 -0.13955 0.01353 -0.0033729 0 0 0
-0 -0 -0.00368 0 0 0 0 0 0 0 0 0 0 0 0 -0.00368 0.00036229 -6.4569e-05 0 0 0
