-0 -0 -0.19532 0 0 0 0 0 0 0 0 0 0 0 0 -0.19532 0.0067597 -0.040812 0 0 0
-0 -0 -0.13356 0 0 0 0 0 0 0 0 0 0 0 0 -0.13356 0.0054863 -0.027774 0 0 0
0 0 0.061977 0 0 0 0 0 0 0 0 0 0 0 0 0.061977 -0.003794 0.012586 0 0 0
0 0 0.1015 0 0 0 0 0 0 0 0 0 0 0 0 0.1015 -0.0066178 0.02048 0 0 0
-0 -0 -0.34037 0 0 0 0 0 0 0 0 0 0 0 0 -0.34037 0.0065738 -0.071554 0 0 0
-0 -0 -0.24208 0 0 0 0 0 0 0 0 0 0 0 0 -0.24208 0.007187 -0.050722 0 0 0
-0 -0 -0.16498 0 0 0 0 0 0 0 0 0 0 0 0 -0.16498 0.0062346 -0.034396 0 0 0
-0 -0 -0.15101 0 0 0 0 0 0 0 0 0 0 0 0 -0.15101 0.0059276 -0.03145 0 0 0
-0 -0 -0.057141 0 0 0 0 0 0 0 0 0 0 0 0 -0.057141 0.0028011 -0.011792 0 0 0
0 0 0.2289 0 0 0 0 0 0 0 0 0 0 0 0 0.2289 -0.017803 0.045062 0 0 0
-0 -0 -0.095423 0 0 0 0 0 0 0 0 0 0 0 0 -0.095423 0.004299 -0.019773 0 0 0
-0 -0 -0.21144 0 0 0 0 0 0 0 0 0 0 0 0 -0.21144 0.0069593 -0.044225 0 0 0
-0 -0 -0.21703 0 0 0 0 0 0 0 0 0 0 0 0 -0.21703 0.0070157 -0.04541 0 0 0
-0 -0 -0.015545 0 0 0 0 0 0 0 0 0 0 0 0 -0.015545 0.00082871 -0.0031918 0 0 0
0 0 0.33424 0 0 0 0 0 0 0 0 0 0 0 0 0.33424 -0.02935 0.06418 0 0 0
0 0 0.2496 0 0 0 0 0 0 0 0 0 0 0 0 0.2496 -0.019912 0.048914 0 0 0
-0 -0 -0.08337 0 0 0 0 0 0 0 0 0 0 0 0 -0.08337 0.0038603 -0.017254 0 0 0
-0 -0 -0.2667 0 0 0 0 0 0 0 0 0 0 0 0 -0.2667 0.0072257 -0.055944 0 0 0
0 0 0.087892 0 0 0 0 0 0 0 0 0 0 0 0 0.087892 -0.0056104 0.017774 0 0 0
-0 -0 -0.12441 0 0 0 0 0 0 0 0 0 0 0 0 -0.12441 0.0052292 -0.02585 0 0 0
-0 -0 -0.26721 0 0 0 0 0 0 0 0 0 0 0 0 -0.26721 0.0072251 -0.056052 0 0 0
0 0 0.24405 0 0 0 0 0 0 0 0 0 0 0 0 0.24405 -0.019339 0.047885 0 0 0
0 0 0.28654 0 0 0 0 0 0 0 0 0 0 0 0 0.28654 -0.023873 0.055675 0 0 0
0 0 0.15348 0 0 0 0 0 0 0 0 0 0 0 0 0.15348 -0.010803 0.030681 0 0 0
0 0 0.30039 0 0 0 0 0 0 0 0 0 0 0 0 0.30039 -0.025421 0.05817 0 0 0
-0 -0 -0.15318 0 0 0 0 0 0 0 0 0 0 0 0 -0.15318 0.005978 -0.031907 0 0 0
0 0 0.34375 0 0 0 0 0 0 0 0 0 0 0 0 0.34375 -0.030491 0.065845 0 0 0
0 0 0.036126 0 0 0 0 0 0 0 0 0 0 0 0 0.036126 -0.0021167 0.0073649 0 0 0
0 0 0.15591 0 0 0 0 0 0 0 0 0 0 0 0 0.15591 -0.011011 0.031152 0 0 0
0 0 0.32425 0 0 0 0 0 0 0 0 0 0 0 0 0.32425 -0.02817 0.062421 0 0 0
0 0 0.011786 0 0 0 0 0 0 0 0 0 0 0 0 0.011786 -0.00066132 0.0024112 0 0 0
0 0 0.12606 0 0 0 0 0 0 0 0 0 0 0 0 0.12606 -0.0085289 0.025326 0 0 0
-0 -0 -0.11134 0 0 0 0 0 0 0 0 0 0 0 0 -0.11134 0.0048316 -0.023106 0 0 0
-0 -0 -0.17494 0 0 0 0 0 0 0 0 0 0 0 0 -0.17494 0.0064285 -0.036501 0 0 0
0 0 0.33581 0 0 0 0 0 0 0 0 0 0 0 0 0.33581 -0.029537 0.064455 0 0 0
-0 -0 -0.22256 0 0 0 0 0 0 0 0 0 0 0 0 -0.22256 0.0070649 -0.046581 0 0 0
0 0 0.24918 0 0 0 0 0 0 0 0 0 0 0 0 0.24918 -0.019868 0.048836 0 0 0
-0 -0 -0.061784 0 0 0 0 0 0 0 0 0 0 0 0 -0.061784 0.0029991 -0.012757 0 0 0
0 0 0.17497 0 0 0 0 0 0 0 0 0 0 0 0 0.17497 -0.012686 0.034832 0 0 0
0 0 0.049349 0 0 0 0 0 0 0 0 0 0 0 0 0.049349 -0.0029578 0.010041 0 0 0
0 0 0.29385 0 0 0 0 0 0 0 0 0 0 0 0 0.29385 -0.024685 0.056995 0 0 0
0 0 0.16327 0 0 0 0 0 0 0 0 0 0 0 0 0.16327 -0.01165 0.032577 0 0 0
0 0 0.28356 0 0 0 0 0 0 0 0 0 0 0 0 0.28356 -0.023543 0.055134 0 0 0
0 0 0.18366 0 0 0 0 0 0 0 0 0 0 0 0 0.18366 -0.013473 0.036498 0 0 0
-0 -0 -0.1924 0 0 0 0 0 0 0 0 0 0 0 0 -0.1924 0.0067175 -0.040193 0 0 0
0 0 0.053096 0 0 0 0 0 0 0 0 0 0 0 0 0.053096 -0.0032026 0.010797 0 0 0
-0 -0 -0.29204 0 0 0 0 0 0 0 0 0 0 0 0 -0.29204 0.0071312 -0.061318 0 0 0
0 0 0.31828 0 0 0 0 0 0 0 0 0 0 0 0 0.31828 -0.027472 0.061364 0 0 0
0 0 0.14803 0 0 0 0 0 0 0 0 0 0 0 0 0.14803 -0.010338 0.02962 0 0 0
0 0 0.087107 0 0 0 0 0 0 0 0 0 0 0 0 0.087107 -0.0055533 0.017618 0 0 0
0 0 0.32349 0 0 0 0 0 0 0 0 0 0 0 0 0.32349 -0.028081 0.062287 0 0 0
-0 -0 -0.18306 0 0 0 0 0 0 0 0 0 0 0 0 -0.18306 0.0065709 -0.038217 0 0 0
0 0 0.25866 0 0 0 0 0 0 0 0 0 0 0 0 0.25866 -0.02086 0.050585 0 0 0
0 0 0.1719 0 0 0 0 0 0 0 0 0 0 0 0 0.1719 -0.012412 0.034241 0 0 0
0 0 0.10284 0 0 0 0 0 0 0 0 0 0 0 0 0.10284 -0.0067189 0.020745 0 0 0
0 0 0.33085 0 0 0 0 0 0 0 0 0 0 0 0 0.33085 -0.028948 0.063585 0 0 0
-0 -0 -0.15506 0 0 0 0 0 0 0 0 0 0 0 0 -0.15506 0.0060209 -0.032304 0 0 0
-0 -0 -0.20837 0 0 0 0 0 0 0 0 0 0 0 0 -0.20837 0.0069255 -0.043575 0 0 0
-0 -0 -0.066397 0 0 0 0 0 0 0 0 0 0 0 0 -0.066397 0.0031913 -0.013716 0 0 0
-0 -0 -0.081412 0 0 0 0 0 0 0 0 0 0 0 0 -0.081412 0.0037862 -0.016845 0 0 0
-0 -0 -0.24799 0 0 0 0 0 0 0 0 0 0 0 0 -0.24799 0.007208 -0.051974 0 0 0
0 0 0.23346 0 0 0 0 0 0 0 0 0 0 0 0 0.23346 -0.01826 0.045914 0 0 0
-0 -0 -0.27316 0 0 0 0 0 0 0 0 0 0 0 0 -0.27316 0.0072145 -0.057313 0 0 0
-0 -0 -0.23063 0 0 0 0 0 0 0 0 0 0 0 0 -0.23063 0.0071252 -0.048293 0 0 0
0 0 0.038996 0 0 0 0 0 0 0 0 0 0 0 0 0.038996 -0.0022963 0.0079466 0 0 0
-0 -0 -0.12181 0 0 0 0 0 0 0 0 0 0 0 0 -0.12181 0.0051529 -0.025304 0 0 0
0 0 0.1706 0 0 0 0 0 0 0 0 0 0 0 0 0.1706 -0.012296 0.03399 0 0 0
-0 -0 -0.20617 0 0 0 0 0 0 0 0 0 0 0 0 -0.20617 0.0069001 -0.043109 0 0 0
0 0 0.28755 0 0 0 0 0 0 0 0 0 0 0 0 0.28755 -0.023983 0.055856 0 0 0
-0 -0 -0.082487 0 0 0 0 0 0 0 0 0 0 0 0 -0.082487 0.003827 -0.017069 0 0 0
0 0 0.064278 0 0 0 0 0 0 0 0 0 0 0 0 0.064278 -0.0039498 0.013048 0 0 0
-0 -0 -0.25632 0 0 0 0 0 0 0 0 0 0 0 0 -0.25632 0.007225 -0.053741 0 0 0
0 0 0.081526 0 0 0 0 0 0 0 0 0 0 0 0 0.081526 -0.0051517 0.016504 0 0 0
0 0 0.014615 0 0 0 0 0 0 0 0 0 0 0 0 0.014615 -0.00082427 0.0029887 0 0 0
0 0 0.027078 0 0 0 0 0 0 0 0 0 0 0 0 0.027078 -0.0015616 0.0055276 0 0 0
0 0 0.30692 0 0 0 0 0 0 0 0 0 0 0 0 0.30692 -0.026164 0.059341 0 0 0
0 0 0.06945 0 0 0 0 0 0 0 0 0 0 0 0 0.06945 -0.004304 0.014087 0 0 0
0 0 0.13407 0 0 0 0 0 0 0 0 0 0 0 0 0.13407 -0.009178 0.026897 0 0 0
0 0 0.24344 0 0 0 0 0 0 0 0 0 0 0 0 0.24344 -0.019276 0.047772 0 0 0
0 0 0.33793 0 0 0 0 0 0 0 0 0 0 0 0 0.33793 -0.029792 0.064828 0 0 0
0 0 0.18654 0 0 0 0 0 0 0 0 0 0 0 0 0.18654 -0.013737 0.037049 0 0 0
0 0 0.29279 0 0 0 0 0 0 0 0 0 0 0 0 0.29279 -0.024567 0.056803 0 0 0
-0 -0 -0.1159 0 0 0 0 0 0 0 0 0 0 0 0 -0.1159 0.0049745 -0.024064 0 0 0
0 0 0.29891 0 0 0 0 0 0 0 0 0 0 0 0 0.29891 -0.025253 0.057905 0 0 0
-0 -0 -0.32131 0 0 0 0 0 0 0 0 0 0 0 0 -0.32131 0.0068528 -0.06752 0 0 0
0 0 0.15904 0 0 0 0 0 0 0 0 0 0 0 0 0.15904 -0.011281 0.031758 0 0 0
-0 -0 -0.061303 0 0 0 0 0 0 0 0 0 0 0 0 -0.061303 0.0029787 -0.012656 0 0 0
0 0 0.27815 0 0 0 0 0 0 0 0 0 0 0 0 0.27815 -0.022951 0.054152 0 0 0
0 0 0.027967 0 0 0 0 0 0 0 0 0 0 0 0 0.027967 -0.0016154 0.0057083 0 0 0
-0 -0 -0.054548 0 0 0 0 0 0 0 0 0 0 0 0 -0.054548 0.0026886 -0.011253 0 0 0
-0 -0 -0.28646 0 0 0 0 0 0 0 0 0 0 0 0 -0.28646 0.0071637 -0.060134 0 0 0
0 0 0.16273 0 0 0 0 0 0 0 0 0 0 0 0 0.16273 -0.011602 0.032471 0 0 0
-0 -0 -0.10429 0 0 0 0 0 0 0 0 0 0 0 0 -0.10429 0.0046023 -0.021629 0 0 0
-0 -0 -0.33316 0 0 0 0 0 0 0 0 0 0 0 0 -0.33316 0.0066883 -0.070029 0 0 0
0 0 0.19739 0 0 0 0 0 0 0 0 0 0 0 0 0.19739 -0.014746 0.039118 0 0 0
0 0 0.25865 0 0 0 0 0 0 0 0 0 0 0 0 0.25865 -0.020859 0.050584 0 0 0
-0 -0 -0.092665 0 0 0 0 0 0 0 0 0 0 0 0 -0.092665 0.0042013 -0.019196 0 0 0
0 0 0.20518 0 0 0 0 0 0 0 0 0 0 0 0 0.20518 -0.015484 0.040595 0 0 0
-0 -0 -0.19924 0 0 0 0 0 0 0 0 0 0 0 0 -0.19924 0.0068133 -0.041642 0 0 0
-0 -0 -0.10622 0 0 0 0 0 0 0 0 0 0 0 0 -0.10622 0.0046661 -0.022034 0 0 0
