-0 -0 -0.054624 0 0 0 0 0 0 0 0 0 0 0 0 -0.054624 -0.00022373 -0.0081895 0 0 0
-0 -0 -0.26865 0 0 0 0 0 0 0 0 0 0 0 0 -0.26865 -0.0053805 -0.039814 0 0 0
0 0 0.29522 0 0 0 0 0 0 0 0 0 0 0 0 0.29522 -0.0064894 0.043643 0 0 0
-0 -0 -0.33467 0 0 0 0 0 0 0 0 0 0 0 0 -0.33467 -0.0083222 -0.049269 0 0 0
0 0 0.31541 0 0 0 0 0 0 0 0 0 0 0 0 0.31541 -0.0073998 0.046532 0 0 0
0 0 0.20787 0 0 0 0 0 0 0 0 0 0 0 0 0.20787 -0.0032291 0.030957 0 0 0
0 0 0.097543 0 0 0 0 0 0 0 0 0 0 0 0 0.097543 -0.00071302 0.014608 0 0 0
-0 -0 -0.056726 0 0 0 0 0 0 0 0 0 0 0 0 -0.056726 -0.00024128 -0.0085044 0 0 0
-0 -0 -0.22488 0 0 0 0 0 0 0 0 0 0 0 0 -0.22488 -0.0037767 -0.033448 0 0 0
-0 -0 -0.15242 0 0 0 0 0 0 0 0 0 0 0 0 -0.15242 -0.0017391 -0.022775 0 0 0
0 0 0.22244 0 0 0 0 0 0 0 0 0 0 0 0 0.22244 -0.0036958 0.033092 0 0 0
-0 -0 -0.23098 0 0 0 0 0 0 0 0 0 0 0 0 -0.23098 -0.0039838 -0.03434 0 0 0
-0 -0 -0.30002 0 0 0 0 0 0 0 0 0 0 0 0 -0.30002 -0.0067002 -0.04433 0 0 0
-0 -0 -0.27868 0 0 0 0 0 0 0 0 0 0 0 0 -0.27868 -0.0057872 -0.041263 0 0 0
-0 -0 -0.20898 0 0 0 0 0 0 0 0 0 0 0 0 -0.20898 -0.0032634 -0.031119 0 0 0
0 0 0.11365 0 0 0 0 0 0 0 0 0 0 0 0 0.11365 -0.00096763 0.01701 0 0 0
-0 -0 -0.035272 0 0 0 0 0 0 0 0 0 0 0 0 -0.035272 -9.3298e-05 -0.0052897 0 0 0
0 0 0.095186 0 0 0 0 0 0 0 0 0 0 0 0 0.095186 -0.00067902 0.014256 0 0 0
0 0 0.24975 0 0 0 0 0 0 0 0 0 0 0 0 0.24975 -0.0046537 0.037074 0 0 0
-0 -0 -0.071652 0 0 0 0 0 0 0 0 0 0 0 0 -0.071652 -0.00038489 -0.010739 0 0 0
0 0 0.21799 0 0 0 0 0 0 0 0 0 0 0 0 0.21799 -0.0035498 0.03244 0 0 0
0 0 0.1193 0 0 0 0 0 0 0 0 0 0 0 0 0.1193 -0.0010662 0.017853 0 0 0
-0 -0 -0.12229 0 0 0 0 0 0 0 0 0 0 0 0 -0.12229 -0.0011202 -0.018298 0 0 0
-0 -0 -0.3303 0 0 0 0 0 0 0 0 0 0 0 0 -0.3303 -0.0081085 -0.04865 0 0 0
0 0 0.17822 0 0 0 0 0 0 0 0 0 0 0 0 0.17822 -0.002376 0.026592 0 0 0
-0 -0 -0.10929 0 0 0 0 0 0 0 0 0 0 0 0 -0.10929 -0.00089487 -0.01636 0 0 0
-0 -0 -0.11236 0 0 0 0 0 0 0 0 0 0 0 0 -0.11236 -0.00094578 -0.016818 0 0 0
-0 -0 -0.27281 0 0 0 0 0 0 0 0 0 0 0 0 -0.27281 -0.0055474 -0.040416 0 0 0
-0 -0 -0.24136 0 0 0 0 0 0 0 0 0 0 0 0 -0.24136 -0.004348 -0.035854 0 0 0
0 0 0.16192 0 0 0 0 0 0 0 0 0 0 0 0 0.16192 -0.001962 0.024181 0 0 0
-0 -0 -0.31031 0 0 0 0 0 0 0 0 0 0 0 0 -0.31031 -0.0071641 -0.045803 0 0 0
-0 -0 -0.31064 0 0 0 0 0 0 0 0 0 0 0 0 -0.31064 -0.0071793 -0.04585 0 0 0
-0 -0 -0.17083 0 0 0 0 0 0 0 0 0 0 0 0 -0.17083 -0.0021833 -0.025499 0 0 0
-0 -0 -0.13517 0 0 0 0 0 0 0 0 0 0 0 0 -0.13517 -0.0013683 -0.020214 0 0 0
0 0 0.12715 0 0 0 0 0 0 0 0 0 0 0 0 0.12715 -0.0012108 0.019021 0 0 0
0 0 0.23651 0 0 0 0 0 0 0 0 0 0 0 0 0.23651 -0.0041759 0.035147 0 0 0
-0 -0 -0.16618 0 0 0 0 0 0 0 0 0 0 0 0 -0.16618 -0.0020663 -0.024812 0 0 0
0 0 0.25888 0 0 0 0 0 0 0 0 0 0 0 0 0.25888 -0.0049983 0.038399 0 0 0
-0 -0 -0.25296 0 0 0 0 0 0 0 0 0 0 0 0 -0.25296 -0.0047737 -0.037541 0 0 0
0 0 0.15543 0 0 0 0 0 0 0 0 0 0 0 0 0.15543 -0.0018081 0.02322 0 0 0
0 0 0.13005 0 0 0 0 0 0 0 0 0 0 0 0 0.13005 -0.0012667 0.019453 0 0 0
0 0 0.28744 0 0 0 0 0 0 0 0 0 0 0 0 0.28744 -0.0061541 0.042525 0 0 0
-0 -0 -0.2031 0 0 0 0 0 0 0 0 0 0 0 0 -0.2031 -0.0030833 -0.030257 0 0 0
-0 -0 -0.16947 0 0 0 0 0 0 0 0 0 0 0 0 -0.16947 -0.0021488 -0.025298 0 0 0
-0 -0 -0.29061 0 0 0 0 0 0 0 0 0 0 0 0 -0.29061 -0.0062894 -0.04298 0 0 0
-0 -0 -0.22087 0 0 0 0 0 0 0 0 0 0 0 0 -0.22087 -0.0036439 -0.032862 0 0 0
0 0 0.12847 0 0 0 0 0 0 0 0 0 0 0 0 0.12847 -0.0012361 0.019217 0 0 0
-0 -0 -0.056016 0 0 0 0 0 0 0 0 0 0 0 0 -0.056016 -0.00023528 -0.0083981 0 0 0
-0 -0 -0.009219 0 0 0 0 0 0 0 0 0 0 0 0 -0.009219 -6.3742e-06 -0.0013828 0 0 0
-0 -0 -0.062889 0 0 0 0 0 0 0 0 0 0 0 0 -0.062889 -0.00029653 -0.0094271 0 0 0
-0 -0 -0.22671 0 0 0 0 0 0 0 0 0 0 0 0 -0.22671 -0.0038384 -0.033716 0 0 0
-0 -0 -0.26508 0 0 0 0 0 0 0 0 0 0 0 0 -0.26508 -0.0052393 -0.039298 0 0 0
-0 -0 -0.2956 0 0 0 0 0 0 0 0 0 0 0 0 -0.2956 -0.0065058 -0.043697 0 0 0
-0 -0 -0.08934 0 0 0 0 0 0 0 0 0 0 0 0 -0.08934 -0.00059822 -0.013383 0 0 0
-0 -0 -0.1932 0 0 0 0 0 0 0 0 0 0 0 0 -0.1932 -0.0027906 -0.028799 0 0 0
-0 -0 -0.16111 0 0 0 0 0 0 0 0 0 0 0 0 -0.16111 -0.0019426 -0.024062 0 0 0
0 0 0.11983 0 0 0 0 0 0 0 0 0 0 0 0 0.11983 -0.0010757 0.017932 0 0 0
0 0 0.16141 0 0 0 0 0 0 0 0 0 0 0 0 0.16141 -0.0019498 0.024107 0 0 0
-0 -0 -0.27376 0 0 0 0 0 0 0 0 0 0 0 0 -0.27376 -0.0055857 -0.040553 0 0 0
-0 -0 -0.23329 0 0 0 0 0 0 0 0 0 0 0 0 -0.23329 -0.0040633 -0.034677 0 0 0
0 0 0.33721 0 0 0 0 0 0 0 0 0 0 0 0 0.33721 -0.0084478 0.049628 0 0 0
-0 -0 -0.078597 0 0 0 0 0 0 0 0 0 0 0 0 -0.078597 -0.00046307 -0.011777 0 0 0
-0 -0 -0.13133 0 0 0 0 0 0 0 0 0 0 0 0 -0.13133 -0.0012918 -0.019644 0 0 0
0 0 0.25431 0 0 0 0 0 0 0 0 0 0 0 0 0.25431 -0.0048243 0.037736 0 0 0
0 0 0.34027 0 0 0 0 0 0 0 0 0 0 0 0 0.34027 -0.0086004 0.050062 0 0 0
-0 -0 -0.23956 0 0 0 0 0 0 0 0 0 0 0 0 -0.23956 -0.0042836 -0.035591 0 0 0
-0 -0 -0.15083 0 0 0 0 0 0 0 0 0 0 0 0 -0.15083 -0.0017029 -0.022538 0 0 0
-0 -0 -0.18108 0 0 0 0 0 0 0 0 0 0 0 0 -0.18108 -0.0024526 -0.027014 0 0 0
0 0 0.10825 0 0 0 0 0 0 0 0 0 0 0 0 0.10825 -0.00087802 0.016206 0 0 0
0 0 0.11895 0 0 0 0 0 0 0 0 0 0 0 0 0.11895 -0.00106 0.017801 0 0 0
-0 -0 -0.26605 0 0 0 0 0 0 0 0 0 0 0 0 -0.26605 -0.0052774 -0.039438 0 0 0
0 0 0.19875 0 0 0 0 0 0 0 0 0 0 0 0 0.19875 -0.0029529 0.029617 0 0 0
0 0 0.3202 0 0 0 0 0 0 0 0 0 0 0 0 0.3202 -0.0076241 0.047213 0 0 0
-0 -0 -0.18455 0 0 0 0 0 0 0 0 0 0 0 0 -0.18455 -0.0025473 -0.027526 0 0 0
0 0 0.17413 0 0 0 0 0 0 0 0 0 0 0 0 0.17413 -0.0022685 0.025988 0 0 0
0 0 0.11601 0 0 0 0 0 0 0 0 0 0 0 0 0.11601 -0.0010083 0.017363 0 0 0
-0 -0 -0.29977 0 0 0 0 0 0 0 0 0 0 0 0 -0.29977 -0.0066895 -0.044295 0 0 0
-0 -0 -0.15914 0 0 0 0 0 0 0 0 0 0 0 0 -0.15914 -0.0018954 -0.02377 0 0 0
0 0 0.16999 0 0 0 0 0 0 0 0 0 0 0 0 0.16999 -0.0021619 0.025375 0 0 0
0 0 0.21241 0 0 0 0 0 0 0 0 0 0 0 0 0.21241 -0.0033712 0.031623 0 0 0
0 0 0.32267 0 0 0 0 0 0 0 0 0 0 0 0 0.32267 -0.0077413 0.047565 0 0 0
-0 -0 -0.084572 0 0 0 0 0 0 0 0 0 0 0 0 -0.084572 -0.00053611 -0.012671 0 0 0
-0 -0 -0.34081 0 0 0 0 0 0 0 0 0 0 0 0 -0.34081 -0.0086276 -0.050138 0 0 0
0 0 0.27794 0 0 0 0 0 0 0 0 0 0 0 0 0.27794 -0.0057565 0.041156 0 0 0
-0 -0 -0.17729 0 0 0 0 0 0 0 0 0 0 0 0 -0.17729 -0.0023512 -0.026454 0 0 0
0 0 0.071592 0 0 0 0 0 0 0 0 0 0 0 0 0.071592 -0.00038424 0.01073 0 0 0
-0 -0 -0.2705 0 0 0 0 0 0 0 0 0 0 0 0 -0.2705 -0.0054543 -0.040082 0 0 0
-0 -0 -0.2309 0 0 0 0 0 0 0 0 0 0 0 0 -0.2309 -0.0039808 -0.034328 0 0 0
0 0 0.24202 0 0 0 0 0 0 0 0 0 0 0 0 0.24202 -0.0043717 0.03595 0 0 0
-0 -0 -0.3176 0 0 0 0 0 0 0 0 0 0 0 0 -0.3176 -0.007502 -0.046844 0 0 0
-0 -0 -0.10251 0 0 0 0 0 0 0 0 0 0 0 0 -0.10251 -0.00078751 -0.01535 0 0 0
-0 -0 -0.0061954 0 0 0 0 0 0 0 0 0 0 0 0 -0.0061954 -2.8787e-06 -0.00092931 0 0 0
-0 -0 -0.23204 0 0 0 0 0 0 0 0 0 0 0 0 -0.23204 -0.00402 -0.034494 0 0 0
0 0 0.26519 0 0 0 0 0 0 0 0 0 0 0 0 0.26519 -0.0052434 0.039313 0 0 0
0 0 0.22082 0 0 0 0 0 0 0 0 0 0 0 0 0.22082 -0.0036421 0.032854 0 0 0
0 0 0.022116 0 0 0 0 0 0 0 0 0 0 0 0 0.022116 -3.6683e-05 0.0033171 0 0 0
0 0 0.11915 0 0 0 0 0 0 0 0 0 0 0 0 0.11915 -0.0010635 0.01783 0 0 0
0 0 0.059832 0 0 0 0 0 0 0 0 0 0 0 0 0.059832 -0.00026841 0.0089695 0 0 0
0 0 0.32844 0 0 0 0 0 0 0 0 0 0 0 0 0.32844 -0.0080182 0.048386 0 0 0
0 0 0.14553 0 0 0 0 0 0 0 0 0 0 0 0 0.14553 -0.0015856 0.021752 0 0 0
