0 0 0.1031 0 0 0 0 0 0 0 0 0 0 0 0 0.1031 -0.013768 0.0070291 0 0 0
0 0 0.33009 0 0 0 0 0 0 0 0 0 0 0 0 0.33009 -0.046154 0.017296 0 0 0
0 0 0.02277 0 0 0 0 0 0 0 0 0 0 0 0 0.02277 -0.0029772 0.001674 0 0 0
-0 -0 -0.13524 0 0 0 0 0 0 0 0 0 0 0 0 -0.13524 0.01683 -0.011298 0 0 0
-0 -0 -0.042197 0 0 0 0 0 0 0 0 0 0 0 0 -0.042197 0.0054131 -0.0032795 0 0 0
0 0 0.033834 0 0 0 0 0 0 0 0 0 0 0 0 0.033834 -0.0044373 0.0024627 0 0 0
-0 -0 -0.16181 0 0 0 0 0 0 0 0 0 0 0 0 -0.16181 0.019948 -0.01378 0 0 0
0 0 0.12497 0 0 0 0 0 0 0 0 0 0 0 0 0.12497 -0.016776 0.0083351 0 0 0
0 0 0.23335 0 0 0 0 0 0 0 0 0 0 0 0 0.23335 -0.032071 0.013822 0 0 0
-0 -0 -0.22734 0 0 0 0 0 0 0 0 0 0 0 0 -0.22734 0.027349 -0.020247 0 0 0
0 0 0.092512 0 0 0 0 0 0 0 0 0 0 0 0 0.092512 -0.012321 0.006373 0 0 0
-0 -0 -0.053817 0 0 0 0 0 0 0 0 0 0 0 0 -0.053817 0.006879 -0.0042224 0 0 0
0 0 0.17624 0 0 0 0 0 0 0 0 0 0 0 0 0.17624 -0.023938 0.011137 0 0 0
-0 -0 -0.18695 0 0 0 0 0 0 0 0 0 0 0 0 -0.18695 0.022838 -0.016203 0 0 0
-0 -0 -0.0061905 0 0 0 0 0 0 0 0 0 0 0 0 -0.0061905 0.00080273 -0.00046678 0 0 0
0 0 0.044672 0 0 0 0 0 0 0 0 0 0 0 0 0.044672 -0.005876 0.0032197 0 0 0
0 0 0.34089 0 0 0 0 0 0 0 0 0 0 0 0 0.34089 -0.047745 0.017599 0 0 0
-0 -0 -0.1297 0 0 0 0 0 0 0 0 0 0 0 0 -0.1297 0.016172 -0.010792 0 0 0
-0 -0 -0.28187 0 0 0 0 0 0 0 0 0 0 0 0 -0.28187 0.033173 -0.025988 0 0 0
-0 -0 -0.10848 0 0 0 0 0 0 0 0 0 0 0 0 -0.10848 0.013623 -0.0088836 0 0 0
-0 -0 -0.044802 0 0 0 0 0 0 0 0 0 0 0 0 -0.044802 0.0057428 -0.0034894 0 0 0
0 0 0.1626 0 0 0 0 0 0 0 0 0 0 0 0 0.1626 -0.022019 0.010428 0 0 0
0 0 0.1154 0 0 0 0 0 0 0 0 0 0 0 0 0.1154 -0.015457 0.0077719 0 0 0
-0 -0 -0.3013 0 0 0 0 0 0 0 0 0 0 0 0 -0.3013 0.035172 -0.028109 0 0 0
-0 -0 -0.31285 0 0 0 0 0 0 0 0 0 0 0 0 -0.31285 0.03634 -0.029388 0 0 0
-0 -0 -0.13821 0 0 0 0 0 0 0 0 0 0 0 0 -0.13821 0.017181 -0.011571 0 0 0
0 0 0.060781 0 0 0 0 0 0 0 0 0 0 0 0 0.060781 -0.0080293 0.0043159 0 0 0
-0 -0 -0.27629 0 0 0 0 0 0 0 0 0 0 0 0 -0.27629 0.032592 -0.025386 0 0 0
0 0 0.20389 0 0 0 0 0 0 0 0 0 0 0 0 0.20389 -0.027856 0.012495 0 0 0
0 0 0.11048 0 0 0 0 0 0 0 0 0 0 0 0 0.11048 -0.014779 0.0074769 0 0 0
0 0 0.14758 0 0 0 0 0 0 0 0 0 0 0 0 0.14758 -0.019917 0.0096164 0 0 0
-0 -0 -0.0043239 0 0 0 0 0 0 0 0 0 0 0 0 -0.0043239 0.00056099 -0.00032551 0 0 0
-0 -0 -0.21493 0 0 0 0 0 0 0 0 0 0 0 0 -0.21493 0.02598 -0.018984 0 0 0
0 0 0.23193 0 0 0 0 0 0 0 0 0 0 0 0 0.23193 -0.031867 0.013761 0 0 0
0 0 0.047549 0 0 0 0 0 0 0 0 0 0 0 0 0.047549 -0.0062593 0.003418 0 0 0
-0 -0 -0.058185 0 0 0 0 0 0 0 0 0 0 0 0 -0.058185 0.0074273 -0.0045813 0 0 0
-0 -0 -0.13291 0 0 0 0 0 0 0 0 0 0 0 0 -0.13291 0.016553 -0.011084 0 0 0
-0 -0 -0.15514 0 0 0 0 0 0 0 0 0 0 0 0 -0.15514 0.019171 -0.013149 0 0 0
-0 -0 -0.20306 0 0 0 0 0 0 0 0 0 0 0 0 -0.20306 0.024656 -0.017794 0 0 0
0 0 0.17227 0 0 0 0 0 0 0 0 0 0 0 0 0.17227 -0.023378 0.010933 0 0 0
0 0 0.29447 0 0 0 0 0 0 0 0 0 0 0 0 0.29447 -0.040931 0.016176 0 0 0
0 0 0.041201 0 0 0 0 0 0 0 0 0 0 0 0 0.041201 -0.0054144 0.002979 0 0 0
0 0 0.088434 0 0 0 0 0 0 0 0 0 0 0 0 0.088434 -0.011766 0.0061163 0 0 0
-0 -0 -0.25413 0 0 0 0 0 0 0 0 0 0 0 0 -0.25413 0.03025 -0.023028 0 0 0
0 0 0.34357 0 0 0 0 0 0 0 0 0 0 0 0 0.34357 -0.048142 0.017672 0 0 0
0 0 0.3479 0 0 0 0 0 0 0 0 0 0 0 0 0.3479 -0.048781 0.017787 0 0 0
-0 -0 -0.19066 0 0 0 0 0 0 0 0 0 0 0 0 -0.19066 0.023258 -0.016567 0 0 0
-0 -0 -0.098652 0 0 0 0 0 0 0 0 0 0 0 0 -0.098652 0.01243 -0.0080185 0 0 0
-0 -0 -0.098809 0 0 0 0 0 0 0 0 0 0 0 0 -0.098809 0.012449 -0.0080323 0 0 0
0 0 0.33107 0 0 0 0 0 0 0 0 0 0 0 0 0.33107 -0.046298 0.017325 0 0 0
0 0 0.20404 0 0 0 0 0 0 0 0 0 0 0 0 0.20404 -0.027878 0.012503 0 0 0
-0 -0 -0.24181 0 0 0 0 0 0 0 0 0 0 0 0 -0.24181 0.028925 -0.021739 0 0 0
0 0 0.25255 0 0 0 0 0 0 0 0 0 0 0 0 0.25255 -0.034839 0.01462 0 0 0
0 0 0.097037 0 0 0 0 0 0 0 0 0 0 0 0 0.097037 -0.012939 0.0066553 0 0 0
-0 -0 -0.17672 0 0 0 0 0 0 0 0 0 0 0 0 -0.17672 0.02167 -0.015209 0 0 0
0 0 0.097993 0 0 0 0 0 0 0 0 0 0 0 0 0.097993 -0.013069 0.0067145 0 0 0
-0 -0 -0.29579 0 0 0 0 0 0 0 0 0 0 0 0 -0.29579 0.034609 -0.027503 0 0 0
-0 -0 -0.050419 0 0 0 0 0 0 0 0 0 0 0 0 -0.050419 0.0064516 -0.0039449 0 0 0
-0 -0 -0.18728 0 0 0 0 0 0 0 0 0 0 0 0 -0.18728 0.022875 -0.016236 0 0 0
-0 -0 -0.28504 0 0 0 0 0 0 0 0 0 0 0 0 -0.28504 0.033502 -0.026331 0 0 0
-0 -0 -0.23071 0 0 0 0 0 0 0 0 0 0 0 0 -0.23071 0.027718 -0.020592 0 0 0
-0 -0 -0.33731 0 0 0 0 0 0 0 0 0 0 0 0 -0.33731 0.038765 -0.032141 0 0 0
-0 -0 -0.11688 0 0 0 0 0 0 0 0 0 0 0 0 -0.11688 0.014637 -0.0096327 0 0 0
-0 -0 -0.27251 0 0 0 0 0 0 0 0 0 0 0 0 -0.27251 0.032196 -0.02498 0 0 0
0 0 0.046206 0 0 0 0 0 0 0 0 0 0 0 0 0.046206 -0.0060803 0.0033256 0 0 0
0 0 0.27934 0 0 0 0 0 0 0 0 0 0 0 0 0.27934 -0.038725 0.015644 0 0 0
0 0 0.069321 0 0 0 0 0 0 0 0 0 0 0 0 0.069321 -0.0091779 0.0048829 0 0 0
0 0 0.066641 0 0 0 0 0 0 0 0 0 0 0 0 0.066641 -0.008817 0.004706 0 0 0
-0 -0 -0.22688 0 0 0 0 0 0 0 0 0 0 0 0 -0.22688 0.027299 -0.0202 0 0 0
-0 -0 -0.064127 0 0 0 0 0 0 0 0 0 0 0 0 -0.064127 0.0081705 -0.0050733 0 0 0
0 0 0.082368 0 0 0 0 0 0 0 0 0 0 0 0 0.082368 -0.010942 0.0057302 0 0 0
-0 -0 -0.13456 0 0 0 0 0 0 0 0 0 0 0 0 -0.13456 0.016749 -0.011236 0 0 0
0 0 0.26812 0 0 0 0 0 0 0 0 0 0 0 0 0.26812 -0.037094 0.015228 0 0 0
-0 -0 -0.21863 0 0 0 0 0 0 0 0 0 0 0 0 -0.21863 0.02639 -0.01936 0 0 0
0 0 0.038423 0 0 0 0 0 0 0 0 0 0 0 0 0.038423 -0.0050454 0.0027851 0 0 0
-0 -0 -0.12855 0 0 0 0 0 0 0 0 0 0 0 0 -0.12855 0.016034 -0.010687 0 0 0
-0 -0 -0.075964 0 0 0 0 0 0 0 0 0 0 0 0 -0.075964 0.0096422 -0.0060664 0 0 0
0 0 0.079227 0 0 0 0 0 0 0 0 0 0 0 0 0.079227 -0.010516 0.0055283 0 0 0
0 0 0.16485 0 0 0 0 0 0 0 0 0 0 0 0 0.16485 -0.022334 0.010547 0 0 0
-0 -0 -0.21023 0 0 0 0 0 0 0 0 0 0 0 0 -0.21023 0.025458 -0.018511 0 0 0
0 0 0.20159 0 0 0 0 0 0 0 0 0 0 0 0 0.20159 -0.02753 0.012387 0 0 0
0 0 0.20364 0 0 0 0 0 0 0 0 0 0 0 0 0.20364 -0.027821 0.012483 0 0 0
-0 -0 -0.10318 0 0 0 0 0 0 0 0 0 0 0 0 -0.10318 0.012981 -0.008416 0 0 0
-0 -0 -0.26711 0 0 0 0 0 0 0 0 0 0 0 0 -0.26711 0.031627 -0.024402 0 0 0
0 0 0.29191 0 0 0 0 0 0 0 0 0 0 0 0 0.29191 -0.040556 0.016088 0 0 0
-0 -0 -0.023004 0 0 0 0 0 0 0 0 0 0 0 0 -0.023004 0.0029682 -0.0017595 0 0 0
0 0 0.0033854 0 0 0 0 0 0 0 0 0 0 0 0 0.0033854 -0.00044021 0.00025316 0 0 0
0 0 0.33908 0 0 0 0 0 0 0 0 0 0 0 0 0.33908 -0.04748 0.01755 0 0 0
0 0 0.097486 0 0 0 0 0 0 0 0 0 0 0 0 0.097486 -0.013 0.0066831 0 0 0
0 0 0.082274 0 0 0 0 0 0 0 0 0 0 0 0 0.082274 -0.010929 0.0057242 0 0 0
-0 -0 -0.23496 0 0 0 0 0 0 0 0 0 0 0 0 -0.23496 0.028182 -0.02103 0 0 0
0 0 0.25849 0 0 0 0 0 0 0 0 0 0 0 0 0.25849 -0.035698 0.014856 0 0 0
0 0 0.1687 0 0 0 0 0 0 0 0 0 0 0 0 0.1687 -0.022876 0.010749 0 0 0
0 0 0.20543 0 0 0 0 0 0 0 0 0 0 0 0 0.20543 -0.028076 0.012568 0 0 0
-0 -0 -0.089382 0 0 0 0 0 0 0 0 0 0 0 0 -0.089382 0.011296 -0.0072133 0 0 0
-0 -0 -0.29397 0 0 0 0 0 0 0 0 0 0 0 0 -0.29397 0.034423 -0.027305 0 0 0
-0 -0 -0.016677 0 0 0 0 0 0 0 0 0 0 0 0 -0.016677 0.0021559 -0.0012688 0 0 0
0 0 0.10542 0 0 0 0 0 0 0 0 0 0 0 0 0.10542 -0.014086 0.0071707 0 0 0
-0 -0 -0.31292 0 0 0 0 0 0 0 0 0 0 0 0 -0.31292 0.036348 -0.029396 0 0 0
0 0 0.2897 0 0 0 0 0 0 0 0 0 0 0 0 0.2897 -0.040234 0.016012 0 0 0
