0 0 0.033215 0 0 0 0 0 0 0 0 0 0 0 0 0.033215 -5.5157e-05 0.0033209 0 0 0
0 0 0.11469 0 0 0 0 0 0 0 0 0 0 0 0 0.11469 -0.00065698 0.011444 0 0 0
0 0 0.18433 0 0 0 0 0 0 0 0 0 0 0 0 0.18433 -0.001694 0.018329 0 0 0
-0 -0 -0.10062 0 0 0 0 0 0 0 0 0 0 0 0 -0.10062 -0.00050581 -0.010045 0 0 0
-0 -0 -0.012782 0 0 0 0 0 0 0 0 0 0 0 0 -0.012782 -8.1687e-06 -0.0012782 0 0 0
0 0 0.089341 0 0 0 0 0 0 0 0 0 0 0 0 0.089341 -0.00039882 0.0089222 0 0 0
-0 -0 -0.32087 0 0 0 0 0 0 0 0 0 0 0 0 -0.32087 -0.0051039 -0.031539 0 0 0
0 0 0.2227 0 0 0 0 0 0 0 0 0 0 0 0 0.2227 -0.0024696 0.022087 0 0 0
0 0 0.053452 0 0 0 0 0 0 0 0 0 0 0 0 0.053452 -0.00014282 0.0053426 0 0 0
0 0 0.18523 0 0 0 0 0 0 0 0 0 0 0 0 0.18523 -0.0017105 0.018417 0 0 0
-0 -0 -0.31992 0 0 0 0 0 0 0 0 0 0 0 0 -0.31992 -0.0050739 -0.031449 0 0 0
-0 -0 -0.26951 0 0 0 0 0 0 0 0 0 0 0 0 -0.26951 -0.0036099 -0.026626 0 0 0
-0 -0 -0.036943 0 0 0 0 0 0 0 0 0 0 0 0 -0.036943 -6.8231e-05 -0.0036935 0 0 0
-0 -0 -0.0016943 0 0 0 0 0 0 0 0 0 0 0 0 -0.0016943 -1.4353e-07 -0.00016943 0 0 0
-0 -0 -0.2209 0 0 0 0 0 0 0 0 0 0 0 0 -0.2209 -0.0024299 -0.02191 0 0 0
-0 -0 -0.2051 0 0 0 0 0 0 0 0 0 0 0 0 -0.2051 -0.002096 -0.020367 0 0 0
0 0 0.24391 0 0 0 0 0 0 0 0 0 0 0 0 0.24391 -0.0029599 0.02415 0 0 0
0 0 0.31353 0 0 0 0 0 0 0 0 0 0 0 0 0.31353 -0.0048751 0.030842 0 0 0
0 0 0.10883 0 0 0 0 0 0 0 0 0 0 0 0 0.10883 -0.0005916 0.010861 0 0 0
-0 -0 -0.29983 0 0 0 0 0 0 0 0 0 0 0 0 -0.29983 -0.0044612 -0.029536 0 0 0
-0 -0 -0.30072 0 0 0 0 0 0 0 0 0 0 0 0 -0.30072 -0.0044877 -0.029621 0 0 0
-0 -0 -0.14945 0 0 0 0 0 0 0 0 0 0 0 0 -0.14945 -0.0011147 -0.014889 0 0 0
0 0 0.18712 0 0 0 0 0 0 0 0 0 0 0 0 0.18712 -0.0017455 0.018603 0 0 0
0 0 0.14218 0 0 0 0 0 0 0 0 0 0 0 0 0.14218 -0.001009 0.01417 0 0 0
0 0 0.19977 0 0 0 0 0 0 0 0 0 0 0 0 0.19977 -0.0019887 0.019844 0 0 0
-0 -0 -0.28003 0 0 0 0 0 0 0 0 0 0 0 0 -0.28003 -0.0038952 -0.027638 0 0 0
-0 -0 -0.17957 0 0 0 0 0 0 0 0 0 0 0 0 -0.17957 -0.001608 -0.017861 0 0 0
0 0 0.20845 0 0 0 0 0 0 0 0 0 0 0 0 0.20845 -0.0021648 0.020695 0 0 0
0 0 0.035565 0 0 0 0 0 0 0 0 0 0 0 0 0.035565 -6.3238e-05 0.0035558 0 0 0
0 0 0.18746 0 0 0 0 0 0 0 0 0 0 0 0 0.18746 -0.0017519 0.018637 0 0 0
0 0 0.028594 0 0 0 0 0 0 0 0 0 0 0 0 0.028594 -4.0879e-05 0.002859 0 0 0
-0 -0 -0.095497 0 0 0 0 0 0 0 0 0 0 0 0 -0.095497 -0.00045564 -0.0095352 0 0 0
-0 -0 -0.31093 0 0 0 0 0 0 0 0 0 0 0 0 -0.31093 -0.0047952 -0.030595 0 0 0
0 0 0.013367 0 0 0 0 0 0 0 0 0 0 0 0 0.013367 -8.934e-06 0.0013367 0 0 0
0 0 0.25136 0 0 0 0 0 0 0 0 0 0 0 0 0.25136 -0.0031425 0.024872 0 0 0
0 0 0.13061 0 0 0 0 0 0 0 0 0 0 0 0 0.13061 -0.00085169 0.013024 0 0 0
-0 -0 -0.062107 0 0 0 0 0 0 0 0 0 0 0 0 -0.062107 -0.0001928 -0.0062067 0 0 0
0 0 0.055061 0 0 0 0 0 0 0 0 0 0 0 0 0.055061 -0.00015155 0.0055033 0 0 0
0 0 0.29186 0 0 0 0 0 0 0 0 0 0 0 0 0.29186 -0.0042289 0.028773 0 0 0
-0 -0 -0.28418 0 0 0 0 0 0 0 0 0 0 0 0 -0.28418 -0.0040109 -0.028037 0 0 0
0 0 0.052552 0 0 0 0 0 0 0 0 0 0 0 0 0.052552 -0.00013806 0.0052528 0 0 0
-0 -0 -0.053784 0 0 0 0 0 0 0 0 0 0 0 0 -0.053784 -0.0001446 -0.0053758 0 0 0
-0 -0 -0.16836 0 0 0 0 0 0 0 0 0 0 0 0 -0.16836 -0.0014139 -0.016757 0 0 0
0 0 0.012931 0 0 0 0 0 0 0 0 0 0 0 0 0.012931 -8.3605e-06 0.0012931 0 0 0
0 0 0.19765 0 0 0 0 0 0 0 0 0 0 0 0 0.19765 -0.0019469 0.019637 0 0 0
0 0 0.057294 0 0 0 0 0 0 0 0 0 0 0 0 0.057294 -0.00016408 0.0057262 0 0 0
-0 -0 -0.2142 0 0 0 0 0 0 0 0 0 0 0 0 -0.2142 -0.0022853 -0.021257 0 0 0
0 0 0.05286 0 0 0 0 0 0 0 0 0 0 0 0 0.05286 -0.00013968 0.0052835 0 0 0
0 0 0.21849 0 0 0 0 0 0 0 0 0 0 0 0 0.21849 -0.0023773 0.021675 0 0 0
-0 -0 -0.22584 0 0 0 0 0 0 0 0 0 0 0 0 -0.22584 -0.0025393 -0.022392 0 0 0
-0 -0 -0.061116 0 0 0 0 0 0 0 0 0 0 0 0 -0.061116 -0.0001867 -0.0061078 0 0 0
-0 -0 -0.20196 0 0 0 0 0 0 0 0 0 0 0 0 -0.20196 -0.0020324 -0.020059 0 0 0
-0 -0 -0.22371 0 0 0 0 0 0 0 0 0 0 0 0 -0.22371 -0.0024918 -0.022184 0 0 0
-0 -0 -0.095733 0 0 0 0 0 0 0 0 0 0 0 0 -0.095733 -0.00045789 -0.0095587 0 0 0
0 0 0.1926 0 0 0 0 0 0 0 0 0 0 0 0 0.1926 -0.0018489 0.019141 0 0 0
0 0 0.17922 0 0 0 0 0 0 0 0 0 0 0 0 0.17922 -0.0016016 0.017826 0 0 0
0 0 0.087352 0 0 0 0 0 0 0 0 0 0 0 0 0.087352 -0.00038128 0.0087241 0 0 0
-0 -0 -0.2779 0 0 0 0 0 0 0 0 0 0 0 0 -0.2779 -0.0038366 -0.027434 0 0 0
-0 -0 -0.33921 0 0 0 0 0 0 0 0 0 0 0 0 -0.33921 -0.0056984 -0.033275 0 0 0
0 0 0.17039 0 0 0 0 0 0 0 0 0 0 0 0 0.17039 -0.0014481 0.016956 0 0 0
-0 -0 -0.25248 0 0 0 0 0 0 0 0 0 0 0 0 -0.25248 -0.0031704 -0.024981 0 0 0
0 0 0.34517 0 0 0 0 0 0 0 0 0 0 0 0 0.34517 -0.0058981 0.033835 0 0 0
0 0 0.2962 0 0 0 0 0 0 0 0 0 0 0 0 0.2962 -0.0043547 0.029189 0 0 0
-0 -0 -0.058086 0 0 0 0 0 0 0 0 0 0 0 0 -0.058086 -0.00016865 -0.0058053 0 0 0
-0 -0 -0.24138 0 0 0 0 0 0 0 0 0 0 0 0 -0.24138 -0.0028991 -0.023904 0 0 0
0 0 0.10018 0 0 0 0 0 0 0 0 0 0 0 0 0.10018 -0.00050141 0.010002 0 0 0
-0 -0 -0.21677 0 0 0 0 0 0 0 0 0 0 0 0 -0.21677 -0.0023404 -0.021508 0 0 0
-0 -0 -0.21435 0 0 0 0 0 0 0 0 0 0 0 0 -0.21435 -0.0022886 -0.021272 0 0 0
0 0 0.083697 0 0 0 0 0 0 0 0 0 0 0 0 0.083697 -0.00035006 0.0083599 0 0 0
0 0 0.24451 0 0 0 0 0 0 0 0 0 0 0 0 0.24451 -0.0029745 0.024209 0 0 0
0 0 0.298 0 0 0 0 0 0 0 0 0 0 0 0 0.298 -0.0044074 0.029361 0 0 0
0 0 0.2433 0 0 0 0 0 0 0 0 0 0 0 0 0.2433 -0.0029451 0.02409 0 0 0
0 0 0.097545 0 0 0 0 0 0 0 0 0 0 0 0 0.097545 -0.00047538 0.0097391 0 0 0
-0 -0 -0.17807 0 0 0 0 0 0 0 0 0 0 0 0 -0.17807 -0.0015812 -0.017713 0 0 0
0 0 0.24889 0 0 0 0 0 0 0 0 0 0 0 0 0.24889 -0.0030814 0.024633 0 0 0
-0 -0 -0.21367 0 0 0 0 0 0 0 0 0 0 0 0 -0.21367 -0.0022741 -0.021205 0 0 0
-0 -0 -0.26151 0 0 0 0 0 0 0 0 0 0 0 0 -0.26151 -0.0033999 -0.025854 0 0 0
-0 -0 -0.13295 0 0 0 0 0 0 0 0 0 0 0 0 -0.13295 -0.00088253 -0.013256 0 0 0
0 0 0.2738 0 0 0 0 0 0 0 0 0 0 0 0 0.2738 -0.0037249 0.027039 0 0 0
-0 -0 -0.11543 0 0 0 0 0 0 0 0 0 0 0 0 -0.11543 -0.00066547 -0.011517 0 0 0
0 0 0.1721 0 0 0 0 0 0 0 0 0 0 0 0 0.1721 -0.0014772 0.017125 0 0 0
0 0 0.0072303 0 0 0 0 0 0 0 0 0 0 0 0 0.0072303 -2.6138e-06 0.00072302 0 0 0
0 0 0.14849 0 0 0 0 0 0 0 0 0 0 0 0 0.14849 -0.0011005 0.014795 0 0 0
0 0 0.13248 0 0 0 0 0 0 0 0 0 0 0 0 0.13248 -0.00087629 0.013209 0 0 0
-0 -0 -0.1805 0 0 0 0 0 0 0 0 0 0 0 0 -0.1805 -0.0016246 -0.017952 0 0 0
0 0 0.057247 0 0 0 0 0 0 0 0 0 0 0 0 0.057247 -0.00016381 0.0057215 0 0 0
0 0 0.080658 0 0 0 0 0 0 0 0 0 0 0 0 0.080658 -0.00032511 0.0080571 0 0 0
0 0 0.11532 0 0 0 0 0 0 0 0 0 0 0 0 0.11532 -0.00066421 0.011507 0 0 0
0 0 0.30519 0 0 0 0 0 0 0 0 0 0 0 0 0.30519 -0.0046211 0.030048 0 0 0
0 0 0.13006 0 0 0 0 0 0 0 0 0 0 0 0 0.13006 -0.00084456 0.012969 0 0 0
0 0 0.34267 0 0 0 0 0 0 0 0 0 0 0 0 0.34267 -0.0058139 0.0336 0 0 0
-0 -0 -0.0095112 0 0 0 0 0 0 0 0 0 0 0 0 -0.0095112 -4.5231e-06 -0.00095111 0 0 0
0 0 0.34025 0 0 0 0 0 0 0 0 0 0 0 0 0.34025 -0.0057327 0.033372 0 0 0
0 0 0.32872 0 0 0 0 0 0 0 0 0 0 0 0 0.32872 -0.0053545 0.032283 0 0 0
0 0 0.34386 0 0 0 0 0 0 0 0 0 0 0 0 0.34386 -0.0058541 0.033713 0 0 0
0 0 0.098417 0 0 0 0 0 0 0 0 0 0 0 0 0.098417 -0.00048391 0.0098258 0 0 0
0 0 0.13991 0 0 0 0 0 0 0 0 0 0 0 0 0.13991 -0.00097712 0.013945 0 0 0
0 0 0.21235 0 0 0 0 0 0 0 0 0 0 0 0 0.21235 -0.0022462 0.021076 0 0 0
-0 -0 -0.26887 0 0 0 0 0 0 0 0 0 0 0 0 -0.26887 -0.0035927 -0.026564 0 0 0
-0 -0 -0.15122 0 0 0 0 0 0 0 0 0 0 0 0 -0.15122 -0.0011412 -0.015064 0 0 0
