0 0 0.001079 0 0 0 0 0 0 0 0 0 0 0 0 0.001079 -8.299e-05 8.7558e-05 0 0 0
-0 -0 -0.012255 0 0 0 0 0 0 0 0 0 0 0 0 -0.012255 0.0009359 -0.0010007 0 0 0
-0 -0 -0.093142 0 0 0 0 0 0 0 0 0 0 0 0 -0.093142 0.0067974 -0.0078841 0 0 0
0 0 0.18453 0 0 0 0 0 0 0 0 0 0 0 0 0.18453 -0.015482 0.013591 0 0 0
0 0 0.13773 0 0 0 0 0 0 0 0 0 0 0 0 0.13773 -0.011322 0.010418 0 0 0
0 0 0.11129 0 0 0 0 0 0 0 0 0 0 0 0 0.11129 -0.0090394 0.0085412 0 0 0
0 0 0.10439 0 0 0 0 0 0 0 0 0 0 0 0 0.10439 -0.0084514 0.008041 0 0 0
-0 -0 -0.014008 0 0 0 0 0 0 0 0 0 0 0 0 -0.014008 0.0010687 -0.0011447 0 0 0
-0 -0 -0.19969 0 0 0 0 0 0 0 0 0 0 0 0 -0.19969 0.013635 -0.017632 0 0 0
0 0 0.30459 0 0 0 0 0 0 0 0 0 0 0 0 0.30459 -0.02679 0.02081 0 0 0
-0 -0 -0.29059 0 0 0 0 0 0 0 0 0 0 0 0 -0.29059 0.01862 -0.026484 0 0 0
-0 -0 -0.19401 0 0 0 0 0 0 0 0 0 0 0 0 -0.19401 0.013297 -0.017094 0 0 0
0 0 0.29493 0 0 0 0 0 0 0 0 0 0 0 0 0.29493 -0.025849 0.02028 0 0 0
0 0 0.10682 0 0 0 0 0 0 0 0 0 0 0 0 0.10682 -0.008658 0.0082175 0 0 0
0 0 0.3014 0 0 0 0 0 0 0 0 0 0 0 0 0.3014 -0.026478 0.020636 0 0 0
-0 -0 -0.11948 0 0 0 0 0 0 0 0 0 0 0 0 -0.11948 0.0085836 -0.010225 0 0 0
-0 -0 -0.15088 0 0 0 0 0 0 0 0 0 0 0 0 -0.15088 0.010632 -0.013076 0 0 0
0 0 0.31575 0 0 0 0 0 0 0 0 0 0 0 0 0.31575 -0.027884 0.021411 0 0 0
-0 -0 -0.0077985 0 0 0 0 0 0 0 0 0 0 0 0 -0.0077985 0.00059698 -0.00063546 0 0 0
0 0 0.1586 0 0 0 0 0 0 0 0 0 0 0 0 0.1586 -0.013159 0.011858 0 0 0
-0 -0 -0.14191 0 0 0 0 0 0 0 0 0 0 0 0 -0.14191 0.010055 -0.012255 0 0 0
-0 -0 -0.043672 0 0 0 0 0 0 0 0 0 0 0 0 -0.043672 0.0032785 -0.0036178 0 0 0
-0 -0 -0.24159 0 0 0 0 0 0 0 0 0 0 0 0 -0.24159 0.016033 -0.021656 0 0 0
0 0 0.31704 0 0 0 0 0 0 0 0 0 0 0 0 0.31704 -0.028011 0.02148 0 0 0
-0 -0 -0.022969 0 0 0 0 0 0 0 0 0 0 0 0 -0.022969 0.001744 -0.0018848 0 0 0
0 0 0.31966 0 0 0 0 0 0 0 0 0 0 0 0 0.31966 -0.028268 0.021618 0 0 0
0 0 0.15354 0 0 0 0 0 0 0 0 0 0 0 0 0.15354 -0.012711 0.011512 0 0 0
0 0 0.27495 0 0 0 0 0 0 0 0 0 0 0 0 0.27495 -0.023919 0.019155 0 0 0
-0 -0 -0.0071994 0 0 0 0 0 0 0 0 0 0 0 0 -0.0071994 0.0005513 -0.00058649 0 0 0
-0 -0 -0.0014424 0 0 0 0 0 0 0 0 0 0 0 0 -0.0014424 0.00011079 -0.00011718 0 0 0
-0 -0 -0.33533 0 0 0 0 0 0 0 0 0 0 0 0 -0.33533 0.020774 -0.030999 0 0 0
0 0 0.13114 0 0 0 0 0 0 0 0 0 0 0 0 0.13114 -0.010748 0.0099561 0 0 0
0 0 0.22067 0 0 0 0 0 0 0 0 0 0 0 0 0.22067 -0.018794 0.015906 0 0 0
-0 -0 -0.01772 0 0 0 0 0 0 0 0 0 0 0 0 -0.01772 0.0013493 -0.0014506 0 0 0
0 0 0.18073 0 0 0 0 0 0 0 0 0 0 0 0 0.18073 -0.01514 0.013341 0 0 0
-0 -0 -0.020827 0 0 0 0 0 0 0 0 0 0 0 0 -0.020827 0.0015832 -0.0017074 0 0 0
0 0 0.17994 0 0 0 0 0 0 0 0 0 0 0 0 0.17994 -0.015068 0.013289 0 0 0
-0 -0 -0.24497 0 0 0 0 0 0 0 0 0 0 0 0 -0.24497 0.016219 -0.021985 0 0 0
0 0 0.21407 0 0 0 0 0 0 0 0 0 0 0 0 0.21407 -0.018183 0.015493 0 0 0
-0 -0 -0.2255 0 0 0 0 0 0 0 0 0 0 0 0 -0.2255 0.015132 -0.020099 0 0 0
0 0 0.049795 0 0 0 0 0 0 0 0 0 0 0 0 0.049795 -0.0039267 0.0039458 0 0 0
-0 -0 -0.048142 0 0 0 0 0 0 0 0 0 0 0 0 -0.048142 0.0036051 -0.003996 0 0 0
-0 -0 -0.0045819 0 0 0 0 0 0 0 0 0 0 0 0 -0.0045819 0.00035135 -0.0003728 0 0 0
0 0 0.23181 0 0 0 0 0 0 0 0 0 0 0 0 0.23181 -0.019832 0.016596 0 0 0
0 0 0.20491 0 0 0 0 0 0 0 0 0 0 0 0 0.20491 -0.01734 0.014912 0 0 0
0 0 0.213 0 0 0 0 0 0 0 0 0 0 0 0 0.213 -0.018084 0.015425 0 0 0
0 0 0.065941 0 0 0 0 0 0 0 0 0 0 0 0 0.065941 -0.0052415 0.0051826 0 0 0
0 0 0.02769 0 0 0 0 0 0 0 0 0 0 0 0 0.02769 -0.0021593 0.0022183 0 0 0
0 0 0.24611 0 0 0 0 0 0 0 0 0 0 0 0 0.24611 -0.021174 0.017463 0 0 0
0 0 0.13893 0 0 0 0 0 0 0 0 0 0 0 0 0.13893 -0.011427 0.010502 0 0 0
-0 -0 -0.27894 0 0 0 0 0 0 0 0 0 0 0 0 -0.27894 0.018027 -0.025325 0 0 0
0 0 0.11526 0 0 0 0 0 0 0 0 0 0 0 0 0.11526 -0.0093791 0.008827 0 0 0
-0 -0 -0.32527 0 0 0 0 0 0 0 0 0 0 0 0 -0.32527 0.020307 -0.029975 0 0 0
-0 -0 -0.20694 0 0 0 0 0 0 0 0 0 0 0 0 -0.20694 0.014061 -0.018321 0 0 0
-0 -0 -0.32975 0 0 0 0 0 0 0 0 0 0 0 0 -0.32975 0.020516 -0.03043 0 0 0
0 0 0.051014 0 0 0 0 0 0 0 0 0 0 0 0 0.051014 -0.0040253 0.0040399 0 0 0
0 0 0.31085 0 0 0 0 0 0 0 0 0 0 0 0 0.31085 -0.027403 0.021149 0 0 0
-0 -0 -0.094995 0 0 0 0 0 0 0 0 0 0 0 0 -0.094995 0.0069251 -0.0080473 0 0 0
-0 -0 -0.12328 0 0 0 0 0 0 0 0 0 0 0 0 -0.12328 0.0088359 -0.010566 0 0 0
-0 -0 -0.30673 0 0 0 0 0 0 0 0 0 0 0 0 -0.30673 0.01942 -0.028101 0 0 0
0 0 0.32375 0 0 0 0 0 0 0 0 0 0 0 0 0.32375 -0.028672 0.021834 0 0 0
0 0 0.17252 0 0 0 0 0 0 0 0 0 0 0 0 0.17252 -0.014401 0.012796 0 0 0
0 0 0.31163 0 0 0 0 0 0 0 0 0 0 0 0 0.31163 -0.027479 0.02119 0 0 0
-0 -0 -0.24058 0 0 0 0 0 0 0 0 0 0 0 0 -0.24058 0.015977 -0.021558 0 0 0
-0 -0 -0.22218 0 0 0 0 0 0 0 0 0 0 0 0 -0.22218 0.014943 -0.01978 0 0 0
-0 -0 -0.026463 0 0 0 0 0 0 0 0 0 0 0 0 -0.026463 0.0020055 -0.0021751 0 0 0
0 0 0.11041 0 0 0 0 0 0 0 0 0 0 0 0 0.11041 -0.0089641 0.0084775 0 0 0
-0 -0 -0.0063586 0 0 0 0 0 0 0 0 0 0 0 0 -0.0063586 0.00048713 -0.00051778 0 0 0
-0 -0 -0.044226 0 0 0 0 0 0 0 0 0 0 0 0 -0.044226 0.0033191 -0.0036645 0 0 0
0 0 0.23045 0 0 0 0 0 0 0 0 0 0 0 0 0.23045 -0.019704 0.016512 0 0 0
0 0 0.2804 0 0 0 0 0 0 0 0 0 0 0 0 0.2804 -0.024443 0.019465 0 0 0
0 0 0.055861 0 0 0 0 0 0 0 0 0 0 0 0 0.055861 -0.0044184 0.0044129 0 0 0
0 0 0.018811 0 0 0 0 0 0 0 0 0 0 0 0 0.018811 -0.0014603 0.0015135 0 0 0
0 0 0.33456 0 0 0 0 0 0 0 0 0 0 0 0 0.33456 -0.029741 0.022396 0 0 0
0 0 0.03975 0 0 0 0 0 0 0 0 0 0 0 0 0.03975 -0.0031188 0.0031656 0 0 0
0 0 0.081145 0 0 0 0 0 0 0 0 0 0 0 0 0.081145 -0.0064978 0.0063278 0 0 0
-0 -0 -0.070691 0 0 0 0 0 0 0 0 0 0 0 0 -0.070691 0.0052266 -0.0059264 0 0 0
0 0 0.031387 0 0 0 0 0 0 0 0 0 0 0 0 0.031387 -0.0024523 0.00251 0 0 0
0 0 0.25927 0 0 0 0 0 0 0 0 0 0 0 0 0.25927 -0.022421 0.018245 0 0 0
0 0 0.15632 0 0 0 0 0 0 0 0 0 0 0 0 0.15632 -0.012957 0.011702 0 0 0
-0 -0 -0.18892 0 0 0 0 0 0 0 0 0 0 0 0 -0.18892 0.012991 -0.016614 0 0 0
0 0 0.29593 0 0 0 0 0 0 0 0 0 0 0 0 0.29593 -0.025946 0.020335 0 0 0
-0 -0 -0.30884 0 0 0 0 0 0 0 0 0 0 0 0 -0.30884 0.019523 -0.028314 0 0 0
-0 -0 -0.21782 0 0 0 0 0 0 0 0 0 0 0 0 -0.21782 0.014693 -0.019361 0 0 0
-0 -0 -0.14324 0 0 0 0 0 0 0 0 0 0 0 0 -0.14324 0.010141 -0.012377 0 0 0
-0 -0 -0.0061777 0 0 0 0 0 0 0 0 0 0 0 0 -0.0061777 0.00047332 -0.00050301 0 0 0
-0 -0 -0.33447 0 0 0 0 0 0 0 0 0 0 0 0 -0.33447 0.020735 -0.030911 0 0 0
0 0 0.034701 0 0 0 0 0 0 0 0 0 0 0 0 0.034701 -0.0027157 0.0027704 0 0 0
-0 -0 -0.14879 0 0 0 0 0 0 0 0 0 0 0 0 -0.14879 0.010498 -0.012885 0 0 0
0 0 0.13818 0 0 0 0 0 0 0 0 0 0 0 0 0.13818 -0.011361 0.01045 0 0 0
0 0 0.22621 0 0 0 0 0 0 0 0 0 0 0 0 0.22621 -0.019309 0.016251 0 0 0
0 0 0.33971 0 0 0 0 0 0 0 0 0 0 0 0 0.33971 -0.030253 0.022659 0 0 0
0 0 0.045389 0 0 0 0 0 0 0 0 0 0 0 0 0.045389 -0.0035714 0.0036046 0 0 0
-0 -0 -0.040929 0 0 0 0 0 0 0 0 0 0 0 0 -0.040929 0.0030773 -0.0033863 0 0 0
0 0 0.030202 0 0 0 0 0 0 0 0 0 0 0 0 0.030202 -0.0023582 0.0024165 0 0 0
0 0 0.15336 0 0 0 0 0 0 0 0 0 0 0 0 0.15336 -0.012696 0.0115 0 0 0
0 0 0.29748 0 0 0 0 0 0 0 0 0 0 0 0 0.29748 -0.026096 0.02042 0 0 0
0 0 0.013004 0 0 0 0 0 0 0 0 0 0 0 0 0.013004 -0.0010064 0.0010492 0 0 0
0 0 0.14419 0 0 0 0 0 0 0 0 0 0 0 0 0.14419 -0.011888 0.010868 0 0 0
0 0 0.1663 0 0 0 0 0 0 0 0 0 0 0 0 0.1663 -0.013844 0.012379 0 0 0
