0 0 0.19859 0 0 0 0 0 0 0 0 0 0 0 0 0.19859 -0.031559 0.016781 0 0 0
-0 -0 -0.2531 0 0 0 0 0 0 0 0 0 0 0 0 -0.2531 0.034375 -0.029819 0 0 0
-0 -0 -0.11442 0 0 0 0 0 0 0 0 0 0 0 0 -0.11442 0.016472 -0.012398 0 0 0
-0 -0 -0.30557 0 0 0 0 0 0 0 0 0 0 0 0 -0.30557 0.040493 -0.037032 0 0 0
-0 -0 -0.16095 0 0 0 0 0 0 0 0 0 0 0 0 -0.16095 0.022745 -0.017964 0 0 0
-0 -0 -0.22362 0 0 0 0 0 0 0 0 0 0 0 0 -0.22362 0.030775 -0.025911 0 0 0
-0 -0 -0.077121 0 0 0 0 0 0 0 0 0 0 0 0 -0.077121 0.011259 -0.0081503 0 0 0
-0 -0 -0.033245 0 0 0 0 0 0 0 0 0 0 0 0 -0.033245 0.0049306 -0.0034068 0 0 0
0 0 0.27231 0 0 0 0 0 0 0 0 0 0 0 0 0.27231 -0.044028 0.021368 0 0 0
0 0 0.076803 0 0 0 0 0 0 0 0 0 0 0 0 0.076803 -0.011804 0.0072305 0 0 0
-0 -0 -0.16691 0 0 0 0 0 0 0 0 0 0 0 0 -0.16691 0.02353 -0.018698 0 0 0
-0 -0 -0.035052 0 0 0 0 0 0 0 0 0 0 0 0 -0.035052 0.0051953 -0.0035966 0 0 0
0 0 0.17716 0 0 0 0 0 0 0 0 0 0 0 0 0.17716 -0.028001 0.015276 0 0 0
-0 -0 -0.19994 0 0 0 0 0 0 0 0 0 0 0 0 -0.19994 0.027799 -0.022849 0 0 0
0 0 0.17615 0 0 0 0 0 0 0 0 0 0 0 0 0.17615 -0.027833 0.015203 0 0 0
-0 -0 -0.21075 0 0 0 0 0 0 0 0 0 0 0 0 -0.21075 0.029166 -0.024238 0 0 0
-0 -0 -0.16007 0 0 0 0 0 0 0 0 0 0 0 0 -0.16007 0.02263 -0.017857 0 0 0
0 0 0.28202 0 0 0 0 0 0 0 0 0 0 0 0 0.28202 -0.045695 0.021904 0 0 0
0 0 0.10517 0 0 0 0 0 0 0 0 0 0 0 0 0.10517 -0.016299 0.0096689 0 0 0
-0 -0 -0.11762 0 0 0 0 0 0 0 0 0 0 0 0 -0.11762 0.016911 -0.012771 0 0 0
-0 -0 -0.094304 0 0 0 0 0 0 0 0 0 0 0 0 -0.094304 0.01368 -0.010083 0 0 0
0 0 0.28907 0 0 0 0 0 0 0 0 0 0 0 0 0.28907 -0.046908 0.022282 0 0 0
0 0 0.11156 0 0 0 0 0 0 0 0 0 0 0 0 0.11156 -0.017321 0.010201 0 0 0
-0 -0 -0.15324 0 0 0 0 0 0 0 0 0 0 0 0 -0.15324 0.021724 -0.017022 0 0 0
-0 -0 -0.12267 0 0 0 0 0 0 0 0 0 0 0 0 -0.12267 0.017603 -0.013364 0 0 0
0 0 0.11919 0 0 0 0 0 0 0 0 0 0 0 0 0.11919 -0.018545 0.010826 0 0 0
-0 -0 -0.094753 0 0 0 0 0 0 0 0 0 0 0 0 -0.094753 0.013743 -0.010134 0 0 0
0 0 0.17011 0 0 0 0 0 0 0 0 0 0 0 0 0.17011 -0.026838 0.014764 0 0 0
-0 -0 -0.018735 0 0 0 0 0 0 0 0 0 0 0 0 -0.018735 0.0027926 -0.0018997 0 0 0
-0 -0 -0.26758 0 0 0 0 0 0 0 0 0 0 0 0 -0.26758 0.036101 -0.031778 0 0 0
-0 -0 -0.33725 0 0 0 0 0 0 0 0 0 0 0 0 -0.33725 0.044001 -0.04154 0 0 0
-0 -0 -0.30252 0 0 0 0 0 0 0 0 0 0 0 0 -0.30252 0.040148 -0.036605 0 0 0
0 0 0.19851 0 0 0 0 0 0 0 0 0 0 0 0 0.19851 -0.031545 0.016775 0 0 0
-0 -0 -0.33028 0 0 0 0 0 0 0 0 0 0 0 0 -0.33028 0.043241 -0.040538 0 0 0
0 0 0.10657 0 0 0 0 0 0 0 0 0 0 0 0 0.10657 -0.016523 0.009786 0 0 0
-0 -0 -0.28866 0 0 0 0 0 0 0 0 0 0 0 0 -0.28866 0.038563 -0.034673 0 0 0
-0 -0 -0.24644 0 0 0 0 0 0 0 0 0 0 0 0 -0.24644 0.033571 -0.028927 0 0 0
-0 -0 -0.1249 0 0 0 0 0 0 0 0 0 0 0 0 -0.1249 0.017907 -0.013626 0 0 0
-0 -0 -0.14792 0 0 0 0 0 0 0 0 0 0 0 0 -0.14792 0.021015 -0.016376 0 0 0
-0 -0 -0.11525 0 0 0 0 0 0 0 0 0 0 0 0 -0.11525 0.016586 -0.012494 0 0 0
0 0 0.29132 0 0 0 0 0 0 0 0 0 0 0 0 0.29132 -0.047295 0.022401 0 0 0
-0 -0 -0.069101 0 0 0 0 0 0 0 0 0 0 0 0 -0.069101 0.010118 -0.0072626 0 0 0
0 0 0.12802 0 0 0 0 0 0 0 0 0 0 0 0 0.12802 -0.019969 0.011539 0 0 0
-0 -0 -0.13373 0 0 0 0 0 0 0 0 0 0 0 0 -0.13373 0.019106 -0.014672 0 0 0
0 0 0.29041 0 0 0 0 0 0 0 0 0 0 0 0 0.29041 -0.047139 0.022353 0 0 0
0 0 0.083857 0 0 0 0 0 0 0 0 0 0 0 0 0.083857 -0.012915 0.0078488 0 0 0
0 0 0.34221 0 0 0 0 0 0 0 0 0 0 0 0 0.34221 -0.056133 0.024859 0 0 0
0 0 0.3105 0 0 0 0 0 0 0 0 0 0 0 0 0.3105 -0.050612 0.023381 0 0 0
0 0 0.1689 0 0 0 0 0 0 0 0 0 0 0 0 0.1689 -0.026638 0.014676 0 0 0
-0 -0 -0.023989 0 0 0 0 0 0 0 0 0 0 0 0 -0.023989 0.0035692 -0.0024418 0 0 0
0 0 0.1555 0 0 0 0 0 0 0 0 0 0 0 0 0.1555 -0.024438 0.013678 0 0 0
0 0 0.109 0 0 0 0 0 0 0 0 0 0 0 0 0.109 -0.016911 0.0099883 0 0 0
-0 -0 -0.32442 0 0 0 0 0 0 0 0 0 0 0 0 -0.32442 0.042597 -0.0397 0 0 0
-0 -0 -0.064554 0 0 0 0 0 0 0 0 0 0 0 0 -0.064554 0.009468 -0.0067633 0 0 0
0 0 0.07328 0 0 0 0 0 0 0 0 0 0 0 0 0.07328 -0.011251 0.0069189 0 0 0
-0 -0 -0.18118 0 0 0 0 0 0 0 0 0 0 0 0 -0.18118 0.025392 -0.020475 0 0 0
0 0 0.15173 0 0 0 0 0 0 0 0 0 0 0 0 0.15173 -0.023821 0.013391 0 0 0
-0 -0 -0.091869 0 0 0 0 0 0 0 0 0 0 0 0 -0.091869 0.013339 -0.0098066 0 0 0
-0 -0 -0.017428 0 0 0 0 0 0 0 0 0 0 0 0 -0.017428 0.0025989 -0.0017655 0 0 0
0 0 0.12969 0 0 0 0 0 0 0 0 0 0 0 0 0.12969 -0.020238 0.011673 0 0 0
-0 -0 -0.037355 0 0 0 0 0 0 0 0 0 0 0 0 -0.037355 0.0055322 -0.0038393 0 0 0
-0 -0 -0.20802 0 0 0 0 0 0 0 0 0 0 0 0 -0.20802 0.028822 -0.023885 0 0 0
-0 -0 -0.13598 0 0 0 0 0 0 0 0 0 0 0 0 -0.13598 0.019411 -0.014941 0 0 0
0 0 0.16764 0 0 0 0 0 0 0 0 0 0 0 0 0.16764 -0.026431 0.014583 0 0 0
0 0 0.31774 0 0 0 0 0 0 0 0 0 0 0 0 0.31774 -0.051868 0.023733 0 0 0
-0 -0 -0.075998 0 0 0 0 0 0 0 0 0 0 0 0 -0.075998 0.0111 -0.0080255 0 0 0
-0 -0 -0.27045 0 0 0 0 0 0 0 0 0 0 0 0 -0.27045 0.03644 -0.032169 0 0 0
0 0 0.27935 0 0 0 0 0 0 0 0 0 0 0 0 0.27935 -0.045235 0.021758 0 0 0
-0 -0 -0.2749 0 0 0 0 0 0 0 0 0 0 0 0 -0.2749 0.036963 -0.032777 0 0 0
-0 -0 -0.14565 0 0 0 0 0 0 0 0 0 0 0 0 -0.14565 0.020711 -0.016102 0 0 0
-0 -0 -0.080052 0 0 0 0 0 0 0 0 0 0 0 0 -0.080052 0.011675 -0.008477 0 0 0
0 0 7.426e-06 0 0 0 0 0 0 0 0 0 0 0 0 7.426e-06 -1.1139e-06 7.426e-07 0 0 0
0 0 0.018824 0 0 0 0 0 0 0 0 0 0 0 0 0.018824 -0.0028412 0.0018557 0 0 0
-0 -0 -0.30134 0 0 0 0 0 0 0 0 0 0 0 0 -0.30134 0.040014 -0.036439 0 0 0
0 0 0.23126 0 0 0 0 0 0 0 0 0 0 0 0 0.23126 -0.037043 0.018927 0 0 0
-0 -0 -0.16314 0 0 0 0 0 0 0 0 0 0 0 0 -0.16314 0.023035 -0.018234 0 0 0
0 0 0.065552 0 0 0 0 0 0 0 0 0 0 0 0 0.065552 -0.010041 0.0062283 0 0 0
0 0 0.0552 0 0 0 0 0 0 0 0 0 0 0 0 0.0552 -0.0084281 0.0052887 0 0 0
-0 -0 -0.32299 0 0 0 0 0 0 0 0 0 0 0 0 -0.32299 0.042439 -0.039497 0 0 0
0 0 0.30728 0 0 0 0 0 0 0 0 0 0 0 0 0.30728 -0.050055 0.023221 0 0 0
-0 -0 -0.098846 0 0 0 0 0 0 0 0 0 0 0 0 -0.098846 0.014315 -0.010601 0 0 0
0 0 0.20536 0 0 0 0 0 0 0 0 0 0 0 0 0.20536 -0.032689 0.01724 0 0 0
0 0 0.094994 0 0 0 0 0 0 0 0 0 0 0 0 0.094994 -0.014678 0.0088088 0 0 0
-0 -0 -0.2966 0 0 0 0 0 0 0 0 0 0 0 0 -0.2966 0.039474 -0.035776 0 0 0
0 0 0.060242 0 0 0 0 0 0 0 0 0 0 0 0 0.060242 -0.0092123 0.0057485 0 0 0
0 0 0.098889 0 0 0 0 0 0 0 0 0 0 0 0 0.098889 -0.015298 0.0091399 0 0 0
0 0 0.11677 0 0 0 0 0 0 0 0 0 0 0 0 0.11677 -0.018157 0.010629 0 0 0
-0 -0 -0.31234 0 0 0 0 0 0 0 0 0 0 0 0 -0.31234 0.041255 -0.037987 0 0 0
0 0 0.099406 0 0 0 0 0 0 0 0 0 0 0 0 0.099406 -0.01538 0.0091837 0 0 0
0 0 0.26021 0 0 0 0 0 0 0 0 0 0 0 0 0.26021 -0.041959 0.020679 0 0 0
0 0 0.025671 0 0 0 0 0 0 0 0 0 0 0 0 0.025671 -0.0038831 0.0025174 0 0 0
-0 -0 -0.24848 0 0 0 0 0 0 0 0 0 0 0 0 -0.24848 0.033818 -0.0292 0 0 0
0 0 0.30658 0 0 0 0 0 0 0 0 0 0 0 0 0.30658 -0.049933 0.023186 0 0 0
0 0 0.29098 0 0 0 0 0 0 0 0 0 0 0 0 0.29098 -0.047237 0.022383 0 0 0
0 0 0.17718 0 0 0 0 0 0 0 0 0 0 0 0 0.17718 -0.028004 0.015277 0 0 0
-0 -0 -0.19188 0 0 0 0 0 0 0 0 0 0 0 0 -0.19188 0.026771 -0.021823 0 0 0
0 0 0.29595 0 0 0 0 0 0 0 0 0 0 0 0 0.29595 -0.048094 0.022644 0 0 0
0 0 0.11837 0 0 0 0 0 0 0 0 0 0 0 0 0.11837 -0.018414 0.01076 0 0 0
-0 -0 -0.068967 0 0 0 0 0 0 0 0 0 0 0 0 -0.068967 0.010099 -0.0072478 0 0 0
0 0 0.27941 0 0 0 0 0 0 0 0 0 0 0 0 0.27941 -0.045246 0.021761 0 0 0
