-0 -0 -0 0.17847 0 0 0 0 0 0 0 0.17576 -0.030991 0 0 0
-0 -0 -0 0.018149 0 0 0 0 0 0 0 0.017873 -0.0031515 0 0 0
-0 -0 -0 0.094777 0 0 0 0 0 0 0 0.093337 -0.016458 0 0 0
0 0 0 0.1076 0 0 0 0 0 0 0 0.10597 -0.018685 0 0 0
0 0 0 0.16084 0 0 0 0 0 0 0 0.15839 -0.027929 0 0 0
-0 -0 -0 0.12535 0 0 0 0 0 0 0 0.12345 -0.021768 0 0 0
-0 -0 -0 0.10758 0 0 0 0 0 0 0 0.10595 -0.018681 0 0 0
0 0 0 0.14584 0 0 0 0 0 0 0 0.14363 -0.025325 0 0 0
-0 -0 -0 0.19924 0 0 0 0 0 0 0 0.19621 -0.034598 0 0 0
-0 -0 -0 0.072003 0 0 0 0 0 0 0 0.070909 -0.012503 0 0 0
0 0 0 0.08022 0 0 0 0 0 0 0 0.079002 -0.01393 0 0 0
0 0 0 0.13029 0 0 0 0 0 0 0 0.12831 -0.022624 0 0 0
0 0 0 0.098933 0 0 0 0 0 0 0 0.09743 -0.01718 0 0 0
0 0 0 0.099432 0 0 0 0 0 0 0 0.097921 -0.017266 0 0 0
-0 -0 -0 0.1787 0 0 0 0 0 0 0 0.17598 -0.031031 0 0 0
-0 -0 -0 0.17405 0 0 0 0 0 0 0 0.1714 -0.030223 0 0 0
0 0 0 0.10361 0 0 0 0 0 0 0 0.10203 -0.017991 0 0 0
0 0 0 0.036305 0 0 0 0 0 0 0 0.035753 -0.0063043 0 0 0
0 0 0 0.12019 0 0 0 0 0 0 0 0.11837 -0.020871 0 0 0
-0 -0 -0 0.13457 0 0 0 0 0 0 0 0.13253 -0.023368 0 0 0
0 0 0 0.058478 0 0 0 0 0 0 0 0.057589 -0.010155 0 0 0
0 0 0 0.081304 0 0 0 0 0 0 0 0.080068 -0.014118 0 0 0
-0 -0 -0 0.096659 0 0 0 0 0 0 0 0.095191 -0.016785 0 0 0
-0 -0 -0 0.14538 0 0 0 0 0 0 0 0.14317 -0.025244 0 0 0
0 0 0 0.040819 0 0 0 0 0 0 0 0.040199 -0.0070882 0 0 0
0 0 0 0.18281 0 0 0 0 0 0 0 0.18003 -0.031744 0 0 0
-0 -0 -0 0.0056914 0 0 0 0 0 0 0 0.005605 -0.00098831 0 0 0
0 0 0 0.042561 0 0 0 0 0 0 0 0.041914 -0.0073906 0 0 0
0 0 0 0.085156 0 0 0 0 0 0 0 0.083862 -0.014787 0 0 0
-0 -0 -0 0.082483 0 0 0 0 0 0 0 0.08123 -0.014323 0 0 0
-0 -0 -0 0.14501 0 0 0 0 0 0 0 0.14281 -0.025181 0 0 0
0 0 0 0.041514 0 0 0 0 0 0 0 0.040883 -0.0072088 0 0 0
0 0 0 0.062498 0 0 0 0 0 0 0 0.061548 -0.010853 0 0 0
-0 -0 -0 0.066531 0 0 0 0 0 0 0 0.065521 -0.011553 0 0 0
-0 -0 -0 0.097844 0 0 0 0 0 0 0 0.096357 -0.01699 0 0 0
-0 -0 -0 0.094114 0 0 0 0 0 0 0 0.092684 -0.016343 0 0 0
0 0 0 0.1926 0 0 0 0 0 0 0 0.18968 -0.033445 0 0 0
0 0 0 0.17055 0 0 0 0 0 0 0 0.16796 -0.029616 0 0 0
0 0 0 0.16506 0 0 0 0 0 0 0 0.16255 -0.028662 0 0 0
0 0 0 0.086008 0 0 0 0 0 0 0 0.084701 -0.014935 0 0 0
-0 -0 -0 0.10085 0 0 0 0 0 0 0 0.099322 -0.017513 0 0 0
-0 -0 -0 0.14774 0 0 0 0 0 0 0 0.14549 -0.025654 0 0 0
0 0 0 0.051667 0 0 0 0 0 0 0 0.050882 -0.0089719 0 0 0
0 0 0 0.026618 0 0 0 0 0 0 0 0.026213 -0.0046221 0 0 0
-0 -0 -0 0.017961 0 0 0 0 0 0 0 0.017689 -0.003119 0 0 0
-0 -0 -0 0.0090504 0 0 0 0 0 0 0 0.0089129 -0.0015716 0 0 0
-0 -0 -0 0.19357 0 0 0 0 0 0 0 0.19063 -0.033612 0 0 0
0 0 0 0.071559 0 0 0 0 0 0 0 0.070472 -0.012426 0 0 0
0 0 0 0.028657 0 0 0 0 0 0 0 0.028222 -0.0049763 0 0 0
-0 -0 -0 0.035507 0 0 0 0 0 0 0 0.034968 -0.0061658 0 0 0
0 0 0 0.034834 0 0 0 0 0 0 0 0.034305 -0.0060489 0 0 0
0 0 0 0.10822 0 0 0 0 0 0 0 0.10657 -0.018792 0 0 0
0 0 0 0.14821 0 0 0 0 0 0 0 0.14596 -0.025737 0 0 0
-0 -0 -0 0.15192 0 0 0 0 0 0 0 0.14961 -0.02638 0 0 0
-0 -0 -0 0.11843 0 0 0 0 0 0 0 0.11663 -0.020565 0 0 0
-0 -0 -0 0.064234 0 0 0 0 0 0 0 0.063259 -0.011154 0 0 0
-0 -0 -0 0.10173 0 0 0 0 0 0 0 0.10018 -0.017665 0 0 0
-0 -0 -0 0.067296 0 0 0 0 0 0 0 0.066274 -0.011686 0 0 0
0 0 0 0.17925 0 0 0 0 0 0 0 0.17653 -0.031127 0 0 0
-0 -0 -0 0.11281 0 0 0 0 0 0 0 0.11109 -0.019589 0 0 0
-0 -0 -0 0.15029 0 0 0 0 0 0 0 0.14801 -0.026098 0 0 0
-0 -0 -0 0.17336 0 0 0 0 0 0 0 0.17073 -0.030104 0 0 0
0 0 0 0.095763 0 0 0 0 0 0 0 0.094308 -0.016629 0 0 0
0 0 0 0.013238 0 0 0 0 0 0 0 0.013036 -0.0022987 0 0 0
-0 -0 -0 0.17105 0 0 0 0 0 0 0 0.16845 -0.029703 0 0 0
-0 -0 -0 0.061595 0 0 0 0 0 0 0 0.060659 -0.010696 0 0 0
-0 -0 -0 0.012655 0 0 0 0 0 0 0 0.012463 -0.0021976 0 0 0
-0 -0 -0 0.098416 0 0 0 0 0 0 0 0.096921 -0.01709 0 0 0
-0 -0 -0 0.068808 0 0 0 0 0 0 0 0.067762 -0.011948 0 0 0
-0 -0 -0 0.093208 0 0 0 0 0 0 0 0.091792 -0.016185 0 0 0
-0 -0 -0 0.14707 0 0 0 0 0 0 0 0.14483 -0.025538 0 0 0
-0 -0 -0 0.12594 0 0 0 0 0 0 0 0.12403 -0.021869 0 0 0
0 0 0 0.13272 0 0 0 0 0 0 0 0.1307 -0.023046 0 0 0
0 0 0 0.059432 0 0 0 0 0 0 0 0.058529 -0.01032 0 0 0
-0 -0 -0 0.038109 0 0 0 0 0 0 0 0.03753 -0.0066176 0 0 0
0 0 0 0.010598 0 0 0 0 0 0 0 0.010437 -0.0018404 0 0 0
-0 -0 -0 0.15694 0 0 0 0 0 0 0 0.15456 -0.027253 0 0 0
0 0 0 0.026072 0 0 0 0 0 0 0 0.025676 -0.0045274 0 0 0
0 0 0 0.15704 0 0 0 0 0 0 0 0.15465 -0.027269 0 0 0
-0 -0 -0 0.044976 0 0 0 0 0 0 0 0.044293 -0.0078101 0 0 0
0 0 0 0.13232 0 0 0 0 0 0 0 0.13031 -0.022978 0 0 0
0 0 0 0.13961 0 0 0 0 0 0 0 0.13749 -0.024244 0 0 0
0 0 0 0.0053268 0 0 0 0 0 0 0 0.0052459 -0.00092499 0 0 0
0 0 0 0.021991 0 0 0 0 0 0 0 0.021657 -0.0038187 0 0 0
0 0 0 0.15443 0 0 0 0 0 0 0 0.15208 -0.026816 0 0 0
0 0 0 0.17233 0 0 0 0 0 0 0 0.16971 -0.029924 0 0 0
0 0 0 0.06875 0 0 0 0 0 0 0 0.067705 -0.011938 0 0 0
-0 -0 -0 0.077167 0 0 0 0 0 0 0 0.075995 -0.0134 0 0 0
0 0 0 0.18149 0 0 0 0 0 0 0 0.17873 -0.031515 0 0 0
-0 -0 -0 0.040448 0 0 0 0 0 0 0 0.039833 -0.0070237 0 0 0
0 0 0 0.14254 0 0 0 0 0 0 0 0.14037 -0.024751 0 0 0
-0 -0 -0 0.032015 0 0 0 0 0 0 0 0.031528 -0.0055593 0 0 0
0 0 0 0.1123 0 0 0 0 0 0 0 0.11059 -0.019501 0 0 0
0 0 0 0.098569 0 0 0 0 0 0 0 0.097071 -0.017116 0 0 0
-0 -0 -0 0.16828 0 0 0 0 0 0 0 0.16572 -0.029221 0 0 0
-0 -0 -0 0.086042 0 0 0 0 0 0 0 0.084735 -0.014941 0 0 0
-0 -0 -0 0.08931 0 0 0 0 0 0 0 0.087953 -0.015508 0 0 0
-0 -0 -0 0.1633 0 0 0 0 0 0 0 0.16082 -0.028357 0 0 0
-0 -0 -0 0.090032 0 0 0 0 0 0 0 0.088664 -0.015634 0 0 0
0 0 0 0.021965 0 0 0 0 0 0 0 0.021631 -0.0038141 0 0 0
