-0 -0 -0 0.14313 0 0 0 0 0 0 0 0.1345 -0.048955 0 0 0
0 0 0 0.11507 0 0 0 0 0 0 0 0.10813 -0.039357 0 0 0
0 0 0 0.18467 0 0 0 0 0 0 0 0.17353 -0.06316 0 0 0
0 0 0 0.13744 0 0 0 0 0 0 0 0.12915 -0.047007 0 0 0
-0 -0 -0 0.064787 0 0 0 0 0 0 0 0.06088 -0.022158 0 0 0
-0 -0 -0 0.013858 0 0 0 0 0 0 0 0.013022 -0.0047397 0 0 0
0 0 0 0.075416 0 0 0 0 0 0 0 0.070868 -0.025794 0 0 0
0 0 0 0.059236 0 0 0 0 0 0 0 0.055664 -0.02026 0 0 0
-0 -0 -0 0.1437 0 0 0 0 0 0 0 0.13503 -0.049147 0 0 0
-0 -0 -0 0.14779 0 0 0 0 0 0 0 0.13887 -0.050546 0 0 0
0 0 0 0.075158 0 0 0 0 0 0 0 0.070625 -0.025705 0 0 0
0 0 0 0.18368 0 0 0 0 0 0 0 0.1726 -0.062823 0 0 0
0 0 0 0.074882 0 0 0 0 0 0 0 0.070366 -0.025611 0 0 0
-0 -0 -0 0.075909 0 0 0 0 0 0 0 0.071331 -0.025962 0 0 0
0 0 0 0.0019624 0 0 0 0 0 0 0 0.001844 -0.00067118 0 0 0
-0 -0 -0 0.021079 0 0 0 0 0 0 0 0.019808 -0.0072095 0 0 0
0 0 0 0.02176 0 0 0 0 0 0 0 0.020447 -0.0074423 0 0 0
-0 -0 -0 0.03794 0 0 0 0 0 0 0 0.035652 -0.012976 0 0 0
-0 -0 -0 0.036246 0 0 0 0 0 0 0 0.03406 -0.012397 0 0 0
0 0 0 0.077154 0 0 0 0 0 0 0 0.072501 -0.026388 0 0 0
0 0 0 0.11917 0 0 0 0 0 0 0 0.11199 -0.04076 0 0 0
0 0 0 0.00047599 0 0 0 0 0 0 0 0.00044728 -0.0001628 0 0 0
0 0 0 0.060869 0 0 0 0 0 0 0 0.057198 -0.020818 0 0 0
-0 -0 -0 0.11997 0 0 0 0 0 0 0 0.11274 -0.041033 0 0 0
-0 -0 -0 0.14747 0 0 0 0 0 0 0 0.13858 -0.050439 0 0 0
0 0 0 0.17089 0 0 0 0 0 0 0 0.16059 -0.058449 0 0 0
-0 -0 -0 0.082127 0 0 0 0 0 0 0 0.077174 -0.028089 0 0 0
-0 -0 -0 0.089834 0 0 0 0 0 0 0 0.084416 -0.030725 0 0 0
0 0 0 0.085887 0 0 0 0 0 0 0 0.080708 -0.029375 0 0 0
0 0 0 0.014077 0 0 0 0 0 0 0 0.013228 -0.0048146 0 0 0
-0 -0 -0 0.18696 0 0 0 0 0 0 0 0.17568 -0.063944 0 0 0
0 0 0 0.069969 0 0 0 0 0 0 0 0.06575 -0.023931 0 0 0
-0 -0 -0 0.12621 0 0 0 0 0 0 0 0.1186 -0.043168 0 0 0
-0 -0 -0 0.026983 0 0 0 0 0 0 0 0.025356 -0.0092287 0 0 0
0 0 0 0.19679 0 0 0 0 0 0 0 0.18492 -0.067306 0 0 0
0 0 0 0.19587 0 0 0 0 0 0 0 0.18406 -0.066993 0 0 0
-0 -0 -0 0.016972 0 0 0 0 0 0 0 0.015948 -0.0058046 0 0 0
-0 -0 -0 0.17187 0 0 0 0 0 0 0 0.16151 -0.058784 0 0 0
0 0 0 0.071646 0 0 0 0 0 0 0 0.067325 -0.024504 0 0 0
-0 -0 -0 0.032053 0 0 0 0 0 0 0 0.03012 -0.010963 0 0 0
-0 -0 -0 0.017599 0 0 0 0 0 0 0 0.016538 -0.0060193 0 0 0
0 0 0 0.029524 0 0 0 0 0 0 0 0.027743 -0.010098 0 0 0
-0 -0 -0 0.090881 0 0 0 0 0 0 0 0.085401 -0.031083 0 0 0
0 0 0 0.062667 0 0 0 0 0 0 0 0.058888 -0.021433 0 0 0
0 0 0 0.018666 0 0 0 0 0 0 0 0.017541 -0.0063842 0 0 0
-0 -0 -0 0.05476 0 0 0 0 0 0 0 0.051458 -0.018729 0 0 0
0 0 0 0.11951 0 0 0 0 0 0 0 0.1123 -0.040875 0 0 0
0 0 0 0.098682 0 0 0 0 0 0 0 0.092731 -0.033751 0 0 0
-0 -0 -0 0.042955 0 0 0 0 0 0 0 0.040365 -0.014692 0 0 0
-0 -0 -0 0.13806 0 0 0 0 0 0 0 0.12973 -0.047218 0 0 0
0 0 0 0.19488 0 0 0 0 0 0 0 0.18313 -0.066653 0 0 0
0 0 0 0.044204 0 0 0 0 0 0 0 0.041538 -0.015119 0 0 0
-0 -0 -0 0.098873 0 0 0 0 0 0 0 0.09291 -0.033816 0 0 0
0 0 0 0.0042124 0 0 0 0 0 0 0 0.0039583 -0.0014407 0 0 0
0 0 0 0.026608 0 0 0 0 0 0 0 0.025004 -0.0091006 0 0 0
-0 -0 -0 0.098856 0 0 0 0 0 0 0 0.092894 -0.033811 0 0 0
0 0 0 0.0052995 0 0 0 0 0 0 0 0.0049799 -0.0018125 0 0 0
-0 -0 -0 0.14696 0 0 0 0 0 0 0 0.1381 -0.050263 0 0 0
0 0 0 0.19221 0 0 0 0 0 0 0 0.18062 -0.06574 0 0 0
0 0 0 0.02453 0 0 0 0 0 0 0 0.023051 -0.0083898 0 0 0
-0 -0 -0 0.0018756 0 0 0 0 0 0 0 0.0017625 -0.00064149 0 0 0
0 0 0 0.039708 0 0 0 0 0 0 0 0.037314 -0.013581 0 0 0
0 0 0 0.10419 0 0 0 0 0 0 0 0.097903 -0.035634 0 0 0
-0 -0 -0 0.089771 0 0 0 0 0 0 0 0.084357 -0.030703 0 0 0
-0 -0 -0 0.19576 0 0 0 0 0 0 0 0.18395 -0.066953 0 0 0
-0 -0 -0 0.081242 0 0 0 0 0 0 0 0.076342 -0.027786 0 0 0
0 0 0 0.075144 0 0 0 0 0 0 0 0.070612 -0.025701 0 0 0
0 0 0 0.16795 0 0 0 0 0 0 0 0.15782 -0.057443 0 0 0
0 0 0 0.055127 0 0 0 0 0 0 0 0.051803 -0.018855 0 0 0
0 0 0 0.12173 0 0 0 0 0 0 0 0.11438 -0.041633 0 0 0
-0 -0 -0 0.0014487 0 0 0 0 0 0 0 0.0013613 -0.00049547 0 0 0
-0 -0 -0 0.077998 0 0 0 0 0 0 0 0.073294 -0.026677 0 0 0
-0 -0 -0 0.095013 0 0 0 0 0 0 0 0.089283 -0.032496 0 0 0
0 0 0 0.14253 0 0 0 0 0 0 0 0.13393 -0.048748 0 0 0
-0 -0 -0 0.080501 0 0 0 0 0 0 0 0.075647 -0.027533 0 0 0
0 0 0 0.057749 0 0 0 0 0 0 0 0.054267 -0.019751 0 0 0
0 0 0 0.039653 0 0 0 0 0 0 0 0.037261 -0.013562 0 0 0
-0 -0 -0 0.18552 0 0 0 0 0 0 0 0.17433 -0.063451 0 0 0
-0 -0 -0 0.031574 0 0 0 0 0 0 0 0.02967 -0.010799 0 0 0
-0 -0 -0 0.16894 0 0 0 0 0 0 0 0.15875 -0.05778 0 0 0
0 0 0 0.15554 0 0 0 0 0 0 0 0.14616 -0.053199 0 0 0
0 0 0 0.11166 0 0 0 0 0 0 0 0.10493 -0.038191 0 0 0
0 0 0 0.07484 0 0 0 0 0 0 0 0.070327 -0.025597 0 0 0
-0 -0 -0 0.097985 0 0 0 0 0 0 0 0.092076 -0.033513 0 0 0
0 0 0 0.11683 0 0 0 0 0 0 0 0.10979 -0.03996 0 0 0
-0 -0 -0 0.064251 0 0 0 0 0 0 0 0.060377 -0.021975 0 0 0
0 0 0 0.059991 0 0 0 0 0 0 0 0.056373 -0.020518 0 0 0
0 0 0 0.023303 0 0 0 0 0 0 0 0.021897 -0.00797 0 0 0
0 0 0 0.19296 0 0 0 0 0 0 0 0.18132 -0.065997 0 0 0
-0 -0 -0 0.021469 0 0 0 0 0 0 0 0.020174 -0.0073428 0 0 0
0 0 0 0.14015 0 0 0 0 0 0 0 0.1317 -0.047934 0 0 0
0 0 0 0.051268 0 0 0 0 0 0 0 0.048176 -0.017535 0 0 0
-0 -0 -0 0.18506 0 0 0 0 0 0 0 0.1739 -0.063293 0 0 0
0 0 0 0.074228 0 0 0 0 0 0 0 0.069751 -0.025387 0 0 0
0 0 0 0.021205 0 0 0 0 0 0 0 0.019926 -0.0072525 0 0 0
0 0 0 0.042457 0 0 0 0 0 0 0 0.039896 -0.014521 0 0 0
0 0 0 0.12293 0 0 0 0 0 0 0 0.11551 -0.042044 0 0 0
-0 -0 -0 0.13142 0 0 0 0 0 0 0 0.12349 -0.044948 0 0 0
0 0 0 0.055804 0 0 0 0 0 0 0 0.052439 -0.019086 0 0 0
0 0 0 0.10317 0 0 0 0 0 0 0 0.096945 -0.035285 0 0 0
