-0 -0 -0.1106 0 0 0 0 0 0 0 0 0 0 0 0 -0.1106 0.0079883 -0.0094307 0 0 0
0 0 0.30766 0 0 0 0 0 0 0 0 0 0 0 0 0.30766 -0.02709 0.020976 0 0 0
-0 -0 -0.106 0 0 0 0 0 0 0 0 0 0 0 0 -0.106 0.0076773 -0.0090213 0 0 0
-0 -0 -0.31747 0 0 0 0 0 0 0 0 0 0 0 0 -0.31747 0.019938 -0.029185 0 0 0
0 0 0.27109 0 0 0 0 0 0 0 0 0 0 0 0 0.27109 -0.023549 0.018933 0 0 0
-0 -0 -0.0090332 0 0 0 0 0 0 0 0 0 0 0 0 -0.0090332 0.00069105 -0.0007365 0 0 0
0 0 0.12357 0 0 0 0 0 0 0 0 0 0 0 0 0.12357 -0.010094 0.0094206 0 0 0
0 0 0.25861 0 0 0 0 0 0 0 0 0 0 0 0 0.25861 -0.022358 0.018206 0 0 0
0 0 0.21375 0 0 0 0 0 0 0 0 0 0 0 0 0.21375 -0.018153 0.015472 0 0 0
0 0 0.035408 0 0 0 0 0 0 0 0 0 0 0 0 0.035408 -0.002772 0.0028258 0 0 0
-0 -0 -0.19661 0 0 0 0 0 0 0 0 0 0 0 0 -0.19661 0.013452 -0.017341 0 0 0
-0 -0 -0.1294 0 0 0 0 0 0 0 0 0 0 0 0 -0.1294 0.00924 -0.011119 0 0 0
-0 -0 -0.27903 0 0 0 0 0 0 0 0 0 0 0 0 -0.27903 0.018031 -0.025334 0 0 0
-0 -0 -0.21457 0 0 0 0 0 0 0 0 0 0 0 0 -0.21457 0.014506 -0.01905 0 0 0
-0 -0 -0.30991 0 0 0 0 0 0 0 0 0 0 0 0 -0.30991 0.019575 -0.028421 0 0 0
0 0 0.014813 0 0 0 0 0 0 0 0 0 0 0 0 0.014813 -0.0011475 0.0011941 0 0 0
0 0 0.044414 0 0 0 0 0 0 0 0 0 0 0 0 0.044414 -0.0034929 0.0035288 0 0 0
-0 -0 -0.27612 0 0 0 0 0 0 0 0 0 0 0 0 -0.27612 0.017881 -0.025045 0 0 0
-0 -0 -0.32963 0 0 0 0 0 0 0 0 0 0 0 0 -0.32963 0.020511 -0.030418 0 0 0
-0 -0 -0.1987 0 0 0 0 0 0 0 0 0 0 0 0 -0.1987 0.013576 -0.017538 0 0 0
-0 -0 -0.20152 0 0 0 0 0 0 0 0 0 0 0 0 -0.20152 0.013743 -0.017806 0 0 0
0 0 0.23347 0 0 0 0 0 0 0 0 0 0 0 0 0.23347 -0.019986 0.016697 0 0 0
0 0 0.28329 0 0 0 0 0 0 0 0 0 0 0 0 0.28329 -0.024722 0.019629 0 0 0
0 0 0.2615 0 0 0 0 0 0 0 0 0 0 0 0 0.2615 -0.022633 0.018376 0 0 0
0 0 0.089069 0 0 0 0 0 0 0 0 0 0 0 0 0.089069 -0.0071594 0.006917 0 0 0
0 0 0.17447 0 0 0 0 0 0 0 0 0 0 0 0 0.17447 -0.014576 0.012926 0 0 0
-0 -0 -0.17466 0 0 0 0 0 0 0 0 0 0 0 0 -0.17466 0.012123 -0.015278 0 0 0
0 0 0.26952 0 0 0 0 0 0 0 0 0 0 0 0 0.26952 -0.023398 0.018842 0 0 0
0 0 0.13036 0 0 0 0 0 0 0 0 0 0 0 0 0.13036 -0.010681 0.009901 0 0 0
-0 -0 -0.14982 0 0 0 0 0 0 0 0 0 0 0 0 -0.14982 0.010564 -0.012979 0 0 0
0 0 0.19462 0 0 0 0 0 0 0 0 0 0 0 0 0.19462 -0.016398 0.01425 0 0 0
0 0 0.042111 0 0 0 0 0 0 0 0 0 0 0 0 0.042111 -0.003308 0.0033497 0 0 0
0 0 0.1648 0 0 0 0 0 0 0 0 0 0 0 0 0.1648 -0.013711 0.012278 0 0 0
0 0 0.20718 0 0 0 0 0 0 0 0 0 0 0 0 0.20718 -0.017548 0.015056 0 0 0
-0 -0 -0.0049258 0 0 0 0 0 0 0 0 0 0 0 0 -0.0049258 0.00037765 -0.00040084 0 0 0
-0 -0 -0.15604 0 0 0 0 0 0 0 0 0 0 0 0 -0.15604 0.010959 -0.013551 0 0 0
0 0 0.16217 0 0 0 0 0 0 0 0 0 0 0 0 0.16217 -0.013476 0.0121 0 0 0
-0 -0 -0.27991 0 0 0 0 0 0 0 0 0 0 0 0 -0.27991 0.018077 -0.025421 0 0 0
0 0 0.26407 0 0 0 0 0 0 0 0 0 0 0 0 0.26407 -0.022878 0.018526 0 0 0
0 0 0.20892 0 0 0 0 0 0 0 0 0 0 0 0 0.20892 -0.017708 0.015167 0 0 0
0 0 0.037972 0 0 0 0 0 0 0 0 0 0 0 0 0.037972 -0.0029767 0.0030267 0 0 0
0 0 0.22738 0 0 0 0 0 0 0 0 0 0 0 0 0.22738 -0.019417 0.016323 0 0 0
0 0 0.044614 0 0 0 0 0 0 0 0 0 0 0 0 0.044614 -0.003509 0.0035443 0 0 0
-0 -0 -0.049659 0 0 0 0 0 0 0 0 0 0 0 0 -0.049659 0.0037155 -0.0041247 0 0 0
-0 -0 -0.26394 0 0 0 0 0 0 0 0 0 0 0 0 -0.26394 0.017243 -0.023843 0 0 0
-0 -0 -0.19261 0 0 0 0 0 0 0 0 0 0 0 0 -0.19261 0.013213 -0.016962 0 0 0
0 0 0.041994 0 0 0 0 0 0 0 0 0 0 0 0 0.041994 -0.0032987 0.0033406 0 0 0
0 0 0.038004 0 0 0 0 0 0 0 0 0 0 0 0 0.038004 -0.0029792 0.0030292 0 0 0
-0 -0 -0.20814 0 0 0 0 0 0 0 0 0 0 0 0 -0.20814 0.014132 -0.018435 0 0 0
0 0 0.24812 0 0 0 0 0 0 0 0 0 0 0 0 0.24812 -0.021364 0.017584 0 0 0
0 0 0.25078 0 0 0 0 0 0 0 0 0 0 0 0 0.25078 -0.021615 0.017742 0 0 0
0 0 0.3479 0 0 0 0 0 0 0 0 0 0 0 0 0.3479 -0.03107 0.023074 0 0 0
-0 -0 -0.32669 0 0 0 0 0 0 0 0 0 0 0 0 -0.32669 0.020374 -0.03012 0 0 0
0 0 0.32257 0 0 0 0 0 0 0 0 0 0 0 0 0.32257 -0.028555 0.021772 0 0 0
0 0 0.189 0 0 0 0 0 0 0 0 0 0 0 0 0.189 -0.015888 0.013884 0 0 0
0 0 0.2194 0 0 0 0 0 0 0 0 0 0 0 0 0.2194 -0.018676 0.015827 0 0 0
-0 -0 -0.02537 0 0 0 0 0 0 0 0 0 0 0 0 -0.02537 0.0019238 -0.0020842 0 0 0
0 0 0.14949 0 0 0 0 0 0 0 0 0 0 0 0 0.14949 -0.012354 0.011234 0 0 0
0 0 0.10977 0 0 0 0 0 0 0 0 0 0 0 0 0.10977 -0.0089092 0.0084311 0 0 0
0 0 0.2928 0 0 0 0 0 0 0 0 0 0 0 0 0.2928 -0.025642 0.020162 0 0 0
0 0 0.29046 0 0 0 0 0 0 0 0 0 0 0 0 0.29046 -0.025415 0.020031 0 0 0
-0 -0 -0.16389 0 0 0 0 0 0 0 0 0 0 0 0 -0.16389 0.011454 -0.014276 0 0 0
0 0 0.0096559 0 0 0 0 0 0 0 0 0 0 0 0 0.0096559 -0.000746 0.00078033 0 0 0
0 0 0.25335 0 0 0 0 0 0 0 0 0 0 0 0 0.25335 -0.021858 0.017895 0 0 0
0 0 0.13739 0 0 0 0 0 0 0 0 0 0 0 0 0.13739 -0.011293 0.010395 0 0 0
-0 -0 -0.14506 0 0 0 0 0 0 0 0 0 0 0 0 -0.14506 0.010259 -0.012543 0 0 0
-0 -0 -0.23558 0 0 0 0 0 0 0 0 0 0 0 0 -0.23558 0.015699 -0.021073 0 0 0
0 0 0.17398 0 0 0 0 0 0 0 0 0 0 0 0 0.17398 -0.014532 0.012893 0 0 0
0 0 0.27223 0 0 0 0 0 0 0 0 0 0 0 0 0.27223 -0.023659 0.018999 0 0 0
-0 -0 -0.070247 0 0 0 0 0 0 0 0 0 0 0 0 -0.070247 0.0051951 -0.005888 0 0 0
0 0 0.079004 0 0 0 0 0 0 0 0 0 0 0 0 0.079004 -0.0063198 0.0061676 0 0 0
-0 -0 -0.017152 0 0 0 0 0 0 0 0 0 0 0 0 -0.017152 0.0013065 -0.0014038 0 0 0
-0 -0 -0.32454 0 0 0 0 0 0 0 0 0 0 0 0 -0.32454 0.020273 -0.029901 0 0 0
0 0 0.010625 0 0 0 0 0 0 0 0 0 0 0 0 0.010625 -0.00082126 0.00085822 0 0 0
-0 -0 -0.145 0 0 0 0 0 0 0 0 0 0 0 0 -0.145 0.010255 -0.012537 0 0 0
0 0 0.05642 0 0 0 0 0 0 0 0 0 0 0 0 0.05642 -0.0044638 0.0044558 0 0 0
0 0 0.12418 0 0 0 0 0 0 0 0 0 0 0 0 0.12418 -0.010146 0.0094638 0 0 0
-0 -0 -0.30666 0 0 0 0 0 0 0 0 0 0 0 0 -0.30666 0.019417 -0.028095 0 0 0
-0 -0 -0.096935 0 0 0 0 0 0 0 0 0 0 0 0 -0.096935 0.0070585 -0.0082184 0 0 0
0 0 0.31165 0 0 0 0 0 0 0 0 0 0 0 0 0.31165 -0.027481 0.021191 0 0 0
-0 -0 -0.054822 0 0 0 0 0 0 0 0 0 0 0 0 -0.054822 0.00409 -0.0045641 0 0 0
-0 -0 -0.24722 0 0 0 0 0 0 0 0 0 0 0 0 -0.24722 0.016342 -0.022204 0 0 0
-0 -0 -0.24775 0 0 0 0 0 0 0 0 0 0 0 0 -0.24775 0.016371 -0.022255 0 0 0
-0 -0 -0.26271 0 0 0 0 0 0 0 0 0 0 0 0 -0.26271 0.017177 -0.023722 0 0 0
0 0 0.27421 0 0 0 0 0 0 0 0 0 0 0 0 0.27421 -0.023848 0.019112 0 0 0
0 0 0.21848 0 0 0 0 0 0 0 0 0 0 0 0 0.21848 -0.018591 0.01577 0 0 0
-0 -0 -0.081241 0 0 0 0 0 0 0 0 0 0 0 0 -0.081241 0.0059702 -0.006842 0 0 0
0 0 0.32254 0 0 0 0 0 0 0 0 0 0 0 0 0.32254 -0.028552 0.02177 0 0 0
0 0 0.25998 0 0 0 0 0 0 0 0 0 0 0 0 0.25998 -0.022488 0.018287 0 0 0
-0 -0 -0.16442 0 0 0 0 0 0 0 0 0 0 0 0 -0.16442 0.011487 -0.014325 0 0 0
-0 -0 -0.15214 0 0 0 0 0 0 0 0 0 0 0 0 -0.15214 0.010712 -0.013192 0 0 0
0 0 0.21691 0 0 0 0 0 0 0 0 0 0 0 0 0.21691 -0.018446 0.015671 0 0 0
0 0 0.31115 0 0 0 0 0 0 0 0 0 0 0 0 0.31115 -0.027432 0.021164 0 0 0
-0 -0 -0.32917 0 0 0 0 0 0 0 0 0 0 0 0 -0.32917 0.020489 -0.030371 0 0 0
0 0 0.015176 0 0 0 0 0 0 0 0 0 0 0 0 0.015176 -0.0011759 0.0012232 0 0 0
0 0 0.19108 0 0 0 0 0 0 0 0 0 0 0 0 0.19108 -0.016076 0.01402 0 0 0
-0 -0 -0.20287 0 0 0 0 0 0 0 0 0 0 0 0 -0.20287 0.013823 -0.017934 0 0 0
-0 -0 -0.33756 0 0 0 0 0 0 0 0 0 0 0 0 -0.33756 0.020876 -0.031226 0 0 0
-0 -0 -0.10686 0 0 0 0 0 0 0 0 0 0 0 0 -0.10686 0.0077354 -0.0090976 0 0 0
-0 -0 -0.33124 0 0 0 0 0 0 0 0 0 0 0 0 -0.33124 0.020586 -0.030582 0 0 0
