0 0 0.26807 0 0 0 0 0 0 0 0 0 0 0 0 0.26807 -0.025082 0.04114 0 0 0
0 0 0.024535 0 0 0 0 0 0 0 0 0 0 0 0 0.024535 -0.0018266 0.0040281 0 0 0
-0 -0 -0.18704 0 0 0 0 0 0 0 0 0 0 0 0 -0.18704 0.01059 -0.031962 0 0 0
0 0 0.32114 0 0 0 0 0 0 0 0 0 0 0 0 0.32114 -0.031303 0.048406 0 0 0
-0 -0 -0.21565 0 0 0 0 0 0 0 0 0 0 0 0 -0.21565 0.011676 -0.037004 0 0 0
-0 -0 -0.16447 0 0 0 0 0 0 0 0 0 0 0 0 -0.16447 0.0096318 -0.028007 0 0 0
-0 -0 -0.30014 0 0 0 0 0 0 0 0 0 0 0 0 -0.30014 0.014035 -0.052047 0 0 0
0 0 0.058668 0 0 0 0 0 0 0 0 0 0 0 0 0.058668 -0.0045311 0.009555 0 0 0
-0 -0 -0.20194 0 0 0 0 0 0 0 0 0 0 0 0 -0.20194 0.011173 -0.034584 0 0 0
0 0 0.28936 0 0 0 0 0 0 0 0 0 0 0 0 0.28936 -0.027532 0.044094 0 0 0
0 0 0.29035 0 0 0 0 0 0 0 0 0 0 0 0 0.29035 -0.027647 0.04423 0 0 0
-0 -0 -0.095219 0 0 0 0 0 0 0 0 0 0 0 0 -0.095219 0.0061388 -0.016024 0 0 0
0 0 0.066706 0 0 0 0 0 0 0 0 0 0 0 0 0.066706 -0.0051953 0.010843 0 0 0
0 0 0.077062 0 0 0 0 0 0 0 0 0 0 0 0 0.077062 -0.0060663 0.012494 0 0 0
-0 -0 -0.33566 0 0 0 0 0 0 0 0 0 0 0 0 -0.33566 0.014646 -0.058421 0 0 0
0 0 0.2065 0 0 0 0 0 0 0 0 0 0 0 0 0.2065 -0.018359 0.032309 0 0 0
-0 -0 -0.044356 0 0 0 0 0 0 0 0 0 0 0 0 -0.044356 0.0030494 -0.0073914 0 0 0
0 0 0.04923 0 0 0 0 0 0 0 0 0 0 0 0 0.04923 -0.0037645 0.0080362 0 0 0
0 0 0.20253 0 0 0 0 0 0 0 0 0 0 0 0 0.20253 -0.017944 0.031726 0 0 0
-0 -0 -0.10931 0 0 0 0 0 0 0 0 0 0 0 0 -0.10931 0.0069165 -0.018441 0 0 0
0 0 0.26695 0 0 0 0 0 0 0 0 0 0 0 0 0.26695 -0.024955 0.040982 0 0 0
0 0 0.33009 0 0 0 0 0 0 0 0 0 0 0 0 0.33009 -0.032391 0.049599 0 0 0
-0 -0 -0.18865 0 0 0 0 0 0 0 0 0 0 0 0 -0.18865 0.010655 -0.032244 0 0 0
-0 -0 -0.059973 0 0 0 0 0 0 0 0 0 0 0 0 -0.059973 0.0040446 -0.010025 0 0 0
-0 -0 -0.26355 0 0 0 0 0 0 0 0 0 0 0 0 -0.26355 0.013169 -0.045508 0 0 0
0 0 0.25873 0 0 0 0 0 0 0 0 0 0 0 0 0.25873 -0.024027 0.039827 0 0 0
0 0 0.23572 0 0 0 0 0 0 0 0 0 0 0 0 0.23572 -0.021481 0.036551 0 0 0
0 0 0.032627 0 0 0 0 0 0 0 0 0 0 0 0 0.032627 -0.0024507 0.0053467 0 0 0
0 0 0.1168 0 0 0 0 0 0 0 0 0 0 0 0 0.1168 -0.0095655 0.018744 0 0 0
0 0 0.1239 0 0 0 0 0 0 0 0 0 0 0 0 0.1239 -0.010217 0.019846 0 0 0
-0 -0 -0.17053 0 0 0 0 0 0 0 0 0 0 0 0 -0.17053 0.0098977 -0.029066 0 0 0
0 0 0.31836 0 0 0 0 0 0 0 0 0 0 0 0 0.31836 -0.030967 0.048033 0 0 0
-0 -0 -0.23413 0 0 0 0 0 0 0 0 0 0 0 0 -0.23413 0.0123 -0.040276 0 0 0
0 0 0.31701 0 0 0 0 0 0 0 0 0 0 0 0 0.31701 -0.030805 0.047852 0 0 0
-0 -0 -0.25671 0 0 0 0 0 0 0 0 0 0 0 0 -0.25671 0.012981 -0.044289 0 0 0
-0 -0 -0.04301 0 0 0 0 0 0 0 0 0 0 0 0 -0.04301 0.0029617 -0.0071651 0 0 0
-0 -0 -0.0044359 0 0 0 0 0 0 0 0 0 0 0 0 -0.0044359 0.00031969 -0.00073302 0 0 0
0 0 0.13264 0 0 0 0 0 0 0 0 0 0 0 0 0.13264 -0.01103 0.021197 0 0 0
-0 -0 -0.32581 0 0 0 0 0 0 0 0 0 0 0 0 -0.32581 0.014499 -0.05665 0 0 0
0 0 0.29492 0 0 0 0 0 0 0 0 0 0 0 0 0.29492 -0.028182 0.044858 0 0 0
-0 -0 -0.040047 0 0 0 0 0 0 0 0 0 0 0 0 -0.040047 0.0027676 -0.0066675 0 0 0
-0 -0 -0.17379 0 0 0 0 0 0 0 0 0 0 0 0 -0.17379 0.010038 -0.029637 0 0 0
-0 -0 -0.20187 0 0 0 0 0 0 0 0 0 0 0 0 -0.20187 0.011171 -0.034572 0 0 0
-0 -0 -0.23839 0 0 0 0 0 0 0 0 0 0 0 0 -0.23839 0.012436 -0.041032 0 0 0
0 0 0.045069 0 0 0 0 0 0 0 0 0 0 0 0 0.045069 -0.0034311 0.0073643 0 0 0
0 0 0.094108 0 0 0 0 0 0 0 0 0 0 0 0 0.094108 -0.007537 0.015193 0 0 0
-0 -0 -0.073219 0 0 0 0 0 0 0 0 0 0 0 0 -0.073219 0.0048565 -0.012271 0 0 0
0 0 0.28056 0 0 0 0 0 0 0 0 0 0 0 0 0.28056 -0.026511 0.042879 0 0 0
0 0 0.18292 0 0 0 0 0 0 0 0 0 0 0 0 0.18292 -0.01593 0.028821 0 0 0
-0 -0 -0.10675 0 0 0 0 0 0 0 0 0 0 0 0 -0.10675 0.006778 -0.018002 0 0 0
-0 -0 -0.33848 0 0 0 0 0 0 0 0 0 0 0 0 -0.33848 0.014685 -0.058928 0 0 0
0 0 0.092876 0 0 0 0 0 0 0 0 0 0 0 0 0.092876 -0.0074292 0.014998 0 0 0
-0 -0 -0.3076 0 0 0 0 0 0 0 0 0 0 0 0 -0.3076 0.014182 -0.053383 0 0 0
-0 -0 -0.044469 0 0 0 0 0 0 0 0 0 0 0 0 -0.044469 0.0030568 -0.0074103 0 0 0
-0 -0 -0.1514 0 0 0 0 0 0 0 0 0 0 0 0 -0.1514 0.009036 -0.025726 0 0 0
0 0 0.26463 0 0 0 0 0 0 0 0 0 0 0 0 0.26463 -0.024692 0.040657 0 0 0
-0 -0 -0.29715 0 0 0 0 0 0 0 0 0 0 0 0 -0.29715 0.013973 -0.051511 0 0 0
0 0 0.075837 0 0 0 0 0 0 0 0 0 0 0 0 0.075837 -0.0059623 0.012299 0 0 0
0 0 0.031082 0 0 0 0 0 0 0 0 0 0 0 0 0.031082 -0.0023308 0.0050954 0 0 0
0 0 0.19989 0 0 0 0 0 0 0 0 0 0 0 0 0.19989 -0.01767 0.031338 0 0 0
0 0 0.098547 0 0 0 0 0 0 0 0 0 0 0 0 0.098547 -0.0079275 0.015891 0 0 0
0 0 0.16749 0 0 0 0 0 0 0 0 0 0 0 0 0.16749 -0.014385 0.026508 0 0 0
-0 -0 -0.2857 0 0 0 0 0 0 0 0 0 0 0 0 -0.2857 0.013722 -0.049463 0 0 0
0 0 0.0028755 0 0 0 0 0 0 0 0 0 0 0 0 0.0028755 -0.00020896 0.0004744 0 0 0
0 0 0.29617 0 0 0 0 0 0 0 0 0 0 0 0 0.29617 -0.028328 0.045028 0 0 0
-0 -0 -0.045513 0 0 0 0 0 0 0 0 0 0 0 0 -0.045513 0.0031246 -0.0075859 0 0 0
-0 -0 -0.2119 0 0 0 0 0 0 0 0 0 0 0 0 -0.2119 0.011542 -0.03634 0 0 0
-0 -0 -0.27316 0 0 0 0 0 0 0 0 0 0 0 0 -0.27316 0.01342 -0.047222 0 0 0
0 0 0.028085 0 0 0 0 0 0 0 0 0 0 0 0 0.028085 -0.0020991 0.0046072 0 0 0
-0 -0 -0.12578 0 0 0 0 0 0 0 0 0 0 0 0 -0.12578 0.0077824 -0.021282 0 0 0
0 0 0.084861 0 0 0 0 0 0 0 0 0 0 0 0 0.084861 -0.0067334 0.013732 0 0 0
-0 -0 -0.25915 0 0 0 0 0 0 0 0 0 0 0 0 -0.25915 0.013049 -0.044723 0 0 0
-0 -0 -0.00047169 0 0 0 0 0 0 0 0 0 0 0 0 -0.00047169 3.4148e-05 -7.7878e-05 0 0 0
0 0 0.11263 0 0 0 0 0 0 0 0 0 0 0 0 0.11263 -0.0091868 0.018095 0 0 0
-0 -0 -0.08713 0 0 0 0 0 0 0 0 0 0 0 0 -0.08713 0.0056769 -0.01464 0 0 0
0 0 0.087402 0 0 0 0 0 0 0 0 0 0 0 0 0.087402 -0.006953 0.014134 0 0 0
0 0 0.2465 0 0 0 0 0 0 0 0 0 0 0 0 0.2465 -0.022665 0.038093 0 0 0
-0 -0 -0.12376 0 0 0 0 0 0 0 0 0 0 0 0 -0.12376 0.0076789 -0.020933 0 0 0
-0 -0 -0.32261 0 0 0 0 0 0 0 0 0 0 0 0 -0.32261 0.014448 -0.056076 0 0 0
0 0 0.13922 0 0 0 0 0 0 0 0 0 0 0 0 0.13922 -0.011649 0.022208 0 0 0
-0 -0 -0.29159 0 0 0 0 0 0 0 0 0 0 0 0 -0.29159 0.013854 -0.050515 0 0 0
0 0 0.30344 0 0 0 0 0 0 0 0 0 0 0 0 0.30344 -0.029186 0.046019 0 0 0
-0 -0 -0.31107 0 0 0 0 0 0 0 0 0 0 0 0 -0.31107 0.014247 -0.054006 0 0 0
-0 -0 -0.026585 0 0 0 0 0 0 0 0 0 0 0 0 -0.026585 0.0018671 -0.0044138 0 0 0
-0 -0 -0.17612 0 0 0 0 0 0 0 0 0 0 0 0 -0.17612 0.010137 -0.030045 0 0 0
0 0 0.084541 0 0 0 0 0 0 0 0 0 0 0 0 0.084541 -0.0067059 0.013681 0 0 0
-0 -0 -0.31673 0 0 0 0 0 0 0 0 0 0 0 0 -0.31673 0.014349 -0.055021 0 0 0
0 0 0.23189 0 0 0 0 0 0 0 0 0 0 0 0 0.23189 -0.021065 0.036001 0 0 0
0 0 0.21851 0 0 0 0 0 0 0 0 0 0 0 0 0.21851 -0.019627 0.034064 0 0 0
-0 -0 -0.07389 0 0 0 0 0 0 0 0 0 0 0 0 -0.07389 0.0048968 -0.012385 0 0 0
0 0 0.28211 0 0 0 0 0 0 0 0 0 0 0 0 0.28211 -0.02669 0.043093 0 0 0
0 0 0.29437 0 0 0 0 0 0 0 0 0 0 0 0 0.29437 -0.028117 0.044782 0 0 0
0 0 0.1521 0 0 0 0 0 0 0 0 0 0 0 0 0.1521 -0.012881 0.024177 0 0 0
0 0 0.10882 0 0 0 0 0 0 0 0 0 0 0 0 0.10882 -0.0088433 0.017501 0 0 0
0 0 0.15308 0 0 0 0 0 0 0 0 0 0 0 0 0.15308 -0.012976 0.024326 0 0 0
0 0 0.15084 0 0 0 0 0 0 0 0 0 0 0 0 0.15084 -0.012759 0.023985 0 0 0
0 0 0.16185 0 0 0 0 0 0 0 0 0 0 0 0 0.16185 -0.01383 0.025656 0 0 0
0 0 0.2213 0 0 0 0 0 0 0 0 0 0 0 0 0.2213 -0.019925 0.034469 0 0 0
0 0 0.079203 0 0 0 0 0 0 0 0 0 0 0 0 0.079203 -0.0062485 0.012835 0 0 0
0 0 0.18278 0 0 0 0 0 0 0 0 0 0 0 0 0.18278 -0.015916 0.0288 0 0 0
