0 0 0.16233 0 0 0 0 0 0 0 0 0 0 0 0 0.16233 -0.026214 0.02227 0 0 0
0 0 0.082701 0 0 0 0 0 0 0 0 0 0 0 0 0.082701 -0.012904 0.011878 0 0 0
-0 -0 -0.13071 0 0 0 0 0 0 0 0 0 0 0 0 -0.13071 0.018271 -0.02083 0 0 0
-0 -0 -0.049266 0 0 0 0 0 0 0 0 0 0 0 0 -0.049266 0.007205 -0.007569 0 0 0
0 0 0.077596 0 0 0 0 0 0 0 0 0 0 0 0 0.077596 -0.012079 0.011176 0 0 0
-0 -0 -0.078851 0 0 0 0 0 0 0 0 0 0 0 0 -0.078851 0.011349 -0.012282 0 0 0
-0 -0 -0.25411 0 0 0 0 0 0 0 0 0 0 0 0 -0.25411 0.03289 -0.042524 0 0 0
-0 -0 -0.25111 0 0 0 0 0 0 0 0 0 0 0 0 -0.25111 0.032567 -0.041975 0 0 0
0 0 0.036375 0 0 0 0 0 0 0 0 0 0 0 0 0.036375 -0.0055543 0.0053559 0 0 0
0 0 0.044556 0 0 0 0 0 0 0 0 0 0 0 0 0.044556 -0.0068301 0.0065323 0 0 0
-0 -0 -0.10747 0 0 0 0 0 0 0 0 0 0 0 0 -0.10747 0.015224 -0.016955 0 0 0
0 0 0.27955 0 0 0 0 0 0 0 0 0 0 0 0 0.27955 -0.047211 0.035565 0 0 0
-0 -0 -0.25305 0 0 0 0 0 0 0 0 0 0 0 0 -0.25305 0.032777 -0.042331 0 0 0
0 0 0.1705 0 0 0 0 0 0 0 0 0 0 0 0 0.1705 -0.027626 0.023276 0 0 0
-0 -0 -0.25561 0 0 0 0 0 0 0 0 0 0 0 0 -0.25561 0.033052 -0.042799 0 0 0
0 0 0.072419 0 0 0 0 0 0 0 0 0 0 0 0 0.072419 -0.011247 0.01046 0 0 0
-0 -0 -0.20813 0 0 0 0 0 0 0 0 0 0 0 0 -0.20813 0.027758 -0.034232 0 0 0
0 0 0.0045902 0 0 0 0 0 0 0 0 0 0 0 0 0.0045902 -0.0006901 0.00068694 0 0 0
-0 -0 -0.15476 0 0 0 0 0 0 0 0 0 0 0 0 -0.15476 0.021328 -0.024913 0 0 0
-0 -0 -0.32706 0 0 0 0 0 0 0 0 0 0 0 0 -0.32706 0.040238 -0.05614 0 0 0
-0 -0 -0.31328 0 0 0 0 0 0 0 0 0 0 0 0 -0.31328 0.038927 -0.053529 0 0 0
-0 -0 -0.065441 0 0 0 0 0 0 0 0 0 0 0 0 -0.065441 0.0094881 -0.01013 0 0 0
0 0 0.049172 0 0 0 0 0 0 0 0 0 0 0 0 0.049172 -0.0075541 0.0071915 0 0 0
-0 -0 -0.34868 0 0 0 0 0 0 0 0 0 0 0 0 -0.34868 0.042223 -0.060275 0 0 0
0 0 0.065659 0 0 0 0 0 0 0 0 0 0 0 0 0.065659 -0.010165 0.0095186 0 0 0
0 0 0.097446 0 0 0 0 0 0 0 0 0 0 0 0 0.097446 -0.015305 0.013882 0 0 0
-0 -0 -0.28237 0 0 0 0 0 0 0 0 0 0 0 0 -0.28237 0.035855 -0.047735 0 0 0
0 0 0.24733 0 0 0 0 0 0 0 0 0 0 0 0 0.24733 -0.041287 0.032158 0 0 0
-0 -0 -0.080008 0 0 0 0 0 0 0 0 0 0 0 0 -0.080008 0.011509 -0.012468 0 0 0
-0 -0 -0.25467 0 0 0 0 0 0 0 0 0 0 0 0 -0.25467 0.032951 -0.042627 0 0 0
-0 -0 -0.019141 0 0 0 0 0 0 0 0 0 0 0 0 -0.019141 0.0028435 -0.0028984 0 0 0
-0 -0 -0.21262 0 0 0 0 0 0 0 0 0 0 0 0 -0.21262 0.028276 -0.035031 0 0 0
-0 -0 -0.059726 0 0 0 0 0 0 0 0 0 0 0 0 -0.059726 0.0086862 -0.0092211 0 0 0
0 0 0.050544 0 0 0 0 0 0 0 0 0 0 0 0 0.050544 -0.00777 0.0073868 0 0 0
-0 -0 -0.049213 0 0 0 0 0 0 0 0 0 0 0 0 -0.049213 0.0071974 -0.0075606 0 0 0
-0 -0 -0.019684 0 0 0 0 0 0 0 0 0 0 0 0 -0.019684 0.0029234 -0.0029815 0 0 0
-0 -0 -0.23909 0 0 0 0 0 0 0 0 0 0 0 0 -0.23909 0.031256 -0.03979 0 0 0
-0 -0 -0.19173 0 0 0 0 0 0 0 0 0 0 0 0 -0.19173 0.025835 -0.031333 0 0 0
-0 -0 -0.2393 0 0 0 0 0 0 0 0 0 0 0 0 -0.2393 0.03128 -0.039829 0 0 0
-0 -0 -0.14537 0 0 0 0 0 0 0 0 0 0 0 0 -0.14537 0.020146 -0.02331 0 0 0
-0 -0 -0.085445 0 0 0 0 0 0 0 0 0 0 0 0 -0.085445 0.012254 -0.013348 0 0 0
0 0 0.15086 0 0 0 0 0 0 0 0 0 0 0 0 0.15086 -0.024248 0.02084 0 0 0
0 0 0.083675 0 0 0 0 0 0 0 0 0 0 0 0 0.083675 -0.013061 0.012012 0 0 0
-0 -0 -0.08583 0 0 0 0 0 0 0 0 0 0 0 0 -0.08583 0.012306 -0.013411 0 0 0
-0 -0 -0.037702 0 0 0 0 0 0 0 0 0 0 0 0 -0.037702 0.0055473 -0.0057605 0 0 0
0 0 0.16327 0 0 0 0 0 0 0 0 0 0 0 0 0.16327 -0.026376 0.022387 0 0 0
0 0 0.037414 0 0 0 0 0 0 0 0 0 0 0 0 0.037414 -0.0057157 0.0055058 0 0 0
-0 -0 -0.14017 0 0 0 0 0 0 0 0 0 0 0 0 -0.14017 0.019485 -0.022427 0 0 0
-0 -0 -0.33034 0 0 0 0 0 0 0 0 0 0 0 0 -0.33034 0.040544 -0.056764 0 0 0
-0 -0 -0.30107 0 0 0 0 0 0 0 0 0 0 0 0 -0.30107 0.037734 -0.051229 0 0 0
-0 -0 -0.12981 0 0 0 0 0 0 0 0 0 0 0 0 -0.12981 0.018155 -0.020679 0 0 0
0 0 0.027353 0 0 0 0 0 0 0 0 0 0 0 0 0.027353 -0.0041585 0.0040463 0 0 0
-0 -0 -0.055359 0 0 0 0 0 0 0 0 0 0 0 0 -0.055359 0.0080698 -0.0085293 0 0 0
0 0 0.072351 0 0 0 0 0 0 0 0 0 0 0 0 0.072351 -0.011236 0.010451 0 0 0
0 0 0.20741 0 0 0 0 0 0 0 0 0 0 0 0 0.20741 -0.034103 0.027674 0 0 0
-0 -0 -0.27774 0 0 0 0 0 0 0 0 0 0 0 0 -0.27774 0.03538 -0.046877 0 0 0
-0 -0 -0.063664 0 0 0 0 0 0 0 0 0 0 0 0 -0.063664 0.0092392 -0.009847 0 0 0
0 0 0.19741 0 0 0 0 0 0 0 0 0 0 0 0 0.19741 -0.032332 0.026506 0 0 0
-0 -0 -0.18909 0 0 0 0 0 0 0 0 0 0 0 0 -0.18909 0.025522 -0.030869 0 0 0
0 0 0.030592 0 0 0 0 0 0 0 0 0 0 0 0 0.030592 -0.0046583 0.004518 0 0 0
-0 -0 -0.14765 0 0 0 0 0 0 0 0 0 0 0 0 -0.14765 0.020435 -0.023698 0 0 0
-0 -0 -0.29233 0 0 0 0 0 0 0 0 0 0 0 0 -0.29233 0.036864 -0.049592 0 0 0
-0 -0 -0.21322 0 0 0 0 0 0 0 0 0 0 0 0 -0.21322 0.028345 -0.035138 0 0 0
-0 -0 -0.34645 0 0 0 0 0 0 0 0 0 0 0 0 -0.34645 0.042021 -0.059846 0 0 0
0 0 0.33847 0 0 0 0 0 0 0 0 0 0 0 0 0.33847 -0.058317 0.041296 0 0 0
0 0 0.13619 0 0 0 0 0 0 0 0 0 0 0 0 0.13619 -0.021755 0.018977 0 0 0
-0 -0 -0.22778 0 0 0 0 0 0 0 0 0 0 0 0 -0.22778 0.029997 -0.037746 0 0 0
0 0 0.074223 0 0 0 0 0 0 0 0 0 0 0 0 0.074223 -0.011536 0.01071 0 0 0
0 0 0.063899 0 0 0 0 0 0 0 0 0 0 0 0 0.063899 -0.0098845 0.0092722 0 0 0
-0 -0 -0.23155 0 0 0 0 0 0 0 0 0 0 0 0 -0.23155 0.03042 -0.038426 0 0 0
-0 -0 -0.12773 0 0 0 0 0 0 0 0 0 0 0 0 -0.12773 0.017886 -0.02033 0 0 0
0 0 0.2683 0 0 0 0 0 0 0 0 0 0 0 0 0.2683 -0.045131 0.034398 0 0 0
0 0 0.2213 0 0 0 0 0 0 0 0 0 0 0 0 0.2213 -0.036582 0.029266 0 0 0
0 0 0.24688 0 0 0 0 0 0 0 0 0 0 0 0 0.24688 -0.041204 0.032108 0 0 0
-0 -0 -0.10451 0 0 0 0 0 0 0 0 0 0 0 0 -0.10451 0.01483 -0.016467 0 0 0
0 0 0.085101 0 0 0 0 0 0 0 0 0 0 0 0 0.085101 -0.013293 0.012207 0 0 0
0 0 0.34095 0 0 0 0 0 0 0 0 0 0 0 0 0.34095 -0.058793 0.041523 0 0 0
0 0 0.27858 0 0 0 0 0 0 0 0 0 0 0 0 0.27858 -0.047031 0.035465 0 0 0
0 0 0.093367 0 0 0 0 0 0 0 0 0 0 0 0 0.093367 -0.014638 0.013331 0 0 0
-0 -0 -0.3007 0 0 0 0 0 0 0 0 0 0 0 0 -0.3007 0.037697 -0.051158 0 0 0
0 0 0.17144 0 0 0 0 0 0 0 0 0 0 0 0 0.17144 -0.02779 0.023392 0 0 0
0 0 0.15549 0 0 0 0 0 0 0 0 0 0 0 0 0.15549 -0.02504 0.021421 0 0 0
-0 -0 -0.21364 0 0 0 0 0 0 0 0 0 0 0 0 -0.21364 0.028393 -0.035213 0 0 0
-0 -0 -0.2873 0 0 0 0 0 0 0 0 0 0 0 0 -0.2873 0.036357 -0.048653 0 0 0
0 0 0.096241 0 0 0 0 0 0 0 0 0 0 0 0 0.096241 -0.015108 0.01372 0 0 0
-0 -0 -0.15056 0 0 0 0 0 0 0 0 0 0 0 0 -0.15056 0.020802 -0.024195 0 0 0
-0 -0 -0.23836 0 0 0 0 0 0 0 0 0 0 0 0 -0.23836 0.031175 -0.039658 0 0 0
-0 -0 -0.27585 0 0 0 0 0 0 0 0 0 0 0 0 -0.27585 0.035183 -0.046525 0 0 0
-0 -0 -0.15375 0 0 0 0 0 0 0 0 0 0 0 0 -0.15375 0.021203 -0.024742 0 0 0
0 0 0.34226 0 0 0 0 0 0 0 0 0 0 0 0 0.34226 -0.059044 0.041643 0 0 0
-0 -0 -0.026184 0 0 0 0 0 0 0 0 0 0 0 0 -0.026184 0.0038758 -0.0039786 0 0 0
0 0 0.30591 0 0 0 0 0 0 0 0 0 0 0 0 0.30591 -0.052139 0.03821 0 0 0
-0 -0 -0.059701 0 0 0 0 0 0 0 0 0 0 0 0 -0.059701 0.0086826 -0.009217 0 0 0
-0 -0 -0.067345 0 0 0 0 0 0 0 0 0 0 0 0 -0.067345 0.009754 -0.010434 0 0 0
0 0 0.089124 0 0 0 0 0 0 0 0 0 0 0 0 0.089124 -0.013946 0.012756 0 0 0
0 0 0.33953 0 0 0 0 0 0 0 0 0 0 0 0 0.33953 -0.05852 0.041394 0 0 0
-0 -0 -0.25672 0 0 0 0 0 0 0 0 0 0 0 0 -0.25672 0.033171 -0.043002 0 0 0
0 0 0.096991 0 0 0 0 0 0 0 0 0 0 0 0 0.096991 -0.015231 0.013821 0 0 0
0 0 0.13878 0 0 0 0 0 0 0 0 0 0 0 0 0.13878 -0.022192 0.019308 0 0 0
-0 -0 -0.29697 0 0 0 0 0 0 0 0 0 0 0 0 -0.29697 0.037327 -0.050459 0 0 0
