-0 -0 -0 0.14125 0 0 0 0 0 0 0 0.13911 -0.024528 0 0 0
-0 -0 -0 0.17579 0 0 0 0 0 0 0 0.17312 -0.030526 0 0 0
0 0 0 0.1487 0 0 0 0 0 0 0 0.14644 -0.025822 0 0 0
0 0 0 0.199 0 0 0 0 0 0 0 0.19598 -0.034556 0 0 0
-0 -0 -0 0.093611 0 0 0 0 0 0 0 0.092189 -0.016255 0 0 0
0 0 0 0.16471 0 0 0 0 0 0 0 0.16221 -0.028601 0 0 0
0 0 0 0.17184 0 0 0 0 0 0 0 0.16923 -0.029839 0 0 0
-0 -0 -0 0.055503 0 0 0 0 0 0 0 0.05466 -0.009638 0 0 0
-0 -0 -0 0.15206 0 0 0 0 0 0 0 0.14975 -0.026404 0 0 0
0 0 0 0.041852 0 0 0 0 0 0 0 0.041216 -0.0072675 0 0 0
-0 -0 -0 0.18492 0 0 0 0 0 0 0 0.18211 -0.032111 0 0 0
0 0 0 0.11269 0 0 0 0 0 0 0 0.11098 -0.019568 0 0 0
-0 -0 -0 0.16735 0 0 0 0 0 0 0 0.16481 -0.02906 0 0 0
-0 -0 -0 0.16503 0 0 0 0 0 0 0 0.16252 -0.028657 0 0 0
-0 -0 -0 0.075201 0 0 0 0 0 0 0 0.074059 -0.013059 0 0 0
-0 -0 -0 0.096359 0 0 0 0 0 0 0 0.094895 -0.016733 0 0 0
-0 -0 -0 0.1669 0 0 0 0 0 0 0 0.16436 -0.028981 0 0 0
-0 -0 -0 0.060855 0 0 0 0 0 0 0 0.05993 -0.010567 0 0 0
0 0 0 0.10021 0 0 0 0 0 0 0 0.098688 -0.017401 0 0 0
-0 -0 -0 0.1766 0 0 0 0 0 0 0 0.17391 -0.030666 0 0 0
0 0 0 0.060416 0 0 0 0 0 0 0 0.059499 -0.010491 0 0 0
0 0 0 0.069752 0 0 0 0 0 0 0 0.068692 -0.012112 0 0 0
0 0 0 0.031309 0 0 0 0 0 0 0 0.030833 -0.0054367 0 0 0
0 0 0 0.063611 0 0 0 0 0 0 0 0.062645 -0.011046 0 0 0
0 0 0 0.0329 0 0 0 0 0 0 0 0.0324 -0.0057129 0 0 0
0 0 0 0.11254 0 0 0 0 0 0 0 0.11083 -0.019542 0 0 0
0 0 0 0.038875 0 0 0 0 0 0 0 0.038285 -0.0067507 0 0 0
-0 -0 -0 0.087431 0 0 0 0 0 0 0 0.086102 -0.015182 0 0 0
-0 -0 -0 0.030103 0 0 0 0 0 0 0 0.029645 -0.0052273 0 0 0
-0 -0 -0 0.087633 0 0 0 0 0 0 0 0.086302 -0.015217 0 0 0
0 0 0 0.056469 0 0 0 0 0 0 0 0.055611 -0.0098057 0 0 0
0 0 0 0.032686 0 0 0 0 0 0 0 0.032189 -0.0056759 0 0 0
-0 -0 -0 0.003391 0 0 0 0 0 0 0 0.0033395 -0.00058884 0 0 0
-0 -0 -0 0.058357 0 0 0 0 0 0 0 0.057471 -0.010134 0 0 0
-0 -0 -0 0.032299 0 0 0 0 0 0 0 0.031808 -0.0056087 0 0 0
0 0 0 0.079919 0 0 0 0 0 0 0 0.078704 -0.013878 0 0 0
-0 -0 -0 0.03799 0 0 0 0 0 0 0 0.037413 -0.0065969 0 0 0
0 0 0 0.14388 0 0 0 0 0 0 0 0.14169 -0.024984 0 0 0
-0 -0 -0 0.19633 0 0 0 0 0 0 0 0.19335 -0.034092 0 0 0
-0 -0 -0 0.051471 0 0 0 0 0 0 0 0.050689 -0.0089379 0 0 0
-0 -0 -0 0.075317 0 0 0 0 0 0 0 0.074173 -0.013079 0 0 0
-0 -0 -0 0.18711 0 0 0 0 0 0 0 0.18427 -0.032491 0 0 0
0 0 0 0.05534 0 0 0 0 0 0 0 0.054499 -0.0096097 0 0 0
-0 -0 -0 0.17765 0 0 0 0 0 0 0 0.17495 -0.030849 0 0 0
-0 -0 -0 0.097947 0 0 0 0 0 0 0 0.096459 -0.017008 0 0 0
0 0 0 0.088733 0 0 0 0 0 0 0 0.087385 -0.015408 0 0 0
0 0 0 0.15434 0 0 0 0 0 0 0 0.15199 -0.0268 0 0 0
-0 -0 -0 0.027365 0 0 0 0 0 0 0 0.026949 -0.0047519 0 0 0
0 0 0 0.14955 0 0 0 0 0 0 0 0.14727 -0.025969 0 0 0
-0 -0 -0 0.15345 0 0 0 0 0 0 0 0.15111 -0.026645 0 0 0
-0 -0 -0 0.047175 0 0 0 0 0 0 0 0.046458 -0.0081918 0 0 0
-0 -0 -0 0.094932 0 0 0 0 0 0 0 0.09349 -0.016485 0 0 0
0 0 0 0.048999 0 0 0 0 0 0 0 0.048254 -0.0085085 0 0 0
-0 -0 -0 0.096619 0 0 0 0 0 0 0 0.095151 -0.016778 0 0 0
-0 -0 -0 0.041417 0 0 0 0 0 0 0 0.040788 -0.007192 0 0 0
0 0 0 0.17964 0 0 0 0 0 0 0 0.17691 -0.031194 0 0 0
-0 -0 -0 0.19699 0 0 0 0 0 0 0 0.194 -0.034207 0 0 0
0 0 0 0.12666 0 0 0 0 0 0 0 0.12474 -0.021995 0 0 0
-0 -0 -0 0.05431 0 0 0 0 0 0 0 0.053485 -0.0094309 0 0 0
-0 -0 -0 0.1061 0 0 0 0 0 0 0 0.10449 -0.018425 0 0 0
-0 -0 -0 0.079199 0 0 0 0 0 0 0 0.077996 -0.013753 0 0 0
-0 -0 -0 0.016397 0 0 0 0 0 0 0 0.016148 -0.0028474 0 0 0
-0 -0 -0 0.14456 0 0 0 0 0 0 0 0.14236 -0.025102 0 0 0
-0 -0 -0 0.077669 0 0 0 0 0 0 0 0.076489 -0.013487 0 0 0
0 0 0 0.12586 0 0 0 0 0 0 0 0.12394 -0.021854 0 0 0
-0 -0 -0 0.01257 0 0 0 0 0 0 0 0.012379 -0.0021827 0 0 0
0 0 0 0.0014512 0 0 0 0 0 0 0 0.0014292 -0.000252 0 0 0
0 0 0 0.18988 0 0 0 0 0 0 0 0.187 -0.032973 0 0 0
-0 -0 -0 0.048946 0 0 0 0 0 0 0 0.048203 -0.0084994 0 0 0
-0 -0 -0 0.14854 0 0 0 0 0 0 0 0.14629 -0.025794 0 0 0
-0 -0 -0 0.14058 0 0 0 0 0 0 0 0.13844 -0.024411 0 0 0
0 0 0 0.1485 0 0 0 0 0 0 0 0.14624 -0.025787 0 0 0
0 0 0 0.036777 0 0 0 0 0 0 0 0.036218 -0.0063863 0 0 0
0 0 0 0.17915 0 0 0 0 0 0 0 0.17643 -0.031109 0 0 0
-0 -0 -0 0.061658 0 0 0 0 0 0 0 0.060721 -0.010707 0 0 0
0 0 0 0.11789 0 0 0 0 0 0 0 0.1161 -0.020471 0 0 0
-0 -0 -0 0.13982 0 0 0 0 0 0 0 0.13769 -0.024279 0 0 0
0 0 0 0.15287 0 0 0 0 0 0 0 0.15055 -0.026546 0 0 0
0 0 0 0.18427 0 0 0 0 0 0 0 0.18147 -0.031998 0 0 0
0 0 0 0.0061583 0 0 0 0 0 0 0 0.0060647 -0.0010694 0 0 0
0 0 0 0.077907 0 0 0 0 0 0 0 0.076723 -0.013528 0 0 0
0 0 0 0.10714 0 0 0 0 0 0 0 0.10552 -0.018605 0 0 0
0 0 0 0.067226 0 0 0 0 0 0 0 0.066205 -0.011674 0 0 0
0 0 0 0.04439 0 0 0 0 0 0 0 0.043715 -0.0077082 0 0 0
0 0 0 0.19353 0 0 0 0 0 0 0 0.19059 -0.033606 0 0 0
-0 -0 -0 0.13059 0 0 0 0 0 0 0 0.12861 -0.022677 0 0 0
-0 -0 -0 0.19622 0 0 0 0 0 0 0 0.19324 -0.034074 0 0 0
-0 -0 -0 0.0046016 0 0 0 0 0 0 0 0.0045317 -0.00079906 0 0 0
0 0 0 0.085986 0 0 0 0 0 0 0 0.08468 -0.014931 0 0 0
-0 -0 -0 0.00061107 0 0 0 0 0 0 0 0.00060178 -0.00010611 0 0 0
-0 -0 -0 0.17424 0 0 0 0 0 0 0 0.17159 -0.030256 0 0 0
0 0 0 0.18145 0 0 0 0 0 0 0 0.17869 -0.031508 0 0 0
-0 -0 -0 0.19159 0 0 0 0 0 0 0 0.18868 -0.033269 0 0 0
0 0 0 0.11661 0 0 0 0 0 0 0 0.11484 -0.02025 0 0 0
-0 -0 -0 0.0062865 0 0 0 0 0 0 0 0.006191 -0.0010916 0 0 0
0 0 0 0.049061 0 0 0 0 0 0 0 0.048316 -0.0085193 0 0 0
-0 -0 -0 0.19154 0 0 0 0 0 0 0 0.18863 -0.03326 0 0 0
-0 -0 -0 0.009603 0 0 0 0 0 0 0 0.0094571 -0.0016675 0 0 0
-0 -0 -0 0.13389 0 0 0 0 0 0 0 0.13186 -0.02325 0 0 0
0 0 0 0.10382 0 0 0 0 0 0 0 0.10224 -0.018027 0 0 0
