0 0 0 0.16034 0 0 0 0 0 0 0 0.13886 -0.08017 0 0 0
-0 -0 -0 0.19725 0 0 0 0 0 0 0 0.17083 -0.098627 0 0 0
-0 -0 -0 0.10578 0 0 0 0 0 0 0 0.091609 -0.05289 0 0 0
0 0 0 0.067466 0 0 0 0 0 0 0 0.058428 -0.033733 0 0 0
-0 -0 -0 0.01798 0 0 0 0 0 0 0 0.015572 -0.0089902 0 0 0
-0 -0 -0 0.079765 0 0 0 0 0 0 0 0.069078 -0.039882 0 0 0
0 0 0 0.12992 0 0 0 0 0 0 0 0.11252 -0.064961 0 0 0
-0 -0 -0 0.066865 0 0 0 0 0 0 0 0.057907 -0.033432 0 0 0
0 0 0 0.18912 0 0 0 0 0 0 0 0.16378 -0.094561 0 0 0
-0 -0 -0 0.11034 0 0 0 0 0 0 0 0.095559 -0.055171 0 0 0
0 0 0 0.11968 0 0 0 0 0 0 0 0.10365 -0.059842 0 0 0
-0 -0 -0 0.079745 0 0 0 0 0 0 0 0.069061 -0.039872 0 0 0
-0 -0 -0 0.16216 0 0 0 0 0 0 0 0.14044 -0.081081 0 0 0
-0 -0 -0 0.06226 0 0 0 0 0 0 0 0.053919 -0.03113 0 0 0
-0 -0 -0 0.020461 0 0 0 0 0 0 0 0.01772 -0.01023 0 0 0
-0 -0 -0 0.19259 0 0 0 0 0 0 0 0.16678 -0.096293 0 0 0
0 0 0 0.024745 0 0 0 0 0 0 0 0.02143 -0.012373 0 0 0
0 0 0 0.057312 0 0 0 0 0 0 0 0.049634 -0.028656 0 0 0
-0 -0 -0 0.072851 0 0 0 0 0 0 0 0.063091 -0.036426 0 0 0
0 0 0 0.17802 0 0 0 0 0 0 0 0.15417 -0.089011 0 0 0
-0 -0 -0 0.028639 0 0 0 0 0 0 0 0.024802 -0.01432 0 0 0
0 0 0 0.017128 0 0 0 0 0 0 0 0.014834 -0.0085642 0 0 0
-0 -0 -0 0.12306 0 0 0 0 0 0 0 0.10657 -0.061528 0 0 0
-0 -0 -0 0.034815 0 0 0 0 0 0 0 0.03015 -0.017407 0 0 0
-0 -0 -0 0.010337 0 0 0 0 0 0 0 0.0089525 -0.0051687 0 0 0
-0 -0 -0 0.13524 0 0 0 0 0 0 0 0.11713 -0.067622 0 0 0
0 0 0 0.06387 0 0 0 0 0 0 0 0.055313 -0.031935 0 0 0
0 0 0 0.045199 0 0 0 0 0 0 0 0.039143 -0.022599 0 0 0
0 0 0 0.12013 0 0 0 0 0 0 0 0.10404 -0.060065 0 0 0
-0 -0 -0 0.18981 0 0 0 0 0 0 0 0.16438 -0.094904 0 0 0
-0 -0 -0 0.045107 0 0 0 0 0 0 0 0.039064 -0.022554 0 0 0
0 0 0 0.10559 0 0 0 0 0 0 0 0.091446 -0.052796 0 0 0
0 0 0 0.0086801 0 0 0 0 0 0 0 0.0075172 -0.0043401 0 0 0
-0 -0 -0 0.15663 0 0 0 0 0 0 0 0.13565 -0.078317 0 0 0
0 0 0 0.084711 0 0 0 0 0 0 0 0.073362 -0.042355 0 0 0
-0 -0 -0 0.044737 0 0 0 0 0 0 0 0.038744 -0.022369 0 0 0
0 0 0 0.18392 0 0 0 0 0 0 0 0.15928 -0.091959 0 0 0
-0 -0 -0 0.11495 0 0 0 0 0 0 0 0.09955 -0.057475 0 0 0
-0 -0 -0 0.011263 0 0 0 0 0 0 0 0.0097536 -0.0056313 0 0 0
-0 -0 -0 0.064224 0 0 0 0 0 0 0 0.05562 -0.032112 0 0 0
0 0 0 0.15166 0 0 0 0 0 0 0 0.13134 -0.07583 0 0 0
0 0 0 0.16847 0 0 0 0 0 0 0 0.1459 -0.084236 0 0 0
-0 -0 -0 0.18891 0 0 0 0 0 0 0 0.1636 -0.094453 0 0 0
-0 -0 -0 0.035161 0 0 0 0 0 0 0 0.03045 -0.01758 0 0 0
-0 -0 -0 0.16704 0 0 0 0 0 0 0 0.14466 -0.083521 0 0 0
0 0 0 0.15696 0 0 0 0 0 0 0 0.13593 -0.078481 0 0 0
-0 -0 -0 0.066854 0 0 0 0 0 0 0 0.057898 -0.033427 0 0 0
-0 -0 -0 0.0047095 0 0 0 0 0 0 0 0.0040786 -0.0023548 0 0 0
-0 -0 -0 0.0058003 0 0 0 0 0 0 0 0.0050232 -0.0029002 0 0 0
-0 -0 -0 0.1618 0 0 0 0 0 0 0 0.14012 -0.080898 0 0 0
0 0 0 0.13895 0 0 0 0 0 0 0 0.12033 -0.069474 0 0 0
0 0 0 0.057568 0 0 0 0 0 0 0 0.049856 -0.028784 0 0 0
-0 -0 -0 0.13551 0 0 0 0 0 0 0 0.11736 -0.067757 0 0 0
0 0 0 0.025695 0 0 0 0 0 0 0 0.022252 -0.012847 0 0 0
-0 -0 -0 0.17652 0 0 0 0 0 0 0 0.15287 -0.088261 0 0 0
-0 -0 -0 0.05958 0 0 0 0 0 0 0 0.051597 -0.02979 0 0 0
0 0 0 0.063459 0 0 0 0 0 0 0 0.054957 -0.03173 0 0 0
0 0 0 0.17181 0 0 0 0 0 0 0 0.14879 -0.085905 0 0 0
0 0 0 0.10213 0 0 0 0 0 0 0 0.088445 -0.051064 0 0 0
-0 -0 -0 0.14608 0 0 0 0 0 0 0 0.12651 -0.07304 0 0 0
-0 -0 -0 0.1419 0 0 0 0 0 0 0 0.12289 -0.070952 0 0 0
0 0 0 0.18826 0 0 0 0 0 0 0 0.16304 -0.094132 0 0 0
-0 -0 -0 0.076264 0 0 0 0 0 0 0 0.066046 -0.038132 0 0 0
-0 -0 -0 0.05896 0 0 0 0 0 0 0 0.051061 -0.02948 0 0 0
-0 -0 -0 0.073697 0 0 0 0 0 0 0 0.063824 -0.036849 0 0 0
-0 -0 -0 0.15303 0 0 0 0 0 0 0 0.13253 -0.076516 0 0 0
0 0 0 0.019298 0 0 0 0 0 0 0 0.016712 -0.0096489 0 0 0
0 0 0 0.007748 0 0 0 0 0 0 0 0.0067099 -0.003874 0 0 0
-0 -0 -0 0.1534 0 0 0 0 0 0 0 0.13285 -0.076701 0 0 0
-0 -0 -0 0.15796 0 0 0 0 0 0 0 0.1368 -0.078982 0 0 0
-0 -0 -0 0.033045 0 0 0 0 0 0 0 0.028618 -0.016522 0 0 0
0 0 0 0.11705 0 0 0 0 0 0 0 0.10137 -0.058527 0 0 0
0 0 0 0.1415 0 0 0 0 0 0 0 0.12254 -0.070751 0 0 0
-0 -0 -0 0.14224 0 0 0 0 0 0 0 0.12319 -0.071122 0 0 0
-0 -0 -0 0.11346 0 0 0 0 0 0 0 0.098258 -0.056729 0 0 0
-0 -0 -0 0.17857 0 0 0 0 0 0 0 0.15464 -0.089283 0 0 0
-0 -0 -0 0.046827 0 0 0 0 0 0 0 0.040554 -0.023414 0 0 0
0 0 0 0.18619 0 0 0 0 0 0 0 0.16125 -0.093096 0 0 0
-0 -0 -0 0.093869 0 0 0 0 0 0 0 0.081293 -0.046935 0 0 0
0 0 0 0.052582 0 0 0 0 0 0 0 0.045537 -0.026291 0 0 0
-0 -0 -0 0.021569 0 0 0 0 0 0 0 0.018679 -0.010785 0 0 0
0 0 0 0.18087 0 0 0 0 0 0 0 0.15664 -0.090437 0 0 0
0 0 0 0.049522 0 0 0 0 0 0 0 0.042887 -0.024761 0 0 0
0 0 0 0.19481 0 0 0 0 0 0 0 0.16871 -0.097407 0 0 0
-0 -0 -0 0.10882 0 0 0 0 0 0 0 0.094243 -0.054411 0 0 0
-0 -0 -0 0.078017 0 0 0 0 0 0 0 0.067565 -0.039008 0 0 0
-0 -0 -0 0.019561 0 0 0 0 0 0 0 0.01694 -0.0097805 0 0 0
-0 -0 -0 0.11644 0 0 0 0 0 0 0 0.10084 -0.058218 0 0 0
-0 -0 -0 0.13682 0 0 0 0 0 0 0 0.11849 -0.068409 0 0 0
0 0 0 0.077785 0 0 0 0 0 0 0 0.067364 -0.038892 0 0 0
0 0 0 0.057301 0 0 0 0 0 0 0 0.049624 -0.02865 0 0 0
-0 -0 -0 0.17144 0 0 0 0 0 0 0 0.14847 -0.08572 0 0 0
0 0 0 0.066728 0 0 0 0 0 0 0 0.057788 -0.033364 0 0 0
-0 -0 -0 0.016051 0 0 0 0 0 0 0 0.013901 -0.0080257 0 0 0
-0 -0 -0 0.18608 0 0 0 0 0 0 0 0.16115 -0.093038 0 0 0
0 0 0 0.068391 0 0 0 0 0 0 0 0.059228 -0.034195 0 0 0
-0 -0 -0 0.0048914 0 0 0 0 0 0 0 0.0042361 -0.0024457 0 0 0
0 0 0 0.023787 0 0 0 0 0 0 0 0.0206 -0.011894 0 0 0
-0 -0 -0 0.19023 0 0 0 0 0 0 0 0.16475 -0.095116 0 0 0
0 0 0 0.15658 0 0 0 0 0 0 0 0.1356 -0.07829 0 0 0
