-0 -0 -0 0.096484 0 0 0 0 0 0 0 0.096484 0 0 0 0
0 0 0 0.068546 0 0 0 0 0 0 0 0.068546 0 0 0 0
-0 -0 -0 0.17645 0 0 0 0 0 0 0 0.17645 0 0 0 0
-0 -0 -0 0.16802 0 0 0 0 0 0 0 0.16802 0 0 0 0
-0 -0 -0 0.087387 0 0 0 0 0 0 0 0.087387 0 0 0 0
-0 -0 -0 0.18537 0 0 0 0 0 0 0 0.18537 0 0 0 0
0 0 0 0.0048521 0 0 0 0 0 0 0 0.0048521 0 0 0 0
0 0 0 0.1332 0 0 0 0 0 0 0 0.1332 0 0 0 0
-0 -0 -0 0.14261 0 0 0 0 0 0 0 0.14261 0 0 0 0
0 0 0 0.12919 0 0 0 0 0 0 0 0.12919 0 0 0 0
-0 -0 -0 0.034004 0 0 0 0 0 0 0 0.034004 0 0 0 0
0 0 0 0.19275 0 0 0 0 0 0 0 0.19275 0 0 0 0
0 0 0 0.12014 0 0 0 0 0 0 0 0.12014 0 0 0 0
-0 -0 -0 0.064738 0 0 0 0 0 0 0 0.064738 0 0 0 0
0 0 0 0.065282 0 0 0 0 0 0 0 0.065282 0 0 0 0
-0 -0 -0 0.098722 0 0 0 0 0 0 0 0.098722 0 0 0 0
-0 -0 -0 0.15775 0 0 0 0 0 0 0 0.15775 0 0 0 0
0 0 0 0.10618 0 0 0 0 0 0 0 0.10618 0 0 0 0
0 0 0 0.15515 0 0 0 0 0 0 0 0.15515 0 0 0 0
-0 -0 -0 0.17768 0 0 0 0 0 0 0 0.17768 0 0 0 0
-0 -0 -0 0.10568 0 0 0 0 0 0 0 0.10568 0 0 0 0
-0 -0 -0 0.06932 0 0 0 0 0 0 0 0.06932 0 0 0 0
0 0 0 0.15422 0 0 0 0 0 0 0 0.15422 0 0 0 0
-0 -0 -0 0.177 0 0 0 0 0 0 0 0.177 0 0 0 0
0 0 0 0.069581 0 0 0 0 0 0 0 0.069581 0 0 0 0
0 0 0 0.14692 0 0 0 0 0 0 0 0.14692 0 0 0 0
0 0 0 0.1463 0 0 0 0 0 0 0 0.1463 0 0 0 0
-0 -0 -0 0.078784 0 0 0 0 0 0 0 0.078784 0 0 0 0
-0 -0 -0 0.046809 0 0 0 0 0 0 0 0.046809 0 0 0 0
-0 -0 -0 0.13046 0 0 0 0 0 0 0 0.13046 0 0 0 0
0 0 0 0.15783 0 0 0 0 0 0 0 0.15783 0 0 0 0
0 0 0 0.084576 0 0 0 0 0 0 0 0.084576 0 0 0 0
0 0 0 0.025725 0 0 0 0 0 0 0 0.025725 0 0 0 0
-0 -0 -0 0.1268 0 0 0 0 0 0 0 0.1268 0 0 0 0
-0 -0 -0 0.041684 0 0 0 0 0 0 0 0.041684 0 0 0 0
0 0 0 0.083087 0 0 0 0 0 0 0 0.083087 0 0 0 0
0 0 0 0.19159 0 0 0 0 0 0 0 0.19159 0 0 0 0
-0 -0 -0 0.0041211 0 0 0 0 0 0 0 0.0041211 0 0 0 0
-0 -0 -0 0.0097166 0 0 0 0 0 0 0 0.0097166 0 0 0 0
-0 -0 -0 0.018186 0 0 0 0 0 0 0 0.018186 0 0 0 0
0 0 0 0.1284 0 0 0 0 0 0 0 0.1284 0 0 0 0
-0 -0 -0 0.15199 0 0 0 0 0 0 0 0.15199 0 0 0 0
-0 -0 -0 0.034114 0 0 0 0 0 0 0 0.034114 0 0 0 0
-0 -0 -0 0.048163 0 0 0 0 0 0 0 0.048163 0 0 0 0
0 0 0 0.025067 0 0 0 0 0 0 0 0.025067 0 0 0 0
0 0 0 0.13074 0 0 0 0 0 0 0 0.13074 0 0 0 0
-0 -0 -0 0.15497 0 0 0 0 0 0 0 0.15497 0 0 0 0
0 0 0 0.097011 0 0 0 0 0 0 0 0.097011 0 0 0 0
0 0 0 0.15483 0 0 0 0 0 0 0 0.15483 0 0 0 0
0 0 0 0.12965 0 0 0 0 0 0 0 0.12965 0 0 0 0
0 0 0 0.084161 0 0 0 0 0 0 0 0.084161 0 0 0 0
-0 -0 -0 0.097308 0 0 0 0 0 0 0 0.097308 0 0 0 0
-0 -0 -0 0.19379 0 0 0 0 0 0 0 0.19379 0 0 0 0
0 0 0 0.091381 0 0 0 0 0 0 0 0.091381 0 0 0 0
-0 -0 -0 0.11131 0 0 0 0 0 0 0 0.11131 0 0 0 0
-0 -0 -0 0.049912 0 0 0 0 0 0 0 0.049912 0 0 0 0
-0 -0 -0 0.086027 0 0 0 0 0 0 0 0.086027 0 0 0 0
0 0 0 0.11755 0 0 0 0 0 0 0 0.11755 0 0 0 0
-0 -0 -0 0.092911 0 0 0 0 0 0 0 0.092911 0 0 0 0
-0 -0 -0 0.15769 0 0 0 0 0 0 0 0.15769 0 0 0 0
-0 -0 -0 0.11112 0 0 0 0 0 0 0 0.11112 0 0 0 0
0 0 0 0.046693 0 0 0 0 0 0 0 0.046693 0 0 0 0
0 0 0 0.078896 0 0 0 0 0 0 0 0.078896 0 0 0 0
0 0 0 0.12566 0 0 0 0 0 0 0 0.12566 0 0 0 0
-0 -0 -0 0.16065 0 0 0 0 0 0 0 0.16065 0 0 0 0
0 0 0 0.15059 0 0 0 0 0 0 0 0.15059 0 0 0 0
-0 -0 -0 0.18931 0 0 0 0 0 0 0 0.18931 0 0 0 0
-0 -0 -0 0.18726 0 0 0 0 0 0 0 0.18726 0 0 0 0
0 0 0 0.053639 0 0 0 0 0 0 0 0.053639 0 0 0 0
0 0 0 0.11721 0 0 0 0 0 0 0 0.11721 0 0 0 0
0 0 0 0.12419 0 0 0 0 0 0 0 0.12419 0 0 0 0
-0 -0 -0 0.15915 0 0 0 0 0 0 0 0.15915 0 0 0 0
0 0 0 0.15949 0 0 0 0 0 0 0 0.15949 0 0 0 0
-0 -0 -0 0.19378 0 0 0 0 0 0 0 0.19378 0 0 0 0
-0 -0 -0 0.09176 0 0 0 0 0 0 0 0.09176 0 0 0 0
0 0 0 0.16004 0 0 0 0 0 0 0 0.16004 0 0 0 0
-0 -0 -0 0.1098 0 0 0 0 0 0 0 0.1098 0 0 0 0
0 0 0 0.094181 0 0 0 0 0 0 0 0.094181 0 0 0 0
0 0 0 0.1625 0 0 0 0 0 0 0 0.1625 0 0 0 0
0 0 0 0.15336 0 0 0 0 0 0 0 0.15336 0 0 0 0
0 0 0 0.041115 0 0 0 0 0 0 0 0.041115 0 0 0 0
-0 -0 -0 0.10538 0 0 0 0 0 0 0 0.10538 0 0 0 0
0 0 0 0.062859 0 0 0 0 0 0 0 0.062859 0 0 0 0
0 0 0 0.18815 0 0 0 0 0 0 0 0.18815 0 0 0 0
0 0 0 0.060575 0 0 0 0 0 0 0 0.060575 0 0 0 0
0 0 0 0.15405 0 0 0 0 0 0 0 0.15405 0 0 0 0
0 0 0 0.13212 0 0 0 0 0 0 0 0.13212 0 0 0 0
-0 -0 -0 0.077282 0 0 0 0 0 0 0 0.077282 0 0 0 0
0 0 0 0.041129 0 0 0 0 0 0 0 0.041129 0 0 0 0
0 0 0 0.12647 0 0 0 0 0 0 0 0.12647 0 0 0 0
-0 -0 -0 0.063003 0 0 0 0 0 0 0 0.063003 0 0 0 0
-0 -0 -0 0.1601 0 0 0 0 0 0 0 0.1601 0 0 0 0
-0 -0 -0 0.01309 0 0 0 0 0 0 0 0.01309 0 0 0 0
-0 -0 -0 0.1805 0 0 0 0 0 0 0 0.1805 0 0 0 0
-0 -0 -0 0.057878 0 0 0 0 0 0 0 0.057878 0 0 0 0
-0 -0 -0 0.16164 0 0 0 0 0 0 0 0.16164 0 0 0 0
-0 -0 -0 0.16936 0 0 0 0 0 0 0 0.16936 0 0 0 0
-0 -0 -0 0.059755 0 0 0 0 0 0 0 0.059755 0 0 0 0
-0 -0 -0 0.070887 0 0 0 0 0 0 0 0.070887 0 0 0 0
-0 -0 -0 0.11715 0 0 0 0 0 0 0 0.11715 0 0 0 0
