-0 -0 -0 0.00026259 0 0 0 0 0 0 0 0.00024676 -8.9812e-05 0 0 0
0 0 0 0.19981 0 0 0 0 0 0 0 0.18776 -0.068338 0 0 0
-0 -0 -0 0.15928 0 0 0 0 0 0 0 0.14967 -0.054477 0 0 0
-0 -0 -0 0.052855 0 0 0 0 0 0 0 0.049668 -0.018078 0 0 0
0 0 0 0.096968 0 0 0 0 0 0 0 0.09112 -0.033165 0 0 0
0 0 0 0.08555 0 0 0 0 0 0 0 0.080391 -0.02926 0 0 0
0 0 0 0.091291 0 0 0 0 0 0 0 0.085785 -0.031223 0 0 0
0 0 0 0.005693 0 0 0 0 0 0 0 0.0053497 -0.0019471 0 0 0
0 0 0 0.14549 0 0 0 0 0 0 0 0.13672 -0.049761 0 0 0
-0 -0 -0 0.099709 0 0 0 0 0 0 0 0.093696 -0.034102 0 0 0
0 0 0 0.060219 0 0 0 0 0 0 0 0.056587 -0.020596 0 0 0
0 0 0 0.1453 0 0 0 0 0 0 0 0.13653 -0.049694 0 0 0
0 0 0 0.12258 0 0 0 0 0 0 0 0.11519 -0.041925 0 0 0
-0 -0 -0 0.012027 0 0 0 0 0 0 0 0.011301 -0.0041134 0 0 0
-0 -0 -0 0.098892 0 0 0 0 0 0 0 0.092928 -0.033823 0 0 0
0 0 0 0.038142 0 0 0 0 0 0 0 0.035842 -0.013045 0 0 0
0 0 0 0.11722 0 0 0 0 0 0 0 0.11016 -0.040093 0 0 0
-0 -0 -0 0.11818 0 0 0 0 0 0 0 0.11106 -0.040422 0 0 0
-0 -0 -0 0.082434 0 0 0 0 0 0 0 0.077463 -0.028194 0 0 0
-0 -0 -0 0.099863 0 0 0 0 0 0 0 0.09384 -0.034155 0 0 0
0 0 0 0.10508 0 0 0 0 0 0 0 0.098742 -0.035939 0 0 0
0 0 0 0.1046 0 0 0 0 0 0 0 0.098296 -0.035777 0 0 0
-0 -0 -0 0.1424 0 0 0 0 0 0 0 0.13381 -0.048705 0 0 0
-0 -0 -0 0.0012786 0 0 0 0 0 0 0 0.0012014 -0.00043729 0 0 0
0 0 0 0.021446 0 0 0 0 0 0 0 0.020152 -0.0073349 0 0 0
0 0 0 0.018097 0 0 0 0 0 0 0 0.017006 -0.0061897 0 0 0
-0 -0 -0 0.0047263 0 0 0 0 0 0 0 0.0044413 -0.0016165 0 0 0
-0 -0 -0 0.16982 0 0 0 0 0 0 0 0.15958 -0.058081 0 0 0
-0 -0 -0 0.15868 0 0 0 0 0 0 0 0.14911 -0.054273 0 0 0
0 0 0 0.0040193 0 0 0 0 0 0 0 0.0037769 -0.0013747 0 0 0
0 0 0 0.10652 0 0 0 0 0 0 0 0.1001 -0.036433 0 0 0
-0 -0 -0 0.12139 0 0 0 0 0 0 0 0.11407 -0.041517 0 0 0
0 0 0 0.022439 0 0 0 0 0 0 0 0.021085 -0.0076745 0 0 0
0 0 0 0.026957 0 0 0 0 0 0 0 0.025332 -0.0092199 0 0 0
-0 -0 -0 0.13174 0 0 0 0 0 0 0 0.12379 -0.045057 0 0 0
-0 -0 -0 0.18657 0 0 0 0 0 0 0 0.17532 -0.063812 0 0 0
-0 -0 -0 0.11322 0 0 0 0 0 0 0 0.10639 -0.038723 0 0 0
-0 -0 -0 0.050873 0 0 0 0 0 0 0 0.047805 -0.017399 0 0 0
0 0 0 0.18036 0 0 0 0 0 0 0 0.16948 -0.061686 0 0 0
-0 -0 -0 0.1944 0 0 0 0 0 0 0 0.18267 -0.066488 0 0 0
-0 -0 -0 0.03612 0 0 0 0 0 0 0 0.033942 -0.012354 0 0 0
0 0 0 0.12681 0 0 0 0 0 0 0 0.11916 -0.043371 0 0 0
0 0 0 0.085112 0 0 0 0 0 0 0 0.079979 -0.02911 0 0 0
0 0 0 0.083562 0 0 0 0 0 0 0 0.078522 -0.02858 0 0 0
-0 -0 -0 0.15765 0 0 0 0 0 0 0 0.14815 -0.05392 0 0 0
0 0 0 0.15384 0 0 0 0 0 0 0 0.14456 -0.052616 0 0 0
-0 -0 -0 0.064446 0 0 0 0 0 0 0 0.06056 -0.022042 0 0 0
-0 -0 -0 0.041284 0 0 0 0 0 0 0 0.038794 -0.01412 0 0 0
0 0 0 0.037647 0 0 0 0 0 0 0 0.035377 -0.012876 0 0 0
0 0 0 0.13945 0 0 0 0 0 0 0 0.13104 -0.047696 0 0 0
0 0 0 0.054543 0 0 0 0 0 0 0 0.051253 -0.018655 0 0 0
-0 -0 -0 0.15777 0 0 0 0 0 0 0 0.14826 -0.053961 0 0 0
-0 -0 -0 0.032882 0 0 0 0 0 0 0 0.030899 -0.011246 0 0 0
-0 -0 -0 0.076872 0 0 0 0 0 0 0 0.072236 -0.026292 0 0 0
-0 -0 -0 0.17468 0 0 0 0 0 0 0 0.16415 -0.059745 0 0 0
-0 -0 -0 0.11565 0 0 0 0 0 0 0 0.10867 -0.039553 0 0 0
0 0 0 0.19359 0 0 0 0 0 0 0 0.18191 -0.06621 0 0 0
0 0 0 0.091744 0 0 0 0 0 0 0 0.086211 -0.031378 0 0 0
-0 -0 -0 0.052308 0 0 0 0 0 0 0 0.049154 -0.017891 0 0 0
0 0 0 0.14995 0 0 0 0 0 0 0 0.1409 -0.051285 0 0 0
-0 -0 -0 0.11982 0 0 0 0 0 0 0 0.11259 -0.04098 0 0 0
0 0 0 0.053927 0 0 0 0 0 0 0 0.050675 -0.018444 0 0 0
-0 -0 -0 0.047432 0 0 0 0 0 0 0 0.044571 -0.016223 0 0 0
0 0 0 0.014249 0 0 0 0 0 0 0 0.013389 -0.0048733 0 0 0
0 0 0 0.15961 0 0 0 0 0 0 0 0.14998 -0.054589 0 0 0
-0 -0 -0 0.15388 0 0 0 0 0 0 0 0.1446 -0.052631 0 0 0
-0 -0 -0 0.071416 0 0 0 0 0 0 0 0.067109 -0.024426 0 0 0
-0 -0 -0 0.17724 0 0 0 0 0 0 0 0.16655 -0.060619 0 0 0
-0 -0 -0 0.19529 0 0 0 0 0 0 0 0.18351 -0.066793 0 0 0
0 0 0 0.12946 0 0 0 0 0 0 0 0.12165 -0.044277 0 0 0
0 0 0 0.13475 0 0 0 0 0 0 0 0.12662 -0.046087 0 0 0
0 0 0 0.048899 0 0 0 0 0 0 0 0.04595 -0.016724 0 0 0
-0 -0 -0 0.058333 0 0 0 0 0 0 0 0.054815 -0.019951 0 0 0
0 0 0 0.13871 0 0 0 0 0 0 0 0.13035 -0.047442 0 0 0
0 0 0 0.038184 0 0 0 0 0 0 0 0.035881 -0.01306 0 0 0
0 0 0 0.039513 0 0 0 0 0 0 0 0.03713 -0.013514 0 0 0
0 0 0 0.19196 0 0 0 0 0 0 0 0.18039 -0.065655 0 0 0
0 0 0 0.070039 0 0 0 0 0 0 0 0.065815 -0.023955 0 0 0
0 0 0 0.15815 0 0 0 0 0 0 0 0.14861 -0.054089 0 0 0
0 0 0 0.16032 0 0 0 0 0 0 0 0.15065 -0.054833 0 0 0
-0 -0 -0 0.09385 0 0 0 0 0 0 0 0.08819 -0.032099 0 0 0
-0 -0 -0 0.06853 0 0 0 0 0 0 0 0.064397 -0.023439 0 0 0
0 0 0 0.090474 0 0 0 0 0 0 0 0.085017 -0.030944 0 0 0
-0 -0 -0 0.15798 0 0 0 0 0 0 0 0.14846 -0.054034 0 0 0
0 0 0 0.19578 0 0 0 0 0 0 0 0.18397 -0.066961 0 0 0
-0 -0 -0 0.16509 0 0 0 0 0 0 0 0.15514 -0.056465 0 0 0
0 0 0 0.13392 0 0 0 0 0 0 0 0.12585 -0.045805 0 0 0
0 0 0 0.188 0 0 0 0 0 0 0 0.17666 -0.064299 0 0 0
-0 -0 -0 0.10421 0 0 0 0 0 0 0 0.09793 -0.035644 0 0 0
-0 -0 -0 0.15187 0 0 0 0 0 0 0 0.14271 -0.051943 0 0 0
0 0 0 0.004734 0 0 0 0 0 0 0 0.0044485 -0.0016191 0 0 0
-0 -0 -0 0.083513 0 0 0 0 0 0 0 0.078476 -0.028563 0 0 0
0 0 0 0.10198 0 0 0 0 0 0 0 0.09583 -0.034879 0 0 0
-0 -0 -0 0.087775 0 0 0 0 0 0 0 0.082482 -0.030021 0 0 0
-0 -0 -0 0.026153 0 0 0 0 0 0 0 0.024575 -0.0089447 0 0 0
0 0 0 0.14748 0 0 0 0 0 0 0 0.13858 -0.050439 0 0 0
-0 -0 -0 0.091318 0 0 0 0 0 0 0 0.085811 -0.031233 0 0 0
0 0 0 0.055302 0 0 0 0 0 0 0 0.051967 -0.018914 0 0 0
-0 -0 -0 0.049397 0 0 0 0 0 0 0 0.046418 -0.016895 0 0 0
0 0 0 0.0058718 0 0 0 0 0 0 0 0.0055177 -0.0020083 0 0 0
