-0 -0 -0.080465 0 0 0 0 0 0 0 0 0 0 0 0 -0.080465 0 0 0 0 0
-0 -0 -0.1781 0 0 0 0 0 0 0 0 0 0 0 0 -0.1781 0 0 0 0 0
0 0 0.21178 0 0 0 0 0 0 0 0 0 0 0 0 0.21178 0 0 0 0 0
-0 -0 -0.23367 0 0 0 0 0 0 0 0 0 0 0 0 -0.23367 0 0 0 0 0
0 0 0.25838 0 0 0 0 0 0 0 0 0 0 0 0 0.25838 0 0 0 0 0
0 0 0.043767 0 0 0 0 0 0 0 0 0 0 0 0 0.043767 0 0 0 0 0
0 0 0.039453 0 0 0 0 0 0 0 0 0 0 0 0 0.039453 0 0 0 0 0
0 0 0.058916 0 0 0 0 0 0 0 0 0 0 0 0 0.058916 0 0 0 0 0
-0 -0 -0.32855 0 0 0 0 0 0 0 0 0 0 0 0 -0.32855 0 0 0 0 0
0 0 0.064557 0 0 0 0 0 0 0 0 0 0 0 0 0.064557 0 0 0 0 0
0 0 0.017584 0 0 0 0 0 0 0 0 0 0 0 0 0.017584 0 0 0 0 0
-0 -0 -0.28255 0 0 0 0 0 0 0 0 0 0 0 0 -0.28255 0 0 0 0 0
-0 -0 -0.061659 0 0 0 0 0 0 0 0 0 0 0 0 -0.061659 0 0 0 0 0
0 0 0.2995 0 0 0 0 0 0 0 0 0 0 0 0 0.2995 0 0 0 0 0
-0 -0 -0.15618 0 0 0 0 0 0 0 0 0 0 0 0 -0.15618 0 0 0 0 0
-0 -0 -0.31712 0 0 0 0 0 0 0 0 0 0 0 0 -0.31712 0 0 0 0 0
0 0 0.10896 0 0 0 0 0 0 0 0 0 0 0 0 0.10896 0 0 0 0 0
-0 -0 -0.29875 0 0 0 0 0 0 0 0 0 0 0 0 -0.29875 0 0 0 0 0
-0 -0 -0.25191 0 0 0 0 0 0 0 0 0 0 0 0 -0.25191 0 0 0 0 0
0 0 0.2402 0 0 0 0 0 0 0 0 0 0 0 0 0.2402 0 0 0 0 0
-0 -0 -0.21601 0 0 0 0 0 0 0 0 0 0 0 0 -0.21601 0 0 0 0 0
-0 -0 -0.1078 0 0 0 0 0 0 0 0 0 0 0 0 -0.1078 0 0 0 0 0
0 0 0.26028 0 0 0 0 0 0 0 0 0 0 0 0 0.26028 0 0 0 0 0
-0 -0 -0.041117 0 0 0 0 0 0 0 0 0 0 0 0 -0.041117 0 0 0 0 0
-0 -0 -0.13508 0 0 0 0 0 0 0 0 0 0 0 0 -0.13508 0 0 0 0 0
-0 -0 -0.0093719 0 0 0 0 0 0 0 0 0 0 0 0 -0.0093719 0 0 0 0 0
0 0 0.23975 0 0 0 0 0 0 0 0 0 0 0 0 0.23975 0 0 0 0 0
-0 -0 -0.072171 0 0 0 0 0 0 0 0 0 0 0 0 -0.072171 0 0 0 0 0
0 0 0.025466 0 0 0 0 0 0 0 0 0 0 0 0 0.025466 0 0 0 0 0
-0 -0 -0.29604 0 0 0 0 0 0 0 0 0 0 0 0 -0.29604 0 0 0 0 0
0 0 0.08641 0 0 0 0 0 0 0 0 0 0 0 0 0.08641 0 0 0 0 0
-0 -0 -0.15612 0 0 0 0 0 0 0 0 0 0 0 0 -0.15612 0 0 0 0 0
0 0 0.28088 0 0 0 0 0 0 0 0 0 0 0 0 0.28088 0 0 0 0 0
-0 -0 -0.11843 0 0 0 0 0 0 0 0 0 0 0 0 -0.11843 0 0 0 0 0
-0 -0 -0.080942 0 0 0 0 0 0 0 0 0 0 0 0 -0.080942 0 0 0 0 0
-0 -0 -0.29363 0 0 0 0 0 0 0 0 0 0 0 0 -0.29363 0 0 0 0 0
0 0 0.13587 0 0 0 0 0 0 0 0 0 0 0 0 0.13587 0 0 0 0 0
0 0 0.23674 0 0 0 0 0 0 0 0 0 0 0 0 0.23674 0 0 0 0 0
0 0 0.18733 0 0 0 0 0 0 0 0 0 0 0 0 0.18733 0 0 0 0 0
-0 -0 -0.21232 0 0 0 0 0 0 0 0 0 0 0 0 -0.21232 0 0 0 0 0
0 0 0.29943 0 0 0 0 0 0 0 0 0 0 0 0 0.29943 0 0 0 0 0
-0 -0 -0.055226 0 0 0 0 0 0 0 0 0 0 0 0 -0.055226 0 0 0 0 0
-0 -0 -0.1737 0 0 0 0 0 0 0 0 0 0 0 0 -0.1737 0 0 0 0 0
-0 -0 -0.23763 0 0 0 0 0 0 0 0 0 0 0 0 -0.23763 0 0 0 0 0
0 0 0.33326 0 0 0 0 0 0 0 0 0 0 0 0 0.33326 0 0 0 0 0
0 0 0.11536 0 0 0 0 0 0 0 0 0 0 0 0 0.11536 0 0 0 0 0
-0 -0 -0.061238 0 0 0 0 0 0 0 0 0 0 0 0 -0.061238 0 0 0 0 0
-0 -0 -0.21012 0 0 0 0 0 0 0 0 0 0 0 0 -0.21012 0 0 0 0 0
0 0 0.15519 0 0 0 0 0 0 0 0 0 0 0 0 0.15519 0 0 0 0 0
-0 -0 -0.1992 0 0 0 0 0 0 0 0 0 0 0 0 -0.1992 0 0 0 0 0
-0 -0 -0.22834 0 0 0 0 0 0 0 0 0 0 0 0 -0.22834 0 0 0 0 0
-0 -0 -0.21035 0 0 0 0 0 0 0 0 0 0 0 0 -0.21035 0 0 0 0 0
0 0 0.235 0 0 0 0 0 0 0 0 0 0 0 0 0.235 0 0 0 0 0
-0 -0 -0.087236 0 0 0 0 0 0 0 0 0 0 0 0 -0.087236 0 0 0 0 0
0 0 0.17965 0 0 0 0 0 0 0 0 0 0 0 0 0.17965 0 0 0 0 0
0 0 0.22912 0 0 0 0 0 0 0 0 0 0 0 0 0.22912 0 0 0 0 0
0 0 0.20953 0 0 0 0 0 0 0 0 0 0 0 0 0.20953 0 0 0 0 0
-0 -0 -0.20227 0 0 0 0 0 0 0 0 0 0 0 0 -0.20227 0 0 0 0 0
0 0 0.075242 0 0 0 0 0 0 0 0 0 0 0 0 0.075242 0 0 0 0 0
0 0 0.17641 0 0 0 0 0 0 0 0 0 0 0 0 0.17641 0 0 0 0 0
0 0 0.1578 0 0 0 0 0 0 0 0 0 0 0 0 0.1578 0 0 0 0 0
-0 -0 -0.33705 0 0 0 0 0 0 0 0 0 0 0 0 -0.33705 0 0 0 0 0
-0 -0 -0.27904 0 0 0 0 0 0 0 0 0 0 0 0 -0.27904 0 0 0 0 0
-0 -0 -0.31922 0 0 0 0 0 0 0 0 0 0 0 0 -0.31922 0 0 0 0 0
0 0 0.097351 0 0 0 0 0 0 0 0 0 0 0 0 0.097351 0 0 0 0 0
-0 -0 -0.12796 0 0 0 0 0 0 0 0 0 0 0 0 -0.12796 0 0 0 0 0
0 0 0.019049 0 0 0 0 0 0 0 0 0 0 0 0 0.019049 0 0 0 0 0
0 0 0.18725 0 0 0 0 0 0 0 0 0 0 0 0 0.18725 0 0 0 0 0
0 0 0.23499 0 0 0 0 0 0 0 0 0 0 0 0 0.23499 0 0 0 0 0
0 0 0.19644 0 0 0 0 0 0 0 0 0 0 0 0 0.19644 0 0 0 0 0
0 0 0.26467 0 0 0 0 0 0 0 0 0 0 0 0 0.26467 0 0 0 0 0
-0 -0 -0.16346 0 0 0 0 0 0 0 0 0 0 0 0 -0.16346 0 0 0 0 0
0 0 0.058981 0 0 0 0 0 0 0 0 0 0 0 0 0.058981 0 0 0 0 0
-0 -0 -0.072783 0 0 0 0 0 0 0 0 0 0 0 0 -0.072783 0 0 0 0 0
-0 -0 -0.013958 0 0 0 0 0 0 0 0 0 0 0 0 -0.013958 0 0 0 0 0
-0 -0 -0.27905 0 0 0 0 0 0 0 0 0 0 0 0 -0.27905 0 0 0 0 0
-0 -0 -0.036054 0 0 0 0 0 0 0 0 0 0 0 0 -0.036054 0 0 0 0 0
-0 -0 -0.29962 0 0 0 0 0 0 0 0 0 0 0 0 -0.29962 0 0 0 0 0
0 0 0.055099 0 0 0 0 0 0 0 0 0 0 0 0 0.055099 0 0 0 0 0
0 0 0.32196 0 0 0 0 0 0 0 0 0 0 0 0 0.32196 0 0 0 0 0
-0 -0 -0.17629 0 0 0 0 0 0 0 0 0 0 0 0 -0.17629 0 0 0 0 0
-0 -0 -0.0063545 0 0 0 0 0 0 0 0 0 0 0 0 -0.0063545 0 0 0 0 0
-0 -0 -0.056215 0 0 0 0 0 0 0 0 0 0 0 0 -0.056215 0 0 0 0 0
0 0 0.17684 0 0 0 0 0 0 0 0 0 0 0 0 0.17684 0 0 0 0 0
-0 -0 -0.32181 0 0 0 0 0 0 0 0 0 0 0 0 -0.32181 0 0 0 0 0
0 0 0.34423 0 0 0 0 0 0 0 0 0 0 0 0 0.34423 0 0 0 0 0
0 0 0.16673 0 0 0 0 0 0 0 0 0 0 0 0 0.16673 0 0 0 0 0
-0 -0 -0.034638 0 0 0 0 0 0 0 0 0 0 0 0 -0.034638 0 0 0 0 0
0 0 0.13227 0 0 0 0 0 0 0 0 0 0 0 0 0.13227 0 0 0 0 0
-0 -0 -0.078711 0 0 0 0 0 0 0 0 0 0 0 0 -0.078711 0 0 0 0 0
-0 -0 -0.053827 0 0 0 0 0 0 0 0 0 0 0 0 -0.053827 0 0 0 0 0
-0 -0 -0.27903 0 0 0 0 0 0 0 0 0 0 0 0 -0.27903 0 0 0 0 0
0 0 0.3442 0 0 0 0 0 0 0 0 0 0 0 0 0.3442 0 0 0 0 0
-0 -0 -0.20182 0 0 0 0 0 0 0 0 0 0 0 0 -0.20182 0 0 0 0 0
-0 -0 -0.036446 0 0 0 0 0 0 0 0 0 0 0 0 -0.036446 0 0 0 0 0
-0 -0 -0.21416 0 0 0 0 0 0 0 0 0 0 0 0 -0.21416 0 0 0 0 0
0 0 0.025014 0 0 0 0 0 0 0 0 0 0 0 0 0.025014 0 0 0 0 0
0 0 0.098061 0 0 0 0 0 0 0 0 0 0 0 0 0.098061 0 0 0 0 0
-0 -0 -0.16022 0 0 0 0 0 0 0 0 0 0 0 0 -0.16022 0 0 0 0 0
0 0 0.015252 0 0 0 0 0 0 0 0 0 0 0 0 0.015252 0 0 0 0 0
