-0 -0 -0 0.14431 0 0 0 0 0 0 0 0.1356 -0.049356 0 0 0
0 0 0 0.10274 0 0 0 0 0 0 0 0.096542 -0.035139 0 0 0
0 0 0 0.13419 0 0 0 0 0 0 0 0.1261 -0.045896 0 0 0
0 0 0 0.014432 0 0 0 0 0 0 0 0.013561 -0.0049359 0 0 0
-0 -0 -0 0.17611 0 0 0 0 0 0 0 0.16548 -0.060231 0 0 0
0 0 0 0.034553 0 0 0 0 0 0 0 0.03247 -0.011818 0 0 0
0 0 0 0.19694 0 0 0 0 0 0 0 0.18506 -0.067358 0 0 0
-0 -0 -0 0.13948 0 0 0 0 0 0 0 0.13106 -0.047704 0 0 0
0 0 0 0.090352 0 0 0 0 0 0 0 0.084904 -0.030902 0 0 0
-0 -0 -0 0.11634 0 0 0 0 0 0 0 0.10932 -0.03979 0 0 0
-0 -0 -0 0.11991 0 0 0 0 0 0 0 0.11268 -0.041012 0 0 0
-0 -0 -0 0.0017786 0 0 0 0 0 0 0 0.0016714 -0.00060833 0 0 0
0 0 0 0.062486 0 0 0 0 0 0 0 0.058718 -0.021372 0 0 0
-0 -0 -0 0.14829 0 0 0 0 0 0 0 0.13935 -0.050718 0 0 0
-0 -0 -0 0.14515 0 0 0 0 0 0 0 0.1364 -0.049646 0 0 0
0 0 0 0.047155 0 0 0 0 0 0 0 0.044312 -0.016128 0 0 0
0 0 0 0.010749 0 0 0 0 0 0 0 0.010101 -0.0036763 0 0 0
0 0 0 0.11515 0 0 0 0 0 0 0 0.1082 -0.039383 0 0 0
-0 -0 -0 0.15736 0 0 0 0 0 0 0 0.14787 -0.053822 0 0 0
0 0 0 0.060289 0 0 0 0 0 0 0 0.056653 -0.02062 0 0 0
-0 -0 -0 0.1859 0 0 0 0 0 0 0 0.17469 -0.063582 0 0 0
0 0 0 0.11794 0 0 0 0 0 0 0 0.11083 -0.040338 0 0 0
-0 -0 -0 0.0012251 0 0 0 0 0 0 0 0.0011512 -0.000419 0 0 0
0 0 0 0.17412 0 0 0 0 0 0 0 0.16362 -0.059553 0 0 0
-0 -0 -0 0.039131 0 0 0 0 0 0 0 0.036771 -0.013383 0 0 0
-0 -0 -0 0.18474 0 0 0 0 0 0 0 0.1736 -0.063186 0 0 0
0 0 0 0.063544 0 0 0 0 0 0 0 0.059712 -0.021733 0 0 0
0 0 0 0.19313 0 0 0 0 0 0 0 0.18149 -0.066056 0 0 0
0 0 0 0.051403 0 0 0 0 0 0 0 0.048303 -0.017581 0 0 0
-0 -0 -0 0.059904 0 0 0 0 0 0 0 0.056291 -0.020488 0 0 0
-0 -0 -0 0.12248 0 0 0 0 0 0 0 0.11509 -0.041889 0 0 0
0 0 0 0.18014 0 0 0 0 0 0 0 0.16928 -0.061613 0 0 0
-0 -0 -0 0.02212 0 0 0 0 0 0 0 0.020786 -0.0075654 0 0 0
0 0 0 0.013967 0 0 0 0 0 0 0 0.013124 -0.0047768 0 0 0
-0 -0 -0 0.078571 0 0 0 0 0 0 0 0.073833 -0.026873 0 0 0
0 0 0 0.14633 0 0 0 0 0 0 0 0.13751 -0.050049 0 0 0
-0 -0 -0 0.081681 0 0 0 0 0 0 0 0.076755 -0.027936 0 0 0
-0 -0 -0 0.0054664 0 0 0 0 0 0 0 0.0051367 -0.0018696 0 0 0
0 0 0 0.096831 0 0 0 0 0 0 0 0.090992 -0.033118 0 0 0
0 0 0 0.14111 0 0 0 0 0 0 0 0.1326 -0.048262 0 0 0
0 0 0 0.076712 0 0 0 0 0 0 0 0.072086 -0.026237 0 0 0
0 0 0 0.16506 0 0 0 0 0 0 0 0.15511 -0.056455 0 0 0
-0 -0 -0 0.15488 0 0 0 0 0 0 0 0.14554 -0.052973 0 0 0
-0 -0 -0 0.034521 0 0 0 0 0 0 0 0.032439 -0.011807 0 0 0
-0 -0 -0 0.11967 0 0 0 0 0 0 0 0.11245 -0.04093 0 0 0
-0 -0 -0 0.19619 0 0 0 0 0 0 0 0.18436 -0.067102 0 0 0
0 0 0 0.175 0 0 0 0 0 0 0 0.16445 -0.059855 0 0 0
0 0 0 0.13172 0 0 0 0 0 0 0 0.12377 -0.04505 0 0 0
0 0 0 0.050576 0 0 0 0 0 0 0 0.047526 -0.017298 0 0 0
-0 -0 -0 0.19379 0 0 0 0 0 0 0 0.1821 -0.066279 0 0 0
-0 -0 -0 0.12102 0 0 0 0 0 0 0 0.11372 -0.04139 0 0 0
-0 -0 -0 0.16286 0 0 0 0 0 0 0 0.15304 -0.055703 0 0 0
-0 -0 -0 0.15968 0 0 0 0 0 0 0 0.15005 -0.054613 0 0 0
-0 -0 -0 0.0062802 0 0 0 0 0 0 0 0.0059015 -0.002148 0 0 0
-0 -0 -0 0.057395 0 0 0 0 0 0 0 0.053933 -0.01963 0 0 0
0 0 0 0.11402 0 0 0 0 0 0 0 0.10715 -0.038999 0 0 0
-0 -0 -0 0.13026 0 0 0 0 0 0 0 0.12241 -0.044553 0 0 0
0 0 0 0.052474 0 0 0 0 0 0 0 0.04931 -0.017947 0 0 0
0 0 0 0.16373 0 0 0 0 0 0 0 0.15385 -0.055998 0 0 0
-0 -0 -0 0.010496 0 0 0 0 0 0 0 0.0098628 -0.0035898 0 0 0
-0 -0 -0 0.17501 0 0 0 0 0 0 0 0.16445 -0.059856 0 0 0
-0 -0 -0 0.063588 0 0 0 0 0 0 0 0.059753 -0.021748 0 0 0
0 0 0 0.11652 0 0 0 0 0 0 0 0.10949 -0.039853 0 0 0
0 0 0 0.047438 0 0 0 0 0 0 0 0.044577 -0.016225 0 0 0
0 0 0 0.011612 0 0 0 0 0 0 0 0.010912 -0.0039715 0 0 0
-0 -0 -0 0.041346 0 0 0 0 0 0 0 0.038853 -0.014141 0 0 0
-0 -0 -0 0.012787 0 0 0 0 0 0 0 0.012016 -0.0043735 0 0 0
0 0 0 0.087702 0 0 0 0 0 0 0 0.082413 -0.029996 0 0 0
-0 -0 -0 0.18225 0 0 0 0 0 0 0 0.17126 -0.062333 0 0 0
-0 -0 -0 0.061982 0 0 0 0 0 0 0 0.058244 -0.021199 0 0 0
-0 -0 -0 0.078959 0 0 0 0 0 0 0 0.074197 -0.027006 0 0 0
0 0 0 0.039793 0 0 0 0 0 0 0 0.037394 -0.01361 0 0 0
0 0 0 0.081323 0 0 0 0 0 0 0 0.076419 -0.027814 0 0 0
0 0 0 0.17326 0 0 0 0 0 0 0 0.16281 -0.059257 0 0 0
0 0 0 0.022171 0 0 0 0 0 0 0 0.020834 -0.0075828 0 0 0
0 0 0 0.049206 0 0 0 0 0 0 0 0.046238 -0.016829 0 0 0
0 0 0 0.015542 0 0 0 0 0 0 0 0.014605 -0.0053158 0 0 0
0 0 0 0.034653 0 0 0 0 0 0 0 0.032563 -0.011852 0 0 0
-0 -0 -0 0.022437 0 0 0 0 0 0 0 0.021084 -0.0076739 0 0 0
0 0 0 0.022332 0 0 0 0 0 0 0 0.020986 -0.0076382 0 0 0
0 0 0 0.15457 0 0 0 0 0 0 0 0.14525 -0.052865 0 0 0
-0 -0 -0 0.062014 0 0 0 0 0 0 0 0.058274 -0.02121 0 0 0
-0 -0 -0 0.088896 0 0 0 0 0 0 0 0.083535 -0.030404 0 0 0
-0 -0 -0 0.10084 0 0 0 0 0 0 0 0.094759 -0.034489 0 0 0
-0 -0 -0 0.0024152 0 0 0 0 0 0 0 0.0022696 -0.00082606 0 0 0
0 0 0 0.12137 0 0 0 0 0 0 0 0.11405 -0.041511 0 0 0
0 0 0 0.1691 0 0 0 0 0 0 0 0.1589 -0.057836 0 0 0
0 0 0 0.063488 0 0 0 0 0 0 0 0.059659 -0.021714 0 0 0
-0 -0 -0 0.013663 0 0 0 0 0 0 0 0.012839 -0.0046729 0 0 0
-0 -0 -0 0.16695 0 0 0 0 0 0 0 0.15689 -0.057102 0 0 0
0 0 0 0.011893 0 0 0 0 0 0 0 0.011175 -0.0040675 0 0 0
-0 -0 -0 0.12383 0 0 0 0 0 0 0 0.11636 -0.042351 0 0 0
-0 -0 -0 0.11561 0 0 0 0 0 0 0 0.10864 -0.039541 0 0 0
0 0 0 0.040932 0 0 0 0 0 0 0 0.038464 -0.014 0 0 0
-0 -0 -0 0.19852 0 0 0 0 0 0 0 0.18655 -0.067899 0 0 0
-0 -0 -0 0.12859 0 0 0 0 0 0 0 0.12083 -0.043979 0 0 0
0 0 0 0.13658 0 0 0 0 0 0 0 0.12835 -0.046714 0 0 0
-0 -0 -0 0.18356 0 0 0 0 0 0 0 0.17249 -0.062782 0 0 0
-0 -0 -0 0.1293 0 0 0 0 0 0 0 0.1215 -0.044224 0 0 0
-0 -0 -0 0.025091 0 0 0 0 0 0 0 0.023577 -0.0085815 0 0 0
