-0 -0 -0.20615 0 0 0 0 0 0 0 0 0 0 0 0 -0.20615 0.0098952 -0.0028198 0 0 0
-0 -0 -0.1087 0 0 0 0 0 0 0 0 0 0 0 0 -0.1087 0.0052905 -0.0012325 0 0 0
0 0 0.067188 0 0 0 0 0 0 0 0 0 0 0 0 0.067188 -0.0033254 0.00047181 0 0 0
-0 -0 -0.23645 0 0 0 0 0 0 0 0 0 0 0 0 -0.23645 0.011293 -0.003404 0 0 0
-0 -0 -0.098799 0 0 0 0 0 0 0 0 0 0 0 0 -0.098799 0.0048147 -0.0010966 0 0 0
0 0 0.10699 0 0 0 0 0 0 0 0 0 0 0 0 0.10699 -0.0053079 0.00064561 0 0 0
0 0 0.1933 0 0 0 0 0 0 0 0 0 0 0 0 0.1933 -0.0096206 0.00075081 0 0 0
0 0 0.079001 0 0 0 0 0 0 0 0 0 0 0 0 0.079001 -0.0039131 0.00053163 0 0 0
0 0 0.063479 0 0 0 0 0 0 0 0 0 0 0 0 0.063479 -0.0031411 0.0004516 0 0 0
0 0 0.23225 0 0 0 0 0 0 0 0 0 0 0 0 0.23225 -0.011567 0.00067635 0 0 0
-0 -0 -0.34271 0 0 0 0 0 0 0 0 0 0 0 0 -0.34271 0.016042 -0.0057811 0 0 0
0 0 0.12476 0 0 0 0 0 0 0 0 0 0 0 0 0.12476 -0.0061947 0.00069769 0 0 0
0 0 0.18104 0 0 0 0 0 0 0 0 0 0 0 0 0.18104 -0.0090078 0.00075855 0 0 0
0 0 0.17652 0 0 0 0 0 0 0 0 0 0 0 0 0.17652 -0.008782 0.00075951 0 0 0
0 0 0.063325 0 0 0 0 0 0 0 0 0 0 0 0 0.063325 -0.0031335 0.00045075 0 0 0
0 0 0.18709 0 0 0 0 0 0 0 0 0 0 0 0 0.18709 -0.0093104 0.00075567 0 0 0
0 0 0.022546 0 0 0 0 0 0 0 0 0 0 0 0 0.022546 -0.0011123 0.00018322 0 0 0
0 0 0.0082907 0 0 0 0 0 0 0 0 0 0 0 0 0.0082907 -0.00040853 7.029e-05 0 0 0
0 0 0.33623 0 0 0 0 0 0 0 0 0 0 0 0 0.33623 -0.016732 0.00010741 0 0 0
0 0 0.011922 0 0 0 0 0 0 0 0 0 0 0 0 0.011922 -0.00058764 0.00010001 0 0 0
-0 -0 -0.29185 0 0 0 0 0 0 0 0 0 0 0 0 -0.29185 0.013801 -0.0045804 0 0 0
0 0 0.28918 0 0 0 0 0 0 0 0 0 0 0 0 0.28918 -0.014402 0.00043138 0 0 0
0 0 0.14058 0 0 0 0 0 0 0 0 0 0 0 0 0.14058 -0.0069853 0.0007308 0 0 0
-0 -0 -0.30676 0 0 0 0 0 0 0 0 0 0 0 0 -0.30676 0.014464 -0.0049206 0 0 0
0 0 0.21615 0 0 0 0 0 0 0 0 0 0 0 0 0.21615 -0.010763 0.00071632 0 0 0
0 0 0.088864 0 0 0 0 0 0 0 0 0 0 0 0 0.088864 -0.0044042 0.00057625 0 0 0
0 0 0.14464 0 0 0 0 0 0 0 0 0 0 0 0 0.14464 -0.0071879 0.00073727 0 0 0
-0 -0 -0.041721 0 0 0 0 0 0 0 0 0 0 0 0 -0.041721 0.0020462 -0.00040498 0 0 0
-0 -0 -0.18524 0 0 0 0 0 0 0 0 0 0 0 0 -0.18524 0.0089206 -0.0024415 0 0 0
0 0 0.12325 0 0 0 0 0 0 0 0 0 0 0 0 0.12325 -0.0061193 0.00069388 0 0 0
-0 -0 -0.0077667 0 0 0 0 0 0 0 0 0 0 0 0 -0.0077667 0.00038217 -6.8918e-05 0 0 0
0 0 0.1777 0 0 0 0 0 0 0 0 0 0 0 0 0.1777 -0.0088408 0.00075936 0 0 0
-0 -0 -0.27727 0 0 0 0 0 0 0 0 0 0 0 0 -0.27727 0.013147 -0.0042572 0 0 0
0 0 0.030395 0 0 0 0 0 0 0 0 0 0 0 0 0.030395 -0.0015004 0.00024112 0 0 0
0 0 0.28869 0 0 0 0 0 0 0 0 0 0 0 0 0.28869 -0.014378 0.00043416 0 0 0
-0 -0 -0.11594 0 0 0 0 0 0 0 0 0 0 0 0 -0.11594 0.0056379 -0.001335 0 0 0
-0 -0 -0.33343 0 0 0 0 0 0 0 0 0 0 0 0 -0.33343 0.015638 -0.0055535 0 0 0
-0 -0 -0.033283 0 0 0 0 0 0 0 0 0 0 0 0 -0.033283 0.0016338 -0.0003162 0 0 0
0 0 0.23075 0 0 0 0 0 0 0 0 0 0 0 0 0.23075 -0.011492 0.00068063 0 0 0
-0 -0 -0.019765 0 0 0 0 0 0 0 0 0 0 0 0 -0.019765 0.0009715 -0.00018122 0 0 0
-0 -0 -0.017942 0 0 0 0 0 0 0 0 0 0 0 0 -0.017942 0.00088203 -0.0001637 0 0 0
-0 -0 -0.30365 0 0 0 0 0 0 0 0 0 0 0 0 -0.30365 0.014326 -0.0048487 0 0 0
-0 -0 -0.01835 0 0 0 0 0 0 0 0 0 0 0 0 -0.01835 0.00090203 -0.0001676 0 0 0
0 0 0.31803 0 0 0 0 0 0 0 0 0 0 0 0 0.31803 -0.015833 0.00024572 0 0 0
-0 -0 -0.26601 0 0 0 0 0 0 0 0 0 0 0 0 -0.26601 0.012639 -0.0040144 0 0 0
-0 -0 -0.06402 0 0 0 0 0 0 0 0 0 0 0 0 -0.06402 0.0031324 -0.00065634 0 0 0
0 0 0.33077 0 0 0 0 0 0 0 0 0 0 0 0 0.33077 -0.016463 0.00015059 0 0 0
0 0 0.08326 0 0 0 0 0 0 0 0 0 0 0 0 0.08326 -0.0041251 0.00055149 0 0 0
-0 -0 -0.31794 0 0 0 0 0 0 0 0 0 0 0 0 -0.31794 0.014958 -0.005182 0 0 0
-0 -0 -0.053856 0 0 0 0 0 0 0 0 0 0 0 0 -0.053856 0.002638 -0.00053876 0 0 0
0 0 0.29121 0 0 0 0 0 0 0 0 0 0 0 0 0.29121 -0.014503 0.00041965 0 0 0
0 0 0.29636 0 0 0 0 0 0 0 0 0 0 0 0 0.29636 -0.014759 0.00038905 0 0 0
-0 -0 -0.24344 0 0 0 0 0 0 0 0 0 0 0 0 -0.24344 0.011613 -0.0035447 0 0 0
0 0 0.062797 0 0 0 0 0 0 0 0 0 0 0 0 0.062797 -0.0031072 0.00044782 0 0 0
0 0 0.21157 0 0 0 0 0 0 0 0 0 0 0 0 0.21157 -0.010534 0.00072532 0 0 0
0 0 0.071707 0 0 0 0 0 0 0 0 0 0 0 0 0.071707 -0.0035501 0.00049551 0 0 0
-0 -0 -0.048193 0 0 0 0 0 0 0 0 0 0 0 0 -0.048193 0.002362 -0.00047544 0 0 0
0 0 0.30017 0 0 0 0 0 0 0 0 0 0 0 0 0.30017 -0.014948 0.00036551 0 0 0
-0 -0 -0.023643 0 0 0 0 0 0 0 0 0 0 0 0 -0.023643 0.0011616 -0.00021902 0 0 0
0 0 0.25318 0 0 0 0 0 0 0 0 0 0 0 0 0.25318 -0.012611 0.00060506 0 0 0
0 0 0.29269 0 0 0 0 0 0 0 0 0 0 0 0 0.29269 -0.014576 0.00041099 0 0 0
-0 -0 -0.29672 0 0 0 0 0 0 0 0 0 0 0 0 -0.29672 0.014018 -0.0046904 0 0 0
0 0 0.29794 0 0 0 0 0 0 0 0 0 0 0 0 0.29794 -0.014837 0.00037936 0 0 0
-0 -0 -0.1964 0 0 0 0 0 0 0 0 0 0 0 0 -0.1964 0.009442 -0.002641 0 0 0
0 0 0.014745 0 0 0 0 0 0 0 0 0 0 0 0 0.014745 -0.00072695 0.00012266 0 0 0
0 0 0.048179 0 0 0 0 0 0 0 0 0 0 0 0 0.048179 -0.0023815 0.00036101 0 0 0
0 0 0.34125 0 0 0 0 0 0 0 0 0 0 0 0 0.34125 -0.01698 6.6373e-05 0 0 0
-0 -0 -0.16222 0 0 0 0 0 0 0 0 0 0 0 0 -0.16222 0.0078386 -0.0020487 0 0 0
0 0 0.34136 0 0 0 0 0 0 0 0 0 0 0 0 0.34136 -0.016985 6.5414e-05 0 0 0
0 0 0.17496 0 0 0 0 0 0 0 0 0 0 0 0 0.17496 -0.0087038 0.00075961 0 0 0
0 0 0.21933 0 0 0 0 0 0 0 0 0 0 0 0 0.21933 -0.010922 0.00070944 0 0 0
0 0 0.27194 0 0 0 0 0 0 0 0 0 0 0 0 0.27194 -0.013545 0.00052262 0 0 0
0 0 0.16797 0 0 0 0 0 0 0 0 0 0 0 0 0.16797 -0.0083545 0.00075854 0 0 0
0 0 0.28449 0 0 0 0 0 0 0 0 0 0 0 0 0.28449 -0.014169 0.00045766 0 0 0
0 0 0.30858 0 0 0 0 0 0 0 0 0 0 0 0 0.30858 -0.015365 0.00031106 0 0 0
-0 -0 -0.11147 0 0 0 0 0 0 0 0 0 0 0 0 -0.11147 0.0054236 -0.0012714 0 0 0
-0 -0 -0.17674 0 0 0 0 0 0 0 0 0 0 0 0 -0.17674 0.0085225 -0.0022937 0 0 0
-0 -0 -0.2294 0 0 0 0 0 0 0 0 0 0 0 0 -0.2294 0.01097 -0.0032643 0 0 0
0 0 0.24868 0 0 0 0 0 0 0 0 0 0 0 0 0.24868 -0.012386 0.00062223 0 0 0
-0 -0 -0.12589 0 0 0 0 0 0 0 0 0 0 0 0 -0.12589 0.0061136 -0.0014798 0 0 0
0 0 0.25159 0 0 0 0 0 0 0 0 0 0 0 0 0.25159 -0.012531 0.00061126 0 0 0
0 0 0.14492 0 0 0 0 0 0 0 0 0 0 0 0 0.14492 -0.0072021 0.0007377 0 0 0
-0 -0 -0.085114 0 0 0 0 0 0 0 0 0 0 0 0 -0.085114 0.0041546 -0.00091635 0 0 0
0 0 0.23106 0 0 0 0 0 0 0 0 0 0 0 0 0.23106 -0.011507 0.00067975 0 0 0
0 0 0.22319 0 0 0 0 0 0 0 0 0 0 0 0 0.22319 -0.011114 0.00070045 0 0 0
0 0 0.030134 0 0 0 0 0 0 0 0 0 0 0 0 0.030134 -0.0014875 0.00023924 0 0 0
0 0 0.17259 0 0 0 0 0 0 0 0 0 0 0 0 0.17259 -0.0085853 0.00075952 0 0 0
0 0 0.077884 0 0 0 0 0 0 0 0 0 0 0 0 0.077884 -0.0038575 0.00052627 0 0 0
-0 -0 -0.056507 0 0 0 0 0 0 0 0 0 0 0 0 -0.056507 0.0027671 -0.00056894 0 0 0
-0 -0 -0.27195 0 0 0 0 0 0 0 0 0 0 0 0 -0.27195 0.012907 -0.0041417 0 0 0
0 0 0.22433 0 0 0 0 0 0 0 0 0 0 0 0 0.22433 -0.011171 0.00069763 0 0 0
-0 -0 -0.051772 0 0 0 0 0 0 0 0 0 0 0 0 -0.051772 0.0025365 -0.00051528 0 0 0
-0 -0 -0.34572 0 0 0 0 0 0 0 0 0 0 0 0 -0.34572 0.016173 -0.0058557 0 0 0
-0 -0 -0.24245 0 0 0 0 0 0 0 0 0 0 0 0 -0.24245 0.011568 -0.0035246 0 0 0
0 0 0.15026 0 0 0 0 0 0 0 0 0 0 0 0 0.15026 -0.0074688 0.00074488 0 0 0
-0 -0 -0.23524 0 0 0 0 0 0 0 0 0 0 0 0 -0.23524 0.011238 -0.0033799 0 0 0
0 0 0.011596 0 0 0 0 0 0 0 0 0 0 0 0 0.011596 -0.00057157 9.737e-05 0 0 0
0 0 0.32026 0 0 0 0 0 0 0 0 0 0 0 0 0.32026 -0.015943 0.00022963 0 0 0
0 0 0.33751 0 0 0 0 0 0 0 0 0 0 0 0 0.33751 -0.016795 9.7009e-05 0 0 0
-0 -0 -0.27429 0 0 0 0 0 0 0 0 0 0 0 0 -0.27429 0.013013 -0.0041926 0 0 0
