-0 -0 -0 0.15911 0 0 0 0 0 0 0 0.14952 -0.05442 0 0 0
-0 -0 -0 0.17133 0 0 0 0 0 0 0 0.16099 -0.058597 0 0 0
0 0 0 0.16081 0 0 0 0 0 0 0 0.15111 -0.055001 0 0 0
0 0 0 0.17765 0 0 0 0 0 0 0 0.16694 -0.060759 0 0 0
0 0 0 0.0069569 0 0 0 0 0 0 0 0.0065374 -0.0023794 0 0 0
-0 -0 -0 0.12551 0 0 0 0 0 0 0 0.11794 -0.042927 0 0 0
0 0 0 0.17213 0 0 0 0 0 0 0 0.16175 -0.05887 0 0 0
-0 -0 -0 0.16426 0 0 0 0 0 0 0 0.15436 -0.056181 0 0 0
-0 -0 -0 0.077054 0 0 0 0 0 0 0 0.072407 -0.026354 0 0 0
0 0 0 0.097201 0 0 0 0 0 0 0 0.091339 -0.033245 0 0 0
-0 -0 -0 0.19208 0 0 0 0 0 0 0 0.1805 -0.065696 0 0 0
-0 -0 -0 0.16546 0 0 0 0 0 0 0 0.15548 -0.056589 0 0 0
0 0 0 0.14417 0 0 0 0 0 0 0 0.13548 -0.04931 0 0 0
0 0 0 0.0081491 0 0 0 0 0 0 0 0.0076576 -0.0027872 0 0 0
-0 -0 -0 0.091664 0 0 0 0 0 0 0 0.086136 -0.031351 0 0 0
-0 -0 -0 0.091832 0 0 0 0 0 0 0 0.086294 -0.031408 0 0 0
-0 -0 -0 0.07165 0 0 0 0 0 0 0 0.067329 -0.024506 0 0 0
-0 -0 -0 0.071334 0 0 0 0 0 0 0 0.067032 -0.024398 0 0 0
0 0 0 0.032158 0 0 0 0 0 0 0 0.030219 -0.010999 0 0 0
0 0 0 0.11632 0 0 0 0 0 0 0 0.1093 -0.039783 0 0 0
0 0 0 0.053782 0 0 0 0 0 0 0 0.050538 -0.018395 0 0 0
-0 -0 -0 0.1078 0 0 0 0 0 0 0 0.1013 -0.036869 0 0 0
0 0 0 0.12572 0 0 0 0 0 0 0 0.11814 -0.043 0 0 0
0 0 0 0.15744 0 0 0 0 0 0 0 0.14795 -0.053848 0 0 0
0 0 0 0.087407 0 0 0 0 0 0 0 0.082136 -0.029895 0 0 0
0 0 0 0.036657 0 0 0 0 0 0 0 0.034447 -0.012538 0 0 0
-0 -0 -0 0.12311 0 0 0 0 0 0 0 0.11569 -0.042108 0 0 0
-0 -0 -0 0.016181 0 0 0 0 0 0 0 0.015206 -0.0055344 0 0 0
0 0 0 0.0045217 0 0 0 0 0 0 0 0.004249 -0.0015465 0 0 0
-0 -0 -0 0.057352 0 0 0 0 0 0 0 0.053893 -0.019615 0 0 0
-0 -0 -0 0.046228 0 0 0 0 0 0 0 0.04344 -0.015811 0 0 0
0 0 0 0.18657 0 0 0 0 0 0 0 0.17532 -0.06381 0 0 0
0 0 0 0.046727 0 0 0 0 0 0 0 0.043909 -0.015981 0 0 0
-0 -0 -0 0.052369 0 0 0 0 0 0 0 0.049211 -0.017911 0 0 0
-0 -0 -0 0.029001 0 0 0 0 0 0 0 0.027252 -0.0099188 0 0 0
-0 -0 -0 0.13094 0 0 0 0 0 0 0 0.12305 -0.044785 0 0 0
0 0 0 0.076051 0 0 0 0 0 0 0 0.071465 -0.026011 0 0 0
0 0 0 0.1769 0 0 0 0 0 0 0 0.16623 -0.060503 0 0 0
0 0 0 0.09509 0 0 0 0 0 0 0 0.089356 -0.032523 0 0 0
0 0 0 0.082876 0 0 0 0 0 0 0 0.077878 -0.028345 0 0 0
-0 -0 -0 0.15128 0 0 0 0 0 0 0 0.14216 -0.051742 0 0 0
0 0 0 0.0059696 0 0 0 0 0 0 0 0.0056096 -0.0020417 0 0 0
-0 -0 -0 0.15271 0 0 0 0 0 0 0 0.1435 -0.052229 0 0 0
0 0 0 0.19845 0 0 0 0 0 0 0 0.18648 -0.067873 0 0 0
0 0 0 0.092186 0 0 0 0 0 0 0 0.086626 -0.031529 0 0 0
-0 -0 -0 0.10324 0 0 0 0 0 0 0 0.097017 -0.035311 0 0 0
-0 -0 -0 0.10943 0 0 0 0 0 0 0 0.10283 -0.037428 0 0 0
-0 -0 -0 0.093913 0 0 0 0 0 0 0 0.08825 -0.03212 0 0 0
0 0 0 0.11805 0 0 0 0 0 0 0 0.11093 -0.040377 0 0 0
0 0 0 0.069233 0 0 0 0 0 0 0 0.065058 -0.023679 0 0 0
-0 -0 -0 0.19262 0 0 0 0 0 0 0 0.18101 -0.065881 0 0 0
-0 -0 -0 0.0025276 0 0 0 0 0 0 0 0.0023752 -0.0008645 0 0 0
0 0 0 0.13149 0 0 0 0 0 0 0 0.12356 -0.044973 0 0 0
0 0 0 0.1705 0 0 0 0 0 0 0 0.16022 -0.058315 0 0 0
-0 -0 -0 0.15633 0 0 0 0 0 0 0 0.1469 -0.053469 0 0 0
-0 -0 -0 0.10013 0 0 0 0 0 0 0 0.094088 -0.034245 0 0 0
0 0 0 0.18698 0 0 0 0 0 0 0 0.1757 -0.063949 0 0 0
-0 -0 -0 0.081309 0 0 0 0 0 0 0 0.076406 -0.027809 0 0 0
0 0 0 0.14551 0 0 0 0 0 0 0 0.13673 -0.049767 0 0 0
0 0 0 0.079786 0 0 0 0 0 0 0 0.074974 -0.027288 0 0 0
-0 -0 -0 0.081275 0 0 0 0 0 0 0 0.076374 -0.027798 0 0 0
-0 -0 -0 0.17741 0 0 0 0 0 0 0 0.16671 -0.060679 0 0 0
-0 -0 -0 0.10382 0 0 0 0 0 0 0 0.097555 -0.035507 0 0 0
-0 -0 -0 0.12325 0 0 0 0 0 0 0 0.11582 -0.042155 0 0 0
0 0 0 0.1782 0 0 0 0 0 0 0 0.16745 -0.060948 0 0 0
0 0 0 0.088378 0 0 0 0 0 0 0 0.083048 -0.030227 0 0 0
-0 -0 -0 0.012828 0 0 0 0 0 0 0 0.012054 -0.0043874 0 0 0
0 0 0 0.096004 0 0 0 0 0 0 0 0.090214 -0.032835 0 0 0
-0 -0 -0 0.097881 0 0 0 0 0 0 0 0.091978 -0.033477 0 0 0
0 0 0 0.054814 0 0 0 0 0 0 0 0.051508 -0.018747 0 0 0
-0 -0 -0 0.12256 0 0 0 0 0 0 0 0.11517 -0.041919 0 0 0
0 0 0 0.16459 0 0 0 0 0 0 0 0.15466 -0.056293 0 0 0
0 0 0 0.16833 0 0 0 0 0 0 0 0.15818 -0.057571 0 0 0
-0 -0 -0 0.19062 0 0 0 0 0 0 0 0.17912 -0.065195 0 0 0
0 0 0 0.17084 0 0 0 0 0 0 0 0.16054 -0.058431 0 0 0
0 0 0 0.11001 0 0 0 0 0 0 0 0.10338 -0.037627 0 0 0
-0 -0 -0 0.085896 0 0 0 0 0 0 0 0.080716 -0.029378 0 0 0
-0 -0 -0 0.11875 0 0 0 0 0 0 0 0.11159 -0.040616 0 0 0
-0 -0 -0 0.19563 0 0 0 0 0 0 0 0.18383 -0.066909 0 0 0
0 0 0 0.1504 0 0 0 0 0 0 0 0.14133 -0.051441 0 0 0
0 0 0 0.14433 0 0 0 0 0 0 0 0.13562 -0.049363 0 0 0
-0 -0 -0 0.039041 0 0 0 0 0 0 0 0.036687 -0.013353 0 0 0
0 0 0 0.15023 0 0 0 0 0 0 0 0.14117 -0.051381 0 0 0
-0 -0 -0 0.10805 0 0 0 0 0 0 0 0.10153 -0.036954 0 0 0
-0 -0 -0 0.14062 0 0 0 0 0 0 0 0.13214 -0.048096 0 0 0
-0 -0 -0 0.0091213 0 0 0 0 0 0 0 0.0085712 -0.0031197 0 0 0
-0 -0 -0 0.028856 0 0 0 0 0 0 0 0.027116 -0.0098693 0 0 0
0 0 0 0.098299 0 0 0 0 0 0 0 0.092371 -0.03362 0 0 0
0 0 0 0.024795 0 0 0 0 0 0 0 0.0233 -0.0084803 0 0 0
0 0 0 0.07441 0 0 0 0 0 0 0 0.069922 -0.02545 0 0 0
0 0 0 0.12237 0 0 0 0 0 0 0 0.11499 -0.041852 0 0 0
-0 -0 -0 0.12521 0 0 0 0 0 0 0 0.11766 -0.042825 0 0 0
-0 -0 -0 0.076504 0 0 0 0 0 0 0 0.07189 -0.026166 0 0 0
-0 -0 -0 0.13596 0 0 0 0 0 0 0 0.12776 -0.046502 0 0 0
-0 -0 -0 0.10376 0 0 0 0 0 0 0 0.097501 -0.035488 0 0 0
0 0 0 0.10359 0 0 0 0 0 0 0 0.097342 -0.03543 0 0 0
-0 -0 -0 0.03467 0 0 0 0 0 0 0 0.032579 -0.011858 0 0 0
0 0 0 0.1714 0 0 0 0 0 0 0 0.16107 -0.058624 0 0 0
-0 -0 -0 0.16307 0 0 0 0 0 0 0 0.15323 -0.055772 0 0 0
-0 -0 -0 0.064175 0 0 0 0 0 0 0 0.060304 -0.021949 0 0 0
