-0 -0 -0 0.052992 0 0 0 0 0 0 0 0.052187 -0.009202 0 0 0
-0 -0 -0 0.0081346 0 0 0 0 0 0 0 0.008011 -0.0014126 0 0 0
-0 -0 -0 0.11644 0 0 0 0 0 0 0 0.11467 -0.020219 0 0 0
0 0 0 0.16068 0 0 0 0 0 0 0 0.15824 -0.027902 0 0 0
0 0 0 0.11649 0 0 0 0 0 0 0 0.11472 -0.020229 0 0 0
-0 -0 -0 0.093144 0 0 0 0 0 0 0 0.091729 -0.016174 0 0 0
0 0 0 0.022884 0 0 0 0 0 0 0 0.022537 -0.0039738 0 0 0
0 0 0 0.075827 0 0 0 0 0 0 0 0.074675 -0.013167 0 0 0
0 0 0 0.19741 0 0 0 0 0 0 0 0.19441 -0.03428 0 0 0
-0 -0 -0 0.12491 0 0 0 0 0 0 0 0.12301 -0.02169 0 0 0
-0 -0 -0 0.054468 0 0 0 0 0 0 0 0.053641 -0.0094583 0 0 0
-0 -0 -0 0.072621 0 0 0 0 0 0 0 0.071518 -0.01261 0 0 0
0 0 0 0.017451 0 0 0 0 0 0 0 0.017186 -0.0030303 0 0 0
-0 -0 -0 0.059866 0 0 0 0 0 0 0 0.058956 -0.010396 0 0 0
0 0 0 0.10258 0 0 0 0 0 0 0 0.10102 -0.017812 0 0 0
-0 -0 -0 0.0071957 0 0 0 0 0 0 0 0.0070864 -0.0012495 0 0 0
-0 -0 -0 0.041956 0 0 0 0 0 0 0 0.041319 -0.0072856 0 0 0
0 0 0 0.10998 0 0 0 0 0 0 0 0.10831 -0.019098 0 0 0
0 0 0 0.090578 0 0 0 0 0 0 0 0.089202 -0.015729 0 0 0
-0 -0 -0 0.042888 0 0 0 0 0 0 0 0.042237 -0.0074475 0 0 0
0 0 0 0.053443 0 0 0 0 0 0 0 0.052631 -0.0092804 0 0 0
-0 -0 -0 0.14789 0 0 0 0 0 0 0 0.14565 -0.025682 0 0 0
-0 -0 -0 0.055782 0 0 0 0 0 0 0 0.054935 -0.0096865 0 0 0
-0 -0 -0 0.12638 0 0 0 0 0 0 0 0.12446 -0.021946 0 0 0
-0 -0 -0 0.0058666 0 0 0 0 0 0 0 0.0057775 -0.0010187 0 0 0
-0 -0 -0 0.12409 0 0 0 0 0 0 0 0.1222 -0.021547 0 0 0
0 0 0 0.0055629 0 0 0 0 0 0 0 0.0054784 -0.00096599 0 0 0
-0 -0 -0 0.038451 0 0 0 0 0 0 0 0.037867 -0.006677 0 0 0
0 0 0 0.1311 0 0 0 0 0 0 0 0.12911 -0.022766 0 0 0
-0 -0 -0 0.080962 0 0 0 0 0 0 0 0.079732 -0.014059 0 0 0
0 0 0 0.041551 0 0 0 0 0 0 0 0.040919 -0.0072152 0 0 0
-0 -0 -0 0.062312 0 0 0 0 0 0 0 0.061365 -0.01082 0 0 0
0 0 0 0.15702 0 0 0 0 0 0 0 0.15463 -0.027266 0 0 0
0 0 0 0.11173 0 0 0 0 0 0 0 0.11004 -0.019402 0 0 0
0 0 0 0.085489 0 0 0 0 0 0 0 0.08419 -0.014845 0 0 0
0 0 0 0.084722 0 0 0 0 0 0 0 0.083435 -0.014712 0 0 0
0 0 0 0.056164 0 0 0 0 0 0 0 0.055311 -0.0097529 0 0 0
-0 -0 -0 0.13101 0 0 0 0 0 0 0 0.12902 -0.02275 0 0 0
0 0 0 0.041723 0 0 0 0 0 0 0 0.041089 -0.0072451 0 0 0
0 0 0 0.0079597 0 0 0 0 0 0 0 0.0078388 -0.0013822 0 0 0
0 0 0 0.1344 0 0 0 0 0 0 0 0.13236 -0.023339 0 0 0
-0 -0 -0 0.09503 0 0 0 0 0 0 0 0.093586 -0.016502 0 0 0
0 0 0 0.068431 0 0 0 0 0 0 0 0.067392 -0.011883 0 0 0
-0 -0 -0 0.19436 0 0 0 0 0 0 0 0.19141 -0.033751 0 0 0
0 0 0 0.01371 0 0 0 0 0 0 0 0.013502 -0.0023807 0 0 0
0 0 0 0.048135 0 0 0 0 0 0 0 0.047403 -0.0083585 0 0 0
-0 -0 -0 0.12037 0 0 0 0 0 0 0 0.11855 -0.020903 0 0 0
0 0 0 0.025977 0 0 0 0 0 0 0 0.025583 -0.0045109 0 0 0
0 0 0 0.13491 0 0 0 0 0 0 0 0.13286 -0.023427 0 0 0
-0 -0 -0 0.19068 0 0 0 0 0 0 0 0.18778 -0.033111 0 0 0
0 0 0 0.076542 0 0 0 0 0 0 0 0.075379 -0.013291 0 0 0
-0 -0 -0 0.078292 0 0 0 0 0 0 0 0.077103 -0.013595 0 0 0
-0 -0 -0 0.1828 0 0 0 0 0 0 0 0.18002 -0.031743 0 0 0
0 0 0 0.043221 0 0 0 0 0 0 0 0.042564 -0.0075052 0 0 0
0 0 0 0.19905 0 0 0 0 0 0 0 0.19603 -0.034565 0 0 0
0 0 0 0.17607 0 0 0 0 0 0 0 0.17339 -0.030574 0 0 0
0 0 0 0.15576 0 0 0 0 0 0 0 0.1534 -0.027048 0 0 0
0 0 0 0.021024 0 0 0 0 0 0 0 0.020705 -0.0036509 0 0 0
0 0 0 0.1194 0 0 0 0 0 0 0 0.11759 -0.020734 0 0 0
0 0 0 0.16741 0 0 0 0 0 0 0 0.16486 -0.02907 0 0 0
0 0 0 0.095548 0 0 0 0 0 0 0 0.094096 -0.016592 0 0 0
0 0 0 0.17506 0 0 0 0 0 0 0 0.1724 -0.030399 0 0 0
0 0 0 0.011566 0 0 0 0 0 0 0 0.011391 -0.0020085 0 0 0
-0 -0 -0 0.15354 0 0 0 0 0 0 0 0.15121 -0.026662 0 0 0
0 0 0 0.03507 0 0 0 0 0 0 0 0.034537 -0.0060898 0 0 0
-0 -0 -0 0.058961 0 0 0 0 0 0 0 0.058066 -0.010239 0 0 0
0 0 0 0.082007 0 0 0 0 0 0 0 0.080761 -0.01424 0 0 0
-0 -0 -0 0.048602 0 0 0 0 0 0 0 0.047864 -0.0084397 0 0 0
-0 -0 -0 0.15282 0 0 0 0 0 0 0 0.1505 -0.026537 0 0 0
0 0 0 0.025563 0 0 0 0 0 0 0 0.025175 -0.004439 0 0 0
-0 -0 -0 0.088117 0 0 0 0 0 0 0 0.086778 -0.015301 0 0 0
-0 -0 -0 0.050227 0 0 0 0 0 0 0 0.049464 -0.0087219 0 0 0
-0 -0 -0 0.16941 0 0 0 0 0 0 0 0.16683 -0.029417 0 0 0
0 0 0 0.0564 0 0 0 0 0 0 0 0.055543 -0.0097938 0 0 0
-0 -0 -0 0.042821 0 0 0 0 0 0 0 0.042171 -0.0074358 0 0 0
-0 -0 -0 0.15415 0 0 0 0 0 0 0 0.1518 -0.026767 0 0 0
0 0 0 0.0084561 0 0 0 0 0 0 0 0.0083276 -0.0014684 0 0 0
-0 -0 -0 0.084117 0 0 0 0 0 0 0 0.082839 -0.014607 0 0 0
0 0 0 0.15579 0 0 0 0 0 0 0 0.15342 -0.027052 0 0 0
0 0 0 0.11363 0 0 0 0 0 0 0 0.1119 -0.019732 0 0 0
0 0 0 0.19263 0 0 0 0 0 0 0 0.1897 -0.03345 0 0 0
0 0 0 0.12121 0 0 0 0 0 0 0 0.11937 -0.021047 0 0 0
0 0 0 0.019306 0 0 0 0 0 0 0 0.019013 -0.0033525 0 0 0
-0 -0 -0 0.049808 0 0 0 0 0 0 0 0.049051 -0.0086491 0 0 0
0 0 0 0.092256 0 0 0 0 0 0 0 0.090854 -0.01602 0 0 0
-0 -0 -0 0.024039 0 0 0 0 0 0 0 0.023674 -0.0041743 0 0 0
-0 -0 -0 0.11112 0 0 0 0 0 0 0 0.10943 -0.019295 0 0 0
0 0 0 0.020285 0 0 0 0 0 0 0 0.019977 -0.0035224 0 0 0
-0 -0 -0 0.047291 0 0 0 0 0 0 0 0.046572 -0.0082119 0 0 0
0 0 0 0.13822 0 0 0 0 0 0 0 0.13612 -0.024002 0 0 0
-0 -0 -0 0.15768 0 0 0 0 0 0 0 0.15528 -0.02738 0 0 0
-0 -0 -0 0.17847 0 0 0 0 0 0 0 0.17576 -0.030991 0 0 0
-0 -0 -0 0.033836 0 0 0 0 0 0 0 0.033322 -0.0058755 0 0 0
0 0 0 0.020679 0 0 0 0 0 0 0 0.020365 -0.0035908 0 0 0
0 0 0 0.06635 0 0 0 0 0 0 0 0.065342 -0.011522 0 0 0
0 0 0 0.078414 0 0 0 0 0 0 0 0.077223 -0.013616 0 0 0
0 0 0 0.18486 0 0 0 0 0 0 0 0.18205 -0.0321 0 0 0
0 0 0 0.019678 0 0 0 0 0 0 0 0.019379 -0.003417 0 0 0
-0 -0 -0 0.018567 0 0 0 0 0 0 0 0.018284 -0.003224 0 0 0
-0 -0 -0 0.032213 0 0 0 0 0 0 0 0.031723 -0.0055937 0 0 0
