-0 -0 -0 0.076372 0 0 0 0 0 0 0 0.075212 -0.013262 0 0 0
0 0 0 0.15026 0 0 0 0 0 0 0 0.14798 -0.026093 0 0 0
-0 -0 -0 0.019631 0 0 0 0 0 0 0 0.019333 -0.0034089 0 0 0
-0 -0 -0 0.046474 0 0 0 0 0 0 0 0.045768 -0.0080701 0 0 0
-0 -0 -0 0.18016 0 0 0 0 0 0 0 0.17743 -0.031285 0 0 0
-0 -0 -0 0.033543 0 0 0 0 0 0 0 0.033034 -0.0058247 0 0 0
0 0 0 0.13148 0 0 0 0 0 0 0 0.12948 -0.022831 0 0 0
0 0 0 0.052322 0 0 0 0 0 0 0 0.051528 -0.0090857 0 0 0
-0 -0 -0 0.18823 0 0 0 0 0 0 0 0.18537 -0.032686 0 0 0
-0 -0 -0 0.050646 0 0 0 0 0 0 0 0.049877 -0.0087946 0 0 0
-0 -0 -0 0.16488 0 0 0 0 0 0 0 0.16237 -0.028631 0 0 0
-0 -0 -0 0.082097 0 0 0 0 0 0 0 0.08085 -0.014256 0 0 0
-0 -0 -0 0.17746 0 0 0 0 0 0 0 0.17476 -0.030815 0 0 0
0 0 0 0.089408 0 0 0 0 0 0 0 0.08805 -0.015526 0 0 0
0 0 0 0.15104 0 0 0 0 0 0 0 0.14874 -0.026228 0 0 0
0 0 0 0.19345 0 0 0 0 0 0 0 0.19051 -0.033592 0 0 0
-0 -0 -0 0.16009 0 0 0 0 0 0 0 0.15766 -0.0278 0 0 0
-0 -0 -0 0.17973 0 0 0 0 0 0 0 0.177 -0.031209 0 0 0
0 0 0 0.18026 0 0 0 0 0 0 0 0.17752 -0.031302 0 0 0
-0 -0 -0 0.094151 0 0 0 0 0 0 0 0.092721 -0.016349 0 0 0
0 0 0 0.036897 0 0 0 0 0 0 0 0.036336 -0.0064071 0 0 0
0 0 0 0.16687 0 0 0 0 0 0 0 0.16434 -0.028977 0 0 0
-0 -0 -0 0.079994 0 0 0 0 0 0 0 0.078779 -0.013891 0 0 0
-0 -0 -0 0.18774 0 0 0 0 0 0 0 0.18489 -0.032601 0 0 0
0 0 0 0.039316 0 0 0 0 0 0 0 0.038719 -0.0068272 0 0 0
-0 -0 -0 0.087776 0 0 0 0 0 0 0 0.086443 -0.015242 0 0 0
0 0 0 0.011705 0 0 0 0 0 0 0 0.011527 -0.0020325 0 0 0
0 0 0 0.092364 0 0 0 0 0 0 0 0.090961 -0.016039 0 0 0
0 0 0 0.056698 0 0 0 0 0 0 0 0.055836 -0.0098455 0 0 0
0 0 0 0.082554 0 0 0 0 0 0 0 0.0813 -0.014335 0 0 0
0 0 0 0.15112 0 0 0 0 0 0 0 0.14882 -0.026242 0 0 0
-0 -0 -0 0.15559 0 0 0 0 0 0 0 0.15323 -0.027019 0 0 0
0 0 0 0.17311 0 0 0 0 0 0 0 0.17048 -0.030061 0 0 0
-0 -0 -0 0.0082304 0 0 0 0 0 0 0 0.0081054 -0.0014292 0 0 0
0 0 0 0.095566 0 0 0 0 0 0 0 0.094115 -0.016595 0 0 0
-0 -0 -0 0.1676 0 0 0 0 0 0 0 0.16505 -0.029103 0 0 0
-0 -0 -0 0.097817 0 0 0 0 0 0 0 0.096331 -0.016986 0 0 0
0 0 0 0.18866 0 0 0 0 0 0 0 0.1858 -0.032761 0 0 0
-0 -0 -0 0.049422 0 0 0 0 0 0 0 0.048671 -0.0085821 0 0 0
-0 -0 -0 0.045691 0 0 0 0 0 0 0 0.044997 -0.0079341 0 0 0
-0 -0 -0 0.055155 0 0 0 0 0 0 0 0.054317 -0.0095775 0 0 0
-0 -0 -0 0.087981 0 0 0 0 0 0 0 0.086645 -0.015278 0 0 0
0 0 0 0.12271 0 0 0 0 0 0 0 0.12085 -0.021309 0 0 0
-0 -0 -0 0.037221 0 0 0 0 0 0 0 0.036656 -0.0064634 0 0 0
-0 -0 -0 0.15184 0 0 0 0 0 0 0 0.14953 -0.026367 0 0 0
-0 -0 -0 0.11131 0 0 0 0 0 0 0 0.10962 -0.019329 0 0 0
-0 -0 -0 0.09512 0 0 0 0 0 0 0 0.093675 -0.016517 0 0 0
0 0 0 0.057783 0 0 0 0 0 0 0 0.056905 -0.010034 0 0 0
-0 -0 -0 0.13524 0 0 0 0 0 0 0 0.13319 -0.023484 0 0 0
-0 -0 -0 0.19768 0 0 0 0 0 0 0 0.19468 -0.034327 0 0 0
0 0 0 0.045743 0 0 0 0 0 0 0 0.045048 -0.0079431 0 0 0
0 0 0 0.16113 0 0 0 0 0 0 0 0.15868 -0.027979 0 0 0
0 0 0 0.026209 0 0 0 0 0 0 0 0.025811 -0.0045511 0 0 0
0 0 0 0.1394 0 0 0 0 0 0 0 0.13728 -0.024206 0 0 0
-0 -0 -0 0.00050523 0 0 0 0 0 0 0 0.00049755 -8.7732e-05 0 0 0
-0 -0 -0 0.14692 0 0 0 0 0 0 0 0.14469 -0.025512 0 0 0
0 0 0 0.1583 0 0 0 0 0 0 0 0.1559 -0.027489 0 0 0
-0 -0 -0 0.060539 0 0 0 0 0 0 0 0.05962 -0.010513 0 0 0
0 0 0 0.11659 0 0 0 0 0 0 0 0.11482 -0.020246 0 0 0
0 0 0 0.14868 0 0 0 0 0 0 0 0.14642 -0.025818 0 0 0
-0 -0 -0 0.029041 0 0 0 0 0 0 0 0.028599 -0.0050429 0 0 0
0 0 0 0.039748 0 0 0 0 0 0 0 0.039144 -0.0069022 0 0 0
0 0 0 0.13497 0 0 0 0 0 0 0 0.13292 -0.023438 0 0 0
-0 -0 -0 0.026229 0 0 0 0 0 0 0 0.02583 -0.0045546 0 0 0
-0 -0 -0 0.13858 0 0 0 0 0 0 0 0.13647 -0.024063 0 0 0
-0 -0 -0 0.062361 0 0 0 0 0 0 0 0.061414 -0.010829 0 0 0
-0 -0 -0 0.1873 0 0 0 0 0 0 0 0.18445 -0.032524 0 0 0
-0 -0 -0 0.16845 0 0 0 0 0 0 0 0.16589 -0.029252 0 0 0
-0 -0 -0 0.021001 0 0 0 0 0 0 0 0.020682 -0.0036467 0 0 0
-0 -0 -0 0.16701 0 0 0 0 0 0 0 0.16447 -0.029001 0 0 0
0 0 0 0.19986 0 0 0 0 0 0 0 0.19683 -0.034706 0 0 0
0 0 0 0.16969 0 0 0 0 0 0 0 0.16712 -0.029467 0 0 0
-0 -0 -0 0.0054857 0 0 0 0 0 0 0 0.0054024 -0.00095259 0 0 0
-0 -0 -0 0.092717 0 0 0 0 0 0 0 0.091308 -0.0161 0 0 0
-0 -0 -0 0.1685 0 0 0 0 0 0 0 0.16594 -0.02926 0 0 0
-0 -0 -0 0.085147 0 0 0 0 0 0 0 0.083853 -0.014786 0 0 0
-0 -0 -0 0.022448 0 0 0 0 0 0 0 0.022107 -0.0038981 0 0 0
-0 -0 -0 0.12968 0 0 0 0 0 0 0 0.12771 -0.022519 0 0 0
-0 -0 -0 0.17335 0 0 0 0 0 0 0 0.17072 -0.030102 0 0 0
0 0 0 0.029348 0 0 0 0 0 0 0 0.028902 -0.0050963 0 0 0
-0 -0 -0 0.056701 0 0 0 0 0 0 0 0.055839 -0.009846 0 0 0
0 0 0 0.16301 0 0 0 0 0 0 0 0.16053 -0.028306 0 0 0
0 0 0 0.11255 0 0 0 0 0 0 0 0.11084 -0.019543 0 0 0
-0 -0 -0 0.19556 0 0 0 0 0 0 0 0.19259 -0.033958 0 0 0
0 0 0 0.055549 0 0 0 0 0 0 0 0.054705 -0.009646 0 0 0
-0 -0 -0 0.19038 0 0 0 0 0 0 0 0.18749 -0.033059 0 0 0
0 0 0 0.054465 0 0 0 0 0 0 0 0.053638 -0.0094578 0 0 0
0 0 0 0.15022 0 0 0 0 0 0 0 0.14794 -0.026086 0 0 0
0 0 0 0.12368 0 0 0 0 0 0 0 0.1218 -0.021477 0 0 0
-0 -0 -0 0.039726 0 0 0 0 0 0 0 0.039122 -0.0068983 0 0 0
-0 -0 -0 0.14661 0 0 0 0 0 0 0 0.14439 -0.025459 0 0 0
0 0 0 0.087332 0 0 0 0 0 0 0 0.086005 -0.015165 0 0 0
-0 -0 -0 0.014616 0 0 0 0 0 0 0 0.014394 -0.0025381 0 0 0
-0 -0 -0 0.15326 0 0 0 0 0 0 0 0.15093 -0.026613 0 0 0
0 0 0 0.11615 0 0 0 0 0 0 0 0.11438 -0.020169 0 0 0
-0 -0 -0 0.010114 0 0 0 0 0 0 0 0.0099605 -0.0017563 0 0 0
-0 -0 -0 0.066252 0 0 0 0 0 0 0 0.065245 -0.011505 0 0 0
0 0 0 0.068013 0 0 0 0 0 0 0 0.066979 -0.01181 0 0 0
-0 -0 -0 0.12729 0 0 0 0 0 0 0 0.12536 -0.022104 0 0 0
-0 -0 -0 0.12701 0 0 0 0 0 0 0 0.12508 -0.022055 0 0 0
