0 0 0 0.026083 0 0 0 0 0 0 0 0.026083 0 0 0 0
0 0 0 0.056635 0 0 0 0 0 0 0 0.056635 0 0 0 0
-0 -0 -0 0.014414 0 0 0 0 0 0 0 0.014414 0 0 0 0
-0 -0 -0 0.14762 0 0 0 0 0 0 0 0.14762 0 0 0 0
-0 -0 -0 0.068277 0 0 0 0 0 0 0 0.068277 0 0 0 0
0 0 0 0.12653 0 0 0 0 0 0 0 0.12653 0 0 0 0
-0 -0 -0 0.1681 0 0 0 0 0 0 0 0.1681 0 0 0 0
-0 -0 -0 0.15321 0 0 0 0 0 0 0 0.15321 0 0 0 0
-0 -0 -0 0.12433 0 0 0 0 0 0 0 0.12433 0 0 0 0
0 0 0 0.017628 0 0 0 0 0 0 0 0.017628 0 0 0 0
-0 -0 -0 0.024644 0 0 0 0 0 0 0 0.024644 0 0 0 0
-0 -0 -0 0.11948 0 0 0 0 0 0 0 0.11948 0 0 0 0
-0 -0 -0 0.14672 0 0 0 0 0 0 0 0.14672 0 0 0 0
-0 -0 -0 0.023065 0 0 0 0 0 0 0 0.023065 0 0 0 0
-0 -0 -0 0.082102 0 0 0 0 0 0 0 0.082102 0 0 0 0
-0 -0 -0 0.15201 0 0 0 0 0 0 0 0.15201 0 0 0 0
0 0 0 0.039823 0 0 0 0 0 0 0 0.039823 0 0 0 0
0 0 0 0.1699 0 0 0 0 0 0 0 0.1699 0 0 0 0
0 0 0 0.011958 0 0 0 0 0 0 0 0.011958 0 0 0 0
-0 -0 -0 0.004184 0 0 0 0 0 0 0 0.004184 0 0 0 0
-0 -0 -0 0.13637 0 0 0 0 0 0 0 0.13637 0 0 0 0
-0 -0 -0 0.14962 0 0 0 0 0 0 0 0.14962 0 0 0 0
-0 -0 -0 0.088834 0 0 0 0 0 0 0 0.088834 0 0 0 0
0 0 0 6.6709e-05 0 0 0 0 0 0 0 6.6709e-05 0 0 0 0
0 0 0 0.13775 0 0 0 0 0 0 0 0.13775 0 0 0 0
0 0 0 0.095455 0 0 0 0 0 0 0 0.095455 0 0 0 0
0 0 0 0.032329 0 0 0 0 0 0 0 0.032329 0 0 0 0
0 0 0 0.19838 0 0 0 0 0 0 0 0.19838 0 0 0 0
-0 -0 -0 0.04685 0 0 0 0 0 0 0 0.04685 0 0 0 0
0 0 0 0.17474 0 0 0 0 0 0 0 0.17474 0 0 0 0
-0 -0 -0 0.096202 0 0 0 0 0 0 0 0.096202 0 0 0 0
-0 -0 -0 0.059904 0 0 0 0 0 0 0 0.059904 0 0 0 0
-0 -0 -0 0.16078 0 0 0 0 0 0 0 0.16078 0 0 0 0
0 0 0 0.1554 0 0 0 0 0 0 0 0.1554 0 0 0 0
-0 -0 -0 0.16373 0 0 0 0 0 0 0 0.16373 0 0 0 0
-0 -0 -0 0.10246 0 0 0 0 0 0 0 0.10246 0 0 0 0
-0 -0 -0 0.080181 0 0 0 0 0 0 0 0.080181 0 0 0 0
0 0 0 0.15129 0 0 0 0 0 0 0 0.15129 0 0 0 0
0 0 0 0.11315 0 0 0 0 0 0 0 0.11315 0 0 0 0
0 0 0 0.1509 0 0 0 0 0 0 0 0.1509 0 0 0 0
-0 -0 -0 0.04942 0 0 0 0 0 0 0 0.04942 0 0 0 0
-0 -0 -0 0.09391 0 0 0 0 0 0 0 0.09391 0 0 0 0
0 0 0 0.10698 0 0 0 0 0 0 0 0.10698 0 0 0 0
-0 -0 -0 0.024838 0 0 0 0 0 0 0 0.024838 0 0 0 0
0 0 0 0.11202 0 0 0 0 0 0 0 0.11202 0 0 0 0
-0 -0 -0 0.13442 0 0 0 0 0 0 0 0.13442 0 0 0 0
-0 -0 -0 0.051519 0 0 0 0 0 0 0 0.051519 0 0 0 0
-0 -0 -0 0.17926 0 0 0 0 0 0 0 0.17926 0 0 0 0
0 0 0 0.022671 0 0 0 0 0 0 0 0.022671 0 0 0 0
0 0 0 0.12713 0 0 0 0 0 0 0 0.12713 0 0 0 0
0 0 0 0.15601 0 0 0 0 0 0 0 0.15601 0 0 0 0
0 0 0 0.10447 0 0 0 0 0 0 0 0.10447 0 0 0 0
0 0 0 0.045265 0 0 0 0 0 0 0 0.045265 0 0 0 0
0 0 0 0.11276 0 0 0 0 0 0 0 0.11276 0 0 0 0
-0 -0 -0 0.16371 0 0 0 0 0 0 0 0.16371 0 0 0 0
0 0 0 0.09035 0 0 0 0 0 0 0 0.09035 0 0 0 0
0 0 0 0.047296 0 0 0 0 0 0 0 0.047296 0 0 0 0
0 0 0 0.13377 0 0 0 0 0 0 0 0.13377 0 0 0 0
0 0 0 0.13082 0 0 0 0 0 0 0 0.13082 0 0 0 0
0 0 0 0.16665 0 0 0 0 0 0 0 0.16665 0 0 0 0
-0 -0 -0 0.13125 0 0 0 0 0 0 0 0.13125 0 0 0 0
-0 -0 -0 0.040965 0 0 0 0 0 0 0 0.040965 0 0 0 0
-0 -0 -0 0.15103 0 0 0 0 0 0 0 0.15103 0 0 0 0
-0 -0 -0 0.105 0 0 0 0 0 0 0 0.105 0 0 0 0
-0 -0 -0 0.073091 0 0 0 0 0 0 0 0.073091 0 0 0 0
-0 -0 -0 0.019064 0 0 0 0 0 0 0 0.019064 0 0 0 0
0 0 0 0.19942 0 0 0 0 0 0 0 0.19942 0 0 0 0
0 0 0 0.1041 0 0 0 0 0 0 0 0.1041 0 0 0 0
0 0 0 0.18918 0 0 0 0 0 0 0 0.18918 0 0 0 0
0 0 0 0.086703 0 0 0 0 0 0 0 0.086703 0 0 0 0
-0 -0 -0 0.0077796 0 0 0 0 0 0 0 0.0077796 0 0 0 0
0 0 0 0.16675 0 0 0 0 0 0 0 0.16675 0 0 0 0
0 0 0 0.036511 0 0 0 0 0 0 0 0.036511 0 0 0 0
0 0 0 0.19687 0 0 0 0 0 0 0 0.19687 0 0 0 0
0 0 0 0.14802 0 0 0 0 0 0 0 0.14802 0 0 0 0
-0 -0 -0 0.042303 0 0 0 0 0 0 0 0.042303 0 0 0 0
0 0 0 0.017104 0 0 0 0 0 0 0 0.017104 0 0 0 0
0 0 0 0.17729 0 0 0 0 0 0 0 0.17729 0 0 0 0
-0 -0 -0 0.032927 0 0 0 0 0 0 0 0.032927 0 0 0 0
0 0 0 0.10092 0 0 0 0 0 0 0 0.10092 0 0 0 0
0 0 0 0.13865 0 0 0 0 0 0 0 0.13865 0 0 0 0
-0 -0 -0 0.04069 0 0 0 0 0 0 0 0.04069 0 0 0 0
-0 -0 -0 0.15513 0 0 0 0 0 0 0 0.15513 0 0 0 0
-0 -0 -0 0.18846 0 0 0 0 0 0 0 0.18846 0 0 0 0
0 0 0 0.058628 0 0 0 0 0 0 0 0.058628 0 0 0 0
0 0 0 0.1351 0 0 0 0 0 0 0 0.1351 0 0 0 0
-0 -0 -0 0.084304 0 0 0 0 0 0 0 0.084304 0 0 0 0
0 0 0 0.16441 0 0 0 0 0 0 0 0.16441 0 0 0 0
0 0 0 0.11387 0 0 0 0 0 0 0 0.11387 0 0 0 0
0 0 0 0.14382 0 0 0 0 0 0 0 0.14382 0 0 0 0
0 0 0 0.18637 0 0 0 0 0 0 0 0.18637 0 0 0 0
-0 -0 -0 0.078835 0 0 0 0 0 0 0 0.078835 0 0 0 0
-0 -0 -0 0.11309 0 0 0 0 0 0 0 0.11309 0 0 0 0
0 0 0 0.14116 0 0 0 0 0 0 0 0.14116 0 0 0 0
-0 -0 -0 0.0001263 0 0 0 0 0 0 0 0.0001263 0 0 0 0
-0 -0 -0 0.14247 0 0 0 0 0 0 0 0.14247 0 0 0 0
-0 -0 -0 0.081918 0 0 0 0 0 0 0 0.081918 0 0 0 0
-0 -0 -0 0.15883 0 0 0 0 0 0 0 0.15883 0 0 0 0
-0 -0 -0 0.17138 0 0 0 0 0 0 0 0.17138 0 0 0 0
-0 -0 -0 0.14272 0 0 0 0 0 0 0 0.14272 0 0 0 0
