0 0 0.23215 0 0 0 0 0 0 0 0 0 0 0 0 0.23215 -0.023007 -0.0026826 0 0 0
-0 -0 -0.2464 0 0 0 0 0 0 0 0 0 0 0 0 -0.2464 0.024391 -0.0030202 0 0 0
-0 -0 -0.046722 0 0 0 0 0 0 0 0 0 0 0 0 -0.046722 0.0046705 -0.00010913 0 0 0
-0 -0 -0.23449 0 0 0 0 0 0 0 0 0 0 0 0 -0.23449 0.023235 -0.0027368 0 0 0
0 0 0.015976 0 0 0 0 0 0 0 0 0 0 0 0 0.015976 -0.0015976 -1.2762e-05 0 0 0
-0 -0 -0.28187 0 0 0 0 0 0 0 0 0 0 0 0 -0.28187 0.027815 -0.0039463 0 0 0
-0 -0 -0.22184 0 0 0 0 0 0 0 0 0 0 0 0 -0.22184 0.022003 -0.0024506 0 0 0
0 0 0.18745 0 0 0 0 0 0 0 0 0 0 0 0 0.18745 -0.018635 -0.0017517 0 0 0
0 0 0.043665 0 0 0 0 0 0 0 0 0 0 0 0 0.043665 -0.0043651 -9.5315e-05 0 0 0
0 0 0.34378 0 0 0 0 0 0 0 0 0 0 0 0 0.34378 -0.033705 -0.0058513 0 0 0
-0 -0 -0.11776 0 0 0 0 0 0 0 0 0 0 0 0 -0.11776 0.011749 -0.00069257 0 0 0
-0 -0 -0.019316 0 0 0 0 0 0 0 0 0 0 0 0 -0.019316 0.0019315 -1.8654e-05 0 0 0
-0 -0 -0.1001 0 0 0 0 0 0 0 0 0 0 0 0 -0.1001 0.0099934 -0.00050059 0 0 0
0 0 0.18186 0 0 0 0 0 0 0 0 0 0 0 0 0.18186 -0.018086 -0.001649 0 0 0
0 0 0.26092 0 0 0 0 0 0 0 0 0 0 0 0 0.26092 -0.025797 -0.0033848 0 0 0
-0 -0 -0.3093 0 0 0 0 0 0 0 0 0 0 0 0 -0.3093 0.030439 -0.0047453 0 0 0
0 0 0.096587 0 0 0 0 0 0 0 0 0 0 0 0 0.096587 -0.0096436 -0.00046609 0 0 0
0 0 0.33004 0 0 0 0 0 0 0 0 0 0 0 0 0.33004 -0.032408 -0.0053972 0 0 0
0 0 0.21235 0 0 0 0 0 0 0 0 0 0 0 0 0.21235 -0.021076 -0.0022462 0 0 0
0 0 0.22749 0 0 0 0 0 0 0 0 0 0 0 0 0.22749 -0.022553 -0.0025764 0 0 0
-0 -0 -0.2181 0 0 0 0 0 0 0 0 0 0 0 0 -0.2181 0.021638 -0.0023691 0 0 0
-0 -0 -0.038267 0 0 0 0 0 0 0 0 0 0 0 0 -0.038267 0.0038258 -7.321e-05 0 0 0
0 0 0.075754 0 0 0 0 0 0 0 0 0 0 0 0 0.075754 -0.0075681 -0.00028679 0 0 0
-0 -0 -0.14823 0 0 0 0 0 0 0 0 0 0 0 0 -0.14823 0.014769 -0.0010966 0 0 0
-0 -0 -0.077911 0 0 0 0 0 0 0 0 0 0 0 0 -0.077911 0.0077832 -0.00030335 0 0 0
0 0 0.063559 0 0 0 0 0 0 0 0 0 0 0 0 0.063559 -0.0063516 -0.00020192 0 0 0
0 0 0.016265 0 0 0 0 0 0 0 0 0 0 0 0 0.016265 -0.0016264 -1.3227e-05 0 0 0
-0 -0 -0.14226 0 0 0 0 0 0 0 0 0 0 0 0 -0.14226 0.014178 -0.0010102 0 0 0
-0 -0 -0.00013957 0 0 0 0 0 0 0 0 0 0 0 0 -0.00013957 1.3957e-05 -9.7402e-10 0 0 0
0 0 0.12372 0 0 0 0 0 0 0 0 0 0 0 0 0.12372 -0.01234 -0.00076432 0 0 0
0 0 0.29398 0 0 0 0 0 0 0 0 0 0 0 0 0.29398 -0.028976 -0.0042901 0 0 0
0 0 0.10894 0 0 0 0 0 0 0 0 0 0 0 0 0.10894 -0.010873 -0.00059284 0 0 0
-0 -0 -0.22168 0 0 0 0 0 0 0 0 0 0 0 0 -0.22168 0.021987 -0.002447 0 0 0
0 0 0.023804 0 0 0 0 0 0 0 0 0 0 0 0 0.023804 -0.0023801 -2.8329e-05 0 0 0
-0 -0 -0.31913 0 0 0 0 0 0 0 0 0 0 0 0 -0.31913 0.031374 -0.0050491 0 0 0
0 0 0.32391 0 0 0 0 0 0 0 0 0 0 0 0 0.32391 -0.031828 -0.0052003 0 0 0
-0 -0 -0.025279 0 0 0 0 0 0 0 0 0 0 0 0 -0.025279 0.0025276 -3.1949e-05 0 0 0
-0 -0 -0.32476 0 0 0 0 0 0 0 0 0 0 0 0 -0.32476 0.031908 -0.0052271 0 0 0
0 0 0.33471 0 0 0 0 0 0 0 0 0 0 0 0 0.33471 -0.03285 -0.0055496 0 0 0
0 0 0.18854 0 0 0 0 0 0 0 0 0 0 0 0 0.18854 -0.018743 -0.0017722 0 0 0
0 0 0.24788 0 0 0 0 0 0 0 0 0 0 0 0 0.24788 -0.024535 -0.0030565 0 0 0
0 0 0.33148 0 0 0 0 0 0 0 0 0 0 0 0 0.33148 -0.032545 -0.005444 0 0 0
0 0 0.24978 0 0 0 0 0 0 0 0 0 0 0 0 0.24978 -0.024719 -0.0031034 0 0 0
-0 -0 -0.069553 0 0 0 0 0 0 0 0 0 0 0 0 -0.069553 0.0069497 -0.00024178 0 0 0
-0 -0 -0.20504 0 0 0 0 0 0 0 0 0 0 0 0 -0.20504 0.020361 -0.0020948 0 0 0
-0 -0 -0.15621 0 0 0 0 0 0 0 0 0 0 0 0 -0.15621 0.015557 -0.0012175 0 0 0
0 0 0.065593 0 0 0 0 0 0 0 0 0 0 0 0 0.065593 -0.0065546 -0.00021505 0 0 0
-0 -0 -0.043652 0 0 0 0 0 0 0 0 0 0 0 0 -0.043652 0.0043638 -9.526e-05 0 0 0
0 0 0.19486 0 0 0 0 0 0 0 0 0 0 0 0 0.19486 -0.019363 -0.0018926 0 0 0
0 0 0.0034505 0 0 0 0 0 0 0 0 0 0 0 0 0.0034505 -0.00034505 -5.9531e-07 0 0 0
0 0 0.24384 0 0 0 0 0 0 0 0 0 0 0 0 0.24384 -0.024143 -0.0029583 0 0 0
-0 -0 -0.26151 0 0 0 0 0 0 0 0 0 0 0 0 -0.26151 0.025854 -0.0034001 0 0 0
0 0 0.12152 0 0 0 0 0 0 0 0 0 0 0 0 0.12152 -0.012122 -0.00073748 0 0 0
-0 -0 -0.26039 0 0 0 0 0 0 0 0 0 0 0 0 -0.26039 0.025746 -0.0033711 0 0 0
0 0 0.0022468 0 0 0 0 0 0 0 0 0 0 0 0 0.0022468 -0.00022468 -2.524e-07 0 0 0
-0 -0 -0.22043 0 0 0 0 0 0 0 0 0 0 0 0 -0.22043 0.021865 -0.0024196 0 0 0
0 0 0.32666 0 0 0 0 0 0 0 0 0 0 0 0 0.32666 -0.032088 -0.005288 0 0 0
-0 -0 -0.097656 0 0 0 0 0 0 0 0 0 0 0 0 -0.097656 0.0097501 -0.00047645 0 0 0
-0 -0 -0.015523 0 0 0 0 0 0 0 0 0 0 0 0 -0.015523 0.0015523 -1.2048e-05 0 0 0
-0 -0 -0.049567 0 0 0 0 0 0 0 0 0 0 0 0 -0.049567 0.0049546 -0.00012282 0 0 0
0 0 0.12308 0 0 0 0 0 0 0 0 0 0 0 0 0.12308 -0.012277 -0.00075652 0 0 0
-0 -0 -0.0065488 0 0 0 0 0 0 0 0 0 0 0 0 -0.0065488 0.00065488 -2.1444e-06 0 0 0
0 0 0.087321 0 0 0 0 0 0 0 0 0 0 0 0 0.087321 -0.0087211 -0.00038101 0 0 0
-0 -0 -0.12202 0 0 0 0 0 0 0 0 0 0 0 0 -0.12202 0.012172 -0.00074355 0 0 0
-0 -0 -0.18189 0 0 0 0 0 0 0 0 0 0 0 0 -0.18189 0.018089 -0.0016496 0 0 0
-0 -0 -0.14603 0 0 0 0 0 0 0 0 0 0 0 0 -0.14603 0.014551 -0.0010643 0 0 0
-0 -0 -0.11105 0 0 0 0 0 0 0 0 0 0 0 0 -0.11105 0.011082 -0.00061597 0 0 0
-0 -0 -0.19092 0 0 0 0 0 0 0 0 0 0 0 0 -0.19092 0.018976 -0.0018169 0 0 0
-0 -0 -0.33868 0 0 0 0 0 0 0 0 0 0 0 0 -0.33868 0.033225 -0.0056807 0 0 0
0 0 0.30041 0 0 0 0 0 0 0 0 0 0 0 0 0.30041 -0.029592 -0.0044786 0 0 0
0 0 0.13177 0 0 0 0 0 0 0 0 0 0 0 0 0.13177 -0.013139 -0.00086695 0 0 0
0 0 0.1519 0 0 0 0 0 0 0 0 0 0 0 0 0.1519 -0.015132 -0.0011515 0 0 0
-0 -0 -0.20859 0 0 0 0 0 0 0 0 0 0 0 0 -0.20859 0.020708 -0.0021675 0 0 0
0 0 0.20942 0 0 0 0 0 0 0 0 0 0 0 0 0.20942 -0.020789 -0.0021848 0 0 0
0 0 0.094562 0 0 0 0 0 0 0 0 0 0 0 0 0.094562 -0.0094421 -0.00044677 0 0 0
0 0 0.15254 0 0 0 0 0 0 0 0 0 0 0 0 0.15254 -0.015195 -0.0011612 0 0 0
0 0 0.16019 0 0 0 0 0 0 0 0 0 0 0 0 0.16019 -0.015951 -0.0012804 0 0 0
-0 -0 -0.06597 0 0 0 0 0 0 0 0 0 0 0 0 -0.06597 0.0065923 -0.00021753 0 0 0
-0 -0 -0.1225 0 0 0 0 0 0 0 0 0 0 0 0 -0.1225 0.012219 -0.00074937 0 0 0
0 0 0.21149 0 0 0 0 0 0 0 0 0 0 0 0 0.21149 -0.020992 -0.0022281 0 0 0
0 0 0.29432 0 0 0 0 0 0 0 0 0 0 0 0 0.29432 -0.029009 -0.0043002 0 0 0
-0 -0 -0.14585 0 0 0 0 0 0 0 0 0 0 0 0 -0.14585 0.014534 -0.0010618 0 0 0
-0 -0 -0.056644 0 0 0 0 0 0 0 0 0 0 0 0 -0.056644 0.0056614 -0.00016038 0 0 0
-0 -0 -0.17855 0 0 0 0 0 0 0 0 0 0 0 0 -0.17855 0.01776 -0.0015897 0 0 0
-0 -0 -0.23054 0 0 0 0 0 0 0 0 0 0 0 0 -0.23054 0.022851 -0.0026458 0 0 0
-0 -0 -0.22452 0 0 0 0 0 0 0 0 0 0 0 0 -0.22452 0.022264 -0.00251 0 0 0
0 0 0.10295 0 0 0 0 0 0 0 0 0 0 0 0 0.10295 -0.010277 -0.00052944 0 0 0
-0 -0 -0.29705 0 0 0 0 0 0 0 0 0 0 0 0 -0.29705 0.02927 -0.0043797 0 0 0
-0 -0 -0.26496 0 0 0 0 0 0 0 0 0 0 0 0 -0.26496 0.026187 -0.0034898 0 0 0
-0 -0 -0.26994 0 0 0 0 0 0 0 0 0 0 0 0 -0.26994 0.026667 -0.0036212 0 0 0
-0 -0 -0.11657 0 0 0 0 0 0 0 0 0 0 0 0 -0.11657 0.011631 -0.00067865 0 0 0
0 0 0.047776 0 0 0 0 0 0 0 0 0 0 0 0 0.047776 -0.0047758 -0.00011411 0 0 0
-0 -0 -0.1855 0 0 0 0 0 0 0 0 0 0 0 0 -0.1855 0.018444 -0.0017156 0 0 0
0 0 0.28996 0 0 0 0 0 0 0 0 0 0 0 0 0.28996 -0.028592 -0.0041745 0 0 0
-0 -0 -0.3285 0 0 0 0 0 0 0 0 0 0 0 0 -0.3285 0.032262 -0.0053471 0 0 0
-0 -0 -0.13895 0 0 0 0 0 0 0 0 0 0 0 0 -0.13895 0.013851 -0.00096384 0 0 0
-0 -0 -0.30558 0 0 0 0 0 0 0 0 0 0 0 0 -0.30558 0.030084 -0.0046326 0 0 0
0 0 0.33038 0 0 0 0 0 0 0 0 0 0 0 0 0.33038 -0.03244 -0.005408 0 0 0
-0 -0 -0.13273 0 0 0 0 0 0 0 0 0 0 0 0 -0.13273 0.013234 -0.00087955 0 0 0
-0 -0 -0.30792 0 0 0 0 0 0 0 0 0 0 0 0 -0.30792 0.030308 -0.0047035 0 0 0
