-0 -0 -0.01298 0 0 0 0 0 0 0 0 0 0 0 0 -0.01298 -0.00035052 -0.0019151 0 0 0
0 0 0.079142 0 0 0 0 0 0 0 0 0 0 0 0 0.079142 0.0015969 0.01176 0 0 0
0 0 0.18872 0 0 0 0 0 0 0 0 0 0 0 0 0.18872 0.0022637 0.028176 0 0 0
-0 -0 -0.17273 0 0 0 0 0 0 0 0 0 0 0 0 -0.17273 -0.0066748 -0.025001 0 0 0
0 0 0.1653 0 0 0 0 0 0 0 0 0 0 0 0 0.1653 0.0022724 0.024663 0 0 0
-0 -0 -0.24812 0 0 0 0 0 0 0 0 0 0 0 0 -0.24812 -0.010921 -0.03548 0 0 0
-0 -0 -0.1426 0 0 0 0 0 0 0 0 0 0 0 0 -0.1426 -0.0052011 -0.020729 0 0 0
0 0 0.019829 0 0 0 0 0 0 0 0 0 0 0 0 0.019829 0.00048742 0.0029341 0 0 0
-0 -0 -0.11973 0 0 0 0 0 0 0 0 0 0 0 0 -0.11973 -0.0041687 -0.017458 0 0 0
-0 -0 -0.16389 0 0 0 0 0 0 0 0 0 0 0 0 -0.16389 -0.0062294 -0.023753 0 0 0
0 0 0.056845 0 0 0 0 0 0 0 0 0 0 0 0 0.056845 0.0012412 0.0084347 0 0 0
0 0 0.077496 0 0 0 0 0 0 0 0 0 0 0 0 0.077496 0.0015732 0.011515 0 0 0
-0 -0 -0.24955 0 0 0 0 0 0 0 0 0 0 0 0 -0.24955 -0.011008 -0.035675 0 0 0
0 0 0.24554 0 0 0 0 0 0 0 0 0 0 0 0 0.24554 0.0019009 0.036689 0 0 0
-0 -0 -0.20596 0 0 0 0 0 0 0 0 0 0 0 0 -0.20596 -0.008449 -0.02966 0 0 0
-0 -0 -0.15818 0 0 0 0 0 0 0 0 0 0 0 0 -0.15818 -0.005947 -0.022944 0 0 0
-0 -0 -0.15005 0 0 0 0 0 0 0 0 0 0 0 0 -0.15005 -0.0055536 -0.02179 0 0 0
0 0 0.29163 0 0 0 0 0 0 0 0 0 0 0 0 0.29163 0.0012516 0.043572 0 0 0
-0 -0 -0.21604 0 0 0 0 0 0 0 0 0 0 0 0 -0.21604 -0.0090178 -0.031061 0 0 0
0 0 0.22668 0 0 0 0 0 0 0 0 0 0 0 0 0.22668 0.0020749 0.033866 0 0 0
-0 -0 -0.07685 0 0 0 0 0 0 0 0 0 0 0 0 -0.07685 -0.0024358 -0.011264 0 0 0
-0 -0 -0.12521 0 0 0 0 0 0 0 0 0 0 0 0 -0.12521 -0.0044094 -0.018244 0 0 0
0 0 0.032816 0 0 0 0 0 0 0 0 0 0 0 0 0.032816 0.00077508 0.0048608 0 0 0
0 0 0.020388 0 0 0 0 0 0 0 0 0 0 0 0 0.020388 0.00050031 0.0030169 0 0 0
-0 -0 -0.32106 0 0 0 0 0 0 0 0 0 0 0 0 -0.32106 -0.015768 -0.045286 0 0 0
0 0 0.085967 0 0 0 0 0 0 0 0 0 0 0 0 0.085967 0.0016909 0.01278 0 0 0
-0 -0 -0.088789 0 0 0 0 0 0 0 0 0 0 0 0 -0.088789 -0.0028916 -0.012996 0 0 0
-0 -0 -0.074024 0 0 0 0 0 0 0 0 0 0 0 0 -0.074024 -0.0023309 -0.010854 0 0 0
-0 -0 -0.26327 0 0 0 0 0 0 0 0 0 0 0 0 -0.26327 -0.011868 -0.037545 0 0 0
0 0 0.27078 0 0 0 0 0 0 0 0 0 0 0 0 0.27078 0.0015846 0.040462 0 0 0
0 0 0.0035495 0 0 0 0 0 0 0 0 0 0 0 0 0.0035495 9.1524e-05 0.0005245 0 0 0
-0 -0 -0.070871 0 0 0 0 0 0 0 0 0 0 0 0 -0.070871 -0.0022153 -0.010395 0 0 0
-0 -0 -0.05357 0 0 0 0 0 0 0 0 0 0 0 0 -0.05357 -0.0016066 -0.0078722 0 0 0
-0 -0 -0.037539 0 0 0 0 0 0 0 0 0 0 0 0 -0.037539 -0.0010816 -0.0055257 0 0 0
-0 -0 -0.076968 0 0 0 0 0 0 0 0 0 0 0 0 -0.076968 -0.0024402 -0.011281 0 0 0
-0 -0 -0.342 0 0 0 0 0 0 0 0 0 0 0 0 -0.342 -0.01729 -0.048033 0 0 0
0 0 0.27367 0 0 0 0 0 0 0 0 0 0 0 0 0.27367 0.0015424 0.040893 0 0 0
-0 -0 -0.28205 0 0 0 0 0 0 0 0 0 0 0 0 -0.28205 -0.013086 -0.040085 0 0 0
-0 -0 -0.15867 0 0 0 0 0 0 0 0 0 0 0 0 -0.15867 -0.0059711 -0.023013 0 0 0
-0 -0 -0.10508 0 0 0 0 0 0 0 0 0 0 0 0 -0.10508 -0.003547 -0.015351 0 0 0
0 0 0.044818 0 0 0 0 0 0 0 0 0 0 0 0 0.044818 0.0010187 0.0066446 0 0 0
0 0 0.21439 0 0 0 0 0 0 0 0 0 0 0 0 0.21439 0.0021597 0.032024 0 0 0
0 0 0.30839 0 0 0 0 0 0 0 0 0 0 0 0 0.30839 0.00093709 0.046065 0 0 0
0 0 0.28639 0 0 0 0 0 0 0 0 0 0 0 0 0.28639 0.0013414 0.042791 0 0 0
-0 -0 -0.060079 0 0 0 0 0 0 0 0 0 0 0 0 -0.060079 -0.0018305 -0.0088226 0 0 0
0 0 0.064293 0 0 0 0 0 0 0 0 0 0 0 0 0.064293 0.0013683 0.0095447 0 0 0
0 0 0.1236 0 0 0 0 0 0 0 0 0 0 0 0 0.1236 0.0020843 0.01841 0 0 0
0 0 0.34828 0 0 0 0 0 0 0 0 0 0 0 0 0.34828 2.049e-05 0.051978 0 0 0
0 0 0.1262 0 0 0 0 0 0 0 0 0 0 0 0 0.1262 0.0021036 0.018799 0 0 0
0 0 0.20925 0 0 0 0 0 0 0 0 0 0 0 0 0.20925 0.0021884 0.031254 0 0 0
0 0 0.063449 0 0 0 0 0 0 0 0 0 0 0 0 0.063449 0.0013543 0.009419 0 0 0
0 0 0.018967 0 0 0 0 0 0 0 0 0 0 0 0 0.018967 0.00046745 0.0028064 0 0 0
-0 -0 -0.29209 0 0 0 0 0 0 0 0 0 0 0 0 -0.29209 -0.013758 -0.041434 0 0 0
0 0 0.059394 0 0 0 0 0 0 0 0 0 0 0 0 0.059394 0.0012857 0.0088146 0 0 0
0 0 0.27088 0 0 0 0 0 0 0 0 0 0 0 0 0.27088 0.0015832 0.040476 0 0 0
-0 -0 -0.11354 0 0 0 0 0 0 0 0 0 0 0 0 -0.11354 -0.0039021 -0.016568 0 0 0
-0 -0 -0.29012 0 0 0 0 0 0 0 0 0 0 0 0 -0.29012 -0.013625 -0.04117 0 0 0
0 0 0.33496 0 0 0 0 0 0 0 0 0 0 0 0 0.33496 0.00035268 0.050008 0 0 0
-0 -0 -0.17993 0 0 0 0 0 0 0 0 0 0 0 0 -0.17993 -0.0070461 -0.026016 0 0 0
-0 -0 -0.19217 0 0 0 0 0 0 0 0 0 0 0 0 -0.19217 -0.0076939 -0.027734 0 0 0
0 0 0.23362 0 0 0 0 0 0 0 0 0 0 0 0 0.23362 0.0020171 0.034905 0 0 0
0 0 0.07025 0 0 0 0 0 0 0 0 0 0 0 0 0.07025 0.001464 0.010433 0 0 0
0 0 0.081723 0 0 0 0 0 0 0 0 0 0 0 0 0.081723 0.0016333 0.012146 0 0 0
0 0 0.21133 0 0 0 0 0 0 0 0 0 0 0 0 0.21133 0.0021773 0.031565 0 0 0
0 0 0.19687 0 0 0 0 0 0 0 0 0 0 0 0 0.19687 0.0022414 0.029398 0 0 0
-0 -0 -0.34129 0 0 0 0 0 0 0 0 0 0 0 0 -0.34129 -0.017238 -0.04794 0 0 0
-0 -0 -0.13919 0 0 0 0 0 0 0 0 0 0 0 0 -0.13919 -0.0050424 -0.020243 0 0 0
0 0 0.083529 0 0 0 0 0 0 0 0 0 0 0 0 0.083529 0.0016581 0.012416 0 0 0
-0 -0 -0.042607 0 0 0 0 0 0 0 0 0 0 0 0 -0.042607 -0.0012435 -0.0062684 0 0 0
-0 -0 -0.30526 0 0 0 0 0 0 0 0 0 0 0 0 -0.30526 -0.014658 -0.043192 0 0 0
0 0 0.12096 0 0 0 0 0 0 0 0 0 0 0 0 0.12096 0.0020636 0.018015 0 0 0
-0 -0 -0.20197 0 0 0 0 0 0 0 0 0 0 0 0 -0.20197 -0.0082278 -0.029104 0 0 0
-0 -0 -0.023986 0 0 0 0 0 0 0 0 0 0 0 0 -0.023986 -0.0006672 -0.0035354 0 0 0
0 0 0.22933 0 0 0 0 0 0 0 0 0 0 0 0 0.22933 0.0020537 0.034263 0 0 0
0 0 0.034518 0 0 0 0 0 0 0 0 0 0 0 0 0.034518 0.00081092 0.0051135 0 0 0
0 0 0.033461 0 0 0 0 0 0 0 0 0 0 0 0 0.033461 0.00078871 0.0049565 0 0 0
-0 -0 -0.25175 0 0 0 0 0 0 0 0 0 0 0 0 -0.25175 -0.011145 -0.035976 0 0 0
0 0 0.19987 0 0 0 0 0 0 0 0 0 0 0 0 0.19987 0.0022307 0.029847 0 0 0
0 0 0.2432 0 0 0 0 0 0 0 0 0 0 0 0 0.2432 0.0019254 0.036339 0 0 0
0 0 0.14856 0 0 0 0 0 0 0 0 0 0 0 0 0.14856 0.0022282 0.022151 0 0 0
0 0 0.11551 0 0 0 0 0 0 0 0 0 0 0 0 0.11551 0.0020176 0.017199 0 0 0
-0 -0 -0.16201 0 0 0 0 0 0 0 0 0 0 0 0 -0.16201 -0.0061358 -0.023487 0 0 0
0 0 0.11717 0 0 0 0 0 0 0 0 0 0 0 0 0.11717 0.0020321 0.017448 0 0 0
0 0 0.20728 0 0 0 0 0 0 0 0 0 0 0 0 0.20728 0.0021984 0.030958 0 0 0
0 0 0.2813 0 0 0 0 0 0 0 0 0 0 0 0 0.2813 0.0014247 0.042032 0 0 0
-0 -0 -0.017757 0 0 0 0 0 0 0 0 0 0 0 0 -0.017757 -0.0004858 -0.0026189 0 0 0
0 0 0.21014 0 0 0 0 0 0 0 0 0 0 0 0 0.21014 0.0021838 0.031387 0 0 0
-0 -0 -0.29788 0 0 0 0 0 0 0 0 0 0 0 0 -0.29788 -0.01415 -0.042208 0 0 0
0 0 0.17544 0 0 0 0 0 0 0 0 0 0 0 0 0.17544 0.0022788 0.026184 0 0 0
-0 -0 -0.1379 0 0 0 0 0 0 0 0 0 0 0 0 -0.1379 -0.004983 -0.020059 0 0 0
0 0 0.29802 0 0 0 0 0 0 0 0 0 0 0 0 0.29802 0.0011367 0.044523 0 0 0
0 0 0.14839 0 0 0 0 0 0 0 0 0 0 0 0 0.14839 0.0022276 0.022126 0 0 0
0 0 0.026114 0 0 0 0 0 0 0 0 0 0 0 0 0.026114 0.00062975 0.003866 0 0 0
-0 -0 -0.29414 0 0 0 0 0 0 0 0 0 0 0 0 -0.29414 -0.013896 -0.041708 0 0 0
0 0 0.25906 0 0 0 0 0 0 0 0 0 0 0 0 0.25906 0.0017432 0.038712 0 0 0
-0 -0 -0.074778 0 0 0 0 0 0 0 0 0 0 0 0 -0.074778 -0.0023588 -0.010963 0 0 0
-0 -0 -0.33694 0 0 0 0 0 0 0 0 0 0 0 0 -0.33694 -0.016917 -0.047372 0 0 0
-0 -0 -0.10421 0 0 0 0 0 0 0 0 0 0 0 0 -0.10421 -0.0035107 -0.015224 0 0 0
-0 -0 -0.31657 0 0 0 0 0 0 0 0 0 0 0 0 -0.31657 -0.015449 -0.044693 0 0 0
0 0 0.29427 0 0 0 0 0 0 0 0 0 0 0 0 0.29427 0.0012048 0.043965 0 0 0
