0 0 0.19501 0 0 0 0 0 0 0 0 0 0 0 0 0.19501 -0.025863 0.016698 0 0 0
-0 -0 -0.090227 0 0 0 0 0 0 0 0 0 0 0 0 -0.090227 0.01076 -0.00936 0 0 0
-0 -0 -0.14379 0 0 0 0 0 0 0 0 0 0 0 0 -0.14379 0.016734 -0.015363 0 0 0
0 0 0.2343 0 0 0 0 0 0 0 0 0 0 0 0 0.2343 -0.031439 0.019434 0 0 0
0 0 0.10245 0 0 0 0 0 0 0 0 0 0 0 0 0.10245 -0.013182 0.0094026 0 0 0
-0 -0 -0.11495 0 0 0 0 0 0 0 0 0 0 0 0 -0.11495 0.013557 -0.012091 0 0 0
-0 -0 -0.19368 0 0 0 0 0 0 0 0 0 0 0 0 -0.19368 0.022001 -0.021234 0 0 0
0 0 0.13344 0 0 0 0 0 0 0 0 0 0 0 0 0.13344 -0.017352 0.011976 0 0 0
-0 -0 -0.13461 0 0 0 0 0 0 0 0 0 0 0 0 -0.13461 0.015732 -0.014311 0 0 0
-0 -0 -0.090474 0 0 0 0 0 0 0 0 0 0 0 0 -0.090474 0.010788 -0.0093869 0 0 0
0 0 0.34385 0 0 0 0 0 0 0 0 0 0 0 0 0.34385 -0.047506 0.025884 0 0 0
-0 -0 -0.22654 0 0 0 0 0 0 0 0 0 0 0 0 -0.22654 0.025307 -0.02524 0 0 0
-0 -0 -0.027293 0 0 0 0 0 0 0 0 0 0 0 0 -0.027293 0.0033433 -0.0027284 0 0 0
-0 -0 -0.29541 0 0 0 0 0 0 0 0 0 0 0 0 -0.29541 0.0318 -0.033979 0 0 0
0 0 0.10625 0 0 0 0 0 0 0 0 0 0 0 0 0.10625 -0.013689 0.0097253 0 0 0
0 0 0.28387 0 0 0 0 0 0 0 0 0 0 0 0 0.28387 -0.038621 0.022571 0 0 0
0 0 0.28638 0 0 0 0 0 0 0 0 0 0 0 0 0.28638 -0.038989 0.02272 0 0 0
0 0 0.13983 0 0 0 0 0 0 0 0 0 0 0 0 0.13983 -0.018221 0.01249 0 0 0
0 0 0.33563 0 0 0 0 0 0 0 0 0 0 0 0 0.33563 -0.046277 0.025462 0 0 0
0 0 0.14094 0 0 0 0 0 0 0 0 0 0 0 0 0.14094 -0.018372 0.012579 0 0 0
-0 -0 -0.17199 0 0 0 0 0 0 0 0 0 0 0 0 -0.17199 0.019747 -0.018649 0 0 0
-0 -0 -0.30048 0 0 0 0 0 0 0 0 0 0 0 0 -0.30048 0.032254 -0.03464 0 0 0
0 0 0.083675 0 0 0 0 0 0 0 0 0 0 0 0 0.083675 -0.010695 0.0077813 0 0 0
0 0 0.22549 0 0 0 0 0 0 0 0 0 0 0 0 0.22549 -0.030179 0.01884 0 0 0
0 0 0.026449 0 0 0 0 0 0 0 0 0 0 0 0 0.026449 -0.0033097 0.0025559 0 0 0
-0 -0 -0.073344 0 0 0 0 0 0 0 0 0 0 0 0 -0.073344 0.0088115 -0.0075354 0 0 0
-0 -0 -0.14428 0 0 0 0 0 0 0 0 0 0 0 0 -0.14428 0.016786 -0.015418 0 0 0
-0 -0 -0.14778 0 0 0 0 0 0 0 0 0 0 0 0 -0.14778 0.017165 -0.015822 0 0 0
0 0 0.34832 0 0 0 0 0 0 0 0 0 0 0 0 0.34832 -0.048175 0.02611 0 0 0
-0 -0 -0.1448 0 0 0 0 0 0 0 0 0 0 0 0 -0.1448 0.016843 -0.015478 0 0 0
0 0 0.20796 0 0 0 0 0 0 0 0 0 0 0 0 0.20796 -0.027689 0.017624 0 0 0
0 0 0.31765 0 0 0 0 0 0 0 0 0 0 0 0 0.31765 -0.043601 0.024503 0 0 0
-0 -0 -0.33289 0 0 0 0 0 0 0 0 0 0 0 0 -0.33289 0.035076 -0.038917 0 0 0
0 0 0.26697 0 0 0 0 0 0 0 0 0 0 0 0 0.26697 -0.036156 0.021542 0 0 0
0 0 0.25973 0 0 0 0 0 0 0 0 0 0 0 0 0.25973 -0.035105 0.021088 0 0 0
0 0 0.30976 0 0 0 0 0 0 0 0 0 0 0 0 0.30976 -0.042432 0.024066 0 0 0
0 0 0.049397 0 0 0 0 0 0 0 0 0 0 0 0 0.049397 -0.0062354 0.0047021 0 0 0
0 0 0.041704 0 0 0 0 0 0 0 0 0 0 0 0 0.041704 -0.0052491 0.0039901 0 0 0
0 0 0.23703 0 0 0 0 0 0 0 0 0 0 0 0 0.23703 -0.031831 0.019617 0 0 0
0 0 0.0067788 0 0 0 0 0 0 0 0 0 0 0 0 0.0067788 -0.00084182 0.00066342 0 0 0
0 0 0.34483 0 0 0 0 0 0 0 0 0 0 0 0 0.34483 -0.047653 0.025934 0 0 0
-0 -0 -0.24919 0 0 0 0 0 0 0 0 0 0 0 0 -0.24919 0.027509 -0.028065 0 0 0
0 0 0.26849 0 0 0 0 0 0 0 0 0 0 0 0 0.26849 -0.036377 0.021636 0 0 0
0 0 0.18183 0 0 0 0 0 0 0 0 0 0 0 0 0.18183 -0.024017 0.015732 0 0 0
-0 -0 -0.21953 0 0 0 0 0 0 0 0 0 0 0 0 -0.21953 0.024612 -0.024376 0 0 0
0 0 0.25149 0 0 0 0 0 0 0 0 0 0 0 0 0.25149 -0.033913 0.020563 0 0 0
0 0 0.065459 0 0 0 0 0 0 0 0 0 0 0 0 0.065459 -0.008312 0.006164 0 0 0
-0 -0 -0.00083228 0 0 0 0 0 0 0 0 0 0 0 0 -0.00083228 0.00010305 -8.1846e-05 0 0 0
-0 -0 -0.17543 0 0 0 0 0 0 0 0 0 0 0 0 -0.17543 0.020108 -0.019055 0 0 0
0 0 0.0061005 0 0 0 0 0 0 0 0 0 0 0 0 0.0061005 -0.00075739 0.0005973 0 0 0
0 0 0.026783 0 0 0 0 0 0 0 0 0 0 0 0 0.026783 -0.0033519 0.0025877 0 0 0
-0 -0 -0.0028604 0 0 0 0 0 0 0 0 0 0 0 0 -0.0028604 0.00035386 -0.00028165 0 0 0
0 0 0.19144 0 0 0 0 0 0 0 0 0 0 0 0 0.19144 -0.025362 0.016439 0 0 0
-0 -0 -0.31845 0 0 0 0 0 0 0 0 0 0 0 0 -0.31845 0.033836 -0.037 0 0 0
-0 -0 -0.25047 0 0 0 0 0 0 0 0 0 0 0 0 -0.25047 0.027631 -0.028226 0 0 0
0 0 0.18297 0 0 0 0 0 0 0 0 0 0 0 0 0.18297 -0.024176 0.015816 0 0 0
0 0 0.32398 0 0 0 0 0 0 0 0 0 0 0 0 0.32398 -0.044541 0.024846 0 0 0
-0 -0 -0.28737 0 0 0 0 0 0 0 0 0 0 0 0 -0.28737 0.031074 -0.032937 0 0 0
0 0 0.28901 0 0 0 0 0 0 0 0 0 0 0 0 0.28901 -0.039376 0.022876 0 0 0
0 0 0.11335 0 0 0 0 0 0 0 0 0 0 0 0 0.11335 -0.01464 0.010322 0 0 0
0 0 0.34391 0 0 0 0 0 0 0 0 0 0 0 0 0.34391 -0.047515 0.025887 0 0 0
-0 -0 -0.098535 0 0 0 0 0 0 0 0 0 0 0 0 -0.098535 0.011707 -0.01027 0 0 0
0 0 0.27725 0 0 0 0 0 0 0 0 0 0 0 0 0.27725 -0.037654 0.022173 0 0 0
0 0 0.25648 0 0 0 0 0 0 0 0 0 0 0 0 0.25648 -0.034634 0.020882 0 0 0
0 0 0.051736 0 0 0 0 0 0 0 0 0 0 0 0 0.051736 -0.0065363 0.004917 0 0 0
0 0 0.05682 0 0 0 0 0 0 0 0 0 0 0 0 0.05682 -0.0071922 0.0053818 0 0 0
-0 -0 -0.20294 0 0 0 0 0 0 0 0 0 0 0 0 -0.20294 0.022945 -0.022351 0 0 0
0 0 0.32247 0 0 0 0 0 0 0 0 0 0 0 0 0.32247 -0.044317 0.024765 0 0 0
0 0 0.22836 0 0 0 0 0 0 0 0 0 0 0 0 0.22836 -0.03059 0.019035 0 0 0
-0 -0 -0.032485 0 0 0 0 0 0 0 0 0 0 0 0 -0.032485 0.0039708 -0.0032577 0 0 0
0 0 0.18799 0 0 0 0 0 0 0 0 0 0 0 0 0.18799 -0.024877 0.016186 0 0 0
-0 -0 -0.067611 0 0 0 0 0 0 0 0 0 0 0 0 -0.067611 0.0081429 -0.0069232 0 0 0
-0 -0 -0.29762 0 0 0 0 0 0 0 0 0 0 0 0 -0.29762 0.031998 -0.034267 0 0 0
0 0 0.093122 0 0 0 0 0 0 0 0 0 0 0 0 0.093122 -0.011943 0.0086029 0 0 0
0 0 0.25687 0 0 0 0 0 0 0 0 0 0 0 0 0.25687 -0.034691 0.020907 0 0 0
0 0 0.3079 0 0 0 0 0 0 0 0 0 0 0 0 0.3079 -0.042157 0.023962 0 0 0
0 0 0.10965 0 0 0 0 0 0 0 0 0 0 0 0 0.10965 -0.014144 0.010012 0 0 0
0 0 0.12962 0 0 0 0 0 0 0 0 0 0 0 0 0.12962 -0.016834 0.011666 0 0 0
-0 -0 -0.096468 0 0 0 0 0 0 0 0 0 0 0 0 -0.096468 0.011472 -0.010043 0 0 0
-0 -0 -0.12918 0 0 0 0 0 0 0 0 0 0 0 0 -0.12918 0.015136 -0.013694 0 0 0
0 0 0.31475 0 0 0 0 0 0 0 0 0 0 0 0 0.31475 -0.04317 0.024343 0 0 0
-0 -0 -0.20296 0 0 0 0 0 0 0 0 0 0 0 0 -0.20296 0.022948 -0.022354 0 0 0
0 0 0.29426 0 0 0 0 0 0 0 0 0 0 0 0 0.29426 -0.040146 0.023183 0 0 0
0 0 0.21281 0 0 0 0 0 0 0 0 0 0 0 0 0.21281 -0.028376 0.017965 0 0 0
0 0 0.29424 0 0 0 0 0 0 0 0 0 0 0 0 0.29424 -0.040143 0.023182 0 0 0
-0 -0 -0.17337 0 0 0 0 0 0 0 0 0 0 0 0 -0.17337 0.019891 -0.018811 0 0 0
-0 -0 -0.021032 0 0 0 0 0 0 0 0 0 0 0 0 -0.021032 0.0025829 -0.0020944 0 0 0
0 0 0.2864 0 0 0 0 0 0 0 0 0 0 0 0 0.2864 -0.038992 0.022721 0 0 0
-0 -0 -0.27182 0 0 0 0 0 0 0 0 0 0 0 0 -0.27182 0.029644 -0.030937 0 0 0
0 0 0.1962 0 0 0 0 0 0 0 0 0 0 0 0 0.1962 -0.026029 0.016784 0 0 0
0 0 0.01549 0 0 0 0 0 0 0 0 0 0 0 0 0.01549 -0.0019302 0.0015076 0 0 0
0 0 0.0042954 0 0 0 0 0 0 0 0 0 0 0 0 0.0042954 -0.0005329 0.00042104 0 0 0
0 0 0.33407 0 0 0 0 0 0 0 0 0 0 0 0 0.33407 -0.046044 0.025381 0 0 0
0 0 0.15654 0 0 0 0 0 0 0 0 0 0 0 0 0.15654 -0.020511 0.013809 0 0 0
-0 -0 -0.15778 0 0 0 0 0 0 0 0 0 0 0 0 -0.15778 0.01824 -0.016982 0 0 0
0 0 0.16609 0 0 0 0 0 0 0 0 0 0 0 0 0.16609 -0.021829 0.014546 0 0 0
-0 -0 -0.23287 0 0 0 0 0 0 0 0 0 0 0 0 -0.23287 0.025929 -0.026025 0 0 0
0 0 0.17313 0 0 0 0 0 0 0 0 0 0 0 0 0.17313 -0.022805 0.01508 0 0 0
-0 -0 -0.019216 0 0 0 0 0 0 0 0 0 0 0 0 -0.019216 0.0023616 -0.0019114 0 0 0
-0 -0 -0.26925 0 0 0 0 0 0 0 0 0 0 0 0 -0.26925 0.029405 -0.030607 0 0 0
