0 0 0 0.18584 0 0 0 0 0 0 0 0.18302 -0.032271 0 0 0
0 0 0 0.074017 0 0 0 0 0 0 0 0.072893 -0.012853 0 0 0
0 0 0 0.15915 0 0 0 0 0 0 0 0.15673 -0.027636 0 0 0
0 0 0 0.11875 0 0 0 0 0 0 0 0.11695 -0.020621 0 0 0
-0 -0 -0 0.19338 0 0 0 0 0 0 0 0.19044 -0.03358 0 0 0
-0 -0 -0 0.022551 0 0 0 0 0 0 0 0.022209 -0.003916 0 0 0
-0 -0 -0 0.18454 0 0 0 0 0 0 0 0.18174 -0.032046 0 0 0
-0 -0 -0 0.043987 0 0 0 0 0 0 0 0.043319 -0.0076383 0 0 0
0 0 0 0.17789 0 0 0 0 0 0 0 0.17519 -0.030891 0 0 0
-0 -0 -0 0.093946 0 0 0 0 0 0 0 0.092518 -0.016313 0 0 0
0 0 0 0.1018 0 0 0 0 0 0 0 0.10026 -0.017678 0 0 0
-0 -0 -0 0.14113 0 0 0 0 0 0 0 0.13899 -0.024508 0 0 0
0 0 0 0.078737 0 0 0 0 0 0 0 0.077541 -0.013672 0 0 0
-0 -0 -0 0.13442 0 0 0 0 0 0 0 0.13238 -0.023342 0 0 0
0 0 0 0.19749 0 0 0 0 0 0 0 0.19449 -0.034294 0 0 0
0 0 0 0.16734 0 0 0 0 0 0 0 0.1648 -0.029058 0 0 0
0 0 0 0.087247 0 0 0 0 0 0 0 0.085921 -0.01515 0 0 0
0 0 0 0.07473 0 0 0 0 0 0 0 0.073595 -0.012977 0 0 0
0 0 0 0.019427 0 0 0 0 0 0 0 0.019132 -0.0033735 0 0 0
-0 -0 -0 0.038575 0 0 0 0 0 0 0 0.037989 -0.0066985 0 0 0
-0 -0 -0 0.16447 0 0 0 0 0 0 0 0.16197 -0.028559 0 0 0
0 0 0 0.15045 0 0 0 0 0 0 0 0.14816 -0.026125 0 0 0
-0 -0 -0 0.1155 0 0 0 0 0 0 0 0.11374 -0.020056 0 0 0
-0 -0 -0 0.10246 0 0 0 0 0 0 0 0.1009 -0.017792 0 0 0
-0 -0 -0 0.19844 0 0 0 0 0 0 0 0.19543 -0.034459 0 0 0
0 0 0 0.05196 0 0 0 0 0 0 0 0.051171 -0.0090228 0 0 0
-0 -0 -0 0.17346 0 0 0 0 0 0 0 0.17083 -0.030121 0 0 0
-0 -0 -0 0.072773 0 0 0 0 0 0 0 0.071668 -0.012637 0 0 0
-0 -0 -0 0.17618 0 0 0 0 0 0 0 0.1735 -0.030593 0 0 0
0 0 0 0.037574 0 0 0 0 0 0 0 0.037004 -0.0065247 0 0 0
-0 -0 -0 0.053004 0 0 0 0 0 0 0 0.052199 -0.0092041 0 0 0
0 0 0 0.10765 0 0 0 0 0 0 0 0.10602 -0.018694 0 0 0
0 0 0 0.098962 0 0 0 0 0 0 0 0.097458 -0.017185 0 0 0
-0 -0 -0 0.17301 0 0 0 0 0 0 0 0.17039 -0.030044 0 0 0
-0 -0 -0 0.11203 0 0 0 0 0 0 0 0.11033 -0.019453 0 0 0
-0 -0 -0 0.14734 0 0 0 0 0 0 0 0.1451 -0.025586 0 0 0
-0 -0 -0 0.17705 0 0 0 0 0 0 0 0.17436 -0.030745 0 0 0
0 0 0 0.014159 0 0 0 0 0 0 0 0.013944 -0.0024587 0 0 0
0 0 0 0.18194 0 0 0 0 0 0 0 0.17918 -0.031594 0 0 0
0 0 0 0.13684 0 0 0 0 0 0 0 0.13476 -0.023762 0 0 0
-0 -0 -0 0.15139 0 0 0 0 0 0 0 0.14909 -0.026289 0 0 0
-0 -0 -0 0.038897 0 0 0 0 0 0 0 0.038306 -0.0067544 0 0 0
-0 -0 -0 0.11509 0 0 0 0 0 0 0 0.11334 -0.019986 0 0 0
-0 -0 -0 0.16461 0 0 0 0 0 0 0 0.16211 -0.028585 0 0 0
0 0 0 0.083143 0 0 0 0 0 0 0 0.081879 -0.014438 0 0 0
-0 -0 -0 0.073069 0 0 0 0 0 0 0 0.071959 -0.012688 0 0 0
-0 -0 -0 0.0023862 0 0 0 0 0 0 0 0.0023499 -0.00041436 0 0 0
-0 -0 -0 0.010999 0 0 0 0 0 0 0 0.010832 -0.00191 0 0 0
-0 -0 -0 0.026678 0 0 0 0 0 0 0 0.026273 -0.0046326 0 0 0
-0 -0 -0 0.17904 0 0 0 0 0 0 0 0.17632 -0.031089 0 0 0
0 0 0 0.15695 0 0 0 0 0 0 0 0.15457 -0.027255 0 0 0
-0 -0 -0 0.16137 0 0 0 0 0 0 0 0.15892 -0.028021 0 0 0
0 0 0 0.10724 0 0 0 0 0 0 0 0.10561 -0.018621 0 0 0
0 0 0 0.13683 0 0 0 0 0 0 0 0.13475 -0.02376 0 0 0
-0 -0 -0 0.078043 0 0 0 0 0 0 0 0.076857 -0.013552 0 0 0
-0 -0 -0 0.082632 0 0 0 0 0 0 0 0.081377 -0.014349 0 0 0
0 0 0 0.1092 0 0 0 0 0 0 0 0.10754 -0.018962 0 0 0
0 0 0 0.15831 0 0 0 0 0 0 0 0.15591 -0.027491 0 0 0
-0 -0 -0 0.065423 0 0 0 0 0 0 0 0.064429 -0.011361 0 0 0
0 0 0 6.5325e-05 0 0 0 0 0 0 0 6.4332e-05 -1.1344e-05 0 0 0
0 0 0 0.18784 0 0 0 0 0 0 0 0.18499 -0.032618 0 0 0
0 0 0 0.15303 0 0 0 0 0 0 0 0.15071 -0.026574 0 0 0
-0 -0 -0 0.013705 0 0 0 0 0 0 0 0.013497 -0.0023798 0 0 0
0 0 0 0.14602 0 0 0 0 0 0 0 0.1438 -0.025356 0 0 0
-0 -0 -0 0.021627 0 0 0 0 0 0 0 0.021299 -0.0037555 0 0 0
0 0 0 0.092847 0 0 0 0 0 0 0 0.091437 -0.016123 0 0 0
0 0 0 0.14531 0 0 0 0 0 0 0 0.1431 -0.025233 0 0 0
-0 -0 -0 0.038487 0 0 0 0 0 0 0 0.037903 -0.0066833 0 0 0
0 0 0 0.00094201 0 0 0 0 0 0 0 0.00092769 -0.00016358 0 0 0
0 0 0 0.043341 0 0 0 0 0 0 0 0.042683 -0.0075262 0 0 0
-0 -0 -0 0.039617 0 0 0 0 0 0 0 0.039015 -0.0068794 0 0 0
-0 -0 -0 0.060658 0 0 0 0 0 0 0 0.059737 -0.010533 0 0 0
-0 -0 -0 0.008983 0 0 0 0 0 0 0 0.0088465 -0.0015599 0 0 0
0 0 0 0.19723 0 0 0 0 0 0 0 0.19424 -0.034249 0 0 0
-0 -0 -0 0.077479 0 0 0 0 0 0 0 0.076302 -0.013454 0 0 0
-0 -0 -0 0.16972 0 0 0 0 0 0 0 0.16715 -0.029472 0 0 0
-0 -0 -0 0.075731 0 0 0 0 0 0 0 0.07458 -0.013151 0 0 0
0 0 0 0.19559 0 0 0 0 0 0 0 0.19262 -0.033964 0 0 0
0 0 0 0.089387 0 0 0 0 0 0 0 0.088029 -0.015522 0 0 0
0 0 0 0.061232 0 0 0 0 0 0 0 0.060302 -0.010633 0 0 0
-0 -0 -0 0.15825 0 0 0 0 0 0 0 0.15585 -0.02748 0 0 0
-0 -0 -0 0.12226 0 0 0 0 0 0 0 0.12041 -0.021231 0 0 0
0 0 0 0.18853 0 0 0 0 0 0 0 0.18567 -0.032738 0 0 0
0 0 0 0.10071 0 0 0 0 0 0 0 0.099177 -0.017488 0 0 0
-0 -0 -0 0.055173 0 0 0 0 0 0 0 0.054335 -0.0095807 0 0 0
-0 -0 -0 0.090669 0 0 0 0 0 0 0 0.089291 -0.015744 0 0 0
0 0 0 0.040309 0 0 0 0 0 0 0 0.039697 -0.0069996 0 0 0
-0 -0 -0 0.023584 0 0 0 0 0 0 0 0.023226 -0.0040954 0 0 0
0 0 0 0.06895 0 0 0 0 0 0 0 0.067903 -0.011973 0 0 0
-0 -0 -0 0.11496 0 0 0 0 0 0 0 0.11321 -0.019963 0 0 0
-0 -0 -0 0.14878 0 0 0 0 0 0 0 0.14652 -0.025836 0 0 0
-0 -0 -0 0.016655 0 0 0 0 0 0 0 0.016402 -0.0028921 0 0 0
-0 -0 -0 0.10864 0 0 0 0 0 0 0 0.10699 -0.018864 0 0 0
-0 -0 -0 0.11254 0 0 0 0 0 0 0 0.11083 -0.019542 0 0 0
0 0 0 0.19006 0 0 0 0 0 0 0 0.18717 -0.033003 0 0 0
-0 -0 -0 0.17428 0 0 0 0 0 0 0 0.17163 -0.030264 0 0 0
0 0 0 0.014796 0 0 0 0 0 0 0 0.014572 -0.0025694 0 0 0
0 0 0 0.084803 0 0 0 0 0 0 0 0.083515 -0.014726 0 0 0
0 0 0 0.19964 0 0 0 0 0 0 0 0.1966 -0.034666 0 0 0
0 0 0 0.0055493 0 0 0 0 0 0 0 0.005465 -0.00096363 0 0 0
