0 0 0.25649 0 0 0 0 0 0 0 0 0 0 0 0 0.25649 0 0 0 0 0
-0 -0 -0.32941 0 0 0 0 0 0 0 0 0 0 0 0 -0.32941 0 0 0 0 0
-0 -0 -0.1229 0 0 0 0 0 0 0 0 0 0 0 0 -0.1229 0 0 0 0 0
-0 -0 -0.3089 0 0 0 0 0 0 0 0 0 0 0 0 -0.3089 0 0 0 0 0
-0 -0 -0.25254 0 0 0 0 0 0 0 0 0 0 0 0 -0.25254 0 0 0 0 0
-0 -0 -0.17815 0 0 0 0 0 0 0 0 0 0 0 0 -0.17815 0 0 0 0 0
-0 -0 -0.2514 0 0 0 0 0 0 0 0 0 0 0 0 -0.2514 0 0 0 0 0
0 0 0.071656 0 0 0 0 0 0 0 0 0 0 0 0 0.071656 0 0 0 0 0
0 0 0.29562 0 0 0 0 0 0 0 0 0 0 0 0 0.29562 0 0 0 0 0
0 0 0.34154 0 0 0 0 0 0 0 0 0 0 0 0 0.34154 0 0 0 0 0
-0 -0 -0.17248 0 0 0 0 0 0 0 0 0 0 0 0 -0.17248 0 0 0 0 0
-0 -0 -0.12842 0 0 0 0 0 0 0 0 0 0 0 0 -0.12842 0 0 0 0 0
0 0 0.27935 0 0 0 0 0 0 0 0 0 0 0 0 0.27935 0 0 0 0 0
0 0 0.28422 0 0 0 0 0 0 0 0 0 0 0 0 0.28422 0 0 0 0 0
-0 -0 -0.060106 0 0 0 0 0 0 0 0 0 0 0 0 -0.060106 0 0 0 0 0
0 0 0.19943 0 0 0 0 0 0 0 0 0 0 0 0 0.19943 0 0 0 0 0
-0 -0 -0.3259 0 0 0 0 0 0 0 0 0 0 0 0 -0.3259 0 0 0 0 0
-0 -0 -0.27376 0 0 0 0 0 0 0 0 0 0 0 0 -0.27376 0 0 0 0 0
0 0 0.32319 0 0 0 0 0 0 0 0 0 0 0 0 0.32319 0 0 0 0 0
-0 -0 -0.11131 0 0 0 0 0 0 0 0 0 0 0 0 -0.11131 0 0 0 0 0
0 0 0.049511 0 0 0 0 0 0 0 0 0 0 0 0 0.049511 0 0 0 0 0
0 0 0.14463 0 0 0 0 0 0 0 0 0 0 0 0 0.14463 0 0 0 0 0
0 0 0.18229 0 0 0 0 0 0 0 0 0 0 0 0 0.18229 0 0 0 0 0
0 0 0.020289 0 0 0 0 0 0 0 0 0 0 0 0 0.020289 0 0 0 0 0
-0 -0 -0.14255 0 0 0 0 0 0 0 0 0 0 0 0 -0.14255 0 0 0 0 0
-0 -0 -0.079534 0 0 0 0 0 0 0 0 0 0 0 0 -0.079534 0 0 0 0 0
0 0 0.15341 0 0 0 0 0 0 0 0 0 0 0 0 0.15341 0 0 0 0 0
0 0 0.26709 0 0 0 0 0 0 0 0 0 0 0 0 0.26709 0 0 0 0 0
-0 -0 -0.31188 0 0 0 0 0 0 0 0 0 0 0 0 -0.31188 0 0 0 0 0
0 0 0.057874 0 0 0 0 0 0 0 0 0 0 0 0 0.057874 0 0 0 0 0
-0 -0 -0.19175 0 0 0 0 0 0 0 0 0 0 0 0 -0.19175 0 0 0 0 0
0 0 0.19544 0 0 0 0 0 0 0 0 0 0 0 0 0.19544 0 0 0 0 0
-0 -0 -0.1117 0 0 0 0 0 0 0 0 0 0 0 0 -0.1117 0 0 0 0 0
-0 -0 -0.26624 0 0 0 0 0 0 0 0 0 0 0 0 -0.26624 0 0 0 0 0
-0 -0 -0.14819 0 0 0 0 0 0 0 0 0 0 0 0 -0.14819 0 0 0 0 0
0 0 0.073918 0 0 0 0 0 0 0 0 0 0 0 0 0.073918 0 0 0 0 0
0 0 0.27106 0 0 0 0 0 0 0 0 0 0 0 0 0.27106 0 0 0 0 0
-0 -0 -0.3435 0 0 0 0 0 0 0 0 0 0 0 0 -0.3435 0 0 0 0 0
-0 -0 -0.023488 0 0 0 0 0 0 0 0 0 0 0 0 -0.023488 0 0 0 0 0
0 0 0.2246 0 0 0 0 0 0 0 0 0 0 0 0 0.2246 0 0 0 0 0
0 0 0.28615 0 0 0 0 0 0 0 0 0 0 0 0 0.28615 0 0 0 0 0
0 0 0.0090417 0 0 0 0 0 0 0 0 0 0 0 0 0.0090417 0 0 0 0 0
0 0 0.20393 0 0 0 0 0 0 0 0 0 0 0 0 0.20393 0 0 0 0 0
-0 -0 -0.08495 0 0 0 0 0 0 0 0 0 0 0 0 -0.08495 0 0 0 0 0
-0 -0 -0.075516 0 0 0 0 0 0 0 0 0 0 0 0 -0.075516 0 0 0 0 0
0 0 0.17088 0 0 0 0 0 0 0 0 0 0 0 0 0.17088 0 0 0 0 0
0 0 0.30246 0 0 0 0 0 0 0 0 0 0 0 0 0.30246 0 0 0 0 0
-0 -0 -0.11311 0 0 0 0 0 0 0 0 0 0 0 0 -0.11311 0 0 0 0 0
0 0 0.17094 0 0 0 0 0 0 0 0 0 0 0 0 0.17094 0 0 0 0 0
-0 -0 -0.094892 0 0 0 0 0 0 0 0 0 0 0 0 -0.094892 0 0 0 0 0
-0 -0 -0.10607 0 0 0 0 0 0 0 0 0 0 0 0 -0.10607 0 0 0 0 0
0 0 0.092443 0 0 0 0 0 0 0 0 0 0 0 0 0.092443 0 0 0 0 0
-0 -0 -0.039256 0 0 0 0 0 0 0 0 0 0 0 0 -0.039256 0 0 0 0 0
-0 -0 -0.34845 0 0 0 0 0 0 0 0 0 0 0 0 -0.34845 0 0 0 0 0
0 0 0.14413 0 0 0 0 0 0 0 0 0 0 0 0 0.14413 0 0 0 0 0
0 0 0.27618 0 0 0 0 0 0 0 0 0 0 0 0 0.27618 0 0 0 0 0
0 0 0.34278 0 0 0 0 0 0 0 0 0 0 0 0 0.34278 0 0 0 0 0
-0 -0 -0.13362 0 0 0 0 0 0 0 0 0 0 0 0 -0.13362 0 0 0 0 0
-0 -0 -0.012969 0 0 0 0 0 0 0 0 0 0 0 0 -0.012969 0 0 0 0 0
-0 -0 -0.26662 0 0 0 0 0 0 0 0 0 0 0 0 -0.26662 0 0 0 0 0
0 0 0.34006 0 0 0 0 0 0 0 0 0 0 0 0 0.34006 0 0 0 0 0
-0 -0 -0.23659 0 0 0 0 0 0 0 0 0 0 0 0 -0.23659 0 0 0 0 0
0 0 0.28702 0 0 0 0 0 0 0 0 0 0 0 0 0.28702 0 0 0 0 0
0 0 0.076977 0 0 0 0 0 0 0 0 0 0 0 0 0.076977 0 0 0 0 0
-0 -0 -0.26519 0 0 0 0 0 0 0 0 0 0 0 0 -0.26519 0 0 0 0 0
-0 -0 -0.23839 0 0 0 0 0 0 0 0 0 0 0 0 -0.23839 0 0 0 0 0
-0 -0 -0.02144 0 0 0 0 0 0 0 0 0 0 0 0 -0.02144 0 0 0 0 0
0 0 0.31118 0 0 0 0 0 0 0 0 0 0 0 0 0.31118 0 0 0 0 0
0 0 0.1249 0 0 0 0 0 0 0 0 0 0 0 0 0.1249 0 0 0 0 0
-0 -0 -0.058456 0 0 0 0 0 0 0 0 0 0 0 0 -0.058456 0 0 0 0 0
0 0 0.33707 0 0 0 0 0 0 0 0 0 0 0 0 0.33707 0 0 0 0 0
0 0 0.049068 0 0 0 0 0 0 0 0 0 0 0 0 0.049068 0 0 0 0 0
-0 -0 -0.3033 0 0 0 0 0 0 0 0 0 0 0 0 -0.3033 0 0 0 0 0
-0 -0 -0.34306 0 0 0 0 0 0 0 0 0 0 0 0 -0.34306 0 0 0 0 0
-0 -0 -0.17937 0 0 0 0 0 0 0 0 0 0 0 0 -0.17937 0 0 0 0 0
-0 -0 -0.32093 0 0 0 0 0 0 0 0 0 0 0 0 -0.32093 0 0 0 0 0
-0 -0 -0.23512 0 0 0 0 0 0 0 0 0 0 0 0 -0.23512 0 0 0 0 0
0 0 0.14427 0 0 0 0 0 0 0 0 0 0 0 0 0.14427 0 0 0 0 0
0 0 0.20788 0 0 0 0 0 0 0 0 0 0 0 0 0.20788 0 0 0 0 0
-0 -0 -0.28144 0 0 0 0 0 0 0 0 0 0 0 0 -0.28144 0 0 0 0 0
-0 -0 -0.11937 0 0 0 0 0 0 0 0 0 0 0 0 -0.11937 0 0 0 0 0
-0 -0 -0.27768 0 0 0 0 0 0 0 0 0 0 0 0 -0.27768 0 0 0 0 0
-0 -0 -0.32446 0 0 0 0 0 0 0 0 0 0 0 0 -0.32446 0 0 0 0 0
-0 -0 -0.29717 0 0 0 0 0 0 0 0 0 0 0 0 -0.29717 0 0 0 0 0
0 0 0.28968 0 0 0 0 0 0 0 0 0 0 0 0 0.28968 0 0 0 0 0
-0 -0 -0.28343 0 0 0 0 0 0 0 0 0 0 0 0 -0.28343 0 0 0 0 0
-0 -0 -0.1134 0 0 0 0 0 0 0 0 0 0 0 0 -0.1134 0 0 0 0 0
0 0 0.13291 0 0 0 0 0 0 0 0 0 0 0 0 0.13291 0 0 0 0 0
-0 -0 -0.082255 0 0 0 0 0 0 0 0 0 0 0 0 -0.082255 0 0 0 0 0
0 0 0.23648 0 0 0 0 0 0 0 0 0 0 0 0 0.23648 0 0 0 0 0
0 0 0.11138 0 0 0 0 0 0 0 0 0 0 0 0 0.11138 0 0 0 0 0
0 0 0.23268 0 0 0 0 0 0 0 0 0 0 0 0 0.23268 0 0 0 0 0
-0 -0 -0.30517 0 0 0 0 0 0 0 0 0 0 0 0 -0.30517 0 0 0 0 0
-0 -0 -0.28246 0 0 0 0 0 0 0 0 0 0 0 0 -0.28246 0 0 0 0 0
-0 -0 -0.093545 0 0 0 0 0 0 0 0 0 0 0 0 -0.093545 0 0 0 0 0
-0 -0 -0.14904 0 0 0 0 0 0 0 0 0 0 0 0 -0.14904 0 0 0 0 0
0 0 0.023156 0 0 0 0 0 0 0 0 0 0 0 0 0.023156 0 0 0 0 0
-0 -0 -0.019856 0 0 0 0 0 0 0 0 0 0 0 0 -0.019856 0 0 0 0 0
-0 -0 -0.32301 0 0 0 0 0 0 0 0 0 0 0 0 -0.32301 0 0 0 0 0
-0 -0 -0.16906 0 0 0 0 0 0 0 0 0 0 0 0 -0.16906 0 0 0 0 0
