-0 -0 -0 0.19083 0 0 0 0 0 0 0 0.19083 0 0 0 0
-0 -0 -0 0.18588 0 0 0 0 0 0 0 0.18588 0 0 0 0
-0 -0 -0 0.16022 0 0 0 0 0 0 0 0.16022 0 0 0 0
-0 -0 -0 0.11514 0 0 0 0 0 0 0 0.11514 0 0 0 0
-0 -0 -0 0.12869 0 0 0 0 0 0 0 0.12869 0 0 0 0
-0 -0 -0 0.13769 0 0 0 0 0 0 0 0.13769 0 0 0 0
0 0 0 0.18429 0 0 0 0 0 0 0 0.18429 0 0 0 0
-0 -0 -0 0.013219 0 0 0 0 0 0 0 0.013219 0 0 0 0
0 0 0 0.065834 0 0 0 0 0 0 0 0.065834 0 0 0 0
-0 -0 -0 0.019824 0 0 0 0 0 0 0 0.019824 0 0 0 0
0 0 0 0.083371 0 0 0 0 0 0 0 0.083371 0 0 0 0
0 0 0 0.0021265 0 0 0 0 0 0 0 0.0021265 0 0 0 0
0 0 0 0.17466 0 0 0 0 0 0 0 0.17466 0 0 0 0
0 0 0 0.18456 0 0 0 0 0 0 0 0.18456 0 0 0 0
0 0 0 0.058477 0 0 0 0 0 0 0 0.058477 0 0 0 0
0 0 0 0.028291 0 0 0 0 0 0 0 0.028291 0 0 0 0
0 0 0 0.050568 0 0 0 0 0 0 0 0.050568 0 0 0 0
0 0 0 0.037913 0 0 0 0 0 0 0 0.037913 0 0 0 0
-0 -0 -0 0.12625 0 0 0 0 0 0 0 0.12625 0 0 0 0
0 0 0 0.17827 0 0 0 0 0 0 0 0.17827 0 0 0 0
-0 -0 -0 0.10735 0 0 0 0 0 0 0 0.10735 0 0 0 0
-0 -0 -0 0.061079 0 0 0 0 0 0 0 0.061079 0 0 0 0
-0 -0 -0 0.056933 0 0 0 0 0 0 0 0.056933 0 0 0 0
-0 -0 -0 0.18992 0 0 0 0 0 0 0 0.18992 0 0 0 0
-0 -0 -0 0.19091 0 0 0 0 0 0 0 0.19091 0 0 0 0
0 0 0 0.13108 0 0 0 0 0 0 0 0.13108 0 0 0 0
-0 -0 -0 0.15678 0 0 0 0 0 0 0 0.15678 0 0 0 0
0 0 0 0.12531 0 0 0 0 0 0 0 0.12531 0 0 0 0
0 0 0 0.042844 0 0 0 0 0 0 0 0.042844 0 0 0 0
0 0 0 0.16309 0 0 0 0 0 0 0 0.16309 0 0 0 0
-0 -0 -0 0.051027 0 0 0 0 0 0 0 0.051027 0 0 0 0
0 0 0 0.095916 0 0 0 0 0 0 0 0.095916 0 0 0 0
0 0 0 0.12407 0 0 0 0 0 0 0 0.12407 0 0 0 0
0 0 0 0.14287 0 0 0 0 0 0 0 0.14287 0 0 0 0
0 0 0 0.046191 0 0 0 0 0 0 0 0.046191 0 0 0 0
-0 -0 -0 0.11264 0 0 0 0 0 0 0 0.11264 0 0 0 0
0 0 0 0.10748 0 0 0 0 0 0 0 0.10748 0 0 0 0
-0 -0 -0 0.03302 0 0 0 0 0 0 0 0.03302 0 0 0 0
-0 -0 -0 0.006277 0 0 0 0 0 0 0 0.006277 0 0 0 0
-0 -0 -0 0.12866 0 0 0 0 0 0 0 0.12866 0 0 0 0
-0 -0 -0 0.17579 0 0 0 0 0 0 0 0.17579 0 0 0 0
0 0 0 0.05368 0 0 0 0 0 0 0 0.05368 0 0 0 0
0 0 0 0.055258 0 0 0 0 0 0 0 0.055258 0 0 0 0
0 0 0 0.10461 0 0 0 0 0 0 0 0.10461 0 0 0 0
0 0 0 0.13643 0 0 0 0 0 0 0 0.13643 0 0 0 0
-0 -0 -0 0.16664 0 0 0 0 0 0 0 0.16664 0 0 0 0
-0 -0 -0 0.15348 0 0 0 0 0 0 0 0.15348 0 0 0 0
-0 -0 -0 0.022581 0 0 0 0 0 0 0 0.022581 0 0 0 0
0 0 0 0.041725 0 0 0 0 0 0 0 0.041725 0 0 0 0
-0 -0 -0 0.021927 0 0 0 0 0 0 0 0.021927 0 0 0 0
-0 -0 -0 0.10883 0 0 0 0 0 0 0 0.10883 0 0 0 0
-0 -0 -0 0.11913 0 0 0 0 0 0 0 0.11913 0 0 0 0
0 0 0 0.0081517 0 0 0 0 0 0 0 0.0081517 0 0 0 0
-0 -0 -0 0.090102 0 0 0 0 0 0 0 0.090102 0 0 0 0
-0 -0 -0 0.15754 0 0 0 0 0 0 0 0.15754 0 0 0 0
-0 -0 -0 0.025521 0 0 0 0 0 0 0 0.025521 0 0 0 0
0 0 0 0.17099 0 0 0 0 0 0 0 0.17099 0 0 0 0
0 0 0 0.018572 0 0 0 0 0 0 0 0.018572 0 0 0 0
0 0 0 0.0035304 0 0 0 0 0 0 0 0.0035304 0 0 0 0
0 0 0 0.01987 0 0 0 0 0 0 0 0.01987 0 0 0 0
-0 -0 -0 0.10256 0 0 0 0 0 0 0 0.10256 0 0 0 0
0 0 0 0.079257 0 0 0 0 0 0 0 0.079257 0 0 0 0
0 0 0 0.024849 0 0 0 0 0 0 0 0.024849 0 0 0 0
0 0 0 0.13081 0 0 0 0 0 0 0 0.13081 0 0 0 0
0 0 0 0.10372 0 0 0 0 0 0 0 0.10372 0 0 0 0
0 0 0 0.13268 0 0 0 0 0 0 0 0.13268 0 0 0 0
0 0 0 0.0093937 0 0 0 0 0 0 0 0.0093937 0 0 0 0
0 0 0 0.19374 0 0 0 0 0 0 0 0.19374 0 0 0 0
-0 -0 -0 0.14699 0 0 0 0 0 0 0 0.14699 0 0 0 0
0 0 0 0.15738 0 0 0 0 0 0 0 0.15738 0 0 0 0
0 0 0 0.013788 0 0 0 0 0 0 0 0.013788 0 0 0 0
-0 -0 -0 0.17416 0 0 0 0 0 0 0 0.17416 0 0 0 0
0 0 0 0.050333 0 0 0 0 0 0 0 0.050333 0 0 0 0
0 0 0 0.14714 0 0 0 0 0 0 0 0.14714 0 0 0 0
-0 -0 -0 0.093816 0 0 0 0 0 0 0 0.093816 0 0 0 0
-0 -0 -0 0.020092 0 0 0 0 0 0 0 0.020092 0 0 0 0
-0 -0 -0 0.12136 0 0 0 0 0 0 0 0.12136 0 0 0 0
0 0 0 0.16225 0 0 0 0 0 0 0 0.16225 0 0 0 0
0 0 0 0.091056 0 0 0 0 0 0 0 0.091056 0 0 0 0
0 0 0 0.11636 0 0 0 0 0 0 0 0.11636 0 0 0 0
0 0 0 0.19401 0 0 0 0 0 0 0 0.19401 0 0 0 0
0 0 0 0.09948 0 0 0 0 0 0 0 0.09948 0 0 0 0
0 0 0 0.10693 0 0 0 0 0 0 0 0.10693 0 0 0 0
0 0 0 0.078373 0 0 0 0 0 0 0 0.078373 0 0 0 0
0 0 0 0.13445 0 0 0 0 0 0 0 0.13445 0 0 0 0
-0 -0 -0 0.042542 0 0 0 0 0 0 0 0.042542 0 0 0 0
-0 -0 -0 0.16158 0 0 0 0 0 0 0 0.16158 0 0 0 0
-0 -0 -0 0.15838 0 0 0 0 0 0 0 0.15838 0 0 0 0
0 0 0 0.081476 0 0 0 0 0 0 0 0.081476 0 0 0 0
0 0 0 0.17975 0 0 0 0 0 0 0 0.17975 0 0 0 0
0 0 0 0.03751 0 0 0 0 0 0 0 0.03751 0 0 0 0
-0 -0 -0 0.074274 0 0 0 0 0 0 0 0.074274 0 0 0 0
-0 -0 -0 0.12873 0 0 0 0 0 0 0 0.12873 0 0 0 0
-0 -0 -0 0.093357 0 0 0 0 0 0 0 0.093357 0 0 0 0
-0 -0 -0 0.18362 0 0 0 0 0 0 0 0.18362 0 0 0 0
0 0 0 0.10122 0 0 0 0 0 0 0 0.10122 0 0 0 0
0 0 0 0.16876 0 0 0 0 0 0 0 0.16876 0 0 0 0
0 0 0 0.1175 0 0 0 0 0 0 0 0.1175 0 0 0 0
0 0 0 0.1909 0 0 0 0 0 0 0 0.1909 0 0 0 0
0 0 0 0.12037 0 0 0 0 0 0 0 0.12037 0 0 0 0
