-0 -0 -0 0.13629 0 0 0 0 0 0 0 0.13629 0 0 0 0
-0 -0 -0 0.017159 0 0 0 0 0 0 0 0.017159 0 0 0 0
-0 -0 -0 0.19797 0 0 0 0 0 0 0 0.19797 0 0 0 0
-0 -0 -0 0.083781 0 0 0 0 0 0 0 0.083781 0 0 0 0
-0 -0 -0 0.091524 0 0 0 0 0 0 0 0.091524 0 0 0 0
-0 -0 -0 0.065354 0 0 0 0 0 0 0 0.065354 0 0 0 0
0 0 0 0.18887 0 0 0 0 0 0 0 0.18887 0 0 0 0
-0 -0 -0 0.035084 0 0 0 0 0 0 0 0.035084 0 0 0 0
0 0 0 0.042456 0 0 0 0 0 0 0 0.042456 0 0 0 0
-0 -0 -0 0.16435 0 0 0 0 0 0 0 0.16435 0 0 0 0
-0 -0 -0 0.044172 0 0 0 0 0 0 0 0.044172 0 0 0 0
0 0 0 0.10705 0 0 0 0 0 0 0 0.10705 0 0 0 0
0 0 0 0.14776 0 0 0 0 0 0 0 0.14776 0 0 0 0
-0 -0 -0 0.039679 0 0 0 0 0 0 0 0.039679 0 0 0 0
0 0 0 0.089572 0 0 0 0 0 0 0 0.089572 0 0 0 0
-0 -0 -0 0.11421 0 0 0 0 0 0 0 0.11421 0 0 0 0
-0 -0 -0 0.094951 0 0 0 0 0 0 0 0.094951 0 0 0 0
-0 -0 -0 0.090907 0 0 0 0 0 0 0 0.090907 0 0 0 0
0 0 0 0.18542 0 0 0 0 0 0 0 0.18542 0 0 0 0
0 0 0 0.046504 0 0 0 0 0 0 0 0.046504 0 0 0 0
-0 -0 -0 0.10356 0 0 0 0 0 0 0 0.10356 0 0 0 0
0 0 0 0.1474 0 0 0 0 0 0 0 0.1474 0 0 0 0
-0 -0 -0 0.11707 0 0 0 0 0 0 0 0.11707 0 0 0 0
0 0 0 0.016703 0 0 0 0 0 0 0 0.016703 0 0 0 0
-0 -0 -0 0.1346 0 0 0 0 0 0 0 0.1346 0 0 0 0
-0 -0 -0 0.050911 0 0 0 0 0 0 0 0.050911 0 0 0 0
-0 -0 -0 0.019329 0 0 0 0 0 0 0 0.019329 0 0 0 0
-0 -0 -0 0.050036 0 0 0 0 0 0 0 0.050036 0 0 0 0
-0 -0 -0 0.12844 0 0 0 0 0 0 0 0.12844 0 0 0 0
0 0 0 0.16912 0 0 0 0 0 0 0 0.16912 0 0 0 0
-0 -0 -0 0.18233 0 0 0 0 0 0 0 0.18233 0 0 0 0
-0 -0 -0 0.038981 0 0 0 0 0 0 0 0.038981 0 0 0 0
-0 -0 -0 0.033586 0 0 0 0 0 0 0 0.033586 0 0 0 0
-0 -0 -0 0.10944 0 0 0 0 0 0 0 0.10944 0 0 0 0
0 0 0 0.065421 0 0 0 0 0 0 0 0.065421 0 0 0 0
0 0 0 0.073056 0 0 0 0 0 0 0 0.073056 0 0 0 0
-0 -0 -0 0.097629 0 0 0 0 0 0 0 0.097629 0 0 0 0
0 0 0 0.1658 0 0 0 0 0 0 0 0.1658 0 0 0 0
0 0 0 0.17481 0 0 0 0 0 0 0 0.17481 0 0 0 0
-0 -0 -0 0.024786 0 0 0 0 0 0 0 0.024786 0 0 0 0
0 0 0 0.10692 0 0 0 0 0 0 0 0.10692 0 0 0 0
-0 -0 -0 0.19579 0 0 0 0 0 0 0 0.19579 0 0 0 0
-0 -0 -0 0.039452 0 0 0 0 0 0 0 0.039452 0 0 0 0
0 0 0 0.19172 0 0 0 0 0 0 0 0.19172 0 0 0 0
-0 -0 -0 0.01868 0 0 0 0 0 0 0 0.01868 0 0 0 0
-0 -0 -0 0.19986 0 0 0 0 0 0 0 0.19986 0 0 0 0
0 0 0 0.19752 0 0 0 0 0 0 0 0.19752 0 0 0 0
-0 -0 -0 0.15871 0 0 0 0 0 0 0 0.15871 0 0 0 0
0 0 0 0.16191 0 0 0 0 0 0 0 0.16191 0 0 0 0
-0 -0 -0 0.067027 0 0 0 0 0 0 0 0.067027 0 0 0 0
-0 -0 -0 0.010917 0 0 0 0 0 0 0 0.010917 0 0 0 0
0 0 0 0.14488 0 0 0 0 0 0 0 0.14488 0 0 0 0
-0 -0 -0 0.15749 0 0 0 0 0 0 0 0.15749 0 0 0 0
0 0 0 0.11567 0 0 0 0 0 0 0 0.11567 0 0 0 0
0 0 0 0.13266 0 0 0 0 0 0 0 0.13266 0 0 0 0
-0 -0 -0 0.1146 0 0 0 0 0 0 0 0.1146 0 0 0 0
0 0 0 0.0020363 0 0 0 0 0 0 0 0.0020363 0 0 0 0
-0 -0 -0 0.18891 0 0 0 0 0 0 0 0.18891 0 0 0 0
-0 -0 -0 0.18143 0 0 0 0 0 0 0 0.18143 0 0 0 0
-0 -0 -0 0.11708 0 0 0 0 0 0 0 0.11708 0 0 0 0
0 0 0 0.12163 0 0 0 0 0 0 0 0.12163 0 0 0 0
0 0 0 0.18909 0 0 0 0 0 0 0 0.18909 0 0 0 0
0 0 0 0.094829 0 0 0 0 0 0 0 0.094829 0 0 0 0
-0 -0 -0 0.05173 0 0 0 0 0 0 0 0.05173 0 0 0 0
-0 -0 -0 0.07944 0 0 0 0 0 0 0 0.07944 0 0 0 0
0 0 0 0.15353 0 0 0 0 0 0 0 0.15353 0 0 0 0
-0 -0 -0 0.099846 0 0 0 0 0 0 0 0.099846 0 0 0 0
0 0 0 0.17218 0 0 0 0 0 0 0 0.17218 0 0 0 0
-0 -0 -0 0.057394 0 0 0 0 0 0 0 0.057394 0 0 0 0
0 0 0 0.051034 0 0 0 0 0 0 0 0.051034 0 0 0 0
-0 -0 -0 0.10356 0 0 0 0 0 0 0 0.10356 0 0 0 0
-0 -0 -0 0.075983 0 0 0 0 0 0 0 0.075983 0 0 0 0
0 0 0 0.17673 0 0 0 0 0 0 0 0.17673 0 0 0 0
0 0 0 0.17403 0 0 0 0 0 0 0 0.17403 0 0 0 0
0 0 0 0.18231 0 0 0 0 0 0 0 0.18231 0 0 0 0
-0 -0 -0 0.074634 0 0 0 0 0 0 0 0.074634 0 0 0 0
0 0 0 0.12343 0 0 0 0 0 0 0 0.12343 0 0 0 0
0 0 0 0.029642 0 0 0 0 0 0 0 0.029642 0 0 0 0
-0 -0 -0 0.031151 0 0 0 0 0 0 0 0.031151 0 0 0 0
0 0 0 0.18634 0 0 0 0 0 0 0 0.18634 0 0 0 0
-0 -0 -0 0.090777 0 0 0 0 0 0 0 0.090777 0 0 0 0
0 0 0 0.072382 0 0 0 0 0 0 0 0.072382 0 0 0 0
-0 -0 -0 0.18544 0 0 0 0 0 0 0 0.18544 0 0 0 0
-0 -0 -0 0.1106 0 0 0 0 0 0 0 0.1106 0 0 0 0
0 0 0 0.16366 0 0 0 0 0 0 0 0.16366 0 0 0 0
0 0 0 0.13682 0 0 0 0 0 0 0 0.13682 0 0 0 0
0 0 0 0.017427 0 0 0 0 0 0 0 0.017427 0 0 0 0
0 0 0 0.15741 0 0 0 0 0 0 0 0.15741 0 0 0 0
-0 -0 -0 0.056884 0 0 0 0 0 0 0 0.056884 0 0 0 0
-0 -0 -0 0.073164 0 0 0 0 0 0 0 0.073164 0 0 0 0
0 0 0 0.19596 0 0 0 0 0 0 0 0.19596 0 0 0 0
-0 -0 -0 0.024127 0 0 0 0 0 0 0 0.024127 0 0 0 0
0 0 0 0.0078326 0 0 0 0 0 0 0 0.0078326 0 0 0 0
0 0 0 0.083055 0 0 0 0 0 0 0 0.083055 0 0 0 0
-0 -0 -0 0.19022 0 0 0 0 0 0 0 0.19022 0 0 0 0
-0 -0 -0 0.021568 0 0 0 0 0 0 0 0.021568 0 0 0 0
0 0 0 0.12073 0 0 0 0 0 0 0 0.12073 0 0 0 0
0 0 0 0.04119 0 0 0 0 0 0 0 0.04119 0 0 0 0
0 0 0 0.07514 0 0 0 0 0 0 0 0.07514 0 0 0 0
-0 -0 -0 0.15626 0 0 0 0 0 0 0 0.15626 0 0 0 0
