0 0 0 0.1957 0 0 0 0 0 0 0 0.19273 -0.033983 0 0 0
0 0 0 0.1766 0 0 0 0 0 0 0 0.17391 -0.030666 0 0 0
0 0 0 0.11838 0 0 0 0 0 0 0 0.11658 -0.020556 0 0 0
-0 -0 -0 0.12816 0 0 0 0 0 0 0 0.12621 -0.022254 0 0 0
0 0 0 0.026077 0 0 0 0 0 0 0 0.025681 -0.0045282 0 0 0
-0 -0 -0 0.10204 0 0 0 0 0 0 0 0.10049 -0.017719 0 0 0
-0 -0 -0 0.10894 0 0 0 0 0 0 0 0.10728 -0.018917 0 0 0
-0 -0 -0 0.10657 0 0 0 0 0 0 0 0.10495 -0.018505 0 0 0
0 0 0 0.028431 0 0 0 0 0 0 0 0.027999 -0.004937 0 0 0
0 0 0 0.037784 0 0 0 0 0 0 0 0.03721 -0.0065612 0 0 0
-0 -0 -0 0.11001 0 0 0 0 0 0 0 0.10834 -0.019103 0 0 0
-0 -0 -0 0.12835 0 0 0 0 0 0 0 0.1264 -0.022287 0 0 0
-0 -0 -0 0.14462 0 0 0 0 0 0 0 0.14242 -0.025113 0 0 0
0 0 0 0.010262 0 0 0 0 0 0 0 0.010106 -0.001782 0 0 0
0 0 0 0.161 0 0 0 0 0 0 0 0.15855 -0.027957 0 0 0
0 0 0 0.15895 0 0 0 0 0 0 0 0.15653 -0.027601 0 0 0
0 0 0 0.18655 0 0 0 0 0 0 0 0.18372 -0.032394 0 0 0
0 0 0 0.15045 0 0 0 0 0 0 0 0.14817 -0.026126 0 0 0
0 0 0 0.18877 0 0 0 0 0 0 0 0.1859 -0.03278 0 0 0
-0 -0 -0 0.041135 0 0 0 0 0 0 0 0.04051 -0.007143 0 0 0
-0 -0 -0 0.18924 0 0 0 0 0 0 0 0.18636 -0.032861 0 0 0
0 0 0 0.11637 0 0 0 0 0 0 0 0.1146 -0.020207 0 0 0
-0 -0 -0 0.096567 0 0 0 0 0 0 0 0.0951 -0.016769 0 0 0
-0 -0 -0 0.12237 0 0 0 0 0 0 0 0.12051 -0.02125 0 0 0
-0 -0 -0 0.041463 0 0 0 0 0 0 0 0.040833 -0.0072 0 0 0
-0 -0 -0 0.17046 0 0 0 0 0 0 0 0.16787 -0.029601 0 0 0
0 0 0 0.05684 0 0 0 0 0 0 0 0.055977 -0.0098702 0 0 0
0 0 0 0.18366 0 0 0 0 0 0 0 0.18087 -0.031892 0 0 0
0 0 0 0.10339 0 0 0 0 0 0 0 0.10182 -0.017953 0 0 0
0 0 0 0.18303 0 0 0 0 0 0 0 0.18025 -0.031783 0 0 0
0 0 0 0.17565 0 0 0 0 0 0 0 0.17298 -0.030501 0 0 0
0 0 0 0.18456 0 0 0 0 0 0 0 0.18176 -0.032048 0 0 0
-0 -0 -0 0.16049 0 0 0 0 0 0 0 0.15805 -0.027869 0 0 0
-0 -0 -0 0.068182 0 0 0 0 0 0 0 0.067146 -0.01184 0 0 0
0 0 0 0.042697 0 0 0 0 0 0 0 0.042049 -0.0074143 0 0 0
0 0 0 0.023671 0 0 0 0 0 0 0 0.023312 -0.0041105 0 0 0
-0 -0 -0 0.16372 0 0 0 0 0 0 0 0.16123 -0.028429 0 0 0
-0 -0 -0 0.060729 0 0 0 0 0 0 0 0.059807 -0.010546 0 0 0
0 0 0 0.048081 0 0 0 0 0 0 0 0.047351 -0.0083493 0 0 0
-0 -0 -0 0.030173 0 0 0 0 0 0 0 0.029715 -0.0052395 0 0 0
0 0 0 0.15631 0 0 0 0 0 0 0 0.15394 -0.027143 0 0 0
0 0 0 0.09385 0 0 0 0 0 0 0 0.092425 -0.016297 0 0 0
-0 -0 -0 0.1574 0 0 0 0 0 0 0 0.155 -0.027332 0 0 0
-0 -0 -0 0.10359 0 0 0 0 0 0 0 0.10201 -0.017988 0 0 0
-0 -0 -0 0.082305 0 0 0 0 0 0 0 0.081054 -0.014292 0 0 0
0 0 0 0.082964 0 0 0 0 0 0 0 0.081703 -0.014407 0 0 0
-0 -0 -0 0.098356 0 0 0 0 0 0 0 0.096862 -0.017079 0 0 0
-0 -0 -0 0.18685 0 0 0 0 0 0 0 0.18401 -0.032446 0 0 0
-0 -0 -0 0.17285 0 0 0 0 0 0 0 0.17022 -0.030015 0 0 0
0 0 0 0.076124 0 0 0 0 0 0 0 0.074968 -0.013219 0 0 0
-0 -0 -0 0.041919 0 0 0 0 0 0 0 0.041282 -0.0072792 0 0 0
0 0 0 0.12492 0 0 0 0 0 0 0 0.12303 -0.021693 0 0 0
0 0 0 0.084966 0 0 0 0 0 0 0 0.083675 -0.014754 0 0 0
0 0 0 0.07615 0 0 0 0 0 0 0 0.074993 -0.013223 0 0 0
0 0 0 0.0095771 0 0 0 0 0 0 0 0.0094316 -0.001663 0 0 0
0 0 0 0.073947 0 0 0 0 0 0 0 0.072824 -0.012841 0 0 0
0 0 0 0.03644 0 0 0 0 0 0 0 0.035887 -0.0063278 0 0 0
0 0 0 0.17894 0 0 0 0 0 0 0 0.17622 -0.031073 0 0 0
-0 -0 -0 0.04807 0 0 0 0 0 0 0 0.04734 -0.0083473 0 0 0
0 0 0 0.13109 0 0 0 0 0 0 0 0.1291 -0.022763 0 0 0
-0 -0 -0 0.16037 0 0 0 0 0 0 0 0.15793 -0.027847 0 0 0
-0 -0 -0 0.037409 0 0 0 0 0 0 0 0.03684 -0.006496 0 0 0
0 0 0 0.18254 0 0 0 0 0 0 0 0.17977 -0.031698 0 0 0
0 0 0 0.13368 0 0 0 0 0 0 0 0.13165 -0.023213 0 0 0
-0 -0 -0 0.18883 0 0 0 0 0 0 0 0.18597 -0.032791 0 0 0
-0 -0 -0 0.0099979 0 0 0 0 0 0 0 0.009846 -0.0017361 0 0 0
-0 -0 -0 0.17057 0 0 0 0 0 0 0 0.16798 -0.02962 0 0 0
0 0 0 0.082745 0 0 0 0 0 0 0 0.081488 -0.014369 0 0 0
-0 -0 -0 0.069835 0 0 0 0 0 0 0 0.068774 -0.012127 0 0 0
-0 -0 -0 0.09716 0 0 0 0 0 0 0 0.095684 -0.016872 0 0 0
-0 -0 -0 0.17512 0 0 0 0 0 0 0 0.17246 -0.030409 0 0 0
0 0 0 0.0003404 0 0 0 0 0 0 0 0.00033523 -5.911e-05 0 0 0
0 0 0 0.14112 0 0 0 0 0 0 0 0.13898 -0.024506 0 0 0
-0 -0 -0 0.023349 0 0 0 0 0 0 0 0.022994 -0.0040544 0 0 0
0 0 0 0.12776 0 0 0 0 0 0 0 0.12582 -0.022185 0 0 0
-0 -0 -0 0.15481 0 0 0 0 0 0 0 0.15246 -0.026882 0 0 0
0 0 0 0.17179 0 0 0 0 0 0 0 0.16918 -0.029831 0 0 0
0 0 0 0.14799 0 0 0 0 0 0 0 0.14574 -0.025699 0 0 0
-0 -0 -0 0.0072722 0 0 0 0 0 0 0 0.0071617 -0.0012628 0 0 0
-0 -0 -0 0.048266 0 0 0 0 0 0 0 0.047533 -0.0083813 0 0 0
-0 -0 -0 0.18347 0 0 0 0 0 0 0 0.18069 -0.03186 0 0 0
-0 -0 -0 0.19856 0 0 0 0 0 0 0 0.19555 -0.03448 0 0 0
0 0 0 0.053149 0 0 0 0 0 0 0 0.052341 -0.0092292 0 0 0
0 0 0 0.088846 0 0 0 0 0 0 0 0.087496 -0.015428 0 0 0
0 0 0 0.13377 0 0 0 0 0 0 0 0.13174 -0.023229 0 0 0
-0 -0 -0 0.17006 0 0 0 0 0 0 0 0.16747 -0.02953 0 0 0
0 0 0 0.16255 0 0 0 0 0 0 0 0.16008 -0.028226 0 0 0
-0 -0 -0 0.095239 0 0 0 0 0 0 0 0.093792 -0.016538 0 0 0
0 0 0 0.028234 0 0 0 0 0 0 0 0.027805 -0.0049027 0 0 0
-0 -0 -0 0.12335 0 0 0 0 0 0 0 0.12147 -0.021419 0 0 0
-0 -0 -0 0.075158 0 0 0 0 0 0 0 0.074017 -0.013051 0 0 0
-0 -0 -0 0.05277 0 0 0 0 0 0 0 0.051968 -0.0091633 0 0 0
-0 -0 -0 0.1837 0 0 0 0 0 0 0 0.18091 -0.0319 0 0 0
0 0 0 0.078043 0 0 0 0 0 0 0 0.076857 -0.013552 0 0 0
-0 -0 -0 0.1544 0 0 0 0 0 0 0 0.15206 -0.026812 0 0 0
0 0 0 0.15151 0 0 0 0 0 0 0 0.14921 -0.02631 0 0 0
0 0 0 0.099913 0 0 0 0 0 0 0 0.098395 -0.01735 0 0 0
-0 -0 -0 0.15724 0 0 0 0 0 0 0 0.15485 -0.027304 0 0 0
-0 -0 -0 0.018678 0 0 0 0 0 0 0 0.018394 -0.0032433 0 0 0
0 0 0 0.023383 0 0 0 0 0 0 0 0.023028 -0.0040604 0 0 0
