0 0 0 0.11027 0 0 0 0 0 0 0 0.10859 0 0.019148 0 0
-0 -0 -0 0.13494 0 0 0 0 0 0 0 0.13289 0 0.023432 0 0
-0 -0 -0 0.020427 0 0 0 0 0 0 0 0.020117 0 0.0035472 0 0
-0 -0 -0 0.09632 0 0 0 0 0 0 0 0.094857 0 0.016726 0 0
0 0 0 0.088284 0 0 0 0 0 0 0 0.086942 0 0.01533 0 0
0 0 0 0.0028789 0 0 0 0 0 0 0 0.0028352 0 0.00049992 0 0
0 0 0 0.18119 0 0 0 0 0 0 0 0.17843 0 0.031463 0 0
-0 -0 -0 0.087733 0 0 0 0 0 0 0 0.0864 0 0.015235 0 0
0 0 0 0.15877 0 0 0 0 0 0 0 0.15636 0 0.02757 0 0
0 0 0 0.077976 0 0 0 0 0 0 0 0.076791 0 0.01354 0 0
0 0 0 0.023486 0 0 0 0 0 0 0 0.023129 0 0.0040783 0 0
0 0 0 0.098215 0 0 0 0 0 0 0 0.096723 0 0.017055 0 0
0 0 0 0.0084626 0 0 0 0 0 0 0 0.008334 0 0.0014695 0 0
-0 -0 -0 0.16158 0 0 0 0 0 0 0 0.15912 0 0.028058 0 0
0 0 0 0.099677 0 0 0 0 0 0 0 0.098163 0 0.017309 0 0
-0 -0 -0 0.00358 0 0 0 0 0 0 0 0.0035256 0 0.00062167 0 0
0 0 0 0.17806 0 0 0 0 0 0 0 0.17535 0 0.030919 0 0
0 0 0 0.065939 0 0 0 0 0 0 0 0.064937 0 0.01145 0 0
0 0 0 0.10399 0 0 0 0 0 0 0 0.10241 0 0.018057 0 0
-0 -0 -0 0.040536 0 0 0 0 0 0 0 0.03992 0 0.0070389 0 0
0 0 0 0.14182 0 0 0 0 0 0 0 0.13966 0 0.024626 0 0
-0 -0 -0 0.18835 0 0 0 0 0 0 0 0.18549 0 0.032706 0 0
0 0 0 0.088894 0 0 0 0 0 0 0 0.087543 0 0.015436 0 0
0 0 0 0.18058 0 0 0 0 0 0 0 0.17784 0 0.031358 0 0
-0 -0 -0 0.16114 0 0 0 0 0 0 0 0.15869 0 0.027981 0 0
-0 -0 -0 0.047377 0 0 0 0 0 0 0 0.046657 0 0.0082269 0 0
-0 -0 -0 0.022452 0 0 0 0 0 0 0 0.022111 0 0.0038988 0 0
0 0 0 0.079681 0 0 0 0 0 0 0 0.07847 0 0.013836 0 0
0 0 0 0.15991 0 0 0 0 0 0 0 0.15748 0 0.027768 0 0
0 0 0 0.11126 0 0 0 0 0 0 0 0.10957 0 0.019319 0 0
0 0 0 0.16357 0 0 0 0 0 0 0 0.16109 0 0.028404 0 0
-0 -0 -0 0.12323 0 0 0 0 0 0 0 0.12135 0 0.021398 0 0
0 0 0 0.039957 0 0 0 0 0 0 0 0.03935 0 0.0069384 0 0
-0 -0 -0 0.13289 0 0 0 0 0 0 0 0.13087 0 0.023076 0 0
0 0 0 0.0232 0 0 0 0 0 0 0 0.022847 0 0.0040286 0 0
-0 -0 -0 0.055059 0 0 0 0 0 0 0 0.054223 0 0.009561 0 0
-0 -0 -0 0.13835 0 0 0 0 0 0 0 0.13625 0 0.024025 0 0
-0 -0 -0 0.12209 0 0 0 0 0 0 0 0.12023 0 0.0212 0 0
0 0 0 0.16682 0 0 0 0 0 0 0 0.16429 0 0.028969 0 0
-0 -0 -0 0.18511 0 0 0 0 0 0 0 0.1823 0 0.032144 0 0
-0 -0 -0 0.03415 0 0 0 0 0 0 0 0.033632 0 0.0059302 0 0
0 0 0 0.11754 0 0 0 0 0 0 0 0.11576 0 0.020411 0 0
0 0 0 0.1519 0 0 0 0 0 0 0 0.14959 0 0.026377 0 0
0 0 0 0.056007 0 0 0 0 0 0 0 0.055156 0 0.0097255 0 0
0 0 0 0.042588 0 0 0 0 0 0 0 0.041941 0 0.0073954 0 0
0 0 0 0.027695 0 0 0 0 0 0 0 0.027275 0 0.0048093 0 0
-0 -0 -0 0.10587 0 0 0 0 0 0 0 0.10427 0 0.018385 0 0
-0 -0 -0 0.14728 0 0 0 0 0 0 0 0.14504 0 0.025575 0 0
-0 -0 -0 0.025665 0 0 0 0 0 0 0 0.025276 0 0.0044568 0 0
0 0 0 0.18556 0 0 0 0 0 0 0 0.18274 0 0.032222 0 0
-0 -0 -0 0.013206 0 0 0 0 0 0 0 0.013005 0 0.0022931 0 0
0 0 0 0.16895 0 0 0 0 0 0 0 0.16638 0 0.029338 0 0
0 0 0 0.046312 0 0 0 0 0 0 0 0.045609 0 0.008042 0 0
0 0 0 0.011806 0 0 0 0 0 0 0 0.011627 0 0.0020502 0 0
-0 -0 -0 0.15462 0 0 0 0 0 0 0 0.15227 0 0.02685 0 0
0 0 0 0.17579 0 0 0 0 0 0 0 0.17312 0 0.030525 0 0
-0 -0 -0 0.12807 0 0 0 0 0 0 0 0.12613 0 0.022239 0 0
0 0 0 0.010793 0 0 0 0 0 0 0 0.010629 0 0.0018742 0 0
0 0 0 0.12178 0 0 0 0 0 0 0 0.11993 0 0.021146 0 0
-0 -0 -0 0.14948 0 0 0 0 0 0 0 0.14721 0 0.025957 0 0
0 0 0 0.0062762 0 0 0 0 0 0 0 0.0061808 0 0.0010898 0 0
-0 -0 -0 0.088343 0 0 0 0 0 0 0 0.087001 0 0.015341 0 0
-0 -0 -0 0.14649 0 0 0 0 0 0 0 0.14426 0 0.025437 0 0
-0 -0 -0 0.17285 0 0 0 0 0 0 0 0.17023 0 0.030016 0 0
-0 -0 -0 0.065153 0 0 0 0 0 0 0 0.064163 0 0.011314 0 0
0 0 0 0.19037 0 0 0 0 0 0 0 0.18747 0 0.033057 0 0
0 0 0 0.084037 0 0 0 0 0 0 0 0.08276 0 0.014593 0 0
-0 -0 -0 0.063973 0 0 0 0 0 0 0 0.063001 0 0.011109 0 0
0 0 0 0.042368 0 0 0 0 0 0 0 0.041724 0 0.0073571 0 0
-0 -0 -0 0.17438 0 0 0 0 0 0 0 0.17173 0 0.030281 0 0
0 0 0 0.00018948 0 0 0 0 0 0 0 0.0001866 0 3.2902e-05 0 0
-0 -0 -0 0.058385 0 0 0 0 0 0 0 0.057498 0 0.010138 0 0
0 0 0 0.071632 0 0 0 0 0 0 0 0.070543 0 0.012439 0 0
-0 -0 -0 0.10894 0 0 0 0 0 0 0 0.10729 0 0.018918 0 0
0 0 0 0.19071 0 0 0 0 0 0 0 0.18782 0 0.033117 0 0
0 0 0 0.1508 0 0 0 0 0 0 0 0.14851 0 0.026187 0 0
-0 -0 -0 0.17613 0 0 0 0 0 0 0 0.17346 0 0.030585 0 0
-0 -0 -0 0.076894 0 0 0 0 0 0 0 0.075726 0 0.013353 0 0
-0 -0 -0 0.1834 0 0 0 0 0 0 0 0.18061 0 0.031847 0 0
-0 -0 -0 0.046881 0 0 0 0 0 0 0 0.046169 0 0.0081409 0 0
-0 -0 -0 0.011834 0 0 0 0 0 0 0 0.011654 0 0.0020549 0 0
-0 -0 -0 0.038728 0 0 0 0 0 0 0 0.038139 0 0.006725 0 0
-0 -0 -0 0.16964 0 0 0 0 0 0 0 0.16706 0 0.029457 0 0
-0 -0 -0 0.10839 0 0 0 0 0 0 0 0.10674 0 0.018821 0 0
0 0 0 0.079059 0 0 0 0 0 0 0 0.077858 0 0.013728 0 0
0 0 0 0.091471 0 0 0 0 0 0 0 0.090082 0 0.015884 0 0
-0 -0 -0 0.10235 0 0 0 0 0 0 0 0.1008 0 0.017773 0 0
-0 -0 -0 0.13585 0 0 0 0 0 0 0 0.13379 0 0.023591 0 0
0 0 0 0.048549 0 0 0 0 0 0 0 0.047811 0 0.0084304 0 0
-0 -0 -0 0.10058 0 0 0 0 0 0 0 0.099057 0 0.017466 0 0
0 0 0 0.062115 0 0 0 0 0 0 0 0.061172 0 0.010786 0 0
0 0 0 0.19127 0 0 0 0 0 0 0 0.18836 0 0.033213 0 0
-0 -0 -0 0.15301 0 0 0 0 0 0 0 0.15069 0 0.026571 0 0
-0 -0 -0 0.013693 0 0 0 0 0 0 0 0.013485 0 0.0023778 0 0
0 0 0 0.19508 0 0 0 0 0 0 0 0.19212 0 0.033875 0 0
-0 -0 -0 0.036776 0 0 0 0 0 0 0 0.036217 0 0.006386 0 0
0 0 0 0.046053 0 0 0 0 0 0 0 0.045353 0 0.007997 0 0
0 0 0 0.087903 0 0 0 0 0 0 0 0.086568 0 0.015264 0 0
-0 -0 -0 0.1716 0 0 0 0 0 0 0 0.16899 0 0.029798 0 0
-0 -0 -0 0.15075 0 0 0 0 0 0 0 0.14846 0 0.026178 0 0
