0 0 0.30205 0 0 0 0 0 0 0 0 0 0 -0.051389 0.0090847 0.29751 -0.011558 0.017683 -0.0025364 0 0
-0 -0 -0.32539 0 0 0 0 0 0 0 0 0 0 0.05536 -0.0097867 -0.32049 0.006024 -0.022034 0.0017134 0 0
-0 -0 -0.26441 0 0 0 0 0 0 0 0 0 0 0.044986 -0.0079528 -0.26044 0.0054399 -0.017769 0.0014823 0 0
-0 -0 -0.041872 0 0 0 0 0 0 0 0 0 0 0.0071239 -0.0012594 -0.041242 0.001168 -0.0027055 0.00028437 0 0
-0 -0 -0.11133 0 0 0 0 0 0 0 0 0 0 0.018941 -0.0033484 -0.10965 0.0028555 -0.0072965 0.00071604 0 0
0 0 0.17648 0 0 0 0 0 0 0 0 0 0 -0.030026 0.0053081 0.17383 -0.0061138 0.010772 -0.001385 0 0
-0 -0 -0.24333 0 0 0 0 0 0 0 0 0 0 0.041399 -0.0073187 -0.23967 0.0051784 -0.016304 0.0013924 0 0
-0 -0 -0.34306 0 0 0 0 0 0 0 0 0 0 0.058367 -0.010318 -0.3379 0.0061452 -0.023277 0.0017723 0 0
0 0 0.12532 0 0 0 0 0 0 0 0 0 0 -0.021321 0.0037692 0.12344 -0.0041492 0.0077651 -0.00095382 0 0
0 0 0.027329 0 0 0 0 0 0 0 0 0 0 -0.0046497 0.00082199 0.026918 -0.00082227 0.0017378 -0.0001951 0 0
-0 -0 -0.15925 0 0 0 0 0 0 0 0 0 0 0.027094 -0.0047898 -0.15686 0.0038344 -0.010529 0.00098385 0 0
-0 -0 -0.0365 0 0 0 0 0 0 0 0 0 0 0.0062099 -0.0010978 -0.035951 0.0010244 -0.0023556 0.00024888 0 0
-0 -0 -0.25641 0 0 0 0 0 0 0 0 0 0 0.043624 -0.007712 -0.25255 0.0053442 -0.017212 0.0014487 0 0
-0 -0 -0.16604 0 0 0 0 0 0 0 0 0 0 0.02825 -0.004994 -0.16354 0.0039606 -0.010991 0.0010198 0 0
-0 -0 -0.27363 0 0 0 0 0 0 0 0 0 0 0.046554 -0.0082299 -0.26951 0.0055446 -0.018411 0.00152 0 0
0 0 0.32431 0 0 0 0 0 0 0 0 0 0 -0.055177 0.0097543 0.31943 -0.012611 0.018833 -0.0027534 0 0
0 0 0.34768 0 0 0 0 0 0 0 0 0 0 -0.059152 0.010457 0.34245 -0.013743 0.020014 -0.002985 0 0
-0 -0 -0.22289 0 0 0 0 0 0 0 0 0 0 0.037921 -0.0067038 -0.21953 0.0048958 -0.01489 0.0013003 0 0
-0 -0 -0.23875 0 0 0 0 0 0 0 0 0 0 0.04062 -0.0071809 -0.23516 0.0051175 -0.015987 0.0013722 0 0
-0 -0 -0.086184 0 0 0 0 0 0 0 0 0 0 0.014663 -0.0025922 -0.084888 0.002281 -0.0056207 0.00056564 0 0
0 0 0.19063 0 0 0 0 0 0 0 0 0 0 -0.032433 0.0057335 0.18776 -0.0066836 0.011584 -0.0015082 0 0
-0 -0 -0.0024261 0 0 0 0 0 0 0 0 0 0 0.00041276 -7.2969e-05 -0.0023896 7.072e-05 -0.00015537 1.696e-05 0 0
-0 -0 -0.28817 0 0 0 0 0 0 0 0 0 0 0.049028 -0.0086673 -0.28384 0.005698 -0.019427 0.0015774 0 0
0 0 0.33877 0 0 0 0 0 0 0 0 0 0 -0.057636 0.010189 0.33367 -0.013308 0.019567 -0.0028962 0 0
-0 -0 -0.23776 0 0 0 0 0 0 0 0 0 0 0.040451 -0.0071511 -0.23418 0.0051042 -0.015918 0.0013677 0 0
0 0 0.119 0 0 0 0 0 0 0 0 0 0 -0.020246 0.0035792 0.11721 -0.0039172 0.0073868 -0.0009022 0 0
-0 -0 -0.014819 0 0 0 0 0 0 0 0 0 0 0.0025213 -0.00044572 -0.014596 0.00042616 -0.00095177 0.00010267 0 0
0 0 0.17871 0 0 0 0 0 0 0 0 0 0 -0.030405 0.0053751 0.17602 -0.0062028 0.0109 -0.0014043 0 0
0 0 0.094759 0 0 0 0 0 0 0 0 0 0 -0.016122 0.0028501 0.093334 -0.0030491 0.0059216 -0.00070751 0 0
0 0 0.06121 0 0 0 0 0 0 0 0 0 0 -0.010414 0.001841 0.06029 -0.0019063 0.0038592 -0.00044713 0 0
-0 -0 -0.034082 0 0 0 0 0 0 0 0 0 0 0.0057986 -0.0010251 -0.03357 0.00095919 -0.0021985 0.00023282 0 0
0 0 0.073257 0 0 0 0 0 0 0 0 0 0 -0.012464 0.0022033 0.072155 -0.0023088 0.0046043 -0.0005394 0 0
-0 -0 -0.27131 0 0 0 0 0 0 0 0 0 0 0.04616 -0.0081604 -0.26723 0.0055189 -0.01825 0.0015106 0 0
-0 -0 -0.28402 0 0 0 0 0 0 0 0 0 0 0.048322 -0.0085425 -0.27975 0.0056557 -0.019137 0.0015613 0 0
0 0 0.2665 0 0 0 0 0 0 0 0 0 0 -0.045341 0.0080155 0.26249 -0.00993 0.015798 -0.0021977 0 0
0 0 0.094531 0 0 0 0 0 0 0 0 0 0 -0.016083 0.0028432 0.093109 -0.0030411 0.0059077 -0.0007057 0 0
-0 -0 -0.14756 0 0 0 0 0 0 0 0 0 0 0.025106 -0.0044382 -0.14534 0.0036097 -0.0097364 0.00092083 0 0
0 0 0.020897 0 0 0 0 0 0 0 0 0 0 -0.0035553 0.00062851 0.020582 -0.00062451 0.0013309 -0.00014851 0 0
0 0 0.27223 0 0 0 0 0 0 0 0 0 0 -0.046316 0.0081879 0.26814 -0.010188 0.016106 -0.0022516 0 0
-0 -0 -0.25283 0 0 0 0 0 0 0 0 0 0 0.043016 -0.0076044 -0.24903 0.0053 -0.016964 0.0014335 0 0
-0 -0 -0.14195 0 0 0 0 0 0 0 0 0 0 0.02415 -0.0042693 -0.13981 0.0034985 -0.0093564 0.00089002 0 0
0 0 0.1338 0 0 0 0 0 0 0 0 0 0 -0.022764 0.0040243 0.13179 -0.0044643 0.0082706 -0.0010237 0 0
0 0 0.070108 0 0 0 0 0 0 0 0 0 0 -0.011928 0.0021087 0.069054 -0.0022028 0.00441 -0.00051516 0 0
-0 -0 -0.28486 0 0 0 0 0 0 0 0 0 0 0.048464 -0.0085676 -0.28057 0.0056643 -0.019195 0.0015646 0 0
0 0 0.1924 0 0 0 0 0 0 0 0 0 0 -0.032734 0.0057869 0.18951 -0.0067558 0.011686 -0.0015238 0 0
0 0 0.21386 0 0 0 0 0 0 0 0 0 0 -0.036385 0.0064322 0.21064 -0.0076438 0.012901 -0.0017143 0 0
0 0 0.19497 0 0 0 0 0 0 0 0 0 0 -0.033172 0.0058642 0.19204 -0.0068608 0.011832 -0.0015464 0 0
0 0 0.10956 0 0 0 0 0 0 0 0 0 0 -0.01864 0.0032953 0.10791 -0.003575 0.0068188 -0.00082573 0 0
0 0 0.22231 0 0 0 0 0 0 0 0 0 0 -0.037822 0.0066863 0.21896 -0.0080005 0.013374 -0.0017904 0 0
-0 -0 -0.12879 0 0 0 0 0 0 0 0 0 0 0.021912 -0.0038736 -0.12685 0.0032298 -0.0084688 0.00081651 0 0
0 0 0.21165 0 0 0 0 0 0 0 0 0 0 -0.036009 0.0063658 0.20847 -0.0075512 0.012777 -0.0016945 0 0
-0 -0 -0.087938 0 0 0 0 0 0 0 0 0 0 0.014961 -0.0026449 -0.086615 0.0023224 -0.0057371 0.00057635 0 0
-0 -0 -0.0028194 0 0 0 0 0 0 0 0 0 0 0.00047968 -8.48e-05 -0.002777 8.2151e-05 -0.00018058 1.9704e-05 0 0
0 0 0.20199 0 0 0 0 0 0 0 0 0 0 -0.034366 0.0060753 0.19895 -0.0071495 0.012231 -0.0016085 0 0
0 0 0.0023994 0 0 0 0 0 0 0 0 0 0 -0.00040822 7.2165e-05 0.0023633 -7.0307e-05 0.00015349 -1.6831e-05 0 0
0 0 0.13334 0 0 0 0 0 0 0 0 0 0 -0.022686 0.0040106 0.13134 -0.0044471 0.0082433 -0.0010199 0 0
-0 -0 -0.093586 0 0 0 0 0 0 0 0 0 0 0.015922 -0.0028148 -0.092178 0.0024544 -0.0061125 0.00061061 0 0
-0 -0 -0.13271 0 0 0 0 0 0 0 0 0 0 0.022579 -0.0039916 -0.13072 0.0033111 -0.008733 0.00083862 0 0
0 0 0.27919 0 0 0 0 0 0 0 0 0 0 -0.0475 0.0083971 0.27499 -0.010503 0.016478 -0.0023174 0 0
-0 -0 -0.12265 0 0 0 0 0 0 0 0 0 0 0.020867 -0.003689 -0.12081 0.0031005 -0.0080559 0.00078156 0 0
0 0 0.29786 0 0 0 0 0 0 0 0 0 0 -0.050677 0.0089587 0.29338 -0.011363 0.017464 -0.002496 0 0
-0 -0 -0.34474 0 0 0 0 0 0 0 0 0 0 0.058653 -0.010369 -0.33956 0.0061556 -0.023395 0.0017777 0 0
0 0 0.28076 0 0 0 0 0 0 0 0 0 0 -0.047767 0.0084443 0.27653 -0.010575 0.016561 -0.0023324 0 0
-0 -0 -0.14002 0 0 0 0 0 0 0 0 0 0 0.023822 -0.0042113 -0.13791 0.0034599 -0.0092261 0.00087937 0 0
0 0 0.095506 0 0 0 0 0 0 0 0 0 0 -0.016249 0.0028725 0.09407 -0.0030754 0.005967 -0.00071343 0 0
-0 -0 -0.32952 0 0 0 0 0 0 0 0 0 0 0.056063 -0.009911 -0.32456 0.0060542 -0.022324 0.0017275 0 0
0 0 0.24307 0 0 0 0 0 0 0 0 0 0 -0.041356 0.007311 0.23942 -0.008894 0.014524 -0.0019798 0 0
0 0 0.070757 0 0 0 0 0 0 0 0 0 0 -0.012038 0.0021282 0.069693 -0.0022246 0.0044501 -0.00052015 0 0
-0 -0 -0.055029 0 0 0 0 0 0 0 0 0 0 0.0093624 -0.0016551 -0.054201 0.0015118 -0.0035658 0.00037002 0 0
0 0 0.060662 0 0 0 0 0 0 0 0 0 0 -0.010321 0.0018245 0.05975 -0.0018882 0.0038252 -0.00044296 0 0
-0 -0 -0.28151 0 0 0 0 0 0 0 0 0 0 0.047895 -0.008467 -0.27728 0.0056295 -0.018961 0.0015514 0 0
-0 -0 -0.13737 0 0 0 0 0 0 0 0 0 0 0.023372 -0.0041318 -0.13531 0.0034064 -0.0090475 0.00086468 0 0
-0 -0 -0.19222 0 0 0 0 0 0 0 0 0 0 0.032703 -0.0057814 -0.18933 0.0044185 -0.01278 0.0011535 0 0
-0 -0 -0.20143 0 0 0 0 0 0 0 0 0 0 0.034271 -0.0060585 -0.1984 0.0045685 -0.013412 0.0011987 0 0
-0 -0 -0.17654 0 0 0 0 0 0 0 0 0 0 0.030036 -0.0053098 -0.17388 0.0041498 -0.011707 0.0010743 0 0
0 0 0.33372 0 0 0 0 0 0 0 0 0 0 -0.056778 0.010037 0.3287 -0.013063 0.019312 -0.0028462 0 0
0 0 0.051709 0 0 0 0 0 0 0 0 0 0 -0.0087976 0.0015553 0.050931 -0.0015952 0.0032681 -0.00037533 0 0
-0 -0 -0.23654 0 0 0 0 0 0 0 0 0 0 0.040244 -0.0071144 -0.23298 0.0050877 -0.015834 0.0013623 0 0
-0 -0 -0.19257 0 0 0 0 0 0 0 0 0 0 0.032764 -0.005792 -0.18968 0.0044243 -0.012804 0.0011552 0 0
0 0 0.24677 0 0 0 0 0 0 0 0 0 0 -0.041984 0.007422 0.24306 -0.0090554 0.014727 -0.0020139 0 0
0 0 0.25334 0 0 0 0 0 0 0 0 0 0 -0.043103 0.0076198 0.24953 -0.0093445 0.015086 -0.0020748 0 0
-0 -0 -0.08489 0 0 0 0 0 0 0 0 0 0 0.014443 -0.0025532 -0.083613 0.0022503 -0.0055349 0.00055772 0 0
-0 -0 -0.16855 0 0 0 0 0 0 0 0 0 0 0.028676 -0.0050694 -0.16601 0.0040064 -0.011162 0.0010329 0 0
-0 -0 -0.24337 0 0 0 0 0 0 0 0 0 0 0.041406 -0.0073199 -0.23971 0.0051789 -0.016307 0.0013925 0 0
-0 -0 -0.13444 0 0 0 0 0 0 0 0 0 0 0.022873 -0.0040435 -0.13242 0.0033466 -0.0088494 0.00084829 0 0
0 0 0.18087 0 0 0 0 0 0 0 0 0 0 -0.030772 0.0054399 0.17815 -0.0062892 0.011025 -0.001423 0 0
0 0 0.15935 0 0 0 0 0 0 0 0 0 0 -0.027111 0.0047927 0.15695 -0.0054389 0.0097762 -0.001238 0 0
-0 -0 -0.25597 0 0 0 0 0 0 0 0 0 0 0.04355 -0.0076989 -0.25212 0.0053388 -0.017182 0.0014469 0 0
-0 -0 -0.044883 0 0 0 0 0 0 0 0 0 0 0.0076362 -0.0013499 -0.044208 0.0012476 -0.002902 0.00030413 0 0
-0 -0 -0.13842 0 0 0 0 0 0 0 0 0 0 0.02355 -0.0041632 -0.13634 0.0034276 -0.009118 0.00087049 0 0
-0 -0 -0.30398 0 0 0 0 0 0 0 0 0 0 0.051718 -0.0091428 -0.29941 0.0058481 -0.020533 0.0016372 0 0
0 0 0.047217 0 0 0 0 0 0 0 0 0 0 -0.0080333 0.0014201 0.046507 -0.00145 0.0029876 -0.00034169 0 0
0 0 0.057074 0 0 0 0 0 0 0 0 0 0 -0.0097104 0.0017166 0.056216 -0.0017702 0.0036023 -0.00041577 0 0
0 0 0.33839 0 0 0 0 0 0 0 0 0 0 -0.057572 0.010178 0.3333 -0.013289 0.019548 -0.0028925 0 0
-0 -0 -0.33618 0 0 0 0 0 0 0 0 0 0 0.057196 -0.010111 -0.33112 0.0061006 -0.022793 0.0017498 0 0
0 0 0.24025 0 0 0 0 0 0 0 0 0 0 -0.040876 0.0072261 0.23664 -0.0087712 0.014369 -0.0019539 0 0
0 0 0.26503 0 0 0 0 0 0 0 0 0 0 -0.045092 0.0079715 0.26105 -0.0098644 0.015719 -0.0021839 0 0
0 0 0.15821 0 0 0 0 0 0 0 0 0 0 -0.026918 0.0047586 0.15583 -0.0053948 0.00971 -0.0012284 0 0
-0 -0 -0.10712 0 0 0 0 0 0 0 0 0 0 0.018226 -0.003222 -0.10551 0.0027623 -0.0070153 0.00069137 0 0
0 0 0.018492 0 0 0 0 0 0 0 0 0 0 -0.0031462 0.00055619 0.018214 -0.00055125 0.0011784 -0.0001312 0 0
