0 0 0.34015 0 0 0 0 0 0 0 0 0 0 -0.057872 0.010231 0.33503 -0.029777 0.02262 -0.0058342 0 0
-0 -0 -0.1773 0 0 0 0 0 0 0 0 0 0 0.030166 -0.0053327 -0.17464 0.012052 -0.015497 0.002555 0 0
-0 -0 -0.23202 0 0 0 0 0 0 0 0 0 0 0.039475 -0.0069784 -0.22853 0.015202 -0.020692 0.0032578 0 0
0 0 0.11028 0 0 0 0 0 0 0 0 0 0 -0.018762 0.0033168 0.10862 -0.0087929 0.0084489 -0.0017768 0 0
-0 -0 -0.29965 0 0 0 0 0 0 0 0 0 0 0.050981 -0.0090125 -0.29514 0.0187 -0.027345 0.0040651 0 0
0 0 0.26125 0 0 0 0 0 0 0 0 0 0 -0.044449 0.0078578 0.25733 -0.022216 0.018315 -0.0043968 0 0
0 0 0.17487 0 0 0 0 0 0 0 0 0 0 -0.029751 0.0052595 0.17224 -0.014354 0.012922 -0.002874 0 0
0 0 0.26686 0 0 0 0 0 0 0 0 0 0 -0.045402 0.0080262 0.26284 -0.022742 0.01864 -0.0044975 0 0
0 0 0.20822 0 0 0 0 0 0 0 0 0 0 -0.035426 0.0062627 0.20509 -0.017334 0.015086 -0.0034549 0 0
-0 -0 -0.14226 0 0 0 0 0 0 0 0 0 0 0.024204 -0.0042789 -0.14013 0.0098892 -0.012265 0.0020827 0 0
0 0 0.11385 0 0 0 0 0 0 0 0 0 0 -0.019369 0.0034242 0.11213 -0.0090928 0.0087056 -0.0018365 0 0
0 0 0.25588 0 0 0 0 0 0 0 0 0 0 -0.043535 0.0076961 0.25203 -0.021714 0.018 -0.0043004 0 0
0 0 0.21123 0 0 0 0 0 0 0 0 0 0 -0.035939 0.0063533 0.20806 -0.017607 0.015276 -0.0035078 0 0
0 0 0.18541 0 0 0 0 0 0 0 0 0 0 -0.031544 0.0055765 0.18262 -0.015288 0.013616 -0.0030565 0 0
-0 -0 -0.013725 0 0 0 0 0 0 0 0 0 0 0.0023351 -0.0004128 -0.013518 0.0010282 -0.0011192 0.00021178 0 0
0 0 0.044667 0 0 0 0 0 0 0 0 0 0 -0.0075995 0.0013435 0.043995 -0.0034498 0.0035409 -0.00070403 0 0
-0 -0 -0.28327 0 0 0 0 0 0 0 0 0 0 0.048195 -0.0085201 -0.27901 0.017894 -0.025713 0.0038761 0 0
0 0 0.11997 0 0 0 0 0 0 0 0 0 0 -0.020411 0.0036084 0.11817 -0.0096092 0.0091435 -0.001939 0 0
0 0 0.21996 0 0 0 0 0 0 0 0 0 0 -0.037423 0.0066158 0.21665 -0.0184 0.015823 -0.0036615 0 0
0 0 0.14876 0 0 0 0 0 0 0 0 0 0 -0.02531 0.0044744 0.14653 -0.012072 0.011158 -0.002426 0 0
-0 -0 -0.21105 0 0 0 0 0 0 0 0 0 0 0.035907 -0.0063477 -0.20787 0.014028 -0.01868 0.0029936 0 0
0 0 0.17821 0 0 0 0 0 0 0 0 0 0 -0.030319 0.0053599 0.17553 -0.014649 0.013143 -0.0029317 0 0
-0 -0 -0.30151 0 0 0 0 0 0 0 0 0 0 0.051298 -0.0090686 -0.29698 0.01879 -0.027532 0.0040864 0 0
-0 -0 -0.16105 0 0 0 0 0 0 0 0 0 0 0.027401 -0.0048439 -0.15863 0.011063 -0.013988 0.0023381 0 0
-0 -0 -0.0093285 0 0 0 0 0 0 0 0 0 0 0.0015871 -0.00028057 -0.0091882 0.00070049 -0.00075913 0.00014418 0 0
0 0 0.20298 0 0 0 0 0 0 0 0 0 0 -0.034534 0.0061051 0.19993 -0.016861 0.014753 -0.003363 0 0
0 0 0.16085 0 0 0 0 0 0 0 0 0 0 -0.027367 0.004838 0.15843 -0.013123 0.011982 -0.0026327 0 0
0 0 0.21494 0 0 0 0 0 0 0 0 0 0 -0.03657 0.0064649 0.21171 -0.017944 0.01551 -0.0035731 0 0
-0 -0 -0.2614 0 0 0 0 0 0 0 0 0 0 0.044474 -0.0078621 -0.25747 0.016776 -0.023553 0.0036171 0 0
-0 -0 -0.10316 0 0 0 0 0 0 0 0 0 0 0.017552 -0.0031028 -0.10161 0.0073449 -0.0087526 0.001536 0 0
-0 -0 -0.34229 0 0 0 0 0 0 0 0 0 0 0.058235 -0.010295 -0.33714 0.020674 -0.031659 0.0045378 0 0
0 0 0.27275 0 0 0 0 0 0 0 0 0 0 -0.046405 0.0082035 0.26865 -0.023297 0.01898 -0.0046037 0 0
-0 -0 -0.23339 0 0 0 0 0 0 0 0 0 0 0.039708 -0.0070197 -0.22988 0.015278 -0.020825 0.0032749 0 0
-0 -0 -0.044412 0 0 0 0 0 0 0 0 0 0 0.007556 -0.0013358 -0.043744 0.0032714 -0.0036729 0.00067723 0 0
0 0 0.052927 0 0 0 0 0 0 0 0 0 0 -0.0090047 0.0015919 0.052131 -0.0041047 0.0041783 -0.00083662 0 0
0 0 0.17899 0 0 0 0 0 0 0 0 0 0 -0.030453 0.0053836 0.1763 -0.014719 0.013195 -0.0029453 0 0
0 0 0.19873 0 0 0 0 0 0 0 0 0 0 -0.033811 0.0059772 0.19574 -0.016479 0.01448 -0.0032886 0 0
0 0 0.26928 0 0 0 0 0 0 0 0 0 0 -0.045814 0.008099 0.26523 -0.022969 0.01878 -0.0045411 0 0
-0 -0 -0.21086 0 0 0 0 0 0 0 0 0 0 0.035874 -0.006342 -0.20769 0.014017 -0.018662 0.0029911 0 0
-0 -0 -0.31283 0 0 0 0 0 0 0 0 0 0 0.053223 -0.009409 -0.30812 0.019329 -0.028669 0.0042143 0 0
-0 -0 -0.26774 0 0 0 0 0 0 0 0 0 0 0.045552 -0.0080528 -0.26371 0.017105 -0.024176 0.0036929 0 0
0 0 0.12803 0 0 0 0 0 0 0 0 0 0 -0.021783 0.0038508 0.12611 -0.010293 0.0097147 -0.0020746 0 0
0 0 0.26383 0 0 0 0 0 0 0 0 0 0 -0.044887 0.0079352 0.25986 -0.022457 0.018465 -0.004443 0 0
-0 -0 -0.098947 0 0 0 0 0 0 0 0 0 0 0.016834 -0.002976 -0.097459 0.0070624 -0.00838 0.0014758 0 0
0 0 0.0048025 0 0 0 0 0 0 0 0 0 0 -0.00081707 0.00014444 0.0047302 -0.00036335 0.0003882 -7.4617e-05 0 0
0 0 0.32517 0 0 0 0 0 0 0 0 0 0 -0.055323 0.0097801 0.32028 -0.028316 0.02185 -0.0055583 0 0
-0 -0 -0.1179 0 0 0 0 0 0 0 0 0 0 0.02006 -0.0035462 -0.11613 0.00832 -0.010065 0.0017445 0 0
0 0 0.14632 0 0 0 0 0 0 0 0 0 0 -0.024895 0.004401 0.14412 -0.011861 0.01099 -0.0023844 0 0
-0 -0 -0.098023 0 0 0 0 0 0 0 0 0 0 0.016677 -0.0029483 -0.096549 0.0070004 -0.0082986 0.0014626 0 0
-0 -0 -0.20911 0 0 0 0 0 0 0 0 0 0 0.035578 -0.0062895 -0.20597 0.013918 -0.018496 0.0029689 0 0
-0 -0 -0.051648 0 0 0 0 0 0 0 0 0 0 0.0087872 -0.0015534 -0.050871 0.003789 -0.0042853 0.00078534 0 0
0 0 0.01817 0 0 0 0 0 0 0 0 0 0 -0.0030914 0.0005465 0.017897 -0.0013844 0.0014593 -0.0002837 0 0
0 0 0.052777 0 0 0 0 0 0 0 0 0 0 -0.0089793 0.0015874 0.051984 -0.0040929 0.0041668 -0.00083422 0 0
0 0 0.079858 0 0 0 0 0 0 0 0 0 0 -0.013587 0.0024019 0.078657 -0.0062761 0.0062179 -0.001274 0 0
-0 -0 -0.070918 0 0 0 0 0 0 0 0 0 0 0.012066 -0.002133 -0.069851 0.0051457 -0.0059344 0.0010701 0 0
0 0 0.079382 0 0 0 0 0 0 0 0 0 0 -0.013506 0.0023876 0.078188 -0.0062372 0.0061824 -0.0012662 0 0
-0 -0 -0.040137 0 0 0 0 0 0 0 0 0 0 0.0068287 -0.0012072 -0.039533 0.0029636 -0.003313 0.00061307 0 0
-0 -0 -0.021456 0 0 0 0 0 0 0 0 0 0 0.0036504 -0.00064532 -0.021133 0.0016006 -0.0017559 0.0003301 0 0
-0 -0 -0.33557 0 0 0 0 0 0 0 0 0 0 0.057092 -0.010093 -0.33052 0.020375 -0.030973 0.0044652 0 0
0 0 0.31718 0 0 0 0 0 0 0 0 0 0 -0.053965 0.00954 0.31241 -0.027542 0.02143 -0.0054118 0 0
-0 -0 -0.27084 0 0 0 0 0 0 0 0 0 0 0.04608 -0.0081461 -0.26677 0.017265 -0.024482 0.0037298 0 0
0 0 0.13307 0 0 0 0 0 0 0 0 0 0 -0.02264 0.0040024 0.13107 -0.010722 0.010069 -0.0021596 0 0
0 0 0.14924 0 0 0 0 0 0 0 0 0 0 -0.025391 0.0044887 0.14699 -0.012113 0.011191 -0.0024341 0 0
0 0 0.042882 0 0 0 0 0 0 0 0 0 0 -0.0072957 0.0012898 0.042237 -0.003309 0.0034024 -0.00067547 0 0
0 0 0.0020995 0 0 0 0 0 0 0 0 0 0 -0.0003572 6.3147e-05 0.0020679 -0.00015862 0.00016993 -3.2588e-05 0 0
0 0 0.34436 0 0 0 0 0 0 0 0 0 0 -0.058588 0.010357 0.33918 -0.030189 0.022833 -0.005912 0 0
-0 -0 -0.28725 0 0 0 0 0 0 0 0 0 0 0.048871 -0.0086396 -0.28293 0.018092 -0.026108 0.0039224 0 0
-0 -0 -0.1979 0 0 0 0 0 0 0 0 0 0 0.033669 -0.0059521 -0.19492 0.013271 -0.017431 0.0028246 0 0
0 0 0.25106 0 0 0 0 0 0 0 0 0 0 -0.042714 0.0075511 0.24728 -0.021264 0.017714 -0.004214 0 0
-0 -0 -0.16039 0 0 0 0 0 0 0 0 0 0 0.027287 -0.0048239 -0.15797 0.011022 -0.013927 0.0023291 0 0
-0 -0 -0.29403 0 0 0 0 0 0 0 0 0 0 0.050026 -0.0088437 -0.28961 0.018427 -0.026784 0.0040008 0 0
-0 -0 -0.22847 0 0 0 0 0 0 0 0 0 0 0.03887 -0.0068716 -0.22503 0.015006 -0.02035 0.0032135 0 0
-0 -0 -0.29604 0 0 0 0 0 0 0 0 0 0 0.050367 -0.008904 -0.29159 0.018525 -0.026985 0.0040239 0 0
0 0 0.15422 0 0 0 0 0 0 0 0 0 0 -0.026239 0.0046386 0.15191 -0.012546 0.011532 -0.0025192 0 0
0 0 0.29439 0 0 0 0 0 0 0 0 0 0 -0.050086 0.0088544 0.28996 -0.02535 0.020197 -0.0049956 0 0
0 0 0.20718 0 0 0 0 0 0 0 0 0 0 -0.035249 0.0062314 0.20407 -0.01724 0.01502 -0.0034367 0 0
0 0 0.26244 0 0 0 0 0 0 0 0 0 0 -0.044651 0.0078935 0.2585 -0.022328 0.018384 -0.0044181 0 0
-0 -0 -0.3456 0 0 0 0 0 0 0 0 0 0 0.058799 -0.010395 -0.3404 0.020819 -0.031997 0.0045732 0 0
0 0 0.039554 0 0 0 0 0 0 0 0 0 0 -0.0067296 0.0011897 0.038959 -0.003047 0.0031436 -0.00062232 0 0
-0 -0 -0.12049 0 0 0 0 0 0 0 0 0 0 0.0205 -0.003624 -0.11868 0.008489 -0.010296 0.0017808 0 0
-0 -0 -0.27307 0 0 0 0 0 0 0 0 0 0 0.046459 -0.0082131 -0.26896 0.017378 -0.024702 0.0037561 0 0
0 0 0.09872 0 0 0 0 0 0 0 0 0 0 -0.016796 0.0029692 0.097236 -0.0078289 0.0076105 -0.0015847 0 0
-0 -0 -0.29544 0 0 0 0 0 0 0 0 0 0 0.050265 -0.008886 -0.291 0.018495 -0.026925 0.004017 0 0
0 0 0.23835 0 0 0 0 0 0 0 0 0 0 -0.040551 0.0071687 0.23476 -0.020087 0.016952 -0.0039873 0 0
0 0 0.29877 0 0 0 0 0 0 0 0 0 0 -0.050832 0.0089862 0.29428 -0.025769 0.020438 -0.0050753 0 0
0 0 0.040966 0 0 0 0 0 0 0 0 0 0 -0.0069698 0.0012321 0.04035 -0.0031581 0.0032535 -0.00064486 0 0
-0 -0 -0.30157 0 0 0 0 0 0 0 0 0 0 0.051309 -0.0090705 -0.29704 0.018793 -0.027538 0.0040871 0 0
0 0 0.32502 0 0 0 0 0 0 0 0 0 0 -0.055298 0.0097756 0.32013 -0.028301 0.021842 -0.0055555 0 0
-0 -0 -0.12661 0 0 0 0 0 0 0 0 0 0 0.021541 -0.0038081 -0.12471 0.008887 -0.010847 0.0018663 0 0
-0 -0 -0.1694 0 0 0 0 0 0 0 0 0 0 0.02882 -0.005095 -0.16685 0.011574 -0.014761 0.0024499 0 0
0 0 0.0089401 0 0 0 0 0 0 0 0 0 0 -0.001521 0.00026889 0.0088056 -0.00067788 0.00072124 -0.00013912 0 0
0 0 0.00056495 0 0 0 0 0 0 0 0 0 0 -9.6119e-05 1.6992e-05 0.00055646 -4.2648e-05 4.576e-05 -8.7641e-06 0 0
0 0 0.16957 0 0 0 0 0 0 0 0 0 0 -0.02885 0.0051001 0.16702 -0.013887 0.012569 -0.0027825 0 0
0 0 0.080637 0 0 0 0 0 0 0 0 0 0 -0.013719 0.0024253 0.079425 -0.0063397 0.006276 -0.0012867 0 0
-0 -0 -0.19792 0 0 0 0 0 0 0 0 0 0 0.033673 -0.0059527 -0.19494 0.013272 -0.017433 0.0028248 0 0
-0 -0 -0.24816 0 0 0 0 0 0 0 0 0 0 0.042222 -0.007464 -0.24443 0.016078 -0.022258 0.0034568 0 0
0 0 0.019842 0 0 0 0 0 0 0 0 0 0 -0.0033758 0.00059679 0.019543 -0.0015131 0.0015923 -0.00030999 0 0
-0 -0 -0.042553 0 0 0 0 0 0 0 0 0 0 0.0072399 -0.0012799 -0.041914 0.0031378 -0.0035163 0.00064937 0 0
-0 -0 -0.14765 0 0 0 0 0 0 0 0 0 0 0.02512 -0.0044409 -0.14543 0.010229 -0.012757 0.0021564 0 0
0 0 0.20831 0 0 0 0 0 0 0 0 0 0 -0.035441 0.0062653 0.20518 -0.017342 0.015091 -0.0034564 0 0
