0 0 0 0.083838 0 0 0 0 0 0 0 0.082565 0 0.014558 0 0
-0 -0 -0 0.014969 0 0 0 0 0 0 0 0.014742 0 0.0025993 0 0
-0 -0 -0 0.072792 0 0 0 0 0 0 0 0.071686 0 0.01264 0 0
0 0 0 0.15994 0 0 0 0 0 0 0 0.15751 0 0.027773 0 0
-0 -0 -0 0.15536 0 0 0 0 0 0 0 0.153 0 0.026978 0 0
-0 -0 -0 0.0087973 0 0 0 0 0 0 0 0.0086636 0 0.0015276 0 0
-0 -0 -0 0.081236 0 0 0 0 0 0 0 0.080002 0 0.014106 0 0
-0 -0 -0 0.14114 0 0 0 0 0 0 0 0.13899 0 0.024508 0 0
0 0 0 0.18973 0 0 0 0 0 0 0 0.18685 0 0.032946 0 0
0 0 0 0.12566 0 0 0 0 0 0 0 0.12375 0 0.021821 0 0
-0 -0 -0 0.1423 0 0 0 0 0 0 0 0.14014 0 0.02471 0 0
-0 -0 -0 0.16914 0 0 0 0 0 0 0 0.16657 0 0.029371 0 0
0 0 0 0.019045 0 0 0 0 0 0 0 0.018756 0 0.0033072 0 0
-0 -0 -0 0.097525 0 0 0 0 0 0 0 0.096043 0 0.016935 0 0
0 0 0 0.053563 0 0 0 0 0 0 0 0.052749 0 0.0093011 0 0
-0 -0 -0 0.14812 0 0 0 0 0 0 0 0.14587 0 0.025721 0 0
-0 -0 -0 0.13967 0 0 0 0 0 0 0 0.13755 0 0.024254 0 0
0 0 0 0.069473 0 0 0 0 0 0 0 0.068418 0 0.012064 0 0
0 0 0 0.1067 0 0 0 0 0 0 0 0.10507 0 0.018528 0 0
-0 -0 -0 0.17594 0 0 0 0 0 0 0 0.17327 0 0.030551 0 0
0 0 0 0.069926 0 0 0 0 0 0 0 0.068863 0 0.012142 0 0
0 0 0 0.036201 0 0 0 0 0 0 0 0.035651 0 0.0062862 0 0
-0 -0 -0 0.076406 0 0 0 0 0 0 0 0.075245 0 0.013268 0 0
0 0 0 0.09034 0 0 0 0 0 0 0 0.088967 0 0.015687 0 0
0 0 0 0.13075 0 0 0 0 0 0 0 0.12876 0 0.022704 0 0
0 0 0 0.038452 0 0 0 0 0 0 0 0.037867 0 0.006677 0 0
-0 -0 -0 0.16957 0 0 0 0 0 0 0 0.16699 0 0.029445 0 0
0 0 0 0.098712 0 0 0 0 0 0 0 0.097212 0 0.017141 0 0
-0 -0 -0 0.12175 0 0 0 0 0 0 0 0.1199 0 0.021142 0 0
-0 -0 -0 0.069824 0 0 0 0 0 0 0 0.068763 0 0.012125 0 0
0 0 0 0.1091 0 0 0 0 0 0 0 0.10744 0 0.018944 0 0
-0 -0 -0 0.1124 0 0 0 0 0 0 0 0.11069 0 0.019517 0 0
-0 -0 -0 0.056972 0 0 0 0 0 0 0 0.056106 0 0.0098931 0 0
-0 -0 -0 0.021027 0 0 0 0 0 0 0 0.020708 0 0.0036514 0 0
0 0 0 0.10932 0 0 0 0 0 0 0 0.10766 0 0.018984 0 0
-0 -0 -0 0.1077 0 0 0 0 0 0 0 0.10606 0 0.018702 0 0
0 0 0 0.036782 0 0 0 0 0 0 0 0.036223 0 0.0063871 0 0
-0 -0 -0 0.15954 0 0 0 0 0 0 0 0.15711 0 0.027703 0 0
-0 -0 -0 0.012091 0 0 0 0 0 0 0 0.011907 0 0.0020996 0 0
-0 -0 -0 0.13676 0 0 0 0 0 0 0 0.13469 0 0.023749 0 0
-0 -0 -0 0.10639 0 0 0 0 0 0 0 0.10477 0 0.018474 0 0
0 0 0 0.12514 0 0 0 0 0 0 0 0.12323 0 0.02173 0 0
0 0 0 0.093203 0 0 0 0 0 0 0 0.091787 0 0.016184 0 0
-0 -0 -0 0.036238 0 0 0 0 0 0 0 0.035687 0 0.0062926 0 0
-0 -0 -0 0.071663 0 0 0 0 0 0 0 0.070574 0 0.012444 0 0
0 0 0 0.053039 0 0 0 0 0 0 0 0.052233 0 0.0092101 0 0
-0 -0 -0 0.11036 0 0 0 0 0 0 0 0.10869 0 0.019165 0 0
0 0 0 0.11891 0 0 0 0 0 0 0 0.11711 0 0.020649 0 0
-0 -0 -0 0.14643 0 0 0 0 0 0 0 0.1442 0 0.025427 0 0
-0 -0 -0 0.19347 0 0 0 0 0 0 0 0.19053 0 0.033596 0 0
-0 -0 -0 0.13551 0 0 0 0 0 0 0 0.13346 0 0.023532 0 0
0 0 0 0.012871 0 0 0 0 0 0 0 0.012676 0 0.0022351 0 0
-0 -0 -0 0.041312 0 0 0 0 0 0 0 0.040684 0 0.0071737 0 0
-0 -0 -0 0.16358 0 0 0 0 0 0 0 0.16109 0 0.028405 0 0
0 0 0 0.10857 0 0 0 0 0 0 0 0.10692 0 0.018852 0 0
0 0 0 0.08338 0 0 0 0 0 0 0 0.082113 0 0.014479 0 0
-0 -0 -0 0.026736 0 0 0 0 0 0 0 0.02633 0 0.0046426 0 0
0 0 0 0.06796 0 0 0 0 0 0 0 0.066928 0 0.011801 0 0
-0 -0 -0 0.1108 0 0 0 0 0 0 0 0.10911 0 0.01924 0 0
-0 -0 -0 0.060169 0 0 0 0 0 0 0 0.059255 0 0.010448 0 0
-0 -0 -0 0.11865 0 0 0 0 0 0 0 0.11685 0 0.020604 0 0
-0 -0 -0 0.079523 0 0 0 0 0 0 0 0.078315 0 0.013809 0 0
0 0 0 0.16164 0 0 0 0 0 0 0 0.15919 0 0.028069 0 0
-0 -0 -0 0.019642 0 0 0 0 0 0 0 0.019344 0 0.0034108 0 0
-0 -0 -0 0.19708 0 0 0 0 0 0 0 0.19408 0 0.034222 0 0
0 0 0 0.0061555 0 0 0 0 0 0 0 0.0060619 0 0.0010689 0 0
0 0 0 0.067639 0 0 0 0 0 0 0 0.066611 0 0.011745 0 0
0 0 0 0.08929 0 0 0 0 0 0 0 0.087934 0 0.015505 0 0
-0 -0 -0 0.12608 0 0 0 0 0 0 0 0.12417 0 0.021894 0 0
0 0 0 0.11565 0 0 0 0 0 0 0 0.11389 0 0.020082 0 0
-0 -0 -0 0.016467 0 0 0 0 0 0 0 0.016217 0 0.0028595 0 0
-0 -0 -0 0.11194 0 0 0 0 0 0 0 0.11024 0 0.019439 0 0
-0 -0 -0 0.1272 0 0 0 0 0 0 0 0.12527 0 0.022088 0 0
0 0 0 0.13678 0 0 0 0 0 0 0 0.1347 0 0.023752 0 0
-0 -0 -0 0.1633 0 0 0 0 0 0 0 0.16081 0 0.028356 0 0
-0 -0 -0 0.12774 0 0 0 0 0 0 0 0.1258 0 0.022182 0 0
-0 -0 -0 0.19911 0 0 0 0 0 0 0 0.19609 0 0.034575 0 0
0 0 0 0.12739 0 0 0 0 0 0 0 0.12546 0 0.022122 0 0
-0 -0 -0 0.1904 0 0 0 0 0 0 0 0.18751 0 0.033062 0 0
-0 -0 -0 0.10017 0 0 0 0 0 0 0 0.098648 0 0.017394 0 0
-0 -0 -0 0.0063587 0 0 0 0 0 0 0 0.0062621 0 0.0011042 0 0
0 0 0 0.15871 0 0 0 0 0 0 0 0.1563 0 0.02756 0 0
0 0 0 0.047264 0 0 0 0 0 0 0 0.046546 0 0.0082073 0 0
-0 -0 -0 0.0035576 0 0 0 0 0 0 0 0.0035036 0 0.00061777 0 0
0 0 0 0.0084134 0 0 0 0 0 0 0 0.0082855 0 0.001461 0 0
-0 -0 -0 0.10169 0 0 0 0 0 0 0 0.10015 0 0.017659 0 0
0 0 0 0.0051927 0 0 0 0 0 0 0 0.0051138 0 0.0009017 0 0
0 0 0 0.071515 0 0 0 0 0 0 0 0.070429 0 0.012419 0 0
0 0 0 0.02593 0 0 0 0 0 0 0 0.025536 0 0.0045027 0 0
0 0 0 0.010472 0 0 0 0 0 0 0 0.010313 0 0.0018184 0 0
-0 -0 -0 0.042095 0 0 0 0 0 0 0 0.041455 0 0.0073097 0 0
-0 -0 -0 0.10227 0 0 0 0 0 0 0 0.10072 0 0.01776 0 0
0 0 0 0.13114 0 0 0 0 0 0 0 0.12915 0 0.022773 0 0
0 0 0 0.033752 0 0 0 0 0 0 0 0.03324 0 0.0058611 0 0
0 0 0 0.18312 0 0 0 0 0 0 0 0.18034 0 0.031799 0 0
-0 -0 -0 0.043731 0 0 0 0 0 0 0 0.043067 0 0.0075939 0 0
-0 -0 -0 0.03904 0 0 0 0 0 0 0 0.038447 0 0.0067792 0 0
0 0 0 0.11572 0 0 0 0 0 0 0 0.11396 0 0.020094 0 0
-0 -0 -0 0.061216 0 0 0 0 0 0 0 0.060286 0 0.01063 0 0
-0 -0 -0 0.049046 0 0 0 0 0 0 0 0.048301 0 0.0085167 0 0
