0 0 0 0.16503 0 0 0 0 -0 0 0 0.15262 -0.056154 0.028077 0 0
0 0 0 0.047346 0 0 0 0 -0 0 0 0.043786 -0.016111 0.0080553 0 0
-0 -0 -0 0.0046172 0 0 0 0 -0 0 0 0.0042701 -0.0015711 0.00078556 0 0
-0 -0 -0 0.17571 0 0 0 0 -0 0 0 0.16249 -0.059788 0.029894 0 0
0 0 0 0.062988 0 0 0 0 -0 0 0 0.058252 -0.021433 0.010717 0 0
0 0 0 0.071875 0 0 0 0 -0 0 0 0.066471 -0.024457 0.012229 0 0
0 0 0 0.17336 0 0 0 0 -0 0 0 0.16033 -0.058991 0.029495 0 0
0 0 0 0.087618 0 0 0 0 -0 0 0 0.08103 -0.029814 0.014907 0 0
-0 -0 -0 0.13319 0 0 0 0 -0 0 0 0.12318 -0.045321 0.022661 0 0
-0 -0 -0 0.11622 0 0 0 0 -0 0 0 0.10748 -0.039548 0.019774 0 0
0 0 0 0.014553 0 0 0 0 -0 0 0 0.013459 -0.0049519 0.002476 0 0
-0 -0 -0 0.12076 0 0 0 0 -0 0 0 0.11168 -0.04109 0.020545 0 0
0 0 0 0.16521 0 0 0 0 -0 0 0 0.15279 -0.056218 0.028109 0 0
0 0 0 0.10432 0 0 0 0 -0 0 0 0.096478 -0.035498 0.017749 0 0
-0 -0 -0 0.083078 0 0 0 0 -0 0 0 0.076831 -0.028269 0.014135 0 0
0 0 0 0.18955 0 0 0 0 -0 0 0 0.17529 -0.064497 0.032248 0 0
0 0 0 0.1758 0 0 0 0 -0 0 0 0.16258 -0.059821 0.02991 0 0
-0 -0 -0 0.13698 0 0 0 0 -0 0 0 0.12668 -0.04661 0.023305 0 0
0 0 0 0.11667 0 0 0 0 -0 0 0 0.1079 -0.039699 0.01985 0 0
-0 -0 -0 0.11774 0 0 0 0 -0 0 0 0.10889 -0.040065 0.020032 0 0
0 0 0 0.18434 0 0 0 0 -0 0 0 0.17048 -0.062725 0.031362 0 0
-0 -0 -0 0.04089 0 0 0 0 -0 0 0 0.037816 -0.013914 0.0069569 0 0
0 0 0 0.0952 0 0 0 0 -0 0 0 0.088042 -0.032394 0.016197 0 0
0 0 0 0.010104 0 0 0 0 -0 0 0 0.0093441 -0.003438 0.001719 0 0
0 0 0 0.089257 0 0 0 0 -0 0 0 0.082545 -0.030372 0.015186 0 0
-0 -0 -0 0.11214 0 0 0 0 -0 0 0 0.1037 -0.038157 0.019078 0 0
-0 -0 -0 0.088379 0 0 0 0 -0 0 0 0.081733 -0.030073 0.015036 0 0
-0 -0 -0 0.11801 0 0 0 0 -0 0 0 0.10914 -0.040155 0.020078 0 0
-0 -0 -0 0.042497 0 0 0 0 -0 0 0 0.039302 -0.014461 0.0072303 0 0
-0 -0 -0 0.081714 0 0 0 0 -0 0 0 0.07557 -0.027805 0.013903 0 0
-0 -0 -0 0.071875 0 0 0 0 -0 0 0 0.066471 -0.024457 0.012229 0 0
-0 -0 -0 0.067681 0 0 0 0 -0 0 0 0.062592 -0.02303 0.011515 0 0
-0 -0 -0 0.15587 0 0 0 0 -0 0 0 0.14415 -0.053037 0.026519 0 0
-0 -0 -0 0.094824 0 0 0 0 -0 0 0 0.087693 -0.032266 0.016133 0 0
0 0 0 0.10241 0 0 0 0 -0 0 0 0.094711 -0.034848 0.017424 0 0
-0 -0 -0 0.11679 0 0 0 0 -0 0 0 0.10801 -0.03974 0.01987 0 0
-0 -0 -0 0.1215 0 0 0 0 -0 0 0 0.11236 -0.041343 0.020672 0 0
0 0 0 0.099022 0 0 0 0 -0 0 0 0.091576 -0.033694 0.016847 0 0
-0 -0 -0 0.040835 0 0 0 0 -0 0 0 0.037764 -0.013895 0.0069474 0 0
-0 -0 -0 0.044385 0 0 0 0 -0 0 0 0.041048 -0.015103 0.0075515 0 0
-0 -0 -0 0.081311 0 0 0 0 -0 0 0 0.075197 -0.027668 0.013834 0 0
-0 -0 -0 0.06319 0 0 0 0 -0 0 0 0.058438 -0.021502 0.010751 0 0
-0 -0 -0 0.012774 0 0 0 0 -0 0 0 0.011813 -0.0043465 0.0021732 0 0
0 0 0 0.032293 0 0 0 0 -0 0 0 0.029865 -0.010989 0.0054943 0 0
-0 -0 -0 0.063657 0 0 0 0 -0 0 0 0.058871 -0.021661 0.01083 0 0
-0 -0 -0 0.11071 0 0 0 0 -0 0 0 0.10239 -0.037672 0.018836 0 0
-0 -0 -0 0.10004 0 0 0 0 -0 0 0 0.09252 -0.034042 0.017021 0 0
0 0 0 0.184 0 0 0 0 -0 0 0 0.17017 -0.062611 0.031306 0 0
0 0 0 0.085928 0 0 0 0 -0 0 0 0.079466 -0.029239 0.014619 0 0
0 0 0 0.079357 0 0 0 0 -0 0 0 0.07339 -0.027003 0.013501 0 0
0 0 0 0.1039 0 0 0 0 -0 0 0 0.096089 -0.035355 0.017677 0 0
-0 -0 -0 0.0019507 0 0 0 0 -0 0 0 0.001804 -0.00066377 0.00033188 0 0
-0 -0 -0 0.078884 0 0 0 0 -0 0 0 0.072953 -0.026842 0.013421 0 0
-0 -0 -0 0.12452 0 0 0 0 -0 0 0 0.11516 -0.042371 0.021185 0 0
0 0 0 0.04717 0 0 0 0 -0 0 0 0.043623 -0.01605 0.0080252 0 0
0 0 0 0.12322 0 0 0 0 -0 0 0 0.11395 -0.041928 0.020964 0 0
-0 -0 -0 0.17116 0 0 0 0 -0 0 0 0.15829 -0.058241 0.02912 0 0
-0 -0 -0 0.18317 0 0 0 0 -0 0 0 0.1694 -0.062328 0.031164 0 0
0 0 0 0.1449 0 0 0 0 -0 0 0 0.13401 -0.049306 0.024653 0 0
-0 -0 -0 0.00047913 0 0 0 0 -0 0 0 0.0004431 -0.00016303 8.1517e-05 0 0
-0 -0 -0 0.0053191 0 0 0 0 -0 0 0 0.0049191 -0.0018099 0.00090497 0 0
-0 -0 -0 0.1031 0 0 0 0 -0 0 0 0.095348 -0.035082 0.017541 0 0
-0 -0 -0 0.042792 0 0 0 0 -0 0 0 0.039574 -0.014561 0.0072804 0 0
-0 -0 -0 0.017501 0 0 0 0 -0 0 0 0.016185 -0.0059552 0.0029776 0 0
0 0 0 0.16565 0 0 0 0 -0 0 0 0.15319 -0.056365 0.028183 0 0
0 0 0 0.084717 0 0 0 0 -0 0 0 0.078347 -0.028827 0.014413 0 0
0 0 0 0.10877 0 0 0 0 -0 0 0 0.10059 -0.037012 0.018506 0 0
0 0 0 0.073149 0 0 0 0 -0 0 0 0.067649 -0.024891 0.012445 0 0
-0 -0 -0 0.004455 0 0 0 0 -0 0 0 0.00412 -0.0015159 0.00075795 0 0
0 0 0 0.042261 0 0 0 0 -0 0 0 0.039083 -0.01438 0.0071901 0 0
-0 -0 -0 0.17986 0 0 0 0 -0 0 0 0.16633 -0.061201 0.0306 0 0
-0 -0 -0 0.1829 0 0 0 0 -0 0 0 0.16915 -0.062236 0.031118 0 0
-0 -0 -0 0.093599 0 0 0 0 -0 0 0 0.086561 -0.031849 0.015925 0 0
0 0 0 0.035931 0 0 0 0 -0 0 0 0.033229 -0.012226 0.0061132 0 0
0 0 0 0.082577 0 0 0 0 -0 0 0 0.076368 -0.028099 0.014049 0 0
-0 -0 -0 0.15587 0 0 0 0 -0 0 0 0.14415 -0.053038 0.026519 0 0
-0 -0 -0 0.11049 0 0 0 0 -0 0 0 0.10219 -0.037598 0.018799 0 0
-0 -0 -0 0.074719 0 0 0 0 -0 0 0 0.069101 -0.025425 0.012712 0 0
-0 -0 -0 0.11104 0 0 0 0 -0 0 0 0.1027 -0.037785 0.018893 0 0
0 0 0 0.048252 0 0 0 0 -0 0 0 0.044623 -0.016419 0.0082093 0 0
0 0 0 0.19699 0 0 0 0 -0 0 0 0.18218 -0.067029 0.033515 0 0
0 0 0 0.10089 0 0 0 0 -0 0 0 0.0933 -0.034329 0.017164 0 0
0 0 0 0.0035306 0 0 0 0 -0 0 0 0.0032652 -0.0012014 0.00060069 0 0
-0 -0 -0 0.059123 0 0 0 0 -0 0 0 0.054677 -0.020118 0.010059 0 0
0 0 0 0.050643 0 0 0 0 -0 0 0 0.046835 -0.017232 0.0086162 0 0
-0 -0 -0 0.044788 0 0 0 0 -0 0 0 0.04142 -0.01524 0.0076201 0 0
0 0 0 0.17311 0 0 0 0 -0 0 0 0.1601 -0.058906 0.029453 0 0
-0 -0 -0 0.067871 0 0 0 0 -0 0 0 0.062768 -0.023095 0.011547 0 0
0 0 0 0.19135 0 0 0 0 -0 0 0 0.17696 -0.065111 0.032556 0 0
-0 -0 -0 0.17635 0 0 0 0 -0 0 0 0.16309 -0.060008 0.030004 0 0
-0 -0 -0 0.097842 0 0 0 0 -0 0 0 0.090485 -0.033293 0.016646 0 0
0 0 0 0.17612 0 0 0 0 -0 0 0 0.16288 -0.059929 0.029964 0 0
-0 -0 -0 0.18781 0 0 0 0 -0 0 0 0.17369 -0.063907 0.031954 0 0
-0 -0 -0 0.14587 0 0 0 0 -0 0 0 0.13491 -0.049637 0.024818 0 0
0 0 0 0.14648 0 0 0 0 -0 0 0 0.13546 -0.049843 0.024921 0 0
0 0 0 0.090589 0 0 0 0 -0 0 0 0.083777 -0.030825 0.015412 0 0
-0 -0 -0 0.13236 0 0 0 0 -0 0 0 0.12241 -0.045039 0.022519 0 0
-0 -0 -0 0.035306 0 0 0 0 -0 0 0 0.032652 -0.012014 0.0060069 0 0
-0 -0 -0 0.046027 0 0 0 0 -0 0 0 0.042566 -0.015662 0.0078308 0 0
-0 -0 -0 0.099614 0 0 0 0 -0 0 0 0.092124 -0.033896 0.016948 0 0
