0 0 0 0.17067 0 0 0 0 -0 0 0 0.15784 -0.058074 0.029037 0 0
-0 -0 -0 0.10638 0 0 0 0 -0 0 0 0.098383 -0.036199 0.018099 0 0
0 0 0 0.11312 0 0 0 0 -0 0 0 0.10462 -0.038493 0.019246 0 0
0 0 0 0.14077 0 0 0 0 -0 0 0 0.13019 -0.047901 0.023951 0 0
0 0 0 0.15313 0 0 0 0 -0 0 0 0.14162 -0.052106 0.026053 0 0
0 0 0 0.12191 0 0 0 0 -0 0 0 0.11275 -0.041483 0.020742 0 0
-0 -0 -0 0.06458 0 0 0 0 -0 0 0 0.059724 -0.021975 0.010987 0 0
0 0 0 0.082961 0 0 0 0 -0 0 0 0.076723 -0.028229 0.014115 0 0
0 0 0 0.13488 0 0 0 0 -0 0 0 0.12474 -0.045896 0.022948 0 0
-0 -0 -0 0.18702 0 0 0 0 -0 0 0 0.17296 -0.063637 0.031818 0 0
0 0 0 0.16761 0 0 0 0 -0 0 0 0.15501 -0.057034 0.028517 0 0
-0 -0 -0 0.011954 0 0 0 0 -0 0 0 0.011055 -0.0040676 0.0020338 0 0
0 0 0 0.16067 0 0 0 0 -0 0 0 0.14859 -0.054672 0.027336 0 0
-0 -0 -0 0.19519 0 0 0 0 -0 0 0 0.18051 -0.066417 0.033209 0 0
0 0 0 0.13338 0 0 0 0 -0 0 0 0.12335 -0.045386 0.022693 0 0
0 0 0 0.093157 0 0 0 0 -0 0 0 0.086153 -0.031699 0.015849 0 0
-0 -0 -0 0.0019042 0 0 0 0 -0 0 0 0.001761 -0.00064794 0.00032397 0 0
-0 -0 -0 0.073735 0 0 0 0 -0 0 0 0.068191 -0.02509 0.012545 0 0
-0 -0 -0 0.19364 0 0 0 0 -0 0 0 0.17908 -0.065891 0.032946 0 0
-0 -0 -0 0.15919 0 0 0 0 -0 0 0 0.14722 -0.054169 0.027085 0 0
0 0 0 0.0091971 0 0 0 0 -0 0 0 0.0085055 -0.0031295 0.0015648 0 0
0 0 0 0.050617 0 0 0 0 -0 0 0 0.046811 -0.017224 0.0086118 0 0
-0 -0 -0 0.023293 0 0 0 0 -0 0 0 0.021542 -0.007926 0.003963 0 0
0 0 0 0.13001 0 0 0 0 -0 0 0 0.12023 -0.044239 0.02212 0 0
-0 -0 -0 0.18245 0 0 0 0 -0 0 0 0.16873 -0.062081 0.031041 0 0
-0 -0 -0 0.079864 0 0 0 0 -0 0 0 0.073858 -0.027175 0.013588 0 0
-0 -0 -0 0.17915 0 0 0 0 -0 0 0 0.16568 -0.06096 0.03048 0 0
0 0 0 0.057996 0 0 0 0 -0 0 0 0.053635 -0.019734 0.0098672 0 0
0 0 0 0.048181 0 0 0 0 -0 0 0 0.044558 -0.016395 0.0081973 0 0
0 0 0 0.041141 0 0 0 0 -0 0 0 0.038048 -0.013999 0.0069996 0 0
-0 -0 -0 0.15809 0 0 0 0 -0 0 0 0.1462 -0.053792 0.026896 0 0
0 0 0 0.097034 0 0 0 0 -0 0 0 0.089738 -0.033018 0.016509 0 0
0 0 0 0.10392 0 0 0 0 -0 0 0 0.09611 -0.035363 0.017681 0 0
0 0 0 0.14334 0 0 0 0 -0 0 0 0.13256 -0.048775 0.024387 0 0
0 0 0 0.13985 0 0 0 0 -0 0 0 0.12933 -0.047586 0.023793 0 0
-0 -0 -0 0.13678 0 0 0 0 -0 0 0 0.1265 -0.046544 0.023272 0 0
0 0 0 0.041286 0 0 0 0 -0 0 0 0.038182 -0.014048 0.0070242 0 0
0 0 0 0.051736 0 0 0 0 -0 0 0 0.047846 -0.017604 0.0088021 0 0
0 0 0 0.14438 0 0 0 0 -0 0 0 0.13353 -0.049129 0.024565 0 0
0 0 0 0.19307 0 0 0 0 -0 0 0 0.17855 -0.065695 0.032848 0 0
0 0 0 0.070855 0 0 0 0 -0 0 0 0.065527 -0.02411 0.012055 0 0
-0 -0 -0 0.14821 0 0 0 0 -0 0 0 0.13707 -0.050433 0.025217 0 0
-0 -0 -0 0.19682 0 0 0 0 -0 0 0 0.18202 -0.066971 0.033486 0 0
-0 -0 -0 0.012149 0 0 0 0 -0 0 0 0.011235 -0.0041339 0.0020669 0 0
-0 -0 -0 0.095661 0 0 0 0 -0 0 0 0.088468 -0.032551 0.016275 0 0
-0 -0 -0 0.18524 0 0 0 0 -0 0 0 0.17131 -0.063031 0.031516 0 0
0 0 0 0.098139 0 0 0 0 -0 0 0 0.09076 -0.033394 0.016697 0 0
-0 -0 -0 0.062507 0 0 0 0 -0 0 0 0.057807 -0.021269 0.010635 0 0
-0 -0 -0 0.18264 0 0 0 0 -0 0 0 0.1689 -0.062146 0.031073 0 0
-0 -0 -0 0.11991 0 0 0 0 -0 0 0 0.11089 -0.040801 0.020401 0 0
-0 -0 -0 0.14277 0 0 0 0 -0 0 0 0.13204 -0.048581 0.02429 0 0
-0 -0 -0 0.088481 0 0 0 0 -0 0 0 0.081828 -0.030108 0.015054 0 0
0 0 0 0.029493 0 0 0 0 -0 0 0 0.027275 -0.010036 0.0050178 0 0
0 0 0 0.046731 0 0 0 0 -0 0 0 0.043218 -0.015901 0.0079507 0 0
0 0 0 0.13134 0 0 0 0 -0 0 0 0.12147 -0.044692 0.022346 0 0
0 0 0 0.08355 0 0 0 0 -0 0 0 0.077267 -0.02843 0.014215 0 0
0 0 0 0.12272 0 0 0 0 -0 0 0 0.11349 -0.041758 0.020879 0 0
-0 -0 -0 0.19423 0 0 0 0 -0 0 0 0.17963 -0.066091 0.033046 0 0
-0 -0 -0 0.015028 0 0 0 0 -0 0 0 0.013898 -0.0051136 0.0025568 0 0
-0 -0 -0 0.040889 0 0 0 0 -0 0 0 0.037814 -0.013913 0.0069566 0 0
-0 -0 -0 0.069801 0 0 0 0 -0 0 0 0.064552 -0.023751 0.011876 0 0
-0 -0 -0 0.097419 0 0 0 0 -0 0 0 0.090093 -0.033149 0.016574 0 0
-0 -0 -0 0.057624 0 0 0 0 -0 0 0 0.053291 -0.019608 0.0098039 0 0
-0 -0 -0 0.064205 0 0 0 0 -0 0 0 0.059378 -0.021847 0.010924 0 0
-0 -0 -0 0.033382 0 0 0 0 -0 0 0 0.030872 -0.011359 0.0056795 0 0
0 0 0 0.0093631 0 0 0 0 -0 0 0 0.0086591 -0.003186 0.001593 0 0
0 0 0 0.036579 0 0 0 0 -0 0 0 0.033828 -0.012447 0.0062233 0 0
-0 -0 -0 0.15728 0 0 0 0 -0 0 0 0.14546 -0.053519 0.026759 0 0
-0 -0 -0 0.055354 0 0 0 0 -0 0 0 0.051191 -0.018835 0.0094176 0 0
-0 -0 -0 0.19019 0 0 0 0 -0 0 0 0.17589 -0.064717 0.032359 0 0
0 0 0 0.04798 0 0 0 0 -0 0 0 0.044372 -0.016326 0.0081631 0 0
-0 -0 -0 0.027651 0 0 0 0 -0 0 0 0.025572 -0.0094088 0.0047044 0 0
0 0 0 0.060609 0 0 0 0 -0 0 0 0.056052 -0.020624 0.010312 0 0
-0 -0 -0 0.12202 0 0 0 0 -0 0 0 0.11284 -0.041518 0.020759 0 0
-0 -0 -0 0.1065 0 0 0 0 -0 0 0 0.098497 -0.036241 0.01812 0 0
-0 -0 -0 0.024697 0 0 0 0 -0 0 0 0.02284 -0.0084038 0.0042019 0 0
0 0 0 0.049671 0 0 0 0 -0 0 0 0.045936 -0.016902 0.0084509 0 0
-0 -0 -0 0.026829 0 0 0 0 -0 0 0 0.024812 -0.0091293 0.0045646 0 0
0 0 0 0.17983 0 0 0 0 -0 0 0 0.16631 -0.061193 0.030596 0 0
0 0 0 0.14446 0 0 0 0 -0 0 0 0.1336 -0.049157 0.024579 0 0
0 0 0 0.13059 0 0 0 0 -0 0 0 0.12077 -0.044436 0.022218 0 0
0 0 0 0.1272 0 0 0 0 -0 0 0 0.11764 -0.043284 0.021642 0 0
-0 -0 -0 0.013231 0 0 0 0 -0 0 0 0.012236 -0.004502 0.002251 0 0
0 0 0 0.14671 0 0 0 0 -0 0 0 0.13568 -0.049923 0.024961 0 0
0 0 0 0.10708 0 0 0 0 -0 0 0 0.099029 -0.036436 0.018218 0 0
0 0 0 0.14665 0 0 0 0 -0 0 0 0.13562 -0.049899 0.02495 0 0
0 0 0 0.076252 0 0 0 0 -0 0 0 0.070518 -0.025946 0.012973 0 0
-0 -0 -0 0.011442 0 0 0 0 -0 0 0 0.010581 -0.0038933 0.0019466 0 0
0 0 0 0.0013131 0 0 0 0 -0 0 0 0.0012144 -0.00044682 0.00022341 0 0
0 0 0 0.12019 0 0 0 0 -0 0 0 0.11115 -0.040897 0.020448 0 0
-0 -0 -0 0.12965 0 0 0 0 -0 0 0 0.1199 -0.044116 0.022058 0 0
0 0 0 0.081421 0 0 0 0 -0 0 0 0.075299 -0.027705 0.013853 0 0
-0 -0 -0 0.19027 0 0 0 0 -0 0 0 0.17596 -0.064743 0.032371 0 0
-0 -0 -0 0.11078 0 0 0 0 -0 0 0 0.10245 -0.037695 0.018847 0 0
-0 -0 -0 0.065632 0 0 0 0 -0 0 0 0.060697 -0.022333 0.011166 0 0
0 0 0 0.16667 0 0 0 0 -0 0 0 0.15414 -0.056714 0.028357 0 0
-0 -0 -0 0.0050528 0 0 0 0 -0 0 0 0.0046729 -0.0017193 0.00085967 0 0
-0 -0 -0 0.016961 0 0 0 0 -0 0 0 0.015686 -0.0057713 0.0028857 0 0
0 0 0 0.023477 0 0 0 0 -0 0 0 0.021712 -0.0079887 0.0039944 0 0
-0 -0 -0 0.17624 0 0 0 0 -0 0 0 0.16299 -0.059971 0.029985 0 0
