-0 -0 -0.28003 0 0 0 0 0 0 0 0 0 0 0.04838 -0.0042435 -0.27579 -0.012829 -0.03982 -0.0016377 0 0
-0 -0 -0.053784 0 0 0 0 0 0 0 0 0 0 0.0092921 -0.00081503 -0.052969 -0.0016035 -0.0079041 -0.00015967 0 0
0 0 0.34212 0 0 0 0 0 0 0 0 0 0 -0.059106 0.0051844 0.33693 0.00026441 0.051062 -0.0007393 0 0
-0 -0 -0.044004 0 0 0 0 0 0 0 0 0 0 0.0076024 -0.00066682 -0.043337 -0.0012808 -0.0064734 -0.00012508 0 0
-0 -0 -0.22283 0 0 0 0 0 0 0 0 0 0 0.038498 -0.0033767 -0.21945 -0.0093232 -0.032006 -0.0011431 0 0
-0 -0 -0.23774 0 0 0 0 0 0 0 0 0 0 0.041073 -0.0036026 -0.23414 -0.010194 -0.034062 -0.0012642 0 0
-0 -0 -0.32671 0 0 0 0 0 0 0 0 0 0 0.056445 -0.0049509 -0.32176 -0.016011 -0.04604 -0.0021003 0 0
-0 -0 -0.12816 0 0 0 0 0 0 0 0 0 0 0.022142 -0.0019421 -0.12622 -0.0045052 -0.018669 -0.00050307 0 0
0 0 0.030343 0 0 0 0 0 0 0 0 0 0 -0.0052423 0.00045981 0.029884 0.00071927 0.0044938 5.7032e-05 0 0
-0 -0 -0.054959 0 0 0 0 0 0 0 0 0 0 0.009495 -0.00083283 -0.054126 -0.0016431 -0.0080757 -0.00016399 0 0
-0 -0 -0.21914 0 0 0 0 0 0 0 0 0 0 0.03786 -0.0033208 -0.21582 -0.0091122 -0.031494 -0.0011139 0 0
-0 -0 -0.32137 0 0 0 0 0 0 0 0 0 0 0.055522 -0.0048699 -0.3165 -0.015632 -0.045335 -0.0020447 0 0
0 0 0.074638 0 0 0 0 0 0 0 0 0 0 -0.012895 0.001131 0.073507 0.0015275 0.011088 9.7349e-05 0 0
-0 -0 -0.32411 0 0 0 0 0 0 0 0 0 0 0.055994 -0.0049114 -0.31919 -0.015826 -0.045696 -0.0020731 0 0
-0 -0 -0.0030024 0 0 0 0 0 0 0 0 0 0 0.00051871 -4.5497e-05 -0.0029569 -7.8461e-05 -0.00044341 -6.9413e-06 0 0
-0 -0 -0.23587 0 0 0 0 0 0 0 0 0 0 0.040751 -0.0035744 -0.2323 -0.010084 -0.033805 -0.0012488 0 0
-0 -0 -0.34814 0 0 0 0 0 0 0 0 0 0 0.060147 -0.0052756 -0.34286 -0.017567 -0.048842 -0.0023301 0 0
0 0 0.33546 0 0 0 0 0 0 0 0 0 0 -0.057955 0.0050834 0.33037 0.00042364 0.050076 -0.0006962 0 0
0 0 0.020913 0 0 0 0 0 0 0 0 0 0 -0.0036131 0.00031691 0.020596 0.00051012 0.0030949 4.1867e-05 0 0
-0 -0 -0.074876 0 0 0 0 0 0 0 0 0 0 0.012936 -0.0011347 -0.073742 -0.0023461 -0.010978 -0.00024265 0 0
-0 -0 -0.10682 0 0 0 0 0 0 0 0 0 0 0.018455 -0.0016187 -0.1052 -0.0035921 -0.015603 -0.00039006 0 0
0 0 0.32916 0 0 0 0 0 0 0 0 0 0 -0.056868 0.004988 0.32417 0.00056809 0.049144 -0.00065652 0 0
-0 -0 -0.30976 0 0 0 0 0 0 0 0 0 0 0.053515 -0.0046939 -0.30506 -0.014822 -0.043798 -0.0019262 0 0
0 0 0.13531 0 0 0 0 0 0 0 0 0 0 -0.023377 0.0020505 0.13326 0.0021664 0.020165 6.9752e-05 0 0
-0 -0 -0.19474 0 0 0 0 0 0 0 0 0 0 0.033645 -0.0029511 -0.19179 -0.0077643 -0.028097 -0.00092972 0 0
0 0 0.15368 0 0 0 0 0 0 0 0 0 0 -0.026551 0.0023288 0.15135 0.0022527 0.022919 4.2527e-05 0 0
-0 -0 -0.34317 0 0 0 0 0 0 0 0 0 0 0.059288 -0.0052003 -0.33797 -0.017201 -0.048195 -0.0022759 0 0
0 0 0.34279 0 0 0 0 0 0 0 0 0 0 -0.059223 0.0051946 0.3376 0.00024794 0.051161 -0.00074372 0 0
-0 -0 -0.27024 0 0 0 0 0 0 0 0 0 0 0.046688 -0.0040951 -0.26614 -0.012197 -0.038497 -0.0015473 0 0
-0 -0 -0.31792 0 0 0 0 0 0 0 0 0 0 0.054926 -0.0048177 -0.3131 -0.01539 -0.04488 -0.0020092 0 0
0 0 0.29582 0 0 0 0 0 0 0 0 0 0 -0.051107 0.0044827 0.29134 0.0012368 0.044191 -0.00046299 0 0
-0 -0 -0.14309 0 0 0 0 0 0 0 0 0 0 0.024722 -0.0021684 -0.14093 -0.0051823 -0.020802 -0.00058902 0 0
0 0 0.0028884 0 0 0 0 0 0 0 0 0 0 -0.00049902 4.377e-05 0.0028446 7.4246e-05 0.0004268 6.4574e-06 0 0
0 0 0.043941 0 0 0 0 0 0 0 0 0 0 -0.0075915 0.00066586 0.043275 0.00099796 0.0065142 7.4833e-05 0 0
-0 -0 -0.030742 0 0 0 0 0 0 0 0 0 0 0.0053112 -0.00046586 -0.030277 -0.00086529 -0.0045285 -8.2113e-05 0 0
0 0 0.23833 0 0 0 0 0 0 0 0 0 0 -0.041175 0.0036116 0.23472 0.0020065 0.035608 -0.0001959 0 0
-0 -0 -0.31574 0 0 0 0 0 0 0 0 0 0 0.05455 -0.0047847 -0.31096 -0.015237 -0.044591 -0.0019869 0 0
0 0 0.12627 0 0 0 0 0 0 0 0 0 0 -0.021815 0.0019135 0.12436 0.0021056 0.01881 7.9935e-05 0 0
-0 -0 -0.15375 0 0 0 0 0 0 0 0 0 0 0.026562 -0.0023298 -0.15142 -0.0056844 -0.022317 -0.00065379 0 0
0 0 0.1196 0 0 0 0 0 0 0 0 0 0 -0.020663 0.0018124 0.11779 0.002053 0.017812 8.6082e-05 0 0
0 0 0.11582 0 0 0 0 0 0 0 0 0 0 -0.02001 0.0017551 0.11407 0.0020203 0.017246 8.9054e-05 0 0
-0 -0 -0.15681 0 0 0 0 0 0 0 0 0 0 0.027091 -0.0023762 -0.15443 -0.0058315 -0.022752 -0.00067291 0 0
-0 -0 -0.12021 0 0 0 0 0 0 0 0 0 0 0.020768 -0.0018216 -0.11839 -0.0041574 -0.017529 -0.0004596 0 0
0 0 0.29995 0 0 0 0 0 0 0 0 0 0 -0.051821 0.0045454 0.29541 0.0011628 0.044807 -0.00048545 0 0
0 0 0.018576 0 0 0 0 0 0 0 0 0 0 -0.0032093 0.0002815 0.018295 0.00045627 0.0027485 3.7751e-05 0 0
-0 -0 -0.24119 0 0 0 0 0 0 0 0 0 0 0.04167 -0.003655 -0.23754 -0.0104 -0.034536 -0.0012931 0 0
-0 -0 -0.30189 0 0 0 0 0 0 0 0 0 0 0.052156 -0.0045747 -0.29731 -0.014283 -0.042751 -0.0018478 0 0
0 0 0.19929 0 0 0 0 0 0 0 0 0 0 -0.034431 0.00302 0.19627 0.0022516 0.029759 -6.2919e-05 0 0
-0 -0 -0.22904 0 0 0 0 0 0 0 0 0 0 0.03957 -0.0034708 -0.22557 -0.0096822 -0.032863 -0.0011928 0 0
-0 -0 -0.22556 0 0 0 0 0 0 0 0 0 0 0.03897 -0.0034181 -0.22214 -0.0094806 -0.032383 -0.0011648 0 0
-0 -0 -0.049137 0 0 0 0 0 0 0 0 0 0 0.0084892 -0.0007446 -0.048392 -0.0014484 -0.0072246 -0.00014292 0 0
-0 -0 -0.13851 0 0 0 0 0 0 0 0 0 0 0.02393 -0.002099 -0.13641 -0.0049711 -0.020148 -0.00056204 0 0
0 0 0.2193 0 0 0 0 0 0 0 0 0 0 -0.037888 0.0033232 0.21598 0.0021541 0.032758 -0.00012617 0 0
-0 -0 -0.33017 0 0 0 0 0 0 0 0 0 0 0.057042 -0.0050033 -0.32517 -0.016258 -0.046494 -0.0021367 0 0
-0 -0 -0.29447 0 0 0 0 0 0 0 0 0 0 0.050875 -0.0044624 -0.29001 -0.013783 -0.04176 -0.0017752 0 0
0 0 0.011915 0 0 0 0 0 0 0 0 0 0 -0.0020586 0.00018056 0.011735 0.00029845 0.001762 2.5244e-05 0 0
-0 -0 -0.30705 0 0 0 0 0 0 0 0 0 0 0.053048 -0.0046529 -0.3024 -0.014636 -0.043438 -0.0018991 0 0
0 0 0.027753 0 0 0 0 0 0 0 0 0 0 -0.0047948 0.00042056 0.027333 0.00066311 0.0041093 5.3097e-05 0 0
-0 -0 -0.23154 0 0 0 0 0 0 0 0 0 0 0.040002 -0.0035087 -0.22803 -0.0098285 -0.033208 -0.0012132 0 0
0 0 0.059367 0 0 0 0 0 0 0 0 0 0 -0.010257 0.00089963 0.058467 0.0012813 0.0088106 8.9211e-05 0 0
-0 -0 -0.097113 0 0 0 0 0 0 0 0 0 0 0.016778 -0.0014716 -0.095641 -0.0031981 -0.014202 -0.0003425 0 0
0 0 0.10425 0 0 0 0 0 0 0 0 0 0 -0.018011 0.0015798 0.10267 0.0019071 0.015514 9.5841e-05 0 0
0 0 0.23799 0 0 0 0 0 0 0 0 0 0 -0.041116 0.0036064 0.23438 0.0020097 0.035557 -0.00019457 0 0
-0 -0 -0.18608 0 0 0 0 0 0 0 0 0 0 0.032149 -0.0028198 -0.18326 -0.0073056 -0.026884 -0.00086792 0 0
-0 -0 -0.13592 0 0 0 0 0 0 0 0 0 0 0.023482 -0.0020597 -0.13386 -0.004853 -0.019778 -0.00054702 0 0
-0 -0 -0.2196 0 0 0 0 0 0 0 0 0 0 0.03794 -0.0033278 -0.21628 -0.0091387 -0.031559 -0.0011176 0 0
-0 -0 -0.19793 0 0 0 0 0 0 0 0 0 0 0.034195 -0.0029993 -0.19493 -0.0079356 -0.028543 -0.00095292 0 0
-0 -0 -0.092961 0 0 0 0 0 0 0 0 0 0 0.016061 -0.0014087 -0.091553 -0.0030337 -0.013601 -0.0003229 0 0
-0 -0 -0.017555 0 0 0 0 0 0 0 0 0 0 0.0030329 -0.00026602 -0.017289 -0.00047732 -0.0025892 -4.3894e-05 0 0
0 0 0.31616 0 0 0 0 0 0 0 0 0 0 -0.054621 0.0047909 0.31137 0.00084828 0.047215 -0.00057768 0 0
0 0 0.053629 0 0 0 0 0 0 0 0 0 0 -0.0092653 0.00081268 0.052816 0.00118 0.0079559 8.4586e-05 0 0
0 0 0.24958 0 0 0 0 0 0 0 0 0 0 -0.043119 0.0037821 0.2458 0.0018942 0.037291 -0.00024151 0 0
0 0 0.14176 0 0 0 0 0 0 0 0 0 0 -0.024491 0.0021482 0.13961 0.0022023 0.021131 6.1197e-05 0 0
-0 -0 -0.067038 0 0 0 0 0 0 0 0 0 0 0.011582 -0.0010159 -0.066022 -0.0020627 -0.0098377 -0.00021048 0 0
-0 -0 -0.17196 0 0 0 0 0 0 0 0 0 0 0.029709 -0.0026058 -0.16936 -0.0065797 -0.024896 -0.00077117 0 0
0 0 0.21039 0 0 0 0 0 0 0 0 0 0 -0.036349 0.0031883 0.20721 0.0022048 0.031424 -9.6743e-05 0 0
-0 -0 -0.21296 0 0 0 0 0 0 0 0 0 0 0.036792 -0.0032272 -0.20973 -0.0087632 -0.030637 -0.0010659 0 0
0 0 0.2531 0 0 0 0 0 0 0 0 0 0 -0.043728 0.0038355 0.24927 0.0018552 0.037818 -0.00025646 0 0
0 0 0.031175 0 0 0 0 0 0 0 0 0 0 -0.005386 0.00047242 0.030703 0.00073709 0.0046172 5.8259e-05 0 0
-0 -0 -0.24733 0 0 0 0 0 0 0 0 0 0 0.04273 -0.0037479 -0.24358 -0.01077 -0.035377 -0.0013451 0 0
0 0 0.027647 0 0 0 0 0 0 0 0 0 0 -0.0047765 0.00041896 0.027228 0.0006608 0.0040936 5.2932e-05 0 0
0 0 0.30648 0 0 0 0 0 0 0 0 0 0 -0.05295 0.0046443 0.30184 0.0010407 0.045778 -0.00052182 0 0
0 0 0.13126 0 0 0 0 0 0 0 0 0 0 -0.022677 0.0019891 0.12927 0.0021406 0.019558 7.458e-05 0 0
0 0 0.20584 0 0 0 0 0 0 0 0 0 0 -0.035562 0.0031192 0.20272 0.0022262 0.030741 -8.2485e-05 0 0
0 0 0.013757 0 0 0 0 0 0 0 0 0 0 -0.0023767 0.00020847 0.013549 0.00034274 0.0020347 2.8817e-05 0 0
0 0 0.093844 0 0 0 0 0 0 0 0 0 0 -0.016213 0.0014221 0.092422 0.0017884 0.013957 9.8971e-05 0 0
-0 -0 -0.11151 0 0 0 0 0 0 0 0 0 0 0.019266 -0.0016898 -0.10982 -0.0037873 -0.016278 -0.00041391 0 0
0 0 0.26919 0 0 0 0 0 0 0 0 0 0 -0.046507 0.0040792 0.26511 0.0016538 0.040221 -0.00032876 0 0
-0 -0 -0.28935 0 0 0 0 0 0 0 0 0 0 0.049991 -0.0043848 -0.28497 -0.013441 -0.041074 -0.0017259 0 0
0 0 0.20126 0 0 0 0 0 0 0 0 0 0 -0.034771 0.0030499 0.19821 0.0022446 0.030055 -6.8692e-05 0 0
0 0 0.21306 0 0 0 0 0 0 0 0 0 0 -0.036809 0.0032286 0.20983 0.0021908 0.031822 -0.00010532 0 0
-0 -0 -0.3441 0 0 0 0 0 0 0 0 0 0 0.05945 -0.0052144 -0.33889 -0.017269 -0.048317 -0.002286 0 0
0 0 0.10364 0 0 0 0 0 0 0 0 0 0 -0.017905 0.0015705 0.10207 0.0019005 0.015422 9.6104e-05 0 0
0 0 0.060677 0 0 0 0 0 0 0 0 0 0 -0.010483 0.00091948 0.059758 0.0013038 0.0090058 9.0147e-05 0 0
0 0 0.34642 0 0 0 0 0 0 0 0 0 0 -0.05985 0.0052495 0.34117 0.00015818 0.051698 -0.00076771 0 0
0 0 0.28956 0 0 0 0 0 0 0 0 0 0 -0.050025 0.0043878 0.28517 0.0013443 0.043259 -0.0004298 0 0
-0 -0 -0.12436 0 0 0 0 0 0 0 0 0 0 0.021485 -0.0018845 -0.12247 -0.0043377 -0.018124 -0.00048208 0 0
-0 -0 -0.261 0 0 0 0 0 0 0 0 0 0 0.045093 -0.0039552 -0.25705 -0.011614 -0.037243 -0.0014643 0 0
-0 -0 -0.093718 0 0 0 0 0 0 0 0 0 0 0.016191 -0.0014202 -0.092297 -0.0030634 -0.013711 -0.00032644 0 0
-0 -0 -0.068947 0 0 0 0 0 0 0 0 0 0 0.011912 -0.0010448 -0.067903 -0.0021309 -0.010116 -0.00021817 0 0
