0 0 0.17342 0 0 0 0 0 0 0 0 0 0 -0.028754 0.0077248 0.17084 0.0032391 0.027185 -0.00068402 0 0
-0 -0 -0.26338 0 0 0 0 0 0 0 0 0 0 0.04367 -0.011732 -0.25947 -0.013603 -0.039229 -0.00051566 0 0
-0 -0 -0.3353 0 0 0 0 0 0 0 0 0 0 0.055594 -0.014936 -0.33032 -0.019039 -0.049203 -0.00097969 0 0
0 0 0.19775 0 0 0 0 0 0 0 0 0 0 -0.032788 0.0088085 0.19481 0.0033201 0.031027 -0.00084413 0 0
0 0 0.25114 0 0 0 0 0 0 0 0 0 0 -0.041641 0.011187 0.24741 0.0031743 0.039458 -0.0012499 0 0
0 0 0.1639 0 0 0 0 0 0 0 0 0 0 -0.027175 0.0073008 0.16147 0.0031823 0.025682 -0.00062563 0 0
-0 -0 -0.346 0 0 0 0 0 0 0 0 0 0 0.057368 -0.015412 -0.34086 -0.019908 -0.050652 -0.0010604 0 0
-0 -0 -0.13062 0 0 0 0 0 0 0 0 0 0 0.021657 -0.0058183 -0.12868 -0.0054726 -0.019899 -2.1313e-05 0 0
-0 -0 -0.20975 0 0 0 0 0 0 0 0 0 0 0.034777 -0.0093431 -0.20663 -0.010015 -0.031551 -0.00025896 0 0
0 0 0.079575 0 0 0 0 0 0 0 0 0 0 -0.013194 0.0035446 0.078394 0.0020638 0.012406 -0.00021362 0 0
-0 -0 -0.16061 0 0 0 0 0 0 0 0 0 0 0.02663 -0.0071543 -0.15823 -0.0070874 -0.024357 -9.1505e-05 0 0
-0 -0 -0.30868 0 0 0 0 0 0 0 0 0 0 0.05118 -0.01375 -0.30409 -0.016945 -0.045557 -0.00079204 0 0
-0 -0 -0.076311 0 0 0 0 0 0 0 0 0 0 0.012653 -0.0033993 -0.075178 -0.0028865 -0.011712 4.3774e-05 0 0
0 0 0.044808 0 0 0 0 0 0 0 0 0 0 -0.0074294 0.0019959 0.044143 0.0012819 0.0069665 -9.9254e-05 0 0
-0 -0 -0.28081 0 0 0 0 0 0 0 0 0 0 0.04656 -0.012509 -0.27664 -0.014856 -0.041682 -0.00061559 0 0
0 0 0.027379 0 0 0 0 0 0 0 0 0 0 -0.0045396 0.0012196 0.026972 0.00081983 0.0042502 -5.4193e-05 0 0
-0 -0 -0.23955 0 0 0 0 0 0 0 0 0 0 0.039718 -0.01067 -0.23599 -0.011959 -0.035841 -0.0003921 0 0
-0 -0 -0.038487 0 0 0 0 0 0 0 0 0 0 0.0063814 -0.0017144 -0.037916 -0.0013457 -0.0059342 4.1829e-05 0 0
-0 -0 -0.046863 0 0 0 0 0 0 0 0 0 0 0.0077701 -0.0020875 -0.046167 -0.0016683 -0.0072185 4.5607e-05 0 0
-0 -0 -0.18017 0 0 0 0 0 0 0 0 0 0 0.029873 -0.0080255 -0.17749 -0.0082109 -0.027238 -0.00015037 0 0
-0 -0 -0.11049 0 0 0 0 0 0 0 0 0 0 0.018319 -0.0049215 -0.10885 -0.0044629 -0.01688 1.2143e-05 0 0
-0 -0 -0.12288 0 0 0 0 0 0 0 0 0 0 0.020375 -0.0054737 -0.12106 -0.0050775 -0.018742 -7.1594e-06 0 0
0 0 0.30758 0 0 0 0 0 0 0 0 0 0 -0.050998 0.013701 0.30301 0.0025376 0.048343 -0.0017587 0 0
-0 -0 -0.072641 0 0 0 0 0 0 0 0 0 0 0.012044 -0.0032358 -0.071562 -0.0027276 -0.011154 4.5287e-05 0 0
0 0 0.052771 0 0 0 0 0 0 0 0 0 0 -0.0087498 0.0023507 0.051988 0.0014774 0.0082101 -0.00012257 0 0
0 0 0.2036 0 0 0 0 0 0 0 0 0 0 -0.033759 0.0090694 0.20058 0.0033258 0.031952 -0.000885 0 0
0 0 0.13209 0 0 0 0 0 0 0 0 0 0 -0.021902 0.005884 0.13013 0.0028902 0.020665 -0.00044794 0 0
0 0 0.015416 0 0 0 0 0 0 0 0 0 0 -0.0025561 0.0006867 0.015187 0.00047573 0.0023904 -2.8018e-05 0 0
0 0 0.18891 0 0 0 0 0 0 0 0 0 0 -0.031322 0.0084148 0.1861 0.0033013 0.029631 -0.00078416 0 0
0 0 0.065679 0 0 0 0 0 0 0 0 0 0 -0.01089 0.0029257 0.064704 0.0017736 0.010229 -0.00016401 0 0
0 0 0.30055 0 0 0 0 0 0 0 0 0 0 -0.049833 0.013388 0.29609 0.0026439 0.047238 -0.0016909 0 0
0 0 0.28914 0 0 0 0 0 0 0 0 0 0 -0.047941 0.01288 0.28485 0.0028001 0.045444 -0.0015835 0 0
0 0 0.033297 0 0 0 0 0 0 0 0 0 0 -0.0055208 0.0014832 0.032802 0.00098194 0.0051716 -6.8572e-05 0 0
-0 -0 -0.065251 0 0 0 0 0 0 0 0 0 0 0.010819 -0.0029065 -0.064282 -0.0024137 -0.010029 4.7223e-05 0 0
0 0 0.18593 0 0 0 0 0 0 0 0 0 0 -0.030829 0.0082822 0.18317 0.0032923 0.029161 -0.00076442 0 0
-0 -0 -0.16371 0 0 0 0 0 0 0 0 0 0 0.027143 -0.0072922 -0.16128 -0.0072615 -0.024815 -0.00010013 0 0
0 0 0.015067 0 0 0 0 0 0 0 0 0 0 -0.0024981 0.00067114 0.014843 0.00046535 0.0023362 -2.7311e-05 0 0
0 0 0.28048 0 0 0 0 0 0 0 0 0 0 -0.046505 0.012494 0.27631 0.0029052 0.044081 -0.0015042 0 0
0 0 0.097521 0 0 0 0 0 0 0 0 0 0 -0.01617 0.004344 0.096073 0.0023943 0.015224 -0.00028538 0 0
-0 -0 -0.046459 0 0 0 0 0 0 0 0 0 0 0.0077032 -0.0020695 -0.045769 -0.0016525 -0.0071567 4.5469e-05 0 0
-0 -0 -0.22079 0 0 0 0 0 0 0 0 0 0 0.036608 -0.0098349 -0.21751 -0.01072 -0.033147 -0.00030551 0 0
0 0 0.34332 0 0 0 0 0 0 0 0 0 0 -0.056924 0.015293 0.33822 0.0018788 0.053942 -0.0021228 0 0
0 0 0.074426 0 0 0 0 0 0 0 0 0 0 -0.01234 0.0033152 0.073321 0.0019597 0.011599 -0.00019463 0 0
-0 -0 -0.13037 0 0 0 0 0 0 0 0 0 0 0.021616 -0.0058071 -0.12843 -0.0054596 -0.019861 -2.0827e-05 0 0
-0 -0 -0.18568 0 0 0 0 0 0 0 0 0 0 0.030786 -0.0082709 -0.18292 -0.0085374 -0.028045 -0.00016881 0 0
-0 -0 -0.28418 0 0 0 0 0 0 0 0 0 0 0.047118 -0.012659 -0.27996 -0.015102 -0.042153 -0.00063583 0 0
0 0 0.29467 0 0 0 0 0 0 0 0 0 0 -0.048857 0.013126 0.29029 0.002727 0.046313 -0.0016351 0 0
0 0 0.12056 0 0 0 0 0 0 0 0 0 0 -0.019989 0.0053702 0.11877 0.0027453 0.018848 -0.00039015 0 0
0 0 0.29295 0 0 0 0 0 0 0 0 0 0 -0.048572 0.013049 0.2886 0.0027503 0.046043 -0.001619 0 0
-0 -0 -0.11807 0 0 0 0 0 0 0 0 0 0 0.019576 -0.0052593 -0.11631 -0.0048361 -0.01802 8.3212e-07 0 0
-0 -0 -0.23351 0 0 0 0 0 0 0 0 0 0 0.038717 -0.010402 -0.23004 -0.011555 -0.034976 -0.00036321 0 0
-0 -0 -0.050068 0 0 0 0 0 0 0 0 0 0 0.0083015 -0.0022302 -0.049324 -0.0017946 -0.0077093 4.655e-05 0 0
0 0 0.10537 0 0 0 0 0 0 0 0 0 0 -0.017471 0.0046937 0.10381 0.0025231 0.016458 -0.00031949 0 0
0 0 0.18483 0 0 0 0 0 0 0 0 0 0 -0.030647 0.0082333 0.18209 0.0032886 0.028987 -0.00075721 0 0
0 0 0.11031 0 0 0 0 0 0 0 0 0 0 -0.018289 0.0049135 0.10867 0.0025993 0.017234 -0.00034177 0 0
0 0 0.078896 0 0 0 0 0 0 0 0 0 0 -0.013081 0.0035144 0.077725 0.0020503 0.0123 -0.00021108 0 0
-0 -0 -0.021694 0 0 0 0 0 0 0 0 0 0 0.003597 -0.00096634 -0.021372 -0.00073085 -0.0033511 2.8518e-05 0 0
0 0 0.087919 0 0 0 0 0 0 0 0 0 0 -0.014577 0.0039163 0.086613 0.0022236 0.013715 -0.00024591 0 0
0 0 0.25746 0 0 0 0 0 0 0 0 0 0 -0.042688 0.011468 0.25364 0.0031277 0.040454 -0.0013028 0 0
-0 -0 -0.28585 0 0 0 0 0 0 0 0 0 0 0.047395 -0.012733 -0.2816 -0.015225 -0.042387 -0.00064597 0 0
-0 -0 -0.029938 0 0 0 0 0 0 0 0 0 0 0.0049639 -0.0013336 -0.029493 -0.0010273 -0.0046204 3.6009e-05 0 0
-0 -0 -0.34184 0 0 0 0 0 0 0 0 0 0 0.056679 -0.015227 -0.33677 -0.019569 -0.05009 -0.0010287 0 0
0 0 0.101 0 0 0 0 0 0 0 0 0 0 -0.016746 0.0044988 0.099496 0.0024525 0.01577 -0.00030027 0 0
0 0 0.3075 0 0 0 0 0 0 0 0 0 0 -0.050985 0.013697 0.30293 0.0025389 0.04833 -0.0017579 0 0
0 0 0.25513 0 0 0 0 0 0 0 0 0 0 -0.042302 0.011365 0.25134 0.0031456 0.040087 -0.0012831 0 0
0 0 0.1927 0 0 0 0 0 0 0 0 0 0 -0.031951 0.0085839 0.18984 0.0033109 0.030231 -0.00080966 0 0
-0 -0 -0.12219 0 0 0 0 0 0 0 0 0 0 0.020259 -0.0054427 -0.12037 -0.0050424 -0.018637 -5.9654e-06 0 0
-0 -0 -0.23938 0 0 0 0 0 0 0 0 0 0 0.03969 -0.010663 -0.23582 -0.011947 -0.035817 -0.00039129 0 0
-0 -0 -0.28502 0 0 0 0 0 0 0 0 0 0 0.047258 -0.012696 -0.28079 -0.015164 -0.042271 -0.00064093 0 0
-0 -0 -0.0096337 0 0 0 0 0 0 0 0 0 0 0.0015973 -0.00042913 -0.0094906 -0.00031571 -0.0014901 1.4239e-05 0 0
-0 -0 -0.056521 0 0 0 0 0 0 0 0 0 0 0.0093716 -0.0025177 -0.055682 -0.0020535 -0.0086963 4.7601e-05 0 0
0 0 0.24172 0 0 0 0 0 0 0 0 0 0 -0.040078 0.010767 0.23813 0.0032324 0.03797 -0.0011728 0 0
0 0 0.13825 0 0 0 0 0 0 0 0 0 0 -0.022922 0.0061582 0.13619 0.002959 0.021635 -0.00048023 0 0
-0 -0 -0.1567 0 0 0 0 0 0 0 0 0 0 0.025982 -0.0069801 -0.15437 -0.0068693 -0.023778 -8.097e-05 0 0
0 0 0.18099 0 0 0 0 0 0 0 0 0 0 -0.030009 0.008062 0.1783 0.0032742 0.02838 -0.00073217 0 0
-0 -0 -0.20729 0 0 0 0 0 0 0 0 0 0 0.03437 -0.0092336 -0.20421 -0.0098603 -0.031195 -0.00024904 0 0
0 0 0.33805 0 0 0 0 0 0 0 0 0 0 -0.056051 0.015058 0.33303 0.0019883 0.053119 -0.0020672 0 0
0 0 0.18776 0 0 0 0 0 0 0 0 0 0 -0.031132 0.0083636 0.18497 0.003298 0.02945 -0.00077652 0 0
0 0 0.32625 0 0 0 0 0 0 0 0 0 0 -0.054093 0.014532 0.3214 0.0022182 0.051271 -0.0019449 0 0
0 0 0.18254 0 0 0 0 0 0 0 0 0 0 -0.030267 0.0081313 0.17983 0.0032803 0.028626 -0.00074224 0 0
-0 -0 -0.065291 0 0 0 0 0 0 0 0 0 0 0.010826 -0.0029084 -0.064322 -0.0024154 -0.010035 4.7217e-05 0 0
-0 -0 -0.13502 0 0 0 0 0 0 0 0 0 0 0.022387 -0.0060145 -0.13302 -0.0057014 -0.020557 -3.0095e-05 0 0
-0 -0 -0.26492 0 0 0 0 0 0 0 0 0 0 0.043925 -0.011801 -0.26098 -0.013712 -0.039446 -0.00052414 0 0
0 0 0.1061 0 0 0 0 0 0 0 0 0 0 -0.017591 0.004726 0.10452 0.0025345 0.016572 -0.00032272 0 0
-0 -0 -0.13237 0 0 0 0 0 0 0 0 0 0 0.021948 -0.0058963 -0.1304 -0.0055633 -0.020161 -2.4743e-05 0 0
0 0 0.26182 0 0 0 0 0 0 0 0 0 0 -0.043411 0.011663 0.25793 0.0030919 0.041141 -0.0013399 0 0
-0 -0 -0.24885 0 0 0 0 0 0 0 0 0 0 0.041261 -0.011085 -0.24515 -0.012591 -0.037168 -0.00043852 0 0
0 0 0.27133 0 0 0 0 0 0 0 0 0 0 -0.044988 0.012086 0.2673 0.0030035 0.04264 -0.0014225 0 0
0 0 0.24318 0 0 0 0 0 0 0 0 0 0 -0.040321 0.010833 0.23957 0.0032242 0.038202 -0.0011847 0 0
-0 -0 -0.20526 0 0 0 0 0 0 0 0 0 0 0.034033 -0.0091431 -0.20221 -0.009733 -0.0309 -0.00024096 0 0
-0 -0 -0.25416 0 0 0 0 0 0 0 0 0 0 0.042141 -0.011321 -0.25039 -0.012957 -0.037923 -0.00046606 0 0
0 0 0.23943 0 0 0 0 0 0 0 0 0 0 -0.0397 0.010665 0.23588 0.0032443 0.03761 -0.0011545 0 0
0 0 0.15016 0 0 0 0 0 0 0 0 0 0 -0.024897 0.0066886 0.14793 0.0030754 0.023513 -0.00054555 0 0
-0 -0 -0.24351 0 0 0 0 0 0 0 0 0 0 0.040375 -0.010847 -0.23989 -0.012226 -0.036407 -0.00041159 0 0
0 0 0.15434 0 0 0 0 0 0 0 0 0 0 -0.025591 0.0068751 0.15205 0.003111 0.024173 -0.00056941 0 0
-0 -0 -0.18962 0 0 0 0 0 0 0 0 0 0 0.031441 -0.0084467 -0.18681 -0.0087739 -0.028622 -0.00018252 0 0
-0 -0 -0.10787 0 0 0 0 0 0 0 0 0 0 0.017886 -0.0048052 -0.10627 -0.0043363 -0.016488 1.5677e-05 0 0
-0 -0 -0.34618 0 0 0 0 0 0 0 0 0 0 0.057399 -0.01542 -0.34104 -0.019923 -0.050677 -0.0010618 0 0
0 0 0.11832 0 0 0 0 0 0 0 0 0 0 -0.019618 0.0052704 0.11656 0.0027148 0.018495 -0.00037934 0 0
0 0 0.28864 0 0 0 0 0 0 0 0 0 0 -0.047858 0.012857 0.28435 0.0028066 0.045365 -0.0015789 0 0
