-0 -0 -0.19103 0 0 0 0 0 0 0 0 0 0 0.031673 -0.0085092 -0.18819 0.017397 -0.024303 0.0040269 0 0
-0 -0 -0.034111 0 0 0 0 0 0 0 0 0 0 0.0056558 -0.0015195 -0.033605 0.0034397 -0.0040831 0.00076354 0 0
0 0 0.15145 0 0 0 0 0 0 0 0 0 0 -0.025111 0.0067462 0.1492 -0.016859 0.016589 -0.0035876 0 0
-0 -0 -0.025741 0 0 0 0 0 0 0 0 0 0 0.0042681 -0.0011466 -0.025359 0.0026086 -0.0030702 0.00057786 0 0
0 0 0.25621 0 0 0 0 0 0 0 0 0 0 -0.042482 0.011413 0.25241 -0.029892 0.026456 -0.0062271 0 0
-0 -0 -0.12804 0 0 0 0 0 0 0 0 0 0 0.021229 -0.0057033 -0.12614 0.012174 -0.015918 0.0027687 0 0
0 0 0.088402 0 0 0 0 0 0 0 0 0 0 -0.014658 0.0039378 0.087089 -0.0095385 0.010001 -0.0020576 0 0
-0 -0 -0.18195 0 0 0 0 0 0 0 0 0 0 0.030168 -0.0081048 -0.17925 0.016677 -0.023074 0.0038501 0 0
0 0 0.31126 0 0 0 0 0 0 0 0 0 0 -0.051609 0.013865 0.30664 -0.037132 0.031068 -0.0076542 0 0
0 0 0.21049 0 0 0 0 0 0 0 0 0 0 -0.0349 0.0093761 0.20736 -0.024077 0.022321 -0.0050616 0 0
-0 -0 -0.253 0 0 0 0 0 0 0 0 0 0 0.041948 -0.01127 -0.24924 0.022015 -0.032864 0.0051912 0 0
0 0 0.064378 0 0 0 0 0 0 0 0 0 0 -0.010674 0.0028677 0.063422 -0.0068599 0.0073693 -0.0014878 0 0
-0 -0 -0.28011 0 0 0 0 0 0 0 0 0 0 0.046444 -0.012477 -0.27595 0.023869 -0.0367 0.0056766 0 0
0 0 0.24027 0 0 0 0 0 0 0 0 0 0 -0.039839 0.010703 0.23671 -0.027843 0.025045 -0.0058186 0 0
-0 -0 -0.2638 0 0 0 0 0 0 0 0 0 0 0.04374 -0.011751 -0.25989 0.022766 -0.034387 0.0053865 0 0
0 0 0.11382 0 0 0 0 0 0 0 0 0 0 -0.018872 0.0050701 0.11213 -0.01244 0.012714 -0.0026686 0 0
0 0 0.17629 0 0 0 0 0 0 0 0 0 0 -0.02923 0.0078527 0.17367 -0.019855 0.019054 -0.0042032 0 0
-0 -0 -0.2891 0 0 0 0 0 0 0 0 0 0 0.047935 -0.012878 -0.28481 0.024461 -0.037982 0.0058342 0 0
0 0 0.1835 0 0 0 0 0 0 0 0 0 0 -0.030425 0.0081738 0.18077 -0.020736 0.019755 -0.0043831 0 0
-0 -0 -0.25947 0 0 0 0 0 0 0 0 0 0 0.043021 -0.011558 -0.25562 0.022467 -0.033775 0.0053084 0 0
0 0 0.29738 0 0 0 0 0 0 0 0 0 0 -0.049308 0.013247 0.29297 -0.035283 0.029943 -0.0072921 0 0
-0 -0 -0.27047 0 0 0 0 0 0 0 0 0 0 0.044845 -0.012048 -0.26645 0.023221 -0.035329 0.0055057 0 0
0 0 0.28239 0 0 0 0 0 0 0 0 0 0 -0.046822 0.012579 0.2782 -0.033303 0.0287 -0.0069028 0 0
-0 -0 -0.065585 0 0 0 0 0 0 0 0 0 0 0.010874 -0.0029214 -0.064611 0.0064891 -0.0079549 0.0014518 0 0
-0 -0 -0.23647 0 0 0 0 0 0 0 0 0 0 0.039208 -0.010533 -0.23296 0.020835 -0.030552 0.0048881 0 0
0 0 0.18323 0 0 0 0 0 0 0 0 0 0 -0.030381 0.008162 0.18051 -0.020703 0.019729 -0.0043765 0 0
-0 -0 -0.13444 0 0 0 0 0 0 0 0 0 0 0.02229 -0.0059883 -0.13244 0.012729 -0.016755 0.0028999 0 0
-0 -0 -0.27173 0 0 0 0 0 0 0 0 0 0 0.045054 -0.012104 -0.26769 0.023307 -0.035508 0.0055282 0 0
0 0 0.15705 0 0 0 0 0 0 0 0 0 0 -0.026041 0.0069959 0.15472 -0.01753 0.017152 -0.0037259 0 0
0 0 0.054997 0 0 0 0 0 0 0 0 0 0 -0.0091188 0.0024498 0.05418 -0.0058311 0.0063237 -0.0012673 0 0
0 0 0.19052 0 0 0 0 0 0 0 0 0 0 -0.031589 0.0084866 0.18769 -0.021598 0.020431 -0.0045589 0 0
-0 -0 -0.30268 0 0 0 0 0 0 0 0 0 0 0.050187 -0.013483 -0.29819 0.025332 -0.03993 0.0060691 0 0
0 0 0.28063 0 0 0 0 0 0 0 0 0 0 -0.046529 0.0125 0.27646 -0.033071 0.028551 -0.006857 0 0
0 0 0.096836 0 0 0 0 0 0 0 0 0 0 -0.016056 0.0043135 0.095398 -0.010494 0.01091 -0.0022594 0 0
0 0 0.14933 0 0 0 0 0 0 0 0 0 0 -0.02476 0.0066518 0.14711 -0.016607 0.016376 -0.0035354 0 0
0 0 0.10472 0 0 0 0 0 0 0 0 0 0 -0.017363 0.0046646 0.10316 -0.011393 0.011751 -0.0024489 0 0
0 0 0.12994 0 0 0 0 0 0 0 0 0 0 -0.021545 0.0057882 0.12801 -0.014316 0.014395 -0.0030603 0 0
-0 -0 -0.0036797 0 0 0 0 0 0 0 0 0 0 0.00061012 -0.00016391 -0.0036251 0.00037769 -0.00043466 8.3221e-05 0 0
0 0 0.23966 0 0 0 0 0 0 0 0 0 0 -0.039737 0.010676 0.2361 -0.027765 0.02499 -0.0058029 0 0
0 0 0.017875 0 0 0 0 0 0 0 0 0 0 -0.0029638 0.00079622 0.017609 -0.0018572 0.0020911 -0.00040712 0 0
-0 -0 -0.30486 0 0 0 0 0 0 0 0 0 0 0.050547 -0.01358 -0.30033 0.02547 -0.040243 0.0061063 0 0
-0 -0 -0.20858 0 0 0 0 0 0 0 0 0 0 0.034584 -0.0092911 -0.20548 0.018759 -0.026698 0.0043644 0 0
-0 -0 -0.3227 0 0 0 0 0 0 0 0 0 0 0.053506 -0.014374 -0.31791 0.02657 -0.042823 0.0064081 0 0
-0 -0 -0.16912 0 0 0 0 0 0 0 0 0 0 0.028041 -0.0075335 -0.16661 0.015641 -0.021349 0.0035977 0 0
0 0 0.23591 0 0 0 0 0 0 0 0 0 0 -0.039115 0.010508 0.23241 -0.027286 0.024653 -0.0057071 0 0
-0 -0 -0.30162 0 0 0 0 0 0 0 0 0 0 0.05001 -0.013435 -0.29714 0.025265 -0.039777 0.0060508 0 0
0 0 0.098105 0 0 0 0 0 0 0 0 0 0 -0.016266 0.00437 0.096648 -0.010638 0.011046 -0.0022899 0 0
-0 -0 -0.21452 0 0 0 0 0 0 0 0 0 0 0.035569 -0.0095556 -0.21133 0.01921 -0.027514 0.0044772 0 0
0 0 0.00043551 0 0 0 0 0 0 0 0 0 0 -7.2209e-05 1.9399e-05 0.00042904 -4.4806e-05 5.135e-05 -9.8629e-06 0 0
0 0 0.0073034 0 0 0 0 0 0 0 0 0 0 -0.0012109 0.00032532 0.0071949 -0.00075432 0.00085848 -0.00016577 0 0
0 0 0.13292 0 0 0 0 0 0 0 0 0 0 -0.022038 0.0059206 0.13094 -0.014665 0.014702 -0.0031329 0 0
0 0 0.20568 0 0 0 0 0 0 0 0 0 0 -0.034102 0.0091617 0.20262 -0.023476 0.02187 -0.00494 0 0
-0 -0 -0.044174 0 0 0 0 0 0 0 0 0 0 0.0073243 -0.0019677 -0.043518 0.0044278 -0.0053103 0.00098534 0 0
-0 -0 -0.15847 0 0 0 0 0 0 0 0 0 0 0.026275 -0.0070588 -0.15611 0.014763 -0.019927 0.0033857 0 0
0 0 0.27158 0 0 0 0 0 0 0 0 0 0 -0.045029 0.012097 0.26754 -0.031886 0.027784 -0.0066229 0 0
0 0 0.27545 0 0 0 0 0 0 0 0 0 0 -0.045671 0.01227 0.27136 -0.032392 0.028113 -0.006723 0 0
0 0 0.10942 0 0 0 0 0 0 0 0 0 0 -0.018143 0.0048742 0.1078 -0.011933 0.01225 -0.0025624 0 0
-0 -0 -0.028661 0 0 0 0 0 0 0 0 0 0 0.0047522 -0.0012767 -0.028236 0.0028995 -0.0034227 0.00064276 0 0
0 0 0.079434 0 0 0 0 0 0 0 0 0 0 -0.013171 0.0035383 0.078254 -0.0085312 0.0090265 -0.001844 0 0
-0 -0 -0.13048 0 0 0 0 0 0 0 0 0 0 0.021635 -0.0058123 -0.12854 0.012387 -0.016238 0.0028189 0 0
-0 -0 -0.051881 0 0 0 0 0 0 0 0 0 0 0.0086022 -0.002311 -0.051111 0.0051763 -0.0062571 0.0011541 0 0
-0 -0 -0.34478 0 0 0 0 0 0 0 0 0 0 0.057167 -0.015358 -0.33966 0.027868 -0.046044 0.0067723 0 0
-0 -0 -0.17289 0 0 0 0 0 0 0 0 0 0 0.028666 -0.0077013 -0.17032 0.015947 -0.021854 0.0036722 0 0
-0 -0 -0.26759 0 0 0 0 0 0 0 0 0 0 0.044367 -0.011919 -0.26361 0.023025 -0.034921 0.0054543 0 0
-0 -0 -0.23239 0 0 0 0 0 0 0 0 0 0 0.038532 -0.010352 -0.22894 0.020538 -0.029985 0.0048125 0 0
-0 -0 -0.019904 0 0 0 0 0 0 0 0 0 0 0.0033003 -0.00088663 -0.019609 0.002024 -0.002368 0.00044771 0 0
0 0 0.32211 0 0 0 0 0 0 0 0 0 0 -0.053408 0.014348 0.31733 -0.038589 0.031929 -0.0079384 0 0
-0 -0 -0.088122 0 0 0 0 0 0 0 0 0 0 0.014611 -0.0039254 -0.086814 0.0085975 -0.010787 0.0019347 0 0
0 0 0.10175 0 0 0 0 0 0 0 0 0 0 -0.016871 0.0045324 0.10024 -0.011054 0.011435 -0.0023774 0 0
-0 -0 -0.31362 0 0 0 0 0 0 0 0 0 0 0.052 -0.01397 -0.30897 0.026016 -0.041508 0.0062554 0 0
-0 -0 -0.29646 0 0 0 0 0 0 0 0 0 0 0.049154 -0.013205 -0.29205 0.024936 -0.039035 0.0059618 0 0
0 0 0.10046 0 0 0 0 0 0 0 0 0 0 -0.016656 0.0044748 0.098966 -0.010906 0.011297 -0.0023464 0 0
-0 -0 -0.32257 0 0 0 0 0 0 0 0 0 0 0.053484 -0.014369 -0.31778 0.026562 -0.042804 0.0064059 0 0
0 0 0.0054727 0 0 0 0 0 0 0 0 0 0 -0.00090741 0.00024378 0.0053915 -0.00056466 0.00064383 -0.00012415 0 0
0 0 0.10043 0 0 0 0 0 0 0 0 0 0 -0.016653 0.0044738 0.098944 -0.010904 0.011295 -0.0023458 0 0
-0 -0 -0.16828 0 0 0 0 0 0 0 0 0 0 0.027901 -0.0074958 -0.16578 0.015571 -0.021236 0.0035809 0 0
0 0 0.14234 0 0 0 0 0 0 0 0 0 0 -0.0236 0.0063403 0.14022 -0.015776 0.015667 -0.0033636 0 0
-0 -0 -0.28277 0 0 0 0 0 0 0 0 0 0 0.046885 -0.012596 -0.27857 0.024045 -0.037078 0.0057234 0 0
-0 -0 -0.20802 0 0 0 0 0 0 0 0 0 0 0.03449 -0.0092659 -0.20493 0.018716 -0.02662 0.0043536 0 0
0 0 0.34886 0 0 0 0 0 0 0 0 0 0 -0.057842 0.01554 0.34368 -0.042218 0.033982 -0.008642 0 0
-0 -0 -0.071583 0 0 0 0 0 0 0 0 0 0 0.011869 -0.0031886 -0.07052 0.0070564 -0.0087038 0.0015812 0 0
0 0 0.21434 0 0 0 0 0 0 0 0 0 0 -0.035539 0.0095477 0.21116 -0.02456 0.02268 -0.005159 0 0
0 0 0.045007 0 0 0 0 0 0 0 0 0 0 -0.0074625 0.0020048 0.044339 -0.0047464 0.0051996 -0.001034 0 0
0 0 0.051453 0 0 0 0 0 0 0 0 0 0 -0.0085312 0.002292 0.050689 -0.0054451 0.0059262 -0.0011844 0 0
0 0 0.086378 0 0 0 0 0 0 0 0 0 0 -0.014322 0.0038477 0.085095 -0.0093104 0.0097822 -0.0020093 0 0
-0 -0 -0.2689 0 0 0 0 0 0 0 0 0 0 0.044585 -0.011978 -0.26491 0.023115 -0.035107 0.0054777 0 0
0 0 0.052156 0 0 0 0 0 0 0 0 0 0 -0.0086477 0.0023232 0.051381 -0.0055215 0.0060051 -0.0012008 0 0
0 0 0.11028 0 0 0 0 0 0 0 0 0 0 -0.018286 0.0049125 0.10865 -0.012032 0.012341 -0.0025831 0 0
-0 -0 -0.027692 0 0 0 0 0 0 0 0 0 0 0.0045916 -0.0012335 -0.027281 0.0028031 -0.0033057 0.00062124 0 0
0 0 0.17247 0 0 0 0 0 0 0 0 0 0 -0.028596 0.0076825 0.16991 -0.01939 0.01868 -0.0041081 0 0
-0 -0 -0.21755 0 0 0 0 0 0 0 0 0 0 0.036071 -0.0096905 -0.21432 0.019438 -0.027931 0.0045344 0 0
0 0 0.0097746 0 0 0 0 0 0 0 0 0 0 -0.0016207 0.0004354 0.0096295 -0.001011 0.0011477 -0.00022204 0 0
0 0 0.13828 0 0 0 0 0 0 0 0 0 0 -0.022928 0.0061596 0.13623 -0.015296 0.015253 -0.0032641 0 0
-0 -0 -0.26834 0 0 0 0 0 0 0 0 0 0 0.044492 -0.011953 -0.26436 0.023077 -0.035028 0.0054677 0 0
-0 -0 -0.15529 0 0 0 0 0 0 0 0 0 0 0.025749 -0.0069175 -0.15299 0.014499 -0.019505 0.0033221 0 0
-0 -0 -0.12242 0 0 0 0 0 0 0 0 0 0 0.020298 -0.0054533 -0.12061 0.011684 -0.015188 0.0026531 0 0
-0 -0 -0.2507 0 0 0 0 0 0 0 0 0 0 0.041568 -0.011167 -0.24698 0.021854 -0.032542 0.0051495 0 0
0 0 0.328 0 0 0 0 0 0 0 0 0 0 -0.054384 0.014611 0.32313 -0.039383 0.032389 -0.0080928 0 0
0 0 0.12173 0 0 0 0 0 0 0 0 0 0 -0.020184 0.0054226 0.11993 -0.013357 0.013543 -0.0028605 0 0
-0 -0 -0.21224 0 0 0 0 0 0 0 0 0 0 0.03519 -0.0094541 -0.20909 0.019037 -0.0272 0.0044339 0 0
