0 0 0 0.13947 0 0 0 0 0 0 0 0.13736 0 0.02422 0 0
0 0 0 0.014308 0 0 0 0 0 0 0 0.014091 0 0.0024846 0 0
-0 -0 -0 0.11777 0 0 0 0 0 0 0 0.11598 0 0.020451 0 0
0 0 0 0.066573 0 0 0 0 0 0 0 0.065562 0 0.01156 0 0
-0 -0 -0 0.086466 0 0 0 0 0 0 0 0.085153 0 0.015015 0 0
0 0 0 0.080258 0 0 0 0 0 0 0 0.079038 0 0.013937 0 0
0 0 0 0.045489 0 0 0 0 0 0 0 0.044798 0 0.0078991 0 0
-0 -0 -0 0.10898 0 0 0 0 0 0 0 0.10733 0 0.018924 0 0
-0 -0 -0 0.14498 0 0 0 0 0 0 0 0.14278 0 0.025176 0 0
0 0 0 0.070727 0 0 0 0 0 0 0 0.069653 0 0.012282 0 0
-0 -0 -0 0.064794 0 0 0 0 0 0 0 0.06381 0 0.011251 0 0
-0 -0 -0 0.12786 0 0 0 0 0 0 0 0.12591 0 0.022202 0 0
-0 -0 -0 0.00058795 0 0 0 0 0 0 0 0.00057902 0 0.0001021 0 0
-0 -0 -0 0.16214 0 0 0 0 0 0 0 0.15968 0 0.028155 0 0
0 0 0 0.055167 0 0 0 0 0 0 0 0.054329 0 0.0095797 0 0
0 0 0 0.05459 0 0 0 0 0 0 0 0.05376 0 0.0094794 0 0
-0 -0 -0 0.13355 0 0 0 0 0 0 0 0.13152 0 0.023191 0 0
-0 -0 -0 0.16152 0 0 0 0 0 0 0 0.15906 0 0.028047 0 0
0 0 0 0.15235 0 0 0 0 0 0 0 0.15004 0 0.026456 0 0
-0 -0 -0 0.1692 0 0 0 0 0 0 0 0.16663 0 0.029381 0 0
-0 -0 -0 0.066253 0 0 0 0 0 0 0 0.065246 0 0.011505 0 0
-0 -0 -0 0.096296 0 0 0 0 0 0 0 0.094833 0 0.016722 0 0
0 0 0 0.16597 0 0 0 0 0 0 0 0.16345 0 0.028821 0 0
0 0 0 0.0018596 0 0 0 0 0 0 0 0.0018313 0 0.00032291 0 0
-0 -0 -0 0.0565 0 0 0 0 0 0 0 0.055641 0 0.0098111 0 0
-0 -0 -0 0.18183 0 0 0 0 0 0 0 0.17907 0 0.031574 0 0
-0 -0 -0 0.13093 0 0 0 0 0 0 0 0.12894 0 0.022736 0 0
0 0 0 0.019593 0 0 0 0 0 0 0 0.019296 0 0.0034023 0 0
0 0 0 0.11895 0 0 0 0 0 0 0 0.11714 0 0.020655 0 0
0 0 0 0.015927 0 0 0 0 0 0 0 0.015685 0 0.0027657 0 0
-0 -0 -0 0.063972 0 0 0 0 0 0 0 0.063 0 0.011109 0 0
0 0 0 0.047533 0 0 0 0 0 0 0 0.046811 0 0.008254 0 0
-0 -0 -0 0.11565 0 0 0 0 0 0 0 0.11389 0 0.020082 0 0
-0 -0 -0 0.10358 0 0 0 0 0 0 0 0.10201 0 0.017987 0 0
0 0 0 0.16187 0 0 0 0 0 0 0 0.15941 0 0.028108 0 0
-0 -0 -0 0.030105 0 0 0 0 0 0 0 0.029648 0 0.0052278 0 0
0 0 0 0.1249 0 0 0 0 0 0 0 0.12301 0 0.021689 0 0
0 0 0 0.051584 0 0 0 0 0 0 0 0.0508 0 0.0089574 0 0
-0 -0 -0 0.022771 0 0 0 0 0 0 0 0.022425 0 0.0039541 0 0
-0 -0 -0 0.068736 0 0 0 0 0 0 0 0.067692 0 0.011936 0 0
-0 -0 -0 0.15317 0 0 0 0 0 0 0 0.15084 0 0.026597 0 0
-0 -0 -0 0.079428 0 0 0 0 0 0 0 0.078222 0 0.013793 0 0
-0 -0 -0 0.088311 0 0 0 0 0 0 0 0.086969 0 0.015335 0 0
-0 -0 -0 0.0874 0 0 0 0 0 0 0 0.086073 0 0.015177 0 0
0 0 0 0.033023 0 0 0 0 0 0 0 0.032521 0 0.0057344 0 0
-0 -0 -0 0.11111 0 0 0 0 0 0 0 0.10942 0 0.019294 0 0
-0 -0 -0 0.046185 0 0 0 0 0 0 0 0.045483 0 0.0080199 0 0
0 0 0 0.15425 0 0 0 0 0 0 0 0.15191 0 0.026786 0 0
0 0 0 0.19058 0 0 0 0 0 0 0 0.18768 0 0.033094 0 0
0 0 0 0.14873 0 0 0 0 0 0 0 0.14647 0 0.025827 0 0
0 0 0 0.015313 0 0 0 0 0 0 0 0.01508 0 0.0026591 0 0
0 0 0 0.057731 0 0 0 0 0 0 0 0.056854 0 0.010025 0 0
-0 -0 -0 0.0963 0 0 0 0 0 0 0 0.094837 0 0.016722 0 0
0 0 0 0.086923 0 0 0 0 0 0 0 0.085602 0 0.015094 0 0
0 0 0 0.16699 0 0 0 0 0 0 0 0.16445 0 0.028997 0 0
0 0 0 0.19867 0 0 0 0 0 0 0 0.19565 0 0.034498 0 0
0 0 0 0.051293 0 0 0 0 0 0 0 0.050513 0 0.0089069 0 0
-0 -0 -0 0.12663 0 0 0 0 0 0 0 0.12471 0 0.021989 0 0
-0 -0 -0 0.14 0 0 0 0 0 0 0 0.13787 0 0.024311 0 0
-0 -0 -0 0.137 0 0 0 0 0 0 0 0.13491 0 0.023789 0 0
-0 -0 -0 0.021163 0 0 0 0 0 0 0 0.020841 0 0.0036749 0 0
0 0 0 0.17258 0 0 0 0 0 0 0 0.16996 0 0.029968 0 0
0 0 0 0.15895 0 0 0 0 0 0 0 0.15654 0 0.027602 0 0
-0 -0 -0 0.024026 0 0 0 0 0 0 0 0.023661 0 0.0041721 0 0
-0 -0 -0 0.00088457 0 0 0 0 0 0 0 0.00087113 0 0.0001536 0 0
0 0 0 0.089733 0 0 0 0 0 0 0 0.08837 0 0.015582 0 0
0 0 0 0.18809 0 0 0 0 0 0 0 0.18524 0 0.032662 0 0
0 0 0 0.066736 0 0 0 0 0 0 0 0.065722 0 0.011589 0 0
0 0 0 0.092881 0 0 0 0 0 0 0 0.09147 0 0.016129 0 0
-0 -0 -0 0.15631 0 0 0 0 0 0 0 0.15393 0 0.027142 0 0
-0 -0 -0 0.066727 0 0 0 0 0 0 0 0.065713 0 0.011587 0 0
-0 -0 -0 0.066739 0 0 0 0 0 0 0 0.065725 0 0.011589 0 0
-0 -0 -0 0.041256 0 0 0 0 0 0 0 0.040629 0 0.0071641 0 0
0 0 0 0.096903 0 0 0 0 0 0 0 0.095431 0 0.016827 0 0
0 0 0 0.12808 0 0 0 0 0 0 0 0.12613 0 0.022241 0 0
-0 -0 -0 0.16415 0 0 0 0 0 0 0 0.16165 0 0.028504 0 0
-0 -0 -0 0.0022576 0 0 0 0 0 0 0 0.0022233 0 0.00039202 0 0
0 0 0 0.1326 0 0 0 0 0 0 0 0.13058 0 0.023025 0 0
-0 -0 -0 0.08463 0 0 0 0 0 0 0 0.083344 0 0.014696 0 0
-0 -0 -0 0.099956 0 0 0 0 0 0 0 0.098437 0 0.017357 0 0
-0 -0 -0 0.10012 0 0 0 0 0 0 0 0.098604 0 0.017386 0 0
0 0 0 0.084279 0 0 0 0 0 0 0 0.082999 0 0.014635 0 0
-0 -0 -0 0.089248 0 0 0 0 0 0 0 0.087892 0 0.015498 0 0
0 0 0 0.040102 0 0 0 0 0 0 0 0.039493 0 0.0069636 0 0
0 0 0 0.16186 0 0 0 0 0 0 0 0.1594 0 0.028107 0 0
0 0 0 0.093585 0 0 0 0 0 0 0 0.092163 0 0.016251 0 0
0 0 0 0.18573 0 0 0 0 0 0 0 0.18291 0 0.032251 0 0
-0 -0 -0 0.15636 0 0 0 0 0 0 0 0.15398 0 0.027151 0 0
-0 -0 -0 0.034739 0 0 0 0 0 0 0 0.034212 0 0.0060324 0 0
-0 -0 -0 0.074592 0 0 0 0 0 0 0 0.073458 0 0.012953 0 0
0 0 0 0.12824 0 0 0 0 0 0 0 0.1263 0 0.022269 0 0
-0 -0 -0 0.17829 0 0 0 0 0 0 0 0.17558 0 0.03096 0 0
-0 -0 -0 0.037335 0 0 0 0 0 0 0 0.036768 0 0.0064832 0 0
-0 -0 -0 0.1448 0 0 0 0 0 0 0 0.1426 0 0.025144 0 0
0 0 0 0.071422 0 0 0 0 0 0 0 0.070337 0 0.012402 0 0
0 0 0 0.14102 0 0 0 0 0 0 0 0.13887 0 0.024487 0 0
0 0 0 0.17067 0 0 0 0 0 0 0 0.16808 0 0.029637 0 0
-0 -0 -0 0.11253 0 0 0 0 0 0 0 0.11082 0 0.019541 0 0
0 0 0 0.084052 0 0 0 0 0 0 0 0.082775 0 0.014596 0 0
-0 -0 -0 0.19119 0 0 0 0 0 0 0 0.18828 0 0.0332 0 0
