-0 -0 -0 0.16544 0 0 0 0 0 0 -0 0.16042 -0.028582 0.028582 0 0
-0 -0 -0 0.15686 0 0 0 0 0 0 -0 0.1521 -0.0271 0.0271 0 0
0 0 0 0.18222 0 0 0 0 0 0 -0 0.17669 -0.031481 0.031481 0 0
0 0 0 0.091785 0 0 0 0 0 0 -0 0.089003 -0.015857 0.015857 0 0
0 0 0 0.088372 0 0 0 0 0 0 -0 0.085693 -0.015268 0.015268 0 0
0 0 0 0.19382 0 0 0 0 0 0 -0 0.18795 -0.033486 0.033486 0 0
0 0 0 0.082596 0 0 0 0 0 0 -0 0.080092 -0.01427 0.01427 0 0
0 0 0 0.023305 0 0 0 0 0 0 -0 0.022599 -0.0040263 0.0040263 0 0
0 0 0 0.18044 0 0 0 0 0 0 -0 0.17497 -0.031174 0.031174 0 0
0 0 0 0.012011 0 0 0 0 0 0 -0 0.011647 -0.0020752 0.0020752 0 0
-0 -0 -0 0.12026 0 0 0 0 0 0 -0 0.11661 -0.020777 0.020777 0 0
-0 -0 -0 0.13482 0 0 0 0 0 0 -0 0.13073 -0.023292 0.023292 0 0
-0 -0 -0 0.17878 0 0 0 0 0 0 -0 0.17336 -0.030887 0.030887 0 0
0 0 0 0.16141 0 0 0 0 0 0 -0 0.15651 -0.027885 0.027885 0 0
-0 -0 -0 0.12355 0 0 0 0 0 0 -0 0.11981 -0.021346 0.021346 0 0
0 0 0 0.10332 0 0 0 0 0 0 -0 0.10019 -0.01785 0.01785 0 0
-0 -0 -0 0.020042 0 0 0 0 0 0 -0 0.019434 -0.0034625 0.0034625 0 0
-0 -0 -0 0.1413 0 0 0 0 0 0 -0 0.13702 -0.024411 0.024411 0 0
0 0 0 0.17801 0 0 0 0 0 0 -0 0.17262 -0.030755 0.030755 0 0
-0 -0 -0 0.098769 0 0 0 0 0 0 -0 0.095776 -0.017064 0.017064 0 0
0 0 0 0.19586 0 0 0 0 0 0 -0 0.18993 -0.033839 0.033839 0 0
-0 -0 -0 0.073751 0 0 0 0 0 0 -0 0.071516 -0.012742 0.012742 0 0
-0 -0 -0 0.00060583 0 0 0 0 0 0 -0 0.00058746 -0.00010467 0.00010467 0 0
-0 -0 -0 0.16208 0 0 0 0 0 0 -0 0.15717 -0.028002 0.028002 0 0
0 0 0 0.069342 0 0 0 0 0 0 -0 0.067241 -0.01198 0.01198 0 0
-0 -0 -0 0.18843 0 0 0 0 0 0 -0 0.18272 -0.032555 0.032555 0 0
0 0 0 0.15204 0 0 0 0 0 0 -0 0.14743 -0.026267 0.026267 0 0
-0 -0 -0 0.13541 0 0 0 0 0 0 -0 0.13131 -0.023395 0.023395 0 0
0 0 0 0.18163 0 0 0 0 0 0 -0 0.17612 -0.031379 0.031379 0 0
-0 -0 -0 0.07017 0 0 0 0 0 0 -0 0.068043 -0.012123 0.012123 0 0
-0 -0 -0 0.019338 0 0 0 0 0 0 -0 0.018752 -0.003341 0.003341 0 0
0 0 0 0.028657 0 0 0 0 0 0 -0 0.027789 -0.004951 0.004951 0 0
-0 -0 -0 0.17081 0 0 0 0 0 0 -0 0.16563 -0.02951 0.02951 0 0
0 0 0 0.16292 0 0 0 0 0 0 -0 0.15798 -0.028147 0.028147 0 0
-0 -0 -0 0.039851 0 0 0 0 0 0 -0 0.038644 -0.006885 0.006885 0 0
-0 -0 -0 0.082607 0 0 0 0 0 0 -0 0.080103 -0.014272 0.014272 0 0
0 0 0 0.14687 0 0 0 0 0 0 -0 0.14242 -0.025374 0.025374 0 0
0 0 0 0.14529 0 0 0 0 0 0 -0 0.14089 -0.025101 0.025101 0 0
0 0 0 0.18517 0 0 0 0 0 0 -0 0.17955 -0.031991 0.031991 0 0
0 0 0 0.023487 0 0 0 0 0 0 -0 0.022776 -0.0040578 0.0040578 0 0
-0 -0 -0 0.19546 0 0 0 0 0 0 -0 0.18954 -0.033769 0.033769 0 0
0 0 0 0.015222 0 0 0 0 0 0 -0 0.01476 -0.0026298 0.0026298 0 0
0 0 0 0.018244 0 0 0 0 0 0 -0 0.017691 -0.003152 0.003152 0 0
0 0 0 0.077709 0 0 0 0 0 0 -0 0.075354 -0.013426 0.013426 0 0
-0 -0 -0 0.0033298 0 0 0 0 0 0 -0 0.0032289 -0.00057528 0.00057528 0 0
-0 -0 -0 0.1818 0 0 0 0 0 0 -0 0.17629 -0.031409 0.031409 0 0
-0 -0 -0 0.10409 0 0 0 0 0 0 -0 0.10093 -0.017983 0.017983 0 0
0 0 0 0.038399 0 0 0 0 0 0 -0 0.037236 -0.0066341 0.0066341 0 0
0 0 0 0.14551 0 0 0 0 0 0 -0 0.1411 -0.025138 0.025138 0 0
0 0 0 0.18559 0 0 0 0 0 0 -0 0.17997 -0.032064 0.032064 0 0
-0 -0 -0 0.12169 0 0 0 0 0 0 -0 0.118 -0.021024 0.021024 0 0
0 0 0 0.076946 0 0 0 0 0 0 -0 0.074614 -0.013294 0.013294 0 0
0 0 0 0.13115 0 0 0 0 0 0 -0 0.12718 -0.022658 0.022658 0 0
0 0 0 0.017432 0 0 0 0 0 0 -0 0.016903 -0.0030116 0.0030116 0 0
0 0 0 0.13798 0 0 0 0 0 0 -0 0.1338 -0.023839 0.023839 0 0
-0 -0 -0 0.048554 0 0 0 0 0 0 -0 0.047082 -0.0083885 0.0083885 0 0
-0 -0 -0 0.10087 0 0 0 0 0 0 -0 0.097816 -0.017428 0.017428 0 0
0 0 0 0.098493 0 0 0 0 0 0 -0 0.095508 -0.017016 0.017016 0 0
-0 -0 -0 0.053965 0 0 0 0 0 0 -0 0.052329 -0.0093233 0.0093233 0 0
0 0 0 0.089007 0 0 0 0 0 0 -0 0.086309 -0.015377 0.015377 0 0
-0 -0 -0 0.13211 0 0 0 0 0 0 -0 0.12811 -0.022824 0.022824 0 0
0 0 0 0.1585 0 0 0 0 0 0 -0 0.1537 -0.027383 0.027383 0 0
0 0 0 0.12905 0 0 0 0 0 0 -0 0.12513 -0.022295 0.022295 0 0
0 0 0 0.042602 0 0 0 0 0 0 -0 0.041311 -0.0073602 0.0073602 0 0
0 0 0 0.13105 0 0 0 0 0 0 -0 0.12707 -0.02264 0.02264 0 0
-0 -0 -0 0.16487 0 0 0 0 0 0 -0 0.15987 -0.028483 0.028483 0 0
-0 -0 -0 0.18042 0 0 0 0 0 0 -0 0.17495 -0.03117 0.03117 0 0
0 0 0 0.056143 0 0 0 0 0 0 -0 0.054442 -0.0096997 0.0096997 0 0
0 0 0 0.054624 0 0 0 0 0 0 -0 0.052968 -0.0094372 0.0094372 0 0
-0 -0 -0 0.13366 0 0 0 0 0 0 -0 0.12961 -0.023093 0.023093 0 0
-0 -0 -0 0.024241 0 0 0 0 0 0 -0 0.023506 -0.004188 0.004188 0 0
-0 -0 -0 0.12035 0 0 0 0 0 0 -0 0.11671 -0.020793 0.020793 0 0
-0 -0 -0 0.078127 0 0 0 0 0 0 -0 0.075759 -0.013498 0.013498 0 0
0 0 0 0.092943 0 0 0 0 0 0 -0 0.090126 -0.016057 0.016057 0 0
0 0 0 0.12618 0 0 0 0 0 0 -0 0.12236 -0.0218 0.0218 0 0
-0 -0 -0 0.065208 0 0 0 0 0 0 -0 0.063231 -0.011266 0.011266 0 0
-0 -0 -0 0.019765 0 0 0 0 0 0 -0 0.019166 -0.0034148 0.0034148 0 0
0 0 0 0.098424 0 0 0 0 0 0 -0 0.095441 -0.017004 0.017004 0 0
-0 -0 -0 0.12636 0 0 0 0 0 0 -0 0.12253 -0.021831 0.021831 0 0
0 0 0 0.13144 0 0 0 0 0 0 -0 0.12746 -0.022708 0.022708 0 0
0 0 0 0.16705 0 0 0 0 0 0 -0 0.16199 -0.02886 0.02886 0 0
0 0 0 0.07062 0 0 0 0 0 0 -0 0.06848 -0.012201 0.012201 0 0
-0 -0 -0 0.18145 0 0 0 0 0 0 -0 0.17595 -0.031348 0.031348 0 0
0 0 0 0.15201 0 0 0 0 0 0 -0 0.1474 -0.026262 0.026262 0 0
0 0 0 0.048852 0 0 0 0 0 0 -0 0.047371 -0.0084399 0.0084399 0 0
-0 -0 -0 0.023881 0 0 0 0 0 0 -0 0.023157 -0.0041257 0.0041257 0 0
0 0 0 0.15636 0 0 0 0 0 0 -0 0.15162 -0.027014 0.027014 0 0
0 0 0 0.068493 0 0 0 0 0 0 -0 0.066417 -0.011833 0.011833 0 0
0 0 0 0.18554 0 0 0 0 0 0 -0 0.17992 -0.032055 0.032055 0 0
-0 -0 -0 0.12943 0 0 0 0 0 0 -0 0.1255 -0.02236 0.02236 0 0
-0 -0 -0 0.035539 0 0 0 0 0 0 -0 0.034462 -0.00614 0.00614 0 0
0 0 0 0.090155 0 0 0 0 0 0 -0 0.087423 -0.015576 0.015576 0 0
0 0 0 0.17362 0 0 0 0 0 0 -0 0.16836 -0.029995 0.029995 0 0
-0 -0 -0 0.15168 0 0 0 0 0 0 -0 0.14709 -0.026206 0.026206 0 0
-0 -0 -0 0.046198 0 0 0 0 0 0 -0 0.044798 -0.0079814 0.0079814 0 0
0 0 0 0.12186 0 0 0 0 0 0 -0 0.11817 -0.021054 0.021054 0 0
0 0 0 0.13791 0 0 0 0 0 0 -0 0.13373 -0.023827 0.023827 0 0
-0 -0 -0 0.043093 0 0 0 0 0 0 -0 0.041787 -0.0074451 0.0074451 0 0
0 0 0 0.12754 0 0 0 0 0 0 -0 0.12367 -0.022034 0.022034 0 0
0 0 0 0.19368 0 0 0 0 0 0 -0 0.18781 -0.033461 0.033461 0 0
