-0 -0 -0 0.10421 0 0 0 0 -0 0 0 0.09637 -0.035458 0.017729 0 0
0 0 0 0.10251 0 0 0 0 -0 0 0 0.094804 -0.034882 0.017441 0 0
0 0 0 0.18377 0 0 0 0 -0 0 0 0.16995 -0.062531 0.031265 0 0
-0 -0 -0 0.034548 0 0 0 0 -0 0 0 0.03195 -0.011756 0.0058778 0 0
-0 -0 -0 0.039504 0 0 0 0 -0 0 0 0.036533 -0.013442 0.006721 0 0
-0 -0 -0 0.0070321 0 0 0 0 -0 0 0 0.0065033 -0.0023928 0.0011964 0 0
0 0 0 0.1727 0 0 0 0 -0 0 0 0.15972 -0.058766 0.029383 0 0
0 0 0 0.04494 0 0 0 0 -0 0 0 0.041561 -0.015292 0.0076459 0 0
-0 -0 -0 0.14097 0 0 0 0 -0 0 0 0.13037 -0.047968 0.023984 0 0
0 0 0 0.1371 0 0 0 0 -0 0 0 0.1268 -0.046653 0.023326 0 0
-0 -0 -0 0.097023 0 0 0 0 -0 0 0 0.089728 -0.033014 0.016507 0 0
-0 -0 -0 0.057743 0 0 0 0 -0 0 0 0.053401 -0.019648 0.0098241 0 0
-0 -0 -0 0.098911 0 0 0 0 -0 0 0 0.091473 -0.033657 0.016828 0 0
0 0 0 0.063038 0 0 0 0 -0 0 0 0.058298 -0.02145 0.010725 0 0
-0 -0 -0 0.013037 0 0 0 0 -0 0 0 0.012057 -0.0044362 0.0022181 0 0
-0 -0 -0 0.16195 0 0 0 0 -0 0 0 0.14977 -0.055106 0.027553 0 0
-0 -0 -0 0.10359 0 0 0 0 -0 0 0 0.095802 -0.035249 0.017625 0 0
0 0 0 0.017646 0 0 0 0 -0 0 0 0.01632 -0.0060046 0.0030023 0 0
0 0 0 0.14564 0 0 0 0 -0 0 0 0.13469 -0.049558 0.024779 0 0
-0 -0 -0 0.037605 0 0 0 0 -0 0 0 0.034777 -0.012796 0.006398 0 0
-0 -0 -0 0.086538 0 0 0 0 -0 0 0 0.080031 -0.029447 0.014723 0 0
0 0 0 0.13657 0 0 0 0 -0 0 0 0.1263 -0.046471 0.023236 0 0
-0 -0 -0 0.11115 0 0 0 0 -0 0 0 0.1028 -0.037823 0.018911 0 0
-0 -0 -0 0.043714 0 0 0 0 -0 0 0 0.040427 -0.014875 0.0074374 0 0
0 0 0 0.11392 0 0 0 0 -0 0 0 0.10535 -0.038762 0.019381 0 0
-0 -0 -0 0.0547 0 0 0 0 -0 0 0 0.050587 -0.018613 0.0093065 0 0
-0 -0 -0 0.11923 0 0 0 0 -0 0 0 0.11026 -0.04057 0.020285 0 0
0 0 0 0.13448 0 0 0 0 -0 0 0 0.12437 -0.045759 0.022879 0 0
-0 -0 -0 0.10628 0 0 0 0 -0 0 0 0.098289 -0.036164 0.018082 0 0
-0 -0 -0 0.18746 0 0 0 0 -0 0 0 0.17336 -0.063786 0.031893 0 0
0 0 0 0.080215 0 0 0 0 -0 0 0 0.074183 -0.027295 0.013647 0 0
0 0 0 0.13329 0 0 0 0 -0 0 0 0.12327 -0.045356 0.022678 0 0
-0 -0 -0 0.067333 0 0 0 0 -0 0 0 0.06227 -0.022912 0.011456 0 0
-0 -0 -0 0.007323 0 0 0 0 -0 0 0 0.0067724 -0.0024918 0.0012459 0 0
0 0 0 0.15434 0 0 0 0 -0 0 0 0.14273 -0.052516 0.026258 0 0
0 0 0 0.14694 0 0 0 0 -0 0 0 0.1359 -0.050001 0.025001 0 0
0 0 0 0.17196 0 0 0 0 -0 0 0 0.15903 -0.058513 0.029257 0 0
-0 -0 -0 0.13465 0 0 0 0 -0 0 0 0.12453 -0.045818 0.022909 0 0
0 0 0 0.046928 0 0 0 0 -0 0 0 0.043399 -0.015968 0.0079841 0 0
0 0 0 0.15416 0 0 0 0 -0 0 0 0.14257 -0.052457 0.026228 0 0
0 0 0 0.096301 0 0 0 0 -0 0 0 0.08906 -0.032769 0.016384 0 0
0 0 0 0.1003 0 0 0 0 -0 0 0 0.092758 -0.034129 0.017065 0 0
-0 -0 -0 0.1596 0 0 0 0 -0 0 0 0.1476 -0.054307 0.027154 0 0
-0 -0 -0 0.087725 0 0 0 0 -0 0 0 0.081128 -0.02985 0.014925 0 0
0 0 0 0.036357 0 0 0 0 -0 0 0 0.033623 -0.012371 0.0061856 0 0
0 0 0 0.087616 0 0 0 0 -0 0 0 0.081028 -0.029813 0.014907 0 0
0 0 0 0.17211 0 0 0 0 -0 0 0 0.15917 -0.058564 0.029282 0 0
0 0 0 0.10672 0 0 0 0 -0 0 0 0.098695 -0.036314 0.018157 0 0
0 0 0 0.09061 0 0 0 0 -0 0 0 0.083796 -0.030832 0.015416 0 0
-0 -0 -0 0.16275 0 0 0 0 -0 0 0 0.15052 -0.05538 0.02769 0 0
-0 -0 -0 0.19063 0 0 0 0 -0 0 0 0.1763 -0.064866 0.032433 0 0
-0 -0 -0 0.12234 0 0 0 0 -0 0 0 0.11314 -0.04163 0.020815 0 0
0 0 0 0.12564 0 0 0 0 -0 0 0 0.1162 -0.042753 0.021376 0 0
0 0 0 0.099524 0 0 0 0 -0 0 0 0.09204 -0.033865 0.016933 0 0
0 0 0 0.01978 0 0 0 0 -0 0 0 0.018293 -0.0067306 0.0033653 0 0
-0 -0 -0 0.14861 0 0 0 0 -0 0 0 0.13743 -0.050566 0.025283 0 0
0 0 0 0.16934 0 0 0 0 -0 0 0 0.15661 -0.057622 0.028811 0 0
0 0 0 0.053302 0 0 0 0 -0 0 0 0.049294 -0.018137 0.0090686 0 0
0 0 0 0.16887 0 0 0 0 -0 0 0 0.15617 -0.057462 0.028731 0 0
-0 -0 -0 0.08294 0 0 0 0 -0 0 0 0.076704 -0.028222 0.014111 0 0
-0 -0 -0 0.10026 0 0 0 0 -0 0 0 0.092721 -0.034116 0.017058 0 0
-0 -0 -0 0.1896 0 0 0 0 -0 0 0 0.17534 -0.064516 0.032258 0 0
-0 -0 -0 0.15863 0 0 0 0 -0 0 0 0.1467 -0.053978 0.026989 0 0
0 0 0 0.19532 0 0 0 0 -0 0 0 0.18063 -0.06646 0.03323 0 0
-0 -0 -0 0.1268 0 0 0 0 -0 0 0 0.11727 -0.043147 0.021573 0 0
-0 -0 -0 0.14862 0 0 0 0 -0 0 0 0.13745 -0.050572 0.025286 0 0
0 0 0 0.071806 0 0 0 0 -0 0 0 0.066407 -0.024434 0.012217 0 0
0 0 0 0.048476 0 0 0 0 -0 0 0 0.044831 -0.016495 0.0082476 0 0
-0 -0 -0 0.11388 0 0 0 0 -0 0 0 0.10532 -0.038751 0.019376 0 0
0 0 0 0.024109 0 0 0 0 -0 0 0 0.022296 -0.0082036 0.0041018 0 0
-0 -0 -0 0.15507 0 0 0 0 -0 0 0 0.14341 -0.052766 0.026383 0 0
0 0 0 0.077454 0 0 0 0 -0 0 0 0.07163 -0.026356 0.013178 0 0
0 0 0 0.10568 0 0 0 0 -0 0 0 0.097732 -0.035959 0.01798 0 0
-0 -0 -0 0.0053904 0 0 0 0 -0 0 0 0.0049851 -0.0018342 0.0009171 0 0
-0 -0 -0 0.15411 0 0 0 0 -0 0 0 0.14252 -0.052439 0.026219 0 0
-0 -0 -0 0.11768 0 0 0 0 -0 0 0 0.10883 -0.040044 0.020022 0 0
-0 -0 -0 0.06641 0 0 0 0 -0 0 0 0.061417 -0.022598 0.011299 0 0
-0 -0 -0 0.16125 0 0 0 0 -0 0 0 0.14913 -0.05487 0.027435 0 0
-0 -0 -0 0.012418 0 0 0 0 -0 0 0 0.011484 -0.0042255 0.0021128 0 0
0 0 0 0.062739 0 0 0 0 -0 0 0 0.058021 -0.021348 0.010674 0 0
0 0 0 0.14175 0 0 0 0 -0 0 0 0.13109 -0.048235 0.024117 0 0
0 0 0 0.084208 0 0 0 0 -0 0 0 0.077876 -0.028654 0.014327 0 0
-0 -0 -0 0.00079117 0 0 0 0 -0 0 0 0.00073168 -0.00026921 0.00013461 0 0
0 0 0 0.18147 0 0 0 0 -0 0 0 0.16783 -0.061751 0.030875 0 0
-0 -0 -0 0.11889 0 0 0 0 -0 0 0 0.10995 -0.040455 0.020227 0 0
0 0 0 0.17885 0 0 0 0 -0 0 0 0.1654 -0.060857 0.030429 0 0
-0 -0 -0 0.16392 0 0 0 0 -0 0 0 0.15159 -0.055777 0.027889 0 0
-0 -0 -0 0.097027 0 0 0 0 -0 0 0 0.089731 -0.033016 0.016508 0 0
0 0 0 0.013495 0 0 0 0 -0 0 0 0.01248 -0.0045918 0.0022959 0 0
-0 -0 -0 0.072669 0 0 0 0 -0 0 0 0.067205 -0.024727 0.012364 0 0
-0 -0 -0 0.041599 0 0 0 0 -0 0 0 0.038471 -0.014155 0.0070775 0 0
0 0 0 0.16172 0 0 0 0 -0 0 0 0.14956 -0.055028 0.027514 0 0
-0 -0 -0 0.17088 0 0 0 0 -0 0 0 0.15803 -0.058146 0.029073 0 0
0 0 0 0.010858 0 0 0 0 -0 0 0 0.010041 -0.0036946 0.0018473 0 0
0 0 0 0.045816 0 0 0 0 -0 0 0 0.042371 -0.01559 0.0077949 0 0
0 0 0 0.17416 0 0 0 0 -0 0 0 0.16106 -0.059262 0.029631 0 0
0 0 0 0.12135 0 0 0 0 -0 0 0 0.11222 -0.041292 0.020646 0 0
-0 -0 -0 0.1207 0 0 0 0 -0 0 0 0.11162 -0.041071 0.020535 0 0
0 0 0 0.027438 0 0 0 0 -0 0 0 0.025375 -0.0093364 0.0046682 0 0
-0 -0 -0 0.10252 0 0 0 0 -0 0 0 0.094814 -0.034886 0.017443 0 0
