0 0 0.34337 0 0 0 0 0 0 0 0 0 0 -0.056934 0.015295 0.33828 -0.009898 0.02188 -0.0026552 0 0
0 0 0.047587 0 0 0 0 0 0 0 0 0 0 -0.0078902 0.0021197 0.04688 -0.00091857 0.0032228 -0.00030032 0 0
0 0 0.28658 0 0 0 0 0 0 0 0 0 0 -0.047516 0.012765 0.28232 -0.0077554 0.018523 -0.0021428 0 0
-0 -0 -0.26848 0 0 0 0 0 0 0 0 0 0 0.044515 -0.011959 -0.26449 0.0022803 -0.018749 0.0012315 0 0
0 0 0.027264 0 0 0 0 0 0 0 0 0 0 -0.0045206 0.0012145 0.026859 -0.00050772 0.001852 -0.00016919 0 0
0 0 0.030255 0 0 0 0 0 0 0 0 0 0 -0.0050165 0.0013477 0.029806 -0.00056645 0.0020543 -0.00018822 0 0
-0 -0 -0.14153 0 0 0 0 0 0 0 0 0 0 0.023467 -0.0063044 -0.13943 0.0018231 -0.0098032 0.00075009 0 0
0 0 0.043058 0 0 0 0 0 0 0 0 0 0 -0.0071393 0.001918 0.042419 -0.00082462 0.0029181 -0.00027073 0 0
0 0 0.061652 0 0 0 0 0 0 0 0 0 0 -0.010222 0.0027463 0.060737 -0.001219 0.0041663 -0.00039355 0 0
-0 -0 -0.25804 0 0 0 0 0 0 0 0 0 0 0.042785 -0.011494 -0.25421 0.002285 -0.018012 0.001199 0 0
-0 -0 -0.10166 0 0 0 0 0 0 0 0 0 0 0.016856 -0.0045284 -0.10015 0.0014486 -0.0070155 0.00056101 0 0
-0 -0 -0.29811 0 0 0 0 0 0 0 0 0 0 0.049428 -0.013279 -0.29368 0.0022254 -0.020842 0.0013169 0 0
0 0 0.13615 0 0 0 0 0 0 0 0 0 0 -0.022575 0.0060648 0.13413 -0.0030273 0.0090847 -0.00092028 0 0
0 0 0.32591 0 0 0 0 0 0 0 0 0 0 -0.054038 0.014518 0.32107 -0.0092192 0.020861 -0.0024949 0 0
0 0 0.28121 0 0 0 0 0 0 0 0 0 0 -0.046626 0.012526 0.27703 -0.0075627 0.018199 -0.0020957 0 0
-0 -0 -0.20401 0 0 0 0 0 0 0 0 0 0 0.033827 -0.0090877 -0.20099 0.0021883 -0.014198 0.0010103 0 0
0 0 0.064859 0 0 0 0 0 0 0 0 0 0 -0.010754 0.0028891 0.063896 -0.0012893 0.0043808 -0.00041508 0 0
-0 -0 -0.30538 0 0 0 0 0 0 0 0 0 0 0.050634 -0.013603 -0.30085 0.0022025 -0.021355 0.0013363 0 0
-0 -0 -0.10337 0 0 0 0 0 0 0 0 0 0 0.017139 -0.0046045 -0.10183 0.0014669 -0.0071345 0.00056947 0 0
0 0 0.032584 0 0 0 0 0 0 0 0 0 0 -0.0054027 0.0014514 0.0321 -0.00061261 0.0022117 -0.00020311 0 0
0 0 0.11656 0 0 0 0 0 0 0 0 0 0 -0.019327 0.0051923 0.11483 -0.0025168 0.0078052 -0.00077651 0 0
-0 -0 -0.06433 0 0 0 0 0 0 0 0 0 0 0.010666 -0.0028656 -0.063375 0.00099867 -0.0044218 0.00036802 0 0
0 0 0.097824 0 0 0 0 0 0 0 0 0 0 -0.01622 0.0043575 0.096372 -0.0020517 0.0065717 -0.00064245 0 0
0 0 0.2425 0 0 0 0 0 0 0 0 0 0 -0.040207 0.010802 0.23889 -0.0062248 0.015834 -0.0017636 0 0
-0 -0 -0.31789 0 0 0 0 0 0 0 0 0 0 0.052708 -0.01416 -0.31317 0.0021547 -0.022238 0.0013681 0 0
-0 -0 -0.21142 0 0 0 0 0 0 0 0 0 0 0.035055 -0.0094175 -0.20828 0.0022136 -0.01472 0.0010381 0 0
0 0 0.32293 0 0 0 0 0 0 0 0 0 0 -0.053543 0.014385 0.31813 -0.0091049 0.020686 -0.0024677 0 0
-0 -0 -0.0060128 0 0 0 0 0 0 0 0 0 0 0.00099696 -0.00026784 -0.0059236 0.00010524 -0.00041034 3.6266e-05 0 0
0 0 0.12473 0 0 0 0 0 0 0 0 0 0 -0.020681 0.0055561 0.12288 -0.0027267 0.0083401 -0.00083601 0 0
-0 -0 -0.09397 0 0 0 0 0 0 0 0 0 0 0.015581 -0.0041858 -0.092575 0.0013637 -0.0064797 0.00052251 0 0
0 0 0.19769 0 0 0 0 0 0 0 0 0 0 -0.032778 0.008806 0.19475 -0.004791 0.013033 -0.0013957 0 0
-0 -0 -0.070002 0 0 0 0 0 0 0 0 0 0 0.011607 -0.0031182 -0.068963 0.0010732 -0.0048147 0.00039832 0 0
0 0 0.072402 0 0 0 0 0 0 0 0 0 0 -0.012005 0.0032251 0.071327 -0.0014575 0.0048844 -0.00046615 0 0
-0 -0 -0.32495 0 0 0 0 0 0 0 0 0 0 0.053879 -0.014475 -0.32013 0.0021228 -0.022736 0.0013853 0 0
-0 -0 -0.17902 0 0 0 0 0 0 0 0 0 0 0.029682 -0.0079742 -0.17636 0.0020747 -0.012437 0.00091153 0 0
-0 -0 -0.21771 0 0 0 0 0 0 0 0 0 0 0.036097 -0.0096976 -0.21447 0.0022321 -0.015164 0.0010613 0 0
0 0 0.2307 0 0 0 0 0 0 0 0 0 0 -0.038251 0.010276 0.22727 -0.0058353 0.015103 -0.001665 0 0
0 0 0.22454 0 0 0 0 0 0 0 0 0 0 -0.03723 0.010002 0.2212 -0.0056352 0.01472 -0.001614 0 0
0 0 0.079598 0 0 0 0 0 0 0 0 0 0 -0.013198 0.0035457 0.078417 -0.0016214 0.0053636 -0.0005154 0 0
0 0 0.20349 0 0 0 0 0 0 0 0 0 0 -0.033739 0.0090641 0.20046 -0.0049694 0.013399 -0.0014422 0 0
-0 -0 -0.26417 0 0 0 0 0 0 0 0 0 0 0.043801 -0.011767 -0.26025 0.0022832 -0.018445 0.0012183 0 0
0 0 0.10021 0 0 0 0 0 0 0 0 0 0 -0.016615 0.0044638 0.098722 -0.0021096 0.0067292 -0.00065933 0 0
0 0 0.17973 0 0 0 0 0 0 0 0 0 0 -0.0298 0.008006 0.17706 -0.0042515 0.011893 -0.0012533 0 0
0 0 0.25154 0 0 0 0 0 0 0 0 0 0 -0.041708 0.011205 0.24781 -0.0065294 0.016392 -0.0018401 0 0
-0 -0 -0.28666 0 0 0 0 0 0 0 0 0 0 0.04753 -0.012769 -0.28241 0.0022538 -0.020033 0.0012852 0 0
-0 -0 -0.17321 0 0 0 0 0 0 0 0 0 0 0.02872 -0.0077156 -0.17064 0.0020422 -0.012028 0.00088757 0 0
-0 -0 -0.23833 0 0 0 0 0 0 0 0 0 0 0.039516 -0.010616 -0.23479 0.0022733 -0.016619 0.0011341 0 0
-0 -0 -0.062146 0 0 0 0 0 0 0 0 0 0 0.010304 -0.0027683 -0.061223 0.00096939 -0.0042706 0.00035625 0 0
-0 -0 -0.15219 0 0 0 0 0 0 0 0 0 0 0.025234 -0.0067791 -0.14993 0.0019045 -0.010551 0.0007976 0 0
-0 -0 -0.16109 0 0 0 0 0 0 0 0 0 0 0.026709 -0.0071755 -0.15869 0.0019665 -0.011176 0.00083629 0 0
0 0 0.011243 0 0 0 0 0 0 0 0 0 0 -0.0018641 0.00050081 0.011076 -0.00020332 0.00076547 -6.883e-05 0 0
0 0 0.014887 0 0 0 0 0 0 0 0 0 0 -0.0024684 0.00066314 0.014666 -0.00027104 0.0010131 -9.1424e-05 0 0
-0 -0 -0.34205 0 0 0 0 0 0 0 0 0 0 0.056714 -0.015236 -0.33697 0.0020313 -0.023941 0.0014244 0 0
-0 -0 -0.31141 0 0 0 0 0 0 0 0 0 0 0.051634 -0.013872 -0.30679 0.0021808 -0.021781 0.0013519 0 0
0 0 0.13251 0 0 0 0 0 0 0 0 0 0 -0.02197 0.0059024 0.13054 -0.0029304 0.0088473 -0.00089324 0 0
0 0 0.16096 0 0 0 0 0 0 0 0 0 0 -0.026688 0.0071699 0.15857 -0.0037093 0.01069 -0.0011077 0 0
0 0 0.22741 0 0 0 0 0 0 0 0 0 0 -0.037706 0.01013 0.22403 -0.0057282 0.014899 -0.0016378 0 0
0 0 0.345 0 0 0 0 0 0 0 0 0 0 -0.057202 0.015368 0.33987 -0.0099619 0.021974 -0.0026702 0 0
0 0 0.14784 0 0 0 0 0 0 0 0 0 0 -0.024513 0.0065855 0.14565 -0.0033438 0.0098433 -0.0010078 0 0
-0 -0 -0.08141 0 0 0 0 0 0 0 0 0 0 0.013498 -0.0036264 -0.080201 0.0012164 -0.0056062 0.00045822 0 0
0 0 0.19682 0 0 0 0 0 0 0 0 0 0 -0.032634 0.0087672 0.1939 -0.0047644 0.012978 -0.0013887 0 0
-0 -0 -0.3205 0 0 0 0 0 0 0 0 0 0 0.053141 -0.014277 -0.31574 0.0021433 -0.022422 0.0013745 0 0
-0 -0 -0.29881 0 0 0 0 0 0 0 0 0 0 0.049545 -0.01331 -0.29437 0.0022233 -0.020891 0.0013188 0 0
0 0 0.20906 0 0 0 0 0 0 0 0 0 0 -0.034664 0.0093127 0.20596 -0.0051432 0.013751 -0.0014874 0 0
0 0 0.17558 0 0 0 0 0 0 0 0 0 0 -0.029113 0.0078213 0.17298 -0.0041298 0.011628 -0.0012208 0 0
0 0 0.28477 0 0 0 0 0 0 0 0 0 0 -0.047216 0.012685 0.28054 -0.0076902 0.018414 -0.0021269 0 0
0 0 0.29212 0 0 0 0 0 0 0 0 0 0 -0.048435 0.013012 0.28778 -0.0079561 0.018856 -0.0021916 0 0
0 0 0.26906 0 0 0 0 0 0 0 0 0 0 -0.044612 0.011985 0.26507 -0.0071332 0.017463 -0.0019902 0 0
0 0 0.23609 0 0 0 0 0 0 0 0 0 0 -0.039145 0.010516 0.23258 -0.0060122 0.015438 -0.0017099 0 0
-0 -0 -0.13878 0 0 0 0 0 0 0 0 0 0 0.02301 -0.0061818 -0.13672 0.0018008 -0.0096103 0.00073761 0 0
0 0 0.1589 0 0 0 0 0 0 0 0 0 0 -0.026347 0.0070782 0.15654 -0.0036513 0.010557 -0.0010919 0 0
0 0 0.26645 0 0 0 0 0 0 0 0 0 0 -0.044179 0.011869 0.26249 -0.0070419 0.017304 -0.0019676 0 0
0 0 0.33179 0 0 0 0 0 0 0 0 0 0 -0.055013 0.014779 0.32686 -0.0094456 0.021206 -0.0025486 0 0
-0 -0 -0.26719 0 0 0 0 0 0 0 0 0 0 0.044301 -0.011902 -0.26322 0.0022813 -0.018658 0.0012276 0 0
-0 -0 -0.34218 0 0 0 0 0 0 0 0 0 0 0.056736 -0.015242 -0.3371 0.0020306 -0.02395 0.0014247 0 0
-0 -0 -0.1052 0 0 0 0 0 0 0 0 0 0 0.017442 -0.0046859 -0.10363 0.0014862 -0.0072621 0.0005785 0 0
0 0 0.14632 0 0 0 0 0 0 0 0 0 0 -0.02426 0.0065175 0.14414 -0.003302 0.0097445 -0.00099634 0 0
-0 -0 -0.040378 0 0 0 0 0 0 0 0 0 0 0.0066949 -0.0017986 -0.039778 0.00065972 -0.0027676 0.00023618 0 0
-0 -0 -0.25466 0 0 0 0 0 0 0 0 0 0 0.042224 -0.011344 -0.25088 0.002285 -0.017773 0.0011882 0 0
-0 -0 -0.31392 0 0 0 0 0 0 0 0 0 0 0.052049 -0.013983 -0.30926 0.002171 -0.021957 0.0013582 0 0
-0 -0 -0.053771 0 0 0 0 0 0 0 0 0 0 0.0089155 -0.0023952 -0.052972 0.00085407 -0.0036915 0.00031066 0 0
-0 -0 -0.26279 0 0 0 0 0 0 0 0 0 0 0.043572 -0.011706 -0.25889 0.0022838 -0.018347 0.001214 0 0
-0 -0 -0.26005 0 0 0 0 0 0 0 0 0 0 0.043118 -0.011584 -0.25619 0.0022847 -0.018154 0.0012054 0 0
0 0 0.31326 0 0 0 0 0 0 0 0 0 0 -0.05194 0.013954 0.30861 -0.0087383 0.020115 -0.0023802 0 0
-0 -0 -0.30311 0 0 0 0 0 0 0 0 0 0 0.050258 -0.013502 -0.29861 0.0022101 -0.021195 0.0013303 0 0
-0 -0 -0.080831 0 0 0 0 0 0 0 0 0 0 0.013402 -0.0036006 -0.079631 0.0012093 -0.005566 0.00045521 0 0
-0 -0 -0.20659 0 0 0 0 0 0 0 0 0 0 0.034253 -0.0092022 -0.20352 0.0021975 -0.014379 0.00102 0 0
-0 -0 -0.17975 0 0 0 0 0 0 0 0 0 0 0.029803 -0.0080067 -0.17708 0.0020787 -0.012488 0.00091451 0 0
-0 -0 -0.23941 0 0 0 0 0 0 0 0 0 0 0.039695 -0.010664 -0.23585 0.0022747 -0.016696 0.0011377 0 0
0 0 0.14228 0 0 0 0 0 0 0 0 0 0 -0.023591 0.0063378 0.14017 -0.0031921 0.0094828 -0.00096602 0 0
-0 -0 -0.18244 0 0 0 0 0 0 0 0 0 0 0.03025 -0.0081268 -0.17973 0.0020929 -0.012678 0.00092549 0 0
-0 -0 -0.24057 0 0 0 0 0 0 0 0 0 0 0.039888 -0.010716 -0.237 0.002276 -0.016778 0.0011417 0 0
0 0 0.31154 0 0 0 0 0 0 0 0 0 0 -0.051655 0.013877 0.30691 -0.0086737 0.020014 -0.0023648 0 0
0 0 0.21688 0 0 0 0 0 0 0 0 0 0 -0.03596 0.0096609 0.21366 -0.00539 0.014241 -0.0015511 0 0
0 0 0.037928 0 0 0 0 0 0 0 0 0 0 -0.0062887 0.0016895 0.037365 -0.00071987 0.0025724 -0.00023747 0 0
-0 -0 -0.096535 0 0 0 0 0 0 0 0 0 0 0.016006 -0.0043001 -0.095102 0.0013925 -0.0066583 0.00053542 0 0
0 0 0.0045693 0 0 0 0 0 0 0 0 0 0 -0.00075762 0.00020354 0.0045015 -8.1604e-05 0.00031138 -2.7814e-05 0 0
-0 -0 -0.069684 0 0 0 0 0 0 0 0 0 0 0.011554 -0.003104 -0.06865 0.0010691 -0.0047926 0.00039663 0 0
-0 -0 -0.16674 0 0 0 0 0 0 0 0 0 0 0.027646 -0.0074272 -0.16426 0.002003 -0.011573 0.0008604 0 0
0 0 0.17663 0 0 0 0 0 0 0 0 0 0 -0.029286 0.0078677 0.174 -0.0041602 0.011694 -0.001229 0 0
