0 0 0 0.18181 0 0 0 0 0 0 -0 0.1763 -0.031411 0.031411 0 0
-0 -0 -0 0.097255 0 0 0 0 0 0 -0 0.094307 -0.016802 0.016802 0 0
-0 -0 -0 0.12857 0 0 0 0 0 0 -0 0.12467 -0.022213 0.022213 0 0
0 0 0 0.12855 0 0 0 0 0 0 -0 0.12465 -0.022209 0.022209 0 0
-0 -0 -0 0.12936 0 0 0 0 0 0 -0 0.12544 -0.02235 0.02235 0 0
0 0 0 0.077569 0 0 0 0 0 0 -0 0.075218 -0.013401 0.013401 0 0
0 0 0 0.15842 0 0 0 0 0 0 -0 0.15362 -0.02737 0.02737 0 0
-0 -0 -0 0.011466 0 0 0 0 0 0 -0 0.011118 -0.0019809 0.0019809 0 0
0 0 0 0.039074 0 0 0 0 0 0 -0 0.03789 -0.0067507 0.0067507 0 0
-0 -0 -0 0.084321 0 0 0 0 0 0 -0 0.081765 -0.014568 0.014568 0 0
-0 -0 -0 0.17009 0 0 0 0 0 0 -0 0.16494 -0.029386 0.029386 0 0
-0 -0 -0 0.12245 0 0 0 0 0 0 -0 0.11874 -0.021156 0.021156 0 0
0 0 0 0.16617 0 0 0 0 0 0 -0 0.16113 -0.028708 0.028708 0 0
-0 -0 -0 0.050837 0 0 0 0 0 0 -0 0.049296 -0.0087829 0.0087829 0 0
-0 -0 -0 0.027749 0 0 0 0 0 0 -0 0.026908 -0.0047941 0.0047941 0 0
0 0 0 0.13899 0 0 0 0 0 0 -0 0.13478 -0.024013 0.024013 0 0
0 0 0 0.12365 0 0 0 0 0 0 -0 0.11991 -0.021363 0.021363 0 0
-0 -0 -0 0.13584 0 0 0 0 0 0 -0 0.13172 -0.023468 0.023468 0 0
-0 -0 -0 0.12243 0 0 0 0 0 0 -0 0.11872 -0.021152 0.021152 0 0
-0 -0 -0 0.072884 0 0 0 0 0 0 -0 0.070675 -0.012592 0.012592 0 0
-0 -0 -0 0.034413 0 0 0 0 0 0 -0 0.03337 -0.0059454 0.0059454 0 0
0 0 0 0.014813 0 0 0 0 0 0 -0 0.014364 -0.0025592 0.0025592 0 0
0 0 0 0.087255 0 0 0 0 0 0 -0 0.084611 -0.015075 0.015075 0 0
-0 -0 -0 0.010953 0 0 0 0 0 0 -0 0.010621 -0.0018922 0.0018922 0 0
0 0 0 0.10315 0 0 0 0 0 0 -0 0.10002 -0.01782 0.01782 0 0
-0 -0 -0 0.078399 0 0 0 0 0 0 -0 0.076023 -0.013545 0.013545 0 0
-0 -0 -0 0.049359 0 0 0 0 0 0 -0 0.047863 -0.0085275 0.0085275 0 0
0 0 0 0.19211 0 0 0 0 0 0 -0 0.18629 -0.03319 0.03319 0 0
0 0 0 0.07438 0 0 0 0 0 0 -0 0.072126 -0.01285 0.01285 0 0
-0 -0 -0 0.13076 0 0 0 0 0 0 -0 0.1268 -0.022592 0.022592 0 0
-0 -0 -0 0.17872 0 0 0 0 0 0 -0 0.1733 -0.030877 0.030877 0 0
0 0 0 0.15357 0 0 0 0 0 0 -0 0.14891 -0.026532 0.026532 0 0
-0 -0 -0 0.09231 0 0 0 0 0 0 -0 0.089512 -0.015948 0.015948 0 0
0 0 0 0.1744 0 0 0 0 0 0 -0 0.16912 -0.030131 0.030131 0 0
-0 -0 -0 0.11255 0 0 0 0 0 0 -0 0.10914 -0.019445 0.019445 0 0
-0 -0 -0 0.083362 0 0 0 0 0 0 -0 0.080836 -0.014402 0.014402 0 0
0 0 0 0.15222 0 0 0 0 0 0 -0 0.1476 -0.026298 0.026298 0 0
-0 -0 -0 0.083583 0 0 0 0 0 0 -0 0.08105 -0.01444 0.01444 0 0
-0 -0 -0 0.092463 0 0 0 0 0 0 -0 0.089661 -0.015975 0.015975 0 0
-0 -0 -0 0.055216 0 0 0 0 0 0 -0 0.053542 -0.0095394 0.0095394 0 0
-0 -0 -0 0.1731 0 0 0 0 0 0 -0 0.16786 -0.029906 0.029906 0 0
0 0 0 0.17235 0 0 0 0 0 0 -0 0.16712 -0.029775 0.029775 0 0
0 0 0 0.10098 0 0 0 0 0 0 -0 0.097916 -0.017445 0.017445 0 0
0 0 0 0.18726 0 0 0 0 0 0 -0 0.18158 -0.032352 0.032352 0 0
0 0 0 0.19645 0 0 0 0 0 0 -0 0.19049 -0.033939 0.033939 0 0
-0 -0 -0 0.12558 0 0 0 0 0 0 -0 0.12178 -0.021696 0.021696 0 0
-0 -0 -0 0.09762 0 0 0 0 0 0 -0 0.094661 -0.016865 0.016865 0 0
-0 -0 -0 0.18436 0 0 0 0 0 0 -0 0.17877 -0.031851 0.031851 0 0
-0 -0 -0 0.092621 0 0 0 0 0 0 -0 0.089813 -0.016002 0.016002 0 0
0 0 0 0.09014 0 0 0 0 0 0 -0 0.087408 -0.015573 0.015573 0 0
-0 -0 -0 0.13627 0 0 0 0 0 0 -0 0.13214 -0.023543 0.023543 0 0
0 0 0 0.036284 0 0 0 0 0 0 -0 0.035184 -0.0062686 0.0062686 0 0
0 0 0 0.028942 0 0 0 0 0 0 -0 0.028065 -0.0050002 0.0050002 0 0
-0 -0 -0 0.084402 0 0 0 0 0 0 -0 0.081844 -0.014582 0.014582 0 0
0 0 0 0.18165 0 0 0 0 0 0 -0 0.17614 -0.031383 0.031383 0 0
-0 -0 -0 0.095947 0 0 0 0 0 0 -0 0.093039 -0.016576 0.016576 0 0
-0 -0 -0 0.065837 0 0 0 0 0 0 -0 0.063841 -0.011374 0.011374 0 0
-0 -0 -0 0.16806 0 0 0 0 0 0 -0 0.16297 -0.029035 0.029035 0 0
-0 -0 -0 0.11269 0 0 0 0 0 0 -0 0.10928 -0.019469 0.019469 0 0
-0 -0 -0 0.019112 0 0 0 0 0 0 -0 0.018533 -0.0033019 0.0033019 0 0
0 0 0 0.046996 0 0 0 0 0 0 -0 0.045572 -0.0081194 0.0081194 0 0
-0 -0 -0 0.14798 0 0 0 0 0 0 -0 0.1435 -0.025566 0.025566 0 0
0 0 0 0.18461 0 0 0 0 0 0 -0 0.17902 -0.031895 0.031895 0 0
-0 -0 -0 0.19177 0 0 0 0 0 0 -0 0.18595 -0.033131 0.033131 0 0
0 0 0 0.16954 0 0 0 0 0 0 -0 0.1644 -0.02929 0.02929 0 0
0 0 0 0.19099 0 0 0 0 0 0 -0 0.1852 -0.032997 0.032997 0 0
0 0 0 0.023656 0 0 0 0 0 0 -0 0.022939 -0.004087 0.004087 0 0
-0 -0 -0 0.10323 0 0 0 0 0 0 -0 0.1001 -0.017834 0.017834 0 0
-0 -0 -0 0.076731 0 0 0 0 0 0 -0 0.074405 -0.013256 0.013256 0 0
0 0 0 0.076494 0 0 0 0 0 0 -0 0.074175 -0.013216 0.013216 0 0
-0 -0 -0 0.049341 0 0 0 0 0 0 -0 0.047845 -0.0085244 0.0085244 0 0
0 0 0 0.17919 0 0 0 0 0 0 -0 0.17376 -0.030958 0.030958 0 0
-0 -0 -0 0.15196 0 0 0 0 0 0 -0 0.14735 -0.026253 0.026253 0 0
0 0 0 0.085553 0 0 0 0 0 0 -0 0.08296 -0.014781 0.014781 0 0
-0 -0 -0 0.11 0 0 0 0 0 0 -0 0.10667 -0.019005 0.019005 0 0
0 0 0 0.11904 0 0 0 0 0 0 -0 0.11543 -0.020566 0.020566 0 0
-0 -0 -0 0.1028 0 0 0 0 0 0 -0 0.099683 -0.01776 0.01776 0 0
-0 -0 -0 0.10104 0 0 0 0 0 0 -0 0.097974 -0.017456 0.017456 0 0
-0 -0 -0 0.07945 0 0 0 0 0 0 -0 0.077042 -0.013726 0.013726 0 0
0 0 0 0.014341 0 0 0 0 0 0 -0 0.013906 -0.0024776 0.0024776 0 0
-0 -0 -0 0.12435 0 0 0 0 0 0 -0 0.12058 -0.021483 0.021483 0 0
0 0 0 0.14339 0 0 0 0 0 0 -0 0.13905 -0.024774 0.024774 0 0
0 0 0 0.15299 0 0 0 0 0 0 -0 0.14835 -0.026431 0.026431 0 0
-0 -0 -0 0.057229 0 0 0 0 0 0 -0 0.055494 -0.0098872 0.0098872 0 0
-0 -0 -0 0.13137 0 0 0 0 0 0 -0 0.12739 -0.022697 0.022697 0 0
-0 -0 -0 0.18346 0 0 0 0 0 0 -0 0.1779 -0.031696 0.031696 0 0
-0 -0 -0 0.12667 0 0 0 0 0 0 -0 0.12283 -0.021884 0.021884 0 0
0 0 0 0.013256 0 0 0 0 0 0 -0 0.012854 -0.0022901 0.0022901 0 0
0 0 0 0.13643 0 0 0 0 0 0 -0 0.1323 -0.02357 0.02357 0 0
0 0 0 0.010054 0 0 0 0 0 0 -0 0.0097491 -0.0017369 0.0017369 0 0
0 0 0 0.0089344 0 0 0 0 0 0 -0 0.0086636 -0.0015436 0.0015436 0 0
0 0 0 0.095708 0 0 0 0 0 0 -0 0.092808 -0.016535 0.016535 0 0
0 0 0 0.11433 0 0 0 0 0 0 -0 0.11086 -0.019752 0.019752 0 0
0 0 0 0.1088 0 0 0 0 0 0 -0 0.1055 -0.018797 0.018797 0 0
0 0 0 0.14995 0 0 0 0 0 0 -0 0.1454 -0.025906 0.025906 0 0
0 0 0 0.064572 0 0 0 0 0 0 -0 0.062615 -0.011156 0.011156 0 0
-0 -0 -0 0.17611 0 0 0 0 0 0 -0 0.17077 -0.030426 0.030426 0 0
0 0 0 0.10644 0 0 0 0 0 0 -0 0.10321 -0.018389 0.018389 0 0
0 0 0 0.036348 0 0 0 0 0 0 -0 0.035247 -0.0062797 0.0062797 0 0
0 0 0 0.17587 0 0 0 0 0 0 -0 0.17054 -0.030384 0.030384 0 0
