0 0 0 0.13008 0 0 0 0 -0 0 -0 0.11076 -0.064703 0.021568 0 0
-0 -0 -0 0.059898 0 0 0 0 -0 0 -0 0.051004 -0.029794 0.0099315 0 0
0 0 0 0.19865 0 0 0 0 -0 0 -0 0.16915 -0.098811 0.032937 0 0
-0 -0 -0 0.044915 0 0 0 0 -0 0 -0 0.038246 -0.022342 0.0074472 0 0
0 0 0 0.00069045 0 0 0 0 -0 0 -0 0.00058793 -0.00034344 0.00011448 0 0
-0 -0 -0 0.1547 0 0 0 0 -0 0 -0 0.13173 -0.07695 0.02565 0 0
-0 -0 -0 0.17718 0 0 0 0 -0 0 -0 0.15087 -0.088133 0.029378 0 0
-0 -0 -0 0.13213 0 0 0 0 -0 0 -0 0.11251 -0.065725 0.021908 0 0
0 0 0 0.11484 0 0 0 0 -0 0 -0 0.097789 -0.057124 0.019041 0 0
0 0 0 0.0026363 0 0 0 0 -0 0 -0 0.0022448 -0.0013113 0.00043711 0 0
-0 -0 -0 0.08174 0 0 0 0 -0 0 -0 0.069603 -0.040659 0.013553 0 0
0 0 0 0.070087 0 0 0 0 -0 0 -0 0.05968 -0.034863 0.011621 0 0
-0 -0 -0 0.10438 0 0 0 0 -0 0 -0 0.088885 -0.051923 0.017308 0 0
-0 -0 -0 0.19293 0 0 0 0 -0 0 -0 0.16429 -0.095969 0.03199 0 0
0 0 0 0.10408 0 0 0 0 -0 0 -0 0.088624 -0.05177 0.017257 0 0
-0 -0 -0 0.075552 0 0 0 0 -0 0 -0 0.064334 -0.037581 0.012527 0 0
0 0 0 0.11295 0 0 0 0 -0 0 -0 0.096176 -0.056181 0.018727 0 0
0 0 0 0.13956 0 0 0 0 -0 0 -0 0.11883 -0.069418 0.023139 0 0
-0 -0 -0 0.035585 0 0 0 0 -0 0 -0 0.030301 -0.0177 0.0059001 0 0
-0 -0 -0 0.16698 0 0 0 0 -0 0 -0 0.14219 -0.08306 0.027687 0 0
-0 -0 -0 0.079712 0 0 0 0 -0 0 -0 0.067876 -0.03965 0.013217 0 0
-0 -0 -0 0.014438 0 0 0 0 -0 0 -0 0.012294 -0.0071818 0.0023939 0 0
-0 -0 -0 0.018263 0 0 0 0 -0 0 -0 0.015551 -0.0090841 0.003028 0 0
-0 -0 -0 0.1148 0 0 0 0 -0 0 -0 0.097755 -0.057104 0.019035 0 0
0 0 0 0.15482 0 0 0 0 -0 0 -0 0.13183 -0.077012 0.025671 0 0
0 0 0 0.024081 0 0 0 0 -0 0 -0 0.020506 -0.011978 0.0039928 0 0
0 0 0 0.0031602 0 0 0 0 -0 0 -0 0.002691 -0.0015719 0.00052398 0 0
-0 -0 -0 0.051633 0 0 0 0 -0 0 -0 0.043967 -0.025683 0.0085611 0 0
0 0 0 0.035472 0 0 0 0 -0 0 -0 0.030205 -0.017645 0.0058815 0 0
0 0 0 0.19245 0 0 0 0 -0 0 -0 0.16387 -0.095727 0.031909 0 0
-0 -0 -0 0.1605 0 0 0 0 -0 0 -0 0.13667 -0.079838 0.026613 0 0
0 0 0 0.13652 0 0 0 0 -0 0 -0 0.11625 -0.067906 0.022635 0 0
-0 -0 -0 0.071126 0 0 0 0 -0 0 -0 0.060565 -0.03538 0.011793 0 0
-0 -0 -0 0.19071 0 0 0 0 -0 0 -0 0.16239 -0.094863 0.031621 0 0
0 0 0 0.10088 0 0 0 0 -0 0 -0 0.085902 -0.05018 0.016727 0 0
-0 -0 -0 0.02545 0 0 0 0 -0 0 -0 0.021672 -0.01266 0.0042198 0 0
0 0 0 0.10929 0 0 0 0 -0 0 -0 0.093059 -0.054361 0.01812 0 0
0 0 0 0.020052 0 0 0 0 -0 0 -0 0.017075 -0.0099745 0.0033248 0 0
0 0 0 0.12901 0 0 0 0 -0 0 -0 0.10986 -0.064173 0.021391 0 0
0 0 0 0.056187 0 0 0 0 -0 0 -0 0.047844 -0.027948 0.0093161 0 0
0 0 0 0.077089 0 0 0 0 -0 0 -0 0.065642 -0.038345 0.012782 0 0
0 0 0 0.03836 0 0 0 0 -0 0 -0 0.032664 -0.019081 0.0063603 0 0
0 0 0 0.041995 0 0 0 0 -0 0 -0 0.03576 -0.020889 0.006963 0 0
-0 -0 -0 0.048058 0 0 0 0 -0 0 -0 0.040922 -0.023905 0.0079683 0 0
0 0 0 0.082256 0 0 0 0 -0 0 -0 0.070042 -0.040915 0.013638 0 0
-0 -0 -0 0.089429 0 0 0 0 -0 0 -0 0.07615 -0.044483 0.014828 0 0
0 0 0 0.17873 0 0 0 0 -0 0 -0 0.15219 -0.088902 0.029634 0 0
0 0 0 0.053267 0 0 0 0 -0 0 -0 0.045358 -0.026496 0.008832 0 0
0 0 0 0.070161 0 0 0 0 -0 0 -0 0.059743 -0.034899 0.011633 0 0
0 0 0 0.017579 0 0 0 0 -0 0 -0 0.014969 -0.0087442 0.0029147 0 0
0 0 0 0.026236 0 0 0 0 -0 0 -0 0.022341 -0.01305 0.0043501 0 0
-0 -0 -0 0.15978 0 0 0 0 -0 0 -0 0.13606 -0.07948 0.026493 0 0
0 0 0 0.040422 0 0 0 0 -0 0 -0 0.03442 -0.020107 0.0067022 0 0
0 0 0 0.026399 0 0 0 0 -0 0 -0 0.022479 -0.013131 0.0043771 0 0
0 0 0 0.18125 0 0 0 0 -0 0 -0 0.15434 -0.090156 0.030052 0 0
0 0 0 0.061799 0 0 0 0 -0 0 -0 0.052623 -0.03074 0.010247 0 0
0 0 0 0.050736 0 0 0 0 -0 0 -0 0.043202 -0.025237 0.0084123 0 0
-0 -0 -0 0.19121 0 0 0 0 -0 0 -0 0.16282 -0.095111 0.031704 0 0
0 0 0 0.14401 0 0 0 0 -0 0 -0 0.12263 -0.071635 0.023878 0 0
-0 -0 -0 0.1987 0 0 0 0 -0 0 -0 0.1692 -0.098838 0.032946 0 0
0 0 0 0.1585 0 0 0 0 -0 0 -0 0.13496 -0.078839 0.02628 0 0
-0 -0 -0 0.14872 0 0 0 0 -0 0 -0 0.12664 -0.073976 0.024659 0 0
-0 -0 -0 0.11534 0 0 0 0 -0 0 -0 0.098212 -0.057371 0.019124 0 0
-0 -0 -0 0.088902 0 0 0 0 -0 0 -0 0.075702 -0.044222 0.014741 0 0
-0 -0 -0 0.092599 0 0 0 0 -0 0 -0 0.07885 -0.046061 0.015354 0 0
-0 -0 -0 0.048475 0 0 0 0 -0 0 -0 0.041278 -0.024112 0.0080375 0 0
-0 -0 -0 0.048488 0 0 0 0 -0 0 -0 0.041288 -0.024119 0.0080395 0 0
-0 -0 -0 0.12886 0 0 0 0 -0 0 -0 0.10973 -0.064099 0.021366 0 0
0 0 0 0.0020749 0 0 0 0 -0 0 -0 0.0017668 -0.0010321 0.00034403 0 0
-0 -0 -0 0.15097 0 0 0 0 -0 0 -0 0.12855 -0.075096 0.025032 0 0
-0 -0 -0 0.15635 0 0 0 0 -0 0 -0 0.13314 -0.077772 0.025924 0 0
0 0 0 0.16774 0 0 0 0 -0 0 -0 0.14283 -0.083437 0.027812 0 0
-0 -0 -0 0.10393 0 0 0 0 -0 0 -0 0.088498 -0.051697 0.017232 0 0
0 0 0 0.033474 0 0 0 0 -0 0 -0 0.028504 -0.016651 0.0055502 0 0
-0 -0 -0 0.022455 0 0 0 0 -0 0 -0 0.019121 -0.011169 0.0037231 0 0
-0 -0 -0 0.15355 0 0 0 0 -0 0 -0 0.13075 -0.076378 0.025459 0 0
0 0 0 0.03812 0 0 0 0 -0 0 -0 0.03246 -0.018962 0.0063205 0 0
-0 -0 -0 0.18827 0 0 0 0 -0 0 -0 0.16031 -0.093648 0.031216 0 0
-0 -0 -0 0.14992 0 0 0 0 -0 0 -0 0.12766 -0.074572 0.024857 0 0
0 0 0 0.12884 0 0 0 0 -0 0 -0 0.10971 -0.064087 0.021362 0 0
0 0 0 0.10264 0 0 0 0 -0 0 -0 0.087398 -0.051054 0.017018 0 0
0 0 0 0.17517 0 0 0 0 -0 0 -0 0.14916 -0.087133 0.029044 0 0
0 0 0 0.057793 0 0 0 0 -0 0 -0 0.049211 -0.028747 0.0095824 0 0
-0 -0 -0 0.07995 0 0 0 0 -0 0 -0 0.068079 -0.039768 0.013256 0 0
-0 -0 -0 0.12093 0 0 0 0 -0 0 -0 0.10297 -0.060151 0.02005 0 0
0 0 0 0.097553 0 0 0 0 -0 0 -0 0.083068 -0.048525 0.016175 0 0
0 0 0 0.075845 0 0 0 0 -0 0 -0 0.064583 -0.037727 0.012576 0 0
-0 -0 -0 0.11014 0 0 0 0 -0 0 -0 0.093789 -0.054787 0.018262 0 0
-0 -0 -0 0.097825 0 0 0 0 -0 0 -0 0.0833 -0.04866 0.01622 0 0
-0 -0 -0 0.081466 0 0 0 0 -0 0 -0 0.06937 -0.040523 0.013508 0 0
0 0 0 0.15741 0 0 0 0 -0 0 -0 0.13404 -0.0783 0.0261 0 0
-0 -0 -0 0.16583 0 0 0 0 -0 0 -0 0.14121 -0.082487 0.027496 0 0
0 0 0 0.19803 0 0 0 0 -0 0 -0 0.16863 -0.098504 0.032835 0 0
-0 -0 -0 0.061187 0 0 0 0 -0 0 -0 0.052102 -0.030436 0.010145 0 0
-0 -0 -0 0.151 0 0 0 0 -0 0 -0 0.12858 -0.07511 0.025037 0 0
-0 -0 -0 0.18816 0 0 0 0 -0 0 -0 0.16022 -0.093596 0.031199 0 0
0 0 0 0.19377 0 0 0 0 -0 0 -0 0.165 -0.096384 0.032128 0 0
0 0 0 0.0541 0 0 0 0 -0 0 -0 0.046067 -0.02691 0.0089701 0 0
-0 -0 -0 0.077655 0 0 0 0 -0 0 -0 0.066124 -0.038627 0.012876 0 0
-0 -0 -0 0.17354 0 0 0 0 -0 0 -0 0.14777 -0.086321 0.028774 0 0
