0 0 0 0.13504 0 0 0 0 -0 0 0 0.12489 -0.04595 0.022975 0 0
-0 -0 -0 0.022889 0 0 0 0 -0 0 0 0.021168 -0.0077884 0.0038942 0 0
-0 -0 -0 0.14291 0 0 0 0 -0 0 0 0.13216 -0.048628 0.024314 0 0
0 0 0 0.033515 0 0 0 0 -0 0 0 0.030995 -0.011404 0.0057022 0 0
-0 -0 -0 0.0039874 0 0 0 0 -0 0 0 0.0036875 -0.0013568 0.00067839 0 0
-0 -0 -0 0.063192 0 0 0 0 -0 0 0 0.05844 -0.021502 0.010751 0 0
-0 -0 -0 0.11969 0 0 0 0 -0 0 0 0.11069 -0.040727 0.020364 0 0
-0 -0 -0 0.19535 0 0 0 0 -0 0 0 0.18066 -0.06647 0.033235 0 0
-0 -0 -0 0.15588 0 0 0 0 -0 0 0 0.14416 -0.053042 0.026521 0 0
-0 -0 -0 0.11203 0 0 0 0 -0 0 0 0.10361 -0.038121 0.01906 0 0
0 0 0 0.14473 0 0 0 0 -0 0 0 0.13385 -0.049247 0.024624 0 0
-0 -0 -0 0.080497 0 0 0 0 -0 0 0 0.074444 -0.027391 0.013695 0 0
-0 -0 -0 0.18209 0 0 0 0 -0 0 0 0.1684 -0.061961 0.030981 0 0
0 0 0 0.0049194 0 0 0 0 -0 0 0 0.0045495 -0.0016739 0.00083696 0 0
-0 -0 -0 0.15551 0 0 0 0 -0 0 0 0.14382 -0.052916 0.026458 0 0
-0 -0 -0 0.12214 0 0 0 0 -0 0 0 0.11295 -0.041559 0.02078 0 0
-0 -0 -0 0.059474 0 0 0 0 -0 0 0 0.055002 -0.020237 0.010119 0 0
-0 -0 -0 0.18577 0 0 0 0 -0 0 0 0.1718 -0.063213 0.031606 0 0
0 0 0 0.093555 0 0 0 0 -0 0 0 0.08652 -0.031834 0.015917 0 0
-0 -0 -0 0.028923 0 0 0 0 -0 0 0 0.026749 -0.0098418 0.0049209 0 0
0 0 0 0.038182 0 0 0 0 -0 0 0 0.035311 -0.012992 0.0064962 0 0
0 0 0 0.099371 0 0 0 0 -0 0 0 0.091899 -0.033813 0.016907 0 0
0 0 0 0.039563 0 0 0 0 -0 0 0 0.036588 -0.013462 0.006731 0 0
-0 -0 -0 0.14469 0 0 0 0 -0 0 0 0.13381 -0.049233 0.024616 0 0
0 0 0 0.068405 0 0 0 0 -0 0 0 0.063262 -0.023276 0.011638 0 0
-0 -0 -0 0.14883 0 0 0 0 -0 0 0 0.13764 -0.050642 0.025321 0 0
-0 -0 -0 0.016649 0 0 0 0 -0 0 0 0.015397 -0.0056653 0.0028326 0 0
0 0 0 0.11724 0 0 0 0 -0 0 0 0.10842 -0.039893 0.019947 0 0
-0 -0 -0 0.074307 0 0 0 0 -0 0 0 0.06872 -0.025285 0.012642 0 0
-0 -0 -0 0.15299 0 0 0 0 -0 0 0 0.14149 -0.052058 0.026029 0 0
0 0 0 0.051037 0 0 0 0 -0 0 0 0.0472 -0.017367 0.0086833 0 0
0 0 0 0.16238 0 0 0 0 -0 0 0 0.15017 -0.055252 0.027626 0 0
0 0 0 0.18769 0 0 0 0 -0 0 0 0.17357 -0.063865 0.031932 0 0
-0 -0 -0 0.038708 0 0 0 0 -0 0 0 0.035798 -0.013171 0.0065857 0 0
0 0 0 0.076414 0 0 0 0 -0 0 0 0.070668 -0.026001 0.013001 0 0
-0 -0 -0 0.16537 0 0 0 0 -0 0 0 0.15294 -0.056272 0.028136 0 0
-0 -0 -0 0.19971 0 0 0 0 -0 0 0 0.18469 -0.067955 0.033977 0 0
0 0 0 0.13777 0 0 0 0 -0 0 0 0.12741 -0.046878 0.023439 0 0
-0 -0 -0 0.13259 0 0 0 0 -0 0 0 0.12262 -0.045115 0.022558 0 0
0 0 0 0.18401 0 0 0 0 -0 0 0 0.17017 -0.062613 0.031306 0 0
-0 -0 -0 0.11926 0 0 0 0 -0 0 0 0.11029 -0.040579 0.02029 0 0
0 0 0 0.038277 0 0 0 0 -0 0 0 0.035399 -0.013024 0.0065122 0 0
0 0 0 0.13355 0 0 0 0 -0 0 0 0.1235 -0.045442 0.022721 0 0
0 0 0 0.10981 0 0 0 0 -0 0 0 0.10155 -0.037365 0.018682 0 0
-0 -0 -0 0.12162 0 0 0 0 -0 0 0 0.11247 -0.041383 0.020691 0 0
-0 -0 -0 0.15012 0 0 0 0 -0 0 0 0.13884 -0.051083 0.025542 0 0
0 0 0 0.14435 0 0 0 0 -0 0 0 0.1335 -0.049118 0.024559 0 0
0 0 0 0.13505 0 0 0 0 -0 0 0 0.12489 -0.045953 0.022976 0 0
0 0 0 0.080108 0 0 0 0 -0 0 0 0.074084 -0.027259 0.013629 0 0
-0 -0 -0 0.19097 0 0 0 0 -0 0 0 0.17661 -0.064981 0.03249 0 0
-0 -0 -0 0.14333 0 0 0 0 -0 0 0 0.13255 -0.048771 0.024386 0 0
0 0 0 0.060426 0 0 0 0 -0 0 0 0.055883 -0.020561 0.010281 0 0
0 0 0 0.064519 0 0 0 0 -0 0 0 0.059667 -0.021954 0.010977 0 0
-0 -0 -0 0.17875 0 0 0 0 -0 0 0 0.16531 -0.060824 0.030412 0 0
0 0 0 0.16863 0 0 0 0 -0 0 0 0.15595 -0.057381 0.02869 0 0
0 0 0 0.11312 0 0 0 0 -0 0 0 0.10462 -0.038492 0.019246 0 0
0 0 0 0.16626 0 0 0 0 -0 0 0 0.15376 -0.056574 0.028287 0 0
-0 -0 -0 0.18583 0 0 0 0 -0 0 0 0.17186 -0.063233 0.031616 0 0
0 0 0 0.033701 0 0 0 0 -0 0 0 0.031167 -0.011468 0.0057338 0 0
0 0 0 0.19781 0 0 0 0 -0 0 0 0.18294 -0.067311 0.033655 0 0
-0 -0 -0 0.083935 0 0 0 0 -0 0 0 0.077624 -0.028561 0.01428 0 0
0 0 0 0.057204 0 0 0 0 -0 0 0 0.052902 -0.019465 0.0097324 0 0
-0 -0 -0 0.16506 0 0 0 0 -0 0 0 0.15264 -0.056164 0.028082 0 0
0 0 0 0.0027677 0 0 0 0 -0 0 0 0.0025596 -0.00094176 0.00047088 0 0
0 0 0 0.071129 0 0 0 0 -0 0 0 0.06578 -0.024203 0.012102 0 0
-0 -0 -0 0.001257 0 0 0 0 -0 0 0 0.0011625 -0.00042773 0.00021386 0 0
0 0 0 0.088379 0 0 0 0 -0 0 0 0.081734 -0.030073 0.015036 0 0
0 0 0 0.069985 0 0 0 0 -0 0 0 0.064722 -0.023814 0.011907 0 0
0 0 0 0.12624 0 0 0 0 -0 0 0 0.11675 -0.042957 0.021479 0 0
-0 -0 -0 0.017173 0 0 0 0 -0 0 0 0.015882 -0.0058434 0.0029217 0 0
-0 -0 -0 0.044135 0 0 0 0 -0 0 0 0.040816 -0.015018 0.0075089 0 0
0 0 0 0.12911 0 0 0 0 -0 0 0 0.1194 -0.043933 0.021966 0 0
-0 -0 -0 0.098629 0 0 0 0 -0 0 0 0.091213 -0.033561 0.01678 0 0
0 0 0 0.17841 0 0 0 0 -0 0 0 0.16499 -0.060708 0.030354 0 0
0 0 0 0.16993 0 0 0 0 -0 0 0 0.15716 -0.057824 0.028912 0 0
0 0 0 0.076171 0 0 0 0 -0 0 0 0.070444 -0.025919 0.01296 0 0
0 0 0 0.039423 0 0 0 0 -0 0 0 0.036459 -0.013415 0.0067073 0 0
0 0 0 0.076068 0 0 0 0 -0 0 0 0.070348 -0.025884 0.012942 0 0
0 0 0 0.063909 0 0 0 0 -0 0 0 0.059103 -0.021746 0.010873 0 0
-0 -0 -0 0.058273 0 0 0 0 -0 0 0 0.053892 -0.019829 0.0099144 0 0
-0 -0 -0 0.055502 0 0 0 0 -0 0 0 0.051329 -0.018886 0.0094429 0 0
0 0 0 0.18845 0 0 0 0 -0 0 0 0.17428 -0.064124 0.032062 0 0
0 0 0 0.18644 0 0 0 0 -0 0 0 0.17242 -0.063441 0.031721 0 0
-0 -0 -0 0.021544 0 0 0 0 -0 0 0 0.019924 -0.0073308 0.0036654 0 0
-0 -0 -0 0.044128 0 0 0 0 -0 0 0 0.04081 -0.015016 0.0075078 0 0
-0 -0 -0 0.077285 0 0 0 0 -0 0 0 0.071474 -0.026298 0.013149 0 0
0 0 0 0.19462 0 0 0 0 -0 0 0 0.17999 -0.066224 0.033112 0 0
-0 -0 -0 0.15158 0 0 0 0 -0 0 0 0.14018 -0.051577 0.025788 0 0
0 0 0 0.02589 0 0 0 0 -0 0 0 0.023943 -0.0088095 0.0044047 0 0
0 0 0 0.074361 0 0 0 0 -0 0 0 0.06877 -0.025303 0.012652 0 0
-0 -0 -0 0.18802 0 0 0 0 -0 0 0 0.17389 -0.063979 0.03199 0 0
0 0 0 0.05375 0 0 0 0 -0 0 0 0.049708 -0.01829 0.0091448 0 0
-0 -0 -0 0.074607 0 0 0 0 -0 0 0 0.068997 -0.025387 0.012693 0 0
-0 -0 -0 0.016845 0 0 0 0 -0 0 0 0.015578 -0.0057318 0.0028659 0 0
0 0 0 0.14856 0 0 0 0 -0 0 0 0.13739 -0.05055 0.025275 0 0
0 0 0 0.022957 0 0 0 0 -0 0 0 0.021231 -0.0078116 0.0039058 0 0
-0 -0 -0 0.088727 0 0 0 0 -0 0 0 0.082056 -0.030191 0.015096 0 0
-0 -0 -0 0.0071131 0 0 0 0 -0 0 0 0.0065783 -0.0024204 0.0012102 0 0
0 0 0 0.086816 0 0 0 0 -0 0 0 0.080288 -0.029541 0.014771 0 0
0 0 0 0.095652 0 0 0 0 -0 0 0 0.088459 -0.032548 0.016274 0 0
