-0 -0 -0.26756 0 0 0 0 0 0 0 0 0 0 0.044364 -0.011918 -0.26359 -0.0080904 -0.010568 -0.00088382 0 0
0 0 0.29273 0 0 0 0 0 0 0 0 0 0 -0.048537 0.01304 0.28839 0.0053658 0.013558 0.00029003 0 0
-0 -0 -0.14777 0 0 0 0 0 0 0 0 0 0 0.024502 -0.0065825 -0.14558 -0.0041259 -0.006107 -0.00041828 0 0
-0 -0 -0.26859 0 0 0 0 0 0 0 0 0 0 0.044533 -0.011964 -0.2646 -0.0081264 -0.010604 -0.00088826 0 0
0 0 0.23322 0 0 0 0 0 0 0 0 0 0 -0.038669 0.010389 0.22975 0.0045953 0.010685 0.00029029 0 0
-0 -0 -0.34812 0 0 0 0 0 0 0 0 0 0 0.05772 -0.015507 -0.34295 -0.011038 -0.013285 -0.001257 0 0
0 0 0.0093886 0 0 0 0 0 0 0 0 0 0 -0.0015567 0.00041821 0.0092492 0.00023162 0.00040779 2.0545e-05 0 0
-0 -0 -0.27018 0 0 0 0 0 0 0 0 0 0 0.044798 -0.012035 -0.26617 -0.0081827 -0.01066 -0.00089521 0 0
-0 -0 -0.031042 0 0 0 0 0 0 0 0 0 0 0.005147 -0.0013828 -0.030581 -0.00079244 -0.0013325 -7.3121e-05 0 0
-0 -0 -0.029854 0 0 0 0 0 0 0 0 0 0 0.00495 -0.0013298 -0.029411 -0.00076135 -0.0012819 -7.0175e-05 0 0
-0 -0 -0.12083 0 0 0 0 0 0 0 0 0 0 0.020035 -0.0053824 -0.11904 -0.0033084 -0.0050402 -0.00032892 0 0
0 0 0.16493 0 0 0 0 0 0 0 0 0 0 -0.027346 0.0073467 0.16248 0.0035056 0.0074496 0.00025317 0 0
-0 -0 -0.034798 0 0 0 0 0 0 0 0 0 0 0.0057697 -0.0015501 -0.034281 -0.00089106 -0.001492 -8.2507e-05 0 0
-0 -0 -0.2957 0 0 0 0 0 0 0 0 0 0 0.049029 -0.013172 -0.29131 -0.0090955 -0.011544 -0.0010088 0 0
0 0 0.13072 0 0 0 0 0 0 0 0 0 0 -0.021674 0.0058228 0.12878 0.0028786 0.0058586 0.00021958 0 0
0 0 0.27252 0 0 0 0 0 0 0 0 0 0 -0.045186 0.012139 0.26848 0.005123 0.012578 0.00029353 0 0
-0 -0 -0.30583 0 0 0 0 0 0 0 0 0 0 0.050708 -0.013623 -0.30129 -0.0094638 -0.011888 -0.0010553 0 0
0 0 0.13879 0 0 0 0 0 0 0 0 0 0 -0.023011 0.0061821 0.13672 0.0030313 0.0062318 0.0002284 0 0
-0 -0 -0.297 0 0 0 0 0 0 0 0 0 0 0.049245 -0.01323 -0.29259 -0.0091427 -0.011588 -0.0010148 0 0
-0 -0 -0.19543 0 0 0 0 0 0 0 0 0 0 0.032403 -0.0087052 -0.19253 -0.00564 -0.0079384 -0.00059031 0 0
0 0 0.044504 0 0 0 0 0 0 0 0 0 0 -0.007379 0.0019824 0.043843 0.0010643 0.0019518 9.0878e-05 0 0
-0 -0 -0.091203 0 0 0 0 0 0 0 0 0 0 0.015122 -0.0040626 -0.089849 -0.0024421 -0.0038419 -0.0002373 0 0
0 0 0.25254 0 0 0 0 0 0 0 0 0 0 -0.041872 0.011249 0.24879 0.0048638 0.011612 0.00029354 0 0
0 0 0.29219 0 0 0 0 0 0 0 0 0 0 -0.048446 0.013015 0.28785 0.0053594 0.013532 0.00029017 0 0
-0 -0 -0.32555 0 0 0 0 0 0 0 0 0 0 0.053978 -0.014502 -0.32072 -0.010191 -0.012548 -0.0011478 0 0
-0 -0 -0.33189 0 0 0 0 0 0 0 0 0 0 0.05503 -0.014784 -0.32697 -0.010427 -0.012757 -0.0011781 0 0
0 0 0.22411 0 0 0 0 0 0 0 0 0 0 -0.037159 0.0099828 0.22078 0.0044625 0.010249 0.00028765 0 0
-0 -0 -0.070769 0 0 0 0 0 0 0 0 0 0 0.011734 -0.0031523 -0.069718 -0.0018652 -0.0030008 -0.00017824 0 0
0 0 0.18851 0 0 0 0 0 0 0 0 0 0 -0.031257 0.0083973 0.18571 0.0039065 0.0085585 0.00027051 0 0
-0 -0 -0.27289 0 0 0 0 0 0 0 0 0 0 0.045247 -0.012156 -0.26884 -0.0082786 -0.010755 -0.00090705 0 0
-0 -0 -0.19915 0 0 0 0 0 0 0 0 0 0 0.033021 -0.0088711 -0.1962 -0.0057619 -0.0080784 -0.00060449 0 0
-0 -0 -0.30109 0 0 0 0 0 0 0 0 0 0 0.049923 -0.013412 -0.29662 -0.0092911 -0.011728 -0.0010335 0 0
-0 -0 -0.21452 0 0 0 0 0 0 0 0 0 0 0.035569 -0.0095557 -0.21134 -0.0062704 -0.0086515 -0.00066415 0 0
0 0 0.2014 0 0 0 0 0 0 0 0 0 0 -0.033393 0.0089712 0.19841 0.0041146 0.0091681 0.00027797 0 0
-0 -0 -0.26207 0 0 0 0 0 0 0 0 0 0 0.043452 -0.011674 -0.25818 -0.0078972 -0.010374 -0.00086008 0 0
0 0 0.035409 0 0 0 0 0 0 0 0 0 0 -0.005871 0.0015773 0.034883 0.00085378 0.0015491 7.365e-05 0 0
-0 -0 -0.16366 0 0 0 0 0 0 0 0 0 0 0.027135 -0.00729 -0.16123 -0.004621 -0.0067254 -0.00047365 0 0
0 0 0.29186 0 0 0 0 0 0 0 0 0 0 -0.048392 0.013001 0.28752 0.0053556 0.013516 0.00029025 0 0
-0 -0 -0.33296 0 0 0 0 0 0 0 0 0 0 0.055207 -0.014832 -0.32802 -0.010467 -0.012792 -0.0011833 0 0
-0 -0 -0.097345 0 0 0 0 0 0 0 0 0 0 0.01614 -0.0043362 -0.095899 -0.0026188 -0.0040924 -0.00025571 0 0
-0 -0 -0.0066546 0 0 0 0 0 0 0 0 0 0 0.0011034 -0.00029643 -0.0065558 -0.00016645 -0.00028771 -1.5005e-05 0 0
0 0 0.31589 0 0 0 0 0 0 0 0 0 0 -0.052377 0.014071 0.3112 0.0056199 0.014688 0.00028171 0 0
-0 -0 -0.13295 0 0 0 0 0 0 0 0 0 0 0.022044 -0.0059223 -0.13098 -0.0036726 -0.0055228 -0.0003684 0 0
0 0 0.28117 0 0 0 0 0 0 0 0 0 0 -0.04662 0.012525 0.277 0.0052293 0.012997 0.00029246 0 0
0 0 0.22925 0 0 0 0 0 0 0 0 0 0 -0.038012 0.010212 0.22585 0.004538 0.010495 0.00028923 0 0
-0 -0 -0.34631 0 0 0 0 0 0 0 0 0 0 0.05742 -0.015426 -0.34116 -0.010969 -0.013227 -0.0012482 0 0
0 0 0.13665 0 0 0 0 0 0 0 0 0 0 -0.022658 0.0060872 0.13463 0.0029912 0.0061331 0.00022613 0 0
-0 -0 -0.040557 0 0 0 0 0 0 0 0 0 0 0.0067247 -0.0018066 -0.039955 -0.0010434 -0.0017359 -9.7123e-05 0 0
-0 -0 -0.15774 0 0 0 0 0 0 0 0 0 0 0.026154 -0.0070264 -0.1554 -0.0044355 -0.0064959 -0.00045279 0 0
-0 -0 -0.012497 0 0 0 0 0 0 0 0 0 0 0.0020721 -0.00055668 -0.012312 -0.00031413 -0.0005394 -2.848e-05 0 0
-0 -0 -0.14814 0 0 0 0 0 0 0 0 0 0 0.024563 -0.0065988 -0.14594 -0.0041372 -0.0061213 -0.00041954 0 0
0 0 0.05124 0 0 0 0 0 0 0 0 0 0 -0.008496 0.0022825 0.05048 0.001218 0.0022513 0.00010319 0 0
-0 -0 -0.16608 0 0 0 0 0 0 0 0 0 0 0.027537 -0.0073978 -0.16361 -0.0046974 -0.006819 -0.00048226 0 0
0 0 0.20026 0 0 0 0 0 0 0 0 0 0 -0.033204 0.0089205 0.19729 0.0040965 0.0091141 0.00027737 0 0
0 0 0.083267 0 0 0 0 0 0 0 0 0 0 -0.013806 0.0037091 0.082031 0.001921 0.003689 0.00015652 0 0
-0 -0 -0.27185 0 0 0 0 0 0 0 0 0 0 0.045075 -0.012109 -0.26781 -0.0082418 -0.010718 -0.0009025 0 0
-0 -0 -0.10158 0 0 0 0 0 0 0 0 0 0 0.016842 -0.0045247 -0.10007 -0.0027414 -0.0042644 -0.00026858 0 0
0 0 0.32258 0 0 0 0 0 0 0 0 0 0 -0.053486 0.014369 0.31779 0.0056884 0.015016 0.00027845 0 0
-0 -0 -0.2206 0 0 0 0 0 0 0 0 0 0 0.036577 -0.0098266 -0.21733 -0.006474 -0.0088761 -0.00068826 0 0
-0 -0 -0.096816 0 0 0 0 0 0 0 0 0 0 0.016053 -0.0043126 -0.095378 -0.0026035 -0.0040709 -0.00025412 0 0
0 0 0.14791 0 0 0 0 0 0 0 0 0 0 -0.024525 0.0065887 0.14572 0.0032004 0.0066556 0.00023771 0 0
0 0 0.17682 0 0 0 0 0 0 0 0 0 0 -0.029319 0.0078765 0.1742 0.003711 0.0080077 0.00026251 0 0
-0 -0 -0.29987 0 0 0 0 0 0 0 0 0 0 0.04972 -0.013357 -0.29541 -0.0092466 -0.011686 -0.0010279 0 0
0 0 0.27852 0 0 0 0 0 0 0 0 0 0 -0.04618 0.012406 0.27438 0.0051971 0.012868 0.00029286 0 0
0 0 0.18661 0 0 0 0 0 0 0 0 0 0 -0.03094 0.0083122 0.18383 0.003875 0.0084684 0.00026928 0 0
0 0 0.12961 0 0 0 0 0 0 0 0 0 0 -0.021491 0.0057735 0.12769 0.0028574 0.0058075 0.00021833 0 0
-0 -0 -0.047101 0 0 0 0 0 0 0 0 0 0 0.0078096 -0.0020981 -0.046401 -0.0012182 -0.002012 -0.00011406 0 0
0 0 0.14989 0 0 0 0 0 0 0 0 0 0 -0.024853 0.0066769 0.14767 0.0032366 0.0067477 0.00023964 0 0
0 0 0.16479 0 0 0 0 0 0 0 0 0 0 -0.027323 0.0073404 0.16234 0.0035031 0.007443 0.00025305 0 0
0 0 0.24538 0 0 0 0 0 0 0 0 0 0 -0.040685 0.01093 0.24174 0.0047664 0.011268 0.00029271 0 0
-0 -0 -0.039621 0 0 0 0 0 0 0 0 0 0 0.0065694 -0.0017649 -0.039033 -0.0010186 -0.0016963 -9.4728e-05 0 0
-0 -0 -0.23624 0 0 0 0 0 0 0 0 0 0 0.039171 -0.010523 -0.23274 -0.0070037 -0.009448 -0.00075156 0 0
-0 -0 -0.30109 0 0 0 0 0 0 0 0 0 0 0.049922 -0.013412 -0.29662 -0.009291 -0.011728 -0.0010334 0 0
-0 -0 -0.14724 0 0 0 0 0 0 0 0 0 0 0.024413 -0.0065586 -0.14505 -0.0041094 -0.006086 -0.00041645 0 0
-0 -0 -0.19536 0 0 0 0 0 0 0 0 0 0 0.032393 -0.0087024 -0.19246 -0.005638 -0.007936 -0.00059006 0 0
-0 -0 -0.03565 0 0 0 0 0 0 0 0 0 0 0.0059109 -0.001588 -0.03512 -0.0009135 -0.0015282 -8.465e-05 0 0
-0 -0 -0.26451 0 0 0 0 0 0 0 0 0 0 0.043857 -0.011782 -0.26058 -0.0079829 -0.01046 -0.0008706 0 0
0 0 0.13716 0 0 0 0 0 0 0 0 0 0 -0.022742 0.0061098 0.13513 0.0030008 0.0061566 0.00022667 0 0
-0 -0 -0.016956 0 0 0 0 0 0 0 0 0 0 0.0028115 -0.00075531 -0.016705 -0.00042782 -0.00073091 -3.8956e-05 0 0
-0 -0 -0.1944 0 0 0 0 0 0 0 0 0 0 0.032232 -0.0086593 -0.19151 -0.0056064 -0.0078995 -0.00058639 0 0
-0 -0 -0.3306 0 0 0 0 0 0 0 0 0 0 0.054816 -0.014727 -0.32569 -0.010379 -0.012715 -0.0011719 0 0
-0 -0 -0.11712 0 0 0 0 0 0 0 0 0 0 0.019419 -0.0052171 -0.11538 -0.0031979 -0.0048915 -0.00031705 0 0
-0 -0 -0.11729 0 0 0 0 0 0 0 0 0 0 0.019448 -0.0052248 -0.11555 -0.0032031 -0.0048984 -0.0003176 0 0
0 0 0.30197 0 0 0 0 0 0 0 0 0 0 -0.050069 0.013451 0.29749 0.0054702 0.014008 0.00028726 0 0
-0 -0 -0.053423 0 0 0 0 0 0 0 0 0 0 0.0088578 -0.0023797 -0.05263 -0.0013888 -0.0022776 -0.00013076 0 0
-0 -0 -0.17292 0 0 0 0 0 0 0 0 0 0 0.028671 -0.0077025 -0.17035 -0.0049141 -0.0070823 -0.00050684 0 0
0 0 0.056874 0 0 0 0 0 0 0 0 0 0 -0.0094301 0.0025334 0.05603 0.0013449 0.0025026 0.0001132 0 0
-0 -0 -0.22117 0 0 0 0 0 0 0 0 0 0 0.036672 -0.0098521 -0.21789 -0.0064932 -0.0088972 -0.00069055 0 0
-0 -0 -0.32716 0 0 0 0 0 0 0 0 0 0 0.054245 -0.014573 -0.3223 -0.010251 -0.012601 -0.0011555 0 0
-0 -0 -0.21274 0 0 0 0 0 0 0 0 0 0 0.035274 -0.0094766 -0.20959 -0.0062112 -0.0085857 -0.00065717 0 0
0 0 0.20637 0 0 0 0 0 0 0 0 0 0 -0.034217 0.0091925 0.2033 0.0041928 0.0094039 0.00028046 0 0
-0 -0 -0.24022 0 0 0 0 0 0 0 0 0 0 0.03983 -0.0107 -0.23665 -0.0071397 -0.0095919 -0.00076794 0 0
0 0 0.074504 0 0 0 0 0 0 0 0 0 0 -0.012353 0.0033187 0.073397 0.0017331 0.0032934 0.00014278 0 0
0 0 0.0050851 0 0 0 0 0 0 0 0 0 0 -0.00084314 0.00022651 0.0050096 0.00012592 0.0002206 1.1218e-05 0 0
0 0 0.064268 0 0 0 0 0 0 0 0 0 0 -0.010656 0.0028628 0.063313 0.0015094 0.0028334 0.00012592 0 0
-0 -0 -0.093795 0 0 0 0 0 0 0 0 0 0 0.015552 -0.0041781 -0.092403 -0.0025165 -0.0039478 -0.00024504 0 0
0 0 0.19735 0 0 0 0 0 0 0 0 0 0 -0.032722 0.0087909 0.19442 0.0040501 0.0089763 0.00027578 0 0
0 0 0.091695 0 0 0 0 0 0 0 0 0 0 -0.015204 0.0040845 0.090333 0.0020985 0.004071 0.00016911 0 0
-0 -0 -0.019554 0 0 0 0 0 0 0 0 0 0 0.0032423 -0.00087104 -0.019264 -0.00049445 -0.00084226 -4.5134e-05 0 0
-0 -0 -0.20954 0 0 0 0 0 0 0 0 0 0 0.034744 -0.009334 -0.20643 -0.0061048 -0.0084668 -0.00064464 0 0
