-0 -0 -0 0.12503 0 0 0 0 -0 0 -0 0.10647 -0.062194 0.020731 0 0
0 0 0 0.11313 0 0 0 0 -0 0 -0 0.096331 -0.056272 0.018757 0 0
-0 -0 -0 0.078169 0 0 0 0 -0 0 -0 0.066563 -0.038883 0.012961 0 0
-0 -0 -0 0.03555 0 0 0 0 -0 0 -0 0.030271 -0.017683 0.0058944 0 0
-0 -0 -0 0.13044 0 0 0 0 -0 0 -0 0.11107 -0.064884 0.021628 0 0
0 0 0 0.07398 0 0 0 0 -0 0 -0 0.062995 -0.036799 0.012266 0 0
-0 -0 -0 0.082866 0 0 0 0 -0 0 -0 0.070562 -0.041219 0.01374 0 0
-0 -0 -0 0.14305 0 0 0 0 -0 0 -0 0.12181 -0.071155 0.023718 0 0
0 0 0 0.12305 0 0 0 0 -0 0 -0 0.10478 -0.061208 0.020403 0 0
-0 -0 -0 0.077911 0 0 0 0 -0 0 -0 0.066342 -0.038754 0.012918 0 0
-0 -0 -0 0.17471 0 0 0 0 -0 0 -0 0.14877 -0.086906 0.028969 0 0
-0 -0 -0 0.099529 0 0 0 0 -0 0 -0 0.084751 -0.049508 0.016503 0 0
0 0 0 0.0060011 0 0 0 0 -0 0 -0 0.00511 -0.002985 0.00099502 0 0
0 0 0 0.060958 0 0 0 0 -0 0 -0 0.051907 -0.030322 0.010107 0 0
-0 -0 -0 0.055899 0 0 0 0 -0 0 -0 0.047599 -0.027805 0.0092683 0 0
0 0 0 0.021896 0 0 0 0 -0 0 -0 0.018645 -0.010891 0.0036305 0 0
-0 -0 -0 0.07509 0 0 0 0 -0 0 -0 0.063941 -0.037351 0.01245 0 0
-0 -0 -0 0.16076 0 0 0 0 -0 0 -0 0.13689 -0.079967 0.026656 0 0
-0 -0 -0 0.049471 0 0 0 0 -0 0 -0 0.042126 -0.024608 0.0082026 0 0
0 0 0 0.1934 0 0 0 0 -0 0 -0 0.16468 -0.096199 0.032066 0 0
0 0 0 0.17035 0 0 0 0 -0 0 -0 0.14506 -0.084737 0.028246 0 0
-0 -0 -0 0.052759 0 0 0 0 -0 0 -0 0.044925 -0.026243 0.0087478 0 0
0 0 0 0.024769 0 0 0 0 -0 0 -0 0.021092 -0.012321 0.0041069 0 0
-0 -0 -0 0.16543 0 0 0 0 -0 0 -0 0.14086 -0.082286 0.027429 0 0
0 0 0 0.12402 0 0 0 0 -0 0 -0 0.1056 -0.061687 0.020562 0 0
-0 -0 -0 0.022431 0 0 0 0 -0 0 -0 0.0191 -0.011157 0.0037191 0 0
0 0 0 0.16724 0 0 0 0 -0 0 -0 0.14241 -0.083189 0.02773 0 0
0 0 0 0.12847 0 0 0 0 -0 0 -0 0.1094 -0.063904 0.021301 0 0
0 0 0 0.10211 0 0 0 0 -0 0 -0 0.086946 -0.05079 0.01693 0 0
-0 -0 -0 0.11019 0 0 0 0 -0 0 -0 0.093829 -0.054811 0.01827 0 0
-0 -0 -0 0.11525 0 0 0 0 -0 0 -0 0.098141 -0.057329 0.01911 0 0
0 0 0 0.086792 0 0 0 0 -0 0 -0 0.073905 -0.043172 0.014391 0 0
-0 -0 -0 0.040134 0 0 0 0 -0 0 -0 0.034175 -0.019963 0.0066544 0 0
-0 -0 -0 0.014657 0 0 0 0 -0 0 -0 0.012481 -0.0072906 0.0024302 0 0
0 0 0 0.060169 0 0 0 0 -0 0 -0 0.051235 -0.029929 0.0099764 0 0
-0 -0 -0 0.085605 0 0 0 0 -0 0 -0 0.072894 -0.042581 0.014194 0 0
-0 -0 -0 0.056463 0 0 0 0 -0 0 -0 0.048079 -0.028086 0.0093619 0 0
-0 -0 -0 0.040363 0 0 0 0 -0 0 -0 0.03437 -0.020078 0.0066925 0 0
0 0 0 0.10053 0 0 0 0 -0 0 -0 0.085604 -0.050006 0.016669 0 0
-0 -0 -0 0.13264 0 0 0 0 -0 0 -0 0.11294 -0.065976 0.021992 0 0
0 0 0 0.17171 0 0 0 0 -0 0 -0 0.14621 -0.085412 0.028471 0 0
0 0 0 0.057466 0 0 0 0 -0 0 -0 0.048934 -0.028585 0.0095283 0 0
0 0 0 0.14475 0 0 0 0 -0 0 -0 0.12326 -0.072001 0.024 0 0
-0 -0 -0 0.19387 0 0 0 0 -0 0 -0 0.16508 -0.096435 0.032145 0 0
0 0 0 0.11089 0 0 0 0 -0 0 -0 0.094424 -0.055158 0.018386 0 0
0 0 0 0.15891 0 0 0 0 -0 0 -0 0.13531 -0.079042 0.026347 0 0
0 0 0 0.096376 0 0 0 0 -0 0 -0 0.082066 -0.047939 0.01598 0 0
-0 -0 -0 0.11738 0 0 0 0 -0 0 -0 0.099951 -0.058387 0.019462 0 0
0 0 0 0.13875 0 0 0 0 -0 0 -0 0.11815 -0.069018 0.023006 0 0
0 0 0 0.10637 0 0 0 0 -0 0 -0 0.090577 -0.052911 0.017637 0 0
0 0 0 0.12828 0 0 0 0 -0 0 -0 0.10924 -0.063811 0.02127 0 0
-0 -0 -0 0.0022601 0 0 0 0 -0 0 -0 0.0019245 -0.0011242 0.00037474 0 0
-0 -0 -0 0.068857 0 0 0 0 -0 0 -0 0.058633 -0.034251 0.011417 0 0
0 0 0 0.18614 0 0 0 0 -0 0 -0 0.1585 -0.09259 0.030863 0 0
-0 -0 -0 0.035017 0 0 0 0 -0 0 -0 0.029818 -0.017418 0.0058061 0 0
-0 -0 -0 0.08353 0 0 0 0 -0 0 -0 0.071127 -0.041549 0.01385 0 0
0 0 0 0.15661 0 0 0 0 -0 0 -0 0.13335 -0.0779 0.025967 0 0
-0 -0 -0 0.04278 0 0 0 0 -0 0 -0 0.036428 -0.02128 0.0070932 0 0
0 0 0 0.19495 0 0 0 0 -0 0 -0 0.166 -0.09697 0.032323 0 0
-0 -0 -0 0.079993 0 0 0 0 -0 0 -0 0.068115 -0.03979 0.013263 0 0
-0 -0 -0 0.11404 0 0 0 0 -0 0 -0 0.097104 -0.056724 0.018908 0 0
-0 -0 -0 0.019511 0 0 0 0 -0 0 -0 0.016614 -0.0097052 0.0032351 0 0
-0 -0 -0 0.038562 0 0 0 0 -0 0 -0 0.032836 -0.019181 0.0063938 0 0
0 0 0 0.01555 0 0 0 0 -0 0 -0 0.013241 -0.0077349 0.0025783 0 0
-0 -0 -0 0.0033097 0 0 0 0 -0 0 -0 0.0028183 -0.0016463 0.00054877 0 0
-0 -0 -0 0.028236 0 0 0 0 -0 0 -0 0.024043 -0.014045 0.0046816 0 0
-0 -0 -0 0.072143 0 0 0 0 -0 0 -0 0.061431 -0.035885 0.011962 0 0
-0 -0 -0 0.15399 0 0 0 0 -0 0 -0 0.13113 -0.076598 0.025533 0 0
0 0 0 0.036975 0 0 0 0 -0 0 -0 0.031485 -0.018392 0.0061307 0 0
0 0 0 0.066024 0 0 0 0 -0 0 -0 0.056221 -0.032842 0.010947 0 0
-0 -0 -0 0.11782 0 0 0 0 -0 0 -0 0.10033 -0.058606 0.019535 0 0
0 0 0 0.024628 0 0 0 0 -0 0 -0 0.020971 -0.01225 0.0040835 0 0
0 0 0 0.12458 0 0 0 0 -0 0 -0 0.10608 -0.061966 0.020655 0 0
-0 -0 -0 0.11833 0 0 0 0 -0 0 -0 0.10076 -0.058859 0.01962 0 0
0 0 0 0.12837 0 0 0 0 -0 0 -0 0.10931 -0.063854 0.021285 0 0
0 0 0 0.063372 0 0 0 0 -0 0 -0 0.053962 -0.031522 0.010507 0 0
0 0 0 0.04126 0 0 0 0 -0 0 -0 0.035134 -0.020523 0.0068411 0 0
0 0 0 0.0015582 0 0 0 0 -0 0 -0 0.0013269 -0.00077509 0.00025836 0 0
0 0 0 0.18985 0 0 0 0 -0 0 -0 0.16166 -0.094436 0.031479 0 0
-0 -0 -0 0.14847 0 0 0 0 -0 0 -0 0.12642 -0.073851 0.024617 0 0
0 0 0 0.029547 0 0 0 0 -0 0 -0 0.02516 -0.014697 0.0048991 0 0
-0 -0 -0 0.038867 0 0 0 0 -0 0 -0 0.033096 -0.019333 0.0064443 0 0
-0 -0 -0 0.14928 0 0 0 0 -0 0 -0 0.12711 -0.074254 0.024751 0 0
-0 -0 -0 0.11654 0 0 0 0 -0 0 -0 0.099237 -0.05797 0.019323 0 0
-0 -0 -0 0.0075539 0 0 0 0 -0 0 -0 0.0064322 -0.0037574 0.0012525 0 0
-0 -0 -0 0.061392 0 0 0 0 -0 0 -0 0.052277 -0.030538 0.010179 0 0
-0 -0 -0 0.11522 0 0 0 0 -0 0 -0 0.09811 -0.057311 0.019104 0 0
0 0 0 0.013278 0 0 0 0 -0 0 -0 0.011306 -0.0066046 0.0022015 0 0
0 0 0 0.18016 0 0 0 0 -0 0 -0 0.15341 -0.089616 0.029872 0 0
-0 -0 -0 0.15739 0 0 0 0 -0 0 -0 0.13402 -0.07829 0.026097 0 0
0 0 0 0.15086 0 0 0 0 -0 0 -0 0.12846 -0.075043 0.025014 0 0
-0 -0 -0 0.16153 0 0 0 0 -0 0 -0 0.13755 -0.080349 0.026783 0 0
-0 -0 -0 0.095336 0 0 0 0 -0 0 -0 0.081181 -0.047422 0.015807 0 0
0 0 0 0.080164 0 0 0 0 -0 0 -0 0.068261 -0.039875 0.013292 0 0
0 0 0 0.011372 0 0 0 0 -0 0 -0 0.0096831 -0.0056564 0.0018855 0 0
0 0 0 0.12005 0 0 0 0 -0 0 -0 0.10222 -0.059713 0.019904 0 0
0 0 0 0.18558 0 0 0 0 -0 0 -0 0.15802 -0.09231 0.03077 0 0
0 0 0 0.083869 0 0 0 0 -0 0 -0 0.071416 -0.041718 0.013906 0 0
-0 -0 -0 0.19392 0 0 0 0 -0 0 -0 0.16512 -0.096457 0.032152 0 0
-0 -0 -0 0.16453 0 0 0 0 -0 0 -0 0.1401 -0.081842 0.027281 0 0
