-0 -0 -0.11747 0 0 0 0 0 0 0 0 0 0 0.019478 -0.0052327 -0.11573 -0.009625 -0.014717 -0.00095451 0 0
-0 -0 -0.073967 0 0 0 0 0 0 0 0 0 0 0.012264 -0.0032948 -0.072869 -0.0058631 -0.0093997 -0.00056178 0 0
0 0 0.15386 0 0 0 0 0 0 0 0 0 0 -0.025512 0.0068538 0.15158 0.0099261 0.020798 0.0007302 0 0
-0 -0 -0.024764 0 0 0 0 0 0 0 0 0 0 0.004106 -0.0011031 -0.024396 -0.0018867 -0.003195 -0.00017307 0 0
0 0 0.20925 0 0 0 0 0 0 0 0 0 0 -0.034695 0.0093209 0.20614 0.012713 0.028622 0.00084545 0 0
-0 -0 -0.089408 0 0 0 0 0 0 0 0 0 0 0.014824 -0.0039826 -0.088081 -0.0071723 -0.011306 -0.00069594 0 0
-0 -0 -0.12951 0 0 0 0 0 0 0 0 0 0 0.021474 -0.005769 -0.12759 -0.010706 -0.016159 -0.0010712 0 0
-0 -0 -0.30173 0 0 0 0 0 0 0 0 0 0 0.050029 -0.01344 -0.29725 -0.027943 -0.035249 -0.0031092 0 0
-0 -0 -0.14826 0 0 0 0 0 0 0 0 0 0 0.024582 -0.0066042 -0.14606 -0.012423 -0.018378 -0.0012598 0 0
-0 -0 -0.26607 0 0 0 0 0 0 0 0 0 0 0.044116 -0.011852 -0.26212 -0.024113 -0.031545 -0.0026321 0 0
0 0 0.20791 0 0 0 0 0 0 0 0 0 0 -0.034473 0.0092613 0.20483 0.012651 0.028432 0.00084359 0 0
0 0 0.2917 0 0 0 0 0 0 0 0 0 0 -0.048366 0.012994 0.28737 0.016062 0.040525 0.00087088 0 0
0 0 0.087167 0 0 0 0 0 0 0 0 0 0 -0.014453 0.0038828 0.085873 0.0060106 0.011597 0.00048726 0 0
0 0 0.073911 0 0 0 0 0 0 0 0 0 0 -0.012255 0.0032923 0.072814 0.005161 0.0098001 0.0004255 0 0
0 0 0.02612 0 0 0 0 0 0 0 0 0 0 -0.0043309 0.0011635 0.025732 0.0019051 0.0034195 0.00016602 0 0
0 0 0.33451 0 0 0 0 0 0 0 0 0 0 -0.055463 0.0149 0.32954 0.017416 0.0468 0.00081508 0 0
-0 -0 -0.28803 0 0 0 0 0 0 0 0 0 0 0.047758 -0.01283 -0.28376 -0.026457 -0.033842 -0.0029226 0 0
0 0 0.3177 0 0 0 0 0 0 0 0 0 0 -0.052676 0.014152 0.31298 0.016916 0.044329 0.00084261 0 0
0 0 0.022141 0 0 0 0 0 0 0 0 0 0 -0.0036712 0.00098627 0.021813 0.0016206 0.0028954 0.00014183 0 0
0 0 0.14203 0 0 0 0 0 0 0 0 0 0 -0.023549 0.0063265 0.13992 0.0092753 0.019146 0.00069537 0 0
0 0 0.20009 0 0 0 0 0 0 0 0 0 0 -0.033176 0.0089128 0.19712 0.012281 0.027318 0.00083182 0 0
-0 -0 -0.26797 0 0 0 0 0 0 0 0 0 0 0.044431 -0.011937 -0.26399 -0.024314 -0.031746 -0.0026568 0 0
-0 -0 -0.09126 0 0 0 0 0 0 0 0 0 0 0.015131 -0.0040651 -0.089905 -0.0073312 -0.011533 -0.00071242 0 0
0 0 0.31859 0 0 0 0 0 0 0 0 0 0 -0.052824 0.014191 0.31386 0.016943 0.04446 0.00084133 0 0
-0 -0 -0.1734 0 0 0 0 0 0 0 0 0 0 0.028751 -0.007724 -0.17083 -0.014789 -0.021303 -0.0015258 0 0
0 0 0.28896 0 0 0 0 0 0 0 0 0 0 -0.047911 0.012872 0.28467 0.015966 0.040125 0.00087285 0 0
-0 -0 -0.011052 0 0 0 0 0 0 0 0 0 0 0.0018325 -0.00049231 -0.010888 -0.00083241 -0.0014317 -7.5364e-05 0 0
-0 -0 -0.20762 0 0 0 0 0 0 0 0 0 0 0.034425 -0.0092483 -0.20454 -0.018123 -0.025186 -0.0019114 0 0
0 0 0.30195 0 0 0 0 0 0 0 0 0 0 -0.050066 0.01345 0.29747 0.01641 0.042023 0.00086181 0 0
-0 -0 -0.023001 0 0 0 0 0 0 0 0 0 0 0.0038137 -0.0010246 -0.022659 -0.0017498 -0.0029691 -0.00016025 0 0
-0 -0 -0.17986 0 0 0 0 0 0 0 0 0 0 0.029821 -0.0080116 -0.17719 -0.015408 -0.022044 -0.0015965 0 0
0 0 0.067741 0 0 0 0 0 0 0 0 0 0 -0.011232 0.0030175 0.066735 0.0047575 0.0089676 0.00039523 0 0
0 0 0.10856 0 0 0 0 0 0 0 0 0 0 -0.018 0.0048358 0.10695 0.0073322 0.01452 0.00057753 0 0
0 0 0.29372 0 0 0 0 0 0 0 0 0 0 -0.048701 0.013084 0.28936 0.016131 0.04082 0.00086931 0 0
0 0 0.030465 0 0 0 0 0 0 0 0 0 0 -0.0050513 0.0013571 0.030013 0.0022135 0.0039931 0.00019199 0 0
-0 -0 -0.059338 0 0 0 0 0 0 0 0 0 0 0.0098387 -0.0026432 -0.058457 -0.0046496 -0.0075755 -0.00044002 0 0
-0 -0 -0.15593 0 0 0 0 0 0 0 0 0 0 0.025854 -0.0069459 -0.15362 -0.013137 -0.019277 -0.0013394 0 0
-0 -0 -0.28257 0 0 0 0 0 0 0 0 0 0 0.046851 -0.012587 -0.27837 -0.025869 -0.033275 -0.0028493 0 0
0 0 0.075592 0 0 0 0 0 0 0 0 0 0 -0.012534 0.0033672 0.074469 0.00527 0.010027 0.00043357 0 0
-0 -0 -0.029991 0 0 0 0 0 0 0 0 0 0 0.0049726 -0.0013359 -0.029545 -0.0022948 -0.0038633 -0.00021154 0 0
-0 -0 -0.2985 0 0 0 0 0 0 0 0 0 0 0.049493 -0.013296 -0.29407 -0.027591 -0.034918 -0.0030648 0 0
0 0 0.29006 0 0 0 0 0 0 0 0 0 0 -0.048094 0.012921 0.28575 0.016004 0.040285 0.00087208 0 0
-0 -0 -0.2673 0 0 0 0 0 0 0 0 0 0 0.04432 -0.011907 -0.26333 -0.024243 -0.031675 -0.002648 0 0
0 0 0.33121 0 0 0 0 0 0 0 0 0 0 -0.054917 0.014754 0.3263 0.017321 0.046316 0.00082104 0 0
0 0 0.34527 0 0 0 0 0 0 0 0 0 0 -0.057248 0.01538 0.34014 0.017715 0.048387 0.00079364 0 0
-0 -0 -0.27648 0 0 0 0 0 0 0 0 0 0 0.045841 -0.012315 -0.27237 -0.025217 -0.03264 -0.0027684 0 0
-0 -0 -0.24888 0 0 0 0 0 0 0 0 0 0 0.041265 -0.011086 -0.24518 -0.022314 -0.029711 -0.0024121 0 0
-0 -0 -0.3048 0 0 0 0 0 0 0 0 0 0 0.050537 -0.013577 -0.30027 -0.028278 -0.03556 -0.0031515 0 0
0 0 0.22882 0 0 0 0 0 0 0 0 0 0 -0.03794 0.010193 0.22543 0.013595 0.031423 0.00086733 0 0
-0 -0 -0.083605 0 0 0 0 0 0 0 0 0 0 0.013862 -0.0037241 -0.082364 -0.0066769 -0.010592 -0.00064484 0 0
-0 -0 -0.27521 0 0 0 0 0 0 0 0 0 0 0.045631 -0.012259 -0.27112 -0.025083 -0.032507 -0.0027517 0 0
0 0 0.30809 0 0 0 0 0 0 0 0 0 0 -0.051084 0.013724 0.30352 0.016611 0.042921 0.00085508 0 0
-0 -0 -0.23662 0 0 0 0 0 0 0 0 0 0 0.039233 -0.01054 -0.23311 -0.021049 -0.028385 -0.0022593 0 0
0 0 0.29042 0 0 0 0 0 0 0 0 0 0 -0.048153 0.012937 0.28611 0.016017 0.040338 0.00087182 0 0
-0 -0 -0.069573 0 0 0 0 0 0 0 0 0 0 0.011536 -0.0030991 -0.06854 -0.0054958 -0.0088535 -0.00052465 0 0
-0 -0 -0.047732 0 0 0 0 0 0 0 0 0 0 0.0079142 -0.0021262 -0.047023 -0.0037055 -0.0061156 -0.00034713 0 0
0 0 0.067129 0 0 0 0 0 0 0 0 0 0 -0.01113 0.0029902 0.066132 0.0047172 0.0088852 0.00039218 0 0
0 0 0.086319 0 0 0 0 0 0 0 0 0 0 -0.014312 0.003845 0.085037 0.005957 0.011481 0.00048344 0 0
0 0 0.23496 0 0 0 0 0 0 0 0 0 0 -0.038958 0.010466 0.23147 0.013861 0.032304 0.00087216 0 0
-0 -0 -0.16203 0 0 0 0 0 0 0 0 0 0 0.026866 -0.0072176 -0.15963 -0.01371 -0.019987 -0.0014037 0 0
0 0 0.32142 0 0 0 0 0 0 0 0 0 0 -0.053293 0.014317 0.31665 0.01703 0.044876 0.00083714 0 0
-0 -0 -0.29929 0 0 0 0 0 0 0 0 0 0 0.049624 -0.013332 -0.29485 -0.027677 -0.034999 -0.0030756 0 0
0 0 0.15828 0 0 0 0 0 0 0 0 0 0 -0.026243 0.0070503 0.15593 0.010164 0.021416 0.00074226 0 0
0 0 0.040694 0 0 0 0 0 0 0 0 0 0 -0.0067474 0.0018127 0.04009 0.0029297 0.0053488 0.00025124 0 0
0 0 0.15126 0 0 0 0 0 0 0 0 0 0 -0.02508 0.0067379 0.14902 0.0097846 0.020434 0.00072285 0 0
-0 -0 -0.28025 0 0 0 0 0 0 0 0 0 0 0.046467 -0.012483 -0.27609 -0.02562 -0.033034 -0.0028184 0 0
-0 -0 -0.077273 0 0 0 0 0 0 0 0 0 0 0.012812 -0.0034421 -0.076125 -0.0061409 -0.0098093 -0.00059001 0 0
0 0 0.09326 0 0 0 0 0 0 0 0 0 0 -0.015463 0.0041542 0.091875 0.0063933 0.012426 0.00051415 0 0
0 0 0.027346 0 0 0 0 0 0 0 0 0 0 -0.0045342 0.0012181 0.02694 0.0019924 0.0035813 0.0001734 0 0
0 0 0.24797 0 0 0 0 0 0 0 0 0 0 -0.041116 0.011046 0.24429 0.014406 0.034179 0.00087919 0 0
-0 -0 -0.011657 0 0 0 0 0 0 0 0 0 0 0.0019328 -0.00051925 -0.011484 -0.0008784 -0.0015098 -7.9575e-05 0 0
-0 -0 -0.069898 0 0 0 0 0 0 0 0 0 0 0.01159 -0.0031136 -0.068861 -0.005523 -0.0088941 -0.00052739 0 0
-0 -0 -0.061415 0 0 0 0 0 0 0 0 0 0 0.010183 -0.0027357 -0.060503 -0.0048203 -0.0078355 -0.00045699 0 0
-0 -0 -0.050547 0 0 0 0 0 0 0 0 0 0 0.0083809 -0.0022516 -0.049796 -0.003933 -0.0064707 -0.00036936 0 0
0 0 0.19659 0 0 0 0 0 0 0 0 0 0 -0.032595 0.0087568 0.19367 0.012113 0.02682 0.00082604 0 0
0 0 0.28068 0 0 0 0 0 0 0 0 0 0 -0.046539 0.012503 0.27651 0.01567 0.038919 0.00087762 0 0
0 0 0.21039 0 0 0 0 0 0 0 0 0 0 -0.034884 0.0093718 0.20727 0.012766 0.028785 0.00084699 0 0
0 0 0.24837 0 0 0 0 0 0 0 0 0 0 -0.041181 0.011063 0.24468 0.014422 0.034235 0.00087934 0 0
-0 -0 -0.15913 0 0 0 0 0 0 0 0 0 0 0.026385 -0.0070883 -0.15677 -0.013437 -0.01965 -0.001373 0 0
-0 -0 -0.065054 0 0 0 0 0 0 0 0 0 0 0.010786 -0.0028978 -0.064088 -0.0051206 -0.0082903 -0.00048697 0 0
0 0 0.20056 0 0 0 0 0 0 0 0 0 0 -0.033254 0.0089339 0.19758 0.012304 0.027385 0.00083258 0 0
-0 -0 -0.31457 0 0 0 0 0 0 0 0 0 0 0.052157 -0.014012 -0.3099 -0.029353 -0.036547 -0.0032877 0 0
-0 -0 -0.18993 0 0 0 0 0 0 0 0 0 0 0.031491 -0.0084601 -0.18711 -0.016383 -0.023192 -0.0017086 0 0
-0 -0 -0.30774 0 0 0 0 0 0 0 0 0 0 0.051025 -0.013708 -0.30317 -0.028601 -0.035859 -0.0031923 0 0
-0 -0 -0.31701 0 0 0 0 0 0 0 0 0 0 0.052561 -0.014121 -0.3123 -0.029623 -0.036792 -0.0033221 0 0
0 0 0.084934 0 0 0 0 0 0 0 0 0 0 -0.014083 0.0037834 0.083673 0.0058691 0.011293 0.00047717 0 0
-0 -0 -0.20986 0 0 0 0 0 0 0 0 0 0 0.034796 -0.009348 -0.20674 -0.018346 -0.025435 -0.0019376 0 0
0 0 0.21899 0 0 0 0 0 0 0 0 0 0 -0.03631 0.0097548 0.21574 0.013159 0.030014 0.00085757 0 0
-0 -0 -0.063315 0 0 0 0 0 0 0 0 0 0 0.010498 -0.0028203 -0.062374 -0.0049768 -0.008073 -0.0004726 0 0
-0 -0 -0.21936 0 0 0 0 0 0 0 0 0 0 0.036371 -0.0097712 -0.2161 -0.019297 -0.026491 -0.0020499 0 0
0 0 0.15519 0 0 0 0 0 0 0 0 0 0 -0.025732 0.0069129 0.15289 0.0099978 0.020984 0.00073388 0 0
0 0 0.21131 0 0 0 0 0 0 0 0 0 0 -0.035036 0.0094127 0.20817 0.012808 0.028916 0.00084822 0 0
-0 -0 -0.0011569 0 0 0 0 0 0 0 0 0 0 0.00019183 -5.1535e-05 -0.0011398 -8.6408e-05 -0.0001503 -7.7469e-06 0 0
-0 -0 -0.090141 0 0 0 0 0 0 0 0 0 0 0.014946 -0.0040153 -0.088802 -0.0072351 -0.011395 -0.00070245 0 0
-0 -0 -0.34221 0 0 0 0 0 0 0 0 0 0 0.05674 -0.015243 -0.33713 -0.032444 -0.039282 -0.0036842 0 0
-0 -0 -0.14636 0 0 0 0 0 0 0 0 0 0 0.024267 -0.0065195 -0.14419 -0.012247 -0.018155 -0.0012403 0 0
0 0 0.22129 0 0 0 0 0 0 0 0 0 0 -0.036692 0.0098574 0.21801 0.013262 0.030344 0.00086008 0 0
0 0 0.17248 0 0 0 0 0 0 0 0 0 0 -0.028598 0.0076829 0.16992 0.01091 0.02341 0.00077771 0 0
0 0 0.1939 0 0 0 0 0 0 0 0 0 0 -0.032151 0.0086374 0.19103 0.011984 0.02644 0.00082141 0 0
0 0 0.24708 0 0 0 0 0 0 0 0 0 0 -0.040968 0.011006 0.24341 0.014369 0.03405 0.00087885 0 0
