-0 -0 -0.082669 0 0 0 0 0 0 0 0 0 0 0.014065 -0.0024864 -0.081426 0.0037602 -0.0015654 0.00069731 0 0
-0 -0 -0.11208 0 0 0 0 0 0 0 0 0 0 0.019069 -0.0033711 -0.1104 0.0050651 -0.0021978 0.00094202 0 0
0 0 0.11245 0 0 0 0 0 0 0 0 0 0 -0.019131 0.003382 0.11075 -0.005296 0.0016123 -0.00096404 0 0
0 0 0.23129 0 0 0 0 0 0 0 0 0 0 -0.039351 0.0069566 0.22781 -0.011053 0.0026488 -0.0019901 0 0
0 0 0.24507 0 0 0 0 0 0 0 0 0 0 -0.041696 0.007371 0.24139 -0.011727 0.0027238 -0.0021089 0 0
0 0 0.25054 0 0 0 0 0 0 0 0 0 0 -0.042626 0.0075355 0.24677 -0.011995 0.002751 -0.002156 0 0
-0 -0 -0.31732 0 0 0 0 0 0 0 0 0 0 0.053987 -0.0095439 -0.31254 0.013578 -0.0076545 0.0025792 0 0
-0 -0 -0.34848 0 0 0 0 0 0 0 0 0 0 0.059289 -0.010481 -0.34324 0.014767 -0.0086342 0.0028144 0 0
-0 -0 -0.33754 0 0 0 0 0 0 0 0 0 0 0.057428 -0.010152 -0.33247 0.014353 -0.0082861 0.0027323 0 0
0 0 0.32471 0 0 0 0 0 0 0 0 0 0 -0.055244 0.0097662 0.31982 -0.015641 0.0029723 -0.0027925 0 0
0 0 0.14971 0 0 0 0 0 0 0 0 0 0 -0.025471 0.0045028 0.14746 -0.0070871 0.002012 -0.0012856 0 0
0 0 0.30379 0 0 0 0 0 0 0 0 0 0 -0.051686 0.0091371 0.29922 -0.014611 0.0029376 -0.0026136 0 0
0 0 0.010061 0 0 0 0 0 0 0 0 0 0 -0.0017117 0.0003026 0.0099095 -0.00046607 0.00016879 -8.566e-05 0 0
0 0 0.12837 0 0 0 0 0 0 0 0 0 0 -0.021841 0.0038611 0.12644 -0.0060598 0.0017914 -0.0011014 0 0
-0 -0 -0.13317 0 0 0 0 0 0 0 0 0 0 0.022656 -0.0040053 -0.13116 0.0059889 -0.002675 0.0011162 0 0
-0 -0 -0.23073 0 0 0 0 0 0 0 0 0 0 0.039256 -0.0069398 -0.22726 0.010124 -0.0051362 0.0019056 0 0
0 0 0.07624 0 0 0 0 0 0 0 0 0 0 -0.012971 0.0022931 0.075094 -0.0035714 0.0011594 -0.0006523 0 0
-0 -0 -0.24604 0 0 0 0 0 0 0 0 0 0 0.041861 -0.0074003 -0.24234 0.01075 -0.0055592 0.0020267 0 0
-0 -0 -0.28309 0 0 0 0 0 0 0 0 0 0 0.048164 -0.0085146 -0.27884 0.012239 -0.0066229 0.0023163 0 0
-0 -0 -0.10309 0 0 0 0 0 0 0 0 0 0 0.01754 -0.0031008 -0.10154 0.0046683 -0.0020004 0.00086746 0 0
-0 -0 -0.32921 0 0 0 0 0 0 0 0 0 0 0.05601 -0.0099016 -0.32426 0.014036 -0.0080239 0.0026694 0 0
-0 -0 -0.30367 0 0 0 0 0 0 0 0 0 0 0.051666 -0.0091336 -0.29911 0.013049 -0.0072377 0.002475 0 0
0 0 0.051101 0 0 0 0 0 0 0 0 0 0 -0.0086941 0.001537 0.050332 -0.0023841 0.00080769 -0.00043648 0 0
-0 -0 -0.27744 0 0 0 0 0 0 0 0 0 0 0.047202 -0.0083445 -0.27326 0.012014 -0.0064568 0.0022724 0 0
-0 -0 -0.21058 0 0 0 0 0 0 0 0 0 0 0.035827 -0.0063336 -0.20741 0.0092896 -0.0045943 0.0017449 0 0
-0 -0 -0.33007 0 0 0 0 0 0 0 0 0 0 0.056157 -0.0099275 -0.32511 0.014068 -0.0080509 0.0026759 0 0
0 0 0.19287 0 0 0 0 0 0 0 0 0 0 -0.032814 0.005801 0.18997 -0.0091786 0.0023898 -0.0016584 0 0
0 0 0.30328 0 0 0 0 0 0 0 0 0 0 -0.051598 0.0091216 0.29871 -0.014586 0.0029365 -0.0026092 0 0
0 0 0.18364 0 0 0 0 0 0 0 0 0 0 -0.031243 0.0055233 0.18088 -0.0087299 0.0023167 -0.0015787 0 0
0 0 0.33554 0 0 0 0 0 0 0 0 0 0 -0.057087 0.010092 0.33049 -0.016175 0.0029816 -0.002885 0 0
0 0 0.25621 0 0 0 0 0 0 0 0 0 0 -0.043591 0.0077062 0.25236 -0.012274 0.0027776 -0.0022049 0 0
-0 -0 -0.25461 0 0 0 0 0 0 0 0 0 0 0.043318 -0.0076579 -0.25078 0.011098 -0.0058002 0.0020941 0 0
0 0 0.33431 0 0 0 0 0 0 0 0 0 0 -0.056879 0.010055 0.32929 -0.016114 0.0029808 -0.0028745 0 0
-0 -0 -0.16013 0 0 0 0 0 0 0 0 0 0 0.027244 -0.0048162 -0.15772 0.0071552 -0.0033139 0.0013371 0 0
0 0 0.30558 0 0 0 0 0 0 0 0 0 0 -0.05199 0.0091909 0.30098 -0.014699 0.0029414 -0.0026289 0 0
0 0 0.018393 0 0 0 0 0 0 0 0 0 0 -0.0031292 0.00055319 0.018116 -0.00085331 0.00030496 -0.00015671 0 0
-0 -0 -0.16915 0 0 0 0 0 0 0 0 0 0 0.028778 -0.0050874 -0.1666 0.0075413 -0.0035347 0.0014106 0 0
-0 -0 -0.15781 0 0 0 0 0 0 0 0 0 0 0.02685 -0.0047465 -0.15544 0.0070557 -0.0032578 0.0013182 0 0
0 0 0.28295 0 0 0 0 0 0 0 0 0 0 -0.048141 0.0085105 0.2787 -0.013587 0.0028814 -0.0024349 0 0
0 0 0.038842 0 0 0 0 0 0 0 0 0 0 -0.0066085 0.0011683 0.038258 -0.0018085 0.00062524 -0.00033148 0 0
-0 -0 -0.016568 0 0 0 0 0 0 0 0 0 0 0.0028188 -0.00049831 -0.016318 0.00076372 -0.00028831 0.00014072 0 0
-0 -0 -0.058298 0 0 0 0 0 0 0 0 0 0 0.0099186 -0.0017534 -0.057421 0.0026653 -0.0010711 0.00049309 0 0
0 0 0.24232 0 0 0 0 0 0 0 0 0 0 -0.041227 0.0072882 0.23867 -0.011593 0.0027096 -0.0020852 0 0
0 0 0.041837 0 0 0 0 0 0 0 0 0 0 -0.0071179 0.0012583 0.041208 -0.0019489 0.00067047 -0.00035711 0 0
0 0 0.067669 0 0 0 0 0 0 0 0 0 0 -0.011513 0.0020353 0.066651 -0.0031656 0.0010429 -0.00057865 0 0
0 0 0.28507 0 0 0 0 0 0 0 0 0 0 -0.048501 0.0085741 0.28078 -0.013691 0.0028881 -0.002453 0 0
0 0 0.16384 0 0 0 0 0 0 0 0 0 0 -0.027876 0.0049279 0.16138 -0.0077702 0.0021458 -0.0014077 0 0
-0 -0 -0.16516 0 0 0 0 0 0 0 0 0 0 0.0281 -0.0049677 -0.16268 0.0073711 -0.0034368 0.0013782 0 0
0 0 0.34096 0 0 0 0 0 0 0 0 0 0 -0.058009 0.010255 0.33583 -0.016442 0.0029841 -0.0029311 0 0
-0 -0 -0.22889 0 0 0 0 0 0 0 0 0 0 0.038942 -0.0068843 -0.22545 0.010048 -0.0050859 0.0018909 0 0
0 0 0.11874 0 0 0 0 0 0 0 0 0 0 -0.020202 0.0035714 0.11695 -0.0055975 0.0016846 -0.0010183 0 0
-0 -0 -0.34284 0 0 0 0 0 0 0 0 0 0 0.058329 -0.010311 -0.33768 0.014554 -0.008454 0.0027721 0 0
-0 -0 -0.031753 0 0 0 0 0 0 0 0 0 0 0.0054024 -0.00095504 -0.031276 0.0014595 -0.00056383 0.00026931 0 0
-0 -0 -0.10064 0 0 0 0 0 0 0 0 0 0 0.017123 -0.0030271 -0.09913 0.0045599 -0.0019472 0.0008471 0 0
-0 -0 -0.15199 0 0 0 0 0 0 0 0 0 0 0.02586 -0.0045715 -0.14971 0.0068051 -0.0031178 0.0012707 0 0
-0 -0 -0.32216 0 0 0 0 0 0 0 0 0 0 0.05481 -0.0096895 -0.31731 0.013765 -0.0078042 0.002616 0 0
0 0 0.33016 0 0 0 0 0 0 0 0 0 0 -0.056172 0.0099302 0.32519 -0.01591 0.0029777 -0.0028391 0 0
0 0 0.018245 0 0 0 0 0 0 0 0 0 0 -0.0031042 0.00054877 0.017971 -0.00084645 0.00030258 -0.00015545 0 0
-0 -0 -0.26409 0 0 0 0 0 0 0 0 0 0 0.044931 -0.007943 -0.26012 0.01148 -0.0060702 0.0021684 0 0
-0 -0 -0.26102 0 0 0 0 0 0 0 0 0 0 0.044408 -0.0078506 -0.25709 0.011357 -0.0059823 0.0021443 0 0
0 0 0.28615 0 0 0 0 0 0 0 0 0 0 -0.048684 0.0086064 0.28184 -0.013743 0.0028914 -0.0024622 0 0
0 0 0.013889 0 0 0 0 0 0 0 0 0 0 -0.0023631 0.00041775 0.01368 -0.00064386 0.00023177 -0.00011829 0 0
-0 -0 -0.011734 0 0 0 0 0 0 0 0 0 0 0.0019963 -0.00035292 -0.011557 0.00054139 -0.00020287 9.9712e-05 0 0
0 0 0.13893 0 0 0 0 0 0 0 0 0 0 -0.023638 0.0041787 0.13684 -0.0065676 0.0019034 -0.0011926 0 0
0 0 0.061164 0 0 0 0 0 0 0 0 0 0 -0.010406 0.0018396 0.060244 -0.0028583 0.00095209 -0.00052279 0 0
-0 -0 -0.28695 0 0 0 0 0 0 0 0 0 0 0.048821 -0.0086306 -0.28264 0.012392 -0.0067368 0.0023462 0 0
0 0 0.31103 0 0 0 0 0 0 0 0 0 0 -0.052917 0.0093548 0.30635 -0.014968 0.0029521 -0.0026756 0 0
0 0 0.18841 0 0 0 0 0 0 0 0 0 0 -0.032056 0.0056669 0.18558 -0.0089618 0.002355 -0.0016199 0 0
0 0 0.033382 0 0 0 0 0 0 0 0 0 0 -0.0056794 0.001004 0.03288 -0.0015528 0.00054166 -0.00028476 0 0
-0 -0 -0.17771 0 0 0 0 0 0 0 0 0 0 0.030235 -0.005345 -0.17504 0.0079063 -0.0037477 0.0014801 0 0
0 0 0.33405 0 0 0 0 0 0 0 0 0 0 -0.056834 0.010047 0.32902 -0.016101 0.0029807 -0.0028723 0 0
-0 -0 -0.21862 0 0 0 0 0 0 0 0 0 0 0.037195 -0.0065755 -0.21533 0.0096238 -0.0048085 0.0018092 0 0
-0 -0 -0.1731 0 0 0 0 0 0 0 0 0 0 0.029451 -0.0052064 -0.1705 0.0077101 -0.0036327 0.0014427 0 0
-0 -0 -0.0029948 0 0 0 0 0 0 0 0 0 0 0.00050952 -9.0074e-05 -0.0029497 0.0001384 -5.1163e-05 2.5469e-05 0 0
-0 -0 -0.12823 0 0 0 0 0 0 0 0 0 0 0.021817 -0.0038568 -0.1263 0.0057735 -0.0025615 0.0010755 0 0
-0 -0 -0.050155 0 0 0 0 0 0 0 0 0 0 0.0085332 -0.0015085 -0.049401 0.0022968 -0.00091206 0.00042459 0 0
0 0 0.058012 0 0 0 0 0 0 0 0 0 0 -0.0098698 0.0017448 0.057139 -0.0027096 0.00090738 -0.00049575 0 0
0 0 0.09209 0 0 0 0 0 0 0 0 0 0 -0.015668 0.0027698 0.090705 -0.0043243 0.0013654 -0.00078866 0 0
0 0 0.28993 0 0 0 0 0 0 0 0 0 0 -0.049327 0.0087202 0.28557 -0.013929 0.0029027 -0.0024947 0 0
-0 -0 -0.047174 0 0 0 0 0 0 0 0 0 0 0.008026 -0.0014189 -0.046465 0.0021616 -0.00085458 0.00039948 0 0
-0 -0 -0.050572 0 0 0 0 0 0 0 0 0 0 0.0086042 -0.0015211 -0.049812 0.0023157 -0.00092013 0.0004281 0 0
-0 -0 -0.021672 0 0 0 0 0 0 0 0 0 0 0.0036873 -0.00065184 -0.021346 0.00099806 -0.00037973 0.000184 0 0
-0 -0 -0.32097 0 0 0 0 0 0 0 0 0 0 0.054609 -0.0096539 -0.31614 0.013719 -0.0077675 0.002607 0 0
-0 -0 -0.27784 0 0 0 0 0 0 0 0 0 0 0.047271 -0.0083566 -0.27366 0.01203 -0.0064687 0.0022756 0 0
-0 -0 -0.11444 0 0 0 0 0 0 0 0 0 0 0.019471 -0.0034421 -0.11272 0.005169 -0.0022502 0.00096157 0 0
-0 -0 -0.010906 0 0 0 0 0 0 0 0 0 0 0.0018554 -0.00032801 -0.010742 0.00050325 -0.00018833 9.268e-05 0 0
-0 -0 -0.11252 0 0 0 0 0 0 0 0 0 0 0.019143 -0.0033842 -0.11083 0.0050843 -0.0022074 0.00094564 0 0
-0 -0 -0.27088 0 0 0 0 0 0 0 0 0 0 0.046086 -0.0081472 -0.2668 0.011752 -0.0062659 0.0022214 0 0
0 0 0.11227 0 0 0 0 0 0 0 0 0 0 -0.019101 0.0033768 0.11058 -0.0052877 0.0016103 -0.00096253 0 0
-0 -0 -0.13362 0 0 0 0 0 0 0 0 0 0 0.022733 -0.0040188 -0.13161 0.0060084 -0.0026854 0.0011199 0 0
-0 -0 -0.34757 0 0 0 0 0 0 0 0 0 0 0.059133 -0.010454 -0.34234 0.014733 -0.0086049 0.0028076 0 0
-0 -0 -0.13084 0 0 0 0 0 0 0 0 0 0 0.022261 -0.0039354 -0.12888 0.0058876 -0.0026215 0.001097 0 0
0 0 0.23559 0 0 0 0 0 0 0 0 0 0 -0.040083 0.0070859 0.23205 -0.011263 0.0026732 -0.0020272 0 0
-0 -0 -0.25185 0 0 0 0 0 0 0 0 0 0 0.042849 -0.007575 -0.24807 0.010986 -0.0057223 0.0020725 0 0
0 0 0.13925 0 0 0 0 0 0 0 0 0 0 -0.023692 0.0041884 0.13716 -0.0065831 0.0019067 -0.0011953 0 0
0 0 0.14863 0 0 0 0 0 0 0 0 0 0 -0.025287 0.0044703 0.14639 -0.007035 0.0020013 -0.0012763 0 0
-0 -0 -0.02889 0 0 0 0 0 0 0 0 0 0 0.0049152 -0.00086893 -0.028456 0.0013286 -0.00051106 0.0002451 0 0
0 0 0.17454 0 0 0 0 0 0 0 0 0 0 -0.029695 0.0052496 0.17191 -0.0082883 0.0022405 -0.0015001 0 0
-0 -0 -0.073288 0 0 0 0 0 0 0 0 0 0 0.012469 -0.0022043 -0.072186 0.0033402 -0.0013719 0.00061885 0 0
0 0 0.24559 0 0 0 0 0 0 0 0 0 0 -0.041784 0.0073866 0.2419 -0.011753 0.0027264 -0.0021134 0 0
