-0 -0 -0.11183 0 0 0 0 0 0 0 0 0 0 0.018541 -0.0049812 -0.11017 0.0045958 -0.003046 0.00091123 0 0
0 0 0.21061 0 0 0 0 0 0 0 0 0 0 -0.03492 0.0093813 0.20748 -0.0094502 0.0042422 -0.0017823 0 0
-0 -0 -0.01228 0 0 0 0 0 0 0 0 0 0 0.0020361 -0.00054701 -0.012098 0.00052095 -0.00030868 0.00010164 0 0
-0 -0 -0.30612 0 0 0 0 0 0 0 0 0 0 0.050756 -0.013636 -0.30157 0.011674 -0.0095089 0.0023948 0 0
0 0 0.16866 0 0 0 0 0 0 0 0 0 0 -0.027965 0.0075128 0.16615 -0.0074997 0.0035602 -0.0014232 0 0
0 0 0.18786 0 0 0 0 0 0 0 0 0 0 -0.031148 0.0083681 0.18507 -0.0083889 0.0038827 -0.0015875 0 0
0 0 0.31119 0 0 0 0 0 0 0 0 0 0 -0.051597 0.013862 0.30657 -0.014231 0.0055347 -0.0026454 0 0
-0 -0 -0.26021 0 0 0 0 0 0 0 0 0 0 0.043145 -0.011591 -0.25635 0.010117 -0.0078573 0.002058 0 0
0 0 0.14402 0 0 0 0 0 0 0 0 0 0 -0.02388 0.0064154 0.14189 -0.0063683 0.0031211 -0.0012129 0 0
0 0 0.21734 0 0 0 0 0 0 0 0 0 0 -0.036036 0.0096811 0.21411 -0.0097657 0.0043438 -0.00184 0 0
0 0 0.054506 0 0 0 0 0 0 0 0 0 0 -0.0090374 0.0024279 0.053697 -0.0023564 0.0012906 -0.00045496 0 0
0 0 0.068492 0 0 0 0 0 0 0 0 0 0 -0.011356 0.0030509 0.067475 -0.0029721 0.0016006 -0.0005726 0 0
0 0 0.29173 0 0 0 0 0 0 0 0 0 0 -0.048371 0.012995 0.2874 -0.013296 0.0053228 -0.0024785 0 0
-0 -0 -0.01718 0 0 0 0 0 0 0 0 0 0 0.0028485 -0.00076527 -0.016925 0.00072774 -0.00043365 0.00014209 0 0
0 0 0.06552 0 0 0 0 0 0 0 0 0 0 -0.010864 0.0029185 0.064547 -0.0028409 0.0015354 -0.00054757 0 0
0 0 0.2078 0 0 0 0 0 0 0 0 0 0 -0.034454 0.0092562 0.20471 -0.0093186 0.0041991 -0.0017582 0 0
-0 -0 -0.25699 0 0 0 0 0 0 0 0 0 0 0.04261 -0.011447 -0.25317 0.010005 -0.0077439 0.002034 0 0
-0 -0 -0.21859 0 0 0 0 0 0 0 0 0 0 0.036244 -0.009737 -0.21534 0.0086409 -0.0064241 0.0017448 0 0
0 0 0.31501 0 0 0 0 0 0 0 0 0 0 -0.052231 0.014032 0.31033 -0.014415 0.0055741 -0.0026781 0 0
-0 -0 -0.22187 0 0 0 0 0 0 0 0 0 0 0.036787 -0.0098829 -0.21857 0.0087592 -0.0065346 0.0017697 0 0
-0 -0 -0.016886 0 0 0 0 0 0 0 0 0 0 0.0027999 -0.00075219 -0.016636 0.00071537 -0.00042613 0.00013967 0 0
0 0 0.11737 0 0 0 0 0 0 0 0 0 0 -0.01946 0.005228 0.11562 -0.0051566 0.0026143 -0.00098609 0 0
-0 -0 -0.067614 0 0 0 0 0 0 0 0 0 0 0.011211 -0.0030118 -0.06661 0.0028197 -0.0017793 0.00055502 0 0
-0 -0 -0.24649 0 0 0 0 0 0 0 0 0 0 0.04087 -0.01098 -0.24283 0.009637 -0.007378 0.0019556 0 0
-0 -0 -0.29967 0 0 0 0 0 0 0 0 0 0 0.049687 -0.013349 -0.29522 0.01146 -0.0092725 0.0023481 0 0
-0 -0 -0.33182 0 0 0 0 0 0 0 0 0 0 0.055018 -0.014781 -0.3269 0.012513 -0.010465 0.0025792 0 0
0 0 0.16788 0 0 0 0 0 0 0 0 0 0 -0.027835 0.007478 0.16538 -0.0074636 0.0035467 -0.0014165 0 0
0 0 0.18814 0 0 0 0 0 0 0 0 0 0 -0.031195 0.0083806 0.18535 -0.008402 0.0038873 -0.0015899 0 0
0 0 0.32767 0 0 0 0 0 0 0 0 0 0 -0.054329 0.014596 0.3228 -0.015026 0.0056996 -0.0027866 0 0
0 0 0.28018 0 0 0 0 0 0 0 0 0 0 -0.046456 0.012481 0.27602 -0.012743 0.0051884 -0.0023794 0 0
0 0 0.31429 0 0 0 0 0 0 0 0 0 0 -0.052111 0.014 0.30962 -0.01438 0.0055667 -0.0026719 0 0
-0 -0 -0.20087 0 0 0 0 0 0 0 0 0 0 0.033306 -0.0089478 -0.19789 0.0079949 -0.0058334 0.0016093 0 0
0 0 0.10974 0 0 0 0 0 0 0 0 0 0 -0.018196 0.0048885 0.10812 -0.0048127 0.0024634 -0.00092139 0 0
-0 -0 -0.29049 0 0 0 0 0 0 0 0 0 0 0.048165 -0.01294 -0.28618 0.011153 -0.0089385 0.0022812 0 0
-0 -0 -0.33112 0 0 0 0 0 0 0 0 0 0 0.054902 -0.01475 -0.3262 0.012491 -0.010439 0.0025742 0 0
0 0 0.21667 0 0 0 0 0 0 0 0 0 0 -0.035926 0.0096516 0.21346 -0.0097346 0.0043339 -0.0018344 0 0
-0 -0 -0.18213 0 0 0 0 0 0 0 0 0 0 0.030198 -0.0081127 -0.17942 0.0073001 -0.0052211 0.0014647 0 0
-0 -0 -0.1457 0 0 0 0 0 0 0 0 0 0 0.024157 -0.00649 -0.14353 0.0059178 -0.0040698 0.00118 0 0
-0 -0 -0.2278 0 0 0 0 0 0 0 0 0 0 0.03777 -0.010147 -0.22442 0.0089725 -0.0067357 0.0018147 0 0
0 0 0.15809 0 0 0 0 0 0 0 0 0 0 -0.026213 0.0070422 0.15575 -0.0070132 0.0033754 -0.001333 0 0
-0 -0 -0.18486 0 0 0 0 0 0 0 0 0 0 0.030651 -0.0082344 -0.18211 0.007402 -0.0053095 0.0014859 0 0
-0 -0 -0.27003 0 0 0 0 0 0 0 0 0 0 0.044773 -0.012028 -0.26602 0.010456 -0.0082043 0.0021308 0 0
0 0 0.33521 0 0 0 0 0 0 0 0 0 0 -0.05558 0.014932 0.33024 -0.015391 0.0057707 -0.0028512 0 0
-0 -0 -0.074017 0 0 0 0 0 0 0 0 0 0 0.012273 -0.0032971 -0.072918 0.0030804 -0.0019578 0.00060697 0 0
0 0 0.023307 0 0 0 0 0 0 0 0 0 0 -0.0038644 0.0010382 0.022961 -0.00099898 0.00056785 -0.00019381 0 0
0 0 0.10039 0 0 0 0 0 0 0 0 0 0 -0.016646 0.004472 0.098904 -0.0043924 0.0022746 -0.00084212 0 0
-0 -0 -0.044361 0 0 0 0 0 0 0 0 0 0 0.0073553 -0.001976 -0.043702 0.0018636 -0.0011456 0.00036546 0 0
0 0 0.14901 0 0 0 0 0 0 0 0 0 0 -0.024707 0.0066377 0.1468 -0.0065965 0.0032123 -0.0012555 0 0
0 0 0.31635 0 0 0 0 0 0 0 0 0 0 -0.052453 0.014092 0.31165 -0.01448 0.0055878 -0.0026896 0 0
0 0 0.13658 0 0 0 0 0 0 0 0 0 0 -0.022646 0.0060838 0.13455 -0.0060285 0.0029829 -0.0011495 0 0
-0 -0 -0.13008 0 0 0 0 0 0 0 0 0 0 0.021568 -0.0057944 -0.12815 0.0053126 -0.0035921 0.0010566 0 0
-0 -0 -0.22024 0 0 0 0 0 0 0 0 0 0 0.036516 -0.0098103 -0.21697 0.0087004 -0.0064796 0.0017573 0 0
0 0 0.082345 0 0 0 0 0 0 0 0 0 0 -0.013653 0.003668 0.081122 -0.0035862 0.0018989 -0.00068944 0 0
0 0 0.23721 0 0 0 0 0 0 0 0 0 0 -0.03933 0.010566 0.23368 -0.010701 0.0046314 -0.0020105 0 0
0 0 0.23482 0 0 0 0 0 0 0 0 0 0 -0.038934 0.01046 0.23133 -0.010588 0.0045978 -0.00199 0 0
0 0 0.11961 0 0 0 0 0 0 0 0 0 0 -0.019831 0.0053278 0.11783 -0.0052579 0.0026581 -0.0010051 0 0
-0 -0 -0.26744 0 0 0 0 0 0 0 0 0 0 0.044343 -0.011913 -0.26347 0.010367 -0.0081124 0.0021116 0 0
-0 -0 -0.1384 0 0 0 0 0 0 0 0 0 0 0.022947 -0.0061648 -0.13634 0.0056358 -0.0038453 0.0011224 0 0
0 0 0.28034 0 0 0 0 0 0 0 0 0 0 -0.046481 0.012487 0.27617 -0.012751 0.0051902 -0.0023807 0 0
0 0 0.32096 0 0 0 0 0 0 0 0 0 0 -0.053217 0.014297 0.3162 -0.014702 0.0056341 -0.0027292 0 0
-0 -0 -0.14385 0 0 0 0 0 0 0 0 0 0 0.023852 -0.0064079 -0.14172 0.0058467 -0.0040129 0.0011655 0 0
-0 -0 -0.019727 0 0 0 0 0 0 0 0 0 0 0.0032709 -0.00087874 -0.019434 0.00083501 -0.00049903 0.0001631 0 0
-0 -0 -0.20189 0 0 0 0 0 0 0 0 0 0 0.033475 -0.0089931 -0.19889 0.0080322 -0.005867 0.0016171 0 0
0 0 0.21225 0 0 0 0 0 0 0 0 0 0 -0.035192 0.0094544 0.20909 -0.009527 0.0042672 -0.0017964 0 0
0 0 0.32527 0 0 0 0 0 0 0 0 0 0 -0.053932 0.014489 0.32044 -0.01491 0.0056764 -0.0027661 0 0
-0 -0 -0.31613 0 0 0 0 0 0 0 0 0 0 0.052417 -0.014082 -0.31144 0.012004 -0.0098788 0.002467 0 0
-0 -0 -0.0046178 0 0 0 0 0 0 0 0 0 0 0.00076567 -0.0002057 -0.0045493 0.00019634 -0.00011531 3.8259e-05 0 0
0 0 0.27908 0 0 0 0 0 0 0 0 0 0 -0.046272 0.012431 0.27493 -0.012691 0.0051751 -0.0023699 0 0
0 0 0.017381 0 0 0 0 0 0 0 0 0 0 -0.0028819 0.00077423 0.017123 -0.00074374 0.00042572 -0.00014442 0 0
-0 -0 -0.051315 0 0 0 0 0 0 0 0 0 0 0.0085083 -0.0022858 -0.050553 0.0021511 -0.0013327 0.0004223 0 0
0 0 0.29945 0 0 0 0 0 0 0 0 0 0 -0.04965 0.013339 0.295 -0.013666 0.0054091 -0.0025447 0 0
-0 -0 -0.14207 0 0 0 0 0 0 0 0 0 0 0.023556 -0.0063284 -0.13996 0.0057779 -0.003958 0.0011514 0 0
0 0 0.34857 0 0 0 0 0 0 0 0 0 0 -0.057795 0.015527 0.34339 -0.016038 0.0058897 -0.0029655 0 0
0 0 0.060366 0 0 0 0 0 0 0 0 0 0 -0.010009 0.002689 0.059469 -0.0026139 0.0014215 -0.0005042 0 0
-0 -0 -0.32813 0 0 0 0 0 0 0 0 0 0 0.054406 -0.014616 -0.32326 0.012394 -0.010326 0.0025529 0 0
0 0 0.17099 0 0 0 0 0 0 0 0 0 0 -0.028351 0.0076167 0.16845 -0.0076074 0.0036003 -0.0014431 0 0
0 0 0.017522 0 0 0 0 0 0 0 0 0 0 -0.0029053 0.00078052 0.017262 -0.00074981 0.00042912 -0.0001456 0 0
0 0 0.068785 0 0 0 0 0 0 0 0 0 0 -0.011405 0.003064 0.067763 -0.0029851 0.001607 -0.00057506 0 0
0 0 0.059019 0 0 0 0 0 0 0 0 0 0 -0.0097857 0.002629 0.058142 -0.0025546 0.0013916 -0.00049288 0 0
-0 -0 -0.178 0 0 0 0 0 0 0 0 0 0 0.029513 -0.0079287 -0.17535 0.0071454 -0.005088 0.0014327 0 0
-0 -0 -0.00042291 0 0 0 0 0 0 0 0 0 0 7.012e-05 -1.8838e-05 -0.00041663 1.8003e-05 -1.0522e-05 3.5058e-06 0 0
-0 -0 -0.25307 0 0 0 0 0 0 0 0 0 0 0.041961 -0.011273 -0.24931 0.0098679 -0.0076069 0.0020048 0 0
-0 -0 -0.10481 0 0 0 0 0 0 0 0 0 0 0.017378 -0.0046686 -0.10325 0.0043176 -0.0028396 0.00085508 0 0
0 0 0.33754 0 0 0 0 0 0 0 0 0 0 -0.055966 0.015035 0.33253 -0.015503 0.005792 -0.0028711 0 0
0 0 0.061819 0 0 0 0 0 0 0 0 0 0 -0.01025 0.0027537 0.060901 -0.0026778 0.0014538 -0.00051643 0 0
-0 -0 -0.31723 0 0 0 0 0 0 0 0 0 0 0.052599 -0.014131 -0.31252 0.01204 -0.0099197 0.0024749 0 0
-0 -0 -0.23956 0 0 0 0 0 0 0 0 0 0 0.039721 -0.010671 -0.23601 0.0093921 -0.0071384 0.0019035 0 0
0 0 0.10916 0 0 0 0 0 0 0 0 0 0 -0.018099 0.0048623 0.10754 -0.0047862 0.0024516 -0.0009164 0 0
0 0 0.070363 0 0 0 0 0 0 0 0 0 0 -0.011667 0.0031343 0.069319 -0.0030549 0.0016414 -0.00058836 0 0
0 0 0.084072 0 0 0 0 0 0 0 0 0 0 -0.01394 0.0037449 0.082824 -0.0036631 0.0019355 -0.00070403 0 0
0 0 0.19339 0 0 0 0 0 0 0 0 0 0 -0.032066 0.0086146 0.19052 -0.0086464 0.0039724 -0.0016348 0 0
-0 -0 -0.084925 0 0 0 0 0 0 0 0 0 0 0.014081 -0.003783 -0.083664 0.0035218 -0.0022658 0.00069518 0 0
0 0 0.11239 0 0 0 0 0 0 0 0 0 0 -0.018635 0.0050065 0.11072 -0.0049321 0.0025161 -0.00094387 0 0
0 0 0.31914 0 0 0 0 0 0 0 0 0 0 -0.052915 0.014216 0.3144 -0.014614 0.0056159 -0.0027136 0 0
0 0 0.23681 0 0 0 0 0 0 0 0 0 0 -0.039265 0.010549 0.2333 -0.010683 0.0046259 -0.0020071 0 0
0 0 0.28701 0 0 0 0 0 0 0 0 0 0 -0.047587 0.012785 0.28274 -0.01307 0.0052686 -0.0024379 0 0
0 0 0.055077 0 0 0 0 0 0 0 0 0 0 -0.0091322 0.0024534 0.05426 -0.0023815 0.0013034 -0.00045975 0 0
0 0 0.13575 0 0 0 0 0 0 0 0 0 0 -0.022508 0.0060469 0.13373 -0.0059908 0.0029674 -0.0011424 0 0
0 0 0.21432 0 0 0 0 0 0 0 0 0 0 -0.035535 0.0095467 0.21114 -0.0096241 0.0042985 -0.0018141 0 0
-0 -0 -0.073538 0 0 0 0 0 0 0 0 0 0 0.012193 -0.0032757 -0.072446 0.0030609 -0.0019444 0.00060308 0 0
