0 0 0.32108 0 0 0 0 0 0 0 0 0 0 -0.054627 0.0096571 0.31625 -0.030925 0.0059356 -0.005523 0 0
0 0 0.14793 0 0 0 0 0 0 0 0 0 0 -0.025169 0.0044494 0.14571 -0.014003 0.0039889 -0.0025406 0 0
-0 -0 -0.101 0 0 0 0 0 0 0 0 0 0 0.017184 -0.0030378 -0.09948 0.0091512 -0.0039098 0.0017001 0 0
0 0 0.028051 0 0 0 0 0 0 0 0 0 0 -0.0047725 0.0008437 0.027629 -0.0026073 0.00091741 -0.00047837 0 0
-0 -0 -0.19993 0 0 0 0 0 0 0 0 0 0 0.034015 -0.0060132 -0.19692 0.017689 -0.0086298 0.003319 0 0
-0 -0 -0.080358 0 0 0 0 0 0 0 0 0 0 0.013672 -0.0024169 -0.07915 0.0073138 -0.0030347 0.001356 0 0
0 0 0.30514 0 0 0 0 0 0 0 0 0 0 -0.051916 0.0091779 0.30056 -0.029356 0.0058811 -0.0052504 0 0
0 0 0.11035 0 0 0 0 0 0 0 0 0 0 -0.018775 0.0033191 0.10869 -0.010392 0.0031757 -0.001892 0 0
0 0 0.20356 0 0 0 0 0 0 0 0 0 0 -0.034634 0.0061226 0.2005 -0.019399 0.0049384 -0.0035016 0 0
-0 -0 -0.15918 0 0 0 0 0 0 0 0 0 0 0.027083 -0.0047878 -0.15679 0.014229 -0.006582 0.0026588 0 0
0 0 0.19194 0 0 0 0 0 0 0 0 0 0 -0.032656 0.005773 0.18905 -0.018267 0.0047652 -0.0033008 0 0
0 0 0.055746 0 0 0 0 0 0 0 0 0 0 -0.0094844 0.0016767 0.054908 -0.0052056 0.0017499 -0.00095262 0 0
-0 -0 -0.022751 0 0 0 0 0 0 0 0 0 0 0.0038708 -0.00068429 -0.022409 0.0020951 -0.00079841 0.00038627 0 0
0 0 0.13879 0 0 0 0 0 0 0 0 0 0 -0.023614 0.0041745 0.13671 -0.013122 0.0038038 -0.0023827 0 0
-0 -0 -0.22132 0 0 0 0 0 0 0 0 0 0 0.037654 -0.0066566 -0.21799 0.019471 -0.0097619 0.0036614 0 0
0 0 0.23374 0 0 0 0 0 0 0 0 0 0 -0.039767 0.0070302 0.23022 -0.022345 0.0053256 -0.0040224 0 0
-0 -0 -0.0065024 0 0 0 0 0 0 0 0 0 0 0.0011063 -0.00019557 -0.0064046 0.00060063 -0.00022324 0.00011057 0 0
0 0 0.075011 0 0 0 0 0 0 0 0 0 0 -0.012762 0.0022561 0.073883 -0.0070263 0.0022857 -0.0012835 0 0
0 0 0.12718 0 0 0 0 0 0 0 0 0 0 -0.021639 0.0038253 0.12527 -0.012005 0.0035569 -0.0021823 0 0
-0 -0 -0.083424 0 0 0 0 0 0 0 0 0 0 0.014194 -0.0025092 -0.08217 0.0075879 -0.0031623 0.0014072 0 0
0 0 0.32756 0 0 0 0 0 0 0 0 0 0 -0.055729 0.0098519 0.32263 -0.031563 0.0059506 -0.0056337 0 0
-0 -0 -0.16254 0 0 0 0 0 0 0 0 0 0 0.027655 -0.0048889 -0.1601 0.014518 -0.0067455 0.0027137 0 0
0 0 0.21746 0 0 0 0 0 0 0 0 0 0 -0.036997 0.0065405 0.21419 -0.020754 0.0051279 -0.0037415 0 0
0 0 0.21921 0 0 0 0 0 0 0 0 0 0 -0.037295 0.0065931 0.21591 -0.020925 0.0051504 -0.0037717 0 0
-0 -0 -0.32473 0 0 0 0 0 0 0 0 0 0 0.055248 -0.0097669 -0.31985 0.027728 -0.015768 0.005271 0 0
-0 -0 -0.13115 0 0 0 0 0 0 0 0 0 0 0.022313 -0.0039445 -0.12917 0.011802 -0.0052568 0.0021991 0 0
0 0 0.15999 0 0 0 0 0 0 0 0 0 0 -0.02722 0.004812 0.15758 -0.015167 0.0042205 -0.0027488 0 0
0 0 0.11493 0 0 0 0 0 0 0 0 0 0 -0.019554 0.0034568 0.1132 -0.01083 0.0032821 -0.0019709 0 0
0 0 0.27588 0 0 0 0 0 0 0 0 0 0 -0.046937 0.0082976 0.27173 -0.026478 0.0057148 -0.0047481 0 0
0 0 0.070553 0 0 0 0 0 0 0 0 0 0 -0.012004 0.002122 0.069492 -0.006604 0.0021649 -0.0012068 0 0
-0 -0 -0.25639 0 0 0 0 0 0 0 0 0 0 0.043622 -0.0077116 -0.25254 0.02234 -0.011701 0.0042162 0 0
-0 -0 -0.073178 0 0 0 0 0 0 0 0 0 0 0.01245 -0.002201 -0.072078 0.0066705 -0.0027394 0.0012359 0 0
-0 -0 -0.34442 0 0 0 0 0 0 0 0 0 0 0.058598 -0.010359 -0.33924 0.029228 -0.017009 0.005568 0 0
0 0 0.14735 0 0 0 0 0 0 0 0 0 0 -0.02507 0.004432 0.14514 -0.013947 0.0039774 -0.0025305 0 0
0 0 0.29315 0 0 0 0 0 0 0 0 0 0 -0.049875 0.0088171 0.28874 -0.028176 0.0058233 -0.0050447 0 0
0 0 0.31286 0 0 0 0 0 0 0 0 0 0 -0.053228 0.0094098 0.30815 -0.030115 0.0059106 -0.0053824 0 0
-0 -0 -0.34406 0 0 0 0 0 0 0 0 0 0 0.058537 -0.010348 -0.33889 0.029201 -0.016986 0.0055626 0 0
-0 -0 -0.092178 0 0 0 0 0 0 0 0 0 0 0.015683 -0.0027724 -0.090791 0.0083681 -0.0035311 0.0015533 0 0
0 0 0.15669 0 0 0 0 0 0 0 0 0 0 -0.026658 0.0047126 0.15433 -0.014848 0.0041585 -0.0026917 0 0
0 0 0.19063 0 0 0 0 0 0 0 0 0 0 -0.032433 0.0057335 0.18776 -0.018139 0.0047448 -0.0032781 0 0
-0 -0 -0.10492 0 0 0 0 0 0 0 0 0 0 0.017851 -0.0031558 -0.10335 0.0094986 -0.0040806 0.0017653 0 0
0 0 0.052202 0 0 0 0 0 0 0 0 0 0 -0.0088815 0.0015701 0.051417 -0.0048719 0.0016475 -0.00089185 0 0
-0 -0 -0.23027 0 0 0 0 0 0 0 0 0 0 0.039178 -0.0069259 -0.22681 0.02021 -0.010247 0.0038038 0 0
-0 -0 -0.29302 0 0 0 0 0 0 0 0 0 0 0.049853 -0.0088131 -0.28861 0.025262 -0.013835 0.0047861 0 0
-0 -0 -0.17994 0 0 0 0 0 0 0 0 0 0 0.030614 -0.005412 -0.17723 0.016002 -0.0076072 0.0029963 0 0
-0 -0 -0.099924 0 0 0 0 0 0 0 0 0 0 0.017001 -0.0030054 -0.098421 0.0090559 -0.0038633 0.0016822 0 0
0 0 0.26519 0 0 0 0 0 0 0 0 0 0 -0.045119 0.0079762 0.2612 -0.025428 0.0056328 -0.0045643 0 0
-0 -0 -0.21958 0 0 0 0 0 0 0 0 0 0 0.037358 -0.0066042 -0.21627 0.019327 -0.0096682 0.0036336 0 0
0 0 0.1962 0 0 0 0 0 0 0 0 0 0 -0.03338 0.0059011 0.19325 -0.018681 0.0048302 -0.0033744 0 0
-0 -0 -0.24748 0 0 0 0 0 0 0 0 0 0 0.042105 -0.0074435 -0.24376 0.021618 -0.011199 0.0040761 0 0
-0 -0 -0.2972 0 0 0 0 0 0 0 0 0 0 0.050564 -0.0089388 -0.29273 0.02559 -0.014085 0.0048504 0 0
0 0 0.10635 0 0 0 0 0 0 0 0 0 0 -0.018094 0.0031987 0.10475 -0.010009 0.003081 -0.001823 0 0
0 0 0.1835 0 0 0 0 0 0 0 0 0 0 -0.03122 0.0055191 0.18074 -0.017446 0.0046311 -0.003155 0 0
-0 -0 -0.069045 0 0 0 0 0 0 0 0 0 0 0.011747 -0.0020767 -0.068007 0.0062992 -0.0025715 0.0011666 0 0
0 0 0.27223 0 0 0 0 0 0 0 0 0 0 -0.046317 0.008188 0.26814 -0.02612 0.0056882 -0.0046854 0 0
-0 -0 -0.20304 0 0 0 0 0 0 0 0 0 0 0.034545 -0.0061069 -0.19999 0.01795 -0.0087923 0.003369 0 0
0 0 0.071032 0 0 0 0 0 0 0 0 0 0 -0.012085 0.0021364 0.069964 -0.0066494 0.002178 -0.0012151 0 0
0 0 0.34152 0 0 0 0 0 0 0 0 0 0 -0.058105 0.010272 0.33638 -0.032939 0.0059685 -0.0058719 0 0
0 0 0.2323 0 0 0 0 0 0 0 0 0 0 -0.039522 0.0069868 0.2288 -0.022204 0.0053091 -0.0039975 0 0
-0 -0 -0.34897 0 0 0 0 0 0 0 0 0 0 0.059372 -0.010496 -0.34372 0.029571 -0.0173 0.0056361 0 0
-0 -0 -0.11679 0 0 0 0 0 0 0 0 0 0 0.019871 -0.0035128 -0.11504 0.010545 -0.0046053 0.001962 0 0
0 0 0.095708 0 0 0 0 0 0 0 0 0 0 -0.016283 0.0028786 0.094268 -0.0089933 0.0028216 -0.0016396 0 0
-0 -0 -0.030966 0 0 0 0 0 0 0 0 0 0 0.0052684 -0.00093136 -0.0305 0.002847 -0.0010986 0.00052531 0 0
-0 -0 -0.17389 0 0 0 0 0 0 0 0 0 0 0.029585 -0.0052302 -0.17128 0.015488 -0.0073047 0.0028983 0 0
-0 -0 -0.30247 0 0 0 0 0 0 0 0 0 0 0.051462 -0.0090975 -0.29793 0.026004 -0.014403 0.0049315 0 0
0 0 0.30327 0 0 0 0 0 0 0 0 0 0 -0.051597 0.0091215 0.29871 -0.029172 0.005873 -0.0052183 0 0
0 0 0.11485 0 0 0 0 0 0 0 0 0 0 -0.019541 0.0034544 0.11313 -0.010822 0.0032803 -0.0019696 0 0
-0 -0 -0.26204 0 0 0 0 0 0 0 0 0 0 0.044582 -0.0078813 -0.2581 0.022795 -0.012023 0.0043047 0 0
-0 -0 -0.0023571 0 0 0 0 0 0 0 0 0 0 0.00040103 -7.0894e-05 -0.0023216 0.00021789 -8.0466e-05 4.0094e-05 0 0
0 0 0.30505 0 0 0 0 0 0 0 0 0 0 -0.0519 0.0091751 0.30047 -0.029347 0.0058807 -0.0052488 0 0
0 0 0.074291 0 0 0 0 0 0 0 0 0 0 -0.01264 0.0022345 0.073174 -0.006958 0.0022664 -0.0012711 0 0
-0 -0 -0.25822 0 0 0 0 0 0 0 0 0 0 0.043932 -0.0077664 -0.25433 0.022487 -0.011805 0.0042448 0 0
-0 -0 -0.19844 0 0 0 0 0 0 0 0 0 0 0.033762 -0.0059685 -0.19545 0.017564 -0.0085525 0.003295 0 0
0 0 0.047247 0 0 0 0 0 0 0 0 0 0 -0.0080384 0.0014211 0.046537 -0.0044058 0.0015022 -0.0008069 0 0
-0 -0 -0.30621 0 0 0 0 0 0 0 0 0 0 0.052097 -0.0092099 -0.30161 0.026295 -0.014629 0.0049888 0 0
-0 -0 -0.058853 0 0 0 0 0 0 0 0 0 0 0.010013 -0.0017701 -0.057968 0.0053807 -0.0021642 0.00099551 0 0
0 0 0.14879 0 0 0 0 0 0 0 0 0 0 -0.025315 0.0044753 0.14656 -0.014086 0.0040059 -0.0025554 0 0
0 0 0.11684 0 0 0 0 0 0 0 0 0 0 -0.019879 0.0035142 0.11508 -0.011013 0.0033259 -0.0020039 0 0
0 0 0.17291 0 0 0 0 0 0 0 0 0 0 -0.029419 0.0052007 0.17031 -0.016419 0.004453 -0.0029721 0 0
0 0 0.030762 0 0 0 0 0 0 0 0 0 0 -0.0052337 0.00092523 0.030299 -0.0028605 0.0010021 -0.00052471 0 0
0 0 0.33571 0 0 0 0 0 0 0 0 0 0 -0.057117 0.010097 0.33066 -0.032367 0.0059634 -0.0057729 0 0
0 0 0.20224 0 0 0 0 0 0 0 0 0 0 -0.034408 0.0060827 0.1992 -0.019269 0.0049193 -0.0034787 0 0
0 0 0.09358 0 0 0 0 0 0 0 0 0 0 -0.015921 0.0028146 0.092172 -0.0087906 0.0027684 -0.001603 0 0
-0 -0 -0.28947 0 0 0 0 0 0 0 0 0 0 0.049249 -0.0087063 -0.28511 0.024982 -0.013623 0.0047313 0 0
-0 -0 -0.01178 0 0 0 0 0 0 0 0 0 0 0.0020041 -0.0003543 -0.011602 0.001087 -0.00040734 0.0002002 0 0
-0 -0 -0.34059 0 0 0 0 0 0 0 0 0 0 0.057947 -0.010244 -0.33547 0.028938 -0.016766 0.0055106 0 0
-0 -0 -0.29027 0 0 0 0 0 0 0 0 0 0 0.049386 -0.0087305 -0.28591 0.025046 -0.013671 0.0047437 0 0
-0 -0 -0.33684 0 0 0 0 0 0 0 0 0 0 0.057309 -0.010131 -0.33177 0.028653 -0.016528 0.0054541 0 0
0 0 0.1468 0 0 0 0 0 0 0 0 0 0 -0.024977 0.0044154 0.1446 -0.013894 0.0039665 -0.002521 0 0
0 0 0.22678 0 0 0 0 0 0 0 0 0 0 -0.038584 0.006821 0.22337 -0.021665 0.0052443 -0.0039024 0 0
-0 -0 -0.19987 0 0 0 0 0 0 0 0 0 0 0.034005 -0.0060115 -0.19686 0.017684 -0.0086268 0.003318 0 0
0 0 0.19989 0 0 0 0 0 0 0 0 0 0 -0.034009 0.0060122 0.19689 -0.019041 0.0048852 -0.0034382 0 0
-0 -0 -0.34383 0 0 0 0 0 0 0 0 0 0 0.058498 -0.010341 -0.33866 0.029183 -0.016971 0.0055591 0 0
-0 -0 -0.015531 0 0 0 0 0 0 0 0 0 0 0.0026423 -0.00046711 -0.015297 0.0014321 -0.00053977 0.00026386 0 0
-0 -0 -0.27466 0 0 0 0 0 0 0 0 0 0 0.046729 -0.0082609 -0.27053 0.023807 -0.012751 0.0045016 0 0
0 0 0.11094 0 0 0 0 0 0 0 0 0 0 -0.018875 0.0033368 0.10927 -0.010448 0.0031895 -0.0019021 0 0
0 0 0.24462 0 0 0 0 0 0 0 0 0 0 -0.041619 0.0073575 0.24094 -0.023411 0.005443 -0.0042101 0 0
-0 -0 -0.24675 0 0 0 0 0 0 0 0 0 0 0.041981 -0.0074215 -0.24304 0.021558 -0.011158 0.0040645 0 0
0 0 0.13712 0 0 0 0 0 0 0 0 0 0 -0.02333 0.0041242 0.13506 -0.012961 0.0037691 -0.0023539 0 0
-0 -0 -0.10586 0 0 0 0 0 0 0 0 0 0 0.018011 -0.003184 -0.10427 0.0095814 -0.0041216 0.0017809 0 0
