0 0 0.24518 0 0 0 0 0 0 0 0 0 0 -0.042574 -3.9425e-18 0.24145 -0.026849 0.021282 -0.0047342 0 0
-0 -0 -0.077132 0 0 0 0 0 0 0 0 0 0 0.013394 9.876e-18 -0.075961 0.0072957 -0.0080029 0.0012864 0 0
-0 -0 -0.26232 0 0 0 0 0 0 0 0 0 0 0.045551 -3.9483e-18 -0.25833 0.022169 -0.029353 0.003909 0 0
-0 -0 -0.30409 0 0 0 0 0 0 0 0 0 0 0.052805 9.6896e-18 -0.29947 0.024969 -0.034531 0.0044028 0 0
-0 -0 -0.055307 0 0 0 0 0 0 0 0 0 0 0.009604 -4.0407e-18 -0.054467 0.0052933 -0.0056808 0.00093335 0 0
0 0 0.043363 0 0 0 0 0 0 0 0 0 0 -0.0075299 9.8558e-18 0.042704 -0.0043616 0.0042409 -0.00076907 0 0
-0 -0 -0.34362 0 0 0 0 0 0 0 0 0 0 0.059669 -4.4233e-18 -0.3384 0.027421 -0.039536 0.004835 0 0
-0 -0 -0.10951 0 0 0 0 0 0 0 0 0 0 0.019017 9.886e-18 -0.10785 0.010174 -0.011529 0.0017939 0 0
0 0 0.064088 0 0 0 0 0 0 0 0 0 0 -0.011129 9.8459e-18 0.063114 -0.0065093 0.0061991 -0.0011478 0 0
0 0 0.11359 0 0 0 0 0 0 0 0 0 0 -0.019725 9.8875e-18 0.11186 -0.011797 0.01069 -0.0020801 0 0
-0 -0 -0.24506 0 0 0 0 0 0 0 0 0 0 0.042554 1.0075e-17 -0.24134 0.020951 -0.027249 0.0036941 0 0
-0 -0 -0.079822 0 0 0 0 0 0 0 0 0 0 0.013861 9.8767e-18 -0.078609 0.007539 -0.0082921 0.0013293 0 0
0 0 0.18106 0 0 0 0 0 0 0 0 0 0 -0.031441 -3.9245e-18 0.17831 -0.019344 0.016373 -0.0034108 0 0
0 0 0.14094 0 0 0 0 0 0 0 0 0 0 -0.024474 -4.0249e-18 0.1388 -0.01481 0.013056 -0.0026114 0 0
0 0 0.081586 0 0 0 0 0 0 0 0 0 0 -0.014167 9.8772e-18 0.080347 -0.0083533 0.0078169 -0.0014729 0 0
0 0 0.015835 0 0 0 0 0 0 0 0 0 0 -0.0027497 -4.027e-18 0.015594 -0.0015717 0.0015709 -0.00027713 0 0
-0 -0 -0.18495 0 0 0 0 0 0 0 0 0 0 0.032116 -3.9255e-18 -0.18214 0.016431 -0.020095 0.0028972 0 0
0 0 0.32788 0 0 0 0 0 0 0 0 0 0 -0.056936 9.7141e-18 0.3229 -0.036961 0.026877 -0.0065172 0 0
-0 -0 -0.31826 0 0 0 0 0 0 0 0 0 0 0.055266 -4.4109e-18 -0.31343 0.025871 -0.036314 0.0045617 0 0
-0 -0 -0.17326 0 0 0 0 0 0 0 0 0 0 0.030086 -1.787e-17 -0.17063 0.015503 -0.018737 0.0027336 0 0
-0 -0 -0.32397 0 0 0 0 0 0 0 0 0 0 0.056256 -4.4136e-18 -0.31904 0.026226 -0.037035 0.0046244 0 0
-0 -0 -0.29072 0 0 0 0 0 0 0 0 0 0 0.050484 -3.9587e-18 -0.28631 0.024097 -0.032861 0.0042489 0 0
-0 -0 -0.31833 0 0 0 0 0 0 0 0 0 0 0.055278 9.704e-18 -0.3135 0.025875 -0.036322 0.0045625 0 0
0 0 0.31739 0 0 0 0 0 0 0 0 0 0 -0.055115 9.7031e-18 0.31257 -0.035654 0.026214 -0.0062867 0 0
-0 -0 -0.29718 0 0 0 0 0 0 0 0 0 0 0.051605 1.0123e-17 -0.29267 0.024521 -0.033666 0.0043237 0 0
-0 -0 -0.17096 0 0 0 0 0 0 0 0 0 0 0.029686 1.0023e-17 -0.16836 0.015318 -0.01847 0.002701 0 0
-0 -0 -0.19531 0 0 0 0 0 0 0 0 0 0 0.033916 1.0038e-17 -0.19235 0.01724 -0.021309 0.0030399 0 0
-0 -0 -0.34417 0 0 0 0 0 0 0 0 0 0 0.059764 -4.4236e-18 -0.33894 0.027453 -0.039606 0.0048408 0 0
-0 -0 -0.22434 0 0 0 0 0 0 0 0 0 0 0.038956 1.0059e-17 -0.22093 0.019441 -0.024752 0.0034279 0 0
0 0 0.12589 0 0 0 0 0 0 0 0 0 0 -0.02186 9.8923e-18 0.12398 -0.013144 0.011764 -0.0023177 0 0
0 0 0.21244 0 0 0 0 0 0 0 0 0 0 -0.03689 -3.9326e-18 0.20922 -0.022979 0.018837 -0.0040517 0 0
-0 -0 -0.1673 0 0 0 0 0 0 0 0 0 0 0.029051 1.0021e-17 -0.16476 0.015024 -0.018048 0.0026491 0 0
-0 -0 -0.029184 0 0 0 0 0 0 0 0 0 0 0.0050677 9.8473e-18 -0.02874 0.0028317 -0.0029605 0.0004993 0 0
0 0 0.22957 0 0 0 0 0 0 0 0 0 0 -0.039864 1.0063e-17 0.22608 -0.024994 0.020132 -0.0044071 0 0
-0 -0 -0.2368 0 0 0 0 0 0 0 0 0 0 0.041119 1.0068e-17 -0.2332 0.020354 -0.026249 0.003589 0 0
0 0 0.16976 0 0 0 0 0 0 0 0 0 0 -0.029479 -3.9219e-18 0.16718 -0.018054 0.015457 -0.0031834 0 0
0 0 0.010398 0 0 0 0 0 0 0 0 0 0 -0.0018056 -4.0277e-18 0.01024 -0.0010293 0.0010344 -0.00018149 0 0
-0 -0 -0.098379 0 0 0 0 0 0 0 0 0 0 0.017083 -4.018e-18 -0.096885 0.0091967 -0.010306 0.0016216 0 0
-0 -0 -0.20968 0 0 0 0 0 0 0 0 0 0 0.03641 -3.9319e-18 -0.20649 0.018341 -0.023005 0.0032341 0 0
0 0 0.17083 0 0 0 0 0 0 0 0 0 0 -0.029665 1.0023e-17 0.16824 -0.018176 0.015545 -0.0032048 0 0
-0 -0 -0.010425 0 0 0 0 0 0 0 0 0 0 0.0018102 -4.0277e-18 -0.010266 0.0010212 -0.0010479 0.00018007 0 0
-0 -0 -0.23219 0 0 0 0 0 0 0 0 0 0 0.040319 -3.9384e-18 -0.22866 0.020018 -0.025694 0.0035298 0 0
-0 -0 -0.03004 0 0 0 0 0 0 0 0 0 0 0.0052165 9.8474e-18 -0.029584 0.0029135 -0.0030487 0.00051373 0 0
-0 -0 -0.26127 0 0 0 0 0 0 0 0 0 0 0.04537 -3.9479e-18 -0.2573 0.022096 -0.029225 0.0038962 0 0
0 0 0.10528 0 0 0 0 0 0 0 0 0 0 -0.018282 -4.019e-18 0.10368 -0.010894 0.0099548 -0.0019209 0 0
0 0 0.19493 0 0 0 0 0 0 0 0 0 0 -0.033848 -3.928e-18 0.19196 -0.02094 0.017476 -0.0036923 0 0
0 0 0.30834 0 0 0 0 0 0 0 0 0 0 -0.053542 9.6939e-18 0.30365 -0.034531 0.025631 -0.0060887 0 0
0 0 0.16902 0 0 0 0 0 0 0 0 0 0 -0.029349 -3.9218e-18 0.16645 -0.017969 0.015396 -0.0031684 0 0
-0 -0 -0.27119 0 0 0 0 0 0 0 0 0 0 0.047092 1.0098e-17 -0.26707 0.022782 -0.030443 0.004017 0 0
-0 -0 -0.17322 0 0 0 0 0 0 0 0 0 0 0.03008 1.0025e-17 -0.17059 0.0155 -0.018732 0.0027331 0 0
-0 -0 -0.1879 0 0 0 0 0 0 0 0 0 0 0.032628 1.0034e-17 -0.18504 0.016662 -0.020439 0.002938 0 0
0 0 0.30843 0 0 0 0 0 0 0 0 0 0 -0.053559 9.6939e-18 0.30375 -0.034543 0.025638 -0.0060908 0 0
0 0 0.19999 0 0 0 0 0 0 0 0 0 0 -0.034728 -3.9293e-18 0.19695 -0.021527 0.017873 -0.0037958 0 0
0 0 0.20187 0 0 0 0 0 0 0 0 0 0 -0.035054 -3.9298e-18 0.1988 -0.021745 0.018019 -0.0038343 0 0
-0 -0 -0.16223 0 0 0 0 0 0 0 0 0 0 0.028172 -3.9203e-18 -0.15977 0.014614 -0.017465 0.0025768 0 0
0 0 0.099645 0 0 0 0 0 0 0 0 0 0 -0.017303 9.8826e-18 0.098132 -0.010285 0.009452 -0.0018136 0 0
-0 -0 -0.18379 0 0 0 0 0 0 0 0 0 0 0.031915 -3.9252e-18 -0.181 0.016339 -0.01996 0.0028811 0 0
0 0 0.10431 0 0 0 0 0 0 0 0 0 0 -0.018113 -4.0188e-18 0.10272 -0.010789 0.0098684 -0.0019024 0 0
0 0 0.31027 0 0 0 0 0 0 0 0 0 0 -0.053877 -4.4072e-18 0.30555 -0.03477 0.025757 -0.0061308 0 0
-0 -0 -0.19476 0 0 0 0 0 0 0 0 0 0 0.03382 -3.9279e-18 -0.19181 0.017198 -0.021244 0.0030324 0 0
0 0 0.34746 0 0 0 0 0 0 0 0 0 0 -0.060335 -4.4253e-18 0.34218 -0.039418 0.028075 -0.0069505 0 0
0 0 0.047325 0 0 0 0 0 0 0 0 0 0 -0.0082179 -4.0266e-18 0.046606 -0.0047691 0.0046188 -0.00084092 0 0
0 0 0.30033 0 0 0 0 0 0 0 0 0 0 -0.052151 -3.9624e-18 0.29577 -0.033542 0.025107 -0.0059144 0 0
-0 -0 -0.3407 0 0 0 0 0 0 0 0 0 0 0.059163 9.7281e-18 -0.33553 0.027247 -0.039163 0.0048043 0 0
-0 -0 -0.08966 0 0 0 0 0 0 0 0 0 0 0.015569 9.8795e-18 -0.088298 0.0084224 -0.0093557 0.0014851 0 0
0 0 0.23218 0 0 0 0 0 0 0 0 0 0 -0.040317 1.0065e-17 0.22865 -0.025303 0.020326 -0.0044615 0 0
-0 -0 -0.27817 0 0 0 0 0 0 0 0 0 0 0.048304 -3.9539e-18 -0.27395 0.023257 -0.031304 0.0041009 0 0
-0 -0 -0.14809 0 0 0 0 0 0 0 0 0 0 0.025715 -4.0262e-18 -0.14584 0.013453 -0.015849 0.0023721 0 0
-0 -0 -0.27641 0 0 0 0 0 0 0 0 0 0 0.047998 -3.9533e-18 -0.27221 0.023137 -0.031086 0.0040797 0 0
-0 -0 -0.0435 0 0 0 0 0 0 0 0 0 0 0.0075538 -4.0264e-18 -0.04284 0.0041894 -0.0044433 0.00073871 0 0
0 0 0.17024 0 0 0 0 0 0 0 0 0 0 -0.029562 1.0023e-17 0.16765 -0.018108 0.015496 -0.0031929 0 0
0 0 0.22728 0 0 0 0 0 0 0 0 0 0 -0.039467 -3.9369e-18 0.22383 -0.024723 0.019961 -0.0043594 0 0
0 0 0.09963 0 0 0 0 0 0 0 0 0 0 -0.017301 -4.0182e-18 0.098117 -0.010284 0.0094506 -0.0018133 0 0
0 0 0.19625 0 0 0 0 0 0 0 0 0 0 -0.034079 1.0039e-17 0.19327 -0.021094 0.01758 -0.0037194 0 0
-0 -0 -0.26029 0 0 0 0 0 0 0 0 0 0 0.045199 1.0088e-17 -0.25633 0.022028 -0.029104 0.0038841 0 0
0 0 0.30528 0 0 0 0 0 0 0 0 0 0 -0.053012 -4.4049e-18 0.30065 -0.034153 0.025433 -0.0060222 0 0
-0 -0 -0.14001 0 0 0 0 0 0 0 0 0 0 0.024313 9.8985e-18 -0.13789 0.01278 -0.014934 0.0022534 0 0
0 0 0.034612 0 0 0 0 0 0 0 0 0 0 -0.0060103 -4.0327e-18 0.034086 -0.0034669 0.0034006 -0.00061131 0 0
-0 -0 -0.34786 0 0 0 0 0 0 0 0 0 0 0.060406 -4.4255e-18 -0.34258 0.027672 -0.040078 0.0048794 0 0
0 0 0.29459 0 0 0 0 0 0 0 0 0 0 -0.051155 1.012e-17 0.29011 -0.032836 0.024727 -0.0057899 0 0
-0 -0 -0.17414 0 0 0 0 0 0 0 0 0 0 0.030239 1.0025e-17 -0.17149 0.015573 -0.018839 0.002746 0 0
0 0 0.27964 0 0 0 0 0 0 0 0 0 0 -0.04856 -3.9545e-18 0.2754 -0.031008 0.023717 -0.0054675 0 0
-0 -0 -0.24797 0 0 0 0 0 0 0 0 0 0 0.04306 -3.9434e-18 -0.2442 0.021159 -0.027603 0.0037308 0 0
-0 -0 -0.030797 0 0 0 0 0 0 0 0 0 0 0.0053479 -4.0325e-18 -0.03033 0.0029858 -0.0031267 0.00052647 0 0
0 0 0.30561 0 0 0 0 0 0 0 0 0 0 -0.053069 -4.4051e-18 0.30097 -0.034194 0.025454 -0.0060293 0 0
-0 -0 -0.17688 0 0 0 0 0 0 0 0 0 0 0.030715 -3.9236e-18 -0.1742 0.015792 -0.019157 0.0027846 0 0
0 0 0.28094 0 0 0 0 0 0 0 0 0 0 -0.048784 -3.9549e-18 0.27667 -0.031165 0.023805 -0.0054952 0 0
0 0 0.23235 0 0 0 0 0 0 0 0 0 0 -0.040347 1.0065e-17 0.22882 -0.025323 0.020339 -0.0044651 0 0
-0 -0 -0.28556 0 0 0 0 0 0 0 0 0 0 0.049587 -3.9567e-18 -0.28122 0.023753 -0.032219 0.0041884 0 0
0 0 0.026708 0 0 0 0 0 0 0 0 0 0 -0.0046379 9.8505e-18 0.026303 -0.0026651 0.0026349 -0.00046992 0 0
-0 -0 -0.29303 0 0 0 0 0 0 0 0 0 0 0.050884 -3.9596e-18 -0.28858 0.024249 -0.033148 0.0042757 0 0
0 0 0.19055 0 0 0 0 0 0 0 0 0 0 -0.033089 1.0035e-17 0.18766 -0.020435 0.01713 -0.0036032 0 0
0 0 0.12091 0 0 0 0 0 0 0 0 0 0 -0.020996 -4.0213e-18 0.11908 -0.012598 0.011332 -0.0022213 0 0
-0 -0 -0.20004 0 0 0 0 0 0 0 0 0 0 0.034737 -3.9293e-18 -0.197 0.017605 -0.021865 0.0031043 0 0
0 0 0.10333 0 0 0 0 0 0 0 0 0 0 -0.017943 -4.0187e-18 0.10176 -0.010683 0.009781 -0.0018837 0 0
-0 -0 -0.24648 0 0 0 0 0 0 0 0 0 0 0.042801 1.0076e-17 -0.24274 0.021052 -0.027422 0.0037121 0 0
0 0 0.10654 0 0 0 0 0 0 0 0 0 0 -0.0185 -4.0191e-18 0.10492 -0.011031 0.010067 -0.001945 0 0
-0 -0 -0.226 0 0 0 0 0 0 0 0 0 0 0.039244 -3.9366e-18 -0.22257 0.019563 -0.024951 0.0034495 0 0
-0 -0 -0.017101 0 0 0 0 0 0 0 0 0 0 0.0029696 2.373e-17 -0.016842 0.0016697 -0.0017247 0.00029441 0 0
0 0 0.29205 0 0 0 0 0 0 0 0 0 0 -0.050714 -3.9592e-18 0.28761 -0.032524 0.024557 -0.0057349 0 0
