0 0 0.035685 0 0 0 0 0 0 0 0 0 0 -0.0059168 0.0015896 0.035155 0.0017204 0.0031226 0.00014837 0 0
0 0 0.22542 0 0 0 0 0 0 0 0 0 0 -0.037376 0.010041 0.22208 0.0089638 0.020623 0.00057616 0 0
0 0 0.0057289 0 0 0 0 0 0 0 0 0 0 -0.00094989 0.00025519 0.0056439 0.00028357 0.00049715 2.5247e-05 0 0
0 0 0.33567 0 0 0 0 0 0 0 0 0 0 -0.055656 0.014952 0.33068 0.011633 0.031314 0.00054194 0 0
-0 -0 -0.16378 0 0 0 0 0 0 0 0 0 0 0.027156 -0.0072955 -0.16135 -0.0092498 -0.01346 -0.00094817 0 0
0 0 0.0043102 0 0 0 0 0 0 0 0 0 0 -0.00071465 0.00019199 0.0042462 0.0002136 0.00037388 1.9045e-05 0 0
0 0 0.27752 0 0 0 0 0 0 0 0 0 0 -0.046015 0.012362 0.2734 0.01037 0.02564 0.00058598 0 0
-0 -0 -0.11973 0 0 0 0 0 0 0 0 0 0 0.019852 -0.0053334 -0.11795 -0.006551 -0.0099922 -0.00065077 0 0
0 0 0.25959 0 0 0 0 0 0 0 0 0 0 -0.043042 0.011563 0.25574 0.009915 0.023905 0.00058786 0 0
-0 -0 -0.053009 0 0 0 0 0 0 0 0 0 0 0.0087893 -0.0023613 -0.052222 -0.0027552 -0.0045205 -0.00025931 0 0
0 0 0.21317 0 0 0 0 0 0 0 0 0 0 -0.035345 0.0094956 0.21001 0.008596 0.019455 0.00056708 0 0
0 0 0.132 0 0 0 0 0 0 0 0 0 0 -0.021886 0.0058799 0.13004 0.0058061 0.011836 0.00044204 0 0
0 0 0.028737 0 0 0 0 0 0 0 0 0 0 -0.0047647 0.0012801 0.02831 0.0013941 0.0025098 0.00012114 0 0
0 0 0.094741 0 0 0 0 0 0 0 0 0 0 -0.015709 0.0042202 0.093334 0.0043237 0.0084188 0.00034703 0 0
-0 -0 -0.26614 0 0 0 0 0 0 0 0 0 0 0.044128 -0.011855 -0.26219 -0.016081 -0.021035 -0.0017553 0 0
-0 -0 -0.097621 0 0 0 0 0 0 0 0 0 0 0.016186 -0.0043485 -0.096172 -0.0052536 -0.0082073 -0.0005131 0 0
0 0 0.30254 0 0 0 0 0 0 0 0 0 0 -0.050163 0.013476 0.29805 0.010953 0.028072 0.00057414 0 0
-0 -0 -0.2803 0 0 0 0 0 0 0 0 0 0 0.046475 -0.012486 -0.27614 -0.017084 -0.022026 -0.0018794 0 0
-0 -0 -0.22182 0 0 0 0 0 0 0 0 0 0 0.03678 -0.009881 -0.21853 -0.01303 -0.017842 -0.0013863 0 0
-0 -0 -0.12908 0 0 0 0 0 0 0 0 0 0 0.021401 -0.0057496 -0.12716 -0.007111 -0.010738 -0.00071129 0 0
-0 -0 -0.33087 0 0 0 0 0 0 0 0 0 0 0.05486 -0.014738 -0.32596 -0.020778 -0.025447 -0.0023464 0 0
-0 -0 -0.10771 0 0 0 0 0 0 0 0 0 0 0.01786 -0.0047981 -0.10611 -0.005841 -0.0090257 -0.00057497 0 0
0 0 0.21405 0 0 0 0 0 0 0 0 0 0 -0.035491 0.0095348 0.21087 0.0086229 0.019539 0.00056782 0 0
0 0 0.13094 0 0 0 0 0 0 0 0 0 0 -0.02171 0.0058326 0.12899 0.0057656 0.011738 0.00043966 0 0
0 0 0.17467 0 0 0 0 0 0 0 0 0 0 -0.028961 0.0077806 0.17208 0.0073486 0.015813 0.00052182 0 0
0 0 0.02025 0 0 0 0 0 0 0 0 0 0 -0.0033575 0.00090202 0.019949 0.00098974 0.0017645 8.6796e-05 0 0
0 0 0.010985 0 0 0 0 0 0 0 0 0 0 -0.0018214 0.00048932 0.010822 0.00054126 0.00095468 4.7931e-05 0 0
-0 -0 -0.078856 0 0 0 0 0 0 0 0 0 0 0.013075 -0.0035126 -0.077685 -0.004183 -0.0066702 -0.00040242 0 0
-0 -0 -0.25853 0 0 0 0 0 0 0 0 0 0 0.042865 -0.011516 -0.25469 -0.015547 -0.020496 -0.0016898 0 0
-0 -0 -0.097872 0 0 0 0 0 0 0 0 0 0 0.016228 -0.0043597 -0.096419 -0.0052681 -0.0082278 -0.00051462 0 0
-0 -0 -0.005046 0 0 0 0 0 0 0 0 0 0 0.00083666 -0.00022477 -0.0049711 -0.00025208 -0.00043653 -2.2688e-05 0 0
0 0 0.094504 0 0 0 0 0 0 0 0 0 0 -0.015669 0.0042096 0.093101 0.0043139 0.0083973 0.00034635 0 0
0 0 0.29248 0 0 0 0 0 0 0 0 0 0 -0.048496 0.013029 0.28814 0.010726 0.027093 0.00058019 0 0
0 0 0.25536 0 0 0 0 0 0 0 0 0 0 -0.042341 0.011375 0.25157 0.0098032 0.023497 0.0005875 0 0
0 0 0.17438 0 0 0 0 0 0 0 0 0 0 -0.028914 0.0077678 0.17179 0.0073388 0.015786 0.00052138 0 0
-0 -0 -0.30758 0 0 0 0 0 0 0 0 0 0 0.050998 -0.013701 -0.30301 -0.019056 -0.023895 -0.0021267 0 0
0 0 0.14505 0 0 0 0 0 0 0 0 0 0 -0.02405 0.0064611 0.1429 0.0062955 0.013045 0.00046973 0 0
-0 -0 -0.28545 0 0 0 0 0 0 0 0 0 0 0.047329 -0.012715 -0.28121 -0.017452 -0.022383 -0.0019252 0 0
0 0 0.21214 0 0 0 0 0 0 0 0 0 0 -0.035175 0.0094498 0.20899 0.0085645 0.019357 0.0005662 0 0
0 0 0.30646 0 0 0 0 0 0 0 0 0 0 -0.050812 0.013651 0.30191 0.011039 0.028454 0.00057131 0 0
-0 -0 -0.22276 0 0 0 0 0 0 0 0 0 0 0.036935 -0.0099226 -0.21945 -0.013093 -0.017911 -0.0013938 0 0
-0 -0 -0.25187 0 0 0 0 0 0 0 0 0 0 0.041762 -0.01122 -0.24813 -0.015083 -0.020022 -0.0016333 0 0
0 0 0.038017 0 0 0 0 0 0 0 0 0 0 -0.0063034 0.0016934 0.037452 0.001829 0.0033288 0.00015732 0 0
-0 -0 -0.10792 0 0 0 0 0 0 0 0 0 0 0.017894 -0.0048074 -0.10632 -0.0058533 -0.0090425 -0.00057627 0 0
-0 -0 -0.019694 0 0 0 0 0 0 0 0 0 0 0.0032654 -0.00087725 -0.019401 -0.00099606 -0.0016965 -9.0935e-05 0 0
0 0 0.27941 0 0 0 0 0 0 0 0 0 0 -0.046327 0.012446 0.27526 0.010416 0.025822 0.00058546 0 0
-0 -0 -0.15956 0 0 0 0 0 0 0 0 0 0 0.026457 -0.0071077 -0.1572 -0.0089851 -0.013134 -0.00091839 0 0
-0 -0 -0.025495 0 0 0 0 0 0 0 0 0 0 0.0042273 -0.0011357 -0.025117 -0.0012957 -0.0021924 -0.00011894 0 0
-0 -0 -0.33365 0 0 0 0 0 0 0 0 0 0 0.05532 -0.014862 -0.32869 -0.020986 -0.02563 -0.0023731 0 0
0 0 0.09319 0 0 0 0 0 0 0 0 0 0 -0.015451 0.0041511 0.091806 0.0042592 0.0082778 0.00034256 0 0
0 0 0.26683 0 0 0 0 0 0 0 0 0 0 -0.044242 0.011886 0.26287 0.010102 0.024604 0.00058776 0 0
0 0 0.11343 0 0 0 0 0 0 0 0 0 0 -0.018807 0.0050526 0.11174 0.0050828 0.010126 0.00039763 0 0
-0 -0 -0.18607 0 0 0 0 0 0 0 0 0 0 0.030852 -0.0082886 -0.18331 -0.010672 -0.015169 -0.0011103 0 0
-0 -0 -0.25277 0 0 0 0 0 0 0 0 0 0 0.041911 -0.011259 -0.24902 -0.015146 -0.020086 -0.0016409 0 0
-0 -0 -0.14557 0 0 0 0 0 0 0 0 0 0 0.024137 -0.0064845 -0.14341 -0.0081162 -0.012041 -0.00082153 0 0
0 0 0.16864 0 0 0 0 0 0 0 0 0 0 -0.027962 0.007512 0.16614 0.0071408 0.015247 0.00051243 0 0
0 0 0.33607 0 0 0 0 0 0 0 0 0 0 -0.055722 0.01497 0.33108 0.01164 0.031353 0.00054144 0 0
0 0 0.039168 0 0 0 0 0 0 0 0 0 0 -0.0064943 0.0017447 0.038587 0.0018825 0.0034307 0.00016171 0 0
-0 -0 -0.26178 0 0 0 0 0 0 0 0 0 0 0.043405 -0.011661 -0.2579 -0.015774 -0.020727 -0.0017177 0 0
-0 -0 -0.0043615 0 0 0 0 0 0 0 0 0 0 0.00072317 -0.00019428 -0.0042968 -0.00021776 -0.00037739 -1.9586e-05 0 0
-0 -0 -0.22327 0 0 0 0 0 0 0 0 0 0 0.037019 -0.0099452 -0.21995 -0.013127 -0.017948 -0.0013978 0 0
-0 -0 -0.25736 0 0 0 0 0 0 0 0 0 0 0.042672 -0.011464 -0.25354 -0.015465 -0.020413 -0.0016799 0 0
0 0 0.256 0 0 0 0 0 0 0 0 0 0 -0.042447 0.011404 0.2522 0.0098203 0.023559 0.00058757 0 0
0 0 0.12515 0 0 0 0 0 0 0 0 0 0 -0.02075 0.0055747 0.12329 0.0055429 0.011203 0.00042634 0 0
0 0 0.33153 0 0 0 0 0 0 0 0 0 0 -0.05497 0.014768 0.32661 0.011554 0.030908 0.00054699 0 0
-0 -0 -0.030166 0 0 0 0 0 0 0 0 0 0 0.0050018 -0.0013437 -0.029718 -0.001539 -0.0025905 -0.0001419 0 0
0 0 0.3026 0 0 0 0 0 0 0 0 0 0 -0.050173 0.013479 0.29811 0.010954 0.028078 0.0005741 0 0
0 0 0.264 0 0 0 0 0 0 0 0 0 0 -0.043773 0.01176 0.26008 0.01003 0.024331 0.00058791 0 0
-0 -0 -0.088131 0 0 0 0 0 0 0 0 0 0 0.014613 -0.0039257 -0.086822 -0.0047086 -0.0074324 -0.00045642 0 0
-0 -0 -0.26087 0 0 0 0 0 0 0 0 0 0 0.043253 -0.01162 -0.25699 -0.01571 -0.020662 -0.0017099 0 0
-0 -0 -0.045681 0 0 0 0 0 0 0 0 0 0 0.0075742 -0.0020348 -0.045003 -0.0023603 -0.0039044 -0.00022071 0 0
-0 -0 -0.22071 0 0 0 0 0 0 0 0 0 0 0.036595 -0.0098314 -0.21743 -0.012955 -0.01776 -0.0013774 0 0
-0 -0 -0.12439 0 0 0 0 0 0 0 0 0 0 0.020625 -0.0055409 -0.12254 -0.0068294 -0.010365 -0.00068078 0 0
-0 -0 -0.25905 0 0 0 0 0 0 0 0 0 0 0.042952 -0.011539 -0.2552 -0.015583 -0.020533 -0.0016943 0 0
-0 -0 -0.19278 0 0 0 0 0 0 0 0 0 0 0.031964 -0.0085872 -0.18992 -0.011107 -0.015677 -0.0011606 0 0
-0 -0 -0.20534 0 0 0 0 0 0 0 0 0 0 0.034047 -0.0091468 -0.20229 -0.011931 -0.01662 -0.0012566 0 0
0 0 0.23181 0 0 0 0 0 0 0 0 0 0 -0.038435 0.010326 0.22836 0.0091499 0.021234 0.00057986 0 0
0 0 0.24408 0 0 0 0 0 0 0 0 0 0 -0.04047 0.010873 0.24046 0.009497 0.022412 0.00058503 0 0
0 0 0.29889 0 0 0 0 0 0 0 0 0 0 -0.049558 0.013314 0.29445 0.010872 0.027716 0.00057653 0 0
-0 -0 -0.32139 0 0 0 0 0 0 0 0 0 0 0.053288 -0.014316 -0.31662 -0.020073 -0.02482 -0.0022561 0 0
-0 -0 -0.31558 0 0 0 0 0 0 0 0 0 0 0.052324 -0.014057 -0.31089 -0.019643 -0.024432 -0.0022013 0 0
0 0 0.32444 0 0 0 0 0 0 0 0 0 0 -0.053795 0.014452 0.31963 0.011414 0.030213 0.00055495 0 0
-0 -0 -0.074561 0 0 0 0 0 0 0 0 0 0 0.012363 -0.0033213 -0.073454 -0.0039419 -0.0063155 -0.00037789 0 0
-0 -0 -0.16857 0 0 0 0 0 0 0 0 0 0 0.02795 -0.0075088 -0.16606 -0.0095522 -0.01383 -0.00098234 0 0
-0 -0 -0.15266 0 0 0 0 0 0 0 0 0 0 0.025313 -0.0068003 -0.1504 -0.0085547 -0.012596 -0.00087024 0 0
-0 -0 -0.13918 0 0 0 0 0 0 0 0 0 0 0.023077 -0.0061997 -0.13711 -0.0077241 -0.011538 -0.0007783 0 0
0 0 0.0032703 0 0 0 0 0 0 0 0 0 0 -0.00054224 0.00014567 0.0032217 0.00016222 0.00028359 1.4479e-05 0 0
0 0 0.32161 0 0 0 0 0 0 0 0 0 0 -0.053324 0.014326 0.31683 0.011357 0.029935 0.0005579 0 0
-0 -0 -0.14904 0 0 0 0 0 0 0 0 0 0 0.024711 -0.0066388 -0.14683 -0.00833 -0.012313 -0.00084524 0 0
0 0 0.31001 0 0 0 0 0 0 0 0 0 0 -0.051402 0.013809 0.30541 0.011116 0.028801 0.00056852 0 0
-0 -0 -0.236 0 0 0 0 0 0 0 0 0 0 0.03913 -0.010512 -0.23249 -0.013991 -0.018878 -0.0015011 0 0
-0 -0 -0.21659 0 0 0 0 0 0 0 0 0 0 0.035911 -0.0096478 -0.21337 -0.012679 -0.017456 -0.0013446 0 0
0 0 0.1499 0 0 0 0 0 0 0 0 0 0 -0.024855 0.0066774 0.14768 0.0064737 0.013497 0.0004793 0 0
0 0 0.0026108 0 0 0 0 0 0 0 0 0 0 -0.00043289 0.0001163 0.0025721 0.00012958 0.00022636 1.1573e-05 0 0
-0 -0 -0.25117 0 0 0 0 0 0 0 0 0 0 0.041646 -0.011188 -0.24744 -0.015035 -0.019972 -0.0016274 0 0
-0 -0 -0.11676 0 0 0 0 0 0 0 0 0 0 0.019359 -0.0052009 -0.11502 -0.0063743 -0.0097539 -0.0006318 0 0
-0 -0 -0.12809 0 0 0 0 0 0 0 0 0 0 0.021237 -0.0057055 -0.12618 -0.0070513 -0.010659 -0.00070481 0 0
-0 -0 -0.30018 0 0 0 0 0 0 0 0 0 0 0.049772 -0.013371 -0.29572 -0.018516 -0.023394 -0.0020586 0 0
0 0 0.25803 0 0 0 0 0 0 0 0 0 0 -0.042782 0.011494 0.25419 0.0098738 0.023754 0.00058776 0 0
0 0 0.34502 0 0 0 0 0 0 0 0 0 0 -0.057207 0.015369 0.3399 0.011805 0.032233 0.00052944 0 0
