0 0 0.17588 0 0 0 0 0 0 0 0 0 0 -0.030386 0.0026652 0.17322 -0.017234 0.0015036 -0.0030464 0 0
0 0 0.27311 0 0 0 0 0 0 0 0 0 0 -0.047184 0.0041386 0.26897 -0.026796 0.0010098 -0.0047161 0 0
-0 -0 -0.17727 0 0 0 0 0 0 0 0 0 0 0.030626 -0.0026863 -0.17458 0.016829 -0.00459 0.0030229 0 0
0 0 0.24372 0 0 0 0 0 0 0 0 0 0 -0.042106 0.0036932 0.24003 -0.023911 0.0012586 -0.0042139 0 0
-0 -0 -0.0011746 0 0 0 0 0 0 0 0 0 0 0.00020294 -1.78e-05 -0.0011568 0.00011389 -2.0361e-05 2.0293e-05 0 0
-0 -0 -0.019922 0 0 0 0 0 0 0 0 0 0 0.0034419 -0.0003019 -0.019621 0.0019283 -0.00036371 0.00034387 0 0
0 0 0.048464 0 0 0 0 0 0 0 0 0 0 -0.0083729 0.00073441 0.047729 -0.004718 0.00072133 -0.00083874 0 0
-0 -0 -0.31384 0 0 0 0 0 0 0 0 0 0 0.054221 -0.0047559 -0.30909 0.029092 -0.010144 0.0052595 0 0
-0 -0 -0.063163 0 0 0 0 0 0 0 0 0 0 0.010912 -0.00095715 -0.062206 0.0060864 -0.0012869 0.0010875 0 0
-0 -0 -0.27491 0 0 0 0 0 0 0 0 0 0 0.047495 -0.0041659 -0.27074 0.025674 -0.0083879 0.004633 0 0
-0 -0 -0.041794 0 0 0 0 0 0 0 0 0 0 0.0072206 -0.00063334 -0.041161 0.0040365 -0.00080786 0.00072053 0 0
-0 -0 -0.24119 0 0 0 0 0 0 0 0 0 0 0.041669 -0.0036549 -0.23753 0.022661 -0.0069772 0.0040827 0 0
0 0 0.084217 0 0 0 0 0 0 0 0 0 0 -0.01455 0.0012762 0.082941 -0.0082181 0.0011042 -0.0014586 0 0
0 0 0.17035 0 0 0 0 0 0 0 0 0 0 -0.029432 0.0025815 0.16777 -0.016689 0.0015033 -0.0029509 0 0
0 0 0.28402 0 0 0 0 0 0 0 0 0 0 -0.049068 0.0043039 0.27971 -0.027864 0.00089563 -0.0049018 0 0
0 0 0.34323 0 0 0 0 0 0 0 0 0 0 -0.059299 0.0052012 0.33803 -0.033641 6.9743e-05 -0.0059025 0 0
0 0 0.096985 0 0 0 0 0 0 0 0 0 0 -0.016756 0.0014697 0.095515 -0.009471 0.0012101 -0.0016801 0 0
0 0 0.05626 0 0 0 0 0 0 0 0 0 0 -0.0097198 0.00085255 0.055407 -0.0054799 0.00081565 -0.00097387 0 0
0 0 0.044898 0 0 0 0 0 0 0 0 0 0 -0.0077569 0.00068038 0.044218 -0.0043697 0.00067618 -0.00077696 0 0
0 0 0.089411 0 0 0 0 0 0 0 0 0 0 -0.015447 0.0013549 0.088056 -0.0087275 0.0011493 -0.0015487 0 0
0 0 0.31166 0 0 0 0 0 0 0 0 0 0 -0.053844 0.0047228 0.30694 -0.030567 0.00055327 -0.0053707 0 0
-0 -0 -0.19547 0 0 0 0 0 0 0 0 0 0 0.03377 -0.002962 -0.1925 0.018505 -0.0052309 0.0033267 0 0
-0 -0 -0.20816 0 0 0 0 0 0 0 0 0 0 0.035963 -0.0031544 -0.20501 0.019667 -0.0056964 0.0035377 0 0
-0 -0 -0.023886 0 0 0 0 0 0 0 0 0 0 0.0041267 -0.00036196 -0.023524 0.0023111 -0.00044072 0.0004122 0 0
0 0 0.21915 0 0 0 0 0 0 0 0 0 0 -0.037861 0.0033209 0.21583 -0.021494 0.0014005 -0.0037921 0 0
0 0 0.19022 0 0 0 0 0 0 0 0 0 0 -0.032864 0.0028826 0.18734 -0.018646 0.0014902 -0.0032939 0 0
0 0 0.30587 0 0 0 0 0 0 0 0 0 0 -0.052843 0.004635 0.30123 -0.030001 0.00063131 -0.0052726 0 0
-0 -0 -0.24405 0 0 0 0 0 0 0 0 0 0 0.042164 -0.0036983 -0.24035 0.022919 -0.007093 0.0041297 0 0
0 0 0.078329 0 0 0 0 0 0 0 0 0 0 -0.013533 0.001187 0.077142 -0.0076407 0.0010499 -0.0013565 0 0
-0 -0 -0.14321 0 0 0 0 0 0 0 0 0 0 0.024742 -0.0021702 -0.14104 0.013663 -0.003474 0.0024502 0 0
0 0 0.063834 0 0 0 0 0 0 0 0 0 0 -0.011028 0.00096732 0.062867 -0.0062209 0.0009015 -0.0011052 0 0
-0 -0 -0.2269 0 0 0 0 0 0 0 0 0 0 0.0392 -0.0034383 -0.22346 0.021371 -0.0064107 0.0038476 0 0
0 0 0.026504 0 0 0 0 0 0 0 0 0 0 -0.004579 0.00040163 0.026102 -0.0025758 0.00042326 -0.00045838 0 0
-0 -0 -0.088291 0 0 0 0 0 0 0 0 0 0 0.015254 -0.0013379 -0.086953 0.0084831 -0.001907 0.0015175 0 0
-0 -0 -0.1278 0 0 0 0 0 0 0 0 0 0 0.022079 -0.0019366 -0.12586 0.012218 -0.003005 0.0021895 0 0
-0 -0 -0.0987 0 0 0 0 0 0 0 0 0 0 0.017052 -0.0014957 -0.097204 0.0094712 -0.0021817 0.0016951 0 0
-0 -0 -0.026703 0 0 0 0 0 0 0 0 0 0 0.0046134 -0.00040465 -0.026299 0.0025829 -0.0004964 0.00046075 0 0
-0 -0 -0.32273 0 0 0 0 0 0 0 0 0 0 0.055757 -0.0048906 -0.31784 0.029863 -0.010564 0.0054012 0 0
-0 -0 -0.28456 0 0 0 0 0 0 0 0 0 0 0.049163 -0.0043122 -0.28025 0.026528 -0.0088109 0.0047893 0 0
0 0 0.13046 0 0 0 0 0 0 0 0 0 0 -0.022538 0.0019769 0.12848 -0.012761 0.0014106 -0.0022603 0 0
-0 -0 -0.20131 0 0 0 0 0 0 0 0 0 0 0.034779 -0.0030505 -0.19826 0.01904 -0.0054432 0.0034238 0 0
0 0 0.088917 0 0 0 0 0 0 0 0 0 0 -0.015362 0.0013474 0.08757 -0.0086791 0.0011451 -0.0015401 0 0
0 0 0.2566 0 0 0 0 0 0 0 0 0 0 -0.044332 0.0038884 0.25271 -0.025176 0.0011601 -0.0044343 0 0
-0 -0 -0.087546 0 0 0 0 0 0 0 0 0 0 0.015125 -0.0013266 -0.086219 0.0084122 -0.0018877 0.0015048 0 0
-0 -0 -0.33928 0 0 0 0 0 0 0 0 0 0 0.058616 -0.0051413 -0.33414 0.031287 -0.011364 0.0056634 0 0
-0 -0 -0.17299 0 0 0 0 0 0 0 0 0 0 0.029887 -0.0026214 -0.17037 0.016433 -0.0044437 0.0029512 0 0
-0 -0 -0.33829 0 0 0 0 0 0 0 0 0 0 0.058445 -0.0051263 -0.33316 0.031202 -0.011315 0.0056478 0 0
0 0 0.042967 0 0 0 0 0 0 0 0 0 0 -0.0074233 0.00065111 0.042316 -0.0041812 0.0006512 -0.0007435 0 0
-0 -0 -0.21238 0 0 0 0 0 0 0 0 0 0 0.036691 -0.0032183 -0.20916 0.020051 -0.0058543 0.0036076 0 0
0 0 0.33134 0 0 0 0 0 0 0 0 0 0 -0.057244 0.005021 0.32632 -0.032485 0.0002634 -0.0057027 0 0
0 0 0.32688 0 0 0 0 0 0 0 0 0 0 -0.056474 0.0049535 0.32193 -0.032051 0.00033243 -0.0056276 0 0
-0 -0 -0.23721 0 0 0 0 0 0 0 0 0 0 0.040983 -0.0035947 -0.23362 0.022304 -0.0068179 0.0040175 0 0
-0 -0 -0.31875 0 0 0 0 0 0 0 0 0 0 0.055069 -0.0048302 -0.31392 0.029518 -0.010375 0.0053378 0 0
0 0 0.20108 0 0 0 0 0 0 0 0 0 0 -0.03474 0.0030471 0.19803 -0.019715 0.0014663 -0.0034811 0 0
-0 -0 -0.054191 0 0 0 0 0 0 0 0 0 0 0.0093624 -0.0008212 -0.05337 0.0052269 -0.0010804 0.00093356 0 0
0 0 0.053892 0 0 0 0 0 0 0 0 0 0 -0.0093107 0.00081666 0.053075 -0.0052484 0.00078764 -0.00093282 0 0
0 0 0.038794 0 0 0 0 0 0 0 0 0 0 -0.0067023 0.00058787 0.038206 -0.0037739 0.00059596 -0.0006712 0 0
-0 -0 -0.013495 0 0 0 0 0 0 0 0 0 0 0.0023315 -0.0002045 -0.013291 0.001307 -0.00024211 0.00023301 0 0
0 0 0.2947 0 0 0 0 0 0 0 0 0 0 -0.050915 0.0044658 0.29024 -0.02891 0.00077226 -0.0050834 0 0
-0 -0 -0.18262 0 0 0 0 0 0 0 0 0 0 0.031551 -0.0027674 -0.17985 0.017323 -0.0047753 0.0031124 0 0
0 0 0.2931 0 0 0 0 0 0 0 0 0 0 -0.050638 0.0044416 0.28866 -0.028754 0.00079146 -0.0050563 0 0
0 0 0.13409 0 0 0 0 0 0 0 0 0 0 -0.023166 0.002032 0.13206 -0.013119 0.0014256 -0.0023233 0 0
-0 -0 -0.19794 0 0 0 0 0 0 0 0 0 0 0.034197 -0.0029995 -0.19494 0.018732 -0.0053204 0.0033678 0 0
-0 -0 -0.24787 0 0 0 0 0 0 0 0 0 0 0.042824 -0.0037562 -0.24412 0.023263 -0.0072488 0.0041924 0 0
0 0 0.22904 0 0 0 0 0 0 0 0 0 0 -0.03957 0.0034708 0.22557 -0.022467 0.0013506 -0.0039621 0 0
0 0 0.34212 0 0 0 0 0 0 0 0 0 0 -0.059107 0.0051844 0.33694 -0.033533 8.8354e-05 -0.0058839 0 0
-0 -0 -0.33708 0 0 0 0 0 0 0 0 0 0 0.058235 -0.0051079 -0.33197 0.031098 -0.011256 0.0056286 0 0
-0 -0 -0.027622 0 0 0 0 0 0 0 0 0 0 0.0047722 -0.00041858 -0.027204 0.0026716 -0.00051472 0.00047658 0 0
-0 -0 -0.086842 0 0 0 0 0 0 0 0 0 0 0.015003 -0.001316 -0.085526 0.0083453 -0.0018696 0.0014927 0 0
-0 -0 -0.24395 0 0 0 0 0 0 0 0 0 0 0.042146 -0.0036967 -0.24025 0.02291 -0.0070888 0.004128 0 0
-0 -0 -0.27229 0 0 0 0 0 0 0 0 0 0 0.047043 -0.0041262 -0.26816 0.025442 -0.0082748 0.0045905 0 0
0 0 0.05663 0 0 0 0 0 0 0 0 0 0 -0.0097838 0.00085816 0.055772 -0.0055161 0.00081998 -0.00098028 0 0
0 0 0.18008 0 0 0 0 0 0 0 0 0 0 -0.031112 0.0027289 0.17735 -0.017648 0.0015018 -0.0031189 0 0
0 0 0.028056 0 0 0 0 0 0 0 0 0 0 -0.0048471 0.00042515 0.027631 -0.002727 0.00044589 -0.00048524 0 0
-0 -0 -0.23963 0 0 0 0 0 0 0 0 0 0 0.0414 -0.0036313 -0.236 0.022521 -0.0069146 0.0040572 0 0
-0 -0 -0.24544 0 0 0 0 0 0 0 0 0 0 0.042404 -0.0037193 -0.24172 0.023044 -0.0071495 0.0041525 0 0
-0 -0 -0.055922 0 0 0 0 0 0 0 0 0 0 0.0096615 -0.00084743 -0.055075 0.0053929 -0.0011196 0.00096328 0 0
-0 -0 -0.19599 0 0 0 0 0 0 0 0 0 0 0.03386 -0.0029699 -0.19302 0.018552 -0.0052497 0.0033353 0 0
-0 -0 -0.17648 0 0 0 0 0 0 0 0 0 0 0.03049 -0.0026744 -0.17381 0.016756 -0.0045629 0.0030097 0 0
-0 -0 -0.12384 0 0 0 0 0 0 0 0 0 0 0.021396 -0.0018767 -0.12197 0.011846 -0.0028884 0.0021225 0 0
0 0 0.28077 0 0 0 0 0 0 0 0 0 0 -0.048508 0.0042547 0.27652 -0.027546 0.00093084 -0.0048466 0 0
0 0 0.17453 0 0 0 0 0 0 0 0 0 0 -0.030153 0.0026448 0.17188 -0.017101 0.0015038 -0.003023 0 0
-0 -0 -0.34905 0 0 0 0 0 0 0 0 0 0 0.060304 -0.0052894 -0.34376 0.032122 -0.011848 0.0058173 0 0
-0 -0 -0.040602 0 0 0 0 0 0 0 0 0 0 0.0070146 -0.00061527 -0.039987 0.0039218 -0.00078244 0.00070002 0 0
0 0 0.25512 0 0 0 0 0 0 0 0 0 0 -0.044076 0.003866 0.25125 -0.025031 0.0011723 -0.004409 0 0
-0 -0 -0.34239 0 0 0 0 0 0 0 0 0 0 0.059153 -0.0051884 -0.3372 0.031553 -0.011517 0.0057124 0 0
-0 -0 -0.063285 0 0 0 0 0 0 0 0 0 0 0.010934 -0.00095901 -0.062326 0.0060981 -0.0012898 0.0010896 0 0
-0 -0 -0.30819 0 0 0 0 0 0 0 0 0 0 0.053245 -0.0046702 -0.30352 0.0286 -0.0098809 0.0051692 0 0
0 0 0.2213 0 0 0 0 0 0 0 0 0 0 -0.038233 0.0033535 0.21794 -0.021706 0.0013904 -0.0038291 0 0
-0 -0 -0.027002 0 0 0 0 0 0 0 0 0 0 0.0046651 -0.00040918 -0.026593 0.0026118 -0.00050235 0.0004659 0 0
0 0 0.149 0 0 0 0 0 0 0 0 0 0 -0.025742 0.0022579 0.14674 -0.014586 0.0014735 -0.0025814 0 0
0 0 0.21964 0 0 0 0 0 0 0 0 0 0 -0.037947 0.0033284 0.21631 -0.021543 0.0013982 -0.0038006 0 0
0 0 0.33603 0 0 0 0 0 0 0 0 0 0 -0.058055 0.0050921 0.33094 -0.032941 0.00018866 -0.0057816 0 0
-0 -0 -0.31517 0 0 0 0 0 0 0 0 0 0 0.054451 -0.004776 -0.3104 0.029208 -0.010206 0.0052808 0 0
-0 -0 -0.071888 0 0 0 0 0 0 0 0 0 0 0.01242 -0.0010894 -0.070798 0.0069203 -0.0014953 0.001237 0 0
-0 -0 -0.21498 0 0 0 0 0 0 0 0 0 0 0.037141 -0.0032577 -0.21172 0.020289 -0.0059526 0.0036507 0 0
-0 -0 -0.030558 0 0 0 0 0 0 0 0 0 0 0.0052793 -0.00046306 -0.030095 0.0029546 -0.00057383 0.00052714 0 0
0 0 0.12853 0 0 0 0 0 0 0 0 0 0 -0.022205 0.0019477 0.12658 -0.012571 0.0014021 -0.0022269 0 0
-0 -0 -0.34818 0 0 0 0 0 0 0 0 0 0 0.060154 -0.0052763 -0.34291 0.032048 -0.011804 0.0058037 0 0
-0 -0 -0.24898 0 0 0 0 0 0 0 0 0 0 0.043015 -0.0037729 -0.2452 0.023362 -0.0072939 0.0042104 0 0
