0 0 0 0.073009 0 0 0 0 -0 0 -0 0.062169 -0.036316 0.012105 0 0
0 0 0 0.14657 0 0 0 0 -0 0 -0 0.1248 -0.072904 0.024301 0 0
0 0 0 0.10486 0 0 0 0 -0 0 -0 0.089291 -0.05216 0.017387 0 0
0 0 0 0.0035096 0 0 0 0 -0 0 -0 0.0029885 -0.0017457 0.00058191 0 0
0 0 0 0.04359 0 0 0 0 -0 0 -0 0.037118 -0.021683 0.0072275 0 0
0 0 0 0.037343 0 0 0 0 -0 0 -0 0.031798 -0.018575 0.0061916 0 0
0 0 0 0.078537 0 0 0 0 -0 0 -0 0.066876 -0.039066 0.013022 0 0
0 0 0 0.051372 0 0 0 0 -0 0 -0 0.043744 -0.025553 0.0085178 0 0
0 0 0 0.0083647 0 0 0 0 -0 0 -0 0.0071227 -0.0041607 0.0013869 0 0
0 0 0 0.19065 0 0 0 0 -0 0 -0 0.16234 -0.094834 0.031611 0 0
-0 -0 -0 0.18921 0 0 0 0 -0 0 -0 0.16111 -0.094115 0.031372 0 0
0 0 0 0.12918 0 0 0 0 -0 0 -0 0.11 -0.064259 0.02142 0 0
0 0 0 0.15014 0 0 0 0 -0 0 -0 0.12785 -0.074683 0.024894 0 0
0 0 0 0.10648 0 0 0 0 -0 0 -0 0.090668 -0.052964 0.017655 0 0
-0 -0 -0 0.14383 0 0 0 0 -0 0 -0 0.12248 -0.071546 0.023849 0 0
0 0 0 0.13927 0 0 0 0 -0 0 -0 0.11859 -0.069276 0.023092 0 0
-0 -0 -0 0.05239 0 0 0 0 -0 0 -0 0.044611 -0.02606 0.0086865 0 0
0 0 0 0.16518 0 0 0 0 -0 0 -0 0.14065 -0.082164 0.027388 0 0
0 0 0 0.11978 0 0 0 0 -0 0 -0 0.10199 -0.059581 0.01986 0 0
0 0 0 0.17104 0 0 0 0 -0 0 -0 0.14564 -0.085077 0.028359 0 0
0 0 0 0.1106 0 0 0 0 -0 0 -0 0.094178 -0.055014 0.018338 0 0
-0 -0 -0 0.13889 0 0 0 0 -0 0 -0 0.11827 -0.069085 0.023028 0 0
-0 -0 -0 0.1105 0 0 0 0 -0 0 -0 0.094096 -0.054967 0.018322 0 0
0 0 0 0.14075 0 0 0 0 -0 0 -0 0.11985 -0.070013 0.023338 0 0
-0 -0 -0 0.15324 0 0 0 0 -0 0 -0 0.13049 -0.076227 0.025409 0 0
0 0 0 0.023823 0 0 0 0 -0 0 -0 0.020286 -0.01185 0.00395 0 0
0 0 0 0.091176 0 0 0 0 -0 0 -0 0.077638 -0.045352 0.015117 0 0
0 0 0 0.11118 0 0 0 0 -0 0 -0 0.094674 -0.055304 0.018435 0 0
0 0 0 0.1605 0 0 0 0 -0 0 -0 0.13667 -0.079836 0.026612 0 0
-0 -0 -0 0.03887 0 0 0 0 -0 0 -0 0.033099 -0.019335 0.0064449 0 0
-0 -0 -0 0.16174 0 0 0 0 -0 0 -0 0.13773 -0.080453 0.026818 0 0
0 0 0 0.12812 0 0 0 0 -0 0 -0 0.1091 -0.06373 0.021243 0 0
-0 -0 -0 0.011095 0 0 0 0 -0 0 -0 0.0094477 -0.0055189 0.0018396 0 0
-0 -0 -0 0.17487 0 0 0 0 -0 0 -0 0.14891 -0.086984 0.028995 0 0
-0 -0 -0 0.1812 0 0 0 0 -0 0 -0 0.15429 -0.090132 0.030044 0 0
0 0 0 0.18257 0 0 0 0 -0 0 -0 0.15546 -0.090815 0.030272 0 0
-0 -0 -0 0.14664 0 0 0 0 -0 0 -0 0.12486 -0.07294 0.024313 0 0
-0 -0 -0 0.11872 0 0 0 0 -0 0 -0 0.10109 -0.059052 0.019684 0 0
0 0 0 0.1904 0 0 0 0 -0 0 -0 0.16213 -0.094709 0.03157 0 0
-0 -0 -0 0.081559 0 0 0 0 -0 0 -0 0.069449 -0.040569 0.013523 0 0
0 0 0 0.16986 0 0 0 0 -0 0 -0 0.14464 -0.084491 0.028164 0 0
0 0 0 0.10974 0 0 0 0 -0 0 -0 0.093449 -0.054589 0.018196 0 0
-0 -0 -0 0.042054 0 0 0 0 -0 0 -0 0.03581 -0.020918 0.0069728 0 0
-0 -0 -0 0.009256 0 0 0 0 -0 0 -0 0.0078817 -0.0046041 0.0015347 0 0
-0 -0 -0 0.10691 0 0 0 0 -0 0 -0 0.091038 -0.05318 0.017727 0 0
0 0 0 0.020273 0 0 0 0 -0 0 -0 0.017263 -0.010084 0.0033613 0 0
-0 -0 -0 0.10707 0 0 0 0 -0 0 -0 0.09117 -0.053257 0.017752 0 0
-0 -0 -0 0.19641 0 0 0 0 -0 0 -0 0.16725 -0.097698 0.032566 0 0
0 0 0 0.19429 0 0 0 0 -0 0 -0 0.16544 -0.096644 0.032215 0 0
-0 -0 -0 0.076267 0 0 0 0 -0 0 -0 0.064943 -0.037937 0.012646 0 0
0 0 0 0.14012 0 0 0 0 -0 0 -0 0.11931 -0.069696 0.023232 0 0
-0 -0 -0 0.10561 0 0 0 0 -0 0 -0 0.089933 -0.052535 0.017512 0 0
-0 -0 -0 0.11968 0 0 0 0 -0 0 -0 0.10191 -0.05953 0.019843 0 0
0 0 0 0.013042 0 0 0 0 -0 0 -0 0.011106 -0.0064875 0.0021625 0 0
-0 -0 -0 0.030502 0 0 0 0 -0 0 -0 0.025973 -0.015172 0.0050575 0 0
-0 -0 -0 0.025648 0 0 0 0 -0 0 -0 0.02184 -0.012758 0.0042526 0 0
-0 -0 -0 0.0089729 0 0 0 0 -0 0 -0 0.0076406 -0.0044633 0.0014878 0 0
0 0 0 0.12835 0 0 0 0 -0 0 -0 0.10929 -0.063845 0.021282 0 0
0 0 0 0.032558 0 0 0 0 -0 0 -0 0.027723 -0.016195 0.0053982 0 0
0 0 0 0.0464 0 0 0 0 -0 0 -0 0.039511 -0.02308 0.0076935 0 0
-0 -0 -0 0.16276 0 0 0 0 -0 0 -0 0.13859 -0.080959 0.026986 0 0
0 0 0 0.14566 0 0 0 0 -0 0 -0 0.12403 -0.072454 0.024151 0 0
0 0 0 0.11417 0 0 0 0 -0 0 -0 0.097216 -0.056789 0.01893 0 0
-0 -0 -0 0.14666 0 0 0 0 -0 0 -0 0.12489 -0.072953 0.024318 0 0
0 0 0 0.004848 0 0 0 0 -0 0 -0 0.0041282 -0.0024115 0.00080383 0 0
-0 -0 -0 0.002496 0 0 0 0 -0 0 -0 0.0021254 -0.0012416 0.00041385 0 0
0 0 0 0.15068 0 0 0 0 -0 0 -0 0.12831 -0.07495 0.024983 0 0
0 0 0 0.13359 0 0 0 0 -0 0 -0 0.11375 -0.06645 0.02215 0 0
0 0 0 0.078524 0 0 0 0 -0 0 -0 0.066864 -0.039059 0.01302 0 0
-0 -0 -0 0.10357 0 0 0 0 -0 0 -0 0.08819 -0.051517 0.017172 0 0
-0 -0 -0 0.024744 0 0 0 0 -0 0 -0 0.02107 -0.012308 0.0041027 0 0
-0 -0 -0 0.025477 0 0 0 0 -0 0 -0 0.021694 -0.012673 0.0042242 0 0
-0 -0 -0 0.054416 0 0 0 0 -0 0 -0 0.046336 -0.027067 0.0090225 0 0
0 0 0 0.041531 0 0 0 0 -0 0 -0 0.035364 -0.020658 0.0068861 0 0
0 0 0 0.055275 0 0 0 0 -0 0 -0 0.047068 -0.027495 0.009165 0 0
0 0 0 0.03619 0 0 0 0 -0 0 -0 0.030817 -0.018002 0.0060006 0 0
-0 -0 -0 0.057386 0 0 0 0 -0 0 -0 0.048865 -0.028545 0.0095149 0 0
-0 -0 -0 0.015122 0 0 0 0 -0 0 -0 0.012877 -0.007522 0.0025073 0 0
-0 -0 -0 0.11019 0 0 0 0 -0 0 -0 0.093831 -0.054812 0.018271 0 0
-0 -0 -0 0.096614 0 0 0 0 -0 0 -0 0.082269 -0.048057 0.016019 0 0
-0 -0 -0 0.011121 0 0 0 0 -0 0 -0 0.0094698 -0.0055318 0.0018439 0 0
0 0 0 0.14291 0 0 0 0 -0 0 -0 0.12169 -0.071086 0.023695 0 0
-0 -0 -0 0.0073554 0 0 0 0 -0 0 -0 0.0062633 -0.0036587 0.0012196 0 0
0 0 0 0.1385 0 0 0 0 -0 0 -0 0.11794 -0.068894 0.022965 0 0
0 0 0 0.16376 0 0 0 0 -0 0 -0 0.13945 -0.081458 0.027153 0 0
0 0 0 0.11681 0 0 0 0 -0 0 -0 0.099468 -0.058105 0.019368 0 0
0 0 0 0.16846 0 0 0 0 -0 0 -0 0.14345 -0.083795 0.027932 0 0
-0 -0 -0 0.048715 0 0 0 0 -0 0 -0 0.041482 -0.024232 0.0080772 0 0
-0 -0 -0 0.066801 0 0 0 0 -0 0 -0 0.056882 -0.033228 0.011076 0 0
-0 -0 -0 0.017107 0 0 0 0 -0 0 -0 0.014567 -0.0085094 0.0028365 0 0
-0 -0 -0 0.072266 0 0 0 0 -0 0 -0 0.061536 -0.035947 0.011982 0 0
-0 -0 -0 0.18291 0 0 0 0 -0 0 -0 0.15575 -0.090982 0.030327 0 0
-0 -0 -0 0.022991 0 0 0 0 -0 0 -0 0.019578 -0.011436 0.0038121 0 0
0 0 0 0.14792 0 0 0 0 -0 0 -0 0.12596 -0.07358 0.024527 0 0
-0 -0 -0 0.15414 0 0 0 0 -0 0 -0 0.13126 -0.076673 0.025558 0 0
0 0 0 0.10403 0 0 0 0 -0 0 -0 0.088588 -0.051749 0.01725 0 0
0 0 0 0.0027748 0 0 0 0 -0 0 -0 0.0023628 -0.0013802 0.00046008 0 0
-0 -0 -0 0.0071488 0 0 0 0 -0 0 -0 0.0060874 -0.003556 0.0011853 0 0
0 0 0 0.16633 0 0 0 0 -0 0 -0 0.14163 -0.082734 0.027578 0 0
-0 -0 -0 0.10959 0 0 0 0 -0 0 -0 0.093322 -0.054514 0.018171 0 0
