-0 -0 -0 0.085356 0 0 0 0 0 0 0 0.084059 0 0.014822 0 0
0 0 0 0.034962 0 0 0 0 0 0 0 0.034431 0 0.0060711 0 0
-0 -0 -0 0.17263 0 0 0 0 0 0 0 0.17001 0 0.029977 0 0
0 0 0 0.0377 0 0 0 0 0 0 0 0.037127 0 0.0065465 0 0
-0 -0 -0 0.10751 0 0 0 0 0 0 0 0.10588 0 0.01867 0 0
0 0 0 0.033537 0 0 0 0 0 0 0 0.033028 0 0.0058237 0 0
0 0 0 0.014082 0 0 0 0 0 0 0 0.013868 0 0.0024454 0 0
-0 -0 -0 0.016949 0 0 0 0 0 0 0 0.016691 0 0.0029431 0 0
0 0 0 0.097962 0 0 0 0 0 0 0 0.096474 0 0.017011 0 0
0 0 0 0.049697 0 0 0 0 0 0 0 0.048942 0 0.0086298 0 0
-0 -0 -0 0.010837 0 0 0 0 0 0 0 0.010673 0 0.0018819 0 0
0 0 0 0.14278 0 0 0 0 0 0 0 0.14061 0 0.024793 0 0
0 0 0 0.0071168 0 0 0 0 0 0 0 0.0070087 0 0.0012358 0 0
0 0 0 0.1371 0 0 0 0 0 0 0 0.13501 0 0.023807 0 0
0 0 0 0.061643 0 0 0 0 0 0 0 0.060707 0 0.010704 0 0
0 0 0 0.19081 0 0 0 0 0 0 0 0.18792 0 0.033135 0 0
0 0 0 0.18596 0 0 0 0 0 0 0 0.18314 0 0.032292 0 0
-0 -0 -0 0.092569 0 0 0 0 0 0 0 0.091163 0 0.016074 0 0
0 0 0 0.17879 0 0 0 0 0 0 0 0.17608 0 0.031047 0 0
-0 -0 -0 0.088561 0 0 0 0 0 0 0 0.087216 0 0.015378 0 0
0 0 0 0.14976 0 0 0 0 0 0 0 0.14748 0 0.026005 0 0
-0 -0 -0 0.044529 0 0 0 0 0 0 0 0.043852 0 0.0077324 0 0
-0 -0 -0 0.03321 0 0 0 0 0 0 0 0.032705 0 0.0057668 0 0
-0 -0 -0 0.039477 0 0 0 0 0 0 0 0.038877 0 0.0068551 0 0
-0 -0 -0 0.11122 0 0 0 0 0 0 0 0.10953 0 0.019313 0 0
-0 -0 -0 0.011549 0 0 0 0 0 0 0 0.011373 0 0.0020054 0 0
-0 -0 -0 0.034166 0 0 0 0 0 0 0 0.033647 0 0.0059328 0 0
0 0 0 0.081753 0 0 0 0 0 0 0 0.080511 0 0.014196 0 0
-0 -0 -0 0.11042 0 0 0 0 0 0 0 0.10875 0 0.019175 0 0
-0 -0 -0 0.14216 0 0 0 0 0 0 0 0.14 0 0.024686 0 0
-0 -0 -0 0.14443 0 0 0 0 0 0 0 0.14223 0 0.025079 0 0
0 0 0 0.036298 0 0 0 0 0 0 0 0.035746 0 0.006303 0 0
0 0 0 0.029136 0 0 0 0 0 0 0 0.028693 0 0.0050594 0 0
-0 -0 -0 0.13281 0 0 0 0 0 0 0 0.13079 0 0.023063 0 0
0 0 0 0.1901 0 0 0 0 0 0 0 0.18721 0 0.03301 0 0
-0 -0 -0 0.13625 0 0 0 0 0 0 0 0.13418 0 0.02366 0 0
-0 -0 -0 0.19138 0 0 0 0 0 0 0 0.18847 0 0.033233 0 0
-0 -0 -0 0.10241 0 0 0 0 0 0 0 0.10086 0 0.017784 0 0
0 0 0 0.040112 0 0 0 0 0 0 0 0.039503 0 0.0069654 0 0
0 0 0 0.17825 0 0 0 0 0 0 0 0.17554 0 0.030952 0 0
-0 -0 -0 0.15247 0 0 0 0 0 0 0 0.15015 0 0.026476 0 0
-0 -0 -0 0.052852 0 0 0 0 0 0 0 0.052049 0 0.0091777 0 0
0 0 0 0.10203 0 0 0 0 0 0 0 0.10048 0 0.017718 0 0
0 0 0 0.16774 0 0 0 0 0 0 0 0.16519 0 0.029128 0 0
-0 -0 -0 0.12472 0 0 0 0 0 0 0 0.12283 0 0.021657 0 0
-0 -0 -0 0.015395 0 0 0 0 0 0 0 0.015161 0 0.0026732 0 0
-0 -0 -0 0.118 0 0 0 0 0 0 0 0.11621 0 0.020491 0 0
-0 -0 -0 0.1645 0 0 0 0 0 0 0 0.162 0 0.028566 0 0
0 0 0 0.13284 0 0 0 0 0 0 0 0.13082 0 0.023068 0 0
0 0 0 0.098343 0 0 0 0 0 0 0 0.096849 0 0.017077 0 0
0 0 0 0.12519 0 0 0 0 0 0 0 0.12329 0 0.02174 0 0
-0 -0 -0 0.15798 0 0 0 0 0 0 0 0.15558 0 0.027433 0 0
0 0 0 0.17184 0 0 0 0 0 0 0 0.16923 0 0.029839 0 0
0 0 0 0.043733 0 0 0 0 0 0 0 0.043068 0 0.0075941 0 0
0 0 0 0.14058 0 0 0 0 0 0 0 0.13845 0 0.024412 0 0
0 0 0 0.10767 0 0 0 0 0 0 0 0.10604 0 0.018697 0 0
-0 -0 -0 0.031802 0 0 0 0 0 0 0 0.031319 0 0.0055224 0 0
0 0 0 0.11382 0 0 0 0 0 0 0 0.11209 0 0.019764 0 0
0 0 0 0.15736 0 0 0 0 0 0 0 0.15497 0 0.027325 0 0
-0 -0 -0 0.0074961 0 0 0 0 0 0 0 0.0073822 0 0.0013017 0 0
0 0 0 0.089511 0 0 0 0 0 0 0 0.088151 0 0.015543 0 0
0 0 0 0.061656 0 0 0 0 0 0 0 0.060719 0 0.010706 0 0
0 0 0 0.0032123 0 0 0 0 0 0 0 0.0031635 0 0.00055781 0 0
-0 -0 -0 0.021227 0 0 0 0 0 0 0 0.020904 0 0.0036859 0 0
0 0 0 0.17403 0 0 0 0 0 0 0 0.17139 0 0.03022 0 0
-0 -0 -0 0.12977 0 0 0 0 0 0 0 0.1278 0 0.022534 0 0
0 0 0 0.016938 0 0 0 0 0 0 0 0.016681 0 0.0029413 0 0
-0 -0 -0 0.096077 0 0 0 0 0 0 0 0.094617 0 0.016684 0 0
-0 -0 -0 0.10607 0 0 0 0 0 0 0 0.10446 0 0.01842 0 0
-0 -0 -0 0.046029 0 0 0 0 0 0 0 0.04533 0 0.0079929 0 0
-0 -0 -0 0.0053369 0 0 0 0 0 0 0 0.0052558 0 0.00092674 0 0
-0 -0 -0 0.0032269 0 0 0 0 0 0 0 0.0031779 0 0.00056035 0 0
0 0 0 0.098859 0 0 0 0 0 0 0 0.097357 0 0.017167 0 0
0 0 0 0.09168 0 0 0 0 0 0 0 0.090287 0 0.01592 0 0
0 0 0 0.082549 0 0 0 0 0 0 0 0.081295 0 0.014334 0 0
-0 -0 -0 0.13188 0 0 0 0 0 0 0 0.12987 0 0.0229 0 0
0 0 0 0.071371 0 0 0 0 0 0 0 0.070287 0 0.012394 0 0
0 0 0 0.049739 0 0 0 0 0 0 0 0.048983 0 0.008637 0 0
0 0 0 0.10366 0 0 0 0 0 0 0 0.10209 0 0.018001 0 0
0 0 0 0.1993 0 0 0 0 0 0 0 0.19627 0 0.034608 0 0
0 0 0 0.19937 0 0 0 0 0 0 0 0.19634 0 0.03462 0 0
-0 -0 -0 0.048047 0 0 0 0 0 0 0 0.047317 0 0.0083432 0 0
-0 -0 -0 0.14688 0 0 0 0 0 0 0 0.14465 0 0.025506 0 0
-0 -0 -0 0.01063 0 0 0 0 0 0 0 0.010468 0 0.0018459 0 0
0 0 0 0.079477 0 0 0 0 0 0 0 0.07827 0 0.013801 0 0
0 0 0 0.045336 0 0 0 0 0 0 0 0.044647 0 0.0078725 0 0
0 0 0 0.15389 0 0 0 0 0 0 0 0.15155 0 0.026722 0 0
-0 -0 -0 0.17819 0 0 0 0 0 0 0 0.17548 0 0.030943 0 0
0 0 0 0.063089 0 0 0 0 0 0 0 0.062131 0 0.010955 0 0
0 0 0 0.12263 0 0 0 0 0 0 0 0.12076 0 0.021294 0 0
-0 -0 -0 0.19585 0 0 0 0 0 0 0 0.19287 0 0.034009 0 0
0 0 0 0.043081 0 0 0 0 0 0 0 0.042427 0 0.007481 0 0
0 0 0 0.0053516 0 0 0 0 0 0 0 0.0052703 0 0.00092929 0 0
-0 -0 -0 0.033644 0 0 0 0 0 0 0 0.033133 0 0.0058423 0 0
0 0 0 0.084979 0 0 0 0 0 0 0 0.083688 0 0.014756 0 0
0 0 0 0.078176 0 0 0 0 0 0 0 0.076988 0 0.013575 0 0
-0 -0 -0 0.18971 0 0 0 0 0 0 0 0.18683 0 0.032943 0 0
0 0 0 0.037125 0 0 0 0 0 0 0 0.036561 0 0.0064466 0 0
0 0 0 0.030382 0 0 0 0 0 0 0 0.029921 0 0.0052758 0 0
0 0 0 0.14777 0 0 0 0 0 0 0 0.14552 0 0.025659 0 0
