-0 -0 -0 0.10038 0 0 0 0 0 0 0 0.098859 0 0.017432 0 0
-0 -0 -0 0.056899 0 0 0 0 0 0 0 0.056035 0 0.0098805 0 0
0 0 0 0.09998 0 0 0 0 0 0 0 0.098462 0 0.017361 0 0
0 0 0 0.16226 0 0 0 0 0 0 0 0.1598 0 0.028177 0 0
-0 -0 -0 0.050466 0 0 0 0 0 0 0 0.049699 0 0.0087633 0 0
0 0 0 0.1839 0 0 0 0 0 0 0 0.18111 0 0.031935 0 0
0 0 0 0.16989 0 0 0 0 0 0 0 0.1673 0 0.0295 0 0
0 0 0 0.045488 0 0 0 0 0 0 0 0.044797 0 0.0078988 0 0
-0 -0 -0 0.027 0 0 0 0 0 0 0 0.02659 0 0.0046885 0 0
-0 -0 -0 0.10277 0 0 0 0 0 0 0 0.1012 0 0.017845 0 0
-0 -0 -0 0.049509 0 0 0 0 0 0 0 0.048757 0 0.0085971 0 0
-0 -0 -0 0.038137 0 0 0 0 0 0 0 0.037558 0 0.0066224 0 0
0 0 0 0.12822 0 0 0 0 0 0 0 0.12628 0 0.022266 0 0
-0 -0 -0 0.0076986 0 0 0 0 0 0 0 0.0075816 0 0.0013368 0 0
0 0 0 0.16384 0 0 0 0 0 0 0 0.16135 0 0.028451 0 0
0 0 0 0.1836 0 0 0 0 0 0 0 0.18082 0 0.031883 0 0
0 0 0 0.17359 0 0 0 0 0 0 0 0.17095 0 0.030143 0 0
0 0 0 0.065762 0 0 0 0 0 0 0 0.064763 0 0.011419 0 0
0 0 0 0.01523 0 0 0 0 0 0 0 0.014999 0 0.0026447 0 0
0 0 0 0.05223 0 0 0 0 0 0 0 0.051436 0 0.0090696 0 0
-0 -0 -0 0.14122 0 0 0 0 0 0 0 0.13908 0 0.024523 0 0
0 0 0 0.17069 0 0 0 0 0 0 0 0.1681 0 0.02964 0 0
-0 -0 -0 0.031811 0 0 0 0 0 0 0 0.031328 0 0.005524 0 0
-0 -0 -0 0.14568 0 0 0 0 0 0 0 0.14346 0 0.025296 0 0
-0 -0 -0 0.19793 0 0 0 0 0 0 0 0.19492 0 0.03437 0 0
-0 -0 -0 0.10626 0 0 0 0 0 0 0 0.10465 0 0.018452 0 0
-0 -0 -0 0.082313 0 0 0 0 0 0 0 0.081063 0 0.014294 0 0
0 0 0 0.0051983 0 0 0 0 0 0 0 0.0051193 0 0.00090267 0 0
0 0 0 0.029815 0 0 0 0 0 0 0 0.029362 0 0.0051772 0 0
0 0 0 0.12188 0 0 0 0 0 0 0 0.12002 0 0.021164 0 0
0 0 0 0.019351 0 0 0 0 0 0 0 0.019057 0 0.0033603 0 0
-0 -0 -0 0.070074 0 0 0 0 0 0 0 0.06901 0 0.012168 0 0
-0 -0 -0 0.18627 0 0 0 0 0 0 0 0.18344 0 0.032345 0 0
-0 -0 -0 0.055963 0 0 0 0 0 0 0 0.055113 0 0.0097179 0 0
0 0 0 0.057048 0 0 0 0 0 0 0 0.056182 0 0.0099063 0 0
0 0 0 0.14946 0 0 0 0 0 0 0 0.14719 0 0.025953 0 0
-0 -0 -0 0.039684 0 0 0 0 0 0 0 0.039081 0 0.0068911 0 0
0 0 0 0.18079 0 0 0 0 0 0 0 0.17805 0 0.031395 0 0
-0 -0 -0 0.19542 0 0 0 0 0 0 0 0.19245 0 0.033934 0 0
0 0 0 0.076661 0 0 0 0 0 0 0 0.075496 0 0.013312 0 0
-0 -0 -0 0.15498 0 0 0 0 0 0 0 0.15263 0 0.026913 0 0
-0 -0 -0 0.043104 0 0 0 0 0 0 0 0.042449 0 0.0074849 0 0
0 0 0 0.14939 0 0 0 0 0 0 0 0.14712 0 0.025942 0 0
-0 -0 -0 0.14397 0 0 0 0 0 0 0 0.14178 0 0.024999 0 0
-0 -0 -0 0.12389 0 0 0 0 0 0 0 0.122 0 0.021512 0 0
0 0 0 0.13525 0 0 0 0 0 0 0 0.1332 0 0.023487 0 0
-0 -0 -0 0.066212 0 0 0 0 0 0 0 0.065206 0 0.011498 0 0
0 0 0 0.17861 0 0 0 0 0 0 0 0.1759 0 0.031016 0 0
-0 -0 -0 0.029503 0 0 0 0 0 0 0 0.029055 0 0.0051231 0 0
0 0 0 0.096212 0 0 0 0 0 0 0 0.094751 0 0.016707 0 0
-0 -0 -0 0.12956 0 0 0 0 0 0 0 0.12759 0 0.022498 0 0
0 0 0 0.051285 0 0 0 0 0 0 0 0.050506 0 0.0089055 0 0
0 0 0 0.11265 0 0 0 0 0 0 0 0.11094 0 0.019562 0 0
0 0 0 0.016933 0 0 0 0 0 0 0 0.016675 0 0.0029403 0 0
-0 -0 -0 0.071294 0 0 0 0 0 0 0 0.07021 0 0.01238 0 0
0 0 0 0.17352 0 0 0 0 0 0 0 0.17088 0 0.030131 0 0
0 0 0 0.068197 0 0 0 0 0 0 0 0.067161 0 0.011842 0 0
-0 -0 -0 0.068949 0 0 0 0 0 0 0 0.067901 0 0.011973 0 0
-0 -0 -0 0.15046 0 0 0 0 0 0 0 0.14817 0 0.026127 0 0
0 0 0 0.19658 0 0 0 0 0 0 0 0.1936 0 0.034137 0 0
-0 -0 -0 0.18601 0 0 0 0 0 0 0 0.18318 0 0.0323 0 0
-0 -0 -0 0.16005 0 0 0 0 0 0 0 0.15762 0 0.027792 0 0
0 0 0 0.1475 0 0 0 0 0 0 0 0.14526 0 0.025613 0 0
-0 -0 -0 0.17301 0 0 0 0 0 0 0 0.17039 0 0.030044 0 0
-0 -0 -0 0.0053274 0 0 0 0 0 0 0 0.0052465 0 0.0009251 0 0
-0 -0 -0 0.046628 0 0 0 0 0 0 0 0.045919 0 0.0080968 0 0
0 0 0 0.16451 0 0 0 0 0 0 0 0.16201 0 0.028567 0 0
0 0 0 0.11243 0 0 0 0 0 0 0 0.11072 0 0.019524 0 0
0 0 0 0.18952 0 0 0 0 0 0 0 0.18664 0 0.03291 0 0
0 0 0 0.14443 0 0 0 0 0 0 0 0.14224 0 0.025081 0 0
0 0 0 0.087404 0 0 0 0 0 0 0 0.086076 0 0.015178 0 0
-0 -0 -0 0.078911 0 0 0 0 0 0 0 0.077712 0 0.013703 0 0
-0 -0 -0 0.13612 0 0 0 0 0 0 0 0.13405 0 0.023637 0 0
-0 -0 -0 0.030554 0 0 0 0 0 0 0 0.03009 0 0.0053057 0 0
-0 -0 -0 0.10908 0 0 0 0 0 0 0 0.10742 0 0.018942 0 0
-0 -0 -0 0.092235 0 0 0 0 0 0 0 0.090833 0 0.016016 0 0
0 0 0 0.11677 0 0 0 0 0 0 0 0.11499 0 0.020277 0 0
0 0 0 0.065062 0 0 0 0 0 0 0 0.064073 0 0.011298 0 0
0 0 0 0.18532 0 0 0 0 0 0 0 0.18251 0 0.032181 0 0
0 0 0 0.15006 0 0 0 0 0 0 0 0.14779 0 0.026058 0 0
0 0 0 0.027669 0 0 0 0 0 0 0 0.027248 0 0.0048046 0 0
0 0 0 0.10477 0 0 0 0 0 0 0 0.10317 0 0.018192 0 0
0 0 0 0.072844 0 0 0 0 0 0 0 0.071738 0 0.012649 0 0
-0 -0 -0 0.15154 0 0 0 0 0 0 0 0.14924 0 0.026314 0 0
0 0 0 0.075493 0 0 0 0 0 0 0 0.074346 0 0.013109 0 0
0 0 0 0.039669 0 0 0 0 0 0 0 0.039066 0 0.0068884 0 0
-0 -0 -0 0.042358 0 0 0 0 0 0 0 0.041714 0 0.0073553 0 0
0 0 0 0.12091 0 0 0 0 0 0 0 0.11907 0 0.020995 0 0
0 0 0 0.062807 0 0 0 0 0 0 0 0.061853 0 0.010906 0 0
-0 -0 -0 0.19395 0 0 0 0 0 0 0 0.191 0 0.033679 0 0
-0 -0 -0 0.076995 0 0 0 0 0 0 0 0.075825 0 0.01337 0 0
0 0 0 0.046429 0 0 0 0 0 0 0 0.045724 0 0.0080623 0 0
-0 -0 -0 0.18884 0 0 0 0 0 0 0 0.18597 0 0.032792 0 0
0 0 0 0.12895 0 0 0 0 0 0 0 0.12699 0 0.022392 0 0
-0 -0 -0 0.072343 0 0 0 0 0 0 0 0.071244 0 0.012562 0 0
-0 -0 -0 0.16699 0 0 0 0 0 0 0 0.16445 0 0.028998 0 0
-0 -0 -0 0.034751 0 0 0 0 0 0 0 0.034223 0 0.0060344 0 0
0 0 0 0.13488 0 0 0 0 0 0 0 0.13283 0 0.023421 0 0
-0 -0 -0 0.17341 0 0 0 0 0 0 0 0.17077 0 0.030112 0 0
0 0 0 0.097833 0 0 0 0 0 0 0 0.096347 0 0.016989 0 0
