-0 -0 -0 0.18454 0 0 0 0 0 0 -0 0.17894 -0.031882 0.031882 0 0
0 0 0 0.049159 0 0 0 0 0 0 -0 0.047669 -0.008493 0.008493 0 0
-0 -0 -0 0.13711 0 0 0 0 0 0 -0 0.13296 -0.023688 0.023688 0 0
-0 -0 -0 0.16826 0 0 0 0 0 0 -0 0.16316 -0.02907 0.02907 0 0
0 0 0 0.08698 0 0 0 0 0 0 -0 0.084344 -0.015027 0.015027 0 0
0 0 0 0.17287 0 0 0 0 0 0 -0 0.16763 -0.029866 0.029866 0 0
-0 -0 -0 0.057593 0 0 0 0 0 0 -0 0.055847 -0.0099501 0.0099501 0 0
-0 -0 -0 0.15288 0 0 0 0 0 0 -0 0.14824 -0.026412 0.026412 0 0
-0 -0 -0 0.1576 0 0 0 0 0 0 -0 0.15283 -0.027228 0.027228 0 0
-0 -0 -0 0.10135 0 0 0 0 0 0 -0 0.098282 -0.017511 0.017511 0 0
-0 -0 -0 0.064727 0 0 0 0 0 0 -0 0.062765 -0.011183 0.011183 0 0
0 0 0 0.18527 0 0 0 0 0 0 -0 0.17966 -0.032008 0.032008 0 0
0 0 0 0.19787 0 0 0 0 0 0 -0 0.19187 -0.034185 0.034185 0 0
0 0 0 0.13736 0 0 0 0 0 0 -0 0.1332 -0.023731 0.023731 0 0
-0 -0 -0 0.085156 0 0 0 0 0 0 -0 0.082575 -0.014712 0.014712 0 0
0 0 0 0.16476 0 0 0 0 0 0 -0 0.15977 -0.028465 0.028465 0 0
0 0 0 0.12777 0 0 0 0 0 0 -0 0.1239 -0.022075 0.022075 0 0
0 0 0 0.14238 0 0 0 0 0 0 -0 0.13806 -0.024598 0.024598 0 0
-0 -0 -0 0.08653 0 0 0 0 0 0 -0 0.083907 -0.014949 0.014949 0 0
0 0 0 0.19496 0 0 0 0 0 0 -0 0.18905 -0.033683 0.033683 0 0
0 0 0 0.022923 0 0 0 0 0 0 -0 0.022228 -0.0039603 0.0039603 0 0
-0 -0 -0 0.10614 0 0 0 0 0 0 -0 0.10292 -0.018337 0.018337 0 0
0 0 0 0.092813 0 0 0 0 0 0 -0 0.09 -0.016035 0.016035 0 0
-0 -0 -0 0.031908 0 0 0 0 0 0 -0 0.030941 -0.0055127 0.0055127 0 0
-0 -0 -0 0.00067189 0 0 0 0 0 0 -0 0.00065153 -0.00011608 0.00011608 0 0
0 0 0 0.054372 0 0 0 0 0 0 -0 0.052724 -0.0093936 0.0093936 0 0
0 0 0 0.11328 0 0 0 0 0 0 -0 0.10984 -0.019571 0.019571 0 0
0 0 0 0.0042323 0 0 0 0 0 0 -0 0.0041041 -0.00073121 0.00073121 0 0
-0 -0 -0 0.01341 0 0 0 0 0 0 -0 0.013003 -0.0023168 0.0023168 0 0
0 0 0 0.1268 0 0 0 0 0 0 -0 0.12296 -0.021907 0.021907 0 0
-0 -0 -0 0.10702 0 0 0 0 0 0 -0 0.10378 -0.018489 0.018489 0 0
0 0 0 0.027928 0 0 0 0 0 0 -0 0.027082 -0.004825 0.004825 0 0
0 0 0 0.08614 0 0 0 0 0 0 -0 0.08353 -0.014882 0.014882 0 0
-0 -0 -0 0.024861 0 0 0 0 0 0 -0 0.024108 -0.0042952 0.0042952 0 0
0 0 0 0.15086 0 0 0 0 0 0 -0 0.14629 -0.026064 0.026064 0 0
0 0 0 0.14998 0 0 0 0 0 0 -0 0.14543 -0.025911 0.025911 0 0
-0 -0 -0 0.18355 0 0 0 0 0 0 -0 0.17798 -0.031711 0.031711 0 0
0 0 0 0.19875 0 0 0 0 0 0 -0 0.19273 -0.034337 0.034337 0 0
0 0 0 0.15116 0 0 0 0 0 0 -0 0.14658 -0.026115 0.026115 0 0
0 0 0 0.1284 0 0 0 0 0 0 -0 0.12451 -0.022183 0.022183 0 0
-0 -0 -0 0.18181 0 0 0 0 0 0 -0 0.1763 -0.031411 0.031411 0 0
-0 -0 -0 0.18025 0 0 0 0 0 0 -0 0.17478 -0.03114 0.03114 0 0
-0 -0 -0 0.11186 0 0 0 0 0 0 -0 0.10847 -0.019326 0.019326 0 0
0 0 0 0.1742 0 0 0 0 0 0 -0 0.16892 -0.030096 0.030096 0 0
0 0 0 0.017685 0 0 0 0 0 0 -0 0.017149 -0.0030554 0.0030554 0 0
0 0 0 0.032957 0 0 0 0 0 0 -0 0.031958 -0.0056938 0.0056938 0 0
0 0 0 0.12592 0 0 0 0 0 0 -0 0.1221 -0.021754 0.021754 0 0
-0 -0 -0 0.11194 0 0 0 0 0 0 -0 0.10855 -0.01934 0.01934 0 0
-0 -0 -0 0.13611 0 0 0 0 0 0 -0 0.13198 -0.023515 0.023515 0 0
0 0 0 0.085861 0 0 0 0 0 0 -0 0.083259 -0.014834 0.014834 0 0
0 0 0 0.033648 0 0 0 0 0 0 -0 0.032628 -0.0058132 0.0058132 0 0
-0 -0 -0 0.14717 0 0 0 0 0 0 -0 0.14271 -0.025427 0.025427 0 0
0 0 0 0.16771 0 0 0 0 0 0 -0 0.16263 -0.028975 0.028975 0 0
0 0 0 0.14705 0 0 0 0 0 0 -0 0.14259 -0.025405 0.025405 0 0
-0 -0 -0 0.031031 0 0 0 0 0 0 -0 0.030091 -0.0053612 0.0053612 0 0
-0 -0 -0 0.12855 0 0 0 0 0 0 -0 0.12465 -0.022209 0.022209 0 0
-0 -0 -0 0.14921 0 0 0 0 0 0 -0 0.14469 -0.025779 0.025779 0 0
-0 -0 -0 0.11071 0 0 0 0 0 0 -0 0.10735 -0.019126 0.019126 0 0
-0 -0 -0 0.18999 0 0 0 0 0 0 -0 0.18423 -0.032823 0.032823 0 0
0 0 0 0.16431 0 0 0 0 0 0 -0 0.15933 -0.028386 0.028386 0 0
0 0 0 0.0059258 0 0 0 0 0 0 -0 0.0057462 -0.0010238 0.0010238 0 0
-0 -0 -0 0.11478 0 0 0 0 0 0 -0 0.1113 -0.01983 0.01983 0 0
-0 -0 -0 0.14364 0 0 0 0 0 0 -0 0.13928 -0.024816 0.024816 0 0
-0 -0 -0 0.1544 0 0 0 0 0 0 -0 0.14972 -0.026674 0.026674 0 0
-0 -0 -0 0.089807 0 0 0 0 0 0 -0 0.087086 -0.015516 0.015516 0 0
0 0 0 0.019562 0 0 0 0 0 0 -0 0.018969 -0.0033797 0.0033797 0 0
-0 -0 -0 0.19165 0 0 0 0 0 0 -0 0.18584 -0.033111 0.033111 0 0
-0 -0 -0 0.10573 0 0 0 0 0 0 -0 0.10252 -0.018266 0.018266 0 0
0 0 0 0.085058 0 0 0 0 0 0 -0 0.08248 -0.014695 0.014695 0 0
-0 -0 -0 0.14112 0 0 0 0 0 0 -0 0.13685 -0.024381 0.024381 0 0
0 0 0 0.050838 0 0 0 0 0 0 -0 0.049297 -0.0087831 0.0087831 0 0
0 0 0 0.055295 0 0 0 0 0 0 -0 0.053619 -0.009553 0.009553 0 0
-0 -0 -0 0.040038 0 0 0 0 0 0 -0 0.038824 -0.0069171 0.0069171 0 0
-0 -0 -0 0.043035 0 0 0 0 0 0 -0 0.041731 -0.007435 0.007435 0 0
-0 -0 -0 0.15796 0 0 0 0 0 0 -0 0.15318 -0.027291 0.027291 0 0
0 0 0 0.19547 0 0 0 0 0 0 -0 0.18955 -0.033771 0.033771 0 0
0 0 0 0.16541 0 0 0 0 0 0 -0 0.1604 -0.028577 0.028577 0 0
-0 -0 -0 0.14388 0 0 0 0 0 0 -0 0.13952 -0.024858 0.024858 0 0
0 0 0 0.17085 0 0 0 0 0 0 -0 0.16567 -0.029516 0.029516 0 0
0 0 0 0.18378 0 0 0 0 0 0 -0 0.17821 -0.031751 0.031751 0 0
0 0 0 0.11266 0 0 0 0 0 0 -0 0.10925 -0.019465 0.019465 0 0
0 0 0 0.13712 0 0 0 0 0 0 -0 0.13296 -0.02369 0.02369 0 0
0 0 0 0.018455 0 0 0 0 0 0 -0 0.017896 -0.0031885 0.0031885 0 0
0 0 0 0.0094705 0 0 0 0 0 0 -0 0.0091834 -0.0016362 0.0016362 0 0
-0 -0 -0 0.16158 0 0 0 0 0 0 -0 0.15668 -0.027916 0.027916 0 0
0 0 0 0.041695 0 0 0 0 0 0 -0 0.040432 -0.0072036 0.0072036 0 0
0 0 0 0.19845 0 0 0 0 0 0 -0 0.19244 -0.034285 0.034285 0 0
0 0 0 0.02988 0 0 0 0 0 0 -0 0.028974 -0.0051622 0.0051622 0 0
-0 -0 -0 0.051571 0 0 0 0 0 0 -0 0.050008 -0.0089098 0.0089098 0 0
-0 -0 -0 0.08152 0 0 0 0 0 0 -0 0.07905 -0.014084 0.014084 0 0
-0 -0 -0 0.012277 0 0 0 0 0 0 -0 0.011904 -0.002121 0.002121 0 0
-0 -0 -0 0.01887 0 0 0 0 0 0 -0 0.018298 -0.0032602 0.0032602 0 0
0 0 0 0.058773 0 0 0 0 0 0 -0 0.056991 -0.010154 0.010154 0 0
-0 -0 -0 0.101 0 0 0 0 0 0 -0 0.097936 -0.017449 0.017449 0 0
0 0 0 0.091618 0 0 0 0 0 0 -0 0.088841 -0.015828 0.015828 0 0
0 0 0 0.16294 0 0 0 0 0 0 -0 0.158 -0.02815 0.02815 0 0
-0 -0 -0 0.1787 0 0 0 0 0 0 -0 0.17329 -0.030874 0.030874 0 0
-0 -0 -0 0.099886 0 0 0 0 0 0 -0 0.096858 -0.017257 0.017257 0 0
-0 -0 -0 0.026452 0 0 0 0 0 0 -0 0.02565 -0.00457 0.00457 0 0
-0 -0 -0 0.099987 0 0 0 0 0 0 -0 0.096957 -0.017274 0.017274 0 0
