-0 -0 -0.095029 0 0 0 0 0 0 0 0 0 0 0.015756 -0.004233 -0.093618 0.0039277 -0.0025554 0.00077659 0 0
-0 -0 -0.026124 0 0 0 0 0 0 0 0 0 0 0.0043316 -0.0011637 -0.025737 0.0011037 -0.00066445 0.0002158 0 0
-0 -0 -0.24346 0 0 0 0 0 0 0 0 0 0 0.040368 -0.010845 -0.23985 0.0095301 -0.0072731 0.0019328 0 0
-0 -0 -0.18384 0 0 0 0 0 0 0 0 0 0 0.030482 -0.0081891 -0.18111 0.0073641 -0.0052766 0.001478 0 0
-0 -0 -0.3182 0 0 0 0 0 0 0 0 0 0 0.052759 -0.014174 -0.31347 0.012072 -0.0099554 0.0024818 0 0
-0 -0 -0.068054 0 0 0 0 0 0 0 0 0 0 0.011284 -0.0030314 -0.067043 0.0028377 -0.0017915 0.0005586 0 0
0 0 0.17483 0 0 0 0 0 0 0 0 0 0 -0.028988 0.0077877 0.17223 -0.0077848 0.0036657 -0.001476 0 0
-0 -0 -0.31598 0 0 0 0 0 0 0 0 0 0 0.052392 -0.014075 -0.31129 0.011999 -0.0098732 0.0024659 0 0
0 0 3.4763e-05 0 0 0 0 0 0 0 0 0 0 -5.7639e-06 1.5485e-06 3.4247e-05 -1.4801e-06 8.6457e-07 -2.882e-07 0 0
-0 -0 -0.33999 0 0 0 0 0 0 0 0 0 0 0.056373 -0.015145 -0.33494 0.012775 -0.010774 0.0026372 0 0
0 0 0.029652 0 0 0 0 0 0 0 0 0 0 -0.0049165 0.0013208 0.029212 -0.0012732 0.00071833 -0.00024677 0 0
0 0 0.12996 0 0 0 0 0 0 0 0 0 0 -0.021549 0.0057891 0.12803 -0.0057275 0.0028579 -0.0010932 0 0
-0 -0 -0.013029 0 0 0 0 0 0 0 0 0 0 0.0021603 -0.00058038 -0.012836 0.00055261 -0.00032772 0.00010782 0 0
0 0 0.12103 0 0 0 0 0 0 0 0 0 0 -0.020068 0.0053913 0.11923 -0.0053224 0.0026859 -0.0010172 0 0
-0 -0 -0.29018 0 0 0 0 0 0 0 0 0 0 0.048114 -0.012926 -0.28587 0.011142 -0.0089273 0.002279 0 0
-0 -0 -0.24004 0 0 0 0 0 0 0 0 0 0 0.039801 -0.010693 -0.23648 0.0094091 -0.007155 0.0019071 0 0
0 0 0.062105 0 0 0 0 0 0 0 0 0 0 -0.010297 0.0027664 0.061183 -0.0026904 0.0014601 -0.00051884 0 0
0 0 0.19992 0 0 0 0 0 0 0 0 0 0 -0.033147 0.0089052 0.19695 -0.0089504 0.0040763 -0.0016907 0 0
0 0 0.27619 0 0 0 0 0 0 0 0 0 0 -0.045794 0.012303 0.27209 -0.012553 0.0051404 -0.0023451 0 0
0 0 0.050556 0 0 0 0 0 0 0 0 0 0 -0.0083825 0.002252 0.049806 -0.0021833 0.0012015 -0.00042179 0 0
-0 -0 -0.10002 0 0 0 0 0 0 0 0 0 0 0.016585 -0.0044555 -0.098539 0.0041272 -0.0027001 0.00081672 0 0
-0 -0 -0.042093 0 0 0 0 0 0 0 0 0 0 0.0069792 -0.001875 -0.041468 0.0017696 -0.0010849 0.00034689 0 0
0 0 0.14786 0 0 0 0 0 0 0 0 0 0 -0.024516 0.0065863 0.14566 -0.0065437 0.0031913 -0.0012456 0 0
-0 -0 -0.28216 0 0 0 0 0 0 0 0 0 0 0.046784 -0.012569 -0.27797 0.010871 -0.0086379 0.0022202 0 0
-0 -0 -0.30519 0 0 0 0 0 0 0 0 0 0 0.050602 -0.013595 -0.30066 0.011644 -0.0094748 0.0023881 0 0
0 0 0.13877 0 0 0 0 0 0 0 0 0 0 -0.023008 0.0061813 0.13671 -0.0061282 0.0030238 -0.0011681 0 0
0 0 0.13708 0 0 0 0 0 0 0 0 0 0 -0.022729 0.0061062 0.13505 -0.0060514 0.0029923 -0.0011538 0 0
0 0 0.082794 0 0 0 0 0 0 0 0 0 0 -0.013728 0.003688 0.081565 -0.0036062 0.0019084 -0.00069324 0 0
0 0 0.13174 0 0 0 0 0 0 0 0 0 0 -0.021844 0.0058684 0.12979 -0.0058084 0.0028917 -0.0011083 0 0
0 0 0.079043 0 0 0 0 0 0 0 0 0 0 -0.013106 0.0035209 0.07787 -0.0034395 0.0018286 -0.00066156 0 0
0 0 0.026288 0 0 0 0 0 0 0 0 0 0 -0.0043587 0.001171 0.025897 -0.0011277 0.00063876 -0.00021868 0 0
0 0 0.24527 0 0 0 0 0 0 0 0 0 0 -0.040667 0.010925 0.24163 -0.011083 0.0047427 -0.0020797 0 0
-0 -0 -0.21374 0 0 0 0 0 0 0 0 0 0 0.035439 -0.0095207 -0.21056 0.0084649 -0.0062611 0.0017078 0 0
-0 -0 -0.053374 0 0 0 0 0 0 0 0 0 0 0.0088496 -0.0023775 -0.052581 0.0022359 -0.0013885 0.0004391 0 0
0 0 0.024964 0 0 0 0 0 0 0 0 0 0 -0.0041392 0.001112 0.024594 -0.0010705 0.00060732 -0.00020763 0 0
-0 -0 -0.058532 0 0 0 0 0 0 0 0 0 0 0.009705 -0.0026073 -0.057663 0.0024481 -0.0015291 0.00048116 0 0
-0 -0 -0.32662 0 0 0 0 0 0 0 0 0 0 0.054155 -0.014549 -0.32177 0.012345 -0.01027 0.0025421 0 0
-0 -0 -0.016561 0 0 0 0 0 0 0 0 0 0 0.0027459 -0.00073769 -0.016315 0.00070165 -0.0004178 0.00013698 0 0
0 0 0.21931 0 0 0 0 0 0 0 0 0 0 -0.036364 0.0097693 0.21606 -0.0098586 0.0043733 -0.001857 0 0
-0 -0 -0.073826 0 0 0 0 0 0 0 0 0 0 0.012241 -0.0032885 -0.07273 0.0030726 -0.0019524 0.00060542 0 0
0 0 0.12218 0 0 0 0 0 0 0 0 0 0 -0.020258 0.0054424 0.12037 -0.0053744 0.0027082 -0.001027 0 0
-0 -0 -0.086499 0 0 0 0 0 0 0 0 0 0 0.014342 -0.003853 -0.085215 0.0035852 -0.0023106 0.00070788 0 0
-0 -0 -0.078738 0 0 0 0 0 0 0 0 0 0 0.013055 -0.0035073 -0.077569 0.0032718 -0.0020905 0.00064519 0 0
-0 -0 -0.065778 0 0 0 0 0 0 0 0 0 0 0.010906 -0.0029301 -0.064802 0.0027448 -0.0017285 0.00054011 0 0
0 0 0.26642 0 0 0 0 0 0 0 0 0 0 -0.044174 0.011868 0.26247 -0.012087 0.0050197 -0.0022613 0 0
-0 -0 -0.12048 0 0 0 0 0 0 0 0 0 0 0.019977 -0.0053669 -0.1187 0.004937 -0.0033034 0.00098029 0 0
-0 -0 -0.080611 0 0 0 0 0 0 0 0 0 0 0.013366 -0.0035908 -0.079414 0.0033476 -0.0021434 0.00066033 0 0
-0 -0 -0.070937 0 0 0 0 0 0 0 0 0 0 0.011762 -0.0031599 -0.069884 0.0029551 -0.0018717 0.000582 0 0
0 0 0.050768 0 0 0 0 0 0 0 0 0 0 -0.0084176 0.0022614 0.050014 -0.0021926 0.0012063 -0.00042357 0 0
-0 -0 -0.28109 0 0 0 0 0 0 0 0 0 0 0.046606 -0.012521 -0.27691 0.010834 -0.0085992 0.0022123 0 0
-0 -0 -0.33007 0 0 0 0 0 0 0 0 0 0 0.054727 -0.014703 -0.32517 0.012457 -0.010399 0.0025667 0 0
0 0 0.077436 0 0 0 0 0 0 0 0 0 0 -0.012839 0.0034494 0.076287 -0.0033682 0.0017942 -0.000648 0 0
-0 -0 -0.17319 0 0 0 0 0 0 0 0 0 0 0.028716 -0.0077147 -0.17062 0.0069649 -0.0049339 0.0013953 0 0
-0 -0 -0.098132 0 0 0 0 0 0 0 0 0 0 0.016271 -0.0043712 -0.096675 0.0040517 -0.0026451 0.00080152 0 0
0 0 0.31476 0 0 0 0 0 0 0 0 0 0 -0.05219 0.014021 0.31009 -0.014403 0.0055716 -0.002676 0 0
-0 -0 -0.26146 0 0 0 0 0 0 0 0 0 0 0.043352 -0.011647 -0.25758 0.01016 -0.0079012 0.0020673 0 0
0 0 0.28002 0 0 0 0 0 0 0 0 0 0 -0.046429 0.012473 0.27586 -0.012736 0.0051864 -0.002378 0 0
0 0 0.22016 0 0 0 0 0 0 0 0 0 0 -0.036504 0.009807 0.21689 -0.0098985 0.0043859 -0.0018643 0 0
0 0 0.33678 0 0 0 0 0 0 0 0 0 0 -0.055841 0.015002 0.33178 -0.015467 0.0057851 -0.0028647 0 0
0 0 0.12267 0 0 0 0 0 0 0 0 0 0 -0.020339 0.0054641 0.12084 -0.0053964 0.0027177 -0.0010311 0 0
-0 -0 -0.10118 0 0 0 0 0 0 0 0 0 0 0.016776 -0.0045071 -0.099679 0.0041733 -0.0027337 0.000826 0 0
-0 -0 -0.010873 0 0 0 0 0 0 0 0 0 0 0.0018028 -0.00048434 -0.010712 0.00046146 -0.00027298 9.0008e-05 0 0
0 0 0.047588 0 0 0 0 0 0 0 0 0 0 -0.0078904 0.0021198 0.046882 -0.0020535 0.0011341 -0.00039689 0 0
0 0 0.32646 0 0 0 0 0 0 0 0 0 0 -0.05413 0.014542 0.32162 -0.014968 0.005688 -0.0027763 0 0
-0 -0 -0.11344 0 0 0 0 0 0 0 0 0 0 0.018809 -0.0050531 -0.11176 0.0046596 -0.0030937 0.00092412 0 0
0 0 0.21745 0 0 0 0 0 0 0 0 0 0 -0.036055 0.0096863 0.21422 -0.0097712 0.0043456 -0.001841 0 0
0 0 0.0097166 0 0 0 0 0 0 0 0 0 0 -0.0016111 0.00043282 0.0095723 -0.00041486 0.00023961 -8.0657e-05 0 0
0 0 0.21141 0 0 0 0 0 0 0 0 0 0 -0.035053 0.0094171 0.20827 -0.0094878 0.0042544 -0.0017892 0 0
-0 -0 -0.05476 0 0 0 0 0 0 0 0 0 0 0.0090795 -0.0024392 -0.053947 0.002293 -0.0014262 0.00045041 0 0
-0 -0 -0.0078799 0 0 0 0 0 0 0 0 0 0 0.0013065 -0.000351 -0.0077629 0.00033472 -0.00019732 6.5257e-05 0 0
0 0 0.058492 0 0 0 0 0 0 0 0 0 0 -0.0096983 0.0026055 0.057623 -0.0025315 0.0013798 -0.00048845 0 0
0 0 0.23202 0 0 0 0 0 0 0 0 0 0 -0.03847 0.010335 0.22857 -0.010457 0.0045581 -0.001966 0 0
-0 -0 -0.26661 0 0 0 0 0 0 0 0 0 0 0.044206 -0.011876 -0.26265 0.010339 -0.0080831 0.0021055 0 0
-0 -0 -0.091388 0 0 0 0 0 0 0 0 0 0 0.015153 -0.0040708 -0.090032 0.0037817 -0.0024505 0.00074729 0 0
0 0 0.01767 0 0 0 0 0 0 0 0 0 0 -0.0029298 0.00078711 0.017408 -0.00075617 0.00043269 -0.00014683 0 0
0 0 0.24077 0 0 0 0 0 0 0 0 0 0 -0.03992 0.010725 0.23719 -0.010869 0.0046809 -0.002041 0 0
-0 -0 -0.10034 0 0 0 0 0 0 0 0 0 0 0.016636 -0.0044695 -0.098847 0.0041397 -0.0027092 0.00081923 0 0
-0 -0 -0.29581 0 0 0 0 0 0 0 0 0 0 0.049047 -0.013177 -0.29142 0.011331 -0.0091316 0.00232 0 0
-0 -0 -0.09113 0 0 0 0 0 0 0 0 0 0 0.01511 -0.0040593 -0.089777 0.0037714 -0.0024431 0.00074521 0 0
-0 -0 -0.29668 0 0 0 0 0 0 0 0 0 0 0.049191 -0.013215 -0.29227 0.01136 -0.0091633 0.0023263 0 0
-0 -0 -0.32481 0 0 0 0 0 0 0 0 0 0 0.053855 -0.014468 -0.31998 0.012287 -0.010202 0.0025292 0 0
-0 -0 -0.31656 0 0 0 0 0 0 0 0 0 0 0.052487 -0.014101 -0.31186 0.012018 -0.0098946 0.0024701 0 0
-0 -0 -0.15166 0 0 0 0 0 0 0 0 0 0 0.025146 -0.0067557 -0.14941 0.0061469 -0.0042547 0.0012269 0 0
0 0 0.22779 0 0 0 0 0 0 0 0 0 0 -0.037769 0.010147 0.22441 -0.010257 0.0044974 -0.0019297 0 0
-0 -0 -0.20612 0 0 0 0 0 0 0 0 0 0 0.034176 -0.0091815 -0.20306 0.0081873 -0.0060071 0.0016496 0 0
-0 -0 -0.27038 0 0 0 0 0 0 0 0 0 0 0.044831 -0.012044 -0.26637 0.010469 -0.0082169 0.0021334 0 0
0 0 0.011797 0 0 0 0 0 0 0 0 0 0 -0.0019561 0.00052551 0.011622 -0.00050401 0.00029039 -9.7957e-05 0 0
0 0 0.20259 0 0 0 0 0 0 0 0 0 0 -0.033591 0.0090243 0.19958 -0.0090752 0.0041183 -0.0017136 0 0
-0 -0 -0.15483 0 0 0 0 0 0 0 0 0 0 0.025672 -0.0068968 -0.15253 0.0062682 -0.0043535 0.0012518 0 0
0 0 0.23024 0 0 0 0 0 0 0 0 0 0 -0.038175 0.010256 0.22682 -0.010373 0.0045327 -0.0019507 0 0
0 0 0.10327 0 0 0 0 0 0 0 0 0 0 -0.017123 0.0046002 0.10174 -0.0045216 0.0023331 -0.00086651 0 0
-0 -0 -0.031923 0 0 0 0 0 0 0 0 0 0 0.005293 -0.001422 -0.031449 0.0013462 -0.00081589 0.00026347 0 0
0 0 0.22634 0 0 0 0 0 0 0 0 0 0 -0.037529 0.010082 0.22298 -0.010189 0.0044765 -0.0019173 0 0
0 0 0.053161 0 0 0 0 0 0 0 0 0 0 -0.0088145 0.002368 0.052372 -0.0022975 0.0012604 -0.00044366 0 0
-0 -0 -0.18447 0 0 0 0 0 0 0 0 0 0 0.030585 -0.0082169 -0.18173 0.0073874 -0.0052968 0.0014828 0 0
-0 -0 -0.040268 0 0 0 0 0 0 0 0 0 0 0.0066766 -0.0017937 -0.03967 0.0016938 -0.0010363 0.00033193 0 0
0 0 0.083175 0 0 0 0 0 0 0 0 0 0 -0.013791 0.003705 0.08194 -0.0036232 0.0019165 -0.00069645 0 0
0 0 0.30239 0 0 0 0 0 0 0 0 0 0 -0.050138 0.01347 0.2979 -0.013808 0.0054412 -0.0025699 0 0
0 0 0.11243 0 0 0 0 0 0 0 0 0 0 -0.018642 0.0050082 0.11076 -0.0049338 0.0025169 -0.00094419 0 0
-0 -0 -0.13492 0 0 0 0 0 0 0 0 0 0 0.022371 -0.0060101 -0.13292 0.0055011 -0.0037392 0.0010949 0 0
