0 0 0.15791 0 0 0 0 0 0 0 0 0 0 -0.026865 0.0047493 0.15553 0.0063003 0.022804 0.00039194 0 0
0 0 0.19741 0 0 0 0 0 0 0 0 0 0 -0.033587 0.0059376 0.19444 0.0073165 0.028642 0.00038919 0 0
0 0 0.04253 0 0 0 0 0 0 0 0 0 0 -0.007236 0.0012792 0.041891 0.0020447 0.0060402 0.00016874 0 0
-0 -0 -0.18501 0 0 0 0 0 0 0 0 0 0 0.031477 -0.0055646 -0.18223 -0.011757 -0.025063 -0.0012655 0 0
0 0 0.099206 0 0 0 0 0 0 0 0 0 0 -0.016879 0.0029838 0.097715 0.0043732 0.014214 0.00032136 0 0
-0 -0 -0.11898 0 0 0 0 0 0 0 0 0 0 0.020243 -0.0035787 -0.11719 -0.0070395 -0.016374 -0.00071597 0 0
-0 -0 -0.090162 0 0 0 0 0 0 0 0 0 0 0.01534 -0.0027118 -0.088806 -0.0051592 -0.012486 -0.00050988 0 0
-0 -0 -0.14697 0 0 0 0 0 0 0 0 0 0 0.025005 -0.0044204 -0.14476 -0.0089699 -0.020094 -0.00093579 0 0
-0 -0 -0.26135 0 0 0 0 0 0 0 0 0 0 0.044465 -0.0078607 -0.25742 -0.017899 -0.034693 -0.0020324 0 0
-0 -0 -0.13848 0 0 0 0 0 0 0 0 0 0 0.023561 -0.0041651 -0.1364 -0.0083736 -0.018972 -0.00086708 0 0
-0 -0 -0.3096 0 0 0 0 0 0 0 0 0 0 0.052675 -0.009312 -0.30495 -0.022147 -0.040526 -0.002588 0 0
0 0 0.068247 0 0 0 0 0 0 0 0 0 0 -0.011611 0.0020527 0.067221 0.0031578 0.0097326 0.00024825 0 0
0 0 0.26957 0 0 0 0 0 0 0 0 0 0 -0.045863 0.0081078 0.26551 0.0085832 0.039387 0.00027986 0 0
0 0 0.0053501 0 0 0 0 0 0 0 0 0 0 -0.00091025 0.00016092 0.0052697 0.00027109 0.00075497 2.3772e-05 0 0
-0 -0 -0.023407 0 0 0 0 0 0 0 0 0 0 0.0039824 -0.00070402 -0.023055 -0.0012326 -0.0032856 -0.00011259 0 0
0 0 0.0060244 0 0 0 0 0 0 0 0 0 0 -0.001025 0.0001812 0.0059338 0.00030497 0.00085022 2.6716e-05 0 0
-0 -0 -0.24416 0 0 0 0 0 0 0 0 0 0 0.04154 -0.0073435 -0.24049 -0.016453 -0.032566 -0.0018475 0 0
-0 -0 -0.10207 0 0 0 0 0 0 0 0 0 0 0.017365 -0.0030699 -0.10053 -0.0059226 -0.014099 -0.00059251 0 0
0 0 0.20342 0 0 0 0 0 0 0 0 0 0 -0.03461 0.0061184 0.20036 0.0074511 0.029533 0.00038523 0 0
0 0 0.17207 0 0 0 0 0 0 0 0 0 0 -0.029275 0.0051753 0.16948 0.0066907 0.024892 0.0003956 0 0
0 0 0.28326 0 0 0 0 0 0 0 0 0 0 -0.048192 0.0085195 0.279 0.0087371 0.041435 0.00024393 0 0
0 0 0.081694 0 0 0 0 0 0 0 0 0 0 -0.013899 0.0024571 0.080466 0.0037025 0.011674 0.00028305 0 0
0 0 0.2943 0 0 0 0 0 0 0 0 0 0 -0.050071 0.0088517 0.28988 0.0088412 0.043088 0.00021142 0 0
-0 -0 -0.19834 0 0 0 0 0 0 0 0 0 0 0.033745 -0.0059656 -0.19536 -0.012777 -0.026778 -0.0013893 0 0
-0 -0 -0.14424 0 0 0 0 0 0 0 0 0 0 0.02454 -0.0043382 -0.14207 -0.0087769 -0.019733 -0.00091347 0 0
0 0 0.32969 0 0 0 0 0 0 0 0 0 0 -0.056091 0.009916 0.32473 0.0090533 0.048389 8.6176e-05 0 0
0 0 0.32607 0 0 0 0 0 0 0 0 0 0 -0.055477 0.0098073 0.32117 0.0090401 0.047848 0.00010044 0 0
0 0 0.24251 0 0 0 0 0 0 0 0 0 0 -0.04126 0.007294 0.23886 0.0081977 0.035348 0.00033663 0 0
-0 -0 -0.31658 0 0 0 0 0 0 0 0 0 0 0.053861 -0.0095217 -0.31182 -0.022783 -0.041352 -0.0026727 0 0
0 0 0.04787 0 0 0 0 0 0 0 0 0 0 -0.0081444 0.0014398 0.04715 0.0022835 0.0068044 0.00018665 0 0
-0 -0 -0.20648 0 0 0 0 0 0 0 0 0 0 0.03513 -0.0062104 -0.20338 -0.013411 -0.027819 -0.001467 0 0
-0 -0 -0.11963 0 0 0 0 0 0 0 0 0 0 0.020354 -0.0035982 -0.11783 -0.0070832 -0.016461 -0.00072086 0 0
-0 -0 -0.034749 0 0 0 0 0 0 0 0 0 0 0.005912 -0.0010451 -0.034226 -0.001857 -0.004867 -0.00017215 0 0
0 0 0.16544 0 0 0 0 0 0 0 0 0 0 -0.028146 0.0049758 0.16295 0.0065115 0.023913 0.00039454 0 0
0 0 0.33788 0 0 0 0 0 0 0 0 0 0 -0.057486 0.010163 0.3328 0.0090761 0.049619 5.2573e-05 0 0
-0 -0 -0.28944 0 0 0 0 0 0 0 0 0 0 0.049244 -0.0087055 -0.28509 -0.020338 -0.038114 -0.0023492 0 0
-0 -0 -0.34834 0 0 0 0 0 0 0 0 0 0 0.059265 -0.010477 -0.3431 -0.025754 -0.045055 -0.0030727 0 0
-0 -0 -0.052571 0 0 0 0 0 0 0 0 0 0 0.0089442 -0.0015812 -0.05178 -0.0028737 -0.0073374 -0.00027233 0 0
0 0 0.083713 0 0 0 0 0 0 0 0 0 0 -0.014243 0.0025178 0.082454 0.003782 0.011967 0.00028787 0 0
-0 -0 -0.14544 0 0 0 0 0 0 0 0 0 0 0.024744 -0.0043743 -0.14325 -0.0088616 -0.019892 -0.00092327 0 0
0 0 0.13737 0 0 0 0 0 0 0 0 0 0 -0.023372 0.0041317 0.1353 0.0056826 0.019786 0.00037739 0 0
0 0 0.27012 0 0 0 0 0 0 0 0 0 0 -0.045956 0.0081243 0.26605 0.0085899 0.039469 0.00027851 0 0
-0 -0 -0.034512 0 0 0 0 0 0 0 0 0 0 0.0058717 -0.001038 -0.033993 -0.0018438 -0.004834 -0.00017087 0 0
0 0 0.32615 0 0 0 0 0 0 0 0 0 0 -0.05549 0.0098096 0.32125 0.0090404 0.047859 0.00010013 0 0
-0 -0 -0.15392 0 0 0 0 0 0 0 0 0 0 0.026187 -0.0046293 -0.1516 -0.0094649 -0.02101 -0.00099335 0 0
-0 -0 -0.16609 0 0 0 0 0 0 0 0 0 0 0.028258 -0.0049955 -0.16359 -0.010347 -0.022605 -0.0010971 0 0
-0 -0 -0.315 0 0 0 0 0 0 0 0 0 0 0.053593 -0.0094742 -0.31026 -0.022639 -0.041165 -0.0026534 0 0
0 0 0.056787 0 0 0 0 0 0 0 0 0 0 -0.0096615 0.001708 0.055933 0.0026733 0.0080836 0.00021492 0 0
-0 -0 -0.31508 0 0 0 0 0 0 0 0 0 0 0.053606 -0.0094766 -0.31034 -0.022646 -0.041175 -0.0026544 0 0
-0 -0 -0.2197 0 0 0 0 0 0 0 0 0 0 0.03738 -0.006608 -0.2164 -0.014458 -0.029498 -0.0015967 0 0
-0 -0 -0.022618 0 0 0 0 0 0 0 0 0 0 0.0038482 -0.00068029 -0.022278 -0.0011898 -0.0031753 -0.00010856 0 0
-0 -0 -0.16882 0 0 0 0 0 0 0 0 0 0 0.028722 -0.0050775 -0.16628 -0.010548 -0.022961 -0.0011208 0 0
0 0 0.13121 0 0 0 0 0 0 0 0 0 0 -0.022323 0.0039464 0.12924 0.0054854 0.018883 0.0003709 0 0
0 0 0.008943 0 0 0 0 0 0 0 0 0 0 -0.0015215 0.00026898 0.0088085 0.0004509 0.0012628 3.9326e-05 0 0
-0 -0 -0.2955 0 0 0 0 0 0 0 0 0 0 0.050276 -0.0088878 -0.29106 -0.020877 -0.038843 -0.00242 0 0
-0 -0 -0.2127 0 0 0 0 0 0 0 0 0 0 0.036188 -0.0063975 -0.2095 -0.013901 -0.02861 -0.0015275 0 0
-0 -0 -0.055978 0 0 0 0 0 0 0 0 0 0 0.0095239 -0.0016837 -0.055136 -0.003073 -0.0078075 -0.00029239 0 0
-0 -0 -0.21525 0 0 0 0 0 0 0 0 0 0 0.036621 -0.006474 -0.21201 -0.014103 -0.028933 -0.0015525 0 0
-0 -0 -0.30096 0 0 0 0 0 0 0 0 0 0 0.051203 -0.0090519 -0.29643 -0.021365 -0.039496 -0.0024844 0 0
0 0 0.071364 0 0 0 0 0 0 0 0 0 0 -0.012142 0.0021464 0.07029 0.0032863 0.010182 0.00025673 0 0
0 0 0.018718 0 0 0 0 0 0 0 0 0 0 -0.0031846 0.00056298 0.018436 0.00093101 0.0026476 7.9971e-05 0 0
0 0 0.2486 0 0 0 0 0 0 0 0 0 0 -0.042296 0.0074771 0.24486 0.0082939 0.036256 0.00032551 0 0
-0 -0 -0.24787 0 0 0 0 0 0 0 0 0 0 0.042171 -0.0074551 -0.24414 -0.016762 -0.033027 -0.0018868 0 0
0 0 0.23096 0 0 0 0 0 0 0 0 0 0 -0.039295 0.0069467 0.22749 0.0080005 0.033627 0.0003551 0 0
-0 -0 -0.22875 0 0 0 0 0 0 0 0 0 0 0.038918 -0.0068801 -0.22531 -0.015188 -0.030638 -0.0016878 0 0
-0 -0 -0.20578 0 0 0 0 0 0 0 0 0 0 0.03501 -0.0061892 -0.20268 -0.013356 -0.027729 -0.0014603 0 0
-0 -0 -0.19907 0 0 0 0 0 0 0 0 0 0 0.033869 -0.0059875 -0.19608 -0.012833 -0.026871 -0.0013962 0 0
0 0 0.10447 0 0 0 0 0 0 0 0 0 0 -0.017774 0.0031422 0.1029 0.0045663 0.014979 0.00033133 0 0
0 0 0.13242 0 0 0 0 0 0 0 0 0 0 -0.022529 0.0039828 0.13043 0.0055246 0.01906 0.00037225 0 0
-0 -0 -0.16721 0 0 0 0 0 0 0 0 0 0 0.028449 -0.0050293 -0.1647 -0.01043 -0.022752 -0.0011068 0 0
0 0 0.16477 0 0 0 0 0 0 0 0 0 0 -0.028033 0.0049558 0.16229 0.0064932 0.023815 0.00039437 0 0
-0 -0 -0.30498 0 0 0 0 0 0 0 0 0 0 0.051889 -0.009173 -0.3004 -0.021728 -0.039977 -0.0025324 0 0
0 0 0.21611 0 0 0 0 0 0 0 0 0 0 -0.036767 0.0064998 0.21286 0.0077179 0.031416 0.0003738 0 0
0 0 0.18104 0 0 0 0 0 0 0 0 0 0 -0.030801 0.005445 0.17831 0.0069228 0.026217 0.00039524 0 0
-0 -0 -0.078893 0 0 0 0 0 0 0 0 0 0 0.013423 -0.0023729 -0.077707 -0.0044541 -0.010952 -0.00043494 0 0
-0 -0 -0.1231 0 0 0 0 0 0 0 0 0 0 0.020943 -0.0037024 -0.12124 -0.0073167 -0.016924 -0.00074706 0 0
0 0 0.13061 0 0 0 0 0 0 0 0 0 0 -0.022222 0.0039284 0.12865 0.0054661 0.018796 0.00037022 0 0
0 0 0.017349 0 0 0 0 0 0 0 0 0 0 -0.0029516 0.00052179 0.017088 0.00086457 0.0024533 7.4425e-05 0 0
0 0 0.051359 0 0 0 0 0 0 0 0 0 0 -0.008738 0.0015447 0.050586 0.0024373 0.0073045 0.00019796 0 0
-0 -0 -0.068565 0 0 0 0 0 0 0 0 0 0 0.011665 -0.0020622 -0.067533 -0.0038228 -0.0095385 -0.00036905 0 0
-0 -0 -0.26698 0 0 0 0 0 0 0 0 0 0 0.045423 -0.00803 -0.26297 -0.01838 -0.035384 -0.0020944 0 0
-0 -0 -0.093081 0 0 0 0 0 0 0 0 0 0 0.015836 -0.0027996 -0.091681 -0.0053446 -0.012882 -0.00052981 0 0
-0 -0 -0.19875 0 0 0 0 0 0 0 0 0 0 0.033814 -0.0059777 -0.19576 -0.012808 -0.02683 -0.0013931 0 0
-0 -0 -0.31467 0 0 0 0 0 0 0 0 0 0 0.053537 -0.0094643 -0.30994 -0.022609 -0.041127 -0.0026494 0 0
-0 -0 -0.25862 0 0 0 0 0 0 0 0 0 0 0.044 -0.0077785 -0.25473 -0.017667 -0.034357 -0.0020025 0 0
-0 -0 -0.16058 0 0 0 0 0 0 0 0 0 0 0.02732 -0.0048298 -0.15817 -0.0099456 -0.021884 -0.0010497 0 0
0 0 0.30884 0 0 0 0 0 0 0 0 0 0 -0.052545 0.009289 0.30419 0.0089507 0.045265 0.00016386 0 0
-0 -0 -0.0038769 0 0 0 0 0 0 0 0 0 0 0.00065959 -0.0001166 -0.0038186 -0.00019892 -0.00054616 -1.7682e-05 0 0
-0 -0 -0.040806 0 0 0 0 0 0 0 0 0 0 0.0069425 -0.0012273 -0.040192 -0.0021976 -0.0057086 -0.00020529 0 0
-0 -0 -0.070053 0 0 0 0 0 0 0 0 0 0 0.011919 -0.002107 -0.069 -0.0039129 -0.0097426 -0.00037839 0 0
0 0 0.052892 0 0 0 0 0 0 0 0 0 0 -0.0089988 0.0015908 0.052097 0.0025044 0.0075244 0.00020282 0 0
-0 -0 -0.058854 0 0 0 0 0 0 0 0 0 0 0.010013 -0.0017701 -0.057969 -0.0032424 -0.0082038 -0.00030955 0 0
0 0 0.25255 0 0 0 0 0 0 0 0 0 0 -0.042967 0.0075959 0.24875 0.0083533 0.036845 0.00031778 0 0
-0 -0 -0.23248 0 0 0 0 0 0 0 0 0 0 0.039554 -0.0069924 -0.22899 -0.015492 -0.031107 -0.001726 0 0
0 0 0.3426 0 0 0 0 0 0 0 0 0 0 -0.058289 0.010304 0.33745 0.0090847 0.050326 3.2458e-05 0 0
0 0 0.05116 0 0 0 0 0 0 0 0 0 0 -0.0087042 0.0015388 0.050391 0.0024286 0.0072761 0.00019732 0 0
0 0 0.32185 0 0 0 0 0 0 0 0 0 0 -0.054759 0.0096803 0.31701 0.0090223 0.047215 0.00011667 0 0
0 0 0.3024 0 0 0 0 0 0 0 0 0 0 -0.051448 0.0090952 0.29785 0.008906 0.0443 0.00018561 0 0
-0 -0 -0.30611 0 0 0 0 0 0 0 0 0 0 0.052081 -0.009207 -0.30151 -0.02183 -0.040111 -0.002546 0 0
0 0 0.12263 0 0 0 0 0 0 0 0 0 0 -0.020865 0.0036885 0.12079 0.0052019 0.017629 0.00036022 0 0
