0 0 0 0.13586 0 0 0 0 -0 0 -0 0.11569 -0.067579 0.022526 0 0
-0 -0 -0 0.17679 0 0 0 0 -0 0 -0 0.15054 -0.087938 0.029313 0 0
0 0 0 0.12535 0 0 0 0 -0 0 -0 0.10673 -0.062349 0.020783 0 0
-0 -0 -0 0.15235 0 0 0 0 -0 0 -0 0.12973 -0.075784 0.025261 0 0
0 0 0 0.019656 0 0 0 0 -0 0 -0 0.016737 -0.0097771 0.003259 0 0
-0 -0 -0 0.15538 0 0 0 0 -0 0 -0 0.13231 -0.077288 0.025763 0 0
-0 -0 -0 0.070661 0 0 0 0 -0 0 -0 0.060169 -0.035148 0.011716 0 0
0 0 0 0.050384 0 0 0 0 -0 0 -0 0.042903 -0.025062 0.008354 0 0
-0 -0 -0 0.098783 0 0 0 0 -0 0 -0 0.084115 -0.049136 0.016379 0 0
-0 -0 -0 0.19067 0 0 0 0 -0 0 -0 0.16236 -0.094841 0.031614 0 0
-0 -0 -0 0.017503 0 0 0 0 -0 0 -0 0.014904 -0.0087061 0.002902 0 0
-0 -0 -0 0.15592 0 0 0 0 -0 0 -0 0.13277 -0.077556 0.025852 0 0
-0 -0 -0 0.1775 0 0 0 0 -0 0 -0 0.15114 -0.08829 0.02943 0 0
0 0 0 0.14694 0 0 0 0 -0 0 -0 0.12513 -0.073093 0.024364 0 0
-0 -0 -0 0.18141 0 0 0 0 -0 0 -0 0.15447 -0.090236 0.030079 0 0
0 0 0 0.085609 0 0 0 0 -0 0 -0 0.072898 -0.042584 0.014195 0 0
0 0 0 0.16643 0 0 0 0 -0 0 -0 0.14172 -0.082788 0.027596 0 0
0 0 0 0.11217 0 0 0 0 -0 0 -0 0.095517 -0.055797 0.018599 0 0
0 0 0 0.1625 0 0 0 0 -0 0 -0 0.13837 -0.080831 0.026944 0 0
-0 -0 -0 0.18963 0 0 0 0 -0 0 -0 0.16147 -0.094325 0.031442 0 0
-0 -0 -0 0.015453 0 0 0 0 -0 0 -0 0.013158 -0.0076864 0.0025621 0 0
0 0 0 0.080222 0 0 0 0 -0 0 -0 0.06831 -0.039904 0.013301 0 0
0 0 0 0.06372 0 0 0 0 -0 0 -0 0.054259 -0.031695 0.010565 0 0
-0 -0 -0 0.16613 0 0 0 0 -0 0 -0 0.14146 -0.082634 0.027545 0 0
0 0 0 0.19305 0 0 0 0 -0 0 -0 0.16439 -0.096026 0.032009 0 0
-0 -0 -0 0.19329 0 0 0 0 -0 0 -0 0.16459 -0.096145 0.032048 0 0
-0 -0 -0 0.15207 0 0 0 0 -0 0 -0 0.12949 -0.075644 0.025215 0 0
0 0 0 0.10809 0 0 0 0 -0 0 -0 0.092038 -0.053764 0.017921 0 0
0 0 0 0.1946 0 0 0 0 -0 0 -0 0.1657 -0.096796 0.032265 0 0
0 0 0 0.093597 0 0 0 0 -0 0 -0 0.079699 -0.046557 0.015519 0 0
0 0 0 0.12525 0 0 0 0 -0 0 -0 0.10665 -0.0623 0.020767 0 0
0 0 0 0.084066 0 0 0 0 -0 0 -0 0.071584 -0.041816 0.013939 0 0
0 0 0 0.10976 0 0 0 0 -0 0 -0 0.093465 -0.054598 0.018199 0 0
-0 -0 -0 0.047215 0 0 0 0 -0 0 -0 0.040204 -0.023486 0.0078285 0 0
-0 -0 -0 0.17649 0 0 0 0 -0 0 -0 0.15029 -0.087791 0.029264 0 0
0 0 0 0.098206 0 0 0 0 -0 0 -0 0.083624 -0.048849 0.016283 0 0
-0 -0 -0 0.17194 0 0 0 0 -0 0 -0 0.14641 -0.085525 0.028508 0 0
0 0 0 0.070665 0 0 0 0 -0 0 -0 0.060172 -0.03515 0.011717 0 0
0 0 0 0.039501 0 0 0 0 -0 0 -0 0.033636 -0.019649 0.0065496 0 0
-0 -0 -0 0.10066 0 0 0 0 -0 0 -0 0.085718 -0.050073 0.016691 0 0
-0 -0 -0 0.19477 0 0 0 0 -0 0 -0 0.16585 -0.096881 0.032294 0 0
-0 -0 -0 0.18201 0 0 0 0 -0 0 -0 0.15499 -0.090535 0.030178 0 0
0 0 0 0.070292 0 0 0 0 -0 0 -0 0.059855 -0.034965 0.011655 0 0
0 0 0 0.062132 0 0 0 0 -0 0 -0 0.052907 -0.030906 0.010302 0 0
0 0 0 0.17149 0 0 0 0 -0 0 -0 0.14602 -0.0853 0.028433 0 0
-0 -0 -0 0.080391 0 0 0 0 -0 0 -0 0.068455 -0.039988 0.013329 0 0
-0 -0 -0 0.072383 0 0 0 0 -0 0 -0 0.061636 -0.036005 0.012002 0 0
0 0 0 0.053642 0 0 0 0 -0 0 -0 0.045677 -0.026683 0.0088942 0 0
0 0 0 0.19574 0 0 0 0 -0 0 -0 0.16668 -0.097365 0.032455 0 0
-0 -0 -0 0.010372 0 0 0 0 -0 0 -0 0.008832 -0.0051593 0.0017198 0 0
-0 -0 -0 0.061959 0 0 0 0 -0 0 -0 0.052759 -0.03082 0.010273 0 0
0 0 0 0.074309 0 0 0 0 -0 0 -0 0.063276 -0.036963 0.012321 0 0
-0 -0 -0 0.05726 0 0 0 0 -0 0 -0 0.048758 -0.028482 0.009494 0 0
0 0 0 0.0059796 0 0 0 0 -0 0 -0 0.0050918 -0.0029744 0.00099146 0 0
-0 -0 -0 0.00062088 0 0 0 0 -0 0 -0 0.00052869 -0.00030884 0.00010295 0 0
-0 -0 -0 0.036976 0 0 0 0 -0 0 -0 0.031486 -0.018392 0.0061308 0 0
-0 -0 -0 0.099151 0 0 0 0 -0 0 -0 0.084429 -0.04932 0.01644 0 0
0 0 0 0.068618 0 0 0 0 -0 0 -0 0.058429 -0.034132 0.011377 0 0
0 0 0 0.12268 0 0 0 0 -0 0 -0 0.10447 -0.061024 0.020341 0 0
-0 -0 -0 0.17037 0 0 0 0 -0 0 -0 0.14507 -0.084743 0.028248 0 0
0 0 0 0.1723 0 0 0 0 -0 0 -0 0.14672 -0.085707 0.028569 0 0
0 0 0 0.040865 0 0 0 0 -0 0 -0 0.034797 -0.020327 0.0067756 0 0
-0 -0 -0 0.08821 0 0 0 0 -0 0 -0 0.075112 -0.043877 0.014626 0 0
-0 -0 -0 0.060204 0 0 0 0 -0 0 -0 0.051264 -0.029946 0.0099821 0 0
0 0 0 0.092309 0 0 0 0 -0 0 -0 0.078603 -0.045916 0.015305 0 0
0 0 0 0.063285 0 0 0 0 -0 0 -0 0.053889 -0.031479 0.010493 0 0
0 0 0 0.11622 0 0 0 0 -0 0 -0 0.098959 -0.057808 0.019269 0 0
-0 -0 -0 0.1248 0 0 0 0 -0 0 -0 0.10627 -0.062079 0.020693 0 0
-0 -0 -0 0.18873 0 0 0 0 -0 0 -0 0.1607 -0.093876 0.031292 0 0
0 0 0 0.067341 0 0 0 0 -0 0 -0 0.057342 -0.033497 0.011166 0 0
0 0 0 0.15655 0 0 0 0 -0 0 -0 0.1333 -0.077868 0.025956 0 0
0 0 0 0.022106 0 0 0 0 -0 0 -0 0.018824 -0.010996 0.0036653 0 0
0 0 0 0.094583 0 0 0 0 -0 0 -0 0.080539 -0.047047 0.015682 0 0
0 0 0 0.052723 0 0 0 0 -0 0 -0 0.044895 -0.026225 0.0087418 0 0
-0 -0 -0 0.030702 0 0 0 0 -0 0 -0 0.026144 -0.015272 0.0050906 0 0
0 0 0 0.038631 0 0 0 0 -0 0 -0 0.032895 -0.019216 0.0064053 0 0
-0 -0 -0 0.023698 0 0 0 0 -0 0 -0 0.020179 -0.011788 0.0039293 0 0
-0 -0 -0 0.16366 0 0 0 0 -0 0 -0 0.13936 -0.081408 0.027136 0 0
0 0 0 0.054551 0 0 0 0 -0 0 -0 0.046452 -0.027135 0.009045 0 0
-0 -0 -0 0.0025785 0 0 0 0 -0 0 -0 0.0021957 -0.0012826 0.00042754 0 0
-0 -0 -0 0.12594 0 0 0 0 -0 0 -0 0.10724 -0.062645 0.020882 0 0
-0 -0 -0 0.14748 0 0 0 0 -0 0 -0 0.12558 -0.073361 0.024454 0 0
0 0 0 0.15646 0 0 0 0 -0 0 -0 0.13323 -0.077828 0.025943 0 0
-0 -0 -0 0.092115 0 0 0 0 -0 0 -0 0.078438 -0.04582 0.015273 0 0
0 0 0 0.13888 0 0 0 0 -0 0 -0 0.11825 -0.069079 0.023026 0 0
0 0 0 0.17368 0 0 0 0 -0 0 -0 0.14789 -0.086392 0.028797 0 0
0 0 0 0.023866 0 0 0 0 -0 0 -0 0.020322 -0.011871 0.0039572 0 0
0 0 0 0.005597 0 0 0 0 -0 0 -0 0.004766 -0.0027841 0.00092802 0 0
-0 -0 -0 0.086675 0 0 0 0 -0 0 -0 0.073805 -0.043114 0.014371 0 0
-0 -0 -0 0.032044 0 0 0 0 -0 0 -0 0.027286 -0.015939 0.005313 0 0
-0 -0 -0 0.080953 0 0 0 0 -0 0 -0 0.068933 -0.040267 0.013422 0 0
-0 -0 -0 0.075221 0 0 0 0 -0 0 -0 0.064052 -0.037416 0.012472 0 0
-0 -0 -0 0.025213 0 0 0 0 -0 0 -0 0.021469 -0.012541 0.0041805 0 0
0 0 0 0.064988 0 0 0 0 -0 0 -0 0.055339 -0.032326 0.010775 0 0
0 0 0 0.13328 0 0 0 0 -0 0 -0 0.11349 -0.066296 0.022099 0 0
0 0 0 0.020051 0 0 0 0 -0 0 -0 0.017074 -0.0099738 0.0033246 0 0
-0 -0 -0 0.022359 0 0 0 0 -0 0 -0 0.019039 -0.011122 0.0037073 0 0
0 0 0 0.090136 0 0 0 0 -0 0 -0 0.076752 -0.044835 0.014945 0 0
-0 -0 -0 0.12547 0 0 0 0 -0 0 -0 0.10684 -0.062412 0.020804 0 0
0 0 0 0.046157 0 0 0 0 -0 0 -0 0.039303 -0.022959 0.0076531 0 0
