0 0 0 0.17007 0 0 0 0 -0 0 0 0.15728 -0.05787 0.028935 0 0
-0 -0 -0 0.0034336 0 0 0 0 -0 0 0 0.0031755 -0.0011684 0.00058419 0 0
-0 -0 -0 0.06832 0 0 0 0 -0 0 0 0.063183 -0.023248 0.011624 0 0
-0 -0 -0 0.11515 0 0 0 0 -0 0 0 0.10649 -0.039182 0.019591 0 0
-0 -0 -0 0.13868 0 0 0 0 -0 0 0 0.12826 -0.04719 0.023595 0 0
0 0 0 0.11046 0 0 0 0 -0 0 0 0.10215 -0.037585 0.018793 0 0
0 0 0 0.091086 0 0 0 0 -0 0 0 0.084237 -0.030994 0.015497 0 0
-0 -0 -0 0.0052342 0 0 0 0 -0 0 0 0.0048406 -0.001781 0.00089052 0 0
-0 -0 -0 0.13991 0 0 0 0 -0 0 0 0.12939 -0.047608 0.023804 0 0
0 0 0 0.032591 0 0 0 0 -0 0 0 0.03014 -0.01109 0.0055449 0 0
0 0 0 0.07606 0 0 0 0 -0 0 0 0.070341 -0.025881 0.012941 0 0
0 0 0 0.032947 0 0 0 0 -0 0 0 0.03047 -0.011211 0.0056055 0 0
-0 -0 -0 0.0059974 0 0 0 0 -0 0 0 0.0055464 -0.0020408 0.0010204 0 0
-0 -0 -0 0.016362 0 0 0 0 -0 0 0 0.015131 -0.0055675 0.0027837 0 0
0 0 0 0.13152 0 0 0 0 -0 0 0 0.12163 -0.044752 0.022376 0 0
-0 -0 -0 0.033725 0 0 0 0 -0 0 0 0.031189 -0.011476 0.0057379 0 0
-0 -0 -0 0.12607 0 0 0 0 -0 0 0 0.11659 -0.042899 0.021449 0 0
0 0 0 0.16716 0 0 0 0 -0 0 0 0.15459 -0.05688 0.02844 0 0
0 0 0 0.13698 0 0 0 0 -0 0 0 0.12668 -0.046611 0.023306 0 0
0 0 0 0.10108 0 0 0 0 -0 0 0 0.093481 -0.034395 0.017198 0 0
0 0 0 0.12635 0 0 0 0 -0 0 0 0.11685 -0.042995 0.021497 0 0
-0 -0 -0 0.1215 0 0 0 0 -0 0 0 0.11237 -0.041345 0.020672 0 0
0 0 0 0.095303 0 0 0 0 -0 0 0 0.088137 -0.032429 0.016214 0 0
-0 -0 -0 0.15529 0 0 0 0 -0 0 0 0.14361 -0.05284 0.02642 0 0
0 0 0 0.15676 0 0 0 0 -0 0 0 0.14497 -0.05334 0.02667 0 0
0 0 0 0.098344 0 0 0 0 -0 0 0 0.090949 -0.033464 0.016732 0 0
0 0 0 0.085029 0 0 0 0 -0 0 0 0.078636 -0.028933 0.014467 0 0
0 0 0 0.043484 0 0 0 0 -0 0 0 0.040214 -0.014796 0.0073982 0 0
0 0 0 0.025713 0 0 0 0 -0 0 0 0.02378 -0.0087495 0.0043748 0 0
-0 -0 -0 0.14762 0 0 0 0 -0 0 0 0.13652 -0.050232 0.025116 0 0
-0 -0 -0 0.027845 0 0 0 0 -0 0 0 0.025751 -0.0094747 0.0047374 0 0
0 0 0 0.16146 0 0 0 0 -0 0 0 0.14932 -0.054941 0.02747 0 0
0 0 0 0.11777 0 0 0 0 -0 0 0 0.10892 -0.040074 0.020037 0 0
-0 -0 -0 0.090893 0 0 0 0 -0 0 0 0.084059 -0.030928 0.015464 0 0
-0 -0 -0 0.15214 0 0 0 0 -0 0 0 0.1407 -0.051771 0.025885 0 0
-0 -0 -0 0.1408 0 0 0 0 -0 0 0 0.13021 -0.04791 0.023955 0 0
-0 -0 -0 0.091329 0 0 0 0 -0 0 0 0.084461 -0.031077 0.015538 0 0
-0 -0 -0 0.16512 0 0 0 0 -0 0 0 0.15271 -0.056187 0.028093 0 0
0 0 0 0.023286 0 0 0 0 -0 0 0 0.021535 -0.0079236 0.0039618 0 0
-0 -0 -0 0.083673 0 0 0 0 -0 0 0 0.077381 -0.028471 0.014236 0 0
-0 -0 -0 0.16077 0 0 0 0 -0 0 0 0.14868 -0.054705 0.027352 0 0
0 0 0 0.10503 0 0 0 0 -0 0 0 0.097131 -0.035738 0.017869 0 0
0 0 0 0.042113 0 0 0 0 -0 0 0 0.038946 -0.01433 0.0071649 0 0
-0 -0 -0 0.034293 0 0 0 0 -0 0 0 0.031715 -0.011669 0.0058345 0 0
-0 -0 -0 0.16597 0 0 0 0 -0 0 0 0.15349 -0.056475 0.028238 0 0
0 0 0 0.044839 0 0 0 0 -0 0 0 0.041468 -0.015257 0.0076287 0 0
-0 -0 -0 0.02514 0 0 0 0 -0 0 0 0.02325 -0.0085546 0.0042773 0 0
0 0 0 0.089277 0 0 0 0 -0 0 0 0.082564 -0.030379 0.015189 0 0
-0 -0 -0 0.17443 0 0 0 0 -0 0 0 0.16132 -0.059355 0.029677 0 0
-0 -0 -0 0.089422 0 0 0 0 -0 0 0 0.082698 -0.030428 0.015214 0 0
-0 -0 -0 0.0023933 0 0 0 0 -0 0 0 0.0022134 -0.00081438 0.00040719 0 0
0 0 0 0.060594 0 0 0 0 -0 0 0 0.056038 -0.020619 0.010309 0 0
0 0 0 0.13188 0 0 0 0 -0 0 0 0.12196 -0.044874 0.022437 0 0
0 0 0 0.11718 0 0 0 0 -0 0 0 0.10837 -0.039874 0.019937 0 0
-0 -0 -0 0.066802 0 0 0 0 -0 0 0 0.061779 -0.022731 0.011365 0 0
-0 -0 -0 0.12958 0 0 0 0 -0 0 0 0.11983 -0.044091 0.022045 0 0
-0 -0 -0 0.10397 0 0 0 0 -0 0 0 0.096152 -0.035378 0.017689 0 0
-0 -0 -0 0.076708 0 0 0 0 -0 0 0 0.070941 -0.026102 0.013051 0 0
-0 -0 -0 0.17955 0 0 0 0 -0 0 0 0.16605 -0.061095 0.030547 0 0
0 0 0 0.067734 0 0 0 0 -0 0 0 0.062641 -0.023048 0.011524 0 0
-0 -0 -0 0.11957 0 0 0 0 -0 0 0 0.11058 -0.040686 0.020343 0 0
0 0 0 0.15423 0 0 0 0 -0 0 0 0.14263 -0.052479 0.02624 0 0
-0 -0 -0 0.13221 0 0 0 0 -0 0 0 0.12227 -0.044988 0.022494 0 0
-0 -0 -0 0.17456 0 0 0 0 -0 0 0 0.16143 -0.059397 0.029699 0 0
-0 -0 -0 0.07267 0 0 0 0 -0 0 0 0.067206 -0.024728 0.012364 0 0
0 0 0 0.031984 0 0 0 0 -0 0 0 0.029579 -0.010883 0.0054417 0 0
0 0 0 0.13503 0 0 0 0 -0 0 0 0.12488 -0.045947 0.022973 0 0
-0 -0 -0 0.1796 0 0 0 0 -0 0 0 0.1661 -0.061114 0.030557 0 0
-0 -0 -0 0.17028 0 0 0 0 -0 0 0 0.15748 -0.057941 0.028971 0 0
0 0 0 0.17132 0 0 0 0 -0 0 0 0.15844 -0.058296 0.029148 0 0
0 0 0 0.024886 0 0 0 0 -0 0 0 0.023014 -0.0084679 0.0042339 0 0
0 0 0 0.0035417 0 0 0 0 -0 0 0 0.0032754 -0.0012052 0.00060258 0 0
-0 -0 -0 0.067873 0 0 0 0 -0 0 0 0.06277 -0.023095 0.011548 0 0
-0 -0 -0 0.19628 0 0 0 0 -0 0 0 0.18152 -0.066787 0.033394 0 0
0 0 0 0.036242 0 0 0 0 -0 0 0 0.033517 -0.012332 0.006166 0 0
0 0 0 0.12428 0 0 0 0 -0 0 0 0.11493 -0.042288 0.021144 0 0
-0 -0 -0 0.17136 0 0 0 0 -0 0 0 0.15848 -0.058309 0.029155 0 0
-0 -0 -0 0.017607 0 0 0 0 -0 0 0 0.016283 -0.0059911 0.0029956 0 0
-0 -0 -0 0.040286 0 0 0 0 -0 0 0 0.037257 -0.013708 0.0068541 0 0
-0 -0 -0 0.13825 0 0 0 0 -0 0 0 0.12786 -0.047044 0.023522 0 0
0 0 0 0.038561 0 0 0 0 -0 0 0 0.035662 -0.013121 0.0065607 0 0
0 0 0 0.12256 0 0 0 0 -0 0 0 0.11335 -0.041704 0.020852 0 0
-0 -0 -0 0.021362 0 0 0 0 -0 0 0 0.019755 -0.0072688 0.0036344 0 0
0 0 0 0.17014 0 0 0 0 -0 0 0 0.15734 -0.057893 0.028947 0 0
0 0 0 0.10222 0 0 0 0 -0 0 0 0.094536 -0.034783 0.017392 0 0
-0 -0 -0 0.19044 0 0 0 0 -0 0 0 0.17612 -0.064803 0.032401 0 0
0 0 0 0.14682 0 0 0 0 -0 0 0 0.13578 -0.049958 0.024979 0 0
-0 -0 -0 0.0051798 0 0 0 0 -0 0 0 0.0047903 -0.0017625 0.00088126 0 0
-0 -0 -0 0.15621 0 0 0 0 -0 0 0 0.14447 -0.053155 0.026578 0 0
-0 -0 -0 0.022895 0 0 0 0 -0 0 0 0.021173 -0.0077904 0.0038952 0 0
-0 -0 -0 0.043114 0 0 0 0 -0 0 0 0.039872 -0.014671 0.0073353 0 0
-0 -0 -0 0.16688 0 0 0 0 -0 0 0 0.15433 -0.056784 0.028392 0 0
-0 -0 -0 0.0049372 0 0 0 0 -0 0 0 0.004566 -0.00168 0.00084 0 0
-0 -0 -0 0.17049 0 0 0 0 -0 0 0 0.15767 -0.058012 0.029006 0 0
-0 -0 -0 0.15549 0 0 0 0 -0 0 0 0.14379 -0.052908 0.026454 0 0
-0 -0 -0 0.098711 0 0 0 0 -0 0 0 0.091289 -0.033589 0.016794 0 0
-0 -0 -0 0.056841 0 0 0 0 -0 0 0 0.052567 -0.019342 0.0096708 0 0
-0 -0 -0 0.065323 0 0 0 0 -0 0 0 0.060411 -0.022228 0.011114 0 0
-0 -0 -0 0.053002 0 0 0 0 -0 0 0 0.049016 -0.018035 0.0090175 0 0
0 0 0 0.15216 0 0 0 0 -0 0 0 0.14072 -0.051775 0.025888 0 0
