0 0 0.2295 0 0 0 0 0 0 0 0 0 0 -0.038053 0.010223 0.22609 -0.016134 0.019551 -0.0035995 0 0
0 0 0.003284 0 0 0 0 0 0 0 0 0 0 -0.00054451 0.00014629 0.0032353 -0.00019846 0.00030528 -4.7205e-05 0 0
-0 -0 -0.33763 0 0 0 0 0 0 0 0 0 0 0.055981 -0.01504 -0.33262 0.014756 -0.034314 0.0040351 0 0
0 0 0.053501 0 0 0 0 0 0 0 0 0 0 -0.0088709 0.0023832 0.052707 -0.0033557 0.0048881 -0.0007858 0 0
0 0 0.34402 0 0 0 0 0 0 0 0 0 0 -0.057041 0.015324 0.33891 -0.025741 0.027768 -0.0055878 0 0
0 0 0.3345 0 0 0 0 0 0 0 0 0 0 -0.055462 0.0149 0.32953 -0.024907 0.027128 -0.0054185 0 0
-0 -0 -0.17566 0 0 0 0 0 0 0 0 0 0 0.029125 -0.0078245 -0.17305 0.0091137 -0.017213 0.0023122 0 0
-0 -0 -0.09851 0 0 0 0 0 0 0 0 0 0 0.016333 -0.0043881 -0.097047 0.0054811 -0.009452 0.0013499 0 0
0 0 0.19055 0 0 0 0 0 0 0 0 0 0 -0.031594 0.0084878 0.18772 -0.013088 0.016507 -0.0029491 0 0
0 0 0.17021 0 0 0 0 0 0 0 0 0 0 -0.028221 0.0075818 0.16768 -0.011545 0.014871 -0.0026154 0 0
0 0 0.14217 0 0 0 0 0 0 0 0 0 0 -0.023572 0.0063327 0.14006 -0.0094724 0.012562 -0.0021623 0 0
-0 -0 -0.032024 0 0 0 0 0 0 0 0 0 0 0.0053098 -0.0014265 -0.031549 0.0018828 -0.0030113 0.00045304 0 0
-0 -0 -0.016743 0 0 0 0 0 0 0 0 0 0 0.0027761 -0.00074582 -0.016495 0.00099632 -0.0015667 0.00023853 0 0
0 0 0.27367 0 0 0 0 0 0 0 0 0 0 -0.045377 0.012191 0.26961 -0.019728 0.022853 -0.0043536 0 0
-0 -0 -0.042362 0 0 0 0 0 0 0 0 0 0 0.0070238 -0.001887 -0.041733 0.00247 -0.0039964 0.00059642 0 0
-0 -0 -0.051428 0 0 0 0 0 0 0 0 0 0 0.008527 -0.0022908 -0.050664 0.0029767 -0.0048654 0.00072099 0 0
0 0 0.33937 0 0 0 0 0 0 0 0 0 0 -0.056269 0.015117 0.33433 -0.025332 0.027456 -0.005505 0 0
0 0 0.33645 0 0 0 0 0 0 0 0 0 0 -0.055786 0.014987 0.33146 -0.025077 0.02726 -0.0054532 0 0
-0 -0 -0.1779 0 0 0 0 0 0 0 0 0 0 0.029497 -0.0079245 -0.17526 0.0092106 -0.017443 0.0023389 0 0
0 0 0.026172 0 0 0 0 0 0 0 0 0 0 -0.0043395 0.0011658 0.025783 -0.0016091 0.0024141 -0.00037998 0 0
-0 -0 -0.23774 0 0 0 0 0 0 0 0 0 0 0.039418 -0.01059 -0.23421 0.0116 -0.023653 0.0030218 0 0
0 0 0.021274 0 0 0 0 0 0 0 0 0 0 -0.0035273 0.00094762 0.020958 -0.0013032 0.0019656 -0.00030821 0 0
-0 -0 -0.12574 0 0 0 0 0 0 0 0 0 0 0.020849 -0.0056011 -0.12388 0.0068311 -0.012159 0.0016995 0 0
0 0 0.34574 0 0 0 0 0 0 0 0 0 0 -0.057325 0.015401 0.3406 -0.025891 0.027882 -0.0056184 0 0
-0 -0 -0.25133 0 0 0 0 0 0 0 0 0 0 0.041673 -0.011196 -0.2476 0.012091 -0.025084 0.0031692 0 0
0 0 0.24611 0 0 0 0 0 0 0 0 0 0 -0.040806 0.010963 0.24245 -0.017468 0.020811 -0.003881 0 0
-0 -0 -0.20222 0 0 0 0 0 0 0 0 0 0 0.03353 -0.0090079 -0.19922 0.010226 -0.01995 0.0026231 0 0
-0 -0 -0.11656 0 0 0 0 0 0 0 0 0 0 0.019326 -0.0051921 -0.11483 0.0063841 -0.011242 0.0015828 0 0
0 0 0.2876 0 0 0 0 0 0 0 0 0 0 -0.047687 0.012811 0.28333 -0.020891 0.02386 -0.0045949 0 0
-0 -0 -0.090537 0 0 0 0 0 0 0 0 0 0 0.015011 -0.0040329 -0.089192 0.0050721 -0.0086668 0.0012455 0 0
-0 -0 -0.23122 0 0 0 0 0 0 0 0 0 0 0.038338 -0.0103 -0.22779 0.011358 -0.02297 0.0029502 0 0
0 0 0.19729 0 0 0 0 0 0 0 0 0 0 -0.032712 0.0087883 0.19436 -0.013607 0.017043 -0.0030607 0 0
0 0 0.34026 0 0 0 0 0 0 0 0 0 0 -0.056418 0.015157 0.33521 -0.025411 0.027516 -0.0055209 0 0
0 0 0.15321 0 0 0 0 0 0 0 0 0 0 -0.025403 0.0068247 0.15094 -0.010281 0.013479 -0.0023398 0 0
0 0 0.30642 0 0 0 0 0 0 0 0 0 0 -0.050807 0.013649 0.30187 -0.022484 0.025195 -0.0049234 0 0
-0 -0 -0.055933 0 0 0 0 0 0 0 0 0 0 0.009274 -0.0024915 -0.055102 0.0032255 -0.005299 0.00078247 0 0
-0 -0 -0.28686 0 0 0 0 0 0 0 0 0 0 0.047563 -0.012778 -0.2826 0.013284 -0.028855 0.0035404 0 0
-0 -0 -0.01656 0 0 0 0 0 0 0 0 0 0 0.0027457 -0.00073764 -0.016314 0.00098553 -0.0015494 0.00023593 0 0
0 0 0.25296 0 0 0 0 0 0 0 0 0 0 -0.041942 0.011268 0.2492 -0.018024 0.021325 -0.0039978 0 0
0 0 0.17131 0 0 0 0 0 0 0 0 0 0 -0.028405 0.0076311 0.16877 -0.011628 0.01496 -0.0026335 0 0
-0 -0 -0.26273 0 0 0 0 0 0 0 0 0 0 0.043562 -0.011703 -0.25883 0.012488 -0.026288 0.0032904 0 0
-0 -0 -0.33616 0 0 0 0 0 0 0 0 0 0 0.055738 -0.014974 -0.33117 0.014717 -0.034155 0.0040214 0 0
-0 -0 -0.068916 0 0 0 0 0 0 0 0 0 0 0.011427 -0.0030698 -0.067892 0.0039319 -0.0065548 0.00095814 0 0
-0 -0 -0.018975 0 0 0 0 0 0 0 0 0 0 0.0031461 -0.00084522 -0.018693 0.0011271 -0.0017768 0.00027004 0 0
-0 -0 -0.24496 0 0 0 0 0 0 0 0 0 0 0.040616 -0.010912 -0.24132 0.011863 -0.024412 0.0031005 0 0
-0 -0 -0.3092 0 0 0 0 0 0 0 0 0 0 0.051267 -0.013773 -0.30461 0.013965 -0.031247 0.0037633 0 0
-0 -0 -0.28066 0 0 0 0 0 0 0 0 0 0 0.046534 -0.012502 -0.27649 0.013085 -0.028193 0.003477 0 0
-0 -0 -0.090046 0 0 0 0 0 0 0 0 0 0 0.01493 -0.0040111 -0.088709 0.0050467 -0.0086186 0.0012391 0 0
-0 -0 -0.11422 0 0 0 0 0 0 0 0 0 0 0.018939 -0.005088 -0.11253 0.006269 -0.011009 0.0015529 0 0
-0 -0 -0.0044807 0 0 0 0 0 0 0 0 0 0 0.00074293 -0.00019959 -0.0044142 0.00026918 -0.0004176 6.4186e-05 0 0
0 0 0.22612 0 0 0 0 0 0 0 0 0 0 -0.037492 0.010072 0.22276 -0.015865 0.019291 -0.0035424 0 0
0 0 0.092063 0 0 0 0 0 0 0 0 0 0 -0.015265 0.0041009 0.090696 -0.0059328 0.0082938 -0.0013735 0 0
0 0 0.15206 0 0 0 0 0 0 0 0 0 0 -0.025213 0.0067735 0.1498 -0.010196 0.013384 -0.0023212 0 0
-0 -0 -0.27829 0 0 0 0 0 0 0 0 0 0 0.046142 -0.012396 -0.27416 0.013008 -0.027941 0.0034527 0 0
0 0 0.32366 0 0 0 0 0 0 0 0 0 0 -0.053664 0.014417 0.31885 -0.023965 0.02639 -0.0052266 0 0
-0 -0 -0.12521 0 0 0 0 0 0 0 0 0 0 0.020761 -0.0055774 -0.12335 0.0068054 -0.012105 0.0016927 0 0
-0 -0 -0.21546 0 0 0 0 0 0 0 0 0 0 0.035725 -0.0095977 -0.21226 0.010753 -0.021324 0.0027741 0 0
-0 -0 -0.17003 0 0 0 0 0 0 0 0 0 0 0.028192 -0.007574 -0.16751 0.0088691 -0.016638 0.002245 0 0
-0 -0 -0.32759 0 0 0 0 0 0 0 0 0 0 0.054316 -0.014592 -0.32272 0.014487 -0.033228 0.0039406 0 0
-0 -0 -0.31395 0 0 0 0 0 0 0 0 0 0 0.052056 -0.013985 -0.30929 0.014104 -0.031758 0.0038097 0 0
0 0 0.19973 0 0 0 0 0 0 0 0 0 0 -0.033117 0.008897 0.19677 -0.013796 0.017236 -0.0031012 0 0
-0 -0 -0.098001 0 0 0 0 0 0 0 0 0 0 0.016249 -0.0043654 -0.096545 0.0054552 -0.0094017 0.0013432 0 0
-0 -0 -0.30221 0 0 0 0 0 0 0 0 0 0 0.050108 -0.013462 -0.29772 0.013758 -0.030496 0.0036944 0 0
-0 -0 -0.33457 0 0 0 0 0 0 0 0 0 0 0.055474 -0.014903 -0.32961 0.014675 -0.033983 0.0040065 0 0
-0 -0 -0.31777 0 0 0 0 0 0 0 0 0 0 0.052689 -0.014155 -0.31306 0.014213 -0.032169 0.0038467 0 0
0 0 0.039804 0 0 0 0 0 0 0 0 0 0 -0.0065997 0.001773 0.039213 -0.0024719 0.0036543 -0.00058126 0 0
-0 -0 -0.11895 0 0 0 0 0 0 0 0 0 0 0.019723 -0.0052987 -0.11719 0.0065013 -0.01148 0.0016133 0 0
0 0 0.2563 0 0 0 0 0 0 0 0 0 0 -0.042497 0.011417 0.2525 -0.018297 0.021574 -0.004055 0 0
0 0 0.32978 0 0 0 0 0 0 0 0 0 0 -0.054679 0.01469 0.32488 -0.024495 0.026807 -0.0053348 0 0
0 0 0.066993 0 0 0 0 0 0 0 0 0 0 -0.011108 0.0029842 0.065999 -0.0042425 0.0060912 -0.00098945 0 0
-0 -0 -0.21423 0 0 0 0 0 0 0 0 0 0 0.03552 -0.0095427 -0.21105 0.010705 -0.021196 0.0027601 0 0
-0 -0 -0.076603 0 0 0 0 0 0 0 0 0 0 0.012701 -0.0034122 -0.075466 0.0043425 -0.0073028 0.0010611 0 0
-0 -0 -0.16308 0 0 0 0 0 0 0 0 0 0 0.02704 -0.0072644 -0.16066 0.0085623 -0.015929 0.0021613 0 0
0 0 0.24206 0 0 0 0 0 0 0 0 0 0 -0.040134 0.010782 0.23846 -0.017141 0.020506 -0.003812 0 0
0 0 0.22896 0 0 0 0 0 0 0 0 0 0 -0.037963 0.010199 0.22556 -0.016091 0.019509 -0.0035903 0 0
-0 -0 -0.10803 0 0 0 0 0 0 0 0 0 0 0.017913 -0.0048123 -0.10643 0.0059615 -0.010394 0.0014733 0 0
0 0 0.060512 0 0 0 0 0 0 0 0 0 0 -0.010033 0.0026955 0.059613 -0.0038144 0.0055147 -0.00089134 0 0
-0 -0 -0.12849 0 0 0 0 0 0 0 0 0 0 0.021305 -0.0057237 -0.12659 0.0069633 -0.012434 0.0017342 0 0
0 0 0.24352 0 0 0 0 0 0 0 0 0 0 -0.040377 0.010847 0.2399 -0.017259 0.020616 -0.0038369 0 0
-0 -0 -0.25008 0 0 0 0 0 0 0 0 0 0 0.041465 -0.01114 -0.24637 0.012047 -0.024952 0.0031558 0 0
0 0 0.26134 0 0 0 0 0 0 0 0 0 0 -0.043331 0.011641 0.25746 -0.01871 0.021947 -0.0041413 0 0
0 0 0.026242 0 0 0 0 0 0 0 0 0 0 -0.0043511 0.0011689 0.025852 -0.0016135 0.0024205 -0.000381 0 0
-0 -0 -0.34068 0 0 0 0 0 0 0 0 0 0 0.056487 -0.015176 -0.33562 0.014836 -0.034644 0.0040634 0 0
-0 -0 -0.11824 0 0 0 0 0 0 0 0 0 0 0.019605 -0.0052671 -0.11649 0.0064666 -0.011409 0.0016042 0 0
-0 -0 -0.28783 0 0 0 0 0 0 0 0 0 0 0.047724 -0.012821 -0.28356 0.013314 -0.028958 0.0035503 0 0
0 0 0.030219 0 0 0 0 0 0 0 0 0 0 -0.0050105 0.0013461 0.02977 -0.0018635 0.0027836 -0.0004395 0 0
-0 -0 -0.21775 0 0 0 0 0 0 0 0 0 0 0.036104 -0.0096995 -0.21452 0.010843 -0.021563 0.0027998 0 0
0 0 0.28162 0 0 0 0 0 0 0 0 0 0 -0.046694 0.012544 0.27743 -0.020389 0.023429 -0.004491 0 0
-0 -0 -0.23629 0 0 0 0 0 0 0 0 0 0 0.039178 -0.010525 -0.23278 0.011546 -0.023501 0.0030059 0 0
0 0 0.24508 0 0 0 0 0 0 0 0 0 0 -0.040636 0.010917 0.24145 -0.017385 0.020734 -0.0038635 0 0
-0 -0 -0.30349 0 0 0 0 0 0 0 0 0 0 0.050321 -0.013519 -0.29899 0.013796 -0.030634 0.0037071 0 0
0 0 0.0071961 0 0 0 0 0 0 0 0 0 0 -0.0011931 0.00032054 0.0070892 -0.00043617 0.00066806 -0.00010362 0 0
-0 -0 -0.27296 0 0 0 0 0 0 0 0 0 0 0.045259 -0.012159 -0.26891 0.012833 -0.027375 0.0033976 0 0
0 0 0.063526 0 0 0 0 0 0 0 0 0 0 -0.010533 0.0028297 0.062582 -0.004013 0.0057831 -0.0009369 0 0
-0 -0 -0.029472 0 0 0 0 0 0 0 0 0 0 0.0048867 -0.0013128 -0.029035 0.0017363 -0.0027691 0.00041743 0 0
0 0 0.10614 0 0 0 0 0 0 0 0 0 0 -0.017599 0.0047281 0.10457 -0.006906 0.0095116 -0.0015924 0 0
0 0 0.31136 0 0 0 0 0 0 0 0 0 0 -0.051625 0.013869 0.30673 -0.022906 0.025539 -0.0050099 0 0
0 0 0.04949 0 0 0 0 0 0 0 0 0 0 -0.0082057 0.0022045 0.048755 -0.0030951 0.004528 -0.00072566 0 0
0 0 0.0289 0 0 0 0 0 0 0 0 0 0 -0.0047918 0.0012873 0.028471 -0.0017804 0.0026633 -0.00042008 0 0
-0 -0 -0.24379 0 0 0 0 0 0 0 0 0 0 0.040422 -0.010859 -0.24017 0.011821 -0.024289 0.0030878 0 0
