-0 -0 -0 0.098329 0 0 0 0 0 0 0 0.096835 0 0.017075 0 0
0 0 0 0.19245 0 0 0 0 0 0 0 0.18952 0 0.033418 0 0
0 0 0 0.013962 0 0 0 0 0 0 0 0.01375 0 0.0024245 0 0
0 0 0 0.10325 0 0 0 0 0 0 0 0.10169 0 0.01793 0 0
-0 -0 -0 0.1285 0 0 0 0 0 0 0 0.12655 0 0.022314 0 0
0 0 0 0.192 0 0 0 0 0 0 0 0.18909 0 0.033341 0 0
0 0 0 0.096998 0 0 0 0 0 0 0 0.095525 0 0.016844 0 0
-0 -0 -0 0.078448 0 0 0 0 0 0 0 0.077256 0 0.013622 0 0
-0 -0 -0 0.1662 0 0 0 0 0 0 0 0.16368 0 0.02886 0 0
0 0 0 0.12165 0 0 0 0 0 0 0 0.1198 0 0.021125 0 0
-0 -0 -0 0.11695 0 0 0 0 0 0 0 0.11517 0 0.020308 0 0
-0 -0 -0 0.17724 0 0 0 0 0 0 0 0.17454 0 0.030777 0 0
-0 -0 -0 0.19847 0 0 0 0 0 0 0 0.19545 0 0.034464 0 0
-0 -0 -0 0.11312 0 0 0 0 0 0 0 0.1114 0 0.019643 0 0
-0 -0 -0 0.17469 0 0 0 0 0 0 0 0.17203 0 0.030334 0 0
0 0 0 0.18093 0 0 0 0 0 0 0 0.17818 0 0.031418 0 0
0 0 0 0.14848 0 0 0 0 0 0 0 0.14623 0 0.025783 0 0
0 0 0 0.015388 0 0 0 0 0 0 0 0.015154 0 0.0026721 0 0
-0 -0 -0 0.041697 0 0 0 0 0 0 0 0.041063 0 0.0072406 0 0
-0 -0 -0 0.031647 0 0 0 0 0 0 0 0.031166 0 0.0054954 0 0
0 0 0 0.14086 0 0 0 0 0 0 0 0.13872 0 0.02446 0 0
-0 -0 -0 0.0066236 0 0 0 0 0 0 0 0.006523 0 0.0011502 0 0
-0 -0 -0 0.16493 0 0 0 0 0 0 0 0.16242 0 0.028639 0 0
-0 -0 -0 0.10006 0 0 0 0 0 0 0 0.098539 0 0.017375 0 0
0 0 0 0.073018 0 0 0 0 0 0 0 0.071909 0 0.01268 0 0
-0 -0 -0 0.16302 0 0 0 0 0 0 0 0.16054 0 0.028308 0 0
0 0 0 0.092537 0 0 0 0 0 0 0 0.091131 0 0.016069 0 0
-0 -0 -0 0.056742 0 0 0 0 0 0 0 0.05588 0 0.0098532 0 0
-0 -0 -0 0.010357 0 0 0 0 0 0 0 0.010199 0 0.0017984 0 0
-0 -0 -0 0.043367 0 0 0 0 0 0 0 0.042709 0 0.0075307 0 0
0 0 0 0.049175 0 0 0 0 0 0 0 0.048427 0 0.0085391 0 0
0 0 0 0.12794 0 0 0 0 0 0 0 0.126 0 0.022217 0 0
-0 -0 -0 0.17063 0 0 0 0 0 0 0 0.16804 0 0.02963 0 0
0 0 0 0.19113 0 0 0 0 0 0 0 0.18823 0 0.03319 0 0
-0 -0 -0 0.15933 0 0 0 0 0 0 0 0.15691 0 0.027667 0 0
0 0 0 0.16755 0 0 0 0 0 0 0 0.16501 0 0.029095 0 0
-0 -0 -0 0.098214 0 0 0 0 0 0 0 0.096722 0 0.017055 0 0
0 0 0 0.061599 0 0 0 0 0 0 0 0.060664 0 0.010697 0 0
-0 -0 -0 0.090473 0 0 0 0 0 0 0 0.089098 0 0.01571 0 0
-0 -0 -0 0.18527 0 0 0 0 0 0 0 0.18246 0 0.032172 0 0
-0 -0 -0 0.14793 0 0 0 0 0 0 0 0.14569 0 0.025688 0 0
0 0 0 0.095184 0 0 0 0 0 0 0 0.093738 0 0.016529 0 0
-0 -0 -0 0.059464 0 0 0 0 0 0 0 0.058561 0 0.010326 0 0
-0 -0 -0 0.063463 0 0 0 0 0 0 0 0.062499 0 0.01102 0 0
0 0 0 0.023853 0 0 0 0 0 0 0 0.02349 0 0.004142 0 0
-0 -0 -0 0.075432 0 0 0 0 0 0 0 0.074286 0 0.013099 0 0
-0 -0 -0 0.056428 0 0 0 0 0 0 0 0.055571 0 0.0097987 0 0
-0 -0 -0 0.087059 0 0 0 0 0 0 0 0.085736 0 0.015118 0 0
-0 -0 -0 0.047457 0 0 0 0 0 0 0 0.046736 0 0.0082408 0 0
0 0 0 0.16285 0 0 0 0 0 0 0 0.16037 0 0.028278 0 0
-0 -0 -0 0.14796 0 0 0 0 0 0 0 0.14572 0 0.025694 0 0
0 0 0 0.16221 0 0 0 0 0 0 0 0.15974 0 0.028167 0 0
0 0 0 0.013798 0 0 0 0 0 0 0 0.013588 0 0.0023959 0 0
0 0 0 0.044726 0 0 0 0 0 0 0 0.044047 0 0.0077666 0 0
-0 -0 -0 0.086954 0 0 0 0 0 0 0 0.085633 0 0.015099 0 0
0 0 0 0.11695 0 0 0 0 0 0 0 0.11517 0 0.020308 0 0
0 0 0 0.066425 0 0 0 0 0 0 0 0.065416 0 0.011535 0 0
-0 -0 -0 0.17757 0 0 0 0 0 0 0 0.17487 0 0.030834 0 0
-0 -0 -0 0.026379 0 0 0 0 0 0 0 0.025978 0 0.0045806 0 0
-0 -0 -0 0.085663 0 0 0 0 0 0 0 0.084362 0 0.014875 0 0
-0 -0 -0 0.15998 0 0 0 0 0 0 0 0.15755 0 0.027781 0 0
-0 -0 -0 0.10502 0 0 0 0 0 0 0 0.10343 0 0.018237 0 0
-0 -0 -0 0.097652 0 0 0 0 0 0 0 0.096169 0 0.016957 0 0
0 0 0 0.067424 0 0 0 0 0 0 0 0.0664 0 0.011708 0 0
0 0 0 0.15845 0 0 0 0 0 0 0 0.15604 0 0.027514 0 0
0 0 0 0.15593 0 0 0 0 0 0 0 0.15356 0 0.027077 0 0
0 0 0 0.01511 0 0 0 0 0 0 0 0.01488 0 0.0026238 0 0
-0 -0 -0 0.066121 0 0 0 0 0 0 0 0.065117 0 0.011482 0 0
0 0 0 0.040659 0 0 0 0 0 0 0 0.040041 0 0.0070603 0 0
0 0 0 0.17684 0 0 0 0 0 0 0 0.17416 0 0.030709 0 0
-0 -0 -0 0.14904 0 0 0 0 0 0 0 0.14678 0 0.025881 0 0
-0 -0 -0 0.037699 0 0 0 0 0 0 0 0.037127 0 0.0065464 0 0
0 0 0 0.12025 0 0 0 0 0 0 0 0.11843 0 0.020882 0 0
-0 -0 -0 0.019743 0 0 0 0 0 0 0 0.019443 0 0.0034283 0 0
-0 -0 -0 0.16316 0 0 0 0 0 0 0 0.16068 0 0.028333 0 0
0 0 0 0.10088 0 0 0 0 0 0 0 0.099351 0 0.017518 0 0
-0 -0 -0 0.19577 0 0 0 0 0 0 0 0.1928 0 0.033995 0 0
-0 -0 -0 0.035988 0 0 0 0 0 0 0 0.035442 0 0.0062493 0 0
0 0 0 0.12594 0 0 0 0 0 0 0 0.12403 0 0.021869 0 0
0 0 0 0.079105 0 0 0 0 0 0 0 0.077904 0 0.013736 0 0
0 0 0 0.19977 0 0 0 0 0 0 0 0.19674 0 0.03469 0 0
0 0 0 0.092171 0 0 0 0 0 0 0 0.09077 0 0.016005 0 0
-0 -0 -0 0.14885 0 0 0 0 0 0 0 0.14658 0 0.025847 0 0
0 0 0 0.18102 0 0 0 0 0 0 0 0.17827 0 0.031435 0 0
0 0 0 0.13138 0 0 0 0 0 0 0 0.12938 0 0.022813 0 0
0 0 0 0.15365 0 0 0 0 0 0 0 0.15132 0 0.026682 0 0
0 0 0 0.11976 0 0 0 0 0 0 0 0.11795 0 0.020797 0 0
-0 -0 -0 0.16562 0 0 0 0 0 0 0 0.1631 0 0.02876 0 0
-0 -0 -0 0.16636 0 0 0 0 0 0 0 0.16383 0 0.028888 0 0
-0 -0 -0 0.14555 0 0 0 0 0 0 0 0.14334 0 0.025274 0 0
0 0 0 0.012675 0 0 0 0 0 0 0 0.012482 0 0.002201 0 0
-0 -0 -0 0.14102 0 0 0 0 0 0 0 0.13887 0 0.024487 0 0
-0 -0 -0 0.016333 0 0 0 0 0 0 0 0.016085 0 0.0028362 0 0
-0 -0 -0 0.067742 0 0 0 0 0 0 0 0.066713 0 0.011763 0 0
0 0 0 0.10356 0 0 0 0 0 0 0 0.10199 0 0.017983 0 0
-0 -0 -0 0.016581 0 0 0 0 0 0 0 0.016329 0 0.0028793 0 0
-0 -0 -0 0.037897 0 0 0 0 0 0 0 0.037321 0 0.0065808 0 0
-0 -0 -0 0.092566 0 0 0 0 0 0 0 0.09116 0 0.016074 0 0
0 0 0 0.12717 0 0 0 0 0 0 0 0.12524 0 0.022083 0 0
0 0 0 0.066747 0 0 0 0 0 0 0 0.065733 0 0.011591 0 0
