-0 -0 -0.34873 0 0 0 0 0 0 0 0 0 0 0.057822 -0.015534 -0.34355 -0.033184 -0.039915 -0.0037802 0 0
0 0 0.21401 0 0 0 0 0 0 0 0 0 0 -0.035485 0.0095331 0.21084 0.012933 0.029303 0.00085168 0 0
-0 -0 -0.17951 0 0 0 0 0 0 0 0 0 0 0.029764 -0.0079963 -0.17685 -0.015375 -0.022005 -0.0015927 0 0
0 0 0.23081 0 0 0 0 0 0 0 0 0 0 -0.03827 0.010281 0.22738 0.013682 0.031708 0.000869 0 0
0 0 0.15826 0 0 0 0 0 0 0 0 0 0 -0.02624 0.0070495 0.15591 0.010163 0.021413 0.00074221 0 0
-0 -0 -0.089384 0 0 0 0 0 0 0 0 0 0 0.01482 -0.0039816 -0.088057 -0.0071702 -0.011303 -0.00069573 0 0
0 0 0.00876 0 0 0 0 0 0 0 0 0 0 -0.0014525 0.00039021 0.0086299 0.0006487 0.0011413 5.7576e-05 0 0
0 0 0.22799 0 0 0 0 0 0 0 0 0 0 -0.037802 0.010156 0.2246 0.013559 0.031303 0.0008666 0 0
-0 -0 -0.29112 0 0 0 0 0 0 0 0 0 0 0.04827 -0.012968 -0.2868 -0.026791 -0.034161 -0.0029644 0 0
-0 -0 -0.29733 0 0 0 0 0 0 0 0 0 0 0.049299 -0.013244 -0.29292 -0.027464 -0.034799 -0.0030488 0 0
0 0 0.047834 0 0 0 0 0 0 0 0 0 0 -0.0079312 0.0021307 0.047124 0.0034216 0.0062993 0.00029104 0 0
-0 -0 -0.023855 0 0 0 0 0 0 0 0 0 0 0.0039552 -0.0010626 -0.0235 -0.001816 -0.0030785 -0.00016645 0 0
0 0 0.012935 0 0 0 0 0 0 0 0 0 0 -0.0021447 0.00057618 0.012743 0.00095439 0.0016871 8.4344e-05 0 0
0 0 0.14013 0 0 0 0 0 0 0 0 0 0 -0.023234 0.0062418 0.13805 0.009169 0.018882 0.00068944 0 0
0 0 0.067042 0 0 0 0 0 0 0 0 0 0 -0.011116 0.0029863 0.066046 0.0047115 0.0088735 0.00039174 0 0
-0 -0 -0.18825 0 0 0 0 0 0 0 0 0 0 0.031214 -0.0083856 -0.18546 -0.01622 -0.023002 -0.0016898 0 0
-0 -0 -0.10433 0 0 0 0 0 0 0 0 0 0 0.017299 -0.0046475 -0.10278 -0.0084651 -0.013128 -0.0008311 0 0
-0 -0 -0.20576 0 0 0 0 0 0 0 0 0 0 0.034117 -0.0091656 -0.20271 -0.017939 -0.024978 -0.0018898 0 0
-0 -0 -0.26261 0 0 0 0 0 0 0 0 0 0 0.043542 -0.011698 -0.25871 -0.023749 -0.031179 -0.0025873 0 0
-0 -0 -0.1593 0 0 0 0 0 0 0 0 0 0 0.026413 -0.0070958 -0.15693 -0.013453 -0.019669 -0.0013748 0 0
0 0 0.26336 0 0 0 0 0 0 0 0 0 0 -0.043667 0.011731 0.25945 0.01502 0.036404 0.00088188 0 0
-0 -0 -0.18961 0 0 0 0 0 0 0 0 0 0 0.031438 -0.0084459 -0.18679 -0.016352 -0.023156 -0.001705 0 0
0 0 0.16849 0 0 0 0 0 0 0 0 0 0 -0.027937 0.0075053 0.16599 0.010703 0.022849 0.00076828 0 0
0 0 0.24494 0 0 0 0 0 0 0 0 0 0 -0.040613 0.010911 0.24131 0.014281 0.033741 0.00087794 0 0
-0 -0 -0.25068 0 0 0 0 0 0 0 0 0 0 0.041564 -0.011166 -0.24696 -0.022501 -0.029905 -0.0024348 0 0
-0 -0 -0.073317 0 0 0 0 0 0 0 0 0 0 0.012156 -0.0032658 -0.072228 -0.0058086 -0.0093189 -0.00055625 0 0
-0 -0 -0.10189 0 0 0 0 0 0 0 0 0 0 0.016894 -0.0045387 -0.10038 -0.0082516 -0.012831 -0.00080861 0 0
0 0 0.0087401 0 0 0 0 0 0 0 0 0 0 -0.0014492 0.00038932 0.0086104 0.00064724 0.0011387 5.7448e-05 0 0
-0 -0 -0.10678 0 0 0 0 0 0 0 0 0 0 0.017705 -0.0047567 -0.1052 -0.0086799 -0.013426 -0.00085381 0 0
-0 -0 -0.28479 0 0 0 0 0 0 0 0 0 0 0.04722 -0.012686 -0.28056 -0.026108 -0.033507 -0.0028791 0 0
0 0 0.02064 0 0 0 0 0 0 0 0 0 0 -0.0034222 0.0009194 0.020334 0.0015127 0.002698 0.0001326 0 0
-0 -0 -0.29018 0 0 0 0 0 0 0 0 0 0 0.048113 -0.012926 -0.28587 -0.026688 -0.034064 -0.0029515 0 0
0 0 0.14516 0 0 0 0 0 0 0 0 0 0 -0.024068 0.0064659 0.143 0.0094492 0.019582 0.00070492 0 0
0 0 0.16087 0 0 0 0 0 0 0 0 0 0 -0.026673 0.0071658 0.15848 0.010302 0.021779 0.00074912 0 0
0 0 0.26743 0 0 0 0 0 0 0 0 0 0 -0.044342 0.011913 0.26346 0.015176 0.036994 0.00088157 0 0
-0 -0 -0.047521 0 0 0 0 0 0 0 0 0 0 0.0078793 -0.0021168 -0.046816 -0.0036886 -0.0060891 -0.00034548 0 0
-0 -0 -0.22489 0 0 0 0 0 0 0 0 0 0 0.037288 -0.010018 -0.22155 -0.019855 -0.027101 -0.0021163 0 0
0 0 0.1099 0 0 0 0 0 0 0 0 0 0 -0.018221 0.0048952 0.10826 0.0074126 0.014703 0.00058278 0 0
0 0 0.30562 0 0 0 0 0 0 0 0 0 0 -0.050673 0.013614 0.30108 0.016531 0.042559 0.00085791 0 0
-0 -0 -0.0059706 0 0 0 0 0 0 0 0 0 0 0.00098995 -0.00026596 -0.0058819 -0.00044775 -0.00077457 -4.0336e-05 0 0
0 0 0.16351 0 0 0 0 0 0 0 0 0 0 -0.027112 0.0072836 0.16109 0.010442 0.02215 0.00075594 0 0
-0 -0 -0.099576 0 0 0 0 0 0 0 0 0 0 0.01651 -0.0044355 -0.098097 -0.00805 -0.012549 -0.00078743 0 0
-0 -0 -0.01573 0 0 0 0 0 0 0 0 0 0 0.0026081 -0.00070068 -0.015496 -0.0011894 -0.0020349 -0.00010817 0 0
0 0 0.14307 0 0 0 0 0 0 0 0 0 0 -0.023722 0.006373 0.14095 0.0093335 0.019292 0.00069858 0 0
-0 -0 -0.084212 0 0 0 0 0 0 0 0 0 0 0.013963 -0.0037512 -0.082962 -0.0067285 -0.010666 -0.00065015 0 0
0 0 0.06362 0 0 0 0 0 0 0 0 0 0 -0.010549 0.0028339 0.062676 0.0044853 0.0084132 0.00037449 0 0
-0 -0 -0.21084 0 0 0 0 0 0 0 0 0 0 0.034959 -0.0093919 -0.20771 -0.018444 -0.025545 -0.0019491 0 0
0 0 0.22731 0 0 0 0 0 0 0 0 0 0 -0.037689 0.010125 0.22393 0.013529 0.031206 0.00086599 0 0
0 0 0.28255 0 0 0 0 0 0 0 0 0 0 -0.046848 0.012586 0.27835 0.015738 0.039191 0.00087669 0 0
-0 -0 -0.31819 0 0 0 0 0 0 0 0 0 0 0.052758 -0.014174 -0.31347 -0.029754 -0.036911 -0.0033388 0 0
-0 -0 -0.019327 0 0 0 0 0 0 0 0 0 0 0.0032045 -0.0008609 -0.01904 -0.0014658 -0.0024975 -0.00013377 0 0
-0 -0 -0.20033 0 0 0 0 0 0 0 0 0 0 0.033215 -0.0089234 -0.19735 -0.017401 -0.024367 -0.001827 0 0
0 0 0.063758 0 0 0 0 0 0 0 0 0 0 -0.010571 0.0028401 0.062811 0.0044944 0.0084317 0.00037519 0 0
-0 -0 -0.34438 0 0 0 0 0 0 0 0 0 0 0.0571 -0.01534 -0.33926 -0.032689 -0.039493 -0.003716 0 0
0 0 0.27142 0 0 0 0 0 0 0 0 0 0 -0.045003 0.01209 0.26739 0.015328 0.037572 0.00088086 0 0
0 0 0.22235 0 0 0 0 0 0 0 0 0 0 -0.036868 0.0099046 0.21905 0.01331 0.030495 0.00086119 0 0
-0 -0 -0.15208 0 0 0 0 0 0 0 0 0 0 0.025216 -0.0067745 -0.14982 -0.012778 -0.018827 -0.0012993 0 0
-0 -0 -0.022146 0 0 0 0 0 0 0 0 0 0 0.003672 -0.0009865 -0.021818 -0.0016836 -0.0028595 -0.00015406 0 0
0 0 0.15862 0 0 0 0 0 0 0 0 0 0 -0.0263 0.0070655 0.15626 0.010182 0.021463 0.00074318 0 0
0 0 0.17825 0 0 0 0 0 0 0 0 0 0 -0.029555 0.0079401 0.1756 0.011206 0.024224 0.00079065 0 0
0 0 0.023311 0 0 0 0 0 0 0 0 0 0 -0.0038651 0.0010384 0.022965 0.0017044 0.0030493 0.00014898 0 0
0 0 0.083094 0 0 0 0 0 0 0 0 0 0 -0.013777 0.0037014 0.08186 0.005752 0.011043 0.00046875 0 0
0 0 0.15231 0 0 0 0 0 0 0 0 0 0 -0.025253 0.0067844 0.15005 0.0098415 0.02058 0.00072582 0 0
0 0 0.16827 0 0 0 0 0 0 0 0 0 0 -0.027899 0.0074953 0.16577 0.010692 0.022818 0.00076774 0 0
-0 -0 -0.34488 0 0 0 0 0 0 0 0 0 0 0.057182 -0.015362 -0.33976 -0.032746 -0.039542 -0.0037234 0 0
-0 -0 -0.11951 0 0 0 0 0 0 0 0 0 0 0.019816 -0.0053235 -0.11774 -0.0098068 -0.014962 -0.00097403 0 0
-0 -0 -0.12874 0 0 0 0 0 0 0 0 0 0 0.021346 -0.0057348 -0.12683 -0.010636 -0.016067 -0.0010637 0 0
0 0 0.18348 0 0 0 0 0 0 0 0 0 0 -0.030421 0.0081728 0.18075 0.011469 0.024962 0.00080161 0 0
0 0 0.27918 0 0 0 0 0 0 0 0 0 0 -0.04629 0.012436 0.27504 0.015616 0.038701 0.00087829 0 0
0 0 0.14871 0 0 0 0 0 0 0 0 0 0 -0.024656 0.006624 0.1465 0.0096448 0.020077 0.00071546 0 0
0 0 0.29531 0 0 0 0 0 0 0 0 0 0 -0.048964 0.013154 0.29092 0.016186 0.041051 0.000868 0 0
-0 -0 -0.25675 0 0 0 0 0 0 0 0 0 0 0.04257 -0.011437 -0.25294 -0.023134 -0.030555 -0.002512 0 0
0 0 0.16617 0 0 0 0 0 0 0 0 0 0 -0.027551 0.0074018 0.1637 0.010582 0.022523 0.0007626 0 0
0 0 0.19249 0 0 0 0 0 0 0 0 0 0 -0.031915 0.0085742 0.18963 0.011914 0.026238 0.00081888 0 0
-0 -0 -0.28045 0 0 0 0 0 0 0 0 0 0 0.0465 -0.012492 -0.27628 -0.025642 -0.033055 -0.0028211 0 0
0 0 0.3315 0 0 0 0 0 0 0 0 0 0 -0.054964 0.014766 0.32657 0.017329 0.046357 0.00082054 0 0
-0 -0 -0.30064 0 0 0 0 0 0 0 0 0 0 0.049848 -0.013392 -0.29618 -0.027824 -0.035137 -0.0030942 0 0
-0 -0 -0.17883 0 0 0 0 0 0 0 0 0 0 0.029651 -0.0079659 -0.17618 -0.015309 -0.021926 -0.0015852 0 0
-0 -0 -0.017103 0 0 0 0 0 0 0 0 0 0 0.0028357 -0.00076183 -0.016849 -0.0012947 -0.0022116 -0.00011791 0 0
-0 -0 -0.32856 0 0 0 0 0 0 0 0 0 0 0.054477 -0.014636 -0.32368 -0.030909 -0.037943 -0.0034865 0 0
0 0 0.27477 0 0 0 0 0 0 0 0 0 0 -0.045559 0.01224 0.27069 0.015453 0.038059 0.00087994 0 0
-0 -0 -0.033799 0 0 0 0 0 0 0 0 0 0 0.005604 -0.0015055 -0.033297 -0.0025943 -0.0043489 -0.00023999 0 0
-0 -0 -0.31074 0 0 0 0 0 0 0 0 0 0 0.051522 -0.013842 -0.30612 -0.028931 -0.036162 -0.0032341 0 0
0 0 0.30711 0 0 0 0 0 0 0 0 0 0 -0.05092 0.01368 0.30255 0.016579 0.042777 0.00085623 0 0
-0 -0 -0.09508 0 0 0 0 0 0 0 0 0 0 0.015765 -0.0042353 -0.093669 -0.0076604 -0.012001 -0.00074667 0 0
-0 -0 -0.14198 0 0 0 0 0 0 0 0 0 0 0.023541 -0.0063245 -0.13987 -0.011843 -0.017638 -0.0011957 0 0
0 0 0.11346 0 0 0 0 0 0 0 0 0 0 -0.018812 0.0050539 0.11177 0.0076259 0.015192 0.00059655 0 0
-0 -0 -0.033722 0 0 0 0 0 0 0 0 0 0 0.0055913 -0.0015021 -0.033221 -0.0025882 -0.0043391 -0.00023942 0 0
0 0 0.2381 0 0 0 0 0 0 0 0 0 0 -0.039478 0.010606 0.23456 0.013994 0.032756 0.00087425 0 0
-0 -0 -0.1285 0 0 0 0 0 0 0 0 0 0 0.021307 -0.0057241 -0.1266 -0.010615 -0.016039 -0.0010613 0 0
-0 -0 -0.15429 0 0 0 0 0 0 0 0 0 0 0.025582 -0.0068728 -0.152 -0.012984 -0.019085 -0.0013223 0 0
-0 -0 -0.19112 0 0 0 0 0 0 0 0 0 0 0.031689 -0.0085132 -0.18828 -0.016499 -0.023327 -0.0017221 0 0
0 0 0.1647 0 0 0 0 0 0 0 0 0 0 -0.027308 0.0073364 0.16225 0.010505 0.022316 0.00075893 0 0
0 0 0.044927 0 0 0 0 0 0 0 0 0 0 -0.0074491 0.0020012 0.04426 0.0032221 0.0059118 0.00027499 0 0
-0 -0 -0.0036793 0 0 0 0 0 0 0 0 0 0 0.00061005 -0.00016389 -0.0036247 -0.00027539 -0.00047764 -2.4752e-05 0 0
0 0 0.13184 0 0 0 0 0 0 0 0 0 0 -0.021861 0.0058729 0.12989 0.0087003 0.017732 0.00066254 0 0
0 0 0.22193 0 0 0 0 0 0 0 0 0 0 -0.036797 0.0098857 0.21863 0.013291 0.030435 0.00086075 0 0
-0 -0 -0.081234 0 0 0 0 0 0 0 0 0 0 0.013469 -0.0036185 -0.080027 -0.0064756 -0.010299 -0.00062419 0 0
-0 -0 -0.19708 0 0 0 0 0 0 0 0 0 0 0.032677 -0.0087788 -0.19415 -0.017082 -0.024002 -0.0017898 0 0
-0 -0 -0.070682 0 0 0 0 0 0 0 0 0 0 0.01172 -0.0031485 -0.069633 -0.0055883 -0.0089915 -0.00053398 0 0
