-0 -0 -0 0.13724 0 0 0 0 0 0 -0 0.13308 -0.02371 0.02371 0 0
0 0 0 0.090374 0 0 0 0 0 0 -0 0.087635 -0.015613 0.015613 0 0
0 0 0 0.031774 0 0 0 0 0 0 -0 0.030811 -0.0054894 0.0054894 0 0
-0 -0 -0 0.014835 0 0 0 0 0 0 -0 0.014385 -0.0025629 0.0025629 0 0
0 0 0 0.014757 0 0 0 0 0 0 -0 0.01431 -0.0025495 0.0025495 0 0
0 0 0 0.07637 0 0 0 0 0 0 -0 0.074055 -0.013194 0.013194 0 0
0 0 0 0.054229 0 0 0 0 0 0 -0 0.052585 -0.0093689 0.0093689 0 0
0 0 0 0.063617 0 0 0 0 0 0 -0 0.061689 -0.010991 0.010991 0 0
0 0 0 0.073383 0 0 0 0 0 0 -0 0.071159 -0.012678 0.012678 0 0
0 0 0 0.19176 0 0 0 0 0 0 -0 0.18594 -0.033129 0.033129 0 0
-0 -0 -0 0.032878 0 0 0 0 0 0 -0 0.031881 -0.0056802 0.0056802 0 0
-0 -0 -0 0.067342 0 0 0 0 0 0 -0 0.065301 -0.011634 0.011634 0 0
-0 -0 -0 0.069392 0 0 0 0 0 0 -0 0.067289 -0.011989 0.011989 0 0
0 0 0 0.048916 0 0 0 0 0 0 -0 0.047433 -0.008451 0.008451 0 0
0 0 0 0.12064 0 0 0 0 0 0 -0 0.11698 -0.020842 0.020842 0 0
-0 -0 -0 0.092993 0 0 0 0 0 0 -0 0.090174 -0.016066 0.016066 0 0
-0 -0 -0 0.13969 0 0 0 0 0 0 -0 0.13546 -0.024135 0.024135 0 0
0 0 0 0.16135 0 0 0 0 0 0 -0 0.15646 -0.027875 0.027875 0 0
-0 -0 -0 0.065254 0 0 0 0 0 0 -0 0.063277 -0.011274 0.011274 0 0
0 0 0 0.11878 0 0 0 0 0 0 -0 0.11518 -0.020522 0.020522 0 0
-0 -0 -0 0.13762 0 0 0 0 0 0 -0 0.13345 -0.023777 0.023777 0 0
-0 -0 -0 0.029846 0 0 0 0 0 0 -0 0.028941 -0.0051563 0.0051563 0 0
0 0 0 0.076973 0 0 0 0 0 0 -0 0.07464 -0.013298 0.013298 0 0
-0 -0 -0 0.11974 0 0 0 0 0 0 -0 0.11611 -0.020687 0.020687 0 0
0 0 0 0.06431 0 0 0 0 0 0 -0 0.062361 -0.011111 0.011111 0 0
0 0 0 0.091162 0 0 0 0 0 0 -0 0.088399 -0.01575 0.01575 0 0
-0 -0 -0 0.0090268 0 0 0 0 0 0 -0 0.0087532 -0.0015595 0.0015595 0 0
-0 -0 -0 0.074843 0 0 0 0 0 0 -0 0.072575 -0.01293 0.01293 0 0
-0 -0 -0 0.17795 0 0 0 0 0 0 -0 0.17256 -0.030744 0.030744 0 0
0 0 0 0.033245 0 0 0 0 0 0 -0 0.032238 -0.0057437 0.0057437 0 0
0 0 0 0.006256 0 0 0 0 0 0 -0 0.0060664 -0.0010808 0.0010808 0 0
-0 -0 -0 0.10345 0 0 0 0 0 0 -0 0.10031 -0.017872 0.017872 0 0
-0 -0 -0 0.18043 0 0 0 0 0 0 -0 0.17496 -0.031172 0.031172 0 0
0 0 0 0.030432 0 0 0 0 0 0 -0 0.02951 -0.0052577 0.0052577 0 0
0 0 0 0.0021482 0 0 0 0 0 0 -0 0.0020831 -0.00037114 0.00037114 0 0
-0 -0 -0 0.017351 0 0 0 0 0 0 -0 0.016825 -0.0029976 0.0029976 0 0
0 0 0 0.13168 0 0 0 0 0 0 -0 0.12769 -0.022751 0.022751 0 0
0 0 0 0.071166 0 0 0 0 0 0 -0 0.069009 -0.012295 0.012295 0 0
0 0 0 0.064951 0 0 0 0 0 0 -0 0.062983 -0.011221 0.011221 0 0
-0 -0 -0 0.17046 0 0 0 0 0 0 -0 0.1653 -0.029451 0.029451 0 0
0 0 0 0.011524 0 0 0 0 0 0 -0 0.011175 -0.0019909 0.0019909 0 0
0 0 0 0.15842 0 0 0 0 0 0 -0 0.15361 -0.027369 0.027369 0 0
0 0 0 0.017743 0 0 0 0 0 0 -0 0.017205 -0.0030653 0.0030653 0 0
0 0 0 0.052883 0 0 0 0 0 0 -0 0.05128 -0.0091364 0.0091364 0 0
0 0 0 0.068546 0 0 0 0 0 0 -0 0.066469 -0.011842 0.011842 0 0
0 0 0 0.034467 0 0 0 0 0 0 -0 0.033422 -0.0059546 0.0059546 0 0
0 0 0 0.1233 0 0 0 0 0 0 -0 0.11957 -0.021303 0.021303 0 0
0 0 0 0.19617 0 0 0 0 0 0 -0 0.19022 -0.033891 0.033891 0 0
-0 -0 -0 0.0092119 0 0 0 0 0 0 -0 0.0089327 -0.0015915 0.0015915 0 0
-0 -0 -0 0.092008 0 0 0 0 0 0 -0 0.089219 -0.015896 0.015896 0 0
0 0 0 0.094581 0 0 0 0 0 0 -0 0.091715 -0.01634 0.01634 0 0
-0 -0 -0 0.049996 0 0 0 0 0 0 -0 0.048481 -0.0086376 0.0086376 0 0
-0 -0 -0 0.01272 0 0 0 0 0 0 -0 0.012335 -0.0021976 0.0021976 0 0
-0 -0 -0 0.026376 0 0 0 0 0 0 -0 0.025577 -0.0045569 0.0045569 0 0
0 0 0 0.069042 0 0 0 0 0 0 -0 0.066949 -0.011928 0.011928 0 0
0 0 0 0.013783 0 0 0 0 0 0 -0 0.013365 -0.0023812 0.0023812 0 0
0 0 0 0.12265 0 0 0 0 0 0 -0 0.11893 -0.02119 0.02119 0 0
0 0 0 0.15033 0 0 0 0 0 0 -0 0.14577 -0.025972 0.025972 0 0
-0 -0 -0 0.12549 0 0 0 0 0 0 -0 0.12169 -0.021681 0.021681 0 0
-0 -0 -0 0.167 0 0 0 0 0 0 -0 0.16194 -0.028852 0.028852 0 0
0 0 0 0.10771 0 0 0 0 0 0 -0 0.10445 -0.018609 0.018609 0 0
0 0 0 0.1399 0 0 0 0 0 0 -0 0.13566 -0.024171 0.024171 0 0
0 0 0 0.15986 0 0 0 0 0 0 -0 0.15501 -0.027618 0.027618 0 0
-0 -0 -0 0.080467 0 0 0 0 0 0 -0 0.078028 -0.013902 0.013902 0 0
-0 -0 -0 0.022001 0 0 0 0 0 0 -0 0.021334 -0.0038011 0.0038011 0 0
0 0 0 0.018198 0 0 0 0 0 0 -0 0.017646 -0.003144 0.003144 0 0
-0 -0 -0 0.18083 0 0 0 0 0 0 -0 0.17535 -0.031242 0.031242 0 0
-0 -0 -0 0.19967 0 0 0 0 0 0 -0 0.19362 -0.034497 0.034497 0 0
-0 -0 -0 0.11003 0 0 0 0 0 0 -0 0.10669 -0.019009 0.019009 0 0
0 0 0 0.16846 0 0 0 0 0 0 -0 0.16336 -0.029105 0.029105 0 0
0 0 0 0.13492 0 0 0 0 0 0 -0 0.13083 -0.02331 0.02331 0 0
-0 -0 -0 0.024939 0 0 0 0 0 0 -0 0.024183 -0.0043086 0.0043086 0 0
-0 -0 -0 0.1037 0 0 0 0 0 0 -0 0.10056 -0.017916 0.017916 0 0
0 0 0 0.19512 0 0 0 0 0 0 -0 0.18921 -0.033711 0.033711 0 0
0 0 0 0.02651 0 0 0 0 0 0 -0 0.025706 -0.00458 0.00458 0 0
-0 -0 -0 0.049244 0 0 0 0 0 0 -0 0.047751 -0.0085077 0.0085077 0 0
-0 -0 -0 0.015992 0 0 0 0 0 0 -0 0.015507 -0.0027629 0.0027629 0 0
-0 -0 -0 0.18717 0 0 0 0 0 0 -0 0.1815 -0.032337 0.032337 0 0
0 0 0 0.027008 0 0 0 0 0 0 -0 0.02619 -0.0046661 0.0046661 0 0
0 0 0 0.15563 0 0 0 0 0 0 -0 0.15092 -0.026888 0.026888 0 0
0 0 0 0.042027 0 0 0 0 0 0 -0 0.040753 -0.0072608 0.0072608 0 0
-0 -0 -0 0.17294 0 0 0 0 0 0 -0 0.1677 -0.029878 0.029878 0 0
-0 -0 -0 0.13558 0 0 0 0 0 0 -0 0.13147 -0.023423 0.023423 0 0
0 0 0 0.024292 0 0 0 0 0 0 -0 0.023556 -0.0041968 0.0041968 0 0
0 0 0 0.071994 0 0 0 0 0 0 -0 0.069812 -0.012438 0.012438 0 0
0 0 0 0.11343 0 0 0 0 0 0 -0 0.10999 -0.019597 0.019597 0 0
0 0 0 0.15993 0 0 0 0 0 0 -0 0.15508 -0.02763 0.02763 0 0
-0 -0 -0 0.16625 0 0 0 0 0 0 -0 0.16122 -0.028723 0.028723 0 0
0 0 0 0.054378 0 0 0 0 0 0 -0 0.05273 -0.0093946 0.0093946 0 0
0 0 0 0.17594 0 0 0 0 0 0 -0 0.17061 -0.030396 0.030396 0 0
0 0 0 0.011384 0 0 0 0 0 0 -0 0.011039 -0.0019668 0.0019668 0 0
-0 -0 -0 0.10019 0 0 0 0 0 0 -0 0.097149 -0.017309 0.017309 0 0
-0 -0 -0 0.14499 0 0 0 0 0 0 -0 0.14059 -0.025049 0.025049 0 0
0 0 0 0.065288 0 0 0 0 0 0 -0 0.06331 -0.01128 0.01128 0 0
0 0 0 0.012802 0 0 0 0 0 0 -0 0.012414 -0.0022118 0.0022118 0 0
-0 -0 -0 0.071453 0 0 0 0 0 0 -0 0.069287 -0.012345 0.012345 0 0
0 0 0 0.069002 0 0 0 0 0 0 -0 0.066911 -0.011921 0.011921 0 0
0 0 0 0.089882 0 0 0 0 0 0 -0 0.087158 -0.015529 0.015529 0 0
-0 -0 -0 0.046545 0 0 0 0 0 0 -0 0.045134 -0.0080413 0.0080413 0 0
-0 -0 -0 0.019202 0 0 0 0 0 0 -0 0.01862 -0.0033175 0.0033175 0 0
