-0 -0 -0.27075 0 0 0 0 0 0 0 0 0 0 0.044891 -0.01206 -0.26673 0.015037 -0.046048 0.004613 0 0
-0 -0 -0.19625 0 0 0 0 0 0 0 0 0 0 0.03254 -0.0087419 -0.19334 0.01214 -0.032983 0.0035346 0 0
0 0 0.17758 0 0 0 0 0 0 0 0 0 0 -0.029444 0.0079102 0.17494 -0.016288 0.027223 -0.0039723 0 0
0 0 0.07906 0 0 0 0 0 0 0 0 0 0 -0.013109 0.0035217 0.077886 -0.0066582 0.012485 -0.0016851 0 0
0 0 0.1501 0 0 0 0 0 0 0 0 0 0 -0.024887 0.006686 0.14787 -0.013458 0.023211 -0.0033145 0 0
0 0 0.10435 0 0 0 0 0 0 0 0 0 0 -0.017303 0.0046484 0.1028 -0.0089925 0.01636 -0.0022532 0 0
0 0 0.28293 0 0 0 0 0 0 0 0 0 0 -0.046912 0.012603 0.27873 -0.028124 0.041827 -0.0066246 0 0
-0 -0 -0.18628 0 0 0 0 0 0 0 0 0 0 0.030887 -0.0082979 -0.18352 0.01168 -0.031253 0.0033789 0 0
-0 -0 -0.31101 0 0 0 0 0 0 0 0 0 0 0.051567 -0.013854 -0.30639 0.016201 -0.053194 0.0051318 0 0
0 0 0.21653 0 0 0 0 0 0 0 0 0 0 -0.035901 0.0096451 0.21331 -0.020485 0.03277 -0.0049294 0 0
-0 -0 -0.26152 0 0 0 0 0 0 0 0 0 0 0.043362 -0.011649 -0.25764 0.014731 -0.044418 0.0044877 0 0
0 0 0.20028 0 0 0 0 0 0 0 0 0 0 -0.033207 0.0089213 0.19731 -0.018708 0.030476 -0.0045267 0 0
0 0 0.1394 0 0 0 0 0 0 0 0 0 0 -0.023114 0.0062096 0.13733 -0.012386 0.021628 -0.0030626 0 0
0 0 0.10059 0 0 0 0 0 0 0 0 0 0 -0.016678 0.0044807 0.099095 -0.0086389 0.015787 -0.0021678 0 0
0 0 0.027218 0 0 0 0 0 0 0 0 0 0 -0.0045129 0.0012124 0.026814 -0.0021815 0.0043586 -0.00056424 0 0
-0 -0 -0.16396 0 0 0 0 0 0 0 0 0 0 0.027185 -0.0073033 -0.16152 0.010587 -0.027395 0.0030205 0 0
-0 -0 -0.32414 0 0 0 0 0 0 0 0 0 0 0.053744 -0.014439 -0.31933 0.016518 -0.055534 0.0052911 0 0
0 0 0.035721 0 0 0 0 0 0 0 0 0 0 -0.0059227 0.0015912 0.035191 -0.0028871 0.0057076 -0.00074398 0 0
0 0 0.31233 0 0 0 0 0 0 0 0 0 0 -0.051785 0.013912 0.30769 -0.031692 0.045667 -0.0073988 0 0
-0 -0 -0.081541 0 0 0 0 0 0 0 0 0 0 0.01352 -0.0036322 -0.080331 0.0058212 -0.0134 0.0015856 0 0
-0 -0 -0.30669 0 0 0 0 0 0 0 0 0 0 0.05085 -0.013661 -0.30213 0.016089 -0.052424 0.0050783 0 0
-0 -0 -0.22611 0 0 0 0 0 0 0 0 0 0 0.037491 -0.010072 -0.22276 0.013417 -0.038193 0.0039851 0 0
-0 -0 -0.19136 0 0 0 0 0 0 0 0 0 0 0.031728 -0.0085239 -0.18852 0.011916 -0.032132 0.0034584 0 0
0 0 0.32593 0 0 0 0 0 0 0 0 0 0 -0.05404 0.014518 0.32109 -0.033381 0.047407 -0.0077617 0 0
-0 -0 -0.24801 0 0 0 0 0 0 0 0 0 0 0.041122 -0.011048 -0.24433 0.014255 -0.042037 0.0043 0 0
0 0 0.022996 0 0 0 0 0 0 0 0 0 0 -0.0038129 0.0010244 0.022655 -0.0018355 0.0036866 -0.00047561 0 0
-0 -0 -0.14674 0 0 0 0 0 0 0 0 0 0 0.024331 -0.0065366 -0.14457 0.0096859 -0.02444 0.0027352 0 0
-0 -0 -0.12287 0 0 0 0 0 0 0 0 0 0 0.020373 -0.0054733 -0.12105 0.0083538 -0.020368 0.0023269 0 0
-0 -0 -0.15758 0 0 0 0 0 0 0 0 0 0 0.026128 -0.0070193 -0.15524 0.010259 -0.026299 0.0029157 0 0
0 0 0.11487 0 0 0 0 0 0 0 0 0 0 -0.019046 0.0051167 0.11316 -0.0099912 0.017953 -0.0024933 0 0
0 0 0.23911 0 0 0 0 0 0 0 0 0 0 -0.039646 0.010651 0.23556 -0.023015 0.035908 -0.0054972 0 0
-0 -0 -0.30377 0 0 0 0 0 0 0 0 0 0 0.050367 -0.013531 -0.29926 0.016012 -0.051906 0.0050419 0 0
-0 -0 -0.24621 0 0 0 0 0 0 0 0 0 0 0.040822 -0.010967 -0.24255 0.014189 -0.041719 0.0042745 0 0
0 0 0.028056 0 0 0 0 0 0 0 0 0 0 -0.0046518 0.0012497 0.027639 -0.0022506 0.0044918 -0.00058188 0 0
-0 -0 -0.15462 0 0 0 0 0 0 0 0 0 0 0.025636 -0.0068873 -0.15232 0.010104 -0.02579 0.0028667 0 0
0 0 0.21207 0 0 0 0 0 0 0 0 0 0 -0.035163 0.0094467 0.20893 -0.019994 0.032144 -0.0048186 0 0
-0 -0 -0.31236 0 0 0 0 0 0 0 0 0 0 0.051791 -0.013914 -0.30772 0.016235 -0.053434 0.0051484 0 0
0 0 0.29991 0 0 0 0 0 0 0 0 0 0 -0.049727 0.013359 0.29546 -0.030171 0.044058 -0.0070701 0 0
0 0 0.10774 0 0 0 0 0 0 0 0 0 0 -0.017865 0.0047994 0.10615 -0.0093128 0.016875 -0.0023304 0 0
0 0 0.056165 0 0 0 0 0 0 0 0 0 0 -0.0093125 0.0025018 0.055331 -0.0046297 0.0089253 -0.0011828 0 0
0 0 0.25396 0 0 0 0 0 0 0 0 0 0 -0.042108 0.011313 0.25019 -0.024718 0.03794 -0.0058756 0 0
0 0 0.14685 0 0 0 0 0 0 0 0 0 0 -0.024349 0.0065415 0.14467 -0.013131 0.022732 -0.0032378 0 0
-0 -0 -0.10437 0 0 0 0 0 0 0 0 0 0 0.017306 -0.0046492 -0.10282 0.0072554 -0.017236 0.0020005 0 0
0 0 0.063752 0 0 0 0 0 0 0 0 0 0 -0.01057 0.0028398 0.062805 -0.0052929 0.01011 -0.001348 0 0
0 0 0.18677 0 0 0 0 0 0 0 0 0 0 -0.030967 0.0083194 0.18399 -0.017259 0.028546 -0.0041955 0 0
0 0 0.12795 0 0 0 0 0 0 0 0 0 0 -0.021214 0.0056993 0.12605 -0.011257 0.01992 -0.0027953 0 0
0 0 0.24458 0 0 0 0 0 0 0 0 0 0 -0.040553 0.010895 0.24095 -0.023639 0.036659 -0.0056362 0 0
-0 -0 -0.033594 0 0 0 0 0 0 0 0 0 0 0.0055701 -0.0014964 -0.033095 0.0025292 -0.0054612 0.00067261 0 0
-0 -0 -0.11323 0 0 0 0 0 0 0 0 0 0 0.018775 -0.0050439 -0.11155 0.0077886 -0.018734 0.0021579 0 0
-0 -0 -0.29428 0 0 0 0 0 0 0 0 0 0 0.048793 -0.013108 -0.28991 0.015752 -0.050218 0.0049217 0 0
-0 -0 -0.070488 0 0 0 0 0 0 0 0 0 0 0.011687 -0.0031398 -0.069441 0.0050958 -0.011556 0.0013802 0 0
0 0 0.222 0 0 0 0 0 0 0 0 0 0 -0.036809 0.0098889 0.2187 -0.021092 0.033536 -0.0050662 0 0
-0 -0 -0.29246 0 0 0 0 0 0 0 0 0 0 0.048491 -0.013027 -0.28812 0.0157 -0.049896 0.0048985 0 0
-0 -0 -0.14031 0 0 0 0 0 0 0 0 0 0 0.023263 -0.0062498 -0.13822 0.009336 -0.023338 0.0026266 0 0
0 0 0.035491 0 0 0 0 0 0 0 0 0 0 -0.0058846 0.0015809 0.034964 -0.0028678 0.0056711 -0.00073909 0 0
0 0 0.082081 0 0 0 0 0 0 0 0 0 0 -0.01361 0.0036563 0.080862 -0.0069319 0.012951 -0.0017522 0 0
-0 -0 -0.071697 0 0 0 0 0 0 0 0 0 0 0.011888 -0.0031937 -0.070632 0.0051761 -0.011757 0.0014028 0 0
-0 -0 -0.091096 0 0 0 0 0 0 0 0 0 0 0.015104 -0.0040578 -0.089744 0.006432 -0.015002 0.0017608 0 0
0 0 0.087094 0 0 0 0 0 0 0 0 0 0 -0.014441 0.0038796 0.085801 -0.0073891 0.013722 -0.0018641 0 0
-0 -0 -0.28327 0 0 0 0 0 0 0 0 0 0 0.046967 -0.012618 -0.27906 0.01543 -0.048265 0.0047792 0 0
0 0 0.31204 0 0 0 0 0 0 0 0 0 0 -0.051738 0.0139 0.3074 -0.031657 0.04563 -0.0073911 0 0
0 0 0.23194 0 0 0 0 0 0 0 0 0 0 -0.038457 0.010332 0.22849 -0.022204 0.034918 -0.0053159 0 0
-0 -0 -0.1464 0 0 0 0 0 0 0 0 0 0 0.024274 -0.0065212 -0.14422 0.0096672 -0.02438 0.0027294 0 0
0 0 0.16568 0 0 0 0 0 0 0 0 0 0 -0.027471 0.0073801 0.16322 -0.015049 0.025495 -0.0036857 0 0
-0 -0 -0.23784 0 0 0 0 0 0 0 0 0 0 0.039435 -0.010594 -0.23431 0.013876 -0.040249 0.0041553 0 0
-0 -0 -0.29424 0 0 0 0 0 0 0 0 0 0 0.048787 -0.013107 -0.28987 0.015751 -0.050212 0.0049213 0 0
0 0 0.22375 0 0 0 0 0 0 0 0 0 0 -0.037099 0.0099668 0.22043 -0.021287 0.03378 -0.00511 0 0
0 0 0.27957 0 0 0 0 0 0 0 0 0 0 -0.046354 0.012453 0.27542 -0.027722 0.041381 -0.0065369 0 0
-0 -0 -0.28079 0 0 0 0 0 0 0 0 0 0 0.046556 -0.012507 -0.27662 0.015354 -0.047825 0.0047466 0 0
0 0 0.11809 0 0 0 0 0 0 0 0 0 0 -0.01958 0.0052603 0.11634 -0.010301 0.018439 -0.0025674 0 0
0 0 0.15032 0 0 0 0 0 0 0 0 0 0 -0.024924 0.0066958 0.14809 -0.01348 0.023243 -0.0033197 0 0
-0 -0 -0.074611 0 0 0 0 0 0 0 0 0 0 0.012371 -0.0033235 -0.073503 0.0053687 -0.012243 0.0014572 0 0
0 0 0.034638 0 0 0 0 0 0 0 0 0 0 -0.0057432 0.0015429 0.034124 -0.0027966 0.0055362 -0.000721 0 0
-0 -0 -0.10839 0 0 0 0 0 0 0 0 0 0 0.017971 -0.004828 -0.10678 0.0074985 -0.017914 0.002072 0 0
0 0 0.16043 0 0 0 0 0 0 0 0 0 0 -0.026601 0.0071465 0.15805 -0.01451 0.024729 -0.0035602 0 0
0 0 0.13805 0 0 0 0 0 0 0 0 0 0 -0.02289 0.0061495 0.136 -0.012252 0.021427 -0.0030309 0 0
-0 -0 -0.21274 0 0 0 0 0 0 0 0 0 0 0.035273 -0.0094763 -0.20958 0.012864 -0.035854 0.0037863 0 0
0 0 0.012582 0 0 0 0 0 0 0 0 0 0 -0.0020861 0.00056044 0.012395 -0.00099381 0.0020224 -0.00025871 0 0
0 0 0.044797 0 0 0 0 0 0 0 0 0 0 -0.0074276 0.0019954 0.044132 -0.0036526 0.0071405 -0.00093762 0 0
0 0 0.19418 0 0 0 0 0 0 0 0 0 0 -0.032196 0.0086497 0.1913 -0.018051 0.029608 -0.0043768 0 0
0 0 0.24493 0 0 0 0 0 0 0 0 0 0 -0.04061 0.01091 0.24129 -0.023679 0.036707 -0.0056449 0 0
-0 -0 -0.32508 0 0 0 0 0 0 0 0 0 0 0.0539 -0.01448 -0.32025 0.01654 -0.055701 0.0053023 0 0
0 0 0.31933 0 0 0 0 0 0 0 0 0 0 -0.052947 0.014224 0.31459 -0.032559 0.046566 -0.0075854 0 0
-0 -0 -0.022858 0 0 0 0 0 0 0 0 0 0 0.00379 -0.0010182 -0.022519 0.0017407 -0.0037065 0.00046057 0 0
0 0 0.32783 0 0 0 0 0 0 0 0 0 0 -0.054356 0.014603 0.32296 -0.033619 0.047649 -0.0078127 0 0
-0 -0 -0.29724 0 0 0 0 0 0 0 0 0 0 0.049284 -0.01324 -0.29282 0.015835 -0.050744 0.0049595 0 0
0 0 0.24754 0 0 0 0 0 0 0 0 0 0 -0.041044 0.011027 0.24387 -0.023978 0.037065 -0.0057116 0 0
-0 -0 -0.33382 0 0 0 0 0 0 0 0 0 0 0.055349 -0.01487 -0.32886 0.016733 -0.057261 0.0054054 0 0
-0 -0 -0.32344 0 0 0 0 0 0 0 0 0 0 0.053629 -0.014408 -0.31864 0.016502 -0.05541 0.0052828 0 0
-0 -0 -0.20773 0 0 0 0 0 0 0 0 0 0 0.034442 -0.009253 -0.20464 0.012649 -0.03498 0.0037105 0 0
0 0 0.064791 0 0 0 0 0 0 0 0 0 0 -0.010743 0.0028861 0.063829 -0.0053845 0.010272 -0.0013707 0 0
0 0 0.24279 0 0 0 0 0 0 0 0 0 0 -0.040256 0.010815 0.23918 -0.023434 0.036413 -0.0055906 0 0
0 0 0.19218 0 0 0 0 0 0 0 0 0 0 -0.031864 0.0085605 0.18933 -0.017836 0.029322 -0.0043278 0 0
0 0 0.03456 0 0 0 0 0 0 0 0 0 0 -0.0057303 0.0015395 0.034047 -0.0027901 0.0055238 -0.00071935 0 0
0 0 0.0039658 0 0 0 0 0 0 0 0 0 0 -0.00065755 0.00017665 0.0039069 -0.00031053 0.00063884 -8.1149e-05 0 0
0 0 0.24545 0 0 0 0 0 0 0 0 0 0 -0.040697 0.010933 0.24181 -0.023739 0.036778 -0.0056583 0 0
0 0 0.2178 0 0 0 0 0 0 0 0 0 0 -0.036112 0.0097016 0.21456 -0.020625 0.032948 -0.0049611 0 0
-0 -0 -0.10044 0 0 0 0 0 0 0 0 0 0 0.016654 -0.0044741 -0.098949 0.0070146 -0.016573 0.0019299 0 0
-0 -0 -0.18319 0 0 0 0 0 0 0 0 0 0 0.030375 -0.0081603 -0.18047 0.011533 -0.030717 0.00333 0 0
0 0 0.29528 0 0 0 0 0 0 0 0 0 0 -0.04896 0.013153 0.2909 -0.02961 0.043454 -0.0069482 0 0
