-0 -0 -0.26103 0 0 0 0 0 0 0 0 0 0 0.045097 -0.0039556 -0.25707 -0.0077435 -0.024831 -0.00097633 0 0
-0 -0 -0.22606 0 0 0 0 0 0 0 0 0 0 0.039055 -0.0034256 -0.22263 -0.0063395 -0.021635 -0.00077921 0 0
0 0 0.015071 0 0 0 0 0 0 0 0 0 0 -0.0026037 0.00022838 0.014842 0.00024935 0.0014861 2.0875e-05 0 0
0 0 0.024168 0 0 0 0 0 0 0 0 0 0 -0.0041754 0.00036623 0.023802 0.00038918 0.002385 3.1574e-05 0 0
-0 -0 -0.050022 0 0 0 0 0 0 0 0 0 0 0.0086422 -0.00075802 -0.049264 -0.00098515 -0.0049028 -9.7382e-05 0 0
-0 -0 -0.17884 0 0 0 0 0 0 0 0 0 0 0.030897 -0.00271 -0.17613 -0.0046197 -0.017243 -0.0005451 0 0
0 0 0.21957 0 0 0 0 0 0 0 0 0 0 -0.037934 0.0033273 0.21624 0.0014349 0.021866 -8.4729e-05 0 0
-0 -0 -0.13256 0 0 0 0 0 0 0 0 0 0 0.022902 -0.0020088 -0.13055 -0.0031343 -0.012866 -0.00035187 0 0
0 0 0.095798 0 0 0 0 0 0 0 0 0 0 -0.016551 0.0014517 0.094346 0.0012079 0.0094994 6.5732e-05 0 0
-0 -0 -0.23483 0 0 0 0 0 0 0 0 0 0 0.040571 -0.0035586 -0.23127 -0.0066814 -0.022441 -0.00082678 0 0
-0 -0 -0.10629 0 0 0 0 0 0 0 0 0 0 0.018363 -0.0016107 -0.10468 -0.0023801 -0.010351 -0.00025826 0 0
0 0 0.30252 0 0 0 0 0 0 0 0 0 0 -0.052265 0.0045843 0.29793 0.00074369 0.030126 -0.00033308 0 0
0 0 0.10756 0 0 0 0 0 0 0 0 0 0 -0.018583 0.00163 0.10593 0.0012943 0.010673 6.2836e-05 0 0
-0 -0 -0.21626 0 0 0 0 0 0 0 0 0 0 0.037363 -0.0032772 -0.21299 -0.0059661 -0.020731 -0.00072762 0 0
0 0 0.092447 0 0 0 0 0 0 0 0 0 0 -0.015972 0.0014009 0.091046 0.0011808 0.0091654 6.6118e-05 0 0
-0 -0 -0.14925 0 0 0 0 0 0 0 0 0 0 0.025786 -0.0022617 -0.14699 -0.0036471 -0.014453 -0.00041741 0 0
-0 -0 -0.01055 0 0 0 0 0 0 0 0 0 0 0.0018227 -0.00015987 -0.01039 -0.00018766 -0.001038 -1.6948e-05 0 0
0 0 0.1991 0 0 0 0 0 0 0 0 0 0 -0.034398 0.0030171 0.19609 0.0015015 0.019821 -4.1584e-05 0 0
-0 -0 -0.056373 0 0 0 0 0 0 0 0 0 0 0.0097394 -0.00085426 -0.055519 -0.0011275 -0.0055215 -0.00011283 0 0
-0 -0 -0.23201 0 0 0 0 0 0 0 0 0 0 0.040084 -0.0035159 -0.2285 -0.0065708 -0.022182 -0.00081137 0 0
-0 -0 -0.032671 0 0 0 0 0 0 0 0 0 0 0.0056444 -0.00049509 -0.032176 -0.00061609 -0.0032078 -5.872e-05 0 0
-0 -0 -0.20287 0 0 0 0 0 0 0 0 0 0 0.035049 -0.0030743 -0.1998 -0.0054696 -0.019489 -0.00065963 0 0
-0 -0 -0.27241 0 0 0 0 0 0 0 0 0 0 0.047064 -0.0041281 -0.26828 -0.0082242 -0.025861 -0.0010448 0 0
0 0 0.17904 0 0 0 0 0 0 0 0 0 0 -0.030932 0.0027131 0.17632 0.0015267 0.017815 -6.2956e-06 0 0
-0 -0 -0.068458 0 0 0 0 0 0 0 0 0 0 0.011827 -0.0010374 -0.067421 -0.0014089 -0.0066963 -0.00014413 0 0
0 0 0.26011 0 0 0 0 0 0 0 0 0 0 -0.044938 0.0039416 0.25617 0.0011814 0.02591 -0.00019142 0 0
0 0 0.25886 0 0 0 0 0 0 0 0 0 0 -0.044723 0.0039227 0.25494 0.0011916 0.025786 -0.00018772 0 0
0 0 0.084083 0 0 0 0 0 0 0 0 0 0 -0.014527 0.0012742 0.082809 0.0011084 0.0083322 6.623e-05 0 0
0 0 0.28191 0 0 0 0 0 0 0 0 0 0 -0.048705 0.004272 0.27764 0.00097839 0.02808 -0.00026043 0 0
0 0 0.005142 0 0 0 0 0 0 0 0 0 0 -0.00088836 7.792e-05 0.0050641 8.7554e-05 0.00050663 7.5636e-06 0 0
-0 -0 -0.01071 0 0 0 0 0 0 0 0 0 0 0.0018503 -0.00016229 -0.010548 -0.00019059 -0.0010537 -1.722e-05 0 0
0 0 0.063931 0 0 0 0 0 0 0 0 0 0 -0.011045 0.00096879 0.062962 0.00090566 0.0063272 6.1519e-05 0 0
-0 -0 -0.046308 0 0 0 0 0 0 0 0 0 0 0.0080004 -0.00070174 -0.045606 -0.00090371 -0.0045405 -8.867e-05 0 0
-0 -0 -0.28768 0 0 0 0 0 0 0 0 0 0 0.049702 -0.0043595 -0.28332 -0.008887 -0.027233 -0.00114 0 0
0 0 0.04307 0 0 0 0 0 0 0 0 0 0 -0.007441 0.00065267 0.042417 0.00065394 0.0042564 4.9225e-05 0 0
0 0 0.015699 0 0 0 0 0 0 0 0 0 0 -0.0027123 0.0002379 0.015461 0.00025927 0.0015482 2.166e-05 0 0
-0 -0 -0.10136 0 0 0 0 0 0 0 0 0 0 0.017512 -0.001536 -0.099825 -0.0022459 -0.0098767 -0.00024201 0 0
-0 -0 -0.19086 0 0 0 0 0 0 0 0 0 0 0.032974 -0.0028922 -0.18797 -0.0050382 -0.018369 -0.00060118 0 0
-0 -0 -0.23987 0 0 0 0 0 0 0 0 0 0 0.041441 -0.0036349 -0.23623 -0.0068808 -0.022903 -0.00085466 0 0
0 0 0.11877 0 0 0 0 0 0 0 0 0 0 -0.02052 0.0017998 0.11697 0.001364 0.011791 5.7846e-05 0 0
0 0 0.14533 0 0 0 0 0 0 0 0 0 0 -0.025107 0.0022022 0.14312 0.0014797 0.014444 3.7332e-05 0 0
-0 -0 -0.22773 0 0 0 0 0 0 0 0 0 0 0.039344 -0.003451 -0.22428 -0.0064042 -0.021789 -0.00078819 0 0
0 0 0.26326 0 0 0 0 0 0 0 0 0 0 -0.045482 0.0039894 0.25927 0.001155 0.026224 -0.00020089 0 0
-0 -0 -0.019259 0 0 0 0 0 0 0 0 0 0 0.0033273 -0.00029184 -0.018967 -0.00035069 -0.0018934 -3.2386e-05 0 0
-0 -0 -0.33633 0 0 0 0 0 0 0 0 0 0 0.058106 -0.0050966 -0.33123 -0.011135 -0.031534 -0.0014681 0 0
0 0 0.034334 0 0 0 0 0 0 0 0 0 0 -0.0059317 0.00052028 0.033813 0.00053591 0.0033909 4.1836e-05 0 0
-0 -0 -0.20871 0 0 0 0 0 0 0 0 0 0 0.036058 -0.0031627 -0.20555 -0.005684 -0.020031 -0.00068891 0 0
-0 -0 -0.074915 0 0 0 0 0 0 0 0 0 0 0.012943 -0.0011352 -0.07378 -0.001565 -0.0073226 -0.00016188 0 0
0 0 0.33857 0 0 0 0 0 0 0 0 0 0 -0.058493 0.0051305 0.33343 0.00023342 0.033691 -0.00047745 0 0
-0 -0 -0.24502 0 0 0 0 0 0 0 0 0 0 0.04233 -0.0037129 -0.2413 -0.007087 -0.023374 -0.00088358 0 0
0 0 0.26897 0 0 0 0 0 0 0 0 0 0 -0.046468 0.0040759 0.26489 0.0011046 0.026792 -0.00021848 0 0
-0 -0 -0.32409 0 0 0 0 0 0 0 0 0 0 0.055991 -0.0049111 -0.31918 -0.01055 -0.030462 -0.0013819 0 0
-0 -0 -0.10528 0 0 0 0 0 0 0 0 0 0 0.018189 -0.0015954 -0.10368 -0.0023524 -0.010254 -0.0002549 0 0
-0 -0 -0.032766 0 0 0 0 0 0 0 0 0 0 0.0056609 -0.00049653 -0.03227 -0.00061804 -0.0032171 -5.8917e-05 0 0
0 0 0.23466 0 0 0 0 0 0 0 0 0 0 -0.040541 0.0035559 0.2311 0.0013594 0.023372 -0.00012114 0 0
-0 -0 -0.14597 0 0 0 0 0 0 0 0 0 0 0.025218 -0.002212 -0.14376 -0.0035441 -0.014141 -0.00040414 0 0
-0 -0 -0.011737 0 0 0 0 0 0 0 0 0 0 0.0020277 -0.00017785 -0.011559 -0.00020945 -0.0011547 -1.8975e-05 0 0
0 0 0.34104 0 0 0 0 0 0 0 0 0 0 -0.058921 0.0051681 0.33588 0.00019369 0.033935 -0.00048818 0 0
0 0 0.027454 0 0 0 0 0 0 0 0 0 0 -0.0047431 0.00041602 0.027038 0.00043771 0.0027099 3.5087e-05 0 0
0 0 0.22921 0 0 0 0 0 0 0 0 0 0 -0.0396 0.0034734 0.22574 0.0013893 0.022829 -0.00010755 0 0
0 0 0.11776 0 0 0 0 0 0 0 0 0 0 -0.020345 0.0017845 0.11598 0.0013582 0.01169 5.8385e-05 0 0
0 0 0.18318 0 0 0 0 0 0 0 0 0 0 -0.031648 0.0027759 0.18041 0.0015247 0.018229 -1.3017e-05 0 0
0 0 0.12031 0 0 0 0 0 0 0 0 0 0 -0.020785 0.0018231 0.11848 0.0013726 0.011945 5.6991e-05 0 0
0 0 0.3374 0 0 0 0 0 0 0 0 0 0 -0.058291 0.0051128 0.33228 0.00025193 0.033576 -0.00047243 0 0
0 0 0.027555 0 0 0 0 0 0 0 0 0 0 -0.0047606 0.00041757 0.027138 0.00043919 0.00272 3.5193e-05 0 0
0 0 0.27807 0 0 0 0 0 0 0 0 0 0 -0.048041 0.0042138 0.27386 0.0010176 0.027698 -0.00024767 0 0
-0 -0 -0.11105 0 0 0 0 0 0 0 0 0 0 0.019185 -0.0016828 -0.10936 -0.0025118 -0.010807 -0.00027434 0 0
-0 -0 -0.33554 0 0 0 0 0 0 0 0 0 0 0.057971 -0.0050847 -0.33046 -0.011097 -0.031466 -0.0014625 0 0
-0 -0 -0.25955 0 0 0 0 0 0 0 0 0 0 0.044841 -0.0039331 -0.25562 -0.0076819 -0.024697 -0.00096758 0 0
0 0 0.11313 0 0 0 0 0 0 0 0 0 0 -0.019545 0.0017143 0.11141 0.0013305 0.011228 6.0631e-05 0 0
-0 -0 -0.27209 0 0 0 0 0 0 0 0 0 0 0.047009 -0.0041232 -0.26797 -0.0082106 -0.025832 -0.0010429 0 0
0 0 0.30269 0 0 0 0 0 0 0 0 0 0 -0.052295 0.0045869 0.2981 0.00074154 0.030143 -0.00033372 0 0
-0 -0 -0.32201 0 0 0 0 0 0 0 0 0 0 0.055632 -0.0048796 -0.31713 -0.010452 -0.030279 -0.0013675 0 0
0 0 0.24318 0 0 0 0 0 0 0 0 0 0 -0.042014 0.0036851 0.2395 0.0013069 0.024223 -0.00014345 0 0
-0 -0 -0.20416 0 0 0 0 0 0 0 0 0 0 0.035272 -0.0030938 -0.20107 -0.0055167 -0.019609 -0.00066605 0 0
0 0 0.20178 0 0 0 0 0 0 0 0 0 0 -0.03486 0.0030577 0.19872 0.0014951 0.020088 -4.6811e-05 0 0
0 0 0.0020861 0 0 0 0 0 0 0 0 0 0 -0.00036041 3.1612e-05 0.0020545 3.583e-05 0.00020549 3.1236e-06 0 0
-0 -0 -0.052305 0 0 0 0 0 0 0 0 0 0 0.0090365 -0.00079261 -0.051512 -0.0010359 -0.0051253 -0.00010285 0 0
-0 -0 -0.064184 0 0 0 0 0 0 0 0 0 0 0.011089 -0.00097263 -0.063211 -0.0013078 -0.0062812 -0.00013277 0 0
-0 -0 -0.31611 0 0 0 0 0 0 0 0 0 0 0.054613 -0.0047902 -0.31132 -0.010175 -0.02976 -0.0013271 0 0
0 0 0.15888 0 0 0 0 0 0 0 0 0 0 -0.02745 0.0024077 0.15648 0.0015121 0.015799 2.2149e-05 0 0
-0 -0 -0.074587 0 0 0 0 0 0 0 0 0 0 0.012886 -0.0011303 -0.073457 -0.001557 -0.0072909 -0.00016096 0 0
0 0 0.26101 0 0 0 0 0 0 0 0 0 0 -0.045094 0.0039553 0.25706 0.001174 0.026 -0.00019411 0 0
-0 -0 -0.0055346 0 0 0 0 0 0 0 0 0 0 0.00095618 -8.3869e-05 -0.0054507 -9.7103e-05 -0.0005448 -8.6515e-06 0 0
0 0 0.31098 0 0 0 0 0 0 0 0 0 0 -0.053726 0.0047125 0.30626 0.00063533 0.030964 -0.00036498 0 0
0 0 0.094304 0 0 0 0 0 0 0 0 0 0 -0.016292 0.001429 0.092875 0.001196 0.0093505 6.5928e-05 0 0
0 0 0.040789 0 0 0 0 0 0 0 0 0 0 -0.0070469 0.0006181 0.040171 0.00062384 0.0040303 4.7423e-05 0 0
0 0 0.068381 0 0 0 0 0 0 0 0 0 0 -0.011814 0.0010362 0.067344 0.00095384 0.0067696 6.3165e-05 0 0
-0 -0 -0.2411 0 0 0 0 0 0 0 0 0 0 0.041655 -0.0036536 -0.23745 -0.0069301 -0.023016 -0.00086156 0 0
-0 -0 -0.2749 0 0 0 0 0 0 0 0 0 0 0.047494 -0.0041658 -0.27074 -0.0083309 -0.026085 -0.0010601 0 0
0 0 0.33291 0 0 0 0 0 0 0 0 0 0 -0.057515 0.0050448 0.32786 0.00032187 0.033133 -0.00045334 0 0
-0 -0 -0.33924 0 0 0 0 0 0 0 0 0 0 0.058609 -0.0051407 -0.3341 -0.011276 -0.031788 -0.0014889 0 0
0 0 0.15564 0 0 0 0 0 0 0 0 0 0 -0.02689 0.0023586 0.15328 0.001506 0.015475 2.6068e-05 0 0
-0 -0 -0.033593 0 0 0 0 0 0 0 0 0 0 0.0058037 -0.00050905 -0.033084 -0.00063497 -0.003298 -6.0643e-05 0 0
-0 -0 -0.27048 0 0 0 0 0 0 0 0 0 0 0.04673 -0.0040988 -0.26638 -0.0081418 -0.025687 -0.001033 0 0
-0 -0 -0.19998 0 0 0 0 0 0 0 0 0 0 0.03455 -0.0030304 -0.19695 -0.0053645 -0.01922 -0.00064534 0 0
0 0 0.25226 0 0 0 0 0 0 0 0 0 0 -0.043582 0.0038226 0.24843 0.0012431 0.025128 -0.00016856 0 0
0 0 0.027791 0 0 0 0 0 0 0 0 0 0 -0.0048014 0.00042114 0.02737 0.00044263 0.0027433 3.5437e-05 0 0
-0 -0 -0.22763 0 0 0 0 0 0 0 0 0 0 0.039327 -0.0034495 -0.22418 -0.0064004 -0.02178 -0.00078766 0 0
-0 -0 -0.27235 0 0 0 0 0 0 0 0 0 0 0.047053 -0.0041271 -0.26822 -0.0082215 -0.025855 -0.0010444 0 0
