0 0 0 0.1607 0 0 0 0 -0 0 0 0.14862 -0.027341 0.054682 0 0
0 0 0 0.099872 0 0 0 0 -0 0 0 0.092363 -0.016992 0.033984 0 0
0 0 0 0.067109 0 0 0 0 -0 0 0 0.062062 -0.011418 0.022835 0 0
-0 -0 -0 0.028902 0 0 0 0 -0 0 0 0.026728 -0.0049172 0.0098344 0 0
0 0 0 0.02564 0 0 0 0 -0 0 0 0.023712 -0.0043623 0.0087246 0 0
0 0 0 0.050813 0 0 0 0 -0 0 0 0.046992 -0.008645 0.01729 0 0
0 0 0 0.091156 0 0 0 0 -0 0 0 0.084302 -0.015509 0.031018 0 0
0 0 0 0.15925 0 0 0 0 -0 0 0 0.14728 -0.027095 0.054189 0 0
-0 -0 -0 0.1964 0 0 0 0 -0 0 0 0.18163 -0.033415 0.06683 0 0
0 0 0 0.089906 0 0 0 0 -0 0 0 0.083146 -0.015296 0.030592 0 0
0 0 0 0.19226 0 0 0 0 -0 0 0 0.1778 -0.03271 0.065421 0 0
-0 -0 -0 0.026554 0 0 0 0 -0 0 0 0.024557 -0.0045178 0.0090356 0 0
-0 -0 -0 0.095941 0 0 0 0 -0 0 0 0.088727 -0.016323 0.032646 0 0
0 0 0 0.035108 0 0 0 0 -0 0 0 0.032468 -0.0059732 0.011946 0 0
-0 -0 -0 0.18343 0 0 0 0 -0 0 0 0.16963 -0.031208 0.062415 0 0
-0 -0 -0 0.13892 0 0 0 0 -0 0 0 0.12848 -0.023636 0.047272 0 0
-0 -0 -0 0.068074 0 0 0 0 -0 0 0 0.062956 -0.011582 0.023164 0 0
0 0 0 0.031121 0 0 0 0 -0 0 0 0.028781 -0.0052949 0.01059 0 0
0 0 0 0.11198 0 0 0 0 -0 0 0 0.10356 -0.019053 0.038105 0 0
-0 -0 -0 0.01486 0 0 0 0 -0 0 0 0.013743 -0.0025282 0.0050564 0 0
0 0 0 0.12813 0 0 0 0 -0 0 0 0.11849 -0.021799 0.043598 0 0
-0 -0 -0 0.041577 0 0 0 0 -0 0 0 0.03845 -0.0070737 0.014147 0 0
-0 -0 -0 0.10086 0 0 0 0 -0 0 0 0.093279 -0.017161 0.034321 0 0
0 0 0 0.019884 0 0 0 0 -0 0 0 0.018389 -0.0033831 0.0067661 0 0
0 0 0 0.10969 0 0 0 0 -0 0 0 0.10144 -0.018662 0.037323 0 0
0 0 0 0.17574 0 0 0 0 -0 0 0 0.16253 -0.0299 0.059801 0 0
0 0 0 0.020001 0 0 0 0 -0 0 0 0.018497 -0.003403 0.0068059 0 0
-0 -0 -0 0.018883 0 0 0 0 -0 0 0 0.017463 -0.0032127 0.0064254 0 0
0 0 0 0.15065 0 0 0 0 -0 0 0 0.13932 -0.02563 0.051261 0 0
-0 -0 -0 0.0045795 0 0 0 0 -0 0 0 0.0042351 -0.00077913 0.0015583 0 0
0 0 0 0.10786 0 0 0 0 -0 0 0 0.099754 -0.018352 0.036703 0 0
-0 -0 -0 0.10654 0 0 0 0 -0 0 0 0.098528 -0.018126 0.036252 0 0
-0 -0 -0 0.14421 0 0 0 0 -0 0 0 0.13336 -0.024535 0.04907 0 0
0 0 0 0.030491 0 0 0 0 -0 0 0 0.028198 -0.0051876 0.010375 0 0
0 0 0 0.0022497 0 0 0 0 -0 0 0 0.0020806 -0.00038276 0.00076552 0 0
-0 -0 -0 0.17148 0 0 0 0 -0 0 0 0.15859 -0.029175 0.058351 0 0
-0 -0 -0 0.024426 0 0 0 0 -0 0 0 0.022589 -0.0041557 0.0083115 0 0
0 0 0 0.070564 0 0 0 0 -0 0 0 0.065258 -0.012005 0.024011 0 0
0 0 0 0.12245 0 0 0 0 -0 0 0 0.11324 -0.020833 0.041667 0 0
0 0 0 0.049826 0 0 0 0 -0 0 0 0.046079 -0.0084771 0.016954 0 0
0 0 0 0.018595 0 0 0 0 -0 0 0 0.017197 -0.0031637 0.0063274 0 0
-0 -0 -0 0.039053 0 0 0 0 -0 0 0 0.036117 -0.0066443 0.013289 0 0
0 0 0 0.11815 0 0 0 0 -0 0 0 0.10926 -0.020101 0.040202 0 0
0 0 0 0.051661 0 0 0 0 -0 0 0 0.047776 -0.0087893 0.017579 0 0
0 0 0 0.083384 0 0 0 0 -0 0 0 0.077114 -0.014187 0.028373 0 0
-0 -0 -0 0.072709 0 0 0 0 -0 0 0 0.067241 -0.01237 0.024741 0 0
-0 -0 -0 0.14993 0 0 0 0 -0 0 0 0.13866 -0.025508 0.051017 0 0
-0 -0 -0 0.17337 0 0 0 0 -0 0 0 0.16034 -0.029497 0.058993 0 0
0 0 0 0.17661 0 0 0 0 -0 0 0 0.16333 -0.030047 0.060094 0 0
0 0 0 0.16087 0 0 0 0 -0 0 0 0.14877 -0.027369 0.054739 0 0
0 0 0 0.12581 0 0 0 0 -0 0 0 0.11635 -0.021405 0.042811 0 0
-0 -0 -0 0.0234 0 0 0 0 -0 0 0 0.021641 -0.0039813 0.0079625 0 0
0 0 0 0.1683 0 0 0 0 -0 0 0 0.15564 -0.028634 0.057268 0 0
-0 -0 -0 0.023708 0 0 0 0 -0 0 0 0.021926 -0.0040337 0.0080673 0 0
0 0 0 0.19097 0 0 0 0 -0 0 0 0.17661 -0.03249 0.064981 0 0
-0 -0 -0 0.088424 0 0 0 0 -0 0 0 0.081775 -0.015044 0.030088 0 0
-0 -0 -0 0.052988 0 0 0 0 -0 0 0 0.049004 -0.0090152 0.01803 0 0
0 0 0 0.012865 0 0 0 0 -0 0 0 0.011898 -0.0021888 0.0043776 0 0
0 0 0 0.0087005 0 0 0 0 -0 0 0 0.0080463 -0.0014803 0.0029605 0 0
0 0 0 0.016523 0 0 0 0 -0 0 0 0.015281 -0.0028112 0.0056223 0 0
0 0 0 0.022308 0 0 0 0 -0 0 0 0.020631 -0.0037954 0.0075908 0 0
0 0 0 0.02736 0 0 0 0 -0 0 0 0.025303 -0.0046549 0.0093098 0 0
-0 -0 -0 0.044742 0 0 0 0 -0 0 0 0.041377 -0.0076122 0.015224 0 0
-0 -0 -0 0.13088 0 0 0 0 -0 0 0 0.12104 -0.022268 0.044536 0 0
-0 -0 -0 0.1131 0 0 0 0 -0 0 0 0.1046 -0.019243 0.038485 0 0
-0 -0 -0 0.075592 0 0 0 0 -0 0 0 0.069908 -0.012861 0.025722 0 0
-0 -0 -0 0.19922 0 0 0 0 -0 0 0 0.18424 -0.033895 0.06779 0 0
-0 -0 -0 0.050543 0 0 0 0 -0 0 0 0.046742 -0.0085991 0.017198 0 0
0 0 0 0.1069 0 0 0 0 -0 0 0 0.098861 -0.018187 0.036375 0 0
0 0 0 0.061529 0 0 0 0 -0 0 0 0.056902 -0.010468 0.020937 0 0
-0 -0 -0 0.040375 0 0 0 0 -0 0 0 0.037339 -0.0068693 0.013739 0 0
-0 -0 -0 0.17697 0 0 0 0 -0 0 0 0.16366 -0.030108 0.060216 0 0
-0 -0 -0 0.15507 0 0 0 0 -0 0 0 0.14341 -0.026382 0.052765 0 0
-0 -0 -0 0.10819 0 0 0 0 -0 0 0 0.10005 -0.018406 0.036813 0 0
0 0 0 0.12872 0 0 0 0 -0 0 0 0.11904 -0.0219 0.0438 0 0
-0 -0 -0 0.1302 0 0 0 0 -0 0 0 0.12041 -0.022152 0.044305 0 0
0 0 0 0.19862 0 0 0 0 -0 0 0 0.18369 -0.033793 0.067585 0 0
-0 -0 -0 0.073815 0 0 0 0 -0 0 0 0.068265 -0.012559 0.025117 0 0
-0 -0 -0 0.097271 0 0 0 0 -0 0 0 0.089957 -0.016549 0.033099 0 0
-0 -0 -0 0.089546 0 0 0 0 -0 0 0 0.082813 -0.015235 0.03047 0 0
-0 -0 -0 0.078226 0 0 0 0 -0 0 0 0.072344 -0.013309 0.026618 0 0
-0 -0 -0 0.090467 0 0 0 0 -0 0 0 0.083664 -0.015392 0.030783 0 0
0 0 0 0.057759 0 0 0 0 -0 0 0 0.053416 -0.0098269 0.019654 0 0
0 0 0 0.17448 0 0 0 0 -0 0 0 0.16136 -0.029686 0.059371 0 0
0 0 0 0.14361 0 0 0 0 -0 0 0 0.13281 -0.024433 0.048866 0 0
0 0 0 0.030608 0 0 0 0 -0 0 0 0.028306 -0.0052075 0.010415 0 0
0 0 0 0.072063 0 0 0 0 -0 0 0 0.066644 -0.01226 0.024521 0 0
-0 -0 -0 0.19929 0 0 0 0 -0 0 0 0.18431 -0.033907 0.067814 0 0
0 0 0 0.1645 0 0 0 0 -0 0 0 0.15213 -0.027988 0.055976 0 0
-0 -0 -0 0.067874 0 0 0 0 -0 0 0 0.062771 -0.011548 0.023096 0 0
-0 -0 -0 0.0036453 0 0 0 0 -0 0 0 0.0033712 -0.0006202 0.0012404 0 0
-0 -0 -0 0.18815 0 0 0 0 -0 0 0 0.174 -0.03201 0.064021 0 0
0 0 0 0.026813 0 0 0 0 -0 0 0 0.024797 -0.0045619 0.0091237 0 0
-0 -0 -0 0.14356 0 0 0 0 -0 0 0 0.13276 -0.024424 0.048848 0 0
-0 -0 -0 0.0033338 0 0 0 0 -0 0 0 0.0030832 -0.00056721 0.0011344 0 0
0 0 0 0.06052 0 0 0 0 -0 0 0 0.05597 -0.010297 0.020593 0 0
0 0 0 0.042995 0 0 0 0 -0 0 0 0.039762 -0.007315 0.01463 0 0
0 0 0 0.037131 0 0 0 0 -0 0 0 0.034339 -0.0063173 0.012635 0 0
0 0 0 0.18592 0 0 0 0 -0 0 0 0.17194 -0.031632 0.063265 0 0
0 0 0 0.052589 0 0 0 0 -0 0 0 0.048634 -0.0089472 0.017894 0 0
