-0 -0 -0 0.031735 0 0 0 0 -0 0 0 0.029349 -0.0053993 0.010799 0 0
-0 -0 -0 0.0056073 0 0 0 0 -0 0 0 0.0051857 -0.00095401 0.001908 0 0
-0 -0 -0 0.16521 0 0 0 0 -0 0 0 0.15279 -0.028108 0.056216 0 0
-0 -0 -0 0.1563 0 0 0 0 -0 0 0 0.14454 -0.026591 0.053183 0 0
0 0 0 0.002116 0 0 0 0 -0 0 0 0.0019569 -0.00036 0.00072001 0 0
0 0 0 0.045021 0 0 0 0 -0 0 0 0.041635 -0.0076596 0.015319 0 0
-0 -0 -0 0.19353 0 0 0 0 -0 0 0 0.17898 -0.032927 0.065854 0 0
0 0 0 0.1431 0 0 0 0 -0 0 0 0.13234 -0.024347 0.048693 0 0
0 0 0 0.055513 0 0 0 0 -0 0 0 0.051339 -0.0094448 0.01889 0 0
0 0 0 0.086438 0 0 0 0 -0 0 0 0.079938 -0.014706 0.029412 0 0
0 0 0 0.13346 0 0 0 0 -0 0 0 0.12342 -0.022706 0.045412 0 0
0 0 0 0.12463 0 0 0 0 -0 0 0 0.11526 -0.021204 0.042409 0 0
-0 -0 -0 0.13917 0 0 0 0 -0 0 0 0.1287 -0.023678 0.047355 0 0
0 0 0 0.1781 0 0 0 0 -0 0 0 0.16471 -0.030302 0.060603 0 0
0 0 0 0.070286 0 0 0 0 -0 0 0 0.065001 -0.011958 0.023916 0 0
-0 -0 -0 0.040481 0 0 0 0 -0 0 0 0.037437 -0.0068873 0.013775 0 0
-0 -0 -0 0.1354 0 0 0 0 -0 0 0 0.12522 -0.023037 0.046073 0 0
-0 -0 -0 0.11899 0 0 0 0 -0 0 0 0.11004 -0.020244 0.040488 0 0
-0 -0 -0 0.029287 0 0 0 0 -0 0 0 0.027085 -0.0049828 0.0099655 0 0
-0 -0 -0 0.076179 0 0 0 0 -0 0 0 0.070451 -0.012961 0.025921 0 0
0 0 0 0.094675 0 0 0 0 -0 0 0 0.087556 -0.016108 0.032215 0 0
0 0 0 0.099595 0 0 0 0 -0 0 0 0.092106 -0.016945 0.033889 0 0
-0 -0 -0 0.069125 0 0 0 0 -0 0 0 0.063927 -0.011761 0.023521 0 0
-0 -0 -0 0.096663 0 0 0 0 -0 0 0 0.089395 -0.016446 0.032892 0 0
0 0 0 0.12931 0 0 0 0 -0 0 0 0.11958 -0.022 0.043999 0 0
-0 -0 -0 0.0075481 0 0 0 0 -0 0 0 0.0069805 -0.0012842 0.0025684 0 0
-0 -0 -0 0.006424 0 0 0 0 -0 0 0 0.005941 -0.001093 0.0021859 0 0
-0 -0 -0 0.096341 0 0 0 0 -0 0 0 0.089097 -0.016391 0.032782 0 0
-0 -0 -0 0.10923 0 0 0 0 -0 0 0 0.10102 -0.018584 0.037168 0 0
0 0 0 0.19999 0 0 0 0 -0 0 0 0.18495 -0.034025 0.068051 0 0
0 0 0 0.13242 0 0 0 0 -0 0 0 0.12246 -0.022529 0.045057 0 0
-0 -0 -0 0.086105 0 0 0 0 -0 0 0 0.079631 -0.01465 0.029299 0 0
0 0 0 0.05346 0 0 0 0 -0 0 0 0.04944 -0.0090955 0.018191 0 0
-0 -0 -0 0.10395 0 0 0 0 -0 0 0 0.096133 -0.017686 0.035371 0 0
0 0 0 0.1151 0 0 0 0 -0 0 0 0.10644 -0.019582 0.039165 0 0
-0 -0 -0 0.15935 0 0 0 0 -0 0 0 0.14737 -0.027112 0.054223 0 0
-0 -0 -0 0.010939 0 0 0 0 -0 0 0 0.010116 -0.0018611 0.0037222 0 0
0 0 0 0.13548 0 0 0 0 -0 0 0 0.1253 -0.023051 0.046102 0 0
0 0 0 0.13522 0 0 0 0 -0 0 0 0.12505 -0.023006 0.046012 0 0
-0 -0 -0 0.10966 0 0 0 0 -0 0 0 0.10142 -0.018658 0.037315 0 0
0 0 0 0.0028041 0 0 0 0 -0 0 0 0.0025932 -0.00047708 0.00095416 0 0
0 0 0 0.033546 0 0 0 0 -0 0 0 0.031023 -0.0057073 0.011415 0 0
-0 -0 -0 0.13438 0 0 0 0 -0 0 0 0.12428 -0.022863 0.045727 0 0
-0 -0 -0 0.11456 0 0 0 0 -0 0 0 0.10594 -0.01949 0.038981 0 0
-0 -0 -0 0.14465 0 0 0 0 -0 0 0 0.13377 -0.02461 0.049219 0 0
0 0 0 0.016419 0 0 0 0 -0 0 0 0.015184 -0.0027934 0.0055868 0 0
-0 -0 -0 0.086069 0 0 0 0 -0 0 0 0.079597 -0.014643 0.029287 0 0
0 0 0 0.065596 0 0 0 0 -0 0 0 0.060664 -0.01116 0.02232 0 0
-0 -0 -0 0.1583 0 0 0 0 -0 0 0 0.1464 -0.026932 0.053865 0 0
0 0 0 0.19747 0 0 0 0 -0 0 0 0.18262 -0.033597 0.067194 0 0
-0 -0 -0 0.099895 0 0 0 0 -0 0 0 0.092384 -0.016996 0.033991 0 0
-0 -0 -0 0.034781 0 0 0 0 -0 0 0 0.032166 -0.0059176 0.011835 0 0
0 0 0 0.036243 0 0 0 0 -0 0 0 0.033518 -0.0061662 0.012332 0 0
-0 -0 -0 0.02 0 0 0 0 -0 0 0 0.018496 -0.0034026 0.0068053 0 0
0 0 0 0.0046756 0 0 0 0 -0 0 0 0.004324 -0.00079548 0.001591 0 0
0 0 0 0.13093 0 0 0 0 -0 0 0 0.12108 -0.022276 0.044551 0 0
-0 -0 -0 0.10857 0 0 0 0 -0 0 0 0.1004 -0.018471 0.036942 0 0
0 0 0 0.13756 0 0 0 0 -0 0 0 0.12721 -0.023404 0.046807 0 0
0 0 0 0.18537 0 0 0 0 -0 0 0 0.17144 -0.031539 0.063078 0 0
0 0 0 0.029231 0 0 0 0 -0 0 0 0.027033 -0.0049733 0.0099466 0 0
-0 -0 -0 0.019876 0 0 0 0 -0 0 0 0.018381 -0.0033816 0.0067631 0 0
0 0 0 0.021503 0 0 0 0 -0 0 0 0.019886 -0.0036584 0.0073167 0 0
-0 -0 -0 0.19114 0 0 0 0 -0 0 0 0.17677 -0.03252 0.06504 0 0
0 0 0 0.046003 0 0 0 0 -0 0 0 0.042544 -0.0078268 0.015654 0 0
0 0 0 0.037546 0 0 0 0 -0 0 0 0.034723 -0.0063879 0.012776 0 0
-0 -0 -0 0.0059824 0 0 0 0 -0 0 0 0.0055326 -0.0010178 0.0020356 0 0
0 0 0 0.13626 0 0 0 0 -0 0 0 0.12602 -0.023183 0.046366 0 0
0 0 0 0.14736 0 0 0 0 -0 0 0 0.13628 -0.02507 0.050141 0 0
0 0 0 0.11366 0 0 0 0 -0 0 0 0.10512 -0.019338 0.038677 0 0
-0 -0 -0 0.18856 0 0 0 0 -0 0 0 0.17439 -0.032082 0.064163 0 0
0 0 0 0.029563 0 0 0 0 -0 0 0 0.02734 -0.0050298 0.01006 0 0
0 0 0 0.12662 0 0 0 0 -0 0 0 0.11709 -0.021542 0.043084 0 0
-0 -0 -0 0.13389 0 0 0 0 -0 0 0 0.12382 -0.022779 0.045557 0 0
0 0 0 0.078638 0 0 0 0 -0 0 0 0.072725 -0.013379 0.026758 0 0
0 0 0 0.099955 0 0 0 0 -0 0 0 0.092439 -0.017006 0.034012 0 0
0 0 0 0.19634 0 0 0 0 -0 0 0 0.18158 -0.033405 0.06681 0 0
0 0 0 0.061498 0 0 0 0 -0 0 0 0.056873 -0.010463 0.020926 0 0
0 0 0 0.093111 0 0 0 0 -0 0 0 0.08611 -0.015842 0.031683 0 0
0 0 0 0.072623 0 0 0 0 -0 0 0 0.067162 -0.012356 0.024712 0 0
0 0 0 0.085313 0 0 0 0 -0 0 0 0.078898 -0.014515 0.02903 0 0
0 0 0 0.17216 0 0 0 0 -0 0 0 0.15922 -0.029291 0.058582 0 0
0 0 0 0.13533 0 0 0 0 -0 0 0 0.12516 -0.023025 0.046051 0 0
-0 -0 -0 0.13536 0 0 0 0 -0 0 0 0.12518 -0.023029 0.046058 0 0
-0 -0 -0 0.15028 0 0 0 0 -0 0 0 0.13898 -0.025568 0.051137 0 0
0 0 0 0.10888 0 0 0 0 -0 0 0 0.10069 -0.018524 0.037048 0 0
-0 -0 -0 0.026333 0 0 0 0 -0 0 0 0.024353 -0.0044802 0.0089604 0 0
0 0 0 0.023087 0 0 0 0 -0 0 0 0.021351 -0.0039278 0.0078557 0 0
-0 -0 -0 0.11255 0 0 0 0 -0 0 0 0.10409 -0.019149 0.038299 0 0
0 0 0 0.018719 0 0 0 0 -0 0 0 0.017312 -0.0031848 0.0063696 0 0
-0 -0 -0 0.054122 0 0 0 0 -0 0 0 0.050052 -0.0092081 0.018416 0 0
-0 -0 -0 0.17641 0 0 0 0 -0 0 0 0.16315 -0.030015 0.060029 0 0
-0 -0 -0 0.041672 0 0 0 0 -0 0 0 0.038539 -0.0070899 0.01418 0 0
0 0 0 0.12921 0 0 0 0 -0 0 0 0.1195 -0.021984 0.043968 0 0
-0 -0 -0 0.031782 0 0 0 0 -0 0 0 0.029393 -0.0054073 0.010815 0 0
-0 -0 -0 0.19121 0 0 0 0 -0 0 0 0.17683 -0.032532 0.065064 0 0
-0 -0 -0 0.14088 0 0 0 0 -0 0 0 0.13029 -0.023969 0.047938 0 0
-0 -0 -0 0.04369 0 0 0 0 -0 0 0 0.040405 -0.0074332 0.014866 0 0
-0 -0 -0 0.077467 0 0 0 0 -0 0 0 0.071642 -0.01318 0.02636 0 0
-0 -0 -0 0.10352 0 0 0 0 -0 0 0 0.095737 -0.017613 0.035225 0 0
0 0 0 0.17631 0 0 0 0 -0 0 0 0.16306 -0.029997 0.059995 0 0
