0 0 0.2437 0 0 0 0 0 0 0 0 0 0 -0.081656 0.014548 0.22916 -0.030617 0.019799 -0.012167 0 0
0 0 0.1574 0 0 0 0 0 0 0 0 0 0 -0.052738 0.009396 0.148 -0.019245 0.013711 -0.0077279 0 0
-0 -0 -0.060425 0 0 0 0 0 0 0 0 0 0 0.020246 -0.0036072 -0.056818 0.006793 -0.0061011 0.0028079 0 0
-0 -0 -0.21616 0 0 0 0 0 0 0 0 0 0 0.072428 -0.012904 -0.20326 0.022544 -0.023756 0.0095413 0 0
0 0 0.15852 0 0 0 0 0 0 0 0 0 0 -0.053112 0.0094628 0.14905 -0.019388 0.013797 -0.0077846 0 0
-0 -0 -0.26317 0 0 0 0 0 0 0 0 0 0 0.088179 -0.01571 -0.24746 0.026758 -0.029585 0.011413 0 0
-0 -0 -0.13013 0 0 0 0 0 0 0 0 0 0 0.043601 -0.0077682 -0.12236 0.014169 -0.013673 0.005917 0 0
-0 -0 -0.22419 0 0 0 0 0 0 0 0 0 0 0.075118 -0.013383 -0.21081 0.023282 -0.024736 0.0098666 0 0
0 0 0.18419 0 0 0 0 0 0 0 0 0 0 -0.061715 0.010996 0.1732 -0.022719 0.015714 -0.0090932 0 0
-0 -0 -0.11 0 0 0 0 0 0 0 0 0 0 0.036856 -0.0065664 -0.10343 0.012091 -0.01143 0.0050342 0 0
-0 -0 -0.098219 0 0 0 0 0 0 0 0 0 0 0.032909 -0.0058633 -0.092356 0.010856 -0.010138 0.0045119 0 0
0 0 0.30499 0 0 0 0 0 0 0 0 0 0 -0.10219 0.018207 0.28679 -0.038986 0.023474 -0.015382 0 0
0 0 0.32525 0 0 0 0 0 0 0 0 0 0 -0.10898 0.019416 0.30583 -0.041799 0.024567 -0.016454 0 0
-0 -0 -0.073695 0 0 0 0 0 0 0 0 0 0 0.024692 -0.0043993 -0.069296 0.0082362 -0.0074995 0.0034109 0 0
0 0 0.34688 0 0 0 0 0 0 0 0 0 0 -0.11623 0.020707 0.32617 -0.044827 0.025667 -0.017603 0 0
0 0 0.042072 0 0 0 0 0 0 0 0 0 0 -0.014097 0.0025115 0.039561 -0.0049345 0.0039813 -0.0020111 0 0
0 0 0.22275 0 0 0 0 0 0 0 0 0 0 -0.074634 0.013297 0.20945 -0.027809 0.018418 -0.011079 0 0
-0 -0 -0.24894 0 0 0 0 0 0 0 0 0 0 0.083411 -0.014861 -0.23408 0.02551 -0.027798 0.010855 0 0
-0 -0 -0.063523 0 0 0 0 0 0 0 0 0 0 0.021284 -0.0037921 -0.059731 0.0071315 -0.0064257 0.0029491 0 0
0 0 0.33583 0 0 0 0 0 0 0 0 0 0 -0.11252 0.020048 0.31578 -0.043277 0.025114 -0.017015 0 0
0 0 0.061527 0 0 0 0 0 0 0 0 0 0 -0.020615 0.0036729 0.057854 -0.0072703 0.005746 -0.0029554 0 0
-0 -0 -0.070785 0 0 0 0 0 0 0 0 0 0 0.023717 -0.0042256 -0.06656 0.0079213 -0.0071911 0.0032791 0 0
-0 -0 -0.27472 0 0 0 0 0 0 0 0 0 0 0.092047 -0.0164 -0.25832 0.027753 -0.031049 0.01186 0 0
-0 -0 -0.054543 0 0 0 0 0 0 0 0 0 0 0.018275 -0.003256 -0.051287 0.0061476 -0.0054878 0.002539 0 0
0 0 0.062095 0 0 0 0 0 0 0 0 0 0 -0.020806 0.0037069 0.058389 -0.0073391 0.0057969 -0.0029832 0 0
0 0 0.036109 0 0 0 0 0 0 0 0 0 0 -0.012099 0.0021556 0.033953 -0.0042253 0.0034307 -0.0017234 0 0
-0 -0 -0.12672 0 0 0 0 0 0 0 0 0 0 0.04246 -0.007565 -0.11916 0.013821 -0.013291 0.0057686 0 0
-0 -0 -0.20265 0 0 0 0 0 0 0 0 0 0 0.0679 -0.012097 -0.19055 0.021284 -0.022121 0.0089886 0 0
-0 -0 -0.04684 0 0 0 0 0 0 0 0 0 0 0.015694 -0.0027962 -0.044044 0.005297 -0.004691 0.0021853 0 0
0 0 0.18742 0 0 0 0 0 0 0 0 0 0 -0.062798 0.011188 0.17623 -0.023142 0.015948 -0.0092587 0 0
0 0 0.18172 0 0 0 0 0 0 0 0 0 0 -0.060886 0.010848 0.17087 -0.022396 0.015533 -0.0089666 0 0
-0 -0 -0.29111 0 0 0 0 0 0 0 0 0 0 0.097538 -0.017378 -0.27373 0.029136 -0.033148 0.012487 0 0
0 0 0.2515 0 0 0 0 0 0 0 0 0 0 -0.084269 0.015014 0.23649 -0.03167 0.020297 -0.012574 0 0
0 0 0.21415 0 0 0 0 0 0 0 0 0 0 -0.071754 0.012784 0.20137 -0.026666 0.017833 -0.010634 0 0
-0 -0 -0.19621 0 0 0 0 0 0 0 0 0 0 0.065742 -0.011713 -0.1845 0.020676 -0.021349 0.008723 0 0
0 0 0.21406 0 0 0 0 0 0 0 0 0 0 -0.071722 0.012778 0.20128 -0.026653 0.017827 -0.010629 0 0
0 0 0.1306 0 0 0 0 0 0 0 0 0 0 -0.04376 0.0077965 0.12281 -0.015824 0.01161 -0.0063755 0 0
0 0 0.10836 0 0 0 0 0 0 0 0 0 0 -0.036308 0.0064689 0.10189 -0.013027 0.0097913 -0.0052636 0 0
0 0 0.32462 0 0 0 0 0 0 0 0 0 0 -0.10877 0.019378 0.30524 -0.041711 0.024534 -0.016421 0 0
-0 -0 -0.20913 0 0 0 0 0 0 0 0 0 0 0.07007 -0.012484 -0.19664 0.021891 -0.022903 0.0092544 0 0
-0 -0 -0.20397 0 0 0 0 0 0 0 0 0 0 0.068343 -0.012176 -0.19179 0.021408 -0.02228 0.0090429 0 0
0 0 0.29621 0 0 0 0 0 0 0 0 0 0 -0.099247 0.017682 0.27852 -0.037773 0.022981 -0.014919 0 0
-0 -0 -0.29836 0 0 0 0 0 0 0 0 0 0 0.09997 -0.017811 -0.28055 0.029739 -0.034086 0.012761 0 0
-0 -0 -0.0079897 0 0 0 0 0 0 0 0 0 0 0.002677 -0.00047695 -0.0075127 0.0009185 -0.00078115 0.00037688 0 0
-0 -0 -0.26802 0 0 0 0 0 0 0 0 0 0 0.089804 -0.016 -0.25202 0.027178 -0.030199 0.011602 0 0
0 0 0.081613 0 0 0 0 0 0 0 0 0 0 -0.027345 0.004872 0.076741 -0.0097164 0.0075163 -0.0039395 0 0
-0 -0 -0.075236 0 0 0 0 0 0 0 0 0 0 0.025209 -0.0044913 -0.070745 0.0084027 -0.0076632 0.0034806 0 0
-0 -0 -0.022819 0 0 0 0 0 0 0 0 0 0 0.0076458 -0.0013622 -0.021457 0.0026071 -0.0022519 0.001072 0 0
-0 -0 -0.13086 0 0 0 0 0 0 0 0 0 0 0.043848 -0.0078121 -0.12305 0.014244 -0.013756 0.0059491 0 0
0 0 0.050113 0 0 0 0 0 0 0 0 0 0 -0.016791 0.0029916 0.047122 -0.0058959 0.0047167 -0.0024004 0 0
-0 -0 -0.16655 0 0 0 0 0 0 0 0 0 0 0.055804 -0.0099424 -0.15661 0.017816 -0.017846 0.0074814 0 0
0 0 0.30907 0 0 0 0 0 0 0 0 0 0 -0.10356 0.01845 0.29062 -0.039551 0.023699 -0.015598 0 0
0 0 0.24857 0 0 0 0 0 0 0 0 0 0 -0.083286 0.014839 0.23373 -0.031273 0.020111 -0.01242 0 0
-0 -0 -0.18045 0 0 0 0 0 0 0 0 0 0 0.060461 -0.010772 -0.16968 0.019169 -0.019476 0.0080669 0 0
0 0 0.093359 0 0 0 0 0 0 0 0 0 0 -0.031281 0.0055732 0.087786 -0.011163 0.008527 -0.004519 0 0
-0 -0 -0.33617 0 0 0 0 0 0 0 0 0 0 0.11264 -0.020068 -0.3161 0.032769 -0.039046 0.014156 0 0
0 0 0.043065 0 0 0 0 0 0 0 0 0 0 -0.014429 0.0025708 0.040494 -0.0050529 0.0040726 -0.0020591 0 0
-0 -0 -0.098131 0 0 0 0 0 0 0 0 0 0 0.03288 -0.005858 -0.092273 0.010846 -0.010128 0.0045079 0 0
0 0 0.295 0 0 0 0 0 0 0 0 0 0 -0.098843 0.017611 0.27739 -0.037607 0.022912 -0.014855 0 0
0 0 0.16121 0 0 0 0 0 0 0 0 0 0 -0.054016 0.0096238 0.15159 -0.019736 0.014002 -0.0079215 0 0
-0 -0 -0.19561 0 0 0 0 0 0 0 0 0 0 0.065541 -0.011677 -0.18393 0.020619 -0.021277 0.0086982 0 0
-0 -0 -0.2057 0 0 0 0 0 0 0 0 0 0 0.06892 -0.012279 -0.19342 0.02157 -0.022488 0.0091137 0 0
-0 -0 -0.24525 0 0 0 0 0 0 0 0 0 0 0.082172 -0.01464 -0.23061 0.025182 -0.027337 0.010709 0 0
0 0 0.15914 0 0 0 0 0 0 0 0 0 0 -0.053323 0.0095003 0.14964 -0.019469 0.013845 -0.0078165 0 0
0 0 0.06832 0 0 0 0 0 0 0 0 0 0 -0.022891 0.0040785 0.064242 -0.0080938 0.0063507 -0.0032873 0 0
-0 -0 -0.24433 0 0 0 0 0 0 0 0 0 0 0.081866 -0.014586 -0.22975 0.025101 -0.027223 0.010672 0 0
0 0 0.23809 0 0 0 0 0 0 0 0 0 0 -0.079774 0.014213 0.22388 -0.029862 0.019435 -0.011875 0 0
-0 -0 -0.27293 0 0 0 0 0 0 0 0 0 0 0.091446 -0.016293 -0.25663 0.027599 -0.030821 0.011791 0 0
-0 -0 -0.15342 0 0 0 0 0 0 0 0 0 0 0.051404 -0.0091584 -0.14426 0.016518 -0.016325 0.0069223 0 0
0 0 0.17717 0 0 0 0 0 0 0 0 0 0 -0.059363 0.010576 0.16659 -0.021804 0.015198 -0.0087342 0 0
0 0 0.14894 0 0 0 0 0 0 0 0 0 0 -0.049903 0.008891 0.14005 -0.018159 0.013058 -0.0072995 0 0
-0 -0 -0.28419 0 0 0 0 0 0 0 0 0 0 0.095221 -0.016965 -0.26723 0.028557 -0.032259 0.012224 0 0
-0 -0 -0.11197 0 0 0 0 0 0 0 0 0 0 0.037518 -0.0066844 -0.10529 0.012297 -0.011648 0.0051214 0 0
-0 -0 -0.089121 0 0 0 0 0 0 0 0 0 0 0.029861 -0.0053202 -0.083801 0.0098912 -0.009151 0.0041055 0 0
-0 -0 -0.12013 0 0 0 0 0 0 0 0 0 0 0.04025 -0.0071712 -0.11296 0.013143 -0.012553 0.00548 0 0
-0 -0 -0.057406 0 0 0 0 0 0 0 0 0 0 0.019235 -0.0034269 -0.053979 0.0064622 -0.0057858 0.00267 0 0
-0 -0 -0.14474 0 0 0 0 0 0 0 0 0 0 0.048496 -0.0086403 -0.1361 0.01565 -0.01533 0.0065497 0 0
0 0 0.21581 0 0 0 0 0 0 0 0 0 0 -0.072308 0.012883 0.20292 -0.026885 0.017947 -0.010719 0 0
0 0 0.25389 0 0 0 0 0 0 0 0 0 0 -0.08507 0.015157 0.23874 -0.031993 0.020448 -0.012698 0 0
-0 -0 -0.27454 0 0 0 0 0 0 0 0 0 0 0.091986 -0.016389 -0.25815 0.027737 -0.031026 0.011853 0 0
-0 -0 -0.26027 0 0 0 0 0 0 0 0 0 0 0.087206 -0.015537 -0.24473 0.026506 -0.029219 0.0113 0 0
-0 -0 -0.21392 0 0 0 0 0 0 0 0 0 0 0.071675 -0.01277 -0.20115 0.022336 -0.023483 0.0094498 0 0
0 0 0.32279 0 0 0 0 0 0 0 0 0 0 -0.10816 0.01927 0.30352 -0.041457 0.024438 -0.016324 0 0
0 0 0.06943 0 0 0 0 0 0 0 0 0 0 -0.023263 0.0041447 0.065285 -0.0082287 0.0064489 -0.0033416 0 0
0 0 0.15519 0 0 0 0 0 0 0 0 0 0 -0.051997 0.0092641 0.14592 -0.01896 0.013542 -0.0076159 0 0
0 0 0.16479 0 0 0 0 0 0 0 0 0 0 -0.055216 0.0098375 0.15496 -0.020198 0.014274 -0.0081035 0 0
-0 -0 -0.32828 0 0 0 0 0 0 0 0 0 0 0.10999 -0.019597 -0.30868 0.032152 -0.038 0.013869 0 0
0 0 0.14872 0 0 0 0 0 0 0 0 0 0 -0.049829 0.0088778 0.13984 -0.01813 0.013041 -0.0072883 0 0
-0 -0 -0.093579 0 0 0 0 0 0 0 0 0 0 0.031355 -0.0055863 -0.087993 0.010365 -0.0096334 0.0043049 0 0
-0 -0 -0.33099 0 0 0 0 0 0 0 0 0 0 0.1109 -0.019759 -0.31123 0.032364 -0.038358 0.013968 0 0
0 0 0.23274 0 0 0 0 0 0 0 0 0 0 -0.077982 0.013894 0.21885 -0.029144 0.019085 -0.011597 0 0
-0 -0 -0.22716 0 0 0 0 0 0 0 0 0 0 0.076112 -0.013561 -0.2136 0.023553 -0.0251 0.0099862 0 0
0 0 0.28218 0 0 0 0 0 0 0 0 0 0 -0.094546 0.016845 0.26533 -0.035845 0.02217 -0.01418 0 0
0 0 0.21112 0 0 0 0 0 0 0 0 0 0 -0.070738 0.012603 0.19852 -0.026263 0.017625 -0.010477 0 0
-0 -0 -0.14124 0 0 0 0 0 0 0 0 0 0 0.047323 -0.0084314 -0.13281 0.015297 -0.014931 0.0063988 0 0
0 0 0.28145 0 0 0 0 0 0 0 0 0 0 -0.094303 0.016802 0.26465 -0.035745 0.022127 -0.014142 0 0
-0 -0 -0.1712 0 0 0 0 0 0 0 0 0 0 0.057363 -0.01022 -0.16098 0.018271 -0.018389 0.0076781 0 0
0 0 0.20401 0 0 0 0 0 0 0 0 0 0 -0.068356 0.012179 0.19183 -0.025323 0.01713 -0.010111 0 0
0 0 0.070257 0 0 0 0 0 0 0 0 0 0 -0.02354 0.0041941 0.066063 -0.0083292 0.0065219 -0.003382 0 0
-0 -0 -0.039267 0 0 0 0 0 0 0 0 0 0 0.013157 -0.0023441 -0.036923 0.0044551 -0.0039145 0.001836 0 0
