-0 -0 -0.23025 0 0 0 0 0 0 0 0 0 0 0.077149 -0.013745 -0.21651 -0.0099709 -0.020576 -0.0022467 0 0
-0 -0 -0.21289 0 0 0 0 0 0 0 0 0 0 0.071332 -0.012709 -0.20018 -0.0090675 -0.019111 -0.0020178 0 0
0 0 0.25361 0 0 0 0 0 0 0 0 0 0 -0.084976 0.01514 0.23847 0.0055899 0.024664 0.00042601 0 0
0 0 0.065688 0 0 0 0 0 0 0 0 0 0 -0.022009 0.0039213 0.061767 0.0020094 0.0062445 0.00031959 0 0
0 0 0.31068 0 0 0 0 0 0 0 0 0 0 -0.1041 0.018546 0.29213 0.0060272 0.03035 0.00022089 0 0
-0 -0 -0.17831 0 0 0 0 0 0 0 0 0 0 0.059745 -0.010644 -0.16767 -0.0073391 -0.016147 -0.0015901 0 0
0 0 0.34849 0 0 0 0 0 0 0 0 0 0 -0.11676 0.020803 0.32768 0.0061482 0.034123 2.4455e-05 0 0
0 0 0.14469 0 0 0 0 0 0 0 0 0 0 -0.048478 0.0086372 0.13605 0.0039108 0.013908 0.00051061 0 0
0 0 0.027744 0 0 0 0 0 0 0 0 0 0 -0.0092958 0.0016562 0.026087 0.00089557 0.0026213 0.0001527 0 0
0 0 0.21966 0 0 0 0 0 0 0 0 0 0 -0.0736 0.013113 0.20655 0.0051849 0.021294 0.00049567 0 0
0 0 0.0311 0 0 0 0 0 0 0 0 0 0 -0.01042 0.0018565 0.029243 0.00099928 0.00294 0.00016942 0 0
0 0 0.083949 0 0 0 0 0 0 0 0 0 0 -0.028128 0.0050114 0.078937 0.0024994 0.0080025 0.00038256 0 0
-0 -0 -0.13006 0 0 0 0 0 0 0 0 0 0 0.043578 -0.0077641 -0.1223 -0.0050893 -0.011912 -0.0010572 0 0
-0 -0 -0.075071 0 0 0 0 0 0 0 0 0 0 0.025153 -0.0044814 -0.070589 -0.002761 -0.0069579 -0.00054209 0 0
-0 -0 -0.071631 0 0 0 0 0 0 0 0 0 0 0.024001 -0.0042761 -0.067355 -0.0026238 -0.0066438 -0.00051317 0 0
0 0 0.34741 0 0 0 0 0 0 0 0 0 0 -0.1164 0.020739 0.32667 0.0061466 0.034016 3.0689e-05 0 0
-0 -0 -0.00058012 0 0 0 0 0 0 0 0 0 0 0.00019437 -3.4631e-05 -0.00054549 -1.9452e-05 -5.4543e-05 -3.4687e-06 0 0
0 0 0.15234 0 0 0 0 0 0 0 0 0 0 -0.051044 0.0090942 0.14325 0.0040648 0.014657 0.00051786 0 0
0 0 0.13611 0 0 0 0 0 0 0 0 0 0 -0.045604 0.0081251 0.12798 0.0037319 0.013069 0.00050013 0 0
0 0 0.052334 0 0 0 0 0 0 0 0 0 0 -0.017535 0.0031241 0.04921 0.0016321 0.0049646 0.0002664 0 0
0 0 0.00032984 0 0 0 0 0 0 0 0 0 0 -0.00011052 1.969e-05 0.00031015 1.1047e-05 3.1017e-05 1.9672e-06 0 0
0 0 0.21958 0 0 0 0 0 0 0 0 0 0 -0.073572 0.013108 0.20647 0.0051838 0.021286 0.00049579 0 0
-0 -0 -0.02655 0 0 0 0 0 0 0 0 0 0 0.0088958 -0.0015849 -0.024965 -0.00092051 -0.0024844 -0.00017028 0 0
-0 -0 -0.20442 0 0 0 0 0 0 0 0 0 0 0.068495 -0.012203 -0.19222 -0.0086355 -0.018391 -0.0019095 0 0
-0 -0 -0.18085 0 0 0 0 0 0 0 0 0 0 0.060597 -0.010796 -0.17006 -0.007463 -0.016367 -0.0016202 0 0
0 0 0.27111 0 0 0 0 0 0 0 0 0 0 -0.090837 0.016184 0.25492 0.0057564 0.026405 0.00037485 0 0
0 0 0.18381 0 0 0 0 0 0 0 0 0 0 -0.061587 0.010973 0.17284 0.0046407 0.017751 0.00052668 0 0
0 0 0.040077 0 0 0 0 0 0 0 0 0 0 -0.013428 0.0023924 0.037685 0.0012717 0.0037943 0.00021228 0 0
0 0 0.094445 0 0 0 0 0 0 0 0 0 0 -0.031645 0.005638 0.088807 0.0027673 0.0090168 0.00041364 0 0
-0 -0 -0.034003 0 0 0 0 0 0 0 0 0 0 0.011393 -0.0020298 -0.031973 -0.00119 -0.0031773 -0.00022231 0 0
-0 -0 -0.22411 0 0 0 0 0 0 0 0 0 0 0.07509 -0.013378 -0.21073 -0.0096485 -0.020059 -0.0021646 0 0
-0 -0 -0.23914 0 0 0 0 0 0 0 0 0 0 0.080127 -0.014276 -0.22487 -0.010443 -0.021319 -0.0023675 0 0
0 0 0.16877 0 0 0 0 0 0 0 0 0 0 -0.056548 0.010075 0.1587 0.0043769 0.01627 0.00052667 0 0
-0 -0 -0.054965 0 0 0 0 0 0 0 0 0 0 0.018417 -0.0032812 -0.051684 -0.0019737 -0.0051152 -0.00037856 0 0
-0 -0 -0.17177 0 0 0 0 0 0 0 0 0 0 0.057555 -0.010254 -0.16152 -0.0070232 -0.01558 -0.0015135 0 0
0 0 0.16635 0 0 0 0 0 0 0 0 0 0 -0.055738 0.0099307 0.15642 0.0043325 0.016033 0.00052595 0 0
0 0 0.33085 0 0 0 0 0 0 0 0 0 0 -0.11086 0.019751 0.3111 0.0061085 0.032363 0.00012205 0 0
-0 -0 -0.33044 0 0 0 0 0 0 0 0 0 0 0.11072 -0.019726 -0.31071 -0.015635 -0.028696 -0.0037495 0 0
-0 -0 -0.10076 0 0 0 0 0 0 0 0 0 0 0.03376 -0.006015 -0.094744 -0.003817 -0.0092885 -0.00077042 0 0
0 0 0.035797 0 0 0 0 0 0 0 0 0 0 -0.011994 0.002137 0.03366 0.0011428 0.0033868 0.00019218 0 0
0 0 0.0056591 0 0 0 0 0 0 0 0 0 0 -0.0018961 0.00033783 0.0053213 0.0001882 0.00053266 3.3246e-05 0 0
0 0 0.34492 0 0 0 0 0 0 0 0 0 0 -0.11557 0.02059 0.32433 0.0061425 0.033767 4.5066e-05 0 0
-0 -0 -0.096265 0 0 0 0 0 0 0 0 0 0 0.032255 -0.0057467 -0.090518 -0.0036282 -0.0088827 -0.00072891 0 0
-0 -0 -0.0043442 0 0 0 0 0 0 0 0 0 0 0.0014556 -0.00025934 -0.0040849 -0.00014639 -0.00040817 -2.625e-05 0 0
-0 -0 -0.27302 0 0 0 0 0 0 0 0 0 0 0.091478 -0.016298 -0.25672 -0.012296 -0.024113 -0.0028507 0 0
-0 -0 -0.24357 0 0 0 0 0 0 0 0 0 0 0.081611 -0.01454 -0.22903 -0.01068 -0.021688 -0.0024287 0 0
-0 -0 -0.23396 0 0 0 0 0 0 0 0 0 0 0.07839 -0.013966 -0.21999 -0.010167 -0.020886 -0.0022967 0 0
-0 -0 -0.20733 0 0 0 0 0 0 0 0 0 0 0.069468 -0.012377 -0.19495 -0.0087831 -0.018638 -0.0019464 0 0
0 0 0.14431 0 0 0 0 0 0 0 0 0 0 -0.048353 0.0086149 0.1357 0.0039032 0.013871 0.00051021 0 0
-0 -0 -0.23172 0 0 0 0 0 0 0 0 0 0 0.07764 -0.013833 -0.21789 -0.010048 -0.020699 -0.0022665 0 0
-0 -0 -0.25782 0 0 0 0 0 0 0 0 0 0 0.086385 -0.015391 -0.24243 -0.011454 -0.022868 -0.0026295 0 0
0 0 0.20379 0 0 0 0 0 0 0 0 0 0 -0.068283 0.012166 0.19163 0.0049588 0.019724 0.00051479 0 0
0 0 0.32194 0 0 0 0 0 0 0 0 0 0 -0.10787 0.019219 0.30272 0.0060773 0.031473 0.00016742 0 0
0 0 0.1819 0 0 0 0 0 0 0 0 0 0 -0.060949 0.010859 0.17105 0.0046084 0.017563 0.00052711 0 0
-0 -0 -0.29189 0 0 0 0 0 0 0 0 0 0 0.0978 -0.017425 -0.27446 -0.013366 -0.025641 -0.003135 0 0
-0 -0 -0.32249 0 0 0 0 0 0 0 0 0 0 0.10805 -0.019252 -0.30324 -0.015159 -0.028074 -0.0036193 0 0
0 0 0.24422 0 0 0 0 0 0 0 0 0 0 -0.081828 0.014579 0.22964 0.0054886 0.023731 0.0004492 0 0
0 0 0.33343 0 0 0 0 0 0 0 0 0 0 -0.11172 0.019905 0.31353 0.0061161 0.03262 0.00010843 0 0
-0 -0 -0.010619 0 0 0 0 0 0 0 0 0 0 0.0035579 -0.00063389 -0.0099847 -0.00036074 -0.00099656 -6.5277e-05 0 0
0 0 0.127 0 0 0 0 0 0 0 0 0 0 -0.042554 0.0075816 0.11942 0.0035347 0.01218 0.00048626 0 0
-0 -0 -0.094531 0 0 0 0 0 0 0 0 0 0 0.031674 -0.0056432 -0.088888 -0.0035558 -0.008726 -0.00071307 0 0
-0 -0 -0.16488 0 0 0 0 0 0 0 0 0 0 0.055246 -0.0098429 -0.15504 -0.0066939 -0.014979 -0.0014343 0 0
0 0 0.17131 0 0 0 0 0 0 0 0 0 0 -0.0574 0.010227 0.16109 0.0044229 0.01652 0.00052721 0 0
-0 -0 -0.018403 0 0 0 0 0 0 0 0 0 0 0.0061661 -0.0010986 -0.017304 -0.00063149 -0.0017247 -0.00011553 0 0
-0 -0 -0.025405 0 0 0 0 0 0 0 0 0 0 0.0085121 -0.0015166 -0.023888 -0.00087953 -0.0023777 -0.00016245 0 0
-0 -0 -0.10674 0 0 0 0 0 0 0 0 0 0 0.035764 -0.0063718 -0.10037 -0.0040707 -0.0098269 -0.00082666 0 0
-0 -0 -0.046545 0 0 0 0 0 0 0 0 0 0 0.015595 -0.0027786 -0.043767 -0.0016544 -0.0043388 -0.00031405 0 0
-0 -0 -0.19046 0 0 0 0 0 0 0 0 0 0 0.063817 -0.01137 -0.17909 -0.0079357 -0.017195 -0.0017361 0 0
0 0 0.076752 0 0 0 0 0 0 0 0 0 0 -0.025717 0.0045818 0.072171 0.0023099 0.0073086 0.00035909 0 0
-0 -0 -0.1177 0 0 0 0 0 0 0 0 0 0 0.039436 -0.0070262 -0.11067 -0.0045438 -0.01081 -0.00093282 0 0
-0 -0 -0.029533 0 0 0 0 0 0 0 0 0 0 0.0098953 -0.001763 -0.02777 -0.0010278 -0.002762 -0.00019089 0 0
-0 -0 -0.20848 0 0 0 0 0 0 0 0 0 0 0.069854 -0.012446 -0.19604 -0.0088418 -0.018736 -0.0019611 0 0
-0 -0 -0.019452 0 0 0 0 0 0 0 0 0 0 0.0065175 -0.0011612 -0.018291 -0.00066837 -0.0018226 -0.00012245 0 0
0 0 0.004929 0 0 0 0 0 0 0 0 0 0 -0.0016515 0.00029424 0.0046347 0.00016408 0.00046388 2.9017e-05 0 0
0 0 0.2782 0 0 0 0 0 0 0 0 0 0 -0.093215 0.016608 0.2616 0.0058158 0.027112 0.00035113 0 0
-0 -0 -0.10582 0 0 0 0 0 0 0 0 0 0 0.035455 -0.0063169 -0.099501 -0.0040315 -0.0097441 -0.00081793 0 0
0 0 0.20708 0 0 0 0 0 0 0 0 0 0 -0.069385 0.012362 0.19472 0.0050076 0.020049 0.00051153 0 0
-0 -0 -0.024762 0 0 0 0 0 0 0 0 0 0 0.0082969 -0.0014782 -0.023284 -0.0008566 -0.0023179 -0.00015808 0 0
0 0 0.0021095 0 0 0 0 0 0 0 0 0 0 -0.0007068 0.00012593 0.0019835 7.0484e-05 0.00019843 1.2518e-05 0 0
0 0 0.16306 0 0 0 0 0 0 0 0 0 0 -0.054635 0.009734 0.15333 0.0042712 0.015709 0.00052465 0 0
0 0 0.26957 0 0 0 0 0 0 0 0 0 0 -0.090322 0.016092 0.25348 0.005743 0.026252 0.00037976 0 0
0 0 0.22345 0 0 0 0 0 0 0 0 0 0 -0.074869 0.013339 0.21011 0.0052354 0.021669 0.00048984 0 0
0 0 0.28804 0 0 0 0 0 0 0 0 0 0 -0.096509 0.017195 0.27084 0.0058903 0.028092 0.00031546 0 0
-0 -0 -0.12969 0 0 0 0 0 0 0 0 0 0 0.043455 -0.0077421 -0.12195 -0.0050729 -0.011879 -0.0010534 0 0
-0 -0 -0.14976 0 0 0 0 0 0 0 0 0 0 0.050178 -0.00894 -0.14082 -0.0059847 -0.013654 -0.0012657 0 0
-0 -0 -0.17914 0 0 0 0 0 0 0 0 0 0 0.060024 -0.010694 -0.16845 -0.0073796 -0.016219 -0.0015999 0 0
0 0 0.016638 0 0 0 0 0 0 0 0 0 0 -0.0055748 0.00099324 0.015645 0.00054527 0.0015691 9.4682e-05 0 0
0 0 0.21844 0 0 0 0 0 0 0 0 0 0 -0.073189 0.01304 0.2054 0.0051683 0.021173 0.00049745 0 0
-0 -0 -0.21638 0 0 0 0 0 0 0 0 0 0 0.072502 -0.012917 -0.20347 -0.0092473 -0.019407 -0.002063 0 0
-0 -0 -0.33487 0 0 0 0 0 0 0 0 0 0 0.1122 -0.019991 -0.31488 -0.015903 -0.029042 -0.0038231 0 0
0 0 0.14712 0 0 0 0 0 0 0 0 0 0 -0.049293 0.0087824 0.13834 0.0039603 0.014146 0.00051313 0 0
-0 -0 -0.029368 0 0 0 0 0 0 0 0 0 0 0.0098399 -0.0017531 -0.027614 -0.0010218 -0.0027466 -0.00018974 0 0
0 0 0.19432 0 0 0 0 0 0 0 0 0 0 -0.065108 0.0116 0.18272 0.0048126 0.018788 0.00052212 0 0
0 0 0.27334 0 0 0 0 0 0 0 0 0 0 -0.091586 0.016317 0.25702 0.0057756 0.026627 0.00036757 0 0
-0 -0 -0.043093 0 0 0 0 0 0 0 0 0 0 0.014439 -0.0025725 -0.04052 -0.0015252 -0.0040197 -0.00028827 0 0
-0 -0 -0.25283 0 0 0 0 0 0 0 0 0 0 0.084713 -0.015093 -0.23774 -0.011181 -0.022456 -0.0025585 0 0
0 0 0.034216 0 0 0 0 0 0 0 0 0 0 -0.011464 0.0020425 0.032173 0.0010947 0.0032363 0.0001846 0 0
-0 -0 -0.25688 0 0 0 0 0 0 0 0 0 0 0.086071 -0.015335 -0.24155 -0.011402 -0.022791 -0.0026161 0 0
-0 -0 -0.32226 0 0 0 0 0 0 0 0 0 0 0.10798 -0.019238 -0.30302 -0.015145 -0.028055 -0.0036154 0 0
0 0 0.0037794 0 0 0 0 0 0 0 0 0 0 -0.0012663 0.00022562 0.0035538 0.000126 0.00035562 2.2322e-05 0 0
