-0 -0 -0.11498 0 0 0 0 0 0 0 0 0 0 0.038526 -0.006864 -0.10812 0.010397 -0.017264 0.0048009 0 0
-0 -0 -0.1991 0 0 0 0 0 0 0 0 0 0 0.066711 -0.011886 -0.18722 0.016766 -0.030663 0.0079211 0 0
-0 -0 -0.17007 0 0 0 0 0 0 0 0 0 0 0.056983 -0.010152 -0.15992 0.01469 -0.025972 0.0068834 0 0
0 0 0.32071 0 0 0 0 0 0 0 0 0 0 -0.10746 0.019145 0.30156 -0.03813 0.040002 -0.016127 0 0
0 0 0.32276 0 0 0 0 0 0 0 0 0 0 -0.10814 0.019267 0.30349 -0.038412 0.040213 -0.01624 0 0
-0 -0 -0.18737 0 0 0 0 0 0 0 0 0 0 0.06278 -0.011185 -0.17619 0.015943 -0.02876 0.0075069 0 0
0 0 0.20997 0 0 0 0 0 0 0 0 0 0 -0.070353 0.012534 0.19744 -0.023586 0.027713 -0.010164 0 0
0 0 0.20656 0 0 0 0 0 0 0 0 0 0 -0.06921 0.012331 0.19423 -0.02316 0.027307 -0.0099861 0 0
-0 -0 -0.060603 0 0 0 0 0 0 0 0 0 0 0.020306 -0.0036178 -0.056985 0.005717 -0.0089364 0.0026045 0 0
0 0 0.16776 0 0 0 0 0 0 0 0 0 0 -0.056209 0.010014 0.15774 -0.018403 0.022583 -0.0079911 0 0
-0 -0 -0.020631 0 0 0 0 0 0 0 0 0 0 0.0069127 -0.0012316 -0.0194 0.0020043 -0.0029995 0.00090464 0 0
0 0 0.1403 0 0 0 0 0 0 0 0 0 0 -0.04701 0.0083756 0.13193 -0.015146 0.019121 -0.0066109 0 0
0 0 0.26921 0 0 0 0 0 0 0 0 0 0 -0.090202 0.016071 0.25314 -0.031203 0.034503 -0.013309 0 0
-0 -0 -0.26379 0 0 0 0 0 0 0 0 0 0 0.088384 -0.015747 -0.24804 0.02092 -0.041341 0.010079 0 0
0 0 0.27457 0 0 0 0 0 0 0 0 0 0 -0.091996 0.016391 0.25818 -0.03191 0.035093 -0.013599 0 0
-0 -0 -0.025698 0 0 0 0 0 0 0 0 0 0 0.0086102 -0.001534 -0.024163 0.0024874 -0.003743 0.001124 0 0
0 0 0.2684 0 0 0 0 0 0 0 0 0 0 -0.089932 0.016023 0.25238 -0.031097 0.034414 -0.013266 0 0
-0 -0 -0.0032118 0 0 0 0 0 0 0 0 0 0 0.0010761 -0.00019173 -0.0030201 0.00031592 -0.00046398 0.00014203 0 0
0 0 0.14135 0 0 0 0 0 0 0 0 0 0 -0.047361 0.0084382 0.13291 -0.015268 0.019255 -0.006663 0 0
0 0 0.16057 0 0 0 0 0 0 0 0 0 0 -0.053802 0.0095857 0.15099 -0.017542 0.021686 -0.0076275 0 0
0 0 0.24941 0 0 0 0 0 0 0 0 0 0 -0.083568 0.014889 0.23452 -0.028614 0.032288 -0.012246 0 0
-0 -0 -0.038117 0 0 0 0 0 0 0 0 0 0 0.012772 -0.0022755 -0.035842 0.0036564 -0.0055767 0.0016569 0 0
0 0 0.0090929 0 0 0 0 0 0 0 0 0 0 -0.0030467 0.00054281 0.0085501 -0.00090213 0.0013075 -0.00040447 0 0
-0 -0 -0.13538 0 0 0 0 0 0 0 0 0 0 0.045359 -0.0080815 -0.1273 0.01204 -0.020458 0.005589 0 0
-0 -0 -0.34111 0 0 0 0 0 0 0 0 0 0 0.11429 -0.020363 -0.32074 0.02501 -0.054465 0.01237 0 0
-0 -0 -0.1307 0 0 0 0 0 0 0 0 0 0 0.043793 -0.0078024 -0.1229 0.011669 -0.019722 0.0054101 0 0
0 0 0.029208 0 0 0 0 0 0 0 0 0 0 -0.0097864 0.0017436 0.027464 -0.0029381 0.0041679 -0.0013115 0 0
-0 -0 -0.28429 0 0 0 0 0 0 0 0 0 0 0.095254 -0.016971 -0.26732 0.022099 -0.044786 0.010718 0 0
0 0 0.1629 0 0 0 0 0 0 0 0 0 0 -0.05458 0.0097243 0.15317 -0.017819 0.021977 -0.0077448 0 0
0 0 0.33644 0 0 0 0 0 0 0 0 0 0 -0.11273 0.020084 0.31636 -0.040301 0.041605 -0.017002 0 0
-0 -0 -0.0084204 0 0 0 0 0 0 0 0 0 0 0.0028214 -0.00050267 -0.0079178 0.00082522 -0.0012188 0.00037143 0 0
0 0 0.027117 0 0 0 0 0 0 0 0 0 0 -0.0090857 0.0016188 0.025498 -0.0027238 0.0038726 -0.0012164 0 0
0 0 0.062057 0 0 0 0 0 0 0 0 0 0 -0.020793 0.0037046 0.058352 -0.0063802 0.0087414 -0.0028284 0 0
-0 -0 -0.046592 0 0 0 0 0 0 0 0 0 0 0.015611 -0.0027814 -0.043811 0.0044415 -0.006837 0.0020167 0 0
0 0 0.016294 0 0 0 0 0 0 0 0 0 0 -0.0054596 0.00097272 0.015322 -0.0016247 0.0023367 -0.00072728 0 0
0 0 0.25452 0 0 0 0 0 0 0 0 0 0 -0.085278 0.015194 0.23932 -0.029277 0.032864 -0.012519 0 0
-0 -0 -0.14552 0 0 0 0 0 0 0 0 0 0 0.048759 -0.0086871 -0.13684 0.012834 -0.02206 0.0059736 0 0
0 0 0.18787 0 0 0 0 0 0 0 0 0 0 -0.062948 0.011215 0.17666 -0.020846 0.025056 -0.009019 0 0
0 0 0.27728 0 0 0 0 0 0 0 0 0 0 -0.092906 0.016553 0.26073 -0.03227 0.03539 -0.013746 0 0
0 0 0.12225 0 0 0 0 0 0 0 0 0 0 -0.04096 0.0072977 0.11495 -0.013054 0.016793 -0.0057177 0 0
0 0 0.16426 0 0 0 0 0 0 0 0 0 0 -0.055037 0.0098058 0.15446 -0.017983 0.022147 -0.0078139 0 0
-0 -0 -0.13483 0 0 0 0 0 0 0 0 0 0 0.045176 -0.0080488 -0.12678 0.011997 -0.020371 0.0055681 0 0
0 0 0.29593 0 0 0 0 0 0 0 0 0 0 -0.099156 0.017666 0.27827 -0.034764 0.037405 -0.014762 0 0
-0 -0 -0.18291 0 0 0 0 0 0 0 0 0 0 0.061285 -0.010919 -0.17199 0.015624 -0.028038 0.0073475 0 0
-0 -0 -0.11799 0 0 0 0 0 0 0 0 0 0 0.039532 -0.0070433 -0.11094 0.010643 -0.017732 0.0049182 0 0
0 0 0.071696 0 0 0 0 0 0 0 0 0 0 -0.024023 0.00428 0.067416 -0.0074175 0.01006 -0.0032817 0 0
0 0 0.034403 0 0 0 0 0 0 0 0 0 0 -0.011527 0.0020537 0.032349 -0.0034728 0.0048994 -0.0015485 0 0
0 0 0.09646 0 0 0 0 0 0 0 0 0 0 -0.03232 0.0057583 0.090702 -0.010138 0.013397 -0.0044629 0 0
-0 -0 -0.14576 0 0 0 0 0 0 0 0 0 0 0.048837 -0.0087011 -0.13705 0.012852 -0.022097 0.0059824 0 0
0 0 0.2434 0 0 0 0 0 0 0 0 0 0 -0.081554 0.01453 0.22887 -0.027837 0.031605 -0.011925 0 0
-0 -0 -0.24687 0 0 0 0 0 0 0 0 0 0 0.082716 -0.014737 -0.23213 0.019898 -0.03852 0.0095356 0 0
0 0 0.28477 0 0 0 0 0 0 0 0 0 0 -0.095416 0.017 0.26777 -0.033267 0.036206 -0.014153 0 0
-0 -0 -0.14709 0 0 0 0 0 0 0 0 0 0 0.049285 -0.0087809 -0.13831 0.012955 -0.022309 0.0060327 0 0
0 0 0.13266 0 0 0 0 0 0 0 0 0 0 -0.044449 0.0079194 0.12474 -0.014255 0.018141 -0.0062313 0 0
-0 -0 -0.18819 0 0 0 0 0 0 0 0 0 0 0.063055 -0.011234 -0.17696 0.016001 -0.028893 0.0075361 0 0
-0 -0 -0.19299 0 0 0 0 0 0 0 0 0 0 0.064664 -0.011521 -0.18147 0.01634 -0.029671 0.0077062 0 0
0 0 0.16685 0 0 0 0 0 0 0 0 0 0 -0.055905 0.0099604 0.15689 -0.018294 0.02247 -0.0079451 0 0
0 0 0.15894 0 0 0 0 0 0 0 0 0 0 -0.053253 0.0094879 0.14945 -0.017346 0.021481 -0.0075448 0 0
0 0 0.083856 0 0 0 0 0 0 0 0 0 0 -0.028097 0.0050059 0.07885 -0.0087433 0.011707 -0.0038588 0 0
0 0 0.15639 0 0 0 0 0 0 0 0 0 0 -0.052399 0.0093357 0.14705 -0.017043 0.021161 -0.0074163 0 0
0 0 0.21893 0 0 0 0 0 0 0 0 0 0 -0.073356 0.013069 0.20586 -0.024713 0.028771 -0.010633 0 0
-0 -0 -0.30476 0 0 0 0 0 0 0 0 0 0 0.10211 -0.018193 -0.28657 0.023208 -0.048252 0.011333 0 0
0 0 0.10057 0 0 0 0 0 0 0 0 0 0 -0.033696 0.0060034 0.094563 -0.010597 0.013943 -0.0046611 0 0
0 0 0.24321 0 0 0 0 0 0 0 0 0 0 -0.081489 0.014518 0.22869 -0.027811 0.031582 -0.011915 0 0
-0 -0 -0.047864 0 0 0 0 0 0 0 0 0 0 0.016037 -0.0028573 -0.045007 0.0045585 -0.0070268 0.0020704 0 0
0 0 0.21392 0 0 0 0 0 0 0 0 0 0 -0.071676 0.01277 0.20115 -0.024082 0.02818 -0.01037 0 0
0 0 0.26099 0 0 0 0 0 0 0 0 0 0 -0.087449 0.01558 0.24541 -0.030123 0.033591 -0.012866 0 0
-0 -0 -0.051097 0 0 0 0 0 0 0 0 0 0 0.01712 -0.0030503 -0.048046 0.0048547 -0.0075099 0.0022066 0 0
-0 -0 -0.24891 0 0 0 0 0 0 0 0 0 0 0.0834 -0.014859 -0.23405 0.020023 -0.03886 0.0096021 0 0
0 0 0.19569 0 0 0 0 0 0 0 0 0 0 -0.065568 0.011682 0.18401 -0.021809 0.026004 -0.0094222 0 0
-0 -0 -0.34798 0 0 0 0 0 0 0 0 0 0 0.11659 -0.020773 -0.3272 0.025327 -0.055647 0.012558 0 0
-0 -0 -0.29238 0 0 0 0 0 0 0 0 0 0 0.097966 -0.017454 -0.27493 0.022545 -0.046153 0.010964 0 0
-0 -0 -0.064146 0 0 0 0 0 0 0 0 0 0 0.021493 -0.0038293 -0.060317 0.006035 -0.0094704 0.0027517 0 0
0 0 0.30314 0 0 0 0 0 0 0 0 0 0 -0.10157 0.018096 0.28505 -0.035737 0.03817 -0.015157 0 0
0 0 0.16272 0 0 0 0 0 0 0 0 0 0 -0.05452 0.0097137 0.153 -0.017798 0.021955 -0.0077358 0 0
-0 -0 -0.29108 0 0 0 0 0 0 0 0 0 0 0.097528 -0.017376 -0.2737 0.022474 -0.045932 0.010924 0 0
-0 -0 -0.21142 0 0 0 0 0 0 0 0 0 0 0.070837 -0.012621 -0.19879 0.017608 -0.032673 0.0083485 0 0
-0 -0 -0.31401 0 0 0 0 0 0 0 0 0 0 0.10521 -0.018745 -0.29527 0.023687 -0.049826 0.011604 0 0
0 0 0.34179 0 0 0 0 0 0 0 0 0 0 -0.11452 0.020403 0.32138 -0.041044 0.042141 -0.017301 0 0
0 0 0.25751 0 0 0 0 0 0 0 0 0 0 -0.086281 0.015372 0.24214 -0.029668 0.033201 -0.012679 0 0
-0 -0 -0.22642 0 0 0 0 0 0 0 0 0 0 0.075863 -0.013516 -0.2129 0.018601 -0.035136 0.0088586 0 0
0 0 0.14795 0 0 0 0 0 0 0 0 0 0 -0.049572 0.008832 0.13912 -0.016043 0.020095 -0.0069925 0 0
-0 -0 -0.30135 0 0 0 0 0 0 0 0 0 0 0.10097 -0.017989 -0.28336 0.023028 -0.047672 0.011232 0 0
0 0 0.15608 0 0 0 0 0 0 0 0 0 0 -0.052298 0.0093177 0.14677 -0.017007 0.021123 -0.007401 0 0
0 0 0.12152 0 0 0 0 0 0 0 0 0 0 -0.040716 0.0072542 0.11426 -0.01297 0.016698 -0.0056818 0 0
0 0 0.12436 0 0 0 0 0 0 0 0 0 0 -0.041667 0.0074236 0.11693 -0.013296 0.017067 -0.0058214 0 0
0 0 0.0061889 0 0 0 0 0 0 0 0 0 0 -0.0020737 0.00036946 0.0058195 -0.00061278 0.00089093 -0.00027491 0 0
0 0 0.049323 0 0 0 0 0 0 0 0 0 0 -0.016526 0.0029444 0.046378 -0.0050287 0.0069831 -0.0022352 0 0
0 0 0.18399 0 0 0 0 0 0 0 0 0 0 -0.061646 0.010983 0.173 -0.020371 0.024583 -0.0088193 0 0
-0 -0 -0.27304 0 0 0 0 0 0 0 0 0 0 0.091485 -0.0163 -0.25674 0.021461 -0.042893 0.01037 0 0
-0 -0 -0.13809 0 0 0 0 0 0 0 0 0 0 0.046268 -0.0082433 -0.12984 0.012254 -0.020885 0.0056922 0 0
0 0 0.15685 0 0 0 0 0 0 0 0 0 0 -0.052553 0.0093631 0.14748 -0.017097 0.021218 -0.0074393 0 0
-0 -0 -0.047071 0 0 0 0 0 0 0 0 0 0 0.015772 -0.0028099 -0.044261 0.0044855 -0.0069084 0.0020369 0 0
0 0 0.069261 0 0 0 0 0 0 0 0 0 0 -0.023207 0.0041346 0.065127 -0.0071543 0.0097278 -0.0031669 0 0
0 0 0.31852 0 0 0 0 0 0 0 0 0 0 -0.10672 0.019014 0.2995 -0.03783 0.039776 -0.016005 0 0
0 0 0.17979 0 0 0 0 0 0 0 0 0 0 -0.060239 0.010733 0.16905 -0.019858 0.024068 -0.0086041 0 0
0 0 0.080378 0 0 0 0 0 0 0 0 0 0 -0.026932 0.0047983 0.07558 -0.0083622 0.011238 -0.0036932 0 0
-0 -0 -0.32284 0 0 0 0 0 0 0 0 0 0 0.10817 -0.019272 -0.30356 0.024131 -0.051333 0.011858 0 0
0 0 0.22354 0 0 0 0 0 0 0 0 0 0 -0.074899 0.013344 0.21019 -0.025296 0.029311 -0.010875 0 0
0 0 0.25379 0 0 0 0 0 0 0 0 0 0 -0.085035 0.01515 0.23864 -0.029183 0.032783 -0.01248 0 0
