-0 -0 -0.065595 0 0 0 0 0 0 0 0 0 0 0.02232 -0.0019729 -0.06165 0.0060254 -0.001327 0.002224 0 0
0 0 0.2508 0 0 0 0 0 0 0 0 0 0 -0.085339 0.0075432 0.23571 -0.023484 0.0011409 -0.0085388 0 0
-0 -0 -0.29753 0 0 0 0 0 0 0 0 0 0 0.10124 -0.0089487 -0.27963 0.026364 -0.0093151 0.0098432 0 0
-0 -0 -0.1202 0 0 0 0 0 0 0 0 0 0 0.040901 -0.0036152 -0.11297 0.010967 -0.0027508 0.0040585 0 0
0 0 0.18088 0 0 0 0 0 0 0 0 0 0 -0.06155 0.0054405 0.17 -0.016915 0.0014538 -0.0061705 0 0
-0 -0 -0.22325 0 0 0 0 0 0 0 0 0 0 0.075966 -0.0067148 -0.20982 0.020053 -0.0062113 0.0074591 0 0
-0 -0 -0.30929 0 0 0 0 0 0 0 0 0 0 0.10524 -0.0093026 -0.29069 0.027343 -0.0098525 0.010215 0 0
-0 -0 -0.009441 0 0 0 0 0 0 0 0 0 0 0.0032125 -0.00028396 -0.0088731 0.00087234 -0.00016501 0.00032111 0 0
0 0 0.20115 0 0 0 0 0 0 0 0 0 0 -0.068446 0.00605 0.18905 -0.01882 0.0014133 -0.0068592 0 0
0 0 0.32257 0 0 0 0 0 0 0 0 0 0 -0.10976 0.0097021 0.30317 -0.030195 0.00031329 -0.010942 0 0
-0 -0 -0.27817 0 0 0 0 0 0 0 0 0 0 0.094652 -0.0083664 -0.26143 0.024741 -0.0084579 0.009228 0 0
-0 -0 -0.064341 0 0 0 0 0 0 0 0 0 0 0.021893 -0.0019352 -0.06047 0.005911 -0.0012977 0.0021816 0 0
-0 -0 -0.14575 0 0 0 0 0 0 0 0 0 0 0.049595 -0.0043838 -0.13698 0.013251 -0.0035153 0.0049101 0 0
0 0 0.31793 0 0 0 0 0 0 0 0 0 0 -0.10818 0.0095625 0.29881 -0.029762 0.00038225 -0.010788 0 0
-0 -0 -0.32754 0 0 0 0 0 0 0 0 0 0 0.11145 -0.0098514 -0.30784 0.028848 -0.01071 0.010787 0 0
-0 -0 -0.21722 0 0 0 0 0 0 0 0 0 0 0.073915 -0.0065334 -0.20416 0.019531 -0.0059814 0.0072628 0 0
0 0 0.29693 0 0 0 0 0 0 0 0 0 0 -0.10104 0.0089309 0.27907 -0.027804 0.00066761 -0.010088 0 0
-0 -0 -0.32707 0 0 0 0 0 0 0 0 0 0 0.11129 -0.0098372 -0.30739 0.028809 -0.010687 0.010772 0 0
0 0 0.0031798 0 0 0 0 0 0 0 0 0 0 -0.001082 9.564e-05 0.0029885 -0.00029416 5.3602e-05 -0.00010822 0 0
-0 -0 -0.33193 0 0 0 0 0 0 0 0 0 0 0.11295 -0.0099835 -0.31196 0.029208 -0.010921 0.010924 0 0
0 0 0.20278 0 0 0 0 0 0 0 0 0 0 -0.068999 0.0060989 0.19058 -0.018973 0.0014083 -0.0069143 0 0
0 0 0.33142 0 0 0 0 0 0 0 0 0 0 -0.11277 0.0099682 0.31148 -0.031018 0.00017595 -0.011236 0 0
0 0 0.15611 0 0 0 0 0 0 0 0 0 0 -0.053119 0.0046952 0.14672 -0.014585 0.0014475 -0.0053269 0 0
0 0 0.21131 0 0 0 0 0 0 0 0 0 0 -0.071904 0.0063557 0.1986 -0.019776 0.0013776 -0.0072039 0 0
-0 -0 -0.25311 0 0 0 0 0 0 0 0 0 0 0.086128 -0.0076129 -0.23789 0.022617 -0.0073989 0.0084253 0 0
-0 -0 -0.15161 0 0 0 0 0 0 0 0 0 0 0.051589 -0.00456 -0.14249 0.013772 -0.0036994 0.0051046 0 0
0 0 0.19608 0 0 0 0 0 0 0 0 0 0 -0.06672 0.0058974 0.18428 -0.018343 0.0014273 -0.0066869 0 0
-0 -0 -0.16389 0 0 0 0 0 0 0 0 0 0 0.055769 -0.0049295 -0.15404 0.014861 -0.0040959 0.0055116 0 0
-0 -0 -0.042749 0 0 0 0 0 0 0 0 0 0 0.014546 -0.0012858 -0.040177 0.0039367 -0.00081707 0.0014514 0 0
-0 -0 -0.19376 0 0 0 0 0 0 0 0 0 0 0.06593 -0.0058276 -0.1821 0.017489 -0.005119 0.0064956 0 0
-0 -0 -0.082688 0 0 0 0 0 0 0 0 0 0 0.028136 -0.002487 -0.077714 0.0075802 -0.0017417 0.0028002 0 0
-0 -0 -0.1447 0 0 0 0 0 0 0 0 0 0 0.049236 -0.004352 -0.13599 0.013157 -0.0034825 0.004875 0 0
-0 -0 -0.2367 0 0 0 0 0 0 0 0 0 0 0.080541 -0.0071191 -0.22246 0.021212 -0.0067358 0.0078953 0 0
-0 -0 -0.24979 0 0 0 0 0 0 0 0 0 0 0.084996 -0.0075129 -0.23476 0.022333 -0.0072627 0.0083182 0 0
0 0 0.26535 0 0 0 0 0 0 0 0 0 0 -0.090291 0.007981 0.24939 -0.024848 0.0010145 -0.0090288 0 0
-0 -0 -0.20032 0 0 0 0 0 0 0 0 0 0 0.068163 -0.006025 -0.18827 0.018062 -0.005355 0.0067106 0 0
0 0 0.30959 0 0 0 0 0 0 0 0 0 0 -0.10534 0.0093115 0.29096 -0.028984 0.00050091 -0.01051 0 0
-0 -0 -0.010459 0 0 0 0 0 0 0 0 0 0 0.0035591 -0.00031459 -0.0098303 0.00096635 -0.00018334 0.00035573 0 0
-0 -0 -0.18166 0 0 0 0 0 0 0 0 0 0 0.061815 -0.0054639 -0.17074 0.016428 -0.0046946 0.0060981 0 0
0 0 0.027552 0 0 0 0 0 0 0 0 0 0 -0.009375 0.00082867 0.025894 -0.0025541 0.00043131 -0.00093853 0 0
0 0 0.24252 0 0 0 0 0 0 0 0 0 0 -0.082522 0.0072942 0.22793 -0.022707 0.0012034 -0.0082595 0 0
-0 -0 -0.043342 0 0 0 0 0 0 0 0 0 0 0.014748 -0.0013036 -0.040735 0.0039911 -0.00082967 0.0014715 0 0
0 0 0.2267 0 0 0 0 0 0 0 0 0 0 -0.07714 0.0068185 0.21307 -0.021222 0.0013038 -0.0077251 0 0
0 0 0.30725 0 0 0 0 0 0 0 0 0 0 -0.10455 0.009241 0.28876 -0.028766 0.00053295 -0.010432 0 0
-0 -0 -0.096834 0 0 0 0 0 0 0 0 0 0 0.03295 -0.0029125 -0.091009 0.0088616 -0.0021063 0.0032757 0 0
0 0 0.18236 0 0 0 0 0 0 0 0 0 0 -0.062051 0.0054848 0.17139 -0.017053 0.0014522 -0.0062207 0 0
0 0 0.11414 0 0 0 0 0 0 0 0 0 0 -0.038838 0.003433 0.10727 -0.010643 0.0012968 -0.003895 0 0
0 0 0.33012 0 0 0 0 0 0 0 0 0 0 -0.11233 0.0099289 0.31026 -0.030896 0.0001967 -0.011192 0 0
0 0 0.29956 0 0 0 0 0 0 0 0 0 0 -0.10193 0.0090098 0.28154 -0.028048 0.00063438 -0.010175 0 0
-0 -0 -0.053043 0 0 0 0 0 0 0 0 0 0 0.018049 -0.0015954 -0.049852 0.0048792 -0.0010406 0.0017998 0 0
-0 -0 -0.043384 0 0 0 0 0 0 0 0 0 0 0.014762 -0.0013049 -0.040774 0.0039949 -0.00083056 0.0014729 0 0
-0 -0 -0.17866 0 0 0 0 0 0 0 0 0 0 0.060792 -0.0053735 -0.16791 0.016164 -0.0045912 0.0059991 0 0
-0 -0 -0.088755 0 0 0 0 0 0 0 0 0 0 0.030201 -0.0026695 -0.083416 0.0081304 -0.0018957 0.0030043 0 0
-0 -0 -0.057434 0 0 0 0 0 0 0 0 0 0 0.019543 -0.0017274 -0.053979 0.0052805 -0.001139 0.0019483 0 0
0 0 0.20085 0 0 0 0 0 0 0 0 0 0 -0.068343 0.006041 0.18877 -0.018792 0.0014142 -0.006849 0 0
0 0 0.29459 0 0 0 0 0 0 0 0 0 0 -0.10024 0.0088604 0.27687 -0.027585 0.00069676 -0.010009 0 0
-0 -0 -0.13801 0 0 0 0 0 0 0 0 0 0 0.04696 -0.0041509 -0.12971 0.012561 -0.0032771 0.0046525 0 0
0 0 0.20423 0 0 0 0 0 0 0 0 0 0 -0.069495 0.0061427 0.19195 -0.01911 0.0014036 -0.0069638 0 0
-0 -0 -0.096105 0 0 0 0 0 0 0 0 0 0 0.032702 -0.0028906 -0.090324 0.0087957 -0.0020871 0.0032513 0 0
0 0 0.13693 0 0 0 0 0 0 0 0 0 0 -0.046594 0.0041185 0.12869 -0.012783 0.0014005 -0.004673 0 0
-0 -0 -0.18926 0 0 0 0 0 0 0 0 0 0 0.064399 -0.0056923 -0.17787 0.017095 -0.0049595 0.0063478 0 0
-0 -0 -0.14773 0 0 0 0 0 0 0 0 0 0 0.050267 -0.0044432 -0.13884 0.013427 -0.003577 0.0049757 0 0
0 0 0.25061 0 0 0 0 0 0 0 0 0 0 -0.085275 0.0075376 0.23553 -0.023466 0.0011424 -0.0085325 0 0
0 0 0.33014 0 0 0 0 0 0 0 0 0 0 -0.11234 0.0099296 0.31028 -0.030899 0.00019631 -0.011193 0 0
-0 -0 -0.057026 0 0 0 0 0 0 0 0 0 0 0.019404 -0.0017152 -0.053596 0.0052433 -0.0011298 0.0019345 0 0
0 0 0.23063 0 0 0 0 0 0 0 0 0 0 -0.078478 0.0069368 0.21676 -0.021591 0.0012812 -0.0078581 0 0
-0 -0 -0.086771 0 0 0 0 0 0 0 0 0 0 0.029526 -0.0026098 -0.081551 0.0079506 -0.001845 0.0029376 0 0
0 0 0.34424 0 0 0 0 0 0 0 0 0 0 -0.11714 0.010354 0.32353 -0.032209 -3.6819e-05 -0.01166 0 0
-0 -0 -0.32979 0 0 0 0 0 0 0 0 0 0 0.11222 -0.0099192 -0.30995 0.029033 -0.010818 0.010858 0 0
-0 -0 -0.23063 0 0 0 0 0 0 0 0 0 0 0.078478 -0.0069368 -0.21676 0.02069 -0.0064972 0.0076988 0 0
-0 -0 -0.29494 0 0 0 0 0 0 0 0 0 0 0.10036 -0.0088709 -0.2772 0.026148 -0.0091986 0.0097612 0 0
0 0 0.34287 0 0 0 0 0 0 0 0 0 0 -0.11667 0.010312 0.32224 -0.032081 -1.3221e-05 -0.011615 0 0
-0 -0 -0.2347 0 0 0 0 0 0 0 0 0 0 0.079861 -0.007059 -0.22058 0.02104 -0.0066568 0.0078305 0 0
0 0 0.13866 0 0 0 0 0 0 0 0 0 0 -0.047182 0.0041705 0.13032 -0.012946 0.0014062 -0.004732 0 0
-0 -0 -0.060078 0 0 0 0 0 0 0 0 0 0 0.020443 -0.001807 -0.056464 0.005522 -0.0011992 0.0020376 0 0
-0 -0 -0.093954 0 0 0 0 0 0 0 0 0 0 0.03197 -0.0028259 -0.088302 0.0086011 -0.0020306 0.003179 0 0
-0 -0 -0.24836 0 0 0 0 0 0 0 0 0 0 0.08451 -0.0074699 -0.23342 0.022211 -0.0072043 0.0082721 0 0
0 0 0.10174 0 0 0 0 0 0 0 0 0 0 -0.034618 0.0030599 0.095617 -0.0094804 0.0012186 -0.0034714 0 0
0 0 0.044439 0 0 0 0 0 0 0 0 0 0 -0.015121 0.0013366 0.041766 -0.0041252 0.00065858 -0.0015146 0 0
0 0 0.09977 0 0 0 0 0 0 0 0 0 0 -0.033949 0.0030008 0.093769 -0.0092961 0.0012048 -0.0034042 0 0
0 0 0.21747 0 0 0 0 0 0 0 0 0 0 -0.073999 0.0065408 0.20439 -0.020354 0.0013509 -0.0074125 0 0
0 0 0.088956 0 0 0 0 0 0 0 0 0 0 -0.030269 0.0026755 0.083605 -0.0082831 0.001122 -0.0030348 0 0
0 0 0.0946 0 0 0 0 0 0 0 0 0 0 -0.03219 0.0028453 0.088909 -0.0088117 0.0011667 -0.0032276 0 0
-0 -0 -0.032306 0 0 0 0 0 0 0 0 0 0 0.010993 -0.00097168 -0.030363 0.0029783 -0.00060095 0.0010975 0 0
-0 -0 -0.015388 0 0 0 0 0 0 0 0 0 0 0.0052362 -0.00046284 -0.014463 0.0014211 -0.00027346 0.00052325 0 0
0 0 0.21008 0 0 0 0 0 0 0 0 0 0 -0.071484 0.0063185 0.19744 -0.01966 0.0013825 -0.007162 0 0
-0 -0 -0.099097 0 0 0 0 0 0 0 0 0 0 0.03372 -0.0029805 -0.093135 0.0090661 -0.0021665 0.0033517 0 0
0 0 0.17556 0 0 0 0 0 0 0 0 0 0 -0.059738 0.0052803 0.165 -0.016414 0.0014576 -0.0059893 0 0
-0 -0 -0.28147 0 0 0 0 0 0 0 0 0 0 0.095777 -0.0084658 -0.26454 0.025019 -0.0086019 0.0093334 0 0
0 0 0.22281 0 0 0 0 0 0 0 0 0 0 -0.075815 0.0067014 0.2094 -0.020856 0.0013247 -0.0075933 0 0
0 0 0.2891 0 0 0 0 0 0 0 0 0 0 -0.098374 0.0086954 0.27171 -0.027072 0.00076284 -0.0098258 0 0
-0 -0 -0.14252 0 0 0 0 0 0 0 0 0 0 0.048497 -0.0042867 -0.13395 0.012964 -0.0034153 0.0048028 0 0
0 0 0.33145 0 0 0 0 0 0 0 0 0 0 -0.11278 0.0099691 0.31151 -0.031021 0.00017543 -0.011237 0 0
0 0 0.14257 0 0 0 0 0 0 0 0 0 0 -0.048512 0.004288 0.13399 -0.013313 0.0014181 -0.0048653 0 0
0 0 0.064887 0 0 0 0 0 0 0 0 0 0 -0.022079 0.0019516 0.060983 -0.0060323 0.0008959 -0.0022127 0 0
-0 -0 -0.21343 0 0 0 0 0 0 0 0 0 0 0.072624 -0.0064193 -0.20059 0.019202 -0.0058385 0.0071391 0 0
0 0 0.02467 0 0 0 0 0 0 0 0 0 0 -0.0083947 0.00074202 0.023186 -0.0022865 0.00038972 -0.0008403 0 0
0 0 0.23986 0 0 0 0 0 0 0 0 0 0 -0.081617 0.0072142 0.22543 -0.022457 0.0012221 -0.0081698 0 0
0 0 0.32148 0 0 0 0 0 0 0 0 0 0 -0.10939 0.0096693 0.30215 -0.030093 0.00032967 -0.010906 0 0
-0 -0 -0.038051 0 0 0 0 0 0 0 0 0 0 0.012948 -0.0011445 -0.035762 0.0035058 -0.00071853 0.0012923 0 0
