-0 -0 -0.16366 0 0 0 0 0 0 0 0 0 0 0.05569 -0.0049225 -0.15382 0.014841 -0.0040883 0.005504 0 0
0 0 0.16423 0 0 0 0 0 0 0 0 0 0 -0.055882 0.0049394 0.15435 -0.015348 0.0014563 -0.0056035 0 0
-0 -0 -0.20746 0 0 0 0 0 0 0 0 0 0 0.070594 -0.0062399 -0.19498 0.018684 -0.0056166 0.0069444 0 0
0 0 0.31195 0 0 0 0 0 0 0 0 0 0 -0.10615 0.0093826 0.29319 -0.029205 0.00046796 -0.010589 0 0
0 0 0.21554 0 0 0 0 0 0 0 0 0 0 -0.073343 0.0064829 0.20258 -0.020173 0.0013597 -0.0073473 0 0
-0 -0 -0.33578 0 0 0 0 0 0 0 0 0 0 0.11426 -0.010099 -0.31558 0.029523 -0.011107 0.011044 0 0
-0 -0 -0.3473 0 0 0 0 0 0 0 0 0 0 0.11818 -0.010446 -0.32641 0.030461 -0.011672 0.011402 0 0
0 0 0.2593 0 0 0 0 0 0 0 0 0 0 -0.088233 0.007799 0.2437 -0.024281 0.0010696 -0.0088253 0 0
-0 -0 -0.14742 0 0 0 0 0 0 0 0 0 0 0.050163 -0.0044339 -0.13855 0.0134 -0.0035674 0.0049655 0 0
0 0 0.06145 0 0 0 0 0 0 0 0 0 0 -0.02091 0.0018482 0.057754 -0.0057115 0.00085892 -0.0020953 0 0
0 0 0.080726 0 0 0 0 0 0 0 0 0 0 -0.027469 0.002428 0.07587 -0.0075129 0.0010512 -0.0027537 0 0
-0 -0 -0.32851 0 0 0 0 0 0 0 0 0 0 0.11178 -0.0098807 -0.30875 0.028928 -0.010756 0.010818 0 0
-0 -0 -0.30094 0 0 0 0 0 0 0 0 0 0 0.1024 -0.0090514 -0.28284 0.026648 -0.0094697 0.0099511 0 0
0 0 0.14541 0 0 0 0 0 0 0 0 0 0 -0.04948 0.0043736 0.13667 -0.01358 0.0014258 -0.0049623 0 0
-0 -0 -0.31956 0 0 0 0 0 0 0 0 0 0 0.10874 -0.0096113 -0.30033 0.028191 -0.010331 0.010537 0 0
-0 -0 -0.023372 0 0 0 0 0 0 0 0 0 0 0.0079528 -0.00070296 -0.021966 0.0021566 -0.00042451 0.00079439 0 0
-0 -0 -0.19924 0 0 0 0 0 0 0 0 0 0 0.067797 -0.0059927 -0.18726 0.017968 -0.0053161 0.0066755 0 0
-0 -0 -0.26925 0 0 0 0 0 0 0 0 0 0 0.09162 -0.0080984 -0.25306 0.023988 -0.0080747 0.0089433 0 0
-0 -0 -0.12279 0 0 0 0 0 0 0 0 0 0 0.041782 -0.0036932 -0.1154 0.011199 -0.0028255 0.0041451 0 0
-0 -0 -0.053351 0 0 0 0 0 0 0 0 0 0 0.018154 -0.0016047 -0.050142 0.0049074 -0.0010474 0.0018103 0 0
-0 -0 -0.29309 0 0 0 0 0 0 0 0 0 0 0.099732 -0.0088154 -0.27546 0.025994 -0.0091159 0.0097027 0 0
-0 -0 -0.30108 0 0 0 0 0 0 0 0 0 0 0.10245 -0.0090556 -0.28297 0.02666 -0.009476 0.0099555 0 0
0 0 0.07401 0 0 0 0 0 0 0 0 0 0 -0.025184 0.002226 0.069558 -0.0068849 0.0009884 -0.0025243 0 0
0 0 0.20129 0 0 0 0 0 0 0 0 0 0 -0.068493 0.0060542 0.18918 -0.018834 0.0014129 -0.0068639 0 0
-0 -0 -0.29093 0 0 0 0 0 0 0 0 0 0 0.098996 -0.0087504 -0.27343 0.025813 -0.0090194 0.0096342 0 0
-0 -0 -0.013519 0 0 0 0 0 0 0 0 0 0 0.0046002 -0.00040662 -0.012706 0.0012487 -0.00023901 0.00045974 0 0
0 0 0.083788 0 0 0 0 0 0 0 0 0 0 -0.028511 0.0025201 0.078748 -0.0077994 0.0010783 -0.0028583 0 0
-0 -0 -0.14669 0 0 0 0 0 0 0 0 0 0 0.049915 -0.004412 -0.13787 0.013335 -0.0035446 0.0049413 0 0
-0 -0 -0.072199 0 0 0 0 0 0 0 0 0 0 0.024567 -0.0021715 -0.067856 0.0066269 -0.0014839 0.0024468 0 0
0 0 0.015425 0 0 0 0 0 0 0 0 0 0 -0.0052486 0.00046393 0.014497 -0.0014285 0.0002507 -0.0005252 0 0
0 0 0.016298 0 0 0 0 0 0 0 0 0 0 -0.0055457 0.00049019 0.015317 -0.0015094 0.00026419 -0.00055494 0 0
0 0 0.18361 0 0 0 0 0 0 0 0 0 0 -0.062478 0.0055225 0.17257 -0.017171 0.0014507 -0.0062633 0 0
0 0 0.32868 0 0 0 0 0 0 0 0 0 0 -0.11184 0.0098858 0.30891 -0.030763 0.00021927 -0.011145 0 0
0 0 0.19816 0 0 0 0 0 0 0 0 0 0 -0.067428 0.00596 0.18624 -0.018539 0.0014219 -0.0067576 0 0
-0 -0 -0.33131 0 0 0 0 0 0 0 0 0 0 0.11274 -0.0099649 -0.31138 0.029157 -0.010891 0.010905 0 0
0 0 0.32639 0 0 0 0 0 0 0 0 0 0 -0.11106 0.009817 0.30676 -0.03055 0.00025492 -0.011069 0 0
0 0 0.084074 0 0 0 0 0 0 0 0 0 0 -0.028608 0.0025287 0.079016 -0.0078261 0.0010808 -0.0028681 0 0
0 0 0.23772 0 0 0 0 0 0 0 0 0 0 -0.08089 0.00715 0.22342 -0.022257 0.0012365 -0.0080976 0 0
-0 -0 -0.25834 0 0 0 0 0 0 0 0 0 0 0.087905 -0.00777 -0.2428 0.023062 -0.007615 0.0085933 0 0
0 0 0.25858 0 0 0 0 0 0 0 0 0 0 -0.087989 0.0077774 0.24303 -0.024214 0.0010759 -0.0088011 0 0
0 0 0.11554 0 0 0 0 0 0 0 0 0 0 -0.039313 0.003475 0.10859 -0.010774 0.0013046 -0.0039427 0 0
-0 -0 -0.18726 0 0 0 0 0 0 0 0 0 0 0.063718 -0.0056321 -0.17599 0.016919 -0.0048891 0.006282 0 0
-0 -0 -0.25066 0 0 0 0 0 0 0 0 0 0 0.085292 -0.0075391 -0.23558 0.022407 -0.0072982 0.0083462 0 0
0 0 0.23285 0 0 0 0 0 0 0 0 0 0 -0.079232 0.0070034 0.21884 -0.021799 0.0012678 -0.0079329 0 0
0 0 0.31605 0 0 0 0 0 0 0 0 0 0 -0.10754 0.0095058 0.29704 -0.029587 0.00040963 -0.010725 0 0
-0 -0 -0.024126 0 0 0 0 0 0 0 0 0 0 0.0082095 -0.00072565 -0.022675 0.0022261 -0.0004391 0.00082 0 0
-0 -0 -0.11964 0 0 0 0 0 0 0 0 0 0 0.040711 -0.0035985 -0.11245 0.010917 -0.0027348 0.0040399 0 0
0 0 0.18786 0 0 0 0 0 0 0 0 0 0 -0.063924 0.0056503 0.17656 -0.017571 0.0014445 -0.0064077 0 0
-0 -0 -0.089879 0 0 0 0 0 0 0 0 0 0 0.030583 -0.0027033 -0.084472 0.0082322 -0.0019247 0.0030421 0 0
0 0 0.080599 0 0 0 0 0 0 0 0 0 0 -0.027426 0.0024242 0.075751 -0.007501 0.00105 -0.0027494 0 0
0 0 0.074935 0 0 0 0 0 0 0 0 0 0 -0.025498 0.0022538 0.070427 -0.0069713 0.00099731 -0.0025559 0 0
-0 -0 -0.13044 0 0 0 0 0 0 0 0 0 0 0.044384 -0.0039232 -0.12259 0.011884 -0.0030496 0.0044003 0 0
-0 -0 -0.17843 0 0 0 0 0 0 0 0 0 0 0.060713 -0.0053665 -0.16769 0.016143 -0.0045833 0.0059914 0 0
-0 -0 -0.31506 0 0 0 0 0 0 0 0 0 0 0.10721 -0.0094761 -0.29611 0.02782 -0.01012 0.010396 0 0
-0 -0 -0.0013908 0 0 0 0 0 0 0 0 0 0 0.00047325 -4.1831e-05 -0.0013071 0.00012861 -2.3758e-05 4.7322e-05 0 0
0 0 0.062225 0 0 0 0 0 0 0 0 0 0 -0.021174 0.0018716 0.058482 -0.0057839 0.00086737 -0.0021218 0 0
0 0 0.052632 0 0 0 0 0 0 0 0 0 0 -0.017909 0.001583 0.049466 -0.0048887 0.00075865 -0.0017942 0 0
0 0 0.056626 0 0 0 0 0 0 0 0 0 0 -0.019268 0.0017032 0.05322 -0.0052613 0.00080503 -0.0019306 0 0
-0 -0 -0.14939 0 0 0 0 0 0 0 0 0 0 0.050834 -0.0044933 -0.14041 0.013575 -0.0036294 0.005031 0 0
0 0 0.19607 0 0 0 0 0 0 0 0 0 0 -0.066717 0.0058972 0.18427 -0.018343 0.0014273 -0.0066866 0 0
0 0 0.23837 0 0 0 0 0 0 0 0 0 0 -0.081112 0.0071695 0.22403 -0.022318 0.0012322 -0.0081196 0 0
-0 -0 -0.18618 0 0 0 0 0 0 0 0 0 0 0.063352 -0.0055997 -0.17498 0.016825 -0.0048515 0.0062467 0 0
0 0 0.25704 0 0 0 0 0 0 0 0 0 0 -0.087465 0.0077311 0.24158 -0.02407 0.0010892 -0.0087493 0 0
0 0 0.19519 0 0 0 0 0 0 0 0 0 0 -0.066417 0.0058707 0.18345 -0.01826 0.0014295 -0.0066567 0 0
-0 -0 -0.07466 0 0 0 0 0 0 0 0 0 0 0.025405 -0.0022455 -0.070168 0.0068508 -0.0015434 0.0025297 0 0
-0 -0 -0.20721 0 0 0 0 0 0 0 0 0 0 0.070508 -0.0062323 -0.19475 0.018662 -0.0056072 0.0069361 0 0
0 0 0.0091503 0 0 0 0 0 0 0 0 0 0 -0.0031136 0.00027521 0.0085998 -0.00084692 0.00015155 -0.00031148 0 0
0 0 0.054756 0 0 0 0 0 0 0 0 0 0 -0.018632 0.0016469 0.051462 -0.0050868 0.00078351 -0.0018668 0 0
-0 -0 -0.2184 0 0 0 0 0 0 0 0 0 0 0.074316 -0.0065689 -0.20526 0.019634 -0.0060261 0.0073012 0 0
-0 -0 -0.098321 0 0 0 0 0 0 0 0 0 0 0.033456 -0.0029572 -0.092407 0.008996 -0.0021458 0.0033257 0 0
-0 -0 -0.33399 0 0 0 0 0 0 0 0 0 0 0.11365 -0.010045 -0.3139 0.029376 -0.01102 0.010988 0 0
-0 -0 -0.040675 0 0 0 0 0 0 0 0 0 0 0.013841 -0.0012234 -0.038228 0.0037465 -0.0007733 0.0013812 0 0
-0 -0 -0.22227 0 0 0 0 0 0 0 0 0 0 0.075632 -0.0066852 -0.2089 0.019968 -0.0061735 0.0074271 0 0
-0 -0 -0.11271 0 0 0 0 0 0 0 0 0 0 0.03835 -0.0033898 -0.10593 0.010293 -0.0025384 0.0038078 0 0
0 0 0.18816 0 0 0 0 0 0 0 0 0 0 -0.064025 0.0056592 0.17684 -0.017599 0.001444 -0.0064178 0 0
0 0 0.26281 0 0 0 0 0 0 0 0 0 0 -0.089426 0.0079045 0.247 -0.02461 0.0010381 -0.0089433 0 0
0 0 0.16448 0 0 0 0 0 0 0 0 0 0 -0.055967 0.004947 0.15458 -0.015372 0.0014565 -0.0056121 0 0
-0 -0 -0.061006 0 0 0 0 0 0 0 0 0 0 0.020759 -0.0018349 -0.057336 0.0056067 -0.0012205 0.002069 0 0
0 0 0.045122 0 0 0 0 0 0 0 0 0 0 -0.015354 0.0013571 0.042408 -0.0041888 0.00066718 -0.0015379 0 0
0 0 0.26551 0 0 0 0 0 0 0 0 0 0 -0.090345 0.0079857 0.24954 -0.024863 0.001013 -0.0090341 0 0
-0 -0 -0.10923 0 0 0 0 0 0 0 0 0 0 0.037167 -0.0032853 -0.10266 0.00998 -0.0024417 0.0036914 0 0
-0 -0 -0.1066 0 0 0 0 0 0 0 0 0 0 0.036273 -0.0032062 -0.10019 0.0097432 -0.0023693 0.0036033 0 0
0 0 0.073369 0 0 0 0 0 0 0 0 0 0 -0.024966 0.0022067 0.068956 -0.0068249 0.00098217 -0.0025024 0 0
-0 -0 -0.32112 0 0 0 0 0 0 0 0 0 0 0.10927 -0.0096583 -0.3018 0.02832 -0.010405 0.010586 0 0
0 0 0.21434 0 0 0 0 0 0 0 0 0 0 -0.072935 0.0064468 0.20145 -0.020061 0.0013649 -0.0073066 0 0
-0 -0 -0.23149 0 0 0 0 0 0 0 0 0 0 0.078771 -0.0069627 -0.21757 0.020764 -0.0065309 0.0077267 0 0
-0 -0 -0.14405 0 0 0 0 0 0 0 0 0 0 0.049017 -0.0043327 -0.13539 0.0131 -0.0034626 0.0048536 0 0
-0 -0 -0.0074084 0 0 0 0 0 0 0 0 0 0 0.0025209 -0.00022282 -0.0069627 0.00068466 -0.00012874 0.000252 0 0
-0 -0 -0.10929 0 0 0 0 0 0 0 0 0 0 0.037189 -0.0032872 -0.10272 0.0099858 -0.0024434 0.0036935 0 0
0 0 0.15634 0 0 0 0 0 0 0 0 0 0 -0.053199 0.0047023 0.14694 -0.014607 0.0014478 -0.0053349 0 0
-0 -0 -0.13622 0 0 0 0 0 0 0 0 0 0 0.046353 -0.0040972 -0.12803 0.012402 -0.003223 0.0045931 0 0
0 0 0.14009 0 0 0 0 0 0 0 0 0 0 -0.047669 0.0042135 0.13166 -0.01308 0.0014107 -0.0047807 0 0
0 0 0.24012 0 0 0 0 0 0 0 0 0 0 -0.081707 0.0072221 0.22568 -0.022482 0.0012202 -0.0081787 0 0
-0 -0 -0.18252 0 0 0 0 0 0 0 0 0 0 0.062105 -0.0054896 -0.17154 0.016503 -0.0047241 0.0061262 0 0
0 0 0.20908 0 0 0 0 0 0 0 0 0 0 -0.071146 0.0062886 0.19651 -0.019566 0.0013863 -0.0071283 0 0
0 0 0.044945 0 0 0 0 0 0 0 0 0 0 -0.015294 0.0013518 0.042241 -0.0041723 0.00066495 -0.0015319 0 0
0 0 0.31715 0 0 0 0 0 0 0 0 0 0 -0.10792 0.009539 0.29808 -0.02969 0.00039362 -0.010762 0 0
-0 -0 -0.22525 0 0 0 0 0 0 0 0 0 0 0.076647 -0.0067749 -0.2117 0.020226 -0.0062882 0.007524 0 0
0 0 0.2977 0 0 0 0 0 0 0 0 0 0 -0.1013 0.0089541 0.2798 -0.027875 0.00065792 -0.010113 0 0
0 0 0.10566 0 0 0 0 0 0 0 0 0 0 -0.035952 0.0031779 0.099302 -0.009848 0.001245 -0.0036053 0 0
