-0 -0 -0 0.083714 0 0 0 0 -4.0908e-18 5.3854e-17 5.7342e-17 0.073719 -0.028049 0.028049 0 0
0 0 0 0.18956 0 0 0 0 -4.0908e-18 5.3854e-17 5.7342e-17 0.16693 -0.063515 0.063515 0 0
-0 -0 -0 0.14634 0 0 0 0 -4.0908e-18 5.3854e-17 5.7342e-17 0.12887 -0.049032 0.049032 0 0
0 0 0 0.10633 0 0 0 0 -4.0908e-18 5.3854e-17 5.7342e-17 0.093631 -0.035626 0.035626 0 0
-0 -0 -0 0.045297 0 0 0 0 -4.0908e-18 5.3854e-17 5.7342e-17 0.039889 -0.015177 0.015177 0 0
-0 -0 -0 0.023307 0 0 0 0 -4.0908e-18 5.3854e-17 5.7342e-17 0.020524 -0.0078091 0.0078091 0 0
0 0 0 0.13156 0 0 0 0 -4.0908e-18 5.3854e-17 5.7342e-17 0.11585 -0.04408 0.04408 0 0
-0 -0 -0 0.073 0 0 0 0 -4.0908e-18 5.3854e-17 5.7342e-17 0.064284 -0.024459 0.024459 0 0
-0 -0 -0 0.13363 0 0 0 0 -4.0908e-18 5.3854e-17 5.7342e-17 0.11768 -0.044775 0.044775 0 0
-0 -0 -0 0.064567 0 0 0 0 -4.0908e-18 5.3854e-17 5.7342e-17 0.056858 -0.021634 0.021634 0 0
-0 -0 -0 0.062212 0 0 0 0 -4.0908e-18 5.3854e-17 5.7342e-17 0.054785 -0.020845 0.020845 0 0
-0 -0 -0 0.054165 0 0 0 0 -4.0908e-18 5.3854e-17 5.7342e-17 0.047698 -0.018148 0.018148 0 0
-0 -0 -0 0.16324 0 0 0 0 -4.0908e-18 5.3854e-17 5.7342e-17 0.14375 -0.054694 0.054694 0 0
-0 -0 -0 0.14028 0 0 0 0 -4.0908e-18 5.3854e-17 5.7342e-17 0.12353 -0.047001 0.047001 0 0
0 0 0 0.16172 0 0 0 0 -4.0908e-18 5.3854e-17 5.7342e-17 0.14241 -0.054186 0.054186 0 0
0 0 0 0.023038 0 0 0 0 -4.0908e-18 5.3854e-17 5.7342e-17 0.020287 -0.007719 0.007719 0 0
0 0 0 0.10866 0 0 0 0 -4.0908e-18 5.3854e-17 5.7342e-17 0.095689 -0.036409 0.036409 0 0
0 0 0 0.029606 0 0 0 0 -4.0908e-18 5.3854e-17 5.7342e-17 0.026071 -0.0099197 0.0099197 0 0
0 0 0 0.15361 0 0 0 0 -4.0908e-18 5.3854e-17 5.7342e-17 0.13527 -0.05147 0.05147 0 0
-0 -0 -0 0.10171 0 0 0 0 -4.0908e-18 5.3854e-17 5.7342e-17 0.089568 -0.03408 0.03408 0 0
0 0 0 0.021779 0 0 0 0 -4.0908e-18 5.3854e-17 5.7342e-17 0.019179 -0.0072973 0.0072973 0 0
-0 -0 -0 0.033147 0 0 0 0 -4.0908e-18 5.3854e-17 5.7342e-17 0.02919 -0.011106 0.011106 0 0
-0 -0 -0 0.11067 0 0 0 0 -4.0908e-18 5.3854e-17 5.7342e-17 0.097455 -0.03708 0.03708 0 0
0 0 0 0.093122 0 0 0 0 -4.0908e-18 5.3854e-17 5.7342e-17 0.082004 -0.031201 0.031201 0 0
-0 -0 -0 0.13409 0 0 0 0 -4.0908e-18 5.3854e-17 5.7342e-17 0.11808 -0.044929 0.044929 0 0
0 0 0 0.14105 0 0 0 0 -4.0908e-18 5.3854e-17 5.7342e-17 0.12421 -0.047262 0.047262 0 0
0 0 0 0.10541 0 0 0 0 -4.0908e-18 5.3854e-17 5.7342e-17 0.092828 -0.03532 0.03532 0 0
-0 -0 -0 0.024282 0 0 0 0 -4.0908e-18 5.3854e-17 5.7342e-17 0.021383 -0.0081359 0.0081359 0 0
0 0 0 0.1694 0 0 0 0 -4.0908e-18 5.3854e-17 5.7342e-17 0.14918 -0.05676 0.05676 0 0
-0 -0 -0 0.13941 0 0 0 0 -4.0908e-18 5.3854e-17 5.7342e-17 0.12276 -0.04671 0.04671 0 0
-0 -0 -0 0.16304 0 0 0 0 -4.0908e-18 5.3854e-17 5.7342e-17 0.14358 -0.054629 0.054629 0 0
0 0 0 0.029046 0 0 0 0 -4.0908e-18 5.3854e-17 5.7342e-17 0.025578 -0.0097321 0.0097321 0 0
-0 -0 -0 0.099825 0 0 0 0 -4.0908e-18 5.3854e-17 5.7342e-17 0.087907 -0.033448 0.033448 0 0
-0 -0 -0 0.14474 0 0 0 0 -4.0908e-18 5.3854e-17 5.7342e-17 0.12746 -0.048495 0.048495 0 0
-0 -0 -0 0.071799 0 0 0 0 -4.0908e-18 5.3854e-17 5.7342e-17 0.063227 -0.024057 0.024057 0 0
-0 -0 -0 0.064735 0 0 0 0 -4.0908e-18 5.3854e-17 5.7342e-17 0.057006 -0.02169 0.02169 0 0
-0 -0 -0 0.057784 0 0 0 0 -4.0908e-18 5.3854e-17 5.7342e-17 0.050885 -0.019361 0.019361 0 0
-0 -0 -0 0.07353 0 0 0 0 -4.0908e-18 5.3854e-17 5.7342e-17 0.064751 -0.024637 0.024637 0 0
0 0 0 0.17588 0 0 0 0 -4.0908e-18 5.3854e-17 5.7342e-17 0.15488 -0.05893 0.05893 0 0
-0 -0 -0 0.012308 0 0 0 0 -4.0908e-18 5.3854e-17 5.7342e-17 0.010839 -0.0041239 0.0041239 0 0
-0 -0 -0 0.017581 0 0 0 0 -4.0908e-18 5.3854e-17 5.7342e-17 0.015482 -0.0058907 0.0058907 0 0
0 0 0 0.08768 0 0 0 0 -4.0908e-18 5.3854e-17 5.7342e-17 0.077212 -0.029378 0.029378 0 0
-0 -0 -0 0.0042475 0 0 0 0 -4.0908e-18 5.3854e-17 5.7342e-17 0.0037403 -0.0014232 0.0014232 0 0
-0 -0 -0 0.18607 0 0 0 0 -4.0908e-18 5.3854e-17 5.7342e-17 0.16386 -0.062346 0.062346 0 0
-0 -0 -0 0.19335 0 0 0 0 -4.0908e-18 5.3854e-17 5.7342e-17 0.17027 -0.064785 0.064785 0 0
0 0 0 0.035768 0 0 0 0 -4.0908e-18 5.3854e-17 5.7342e-17 0.031497 -0.011984 0.011984 0 0
0 0 0 0.10167 0 0 0 0 -4.0908e-18 5.3854e-17 5.7342e-17 0.089534 -0.034067 0.034067 0 0
0 0 0 0.11145 0 0 0 0 -4.0908e-18 5.3854e-17 5.7342e-17 0.098148 -0.037344 0.037344 0 0
-0 -0 -0 0.0058084 0 0 0 0 -4.0908e-18 5.3854e-17 5.7342e-17 0.0051149 -0.0019462 0.0019462 0 0
0 0 0 0.19738 0 0 0 0 -4.0908e-18 5.3854e-17 5.7342e-17 0.17382 -0.066134 0.066134 0 0
-0 -0 -0 0.055135 0 0 0 0 -4.0908e-18 5.3854e-17 5.7342e-17 0.048553 -0.018474 0.018474 0 0
0 0 0 0.051025 0 0 0 0 -4.0908e-18 5.3854e-17 5.7342e-17 0.044933 -0.017096 0.017096 0 0
0 0 0 0.13978 0 0 0 0 -4.0908e-18 5.3854e-17 5.7342e-17 0.12309 -0.046835 0.046835 0 0
0 0 0 0.12405 0 0 0 0 -4.0908e-18 5.3854e-17 5.7342e-17 0.10924 -0.041565 0.041565 0 0
0 0 0 0.098588 0 0 0 0 -4.0908e-18 5.3854e-17 5.7342e-17 0.086818 -0.033033 0.033033 0 0
0 0 0 0.13882 0 0 0 0 -4.0908e-18 5.3854e-17 5.7342e-17 0.12224 -0.046513 0.046513 0 0
-0 -0 -0 0.011339 0 0 0 0 -4.0908e-18 5.3854e-17 5.7342e-17 0.0099856 -0.0037994 0.0037994 0 0
0 0 0 0.11452 0 0 0 0 -4.0908e-18 5.3854e-17 5.7342e-17 0.10085 -0.038372 0.038372 0 0
-0 -0 -0 0.10052 0 0 0 0 -4.0908e-18 5.3854e-17 5.7342e-17 0.088517 -0.03368 0.03368 0 0
0 0 0 0.13459 0 0 0 0 -4.0908e-18 5.3854e-17 5.7342e-17 0.11852 -0.045096 0.045096 0 0
0 0 0 0.079048 0 0 0 0 -4.0908e-18 5.3854e-17 5.7342e-17 0.069611 -0.026486 0.026486 0 0
-0 -0 -0 0.031577 0 0 0 0 -4.0908e-18 5.3854e-17 5.7342e-17 0.027807 -0.01058 0.01058 0 0
0 0 0 0.18896 0 0 0 0 -4.0908e-18 5.3854e-17 5.7342e-17 0.1664 -0.063312 0.063312 0 0
-0 -0 -0 0.039111 0 0 0 0 -4.0908e-18 5.3854e-17 5.7342e-17 0.034441 -0.013105 0.013105 0 0
0 0 0 0.055347 0 0 0 0 -4.0908e-18 5.3854e-17 5.7342e-17 0.048739 -0.018545 0.018545 0 0
0 0 0 0.12472 0 0 0 0 -4.0908e-18 5.3854e-17 5.7342e-17 0.10983 -0.041788 0.041788 0 0
0 0 0 0.018057 0 0 0 0 -4.0908e-18 5.3854e-17 5.7342e-17 0.015901 -0.0060503 0.0060503 0 0
0 0 0 0.0086648 0 0 0 0 -4.0908e-18 5.3854e-17 5.7342e-17 0.0076303 -0.0029032 0.0029032 0 0
0 0 0 0.13487 0 0 0 0 -4.0908e-18 5.3854e-17 5.7342e-17 0.11877 -0.04519 0.04519 0 0
0 0 0 0.048739 0 0 0 0 -4.0908e-18 5.3854e-17 5.7342e-17 0.04292 -0.01633 0.01633 0 0
0 0 0 0.132 0 0 0 0 -4.0908e-18 5.3854e-17 5.7342e-17 0.11624 -0.044227 0.044227 0 0
-0 -0 -0 0.11056 0 0 0 0 -4.0908e-18 5.3854e-17 5.7342e-17 0.097357 -0.037043 0.037043 0 0
0 0 0 0.18237 0 0 0 0 -4.0908e-18 5.3854e-17 5.7342e-17 0.1606 -0.061105 0.061105 0 0
0 0 0 0.09279 0 0 0 0 -4.0908e-18 5.3854e-17 5.7342e-17 0.081712 -0.03109 0.03109 0 0
-0 -0 -0 0.15653 0 0 0 0 -4.0908e-18 5.3854e-17 5.7342e-17 0.13784 -0.052445 0.052445 0 0
-0 -0 -0 0.15777 0 0 0 0 -4.0908e-18 5.3854e-17 5.7342e-17 0.13893 -0.052862 0.052862 0 0
-0 -0 -0 0.19001 0 0 0 0 -4.0908e-18 5.3854e-17 5.7342e-17 0.16732 -0.063665 0.063665 0 0
0 0 0 0.17241 0 0 0 0 -4.0908e-18 5.3854e-17 5.7342e-17 0.15183 -0.057768 0.057768 0 0
0 0 0 0.185 0 0 0 0 -4.0908e-18 5.3854e-17 5.7342e-17 0.16291 -0.061986 0.061986 0 0
-0 -0 -0 0.12099 0 0 0 0 -4.0908e-18 5.3854e-17 5.7342e-17 0.10655 -0.04054 0.04054 0 0
0 0 0 0.076901 0 0 0 0 -4.0908e-18 5.3854e-17 5.7342e-17 0.067719 -0.025766 0.025766 0 0
-0 -0 -0 0.015693 0 0 0 0 -4.0908e-18 5.3854e-17 5.7342e-17 0.013819 -0.0052579 0.0052579 0 0
-0 -0 -0 0.15953 0 0 0 0 -4.0908e-18 5.3854e-17 5.7342e-17 0.14048 -0.053452 0.053452 0 0
0 0 0 0.064299 0 0 0 0 -4.0908e-18 5.3854e-17 5.7342e-17 0.056622 -0.021544 0.021544 0 0
0 0 0 0.16786 0 0 0 0 -4.0908e-18 5.3854e-17 5.7342e-17 0.14782 -0.056242 0.056242 0 0
0 0 0 0.055096 0 0 0 0 -4.0908e-18 5.3854e-17 5.7342e-17 0.048518 -0.01846 0.01846 0 0
0 0 0 0.15331 0 0 0 0 -4.0908e-18 5.3854e-17 5.7342e-17 0.13501 -0.051368 0.051368 0 0
-0 -0 -0 0.12902 0 0 0 0 -4.0908e-18 5.3854e-17 5.7342e-17 0.11362 -0.04323 0.04323 0 0
0 0 0 0.099153 0 0 0 0 -4.0908e-18 5.3854e-17 5.7342e-17 0.087315 -0.033222 0.033222 0 0
0 0 0 0.15181 0 0 0 0 -4.0908e-18 5.3854e-17 5.7342e-17 0.13368 -0.050864 0.050864 0 0
-0 -0 -0 0.11191 0 0 0 0 -4.0908e-18 5.3854e-17 5.7342e-17 0.098549 -0.037497 0.037497 0 0
0 0 0 0.18718 0 0 0 0 -4.0908e-18 5.3854e-17 5.7342e-17 0.16483 -0.062717 0.062717 0 0
-0 -0 -0 0.074601 0 0 0 0 -4.0908e-18 5.3854e-17 5.7342e-17 0.065695 -0.024996 0.024996 0 0
-0 -0 -0 0.13088 0 0 0 0 -4.0908e-18 5.3854e-17 5.7342e-17 0.11525 -0.043853 0.043853 0 0
0 0 0 0.17661 0 0 0 0 -4.0908e-18 5.3854e-17 5.7342e-17 0.15553 -0.059176 0.059176 0 0
0 0 0 0.18124 0 0 0 0 -4.0908e-18 5.3854e-17 5.7342e-17 0.1596 -0.060727 0.060727 0 0
0 0 0 0.007306 0 0 0 0 -4.0908e-18 5.3854e-17 5.7342e-17 0.0064337 -0.002448 0.002448 0 0
0 0 0 0.066078 0 0 0 0 -4.0908e-18 5.3854e-17 5.7342e-17 0.058189 -0.02214 0.02214 0 0
0 0 0 0.19555 0 0 0 0 -4.0908e-18 5.3854e-17 5.7342e-17 0.1722 -0.06552 0.06552 0 0
0 0 0 0.037551 0 0 0 0 -4.0908e-18 5.3854e-17 5.7342e-17 0.033068 -0.012582 0.012582 0 0
