0 0 0.2554 0 0 0 0 0 0 0 0 0 0 -0.086905 0.0076817 0.24004 -0.011309 0.013269 -0.0045189 0 0
-0 -0 -0.32261 0 0 0 0 0 0 0 0 0 0 0.10978 -0.0097032 -0.3032 0.0091388 -0.020413 0.003962 0 0
-0 -0 -0.1268 0 0 0 0 0 0 0 0 0 0 0.043146 -0.0038138 -0.11917 0.0043323 -0.0076308 0.0018127 0 0
0 0 0.022342 0 0 0 0 0 0 0 0 0 0 -0.0076024 0.00067198 0.020998 -0.00085664 0.0012801 -0.00035111 0 0
0 0 0.2076 0 0 0 0 0 0 0 0 0 0 -0.07064 0.006244 0.19511 -0.0089528 0.011029 -0.0035943 0 0
-0 -0 -0.2155 0 0 0 0 0 0 0 0 0 0 0.073327 -0.0064815 -0.20253 0.0068023 -0.013292 0.0028882 0 0
0 0 0.17437 0 0 0 0 0 0 0 0 0 0 -0.059333 0.0052445 0.16388 -0.0073765 0.009402 -0.0029715 0 0
0 0 0.13694 0 0 0 0 0 0 0 0 0 0 -0.046596 0.0041187 0.1287 -0.0056635 0.0075028 -0.0022906 0 0
-0 -0 -0.13483 0 0 0 0 0 0 0 0 0 0 0.045879 -0.0040553 -0.12672 0.0045753 -0.0081333 0.0019168 0 0
-0 -0 -0.012671 0 0 0 0 0 0 0 0 0 0 0.0043116 -0.00038111 -0.011909 0.00047372 -0.00073507 0.00019503 0 0
-0 -0 -0.20969 0 0 0 0 0 0 0 0 0 0 0.07135 -0.0063067 -0.19707 0.0066552 -0.012914 0.0028228 0 0
0 0 0.091409 0 0 0 0 0 0 0 0 0 0 -0.031104 0.0027493 0.08591 -0.0036729 0.0051019 -0.0014931 0 0
-0 -0 -0.040997 0 0 0 0 0 0 0 0 0 0 0.01395 -0.0012331 -0.038531 0.0015005 -0.0024013 0.00062011 0 0
-0 -0 -0.033932 0 0 0 0 0 0 0 0 0 0 0.011546 -0.0010206 -0.03189 0.0012486 -0.0019828 0.00051551 0 0
-0 -0 -0.23015 0 0 0 0 0 0 0 0 0 0 0.078313 -0.0069222 -0.2163 0.0071643 -0.014249 0.0030499 0 0
0 0 0.099845 0 0 0 0 0 0 0 0 0 0 -0.033974 0.003003 0.093839 -0.0040339 0.005554 -0.0016382 0 0
-0 -0 -0.28484 0 0 0 0 0 0 0 0 0 0 0.096922 -0.0085671 -0.2677 0.0083973 -0.017871 0.0036122 0 0
-0 -0 -0.20254 0 0 0 0 0 0 0 0 0 0 0.06892 -0.0060919 -0.19036 0.0064714 -0.012451 0.0027414 0 0
0 0 0.0036699 0 0 0 0 0 0 0 0 0 0 -0.0012488 0.00011038 0.0034492 -0.00013885 0.00021168 -5.7044e-05 0 0
0 0 0.33612 0 0 0 0 0 0 0 0 0 0 -0.11437 0.01011 0.3159 -0.015509 0.016769 -0.0061518 0 0
0 0 0.34151 0 0 0 0 0 0 0 0 0 0 -0.1162 0.010271 0.32096 -0.015799 0.01699 -0.0062637 0 0
0 0 0.1829 0 0 0 0 0 0 0 0 0 0 -0.062235 0.0055011 0.1719 -0.0077762 0.009825 -0.0031298 0 0
-0 -0 -0.21668 0 0 0 0 0 0 0 0 0 0 0.073729 -0.006517 -0.20364 0.006832 -0.013369 0.0029014 0 0
-0 -0 -0.30447 0 0 0 0 0 0 0 0 0 0 0.1036 -0.0091576 -0.28616 0.008794 -0.019188 0.0037979 0 0
-0 -0 -0.26286 0 0 0 0 0 0 0 0 0 0 0.089444 -0.0079061 -0.24705 0.0079243 -0.016407 0.0033941 0 0
0 0 0.16853 0 0 0 0 0 0 0 0 0 0 -0.057347 0.0050689 0.15839 -0.0071049 0.0091103 -0.0028639 0 0
-0 -0 -0.32308 0 0 0 0 0 0 0 0 0 0 0.10993 -0.0097172 -0.30364 0.0091474 -0.020444 0.0039661 0 0
0 0 0.17277 0 0 0 0 0 0 0 0 0 0 -0.058788 0.0051964 0.16238 -0.0073018 0.0093221 -0.002942 0 0
0 0 0.080248 0 0 0 0 0 0 0 0 0 0 -0.027306 0.0024136 0.075421 -0.003201 0.0044986 -0.0013029 0 0
-0 -0 -0.041791 0 0 0 0 0 0 0 0 0 0 0.01422 -0.0012569 -0.039277 0.0015287 -0.0024485 0.00063181 0 0
0 0 0.12442 0 0 0 0 0 0 0 0 0 0 -0.042337 0.0037422 0.11694 -0.005106 0.0068525 -0.0020679 0 0
0 0 0.040322 0 0 0 0 0 0 0 0 0 0 -0.013721 0.0012128 0.037897 -0.0015656 0.0022951 -0.00064027 0 0
-0 -0 -0.34684 0 0 0 0 0 0 0 0 0 0 0.11802 -0.010432 -0.32598 0.0095666 -0.022059 0.0041695 0 0
-0 -0 -0.17099 0 0 0 0 0 0 0 0 0 0 0.058183 -0.0051429 -0.1607 0.0056223 -0.010422 0.0023691 0 0
-0 -0 -0.24179 0 0 0 0 0 0 0 0 0 0 0.082273 -0.0072722 -0.22724 0.0074423 -0.015014 0.003175 0 0
-0 -0 -0.15586 0 0 0 0 0 0 0 0 0 0 0.053034 -0.0046877 -0.14648 0.0051937 -0.0094589 0.0021831 0 0
-0 -0 -0.10216 0 0 0 0 0 0 0 0 0 0 0.034764 -0.0030728 -0.096019 0.0035629 -0.0061027 0.0014852 0 0
-0 -0 -0.26634 0 0 0 0 0 0 0 0 0 0 0.090627 -0.0080106 -0.25032 0.0080012 -0.016638 0.0034293 0 0
0 0 0.1656 0 0 0 0 0 0 0 0 0 0 -0.05635 0.0049809 0.15564 -0.0069693 0.0089634 -0.0028101 0 0
0 0 0.083598 0 0 0 0 0 0 0 0 0 0 -0.028446 0.0025144 0.07857 -0.003342 0.0046803 -0.0013597 0 0
0 0 0.28845 0 0 0 0 0 0 0 0 0 0 -0.098153 0.0086758 0.2711 -0.012996 0.014746 -0.0051771 0 0
-0 -0 -0.27758 0 0 0 0 0 0 0 0 0 0 0.094453 -0.0083488 -0.26088 0.0082444 -0.017386 0.0035413 0 0
0 0 0.17036 0 0 0 0 0 0 0 0 0 0 -0.057968 0.0051239 0.16011 -0.0071897 0.0092017 -0.0028975 0 0
-0 -0 -0.2495 0 0 0 0 0 0 0 0 0 0 0.084899 -0.0075043 -0.23449 0.007622 -0.015523 0.0032563 0 0
0 0 0.11572 0 0 0 0 0 0 0 0 0 0 -0.039376 0.0034805 0.10876 -0.0047229 0.0063959 -0.0019146 0 0
-0 -0 -0.25304 0 0 0 0 0 0 0 0 0 0 0.086103 -0.0076107 -0.23782 0.0077032 -0.015756 0.0032932 0 0
-0 -0 -0.21815 0 0 0 0 0 0 0 0 0 0 0.074232 -0.0065614 -0.20503 0.006869 -0.013465 0.0029179 0 0
-0 -0 -0.17298 0 0 0 0 0 0 0 0 0 0 0.058859 -0.0052026 -0.16257 0.0056775 -0.010548 0.0023931 0 0
-0 -0 -0.090254 0 0 0 0 0 0 0 0 0 0 0.030711 -0.0027146 -0.084825 0.0031782 -0.0053714 0.0013225 0 0
0 0 0.15514 0 0 0 0 0 0 0 0 0 0 -0.052789 0.0046661 0.14581 -0.0064879 0.0084347 -0.0026189 0 0
0 0 0.12379 0 0 0 0 0 0 0 0 0 0 -0.042122 0.0037232 0.11634 -0.005078 0.0068194 -0.0020567 0 0
-0 -0 -0.15234 0 0 0 0 0 0 0 0 0 0 0.051837 -0.0045819 -0.14317 0.005092 -0.0092361 0.0021392 0 0
0 0 0.33513 0 0 0 0 0 0 0 0 0 0 -0.11404 0.01008 0.31497 -0.015456 0.016729 -0.0061313 0 0
-0 -0 -0.089824 0 0 0 0 0 0 0 0 0 0 0.030564 -0.0027016 -0.08442 0.0031641 -0.005345 0.0013166 0 0
-0 -0 -0.26055 0 0 0 0 0 0 0 0 0 0 0.088657 -0.0078365 -0.24487 0.0078727 -0.016253 0.0033705 0 0
0 0 0.094185 0 0 0 0 0 0 0 0 0 0 -0.032049 0.0028328 0.088519 -0.0037913 0.005251 -0.0015407 0 0
-0 -0 -0.33843 0 0 0 0 0 0 0 0 0 0 0.11516 -0.010179 -0.31807 0.0094223 -0.021486 0.0040989 0 0
-0 -0 -0.010043 0 0 0 0 0 0 0 0 0 0 0.0034172 -0.00030205 -0.0094386 0.00037618 -0.00058206 0.00015482 0 0
-0 -0 -0.13598 0 0 0 0 0 0 0 0 0 0 0.046271 -0.0040899 -0.1278 0.0046099 -0.0082055 0.0019316 0 0
0 0 0.20479 0 0 0 0 0 0 0 0 0 0 -0.069685 0.0061595 0.19247 -0.0088176 0.010894 -0.003541 0 0
0 0 0.1865 0 0 0 0 0 0 0 0 0 0 -0.063462 0.0056094 0.17528 -0.0079461 0.010003 -0.003197 0 0
0 0 0.26 0 0 0 0 0 0 0 0 0 0 -0.088472 0.0078201 0.24436 -0.011541 0.013478 -0.0046097 0 0
-0 -0 -0.29748 0 0 0 0 0 0 0 0 0 0 0.10122 -0.0089472 -0.27958 0.0086555 -0.018718 0.0037327 0 0
0 0 0.30723 0 0 0 0 0 0 0 0 0 0 -0.10454 0.0092405 0.28875 -0.013975 0.015558 -0.0055575 0 0
0 0 0.049566 0 0 0 0 0 0 0 0 0 0 -0.016866 0.0014908 0.046584 -0.0019368 0.0028115 -0.00079118 0 0
0 0 0.073255 0 0 0 0 0 0 0 0 0 0 -0.024927 0.0022033 0.068848 -0.0029085 0.0041178 -0.0011848 0 0
-0 -0 -0.13033 0 0 0 0 0 0 0 0 0 0 0.044348 -0.00392 -0.12249 0.0044396 -0.0078514 0.0018586 0 0
0 0 0.056067 0 0 0 0 0 0 0 0 0 0 -0.019078 0.0016863 0.052694 -0.0022005 0.0031724 -0.00089823 0 0
0 0 0.30603 0 0 0 0 0 0 0 0 0 0 -0.10413 0.0092045 0.28762 -0.013912 0.015507 -0.0055331 0 0
0 0 0.25149 0 0 0 0 0 0 0 0 0 0 -0.085574 0.007564 0.23636 -0.011112 0.01309 -0.004442 0 0
-0 -0 -0.34314 0 0 0 0 0 0 0 0 0 0 0.11676 -0.010321 -0.3225 0.0095037 -0.021806 0.0041387 0 0
-0 -0 -0.042305 0 0 0 0 0 0 0 0 0 0 0.014395 -0.0012724 -0.039761 0.0015469 -0.0024791 0.00063938 0 0
-0 -0 -0.040767 0 0 0 0 0 0 0 0 0 0 0.013872 -0.0012261 -0.038315 0.0014924 -0.0023877 0.00061672 0 0
0 0 0.19574 0 0 0 0 0 0 0 0 0 0 -0.066605 0.0058873 0.18397 -0.0083844 0.010455 -0.0033702 0 0
-0 -0 -0.27055 0 0 0 0 0 0 0 0 0 0 0.09206 -0.0081373 -0.25427 0.0080932 -0.016918 0.0034716 0 0
0 0 0.16253 0 0 0 0 0 0 0 0 0 0 -0.055304 0.0048884 0.15275 -0.0068274 0.0088087 -0.0027537 0 0
-0 -0 -0.34006 0 0 0 0 0 0 0 0 0 0 0.11571 -0.010228 -0.31961 0.0094507 -0.021597 0.0041128 0 0
-0 -0 -0.26883 0 0 0 0 0 0 0 0 0 0 0.091477 -0.0080858 -0.25266 0.0080559 -0.016804 0.0034544 0 0
0 0 0.13155 0 0 0 0 0 0 0 0 0 0 -0.044762 0.0039566 0.12363 -0.0054225 0.0072236 -0.0021944 0 0
-0 -0 -0.039901 0 0 0 0 0 0 0 0 0 0 0.013577 -0.0012001 -0.037501 0.0014616 -0.0023363 0.00060396 0 0
0 0 0.11303 0 0 0 0 0 0 0 0 0 0 -0.03846 0.0033995 0.10623 -0.0046051 0.006254 -0.0018674 0 0
-0 -0 -0.33629 0 0 0 0 0 0 0 0 0 0 0.11443 -0.010115 -0.31606 0.0093849 -0.02134 0.0040808 0 0
0 0 0.13601 0 0 0 0 0 0 0 0 0 0 -0.046281 0.0040908 0.12783 -0.005622 0.0074549 -0.002274 0 0
0 0 0.065168 0 0 0 0 0 0 0 0 0 0 -0.022175 0.0019601 0.061248 -0.0025735 0.0036746 -0.0010493 0 0
0 0 0.23426 0 0 0 0 0 0 0 0 0 0 -0.079711 0.0070458 0.22017 -0.010254 0.012293 -0.0041059 0 0
-0 -0 -0.040488 0 0 0 0 0 0 0 0 0 0 0.013777 -0.0012178 -0.038053 0.0014825 -0.0023712 0.00061262 0 0
0 0 0.10188 0 0 0 0 0 0 0 0 0 0 -0.034667 0.0030643 0.095752 -0.0041216 0.0056627 -0.0016734 0 0
0 0 0.2644 0 0 0 0 0 0 0 0 0 0 -0.08997 0.0079525 0.2485 -0.011764 0.013678 -0.0046968 0 0
-0 -0 -0.15131 0 0 0 0 0 0 0 0 0 0 0.051485 -0.0045508 -0.1422 0.0050621 -0.0091708 0.0021262 0 0
-0 -0 -0.21342 0 0 0 0 0 0 0 0 0 0 0.072621 -0.0064191 -0.20058 0.0067501 -0.013157 0.0028649 0 0
-0 -0 -0.20901 0 0 0 0 0 0 0 0 0 0 0.07112 -0.0062864 -0.19644 0.0066379 -0.01287 0.0028151 0 0
0 0 0.17025 0 0 0 0 0 0 0 0 0 0 -0.057933 0.0051208 0.16001 -0.0071849 0.0091965 -0.0028956 0 0
-0 -0 -0.15644 0 0 0 0 0 0 0 0 0 0 0.053233 -0.0047053 -0.14703 0.0052105 -0.009496 0.0021903 0 0
0 0 0.18908 0 0 0 0 0 0 0 0 0 0 -0.064337 0.0056868 0.1777 -0.0080678 0.010129 -0.0032451 0 0
0 0 0.10517 0 0 0 0 0 0 0 0 0 0 -0.035786 0.0031632 0.098842 -0.0042636 0.0058377 -0.0017304 0 0
-0 -0 -0.28086 0 0 0 0 0 0 0 0 0 0 0.095568 -0.0084473 -0.26396 0.0083139 -0.017605 0.0035734 0 0
-0 -0 -0.18399 0 0 0 0 0 0 0 0 0 0 0.062608 -0.005534 -0.17292 0.0059795 -0.011254 0.0025251 0 0
-0 -0 -0.035811 0 0 0 0 0 0 0 0 0 0 0.012185 -0.0010771 -0.033657 0.0013159 -0.0020939 0.00054343 0 0
0 0 0.05606 0 0 0 0 0 0 0 0 0 0 -0.019076 0.0016861 0.052688 -0.0022002 0.003172 -0.00089811 0 0
-0 -0 -0.05009 0 0 0 0 0 0 0 0 0 0 0.017044 -0.0015066 -0.047077 0.0018206 -0.0029428 0.00075333 0 0
