-0 -0 -0 0.022437 0 0 0 0 -0 0 0 0.02075 -0.0038174 0.0076348 0 0
0 0 0 0.18016 0 0 0 0 -0 0 0 0.16661 -0.030652 0.061304 0 0
-0 -0 -0 0.1512 0 0 0 0 -0 0 0 0.13983 -0.025725 0.05145 0 0
0 0 0 0.043843 0 0 0 0 -0 0 0 0.040546 -0.0074593 0.014919 0 0
-0 -0 -0 0.16014 0 0 0 0 -0 0 0 0.1481 -0.027246 0.054491 0 0
-0 -0 -0 0.0089915 0 0 0 0 -0 0 0 0.0083154 -0.0015298 0.0030596 0 0
0 0 0 0.1771 0 0 0 0 -0 0 0 0.16379 -0.030132 0.060263 0 0
-0 -0 -0 0.13036 0 0 0 0 -0 0 0 0.12056 -0.022179 0.044358 0 0
-0 -0 -0 0.081131 0 0 0 0 -0 0 0 0.075031 -0.013803 0.027607 0 0
-0 -0 -0 0.15501 0 0 0 0 -0 0 0 0.14335 -0.026372 0.052745 0 0
-0 -0 -0 0.14738 0 0 0 0 -0 0 0 0.1363 -0.025075 0.050149 0 0
-0 -0 -0 0.059236 0 0 0 0 -0 0 0 0.054782 -0.010078 0.020156 0 0
-0 -0 -0 0.057774 0 0 0 0 -0 0 0 0.05343 -0.0098295 0.019659 0 0
-0 -0 -0 0.017948 0 0 0 0 -0 0 0 0.016598 -0.0030536 0.0061071 0 0
0 0 0 0.17368 0 0 0 0 -0 0 0 0.16062 -0.029549 0.059099 0 0
0 0 0 0.17167 0 0 0 0 -0 0 0 0.15876 -0.029207 0.058415 0 0
0 0 0 0.12091 0 0 0 0 -0 0 0 0.11182 -0.020571 0.041142 0 0
-0 -0 -0 0.14918 0 0 0 0 -0 0 0 0.13796 -0.025381 0.050762 0 0
0 0 0 0.14812 0 0 0 0 -0 0 0 0.13698 -0.025201 0.050401 0 0
0 0 0 0.095361 0 0 0 0 -0 0 0 0.088191 -0.016224 0.032449 0 0
-0 -0 -0 0.088518 0 0 0 0 -0 0 0 0.081862 -0.01506 0.03012 0 0
-0 -0 -0 0.19735 0 0 0 0 -0 0 0 0.18251 -0.033577 0.067154 0 0
0 0 0 0.12227 0 0 0 0 -0 0 0 0.11308 -0.020803 0.041606 0 0
-0 -0 -0 0.077574 0 0 0 0 -0 0 0 0.071741 -0.013198 0.026396 0 0
-0 -0 -0 0.19588 0 0 0 0 -0 0 0 0.18115 -0.033326 0.066652 0 0
0 0 0 0.15689 0 0 0 0 -0 0 0 0.14509 -0.026692 0.053384 0 0
-0 -0 -0 0.13735 0 0 0 0 -0 0 0 0.12703 -0.023369 0.046738 0 0
0 0 0 0.068061 0 0 0 0 -0 0 0 0.062943 -0.01158 0.023159 0 0
0 0 0 0.079917 0 0 0 0 -0 0 0 0.073908 -0.013597 0.027193 0 0
-0 -0 -0 0.11132 0 0 0 0 -0 0 0 0.10295 -0.018939 0.037878 0 0
0 0 0 0.17173 0 0 0 0 -0 0 0 0.15881 -0.029217 0.058434 0 0
0 0 0 0.097418 0 0 0 0 -0 0 0 0.090093 -0.016574 0.033149 0 0
-0 -0 -0 0.17289 0 0 0 0 -0 0 0 0.15989 -0.029414 0.058828 0 0
0 0 0 0.18839 0 0 0 0 -0 0 0 0.17422 -0.032051 0.064102 0 0
0 0 0 0.093185 0 0 0 0 -0 0 0 0.086178 -0.015854 0.031708 0 0
-0 -0 -0 0.13282 0 0 0 0 -0 0 0 0.12283 -0.022598 0.045195 0 0
0 0 0 0.16576 0 0 0 0 -0 0 0 0.15329 -0.028201 0.056403 0 0
-0 -0 -0 0.16524 0 0 0 0 -0 0 0 0.15281 -0.028113 0.056226 0 0
0 0 0 0.11151 0 0 0 0 -0 0 0 0.10313 -0.018972 0.037944 0 0
0 0 0 0.048193 0 0 0 0 -0 0 0 0.044569 -0.0081993 0.016399 0 0
-0 -0 -0 0.059948 0 0 0 0 -0 0 0 0.05544 -0.010199 0.020399 0 0
-0 -0 -0 0.12978 0 0 0 0 -0 0 0 0.12002 -0.02208 0.04416 0 0
-0 -0 -0 0.012218 0 0 0 0 -0 0 0 0.011299 -0.0020788 0.0041575 0 0
-0 -0 -0 0.092777 0 0 0 0 -0 0 0 0.085801 -0.015785 0.031569 0 0
0 0 0 0.11824 0 0 0 0 -0 0 0 0.10935 -0.020118 0.040235 0 0
-0 -0 -0 0.093955 0 0 0 0 -0 0 0 0.086891 -0.015985 0.03197 0 0
0 0 0 0.0065265 0 0 0 0 -0 0 0 0.0060357 -0.0011104 0.0022208 0 0
-0 -0 -0 0.098565 0 0 0 0 -0 0 0 0.091154 -0.016769 0.033539 0 0
0 0 0 0.11573 0 0 0 0 -0 0 0 0.10703 -0.01969 0.03938 0 0
-0 -0 -0 0.11835 0 0 0 0 -0 0 0 0.10945 -0.020135 0.040271 0 0
-0 -0 -0 0.18431 0 0 0 0 -0 0 0 0.17045 -0.031358 0.062715 0 0
0 0 0 0.16656 0 0 0 0 -0 0 0 0.15404 -0.028338 0.056676 0 0
-0 -0 -0 0.089724 0 0 0 0 -0 0 0 0.082978 -0.015265 0.030531 0 0
0 0 0 0.033267 0 0 0 0 -0 0 0 0.030766 -0.00566 0.01132 0 0
0 0 0 0.046792 0 0 0 0 -0 0 0 0.043273 -0.007961 0.015922 0 0
-0 -0 -0 0.18605 0 0 0 0 -0 0 0 0.17206 -0.031654 0.063307 0 0
-0 -0 -0 0.0049287 0 0 0 0 -0 0 0 0.0045581 -0.00083855 0.0016771 0 0
-0 -0 -0 0.10632 0 0 0 0 -0 0 0 0.098323 -0.018088 0.036177 0 0
-0 -0 -0 0.12192 0 0 0 0 -0 0 0 0.11276 -0.020744 0.041487 0 0
0 0 0 0.008483 0 0 0 0 -0 0 0 0.0078452 -0.0014433 0.0028865 0 0
-0 -0 -0 0.0036881 0 0 0 0 -0 0 0 0.0034108 -0.00062748 0.001255 0 0
-0 -0 -0 0.064438 0 0 0 0 -0 0 0 0.059593 -0.010963 0.021926 0 0
-0 -0 -0 0.014247 0 0 0 0 -0 0 0 0.013175 -0.0024239 0.0048478 0 0
0 0 0 0.12027 0 0 0 0 -0 0 0 0.11123 -0.020463 0.040926 0 0
-0 -0 -0 0.040356 0 0 0 0 -0 0 0 0.037322 -0.006866 0.013732 0 0
0 0 0 0.013234 0 0 0 0 -0 0 0 0.012239 -0.0022516 0.0045033 0 0
0 0 0 0.18325 0 0 0 0 -0 0 0 0.16947 -0.031178 0.062355 0 0
0 0 0 0.12262 0 0 0 0 -0 0 0 0.1134 -0.020862 0.041724 0 0
-0 -0 -0 0.10792 0 0 0 0 -0 0 0 0.099807 -0.018361 0.036723 0 0
-0 -0 -0 0.15347 0 0 0 0 -0 0 0 0.14193 -0.026111 0.052223 0 0
0 0 0 0.11296 0 0 0 0 -0 0 0 0.10446 -0.019218 0.038436 0 0
0 0 0 0.1862 0 0 0 0 -0 0 0 0.1722 -0.03168 0.06336 0 0
0 0 0 0.033682 0 0 0 0 -0 0 0 0.031149 -0.0057305 0.011461 0 0
-0 -0 -0 0.02035 0 0 0 0 -0 0 0 0.01882 -0.0034622 0.0069244 0 0
0 0 0 0.040909 0 0 0 0 -0 0 0 0.037833 -0.0069601 0.01392 0 0
-0 -0 -0 0.1038 0 0 0 0 -0 0 0 0.095991 -0.017659 0.035319 0 0
-0 -0 -0 0.15119 0 0 0 0 -0 0 0 0.13982 -0.025722 0.051445 0 0
0 0 0 0.13068 0 0 0 0 -0 0 0 0.12086 -0.022234 0.044468 0 0
0 0 0 0.024651 0 0 0 0 -0 0 0 0.022797 -0.004194 0.008388 0 0
0 0 0 0.1911 0 0 0 0 -0 0 0 0.17673 -0.032513 0.065026 0 0
-0 -0 -0 0.032731 0 0 0 0 -0 0 0 0.03027 -0.0055688 0.011138 0 0
-0 -0 -0 0.097205 0 0 0 0 -0 0 0 0.089896 -0.016538 0.033076 0 0
-0 -0 -0 0.1487 0 0 0 0 -0 0 0 0.13752 -0.0253 0.0506 0 0
0 0 0 0.093811 0 0 0 0 -0 0 0 0.086757 -0.015961 0.031921 0 0
-0 -0 -0 0.13236 0 0 0 0 -0 0 0 0.12241 -0.022519 0.045039 0 0
-0 -0 -0 0.091886 0 0 0 0 -0 0 0 0.084977 -0.015633 0.031266 0 0
-0 -0 -0 0.18103 0 0 0 0 -0 0 0 0.16742 -0.0308 0.0616 0 0
0 0 0 0.15906 0 0 0 0 -0 0 0 0.1471 -0.027062 0.054124 0 0
0 0 0 0.062493 0 0 0 0 -0 0 0 0.057794 -0.010632 0.021265 0 0
-0 -0 -0 0.04832 0 0 0 0 -0 0 0 0.044687 -0.0082211 0.016442 0 0
0 0 0 0.074341 0 0 0 0 -0 0 0 0.068751 -0.012648 0.025296 0 0
-0 -0 -0 0.19307 0 0 0 0 -0 0 0 0.17855 -0.032848 0.065696 0 0
0 0 0 0.19804 0 0 0 0 -0 0 0 0.18314 -0.033693 0.067386 0 0
-0 -0 -0 0.08769 0 0 0 0 -0 0 0 0.081097 -0.014919 0.029839 0 0
0 0 0 0.12523 0 0 0 0 -0 0 0 0.11582 -0.021307 0.042613 0 0
0 0 0 0.021923 0 0 0 0 -0 0 0 0.020274 -0.0037299 0.0074597 0 0
0 0 0 0.15787 0 0 0 0 -0 0 0 0.146 -0.02686 0.05372 0 0
-0 -0 -0 0.11145 0 0 0 0 -0 0 0 0.10307 -0.018961 0.037923 0 0
-0 -0 -0 0.059076 0 0 0 0 -0 0 0 0.054634 -0.010051 0.020102 0 0
-0 -0 -0 0.14944 0 0 0 0 -0 0 0 0.1382 -0.025425 0.05085 0 0
