0 0 0 0.16906 0 0 0 0 -0 0 0 0.15635 -0.028764 0.057527 0 0
-0 -0 -0 0.19255 0 0 0 0 -0 0 0 0.17808 -0.03276 0.065521 0 0
0 0 0 0.045718 0 0 0 0 -0 0 0 0.04228 -0.0077783 0.015557 0 0
0 0 0 0.049139 0 0 0 0 -0 0 0 0.045444 -0.0083603 0.016721 0 0
-0 -0 -0 0.076831 0 0 0 0 -0 0 0 0.071054 -0.013072 0.026143 0 0
0 0 0 0.19836 0 0 0 0 -0 0 0 0.18344 -0.033748 0.067495 0 0
0 0 0 0.055912 0 0 0 0 -0 0 0 0.051708 -0.0095126 0.019025 0 0
-0 -0 -0 0.18931 0 0 0 0 -0 0 0 0.17507 -0.032208 0.064415 0 0
-0 -0 -0 0.10751 0 0 0 0 -0 0 0 0.099422 -0.018291 0.036581 0 0
0 0 0 0.12814 0 0 0 0 -0 0 0 0.11851 -0.021802 0.043604 0 0
0 0 0 0.053361 0 0 0 0 -0 0 0 0.049349 -0.0090787 0.018157 0 0
0 0 0 0.17666 0 0 0 0 -0 0 0 0.16338 -0.030057 0.060113 0 0
-0 -0 -0 0.12434 0 0 0 0 -0 0 0 0.11499 -0.021155 0.04231 0 0
-0 -0 -0 0.052946 0 0 0 0 -0 0 0 0.048965 -0.0090081 0.018016 0 0
0 0 0 0.14629 0 0 0 0 -0 0 0 0.13529 -0.024889 0.049778 0 0
-0 -0 -0 0.064701 0 0 0 0 -0 0 0 0.059836 -0.011008 0.022016 0 0
0 0 0 0.16586 0 0 0 0 -0 0 0 0.15339 -0.02822 0.056439 0 0
0 0 0 0.040456 0 0 0 0 -0 0 0 0.037414 -0.006883 0.013766 0 0
-0 -0 -0 0.03811 0 0 0 0 -0 0 0 0.035244 -0.0064839 0.012968 0 0
0 0 0 0.075457 0 0 0 0 -0 0 0 0.069784 -0.012838 0.025676 0 0
-0 -0 -0 0.012081 0 0 0 0 -0 0 0 0.011173 -0.0020554 0.0041108 0 0
0 0 0 0.013088 0 0 0 0 -0 0 0 0.012104 -0.0022268 0.0044536 0 0
0 0 0 0.12941 0 0 0 0 -0 0 0 0.11968 -0.022018 0.044036 0 0
0 0 0 0.11367 0 0 0 0 -0 0 0 0.10512 -0.01934 0.038679 0 0
-0 -0 -0 0.10991 0 0 0 0 -0 0 0 0.10165 -0.0187 0.037399 0 0
-0 -0 -0 0.046542 0 0 0 0 -0 0 0 0.043042 -0.0079184 0.015837 0 0
-0 -0 -0 0.15875 0 0 0 0 -0 0 0 0.14681 -0.027009 0.054018 0 0
-0 -0 -0 0.18587 0 0 0 0 -0 0 0 0.1719 -0.031624 0.063247 0 0
-0 -0 -0 0.11289 0 0 0 0 -0 0 0 0.1044 -0.019207 0.038413 0 0
-0 -0 -0 0.16362 0 0 0 0 -0 0 0 0.15132 -0.027838 0.055676 0 0
0 0 0 0.18997 0 0 0 0 -0 0 0 0.17568 -0.03232 0.06464 0 0
-0 -0 -0 0.17852 0 0 0 0 -0 0 0 0.1651 -0.030373 0.060745 0 0
-0 -0 -0 0.1052 0 0 0 0 -0 0 0 0.097286 -0.017898 0.035795 0 0
-0 -0 -0 0.17144 0 0 0 0 -0 0 0 0.15855 -0.029168 0.058336 0 0
-0 -0 -0 0.031376 0 0 0 0 -0 0 0 0.029016 -0.0053381 0.010676 0 0
0 0 0 0.17003 0 0 0 0 -0 0 0 0.15724 -0.028928 0.057856 0 0
0 0 0 0.061499 0 0 0 0 -0 0 0 0.056875 -0.010463 0.020926 0 0
0 0 0 0.16134 0 0 0 0 -0 0 0 0.1492 -0.027449 0.054898 0 0
-0 -0 -0 0.022614 0 0 0 0 -0 0 0 0.020913 -0.0038474 0.0076948 0 0
0 0 0 0.11602 0 0 0 0 -0 0 0 0.1073 -0.01974 0.03948 0 0
-0 -0 -0 0.050646 0 0 0 0 -0 0 0 0.046838 -0.0086168 0.017234 0 0
-0 -0 -0 0.094381 0 0 0 0 -0 0 0 0.087284 -0.016058 0.032115 0 0
-0 -0 -0 0.044325 0 0 0 0 -0 0 0 0.040992 -0.0075413 0.015083 0 0
-0 -0 -0 0.057238 0 0 0 0 -0 0 0 0.052935 -0.0097383 0.019477 0 0
-0 -0 -0 0.035038 0 0 0 0 -0 0 0 0.032404 -0.0059613 0.011923 0 0
0 0 0 0.17038 0 0 0 0 -0 0 0 0.15757 -0.028988 0.057975 0 0
-0 -0 -0 0.12187 0 0 0 0 -0 0 0 0.1127 -0.020734 0.041468 0 0
-0 -0 -0 0.13685 0 0 0 0 -0 0 0 0.12656 -0.023283 0.046567 0 0
-0 -0 -0 0.1722 0 0 0 0 -0 0 0 0.15925 -0.029298 0.058595 0 0
0 0 0 0.019652 0 0 0 0 -0 0 0 0.018174 -0.0033435 0.0066869 0 0
0 0 0 0.14782 0 0 0 0 -0 0 0 0.1367 -0.025149 0.050298 0 0
0 0 0 0.17518 0 0 0 0 -0 0 0 0.16201 -0.029805 0.059609 0 0
0 0 0 0.041915 0 0 0 0 -0 0 0 0.038763 -0.0071313 0.014263 0 0
0 0 0 0.066418 0 0 0 0 -0 0 0 0.061424 -0.0113 0.0226 0 0
0 0 0 0.18287 0 0 0 0 -0 0 0 0.16912 -0.031114 0.062227 0 0
-0 -0 -0 0.12553 0 0 0 0 -0 0 0 0.1161 -0.021358 0.042716 0 0
-0 -0 -0 0.16595 0 0 0 0 -0 0 0 0.15347 -0.028234 0.056468 0 0
0 0 0 0.052405 0 0 0 0 -0 0 0 0.048465 -0.0089161 0.017832 0 0
0 0 0 0.14486 0 0 0 0 -0 0 0 0.13396 -0.024645 0.04929 0 0
0 0 0 0.072386 0 0 0 0 -0 0 0 0.066943 -0.012315 0.024631 0 0
0 0 0 0.033057 0 0 0 0 -0 0 0 0.030571 -0.0056241 0.011248 0 0
0 0 0 0.11912 0 0 0 0 -0 0 0 0.11016 -0.020266 0.040532 0 0
-0 -0 -0 0.18943 0 0 0 0 -0 0 0 0.17519 -0.032229 0.064457 0 0
-0 -0 -0 0.19369 0 0 0 0 -0 0 0 0.17912 -0.032953 0.065907 0 0
-0 -0 -0 0.16009 0 0 0 0 -0 0 0 0.14805 -0.027237 0.054474 0 0
0 0 0 0.042108 0 0 0 0 -0 0 0 0.038942 -0.0071642 0.014328 0 0
0 0 0 0.17184 0 0 0 0 -0 0 0 0.15892 -0.029237 0.058474 0 0
0 0 0 0.10226 0 0 0 0 -0 0 0 0.094572 -0.017398 0.034797 0 0
0 0 0 0.16288 0 0 0 0 -0 0 0 0.15063 -0.027712 0.055424 0 0
-0 -0 -0 0.11873 0 0 0 0 -0 0 0 0.1098 -0.020201 0.040401 0 0
-0 -0 -0 0.042806 0 0 0 0 -0 0 0 0.039588 -0.0072829 0.014566 0 0
0 0 0 0.12084 0 0 0 0 -0 0 0 0.11176 -0.02056 0.041119 0 0
0 0 0 0.13488 0 0 0 0 -0 0 0 0.12474 -0.022948 0.045895 0 0
0 0 0 0.061395 0 0 0 0 -0 0 0 0.056778 -0.010445 0.020891 0 0
-0 -0 -0 0.0081918 0 0 0 0 -0 0 0 0.0075759 -0.0013937 0.0027875 0 0
-0 -0 -0 0.047005 0 0 0 0 -0 0 0 0.043471 -0.0079973 0.015995 0 0
-0 -0 -0 0.022393 0 0 0 0 -0 0 0 0.020709 -0.0038099 0.0076197 0 0
-0 -0 -0 0.086288 0 0 0 0 -0 0 0 0.079799 -0.014681 0.029361 0 0
-0 -0 -0 0.10188 0 0 0 0 -0 0 0 0.09422 -0.017334 0.034667 0 0
0 0 0 0.13089 0 0 0 0 -0 0 0 0.12105 -0.02227 0.04454 0 0
-0 -0 -0 0.10614 0 0 0 0 -0 0 0 0.098161 -0.018059 0.036117 0 0
-0 -0 -0 0.016371 0 0 0 0 -0 0 0 0.01514 -0.0027853 0.0055706 0 0
-0 -0 -0 0.18665 0 0 0 0 -0 0 0 0.17262 -0.031756 0.063512 0 0
-0 -0 -0 0.11745 0 0 0 0 -0 0 0 0.10862 -0.019982 0.039964 0 0
0 0 0 0.049437 0 0 0 0 -0 0 0 0.04572 -0.008411 0.016822 0 0
-0 -0 -0 0.091499 0 0 0 0 -0 0 0 0.084619 -0.015567 0.031135 0 0
-0 -0 -0 0.12166 0 0 0 0 -0 0 0 0.11251 -0.020699 0.041397 0 0
-0 -0 -0 0.028232 0 0 0 0 -0 0 0 0.02611 -0.0048033 0.0096067 0 0
0 0 0 0.13244 0 0 0 0 -0 0 0 0.12248 -0.022532 0.045064 0 0
-0 -0 -0 0.1826 0 0 0 0 -0 0 0 0.16887 -0.031068 0.062135 0 0
-0 -0 -0 0.064699 0 0 0 0 -0 0 0 0.059834 -0.011008 0.022015 0 0
-0 -0 -0 0.15058 0 0 0 0 -0 0 0 0.13925 -0.025619 0.051237 0 0
-0 -0 -0 0.072914 0 0 0 0 -0 0 0 0.067431 -0.012405 0.02481 0 0
0 0 0 0.033805 0 0 0 0 -0 0 0 0.031263 -0.0057515 0.011503 0 0
0 0 0 0.003222 0 0 0 0 -0 0 0 0.0029797 -0.00054817 0.0010963 0 0
0 0 0 0.0013808 0 0 0 0 -0 0 0 0.001277 -0.00023492 0.00046984 0 0
0 0 0 0.12933 0 0 0 0 -0 0 0 0.11961 -0.022004 0.044008 0 0
-0 -0 -0 0.08308 0 0 0 0 -0 0 0 0.076833 -0.014135 0.02827 0 0
0 0 0 0.041651 0 0 0 0 -0 0 0 0.03852 -0.0070864 0.014173 0 0
0 0 0 0.19712 0 0 0 0 -0 0 0 0.1823 -0.033538 0.067076 0 0
