0 0 0 0.03455 0 0 0 0 -4.0908e-18 5.3854e-17 5.7342e-17 0.030425 -0.011576 0.011576 0 0
-0 -0 -0 0.045215 0 0 0 0 -4.0908e-18 5.3854e-17 5.7342e-17 0.039817 -0.01515 0.01515 0 0
-0 -0 -0 0.14686 0 0 0 0 -4.0908e-18 5.3854e-17 5.7342e-17 0.12933 -0.049208 0.049208 0 0
0 0 0 0.020537 0 0 0 0 -4.0908e-18 5.3854e-17 5.7342e-17 0.018085 -0.0068812 0.0068812 0 0
0 0 0 0.0032572 0 0 0 0 -4.0908e-18 5.3854e-17 5.7342e-17 0.0028684 -0.0010914 0.0010914 0 0
0 0 0 0.12729 0 0 0 0 -4.0908e-18 5.3854e-17 5.7342e-17 0.11209 -0.042649 0.042649 0 0
0 0 0 0.018996 0 0 0 0 -4.0908e-18 5.3854e-17 5.7342e-17 0.016728 -0.0063647 0.0063647 0 0
0 0 0 0.025566 0 0 0 0 -4.0908e-18 5.3854e-17 5.7342e-17 0.022514 -0.0085662 0.0085662 0 0
-0 -0 -0 0.14626 0 0 0 0 -4.0908e-18 5.3854e-17 5.7342e-17 0.1288 -0.049007 0.049007 0 0
0 0 0 0.13437 0 0 0 0 -4.0908e-18 5.3854e-17 5.7342e-17 0.11833 -0.045024 0.045024 0 0
-0 -0 -0 0.1487 0 0 0 0 -4.0908e-18 5.3854e-17 5.7342e-17 0.13095 -0.049824 0.049824 0 0
-0 -0 -0 0.15985 0 0 0 0 -4.0908e-18 5.3854e-17 5.7342e-17 0.14077 -0.053561 0.053561 0 0
-0 -0 -0 0.16602 0 0 0 0 -4.0908e-18 5.3854e-17 5.7342e-17 0.1462 -0.055626 0.055626 0 0
-0 -0 -0 0.18881 0 0 0 0 -4.0908e-18 5.3854e-17 5.7342e-17 0.16627 -0.063262 0.063262 0 0
0 0 0 0.090783 0 0 0 0 -4.0908e-18 5.3854e-17 5.7342e-17 0.079944 -0.030418 0.030418 0 0
0 0 0 0.076007 0 0 0 0 -4.0908e-18 5.3854e-17 5.7342e-17 0.066932 -0.025467 0.025467 0 0
0 0 0 0.086471 0 0 0 0 -4.0908e-18 5.3854e-17 5.7342e-17 0.076147 -0.028973 0.028973 0 0
-0 -0 -0 0.17663 0 0 0 0 -4.0908e-18 5.3854e-17 5.7342e-17 0.15554 -0.059182 0.059182 0 0
-0 -0 -0 0.1283 0 0 0 0 -4.0908e-18 5.3854e-17 5.7342e-17 0.11298 -0.042989 0.042989 0 0
0 0 0 0.14441 0 0 0 0 -4.0908e-18 5.3854e-17 5.7342e-17 0.12717 -0.048386 0.048386 0 0
0 0 0 0.16979 0 0 0 0 -4.0908e-18 5.3854e-17 5.7342e-17 0.14952 -0.056891 0.056891 0 0
-0 -0 -0 0.16384 0 0 0 0 -4.0908e-18 5.3854e-17 5.7342e-17 0.14428 -0.054897 0.054897 0 0
-0 -0 -0 0.16315 0 0 0 0 -4.0908e-18 5.3854e-17 5.7342e-17 0.14368 -0.054667 0.054667 0 0
-0 -0 -0 0.10197 0 0 0 0 -4.0908e-18 5.3854e-17 5.7342e-17 0.089796 -0.034166 0.034166 0 0
0 0 0 0.19924 0 0 0 0 -4.0908e-18 5.3854e-17 5.7342e-17 0.17545 -0.066756 0.066756 0 0
0 0 0 0.10437 0 0 0 0 -4.0908e-18 5.3854e-17 5.7342e-17 0.091913 -0.034972 0.034972 0 0
-0 -0 -0 0.14997 0 0 0 0 -4.0908e-18 5.3854e-17 5.7342e-17 0.13207 -0.05025 0.05025 0 0
-0 -0 -0 0.13762 0 0 0 0 -4.0908e-18 5.3854e-17 5.7342e-17 0.12119 -0.046112 0.046112 0 0
-0 -0 -0 0.06492 0 0 0 0 -4.0908e-18 5.3854e-17 5.7342e-17 0.057169 -0.021752 0.021752 0 0
0 0 0 0.085584 0 0 0 0 -4.0908e-18 5.3854e-17 5.7342e-17 0.075366 -0.028676 0.028676 0 0
-0 -0 -0 0.0020766 0 0 0 0 -4.0908e-18 5.3854e-17 5.7342e-17 0.0018287 -0.00069579 0.00069579 0 0
-0 -0 -0 0.12483 0 0 0 0 -4.0908e-18 5.3854e-17 5.7342e-17 0.10992 -0.041825 0.041825 0 0
0 0 0 0.092622 0 0 0 0 -4.0908e-18 5.3854e-17 5.7342e-17 0.081563 -0.031034 0.031034 0 0
-0 -0 -0 0.073913 0 0 0 0 -4.0908e-18 5.3854e-17 5.7342e-17 0.065088 -0.024765 0.024765 0 0
-0 -0 -0 1.5663e-05 0 0 0 0 -4.0908e-18 5.3854e-17 5.7342e-17 1.3793e-05 -5.2481e-06 5.2481e-06 0 0
-0 -0 -0 0.052064 0 0 0 0 -4.0908e-18 5.3854e-17 5.7342e-17 0.045848 -0.017445 0.017445 0 0
0 0 0 0.0025042 0 0 0 0 -4.0908e-18 5.3854e-17 5.7342e-17 0.0022052 -0.00083906 0.00083906 0 0
0 0 0 0.041509 0 0 0 0 -4.0908e-18 5.3854e-17 5.7342e-17 0.036553 -0.013908 0.013908 0 0
0 0 0 0.03241 0 0 0 0 -4.0908e-18 5.3854e-17 5.7342e-17 0.028541 -0.010859 0.010859 0 0
-0 -0 -0 0.024054 0 0 0 0 -4.0908e-18 5.3854e-17 5.7342e-17 0.021182 -0.0080594 0.0080594 0 0
-0 -0 -0 0.021506 0 0 0 0 -4.0908e-18 5.3854e-17 5.7342e-17 0.018939 -0.007206 0.007206 0 0
0 0 0 0.12443 0 0 0 0 -4.0908e-18 5.3854e-17 5.7342e-17 0.10958 -0.041692 0.041692 0 0
-0 -0 -0 0.067082 0 0 0 0 -4.0908e-18 5.3854e-17 5.7342e-17 0.059073 -0.022476 0.022476 0 0
0 0 0 0.16691 0 0 0 0 -4.0908e-18 5.3854e-17 5.7342e-17 0.14698 -0.055926 0.055926 0 0
-0 -0 -0 0.050467 0 0 0 0 -4.0908e-18 5.3854e-17 5.7342e-17 0.044441 -0.016909 0.016909 0 0
0 0 0 0.08269 0 0 0 0 -4.0908e-18 5.3854e-17 5.7342e-17 0.072817 -0.027706 0.027706 0 0
-0 -0 -0 0.17648 0 0 0 0 -4.0908e-18 5.3854e-17 5.7342e-17 0.15541 -0.05913 0.05913 0 0
-0 -0 -0 0.15512 0 0 0 0 -4.0908e-18 5.3854e-17 5.7342e-17 0.1366 -0.051975 0.051975 0 0
0 0 0 0.1281 0 0 0 0 -4.0908e-18 5.3854e-17 5.7342e-17 0.11281 -0.042922 0.042922 0 0
0 0 0 0.088914 0 0 0 0 -4.0908e-18 5.3854e-17 5.7342e-17 0.078299 -0.029792 0.029792 0 0
-0 -0 -0 0.16152 0 0 0 0 -4.0908e-18 5.3854e-17 5.7342e-17 0.14223 -0.054119 0.054119 0 0
0 0 0 0.1059 0 0 0 0 -4.0908e-18 5.3854e-17 5.7342e-17 0.093253 -0.035482 0.035482 0 0
-0 -0 -0 0.042635 0 0 0 0 -4.0908e-18 5.3854e-17 5.7342e-17 0.037544 -0.014285 0.014285 0 0
0 0 0 0.035255 0 0 0 0 -4.0908e-18 5.3854e-17 5.7342e-17 0.031046 -0.011813 0.011813 0 0
-0 -0 -0 0.076991 0 0 0 0 -4.0908e-18 5.3854e-17 5.7342e-17 0.067799 -0.025797 0.025797 0 0
0 0 0 0.0072321 0 0 0 0 -4.0908e-18 5.3854e-17 5.7342e-17 0.0063686 -0.0024232 0.0024232 0 0
0 0 0 0.018416 0 0 0 0 -4.0908e-18 5.3854e-17 5.7342e-17 0.016217 -0.0061703 0.0061703 0 0
-0 -0 -0 0.093945 0 0 0 0 -4.0908e-18 5.3854e-17 5.7342e-17 0.082729 -0.031477 0.031477 0 0
0 0 0 0.049399 0 0 0 0 -4.0908e-18 5.3854e-17 5.7342e-17 0.043501 -0.016552 0.016552 0 0
0 0 0 0.16186 0 0 0 0 -4.0908e-18 5.3854e-17 5.7342e-17 0.14253 -0.054231 0.054231 0 0
0 0 0 0.10592 0 0 0 0 -4.0908e-18 5.3854e-17 5.7342e-17 0.093278 -0.035491 0.035491 0 0
-0 -0 -0 0.15532 0 0 0 0 -4.0908e-18 5.3854e-17 5.7342e-17 0.13678 -0.052042 0.052042 0 0
0 0 0 0.14147 0 0 0 0 -4.0908e-18 5.3854e-17 5.7342e-17 0.12458 -0.047401 0.047401 0 0
0 0 0 0.051071 0 0 0 0 -4.0908e-18 5.3854e-17 5.7342e-17 0.044973 -0.017112 0.017112 0 0
-0 -0 -0 0.1697 0 0 0 0 -4.0908e-18 5.3854e-17 5.7342e-17 0.14944 -0.056861 0.056861 0 0
0 0 0 0.11401 0 0 0 0 -4.0908e-18 5.3854e-17 5.7342e-17 0.1004 -0.038201 0.038201 0 0
0 0 0 0.16194 0 0 0 0 -4.0908e-18 5.3854e-17 5.7342e-17 0.14261 -0.054261 0.054261 0 0
0 0 0 0.16143 0 0 0 0 -4.0908e-18 5.3854e-17 5.7342e-17 0.14216 -0.05409 0.05409 0 0
0 0 0 0.067541 0 0 0 0 -4.0908e-18 5.3854e-17 5.7342e-17 0.059477 -0.02263 0.02263 0 0
0 0 0 0.093264 0 0 0 0 -4.0908e-18 5.3854e-17 5.7342e-17 0.082129 -0.031249 0.031249 0 0
0 0 0 0.049347 0 0 0 0 -4.0908e-18 5.3854e-17 5.7342e-17 0.043455 -0.016534 0.016534 0 0
0 0 0 0.13417 0 0 0 0 -4.0908e-18 5.3854e-17 5.7342e-17 0.11815 -0.044956 0.044956 0 0
0 0 0 0.11142 0 0 0 0 -4.0908e-18 5.3854e-17 5.7342e-17 0.09812 -0.037333 0.037333 0 0
0 0 0 0.016982 0 0 0 0 -4.0908e-18 5.3854e-17 5.7342e-17 0.014955 -0.0056901 0.0056901 0 0
-0 -0 -0 0.089539 0 0 0 0 -4.0908e-18 5.3854e-17 5.7342e-17 0.078849 -0.030001 0.030001 0 0
0 0 0 0.10192 0 0 0 0 -4.0908e-18 5.3854e-17 5.7342e-17 0.089753 -0.03415 0.03415 0 0
-0 -0 -0 0.1349 0 0 0 0 -4.0908e-18 5.3854e-17 5.7342e-17 0.11879 -0.045198 0.045198 0 0
0 0 0 0.095534 0 0 0 0 -4.0908e-18 5.3854e-17 5.7342e-17 0.084128 -0.03201 0.03201 0 0
0 0 0 0.061981 0 0 0 0 -4.0908e-18 5.3854e-17 5.7342e-17 0.054581 -0.020767 0.020767 0 0
-0 -0 -0 0.18618 0 0 0 0 -4.0908e-18 5.3854e-17 5.7342e-17 0.16395 -0.06238 0.06238 0 0
-0 -0 -0 0.079939 0 0 0 0 -4.0908e-18 5.3854e-17 5.7342e-17 0.070395 -0.026784 0.026784 0 0
0 0 0 0.17232 0 0 0 0 -4.0908e-18 5.3854e-17 5.7342e-17 0.15175 -0.057737 0.057737 0 0
0 0 0 0.16351 0 0 0 0 -4.0908e-18 5.3854e-17 5.7342e-17 0.14399 -0.054785 0.054785 0 0
0 0 0 0.19231 0 0 0 0 -4.0908e-18 5.3854e-17 5.7342e-17 0.16935 -0.064434 0.064434 0 0
0 0 0 0.14682 0 0 0 0 -4.0908e-18 5.3854e-17 5.7342e-17 0.12929 -0.049192 0.049192 0 0
-0 -0 -0 0.16309 0 0 0 0 -4.0908e-18 5.3854e-17 5.7342e-17 0.14362 -0.054645 0.054645 0 0
-0 -0 -0 0.1778 0 0 0 0 -4.0908e-18 5.3854e-17 5.7342e-17 0.15658 -0.059575 0.059575 0 0
0 0 0 0.084591 0 0 0 0 -4.0908e-18 5.3854e-17 5.7342e-17 0.074491 -0.028343 0.028343 0 0
-0 -0 -0 0.12363 0 0 0 0 -4.0908e-18 5.3854e-17 5.7342e-17 0.10887 -0.041424 0.041424 0 0
-0 -0 -0 0.15714 0 0 0 0 -4.0908e-18 5.3854e-17 5.7342e-17 0.13837 -0.05265 0.05265 0 0
0 0 0 0.075144 0 0 0 0 -4.0908e-18 5.3854e-17 5.7342e-17 0.066172 -0.025178 0.025178 0 0
-0 -0 -0 0.038055 0 0 0 0 -4.0908e-18 5.3854e-17 5.7342e-17 0.033512 -0.012751 0.012751 0 0
0 0 0 0.089361 0 0 0 0 -4.0908e-18 5.3854e-17 5.7342e-17 0.078692 -0.029941 0.029941 0 0
0 0 0 0.19547 0 0 0 0 -4.0908e-18 5.3854e-17 5.7342e-17 0.17213 -0.065493 0.065493 0 0
0 0 0 0.12284 0 0 0 0 -4.0908e-18 5.3854e-17 5.7342e-17 0.10817 -0.041158 0.041158 0 0
0 0 0 0.094122 0 0 0 0 -4.0908e-18 5.3854e-17 5.7342e-17 0.082885 -0.031537 0.031537 0 0
-0 -0 -0 0.17943 0 0 0 0 -4.0908e-18 5.3854e-17 5.7342e-17 0.15801 -0.06012 0.06012 0 0
0 0 0 0.035981 0 0 0 0 -4.0908e-18 5.3854e-17 5.7342e-17 0.031685 -0.012056 0.012056 0 0
-0 -0 -0 0.090882 0 0 0 0 -4.0908e-18 5.3854e-17 5.7342e-17 0.080031 -0.030451 0.030451 0 0
0 0 0 0.1966 0 0 0 0 -4.0908e-18 5.3854e-17 5.7342e-17 0.17313 -0.065873 0.065873 0 0
