-0 -0 -0.067057 0 0 0 0 0 0 0 0 0 0 0.022468 -0.004003 -0.063054 -0.0012215 -0.0031127 -0.00023765 0 0
-0 -0 -0.15622 0 0 0 0 0 0 0 0 0 0 0.052342 -0.0093255 -0.14689 -0.0031426 -0.0071107 -0.00066838 0 0
0 0 0.24966 0 0 0 0 0 0 0 0 0 0 -0.083652 0.014904 0.23476 0.0027742 0.012136 0.00021806 0 0
-0 -0 -0.32671 0 0 0 0 0 0 0 0 0 0 0.10947 -0.019504 -0.30721 -0.0077057 -0.014202 -0.0018441 0 0
0 0 0.075153 0 0 0 0 0 0 0 0 0 0 -0.025181 0.0044864 0.070667 0.0011336 0.0035773 0.00017682 0 0
-0 -0 -0.28123 0 0 0 0 0 0 0 0 0 0 0.09423 -0.016789 -0.26444 -0.0063794 -0.01239 -0.0014866 0 0
-0 -0 -0.23534 0 0 0 0 0 0 0 0 0 0 0.078853 -0.014049 -0.22129 -0.00512 -0.010501 -0.0011578 0 0
0 0 0.058797 0 0 0 0 0 0 0 0 0 0 -0.0197 0.0035099 0.055287 0.00090837 0.0027917 0.00014645 0 0
-0 -0 -0.19252 0 0 0 0 0 0 0 0 0 0 0.064505 -0.011493 -0.18102 -0.0040188 -0.0086859 -0.00088058 0 0
-0 -0 -0.037335 0 0 0 0 0 0 0 0 0 0 0.012509 -0.0022287 -0.035106 -0.00065601 -0.0017432 -0.00012309 0 0
0 0 0.24327 0 0 0 0 0 0 0 0 0 0 -0.08151 0.014522 0.22875 0.002739 0.011818 0.00022569 0 0
-0 -0 -0.16013 0 0 0 0 0 0 0 0 0 0 0.053654 -0.0095593 -0.15057 -0.0032346 -0.0072822 -0.00069026 0 0
-0 -0 -0.093966 0 0 0 0 0 0 0 0 0 0 0.031484 -0.0056094 -0.088356 -0.0017661 -0.0043374 -0.00035396 0 0
-0 -0 -0.32586 0 0 0 0 0 0 0 0 0 0 0.10918 -0.019453 -0.30641 -0.0076802 -0.014169 -0.0018372 0 0
0 0 0.21837 0 0 0 0 0 0 0 0 0 0 -0.073168 0.013036 0.20534 0.0025837 0.010583 0.00024877 0 0
-0 -0 -0.15771 0 0 0 0 0 0 0 0 0 0 0.052843 -0.0094148 -0.1483 -0.0031777 -0.0071763 -0.00067671 0 0
-0 -0 -0.046347 0 0 0 0 0 0 0 0 0 0 0.015529 -0.0027668 -0.04358 -0.00082346 -0.0021603 -0.00015628 0 0
-0 -0 -0.19115 0 0 0 0 0 0 0 0 0 0 0.064046 -0.011411 -0.17974 -0.0039847 -0.0086271 -0.00087219 0 0
0 0 0.26929 0 0 0 0 0 0 0 0 0 0 -0.090227 0.016075 0.25321 0.0028702 0.013112 0.00019033 0 0
0 0 0.29851 0 0 0 0 0 0 0 0 0 0 -0.10002 0.01782 0.28069 0.0029798 0.014568 0.00013693 0 0
-0 -0 -0.11396 0 0 0 0 0 0 0 0 0 0 0.038183 -0.0068029 -0.10716 -0.0021906 -0.0052375 -0.00044807 0 0
-0 -0 -0.093981 0 0 0 0 0 0 0 0 0 0 0.031489 -0.0056103 -0.08837 -0.0017664 -0.0043381 -0.00035403 0 0
0 0 0.30484 0 0 0 0 0 0 0 0 0 0 -0.10214 0.018198 0.28665 0.0029982 0.014884 0.00012346 0 0
0 0 0.20708 0 0 0 0 0 0 0 0 0 0 -0.069383 0.012362 0.19471 0.0025037 0.010024 0.00025577 0 0
0 0 0.033603 0 0 0 0 0 0 0 0 0 0 -0.011259 0.002006 0.031597 0.00053799 0.001589 9.0823e-05 0 0
0 0 0.057107 0 0 0 0 0 0 0 0 0 0 -0.019134 0.0034091 0.053698 0.00088442 0.0027108 0.00014305 0 0
0 0 0.076437 0 0 0 0 0 0 0 0 0 0 -0.025611 0.004563 0.071874 0.0011507 0.0036391 0.00017901 0 0
0 0 0.1382 0 0 0 0 0 0 0 0 0 0 -0.046304 0.0082498 0.12995 0.0018881 0.0066364 0.00025146 0 0
-0 -0 -0.28184 0 0 0 0 0 0 0 0 0 0 0.094434 -0.016825 -0.26502 -0.0063967 -0.012415 -0.0014911 0 0
-0 -0 -0.13792 0 0 0 0 0 0 0 0 0 0 0.046211 -0.0082332 -0.12968 -0.0027213 -0.0063046 -0.00056944 0 0
-0 -0 -0.23382 0 0 0 0 0 0 0 0 0 0 0.078345 -0.013958 -0.21986 -0.0050798 -0.010437 -0.0011475 0 0
-0 -0 -0.016479 0 0 0 0 0 0 0 0 0 0 0.0055216 -0.00098375 -0.015496 -0.00028204 -0.00077247 -5.146e-05 0 0
0 0 0.077497 0 0 0 0 0 0 0 0 0 0 -0.025966 0.0046263 0.07287 0.0011648 0.0036901 0.0001808 0 0
0 0 0.33904 0 0 0 0 0 0 0 0 0 0 -0.1136 0.02024 0.3188 0.0030653 0.01659 3.9009e-05 0 0
0 0 0.056468 0 0 0 0 0 0 0 0 0 0 -0.01892 0.0033709 0.053097 0.00087532 0.0026801 0.00014175 0 0
0 0 0.082491 0 0 0 0 0 0 0 0 0 0 -0.02764 0.0049244 0.077567 0.0012307 0.0039309 0.00018897 0 0
-0 -0 -0.077241 0 0 0 0 0 0 0 0 0 0 0.02588 -0.004611 -0.07263 -0.001424 -0.0035779 -0.00028027 0 0
0 0 0.16427 0 0 0 0 0 0 0 0 0 0 -0.055041 0.0098064 0.15447 0.0021469 0.0079141 0.00026258 0 0
0 0 0.34753 0 0 0 0 0 0 0 0 0 0 -0.11644 0.020746 0.32678 0.0030734 0.017014 1.5023e-05 0 0
-0 -0 -0.30502 0 0 0 0 0 0 0 0 0 0 0.1022 -0.018209 -0.28682 -0.0070637 -0.013346 -0.0016697 0 0
-0 -0 -0.28103 0 0 0 0 0 0 0 0 0 0 0.094164 -0.016777 -0.26426 -0.0063738 -0.012382 -0.0014851 0 0
-0 -0 -0.035113 0 0 0 0 0 0 0 0 0 0 0.011765 -0.0020961 -0.033017 -0.00061527 -0.0016402 -0.00011511 0 0
0 0 0.11899 0 0 0 0 0 0 0 0 0 0 -0.039868 0.0071032 0.11189 0.0016774 0.0056995 0.00023586 0 0
-0 -0 -0.10532 0 0 0 0 0 0 0 0 0 0 0.035288 -0.006287 -0.09903 -0.0020051 -0.0048495 -0.00040659 0 0
-0 -0 -0.091691 0 0 0 0 0 0 0 0 0 0 0.030722 -0.0054736 -0.086217 -0.0017189 -0.0042345 -0.00034367 0 0
-0 -0 -0.075531 0 0 0 0 0 0 0 0 0 0 0.025307 -0.0045089 -0.071022 -0.0013897 -0.0035 -0.000273 0 0
0 0 0.0050062 0 0 0 0 0 0 0 0 0 0 -0.0016774 0.00029885 0.0047073 8.3316e-05 0.00023557 1.4732e-05 0 0
-0 -0 -0.22361 0 0 0 0 0 0 0 0 0 0 0.074923 -0.013349 -0.21026 -0.0048112 -0.010009 -0.001079 0 0
-0 -0 -0.13583 0 0 0 0 0 0 0 0 0 0 0.04551 -0.0081084 -0.12772 -0.0026741 -0.006212 -0.00055847 0 0
0 0 0.014977 0 0 0 0 0 0 0 0 0 0 -0.0050182 0.00089407 0.014083 0.00024596 0.000706 4.2823e-05 0 0
0 0 0.063222 0 0 0 0 0 0 0 0 0 0 -0.021183 0.0037741 0.059448 0.00097049 0.0030039 0.00015511 0 0
0 0 0.076199 0 0 0 0 0 0 0 0 0 0 -0.025531 0.0045488 0.07165 0.0011476 0.0036277 0.00017861 0 0
0 0 0.34004 0 0 0 0 0 0 0 0 0 0 -0.11393 0.020299 0.31974 0.0030664 0.01664 3.6257e-05 0 0
0 0 0.037587 0 0 0 0 0 0 0 0 0 0 -0.012594 0.0022438 0.035343 0.00059845 0.0017786 0.00010033 0 0
-0 -0 -0.12854 0 0 0 0 0 0 0 0 0 0 0.043068 -0.0076732 -0.12086 -0.0025107 -0.0058884 -0.00052081 0 0
0 0 0.13951 0 0 0 0 0 0 0 0 0 0 -0.046744 0.0083281 0.13118 0.0019018 0.0067005 0.00025229 0 0
-0 -0 -0.223 0 0 0 0 0 0 0 0 0 0 0.074717 -0.013312 -0.20969 -0.0047952 -0.0099828 -0.0010749 0 0
0 0 0.30035 0 0 0 0 0 0 0 0 0 0 -0.10064 0.01793 0.28242 0.0029853 0.01466 0.00013309 0 0
-0 -0 -0.19856 0 0 0 0 0 0 0 0 0 0 0.06653 -0.011853 -0.18671 -0.0041698 -0.008945 -0.00091795 0 0
-0 -0 -0.062003 0 0 0 0 0 0 0 0 0 0 0.020775 -0.0037013 -0.058301 -0.0011227 -0.002881 -0.00021714 0 0
-0 -0 -0.14395 0 0 0 0 0 0 0 0 0 0 0.048232 -0.0085934 -0.13536 -0.0028587 -0.0065713 -0.00060146 0 0
0 0 0.25694 0 0 0 0 0 0 0 0 0 0 -0.086091 0.015339 0.2416 0.0028119 0.012498 0.00020854 0 0
-0 -0 -0.13121 0 0 0 0 0 0 0 0 0 0 0.043965 -0.007833 -0.12338 -0.0025704 -0.0060074 -0.00053454 0 0
-0 -0 -0.028285 0 0 0 0 0 0 0 0 0 0 0.0094772 -0.0016885 -0.026596 -0.00049141 -0.0013229 -9.1115e-05 0 0
-0 -0 -0.18667 0 0 0 0 0 0 0 0 0 0 0.062545 -0.011143 -0.17552 -0.003874 -0.0084343 -0.00084497 0 0
-0 -0 -0.21174 0 0 0 0 0 0 0 0 0 0 0.070946 -0.01264 -0.1991 -0.0045042 -0.0095066 -0.0010014 0 0
-0 -0 -0.15918 0 0 0 0 0 0 0 0 0 0 0.053333 -0.0095022 -0.14967 -0.003212 -0.0072403 -0.00068489 0 0
-0 -0 -0.048595 0 0 0 0 0 0 0 0 0 0 0.016282 -0.0029009 -0.045694 -0.00086577 -0.002264 -0.00016477 0 0
-0 -0 -0.12116 0 0 0 0 0 0 0 0 0 0 0.040594 -0.0072325 -0.11392 -0.0023475 -0.0055594 -0.00048355 0 0
-0 -0 -0.022937 0 0 0 0 0 0 0 0 0 0 0.0076853 -0.0013693 -0.021568 -0.00039581 -0.0010739 -7.2864e-05 0 0
-0 -0 -0.14386 0 0 0 0 0 0 0 0 0 0 0.048201 -0.0085879 -0.13527 -0.0028566 -0.0065672 -0.00060097 0 0
0 0 0.24042 0 0 0 0 0 0 0 0 0 0 -0.080555 0.014352 0.22607 0.0027227 0.011677 0.00022887 0 0
-0 -0 -0.023219 0 0 0 0 0 0 0 0 0 0 0.0077798 -0.0013861 -0.021833 -0.00040082 -0.001087 -7.3814e-05 0 0
-0 -0 -0.29558 0 0 0 0 0 0 0 0 0 0 0.099037 -0.017645 -0.27793 -0.0067895 -0.012969 -0.001596 0 0
-0 -0 -0.22767 0 0 0 0 0 0 0 0 0 0 0.076285 -0.013591 -0.21408 -0.0049176 -0.01018 -0.001106 0 0
-0 -0 -0.29177 0 0 0 0 0 0 0 0 0 0 0.097761 -0.017418 -0.27435 -0.0066799 -0.012816 -0.0015666 0 0
0 0 0.17482 0 0 0 0 0 0 0 0 0 0 -0.058575 0.010436 0.16438 0.0022427 0.0084327 0.0002638 0 0
-0 -0 -0.12533 0 0 0 0 0 0 0 0 0 0 0.041994 -0.0074818 -0.11785 -0.0024395 -0.0057457 -0.00050452 0 0
-0 -0 -0.21773 0 0 0 0 0 0 0 0 0 0 0.072952 -0.012998 -0.20473 -0.0046584 -0.0097604 -0.0010403 0 0
-0 -0 -0.15792 0 0 0 0 0 0 0 0 0 0 0.052913 -0.0094272 -0.14849 -0.0031825 -0.0071854 -0.00067787 0 0
0 0 0.33227 0 0 0 0 0 0 0 0 0 0 -0.11133 0.019835 0.31243 0.0030564 0.016252 5.7305e-05 0 0
0 0 0.32787 0 0 0 0 0 0 0 0 0 0 -0.10986 0.019573 0.3083 0.0030494 0.016033 6.8759e-05 0 0
0 0 0.20401 0 0 0 0 0 0 0 0 0 0 -0.068355 0.012179 0.19183 0.002481 0.0098726 0.00025729 0 0
-0 -0 -0.091727 0 0 0 0 0 0 0 0 0 0 0.030734 -0.0054758 -0.086252 -0.0017197 -0.0042361 -0.00034383 0 0
0 0 0.30086 0 0 0 0 0 0 0 0 0 0 -0.10081 0.01796 0.2829 0.0029868 0.014685 0.00013202 0 0
0 0 0.054102 0 0 0 0 0 0 0 0 0 0 -0.018127 0.0032297 0.050872 0.0008415 0.0025669 0.00013689 0 0
-0 -0 -0.094658 0 0 0 0 0 0 0 0 0 0 0.031716 -0.0056507 -0.089007 -0.0017805 -0.0043687 -0.00035711 0 0
0 0 0.18523 0 0 0 0 0 0 0 0 0 0 -0.062062 0.011057 0.17417 0.0023322 0.0089452 0.00026314 0 0
0 0 0.19951 0 0 0 0 0 0 0 0 0 0 -0.066849 0.01191 0.1876 0.0024469 0.0096503 0.00025924 0 0
-0 -0 -0.0081356 0 0 0 0 0 0 0 0 0 0 0.0027259 -0.00048566 -0.0076499 -0.00013775 -0.00038194 -2.4837e-05 0 0
-0 -0 -0.32745 0 0 0 0 0 0 0 0 0 0 0.10972 -0.019548 -0.3079 -0.0077278 -0.014231 -0.0018502 0 0
-0 -0 -0.24769 0 0 0 0 0 0 0 0 0 0 0.082989 -0.014786 -0.2329 -0.0054509 -0.011015 -0.001243 0 0
0 0 0.079445 0 0 0 0 0 0 0 0 0 0 -0.026619 0.0047426 0.074703 0.0011907 0.0037841 0.00018404 0 0
0 0 0.24801 0 0 0 0 0 0 0 0 0 0 -0.0831 0.014806 0.23321 0.0027653 0.012054 0.0002201 0 0
0 0 0.13659 0 0 0 0 0 0 0 0 0 0 -0.045766 0.0081539 0.12844 0.0018711 0.0065579 0.00025039 0 0
-0 -0 -0.072448 0 0 0 0 0 0 0 0 0 0 0.024275 -0.0043249 -0.068123 -0.0013282 -0.0033592 -0.00026 0 0
0 0 0.070395 0 0 0 0 0 0 0 0 0 0 -0.023587 0.0042023 0.066193 0.0010693 0.0033484 0.00016845 0 0
0 0 0.17139 0 0 0 0 0 0 0 0 0 0 -0.057426 0.010231 0.16116 0.0022122 0.008264 0.00026361 0 0
0 0 0.0015562 0 0 0 0 0 0 0 0 0 0 -0.00052143 9.2901e-05 0.0014633 2.6018e-05 7.3187e-05 4.6248e-06 0 0
-0 -0 -0.21809 0 0 0 0 0 0 0 0 0 0 0.073072 -0.013019 -0.20507 -0.0046676 -0.0097754 -0.0010426 0 0
