-0 -0 -0 0.12012 0 0 0 0 0 0 0 0.09711 -0.058824 0.039216 0 0
-0 -0 -0 0.14595 0 0 0 0 0 0 0 0.118 -0.071476 0.047651 0 0
0 0 0 0.1058 0 0 0 0 0 0 0 0.085535 -0.051813 0.034542 0 0
-0 -0 -0 0.10965 0 0 0 0 0 0 0 0.088649 -0.053699 0.0358 0 0
-0 -0 -0 0.13999 0 0 0 0 0 0 0 0.11317 -0.068555 0.045704 0 0
-0 -0 -0 0.036758 0 0 0 0 0 0 0 0.029717 -0.018001 0.012001 0 0
0 0 0 0.027518 0 0 0 0 0 0 0 0.022247 -0.013476 0.0089842 0 0
-0 -0 -0 0.014382 0 0 0 0 0 0 0 0.011627 -0.0070432 0.0046955 0 0
-0 -0 -0 0.19103 0 0 0 0 0 0 0 0.15444 -0.093552 0.062368 0 0
-0 -0 -0 0.0011235 0 0 0 0 0 0 0 0.00090828 -0.00055019 0.00036679 0 0
-0 -0 -0 0.089407 0 0 0 0 0 0 0 0.072281 -0.043784 0.029189 0 0
-0 -0 -0 0.18916 0 0 0 0 0 0 0 0.15292 -0.092633 0.061755 0 0
-0 -0 -0 0.081064 0 0 0 0 0 0 0 0.065536 -0.039699 0.026466 0 0
0 0 0 0.081476 0 0 0 0 0 0 0 0.065869 -0.0399 0.0266 0 0
-0 -0 -0 0.051079 0 0 0 0 0 0 0 0.041295 -0.025015 0.016676 0 0
-0 -0 -0 0.15467 0 0 0 0 0 0 0 0.12504 -0.075744 0.050496 0 0
0 0 0 0.17659 0 0 0 0 0 0 0 0.14277 -0.086481 0.057654 0 0
-0 -0 -0 0.0087073 0 0 0 0 0 0 0 0.0070394 -0.0042641 0.0028427 0 0
-0 -0 -0 0.090408 0 0 0 0 0 0 0 0.07309 -0.044275 0.029516 0 0
0 0 0 0.01127 0 0 0 0 0 0 0 0.0091115 -0.0055193 0.0036796 0 0
-0 -0 -0 0.025809 0 0 0 0 0 0 0 0.020866 -0.012639 0.0084263 0 0
-0 -0 -0 0.071657 0 0 0 0 0 0 0 0.057931 -0.035092 0.023394 0 0
0 0 0 0.15812 0 0 0 0 0 0 0 0.12783 -0.077434 0.051623 0 0
-0 -0 -0 0.077306 0 0 0 0 0 0 0 0.062497 -0.037858 0.025239 0 0
-0 -0 -0 0.13217 0 0 0 0 0 0 0 0.10686 -0.064728 0.043152 0 0
0 0 0 0.065321 0 0 0 0 0 0 0 0.052809 -0.031989 0.021326 0 0
-0 -0 -0 0.19536 0 0 0 0 0 0 0 0.15794 -0.095671 0.063781 0 0
0 0 0 0.18032 0 0 0 0 0 0 0 0.14578 -0.088304 0.05887 0 0
-0 -0 -0 0.046846 0 0 0 0 0 0 0 0.037873 -0.022942 0.015294 0 0
-0 -0 -0 0.086462 0 0 0 0 0 0 0 0.0699 -0.042342 0.028228 0 0
-0 -0 -0 0.12785 0 0 0 0 0 0 0 0.10336 -0.062613 0.041742 0 0
0 0 0 0.023315 0 0 0 0 0 0 0 0.018849 -0.011418 0.0076119 0 0
-0 -0 -0 0.091836 0 0 0 0 0 0 0 0.074244 -0.044974 0.029983 0 0
-0 -0 -0 0.060244 0 0 0 0 0 0 0 0.048704 -0.029503 0.019668 0 0
0 0 0 0.095222 0 0 0 0 0 0 0 0.076982 -0.046632 0.031088 0 0
-0 -0 -0 0.054713 0 0 0 0 0 0 0 0.044232 -0.026794 0.017863 0 0
-0 -0 -0 0.093529 0 0 0 0 0 0 0 0.075613 -0.045803 0.030535 0 0
0 0 0 0.12389 0 0 0 0 0 0 0 0.10016 -0.060673 0.040449 0 0
-0 -0 -0 0.059187 0 0 0 0 0 0 0 0.047849 -0.028985 0.019323 0 0
-0 -0 -0 0.004346 0 0 0 0 0 0 0 0.0035135 -0.0021283 0.0014189 0 0
0 0 0 0.18604 0 0 0 0 0 0 0 0.15041 -0.091109 0.060739 0 0
0 0 0 0.074478 0 0 0 0 0 0 0 0.060212 -0.036473 0.024316 0 0
0 0 0 0.018358 0 0 0 0 0 0 0 0.014842 -0.0089904 0.0059936 0 0
0 0 0 0.04048 0 0 0 0 0 0 0 0.032726 -0.019824 0.013216 0 0
-0 -0 -0 0.1299 0 0 0 0 0 0 0 0.10501 -0.063612 0.042408 0 0
0 0 0 0.09126 0 0 0 0 0 0 0 0.073779 -0.044692 0.029795 0 0
-0 -0 -0 0.11507 0 0 0 0 0 0 0 0.093026 -0.056351 0.037567 0 0
-0 -0 -0 0.052541 0 0 0 0 0 0 0 0.042477 -0.02573 0.017154 0 0
0 0 0 0.010768 0 0 0 0 0 0 0 0.0087054 -0.0052733 0.0035155 0 0
-0 -0 -0 0.16724 0 0 0 0 0 0 0 0.1352 -0.081899 0.054599 0 0
-0 -0 -0 0.079921 0 0 0 0 0 0 0 0.064612 -0.039139 0.026093 0 0
-0 -0 -0 0.16923 0 0 0 0 0 0 0 0.13682 -0.082877 0.055251 0 0
0 0 0 0.15066 0 0 0 0 0 0 0 0.1218 -0.073779 0.049186 0 0
-0 -0 -0 0.024979 0 0 0 0 0 0 0 0.020194 -0.012233 0.0081551 0 0
0 0 0 0.037638 0 0 0 0 0 0 0 0.030428 -0.018432 0.012288 0 0
0 0 0 0.13265 0 0 0 0 0 0 0 0.10724 -0.064961 0.043307 0 0
0 0 0 0.04668 0 0 0 0 0 0 0 0.037738 -0.02286 0.01524 0 0
-0 -0 -0 0.17143 0 0 0 0 0 0 0 0.13859 -0.083953 0.055969 0 0
0 0 0 0.029976 0 0 0 0 0 0 0 0.024234 -0.01468 0.0097864 0 0
0 0 0 0.17956 0 0 0 0 0 0 0 0.14516 -0.087932 0.058621 0 0
0 0 0 0.063508 0 0 0 0 0 0 0 0.051343 -0.031101 0.020734 0 0
-0 -0 -0 0.19337 0 0 0 0 0 0 0 0.15633 -0.094699 0.063133 0 0
-0 -0 -0 0.01604 0 0 0 0 0 0 0 0.012967 -0.007855 0.0052367 0 0
-0 -0 -0 0.039695 0 0 0 0 0 0 0 0.032091 -0.019439 0.01296 0 0
-0 -0 -0 0.18376 0 0 0 0 0 0 0 0.14856 -0.089993 0.059995 0 0
-0 -0 -0 0.063969 0 0 0 0 0 0 0 0.051715 -0.031327 0.020884 0 0
-0 -0 -0 0.080132 0 0 0 0 0 0 0 0.064783 -0.039242 0.026161 0 0
-0 -0 -0 0.039261 0 0 0 0 0 0 0 0.03174 -0.019227 0.012818 0 0
0 0 0 0.028388 0 0 0 0 0 0 0 0.02295 -0.013902 0.0092679 0 0
0 0 0 0.16514 0 0 0 0 0 0 0 0.13351 -0.080871 0.053914 0 0
0 0 0 0.048958 0 0 0 0 0 0 0 0.03958 -0.023976 0.015984 0 0
0 0 0 0.074436 0 0 0 0 0 0 0 0.060178 -0.036453 0.024302 0 0
-0 -0 -0 0.16269 0 0 0 0 0 0 0 0.13152 -0.079671 0.053114 0 0
0 0 0 0.017473 0 0 0 0 0 0 0 0.014126 -0.0085568 0.0057045 0 0
-0 -0 -0 0.15134 0 0 0 0 0 0 0 0.12235 -0.074115 0.04941 0 0
-0 -0 -0 0.09254 0 0 0 0 0 0 0 0.074814 -0.045319 0.030212 0 0
-0 -0 -0 0.1263 0 0 0 0 0 0 0 0.10211 -0.061854 0.041236 0 0
0 0 0 0.037653 0 0 0 0 0 0 0 0.03044 -0.018439 0.012293 0 0
-0 -0 -0 0.12638 0 0 0 0 0 0 0 0.10217 -0.061892 0.041261 0 0
0 0 0 0.11709 0 0 0 0 0 0 0 0.094663 -0.057342 0.038228 0 0
0 0 0 0.15289 0 0 0 0 0 0 0 0.12361 -0.074875 0.049917 0 0
0 0 0 0.045451 0 0 0 0 0 0 0 0.036745 -0.022258 0.014839 0 0
0 0 0 0.087376 0 0 0 0 0 0 0 0.070639 -0.04279 0.028526 0 0
-0 -0 -0 0.04465 0 0 0 0 0 0 0 0.036097 -0.021866 0.014577 0 0
-0 -0 -0 0.036816 0 0 0 0 0 0 0 0.029764 -0.01803 0.01202 0 0
-0 -0 -0 0.099586 0 0 0 0 0 0 0 0.08051 -0.048769 0.032513 0 0
-0 -0 -0 0.03798 0 0 0 0 0 0 0 0.030704 -0.018599 0.0124 0 0
-0 -0 -0 0.077171 0 0 0 0 0 0 0 0.062389 -0.037792 0.025195 0 0
-0 -0 -0 0.16524 0 0 0 0 0 0 0 0.13358 -0.080919 0.053946 0 0
-0 -0 -0 0.16096 0 0 0 0 0 0 0 0.13013 -0.078824 0.052549 0 0
0 0 0 0.13148 0 0 0 0 0 0 0 0.10629 -0.064387 0.042925 0 0
-0 -0 -0 0.14616 0 0 0 0 0 0 0 0.11816 -0.071575 0.047717 0 0
-0 -0 -0 0.094779 0 0 0 0 0 0 0 0.076624 -0.046415 0.030944 0 0
0 0 0 0.090687 0 0 0 0 0 0 0 0.073315 -0.044411 0.029607 0 0
0 0 0 0.13377 0 0 0 0 0 0 0 0.10814 -0.065509 0.043673 0 0
-0 -0 -0 0.10328 0 0 0 0 0 0 0 0.083499 -0.05058 0.03372 0 0
-0 -0 -0 0.19844 0 0 0 0 0 0 0 0.16043 -0.09718 0.064787 0 0
0 0 0 0.10586 0 0 0 0 0 0 0 0.085579 -0.05184 0.03456 0 0
0 0 0 0.14287 0 0 0 0 0 0 0 0.1155 -0.069967 0.046645 0 0
-0 -0 -0 0.18182 0 0 0 0 0 0 0 0.14699 -0.089042 0.059361 0 0
