0 0 0 0.19473 0 0 0 0 0 0 0 0.15743 -0.095365 0.063576 0 0
-0 -0 -0 0.13222 0 0 0 0 0 0 0 0.1069 -0.064753 0.043168 0 0
-0 -0 -0 0.0049104 0 0 0 0 0 0 0 0.0039698 -0.0024047 0.0016031 0 0
-0 -0 -0 0.14998 0 0 0 0 0 0 0 0.12125 -0.073446 0.048964 0 0
0 0 0 0.1669 0 0 0 0 0 0 0 0.13493 -0.081735 0.05449 0 0
0 0 0 0.01188 0 0 0 0 0 0 0 0.0096044 -0.0058179 0.0038786 0 0
0 0 0 0.094123 0 0 0 0 0 0 0 0.076094 -0.046094 0.030729 0 0
-0 -0 -0 0.00053186 0 0 0 0 0 0 0 0.00042998 -0.00026046 0.00017364 0 0
0 0 0 0.080099 0 0 0 0 0 0 0 0.064756 -0.039226 0.026151 0 0
0 0 0 0.039555 0 0 0 0 0 0 0 0.031978 -0.019371 0.012914 0 0
0 0 0 0.11909 0 0 0 0 0 0 0 0.096279 -0.058321 0.038881 0 0
-0 -0 -0 0.091448 0 0 0 0 0 0 0 0.073931 -0.044784 0.029856 0 0
-0 -0 -0 0.16648 0 0 0 0 0 0 0 0.13459 -0.081527 0.054352 0 0
-0 -0 -0 0.1924 0 0 0 0 0 0 0 0.15554 -0.09422 0.062813 0 0
0 0 0 0.043654 0 0 0 0 0 0 0 0.035292 -0.021378 0.014252 0 0
0 0 0 0.19327 0 0 0 0 0 0 0 0.15625 -0.094649 0.063099 0 0
-0 -0 -0 0.014005 0 0 0 0 0 0 0 0.011322 -0.0068585 0.0045723 0 0
0 0 0 0.013095 0 0 0 0 0 0 0 0.010587 -0.0064129 0.0042753 0 0
0 0 0 0.093234 0 0 0 0 0 0 0 0.075375 -0.045659 0.030439 0 0
0 0 0 0.19732 0 0 0 0 0 0 0 0.15952 -0.096632 0.064422 0 0
-0 -0 -0 0.18762 0 0 0 0 0 0 0 0.15168 -0.091881 0.061254 0 0
-0 -0 -0 0.17658 0 0 0 0 0 0 0 0.14275 -0.086473 0.057649 0 0
-0 -0 -0 0.079757 0 0 0 0 0 0 0 0.064479 -0.039058 0.026039 0 0
0 0 0 0.06473 0 0 0 0 0 0 0 0.05233 -0.031699 0.021133 0 0
-0 -0 -0 0.13367 0 0 0 0 0 0 0 0.10807 -0.065463 0.043642 0 0
-0 -0 -0 0.14296 0 0 0 0 0 0 0 0.11558 -0.07001 0.046673 0 0
0 0 0 0.042839 0 0 0 0 0 0 0 0.034633 -0.020979 0.013986 0 0
-0 -0 -0 0.068145 0 0 0 0 0 0 0 0.055092 -0.033372 0.022248 0 0
0 0 0 0.055265 0 0 0 0 0 0 0 0.044679 -0.027064 0.018043 0 0
-0 -0 -0 0.17608 0 0 0 0 0 0 0 0.14235 -0.08623 0.057486 0 0
-0 -0 -0 0.023295 0 0 0 0 0 0 0 0.018833 -0.011408 0.0076052 0 0
0 0 0 0.13431 0 0 0 0 0 0 0 0.10859 -0.065776 0.043851 0 0
-0 -0 -0 0.068842 0 0 0 0 0 0 0 0.055655 -0.033713 0.022475 0 0
0 0 0 0.048863 0 0 0 0 0 0 0 0.039503 -0.023929 0.015953 0 0
0 0 0 0.11271 0 0 0 0 0 0 0 0.09112 -0.055196 0.036797 0 0
-0 -0 -0 0.050526 0 0 0 0 0 0 0 0.040848 -0.024744 0.016496 0 0
0 0 0 0.090721 0 0 0 0 0 0 0 0.073343 -0.044428 0.029618 0 0
-0 -0 -0 0.18985 0 0 0 0 0 0 0 0.15349 -0.092976 0.061984 0 0
0 0 0 0.11909 0 0 0 0 0 0 0 0.096278 -0.05832 0.03888 0 0
-0 -0 -0 0.10744 0 0 0 0 0 0 0 0.086856 -0.052613 0.035075 0 0
-0 -0 -0 0.012731 0 0 0 0 0 0 0 0.010292 -0.0062346 0.0041564 0 0
0 0 0 0.056767 0 0 0 0 0 0 0 0.045893 -0.0278 0.018533 0 0
-0 -0 -0 0.024013 0 0 0 0 0 0 0 0.019413 -0.01176 0.0078398 0 0
-0 -0 -0 0.16531 0 0 0 0 0 0 0 0.13364 -0.080955 0.05397 0 0
0 0 0 0.1574 0 0 0 0 0 0 0 0.12725 -0.077081 0.051387 0 0
0 0 0 0.11808 0 0 0 0 0 0 0 0.095463 -0.057827 0.038551 0 0
-0 -0 -0 0.062366 0 0 0 0 0 0 0 0.05042 -0.030542 0.020361 0 0
0 0 0 0.028152 0 0 0 0 0 0 0 0.022759 -0.013787 0.009191 0 0
0 0 0 0.18685 0 0 0 0 0 0 0 0.15106 -0.091506 0.061004 0 0
-0 -0 -0 0.17212 0 0 0 0 0 0 0 0.13915 -0.084292 0.056195 0 0
0 0 0 0.011183 0 0 0 0 0 0 0 0.0090409 -0.0054765 0.003651 0 0
-0 -0 -0 0.0099134 0 0 0 0 0 0 0 0.0080144 -0.0048548 0.0032365 0 0
-0 -0 -0 0.059427 0 0 0 0 0 0 0 0.048044 -0.029103 0.019402 0 0
0 0 0 0.19392 0 0 0 0 0 0 0 0.15677 -0.094964 0.063309 0 0
0 0 0 0.012609 0 0 0 0 0 0 0 0.010194 -0.0061748 0.0041165 0 0
-0 -0 -0 0.15908 0 0 0 0 0 0 0 0.12861 -0.077905 0.051937 0 0
0 0 0 0.17347 0 0 0 0 0 0 0 0.14024 -0.084953 0.056635 0 0
-0 -0 -0 0.04303 0 0 0 0 0 0 0 0.034788 -0.021073 0.014048 0 0
0 0 0 0.11093 0 0 0 0 0 0 0 0.089678 -0.054322 0.036215 0 0
0 0 0 0.077681 0 0 0 0 0 0 0 0.062801 -0.038042 0.025361 0 0
-0 -0 -0 0.0030218 0 0 0 0 0 0 0 0.0024429 -0.0014798 0.00098654 0 0
0 0 0 0.19558 0 0 0 0 0 0 0 0.15812 -0.095779 0.063853 0 0
0 0 0 0.19533 0 0 0 0 0 0 0 0.15792 -0.095658 0.063772 0 0
-0 -0 -0 0.0053639 0 0 0 0 0 0 0 0.0043364 -0.0026268 0.0017512 0 0
-0 -0 -0 0.0065648 0 0 0 0 0 0 0 0.0053073 -0.0032149 0.0021433 0 0
-0 -0 -0 0.019058 0 0 0 0 0 0 0 0.015407 -0.0093329 0.0062219 0 0
-0 -0 -0 0.047268 0 0 0 0 0 0 0 0.038214 -0.023148 0.015432 0 0
0 0 0 0.19813 0 0 0 0 0 0 0 0.16018 -0.097028 0.064686 0 0
-0 -0 -0 0.13158 0 0 0 0 0 0 0 0.10638 -0.064438 0.042959 0 0
0 0 0 0.10502 0 0 0 0 0 0 0 0.084904 -0.051431 0.034287 0 0
-0 -0 -0 0.11889 0 0 0 0 0 0 0 0.096118 -0.058224 0.038816 0 0
-0 -0 -0 0.14781 0 0 0 0 0 0 0 0.1195 -0.072385 0.048257 0 0
0 0 0 0.030823 0 0 0 0 0 0 0 0.024919 -0.015095 0.010063 0 0
0 0 0 0.099537 0 0 0 0 0 0 0 0.08047 -0.048745 0.032497 0 0
-0 -0 -0 0.064011 0 0 0 0 0 0 0 0.05175 -0.031347 0.020898 0 0
0 0 0 0.015003 0 0 0 0 0 0 0 0.012129 -0.0073473 0.0048982 0 0
0 0 0 0.13741 0 0 0 0 0 0 0 0.11109 -0.067292 0.044861 0 0
0 0 0 0.0040264 0 0 0 0 0 0 0 0.0032551 -0.0019718 0.0013145 0 0
-0 -0 -0 0.029569 0 0 0 0 0 0 0 0.023905 -0.014481 0.0096538 0 0
0 0 0 0.094886 0 0 0 0 0 0 0 0.07671 -0.046467 0.030978 0 0
-0 -0 -0 0.054847 0 0 0 0 0 0 0 0.044341 -0.026859 0.017906 0 0
0 0 0 0.10601 0 0 0 0 0 0 0 0.085706 -0.051917 0.034611 0 0
-0 -0 -0 0.18521 0 0 0 0 0 0 0 0.14973 -0.090702 0.060468 0 0
0 0 0 0.019595 0 0 0 0 0 0 0 0.015842 -0.009596 0.0063974 0 0
0 0 0 0.0013196 0 0 0 0 0 0 0 0.0010668 -0.00064622 0.00043081 0 0
0 0 0 0.18665 0 0 0 0 0 0 0 0.15089 -0.091405 0.060936 0 0
0 0 0 0.19905 0 0 0 0 0 0 0 0.16092 -0.097481 0.064987 0 0
-0 -0 -0 0.019008 0 0 0 0 0 0 0 0.015367 -0.0093086 0.0062057 0 0
0 0 0 0.18549 0 0 0 0 0 0 0 0.14996 -0.090838 0.060559 0 0
0 0 0 0.087581 0 0 0 0 0 0 0 0.070805 -0.04289 0.028593 0 0
0 0 0 0.044924 0 0 0 0 0 0 0 0.036319 -0.022 0.014667 0 0
0 0 0 0.016703 0 0 0 0 0 0 0 0.013503 -0.0081797 0.0054531 0 0
0 0 0 0.019773 0 0 0 0 0 0 0 0.015986 -0.0096833 0.0064556 0 0
-0 -0 -0 0.11303 0 0 0 0 0 0 0 0.091375 -0.055351 0.036901 0 0
0 0 0 0.027276 0 0 0 0 0 0 0 0.022051 -0.013358 0.008905 0 0
-0 -0 -0 0.022966 0 0 0 0 0 0 0 0.018567 -0.011247 0.0074978 0 0
-0 -0 -0 0.19162 0 0 0 0 0 0 0 0.15491 -0.09384 0.06256 0 0
0 0 0 0.16078 0 0 0 0 0 0 0 0.12998 -0.078738 0.052492 0 0
0 0 0 0.064922 0 0 0 0 0 0 0 0.052486 -0.031794 0.021196 0 0
-0 -0 -0 0.027244 0 0 0 0 0 0 0 0.022026 -0.013342 0.0088947 0 0
