0 0 0 0.10404 0 0 0 0 -4.0908e-18 5.3854e-17 5.7342e-17 0.091614 -0.034858 0.034858 0 0
-0 -0 -0 0.19636 0 0 0 0 -4.0908e-18 5.3854e-17 5.7342e-17 0.17291 -0.065791 0.065791 0 0
-0 -0 -0 0.10014 0 0 0 0 -4.0908e-18 5.3854e-17 5.7342e-17 0.088182 -0.033552 0.033552 0 0
-0 -0 -0 0.12759 0 0 0 0 -4.0908e-18 5.3854e-17 5.7342e-17 0.11236 -0.042751 0.042751 0 0
-0 -0 -0 0.0063126 0 0 0 0 -4.0908e-18 5.3854e-17 5.7342e-17 0.0055589 -0.0021151 0.0021151 0 0
-0 -0 -0 0.023452 0 0 0 0 -4.0908e-18 5.3854e-17 5.7342e-17 0.020652 -0.0078577 0.0078577 0 0
0 0 0 0.14052 0 0 0 0 -4.0908e-18 5.3854e-17 5.7342e-17 0.12374 -0.047081 0.047081 0 0
0 0 0 0.14796 0 0 0 0 -4.0908e-18 5.3854e-17 5.7342e-17 0.13029 -0.049575 0.049575 0 0
0 0 0 0.024321 0 0 0 0 -4.0908e-18 5.3854e-17 5.7342e-17 0.021417 -0.0081489 0.0081489 0 0
0 0 0 0.11987 0 0 0 0 -4.0908e-18 5.3854e-17 5.7342e-17 0.10556 -0.040165 0.040165 0 0
0 0 0 0.013397 0 0 0 0 -4.0908e-18 5.3854e-17 5.7342e-17 0.011797 -0.0044887 0.0044887 0 0
0 0 0 0.065313 0 0 0 0 -4.0908e-18 5.3854e-17 5.7342e-17 0.057515 -0.021884 0.021884 0 0
0 0 0 0.19645 0 0 0 0 -4.0908e-18 5.3854e-17 5.7342e-17 0.173 -0.065824 0.065824 0 0
0 0 0 0.17635 0 0 0 0 -4.0908e-18 5.3854e-17 5.7342e-17 0.15529 -0.059087 0.059087 0 0
0 0 0 0.087022 0 0 0 0 -4.0908e-18 5.3854e-17 5.7342e-17 0.076632 -0.029158 0.029158 0 0
0 0 0 0.1679 0 0 0 0 -4.0908e-18 5.3854e-17 5.7342e-17 0.14786 -0.056258 0.056258 0 0
-0 -0 -0 0.0054494 0 0 0 0 -4.0908e-18 5.3854e-17 5.7342e-17 0.0047988 -0.0018259 0.0018259 0 0
-0 -0 -0 0.10577 0 0 0 0 -4.0908e-18 5.3854e-17 5.7342e-17 0.093145 -0.03544 0.03544 0 0
-0 -0 -0 0.1913 0 0 0 0 -4.0908e-18 5.3854e-17 5.7342e-17 0.16846 -0.064096 0.064096 0 0
0 0 0 0.053939 0 0 0 0 -4.0908e-18 5.3854e-17 5.7342e-17 0.047499 -0.018073 0.018073 0 0
-0 -0 -0 0.13475 0 0 0 0 -4.0908e-18 5.3854e-17 5.7342e-17 0.11866 -0.045148 0.045148 0 0
-0 -0 -0 0.045346 0 0 0 0 -4.0908e-18 5.3854e-17 5.7342e-17 0.039932 -0.015194 0.015194 0 0
-0 -0 -0 0.062263 0 0 0 0 -4.0908e-18 5.3854e-17 5.7342e-17 0.054829 -0.020862 0.020862 0 0
0 0 0 0.096698 0 0 0 0 -4.0908e-18 5.3854e-17 5.7342e-17 0.085153 -0.0324 0.0324 0 0
-0 -0 -0 0.13639 0 0 0 0 -4.0908e-18 5.3854e-17 5.7342e-17 0.12011 -0.0457 0.0457 0 0
-0 -0 -0 0.0038157 0 0 0 0 -4.0908e-18 5.3854e-17 5.7342e-17 0.0033601 -0.0012785 0.0012785 0 0
0 0 0 0.13034 0 0 0 0 -4.0908e-18 5.3854e-17 5.7342e-17 0.11478 -0.043672 0.043672 0 0
0 0 0 0.10706 0 0 0 0 -4.0908e-18 5.3854e-17 5.7342e-17 0.09428 -0.035872 0.035872 0 0
-0 -0 -0 0.13556 0 0 0 0 -4.0908e-18 5.3854e-17 5.7342e-17 0.11938 -0.045421 0.045421 0 0
0 0 0 0.15123 0 0 0 0 -4.0908e-18 5.3854e-17 5.7342e-17 0.13317 -0.050671 0.050671 0 0
-0 -0 -0 0.097651 0 0 0 0 -4.0908e-18 5.3854e-17 5.7342e-17 0.085992 -0.032719 0.032719 0 0
-0 -0 -0 0.13668 0 0 0 0 -4.0908e-18 5.3854e-17 5.7342e-17 0.12037 -0.045798 0.045798 0 0
-0 -0 -0 0.17314 0 0 0 0 -4.0908e-18 5.3854e-17 5.7342e-17 0.15247 -0.058014 0.058014 0 0
-0 -0 -0 0.079333 0 0 0 0 -4.0908e-18 5.3854e-17 5.7342e-17 0.069861 -0.026581 0.026581 0 0
0 0 0 0.042804 0 0 0 0 -4.0908e-18 5.3854e-17 5.7342e-17 0.037694 -0.014342 0.014342 0 0
-0 -0 -0 0.11904 0 0 0 0 -4.0908e-18 5.3854e-17 5.7342e-17 0.10483 -0.039886 0.039886 0 0
0 0 0 0.10269 0 0 0 0 -4.0908e-18 5.3854e-17 5.7342e-17 0.090427 -0.034406 0.034406 0 0
0 0 0 0.059407 0 0 0 0 -4.0908e-18 5.3854e-17 5.7342e-17 0.052315 -0.019905 0.019905 0 0
-0 -0 -0 0.021601 0 0 0 0 -4.0908e-18 5.3854e-17 5.7342e-17 0.019022 -0.0072377 0.0072377 0 0
0 0 0 0.01465 0 0 0 0 -4.0908e-18 5.3854e-17 5.7342e-17 0.012901 -0.0049088 0.0049088 0 0
-0 -0 -0 0.081625 0 0 0 0 -4.0908e-18 5.3854e-17 5.7342e-17 0.071879 -0.027349 0.027349 0 0
0 0 0 0.020504 0 0 0 0 -4.0908e-18 5.3854e-17 5.7342e-17 0.018056 -0.0068701 0.0068701 0 0
-0 -0 -0 0.15663 0 0 0 0 -4.0908e-18 5.3854e-17 5.7342e-17 0.13793 -0.052481 0.052481 0 0
-0 -0 -0 0.18492 0 0 0 0 -4.0908e-18 5.3854e-17 5.7342e-17 0.16285 -0.061961 0.061961 0 0
0 0 0 0.0081086 0 0 0 0 -4.0908e-18 5.3854e-17 5.7342e-17 0.0071405 -0.0027169 0.0027169 0 0
-0 -0 -0 0.11802 0 0 0 0 -4.0908e-18 5.3854e-17 5.7342e-17 0.10393 -0.039543 0.039543 0 0
-0 -0 -0 0.14089 0 0 0 0 -4.0908e-18 5.3854e-17 5.7342e-17 0.12407 -0.047206 0.047206 0 0
-0 -0 -0 0.03631 0 0 0 0 -4.0908e-18 5.3854e-17 5.7342e-17 0.031975 -0.012166 0.012166 0 0
-0 -0 -0 0.15232 0 0 0 0 -4.0908e-18 5.3854e-17 5.7342e-17 0.13414 -0.051037 0.051037 0 0
-0 -0 -0 0.056892 0 0 0 0 -4.0908e-18 5.3854e-17 5.7342e-17 0.050099 -0.019062 0.019062 0 0
-0 -0 -0 0.010193 0 0 0 0 -4.0908e-18 5.3854e-17 5.7342e-17 0.0089759 -0.0034152 0.0034152 0 0
0 0 0 0.091845 0 0 0 0 -4.0908e-18 5.3854e-17 5.7342e-17 0.080879 -0.030774 0.030774 0 0
0 0 0 0.13497 0 0 0 0 -4.0908e-18 5.3854e-17 5.7342e-17 0.11885 -0.045223 0.045223 0 0
0 0 0 0.13367 0 0 0 0 -4.0908e-18 5.3854e-17 5.7342e-17 0.11771 -0.044789 0.044789 0 0
-0 -0 -0 0.1942 0 0 0 0 -4.0908e-18 5.3854e-17 5.7342e-17 0.17102 -0.065069 0.065069 0 0
0 0 0 0.10227 0 0 0 0 -4.0908e-18 5.3854e-17 5.7342e-17 0.090058 -0.034266 0.034266 0 0
-0 -0 -0 0.067022 0 0 0 0 -4.0908e-18 5.3854e-17 5.7342e-17 0.05902 -0.022456 0.022456 0 0
-0 -0 -0 0.045785 0 0 0 0 -4.0908e-18 5.3854e-17 5.7342e-17 0.040319 -0.015341 0.015341 0 0
0 0 0 0.028868 0 0 0 0 -4.0908e-18 5.3854e-17 5.7342e-17 0.025422 -0.0096726 0.0096726 0 0
-0 -0 -0 0.063281 0 0 0 0 -4.0908e-18 5.3854e-17 5.7342e-17 0.055726 -0.021203 0.021203 0 0
0 0 0 0.026952 0 0 0 0 -4.0908e-18 5.3854e-17 5.7342e-17 0.023734 -0.0090305 0.0090305 0 0
0 0 0 0.16147 0 0 0 0 -4.0908e-18 5.3854e-17 5.7342e-17 0.14219 -0.054103 0.054103 0 0
-0 -0 -0 0.034995 0 0 0 0 -4.0908e-18 5.3854e-17 5.7342e-17 0.030817 -0.011725 0.011725 0 0
0 0 0 0.066322 0 0 0 0 -4.0908e-18 5.3854e-17 5.7342e-17 0.058404 -0.022222 0.022222 0 0
-0 -0 -0 0.18953 0 0 0 0 -4.0908e-18 5.3854e-17 5.7342e-17 0.1669 -0.063503 0.063503 0 0
0 0 0 0.13182 0 0 0 0 -4.0908e-18 5.3854e-17 5.7342e-17 0.11608 -0.044166 0.044166 0 0
0 0 0 0.14223 0 0 0 0 -4.0908e-18 5.3854e-17 5.7342e-17 0.12525 -0.047655 0.047655 0 0
-0 -0 -0 0.19446 0 0 0 0 -4.0908e-18 5.3854e-17 5.7342e-17 0.17124 -0.065156 0.065156 0 0
0 0 0 0.14974 0 0 0 0 -4.0908e-18 5.3854e-17 5.7342e-17 0.13186 -0.050172 0.050172 0 0
0 0 0 0.14463 0 0 0 0 -4.0908e-18 5.3854e-17 5.7342e-17 0.12737 -0.048461 0.048461 0 0
0 0 0 0.14577 0 0 0 0 -4.0908e-18 5.3854e-17 5.7342e-17 0.12837 -0.048843 0.048843 0 0
-0 -0 -0 0.17718 0 0 0 0 -4.0908e-18 5.3854e-17 5.7342e-17 0.15603 -0.059367 0.059367 0 0
0 0 0 0.12565 0 0 0 0 -4.0908e-18 5.3854e-17 5.7342e-17 0.11065 -0.0421 0.0421 0 0
0 0 0 0.13108 0 0 0 0 -4.0908e-18 5.3854e-17 5.7342e-17 0.11543 -0.04392 0.04392 0 0
0 0 0 0.047602 0 0 0 0 -4.0908e-18 5.3854e-17 5.7342e-17 0.041919 -0.01595 0.01595 0 0
0 0 0 0.15424 0 0 0 0 -4.0908e-18 5.3854e-17 5.7342e-17 0.13582 -0.051678 0.051678 0 0
0 0 0 0.14881 0 0 0 0 -4.0908e-18 5.3854e-17 5.7342e-17 0.13104 -0.04986 0.04986 0 0
-0 -0 -0 0.018814 0 0 0 0 -4.0908e-18 5.3854e-17 5.7342e-17 0.016568 -0.0063039 0.0063039 0 0
0 0 0 0.08623 0 0 0 0 -4.0908e-18 5.3854e-17 5.7342e-17 0.075935 -0.028892 0.028892 0 0
-0 -0 -0 0.040943 0 0 0 0 -4.0908e-18 5.3854e-17 5.7342e-17 0.036055 -0.013718 0.013718 0 0
0 0 0 0.14821 0 0 0 0 -4.0908e-18 5.3854e-17 5.7342e-17 0.13052 -0.049661 0.049661 0 0
-0 -0 -0 0.15707 0 0 0 0 -4.0908e-18 5.3854e-17 5.7342e-17 0.13831 -0.052627 0.052627 0 0
0 0 0 0.12374 0 0 0 0 -4.0908e-18 5.3854e-17 5.7342e-17 0.10896 -0.041459 0.041459 0 0
-0 -0 -0 0.093417 0 0 0 0 -4.0908e-18 5.3854e-17 5.7342e-17 0.082264 -0.0313 0.0313 0 0
-0 -0 -0 0.1453 0 0 0 0 -4.0908e-18 5.3854e-17 5.7342e-17 0.12795 -0.048684 0.048684 0 0
-0 -0 -0 0.16932 0 0 0 0 -4.0908e-18 5.3854e-17 5.7342e-17 0.14911 -0.056734 0.056734 0 0
0 0 0 0.18787 0 0 0 0 -4.0908e-18 5.3854e-17 5.7342e-17 0.16544 -0.062946 0.062946 0 0
0 0 0 0.14482 0 0 0 0 -4.0908e-18 5.3854e-17 5.7342e-17 0.12753 -0.048523 0.048523 0 0
-0 -0 -0 0.083399 0 0 0 0 -4.0908e-18 5.3854e-17 5.7342e-17 0.073442 -0.027944 0.027944 0 0
-0 -0 -0 0.19605 0 0 0 0 -4.0908e-18 5.3854e-17 5.7342e-17 0.17265 -0.06569 0.06569 0 0
-0 -0 -0 0.16767 0 0 0 0 -4.0908e-18 5.3854e-17 5.7342e-17 0.14765 -0.056178 0.056178 0 0
0 0 0 0.19361 0 0 0 0 -4.0908e-18 5.3854e-17 5.7342e-17 0.1705 -0.064871 0.064871 0 0
0 0 0 0.13775 0 0 0 0 -4.0908e-18 5.3854e-17 5.7342e-17 0.1213 -0.046153 0.046153 0 0
-0 -0 -0 0.011731 0 0 0 0 -4.0908e-18 5.3854e-17 5.7342e-17 0.01033 -0.0039305 0.0039305 0 0
-0 -0 -0 0.080643 0 0 0 0 -4.0908e-18 5.3854e-17 5.7342e-17 0.071015 -0.02702 0.02702 0 0
0 0 0 0.15324 0 0 0 0 -4.0908e-18 5.3854e-17 5.7342e-17 0.13495 -0.051345 0.051345 0 0
0 0 0 0.16308 0 0 0 0 -4.0908e-18 5.3854e-17 5.7342e-17 0.14361 -0.05464 0.05464 0 0
0 0 0 0.042862 0 0 0 0 -4.0908e-18 5.3854e-17 5.7342e-17 0.037745 -0.014361 0.014361 0 0
-0 -0 -0 0.17385 0 0 0 0 -4.0908e-18 5.3854e-17 5.7342e-17 0.15309 -0.05825 0.05825 0 0
-0 -0 -0 0.18838 0 0 0 0 -4.0908e-18 5.3854e-17 5.7342e-17 0.16589 -0.063119 0.063119 0 0
