0 0 0 0.075808 0 0 0 0 -4.0908e-18 5.3854e-17 5.7342e-17 0.066757 -0.0254 0.0254 0 0
0 0 0 0.19182 0 0 0 0 -4.0908e-18 5.3854e-17 5.7342e-17 0.16892 -0.064271 0.064271 0 0
0 0 0 0.15989 0 0 0 0 -4.0908e-18 5.3854e-17 5.7342e-17 0.1408 -0.053571 0.053571 0 0
0 0 0 0.1415 0 0 0 0 -4.0908e-18 5.3854e-17 5.7342e-17 0.12461 -0.047412 0.047412 0 0
0 0 0 0.068565 0 0 0 0 -4.0908e-18 5.3854e-17 5.7342e-17 0.060379 -0.022974 0.022974 0 0
-0 -0 -0 0.029488 0 0 0 0 -4.0908e-18 5.3854e-17 5.7342e-17 0.025968 -0.0098804 0.0098804 0 0
0 0 0 0.17382 0 0 0 0 -4.0908e-18 5.3854e-17 5.7342e-17 0.15307 -0.05824 0.05824 0 0
0 0 0 0.15427 0 0 0 0 -4.0908e-18 5.3854e-17 5.7342e-17 0.13585 -0.051688 0.051688 0 0
-0 -0 -0 0.040497 0 0 0 0 -4.0908e-18 5.3854e-17 5.7342e-17 0.035662 -0.013569 0.013569 0 0
-0 -0 -0 0.14723 0 0 0 0 -4.0908e-18 5.3854e-17 5.7342e-17 0.12965 -0.04933 0.04933 0 0
0 0 0 0.15217 0 0 0 0 -4.0908e-18 5.3854e-17 5.7342e-17 0.13401 -0.050988 0.050988 0 0
-0 -0 -0 0.068344 0 0 0 0 -4.0908e-18 5.3854e-17 5.7342e-17 0.060185 -0.022899 0.022899 0 0
0 0 0 0.059542 0 0 0 0 -4.0908e-18 5.3854e-17 5.7342e-17 0.052433 -0.01995 0.01995 0 0
-0 -0 -0 0.032733 0 0 0 0 -4.0908e-18 5.3854e-17 5.7342e-17 0.028825 -0.010967 0.010967 0 0
-0 -0 -0 0.064347 0 0 0 0 -4.0908e-18 5.3854e-17 5.7342e-17 0.056665 -0.02156 0.02156 0 0
-0 -0 -0 0.023905 0 0 0 0 -4.0908e-18 5.3854e-17 5.7342e-17 0.021051 -0.0080095 0.0080095 0 0
0 0 0 0.16494 0 0 0 0 -4.0908e-18 5.3854e-17 5.7342e-17 0.14525 -0.055266 0.055266 0 0
0 0 0 0.083502 0 0 0 0 -4.0908e-18 5.3854e-17 5.7342e-17 0.073532 -0.027978 0.027978 0 0
0 0 0 0.08928 0 0 0 0 -4.0908e-18 5.3854e-17 5.7342e-17 0.078621 -0.029914 0.029914 0 0
0 0 0 0.079135 0 0 0 0 -4.0908e-18 5.3854e-17 5.7342e-17 0.069687 -0.026515 0.026515 0 0
0 0 0 0.17023 0 0 0 0 -4.0908e-18 5.3854e-17 5.7342e-17 0.1499 -0.057036 0.057036 0 0
-0 -0 -0 0.1461 0 0 0 0 -4.0908e-18 5.3854e-17 5.7342e-17 0.12866 -0.048953 0.048953 0 0
0 0 0 0.12705 0 0 0 0 -4.0908e-18 5.3854e-17 5.7342e-17 0.11188 -0.04257 0.04257 0 0
-0 -0 -0 0.019189 0 0 0 0 -4.0908e-18 5.3854e-17 5.7342e-17 0.016898 -0.0064293 0.0064293 0 0
-0 -0 -0 0.088645 0 0 0 0 -4.0908e-18 5.3854e-17 5.7342e-17 0.078062 -0.029702 0.029702 0 0
0 0 0 0.13663 0 0 0 0 -4.0908e-18 5.3854e-17 5.7342e-17 0.12031 -0.045778 0.045778 0 0
-0 -0 -0 0.045283 0 0 0 0 -4.0908e-18 5.3854e-17 5.7342e-17 0.039876 -0.015172 0.015172 0 0
-0 -0 -0 0.052923 0 0 0 0 -4.0908e-18 5.3854e-17 5.7342e-17 0.046604 -0.017732 0.017732 0 0
-0 -0 -0 0.12107 0 0 0 0 -4.0908e-18 5.3854e-17 5.7342e-17 0.10662 -0.040567 0.040567 0 0
-0 -0 -0 0.10399 0 0 0 0 -4.0908e-18 5.3854e-17 5.7342e-17 0.091576 -0.034844 0.034844 0 0
-0 -0 -0 0.17937 0 0 0 0 -4.0908e-18 5.3854e-17 5.7342e-17 0.15796 -0.0601 0.0601 0 0
-0 -0 -0 0.028265 0 0 0 0 -4.0908e-18 5.3854e-17 5.7342e-17 0.024891 -0.0094706 0.0094706 0 0
-0 -0 -0 0.048569 0 0 0 0 -4.0908e-18 5.3854e-17 5.7342e-17 0.04277 -0.016274 0.016274 0 0
0 0 0 0.045902 0 0 0 0 -4.0908e-18 5.3854e-17 5.7342e-17 0.040421 -0.01538 0.01538 0 0
-0 -0 -0 0.10691 0 0 0 0 -4.0908e-18 5.3854e-17 5.7342e-17 0.094142 -0.03582 0.03582 0 0
-0 -0 -0 0.13142 0 0 0 0 -4.0908e-18 5.3854e-17 5.7342e-17 0.11573 -0.044032 0.044032 0 0
-0 -0 -0 0.10316 0 0 0 0 -4.0908e-18 5.3854e-17 5.7342e-17 0.090843 -0.034564 0.034564 0 0
-0 -0 -0 0.17791 0 0 0 0 -4.0908e-18 5.3854e-17 5.7342e-17 0.15667 -0.059612 0.059612 0 0
0 0 0 0.11005 0 0 0 0 -4.0908e-18 5.3854e-17 5.7342e-17 0.096914 -0.036874 0.036874 0 0
0 0 0 0.10846 0 0 0 0 -4.0908e-18 5.3854e-17 5.7342e-17 0.095512 -0.036341 0.036341 0 0
0 0 0 0.12458 0 0 0 0 -4.0908e-18 5.3854e-17 5.7342e-17 0.10971 -0.041742 0.041742 0 0
-0 -0 -0 0.17646 0 0 0 0 -4.0908e-18 5.3854e-17 5.7342e-17 0.15539 -0.059124 0.059124 0 0
0 0 0 0.15916 0 0 0 0 -4.0908e-18 5.3854e-17 5.7342e-17 0.14015 -0.053327 0.053327 0 0
0 0 0 0.14708 0 0 0 0 -4.0908e-18 5.3854e-17 5.7342e-17 0.12952 -0.049282 0.049282 0 0
-0 -0 -0 0.11128 0 0 0 0 -4.0908e-18 5.3854e-17 5.7342e-17 0.097994 -0.037286 0.037286 0 0
0 0 0 0.092984 0 0 0 0 -4.0908e-18 5.3854e-17 5.7342e-17 0.081883 -0.031155 0.031155 0 0
-0 -0 -0 0.12193 0 0 0 0 -4.0908e-18 5.3854e-17 5.7342e-17 0.10737 -0.040852 0.040852 0 0
-0 -0 -0 0.054344 0 0 0 0 -4.0908e-18 5.3854e-17 5.7342e-17 0.047855 -0.018208 0.018208 0 0
-0 -0 -0 0.011154 0 0 0 0 -4.0908e-18 5.3854e-17 5.7342e-17 0.009822 -0.0037371 0.0037371 0 0
0 0 0 0.12523 0 0 0 0 -4.0908e-18 5.3854e-17 5.7342e-17 0.11028 -0.04196 0.04196 0 0
0 0 0 0.1561 0 0 0 0 -4.0908e-18 5.3854e-17 5.7342e-17 0.13747 -0.052304 0.052304 0 0
0 0 0 0.011382 0 0 0 0 -4.0908e-18 5.3854e-17 5.7342e-17 0.010023 -0.0038138 0.0038138 0 0
-0 -0 -0 0.14331 0 0 0 0 -4.0908e-18 5.3854e-17 5.7342e-17 0.1262 -0.048017 0.048017 0 0
0 0 0 0.082605 0 0 0 0 -4.0908e-18 5.3854e-17 5.7342e-17 0.072743 -0.027678 0.027678 0 0
-0 -0 -0 0.10817 0 0 0 0 -4.0908e-18 5.3854e-17 5.7342e-17 0.095254 -0.036243 0.036243 0 0
0 0 0 0.15877 0 0 0 0 -4.0908e-18 5.3854e-17 5.7342e-17 0.13982 -0.053198 0.053198 0 0
0 0 0 0.14775 0 0 0 0 -4.0908e-18 5.3854e-17 5.7342e-17 0.13011 -0.049505 0.049505 0 0
-0 -0 -0 0.10378 0 0 0 0 -4.0908e-18 5.3854e-17 5.7342e-17 0.091387 -0.034772 0.034772 0 0
-0 -0 -0 0.12846 0 0 0 0 -4.0908e-18 5.3854e-17 5.7342e-17 0.11312 -0.043041 0.043041 0 0
-0 -0 -0 0.074589 0 0 0 0 -4.0908e-18 5.3854e-17 5.7342e-17 0.065684 -0.024992 0.024992 0 0
0 0 0 0.061023 0 0 0 0 -4.0908e-18 5.3854e-17 5.7342e-17 0.053737 -0.020446 0.020446 0 0
-0 -0 -0 0.16805 0 0 0 0 -4.0908e-18 5.3854e-17 5.7342e-17 0.14799 -0.056308 0.056308 0 0
-0 -0 -0 0.1765 0 0 0 0 -4.0908e-18 5.3854e-17 5.7342e-17 0.15543 -0.05914 0.05914 0 0
-0 -0 -0 0.02454 0 0 0 0 -4.0908e-18 5.3854e-17 5.7342e-17 0.02161 -0.0082224 0.0082224 0 0
0 0 0 0.12106 0 0 0 0 -4.0908e-18 5.3854e-17 5.7342e-17 0.1066 -0.040561 0.040561 0 0
0 0 0 0.14653 0 0 0 0 -4.0908e-18 5.3854e-17 5.7342e-17 0.12903 -0.049096 0.049096 0 0
-0 -0 -0 0.036116 0 0 0 0 -4.0908e-18 5.3854e-17 5.7342e-17 0.031804 -0.012101 0.012101 0 0
-0 -0 -0 0.057291 0 0 0 0 -4.0908e-18 5.3854e-17 5.7342e-17 0.050451 -0.019196 0.019196 0 0
-0 -0 -0 0.17398 0 0 0 0 -4.0908e-18 5.3854e-17 5.7342e-17 0.15321 -0.058295 0.058295 0 0
-0 -0 -0 0.024118 0 0 0 0 -4.0908e-18 5.3854e-17 5.7342e-17 0.021239 -0.0080811 0.0080811 0 0
-0 -0 -0 0.020235 0 0 0 0 -4.0908e-18 5.3854e-17 5.7342e-17 0.017819 -0.0067799 0.0067799 0 0
0 0 0 0.065042 0 0 0 0 -4.0908e-18 5.3854e-17 5.7342e-17 0.057276 -0.021793 0.021793 0 0
-0 -0 -0 0.19876 0 0 0 0 -4.0908e-18 5.3854e-17 5.7342e-17 0.17503 -0.066596 0.066596 0 0
0 0 0 0.084382 0 0 0 0 -4.0908e-18 5.3854e-17 5.7342e-17 0.074307 -0.028273 0.028273 0 0
0 0 0 0.097679 0 0 0 0 -4.0908e-18 5.3854e-17 5.7342e-17 0.086017 -0.032728 0.032728 0 0
-0 -0 -0 0.14853 0 0 0 0 -4.0908e-18 5.3854e-17 5.7342e-17 0.13079 -0.049765 0.049765 0 0
0 0 0 0.082053 0 0 0 0 -4.0908e-18 5.3854e-17 5.7342e-17 0.072256 -0.027493 0.027493 0 0
-0 -0 -0 0.18803 0 0 0 0 -4.0908e-18 5.3854e-17 5.7342e-17 0.16558 -0.063003 0.063003 0 0
0 0 0 0.047587 0 0 0 0 -4.0908e-18 5.3854e-17 5.7342e-17 0.041905 -0.015944 0.015944 0 0
0 0 0 0.16943 0 0 0 0 -4.0908e-18 5.3854e-17 5.7342e-17 0.1492 -0.05677 0.05677 0 0
0 0 0 0.14236 0 0 0 0 -4.0908e-18 5.3854e-17 5.7342e-17 0.12536 -0.047699 0.047699 0 0
-0 -0 -0 0.020284 0 0 0 0 -4.0908e-18 5.3854e-17 5.7342e-17 0.017862 -0.0067963 0.0067963 0 0
-0 -0 -0 0.13538 0 0 0 0 -4.0908e-18 5.3854e-17 5.7342e-17 0.11921 -0.045359 0.045359 0 0
-0 -0 -0 0.0989 0 0 0 0 -4.0908e-18 5.3854e-17 5.7342e-17 0.087092 -0.033137 0.033137 0 0
0 0 0 0.12349 0 0 0 0 -4.0908e-18 5.3854e-17 5.7342e-17 0.10875 -0.041376 0.041376 0 0
0 0 0 0.13538 0 0 0 0 -4.0908e-18 5.3854e-17 5.7342e-17 0.11921 -0.045359 0.045359 0 0
0 0 0 0.068511 0 0 0 0 -4.0908e-18 5.3854e-17 5.7342e-17 0.060332 -0.022955 0.022955 0 0
0 0 0 0.11009 0 0 0 0 -4.0908e-18 5.3854e-17 5.7342e-17 0.096943 -0.036886 0.036886 0 0
-0 -0 -0 0.17027 0 0 0 0 -4.0908e-18 5.3854e-17 5.7342e-17 0.14994 -0.05705 0.05705 0 0
-0 -0 -0 0.044204 0 0 0 0 -4.0908e-18 5.3854e-17 5.7342e-17 0.038926 -0.014811 0.014811 0 0
0 0 0 0.07285 0 0 0 0 -4.0908e-18 5.3854e-17 5.7342e-17 0.064153 -0.024409 0.024409 0 0
-0 -0 -0 0.095603 0 0 0 0 -4.0908e-18 5.3854e-17 5.7342e-17 0.084189 -0.032033 0.032033 0 0
0 0 0 0.11089 0 0 0 0 -4.0908e-18 5.3854e-17 5.7342e-17 0.09765 -0.037155 0.037155 0 0
0 0 0 0.1943 0 0 0 0 -4.0908e-18 5.3854e-17 5.7342e-17 0.1711 -0.065101 0.065101 0 0
-0 -0 -0 0.11462 0 0 0 0 -4.0908e-18 5.3854e-17 5.7342e-17 0.10094 -0.038406 0.038406 0 0
-0 -0 -0 0.060069 0 0 0 0 -4.0908e-18 5.3854e-17 5.7342e-17 0.052897 -0.020127 0.020127 0 0
-0 -0 -0 0.12864 0 0 0 0 -4.0908e-18 5.3854e-17 5.7342e-17 0.11328 -0.043103 0.043103 0 0
0 0 0 0.1746 0 0 0 0 -4.0908e-18 5.3854e-17 5.7342e-17 0.15375 -0.0585 0.0585 0 0
0 0 0 0.027131 0 0 0 0 -4.0908e-18 5.3854e-17 5.7342e-17 0.023891 -0.0090904 0.0090904 0 0
-0 -0 -0 0.17425 0 0 0 0 -4.0908e-18 5.3854e-17 5.7342e-17 0.15344 -0.058383 0.058383 0 0
