-0 -0 -0.022076 0 0 0 0 0 0 0 0 0 0 0.0072074 -0.0019517 -0.020775 0.002659 -0.0016532 0.0010778 0 0
-0 -0 -0.25261 0 0 0 0 0 0 0 0 0 0 0.082471 -0.022333 -0.23772 0.027977 -0.022488 0.011819 0 0
0 0 0.23015 0 0 0 0 0 0 0 0 0 0 -0.075139 0.020347 0.21658 -0.029601 0.013327 -0.011521 0 0
-0 -0 -0.0701 0 0 0 0 0 0 0 0 0 0 0.022886 -0.0061974 -0.065968 0.0083134 -0.0054647 0.0033975 0 0
-0 -0 -0.34376 0 0 0 0 0 0 0 0 0 0 0.11223 -0.030391 -0.3235 0.036573 -0.032369 0.015729 0 0
0 0 0.17996 0 0 0 0 0 0 0 0 0 0 -0.058755 0.015911 0.16936 -0.022893 0.011047 -0.0089799 0 0
0 0 0.031126 0 0 0 0 0 0 0 0 0 0 -0.010162 0.0027518 0.029292 -0.0038096 0.0022231 -0.0015305 0 0
0 0 0.11029 0 0 0 0 0 0 0 0 0 0 -0.036009 0.0097509 0.10379 -0.013794 0.0072949 -0.0054709 0 0
-0 -0 -0.25487 0 0 0 0 0 0 0 0 0 0 0.083211 -0.022533 -0.23985 0.028201 -0.022724 0.011919 0 0
-0 -0 -0.058461 0 0 0 0 0 0 0 0 0 0 0.019086 -0.0051685 -0.055015 0.0069599 -0.0045142 0.0028387 0 0
-0 -0 -0.074351 0 0 0 0 0 0 0 0 0 0 0.024274 -0.0065733 -0.069969 0.0088051 -0.0058161 0.0036011 0 0
-0 -0 -0.039366 0 0 0 0 0 0 0 0 0 0 0.012852 -0.0034803 -0.037045 0.0047156 -0.0029918 0.001917 0 0
0 0 0.28473 0 0 0 0 0 0 0 0 0 0 -0.092958 0.025173 0.26795 -0.037021 0.015396 -0.01429 0 0
0 0 0.16797 0 0 0 0 0 0 0 0 0 0 -0.05484 0.01485 0.15807 -0.021308 0.01045 -0.008374 0 0
0 0 0.12922 0 0 0 0 0 0 0 0 0 0 -0.042189 0.011425 0.12161 -0.01624 0.0083813 -0.0064213 0 0
-0 -0 -0.10846 0 0 0 0 0 0 0 0 0 0 0.035411 -0.0095891 -0.10207 0.012696 -0.0087164 0.0052233 0 0
-0 -0 -0.11691 0 0 0 0 0 0 0 0 0 0 0.03817 -0.010336 -0.11002 0.013644 -0.0094569 0.0056219 0 0
0 0 0.30064 0 0 0 0 0 0 0 0 0 0 -0.098153 0.026579 0.28292 -0.039206 0.015917 -0.015097 0 0
-0 -0 -0.028538 0 0 0 0 0 0 0 0 0 0 0.009317 -0.002523 -0.026856 0.0034303 -0.002149 0.001392 0 0
-0 -0 -0.32236 0 0 0 0 0 0 0 0 0 0 0.10524 -0.028499 -0.30336 0.034634 -0.029974 0.014831 0 0
0 0 0.023957 0 0 0 0 0 0 0 0 0 0 -0.0078214 0.002118 0.022545 -0.002926 0.0017223 -0.0011769 0 0
-0 -0 -0.11182 0 0 0 0 0 0 0 0 0 0 0.036508 -0.0098861 -0.10523 0.013073 -0.0090098 0.0053819 0 0
-0 -0 -0.10365 0 0 0 0 0 0 0 0 0 0 0.03384 -0.0091638 -0.097543 0.012153 -0.0082987 0.0049958 0 0
0 0 0.24816 0 0 0 0 0 0 0 0 0 0 -0.081021 0.02194 0.23354 -0.032037 0.014057 -0.012435 0 0
0 0 0.13716 0 0 0 0 0 0 0 0 0 0 -0.04478 0.012126 0.12908 -0.017271 0.008822 -0.0068205 0 0
0 0 0.18637 0 0 0 0 0 0 0 0 0 0 -0.060847 0.016477 0.17539 -0.023742 0.011358 -0.009304 0 0
0 0 0.21949 0 0 0 0 0 0 0 0 0 0 -0.071658 0.019405 0.20655 -0.028166 0.012872 -0.010981 0 0
0 0 0.071693 0 0 0 0 0 0 0 0 0 0 -0.023406 0.0063383 0.067467 -0.0088752 0.0049276 -0.003542 0 0
0 0 0.068064 0 0 0 0 0 0 0 0 0 0 -0.022221 0.0060175 0.064052 -0.0084176 0.0046947 -0.0033613 0 0
0 0 0.057352 0 0 0 0 0 0 0 0 0 0 -0.018724 0.0050705 0.053972 -0.0070719 0.0039967 -0.0028289 0 0
0 0 0.013853 0 0 0 0 0 0 0 0 0 0 -0.0045227 0.0012247 0.013036 -0.0016869 0.0010051 -0.00067966 0 0
0 0 0.051679 0 0 0 0 0 0 0 0 0 0 -0.016872 0.0045689 0.048633 -0.0063622 0.0036208 -0.0025474 0 0
0 0 0.24097 0 0 0 0 0 0 0 0 0 0 -0.078672 0.021304 0.22677 -0.031062 0.013771 -0.01207 0 0
0 0 0.33912 0 0 0 0 0 0 0 0 0 0 -0.11072 0.029981 0.31913 -0.044524 0.017026 -0.017046 0 0
-0 -0 -0.28338 0 0 0 0 0 0 0 0 0 0 0.092518 -0.025053 -0.26668 0.030977 -0.025728 0.013164 0 0
-0 -0 -0.32915 0 0 0 0 0 0 0 0 0 0 0.10746 -0.0291 -0.30975 0.035254 -0.030729 0.015118 0 0
-0 -0 -0.26999 0 0 0 0 0 0 0 0 0 0 0.088146 -0.023869 -0.25408 0.029683 -0.024306 0.012581 0 0
-0 -0 -0.037363 0 0 0 0 0 0 0 0 0 0 0.012198 -0.0033033 -0.035161 0.0044786 -0.0028348 0.0018201 0 0
-0 -0 -0.17482 0 0 0 0 0 0 0 0 0 0 0.057075 -0.015456 -0.16452 0.019973 -0.01476 0.0083156 0 0
-0 -0 -0.32542 0 0 0 0 0 0 0 0 0 0 0.10624 -0.02877 -0.30624 0.034914 -0.030313 0.014961 0 0
-0 -0 -0.32464 0 0 0 0 0 0 0 0 0 0 0.10599 -0.028701 -0.30551 0.034843 -0.030227 0.014928 0 0
-0 -0 -0.15679 0 0 0 0 0 0 0 0 0 0 0.051187 -0.013861 -0.14755 0.018034 -0.013066 0.007484 0 0
-0 -0 -0.14299 0 0 0 0 0 0 0 0 0 0 0.046684 -0.012642 -0.13456 0.016531 -0.011796 0.0068434 0 0
-0 -0 -0.0476 0 0 0 0 0 0 0 0 0 0 0.01554 -0.0042083 -0.044794 0.0056869 -0.0036426 0.0023152 0 0
0 0 0.028712 0 0 0 0 0 0 0 0 0 0 -0.0093738 0.0025384 0.027019 -0.0035116 0.0020552 -0.0014113 0 0
-0 -0 -0.10823 0 0 0 0 0 0 0 0 0 0 0.035336 -0.0095689 -0.10186 0.01267 -0.0086965 0.0052125 0 0
0 0 0.25575 0 0 0 0 0 0 0 0 0 0 -0.083498 0.022611 0.24068 -0.033067 0.014351 -0.01282 0 0
0 0 0.22285 0 0 0 0 0 0 0 0 0 0 -0.072756 0.019702 0.20972 -0.028618 0.013018 -0.011151 0 0
-0 -0 -0.027038 0 0 0 0 0 0 0 0 0 0 0.0088273 -0.0023904 -0.025444 0.0032516 -0.0020335 0.0013191 0 0
-0 -0 -0.24339 0 0 0 0 0 0 0 0 0 0 0.079461 -0.021518 -0.22904 0.02706 -0.021538 0.011411 0 0
0 0 0.16388 0 0 0 0 0 0 0 0 0 0 -0.053503 0.014488 0.15422 -0.020768 0.010241 -0.0081672 0 0
0 0 0.091318 0 0 0 0 0 0 0 0 0 0 -0.029814 0.0080734 0.085936 -0.011365 0.0061566 -0.0045211 0 0
-0 -0 -0.30488 0 0 0 0 0 0 0 0 0 0 0.099538 -0.026954 -0.28691 0.033014 -0.028051 0.014089 0 0
-0 -0 -0.29075 0 0 0 0 0 0 0 0 0 0 0.094925 -0.025705 -0.27362 0.031681 -0.026519 0.013482 0 0
-0 -0 -0.0068783 0 0 0 0 0 0 0 0 0 0 0.0022456 -0.00060811 -0.0064729 0.00083237 -0.00050834 0.00033653 0 0
0 0 0.31251 0 0 0 0 0 0 0 0 0 0 -0.10203 0.027629 0.29409 -0.040842 0.016283 -0.015699 0 0
0 0 0.23906 0 0 0 0 0 0 0 0 0 0 -0.078047 0.021135 0.22497 -0.030803 0.013694 -0.011973 0 0
-0 -0 -0.15596 0 0 0 0 0 0 0 0 0 0 0.050919 -0.013789 -0.14677 0.017945 -0.01299 0.0074459 0 0
0 0 0.039803 0 0 0 0 0 0 0 0 0 0 -0.012995 0.0035189 0.037457 -0.0048837 0.00282 -0.0019592 0 0
-0 -0 -0.21788 0 0 0 0 0 0 0 0 0 0 0.071135 -0.019263 -0.20504 0.024477 -0.018955 0.010272 0 0
-0 -0 -0.057916 0 0 0 0 0 0 0 0 0 0 0.018908 -0.0051203 -0.054503 0.0068963 -0.0044702 0.0028125 0 0
-0 -0 -0.21504 0 0 0 0 0 0 0 0 0 0 0.070206 -0.019012 -0.20237 0.024185 -0.018672 0.010145 0 0
0 0 0.070586 0 0 0 0 0 0 0 0 0 0 -0.023045 0.0062404 0.066426 -0.0087356 0.0048568 -0.0034869 0 0
0 0 0.041211 0 0 0 0 0 0 0 0 0 0 -0.013454 0.0036434 0.038782 -0.0050585 0.0029159 -0.0020289 0 0
-0 -0 -0.1793 0 0 0 0 0 0 0 0 0 0 0.058539 -0.015852 -0.16874 0.02045 -0.015187 0.0085213 0 0
-0 -0 -0.10417 0 0 0 0 0 0 0 0 0 0 0.034011 -0.0092099 -0.098034 0.012212 -0.0083439 0.0050205 0 0
0 0 0.21265 0 0 0 0 0 0 0 0 0 0 -0.069426 0.0188 0.20012 -0.027248 0.012573 -0.010634 0 0
-0 -0 -0.14446 0 0 0 0 0 0 0 0 0 0 0.047162 -0.012771 -0.13594 0.016692 -0.01193 0.0069116 0 0
0 0 0.22644 0 0 0 0 0 0 0 0 0 0 -0.073929 0.02002 0.2131 -0.029101 0.013171 -0.011333 0 0
0 0 0.019548 0 0 0 0 0 0 0 0 0 0 -0.006382 0.0017282 0.018396 -0.0023844 0.001411 -0.00095977 0 0
-0 -0 -0.1537 0 0 0 0 0 0 0 0 0 0 0.050179 -0.013588 -0.14464 0.017699 -0.01278 0.007341 0 0
0 0 0.32918 0 0 0 0 0 0 0 0 0 0 -0.10747 0.029102 0.30978 -0.043145 0.016761 -0.016543 0 0
0 0 0.21526 0 0 0 0 0 0 0 0 0 0 -0.070277 0.019031 0.20257 -0.027598 0.012688 -0.010766 0 0
-0 -0 -0.1432 0 0 0 0 0 0 0 0 0 0 0.046753 -0.012661 -0.13476 0.016555 -0.011815 0.0068533 0 0
0 0 0.16302 0 0 0 0 0 0 0 0 0 0 -0.053221 0.014412 0.15341 -0.020655 0.010197 -0.0081237 0 0
-0 -0 -0.099584 0 0 0 0 0 0 0 0 0 0 0.032512 -0.0088042 -0.093715 0.011692 -0.0079478 0.0048031 0 0
0 0 0.32629 0 0 0 0 0 0 0 0 0 0 -0.10653 0.028847 0.30706 -0.042746 0.016681 -0.016397 0 0
0 0 0.31904 0 0 0 0 0 0 0 0 0 0 -0.10416 0.028206 0.30024 -0.041743 0.016475 -0.01603 0 0
0 0 0.097502 0 0 0 0 0 0 0 0 0 0 -0.031833 0.0086201 0.091756 -0.012154 0.006533 -0.0048303 0 0
-0 -0 -0.313 0 0 0 0 0 0 0 0 0 0 0.10219 -0.027672 -0.29455 0.033771 -0.02894 0.014435 0 0
0 0 0.28253 0 0 0 0 0 0 0 0 0 0 -0.092241 0.024978 0.26588 -0.03672 0.015321 -0.014179 0 0
0 0 0.34212 0 0 0 0 0 0 0 0 0 0 -0.1117 0.030247 0.32196 -0.044941 0.017104 -0.017198 0 0
0 0 0.31808 0 0 0 0 0 0 0 0 0 0 -0.10384 0.028121 0.29933 -0.04161 0.016447 -0.015981 0 0
0 0 0.018906 0 0 0 0 0 0 0 0 0 0 -0.0061723 0.0016714 0.017791 -0.0023056 0.0013654 -0.00092816 0 0
-0 -0 -0.28531 0 0 0 0 0 0 0 0 0 0 0.093147 -0.025224 -0.26849 0.031161 -0.025934 0.013247 0 0
0 0 0.25051 0 0 0 0 0 0 0 0 0 0 -0.081788 0.022148 0.23575 -0.032355 0.014149 -0.012554 0 0
0 0 0.13341 0 0 0 0 0 0 0 0 0 0 -0.043557 0.011795 0.12555 -0.016784 0.0086151 -0.006632 0 0
0 0 0.24871 0 0 0 0 0 0 0 0 0 0 -0.081198 0.021988 0.23405 -0.03211 0.014079 -0.012463 0 0
0 0 0.17152 0 0 0 0 0 0 0 0 0 0 -0.055999 0.015164 0.16141 -0.021776 0.010629 -0.0085533 0 0
-0 -0 -0.037379 0 0 0 0 0 0 0 0 0 0 0.012204 -0.0033047 -0.035176 0.0044805 -0.002836 0.0018208 0 0
-0 -0 -0.184 0 0 0 0 0 0 0 0 0 0 0.060072 -0.016267 -0.17316 0.020948 -0.015636 0.0087362 0 0
0 0 0.18307 0 0 0 0 0 0 0 0 0 0 -0.059767 0.016185 0.17228 -0.023304 0.011199 -0.0091367 0 0
-0 -0 -0.098289 0 0 0 0 0 0 0 0 0 0 0.032089 -0.0086896 -0.092496 0.011545 -0.0078364 0.0047416 0 0
0 0 0.11945 0 0 0 0 0 0 0 0 0 0 -0.038998 0.01056 0.11241 -0.014974 0.0078265 -0.0059302 0 0
-0 -0 -0.058572 0 0 0 0 0 0 0 0 0 0 0.019123 -0.0051783 -0.05512 0.0069729 -0.0045233 0.002844 0 0
0 0 0.15539 0 0 0 0 0 0 0 0 0 0 -0.05073 0.013738 0.14623 -0.019653 0.0098009 -0.0077387 0 0
0 0 0.14338 0 0 0 0 0 0 0 0 0 0 -0.04681 0.012676 0.13493 -0.018081 0.0091612 -0.0071336 0 0
-0 -0 -0.23219 0 0 0 0 0 0 0 0 0 0 0.075806 -0.020528 -0.21851 0.025934 -0.020395 0.010913 0 0
0 0 0.32688 0 0 0 0 0 0 0 0 0 0 -0.10672 0.028899 0.30761 -0.042827 0.016697 -0.016427 0 0
0 0 0.27923 0 0 0 0 0 0 0 0 0 0 -0.091163 0.024686 0.26277 -0.036268 0.015207 -0.014011 0 0
