0 0 0 0.18991 0 0 0 0 -0 0 0 0.17563 -0.032311 0.064622 0 0
-0 -0 -0 0.0050411 0 0 0 0 -0 0 0 0.0046621 -0.00085767 0.0017153 0 0
0 0 0 0.11754 0 0 0 0 -0 0 0 0.1087 -0.019998 0.039995 0 0
0 0 0 0.051661 0 0 0 0 -0 0 0 0.047776 -0.0087894 0.017579 0 0
0 0 0 0.15804 0 0 0 0 -0 0 0 0.14616 -0.026889 0.053778 0 0
0 0 0 0.12842 0 0 0 0 -0 0 0 0.11877 -0.021849 0.043698 0 0
-0 -0 -0 0.0028665 0 0 0 0 -0 0 0 0.0026509 -0.00048769 0.00097538 0 0
-0 -0 -0 0.19248 0 0 0 0 -0 0 0 0.17801 -0.032748 0.065496 0 0
-0 -0 -0 0.10439 0 0 0 0 -0 0 0 0.096542 -0.017761 0.035521 0 0
0 0 0 0.16665 0 0 0 0 -0 0 0 0.15412 -0.028353 0.056706 0 0
0 0 0 0.083351 0 0 0 0 -0 0 0 0.077084 -0.014181 0.028362 0 0
0 0 0 0.17276 0 0 0 0 -0 0 0 0.15977 -0.029392 0.058784 0 0
0 0 0 0.19978 0 0 0 0 -0 0 0 0.18476 -0.03399 0.067981 0 0
0 0 0 0.013822 0 0 0 0 -0 0 0 0.012782 -0.0023515 0.0047031 0 0
-0 -0 -0 0.17256 0 0 0 0 -0 0 0 0.15959 -0.029359 0.058718 0 0
-0 -0 -0 0.11483 0 0 0 0 -0 0 0 0.10619 -0.019536 0.039072 0 0
-0 -0 -0 0.15301 0 0 0 0 -0 0 0 0.14151 -0.026033 0.052066 0 0
-0 -0 -0 0.11257 0 0 0 0 -0 0 0 0.10411 -0.019152 0.038304 0 0
-0 -0 -0 0.12688 0 0 0 0 -0 0 0 0.11734 -0.021587 0.043173 0 0
-0 -0 -0 0.14554 0 0 0 0 -0 0 0 0.1346 -0.024762 0.049523 0 0
-0 -0 -0 0.18334 0 0 0 0 -0 0 0 0.16956 -0.031194 0.062387 0 0
0 0 0 0.16312 0 0 0 0 -0 0 0 0.15085 -0.027752 0.055504 0 0
0 0 0 0.02532 0 0 0 0 -0 0 0 0.023416 -0.0043078 0.0086156 0 0
0 0 0 0.036639 0 0 0 0 -0 0 0 0.033884 -0.0062336 0.012467 0 0
-0 -0 -0 0.055308 0 0 0 0 -0 0 0 0.051149 -0.0094099 0.01882 0 0
0 0 0 0.0033563 0 0 0 0 -0 0 0 0.0031039 -0.00057102 0.001142 0 0
0 0 0 0.01369 0 0 0 0 -0 0 0 0.012661 -0.0023292 0.0046583 0 0
-0 -0 -0 0.023101 0 0 0 0 -0 0 0 0.021364 -0.0039302 0.0078605 0 0
0 0 0 0.060093 0 0 0 0 -0 0 0 0.055574 -0.010224 0.020448 0 0
0 0 0 0.043353 0 0 0 0 -0 0 0 0.040093 -0.0073758 0.014752 0 0
-0 -0 -0 0.067718 0 0 0 0 -0 0 0 0.062626 -0.011521 0.023042 0 0
-0 -0 -0 0.0057771 0 0 0 0 -0 0 0 0.0053427 -0.0009829 0.0019658 0 0
0 0 0 0.073927 0 0 0 0 -0 0 0 0.068368 -0.012578 0.025155 0 0
-0 -0 -0 0.01159 0 0 0 0 -0 0 0 0.010719 -0.0019719 0.0039439 0 0
0 0 0 0.04012 0 0 0 0 -0 0 0 0.037103 -0.0068258 0.013652 0 0
-0 -0 -0 0.19401 0 0 0 0 -0 0 0 0.17942 -0.033008 0.066016 0 0
0 0 0 0.08899 0 0 0 0 -0 0 0 0.082299 -0.01514 0.030281 0 0
-0 -0 -0 0.1556 0 0 0 0 -0 0 0 0.1439 -0.026473 0.052945 0 0
0 0 0 0.098796 0 0 0 0 -0 0 0 0.091367 -0.016809 0.033618 0 0
0 0 0 0.13296 0 0 0 0 -0 0 0 0.12297 -0.022622 0.045244 0 0
0 0 0 0.045926 0 0 0 0 -0 0 0 0.042472 -0.0078136 0.015627 0 0
0 0 0 0.0073581 0 0 0 0 -0 0 0 0.0068048 -0.0012519 0.0025038 0 0
0 0 0 0.078264 0 0 0 0 -0 0 0 0.072379 -0.013316 0.026631 0 0
-0 -0 -0 0.18837 0 0 0 0 -0 0 0 0.17421 -0.032049 0.064099 0 0
-0 -0 -0 0.18636 0 0 0 0 -0 0 0 0.17234 -0.031706 0.063412 0 0
-0 -0 -0 0.12093 0 0 0 0 -0 0 0 0.11184 -0.020575 0.041149 0 0
0 0 0 0.1413 0 0 0 0 -0 0 0 0.13067 -0.02404 0.04808 0 0
-0 -0 -0 0.19872 0 0 0 0 -0 0 0 0.18378 -0.03381 0.06762 0 0
0 0 0 0.13212 0 0 0 0 -0 0 0 0.12219 -0.022479 0.044957 0 0
-0 -0 -0 0.16391 0 0 0 0 -0 0 0 0.15158 -0.027886 0.055773 0 0
-0 -0 -0 0.037531 0 0 0 0 -0 0 0 0.034709 -0.0063853 0.012771 0 0
0 0 0 0.037943 0 0 0 0 -0 0 0 0.03509 -0.0064555 0.012911 0 0
-0 -0 -0 0.14273 0 0 0 0 -0 0 0 0.132 -0.024284 0.048568 0 0
-0 -0 -0 0.19212 0 0 0 0 -0 0 0 0.17767 -0.032687 0.065373 0 0
0 0 0 0.017756 0 0 0 0 -0 0 0 0.016421 -0.003021 0.0060419 0 0
-0 -0 -0 0.085876 0 0 0 0 -0 0 0 0.079419 -0.014611 0.029221 0 0
-0 -0 -0 0.050989 0 0 0 0 -0 0 0 0.047155 -0.008675 0.01735 0 0
0 0 0 0.19869 0 0 0 0 -0 0 0 0.18375 -0.033805 0.06761 0 0
0 0 0 0.09701 0 0 0 0 -0 0 0 0.089716 -0.016505 0.03301 0 0
0 0 0 0.083911 0 0 0 0 -0 0 0 0.077602 -0.014276 0.028553 0 0
0 0 0 0.078168 0 0 0 0 -0 0 0 0.072291 -0.013299 0.026599 0 0
0 0 0 0.17691 0 0 0 0 -0 0 0 0.16361 -0.030099 0.060198 0 0
0 0 0 0.18838 0 0 0 0 -0 0 0 0.17422 -0.032051 0.064102 0 0
-0 -0 -0 0.12784 0 0 0 0 -0 0 0 0.11823 -0.021751 0.043502 0 0
0 0 0 0.17649 0 0 0 0 -0 0 0 0.16322 -0.030028 0.060055 0 0
0 0 0 0.14533 0 0 0 0 -0 0 0 0.13441 -0.024726 0.049453 0 0
-0 -0 -0 0.16603 0 0 0 0 -0 0 0 0.15355 -0.028248 0.056496 0 0
-0 -0 -0 0.10511 0 0 0 0 -0 0 0 0.097209 -0.017884 0.035767 0 0
-0 -0 -0 0.022811 0 0 0 0 -0 0 0 0.021096 -0.003881 0.007762 0 0
-0 -0 -0 0.11597 0 0 0 0 -0 0 0 0.10725 -0.019732 0.039463 0 0
-0 -0 -0 0.11067 0 0 0 0 -0 0 0 0.10235 -0.018829 0.037658 0 0
0 0 0 0.14854 0 0 0 0 -0 0 0 0.13737 -0.025272 0.050544 0 0
0 0 0 0.11995 0 0 0 0 -0 0 0 0.11093 -0.020408 0.040817 0 0
0 0 0 0.11368 0 0 0 0 -0 0 0 0.10513 -0.019341 0.038682 0 0
-0 -0 -0 0.039406 0 0 0 0 -0 0 0 0.036443 -0.0067043 0.013409 0 0
0 0 0 0.074925 0 0 0 0 -0 0 0 0.069292 -0.012748 0.025495 0 0
0 0 0 0.17883 0 0 0 0 -0 0 0 0.16538 -0.030425 0.06085 0 0
0 0 0 0.19009 0 0 0 0 -0 0 0 0.17579 -0.032341 0.064681 0 0
-0 -0 -0 0.028056 0 0 0 0 -0 0 0 0.025947 -0.0047734 0.0095467 0 0
-0 -0 -0 0.15174 0 0 0 0 -0 0 0 0.14033 -0.025817 0.051635 0 0
0 0 0 0.14377 0 0 0 0 -0 0 0 0.13296 -0.02446 0.048921 0 0
0 0 0 0.15273 0 0 0 0 -0 0 0 0.14125 -0.025986 0.051971 0 0
0 0 0 0.039334 0 0 0 0 -0 0 0 0.036376 -0.0066921 0.013384 0 0
-0 -0 -0 0.078276 0 0 0 0 -0 0 0 0.072391 -0.013318 0.026635 0 0
-0 -0 -0 0.025441 0 0 0 0 -0 0 0 0.023528 -0.0043285 0.0086569 0 0
0 0 0 0.15949 0 0 0 0 -0 0 0 0.14749 -0.027134 0.054269 0 0
0 0 0 0.16675 0 0 0 0 -0 0 0 0.15421 -0.02837 0.056741 0 0
0 0 0 0.074082 0 0 0 0 -0 0 0 0.068511 -0.012604 0.025208 0 0
0 0 0 0.17539 0 0 0 0 -0 0 0 0.1622 -0.02984 0.05968 0 0
-0 -0 -0 0.10435 0 0 0 0 -0 0 0 0.096508 -0.017754 0.035509 0 0
-0 -0 -0 0.055339 0 0 0 0 -0 0 0 0.051178 -0.0094152 0.01883 0 0
0 0 0 0.15318 0 0 0 0 -0 0 0 0.14166 -0.026062 0.052124 0 0
0 0 0 0.18842 0 0 0 0 -0 0 0 0.17425 -0.032056 0.064113 0 0
0 0 0 0.11348 0 0 0 0 -0 0 0 0.10494 -0.019306 0.038613 0 0
-0 -0 -0 0.18683 0 0 0 0 -0 0 0 0.17278 -0.031786 0.063572 0 0
-0 -0 -0 0.14204 0 0 0 0 -0 0 0 0.13136 -0.024166 0.048332 0 0
-0 -0 -0 0.010748 0 0 0 0 -0 0 0 0.0099395 -0.0018286 0.0036571 0 0
0 0 0 0.093143 0 0 0 0 -0 0 0 0.086139 -0.015847 0.031694 0 0
-0 -0 -0 0.023286 0 0 0 0 -0 0 0 0.021535 -0.0039617 0.0079235 0 0
0 0 0 0.10937 0 0 0 0 -0 0 0 0.10114 -0.018607 0.037214 0 0
