0 0 0.28359 0 0 0 0 0 0 0 0 0 0 -0.096496 0.0085294 0.26653 0.0015999 0.042358 -0.00077632 0 0
0 0 0.27158 0 0 0 0 0 0 0 0 0 0 -0.092413 0.0081685 0.25525 0.0017615 0.040569 -0.00066053 0 0
-0 -0 -0.11698 0 0 0 0 0 0 0 0 0 0 0.039806 -0.0035185 -0.10995 -0.0039268 -0.01707 -0.00087542 0 0
-0 -0 -0.015596 0 0 0 0 0 0 0 0 0 0 0.0053068 -0.00046908 -0.014658 -0.00041487 -0.002301 -7.6566e-05 0 0
-0 -0 -0.27532 0 0 0 0 0 0 0 0 0 0 0.093685 -0.0082809 -0.25876 -0.012163 -0.039204 -0.0031488 0 0
0 0 0.19731 0 0 0 0 0 0 0 0 0 0 -0.06714 0.0059346 0.18544 0.0023113 0.029458 -0.00010593 0 0
-0 -0 -0.33627 0 0 0 0 0 0 0 0 0 0 0.11442 -0.010114 -0.31605 -0.016191 -0.047322 -0.0043475 0 0
0 0 0.15273 0 0 0 0 0 0 0 0 0 0 -0.051968 0.0045935 0.14354 0.0022678 0.022774 9.2244e-05 0 0
0 0 0.068636 0 0 0 0 0 0 0 0 0 0 -0.023355 0.0020644 0.064508 0.0014236 0.010193 0.00018924 0 0
0 0 0.27777 0 0 0 0 0 0 0 0 0 0 -0.094518 0.0083545 0.26106 0.0016807 0.041492 -0.00071932 0 0
-0 -0 -0.16708 0 0 0 0 0 0 0 0 0 0 0.056854 -0.0050254 -0.15703 -0.0061761 -0.024216 -0.0014611 0 0
0 0 0.23003 0 0 0 0 0 0 0 0 0 0 -0.078272 0.0069185 0.21619 0.0021649 0.034358 -0.00031574 0 0
-0 -0 -0.030312 0 0 0 0 0 0 0 0 0 0 0.010314 -0.00091168 -0.028488 -0.00083717 -0.004466 -0.00016018 0 0
-0 -0 -0.015414 0 0 0 0 0 0 0 0 0 0 0.0052448 -0.0004636 -0.014486 -0.00040982 -0.0022742 -7.56e-05 0 0
0 0 0.056729 0 0 0 0 0 0 0 0 0 0 -0.019303 0.0017062 0.053316 0.0012238 0.0084179 0.00017369 0 0
0 0 0.053507 0 0 0 0 0 0 0 0 0 0 -0.018207 0.0016093 0.050288 0.0011663 0.0079381 0.00016824 0 0
-0 -0 -0.1777 0 0 0 0 0 0 0 0 0 0 0.060466 -0.0053446 -0.16701 -0.0066955 -0.025714 -0.0016012 0 0
0 0 0.035253 0 0 0 0 0 0 0 0 0 0 -0.011996 0.0010603 0.033133 0.0008133 0.0052232 0.0001273 0 0
-0 -0 -0.098458 0 0 0 0 0 0 0 0 0 0 0.033502 -0.0029613 -0.092535 -0.0031805 -0.014399 -0.00069067 0 0
-0 -0 -0.31739 0 0 0 0 0 0 0 0 0 0 0.108 -0.0095463 -0.2983 -0.014894 -0.044835 -0.0039574 0 0
-0 -0 -0.01506 0 0 0 0 0 0 0 0 0 0 0.0051245 -0.00045296 -0.014154 -0.00040005 -0.002222 -7.3729e-05 0 0
-0 -0 -0.27129 0 0 0 0 0 0 0 0 0 0 0.092311 -0.0081595 -0.25497 -0.011912 -0.038658 -0.0030757 0 0
-0 -0 -0.27768 0 0 0 0 0 0 0 0 0 0 0.094486 -0.0083518 -0.26098 -0.01231 -0.039523 -0.0031919 0 0
-0 -0 -0.0072711 0 0 0 0 0 0 0 0 0 0 0.0024742 -0.00021869 -0.0068337 -0.00018923 -0.0010736 -3.4153e-05 0 0
-0 -0 -0.30868 0 0 0 0 0 0 0 0 0 0 0.10503 -0.0092841 -0.29011 -0.01431 -0.043678 -0.003783 0 0
0 0 0.21519 0 0 0 0 0 0 0 0 0 0 -0.073224 0.0064724 0.20225 0.00225 0.032137 -0.00021387 0 0
-0 -0 -0.34021 0 0 0 0 0 0 0 0 0 0 0.11576 -0.010232 -0.31974 -0.016466 -0.047837 -0.0044308 0 0
-0 -0 -0.25263 0 0 0 0 0 0 0 0 0 0 0.085964 -0.0075985 -0.23744 -0.010782 -0.036119 -0.0027479 0 0
-0 -0 -0.17897 0 0 0 0 0 0 0 0 0 0 0.0609 -0.005383 -0.16821 -0.0067589 -0.025894 -0.0016184 0 0
0 0 0.30302 0 0 0 0 0 0 0 0 0 0 -0.10311 0.0091139 0.28479 0.0012953 0.04525 -0.00097914 0 0
0 0 0.050265 0 0 0 0 0 0 0 0 0 0 -0.017104 0.0015118 0.047241 0.001107 0.0074555 0.00016221 0 0
-0 -0 -0.12161 0 0 0 0 0 0 0 0 0 0 0.04138 -0.0036576 -0.11429 -0.0041203 -0.017734 -0.00092424 0 0
-0 -0 -0.05982 0 0 0 0 0 0 0 0 0 0 0.020355 -0.0017992 -0.056222 -0.0017739 -0.0087872 -0.00036102 0 0
0 0 0.26919 0 0 0 0 0 0 0 0 0 0 -0.091596 0.0080963 0.25299 0.0017914 0.040211 -0.00063825 0 0
0 0 0.26745 0 0 0 0 0 0 0 0 0 0 -0.091006 0.0080441 0.25136 0.0018125 0.039952 -0.00062232 0 0
-0 -0 -0.22728 0 0 0 0 0 0 0 0 0 0 0.077338 -0.006836 -0.21361 -0.0093182 -0.032635 -0.0023293 0 0
0 0 0.23816 0 0 0 0 0 0 0 0 0 0 -0.081039 0.0071632 0.22383 0.0021051 0.035576 -0.00037635 0 0
0 0 0.13222 0 0 0 0 0 0 0 0 0 0 -0.044991 0.0039768 0.12427 0.0021537 0.019701 0.00014928 0 0
0 0 0.083141 0 0 0 0 0 0 0 0 0 0 -0.028291 0.0025006 0.07814 0.0016402 0.012358 0.00019836 0 0
0 0 0.087354 0 0 0 0 0 0 0 0 0 0 -0.029724 0.0026274 0.0821 0.0016975 0.012987 0.00019899 0 0
0 0 0.12634 0 0 0 0 0 0 0 0 0 0 -0.042989 0.0037998 0.11874 0.00211 0.018819 0.00016167 0 0
-0 -0 -0.085996 0 0 0 0 0 0 0 0 0 0 0.029262 -0.0025865 -0.080823 -0.0027046 -0.012595 -0.00057612 0 0
0 0 0.34748 0 0 0 0 0 0 0 0 0 0 -0.11824 0.010451 0.32657 0.00039971 0.051836 -0.0015141 0 0
-0 -0 -0.16351 0 0 0 0 0 0 0 0 0 0 0.055639 -0.004918 -0.15368 -0.0060047 -0.02371 -0.0014152 0 0
-0 -0 -0.17874 0 0 0 0 0 0 0 0 0 0 0.060819 -0.0053758 -0.16798 -0.0067471 -0.02586 -0.0016152 0 0
-0 -0 -0.24156 0 0 0 0 0 0 0 0 0 0 0.082195 -0.0072653 -0.22702 -0.010132 -0.034601 -0.0025611 0 0
0 0 0.25712 0 0 0 0 0 0 0 0 0 0 -0.087489 0.0077333 0.24165 0.0019295 0.038409 -0.00053059 0 0
-0 -0 -0.16456 0 0 0 0 0 0 0 0 0 0 0.055994 -0.0049494 -0.15466 -0.0060546 -0.023858 -0.0014286 0 0
0 0 0.3405 0 0 0 0 0 0 0 0 0 0 -0.11586 0.010241 0.32001 0.00055856 0.050805 -0.0014236 0 0
-0 -0 -0.05489 0 0 0 0 0 0 0 0 0 0 0.018678 -0.0016509 -0.051588 -0.001609 -0.0080672 -0.00032439 0 0
-0 -0 -0.19659 0 0 0 0 0 0 0 0 0 0 0.066893 -0.0059128 -0.18476 -0.0076567 -0.028366 -0.0018643 0 0
-0 -0 -0.19141 0 0 0 0 0 0 0 0 0 0 0.065133 -0.0057572 -0.1799 -0.0073888 -0.027642 -0.0017905 0 0
-0 -0 -0.25943 0 0 0 0 0 0 0 0 0 0 0.088278 -0.007803 -0.24383 -0.011189 -0.037047 -0.0028654 0 0
-0 -0 -0.20967 0 0 0 0 0 0 0 0 0 0 0.071346 -0.0063064 -0.19706 -0.00835 -0.030193 -0.0020569 0 0
-0 -0 -0.33029 0 0 0 0 0 0 0 0 0 0 0.11239 -0.0099341 -0.31042 -0.015775 -0.046536 -0.004222 0 0
0 0 0.079619 0 0 0 0 0 0 0 0 0 0 -0.027092 0.0023947 0.07483 0.0015903 0.011832 0.00019713 0 0
-0 -0 -0.17633 0 0 0 0 0 0 0 0 0 0 0.059999 -0.0053034 -0.16572 -0.0066275 -0.025521 -0.0015828 0 0
0 0 0.34483 0 0 0 0 0 0 0 0 0 0 -0.11734 0.010371 0.32409 0.00046078 0.051445 -0.0014795 0 0
-0 -0 -0.1262 0 0 0 0 0 0 0 0 0 0 0.042942 -0.0037957 -0.11861 -0.0043153 -0.018393 -0.00097375 0 0
0 0 0.16807 0 0 0 0 0 0 0 0 0 0 -0.057189 0.005055 0.15796 0.0023144 0.025074 3.5507e-05 0 0
0 0 0.095649 0 0 0 0 0 0 0 0 0 0 -0.032547 0.0028768 0.089895 0.0018032 0.014227 0.00019757 0 0
0 0 0.2284 0 0 0 0 0 0 0 0 0 0 -0.077719 0.0068696 0.21466 0.0021757 0.034115 -0.00030404 0 0
-0 -0 -0.070691 0 0 0 0 0 0 0 0 0 0 0.024054 -0.0021262 -0.066438 -0.002149 -0.010372 -0.00044614 0 0
-0 -0 -0.15354 0 0 0 0 0 0 0 0 0 0 0.052246 -0.0046181 -0.14431 -0.0055351 -0.022296 -0.0012905 0 0
-0 -0 -0.32965 0 0 0 0 0 0 0 0 0 0 0.11217 -0.009915 -0.30982 -0.015731 -0.046453 -0.0042088 0 0
-0 -0 -0.2396 0 0 0 0 0 0 0 0 0 0 0.08153 -0.0072065 -0.22519 -0.010019 -0.034333 -0.0025288 0 0
-0 -0 -0.012789 0 0 0 0 0 0 0 0 0 0 0.0043518 -0.00038466 -0.01202 -0.00033772 -0.0018874 -6.1871e-05 0 0
-0 -0 -0.19628 0 0 0 0 0 0 0 0 0 0 0.066787 -0.0059034 -0.18447 -0.0076405 -0.028323 -0.0018598 0 0
-0 -0 -0.17507 0 0 0 0 0 0 0 0 0 0 0.059572 -0.0052656 -0.16454 -0.0065655 -0.025344 -0.001566 0 0
0 0 0.27834 0 0 0 0 0 0 0 0 0 0 -0.094712 0.0083717 0.2616 0.001673 0.041577 -0.00072485 0 0
0 0 0.058783 0 0 0 0 0 0 0 0 0 0 -0.020002 0.001768 0.055247 0.0012597 0.008724 0.00017689 0 0
0 0 0.18311 0 0 0 0 0 0 0 0 0 0 -0.062306 0.0055073 0.17209 0.0023279 0.027329 -3.1771e-05 0 0
0 0 0.15603 0 0 0 0 0 0 0 0 0 0 -0.053094 0.004693 0.14665 0.0022806 0.02327 8.1031e-05 0 0
0 0 0.3347 0 0 0 0 0 0 0 0 0 0 -0.11389 0.010067 0.31456 0.00068536 0.049948 -0.0013503 0 0
-0 -0 -0.059579 0 0 0 0 0 0 0 0 0 0 0.020273 -0.001792 -0.055995 -0.0017657 -0.008752 -0.0003592 0 0
0 0 0.10132 0 0 0 0 0 0 0 0 0 0 -0.034477 0.0030475 0.095228 0.0018699 0.015075 0.00019457 0 0
-0 -0 -0.27817 0 0 0 0 0 0 0 0 0 0 0.094655 -0.0083667 -0.26144 -0.012341 -0.03959 -0.003201 0 0
-0 -0 -0.022315 0 0 0 0 0 0 0 0 0 0 0.0075931 -0.00067116 -0.020972 -0.00060397 -0.0032902 -0.00011337 0 0
-0 -0 -0.02141 0 0 0 0 0 0 0 0 0 0 0.0072851 -0.00064394 -0.020122 -0.00057814 -0.0031571 -0.00010828 0 0
0 0 0.13091 0 0 0 0 0 0 0 0 0 0 -0.044544 0.0039373 0.12303 0.0021443 0.019504 0.0001522 0 0
0 0 0.31659 0 0 0 0 0 0 0 0 0 0 -0.10773 0.009522 0.29754 0.0010512 0.047265 -0.001132 0 0
-0 -0 -0.16362 0 0 0 0 0 0 0 0 0 0 0.055675 -0.0049212 -0.15378 -0.0060097 -0.023725 -0.0014166 0 0
-0 -0 -0.16156 0 0 0 0 0 0 0 0 0 0 0.054974 -0.0048592 -0.15184 -0.0059117 -0.023434 -0.0013904 0 0
0 0 0.2266 0 0 0 0 0 0 0 0 0 0 -0.077104 0.0068153 0.21296 0.0021873 0.033845 -0.00029119 0 0
0 0 0.31401 0 0 0 0 0 0 0 0 0 0 -0.10685 0.0094446 0.29512 0.0010995 0.046883 -0.0011023 0 0
-0 -0 -0.24323 0 0 0 0 0 0 0 0 0 0 0.082764 -0.0073156 -0.2286 -0.010229 -0.034831 -0.0025889 0 0
-0 -0 -0.078009 0 0 0 0 0 0 0 0 0 0 0.026544 -0.0023463 -0.073316 -0.0024107 -0.011436 -0.00050681 0 0
0 0 0.12154 0 0 0 0 0 0 0 0 0 0 -0.041358 0.0036557 0.11423 0.0020708 0.018101 0.00017046 0 0
-0 -0 -0.014002 0 0 0 0 0 0 0 0 0 0 0.0047645 -0.00042114 -0.01316 -0.00037092 -0.0020661 -6.8172e-05 0 0
0 0 0.311 0 0 0 0 0 0 0 0 0 0 -0.10582 0.0093539 0.29229 0.0011548 0.046435 -0.0010679 0 0
0 0 0.18452 0 0 0 0 0 0 0 0 0 0 -0.062786 0.0055497 0.17342 0.0023275 0.02754 -3.8678e-05 0 0
-0 -0 -0.2077 0 0 0 0 0 0 0 0 0 0 0.070674 -0.006247 -0.1952 -0.0082439 -0.029918 -0.0020273 0 0
-0 -0 -0.17192 0 0 0 0 0 0 0 0 0 0 0.0585 -0.0051709 -0.16158 -0.006411 -0.024899 -0.0015243 0 0
-0 -0 -0.14415 0 0 0 0 0 0 0 0 0 0 0.049049 -0.0043355 -0.13548 -0.0051046 -0.020958 -0.0011774 0 0
-0 -0 -0.16425 0 0 0 0 0 0 0 0 0 0 0.055891 -0.0049403 -0.15437 -0.0060401 -0.023815 -0.0014247 0 0
-0 -0 -0.086005 0 0 0 0 0 0 0 0 0 0 0.029265 -0.0025868 -0.080832 -0.0027049 -0.012597 -0.00057619 0 0
-0 -0 -0.20846 0 0 0 0 0 0 0 0 0 0 0.070933 -0.0062699 -0.19592 -0.0082848 -0.030024 -0.0020387 0 0
-0 -0 -0.28861 0 0 0 0 0 0 0 0 0 0 0.098206 -0.0086805 -0.27125 -0.013001 -0.040995 -0.0033951 0 0
0 0 0.17957 0 0 0 0 0 0 0 0 0 0 -0.061101 0.0054008 0.16876 0.0023276 0.026798 -1.4893e-05 0 0
-0 -0 -0.0096272 0 0 0 0 0 0 0 0 0 0 0.0032759 -0.00028956 -0.0090481 -0.00025211 -0.0014212 -4.5798e-05 0 0
