0 0 0.034105 0 0 0 0 0 0 0 0 0 0 -0.011135 0.0030152 0.032095 -0.00035088 0.0060986 -0.00069467 0 0
-0 -0 -0.24462 0 0 0 0 0 0 0 0 0 0 0.079864 -0.021627 -0.2302 -0.0032792 -0.043767 0.0029741 0 0
0 0 0.24881 0 0 0 0 0 0 0 0 0 0 -0.081232 0.021997 0.23415 -0.0070614 0.04369 -0.0065543 0 0
0 0 0.081216 0 0 0 0 0 0 0 0 0 0 -0.026515 0.0071802 0.076429 -0.0011604 0.014484 -0.0017633 0 0
-0 -0 -0.030239 0 0 0 0 0 0 0 0 0 0 0.0098723 -0.0026734 -0.028456 0.00014551 -0.0054204 0.00055971 0 0
0 0 0.18897 0 0 0 0 0 0 0 0 0 0 -0.061696 0.016707 0.17784 -0.0044183 0.033404 -0.004671 0 0
0 0 0.20631 0 0 0 0 0 0 0 0 0 0 -0.067357 0.01824 0.19415 -0.0051235 0.036403 -0.0051974 0 0
-0 -0 -0.23784 0 0 0 0 0 0 0 0 0 0 0.07765 -0.021027 -0.22382 -0.003052 -0.042566 0.0029401 0 0
0 0 0.31415 0 0 0 0 0 0 0 0 0 0 -0.10256 0.027774 0.29564 -0.010614 0.054687 -0.0088201 0 0
-0 -0 -0.057603 0 0 0 0 0 0 0 0 0 0 0.018806 -0.0050927 -0.054208 0.00014291 -0.010332 0.0010202 0 0
0 0 0.0090903 0 0 0 0 0 0 0 0 0 0 -0.0029678 0.00080366 0.0085545 -7.4181e-05 0.0016273 -0.00017862 0 0
-0 -0 -0.13272 0 0 0 0 0 0 0 0 0 0 0.043331 -0.011734 -0.1249 -0.00051967 -0.023815 0.002057 0 0
-0 -0 -0.11812 0 0 0 0 0 0 0 0 0 0 0.038563 -0.010443 -0.11116 -0.00031571 -0.021196 0.0018818 0 0
-0 -0 -0.24906 0 0 0 0 0 0 0 0 0 0 0.081314 -0.022019 -0.23438 -0.0034321 -0.044552 0.0029948 0 0
-0 -0 -0.20727 0 0 0 0 0 0 0 0 0 0 0.067668 -0.018324 -0.19505 -0.0021235 -0.037136 0.0027521 0 0
-0 -0 -0.1102 0 0 0 0 0 0 0 0 0 0 0.035978 -0.0097426 -0.1037 -0.00022025 -0.019775 0.0017814 0 0
-0 -0 -0.092143 0 0 0 0 0 0 0 0 0 0 0.030083 -0.0081463 -0.086712 -4.2494e-05 -0.016534 0.0015386 0 0
0 0 0.05743 0 0 0 0 0 0 0 0 0 0 -0.01875 0.0050774 0.054045 -0.00070467 0.010257 -0.0012081 0 0
-0 -0 -0.23698 0 0 0 0 0 0 0 0 0 0 0.077368 -0.020951 -0.22301 -0.0030237 -0.042413 0.0029356 0 0
0 0 0.0013905 0 0 0 0 0 0 0 0 0 0 -0.00045396 0.00012293 0.0013085 -1.0436e-05 0.00024899 -2.7013e-05 0 0
-0 -0 -0.091356 0 0 0 0 0 0 0 0 0 0 0.029826 -0.0080767 -0.085972 -3.601e-05 -0.016393 0.0015275 0 0
0 0 0.10802 0 0 0 0 0 0 0 0 0 0 -0.035267 0.0095501 0.10166 -0.0017887 0.01923 -0.0024271 0 0
0 0 0.081069 0 0 0 0 0 0 0 0 0 0 -0.026467 0.0071672 0.076291 -0.0011573 0.014458 -0.0017598 0 0
0 0 0.30239 0 0 0 0 0 0 0 0 0 0 -0.098725 0.026734 0.28457 -0.0099242 0.052728 -0.0083966 0 0
-0 -0 -0.15102 0 0 0 0 0 0 0 0 0 0 0.049305 -0.013352 -0.14212 -0.00082633 -0.027093 0.0022586 0 0
0 0 0.050394 0 0 0 0 0 0 0 0 0 0 -0.016452 0.0044552 0.047423 -0.00058821 0.0090038 -0.0010499 0 0
0 0 0.043802 0 0 0 0 0 0 0 0 0 0 -0.0143 0.0038725 0.04122 -0.00048674 0.0078288 -0.00090435 0 0
0 0 0.19619 0 0 0 0 0 0 0 0 0 0 -0.064052 0.017345 0.18463 -0.0047057 0.034654 -0.0048881 0 0
-0 -0 -0.13543 0 0 0 0 0 0 0 0 0 0 0.044214 -0.011973 -0.12744 -0.0005614 -0.0243 0.0020881 0 0
-0 -0 -0.1667 0 0 0 0 0 0 0 0 0 0 0.054424 -0.014738 -0.15687 -0.0011342 -0.029898 0.0024154 0 0
-0 -0 -0.11718 0 0 0 0 0 0 0 0 0 0 0.038256 -0.01036 -0.11027 -0.00030381 -0.021027 0.00187 0 0
0 0 0.23634 0 0 0 0 0 0 0 0 0 0 -0.077162 0.020895 0.22241 -0.0064622 0.041562 -0.0061465 0 0
0 0 0.058504 0 0 0 0 0 0 0 0 0 0 -0.0191 0.0051723 0.055055 -0.00072317 0.010448 -0.0012324 0 0
0 0 0.14404 0 0 0 0 0 0 0 0 0 0 -0.047027 0.012735 0.13555 -0.0028234 0.025569 -0.0033816 0 0
-0 -0 -0.33585 0 0 0 0 0 0 0 0 0 0 0.10965 -0.029692 -0.31605 -0.0070766 -0.059762 0.0031593 0 0
-0 -0 -0.11776 0 0 0 0 0 0 0 0 0 0 0.038446 -0.010411 -0.11082 -0.00031116 -0.021132 0.0018773 0 0
0 0 0.07778 0 0 0 0 0 0 0 0 0 0 -0.025394 0.0068765 0.073196 -0.0010887 0.013875 -0.0016812 0 0
-0 -0 -0.32127 0 0 0 0 0 0 0 0 0 0 0.10489 -0.028404 -0.30234 -0.0063779 -0.057229 0.0031638 0 0
0 0 0.016555 0 0 0 0 0 0 0 0 0 0 -0.0054048 0.0014636 0.015579 -0.00014561 0.0029627 -0.00032885 0 0
0 0 0.20851 0 0 0 0 0 0 0 0 0 0 -0.068074 0.018434 0.19622 -0.0052163 0.036782 -0.0052652 0 0
0 0 0.20463 0 0 0 0 0 0 0 0 0 0 -0.066806 0.018091 0.19257 -0.0050527 0.036112 -0.0051455 0 0
0 0 0.22837 0 0 0 0 0 0 0 0 0 0 -0.074558 0.02019 0.21491 -0.0060922 0.040197 -0.0058899 0 0
-0 -0 -0.28163 0 0 0 0 0 0 0 0 0 0 0.091947 -0.024899 -0.26503 -0.0046538 -0.050294 0.0031103 0 0
-0 -0 -0.1788 0 0 0 0 0 0 0 0 0 0 0.058374 -0.015808 -0.16826 -0.0014002 -0.032061 0.0025262 0 0
-0 -0 -0.02246 0 0 0 0 0 0 0 0 0 0 0.0073328 -0.0019857 -0.021137 0.00012296 -0.0040252 0.00042081 0 0
0 0 0.30699 0 0 0 0 0 0 0 0 0 0 -0.10022 0.02714 0.28889 -0.010191 0.053495 -0.0085612 0 0
-0 -0 -0.0085971 0 0 0 0 0 0 0 0 0 0 0.0028068 -0.00076006 -0.0080904 5.7214e-05 -0.00154 0.00016453 0 0
0 0 0.20157 0 0 0 0 0 0 0 0 0 0 -0.065808 0.017821 0.18969 -0.0049256 0.035584 -0.0050518 0 0
0 0 0.13038 0 0 0 0 0 0 0 0 0 0 -0.042565 0.011526 0.12269 -0.0024051 0.023169 -0.003011 0 0
-0 -0 -0.1485 0 0 0 0 0 0 0 0 0 0 0.048482 -0.013129 -0.13975 -0.00078067 -0.026642 0.002232 0 0
0 0 0.26058 0 0 0 0 0 0 0 0 0 0 -0.085073 0.023037 0.24522 -0.0076501 0.045689 -0.0069464 0 0
0 0 0.28488 0 0 0 0 0 0 0 0 0 0 -0.093007 0.025186 0.26809 -0.0089373 0.049793 -0.0077785 0 0
0 0 0.042959 0 0 0 0 0 0 0 0 0 0 -0.014025 0.0037979 0.040427 -0.00047429 0.0076784 -0.0008859 0 0
-0 -0 -0.2875 0 0 0 0 0 0 0 0 0 0 0.093862 -0.025417 -0.27055 -0.0048926 -0.051324 0.0031243 0 0
0 0 0.092418 0 0 0 0 0 0 0 0 0 0 -0.030173 0.0081706 0.086971 -0.0014082 0.01647 -0.0020358 0 0
0 0 0.28521 0 0 0 0 0 0 0 0 0 0 -0.093114 0.025215 0.2684 -0.0089554 0.049849 -0.00779 0 0
-0 -0 -0.14164 0 0 0 0 0 0 0 0 0 0 0.046243 -0.012522 -0.13329 -0.00066206 -0.025414 0.0021578 0 0
-0 -0 -0.13843 0 0 0 0 0 0 0 0 0 0 0.045194 -0.012238 -0.13027 -0.0006092 -0.024838 0.0021221 0 0
-0 -0 -0.32161 0 0 0 0 0 0 0 0 0 0 0.105 -0.028433 -0.30265 -0.0063936 -0.057287 0.0031638 0 0
0 0 0.038128 0 0 0 0 0 0 0 0 0 0 -0.012448 0.0033708 0.03588 -0.0004053 0.0068166 -0.000781 0 0
-0 -0 -0.12686 0 0 0 0 0 0 0 0 0 0 0.041417 -0.011216 -0.11938 -0.00043346 -0.022764 0.0019882 0 0
-0 -0 -0.20601 0 0 0 0 0 0 0 0 0 0 0.067258 -0.018213 -0.19387 -0.0020887 -0.036913 0.0027432 0 0
-0 -0 -0.21038 0 0 0 0 0 0 0 0 0 0 0.068684 -0.018599 -0.19798 -0.0022108 -0.03769 0.0027738 0 0
-0 -0 -0.092629 0 0 0 0 0 0 0 0 0 0 0.030241 -0.0081892 -0.087169 -4.6551e-05 -0.016621 0.0015453 0 0
-0 -0 -0.32666 0 0 0 0 0 0 0 0 0 0 0.10665 -0.02888 -0.30741 -0.0066321 -0.058166 0.0031636 0 0
-0 -0 -0.027462 0 0 0 0 0 0 0 0 0 0 0.0089657 -0.0024279 -0.025843 0.00013864 -0.0049222 0.00051052 0 0
0 0 0.126 0 0 0 0 0 0 0 0 0 0 -0.041136 0.011139 0.11857 -0.0022778 0.022399 -0.0028945 0 0
0 0 0.31311 0 0 0 0 0 0 0 0 0 0 -0.10222 0.027682 0.29466 -0.010552 0.054515 -0.0087824 0 0
0 0 0.23893 0 0 0 0 0 0 0 0 0 0 -0.078007 0.021124 0.22485 -0.0065846 0.042005 -0.0062306 0 0
0 0 0.31661 0 0 0 0 0 0 0 0 0 0 -0.10337 0.027991 0.29795 -0.010761 0.055095 -0.0089093 0 0
-0 -0 -0.14614 0 0 0 0 0 0 0 0 0 0 0.047711 -0.01292 -0.13753 -0.00073895 -0.026219 0.0022068 0 0
0 0 0.24514 0 0 0 0 0 0 0 0 0 0 -0.080035 0.021673 0.2307 -0.0068825 0.043065 -0.0064335 0 0
-0 -0 -0.015014 0 0 0 0 0 0 0 0 0 0 0.0049017 -0.0013274 -0.014129 9.1714e-05 -0.0026901 0.00028454 0 0
0 0 0.25981 0 0 0 0 0 0 0 0 0 0 -0.084823 0.02297 0.2445 -0.0076111 0.045559 -0.0069206 0 0
-0 -0 -0.010116 0 0 0 0 0 0 0 0 0 0 0.0033028 -0.00089438 -0.0095201 6.6016e-05 -0.0018123 0.00019316 0 0
-0 -0 -0.30128 0 0 0 0 0 0 0 0 0 0 0.098363 -0.026636 -0.28353 -0.0054762 -0.05374 0.0031488 0 0
0 0 0.18807 0 0 0 0 0 0 0 0 0 0 -0.061402 0.016627 0.17699 -0.004383 0.033248 -0.0046441 0 0
0 0 0.25423 0 0 0 0 0 0 0 0 0 0 -0.083002 0.022477 0.23925 -0.00733 0.044612 -0.0067341 0 0
0 0 0.23431 0 0 0 0 0 0 0 0 0 0 -0.076497 0.020715 0.2205 -0.0063667 0.041214 -0.0060807 0 0
-0 -0 -0.067063 0 0 0 0 0 0 0 0 0 0 0.021895 -0.0059289 -0.06311 0.00011234 -0.01203 0.0011692 0 0
-0 -0 -0.16481 0 0 0 0 0 0 0 0 0 0 0.053809 -0.014571 -0.1551 -0.001095 -0.029562 0.0023973 0 0
0 0 0.15489 0 0 0 0 0 0 0 0 0 0 -0.050569 0.013694 0.14576 -0.0031776 0.027468 -0.0036829 0 0
0 0 0.2901 0 0 0 0 0 0 0 0 0 0 -0.094711 0.025647 0.273 -0.0092264 0.05067 -0.0079612 0 0
-0 -0 -0.10291 0 0 0 0 0 0 0 0 0 0 0.033599 -0.0090986 -0.096849 -0.00014186 -0.018468 0.0016858 0 0
0 0 0.13583 0 0 0 0 0 0 0 0 0 0 -0.044347 0.012009 0.12783 -0.0025684 0.024128 -0.0031578 0 0
-0 -0 -0.13742 0 0 0 0 0 0 0 0 0 0 0.044864 -0.012149 -0.12932 -0.00059293 -0.024656 0.0021107 0 0
0 0 0.31853 0 0 0 0 0 0 0 0 0 0 -0.104 0.028161 0.29976 -0.010877 0.055415 -0.0089797 0 0
0 0 0.26005 0 0 0 0 0 0 0 0 0 0 -0.084901 0.022991 0.24472 -0.0076233 0.0456 -0.0069287 0 0
0 0 0.093337 0 0 0 0 0 0 0 0 0 0 -0.030473 0.0082518 0.087836 -0.0014295 0.016633 -0.0020585 0 0
-0 -0 -0.21171 0 0 0 0 0 0 0 0 0 0 0.069119 -0.018717 -0.19923 -0.0022487 -0.037927 0.0027829 0 0
-0 -0 -0.3054 0 0 0 0 0 0 0 0 0 0 0.099706 -0.027 -0.2874 -0.0056564 -0.054459 0.0031539 0 0
-0 -0 -0.13681 0 0 0 0 0 0 0 0 0 0 0.044666 -0.012095 -0.12875 -0.00058327 -0.024548 0.0021038 0 0
0 0 0.26576 0 0 0 0 0 0 0 0 0 0 -0.086764 0.023495 0.25009 -0.0079166 0.046567 -0.0071213 0 0
-0 -0 -0.097861 0 0 0 0 0 0 0 0 0 0 0.03195 -0.0086518 -0.092093 -9.2788e-05 -0.017561 0.0016176 0 0
0 0 0.046742 0 0 0 0 0 0 0 0 0 0 -0.01526 0.0041324 0.043987 -0.00053109 0.008353 -0.00096898 0 0
0 0 0.11225 0 0 0 0 0 0 0 0 0 0 -0.036647 0.0099237 0.10563 -0.0018988 0.019976 -0.0025354 0 0
-0 -0 -0.19994 0 0 0 0 0 0 0 0 0 0 0.065276 -0.017677 -0.18816 -0.0019243 -0.035832 0.0026987 0 0
-0 -0 -0.26813 0 0 0 0 0 0 0 0 0 0 0.08754 -0.023706 -0.25233 -0.0041262 -0.047919 0.0030703 0 0
-0 -0 -0.17778 0 0 0 0 0 0 0 0 0 0 0.05804 -0.015717 -0.1673 -0.0013767 -0.031878 0.0025172 0 0
-0 -0 -0.11071 0 0 0 0 0 0 0 0 0 0 0.036144 -0.0097876 -0.10418 -0.00022606 -0.019866 0.0017879 0 0
