-0 -0 -0 0.16757 0 0 0 0 -4.0908e-18 5.3854e-17 5.7342e-17 0.14756 -0.056146 0.056146 0 0
0 0 0 0.037231 0 0 0 0 -4.0908e-18 5.3854e-17 5.7342e-17 0.032786 -0.012475 0.012475 0 0
0 0 0 0.18806 0 0 0 0 -4.0908e-18 5.3854e-17 5.7342e-17 0.16561 -0.063012 0.063012 0 0
0 0 0 0.1605 0 0 0 0 -4.0908e-18 5.3854e-17 5.7342e-17 0.14134 -0.053779 0.053779 0 0
-0 -0 -0 0.038671 0 0 0 0 -4.0908e-18 5.3854e-17 5.7342e-17 0.034054 -0.012957 0.012957 0 0
0 0 0 0.023259 0 0 0 0 -4.0908e-18 5.3854e-17 5.7342e-17 0.020482 -0.0077932 0.0077932 0 0
-0 -0 -0 0.14814 0 0 0 0 -4.0908e-18 5.3854e-17 5.7342e-17 0.13045 -0.049636 0.049636 0 0
-0 -0 -0 0.11322 0 0 0 0 -4.0908e-18 5.3854e-17 5.7342e-17 0.099705 -0.037936 0.037936 0 0
-0 -0 -0 0.014727 0 0 0 0 -4.0908e-18 5.3854e-17 5.7342e-17 0.012968 -0.0049344 0.0049344 0 0
-0 -0 -0 0.15442 0 0 0 0 -4.0908e-18 5.3854e-17 5.7342e-17 0.13598 -0.051738 0.051738 0 0
0 0 0 0.13374 0 0 0 0 -4.0908e-18 5.3854e-17 5.7342e-17 0.11777 -0.044811 0.044811 0 0
0 0 0 0.16908 0 0 0 0 -4.0908e-18 5.3854e-17 5.7342e-17 0.14889 -0.056651 0.056651 0 0
0 0 0 0.06957 0 0 0 0 -4.0908e-18 5.3854e-17 5.7342e-17 0.061264 -0.02331 0.02331 0 0
-0 -0 -0 0.16441 0 0 0 0 -4.0908e-18 5.3854e-17 5.7342e-17 0.14478 -0.055087 0.055087 0 0
-0 -0 -0 0.0083427 0 0 0 0 -4.0908e-18 5.3854e-17 5.7342e-17 0.0073467 -0.0027953 0.0027953 0 0
-0 -0 -0 0.10299 0 0 0 0 -4.0908e-18 5.3854e-17 5.7342e-17 0.090692 -0.034507 0.034507 0 0
-0 -0 -0 0.11581 0 0 0 0 -4.0908e-18 5.3854e-17 5.7342e-17 0.10199 -0.038804 0.038804 0 0
0 0 0 0.16258 0 0 0 0 -4.0908e-18 5.3854e-17 5.7342e-17 0.14317 -0.054473 0.054473 0 0
-0 -0 -0 0.054873 0 0 0 0 -4.0908e-18 5.3854e-17 5.7342e-17 0.048322 -0.018386 0.018386 0 0
-0 -0 -0 0.036016 0 0 0 0 -4.0908e-18 5.3854e-17 5.7342e-17 0.031716 -0.012067 0.012067 0 0
0 0 0 0.18755 0 0 0 0 -4.0908e-18 5.3854e-17 5.7342e-17 0.16516 -0.06284 0.06284 0 0
-0 -0 -0 0.035785 0 0 0 0 -4.0908e-18 5.3854e-17 5.7342e-17 0.031513 -0.01199 0.01199 0 0
-0 -0 -0 0.13305 0 0 0 0 -4.0908e-18 5.3854e-17 5.7342e-17 0.11717 -0.044581 0.044581 0 0
-0 -0 -0 0.17236 0 0 0 0 -4.0908e-18 5.3854e-17 5.7342e-17 0.15178 -0.057751 0.057751 0 0
0 0 0 0.023902 0 0 0 0 -4.0908e-18 5.3854e-17 5.7342e-17 0.021048 -0.0080085 0.0080085 0 0
0 0 0 0.028048 0 0 0 0 -4.0908e-18 5.3854e-17 5.7342e-17 0.024699 -0.0093978 0.0093978 0 0
0 0 0 0.15527 0 0 0 0 -4.0908e-18 5.3854e-17 5.7342e-17 0.13673 -0.052026 0.052026 0 0
0 0 0 0.050024 0 0 0 0 -4.0908e-18 5.3854e-17 5.7342e-17 0.044051 -0.016761 0.016761 0 0
-0 -0 -0 0.067386 0 0 0 0 -4.0908e-18 5.3854e-17 5.7342e-17 0.059341 -0.022579 0.022579 0 0
0 0 0 0.14099 0 0 0 0 -4.0908e-18 5.3854e-17 5.7342e-17 0.12416 -0.047241 0.047241 0 0
0 0 0 0.061977 0 0 0 0 -4.0908e-18 5.3854e-17 5.7342e-17 0.054577 -0.020766 0.020766 0 0
-0 -0 -0 0.038407 0 0 0 0 -4.0908e-18 5.3854e-17 5.7342e-17 0.033821 -0.012869 0.012869 0 0
0 0 0 0.04093 0 0 0 0 -4.0908e-18 5.3854e-17 5.7342e-17 0.036043 -0.013714 0.013714 0 0
0 0 0 0.12668 0 0 0 0 -4.0908e-18 5.3854e-17 5.7342e-17 0.11156 -0.042446 0.042446 0 0
-0 -0 -0 0.0085985 0 0 0 0 -4.0908e-18 5.3854e-17 5.7342e-17 0.0075719 -0.002881 0.002881 0 0
0 0 0 0.16191 0 0 0 0 -4.0908e-18 5.3854e-17 5.7342e-17 0.14258 -0.05425 0.05425 0 0
0 0 0 0.10296 0 0 0 0 -4.0908e-18 5.3854e-17 5.7342e-17 0.09067 -0.034499 0.034499 0 0
0 0 0 0.024659 0 0 0 0 -4.0908e-18 5.3854e-17 5.7342e-17 0.021715 -0.0082623 0.0082623 0 0
-0 -0 -0 0.032512 0 0 0 0 -4.0908e-18 5.3854e-17 5.7342e-17 0.02863 -0.010893 0.010893 0 0
0 0 0 0.04259 0 0 0 0 -4.0908e-18 5.3854e-17 5.7342e-17 0.037505 -0.01427 0.01427 0 0
0 0 0 0.15775 0 0 0 0 -4.0908e-18 5.3854e-17 5.7342e-17 0.13892 -0.052856 0.052856 0 0
-0 -0 -0 0.075169 0 0 0 0 -4.0908e-18 5.3854e-17 5.7342e-17 0.066194 -0.025186 0.025186 0 0
0 0 0 0.13593 0 0 0 0 -4.0908e-18 5.3854e-17 5.7342e-17 0.1197 -0.045545 0.045545 0 0
0 0 0 0.034734 0 0 0 0 -4.0908e-18 5.3854e-17 5.7342e-17 0.030587 -0.011638 0.011638 0 0
0 0 0 0.05194 0 0 0 0 -4.0908e-18 5.3854e-17 5.7342e-17 0.045739 -0.017403 0.017403 0 0
0 0 0 0.19942 0 0 0 0 -4.0908e-18 5.3854e-17 5.7342e-17 0.17561 -0.066818 0.066818 0 0
-0 -0 -0 0.065594 0 0 0 0 -4.0908e-18 5.3854e-17 5.7342e-17 0.057763 -0.021978 0.021978 0 0
-0 -0 -0 0.1703 0 0 0 0 -4.0908e-18 5.3854e-17 5.7342e-17 0.14997 -0.057062 0.057062 0 0
-0 -0 -0 0.049134 0 0 0 0 -4.0908e-18 5.3854e-17 5.7342e-17 0.043268 -0.016463 0.016463 0 0
-0 -0 -0 0.058478 0 0 0 0 -4.0908e-18 5.3854e-17 5.7342e-17 0.051496 -0.019594 0.019594 0 0
-0 -0 -0 0.10361 0 0 0 0 -4.0908e-18 5.3854e-17 5.7342e-17 0.091237 -0.034714 0.034714 0 0
0 0 0 0.041292 0 0 0 0 -4.0908e-18 5.3854e-17 5.7342e-17 0.036362 -0.013835 0.013835 0 0
0 0 0 0.050255 0 0 0 0 -4.0908e-18 5.3854e-17 5.7342e-17 0.044255 -0.016838 0.016838 0 0
-0 -0 -0 0.13599 0 0 0 0 -4.0908e-18 5.3854e-17 5.7342e-17 0.11975 -0.045564 0.045564 0 0
0 0 0 0.051778 0 0 0 0 -4.0908e-18 5.3854e-17 5.7342e-17 0.045596 -0.017349 0.017349 0 0
0 0 0 0.15166 0 0 0 0 -4.0908e-18 5.3854e-17 5.7342e-17 0.13356 -0.050816 0.050816 0 0
0 0 0 0.17751 0 0 0 0 -4.0908e-18 5.3854e-17 5.7342e-17 0.15632 -0.059478 0.059478 0 0
0 0 0 0.18228 0 0 0 0 -4.0908e-18 5.3854e-17 5.7342e-17 0.16052 -0.061075 0.061075 0 0
0 0 0 0.18514 0 0 0 0 -4.0908e-18 5.3854e-17 5.7342e-17 0.16303 -0.062032 0.062032 0 0
0 0 0 0.021422 0 0 0 0 -4.0908e-18 5.3854e-17 5.7342e-17 0.018864 -0.0071775 0.0071775 0 0
-0 -0 -0 0.002463 0 0 0 0 -4.0908e-18 5.3854e-17 5.7342e-17 0.0021689 -0.00082525 0.00082525 0 0
0 0 0 0.19254 0 0 0 0 -4.0908e-18 5.3854e-17 5.7342e-17 0.16956 -0.064514 0.064514 0 0
-0 -0 -0 0.14901 0 0 0 0 -4.0908e-18 5.3854e-17 5.7342e-17 0.13122 -0.049927 0.049927 0 0
0 0 0 0.088124 0 0 0 0 -4.0908e-18 5.3854e-17 5.7342e-17 0.077603 -0.029527 0.029527 0 0
0 0 0 0.1087 0 0 0 0 -4.0908e-18 5.3854e-17 5.7342e-17 0.095718 -0.03642 0.03642 0 0
-0 -0 -0 0.12286 0 0 0 0 -4.0908e-18 5.3854e-17 5.7342e-17 0.10819 -0.041165 0.041165 0 0
-0 -0 -0 0.072094 0 0 0 0 -4.0908e-18 5.3854e-17 5.7342e-17 0.063486 -0.024156 0.024156 0 0
-0 -0 -0 0.0452 0 0 0 0 -4.0908e-18 5.3854e-17 5.7342e-17 0.039803 -0.015145 0.015145 0 0
-0 -0 -0 0.041612 0 0 0 0 -4.0908e-18 5.3854e-17 5.7342e-17 0.036644 -0.013942 0.013942 0 0
-0 -0 -0 0.066969 0 0 0 0 -4.0908e-18 5.3854e-17 5.7342e-17 0.058973 -0.022438 0.022438 0 0
0 0 0 0.1063 0 0 0 0 -4.0908e-18 5.3854e-17 5.7342e-17 0.093609 -0.035617 0.035617 0 0
-0 -0 -0 0.11319 0 0 0 0 -4.0908e-18 5.3854e-17 5.7342e-17 0.099672 -0.037924 0.037924 0 0
0 0 0 0.11796 0 0 0 0 -4.0908e-18 5.3854e-17 5.7342e-17 0.10388 -0.039524 0.039524 0 0
-0 -0 -0 0.11895 0 0 0 0 -4.0908e-18 5.3854e-17 5.7342e-17 0.10474 -0.039854 0.039854 0 0
0 0 0 0.065596 0 0 0 0 -4.0908e-18 5.3854e-17 5.7342e-17 0.057765 -0.021979 0.021979 0 0
0 0 0 0.18691 0 0 0 0 -4.0908e-18 5.3854e-17 5.7342e-17 0.16459 -0.062626 0.062626 0 0
-0 -0 -0 0.12481 0 0 0 0 -4.0908e-18 5.3854e-17 5.7342e-17 0.10991 -0.041818 0.041818 0 0
0 0 0 0.10258 0 0 0 0 -4.0908e-18 5.3854e-17 5.7342e-17 0.090336 -0.034372 0.034372 0 0
-0 -0 -0 0.097473 0 0 0 0 -4.0908e-18 5.3854e-17 5.7342e-17 0.085836 -0.032659 0.032659 0 0
0 0 0 0.057296 0 0 0 0 -4.0908e-18 5.3854e-17 5.7342e-17 0.050455 -0.019197 0.019197 0 0
0 0 0 0.029816 0 0 0 0 -4.0908e-18 5.3854e-17 5.7342e-17 0.026256 -0.0099903 0.0099903 0 0
0 0 0 0.18807 0 0 0 0 -4.0908e-18 5.3854e-17 5.7342e-17 0.16562 -0.063015 0.063015 0 0
0 0 0 0.19948 0 0 0 0 -4.0908e-18 5.3854e-17 5.7342e-17 0.17566 -0.066837 0.066837 0 0
0 0 0 0.0012738 0 0 0 0 -4.0908e-18 5.3854e-17 5.7342e-17 0.0011217 -0.00042681 0.00042681 0 0
-0 -0 -0 0.091811 0 0 0 0 -4.0908e-18 5.3854e-17 5.7342e-17 0.08085 -0.030762 0.030762 0 0
-0 -0 -0 0.1188 0 0 0 0 -4.0908e-18 5.3854e-17 5.7342e-17 0.10461 -0.039804 0.039804 0 0
0 0 0 0.034425 0 0 0 0 -4.0908e-18 5.3854e-17 5.7342e-17 0.030315 -0.011534 0.011534 0 0
-0 -0 -0 0.14356 0 0 0 0 -4.0908e-18 5.3854e-17 5.7342e-17 0.12642 -0.048103 0.048103 0 0
-0 -0 -0 0.069808 0 0 0 0 -4.0908e-18 5.3854e-17 5.7342e-17 0.061474 -0.02339 0.02339 0 0
-0 -0 -0 0.012138 0 0 0 0 -4.0908e-18 5.3854e-17 5.7342e-17 0.010689 -0.0040669 0.0040669 0 0
-0 -0 -0 0.13262 0 0 0 0 -4.0908e-18 5.3854e-17 5.7342e-17 0.11679 -0.044437 0.044437 0 0
0 0 0 0.12959 0 0 0 0 -4.0908e-18 5.3854e-17 5.7342e-17 0.11412 -0.043421 0.043421 0 0
0 0 0 0.19649 0 0 0 0 -4.0908e-18 5.3854e-17 5.7342e-17 0.17303 -0.065835 0.065835 0 0
-0 -0 -0 0.0059899 0 0 0 0 -4.0908e-18 5.3854e-17 5.7342e-17 0.0052747 -0.002007 0.002007 0 0
0 0 0 0.16501 0 0 0 0 -4.0908e-18 5.3854e-17 5.7342e-17 0.14531 -0.05529 0.05529 0 0
0 0 0 0.087768 0 0 0 0 -4.0908e-18 5.3854e-17 5.7342e-17 0.077289 -0.029408 0.029408 0 0
-0 -0 -0 0.013801 0 0 0 0 -4.0908e-18 5.3854e-17 5.7342e-17 0.012153 -0.0046242 0.0046242 0 0
-0 -0 -0 0.052633 0 0 0 0 -4.0908e-18 5.3854e-17 5.7342e-17 0.046349 -0.017635 0.017635 0 0
0 0 0 0.022339 0 0 0 0 -4.0908e-18 5.3854e-17 5.7342e-17 0.019672 -0.0074849 0.0074849 0 0
0 0 0 0.19033 0 0 0 0 -4.0908e-18 5.3854e-17 5.7342e-17 0.16761 -0.063772 0.063772 0 0
