0 0 0.30291 0 0 0 0 0 0 0 0 0 0 -0.1036 2.6423e-17 0.28465 -0.044186 0.0080858 -0.016082 0 0
0 0 0.044092 0 0 0 0 0 0 0 0 0 0 -0.01508 5.3848e-17 0.041433 -0.0062586 0.0020581 -0.002278 0 0
-0 -0 -0.24159 0 0 0 0 0 0 0 0 0 0 0.082627 2.6276e-17 -0.22702 0.032358 -0.016318 0.011777 0 0
0 0 0.13518 0 0 0 0 0 0 0 0 0 0 -0.046234 5.3941e-17 0.12703 -0.019425 0.00537 -0.00707 0 0
-0 -0 -0.33756 0 0 0 0 0 0 0 0 0 0 0.11545 5.4811e-17 -0.3172 0.04403 -0.025024 0.016026 0 0
-0 -0 -0.15415 0 0 0 0 0 0 0 0 0 0 0.052722 5.399e-17 -0.14485 0.021085 -0.0094556 0.0076743 0 0
-0 -0 -0.07045 0 0 0 0 0 0 0 0 0 0 0.024095 5.3875e-17 -0.066202 0.0098055 -0.0038917 0.0035689 0 0
-0 -0 -0.085029 0 0 0 0 0 0 0 0 0 0 0.029082 5.395e-17 -0.079901 0.011801 -0.0047882 0.0042952 0 0
-0 -0 -0.21971 0 0 0 0 0 0 0 0 0 0 0.075144 5.4212e-17 -0.20646 0.02959 -0.014503 0.01077 0 0
0 0 0.28055 0 0 0 0 0 0 0 0 0 0 -0.095954 5.4488e-17 0.26363 -0.040865 0.0079797 -0.014874 0 0
0 0 0.041287 0 0 0 0 0 0 0 0 0 0 -0.014121 5.3846e-17 0.038797 -0.0058579 0.0019359 -0.0021321 0 0
-0 -0 -0.26444 0 0 0 0 0 0 0 0 0 0 0.090444 5.4408e-17 -0.24849 0.035208 -0.018283 0.012815 0 0
0 0 0.1937 0 0 0 0 0 0 0 0 0 0 -0.06625 5.4114e-17 0.18202 -0.028011 0.0068194 -0.010195 0 0
0 0 0.21201 0 0 0 0 0 0 0 0 0 0 -0.072512 5.4181e-17 0.19922 -0.030712 0.0071628 -0.011178 0 0
0 0 0.30814 0 0 0 0 0 0 0 0 0 0 -0.10539 2.6437e-17 0.28955 -0.044962 0.0080992 -0.016365 0 0
-0 -0 -0.17167 0 0 0 0 0 0 0 0 0 0 0.058715 5.4041e-17 -0.16132 0.023389 -0.010746 0.0085127 0 0
-0 -0 -0.084286 0 0 0 0 0 0 0 0 0 0 0.028827 5.3949e-17 -0.079202 0.0117 -0.0047418 0.0042583 0 0
0 0 0.27018 0 0 0 0 0 0 0 0 0 0 -0.092407 5.4436e-17 0.25389 -0.039326 0.0079037 -0.014313 0 0
-0 -0 -0.036259 0 0 0 0 0 0 0 0 0 0 0.012401 8.1618e-17 -0.034073 0.0050789 -0.0019112 0.0018486 0 0
0 0 0.26962 0 0 0 0 0 0 0 0 0 0 -0.092216 5.4434e-17 0.25336 -0.039243 0.0078991 -0.014283 0 0
-0 -0 -0.26161 0 0 0 0 0 0 0 0 0 0 0.089475 5.4395e-17 -0.24583 0.034857 -0.018035 0.012687 0 0
-0 -0 -0.19571 0 0 0 0 0 0 0 0 0 0 0.066938 5.4121e-17 -0.18391 0.026514 -0.012587 0.0096503 0 0
0 0 0.29106 0 0 0 0 0 0 0 0 0 0 -0.099549 5.4543e-17 0.27351 -0.042426 0.0080394 -0.015442 0 0
-0 -0 -0.067255 0 0 0 0 0 0 0 0 0 0 0.023002 5.3871e-17 -0.063199 0.0093664 -0.0036993 0.0034091 0 0
0 0 0.19507 0 0 0 0 0 0 0 0 0 0 -0.066718 8.2051e-17 0.18331 -0.028213 0.0068469 -0.010269 0 0
-0 -0 -0.019945 0 0 0 0 0 0 0 0 0 0 0.0068217 8.1598e-17 -0.018742 0.0028018 -0.001027 0.0010198 0 0
0 0 0.083274 0 0 0 0 0 0 0 0 0 0 -0.028481 5.3947e-17 0.078252 -0.011887 0.0036391 -0.0043265 0 0
0 0 0.20437 0 0 0 0 0 0 0 0 0 0 -0.069897 5.4153e-17 0.19204 -0.029584 0.0070258 -0.010768 0 0
0 0 0.26289 0 0 0 0 0 0 0 0 0 0 -0.089914 5.4401e-17 0.24704 -0.038244 0.0078401 -0.01392 0 0
0 0 0.10122 0 0 0 0 0 0 0 0 0 0 -0.03462 5.3977e-17 0.095119 -0.014484 0.0042847 -0.0052717 0 0
-0 -0 -0.040209 0 0 0 0 0 0 0 0 0 0 0.013752 5.3845e-17 -0.037784 0.0056281 -0.0021311 0.0020485 0 0
-0 -0 -0.079619 0 0 0 0 0 0 0 0 0 0 0.027231 5.3942e-17 -0.074817 0.011062 -0.0044519 0.0040262 0 0
-0 -0 -0.19321 0 0 0 0 0 0 0 0 0 0 0.066081 5.4112e-17 -0.18156 0.02619 -0.012391 0.0095324 0 0
0 0 0.22262 0 0 0 0 0 0 0 0 0 0 -0.076139 2.6237e-17 0.20919 -0.032279 0.0073376 -0.011749 0 0
-0 -0 -0.26926 0 0 0 0 0 0 0 0 0 0 0.092091 5.4432e-17 -0.25302 0.035803 -0.018705 0.013031 0 0
-0 -0 -0.27336 0 0 0 0 0 0 0 0 0 0 0.093496 8.2556e-17 -0.25688 0.036309 -0.019068 0.013215 0 0
0 0 0.097492 0 0 0 0 0 0 0 0 0 0 -0.033344 5.397e-17 0.091612 -0.013943 0.0041546 -0.0050749 0 0
0 0 0.28536 0 0 0 0 0 0 0 0 0 0 -0.097598 5.4513e-17 0.26815 -0.041579 0.0080092 -0.015133 0 0
0 0 0.20517 0 0 0 0 0 0 0 0 0 0 -0.070171 2.6204e-17 0.19279 -0.029702 0.0070406 -0.010811 0 0
-0 -0 -0.24132 0 0 0 0 0 0 0 0 0 0 0.082537 8.2329e-17 -0.22677 0.032325 -0.016296 0.011765 0 0
-0 -0 -0.27442 0 0 0 0 0 0 0 0 0 0 0.093858 5.4457e-17 -0.25787 0.036439 -0.019162 0.013263 0 0
-0 -0 -0.25398 0 0 0 0 0 0 0 0 0 0 0.086867 5.4359e-17 -0.23867 0.033909 -0.017375 0.012342 0 0
0 0 0.083054 0 0 0 0 0 0 0 0 0 0 -0.028406 5.3947e-17 0.078045 -0.011855 0.0036309 -0.004315 0 0
0 0 0.30076 0 0 0 0 0 0 0 0 0 0 -0.10287 8.2774e-17 0.28263 -0.043867 0.0080791 -0.015966 0 0
0 0 0.20408 0 0 0 0 0 0 0 0 0 0 -0.069801 8.2101e-17 0.19178 -0.029542 0.0070206 -0.010753 0 0
0 0 0.32133 0 0 0 0 0 0 0 0 0 0 -0.1099 2.6474e-17 0.30195 -0.046922 0.0081139 -0.017078 0 0
0 0 0.14755 0 0 0 0 0 0 0 0 0 0 -0.050465 5.3972e-17 0.13865 -0.021233 0.0057209 -0.0077281 0 0
0 0 0.010947 0 0 0 0 0 0 0 0 0 0 -0.0037442 5.3838e-17 0.010287 -0.0015459 0.00053837 -0.00056264 0 0
-0 -0 -0.089485 0 0 0 0 0 0 0 0 0 0 0.030606 2.6164e-17 -0.084089 0.012408 -0.0050685 0.0045163 0 0
-0 -0 -0.11729 0 0 0 0 0 0 0 0 0 0 0.040117 8.1719e-17 -0.11022 0.016172 -0.0068819 0.0058862 0 0
0 0 0.13431 0 0 0 0 0 0 0 0 0 0 -0.045935 5.3938e-17 0.12621 -0.019297 0.0053443 -0.0070236 0 0
-0 -0 -0.28451 0 0 0 0 0 0 0 0 0 0 0.097308 2.6375e-17 -0.26735 0.037675 -0.020065 0.013713 0 0
-0 -0 -0.04235 0 0 0 0 0 0 0 0 0 0 0.014484 5.3847e-17 -0.039796 0.0059254 -0.0022513 0.0021567 0 0
0 0 0.026183 0 0 0 0 0 0 0 0 0 0 -0.0089553 2.6085e-17 0.024604 -0.0037063 0.0012576 -0.001349 0 0
-0 -0 -0.17242 0 0 0 0 0 0 0 0 0 0 0.05897 5.4044e-17 -0.16202 0.023486 -0.010802 0.0085482 0 0
-0 -0 -0.21453 0 0 0 0 0 0 0 0 0 0 0.073372 5.4191e-17 -0.20159 0.02893 -0.014083 0.01053 0 0
-0 -0 -0.27725 0 0 0 0 0 0 0 0 0 0 0.094825 5.4472e-17 -0.26053 0.036786 -0.019414 0.013389 0 0
-0 -0 -0.23357 0 0 0 0 0 0 0 0 0 0 0.079884 5.4269e-17 -0.21948 0.031348 -0.015645 0.01141 0 0
0 0 0.1621 0 0 0 0 0 0 0 0 0 0 -0.055441 5.4013e-17 0.15232 -0.023364 0.0061031 -0.008504 0 0
0 0 0.27787 0 0 0 0 0 0 0 0 0 0 -0.095036 2.6359e-17 0.26111 -0.040466 0.0079617 -0.014729 0 0
0 0 0.33568 0 0 0 0 0 0 0 0 0 0 -0.11481 5.48e-17 0.31544 -0.049054 0.0080985 -0.017854 0 0
0 0 0.15468 0 0 0 0 0 0 0 0 0 0 -0.052903 5.3991e-17 0.14535 -0.022277 0.0059123 -0.0081081 0 0
0 0 0.30877 0 0 0 0 0 0 0 0 0 0 -0.1056 5.4641e-17 0.29015 -0.045056 0.0081006 -0.016399 0 0
-0 -0 -0.15719 0 0 0 0 0 0 0 0 0 0 0.053761 2.6128e-17 -0.14771 0.021486 -0.0096763 0.0078202 0 0
-0 -0 -0.25785 0 0 0 0 0 0 0 0 0 0 0.088189 5.4377e-17 -0.2423 0.03439 -0.017709 0.012517 0 0
-0 -0 -0.043571 0 0 0 0 0 0 0 0 0 0 0.014902 5.3848e-17 -0.040943 0.0060949 -0.0023202 0.0022184 0 0
0 0 0.16843 0 0 0 0 0 0 0 0 0 0 -0.057606 5.4032e-17 0.15827 -0.024293 0.0062591 -0.0088421 0 0
0 0 0.1299 0 0 0 0 0 0 0 0 0 0 -0.044429 5.3928e-17 0.12207 -0.018655 0.005213 -0.0067897 0 0
-0 -0 -0.005167 0 0 0 0 0 0 0 0 0 0 0.0017672 5.3837e-17 -0.0048554 0.00072768 -0.00026035 0.00026485 0 0
-0 -0 -0.017064 0 0 0 0 0 0 0 0 0 0 0.0058362 5.384e-17 -0.016035 0.0023983 -0.000875 0.0008729 0 0
0 0 0.16574 0 0 0 0 0 0 0 0 0 0 -0.056688 5.4023e-17 0.15575 -0.023899 0.0061937 -0.0086987 0 0
-0 -0 -0.33562 0 0 0 0 0 0 0 0 0 0 0.11479 2.6516e-17 -0.31538 0.043802 -0.024836 0.015943 0 0
-0 -0 -0.032108 0 0 0 0 0 0 0 0 0 0 0.010982 5.3853e-17 -0.030172 0.0045007 -0.0016824 0.0016381 0 0
0 0 0.31091 0 0 0 0 0 0 0 0 0 0 -0.10634 5.4653e-17 0.29216 -0.045373 0.0081046 -0.016515 0 0
-0 -0 -0.039895 0 0 0 0 0 0 0 0 0 0 0.013645 2.6082e-17 -0.03749 0.0055845 -0.0021136 0.0020326 0 0
0 0 0.20983 0 0 0 0 0 0 0 0 0 0 -0.071767 5.4173e-17 0.19718 -0.030391 0.0071247 -0.011061 0 0
0 0 0.2467 0 0 0 0 0 0 0 0 0 0 -0.084376 5.4326e-17 0.23182 -0.035844 0.0076688 -0.013046 0 0
-0 -0 -0.22982 0 0 0 0 0 0 0 0 0 0 0.078602 5.4253e-17 -0.21596 0.030874 -0.015334 0.011237 0 0
-0 -0 -0.24354 0 0 0 0 0 0 0 0 0 0 0.083295 2.628e-17 -0.22885 0.032603 -0.016483 0.011867 0 0
-0 -0 -0.0035113 0 0 0 0 0 0 0 0 0 0 0.0012009 5.3838e-17 -0.0032995 0.00049464 -0.00017649 0.00018003 0 0
0 0 0.079893 0 0 0 0 0 0 0 0 0 0 -0.027325 5.3942e-17 0.075075 -0.011399 0.0035119 -0.0041489 0 0
0 0 0.025063 0 0 0 0 0 0 0 0 0 0 -0.0085721 8.1602e-17 0.023552 -0.0035471 0.0012059 -0.001291 0 0
-0 -0 -0.025856 0 0 0 0 0 0 0 0 0 0 0.0088431 2.6085e-17 -0.024296 0.0036283 -0.0013428 0.0013206 0 0
-0 -0 -0.1823 0 0 0 0 0 0 0 0 0 0 0.06235 5.4075e-17 -0.1713 0.024775 -0.01155 0.0090174 0 0
-0 -0 -0.11189 0 0 0 0 0 0 0 0 0 0 0.038268 2.6075e-17 -0.10514 0.015445 -0.0065208 0.0056214 0 0
-0 -0 -0.15797 0 0 0 0 0 0 0 0 0 0 0.054028 5.4001e-17 -0.14844 0.021589 -0.0097332 0.0078576 0 0
-0 -0 -0.30346 0 0 0 0 0 0 0 0 0 0 0.10379 5.4611e-17 -0.28516 0.039973 -0.021795 0.014549 0 0
0 0 0.24759 0 0 0 0 0 0 0 0 0 0 -0.08468 5.433e-17 0.23266 -0.035976 0.0076793 -0.013094 0 0
-0 -0 -0.069729 0 0 0 0 0 0 0 0 0 0 0.023849 5.3874e-17 -0.065524 0.0097064 -0.0038481 0.0035328 0 0
-0 -0 -0.22146 0 0 0 0 0 0 0 0 0 0 0.075743 2.6235e-17 -0.2081 0.029813 -0.014646 0.010851 0 0
-0 -0 -0.28871 0 0 0 0 0 0 0 0 0 0 0.098744 5.4531e-17 -0.2713 0.038187 -0.020444 0.013899 0 0
-0 -0 -0.14693 0 0 0 0 0 0 0 0 0 0 0.050254 5.397e-17 -0.13807 0.02013 -0.0089366 0.0073268 0 0
-0 -0 -0.152 0 0 0 0 0 0 0 0 0 0 0.051988 5.3984e-17 -0.14283 0.020801 -0.0093003 0.007571 0 0
0 0 0.14773 0 0 0 0 0 0 0 0 0 0 -0.050526 5.3973e-17 0.13882 -0.021259 0.0057257 -0.0077376 0 0
0 0 0.34806 0 0 0 0 0 0 0 0 0 0 -0.11904 5.4878e-17 0.32707 -0.050894 0.0080592 -0.018524 0 0
-0 -0 -0.1485 0 0 0 0 0 0 0 0 0 0 0.050789 2.6117e-17 -0.13954 0.020337 -0.0090484 0.0074022 0 0
0 0 0.14776 0 0 0 0 0 0 0 0 0 0 -0.050536 8.1829e-17 0.13885 -0.021263 0.0057266 -0.0077392 0 0
0 0 0.33749 0 0 0 0 0 0 0 0 0 0 -0.11543 5.4811e-17 0.31714 -0.049323 0.0080943 -0.017952 0 0
-0 -0 -0.33226 0 0 0 0 0 0 0 0 0 0 0.11364 5.4779e-17 -0.31222 0.043407 -0.024513 0.015799 0 0
-0 -0 -0.044157 0 0 0 0 0 0 0 0 0 0 0.015103 5.3848e-17 -0.041494 0.0061763 -0.0023534 0.002248 0 0
