0 0 0 0.12854 0 0 0 0 0 0 0 0.12079 0 0.043963 0 0
-0 -0 -0 0.085217 0 0 0 0 0 0 0 0.080077 0 0.029146 0 0
0 0 0 0.10638 0 0 0 0 0 0 0 0.099964 0 0.036384 0 0
0 0 0 0.065999 0 0 0 0 0 0 0 0.062019 0 0.022573 0 0
0 0 0 0.14089 0 0 0 0 0 0 0 0.13239 0 0.048188 0 0
-0 -0 -0 0.12074 0 0 0 0 0 0 0 0.11346 0 0.041296 0 0
0 0 0 0.14383 0 0 0 0 0 0 0 0.13516 0 0.049194 0 0
-0 -0 -0 0.031859 0 0 0 0 0 0 0 0.029937 0 0.010896 0 0
-0 -0 -0 0.18069 0 0 0 0 0 0 0 0.16979 0 0.061799 0 0
-0 -0 -0 0.098252 0 0 0 0 0 0 0 0.092326 0 0.033604 0 0
-0 -0 -0 0.07216 0 0 0 0 0 0 0 0.067808 0 0.02468 0 0
0 0 0 0.12363 0 0 0 0 0 0 0 0.11618 0 0.042284 0 0
-0 -0 -0 0.024455 0 0 0 0 0 0 0 0.02298 0 0.0083641 0 0
-0 -0 -0 0.070554 0 0 0 0 0 0 0 0.066299 0 0.024131 0 0
0 0 0 0.043063 0 0 0 0 0 0 0 0.040466 0 0.014728 0 0
0 0 0 0.15284 0 0 0 0 0 0 0 0.14362 0 0.052275 0 0
-0 -0 -0 0.039962 0 0 0 0 0 0 0 0.037552 0 0.013668 0 0
-0 -0 -0 0.13936 0 0 0 0 0 0 0 0.13095 0 0.047663 0 0
0 0 0 0.11909 0 0 0 0 0 0 0 0.11191 0 0.04073 0 0
-0 -0 -0 0.17602 0 0 0 0 0 0 0 0.16541 0 0.060203 0 0
-0 -0 -0 0.042632 0 0 0 0 0 0 0 0.040061 0 0.014581 0 0
0 0 0 0.17571 0 0 0 0 0 0 0 0.16512 0 0.060098 0 0
-0 -0 -0 0.009583 0 0 0 0 0 0 0 0.0090051 0 0.0032776 0 0
0 0 0 0.082663 0 0 0 0 0 0 0 0.077678 0 0.028272 0 0
-0 -0 -0 0.10497 0 0 0 0 0 0 0 0.098642 0 0.035903 0 0
-0 -0 -0 0.16594 0 0 0 0 0 0 0 0.15593 0 0.056755 0 0
0 0 0 0.090683 0 0 0 0 0 0 0 0.085214 0 0.031015 0 0
0 0 0 0.19767 0 0 0 0 0 0 0 0.18575 0 0.067607 0 0
0 0 0 0.034267 0 0 0 0 0 0 0 0.0322 0 0.01172 0 0
0 0 0 0.01932 0 0 0 0 0 0 0 0.018155 0 0.0066079 0 0
0 0 0 0.09262 0 0 0 0 0 0 0 0.087034 0 0.031678 0 0
-0 -0 -0 0.057315 0 0 0 0 0 0 0 0.053859 0 0.019603 0 0
-0 -0 -0 0.11597 0 0 0 0 0 0 0 0.10898 0 0.039665 0 0
0 0 0 0.041305 0 0 0 0 0 0 0 0.038814 0 0.014127 0 0
0 0 0 0.05881 0 0 0 0 0 0 0 0.055264 0 0.020114 0 0
-0 -0 -0 0.1419 0 0 0 0 0 0 0 0.13334 0 0.048532 0 0
-0 -0 -0 0.095926 0 0 0 0 0 0 0 0.090141 0 0.032809 0 0
-0 -0 -0 0.14298 0 0 0 0 0 0 0 0.13436 0 0.048903 0 0
0 0 0 0.06666 0 0 0 0 0 0 0 0.06264 0 0.022799 0 0
-0 -0 -0 0.043277 0 0 0 0 0 0 0 0.040667 0 0.014802 0 0
-0 -0 -0 0.092225 0 0 0 0 0 0 0 0.086663 0 0.031543 0 0
0 0 0 0.068585 0 0 0 0 0 0 0 0.064449 0 0.023458 0 0
0 0 0 0.027049 0 0 0 0 0 0 0 0.025418 0 0.0092514 0 0
0 0 0 0.091975 0 0 0 0 0 0 0 0.086428 0 0.031457 0 0
0 0 0 0.088642 0 0 0 0 0 0 0 0.083296 0 0.030317 0 0
-0 -0 -0 0.18089 0 0 0 0 0 0 0 0.16998 0 0.061869 0 0
0 0 0 0.14105 0 0 0 0 0 0 0 0.13254 0 0.048242 0 0
0 0 0 0.14543 0 0 0 0 0 0 0 0.13666 0 0.049739 0 0
-0 -0 -0 0.083863 0 0 0 0 0 0 0 0.078805 0 0.028683 0 0
-0 -0 -0 0.017803 0 0 0 0 0 0 0 0.016729 0 0.006089 0 0
0 0 0 0.11856 0 0 0 0 0 0 0 0.11141 0 0.04055 0 0
0 0 0 0.029454 0 0 0 0 0 0 0 0.027678 0 0.010074 0 0
0 0 0 0.084518 0 0 0 0 0 0 0 0.079421 0 0.028907 0 0
-0 -0 -0 0.012526 0 0 0 0 0 0 0 0.011771 0 0.0042843 0 0
-0 -0 -0 0.14372 0 0 0 0 0 0 0 0.13506 0 0.049156 0 0
-0 -0 -0 0.10152 0 0 0 0 0 0 0 0.095399 0 0.034722 0 0
-0 -0 -0 0.13298 0 0 0 0 0 0 0 0.12496 0 0.045481 0 0
-0 -0 -0 0.1659 0 0 0 0 0 0 0 0.1559 0 0.056742 0 0
0 0 0 0.13473 0 0 0 0 0 0 0 0.12661 0 0.046081 0 0
0 0 0 0.084092 0 0 0 0 0 0 0 0.079021 0 0.028761 0 0
0 0 0 0.17278 0 0 0 0 0 0 0 0.16236 0 0.059095 0 0
-0 -0 -0 0.010028 0 0 0 0 0 0 0 0.0094237 0 0.0034299 0 0
0 0 0 0.063793 0 0 0 0 0 0 0 0.059946 0 0.021818 0 0
0 0 0 0.13064 0 0 0 0 0 0 0 0.12277 0 0.044683 0 0
-0 -0 -0 0.13876 0 0 0 0 0 0 0 0.13039 0 0.047458 0 0
0 0 0 0.076263 0 0 0 0 0 0 0 0.071663 0 0.026083 0 0
0 0 0 0.11586 0 0 0 0 0 0 0 0.10887 0 0.039627 0 0
-0 -0 -0 0.0066017 0 0 0 0 0 0 0 0.0062035 0 0.0022579 0 0
0 0 0 0.072834 0 0 0 0 0 0 0 0.068441 0 0.024911 0 0
0 0 0 0.16496 0 0 0 0 0 0 0 0.15501 0 0.056418 0 0
0 0 0 0.082745 0 0 0 0 0 0 0 0.077755 0 0.0283 0 0
-0 -0 -0 0.11576 0 0 0 0 0 0 0 0.10878 0 0.039593 0 0
0 0 0 0.17957 0 0 0 0 0 0 0 0.16874 0 0.061417 0 0
-0 -0 -0 0.19824 0 0 0 0 0 0 0 0.18628 0 0.067802 0 0
0 0 0 0.09314 0 0 0 0 0 0 0 0.087523 0 0.031856 0 0
-0 -0 -0 0.0251 0 0 0 0 0 0 0 0.023586 0 0.0085848 0 0
-0 -0 -0 0.050952 0 0 0 0 0 0 0 0.047879 0 0.017427 0 0
-0 -0 -0 0.094526 0 0 0 0 0 0 0 0.088826 0 0.03233 0 0
-0 -0 -0 0.10271 0 0 0 0 0 0 0 0.09652 0 0.03513 0 0
0 0 0 0.071775 0 0 0 0 0 0 0 0.067447 0 0.024549 0 0
0 0 0 0.00057879 0 0 0 0 0 0 0 0.00054389 0 0.00019796 0 0
-0 -0 -0 0.025028 0 0 0 0 0 0 0 0.023518 0 0.00856 0 0
0 0 0 0.074952 0 0 0 0 0 0 0 0.070432 0 0.025635 0 0
-0 -0 -0 0.15019 0 0 0 0 0 0 0 0.14113 0 0.051368 0 0
-0 -0 -0 0.096356 0 0 0 0 0 0 0 0.090545 0 0.032956 0 0
0 0 0 0.063581 0 0 0 0 0 0 0 0.059746 0 0.021746 0 0
-0 -0 -0 0.19566 0 0 0 0 0 0 0 0.18386 0 0.066921 0 0
-0 -0 -0 0.081181 0 0 0 0 0 0 0 0.076285 0 0.027765 0 0
-0 -0 -0 0.088196 0 0 0 0 0 0 0 0.082877 0 0.030165 0 0
-0 -0 -0 0.11206 0 0 0 0 0 0 0 0.10531 0 0.038328 0 0
0 0 0 0.06664 0 0 0 0 0 0 0 0.062621 0 0.022792 0 0
-0 -0 -0 0.12922 0 0 0 0 0 0 0 0.12142 0 0.044194 0 0
-0 -0 -0 0.16289 0 0 0 0 0 0 0 0.15306 0 0.05571 0 0
0 0 0 0.19247 0 0 0 0 0 0 0 0.18086 0 0.065829 0 0
-0 -0 -0 0.12072 0 0 0 0 0 0 0 0.11344 0 0.041287 0 0
0 0 0 0.17075 0 0 0 0 0 0 0 0.16045 0 0.0584 0 0
-0 -0 -0 0.1638 0 0 0 0 0 0 0 0.15392 0 0.056023 0 0
0 0 0 0.19426 0 0 0 0 0 0 0 0.18255 0 0.066442 0 0
-0 -0 -0 0.05399 0 0 0 0 0 0 0 0.050734 0 0.018466 0 0
-0 -0 -0 0.04671 0 0 0 0 0 0 0 0.043893 0 0.015976 0 0
