0 0 0 0.10313 0 0 0 0 0 -0 -0 0.083375 -0.03367 0.050505 0 0
-0 -0 -0 0.14605 0 0 0 0 0 -0 -0 0.11808 -0.047683 0.071524 0 0
-0 -0 -0 0.18703 0 0 0 0 0 -0 -0 0.1512 -0.061062 0.091592 0 0
-0 -0 -0 0.073791 0 0 0 0 0 -0 -0 0.059656 -0.024091 0.036137 0 0
-0 -0 -0 0.15576 0 0 0 0 0 -0 -0 0.12592 -0.050852 0.076278 0 0
0 0 0 0.19738 0 0 0 0 0 -0 -0 0.15957 -0.06444 0.09666 0 0
-0 -0 -0 0.011951 0 0 0 0 0 -0 -0 0.0096615 -0.0039016 0.0058525 0 0
-0 -0 -0 0.12265 0 0 0 0 0 -0 -0 0.099152 -0.040041 0.060062 0 0
-0 -0 -0 0.053499 0 0 0 0 0 -0 -0 0.043251 -0.017466 0.026199 0 0
0 0 0 0.022686 0 0 0 0 0 -0 -0 0.018341 -0.0074065 0.01111 0 0
0 0 0 0.15362 0 0 0 0 0 -0 -0 0.1242 -0.050154 0.075232 0 0
0 0 0 0.087915 0 0 0 0 0 -0 -0 0.071075 -0.028703 0.043054 0 0
-0 -0 -0 0.1184 0 0 0 0 0 -0 -0 0.09572 -0.038655 0.057983 0 0
0 0 0 0.15855 0 0 0 0 0 -0 -0 0.12818 -0.051764 0.077646 0 0
0 0 0 0.16794 0 0 0 0 0 -0 -0 0.13577 -0.054828 0.082243 0 0
0 0 0 0.095354 0 0 0 0 0 -0 -0 0.077088 -0.031131 0.046696 0 0
0 0 0 0.15909 0 0 0 0 0 -0 -0 0.12861 -0.051938 0.077908 0 0
-0 -0 -0 0.011718 0 0 0 0 0 -0 -0 0.0094735 -0.0038257 0.0057386 0 0
0 0 0 0.041354 0 0 0 0 0 -0 -0 0.033433 -0.013501 0.020252 0 0
0 0 0 0.049513 0 0 0 0 0 -0 -0 0.040029 -0.016165 0.024247 0 0
-0 -0 -0 0.0081217 0 0 0 0 0 -0 -0 0.006566 -0.0026516 0.0039773 0 0
0 0 0 0.025002 0 0 0 0 0 -0 -0 0.020213 -0.0081627 0.012244 0 0
-0 -0 -0 0.10081 0 0 0 0 0 -0 -0 0.081503 -0.032914 0.049371 0 0
-0 -0 -0 0.13914 0 0 0 0 0 -0 -0 0.11249 -0.045426 0.068139 0 0
-0 -0 -0 0.056403 0 0 0 0 0 -0 -0 0.045599 -0.018414 0.027621 0 0
-0 -0 -0 0.0069335 0 0 0 0 0 -0 -0 0.0056054 -0.0022637 0.0033955 0 0
0 0 0 0.092225 0 0 0 0 0 -0 -0 0.074559 -0.03011 0.045164 0 0
0 0 0 0.076872 0 0 0 0 0 -0 -0 0.062147 -0.025097 0.037646 0 0
-0 -0 -0 0.11902 0 0 0 0 0 -0 -0 0.096225 -0.038859 0.058289 0 0
0 0 0 0.069167 0 0 0 0 0 -0 -0 0.055918 -0.022582 0.033872 0 0
-0 -0 -0 0.075883 0 0 0 0 0 -0 -0 0.061347 -0.024774 0.037161 0 0
-0 -0 -0 0.13147 0 0 0 0 0 -0 -0 0.10628 -0.042921 0.064381 0 0
0 0 0 0.046444 0 0 0 0 0 -0 -0 0.037548 -0.015163 0.022745 0 0
-0 -0 -0 0.081627 0 0 0 0 0 -0 -0 0.065991 -0.026649 0.039974 0 0
-0 -0 -0 0.075845 0 0 0 0 0 -0 -0 0.061317 -0.024762 0.037143 0 0
-0 -0 -0 0.10185 0 0 0 0 0 -0 -0 0.082339 -0.033252 0.049877 0 0
-0 -0 -0 0.14353 0 0 0 0 0 -0 -0 0.11604 -0.04686 0.070291 0 0
-0 -0 -0 0.10954 0 0 0 0 0 -0 -0 0.08856 -0.035764 0.053646 0 0
0 0 0 0.046126 0 0 0 0 0 -0 -0 0.03729 -0.015059 0.022589 0 0
0 0 0 0.16593 0 0 0 0 0 -0 -0 0.13414 -0.054171 0.081257 0 0
-0 -0 -0 0.14886 0 0 0 0 0 -0 -0 0.12035 -0.0486 0.0729 0 0
-0 -0 -0 0.00026688 0 0 0 0 0 -0 -0 0.00021576 -8.713e-05 0.00013069 0 0
0 0 0 0.14042 0 0 0 0 0 -0 -0 0.11353 -0.045846 0.068768 0 0
0 0 0 0.0166 0 0 0 0 0 -0 -0 0.01342 -0.0054195 0.0081292 0 0
0 0 0 0.049676 0 0 0 0 0 -0 -0 0.04016 -0.016218 0.024327 0 0
-0 -0 -0 0.18513 0 0 0 0 0 -0 -0 0.14967 -0.060441 0.090661 0 0
-0 -0 -0 0.12943 0 0 0 0 0 -0 -0 0.10463 -0.042255 0.063382 0 0
0 0 0 0.11738 0 0 0 0 0 -0 -0 0.094892 -0.038321 0.057481 0 0
0 0 0 0.16285 0 0 0 0 0 -0 -0 0.13166 -0.053167 0.079751 0 0
0 0 0 0.020535 0 0 0 0 0 -0 -0 0.016602 -0.0067043 0.010056 0 0
0 0 0 0.063162 0 0 0 0 0 -0 -0 0.051063 -0.020621 0.030932 0 0
-0 -0 -0 0.14125 0 0 0 0 0 -0 -0 0.11419 -0.046114 0.069171 0 0
-0 -0 -0 0.033313 0 0 0 0 0 -0 -0 0.026931 -0.010876 0.016314 0 0
-0 -0 -0 0.092116 0 0 0 0 0 -0 -0 0.074471 -0.030074 0.045111 0 0
0 0 0 0.061359 0 0 0 0 0 -0 -0 0.049605 -0.020032 0.030048 0 0
-0 -0 -0 0.1686 0 0 0 0 0 -0 -0 0.13631 -0.055045 0.082568 0 0
0 0 0 0.18407 0 0 0 0 0 -0 -0 0.14881 -0.060094 0.090141 0 0
-0 -0 -0 0.147 0 0 0 0 0 -0 -0 0.11885 -0.047994 0.071991 0 0
0 0 0 0.16361 0 0 0 0 0 -0 -0 0.13227 -0.053415 0.080122 0 0
-0 -0 -0 0.15968 0 0 0 0 0 -0 -0 0.12909 -0.052132 0.078198 0 0
0 0 0 0.045647 0 0 0 0 0 -0 -0 0.036903 -0.014903 0.022354 0 0
-0 -0 -0 0.16415 0 0 0 0 0 -0 -0 0.1327 -0.05359 0.080385 0 0
0 0 0 0.152 0 0 0 0 0 -0 -0 0.12288 -0.049625 0.074437 0 0
-0 -0 -0 0.18247 0 0 0 0 0 -0 -0 0.14751 -0.059571 0.089357 0 0
0 0 0 0.17813 0 0 0 0 0 -0 -0 0.14401 -0.058155 0.087232 0 0
0 0 0 0.017854 0 0 0 0 0 -0 -0 0.014434 -0.0058289 0.0087433 0 0
0 0 0 0.06535 0 0 0 0 0 -0 -0 0.052832 -0.021335 0.032003 0 0
-0 -0 -0 0.1652 0 0 0 0 0 -0 -0 0.13356 -0.053935 0.080902 0 0
-0 -0 -0 0.1585 0 0 0 0 0 -0 -0 0.12814 -0.051748 0.077622 0 0
0 0 0 0.1217 0 0 0 0 0 -0 -0 0.098385 -0.039731 0.059597 0 0
-0 -0 -0 0.019367 0 0 0 0 0 -0 -0 0.015657 -0.0063229 0.0094843 0 0
-0 -0 -0 0.097023 0 0 0 0 0 -0 -0 0.078438 -0.031676 0.047514 0 0
0 0 0 0.032559 0 0 0 0 0 -0 -0 0.026323 -0.01063 0.015945 0 0
0 0 0 0.1017 0 0 0 0 0 -0 -0 0.082219 -0.033203 0.049804 0 0
0 0 0 0.0014154 0 0 0 0 0 -0 -0 0.0011443 -0.00046209 0.00069314 0 0
0 0 0 0.16397 0 0 0 0 0 -0 -0 0.13256 -0.053531 0.080297 0 0
0 0 0 0.045686 0 0 0 0 0 -0 -0 0.036934 -0.014915 0.022373 0 0
-0 -0 -0 0.12118 0 0 0 0 0 -0 -0 0.097965 -0.039562 0.059342 0 0
0 0 0 0.16814 0 0 0 0 0 -0 -0 0.13593 -0.054894 0.08234 0 0
0 0 0 0.14258 0 0 0 0 0 -0 -0 0.11527 -0.04655 0.069825 0 0
0 0 0 0.10216 0 0 0 0 0 -0 -0 0.082595 -0.033355 0.050032 0 0
0 0 0 0.034765 0 0 0 0 0 -0 -0 0.028106 -0.01135 0.017025 0 0
0 0 0 0.14719 0 0 0 0 0 -0 -0 0.11899 -0.048054 0.072081 0 0
0 0 0 0.13627 0 0 0 0 0 -0 -0 0.11017 -0.044488 0.066733 0 0
-0 -0 -0 0.085581 0 0 0 0 0 -0 -0 0.069188 -0.027941 0.041911 0 0
0 0 0 0.11237 0 0 0 0 0 -0 -0 0.090846 -0.036687 0.05503 0 0
-0 -0 -0 0.017223 0 0 0 0 0 -0 -0 0.013924 -0.0056229 0.0084344 0 0
0 0 0 0.10048 0 0 0 0 0 -0 -0 0.08123 -0.032803 0.049205 0 0
-0 -0 -0 0.16703 0 0 0 0 0 -0 -0 0.13504 -0.054532 0.081798 0 0
0 0 0 0.11402 0 0 0 0 0 -0 -0 0.092183 -0.037227 0.05584 0 0
0 0 0 0.043872 0 0 0 0 0 -0 -0 0.035469 -0.014323 0.021485 0 0
-0 -0 -0 0.12729 0 0 0 0 0 -0 -0 0.10291 -0.041557 0.062336 0 0
-0 -0 -0 0.14442 0 0 0 0 0 -0 -0 0.11675 -0.047149 0.070723 0 0
0 0 0 0.053896 0 0 0 0 0 -0 -0 0.043572 -0.017596 0.026394 0 0
0 0 0 0.009253 0 0 0 0 0 -0 -0 0.0074806 -0.0030209 0.0045314 0 0
0 0 0 0.0095941 0 0 0 0 0 -0 -0 0.0077564 -0.0031323 0.0046984 0 0
0 0 0 0.0055526 0 0 0 0 0 -0 -0 0.0044889 -0.0018128 0.0027192 0 0
0 0 0 0.14473 0 0 0 0 0 -0 -0 0.117 -0.04725 0.070875 0 0
0 0 0 0.033977 0 0 0 0 0 -0 -0 0.027469 -0.011093 0.016639 0 0
-0 -0 -0 0.0358 0 0 0 0 0 -0 -0 0.028943 -0.011688 0.017532 0 0
