0 0 0 0.026676 0 0 0 0 0 0 0 0.023102 0 0.013338 0 0
-0 -0 -0 0.063778 0 0 0 0 0 0 0 0.055233 0 0.031889 0 0
-0 -0 -0 0.010073 0 0 0 0 0 0 0 0.0087233 0 0.0050364 0 0
0 0 0 0.05707 0 0 0 0 0 0 0 0.049424 0 0.028535 0 0
-0 -0 -0 0.18378 0 0 0 0 0 0 0 0.15916 0 0.091889 0 0
-0 -0 -0 0.017822 0 0 0 0 0 0 0 0.015434 0 0.008911 0 0
-0 -0 -0 0.039961 0 0 0 0 0 0 0 0.034607 0 0.019981 0 0
-0 -0 -0 0.12727 0 0 0 0 0 0 0 0.11022 0 0.063637 0 0
-0 -0 -0 0.15361 0 0 0 0 0 0 0 0.13303 0 0.076804 0 0
0 0 0 0.018085 0 0 0 0 0 0 0 0.015662 0 0.0090425 0 0
-0 -0 -0 0.034084 0 0 0 0 0 0 0 0.029517 0 0.017042 0 0
0 0 0 0.060366 0 0 0 0 0 0 0 0.052279 0 0.030183 0 0
0 0 0 0.12978 0 0 0 0 0 0 0 0.11239 0 0.064888 0 0
-0 -0 -0 0.1112 0 0 0 0 0 0 0 0.096306 0 0.055602 0 0
-0 -0 -0 0.044361 0 0 0 0 0 0 0 0.038417 0 0.02218 0 0
0 0 0 0.10041 0 0 0 0 0 0 0 0.086958 0 0.050205 0 0
0 0 0 0.14608 0 0 0 0 0 0 0 0.12651 0 0.073041 0 0
0 0 0 0.061499 0 0 0 0 0 0 0 0.053259 0 0.030749 0 0
0 0 0 0.0091455 0 0 0 0 0 0 0 0.0079203 0 0.0045728 0 0
-0 -0 -0 0.020229 0 0 0 0 0 0 0 0.017519 0 0.010115 0 0
-0 -0 -0 0.07775 0 0 0 0 0 0 0 0.067334 0 0.038875 0 0
0 0 0 0.040896 0 0 0 0 0 0 0 0.035417 0 0.020448 0 0
0 0 0 0.16998 0 0 0 0 0 0 0 0.14721 0 0.084991 0 0
0 0 0 0.16273 0 0 0 0 0 0 0 0.14093 0 0.081367 0 0
-0 -0 -0 0.11574 0 0 0 0 0 0 0 0.10023 0 0.05787 0 0
-0 -0 -0 0.07036 0 0 0 0 0 0 0 0.060933 0 0.03518 0 0
0 0 0 0.065436 0 0 0 0 0 0 0 0.05667 0 0.032718 0 0
-0 -0 -0 0.027539 0 0 0 0 0 0 0 0.02385 0 0.01377 0 0
-0 -0 -0 0.10356 0 0 0 0 0 0 0 0.089688 0 0.051781 0 0
-0 -0 -0 0.042854 0 0 0 0 0 0 0 0.037113 0 0.021427 0 0
-0 -0 -0 0.14701 0 0 0 0 0 0 0 0.12731 0 0.073505 0 0
-0 -0 -0 0.13127 0 0 0 0 0 0 0 0.11368 0 0.065636 0 0
0 0 0 0.083152 0 0 0 0 0 0 0 0.072011 0 0.041576 0 0
0 0 0 0.12673 0 0 0 0 0 0 0 0.10975 0 0.063366 0 0
-0 -0 -0 0.072581 0 0 0 0 0 0 0 0.062857 0 0.036291 0 0
-0 -0 -0 0.15924 0 0 0 0 0 0 0 0.13791 0 0.07962 0 0
-0 -0 -0 0.14999 0 0 0 0 0 0 0 0.1299 0 0.074996 0 0
-0 -0 -0 0.026493 0 0 0 0 0 0 0 0.022944 0 0.013247 0 0
-0 -0 -0 0.0076405 0 0 0 0 0 0 0 0.0066169 0 0.0038202 0 0
-0 -0 -0 0.050064 0 0 0 0 0 0 0 0.043356 0 0.025032 0 0
0 0 0 0.17591 0 0 0 0 0 0 0 0.15234 0 0.087954 0 0
0 0 0 0.1648 0 0 0 0 0 0 0 0.14272 0 0.082401 0 0
0 0 0 0.0045715 0 0 0 0 0 0 0 0.0039591 0 0.0022858 0 0
-0 -0 -0 0.14565 0 0 0 0 0 0 0 0.12614 0 0.072824 0 0
-0 -0 -0 0.041748 0 0 0 0 0 0 0 0.036155 0 0.020874 0 0
-0 -0 -0 0.053325 0 0 0 0 0 0 0 0.046181 0 0.026662 0 0
0 0 0 0.021009 0 0 0 0 0 0 0 0.018194 0 0.010504 0 0
0 0 0 0.043231 0 0 0 0 0 0 0 0.037439 0 0.021616 0 0
-0 -0 -0 0.020341 0 0 0 0 0 0 0 0.017616 0 0.01017 0 0
0 0 0 0.16706 0 0 0 0 0 0 0 0.14468 0 0.08353 0 0
-0 -0 -0 0.1918 0 0 0 0 0 0 0 0.1661 0 0.095899 0 0
-0 -0 -0 0.16123 0 0 0 0 0 0 0 0.13963 0 0.080615 0 0
-0 -0 -0 0.041355 0 0 0 0 0 0 0 0.035815 0 0.020678 0 0
-0 -0 -0 0.17214 0 0 0 0 0 0 0 0.14907 0 0.086068 0 0
-0 -0 -0 0.017599 0 0 0 0 0 0 0 0.015241 0 0.0087995 0 0
-0 -0 -0 0.029515 0 0 0 0 0 0 0 0.025561 0 0.014758 0 0
0 0 0 0.084429 0 0 0 0 0 0 0 0.073118 0 0.042215 0 0
-0 -0 -0 0.15865 0 0 0 0 0 0 0 0.13739 0 0.079325 0 0
-0 -0 -0 0.15867 0 0 0 0 0 0 0 0.13741 0 0.079336 0 0
0 0 0 0.065563 0 0 0 0 0 0 0 0.056779 0 0.032781 0 0
0 0 0 0.040566 0 0 0 0 0 0 0 0.035131 0 0.020283 0 0
-0 -0 -0 0.065382 0 0 0 0 0 0 0 0.056622 0 0.032691 0 0
-0 -0 -0 0.12983 0 0 0 0 0 0 0 0.11243 0 0.064914 0 0
0 0 0 0.085993 0 0 0 0 0 0 0 0.074472 0 0.042996 0 0
0 0 0 0.051332 0 0 0 0 0 0 0 0.044455 0 0.025666 0 0
0 0 0 0.16476 0 0 0 0 0 0 0 0.14269 0 0.08238 0 0
-0 -0 -0 0.11354 0 0 0 0 0 0 0 0.098331 0 0.056771 0 0
-0 -0 -0 0.12706 0 0 0 0 0 0 0 0.11004 0 0.063532 0 0
-0 -0 -0 0.16883 0 0 0 0 0 0 0 0.14621 0 0.084417 0 0
0 0 0 0.16883 0 0 0 0 0 0 0 0.14621 0 0.084417 0 0
0 0 0 0.1407 0 0 0 0 0 0 0 0.12185 0 0.070351 0 0
0 0 0 0.15753 0 0 0 0 0 0 0 0.13643 0 0.078765 0 0
0 0 0 0.15977 0 0 0 0 0 0 0 0.13837 0 0.079885 0 0
0 0 0 0.10263 0 0 0 0 0 0 0 0.088882 0 0.051316 0 0
-0 -0 -0 0.020977 0 0 0 0 0 0 0 0.018167 0 0.010489 0 0
-0 -0 -0 0.11348 0 0 0 0 0 0 0 0.098272 0 0.056738 0 0
0 0 0 0.13392 0 0 0 0 0 0 0 0.11597 0 0.066958 0 0
-0 -0 -0 0.082965 0 0 0 0 0 0 0 0.07185 0 0.041482 0 0
0 0 0 0.16777 0 0 0 0 0 0 0 0.1453 0 0.083887 0 0
-0 -0 -0 0.10097 0 0 0 0 0 0 0 0.087443 0 0.050485 0 0
-0 -0 -0 0.18219 0 0 0 0 0 0 0 0.15778 0 0.091094 0 0
0 0 0 0.10513 0 0 0 0 0 0 0 0.091043 0 0.052564 0 0
0 0 0 0.19988 0 0 0 0 0 0 0 0.1731 0 0.099942 0 0
-0 -0 -0 0.072442 0 0 0 0 0 0 0 0.062737 0 0.036221 0 0
-0 -0 -0 0.18662 0 0 0 0 0 0 0 0.16162 0 0.093309 0 0
-0 -0 -0 0.021222 0 0 0 0 0 0 0 0.018379 0 0.010611 0 0
0 0 0 0.16459 0 0 0 0 0 0 0 0.14254 0 0.082297 0 0
0 0 0 0.18837 0 0 0 0 0 0 0 0.16313 0 0.094184 0 0
-0 -0 -0 0.19094 0 0 0 0 0 0 0 0.16536 0 0.095471 0 0
0 0 0 0.016058 0 0 0 0 0 0 0 0.013907 0 0.0080292 0 0
-0 -0 -0 0.17655 0 0 0 0 0 0 0 0.1529 0 0.088277 0 0
0 0 0 0.095793 0 0 0 0 0 0 0 0.082959 0 0.047897 0 0
0 0 0 0.18064 0 0 0 0 0 0 0 0.15644 0 0.090322 0 0
0 0 0 0.036087 0 0 0 0 0 0 0 0.031253 0 0.018044 0 0
0 0 0 0.15077 0 0 0 0 0 0 0 0.13057 0 0.075387 0 0
0 0 0 0.14614 0 0 0 0 0 0 0 0.12656 0 0.073068 0 0
0 0 0 0.15567 0 0 0 0 0 0 0 0.13481 0 0.077833 0 0
-0 -0 -0 0.11741 0 0 0 0 0 0 0 0.10168 0 0.058705 0 0
-0 -0 -0 0.064168 0 0 0 0 0 0 0 0.055571 0 0.032084 0 0
-0 -0 -0 0.04771 0 0 0 0 0 0 0 0.041318 0 0.023855 0 0
