0 0 0 0.033327 0 0 0 0 -0 0 0 0.0246 -0.015898 0.015898 0 0
-0 -0 -0 0.090288 0 0 0 0 -0 0 0 0.066646 -0.043072 0.043072 0 0
0 0 0 0.14101 0 0 0 0 -0 0 0 0.10408 -0.067267 0.067267 0 0
0 0 0 0.16109 0 0 0 0 -0 0 0 0.11891 -0.076847 0.076847 0 0
-0 -0 -0 0.034171 0 0 0 0 -0 0 0 0.025223 -0.016301 0.016301 0 0
-0 -0 -0 0.18037 0 0 0 0 -0 0 0 0.13314 -0.086046 0.086046 0 0
0 0 0 0.039076 0 0 0 0 -0 0 0 0.028844 -0.018641 0.018641 0 0
-0 -0 -0 0.13155 0 0 0 0 -0 0 0 0.097102 -0.062755 0.062755 0 0
0 0 0 0.1652 0 0 0 0 -0 0 0 0.12194 -0.078809 0.078809 0 0
0 0 0 0.018605 0 0 0 0 -0 0 0 0.013733 -0.0088753 0.0088753 0 0
-0 -0 -0 0.0035968 0 0 0 0 -0 0 0 0.002655 -0.0017158 0.0017158 0 0
0 0 0 0.18013 0 0 0 0 -0 0 0 0.13296 -0.085931 0.085931 0 0
0 0 0 0.012204 0 0 0 0 -0 0 0 0.0090085 -0.005822 0.005822 0 0
-0 -0 -0 0.086339 0 0 0 0 -0 0 0 0.06373 -0.041187 0.041187 0 0
0 0 0 0.16186 0 0 0 0 -0 0 0 0.11948 -0.077216 0.077216 0 0
0 0 0 0.19885 0 0 0 0 -0 0 0 0.14678 -0.094858 0.094858 0 0
0 0 0 0.088022 0 0 0 0 -0 0 0 0.064973 -0.04199 0.04199 0 0
-0 -0 -0 0.10552 0 0 0 0 -0 0 0 0.077889 -0.050337 0.050337 0 0
-0 -0 -0 0.10818 0 0 0 0 -0 0 0 0.079851 -0.051606 0.051606 0 0
0 0 0 0.18956 0 0 0 0 -0 0 0 0.13992 -0.090428 0.090428 0 0
0 0 0 0.17566 0 0 0 0 -0 0 0 0.12966 -0.083796 0.083796 0 0
0 0 0 0.06886 0 0 0 0 -0 0 0 0.050828 -0.032849 0.032849 0 0
0 0 0 0.17774 0 0 0 0 -0 0 0 0.1312 -0.08479 0.08479 0 0
-0 -0 -0 0.1832 0 0 0 0 -0 0 0 0.13523 -0.087395 0.087395 0 0
0 0 0 0.18681 0 0 0 0 -0 0 0 0.13789 -0.089117 0.089117 0 0
-0 -0 -0 0.092926 0 0 0 0 -0 0 0 0.068593 -0.04433 0.04433 0 0
-0 -0 -0 0.16545 0 0 0 0 -0 0 0 0.12213 -0.078927 0.078927 0 0
0 0 0 0.19836 0 0 0 0 -0 0 0 0.14642 -0.094627 0.094627 0 0
0 0 0 0.08695 0 0 0 0 -0 0 0 0.064182 -0.041479 0.041479 0 0
-0 -0 -0 0.17447 0 0 0 0 -0 0 0 0.12879 -0.083232 0.083232 0 0
-0 -0 -0 0.15647 0 0 0 0 -0 0 0 0.1155 -0.074644 0.074644 0 0
0 0 0 0.0069646 0 0 0 0 -0 0 0 0.0051409 -0.0033224 0.0033224 0 0
0 0 0 0.037971 0 0 0 0 -0 0 0 0.028028 -0.018114 0.018114 0 0
-0 -0 -0 0.12581 0 0 0 0 -0 0 0 0.092867 -0.060017 0.060017 0 0
-0 -0 -0 0.16554 0 0 0 0 -0 0 0 0.12219 -0.078971 0.078971 0 0
-0 -0 -0 0.015794 0 0 0 0 -0 0 0 0.011658 -0.0075346 0.0075346 0 0
0 0 0 0.13771 0 0 0 0 -0 0 0 0.10165 -0.065695 0.065695 0 0
0 0 0 0.078607 0 0 0 0 -0 0 0 0.058023 -0.037499 0.037499 0 0
0 0 0 0.18531 0 0 0 0 -0 0 0 0.13678 -0.0884 0.0884 0 0
-0 -0 -0 0.15569 0 0 0 0 -0 0 0 0.11492 -0.074272 0.074272 0 0
0 0 0 0.15424 0 0 0 0 -0 0 0 0.11385 -0.07358 0.07358 0 0
0 0 0 0.014118 0 0 0 0 -0 0 0 0.010421 -0.0067348 0.0067348 0 0
-0 -0 -0 0.079447 0 0 0 0 -0 0 0 0.058643 -0.0379 0.0379 0 0
-0 -0 -0 0.16695 0 0 0 0 -0 0 0 0.12323 -0.079643 0.079643 0 0
0 0 0 0.19106 0 0 0 0 -0 0 0 0.14103 -0.091142 0.091142 0 0
0 0 0 0.07407 0 0 0 0 -0 0 0 0.054675 -0.035335 0.035335 0 0
-0 -0 -0 0.010646 0 0 0 0 -0 0 0 0.007858 -0.0050784 0.0050784 0 0
-0 -0 -0 0.053594 0 0 0 0 -0 0 0 0.03956 -0.025567 0.025567 0 0
0 0 0 0.11465 0 0 0 0 -0 0 0 0.08463 -0.054694 0.054694 0 0
-0 -0 -0 0.085375 0 0 0 0 -0 0 0 0.063019 -0.040728 0.040728 0 0
-0 -0 -0 0.024576 0 0 0 0 -0 0 0 0.01814 -0.011724 0.011724 0 0
-0 -0 -0 0.092209 0 0 0 0 -0 0 0 0.068064 -0.043988 0.043988 0 0
0 0 0 0.1545 0 0 0 0 -0 0 0 0.11404 -0.073703 0.073703 0 0
-0 -0 -0 0.027026 0 0 0 0 -0 0 0 0.019949 -0.012892 0.012892 0 0
-0 -0 -0 0.073469 0 0 0 0 -0 0 0 0.05423 -0.035048 0.035048 0 0
0 0 0 0.04693 0 0 0 0 -0 0 0 0.034641 -0.022388 0.022388 0 0
0 0 0 0.049978 0 0 0 0 -0 0 0 0.036891 -0.023842 0.023842 0 0
-0 -0 -0 0.094847 0 0 0 0 -0 0 0 0.070011 -0.045246 0.045246 0 0
0 0 0 0.020891 0 0 0 0 -0 0 0 0.015421 -0.0099659 0.0099659 0 0
-0 -0 -0 0.02033 0 0 0 0 -0 0 0 0.015006 -0.0096981 0.0096981 0 0
-0 -0 -0 0.11281 0 0 0 0 -0 0 0 0.083269 -0.053814 0.053814 0 0
-0 -0 -0 0.18203 0 0 0 0 -0 0 0 0.13437 -0.086838 0.086838 0 0
0 0 0 0.037271 0 0 0 0 -0 0 0 0.027512 -0.01778 0.01778 0 0
0 0 0 0.056511 0 0 0 0 -0 0 0 0.041713 -0.026958 0.026958 0 0
0 0 0 0.046114 0 0 0 0 -0 0 0 0.034039 -0.021998 0.021998 0 0
-0 -0 -0 0.017366 0 0 0 0 -0 0 0 0.012819 -0.0082845 0.0082845 0 0
-0 -0 -0 0.1701 0 0 0 0 -0 0 0 0.12556 -0.081146 0.081146 0 0
-0 -0 -0 0.018138 0 0 0 0 -0 0 0 0.013389 -0.0086528 0.0086528 0 0
0 0 0 0.16906 0 0 0 0 -0 0 0 0.12479 -0.080651 0.080651 0 0
0 0 0 0.024933 0 0 0 0 -0 0 0 0.018404 -0.011894 0.011894 0 0
0 0 0 0.0086381 0 0 0 0 -0 0 0 0.0063762 -0.0041208 0.0041208 0 0
-0 -0 -0 0.018369 0 0 0 0 -0 0 0 0.013559 -0.0087627 0.0087627 0 0
-0 -0 -0 0.16119 0 0 0 0 -0 0 0 0.11898 -0.076893 0.076893 0 0
-0 -0 -0 0.1835 0 0 0 0 -0 0 0 0.13545 -0.087538 0.087538 0 0
0 0 0 0.026687 0 0 0 0 -0 0 0 0.019699 -0.012731 0.012731 0 0
-0 -0 -0 0.0041718 0 0 0 0 -0 0 0 0.0030794 -0.0019901 0.0019901 0 0
0 0 0 0.19897 0 0 0 0 -0 0 0 0.14687 -0.094917 0.094917 0 0
0 0 0 0.029779 0 0 0 0 -0 0 0 0.021981 -0.014206 0.014206 0 0
0 0 0 0.10872 0 0 0 0 -0 0 0 0.08025 -0.051864 0.051864 0 0
-0 -0 -0 0.061581 0 0 0 0 -0 0 0 0.045456 -0.029377 0.029377 0 0
-0 -0 -0 0.16845 0 0 0 0 -0 0 0 0.12434 -0.080359 0.080359 0 0
0 0 0 0.19586 0 0 0 0 -0 0 0 0.14457 -0.093433 0.093433 0 0
0 0 0 0.044868 0 0 0 0 -0 0 0 0.033119 -0.021404 0.021404 0 0
0 0 0 0.0061049 0 0 0 0 -0 0 0 0.0045063 -0.0029123 0.0029123 0 0
0 0 0 0.12878 0 0 0 0 -0 0 0 0.095055 -0.061432 0.061432 0 0
-0 -0 -0 0.12949 0 0 0 0 -0 0 0 0.095581 -0.061772 0.061772 0 0
0 0 0 0.17104 0 0 0 0 -0 0 0 0.12625 -0.081595 0.081595 0 0
-0 -0 -0 0.15911 0 0 0 0 -0 0 0 0.11745 -0.075903 0.075903 0 0
-0 -0 -0 0.15002 0 0 0 0 -0 0 0 0.11073 -0.071564 0.071564 0 0
0 0 0 0.036326 0 0 0 0 -0 0 0 0.026814 -0.017329 0.017329 0 0
-0 -0 -0 0.028087 0 0 0 0 -0 0 0 0.020732 -0.013399 0.013399 0 0
0 0 0 0.1863 0 0 0 0 -0 0 0 0.13752 -0.088873 0.088873 0 0
-0 -0 -0 0.19651 0 0 0 0 -0 0 0 0.14505 -0.093742 0.093742 0 0
-0 -0 -0 0.061161 0 0 0 0 -0 0 0 0.045146 -0.029177 0.029177 0 0
0 0 0 0.12993 0 0 0 0 -0 0 0 0.095904 -0.06198 0.06198 0 0
0 0 0 0.037706 0 0 0 0 -0 0 0 0.027832 -0.017987 0.017987 0 0
0 0 0 0.14567 0 0 0 0 -0 0 0 0.10753 -0.069491 0.069491 0 0
-0 -0 -0 0.092976 0 0 0 0 -0 0 0 0.06863 -0.044354 0.044354 0 0
-0 -0 -0 0.011345 0 0 0 0 -0 0 0 0.0083741 -0.005412 0.005412 0 0
0 0 0 0.017008 0 0 0 0 -0 0 0 0.012554 -0.0081134 0.0081134 0 0
