0 0 0.23941 0 0 0 0 0 0 0 0 0 0 -0.1197 5.1666e-17 0.20733 -0.0037051 0.035569 -0.0021391 0 0
0 0 0.21743 0 0 0 0 0 0 0 0 0 0 -0.10871 5.158e-17 0.1883 -0.0030585 0.032358 -0.0017658 0 0
-0 -0 -0.14975 0 0 0 0 0 0 0 0 0 0 0.074875 5.2237e-17 -0.12969 -0.0014538 -0.022379 -0.00083938 0 0
-0 -0 -0.06199 0 0 0 0 0 0 0 0 0 0 0.030995 5.1858e-17 -0.053685 -0.00024952 -0.0092926 -0.00014406 0 0
0 0 0.2655 0 0 0 0 0 0 0 0 0 0 -0.13275 5.1781e-17 0.22993 -0.0045517 0.039359 -0.0026279 0 0
0 0 0.11289 0 0 0 0 0 0 0 0 0 0 -0.056447 5.1935e-17 0.097769 -0.00082693 0.016898 -0.00047743 0 0
-0 -0 -0.034317 0 0 0 0 0 0 0 0 0 0 0.017159 5.1808e-17 -0.029719 -7.6484e-05 -0.0051465 -4.4158e-05 0 0
0 0 0.23005 0 0 0 0 0 0 0 0 0 0 -0.11502 5.1629e-17 0.19923 -0.0034222 0.034203 -0.0019758 0 0
-0 -0 -0.19892 0 0 0 0 0 0 0 0 0 0 0.099459 5.1513e-17 -0.17227 -0.0025616 -0.029641 -0.0014789 0 0
0 0 0.039809 0 0 0 0 0 0 0 0 0 0 -0.019905 5.1811e-17 0.034476 -0.00010292 0.0059698 -5.9422e-05 0 0
0 0 0.32019 0 0 0 0 0 0 0 0 0 0 -0.1601 2.4706e-17 0.2773 -0.0066025 0.047213 -0.0038119 0 0
0 0 0.18368 0 0 0 0 0 0 0 0 0 0 -0.09184 5.2335e-17 0.15907 -0.0021852 0.027397 -0.0012616 0 0
0 0 0.26711 0 0 0 0 0 0 0 0 0 0 -0.13356 5.1788e-17 0.23132 -0.0046067 0.039592 -0.0026597 0 0
0 0 0.33832 0 0 0 0 0 0 0 0 0 0 -0.16916 2.4756e-17 0.29299 -0.0073638 0.049785 -0.0042515 0 0
0 0 0.13748 0 0 0 0 0 0 0 0 0 0 -0.068742 5.2206e-17 0.11906 -0.0012258 0.020558 -0.0007077 0 0
0 0 0.017053 0 0 0 0 0 0 0 0 0 0 -0.0085266 2.4037e-17 0.014768 -1.8888e-05 0.0025578 -1.0905e-05 0 0
-0 -0 -0.001546 0 0 0 0 0 0 0 0 0 0 0.00077298 2.4037e-17 -0.0013388 -1.5524e-07 -0.00023189 -8.9625e-08 0 0
-0 -0 -0.05568 0 0 0 0 0 0 0 0 0 0 0.02784 2.4082e-17 -0.048221 -0.00020132 -0.0083477 -0.00011623 0 0
-0 -0 -0.23266 0 0 0 0 0 0 0 0 0 0 0.11633 2.3631e-17 -0.20149 -0.0035001 -0.034585 -0.0020208 0 0
0 0 0.12368 0 0 0 0 0 0 0 0 0 0 -0.061838 2.4131e-17 0.10711 -0.00099223 0.018504 -0.00057287 0 0
-0 -0 -0.25117 0 0 0 0 0 0 0 0 0 0 0.12558 5.1716e-17 -0.21752 -0.004076 -0.03728 -0.0023533 0 0
-0 -0 -0.11794 0 0 0 0 0 0 0 0 0 0 0.058969 5.1945e-17 -0.10214 -0.00090238 -0.01765 -0.00052099 0 0
-0 -0 -0.18589 0 0 0 0 0 0 0 0 0 0 0.092945 5.2343e-17 -0.16099 -0.002238 -0.027723 -0.0012921 0 0
-0 -0 -0.12147 0 0 0 0 0 0 0 0 0 0 0.060736 5.1953e-17 -0.1052 -0.00095721 -0.018176 -0.00055265 0 0
0 0 0.035023 0 0 0 0 0 0 0 0 0 0 -0.017511 5.1808e-17 0.03033 -7.9661e-05 0.0052523 -4.5992e-05 0 0
0 0 0.0097917 0 0 0 0 0 0 0 0 0 0 -0.0048958 5.1794e-17 0.0084799 -6.2274e-06 0.0014687 -3.5954e-06 0 0
0 0 0.28015 0 0 0 0 0 0 0 0 0 0 -0.14007 2.4607e-17 0.24261 -0.0050643 0.041474 -0.0029239 0 0
0 0 0.34386 0 0 0 0 0 0 0 0 0 0 -0.17193 5.3082e-17 0.29779 -0.0076044 0.050568 -0.0043904 0 0
-0 -0 -0.34354 0 0 0 0 0 0 0 0 0 0 0.17177 2.4771e-17 -0.29752 -0.0075906 -0.050524 -0.0043824 0 0
-0 -0 -0.0042104 0 0 0 0 0 0 0 0 0 0 0.0021052 2.4037e-17 -0.0036463 -1.1514e-06 -0.00063156 -6.6478e-07 0 0
0 0 0.024376 0 0 0 0 0 0 0 0 0 0 -0.012188 5.1789e-17 0.02111 -3.8592e-05 0.0036561 -2.2281e-05 0 0
-0 -0 -0.33468 0 0 0 0 0 0 0 0 0 0 0.16734 5.3026e-17 -0.28985 -0.0072078 -0.049271 -0.0041614 0 0
0 0 0.037004 0 0 0 0 0 0 0 0 0 0 -0.018502 2.4048e-17 0.032046 -8.8929e-05 0.0055493 -5.1343e-05 0 0
-0 -0 -0.29669 0 0 0 0 0 0 0 0 0 0 0.14834 2.4646e-17 -0.25694 -0.0056755 -0.043853 -0.0032768 0 0
0 0 0.20689 0 0 0 0 0 0 0 0 0 0 -0.10344 2.3587e-17 0.17917 -0.0027702 0.030812 -0.0015994 0 0
0 0 0.13973 0 0 0 0 0 0 0 0 0 0 -0.069866 5.2211e-17 0.12101 -0.0012661 0.020892 -0.00073099 0 0
0 0 0.0052293 0 0 0 0 0 0 0 0 0 0 -0.0026147 5.1793e-17 0.0045287 -1.7762e-06 0.0007844 -1.0255e-06 0 0
0 0 0.2134 0 0 0 0 0 0 0 0 0 0 -0.1067 2.3597e-17 0.18481 -0.0029467 0.031768 -0.0017013 0 0
-0 -0 -0.13161 0 0 0 0 0 0 0 0 0 0 0.065804 5.1975e-17 -0.11398 -0.0011234 -0.019684 -0.00064858 0 0
0 0 0.28811 0 0 0 0 0 0 0 0 0 0 -0.14406 5.2769e-17 0.24951 -0.0053544 0.042622 -0.0030914 0 0
-0 -0 -0.2944 0 0 0 0 0 0 0 0 0 0 0.1472 5.2801e-17 -0.25496 -0.0055891 -0.043525 -0.0032269 0 0
0 0 0.04759 0 0 0 0 0 0 0 0 0 0 -0.023795 5.1844e-17 0.041214 -0.00014707 0.0071357 -8.4913e-05 0 0
0 0 0.029258 0 0 0 0 0 0 0 0 0 0 -0.014629 5.1792e-17 0.025338 -5.5598e-05 0.0043881 -3.2099e-05 0 0
0 0 0.31703 0 0 0 0 0 0 0 0 0 0 -0.15852 5.2924e-17 0.27456 -0.0064739 0.046763 -0.0037377 0 0
0 0 0.34165 0 0 0 0 0 0 0 0 0 0 -0.17082 5.3068e-17 0.29587 -0.0075079 0.050256 -0.0043347 0 0
-0 -0 -0.18061 0 0 0 0 0 0 0 0 0 0 0.090307 5.2326e-17 -0.15642 -0.0021131 -0.026945 -0.00122 0 0
0 0 0.089797 0 0 0 0 0 0 0 0 0 0 -0.044899 5.1786e-17 0.077767 -0.00052339 0.013451 -0.00030218 0 0
-0 -0 -0.081691 0 0 0 0 0 0 0 0 0 0 0.040846 5.1774e-17 -0.070747 -0.00043321 -0.01224 -0.00025011 0 0
-0 -0 -0.29554 0 0 0 0 0 0 0 0 0 0 0.14777 5.2807e-17 -0.25594 -0.005632 -0.043688 -0.0032516 0 0
-0 -0 -0.16222 0 0 0 0 0 0 0 0 0 0 0.081112 2.4393e-17 -0.14049 -0.0017056 -0.024227 -0.00098471 0 0
-0 -0 -0.32053 0 0 0 0 0 0 0 0 0 0 0.16027 2.4707e-17 -0.27759 -0.0066164 -0.047261 -0.00382 0 0
-0 -0 -0.11713 0 0 0 0 0 0 0 0 0 0 0.058564 5.1944e-17 -0.10144 -0.00089005 -0.017529 -0.00051387 0 0
0 0 0.21559 0 0 0 0 0 0 0 0 0 0 -0.10779 5.1573e-17 0.1867 -0.0030071 0.032088 -0.0017362 0 0
-0 -0 -0.25486 0 0 0 0 0 0 0 0 0 0 0.12743 2.3674e-17 -0.22072 -0.0041962 -0.037817 -0.0024226 0 0
0 0 0.10342 0 0 0 0 0 0 0 0 0 0 -0.05171 2.4112e-17 0.089564 -0.00069408 0.015485 -0.00040073 0 0
-0 -0 -0.27413 0 0 0 0 0 0 0 0 0 0 0.13707 2.4593e-17 -0.23741 -0.0048506 -0.040607 -0.0028005 0 0
-0 -0 -0.10387 0 0 0 0 0 0 0 0 0 0 0.051937 5.1918e-17 -0.089958 -0.00070019 -0.015553 -0.00040426 0 0
-0 -0 -0.023827 0 0 0 0 0 0 0 0 0 0 0.011914 2.4031e-17 -0.020635 -3.6874e-05 -0.0035738 -2.1289e-05 0 0
-0 -0 -0.0028576 0 0 0 0 0 0 0 0 0 0 0.0014288 2.4037e-17 -0.0024748 -5.304e-07 -0.00042865 -3.0623e-07 0 0
-0 -0 -0.12696 0 0 0 0 0 0 0 0 0 0 0.063478 5.1964e-17 -0.10995 -0.0010455 -0.018992 -0.00060361 0 0
0 0 0.21114 0 0 0 0 0 0 0 0 0 0 -0.10557 5.1557e-17 0.18285 -0.0028848 0.031436 -0.0016655 0 0
0 0 0.31161 0 0 0 0 0 0 0 0 0 0 -0.15581 5.2894e-17 0.26986 -0.006256 0.045989 -0.0036119 0 0
-0 -0 -0.19228 0 0 0 0 0 0 0 0 0 0 0.096142 5.1491e-17 -0.16652 -0.0023941 -0.028665 -0.0013822 0 0
-0 -0 -0.16219 0 0 0 0 0 0 0 0 0 0 0.081097 5.2271e-17 -0.14046 -0.0017049 -0.024222 -0.00098434 0 0
-0 -0 -0.342 0 0 0 0 0 0 0 0 0 0 0.171 5.307e-17 -0.29618 -0.0075233 -0.050306 -0.0043436 0 0
0 0 0.28783 0 0 0 0 0 0 0 0 0 0 -0.14392 5.2767e-17 0.24927 -0.0053441 0.042581 -0.0030854 0 0
-0 -0 -0.026695 0 0 0 0 0 0 0 0 0 0 0.013348 5.179e-17 -0.023119 -4.6284e-05 -0.0040038 -2.6722e-05 0 0
0 0 0.19825 0 0 0 0 0 0 0 0 0 0 -0.099127 2.3573e-17 0.17169 -0.0025446 0.029544 -0.0014691 0 0
-0 -0 -0.25091 0 0 0 0 0 0 0 0 0 0 0.12546 5.1715e-17 -0.2173 -0.0040678 -0.037243 -0.0023485 0 0
-0 -0 -0.30586 0 0 0 0 0 0 0 0 0 0 0.15293 5.2862e-17 -0.26488 -0.006029 -0.045167 -0.0034808 0 0
0 0 0.31985 0 0 0 0 0 0 0 0 0 0 -0.15992 2.4705e-17 0.27699 -0.0065882 0.047163 -0.0038037 0 0
-0 -0 -0.041376 0 0 0 0 0 0 0 0 0 0 0.020688 5.1813e-17 -0.035833 -0.00011118 -0.0062046 -6.419e-05 0 0
0 0 0.30674 0 0 0 0 0 0 0 0 0 0 -0.15337 2.4671e-17 0.26564 -0.0060635 0.045293 -0.0035007 0 0
0 0 0.2957 0 0 0 0 0 0 0 0 0 0 -0.14785 2.4644e-17 0.25608 -0.005638 0.043711 -0.0032551 0 0
0 0 0.017504 0 0 0 0 0 0 0 0 0 0 -0.0087522 2.4037e-17 0.015159 -1.9901e-05 0.0026255 -1.149e-05 0 0
-0 -0 -0.30644 0 0 0 0 0 0 0 0 0 0 0.15322 5.2865e-17 -0.26539 -0.0060518 -0.04525 -0.003494 0 0
-0 -0 -0.32142 0 0 0 0 0 0 0 0 0 0 0.16071 2.4709e-17 -0.27836 -0.0066526 -0.047387 -0.0038409 0 0
-0 -0 -0.24491 0 0 0 0 0 0 0 0 0 0 0.12246 5.169e-17 -0.2121 -0.0038765 -0.03637 -0.0022381 0 0
-0 -0 -0.16201 0 0 0 0 0 0 0 0 0 0 0.081006 5.227e-17 -0.14031 -0.0017011 -0.024196 -0.00098214 0 0
0 0 0.27671 0 0 0 0 0 0 0 0 0 0 -0.13836 5.2712e-17 0.23964 -0.0049417 0.040979 -0.0028531 0 0
0 0 0.28722 0 0 0 0 0 0 0 0 0 0 -0.14361 2.4623e-17 0.24874 -0.0053216 0.042494 -0.0030724 0 0
-0 -0 -0.33372 0 0 0 0 0 0 0 0 0 0 0.16686 5.302e-17 -0.28901 -0.0071669 -0.049135 -0.0041378 0 0
-0 -0 -0.31449 0 0 0 0 0 0 0 0 0 0 0.15724 5.291e-17 -0.27235 -0.0063712 -0.046399 -0.0036784 0 0
0 0 0.11229 0 0 0 0 0 0 0 0 0 0 -0.056143 2.412e-17 0.097243 -0.00081808 0.016808 -0.00047232 0 0
0 0 0.18851 0 0 0 0 0 0 0 0 0 0 -0.094255 5.2351e-17 0.16325 -0.0023013 0.028109 -0.0013287 0 0
-0 -0 -0.24508 0 0 0 0 0 0 0 0 0 0 0.12254 5.169e-17 -0.21225 -0.0038818 -0.036395 -0.0022411 0 0
-0 -0 -0.28078 0 0 0 0 0 0 0 0 0 0 0.14039 5.2732e-17 -0.24317 -0.0050872 -0.041566 -0.0029371 0 0
-0 -0 -0.0097169 0 0 0 0 0 0 0 0 0 0 0.0048584 2.4037e-17 -0.008415 -6.1325e-06 -0.0014575 -3.5406e-06 0 0
0 0 0.1618 0 0 0 0 0 0 0 0 0 0 -0.080898 5.2269e-17 0.14012 -0.0016966 0.024164 -0.00097952 0 0
-0 -0 -0.057276 0 0 0 0 0 0 0 0 0 0 0.028638 5.1853e-17 -0.049602 -0.00021302 -0.0085867 -0.00012299 0 0
0 0 0.1771 0 0 0 0 0 0 0 0 0 0 -0.088552 5.2315e-17 0.15338 -0.0020319 0.026427 -0.0011731 0 0
-0 -0 -0.16518 0 0 0 0 0 0 0 0 0 0 0.082588 5.2279e-17 -0.14305 -0.0017681 -0.024664 -0.0010208 0 0
-0 -0 -0.077083 0 0 0 0 0 0 0 0 0 0 0.038541 5.1768e-17 -0.066756 -0.00038574 -0.011551 -0.00022271 0 0
0 0 0.20875 0 0 0 0 0 0 0 0 0 0 -0.10438 5.1548e-17 0.18079 -0.0028202 0.031086 -0.0016283 0 0
-0 -0 -0.25279 0 0 0 0 0 0 0 0 0 0 0.12639 5.1723e-17 -0.21892 -0.0041284 -0.037515 -0.0023836 0 0
-0 -0 -0.12534 0 0 0 0 0 0 0 0 0 0 0.062669 5.1961e-17 -0.10855 -0.001019 -0.018751 -0.00058834 0 0
0 0 0.27337 0 0 0 0 0 0 0 0 0 0 -0.13669 2.4591e-17 0.23675 -0.0048239 0.040497 -0.0027851 0 0
-0 -0 -0.014686 0 0 0 0 0 0 0 0 0 0 0.0073432 5.1796e-17 -0.012719 -1.4009e-05 -0.0022029 -8.0882e-06 0 0
0 0 0.24715 0 0 0 0 0 0 0 0 0 0 -0.12358 5.1699e-17 0.21404 -0.0039474 0.036697 -0.0022791 0 0
0 0 0.2347 0 0 0 0 0 0 0 0 0 0 -0.11735 5.1647e-17 0.20326 -0.0035615 0.034883 -0.0020562 0 0
