0 0 0.10363 0 0 0 0 0 0 0 0 0 0 -0.049437 0.013568 0.090063 -0.0039459 0.0022343 -0.0025025 0 0
0 0 0.30005 0 0 0 0 0 0 0 0 0 0 -0.14314 0.039285 0.26077 -0.011974 0.0051086 -0.0073425 0 0
0 0 0.19687 0 0 0 0 0 0 0 0 0 0 -0.093914 0.025775 0.17109 -0.0076796 0.0038261 -0.0047919 0 0
-0 -0 -0.0063991 0 0 0 0 0 0 0 0 0 0 0.0030526 -0.00083782 -0.0055613 0.00023568 -0.00015352 0.0001525 0 0
0 0 0.2966 0 0 0 0 0 0 0 0 0 0 -0.14149 0.038833 0.25777 -0.011828 0.0050739 -0.0072572 0 0
0 0 0.33757 0 0 0 0 0 0 0 0 0 0 -0.16104 0.044197 0.29337 -0.01357 0.0054473 -0.0082692 0 0
0 0 0.24417 0 0 0 0 0 0 0 0 0 0 -0.11648 0.031968 0.2122 -0.0096297 0.0044773 -0.0059604 0 0
-0 -0 -0.04934 0 0 0 0 0 0 0 0 0 0 0.023538 -0.00646 -0.04288 0.0017912 -0.0012293 0.0011684 0 0
-0 -0 -0.18058 0 0 0 0 0 0 0 0 0 0 0.086144 -0.023643 -0.15694 0.0062406 -0.0049904 0.0041774 0 0
0 0 0.33444 0 0 0 0 0 0 0 0 0 0 -0.15954 0.043788 0.29065 -0.013436 0.0054217 -0.008192 0 0
0 0 0.17059 0 0 0 0 0 0 0 0 0 0 -0.081378 0.022335 0.14825 -0.0066116 0.0034185 -0.0041442 0 0
0 0 0.092279 0 0 0 0 0 0 0 0 0 0 -0.044021 0.012082 0.080197 -0.0035024 0.0020131 -0.0022258 0 0
-0 -0 -0.30134 0 0 0 0 0 0 0 0 0 0 0.14375 -0.039453 -0.26188 0.0098792 -0.0090373 0.0067843 0 0
-0 -0 -0.22037 0 0 0 0 0 0 0 0 0 0 0.10513 -0.028853 -0.19152 0.0074909 -0.0062649 0.0050556 0 0
0 0 0.012327 0 0 0 0 0 0 0 0 0 0 -0.0058806 0.001614 0.010713 -0.00045676 0.00029072 -0.00029452 0 0
0 0 0.23897 0 0 0 0 0 0 0 0 0 0 -0.114 0.031288 0.20768 -0.0094138 0.004411 -0.0058319 0 0
0 0 0.1208 0 0 0 0 0 0 0 0 0 0 -0.057626 0.015816 0.10498 -0.0046213 0.0025576 -0.002922 0 0
-0 -0 -0.18412 0 0 0 0 0 0 0 0 0 0 0.087834 -0.024107 -0.16001 0.0063539 -0.0051014 0.0042563 0 0
0 0 0.33659 0 0 0 0 0 0 0 0 0 0 -0.16057 0.044069 0.29252 -0.013528 0.0054394 -0.0082451 0 0
0 0 0.10286 0 0 0 0 0 0 0 0 0 0 -0.049067 0.013467 0.089389 -0.0039155 0.0022194 -0.0024836 0 0
0 0 0.12388 0 0 0 0 0 0 0 0 0 0 -0.059098 0.01622 0.10766 -0.0047433 0.0026143 -0.0029975 0 0
-0 -0 -0.15332 0 0 0 0 0 0 0 0 0 0 0.073139 -0.020073 -0.13324 0.0053566 -0.0041523 0.0035658 0 0
0 0 0.28146 0 0 0 0 0 0 0 0 0 0 -0.13427 0.03685 0.24461 -0.01119 0.0049153 -0.0068827 0 0
0 0 0.1365 0 0 0 0 0 0 0 0 0 0 -0.065116 0.017871 0.11863 -0.005244 0.0028415 -0.0033066 0 0
0 0 0.23572 0 0 0 0 0 0 0 0 0 0 -0.11245 0.030862 0.20486 -0.009279 0.0043689 -0.0057515 0 0
0 0 0.0054339 0 0 0 0 0 0 0 0 0 0 -0.0025922 0.00071145 0.0047224 -0.0002009 0.00012897 -0.00012971 0 0
0 0 0.030506 0 0 0 0 0 0 0 0 0 0 -0.014552 0.003994 0.026512 -0.0011368 0.00070729 -0.00073056 0 0
-0 -0 -0.23785 0 0 0 0 0 0 0 0 0 0 0.11346 -0.031141 -0.20671 0.0080243 -0.0068432 0.0054356 0 0
-0 -0 -0.20781 0 0 0 0 0 0 0 0 0 0 0.099133 -0.027208 -0.1806 0.0071013 -0.0058559 0.0047802 0 0
0 0 0.051222 0 0 0 0 0 0 0 0 0 0 -0.024435 0.0067063 0.044515 -0.0019209 0.0011642 -0.0012298 0 0
0 0 0.26817 0 0 0 0 0 0 0 0 0 0 -0.12793 0.035111 0.23306 -0.010632 0.0047669 -0.006554 0 0
-0 -0 -0.26404 0 0 0 0 0 0 0 0 0 0 0.12596 -0.03457 -0.22947 0.0088054 -0.0077308 0.005998 0 0
0 0 0.14816 0 0 0 0 0 0 0 0 0 0 -0.070677 0.019398 0.12876 -0.0057093 0.0030449 -0.0035926 0 0
0 0 0.13306 0 0 0 0 0 0 0 0 0 0 -0.063476 0.017421 0.11564 -0.0051073 0.0027803 -0.0032223 0 0
-0 -0 -0.10752 0 0 0 0 0 0 0 0 0 0 0.051292 -0.014077 -0.093443 0.0038229 -0.0028106 0.0025219 0 0
0 0 0.15458 0 0 0 0 0 0 0 0 0 0 -0.073743 0.020239 0.13434 -0.005967 0.0031544 -0.0037506 0 0
0 0 0.28001 0 0 0 0 0 0 0 0 0 0 -0.13358 0.036661 0.24335 -0.011129 0.0048995 -0.0068468 0 0
0 0 0.3365 0 0 0 0 0 0 0 0 0 0 -0.16053 0.044057 0.29244 -0.013524 0.0054386 -0.0082428 0 0
-0 -0 -0.12153 0 0 0 0 0 0 0 0 0 0 0.057974 -0.015911 -0.10562 0.0042983 -0.0032121 0.0028433 0 0
-0 -0 -0.017706 0 0 0 0 0 0 0 0 0 0 0.0084468 -0.0023183 -0.015388 0.00064972 -0.00042913 0.00042129 0 0
-0 -0 -0.31034 0 0 0 0 0 0 0 0 0 0 0.14805 -0.040632 -0.26971 0.010131 -0.0093599 0.0069713 0 0
0 0 0.19669 0 0 0 0 0 0 0 0 0 0 -0.093828 0.025752 0.17093 -0.0076723 0.0038234 -0.0047874 0 0
-0 -0 -0.20709 0 0 0 0 0 0 0 0 0 0 0.098792 -0.027114 -0.17998 0.007079 -0.0058329 0.0047645 0 0
0 0 0.066665 0 0 0 0 0 0 0 0 0 0 -0.031802 0.0087283 0.057937 -0.0025116 0.0014924 -0.0016035 0 0
-0 -0 -0.23367 0 0 0 0 0 0 0 0 0 0 0.11147 -0.030594 -0.20308 0.0078977 -0.006704 0.0053451 0 0
0 0 0.16846 0 0 0 0 0 0 0 0 0 0 -0.080362 0.022056 0.1464 -0.0065256 0.003384 -0.0040918 0 0
0 0 0.26478 0 0 0 0 0 0 0 0 0 0 -0.12631 0.034667 0.23011 -0.01049 0.0047277 -0.0064702 0 0
-0 -0 -0.095444 0 0 0 0 0 0 0 0 0 0 0.045531 -0.012496 -0.082947 0.0034087 -0.0024709 0.0022433 0 0
0 0 0.1801 0 0 0 0 0 0 0 0 0 0 -0.085915 0.02358 0.15652 -0.0069968 0.0035697 -0.0043784 0 0
0 0 0.34231 0 0 0 0 0 0 0 0 0 0 -0.1633 0.044818 0.29749 -0.013772 0.0054852 -0.0083861 0 0
-0 -0 -0.12555 0 0 0 0 0 0 0 0 0 0 0.059895 -0.016439 -0.10912 0.004434 -0.003329 0.0029354 0 0
0 0 0.069219 0 0 0 0 0 0 0 0 0 0 -0.033021 0.0090627 0.060157 -0.0026098 0.0015457 -0.0016654 0 0
0 0 0.19833 0 0 0 0 0 0 0 0 0 0 -0.094613 0.025967 0.17236 -0.0077395 0.0038478 -0.004828 0 0
0 0 0.2367 0 0 0 0 0 0 0 0 0 0 -0.11292 0.030991 0.20571 -0.0093197 0.0043817 -0.0057758 0 0
0 0 0.25876 0 0 0 0 0 0 0 0 0 0 -0.12344 0.033879 0.22488 -0.010238 0.0046567 -0.0063214 0 0
0 0 0.18515 0 0 0 0 0 0 0 0 0 0 -0.088325 0.024241 0.16091 -0.0072021 0.0036484 -0.0045029 0 0
0 0 0.090856 0 0 0 0 0 0 0 0 0 0 -0.043342 0.011896 0.078961 -0.003447 0.0019849 -0.0021911 0 0
0 0 0.068586 0 0 0 0 0 0 0 0 0 0 -0.032718 0.0089798 0.059606 -0.0025854 0.0015325 -0.00165 0 0
0 0 0.33429 0 0 0 0 0 0 0 0 0 0 -0.15947 0.043768 0.29052 -0.01343 0.0054204 -0.0081883 0 0
-0 -0 -0.0018004 0 0 0 0 0 0 0 0 0 0 0.00085888 -0.00023573 -0.0015647 6.641e-05 -4.3015e-05 4.2934e-05 0 0
-0 -0 -0.23216 0 0 0 0 0 0 0 0 0 0 0.11075 -0.030397 -0.20177 0.0078518 -0.0066538 0.0053123 0 0
0 0 0.0095448 0 0 0 0 0 0 0 0 0 0 -0.0045533 0.0012497 0.0082951 -0.00035335 0.00022568 -0.00022796 0 0
0 0 0.26851 0 0 0 0 0 0 0 0 0 0 -0.12809 0.035156 0.23336 -0.010646 0.0047708 -0.0065625 0 0
-0 -0 -0.089797 0 0 0 0 0 0 0 0 0 0 0.042837 -0.011757 -0.07804 0.0032136 -0.002314 0.0021126 0 0
-0 -0 -0.030404 0 0 0 0 0 0 0 0 0 0 0.014504 -0.0039808 -0.026424 0.0011109 -0.00074518 0.00072207 0 0
-0 -0 -0.2014 0 0 0 0 0 0 0 0 0 0 0.096076 -0.026369 -0.17503 0.0069008 -0.0056497 0.0046391 0 0
-0 -0 -0.12659 0 0 0 0 0 0 0 0 0 0 0.06039 -0.016575 -0.11002 0.0044689 -0.0033592 0.0029591 0 0
-0 -0 -0.11555 0 0 0 0 0 0 0 0 0 0 0.055123 -0.015129 -0.10042 0.0040961 -0.0030398 0.0027064 0 0
-0 -0 -0.14362 0 0 0 0 0 0 0 0 0 0 0.068513 -0.018804 -0.12482 0.0050368 -0.0038613 0.0033465 0 0
0 0 0.13585 0 0 0 0 0 0 0 0 0 0 -0.064806 0.017786 0.11806 -0.0052182 0.00283 -0.0032907 0 0
0 0 0.24447 0 0 0 0 0 0 0 0 0 0 -0.11662 0.032008 0.21246 -0.0096422 0.0044811 -0.0059678 0 0
0 0 0.024926 0 0 0 0 0 0 0 0 0 0 -0.011891 0.0032635 0.021662 -0.00092725 0.00058097 -0.0005965 0 0
0 0 0.20707 0 0 0 0 0 0 0 0 0 0 -0.098783 0.027112 0.17996 -0.0080976 0.0039756 -0.0050438 0 0
0 0 0.31946 0 0 0 0 0 0 0 0 0 0 -0.1524 0.041826 0.27763 -0.012798 0.0052923 -0.007822 0 0
0 0 0.24883 0 0 0 0 0 0 0 0 0 0 -0.1187 0.032579 0.21625 -0.0098237 0.0045358 -0.0060757 0 0
0 0 0.18491 0 0 0 0 0 0 0 0 0 0 -0.088212 0.02421 0.1607 -0.0071925 0.0036447 -0.0044971 0 0
0 0 0.1444 0 0 0 0 0 0 0 0 0 0 -0.068883 0.018905 0.12549 -0.005559 0.00298 -0.0035003 0 0
-0 -0 -0.029729 0 0 0 0 0 0 0 0 0 0 0.014182 -0.0038924 -0.025837 0.0010865 -0.00072821 0.00070611 0 0
-0 -0 -0.30299 0 0 0 0 0 0 0 0 0 0 0.14454 -0.03967 -0.26332 0.0099257 -0.0090963 0.0068187 0 0
-0 -0 -0.24163 0 0 0 0 0 0 0 0 0 0 0.11527 -0.031636 -0.20999 0.0081384 -0.0069698 0.0055173 0 0
-0 -0 -0.24589 0 0 0 0 0 0 0 0 0 0 0.1173 -0.032194 -0.2137 0.0082665 -0.0071131 0.0056092 0 0
0 0 0.027449 0 0 0 0 0 0 0 0 0 0 -0.013094 0.0035938 0.023855 -0.0010219 0.00063827 -0.0006571 0 0
0 0 0.17352 0 0 0 0 0 0 0 0 0 0 -0.082777 0.022719 0.1508 -0.0067302 0.0034656 -0.0042164 0 0
-0 -0 -0.042835 0 0 0 0 0 0 0 0 0 0 0.020434 -0.0056083 -0.037227 0.0015586 -0.0010613 0.0010154 0 0
-0 -0 -0.00081899 0 0 0 0 0 0 0 0 0 0 0.0003907 -0.00010723 -0.00071176 3.0219e-05 -1.9549e-05 1.9533e-05 0 0
-0 -0 -0.05398 0 0 0 0 0 0 0 0 0 0 0.025751 -0.0070675 -0.046912 0.0019565 -0.0013502 0.0012774 0 0
0 0 0.24093 0 0 0 0 0 0 0 0 0 0 -0.11493 0.031544 0.20938 -0.0094951 0.0044361 -0.0058803 0 0
-0 -0 -0.17018 0 0 0 0 0 0 0 0 0 0 0.081185 -0.022282 -0.1479 0.0059061 -0.0046674 0.0039451 0 0
-0 -0 -0.2968 0 0 0 0 0 0 0 0 0 0 0.14159 -0.038859 -0.25794 0.009751 -0.0088757 0.0066896 0 0
0 0 0.015207 0 0 0 0 0 0 0 0 0 0 -0.0072544 0.001991 0.013216 -0.00056398 0.00035768 -0.00036346 0 0
0 0 0.11004 0 0 0 0 0 0 0 0 0 0 -0.052494 0.014407 0.095634 -0.0041974 0.0023566 -0.002659 0 0
0 0 0.29913 0 0 0 0 0 0 0 0 0 0 -0.1427 0.039164 0.25996 -0.011935 0.0050993 -0.0073196 0 0
0 0 0.24753 0 0 0 0 0 0 0 0 0 0 -0.11808 0.032409 0.21512 -0.0097697 0.0045196 -0.0060436 0 0
0 0 0.12283 0 0 0 0 0 0 0 0 0 0 -0.058594 0.016081 0.10675 -0.0047015 0.002595 -0.0029717 0 0
0 0 0.15291 0 0 0 0 0 0 0 0 0 0 -0.072944 0.02002 0.13289 -0.0058997 0.003126 -0.0037094 0 0
0 0 0.24717 0 0 0 0 0 0 0 0 0 0 -0.11791 0.032362 0.21481 -0.0097548 0.0045151 -0.0060348 0 0
0 0 0.27864 0 0 0 0 0 0 0 0 0 0 -0.13292 0.036481 0.24216 -0.011071 0.0048845 -0.006813 0 0
-0 -0 -0.24477 0 0 0 0 0 0 0 0 0 0 0.11676 -0.032047 -0.21272 0.0082327 -0.0070752 0.005585 0 0
0 0 0.11549 0 0 0 0 0 0 0 0 0 0 -0.055094 0.015121 0.10037 -0.0044118 0.0024591 -0.0027922 0 0
0 0 0.028082 0 0 0 0 0 0 0 0 0 0 -0.013396 0.0036767 0.024405 -0.0010457 0.00065259 -0.0006723 0 0
