0 0 0.27775 0 0 0 0 0 0 0 0 0 0 -0.13602 0.024556 0.24092 -0.0058557 0.029727 -0.0063361 0 0
0 0 0.32972 0 0 0 0 0 0 0 0 0 0 -0.16147 0.029151 0.286 -0.0077516 0.034979 -0.0079418 0 0
0 0 0.13733 0 0 0 0 0 0 0 0 0 0 -0.067253 0.012141 0.11912 -0.0019791 0.014982 -0.0026445 0 0
-0 -0 -0.22672 0 0 0 0 0 0 0 0 0 0 0.11103 -0.020044 -0.19665 -0.00073906 -0.025191 0.0021504 0 0
0 0 0.10357 0 0 0 0 0 0 0 0 0 0 -0.050722 0.0091568 0.089838 -0.0013245 0.01134 -0.0019036 0 0
-0 -0 -0.043544 0 0 0 0 0 0 0 0 0 0 0.021324 -0.0038497 -0.037769 0.00024632 -0.0048207 0.00063042 0 0
0 0 0.065332 0 0 0 0 0 0 0 0 0 0 -0.031994 0.0057759 0.056668 -0.00071486 0.0071788 -0.0011353 0 0
-0 -0 -0.29802 0 0 0 0 0 0 0 0 0 0 0.14595 -0.026348 -0.2585 -0.0020004 -0.03306 0.0022403 0 0
0 0 0.059204 0 0 0 0 0 0 0 0 0 0 -0.028993 0.0052342 0.051353 -0.00063026 0.0065089 -0.0010193 0 0
0 0 0.10145 0 0 0 0 0 0 0 0 0 0 -0.049681 0.0089689 0.087995 -0.0012869 0.01111 -0.001859 0 0
-0 -0 -0.33175 0 0 0 0 0 0 0 0 0 0 0.16246 -0.02933 -0.28776 -0.0027661 -0.036752 0.0021843 0 0
-0 -0 -0.075385 0 0 0 0 0 0 0 0 0 0 0.036918 -0.0066648 -0.065388 0.00030955 -0.0083579 0.0010267 0 0
0 0 0.055413 0 0 0 0 0 0 0 0 0 0 -0.027137 0.004899 0.048064 -0.00057972 0.006094 -0.00094844 0 0
0 0 0.1663 0 0 0 0 0 0 0 0 0 0 -0.081441 0.014703 0.14425 -0.0026275 0.018081 -0.0033264 0 0
-0 -0 -0.23375 0 0 0 0 0 0 0 0 0 0 0.11447 -0.020666 -0.20275 -0.00084181 -0.025971 0.0021718 0 0
-0 -0 -0.0071729 0 0 0 0 0 0 0 0 0 0 0.0035127 -0.00063415 -0.0062217 5.3265e-05 -0.00079247 0.00011085 0 0
-0 -0 -0.33846 0 0 0 0 0 0 0 0 0 0 0.16575 -0.029923 -0.29358 -0.0029314 -0.037484 0.0021656 0 0
-0 -0 -0.094963 0 0 0 0 0 0 0 0 0 0 0.046505 -0.0083956 -0.082369 0.00029937 -0.010536 0.0012429 0 0
0 0 0.16673 0 0 0 0 0 0 0 0 0 0 -0.081651 0.014741 0.14462 -0.0026377 0.018127 -0.0033369 0 0
0 0 0.17999 0 0 0 0 0 0 0 0 0 0 -0.088145 0.015913 0.15612 -0.0029615 0.019537 -0.0036633 0 0
-0 -0 -0.037409 0 0 0 0 0 0 0 0 0 0 0.01832 -0.0033073 -0.032448 0.00022278 -0.0041401 0.00054777 0 0
-0 -0 -0.14742 0 0 0 0 0 0 0 0 0 0 0.072192 -0.013033 -0.12787 8.8036e-05 -0.016376 0.0017189 0 0
-0 -0 -0.26474 0 0 0 0 0 0 0 0 0 0 0.12965 -0.023406 -0.22963 -0.0013511 -0.029397 0.0022335 0 0
-0 -0 -0.14288 0 0 0 0 0 0 0 0 0 0 0.069972 -0.012632 -0.12393 0.00011687 -0.015872 0.0016837 0 0
-0 -0 -0.22884 0 0 0 0 0 0 0 0 0 0 0.11206 -0.020231 -0.19849 -0.00076948 -0.025426 0.0021571 0 0
0 0 0.30478 0 0 0 0 0 0 0 0 0 0 -0.14926 0.026946 0.26437 -0.0068114 0.032475 -0.0071557 0 0
0 0 0.25126 0 0 0 0 0 0 0 0 0 0 -0.12305 0.022213 0.21794 -0.0049839 0.027003 -0.0055662 0 0
-0 -0 -0.068796 0 0 0 0 0 0 0 0 0 0 0.033691 -0.0060822 -0.059673 0.00030457 -0.0076252 0.00094917 0 0
0 0 0.11147 0 0 0 0 0 0 0 0 0 0 -0.05459 0.0098552 0.09669 -0.0014679 0.012195 -0.0020718 0 0
0 0 0.18109 0 0 0 0 0 0 0 0 0 0 -0.088684 0.01601 0.15708 -0.0029891 0.019653 -0.0036908 0 0
0 0 0.26611 0 0 0 0 0 0 0 0 0 0 -0.13032 0.023527 0.23082 -0.0054647 0.028534 -0.0059937 0 0
0 0 0.14484 0 0 0 0 0 0 0 0 0 0 -0.070931 0.012805 0.12563 -0.0021396 0.015788 -0.0028172 0 0
0 0 0.2371 0 0 0 0 0 0 0 0 0 0 -0.11611 0.020962 0.20566 -0.0045447 0.025536 -0.0051687 0 0
0 0 0.075823 0 0 0 0 0 0 0 0 0 0 -0.037132 0.0067035 0.065768 -0.0008681 0.0083238 -0.0013385 0 0
-0 -0 -0.24244 0 0 0 0 0 0 0 0 0 0 0.11873 -0.021434 -0.21029 -0.00097534 -0.026933 0.0021945 0 0
0 0 0.1445 0 0 0 0 0 0 0 0 0 0 -0.070763 0.012775 0.12533 -0.0021321 0.015751 -0.0028092 0 0
0 0 0.2713 0 0 0 0 0 0 0 0 0 0 -0.13286 0.023985 0.23532 -0.0056374 0.029066 -0.0061454 0 0
-0 -0 -0.12819 0 0 0 0 0 0 0 0 0 0 0.062778 -0.011333 -0.11119 0.00019659 -0.014236 0.001562 0 0
-0 -0 -0.19726 0 0 0 0 0 0 0 0 0 0 0.0966 -0.017439 -0.1711 -0.00036066 -0.021921 0.0020307 0 0
0 0 0.058186 0 0 0 0 0 0 0 0 0 0 -0.028495 0.0051442 0.05047 -0.00061655 0.0063975 -0.0010002 0 0
0 0 0.28505 0 0 0 0 0 0 0 0 0 0 -0.1396 0.025201 0.24725 -0.0061073 0.030473 -0.0065541 0 0
-0 -0 -0.13435 0 0 0 0 0 0 0 0 0 0 0.065795 -0.011878 -0.11653 0.00016572 -0.014922 0.0016145 0 0
0 0 0.17299 0 0 0 0 0 0 0 0 0 0 -0.084718 0.015294 0.15005 -0.0027886 0.018793 -0.0034899 0 0
-0 -0 -0.086297 0 0 0 0 0 0 0 0 0 0 0.042261 -0.0076294 -0.074852 0.00030849 -0.0095715 0.0011498 0 0
0 0 0.25798 0 0 0 0 0 0 0 0 0 0 -0.12634 0.022807 0.22376 -0.0051989 0.027697 -0.0057583 0 0
-0 -0 -0.25982 0 0 0 0 0 0 0 0 0 0 0.12724 -0.022971 -0.22537 -0.0012641 -0.028854 0.0022273 0 0
-0 -0 -0.23712 0 0 0 0 0 0 0 0 0 0 0.11612 -0.020964 -0.20568 -0.00089269 -0.026344 0.0021811 0 0
0 0 0.10199 0 0 0 0 0 0 0 0 0 0 -0.049947 0.0090169 0.088465 -0.0012965 0.011168 -0.0018703 0 0
-0 -0 -0.17457 0 0 0 0 0 0 0 0 0 0 0.085493 -0.015434 -0.15142 -0.00012658 -0.019399 0.0019058 0 0
0 0 0.21786 0 0 0 0 0 0 0 0 0 0 -0.10669 0.019261 0.18897 -0.0039773 0.023528 -0.0046437 0 0
-0 -0 -0.21536 0 0 0 0 0 0 0 0 0 0 0.10546 -0.019039 -0.1868 -0.00058319 -0.023931 0.0021099 0 0
-0 -0 -0.25478 0 0 0 0 0 0 0 0 0 0 0.12477 -0.022525 -0.22099 -0.0011773 -0.028297 0.0022195 0 0
-0 -0 -0.20942 0 0 0 0 0 0 0 0 0 0 0.10256 -0.018515 -0.18165 -0.00050679 -0.023273 0.002086 0 0
-0 -0 -0.1051 0 0 0 0 0 0 0 0 0 0 0.051471 -0.009292 -0.091164 0.00027941 -0.011665 0.0013467 0 0
0 0 0.091746 0 0 0 0 0 0 0 0 0 0 -0.04493 0.0081112 0.079579 -0.0011209 0.010057 -0.0016579 0 0
0 0 0.27047 0 0 0 0 0 0 0 0 0 0 -0.13246 0.023912 0.2346 -0.0056098 0.028982 -0.0061212 0 0
0 0 0.040938 0 0 0 0 0 0 0 0 0 0 -0.020048 0.0036193 0.035509 -0.00039959 0.0045074 -0.00068502 0 0
-0 -0 -0.13694 0 0 0 0 0 0 0 0 0 0 0.067064 -0.012107 -0.11878 0.00015163 -0.01521 0.0016359 0 0
-0 -0 -0.006462 0 0 0 0 0 0 0 0 0 0 0.0031646 -0.0005713 -0.0056051 4.8209e-05 -0.00071389 9.9983e-05 0 0
-0 -0 -0.15981 0 0 0 0 0 0 0 0 0 0 0.07826 -0.014128 -0.13861 -9.906e-07 -0.017756 0.0018092 0 0
0 0 0.14343 0 0 0 0 0 0 0 0 0 0 -0.070238 0.01268 0.12441 -0.0021089 0.015636 -0.0027844 0 0
-0 -0 -0.14529 0 0 0 0 0 0 0 0 0 0 0.071152 -0.012845 -0.12602 0.00010179 -0.01614 0.0017025 0 0
0 0 0.26026 0 0 0 0 0 0 0 0 0 0 -0.12745 0.023009 0.22574 -0.0052729 0.027932 -0.005824 0 0
-0 -0 -0.13377 0 0 0 0 0 0 0 0 0 0 0.065509 -0.011826 -0.11603 0.0001688 -0.014857 0.0016096 0 0
-0 -0 -0.22278 0 0 0 0 0 0 0 0 0 0 0.1091 -0.019696 -0.19324 -0.00068369 -0.024755 0.0021372 0 0
-0 -0 -0.26153 0 0 0 0 0 0 0 0 0 0 0.12808 -0.023122 -0.22685 -0.0012941 -0.029043 0.0022296 0 0
-0 -0 -0.2087 0 0 0 0 0 0 0 0 0 0 0.1022 -0.018451 -0.18102 -0.00049764 -0.023192 0.0020829 0 0
-0 -0 -0.034299 0 0 0 0 0 0 0 0 0 0 0.016797 -0.0030323 -0.02975 0.00020945 -0.0037953 0.0005051 0 0
-0 -0 -0.28926 0 0 0 0 0 0 0 0 0 0 0.14166 -0.025574 -0.2509 -0.0018193 -0.032098 0.0022445 0 0
0 0 0.27314 0 0 0 0 0 0 0 0 0 0 -0.13376 0.024148 0.23692 -0.0056993 0.029255 -0.0061996 0 0
0 0 0.10178 0 0 0 0 0 0 0 0 0 0 -0.049845 0.0089986 0.088286 -0.0012928 0.011146 -0.001866 0 0
0 0 0.074815 0 0 0 0 0 0 0 0 0 0 -0.036638 0.0066143 0.064894 -0.00085292 0.0082139 -0.0013188 0 0
-0 -0 -0.041709 0 0 0 0 0 0 0 0 0 0 0.020425 -0.0036874 -0.036177 0.00023966 -0.0046171 0.00060591 0 0
0 0 0.12961 0 0 0 0 0 0 0 0 0 0 -0.06347 0.011458 0.11242 -0.0018197 0.014151 -0.0024698 0 0
0 0 0.24424 0 0 0 0 0 0 0 0 0 0 -0.11961 0.021593 0.21185 -0.0047639 0.026277 -0.0053679 0 0
0 0 0.30955 0 0 0 0 0 0 0 0 0 0 -0.15159 0.027367 0.2685 -0.0069867 0.032956 -0.0073036 0 0
-0 -0 -0.34002 0 0 0 0 0 0 0 0 0 0 0.16652 -0.030061 -0.29493 -0.0029704 -0.037654 0.0021609 0 0
-0 -0 -0.20696 0 0 0 0 0 0 0 0 0 0 0.10135 -0.018298 -0.17952 -0.0004761 -0.023 0.0020755 0 0
0 0 0.181 0 0 0 0 0 0 0 0 0 0 -0.08864 0.016002 0.157 -0.0029869 0.019644 -0.0036886 0 0
0 0 0.19647 0 0 0 0 0 0 0 0 0 0 -0.096216 0.01737 0.17042 -0.003387 0.02128 -0.0040813 0 0
-0 -0 -0.3216 0 0 0 0 0 0 0 0 0 0 0.15749 -0.028432 -0.27895 -0.0025244 -0.035644 0.0022078 0 0
0 0 0.216 0 0 0 0 0 0 0 0 0 0 -0.10578 0.019096 0.18735 -0.0039241 0.023333 -0.0045937 0 0
0 0 0.14782 0 0 0 0 0 0 0 0 0 0 -0.072392 0.013069 0.12822 -0.0022048 0.016108 -0.0028866 0 0
0 0 0.04226 0 0 0 0 0 0 0 0 0 0 -0.020695 0.0037361 0.036655 -0.0004152 0.0046525 -0.00070863 0 0
0 0 0.21075 0 0 0 0 0 0 0 0 0 0 -0.10321 0.018632 0.1828 -0.0037762 0.022782 -0.0044541 0 0
0 0 0.11224 0 0 0 0 0 0 0 0 0 0 -0.054967 0.0099233 0.097358 -0.0014822 0.012278 -0.0020883 0 0
0 0 0.18592 0 0 0 0 0 0 0 0 0 0 -0.09105 0.016437 0.16127 -0.0031117 0.020165 -0.0038122 0 0
0 0 0.18697 0 0 0 0 0 0 0 0 0 0 -0.091563 0.01653 0.16218 -0.0031386 0.020276 -0.0038387 0 0
-0 -0 -0.25039 0 0 0 0 0 0 0 0 0 0 0.12262 -0.022137 -0.21719 -0.0011038 -0.027812 0.0022116 0 0
0 0 0.11324 0 0 0 0 0 0 0 0 0 0 -0.055456 0.010012 0.098224 -0.0015009 0.012386 -0.0021099 0 0
0 0 0.16394 0 0 0 0 0 0 0 0 0 0 -0.080285 0.014494 0.1422 -0.0025717 0.01783 -0.0032693 0 0
0 0 0.27683 0 0 0 0 0 0 0 0 0 0 -0.13557 0.024474 0.24012 -0.0058243 0.029633 -0.0063087 0 0
0 0 0.029986 0 0 0 0 0 0 0 0 0 0 -0.014685 0.0026511 0.02601 -0.00027678 0.0033044 -0.00049307 0 0
-0 -0 -0.29729 0 0 0 0 0 0 0 0 0 0 0.14559 -0.026283 -0.25787 -0.0019851 -0.03298 0.0022408 0 0
0 0 0.1392 0 0 0 0 0 0 0 0 0 0 -0.068171 0.012307 0.12074 -0.0020187 0.015183 -0.0026873 0 0
-0 -0 -0.055765 0 0 0 0 0 0 0 0 0 0 0.027309 -0.0049301 -0.04837 0.00028227 -0.0061773 0.000789 0 0
-0 -0 -0.048983 0 0 0 0 0 0 0 0 0 0 0.023988 -0.0043306 -0.042488 0.00026412 -0.0054244 0.000702 0 0
0 0 0.29335 0 0 0 0 0 0 0 0 0 0 -0.14366 0.025935 0.25445 -0.006399 0.031316 -0.0068048 0 0
0 0 0.34734 0 0 0 0 0 0 0 0 0 0 -0.1701 0.030708 0.30128 -0.0084492 0.03673 -0.0085141 0 0
0 0 0.20042 0 0 0 0 0 0 0 0 0 0 -0.09815 0.017719 0.17384 -0.0034928 0.021696 -0.0041834 0 0
