0 0 0 0.075447 0 0 0 0 0 0 0 0.064245 -0.01251 0.037529 0 0
-0 -0 -0 0.025542 0 0 0 0 0 0 0 0.021749 -0.004235 0.012705 0 0
0 0 0 0.012777 0 0 0 0 0 0 0 0.01088 -0.0021186 0.0063557 0 0
0 0 0 0.1221 0 0 0 0 0 0 0 0.10397 -0.020244 0.060733 0 0
-0 -0 -0 0.13567 0 0 0 0 0 0 0 0.11553 -0.022495 0.067486 0 0
0 0 0 0.090152 0 0 0 0 0 0 0 0.076766 -0.014948 0.044843 0 0
-0 -0 -0 0.17997 0 0 0 0 0 0 0 0.15325 -0.02984 0.08952 0 0
-0 -0 -0 0.07732 0 0 0 0 0 0 0 0.06584 -0.01282 0.03846 0 0
0 0 0 0.070902 0 0 0 0 0 0 0 0.060375 -0.011756 0.035268 0 0
0 0 0 0.034735 0 0 0 0 0 0 0 0.029577 -0.0057592 0.017278 0 0
-0 -0 -0 0.13465 0 0 0 0 0 0 0 0.11466 -0.022326 0.066979 0 0
0 0 0 0.058446 0 0 0 0 0 0 0 0.049768 -0.0096907 0.029072 0 0
-0 -0 -0 0.007077 0 0 0 0 0 0 0 0.0060262 -0.0011734 0.0035202 0 0
-0 -0 -0 0.046483 0 0 0 0 0 0 0 0.039581 -0.0077072 0.023121 0 0
0 0 0 0.04756 0 0 0 0 0 0 0 0.040499 -0.0078858 0.023657 0 0
0 0 0 0.1309 0 0 0 0 0 0 0 0.11146 -0.021703 0.06511 0 0
0 0 0 0.17828 0 0 0 0 0 0 0 0.15181 -0.02956 0.08868 0 0
-0 -0 -0 0.028036 0 0 0 0 0 0 0 0.023873 -0.0046486 0.013946 0 0
-0 -0 -0 0.09008 0 0 0 0 0 0 0 0.076705 -0.014936 0.044808 0 0
0 0 0 0.0062275 0 0 0 0 0 0 0 0.0053028 -0.0010325 0.0030976 0 0
-0 -0 -0 0.092058 0 0 0 0 0 0 0 0.078389 -0.015264 0.045791 0 0
0 0 0 0.18762 0 0 0 0 0 0 0 0.15976 -0.031109 0.093326 0 0
0 0 0 0.033933 0 0 0 0 0 0 0 0.028895 -0.0056264 0.016879 0 0
-0 -0 -0 0.12192 0 0 0 0 0 0 0 0.10382 -0.020215 0.060646 0 0
-0 -0 -0 0.072898 0 0 0 0 0 0 0 0.062074 -0.012087 0.036261 0 0
0 0 0 0.038313 0 0 0 0 0 0 0 0.032624 -0.0063525 0.019058 0 0
0 0 0 0.14334 0 0 0 0 0 0 0 0.12205 -0.023766 0.071298 0 0
-0 -0 -0 0.15593 0 0 0 0 0 0 0 0.13278 -0.025854 0.077561 0 0
-0 -0 -0 0.18743 0 0 0 0 0 0 0 0.1596 -0.031077 0.09323 0 0
-0 -0 -0 0.17164 0 0 0 0 0 0 0 0.14615 -0.028459 0.085376 0 0
0 0 0 0.070315 0 0 0 0 0 0 0 0.059874 -0.011659 0.034976 0 0
0 0 0 0.12777 0 0 0 0 0 0 0 0.1088 -0.021185 0.063554 0 0
0 0 0 0.097229 0 0 0 0 0 0 0 0.082792 -0.016121 0.048364 0 0
-0 -0 -0 0.010378 0 0 0 0 0 0 0 0.0088368 -0.0017207 0.0051621 0 0
-0 -0 -0 0.068976 0 0 0 0 0 0 0 0.058735 -0.011437 0.03431 0 0
-0 -0 -0 0.13164 0 0 0 0 0 0 0 0.11209 -0.021827 0.06548 0 0
0 0 0 0.032436 0 0 0 0 0 0 0 0.027619 -0.005378 0.016134 0 0
0 0 0 0.15705 0 0 0 0 0 0 0 0.13373 -0.02604 0.078121 0 0
-0 -0 -0 0.13639 0 0 0 0 0 0 0 0.11614 -0.022614 0.067843 0 0
-0 -0 -0 0.083938 0 0 0 0 0 0 0 0.071475 -0.013917 0.041752 0 0
-0 -0 -0 0.069341 0 0 0 0 0 0 0 0.059045 -0.011497 0.034492 0 0
-0 -0 -0 0.13688 0 0 0 0 0 0 0 0.11656 -0.022696 0.068087 0 0
-0 -0 -0 0.042638 0 0 0 0 0 0 0 0.036307 -0.0070696 0.021209 0 0
0 0 0 0.06431 0 0 0 0 0 0 0 0.054761 -0.010663 0.031989 0 0
-0 -0 -0 0.10307 0 0 0 0 0 0 0 0.08777 -0.01709 0.051271 0 0
0 0 0 0.067915 0 0 0 0 0 0 0 0.057831 -0.011261 0.033782 0 0
-0 -0 -0 0.14357 0 0 0 0 0 0 0 0.12225 -0.023804 0.071413 0 0
-0 -0 -0 0.11619 0 0 0 0 0 0 0 0.098937 -0.019265 0.057794 0 0
-0 -0 -0 0.17267 0 0 0 0 0 0 0 0.14703 -0.02863 0.085889 0 0
0 0 0 0.15753 0 0 0 0 0 0 0 0.13414 -0.02612 0.078359 0 0
0 0 0 0.15703 0 0 0 0 0 0 0 0.13372 -0.026037 0.078111 0 0
-0 -0 -0 0.038862 0 0 0 0 0 0 0 0.033091 -0.0064435 0.01933 0 0
-0 -0 -0 0.08219 0 0 0 0 0 0 0 0.069986 -0.013628 0.040883 0 0
0 0 0 0.098602 0 0 0 0 0 0 0 0.083962 -0.016349 0.049047 0 0
0 0 0 0.046496 0 0 0 0 0 0 0 0.039592 -0.0077093 0.023128 0 0
-0 -0 -0 0.15761 0 0 0 0 0 0 0 0.13421 -0.026133 0.0784 0 0
-0 -0 -0 0.1496 0 0 0 0 0 0 0 0.12739 -0.024805 0.074415 0 0
0 0 0 0.090659 0 0 0 0 0 0 0 0.077198 -0.015032 0.045095 0 0
0 0 0 0.13171 0 0 0 0 0 0 0 0.11215 -0.021838 0.065514 0 0
-0 -0 -0 0.15603 0 0 0 0 0 0 0 0.13286 -0.02587 0.077611 0 0
0 0 0 0.087451 0 0 0 0 0 0 0 0.074466 -0.0145 0.0435 0 0
0 0 0 0.028959 0 0 0 0 0 0 0 0.024659 -0.0048016 0.014405 0 0
0 0 0 0.079718 0 0 0 0 0 0 0 0.067881 -0.013218 0.039653 0 0
0 0 0 0.016456 0 0 0 0 0 0 0 0.014013 -0.0027285 0.0081855 0 0
0 0 0 0.00082724 0 0 0 0 0 0 0 0.00070441 -0.00013716 0.00041148 0 0
0 0 0 0.012231 0 0 0 0 0 0 0 0.010415 -0.002028 0.0060841 0 0
0 0 0 0.069145 0 0 0 0 0 0 0 0.058878 -0.011465 0.034394 0 0
0 0 0 0.024805 0 0 0 0 0 0 0 0.021122 -0.0041128 0.012339 0 0
-0 -0 -0 0.02618 0 0 0 0 0 0 0 0.022293 -0.0043408 0.013022 0 0
0 0 0 0.069711 0 0 0 0 0 0 0 0.05936 -0.011558 0.034675 0 0
-0 -0 -0 0.11882 0 0 0 0 0 0 0 0.10118 -0.019701 0.059102 0 0
0 0 0 0.18661 0 0 0 0 0 0 0 0.1589 -0.030941 0.092823 0 0
-0 -0 -0 0.19102 0 0 0 0 0 0 0 0.16266 -0.031672 0.095016 0 0
-0 -0 -0 0.065025 0 0 0 0 0 0 0 0.05537 -0.010782 0.032345 0 0
-0 -0 -0 0.0030539 0 0 0 0 0 0 0 0.0026005 -0.00050636 0.0015191 0 0
-0 -0 -0 0.17601 0 0 0 0 0 0 0 0.14988 -0.029183 0.08755 0 0
-0 -0 -0 0.027696 0 0 0 0 0 0 0 0.023584 -0.0045922 0.013777 0 0
0 0 0 0.02865 0 0 0 0 0 0 0 0.024396 -0.0047503 0.014251 0 0
-0 -0 -0 0.05926 0 0 0 0 0 0 0 0.050461 -0.0098257 0.029477 0 0
-0 -0 -0 0.011876 0 0 0 0 0 0 0 0.010113 -0.0019691 0.0059073 0 0
-0 -0 -0 0.084767 0 0 0 0 0 0 0 0.072181 -0.014055 0.042165 0 0
-0 -0 -0 0.06837 0 0 0 0 0 0 0 0.058218 -0.011336 0.034008 0 0
0 0 0 0.091075 0 0 0 0 0 0 0 0.077552 -0.015101 0.045302 0 0
0 0 0 0.005341 0 0 0 0 0 0 0 0.0045479 -0.00088556 0.0026567 0 0
-0 -0 -0 0.1511 0 0 0 0 0 0 0 0.12867 -0.025054 0.075162 0 0
0 0 0 0.14343 0 0 0 0 0 0 0 0.12213 -0.023782 0.071345 0 0
0 0 0 0.021194 0 0 0 0 0 0 0 0.018047 -0.003514 0.010542 0 0
-0 -0 -0 0.011637 0 0 0 0 0 0 0 0.0099092 -0.0019295 0.0057885 0 0
0 0 0 0.10876 0 0 0 0 0 0 0 0.092609 -0.018033 0.054098 0 0
-0 -0 -0 0.17989 0 0 0 0 0 0 0 0.15318 -0.029826 0.089479 0 0
0 0 0 0.041284 0 0 0 0 0 0 0 0.035154 -0.0068452 0.020536 0 0
-0 -0 -0 0.10252 0 0 0 0 0 0 0 0.087296 -0.016998 0.050994 0 0
0 0 0 0.050268 0 0 0 0 0 0 0 0.042804 -0.0083348 0.025004 0 0
0 0 0 0.075301 0 0 0 0 0 0 0 0.064121 -0.012485 0.037456 0 0
-0 -0 -0 0.0047638 0 0 0 0 0 0 0 0.0040565 -0.00078986 0.0023696 0 0
0 0 0 0.099495 0 0 0 0 0 0 0 0.084722 -0.016497 0.049491 0 0
0 0 0 0.070963 0 0 0 0 0 0 0 0.060426 -0.011766 0.035298 0 0
0 0 0 0.16161 0 0 0 0 0 0 0 0.13761 -0.026795 0.080386 0 0
0 0 0 0.030452 0 0 0 0 0 0 0 0.025931 -0.0050492 0.015148 0 0
-0 -0 -0 0.1093 0 0 0 0 0 0 0 0.093071 -0.018123 0.054368 0 0
