0 0 0 0.18602 0 0 0 0 0 0 0 0.1611 0 0.093011 0 0
-0 -0 -0 0.0031956 0 0 0 0 0 0 0 0.0027675 0 0.0015978 0 0
0 0 0 0.1797 0 0 0 0 0 0 0 0.15563 0 0.089852 0 0
-0 -0 -0 0.065076 0 0 0 0 0 0 0 0.056357 0 0.032538 0 0
-0 -0 -0 0.14544 0 0 0 0 0 0 0 0.12595 0 0.072719 0 0
0 0 0 0.029112 0 0 0 0 0 0 0 0.025212 0 0.014556 0 0
-0 -0 -0 0.11747 0 0 0 0 0 0 0 0.10173 0 0.058734 0 0
-0 -0 -0 0.093661 0 0 0 0 0 0 0 0.081113 0 0.04683 0 0
0 0 0 0.071918 0 0 0 0 0 0 0 0.062283 0 0.035959 0 0
-0 -0 -0 0.151 0 0 0 0 0 0 0 0.13077 0 0.075498 0 0
0 0 0 0.13858 0 0 0 0 0 0 0 0.12002 0 0.069292 0 0
0 0 0 0.19891 0 0 0 0 0 0 0 0.17226 0 0.099455 0 0
-0 -0 -0 0.1525 0 0 0 0 0 0 0 0.13207 0 0.076248 0 0
0 0 0 0.024603 0 0 0 0 0 0 0 0.021307 0 0.012302 0 0
0 0 0 0.060657 0 0 0 0 0 0 0 0.05253 0 0.030328 0 0
-0 -0 -0 0.11333 0 0 0 0 0 0 0 0.098143 0 0.056663 0 0
0 0 0 0.16551 0 0 0 0 0 0 0 0.14334 0 0.082755 0 0
-0 -0 -0 0.15559 0 0 0 0 0 0 0 0.13475 0 0.077797 0 0
-0 -0 -0 0.038276 0 0 0 0 0 0 0 0.033148 0 0.019138 0 0
-0 -0 -0 0.083633 0 0 0 0 0 0 0 0.072429 0 0.041817 0 0
0 0 0 0.15679 0 0 0 0 0 0 0 0.13578 0 0.078395 0 0
0 0 0 0.10451 0 0 0 0 0 0 0 0.090512 0 0.052257 0 0
0 0 0 0.0965 0 0 0 0 0 0 0 0.083572 0 0.04825 0 0
0 0 0 0.17784 0 0 0 0 0 0 0 0.15401 0 0.08892 0 0
-0 -0 -0 0.17044 0 0 0 0 0 0 0 0.1476 0 0.085219 0 0
0 0 0 0.018499 0 0 0 0 0 0 0 0.01602 0 0.0092493 0 0
0 0 0 0.19747 0 0 0 0 0 0 0 0.17101 0 0.098735 0 0
-0 -0 -0 0.18858 0 0 0 0 0 0 0 0.16331 0 0.094288 0 0
0 0 0 0.082976 0 0 0 0 0 0 0 0.071859 0 0.041488 0 0
0 0 0 0.064739 0 0 0 0 0 0 0 0.056066 0 0.03237 0 0
-0 -0 -0 0.020039 0 0 0 0 0 0 0 0.017354 0 0.010019 0 0
0 0 0 0.11294 0 0 0 0 0 0 0 0.097807 0 0.056469 0 0
0 0 0 0.0066797 0 0 0 0 0 0 0 0.0057848 0 0.0033399 0 0
-0 -0 -0 0.1566 0 0 0 0 0 0 0 0.13562 0 0.0783 0 0
0 0 0 0.088984 0 0 0 0 0 0 0 0.077062 0 0.044492 0 0
-0 -0 -0 0.17934 0 0 0 0 0 0 0 0.15532 0 0.089672 0 0
-0 -0 -0 0.033244 0 0 0 0 0 0 0 0.02879 0 0.016622 0 0
0 0 0 0.079125 0 0 0 0 0 0 0 0.068525 0 0.039563 0 0
-0 -0 -0 0.096059 0 0 0 0 0 0 0 0.08319 0 0.04803 0 0
0 0 0 0.077745 0 0 0 0 0 0 0 0.067329 0 0.038873 0 0
-0 -0 -0 0.057584 0 0 0 0 0 0 0 0.049869 0 0.028792 0 0
0 0 0 0.09686 0 0 0 0 0 0 0 0.083883 0 0.04843 0 0
-0 -0 -0 0.18212 0 0 0 0 0 0 0 0.15772 0 0.091061 0 0
-0 -0 -0 0.096959 0 0 0 0 0 0 0 0.083969 0 0.048479 0 0
-0 -0 -0 0.042714 0 0 0 0 0 0 0 0.036991 0 0.021357 0 0
0 0 0 0.0491 0 0 0 0 0 0 0 0.042522 0 0.02455 0 0
-0 -0 -0 0.19525 0 0 0 0 0 0 0 0.16909 0 0.097625 0 0
-0 -0 -0 0.10589 0 0 0 0 0 0 0 0.091699 0 0.052943 0 0
0 0 0 0.15473 0 0 0 0 0 0 0 0.134 0 0.077367 0 0
-0 -0 -0 0.089774 0 0 0 0 0 0 0 0.077747 0 0.044887 0 0
0 0 0 0.13895 0 0 0 0 0 0 0 0.12033 0 0.069475 0 0
0 0 0 0.093224 0 0 0 0 0 0 0 0.080734 0 0.046612 0 0
0 0 0 0.19427 0 0 0 0 0 0 0 0.16824 0 0.097133 0 0
0 0 0 0.059162 0 0 0 0 0 0 0 0.051235 0 0.029581 0 0
-0 -0 -0 0.013721 0 0 0 0 0 0 0 0.011883 0 0.0068605 0 0
-0 -0 -0 0.012872 0 0 0 0 0 0 0 0.011147 0 0.0064358 0 0
-0 -0 -0 0.11875 0 0 0 0 0 0 0 0.10284 0 0.059374 0 0
0 0 0 0.037269 0 0 0 0 0 0 0 0.032276 0 0.018634 0 0
-0 -0 -0 0.1063 0 0 0 0 0 0 0 0.092056 0 0.053148 0 0
0 0 0 0.089013 0 0 0 0 0 0 0 0.077088 0 0.044507 0 0
-0 -0 -0 0.069814 0 0 0 0 0 0 0 0.06046 0 0.034907 0 0
0 0 0 0.15052 0 0 0 0 0 0 0 0.13035 0 0.075259 0 0
-0 -0 -0 0.0072397 0 0 0 0 0 0 0 0.0062698 0 0.0036198 0 0
0 0 0 0.18927 0 0 0 0 0 0 0 0.16391 0 0.094635 0 0
0 0 0 0.19431 0 0 0 0 0 0 0 0.16828 0 0.097156 0 0
0 0 0 0.075068 0 0 0 0 0 0 0 0.065011 0 0.037534 0 0
-0 -0 -0 0.0099098 0 0 0 0 0 0 0 0.0085821 0 0.0049549 0 0
0 0 0 0.11075 0 0 0 0 0 0 0 0.095913 0 0.055376 0 0
0 0 0 0.15956 0 0 0 0 0 0 0 0.13819 0 0.079782 0 0
0 0 0 0.12564 0 0 0 0 0 0 0 0.10881 0 0.062822 0 0
0 0 0 0.17171 0 0 0 0 0 0 0 0.14871 0 0.085855 0 0
-0 -0 -0 0.10212 0 0 0 0 0 0 0 0.088441 0 0.051062 0 0
-0 -0 -0 0.096061 0 0 0 0 0 0 0 0.083192 0 0.048031 0 0
-0 -0 -0 0.015523 0 0 0 0 0 0 0 0.013443 0 0.0077616 0 0
0 0 0 0.19982 0 0 0 0 0 0 0 0.17305 0 0.099909 0 0
0 0 0 0.12209 0 0 0 0 0 0 0 0.10573 0 0.061043 0 0
0 0 0 0.15129 0 0 0 0 0 0 0 0.13102 0 0.075647 0 0
-0 -0 -0 0.1313 0 0 0 0 0 0 0 0.11371 0 0.06565 0 0
-0 -0 -0 0.016103 0 0 0 0 0 0 0 0.013946 0 0.0080515 0 0
0 0 0 0.1386 0 0 0 0 0 0 0 0.12003 0 0.069298 0 0
-0 -0 -0 0.053154 0 0 0 0 0 0 0 0.046033 0 0.026577 0 0
0 0 0 0.18722 0 0 0 0 0 0 0 0.16214 0 0.09361 0 0
-0 -0 -0 0.10698 0 0 0 0 0 0 0 0.09265 0 0.053491 0 0
0 0 0 0.15565 0 0 0 0 0 0 0 0.1348 0 0.077827 0 0
-0 -0 -0 0.0071939 0 0 0 0 0 0 0 0.0062301 0 0.0035969 0 0
0 0 0 0.12595 0 0 0 0 0 0 0 0.10908 0 0.062977 0 0
0 0 0 0.075204 0 0 0 0 0 0 0 0.065128 0 0.037602 0 0
0 0 0 0.011092 0 0 0 0 0 0 0 0.0096063 0 0.0055462 0 0
0 0 0 0.098225 0 0 0 0 0 0 0 0.085066 0 0.049113 0 0
-0 -0 -0 0.0072429 0 0 0 0 0 0 0 0.0062725 0 0.0036214 0 0
0 0 0 0.098616 0 0 0 0 0 0 0 0.085404 0 0.049308 0 0
-0 -0 -0 0.17418 0 0 0 0 0 0 0 0.15085 0 0.087091 0 0
0 0 0 0.092881 0 0 0 0 0 0 0 0.080437 0 0.04644 0 0
-0 -0 -0 0.064559 0 0 0 0 0 0 0 0.05591 0 0.03228 0 0
-0 -0 -0 0.10029 0 0 0 0 0 0 0 0.086852 0 0.050144 0 0
-0 -0 -0 0.19883 0 0 0 0 0 0 0 0.1722 0 0.099417 0 0
-0 -0 -0 0.020588 0 0 0 0 0 0 0 0.01783 0 0.010294 0 0
0 0 0 0.040728 0 0 0 0 0 0 0 0.035272 0 0.020364 0 0
0 0 0 0.1564 0 0 0 0 0 0 0 0.13545 0 0.078201 0 0
0 0 0 0.1984 0 0 0 0 0 0 0 0.17182 0 0.099198 0 0
