0 0 0.22142 0 0 0 0 0 0 0 0 0 0 -0.10563 0.02899 0.19243 -1.3138e-05 0.024428 -0.0036874 0 0
-0 -0 -0.084322 0 0 0 0 0 0 0 0 0 0 0.040225 -0.01104 -0.073282 -0.0012564 -0.0093132 0.00071343 0 0
-0 -0 -0.041566 0 0 0 0 0 0 0 0 0 0 0.019829 -0.0054422 -0.036124 -0.00053303 -0.0045989 0.00040024 0 0
0 0 0.24283 0 0 0 0 0 0 0 0 0 0 -0.11584 0.031793 0.21104 -0.00026922 0.026757 -0.0041788 0 0
-0 -0 -0.14324 0 0 0 0 0 0 0 0 0 0 0.06833 -0.018753 -0.12448 -0.0025414 -0.015767 0.0009803 0 0
0 0 0.21419 0 0 0 0 0 0 0 0 0 0 -0.10218 0.028044 0.18615 6.3182e-05 0.02364 -0.0035268 0 0
0 0 0.063882 0 0 0 0 0 0 0 0 0 0 -0.030475 0.0083639 0.055518 0.00049006 0.0070794 -0.00079753 0 0
-0 -0 -0.2098 0 0 0 0 0 0 0 0 0 0 0.10009 -0.027469 -0.18234 -0.0043904 -0.022974 0.0010512 0 0
-0 -0 -0.10584 0 0 0 0 0 0 0 0 0 0 0.050493 -0.013858 -0.091987 -0.0016873 -0.011678 0.0008331 0 0
-0 -0 -0.25533 0 0 0 0 0 0 0 0 0 0 0.1218 -0.03343 -0.2219 -0.0058934 -0.027836 0.00095864 0 0
-0 -0 -0.046209 0 0 0 0 0 0 0 0 0 0 0.022044 -0.00605 -0.040159 -0.000603 -0.0051117 0.00043909 0 0
-0 -0 -0.14264 0 0 0 0 0 0 0 0 0 0 0.068045 -0.018675 -0.12396 -0.0025267 -0.015702 0.00097856 0 0
-0 -0 -0.054543 0 0 0 0 0 0 0 0 0 0 0.02602 -0.0071412 -0.047402 -0.00073386 -0.0060319 0.00050589 0 0
0 0 0.16892 0 0 0 0 0 0 0 0 0 0 -0.080581 0.022116 0.1468 0.00042512 0.018681 -0.002581 0 0
0 0 0.20212 0 0 0 0 0 0 0 0 0 0 -0.096422 0.026464 0.17566 0.00017929 0.022322 -0.0032644 0 0
0 0 0.32458 0 0 0 0 0 0 0 0 0 0 -0.15484 0.042496 0.28208 -0.0016563 0.035544 -0.0062639 0 0
0 0 0.078387 0 0 0 0 0 0 0 0 0 0 -0.037394 0.010263 0.068124 0.00054559 0.0086863 -0.0010091 0 0
0 0 0.046013 0 0 0 0 0 0 0 0 0 0 -0.02195 0.0060244 0.039989 0.00039327 0.0050991 -0.00055232 0 0
-0 -0 -0.2139 0 0 0 0 0 0 0 0 0 0 0.10204 -0.028006 -0.1859 -0.0045178 -0.023415 0.0010476 0 0
-0 -0 -0.087819 0 0 0 0 0 0 0 0 0 0 0.041894 -0.011498 -0.076321 -0.0013234 -0.0096979 0.00073461 0 0
0 0 0.05988 0 0 0 0 0 0 0 0 0 0 -0.028565 0.0078399 0.05204 0.0004711 0.0066359 -0.00074112 0 0
-0 -0 -0.019024 0 0 0 0 0 0 0 0 0 0 0.0090753 -0.0024908 -0.016533 -0.00022307 -0.0021062 0.00019486 0 0
0 0 0.34211 0 0 0 0 0 0 0 0 0 0 -0.1632 0.044791 0.29732 -0.0020376 0.037403 -0.0067534 0 0
0 0 0.34185 0 0 0 0 0 0 0 0 0 0 -0.16308 0.044758 0.29709 -0.0020318 0.037376 -0.0067461 0 0
0 0 0.095383 0 0 0 0 0 0 0 0 0 0 -0.045502 0.012488 0.082895 0.00058436 0.010568 -0.0012713 0 0
0 0 0.16908 0 0 0 0 0 0 0 0 0 0 -0.08066 0.022138 0.14695 0.00042416 0.018699 -0.0025842 0 0
0 0 0.18373 0 0 0 0 0 0 0 0 0 0 -0.087647 0.024055 0.15967 0.00032881 0.020307 -0.0028788 0 0
-0 -0 -0.28991 0 0 0 0 0 0 0 0 0 0 0.1383 -0.037957 -0.25195 -0.0071622 -0.031485 0.00081185 0 0
-0 -0 -0.063865 0 0 0 0 0 0 0 0 0 0 0.030466 -0.0083616 -0.055503 -0.0008882 -0.0070601 0.00057608 0 0
-0 -0 -0.2837 0 0 0 0 0 0 0 0 0 0 0.13534 -0.037144 -0.24656 -0.0069263 -0.030833 0.00084307 0 0
-0 -0 -0.31356 0 0 0 0 0 0 0 0 0 0 0.14958 -0.041053 -0.2725 -0.0080924 -0.033956 0.00067354 0 0
-0 -0 -0.16776 0 0 0 0 0 0 0 0 0 0 0.08003 -0.021965 -0.1458 -0.0031741 -0.018435 0.0010349 0 0
-0 -0 -0.26836 0 0 0 0 0 0 0 0 0 0 0.12802 -0.035135 -0.23322 -0.0063586 -0.029216 0.00091108 0 0
-0 -0 -0.34837 0 0 0 0 0 0 0 0 0 0 0.16619 -0.045612 -0.30276 -0.0095527 -0.037554 0.00041406 0 0
0 0 0.32446 0 0 0 0 0 0 0 0 0 0 -0.15478 0.042481 0.28198 -0.0016538 0.035531 -0.0062607 0 0
0 0 0.3345 0 0 0 0 0 0 0 0 0 0 -0.15957 0.043796 0.29071 -0.0018686 0.036598 -0.0065392 0 0
-0 -0 -0.20502 0 0 0 0 0 0 0 0 0 0 0.097806 -0.026843 -0.17818 -0.0042437 -0.022461 0.0010543 0 0
0 0 0.23118 0 0 0 0 0 0 0 0 0 0 -0.11028 0.030268 0.20091 -0.00012431 0.025491 -0.0039085 0 0
0 0 0.082813 0 0 0 0 0 0 0 0 0 0 -0.039506 0.010843 0.071971 0.00055842 0.0091765 -0.0010759 0 0
-0 -0 -0.16435 0 0 0 0 0 0 0 0 0 0 0.0784 -0.021517 -0.14283 -0.0030825 -0.018064 0.0010293 0 0
-0 -0 -0.25529 0 0 0 0 0 0 0 0 0 0 0.12179 -0.033425 -0.22187 -0.0058921 -0.027832 0.00095876 0 0
0 0 0.23514 0 0 0 0 0 0 0 0 0 0 -0.11217 0.030787 0.20436 -0.00017212 0.025922 -0.0039997 0 0
-0 -0 -0.097448 0 0 0 0 0 0 0 0 0 0 0.046487 -0.012759 -0.08469 -0.0015139 -0.010756 0.00078945 0 0
-0 -0 -0.066692 0 0 0 0 0 0 0 0 0 0 0.031815 -0.0087319 -0.05796 -0.00093668 -0.0073719 0.00059644 0 0
0 0 0.18894 0 0 0 0 0 0 0 0 0 0 -0.090133 0.024738 0.1642 0.00028981 0.020878 -0.0029863 0 0
0 0 0.20572 0 0 0 0 0 0 0 0 0 0 -0.098136 0.026934 0.17878 0.00014622 0.022714 -0.0033417 0 0
-0 -0 -0.071719 0 0 0 0 0 0 0 0 0 0 0.034213 -0.00939 -0.062329 -0.0010248 -0.0079258 0.00063153 0 0
0 0 0.01363 0 0 0 0 0 0 0 0 0 0 -0.0065021 0.0017845 0.011845 0.00013809 0.00151 -0.00015168 0 0
-0 -0 -0.24918 0 0 0 0 0 0 0 0 0 0 0.11887 -0.032624 -0.21655 -0.005679 -0.027183 0.00097785 0 0
0 0 0.22706 0 0 0 0 0 0 0 0 0 0 -0.10832 0.029728 0.19733 -7.6208e-05 0.025042 -0.0038145 0 0
0 0 0.31444 0 0 0 0 0 0 0 0 0 0 -0.15 0.041169 0.27327 -0.0014493 0.034465 -0.0059878 0 0
-0 -0 -0.15507 0 0 0 0 0 0 0 0 0 0 0.073975 -0.020303 -0.13477 -0.0028395 -0.017056 0.0010108 0 0
0 0 0.22637 0 0 0 0 0 0 0 0 0 0 -0.10799 0.029638 0.19673 -6.8363e-05 0.024967 -0.0037989 0 0
0 0 0.083022 0 0 0 0 0 0 0 0 0 0 -0.039605 0.01087 0.072152 0.00055898 0.0091996 -0.0010791 0 0
0 0 0.022251 0 0 0 0 0 0 0 0 0 0 -0.010615 0.0029133 0.019338 0.00021605 0.0024654 -0.00025282 0 0
0 0 0.21772 0 0 0 0 0 0 0 0 0 0 -0.10386 0.028506 0.18922 2.6548e-05 0.024025 -0.0036049 0 0
-0 -0 -0.22896 0 0 0 0 0 0 0 0 0 0 0.10923 -0.029978 -0.19899 -0.0049995 -0.025028 0.0010262 0 0
-0 -0 -0.20721 0 0 0 0 0 0 0 0 0 0 0.09885 -0.02713 -0.18008 -0.0043106 -0.022696 0.001053 0 0
0 0 0.058308 0 0 0 0 0 0 0 0 0 0 -0.027816 0.0076342 0.050674 0.00046323 0.0064617 -0.0007192 0 0
-0 -0 -0.081047 0 0 0 0 0 0 0 0 0 0 0.038663 -0.010611 -0.070436 -0.0011947 -0.008953 0.00069299 0 0
-0 -0 -0.21813 0 0 0 0 0 0 0 0 0 0 0.10406 -0.02856 -0.18957 -0.004651 -0.023869 0.0010428 0 0
-0 -0 -0.10406 0 0 0 0 0 0 0 0 0 0 0.049639 -0.013624 -0.090432 -0.0016498 -0.011481 0.00082413 0 0
-0 -0 -0.13177 0 0 0 0 0 0 0 0 0 0 0.062859 -0.017252 -0.11452 -0.0022653 -0.014515 0.00094336 0 0
0 0 0.23151 0 0 0 0 0 0 0 0 0 0 -0.11044 0.030311 0.2012 -0.00012826 0.025527 -0.0039161 0 0
0 0 0.12896 0 0 0 0 0 0 0 0 0 0 -0.061521 0.016885 0.11208 0.00057754 0.01428 -0.0018342 0 0
-0 -0 -0.069649 0 0 0 0 0 0 0 0 0 0 0.033226 -0.009119 -0.06053 -0.0009882 -0.0076978 0.00061725 0 0
0 0 0.21817 0 0 0 0 0 0 0 0 0 0 -0.10408 0.028564 0.18961 2.1816e-05 0.024074 -0.0036148 0 0
0 0 0.061723 0 0 0 0 0 0 0 0 0 0 -0.029445 0.0080813 0.053642 0.00048003 0.0068402 -0.00076699 0 0
-0 -0 -0.27582 0 0 0 0 0 0 0 0 0 0 0.13158 -0.036113 -0.23971 -0.0066321 -0.030003 0.00087962 0 0
0 0 0.006994 0 0 0 0 0 0 0 0 0 0 -0.0033364 0.0009157 0.0060782 7.3126e-05 0.00077474 -7.6577e-05 0 0
0 0 0.052729 0 0 0 0 0 0 0 0 0 0 -0.025154 0.0069036 0.045825 0.00043332 0.0058434 -0.00064247 0 0
-0 -0 -0.09404 0 0 0 0 0 0 0 0 0 0 0.044861 -0.012312 -0.081727 -0.0014454 -0.010382 0.00077062 0 0
-0 -0 -0.092069 0 0 0 0 0 0 0 0 0 0 0.043921 -0.012054 -0.080015 -0.0014063 -0.010165 0.00075944 0 0
-0 -0 -0.053214 0 0 0 0 0 0 0 0 0 0 0.025385 -0.0069672 -0.046247 -0.00071254 -0.0058852 0.00049549 0 0
0 0 0.080469 0 0 0 0 0 0 0 0 0 0 -0.038387 0.010536 0.069934 0.00055187 0.0089169 -0.0010404 0 0
0 0 0.2451 0 0 0 0 0 0 0 0 0 0 -0.11693 0.032091 0.21301 -0.00029902 0.027004 -0.0042323 0 0
-0 -0 -0.07792 0 0 0 0 0 0 0 0 0 0 0.037171 -0.010202 -0.067718 -0.0011368 -0.0086088 0.00067292 0 0
-0 -0 -0.022876 0 0 0 0 0 0 0 0 0 0 0.010913 -0.0029951 -0.019881 -0.00027252 -0.0025324 0.00023191 0 0
-0 -0 -0.009817 0 0 0 0 0 0 0 0 0 0 0.0046832 -0.0012853 -0.0085317 -0.0001107 -0.0010871 0.00010301 0 0
-0 -0 -0.23318 0 0 0 0 0 0 0 0 0 0 0.11124 -0.03053 -0.20265 -0.0051381 -0.025478 0.001018 0 0
0 0 0.038102 0 0 0 0 0 0 0 0 0 0 -0.018176 0.0049886 0.033114 0.00034041 0.0042222 -0.00044923 0 0
-0 -0 -0.13868 0 0 0 0 0 0 0 0 0 0 0.066157 -0.018157 -0.12052 -0.0024302 -0.01527 0.0009665 0 0
-0 -0 -0.15323 0 0 0 0 0 0 0 0 0 0 0.0731 -0.020063 -0.13317 -0.0027924 -0.016856 0.0010066 0 0
0 0 0.034172 0 0 0 0 0 0 0 0 0 0 -0.016302 0.0044741 0.029698 0.00031187 0.0037866 -0.00039927 0 0
0 0 0.30793 0 0 0 0 0 0 0 0 0 0 -0.14689 0.040316 0.26761 -0.0013214 0.033769 -0.0058127 0 0
0 0 0.17681 0 0 0 0 0 0 0 0 0 0 -0.084348 0.02315 0.15366 0.00037645 0.019548 -0.0027384 0 0
0 0 0.15747 0 0 0 0 0 0 0 0 0 0 -0.075118 0.020617 0.13685 0.00048483 0.017421 -0.0023584 0 0
-0 -0 -0.33327 0 0 0 0 0 0 0 0 0 0 0.15898 -0.043634 -0.28963 -0.0089059 -0.035999 0.0005348 0 0
0 0 0.34486 0 0 0 0 0 0 0 0 0 0 -0.16451 0.045152 0.29971 -0.0021002 0.037694 -0.0068315 0 0
-0 -0 -0.028477 0 0 0 0 0 0 0 0 0 0 0.013585 -0.0037284 -0.024749 -0.00034703 -0.0031519 0.00028436 0 0
-0 -0 -0.092659 0 0 0 0 0 0 0 0 0 0 0.044202 -0.012132 -0.080527 -0.001418 -0.01023 0.00076281 0 0
-0 -0 -0.19059 0 0 0 0 0 0 0 0 0 0 0.090921 -0.024954 -0.16564 -0.003814 -0.020905 0.0010559 0 0
-0 -0 -0.15743 0 0 0 0 0 0 0 0 0 0 0.075099 -0.020611 -0.13681 -0.0029005 -0.017312 0.001016 0 0
0 0 0.22423 0 0 0 0 0 0 0 0 0 0 -0.10697 0.029358 0.19487 -4.4191e-05 0.024734 -0.0037505 0 0
-0 -0 -0.067569 0 0 0 0 0 0 0 0 0 0 0.032233 -0.0088467 -0.058722 -0.00095187 -0.0074685 0.00060266 0 0
-0 -0 -0.23635 0 0 0 0 0 0 0 0 0 0 0.11275 -0.030945 -0.20541 -0.0052436 -0.025817 0.0010112 0 0
-0 -0 -0.054709 0 0 0 0 0 0 0 0 0 0 0.026099 -0.0071629 -0.047546 -0.00073654 -0.0060502 0.00050718 0 0
-0 -0 -0.14616 0 0 0 0 0 0 0 0 0 0 0.069726 -0.019137 -0.12703 -0.0026139 -0.016086 0.00098857 0 0
0 0 0.26192 0 0 0 0 0 0 0 0 0 0 -0.12495 0.034292 0.22763 -0.00053515 0.028824 -0.0046362 0 0
-0 -0 -0.32443 0 0 0 0 0 0 0 0 0 0 0.15477 -0.042477 -0.28195 -0.0085368 -0.035085 0.00059966 0 0
