0 0 0 0.17047 0 0 0 0 0 0 0 0.14516 -0.028264 0.084793 0 0
-0 -0 -0 0.17884 0 0 0 0 0 0 0 0.15229 -0.029653 0.088959 0 0
0 0 0 0.19448 0 0 0 0 0 0 0 0.16561 -0.032247 0.09674 0 0
-0 -0 -0 0.032808 0 0 0 0 0 0 0 0.027936 -0.0054397 0.016319 0 0
-0 -0 -0 0.040983 0 0 0 0 0 0 0 0.034898 -0.0067952 0.020386 0 0
0 0 0 0.13776 0 0 0 0 0 0 0 0.11731 -0.022841 0.068524 0 0
-0 -0 -0 0.00039696 0 0 0 0 0 0 0 0.00033802 -6.5818e-05 0.00019745 0 0
0 0 0 0.011168 0 0 0 0 0 0 0 0.0095099 -0.0018518 0.0055553 0 0
-0 -0 -0 0.11956 0 0 0 0 0 0 0 0.10181 -0.019824 0.059472 0 0
-0 -0 -0 0.12535 0 0 0 0 0 0 0 0.10674 -0.020784 0.062353 0 0
-0 -0 -0 0.19474 0 0 0 0 0 0 0 0.16582 -0.032289 0.096867 0 0
-0 -0 -0 0.09251 0 0 0 0 0 0 0 0.078774 -0.015339 0.046016 0 0
0 0 0 0.14872 0 0 0 0 0 0 0 0.12663 -0.024658 0.073974 0 0
-0 -0 -0 0.11122 0 0 0 0 0 0 0 0.094707 -0.018441 0.055323 0 0
-0 -0 -0 0.095466 0 0 0 0 0 0 0 0.081291 -0.015829 0.047486 0 0
-0 -0 -0 0.17139 0 0 0 0 0 0 0 0.14594 -0.028418 0.085253 0 0
0 0 0 0.13728 0 0 0 0 0 0 0 0.1169 -0.022762 0.068286 0 0
-0 -0 -0 0.18932 0 0 0 0 0 0 0 0.16121 -0.03139 0.094169 0 0
-0 -0 -0 0.061196 0 0 0 0 0 0 0 0.05211 -0.010147 0.03044 0 0
-0 -0 -0 0.053267 0 0 0 0 0 0 0 0.045358 -0.008832 0.026496 0 0
-0 -0 -0 0.076738 0 0 0 0 0 0 0 0.065344 -0.012724 0.038171 0 0
0 0 0 0.16658 0 0 0 0 0 0 0 0.14184 -0.02762 0.082859 0 0
-0 -0 -0 0.1144 0 0 0 0 0 0 0 0.097416 -0.018969 0.056906 0 0
0 0 0 0.12291 0 0 0 0 0 0 0 0.10466 -0.020378 0.061135 0 0
-0 -0 -0 0.0046131 0 0 0 0 0 0 0 0.0039281 -0.00076488 0.0022946 0 0
-0 -0 -0 0.12299 0 0 0 0 0 0 0 0.10473 -0.020392 0.061176 0 0
-0 -0 -0 0.051524 0 0 0 0 0 0 0 0.043874 -0.008543 0.025629 0 0
0 0 0 0.1867 0 0 0 0 0 0 0 0.15898 -0.030956 0.092867 0 0
-0 -0 -0 0.015356 0 0 0 0 0 0 0 0.013076 -0.0025461 0.0076382 0 0
0 0 0 0.19094 0 0 0 0 0 0 0 0.16259 -0.031659 0.094977 0 0
-0 -0 -0 0.13468 0 0 0 0 0 0 0 0.11468 -0.022331 0.066992 0 0
-0 -0 -0 0.10061 0 0 0 0 0 0 0 0.085669 -0.016681 0.050044 0 0
0 0 0 0.1217 0 0 0 0 0 0 0 0.10363 -0.020179 0.060536 0 0
0 0 0 0.020112 0 0 0 0 0 0 0 0.017126 -0.0033347 0.010004 0 0
-0 -0 -0 0.13484 0 0 0 0 0 0 0 0.11482 -0.022358 0.067073 0 0
-0 -0 -0 0.1787 0 0 0 0 0 0 0 0.15217 -0.02963 0.088891 0 0
-0 -0 -0 0.10666 0 0 0 0 0 0 0 0.090823 -0.017685 0.053055 0 0
-0 -0 -0 0.19029 0 0 0 0 0 0 0 0.16204 -0.031552 0.094656 0 0
0 0 0 0.031386 0 0 0 0 0 0 0 0.026726 -0.005204 0.015612 0 0
-0 -0 -0 0.096333 0 0 0 0 0 0 0 0.082029 -0.015973 0.047918 0 0
0 0 0 0.065915 0 0 0 0 0 0 0 0.056128 -0.010929 0.032787 0 0
-0 -0 -0 0.034148 0 0 0 0 0 0 0 0.029077 -0.0056619 0.016986 0 0
0 0 0 0.15251 0 0 0 0 0 0 0 0.12986 -0.025287 0.07586 0 0
-0 -0 -0 0.080342 0 0 0 0 0 0 0 0.068413 -0.013321 0.039964 0 0
-0 -0 -0 0.18512 0 0 0 0 0 0 0 0.15764 -0.030695 0.092084 0 0
-0 -0 -0 0.15527 0 0 0 0 0 0 0 0.13222 -0.025745 0.077234 0 0
0 0 0 0.037772 0 0 0 0 0 0 0 0.032164 -0.0062628 0.018789 0 0
-0 -0 -0 0.10398 0 0 0 0 0 0 0 0.088539 -0.01724 0.05172 0 0
0 0 0 0.099839 0 0 0 0 0 0 0 0.085015 -0.016554 0.049662 0 0
-0 -0 -0 0.0058552 0 0 0 0 0 0 0 0.0049858 -0.00097082 0.0029125 0 0
0 0 0 0.077319 0 0 0 0 0 0 0 0.065839 -0.01282 0.03846 0 0
0 0 0 0.12382 0 0 0 0 0 0 0 0.10544 -0.020531 0.061592 0 0
-0 -0 -0 0.092279 0 0 0 0 0 0 0 0.078577 -0.0153 0.045901 0 0
0 0 0 0.069562 0 0 0 0 0 0 0 0.059234 -0.011534 0.034602 0 0
0 0 0 0.12936 0 0 0 0 0 0 0 0.11015 -0.021449 0.064347 0 0
-0 -0 -0 0.0011963 0 0 0 0 0 0 0 0.0010187 -0.00019836 0.00059507 0 0
0 0 0 0.13303 0 0 0 0 0 0 0 0.11327 -0.022056 0.066169 0 0
0 0 0 0.093368 0 0 0 0 0 0 0 0.079504 -0.015481 0.046443 0 0
-0 -0 -0 0.16975 0 0 0 0 0 0 0 0.14454 -0.028145 0.084435 0 0
0 0 0 0.18186 0 0 0 0 0 0 0 0.15486 -0.030154 0.090462 0 0
0 0 0 0.093027 0 0 0 0 0 0 0 0.079215 -0.015425 0.046274 0 0
-0 -0 -0 0.020337 0 0 0 0 0 0 0 0.017317 -0.003372 0.010116 0 0
0 0 0 0.17666 0 0 0 0 0 0 0 0.15043 -0.029291 0.087874 0 0
-0 -0 -0 0.039845 0 0 0 0 0 0 0 0.033929 -0.0066066 0.01982 0 0
0 0 0 0.12708 0 0 0 0 0 0 0 0.10821 -0.02107 0.06321 0 0
0 0 0 0.021593 0 0 0 0 0 0 0 0.018387 -0.0035803 0.010741 0 0
-0 -0 -0 0.0023051 0 0 0 0 0 0 0 0.0019628 -0.0003822 0.0011466 0 0
0 0 0 0.023015 0 0 0 0 0 0 0 0.019598 -0.0038161 0.011448 0 0
-0 -0 -0 0.060413 0 0 0 0 0 0 0 0.051442 -0.010017 0.03005 0 0
-0 -0 -0 0.086309 0 0 0 0 0 0 0 0.073494 -0.014311 0.042932 0 0
0 0 0 0.14755 0 0 0 0 0 0 0 0.12564 -0.024465 0.073394 0 0
0 0 0 0.016803 0 0 0 0 0 0 0 0.014308 -0.002786 0.0083579 0 0
-0 -0 -0 0.1185 0 0 0 0 0 0 0 0.1009 -0.019647 0.058942 0 0
-0 -0 -0 0.015503 0 0 0 0 0 0 0 0.013201 -0.0025704 0.0077112 0 0
0 0 0 0.033624 0 0 0 0 0 0 0 0.028631 -0.005575 0.016725 0 0
0 0 0 0.050031 0 0 0 0 0 0 0 0.042602 -0.0082954 0.024886 0 0
-0 -0 -0 0.17229 0 0 0 0 0 0 0 0.14671 -0.028567 0.085702 0 0
0 0 0 0.081325 0 0 0 0 0 0 0 0.06925 -0.013484 0.040453 0 0
-0 -0 -0 0.03223 0 0 0 0 0 0 0 0.027445 -0.005344 0.016032 0 0
-0 -0 -0 0.18895 0 0 0 0 0 0 0 0.16089 -0.031329 0.093986 0 0
-0 -0 -0 0.10203 0 0 0 0 0 0 0 0.08688 -0.016917 0.050751 0 0
0 0 0 0.049735 0 0 0 0 0 0 0 0.04235 -0.0082463 0.024739 0 0
0 0 0 0.15601 0 0 0 0 0 0 0 0.13285 -0.025868 0.077604 0 0
-0 -0 -0 0.1644 0 0 0 0 0 0 0 0.13999 -0.027258 0.081774 0 0
-0 -0 -0 0.19062 0 0 0 0 0 0 0 0.16232 -0.031607 0.09482 0 0
0 0 0 0.017226 0 0 0 0 0 0 0 0.014668 -0.0028561 0.0085683 0 0
0 0 0 0.16573 0 0 0 0 0 0 0 0.14112 -0.027478 0.082435 0 0
0 0 0 0.16878 0 0 0 0 0 0 0 0.14372 -0.027984 0.083953 0 0
-0 -0 -0 0.12828 0 0 0 0 0 0 0 0.10923 -0.021269 0.063808 0 0
-0 -0 -0 0.16435 0 0 0 0 0 0 0 0.13994 -0.02725 0.081749 0 0
0 0 0 0.12171 0 0 0 0 0 0 0 0.10364 -0.02018 0.060541 0 0
-0 -0 -0 0.050551 0 0 0 0 0 0 0 0.043045 -0.0083817 0.025145 0 0
0 0 0 0.14526 0 0 0 0 0 0 0 0.12369 -0.024085 0.072254 0 0
-0 -0 -0 0.066079 0 0 0 0 0 0 0 0.056267 -0.010956 0.032869 0 0
0 0 0 0.16679 0 0 0 0 0 0 0 0.14202 -0.027654 0.082963 0 0
0 0 0 0.14402 0 0 0 0 0 0 0 0.12263 -0.023879 0.071637 0 0
-0 -0 -0 0.041792 0 0 0 0 0 0 0 0.035587 -0.0069294 0.020788 0 0
-0 -0 -0 0.12808 0 0 0 0 0 0 0 0.10906 -0.021237 0.06371 0 0
-0 -0 -0 0.053039 0 0 0 0 0 0 0 0.045164 -0.0087942 0.026383 0 0
-0 -0 -0 0.1674 0 0 0 0 0 0 0 0.14254 -0.027756 0.083268 0 0
