0 0 0.27685 0 0 0 0 0 0 0 0 0 0 -0.13558 0.024476 0.24014 -0.01167 0.0026701 -0.006861 0 0
0 0 0.060748 0 0 0 0 0 0 0 0 0 0 -0.029749 0.0053707 0.052692 -0.0024842 0.00090424 -0.0014947 0 0
-0 -0 -0.30592 0 0 0 0 0 0 0 0 0 0 0.14981 -0.027046 -0.26535 0.011416 -0.0071009 0.0071692 0 0
0 0 0.14338 0 0 0 0 0 0 0 0 0 0 -0.070215 0.012676 0.12436 -0.0059433 0.0018497 -0.0035441 0 0
0 0 0.20201 0 0 0 0 0 0 0 0 0 0 -0.098929 0.01786 0.17522 -0.0084424 0.0023184 -0.0050028 0 0
0 0 0.25942 0 0 0 0 0 0 0 0 0 0 -0.12704 0.022935 0.22501 -0.010915 0.002613 -0.006429 0 0
-0 -0 -0.31783 0 0 0 0 0 0 0 0 0 0 0.15565 -0.028099 -0.27568 0.011815 -0.0074579 0.0074306 0 0
-0 -0 -0.34291 0 0 0 0 0 0 0 0 0 0 0.16793 -0.030316 -0.29743 0.012641 -0.0082279 0.0079755 0 0
-0 -0 -0.3289 0 0 0 0 0 0 0 0 0 0 0.16107 -0.029077 -0.28528 0.012181 -0.0077947 0.007672 0 0
0 0 0.33012 0 0 0 0 0 0 0 0 0 0 -0.16166 0.029185 0.28634 -0.013984 0.0027508 -0.0081759 0 0
-0 -0 -0.21267 0 0 0 0 0 0 0 0 0 0 0.10415 -0.018802 -0.18447 0.0081643 -0.0045056 0.0050687 0 0
0 0 0.20575 0 0 0 0 0 0 0 0 0 0 -0.10076 0.01819 0.17847 -0.0086027 0.0023426 -0.0050958 0 0
0 0 0.27453 0 0 0 0 0 0 0 0 0 0 -0.13444 0.024271 0.23813 -0.01157 0.0026633 -0.0068036 0 0
0 0 0.08354 0 0 0 0 0 0 0 0 0 0 -0.040911 0.0073857 0.072461 -0.0034299 0.001198 -0.0020586 0 0
-0 -0 -0.043407 0 0 0 0 0 0 0 0 0 0 0.021257 -0.0038376 -0.03765 0.0017387 -0.00075267 0.0010584 0 0
-0 -0 -0.075176 0 0 0 0 0 0 0 0 0 0 0.036815 -0.0066462 -0.065206 0.0029898 -0.0013589 0.0018265 0 0
-0 -0 -0.12244 0 0 0 0 0 0 0 0 0 0 0.059963 -0.010825 -0.10621 0.0048149 -0.0023461 0.0029576 0 0
-0 -0 -0.27306 0 0 0 0 0 0 0 0 0 0 0.13372 -0.024141 -0.23685 0.010296 -0.0061455 0.0064395 0 0
-0 -0 -0.30935 0 0 0 0 0 0 0 0 0 0 0.15149 -0.027349 -0.26833 0.011531 -0.0072032 0.0072447 0 0
-0 -0 -0.28627 0 0 0 0 0 0 0 0 0 0 0.14019 -0.025309 -0.24831 0.01075 -0.0065245 0.0067344 0 0
0 0 0.0082652 0 0 0 0 0 0 0 0 0 0 -0.0040476 0.00073072 0.0071691 -0.00033465 0.00013331 -0.00020253 0 0
-0 -0 -0.086749 0 0 0 0 0 0 0 0 0 0 0.042482 -0.0076694 -0.075245 0.0034408 -0.0015912 0.0021048 0 0
0 0 0.065168 0 0 0 0 0 0 0 0 0 0 -0.031914 0.0057615 0.056526 -0.002667 0.00096317 -0.001604 0 0
0 0 0.18628 0 0 0 0 0 0 0 0 0 0 -0.091223 0.016468 0.16157 -0.0077686 0.0022092 -0.0046113 0 0
-0 -0 -0.30011 0 0 0 0 0 0 0 0 0 0 0.14697 -0.026532 -0.26031 0.01122 -0.0069288 0.007041 0 0
-0 -0 -0.041582 0 0 0 0 0 0 0 0 0 0 0.020364 -0.0036763 -0.036068 0.0016663 -0.00071927 0.0010141 0 0
-0 -0 -0.091317 0 0 0 0 0 0 0 0 0 0 0.04472 -0.0080733 -0.079207 0.0036181 -0.0016846 0.0022145 0 0
-0 -0 -0.0067387 0 0 0 0 0 0 0 0 0 0 0.0033 -0.00059576 -0.005845 0.00027202 -0.00011107 0.0001649 0 0
0 0 0.25679 0 0 0 0 0 0 0 0 0 0 -0.12575 0.022702 0.22273 -0.010801 0.002603 -0.0063637 0 0
0 0 0.24567 0 0 0 0 0 0 0 0 0 0 -0.12031 0.02172 0.21309 -0.010321 0.0025573 -0.006088 0 0
-0 -0 -0.13917 0 0 0 0 0 0 0 0 0 0 0.068152 -0.012304 -0.12071 0.0054495 -0.0027193 0.0033539 0 0
-0 -0 -0.2963 0 0 0 0 0 0 0 0 0 0 0.1451 -0.026195 -0.257 0.011091 -0.0068167 0.0069568 0 0
-0 -0 -0.098909 0 0 0 0 0 0 0 0 0 0 0.048438 -0.0087445 -0.085793 0.0039119 -0.0018419 0.0023963 0 0
0 0 0.032448 0 0 0 0 0 0 0 0 0 0 -0.01589 0.0028687 0.028145 -0.00132 0.00050481 -0.0007967 0 0
-0 -0 -0.24907 0 0 0 0 0 0 0 0 0 0 0.12198 -0.02202 -0.21604 0.0094606 -0.0054759 0.0058995 0 0
0 0 0.0805 0 0 0 0 0 0 0 0 0 0 -0.039422 0.0071169 0.069825 -0.0033034 0.0011603 -0.0019833 0 0
-0 -0 -0.32968 0 0 0 0 0 0 0 0 0 0 0.16145 -0.029146 -0.28596 0.012207 -0.0078186 0.007689 0 0
0 0 0.21553 0 0 0 0 0 0 0 0 0 0 -0.10555 0.019054 0.18694 -0.0090224 0.0024024 -0.0053389 0 0
-0 -0 -0.22224 0 0 0 0 0 0 0 0 0 0 0.10884 -0.019648 -0.19277 0.0085083 -0.0047553 0.0052884 0 0
0 0 0.090367 0 0 0 0 0 0 0 0 0 0 -0.044254 0.0079892 0.078383 -0.0037145 0.0012811 -0.0022277 0 0
0 0 0.02058 0 0 0 0 0 0 0 0 0 0 -0.010078 0.0018195 0.017851 -0.0008353 0.00032596 -0.00050483 0 0
-0 -0 -0.1329 0 0 0 0 0 0 0 0 0 0 0.065086 -0.01175 -0.11528 0.0052126 -0.0025781 0.0032057 0 0
-0 -0 -0.22146 0 0 0 0 0 0 0 0 0 0 0.10845 -0.019579 -0.19209 0.0084802 -0.0047347 0.0052704 0 0
0 0 0.30788 0 0 0 0 0 0 0 0 0 0 -0.15078 0.02722 0.26705 -0.013017 0.0027343 -0.0076281 0 0
0 0 0.038195 0 0 0 0 0 0 0 0 0 0 -0.018705 0.0033768 0.03313 -0.0015555 0.00058903 -0.00093824 0 0
-0 -0 -0.097475 0 0 0 0 0 0 0 0 0 0 0.047735 -0.0086177 -0.084549 0.0038565 -0.001812 0.002362 0 0
0 0 0.34331 0 0 0 0 0 0 0 0 0 0 -0.16812 0.030351 0.29778 -0.014559 0.002749 -0.0085 0 0
-0 -0 -0.30212 0 0 0 0 0 0 0 0 0 0 0.14795 -0.02671 -0.26205 0.011288 -0.0069882 0.0070854 0 0
-0 -0 -0.070911 0 0 0 0 0 0 0 0 0 0 0.034727 -0.0062692 -0.061507 0.002823 -0.0012748 0.0017238 0 0
0 0 0.14144 0 0 0 0 0 0 0 0 0 0 -0.069266 0.012505 0.12268 -0.0058614 0.0018313 -0.0034959 0 0
-0 -0 -0.15202 0 0 0 0 0 0 0 0 0 0 0.074446 -0.01344 -0.13186 0.005933 -0.0030146 0.003657 0 0
0 0 0.1602 0 0 0 0 0 0 0 0 0 0 -0.078454 0.014163 0.13896 -0.0066571 0.0020014 -0.0039625 0 0
-0 -0 -0.15315 0 0 0 0 0 0 0 0 0 0 0.075001 -0.01354 -0.13284 0.0059755 -0.003041 0.0036837 0 0
0 0 0.0011655 0 0 0 0 0 0 0 0 0 0 -0.00057077 0.00010304 0.0010109 -4.7123e-05 1.8994e-05 -2.8541e-05 0 0
0 0 0.062868 0 0 0 0 0 0 0 0 0 0 -0.030788 0.0055581 0.054531 -0.0025719 0.00093263 -0.0015471 0 0
-0 -0 -0.10372 0 0 0 0 0 0 0 0 0 0 0.050792 -0.0091695 -0.089963 0.0040973 -0.0019429 0.0025113 0 0
-0 -0 -0.064646 0 0 0 0 0 0 0 0 0 0 0.031658 -0.0057153 -0.056073 0.0025772 -0.0011528 0.0015726 0 0
0 0 0.076437 0 0 0 0 0 0 0 0 0 0 -0.037433 0.0067577 0.066301 -0.0031344 0.0011092 -0.0018827 0 0
-0 -0 -0.28203 0 0 0 0 0 0 0 0 0 0 0.13812 -0.024934 -0.24463 0.010605 -0.006402 0.0066399 0 0
-0 -0 -0.34319 0 0 0 0 0 0 0 0 0 0 0.16807 -0.030341 -0.29768 0.01265 -0.0082367 0.0079816 0 0
0 0 0.24646 0 0 0 0 0 0 0 0 0 0 -0.12069 0.021789 0.21377 -0.010355 0.0025607 -0.0061074 0 0
-0 -0 -0.11068 0 0 0 0 0 0 0 0 0 0 0.054201 -0.0097849 -0.096001 0.0043649 -0.0020909 0.0026775 0 0
0 0 0.24935 0 0 0 0 0 0 0 0 0 0 -0.12211 0.022045 0.21629 -0.01048 0.0025731 -0.0061793 0 0
-0 -0 -0.083781 0 0 0 0 0 0 0 0 0 0 0.041029 -0.007407 -0.07267 0.0033254 -0.0015311 0.0020336 0 0
0 0 0.041323 0 0 0 0 0 0 0 0 0 0 -0.020237 0.0036533 0.035843 -0.0016838 0.00063419 -0.0010153 0 0
0 0 0.2106 0 0 0 0 0 0 0 0 0 0 -0.10314 0.018619 0.18267 -0.008811 0.0023729 -0.0052165 0 0
-0 -0 -0.019904 0 0 0 0 0 0 0 0 0 0 0.0097475 -0.0017597 -0.017265 0.00080129 -0.00033422 0.00048647 0 0
0 0 0.21275 0 0 0 0 0 0 0 0 0 0 -0.10419 0.018809 0.18454 -0.0089031 0.0023859 -0.0052698 0 0
0 0 0.32644 0 0 0 0 0 0 0 0 0 0 -0.15987 0.028861 0.28315 -0.013825 0.0027498 -0.0080855 0 0
0 0 0.24704 0 0 0 0 0 0 0 0 0 0 -0.12098 0.02184 0.21428 -0.01038 0.0025633 -0.0061218 0 0
0 0 0.12345 0 0 0 0 0 0 0 0 0 0 -0.060455 0.010914 0.10708 -0.0051016 0.001652 -0.0030487 0 0
0 0 0.056231 0 0 0 0 0 0 0 0 0 0 -0.027537 0.0049713 0.048774 -0.0022976 0.00084306 -0.0013831 0 0
-0 -0 -0.10486 0 0 0 0 0 0 0 0 0 0 0.051352 -0.0092706 -0.090955 0.0041413 -0.0019671 0.0025386 0 0
-0 -0 -0.27941 0 0 0 0 0 0 0 0 0 0 0.13683 -0.024702 -0.24236 0.010515 -0.0063267 0.0065815 0 0
-0 -0 -0.25368 0 0 0 0 0 0 0 0 0 0 0.12423 -0.022428 -0.22004 0.0096223 -0.0056027 0.0060037 0 0
-0 -0 -0.15098 0 0 0 0 0 0 0 0 0 0 0.073939 -0.013348 -0.13096 0.0058942 -0.0029906 0.0036326 0 0
-0 -0 -0.07481 0 0 0 0 0 0 0 0 0 0 0.036636 -0.0066138 -0.064889 0.0029755 -0.0013517 0.0018177 0 0
-0 -0 -0.20663 0 0 0 0 0 0 0 0 0 0 0.10119 -0.018268 -0.17923 0.0079459 -0.00435 0.0049296 0 0
0 0 0.035791 0 0 0 0 0 0 0 0 0 0 -0.017527 0.0031642 0.031045 -0.0014569 0.00055399 -0.00087902 0 0
0 0 0.12536 0 0 0 0 0 0 0 0 0 0 -0.061389 0.011083 0.10873 -0.005182 0.0016717 -0.0030961 0 0
0 0 0.12611 0 0 0 0 0 0 0 0 0 0 -0.06176 0.01115 0.10939 -0.0052139 0.0016795 -0.0031149 0 0
-0 -0 -0.22761 0 0 0 0 0 0 0 0 0 0 0.11146 -0.020122 -0.19742 0.0087001 -0.004897 0.0054111 0 0
0 0 0.3429 0 0 0 0 0 0 0 0 0 0 -0.16793 0.030316 0.29743 -0.014541 0.0027492 -0.0084901 0 0
-0 -0 -0.10066 0 0 0 0 0 0 0 0 0 0 0.049297 -0.0088997 -0.087315 0.0039796 -0.0018787 0.0024383 0 0
-0 -0 -0.31062 0 0 0 0 0 0 0 0 0 0 0.15211 -0.027461 -0.26942 0.011574 -0.0072411 0.0072725 0 0
0 0 0.04693 0 0 0 0 0 0 0 0 0 0 -0.022983 0.0041491 0.040707 -0.0019143 0.000714 -0.0011536 0 0
0 0 0.28182 0 0 0 0 0 0 0 0 0 0 -0.13801 0.024915 0.24445 -0.011886 0.0026836 -0.006984 0 0
0 0 0.20922 0 0 0 0 0 0 0 0 0 0 -0.10246 0.018497 0.18147 -0.0087515 0.0023644 -0.005182 0 0
0 0 0.1785 0 0 0 0 0 0 0 0 0 0 -0.087415 0.015781 0.15483 -0.0074365 0.0021508 -0.0044178 0 0
-0 -0 -0.048997 0 0 0 0 0 0 0 0 0 0 0.023995 -0.0043318 -0.042499 0.0019602 -0.00085597 0.001194 0 0
-0 -0 -0.035855 0 0 0 0 0 0 0 0 0 0 0.017559 -0.0031699 -0.0311 0.0014385 -0.00061541 0.00087491 0 0
-0 -0 -0.12053 0 0 0 0 0 0 0 0 0 0 0.059024 -0.010656 -0.10454 0.0047417 -0.002304 0.002912 0 0
0 0 0.006712 0 0 0 0 0 0 0 0 0 0 -0.003287 0.0005934 0.0058219 -0.00027168 0.00010851 -0.00016445 0 0
0 0 0.094201 0 0 0 0 0 0 0 0 0 0 -0.046132 0.0083282 0.081708 -0.0038746 0.0013268 -0.0023228 0 0
-0 -0 -0.34593 0 0 0 0 0 0 0 0 0 0 0.16941 -0.030583 -0.30006 0.012739 -0.0083224 0.0080407 0 0
-0 -0 -0.19056 0 0 0 0 0 0 0 0 0 0 0.093323 -0.016848 -0.16529 0.007361 -0.0039437 0.0045579 0 0
-0 -0 -0.31799 0 0 0 0 0 0 0 0 0 0 0.15573 -0.028113 -0.27582 0.01182 -0.0074628 0.0074341 0 0
-0 -0 -0.10179 0 0 0 0 0 0 0 0 0 0 0.049846 -0.0089987 -0.088287 0.0040228 -0.0019022 0.0024651 0 0
-0 -0 -0.2554 0 0 0 0 0 0 0 0 0 0 0.12507 -0.02258 -0.22153 0.0096825 -0.0056503 0.0060426 0 0
-0 -0 -0.33137 0 0 0 0 0 0 0 0 0 0 0.16228 -0.029296 -0.28742 0.012263 -0.0078705 0.0077257 0 0
