-0 -0 -0.086008 0 0 0 0 0 0 0 0 0 0 0.04103 -0.011261 -0.074747 0.0026906 -0.017563 0.0041227 0 0
-0 -0 -0.085862 0 0 0 0 0 0 0 0 0 0 0.04096 -0.011242 -0.074621 0.0026872 -0.017532 0.0041163 0 0
0 0 0.19063 0 0 0 0 0 0 0 0 0 0 -0.090937 0.024958 0.16567 -0.010723 0.037193 -0.011489 0 0
-0 -0 -0.080019 0 0 0 0 0 0 0 0 0 0 0.038172 -0.010477 -0.069542 0.0025473 -0.016328 0.0038581 0 0
0 0 0.091457 0 0 0 0 0 0 0 0 0 0 -0.043629 0.011974 0.079482 -0.0043387 0.018195 -0.0051227 0 0
0 0 0.078855 0 0 0 0 0 0 0 0 0 0 -0.037617 0.010324 0.06853 -0.0036516 0.015723 -0.0043731 0 0
-0 -0 -0.10941 0 0 0 0 0 0 0 0 0 0 0.052194 -0.014325 -0.095086 0.0031866 -0.022399 0.0051237 0 0
-0 -0 -0.33801 0 0 0 0 0 0 0 0 0 0 0.16125 -0.044255 -0.29376 0.0026735 -0.070286 0.012056 0 0
-0 -0 -0.19051 0 0 0 0 0 0 0 0 0 0 0.090884 -0.024944 -0.16557 0.0041185 -0.0393 0.0081813 0 0
0 0 0.12651 0 0 0 0 0 0 0 0 0 0 -0.060352 0.016564 0.10995 -0.0063984 0.025007 -0.0072795 0 0
0 0 0.2994 0 0 0 0 0 0 0 0 0 0 -0.14282 0.039199 0.2602 -0.01966 0.056938 -0.01937 0 0
0 0 0.11598 0 0 0 0 0 0 0 0 0 0 -0.055329 0.015185 0.1008 -0.0057569 0.022971 -0.0066207 0 0
0 0 0.19608 0 0 0 0 0 0 0 0 0 0 -0.093538 0.025672 0.17041 -0.011123 0.038212 -0.011862 0 0
0 0 0.16518 0 0 0 0 0 0 0 0 0 0 -0.078799 0.021627 0.14355 -0.008921 0.032401 -0.0097782 0 0
0 0 0.30574 0 0 0 0 0 0 0 0 0 0 -0.14585 0.040029 0.26571 -0.020242 0.058049 -0.019856 0 0
-0 -0 -0.095506 0 0 0 0 0 0 0 0 0 0 0.045561 -0.012504 -0.083002 0.0029041 -0.019523 0.0045353 0 0
0 0 0.32413 0 0 0 0 0 0 0 0 0 0 -0.15463 0.042438 0.28169 -0.021965 0.061246 -0.021284 0 0
0 0 0.21653 0 0 0 0 0 0 0 0 0 0 -0.10329 0.02835 0.18818 -0.012671 0.042007 -0.013284 0 0
0 0 0.2767 0 0 0 0 0 0 0 0 0 0 -0.132 0.036228 0.24047 -0.017633 0.052924 -0.017652 0 0
-0 -0 -0.13191 0 0 0 0 0 0 0 0 0 0 0.062928 -0.017271 -0.11464 0.0035678 -0.027069 0.0060364 0 0
-0 -0 -0.20414 0 0 0 0 0 0 0 0 0 0 0.097385 -0.026728 -0.17741 0.0041549 -0.042155 0.0086314 0 0
-0 -0 -0.011422 0 0 0 0 0 0 0 0 0 0 0.0054489 -0.0014955 -0.0099267 0.00043545 -0.0023101 0.00058705 0 0
0 0 0.26438 0 0 0 0 0 0 0 0 0 0 -0.12612 0.034615 0.22977 -0.016568 0.05072 -0.016735 0 0
0 0 0.0090829 0 0 0 0 0 0 0 0 0 0 -0.0043329 0.0011892 0.0078937 -0.00036325 0.0018315 -0.00047532 0 0
0 0 0.20395 0 0 0 0 0 0 0 0 0 0 -0.097293 0.026703 0.17725 -0.01171 0.039677 -0.012405 0 0
0 0 0.16244 0 0 0 0 0 0 0 0 0 0 -0.077492 0.021268 0.14117 -0.0087337 0.031882 -0.0095971 0 0
0 0 0.052141 0 0 0 0 0 0 0 0 0 0 -0.024874 0.0068267 0.045314 -0.0022889 0.010443 -0.0028297 0 0
0 0 0.31616 0 0 0 0 0 0 0 0 0 0 -0.15082 0.041395 0.27477 -0.021212 0.059866 -0.020662 0 0
-0 -0 -0.0014723 0 0 0 0 0 0 0 0 0 0 0.00070236 -0.00019277 -0.0012796 5.7466e-05 -0.00029735 7.634e-05 0 0
-0 -0 -0.24042 0 0 0 0 0 0 0 0 0 0 0.11469 -0.031477 -0.20894 0.0040829 -0.049769 0.009739 0 0
0 0 0.011707 0 0 0 0 0 0 0 0 0 0 -0.0055845 0.0015327 0.010174 -0.00047097 0.0023597 -0.00061401 0 0
0 0 0.10155 0 0 0 0 0 0 0 0 0 0 -0.048444 0.013296 0.088255 -0.0049095 0.020167 -0.005733 0 0
0 0 0.042724 0 0 0 0 0 0 0 0 0 0 -0.020381 0.0055937 0.03713 -0.0018391 0.0085704 -0.0023007 0 0
0 0 0.014741 0 0 0 0 0 0 0 0 0 0 -0.0070319 0.00193 0.012811 -0.0005971 0.0029699 -0.00077517 0 0
-0 -0 -0.25927 0 0 0 0 0 0 0 0 0 0 0.12368 -0.033946 -0.22533 0.0039487 -0.053733 0.010262 0 0
0 0 0.06518 0 0 0 0 0 0 0 0 0 0 -0.031094 0.0085339 0.056646 -0.002938 0.013027 -0.0035753 0 0
-0 -0 -0.15279 0 0 0 0 0 0 0 0 0 0 0.072888 -0.020005 -0.13279 0.0038373 -0.031416 0.0068393 0 0
-0 -0 -0.31518 0 0 0 0 0 0 0 0 0 0 0.15036 -0.041266 -0.27392 0.0031617 -0.06549 0.011602 0 0
-0 -0 -0.32812 0 0 0 0 0 0 0 0 0 0 0.15653 -0.042959 -0.28516 0.002897 -0.068207 0.011866 0 0
-0 -0 -0.0016671 0 0 0 0 0 0 0 0 0 0 0.0007953 -0.00021827 -0.0014489 6.504e-05 -0.0003367 8.6426e-05 0 0
-0 -0 -0.12073 0 0 0 0 0 0 0 0 0 0 0.057593 -0.015807 -0.10492 0.0033901 -0.024746 0.0055889 0 0
0 0 0.10223 0 0 0 0 0 0 0 0 0 0 -0.048767 0.013385 0.088844 -0.0049484 0.020299 -0.0057743 0 0
0 0 0.30202 0 0 0 0 0 0 0 0 0 0 -0.14408 0.039542 0.26247 -0.0199 0.057398 -0.01957 0 0
0 0 0.26805 0 0 0 0 0 0 0 0 0 0 -0.12787 0.035095 0.23296 -0.016882 0.051379 -0.017007 0 0
0 0 0.32991 0 0 0 0 0 0 0 0 0 0 -0.15738 0.043195 0.28672 -0.022518 0.062242 -0.021738 0 0
0 0 0.3218 0 0 0 0 0 0 0 0 0 0 -0.15351 0.042133 0.27967 -0.021744 0.060843 -0.021102 0 0
0 0 0.14322 0 0 0 0 0 0 0 0 0 0 -0.06832 0.018751 0.12446 -0.007456 0.028217 -0.0083437 0 0
-0 -0 -0.27087 0 0 0 0 0 0 0 0 0 0 0.12921 -0.035464 -0.2354 0.0038333 -0.05617 0.010566 0 0
-0 -0 -0.096645 0 0 0 0 0 0 0 0 0 0 0.046104 -0.012654 -0.083991 0.0029286 -0.019758 0.0045842 0 0
0 0 0.074427 0 0 0 0 0 0 0 0 0 0 -0.035505 0.0097445 0.064682 -0.0034168 0.014851 -0.0041129 0 0
0 0 0.072416 0 0 0 0 0 0 0 0 0 0 -0.034545 0.0094812 0.062934 -0.0033114 0.014455 -0.0039954 0 0
0 0 0.17699 0 0 0 0 0 0 0 0 0 0 -0.084433 0.023173 0.15382 -0.0097433 0.034633 -0.010566 0 0
-0 -0 -0.3205 0 0 0 0 0 0 0 0 0 0 0.15289 -0.041963 -0.27854 0.0030565 -0.066607 0.011712 0 0
-0 -0 -0.078914 0 0 0 0 0 0 0 0 0 0 0.037646 -0.010332 -0.068582 0.0025202 -0.016101 0.003809 0 0
0 0 0.028152 0 0 0 0 0 0 0 0 0 0 -0.01343 0.0036859 0.024467 -0.0011747 0.0056604 -0.0014975 0 0
0 0 0.012891 0 0 0 0 0 0 0 0 0 0 -0.0061494 0.0016877 0.011203 -0.00051999 0.0025979 -0.00067681 0 0
0 0 0.031254 0 0 0 0 0 0 0 0 0 0 -0.01491 0.0040921 0.027162 -0.0013129 0.0062811 -0.0016669 0 0
-0 -0 -0.019537 0 0 0 0 0 0 0 0 0 0 0.0093202 -0.002558 -0.016979 0.00073035 -0.0039559 0.00099686 0 0
0 0 0.010469 0 0 0 0 0 0 0 0 0 0 -0.004994 0.0013706 0.009098 -0.00041998 0.0021105 -0.00054849 0 0
-0 -0 -0.23961 0 0 0 0 0 0 0 0 0 0 0.1143 -0.031372 -0.20824 0.0040872 -0.0496 0.0097159 0 0
-0 -0 -0.13446 0 0 0 0 0 0 0 0 0 0 0.064143 -0.017604 -0.11685 0.003605 -0.027599 0.0061366 0 0
0 0 0.14564 0 0 0 0 0 0 0 0 0 0 -0.069475 0.019068 0.12657 -0.0076133 0.02868 -0.0084998 0 0
0 0 0.22591 0 0 0 0 0 0 0 0 0 0 -0.10777 0.029578 0.19633 -0.013404 0.043734 -0.013946 0 0
-0 -0 -0.27886 0 0 0 0 0 0 0 0 0 0 0.13303 -0.03651 -0.24235 0.0037392 -0.057851 0.010768 0 0
-0 -0 -0.12899 0 0 0 0 0 0 0 0 0 0 0.061536 -0.016889 -0.1121 0.0035236 -0.026462 0.0059208 0 0
0 0 0.10619 0 0 0 0 0 0 0 0 0 0 -0.050658 0.013903 0.092287 -0.0051779 0.02107 -0.0060165 0 0
0 0 0.022453 0 0 0 0 0 0 0 0 0 0 -0.010711 0.0029397 0.019513 -0.00092523 0.0045184 -0.0011886 0 0
-0 -0 -0.15696 0 0 0 0 0 0 0 0 0 0 0.074875 -0.02055 -0.13641 0.0038814 -0.032285 0.0069944 0 0
0 0 0.20583 0 0 0 0 0 0 0 0 0 0 -0.098192 0.026949 0.17888 -0.011852 0.040027 -0.012536 0 0
0 0 0.037318 0 0 0 0 0 0 0 0 0 0 -0.017802 0.0048859 0.032432 -0.0015881 0.0074924 -0.0020005 0 0
-0 -0 -0.33789 0 0 0 0 0 0 0 0 0 0 0.16119 -0.044239 -0.29365 0.0026765 -0.070259 0.012054 0 0
0 0 0.085897 0 0 0 0 0 0 0 0 0 0 -0.040977 0.011246 0.074651 -0.0040321 0.017106 -0.0047903 0 0
0 0 0.15029 0 0 0 0 0 0 0 0 0 0 -0.071694 0.019677 0.13061 -0.0079186 0.029569 -0.0088012 0 0
-0 -0 -0.043005 0 0 0 0 0 0 0 0 0 0 0.020516 -0.0056306 -0.037375 0.0015153 -0.0087352 0.0021477 0 0
-0 -0 -0.029558 0 0 0 0 0 0 0 0 0 0 0.0141 -0.0038699 -0.025688 0.0010778 -0.005993 0.0014945 0 0
-0 -0 -0.027869 0 0 0 0 0 0 0 0 0 0 0.013295 -0.0036488 -0.02422 0.0010206 -0.0056493 0.0014113 0 0
0 0 0.097149 0 0 0 0 0 0 0 0 0 0 -0.046344 0.012719 0.084429 -0.0046583 0.019308 -0.0054658 0 0
0 0 0.060441 0 0 0 0 0 0 0 0 0 0 -0.028833 0.0079135 0.052528 -0.0026986 0.012089 -0.0033026 0 0
-0 -0 -0.13606 0 0 0 0 0 0 0 0 0 0 0.064907 -0.017814 -0.11825 0.0036278 -0.027932 0.0061993 0 0
-0 -0 -0.31193 0 0 0 0 0 0 0 0 0 0 0.1488 -0.04084 -0.27109 0.0032234 -0.064805 0.011532 0 0
-0 -0 -0.14237 0 0 0 0 0 0 0 0 0 0 0.067918 -0.018641 -0.12373 0.0037129 -0.029246 0.006444 0 0
0 0 0.0060067 0 0 0 0 0 0 0 0 0 0 -0.0028655 0.00078645 0.0052203 -0.00023854 0.0012118 -0.0003135 0 0
-0 -0 -0.10102 0 0 0 0 0 0 0 0 0 0 0.04819 -0.013226 -0.087792 0.0030204 -0.020662 0.0047708 0 0
0 0 0.29316 0 0 0 0 0 0 0 0 0 0 -0.13985 0.038383 0.25478 -0.019095 0.055841 -0.018894 0 0
-0 -0 -0.11282 0 0 0 0 0 0 0 0 0 0 0.053821 -0.014771 -0.09805 0.0032504 -0.023106 0.0052652 0 0
-0 -0 -0.025051 0 0 0 0 0 0 0 0 0 0 0.01195 -0.0032798 -0.021771 0.00092382 -0.0050761 0.0012718 0 0
0 0 0.12173 0 0 0 0 0 0 0 0 0 0 -0.058071 0.015938 0.10579 -0.0061047 0.024084 -0.0069793 0 0
0 0 0.23517 0 0 0 0 0 0 0 0 0 0 -0.11218 0.03079 0.20438 -0.014143 0.045429 -0.014607 0 0
-0 -0 -0.14821 0 0 0 0 0 0 0 0 0 0 0.070704 -0.019405 -0.12881 0.0037851 -0.030462 0.0066669 0 0
0 0 0.29195 0 0 0 0 0 0 0 0 0 0 -0.13927 0.038224 0.25373 -0.018986 0.055628 -0.018802 0 0
0 0 0.062942 0 0 0 0 0 0 0 0 0 0 -0.030026 0.0082408 0.054701 -0.0028244 0.012584 -0.0034462 0 0
0 0 0.059084 0 0 0 0 0 0 0 0 0 0 -0.028186 0.0077357 0.051348 -0.0026307 0.011821 -0.0032248 0 0
-0 -0 -0.17779 0 0 0 0 0 0 0 0 0 0 0.084813 -0.023277 -0.15451 0.0040532 -0.036636 0.0077442 0 0
0 0 0.17972 0 0 0 0 0 0 0 0 0 0 -0.085733 0.02353 0.15619 -0.0099365 0.035146 -0.010749 0 0
-0 -0 -0.34191 0 0 0 0 0 0 0 0 0 0 0.16311 -0.044766 -0.29714 0.0025805 -0.071104 0.012128 0 0
-0 -0 -0.039478 0 0 0 0 0 0 0 0 0 0 0.018833 -0.0051688 -0.03431 0.0014037 -0.0080151 0.001978 0 0
0 0 0.29321 0 0 0 0 0 0 0 0 0 0 -0.13987 0.038389 0.25482 -0.019099 0.055849 -0.018897 0 0
0 0 0.010616 0 0 0 0 0 0 0 0 0 0 -0.0050643 0.0013899 0.0092261 -0.00042604 0.0021402 -0.00055628 0 0
0 0 0.19084 0 0 0 0 0 0 0 0 0 0 -0.09104 0.024986 0.16585 -0.010738 0.037233 -0.011504 0 0
-0 -0 -0.31322 0 0 0 0 0 0 0 0 0 0 0.14942 -0.041009 -0.27221 0.0031992 -0.065076 0.01156 0 0
