0 0 0 0.032762 0 0 0 0 0 0 0 0.028373 0 0.016381 0 0
-0 -0 -0 0.048461 0 0 0 0 0 0 0 0.041969 0 0.024231 0 0
0 0 0 0.14389 0 0 0 0 0 0 0 0.12461 0 0.071944 0 0
-0 -0 -0 0.00052763 0 0 0 0 0 0 0 0.00045694 0 0.00026382 0 0
0 0 0 0.15768 0 0 0 0 0 0 0 0.13655 0 0.078839 0 0
-0 -0 -0 0.14429 0 0 0 0 0 0 0 0.12496 0 0.072146 0 0
0 0 0 0.0070805 0 0 0 0 0 0 0 0.0061319 0 0.0035402 0 0
-0 -0 -0 0.0081732 0 0 0 0 0 0 0 0.0070782 0 0.0040866 0 0
0 0 0 0.097132 0 0 0 0 0 0 0 0.084119 0 0.048566 0 0
0 0 0 0.031742 0 0 0 0 0 0 0 0.02749 0 0.015871 0 0
-0 -0 -0 0.18229 0 0 0 0 0 0 0 0.15787 0 0.091146 0 0
-0 -0 -0 0.025971 0 0 0 0 0 0 0 0.022492 0 0.012986 0 0
-0 -0 -0 0.039523 0 0 0 0 0 0 0 0.034228 0 0.019762 0 0
-0 -0 -0 0.099071 0 0 0 0 0 0 0 0.085798 0 0.049535 0 0
0 0 0 0.15204 0 0 0 0 0 0 0 0.13167 0 0.076019 0 0
0 0 0 0.099305 0 0 0 0 0 0 0 0.086001 0 0.049653 0 0
0 0 0 0.060633 0 0 0 0 0 0 0 0.05251 0 0.030317 0 0
-0 -0 -0 0.11486 0 0 0 0 0 0 0 0.099475 0 0.057432 0 0
-0 -0 -0 0.061639 0 0 0 0 0 0 0 0.053381 0 0.03082 0 0
0 0 0 0.14517 0 0 0 0 0 0 0 0.12572 0 0.072586 0 0
0 0 0 0.18737 0 0 0 0 0 0 0 0.16226 0 0.093683 0 0
0 0 0 0.16114 0 0 0 0 0 0 0 0.13955 0 0.080568 0 0
-0 -0 -0 0.14862 0 0 0 0 0 0 0 0.12871 0 0.07431 0 0
0 0 0 0.012331 0 0 0 0 0 0 0 0.010679 0 0.0061655 0 0
-0 -0 -0 0.063381 0 0 0 0 0 0 0 0.05489 0 0.031691 0 0
-0 -0 -0 0.13637 0 0 0 0 0 0 0 0.1181 0 0.068184 0 0
-0 -0 -0 0.0063326 0 0 0 0 0 0 0 0.0054842 0 0.0031663 0 0
0 0 0 0.13267 0 0 0 0 0 0 0 0.11489 0 0.066335 0 0
-0 -0 -0 0.018181 0 0 0 0 0 0 0 0.015746 0 0.0090907 0 0
-0 -0 -0 0.17555 0 0 0 0 0 0 0 0.15203 0 0.087776 0 0
0 0 0 0.10643 0 0 0 0 0 0 0 0.092168 0 0.053213 0 0
-0 -0 -0 0.11618 0 0 0 0 0 0 0 0.10061 0 0.058088 0 0
0 0 0 0.12759 0 0 0 0 0 0 0 0.1105 0 0.063796 0 0
0 0 0 0.1439 0 0 0 0 0 0 0 0.12462 0 0.071951 0 0
0 0 0 0.19331 0 0 0 0 0 0 0 0.16741 0 0.096653 0 0
0 0 0 0.010795 0 0 0 0 0 0 0 0.0093486 0 0.0053974 0 0
0 0 0 0.11472 0 0 0 0 0 0 0 0.099354 0 0.057362 0 0
-0 -0 -0 0.075292 0 0 0 0 0 0 0 0.065205 0 0.037646 0 0
0 0 0 0.14269 0 0 0 0 0 0 0 0.12357 0 0.071344 0 0
0 0 0 0.13318 0 0 0 0 0 0 0 0.11534 0 0.066592 0 0
-0 -0 -0 0.0049472 0 0 0 0 0 0 0 0.0042844 0 0.0024736 0 0
0 0 0 0.093845 0 0 0 0 0 0 0 0.081272 0 0.046922 0 0
-0 -0 -0 0.024296 0 0 0 0 0 0 0 0.021041 0 0.012148 0 0
0 0 0 0.068065 0 0 0 0 0 0 0 0.058946 0 0.034033 0 0
0 0 0 0.1384 0 0 0 0 0 0 0 0.11986 0 0.069202 0 0
0 0 0 0.016216 0 0 0 0 0 0 0 0.014043 0 0.0081078 0 0
0 0 0 0.19292 0 0 0 0 0 0 0 0.16707 0 0.096459 0 0
0 0 0 0.1839 0 0 0 0 0 0 0 0.15926 0 0.091949 0 0
-0 -0 -0 0.023109 0 0 0 0 0 0 0 0.020013 0 0.011554 0 0
-0 -0 -0 0.037469 0 0 0 0 0 0 0 0.032449 0 0.018734 0 0
-0 -0 -0 0.13862 0 0 0 0 0 0 0 0.12005 0 0.069312 0 0
-0 -0 -0 0.12441 0 0 0 0 0 0 0 0.10774 0 0.062205 0 0
-0 -0 -0 0.1968 0 0 0 0 0 0 0 0.17044 0 0.098401 0 0
-0 -0 -0 0.0096514 0 0 0 0 0 0 0 0.0083584 0 0.0048257 0 0
-0 -0 -0 0.14851 0 0 0 0 0 0 0 0.12862 0 0.074256 0 0
-0 -0 -0 0.11443 0 0 0 0 0 0 0 0.099096 0 0.057213 0 0
-0 -0 -0 0.064115 0 0 0 0 0 0 0 0.055525 0 0.032057 0 0
-0 -0 -0 0.12978 0 0 0 0 0 0 0 0.11239 0 0.064891 0 0
-0 -0 -0 0.12339 0 0 0 0 0 0 0 0.10686 0 0.061696 0 0
-0 -0 -0 0.10446 0 0 0 0 0 0 0 0.090469 0 0.052232 0 0
0 0 0 0.10644 0 0 0 0 0 0 0 0.092176 0 0.053218 0 0
-0 -0 -0 0.016129 0 0 0 0 0 0 0 0.013968 0 0.0080646 0 0
0 0 0 0.17365 0 0 0 0 0 0 0 0.15039 0 0.086827 0 0
0 0 0 0.021411 0 0 0 0 0 0 0 0.018542 0 0.010705 0 0
0 0 0 0.10627 0 0 0 0 0 0 0 0.092036 0 0.053137 0 0
-0 -0 -0 0.040916 0 0 0 0 0 0 0 0.035434 0 0.020458 0 0
-0 -0 -0 0.13478 0 0 0 0 0 0 0 0.11673 0 0.067392 0 0
-0 -0 -0 0.044015 0 0 0 0 0 0 0 0.038118 0 0.022007 0 0
-0 -0 -0 0.13594 0 0 0 0 0 0 0 0.11772 0 0.067968 0 0
0 0 0 0.13625 0 0 0 0 0 0 0 0.11799 0 0.068124 0 0
-0 -0 -0 0.093707 0 0 0 0 0 0 0 0.081153 0 0.046853 0 0
-0 -0 -0 0.17746 0 0 0 0 0 0 0 0.15368 0 0.088728 0 0
0 0 0 0.19378 0 0 0 0 0 0 0 0.16782 0 0.09689 0 0
0 0 0 0.035358 0 0 0 0 0 0 0 0.030621 0 0.017679 0 0
0 0 0 0.19902 0 0 0 0 0 0 0 0.17235 0 0.099508 0 0
-0 -0 -0 0.16015 0 0 0 0 0 0 0 0.13869 0 0.080073 0 0
0 0 0 0.18128 0 0 0 0 0 0 0 0.157 0 0.090642 0 0
-0 -0 -0 0.055763 0 0 0 0 0 0 0 0.048293 0 0.027882 0 0
-0 -0 -0 0.0418 0 0 0 0 0 0 0 0.0362 0 0.0209 0 0
0 0 0 0.16016 0 0 0 0 0 0 0 0.1387 0 0.080078 0 0
0 0 0 0.10388 0 0 0 0 0 0 0 0.089967 0 0.051942 0 0
-0 -0 -0 0.19128 0 0 0 0 0 0 0 0.16565 0 0.09564 0 0
-0 -0 -0 0.10714 0 0 0 0 0 0 0 0.092782 0 0.053568 0 0
-0 -0 -0 0.085041 0 0 0 0 0 0 0 0.073648 0 0.042521 0 0
-0 -0 -0 0.039725 0 0 0 0 0 0 0 0.034403 0 0.019863 0 0
-0 -0 -0 0.13624 0 0 0 0 0 0 0 0.11799 0 0.06812 0 0
0 0 0 0.095896 0 0 0 0 0 0 0 0.083048 0 0.047948 0 0
0 0 0 0.15767 0 0 0 0 0 0 0 0.13655 0 0.078835 0 0
-0 -0 -0 0.065244 0 0 0 0 0 0 0 0.056503 0 0.032622 0 0
-0 -0 -0 0.10266 0 0 0 0 0 0 0 0.08891 0 0.051332 0 0
0 0 0 0.15615 0 0 0 0 0 0 0 0.13523 0 0.078073 0 0
-0 -0 -0 0.11567 0 0 0 0 0 0 0 0.10017 0 0.057833 0 0
-0 -0 -0 0.06024 0 0 0 0 0 0 0 0.052169 0 0.03012 0 0
-0 -0 -0 0.079936 0 0 0 0 0 0 0 0.069227 0 0.039968 0 0
-0 -0 -0 0.13982 0 0 0 0 0 0 0 0.12109 0 0.06991 0 0
-0 -0 -0 0.052317 0 0 0 0 0 0 0 0.045308 0 0.026159 0 0
-0 -0 -0 0.074341 0 0 0 0 0 0 0 0.064381 0 0.03717 0 0
0 0 0 0.088931 0 0 0 0 0 0 0 0.077016 0 0.044465 0 0
0 0 0 0.11509 0 0 0 0 0 0 0 0.099674 0 0.057547 0 0
0 0 0 0.090045 0 0 0 0 0 0 0 0.077982 0 0.045023 0 0
