-0 -0 -0 0.098291 0 0 0 0 0 -0 -0 0.079463 -0.03209 0.048135 0 0
-0 -0 -0 0.0223 0 0 0 0 0 -0 -0 0.018029 -0.0072806 0.010921 0 0
-0 -0 -0 0.12137 0 0 0 0 0 -0 -0 0.09812 -0.039624 0.059437 0 0
0 0 0 0.15722 0 0 0 0 0 -0 -0 0.12711 -0.05133 0.076995 0 0
0 0 0 0.014387 0 0 0 0 0 -0 -0 0.011631 -0.0046971 0.0070457 0 0
0 0 0 0.023261 0 0 0 0 0 -0 -0 0.018806 -0.0075944 0.011392 0 0
-0 -0 -0 0.0025255 0 0 0 0 0 -0 -0 0.0020417 -0.00082452 0.0012368 0 0
0 0 0 0.13322 0 0 0 0 0 -0 -0 0.1077 -0.043492 0.065238 0 0
-0 -0 -0 0.19334 0 0 0 0 0 -0 -0 0.1563 -0.063121 0.094682 0 0
-0 -0 -0 0.16789 0 0 0 0 0 -0 -0 0.13573 -0.054813 0.08222 0 0
-0 -0 -0 0.086793 0 0 0 0 0 -0 -0 0.070168 -0.028336 0.042504 0 0
0 0 0 0.13795 0 0 0 0 0 -0 -0 0.11153 -0.045038 0.067557 0 0
0 0 0 0.095194 0 0 0 0 0 -0 -0 0.076959 -0.031079 0.046618 0 0
-0 -0 -0 0.030713 0 0 0 0 0 -0 -0 0.02483 -0.010027 0.015041 0 0
-0 -0 -0 0.031706 0 0 0 0 0 -0 -0 0.025632 -0.010351 0.015527 0 0
0 0 0 0.19445 0 0 0 0 0 -0 -0 0.1572 -0.063484 0.095226 0 0
-0 -0 -0 0.037927 0 0 0 0 0 -0 -0 0.030662 -0.012382 0.018574 0 0
-0 -0 -0 0.077308 0 0 0 0 0 -0 -0 0.062499 -0.025239 0.037859 0 0
0 0 0 0.013321 0 0 0 0 0 -0 -0 0.01077 -0.0043491 0.0065237 0 0
0 0 0 0.054236 0 0 0 0 0 -0 -0 0.043847 -0.017707 0.02656 0 0
-0 -0 -0 0.18763 0 0 0 0 0 -0 -0 0.15169 -0.061258 0.091887 0 0
0 0 0 0.18005 0 0 0 0 0 -0 -0 0.14556 -0.058782 0.088173 0 0
-0 -0 -0 0.03063 0 0 0 0 0 -0 -0 0.024763 -0.01 0.015 0 0
-0 -0 -0 0.0024052 0 0 0 0 0 -0 -0 0.0019445 -0.00078526 0.0011779 0 0
0 0 0 0.020359 0 0 0 0 0 -0 -0 0.016459 -0.0066469 0.0099703 0 0
-0 -0 -0 0.15133 0 0 0 0 0 -0 -0 0.12234 -0.049407 0.07411 0 0
-0 -0 -0 0.18189 0 0 0 0 0 -0 -0 0.14705 -0.059385 0.089077 0 0
-0 -0 -0 0.1405 0 0 0 0 0 -0 -0 0.11359 -0.045871 0.068807 0 0
0 0 0 0.17646 0 0 0 0 0 -0 -0 0.14266 -0.057611 0.086416 0 0
-0 -0 -0 0.1848 0 0 0 0 0 -0 -0 0.1494 -0.060334 0.090501 0 0
-0 -0 -0 0.016373 0 0 0 0 0 -0 -0 0.013236 -0.0053453 0.008018 0 0
-0 -0 -0 0.11976 0 0 0 0 0 -0 -0 0.096823 -0.0391 0.058651 0 0
-0 -0 -0 0.055366 0 0 0 0 0 -0 -0 0.04476 -0.018076 0.027114 0 0
-0 -0 -0 0.067384 0 0 0 0 0 -0 -0 0.054476 -0.021999 0.032999 0 0
-0 -0 -0 0.18009 0 0 0 0 0 -0 -0 0.14559 -0.058796 0.088194 0 0
0 0 0 0.043 0 0 0 0 0 -0 -0 0.034763 -0.014039 0.021058 0 0
0 0 0 0.098889 0 0 0 0 0 -0 -0 0.079947 -0.032285 0.048428 0 0
0 0 0 0.00787 0 0 0 0 0 -0 -0 0.0063625 -0.0025694 0.0038541 0 0
-0 -0 -0 0.14867 0 0 0 0 0 -0 -0 0.12019 -0.048538 0.072807 0 0
-0 -0 -0 0.078111 0 0 0 0 0 -0 -0 0.063149 -0.025502 0.038253 0 0
-0 -0 -0 0.019763 0 0 0 0 0 -0 -0 0.015978 -0.0064523 0.0096784 0 0
0 0 0 0.16616 0 0 0 0 0 -0 -0 0.13433 -0.054246 0.08137 0 0
0 0 0 0.10231 0 0 0 0 0 -0 -0 0.082711 -0.033402 0.050103 0 0
-0 -0 -0 0.0066019 0 0 0 0 0 -0 -0 0.0053373 -0.0021554 0.0032331 0 0
0 0 0 0.12058 0 0 0 0 0 -0 -0 0.097485 -0.039368 0.059052 0 0
0 0 0 0.067083 0 0 0 0 0 -0 -0 0.054233 -0.021901 0.032852 0 0
-0 -0 -0 0.010059 0 0 0 0 0 -0 -0 0.008132 -0.003284 0.004926 0 0
-0 -0 -0 0.17619 0 0 0 0 0 -0 -0 0.14244 -0.057521 0.086282 0 0
0 0 0 0.16589 0 0 0 0 0 -0 -0 0.13411 -0.054158 0.081238 0 0
0 0 0 0.035637 0 0 0 0 0 -0 -0 0.02881 -0.011635 0.017452 0 0
0 0 0 0.031023 0 0 0 0 0 -0 -0 0.02508 -0.010128 0.015193 0 0
-0 -0 -0 0.13553 0 0 0 0 0 -0 -0 0.10957 -0.044246 0.066369 0 0
0 0 0 0.084095 0 0 0 0 0 -0 -0 0.067986 -0.027455 0.041183 0 0
0 0 0 0.032911 0 0 0 0 0 -0 -0 0.026606 -0.010745 0.016117 0 0
0 0 0 0.088602 0 0 0 0 0 -0 -0 0.07163 -0.028927 0.04339 0 0
0 0 0 0.029998 0 0 0 0 0 -0 -0 0.024251 -0.0097936 0.01469 0 0
-0 -0 -0 0.0083067 0 0 0 0 0 -0 -0 0.0067155 -0.002712 0.0040679 0 0
-0 -0 -0 0.10573 0 0 0 0 0 -0 -0 0.085478 -0.034519 0.051779 0 0
0 0 0 0.18418 0 0 0 0 0 -0 -0 0.1489 -0.06013 0.090194 0 0
0 0 0 0.090884 0 0 0 0 0 -0 -0 0.073475 -0.029672 0.044508 0 0
0 0 0 0.017932 0 0 0 0 0 -0 -0 0.014497 -0.0058545 0.0087817 0 0
0 0 0 0.10359 0 0 0 0 0 -0 -0 0.083746 -0.03382 0.05073 0 0
0 0 0 0.081561 0 0 0 0 0 -0 -0 0.065938 -0.026628 0.039942 0 0
0 0 0 0.065628 0 0 0 0 0 -0 -0 0.053057 -0.021426 0.032139 0 0
0 0 0 0.18858 0 0 0 0 0 -0 -0 0.15246 -0.061568 0.092352 0 0
-0 -0 -0 0.10974 0 0 0 0 0 -0 -0 0.088718 -0.035828 0.053741 0 0
0 0 0 0.19668 0 0 0 0 0 -0 -0 0.159 -0.06421 0.096316 0 0
-0 -0 -0 0.070567 0 0 0 0 0 -0 -0 0.05705 -0.023039 0.034558 0 0
-0 -0 -0 0.15029 0 0 0 0 0 -0 -0 0.1215 -0.049067 0.073601 0 0
-0 -0 -0 0.054235 0 0 0 0 0 -0 -0 0.043847 -0.017707 0.02656 0 0
-0 -0 -0 0.13237 0 0 0 0 0 -0 -0 0.10702 -0.043217 0.064826 0 0
0 0 0 0.028625 0 0 0 0 0 -0 -0 0.023142 -0.0093454 0.014018 0 0
0 0 0 0.00022672 0 0 0 0 0 -0 -0 0.00018329 -7.402e-05 0.00011103 0 0
-0 -0 -0 0.11541 0 0 0 0 0 -0 -0 0.093305 -0.03768 0.05652 0 0
0 0 0 0.1426 0 0 0 0 0 -0 -0 0.11529 -0.046556 0.069835 0 0
-0 -0 -0 0.16614 0 0 0 0 0 -0 -0 0.13432 -0.054242 0.081363 0 0
0 0 0 0.075741 0 0 0 0 0 -0 -0 0.061232 -0.024728 0.037092 0 0
-0 -0 -0 0.13061 0 0 0 0 0 -0 -0 0.10559 -0.04264 0.06396 0 0
0 0 0 0.0053435 0 0 0 0 0 -0 -0 0.0043199 -0.0017445 0.0026168 0 0
-0 -0 -0 0.11714 0 0 0 0 0 -0 -0 0.094705 -0.038245 0.057368 0 0
0 0 0 0.16654 0 0 0 0 0 -0 -0 0.13464 -0.054373 0.08156 0 0
-0 -0 -0 0.053279 0 0 0 0 0 -0 -0 0.043073 -0.017394 0.026091 0 0
0 0 0 0.059813 0 0 0 0 0 -0 -0 0.048356 -0.019528 0.029292 0 0
0 0 0 0.15677 0 0 0 0 0 -0 -0 0.12674 -0.051182 0.076772 0 0
-0 -0 -0 0.056808 0 0 0 0 0 -0 -0 0.045926 -0.018547 0.02782 0 0
-0 -0 -0 0.027221 0 0 0 0 0 -0 -0 0.022006 -0.008887 0.01333 0 0
-0 -0 -0 0.05947 0 0 0 0 0 -0 -0 0.048078 -0.019416 0.029123 0 0
-0 -0 -0 0.0066795 0 0 0 0 0 -0 -0 0.0054 -0.0021807 0.0032711 0 0
0 0 0 0.11386 0 0 0 0 0 -0 -0 0.092049 -0.037173 0.055759 0 0
0 0 0 0.15739 0 0 0 0 0 -0 -0 0.12724 -0.051384 0.077077 0 0
-0 -0 -0 0.0041803 0 0 0 0 0 -0 -0 0.0033796 -0.0013648 0.0020472 0 0
-0 -0 -0 0.074485 0 0 0 0 0 -0 -0 0.060217 -0.024318 0.036477 0 0
0 0 0 0.0046497 0 0 0 0 0 -0 -0 0.003759 -0.001518 0.002277 0 0
0 0 0 0.13022 0 0 0 0 0 -0 -0 0.10527 -0.042513 0.06377 0 0
-0 -0 -0 0.17983 0 0 0 0 0 -0 -0 0.14538 -0.058711 0.088067 0 0
-0 -0 -0 0.093147 0 0 0 0 0 -0 -0 0.075304 -0.03041 0.045616 0 0
-0 -0 -0 0.15396 0 0 0 0 0 -0 -0 0.12447 -0.050265 0.075397 0 0
0 0 0 0.12879 0 0 0 0 0 -0 -0 0.10412 -0.042048 0.063072 0 0
0 0 0 0.18045 0 0 0 0 0 -0 -0 0.14588 -0.058912 0.088368 0 0
-0 -0 -0 0.10669 0 0 0 0 0 -0 -0 0.086254 -0.034833 0.052249 0 0
