-0 -0 -0.30377 0 0 0 0 0 0 0 0 0 0 0.1511 -0.013531 -0.26317 0.020282 -0.023824 0.01287 0 0
-0 -0 -0.14021 0 0 0 0 0 0 0 0 0 0 0.06974 -0.0062454 -0.12147 0.010161 -0.010086 0.0063522 0 0
0 0 0.15638 0 0 0 0 0 0 0 0 0 0 -0.077788 0.006966 0.13548 -0.012693 0.009153 -0.0077581 0 0
0 0 0.32922 0 0 0 0 0 0 0 0 0 0 -0.16376 0.014665 0.28522 -0.028027 0.01644 -0.016936 0 0
-0 -0 -0.04848 0 0 0 0 0 0 0 0 0 0 0.024115 -0.0021595 -0.042001 0.0036553 -0.0032966 0.0022681 0 0
0 0 0.21303 0 0 0 0 0 0 0 0 0 0 -0.10596 0.0094892 0.18456 -0.017587 0.01188 -0.010708 0 0
-0 -0 -0.063847 0 0 0 0 0 0 0 0 0 0 0.031758 -0.002844 -0.055314 0.0047835 -0.0043845 0.0029718 0 0
0 0 0.072927 0 0 0 0 0 0 0 0 0 0 -0.036275 0.0032485 0.063181 -0.0057575 0.0045573 -0.00354 0 0
0 0 0.28424 0 0 0 0 0 0 0 0 0 0 -0.14139 0.012661 0.24626 -0.023928 0.014843 -0.014501 0 0
0 0 0.076641 0 0 0 0 0 0 0 0 0 0 -0.038123 0.0034139 0.0664 -0.0060587 0.0047761 -0.0037241 0 0
-0 -0 -0.039756 0 0 0 0 0 0 0 0 0 0 0.019775 -0.0017709 -0.034443 0.0030082 -0.0026881 0.0018653 0 0
-0 -0 -0.082274 0 0 0 0 0 0 0 0 0 0 0.040924 -0.0036648 -0.071279 0.0061165 -0.0057158 0.0038056 0 0
-0 -0 -0.032488 0 0 0 0 0 0 0 0 0 0 0.01616 -0.0014471 -0.028146 0.0024654 -0.0021862 0.0015279 0 0
-0 -0 -0.14456 0 0 0 0 0 0 0 0 0 0 0.071906 -0.0064392 -0.12524 0.010455 -0.010425 0.0065388 0 0
-0 -0 -0.065346 0 0 0 0 0 0 0 0 0 0 0.032504 -0.0029108 -0.056614 0.0048928 -0.0044918 0.0030401 0 0
0 0 0.16424 0 0 0 0 0 0 0 0 0 0 -0.081698 0.0073162 0.1423 -0.013364 0.0095508 -0.0081636 0 0
-0 -0 -0.13671 0 0 0 0 0 0 0 0 0 0 0.068 -0.0060895 -0.11844 0.0099228 -0.0098143 0.0062017 0 0
-0 -0 -0.13384 0 0 0 0 0 0 0 0 0 0 0.066576 -0.005962 -0.11596 0.0097277 -0.0095927 0.0060783 0 0
0 0 0.31467 0 0 0 0 0 0 0 0 0 0 -0.15652 0.014017 0.27262 -0.026694 0.015947 -0.016146 0 0
0 0 0.17774 0 0 0 0 0 0 0 0 0 0 -0.088409 0.0079171 0.15398 -0.014521 0.010219 -0.0088626 0 0
-0 -0 -0.28129 0 0 0 0 0 0 0 0 0 0 0.13992 -0.01253 -0.2437 0.019011 -0.021822 0.012037 0 0
0 0 0.23486 0 0 0 0 0 0 0 0 0 0 -0.11682 0.010461 0.20347 -0.01951 0.012844 -0.011862 0 0
0 0 0.25456 0 0 0 0 0 0 0 0 0 0 -0.12662 0.011339 0.22054 -0.021261 0.013672 -0.01291 0 0
0 0 0.30112 0 0 0 0 0 0 0 0 0 0 -0.14978 0.013413 0.26088 -0.025458 0.015467 -0.015412 0 0
-0 -0 -0.090482 0 0 0 0 0 0 0 0 0 0 0.045007 -0.0040304 -0.07839 0.0067031 -0.0063181 0.0041734 0 0
0 0 0.14684 0 0 0 0 0 0 0 0 0 0 -0.073043 0.0065411 0.12722 -0.011883 0.0086622 -0.0072678 0 0
0 0 0.18373 0 0 0 0 0 0 0 0 0 0 -0.091391 0.0081842 0.15918 -0.015038 0.01051 -0.0091745 0 0
0 0 0.059223 0 0 0 0 0 0 0 0 0 0 -0.029459 0.0026381 0.051309 -0.004653 0.0037387 -0.0028637 0 0
-0 -0 -0.049503 0 0 0 0 0 0 0 0 0 0 0.024624 -0.0022051 -0.042888 0.0037309 -0.0033684 0.0023152 0 0
0 0 0.18877 0 0 0 0 0 0 0 0 0 0 -0.093898 0.0084087 0.16355 -0.015474 0.010752 -0.0094372 0 0
0 0 0.34377 0 0 0 0 0 0 0 0 0 0 -0.171 0.015313 0.29783 -0.029367 0.016911 -0.01773 0 0
0 0 0.2078 0 0 0 0 0 0 0 0 0 0 -0.10336 0.0092562 0.18003 -0.017129 0.011642 -0.010433 0 0
-0 -0 -0.24062 0 0 0 0 0 0 0 0 0 0 0.11969 -0.010718 -0.20847 0.016613 -0.018289 0.010478 0 0
0 0 0.32267 0 0 0 0 0 0 0 0 0 0 -0.1605 0.014373 0.27955 -0.027426 0.016221 -0.01658 0 0
-0 -0 -0.2132 0 0 0 0 0 0 0 0 0 0 0.10605 -0.0094967 -0.18471 0.014923 -0.015973 0.0093895 0 0
0 0 0.13871 0 0 0 0 0 0 0 0 0 0 -0.068996 0.0061787 0.12017 -0.011195 0.0082365 -0.0068512 0 0
-0 -0 -0.16468 0 0 0 0 0 0 0 0 0 0 0.081912 -0.0073354 -0.14267 0.0118 -0.012014 0.0073924 0 0
0 0 0.049727 0 0 0 0 0 0 0 0 0 0 -0.024735 0.0022151 0.043082 -0.0038937 0.0031611 -0.0023981 0 0
0 0 0.28729 0 0 0 0 0 0 0 0 0 0 -0.1429 0.012797 0.2489 -0.024204 0.014958 -0.014665 0 0
-0 -0 -0.21291 0 0 0 0 0 0 0 0 0 0 0.10591 -0.0094841 -0.18446 0.014906 -0.015949 0.009378 0 0
-0 -0 -0.26098 0 0 0 0 0 0 0 0 0 0 0.12981 -0.011625 -0.2261 0.017829 -0.020043 0.011267 0 0
0 0 0.020768 0 0 0 0 0 0 0 0 0 0 -0.01033 0.00092508 0.017992 -0.0016089 0.0013478 -0.00099302 0 0
-0 -0 -0.3169 0 0 0 0 0 0 0 0 0 0 0.15763 -0.014116 -0.27455 0.021006 -0.025009 0.013346 0 0
-0 -0 -0.28935 0 0 0 0 0 0 0 0 0 0 0.14393 -0.012889 -0.25068 0.019471 -0.022536 0.012338 0 0
-0 -0 -0.32629 0 0 0 0 0 0 0 0 0 0 0.1623 -0.014534 -0.28268 0.021515 -0.025863 0.013682 0 0
0 0 0.19102 0 0 0 0 0 0 0 0 0 0 -0.095019 0.0085091 0.1655 -0.015669 0.010859 -0.0095548 0 0
0 0 0.30819 0 0 0 0 0 0 0 0 0 0 -0.1533 0.013728 0.26701 -0.026102 0.01572 -0.015795 0 0
-0 -0 -0.053998 0 0 0 0 0 0 0 0 0 0 0.02686 -0.0024053 -0.046782 0.0040621 -0.0036849 0.0025217 0 0
0 0 0.13684 0 0 0 0 0 0 0 0 0 0 -0.068065 0.0060954 0.11855 -0.011038 0.0081377 -0.0067556 0 0
0 0 0.22406 0 0 0 0 0 0 0 0 0 0 -0.11145 0.0099806 0.19412 -0.018556 0.012373 -0.01129 0 0
0 0 0.2333 0 0 0 0 0 0 0 0 0 0 -0.11605 0.010392 0.20212 -0.019372 0.012777 -0.011779 0 0
-0 -0 -0.34504 0 0 0 0 0 0 0 0 0 0 0.17163 -0.015369 -0.29893 0.02251 -0.027586 0.014343 0 0
0 0 0.28799 0 0 0 0 0 0 0 0 0 0 -0.14325 0.012829 0.24951 -0.024267 0.014984 -0.014703 0 0
0 0 0.32513 0 0 0 0 0 0 0 0 0 0 -0.16172 0.014483 0.28168 -0.027651 0.016304 -0.016714 0 0
0 0 0.16827 0 0 0 0 0 0 0 0 0 0 -0.083701 0.0074955 0.14578 -0.013708 0.0097521 -0.0083718 0 0
0 0 0.31001 0 0 0 0 0 0 0 0 0 0 -0.1542 0.013809 0.26858 -0.026268 0.015784 -0.015893 0 0
0 0 0.20633 0 0 0 0 0 0 0 0 0 0 -0.10263 0.0091909 0.17876 -0.017001 0.011575 -0.010356 0 0
0 0 0.050656 0 0 0 0 0 0 0 0 0 0 -0.025197 0.0022565 0.043887 -0.0039677 0.003218 -0.0024435 0 0
0 0 0.32234 0 0 0 0 0 0 0 0 0 0 -0.16034 0.014358 0.27926 -0.027395 0.01621 -0.016562 0 0
0 0 0.21232 0 0 0 0 0 0 0 0 0 0 -0.10561 0.0094575 0.18394 -0.017525 0.011848 -0.010671 0 0
0 0 0.016448 0 0 0 0 0 0 0 0 0 0 -0.0081816 0.00073268 0.01425 -0.0012722 0.0010707 -0.00078546 0 0
0 0 0.279 0 0 0 0 0 0 0 0 0 0 -0.13878 0.012428 0.24171 -0.023454 0.014642 -0.014219 0 0
-0 -0 -0.16563 0 0 0 0 0 0 0 0 0 0 0.08239 -0.0073781 -0.1435 0.011863 -0.01209 0.0074328 0 0
0 0 0.2484 0 0 0 0 0 0 0 0 0 0 -0.12356 0.011065 0.21521 -0.020713 0.013417 -0.012582 0 0
0 0 0.16686 0 0 0 0 0 0 0 0 0 0 -0.083001 0.0074329 0.14457 -0.013588 0.009682 -0.0082991 0 0
0 0 0.10133 0 0 0 0 0 0 0 0 0 0 -0.050403 0.0045136 0.087788 -0.0080784 0.0061971 -0.0049568 0 0
-0 -0 -0.014114 0 0 0 0 0 0 0 0 0 0 0.0070206 -0.0006287 -0.012228 0.0010789 -0.0009382 0.00066768 0 0
-0 -0 -0.32536 0 0 0 0 0 0 0 0 0 0 0.16184 -0.014493 -0.28188 0.021465 -0.025778 0.013649 0 0
-0 -0 -0.19629 0 0 0 0 0 0 0 0 0 0 0.097639 -0.0087437 -0.17006 0.013855 -0.014573 0.0087038 0 0
-0 -0 -0.22493 0 0 0 0 0 0 0 0 0 0 0.11189 -0.01002 -0.19487 0.015653 -0.016957 0.009859 0 0
-0 -0 -0.15967 0 0 0 0 0 0 0 0 0 0 0.07942 -0.0071122 -0.13833 0.011468 -0.011615 0.0071812 0 0
-0 -0 -0.042739 0 0 0 0 0 0 0 0 0 0 0.021259 -0.0019038 -0.037027 0.0032299 -0.0028954 0.0020033 0 0
0 0 0.17246 0 0 0 0 0 0 0 0 0 0 -0.085785 0.0076821 0.14941 -0.014067 0.0099598 -0.0085888 0 0
-0 -0 -0.12932 0 0 0 0 0 0 0 0 0 0 0.064325 -0.0057604 -0.11204 0.0094179 -0.0092437 0.0058825 0 0
-0 -0 -0.02407 0 0 0 0 0 0 0 0 0 0 0.011973 -0.0010722 -0.020853 0.0018327 -0.0016107 0.0011351 0 0
0 0 0.1122 0 0 0 0 0 0 0 0 0 0 -0.05581 0.0049979 0.097207 -0.0089778 0.0068043 -0.0055044 0 0
0 0 0.058689 0 0 0 0 0 0 0 0 0 0 -0.029193 0.0026143 0.050846 -0.0046102 0.0037064 -0.0028375 0 0
-0 -0 -0.064849 0 0 0 0 0 0 0 0 0 0 0.032257 -0.0028886 -0.056183 0.0048565 -0.0044562 0.0030175 0 0
0 0 0.24663 0 0 0 0 0 0 0 0 0 0 -0.12268 0.010986 0.21367 -0.020555 0.013344 -0.012488 0 0
0 0 0.25036 0 0 0 0 0 0 0 0 0 0 -0.12453 0.011152 0.21691 -0.020887 0.013499 -0.012686 0 0
-0 -0 -0.24264 0 0 0 0 0 0 0 0 0 0 0.12069 -0.010808 -0.21021 0.016734 -0.018461 0.010557 0 0
-0 -0 -0.0065951 0 0 0 0 0 0 0 0 0 0 0.0032805 -0.00029378 -0.0057138 0.00050562 -0.00043617 0.00031272 0 0
0 0 0.23711 0 0 0 0 0 0 0 0 0 0 -0.11794 0.010562 0.20542 -0.019709 0.012941 -0.011981 0 0
-0 -0 -0.14975 0 0 0 0 0 0 0 0 0 0 0.074489 -0.0066706 -0.12974 0.010805 -0.010832 0.0067606 0 0
0 0 0.14902 0 0 0 0 0 0 0 0 0 0 -0.074128 0.0066382 0.12911 -0.012068 0.0087752 -0.0073797 0 0
-0 -0 -0.05258 0 0 0 0 0 0 0 0 0 0 0.026154 -0.0023422 -0.045554 0.0039578 -0.0035849 0.0024567 0 0
0 0 0.094598 0 0 0 0 0 0 0 0 0 0 -0.047055 0.0042138 0.081956 -0.0075246 0.0058155 -0.0046192 0 0
0 0 0.060738 0 0 0 0 0 0 0 0 0 0 -0.030212 0.0027055 0.052621 -0.0047746 0.00383 -0.0029382 0 0
0 0 0.20234 0 0 0 0 0 0 0 0 0 0 -0.10065 0.009013 0.1753 -0.016653 0.01139 -0.010147 0 0
0 0 0.32179 0 0 0 0 0 0 0 0 0 0 -0.16006 0.014334 0.27879 -0.027345 0.016191 -0.016533 0 0
-0 -0 -0.19068 0 0 0 0 0 0 0 0 0 0 0.094845 -0.0084935 -0.16519 0.013495 -0.014113 0.0084736 0 0
-0 -0 -0.047094 0 0 0 0 0 0 0 0 0 0 0.023425 -0.0020978 -0.040801 0.0035528 -0.0031995 0.0022043 0 0
-0 -0 -0.34147 0 0 0 0 0 0 0 0 0 0 0.16985 -0.01521 -0.29583 0.022323 -0.027256 0.014218 0 0
-0 -0 -0.14138 0 0 0 0 0 0 0 0 0 0 0.070326 -0.0062978 -0.12249 0.01024 -0.010178 0.0064027 0 0
0 0 0.26016 0 0 0 0 0 0 0 0 0 0 -0.12941 0.011589 0.2254 -0.021763 0.0139 -0.013209 0 0
0 0 0.24447 0 0 0 0 0 0 0 0 0 0 -0.1216 0.01089 0.2118 -0.020362 0.013253 -0.012372 0 0
0 0 0.17463 0 0 0 0 0 0 0 0 0 0 -0.086866 0.007779 0.1513 -0.014254 0.010067 -0.0087016 0 0
0 0 0.10359 0 0 0 0 0 0 0 0 0 0 -0.05153 0.0046145 0.089751 -0.0082653 0.0063246 -0.0050707 0 0
-0 -0 -0.19318 0 0 0 0 0 0 0 0 0 0 0.096093 -0.0086052 -0.16737 0.013656 -0.014318 0.0085765 0 0
-0 -0 -0.28645 0 0 0 0 0 0 0 0 0 0 0.14248 -0.01276 -0.24817 0.019307 -0.022279 0.01223 0 0
