0 0 0 0.10487 0 0 0 0 -0 0 0 0.07741 -0.050028 0.050028 0 0
-0 -0 -0 0.053718 0 0 0 0 -0 0 0 0.039651 -0.025626 0.025626 0 0
0 0 0 0.05157 0 0 0 0 -0 0 0 0.038066 -0.024601 0.024601 0 0
-0 -0 -0 0.072128 0 0 0 0 -0 0 0 0.053241 -0.034408 0.034408 0 0
0 0 0 0.19504 0 0 0 0 -0 0 0 0.14397 -0.093044 0.093044 0 0
-0 -0 -0 0.19561 0 0 0 0 -0 0 0 0.14439 -0.093313 0.093313 0 0
0 0 0 0.1295 0 0 0 0 -0 0 0 0.095591 -0.061778 0.061778 0 0
0 0 0 0.018752 0 0 0 0 -0 0 0 0.013842 -0.0089458 0.0089458 0 0
-0 -0 -0 0.16938 0 0 0 0 -0 0 0 0.12503 -0.080801 0.080801 0 0
-0 -0 -0 0.13252 0 0 0 0 -0 0 0 0.097816 -0.063216 0.063216 0 0
-0 -0 -0 0.017607 0 0 0 0 -0 0 0 0.012997 -0.0083994 0.0083994 0 0
-0 -0 -0 0.0061763 0 0 0 0 -0 0 0 0.004559 -0.0029464 0.0029464 0 0
-0 -0 -0 0.11858 0 0 0 0 -0 0 0 0.087526 -0.056566 0.056566 0 0
0 0 0 0.08479 0 0 0 0 -0 0 0 0.062588 -0.040449 0.040449 0 0
-0 -0 -0 0.091518 0 0 0 0 -0 0 0 0.067553 -0.043658 0.043658 0 0
-0 -0 -0 0.037309 0 0 0 0 -0 0 0 0.02754 -0.017798 0.017798 0 0
-0 -0 -0 0.072492 0 0 0 0 -0 0 0 0.05351 -0.034582 0.034582 0 0
0 0 0 0.19021 0 0 0 0 -0 0 0 0.14041 -0.090741 0.090741 0 0
0 0 0 0.10665 0 0 0 0 -0 0 0 0.078727 -0.050879 0.050879 0 0
-0 -0 -0 0.017587 0 0 0 0 -0 0 0 0.012981 -0.0083896 0.0083896 0 0
-0 -0 -0 0.085695 0 0 0 0 -0 0 0 0.063255 -0.04088 0.04088 0 0
0 0 0 0.11308 0 0 0 0 -0 0 0 0.083471 -0.053945 0.053945 0 0
0 0 0 0.080686 0 0 0 0 -0 0 0 0.059558 -0.038491 0.038491 0 0
0 0 0 0.18403 0 0 0 0 -0 0 0 0.13584 -0.087789 0.087789 0 0
0 0 0 0.094412 0 0 0 0 -0 0 0 0.06969 -0.045039 0.045039 0 0
-0 -0 -0 0.1797 0 0 0 0 -0 0 0 0.13265 -0.085726 0.085726 0 0
-0 -0 -0 0.10693 0 0 0 0 -0 0 0 0.078933 -0.051013 0.051013 0 0
-0 -0 -0 0.052906 0 0 0 0 -0 0 0 0.039052 -0.025238 0.025238 0 0
0 0 0 0.10065 0 0 0 0 -0 0 0 0.074298 -0.048017 0.048017 0 0
-0 -0 -0 0.18949 0 0 0 0 -0 0 0 0.13987 -0.090395 0.090395 0 0
0 0 0 0.070969 0 0 0 0 -0 0 0 0.052385 -0.033855 0.033855 0 0
-0 -0 -0 0.18298 0 0 0 0 -0 0 0 0.13507 -0.087292 0.087292 0 0
-0 -0 -0 0.18721 0 0 0 0 -0 0 0 0.13819 -0.089306 0.089306 0 0
-0 -0 -0 0.19751 0 0 0 0 -0 0 0 0.14579 -0.094221 0.094221 0 0
0 0 0 0.15739 0 0 0 0 -0 0 0 0.11618 -0.075081 0.075081 0 0
0 0 0 0.099096 0 0 0 0 -0 0 0 0.073147 -0.047273 0.047273 0 0
0 0 0 0.084863 0 0 0 0 -0 0 0 0.062641 -0.040483 0.040483 0 0
-0 -0 -0 0.17746 0 0 0 0 -0 0 0 0.13099 -0.084654 0.084654 0 0
-0 -0 -0 0.16499 0 0 0 0 -0 0 0 0.12179 -0.078708 0.078708 0 0
0 0 0 0.11361 0 0 0 0 -0 0 0 0.083858 -0.054195 0.054195 0 0
0 0 0 0.033249 0 0 0 0 -0 0 0 0.024542 -0.015861 0.015861 0 0
-0 -0 -0 0.04007 0 0 0 0 -0 0 0 0.029578 -0.019115 0.019115 0 0
0 0 0 0.11299 0 0 0 0 -0 0 0 0.083402 -0.053901 0.053901 0 0
0 0 0 0.012324 0 0 0 0 -0 0 0 0.0090965 -0.0058789 0.0058789 0 0
-0 -0 -0 0.033041 0 0 0 0 -0 0 0 0.024389 -0.015762 0.015762 0 0
0 0 0 0.11566 0 0 0 0 -0 0 0 0.085372 -0.055174 0.055174 0 0
-0 -0 -0 0.05973 0 0 0 0 -0 0 0 0.044089 -0.028494 0.028494 0 0
0 0 0 0.048106 0 0 0 0 -0 0 0 0.035509 -0.022949 0.022949 0 0
0 0 0 0.097942 0 0 0 0 -0 0 0 0.072295 -0.046722 0.046722 0 0
0 0 0 0.016991 0 0 0 0 -0 0 0 0.012542 -0.0081054 0.0081054 0 0
-0 -0 -0 0.037936 0 0 0 0 -0 0 0 0.028002 -0.018097 0.018097 0 0
0 0 0 0.049746 0 0 0 0 -0 0 0 0.03672 -0.023731 0.023731 0 0
0 0 0 0.12579 0 0 0 0 -0 0 0 0.092849 -0.060006 0.060006 0 0
0 0 0 0.032735 0 0 0 0 -0 0 0 0.024163 -0.015616 0.015616 0 0
-0 -0 -0 0.10891 0 0 0 0 -0 0 0 0.080389 -0.051953 0.051953 0 0
0 0 0 0.11391 0 0 0 0 -0 0 0 0.084083 -0.054341 0.054341 0 0
-0 -0 -0 0.084025 0 0 0 0 -0 0 0 0.062023 -0.040084 0.040084 0 0
0 0 0 0.11441 0 0 0 0 -0 0 0 0.084452 -0.054579 0.054579 0 0
-0 -0 -0 0.15057 0 0 0 0 -0 0 0 0.11114 -0.071828 0.071828 0 0
-0 -0 -0 0.026813 0 0 0 0 -0 0 0 0.019792 -0.012791 0.012791 0 0
-0 -0 -0 0.094071 0 0 0 0 -0 0 0 0.069438 -0.044876 0.044876 0 0
0 0 0 0.094854 0 0 0 0 -0 0 0 0.070016 -0.04525 0.04525 0 0
-0 -0 -0 0.087232 0 0 0 0 -0 0 0 0.06439 -0.041614 0.041614 0 0
0 0 0 0.11465 0 0 0 0 -0 0 0 0.08463 -0.054694 0.054694 0 0
-0 -0 -0 0.13071 0 0 0 0 -0 0 0 0.096481 -0.062353 0.062353 0 0
-0 -0 -0 0.13362 0 0 0 0 -0 0 0 0.098633 -0.063744 0.063744 0 0
0 0 0 0.0011369 0 0 0 0 -0 0 0 0.00083923 -0.00054237 0.00054237 0 0
-0 -0 -0 0.15259 0 0 0 0 -0 0 0 0.11263 -0.072791 0.072791 0 0
0 0 0 0.10827 0 0 0 0 -0 0 0 0.079918 -0.051649 0.051649 0 0
-0 -0 -0 0.08255 0 0 0 0 -0 0 0 0.060934 -0.03938 0.03938 0 0
-0 -0 -0 0.081723 0 0 0 0 -0 0 0 0.060324 -0.038986 0.038986 0 0
0 0 0 0.11921 0 0 0 0 -0 0 0 0.087993 -0.056868 0.056868 0 0
-0 -0 -0 0.0021759 0 0 0 0 -0 0 0 0.0016061 -0.001038 0.001038 0 0
0 0 0 0.18715 0 0 0 0 -0 0 0 0.13814 -0.089277 0.089277 0 0
0 0 0 0.19784 0 0 0 0 -0 0 0 0.14603 -0.094377 0.094377 0 0
-0 -0 -0 0.12299 0 0 0 0 -0 0 0 0.090786 -0.058673 0.058673 0 0
-0 -0 -0 0.05589 0 0 0 0 -0 0 0 0.041255 -0.026662 0.026662 0 0
0 0 0 0.032248 0 0 0 0 -0 0 0 0.023804 -0.015384 0.015384 0 0
0 0 0 0.036695 0 0 0 0 -0 0 0 0.027086 -0.017505 0.017505 0 0
-0 -0 -0 0.18916 0 0 0 0 -0 0 0 0.13963 -0.090238 0.090238 0 0
0 0 0 0.15699 0 0 0 0 -0 0 0 0.11588 -0.074893 0.074893 0 0
0 0 0 0.028045 0 0 0 0 -0 0 0 0.020701 -0.013379 0.013379 0 0
-0 -0 -0 0.15225 0 0 0 0 -0 0 0 0.11238 -0.072631 0.072631 0 0
0 0 0 0.073448 0 0 0 0 -0 0 0 0.054215 -0.035038 0.035038 0 0
-0 -0 -0 0.076092 0 0 0 0 -0 0 0 0.056167 -0.036299 0.036299 0 0
-0 -0 -0 0.071382 0 0 0 0 -0 0 0 0.05269 -0.034052 0.034052 0 0
0 0 0 0.157 0 0 0 0 -0 0 0 0.11589 -0.074897 0.074897 0 0
0 0 0 0.0033048 0 0 0 0 -0 0 0 0.0024394 -0.0015765 0.0015765 0 0
0 0 0 0.01903 0 0 0 0 -0 0 0 0.014047 -0.0090783 0.0090783 0 0
0 0 0 0.015035 0 0 0 0 -0 0 0 0.011098 -0.0071722 0.0071722 0 0
-0 -0 -0 0.16673 0 0 0 0 -0 0 0 0.12307 -0.07954 0.07954 0 0
-0 -0 -0 0.19756 0 0 0 0 -0 0 0 0.14583 -0.094247 0.094247 0 0
0 0 0 0.15287 0 0 0 0 -0 0 0 0.11284 -0.072925 0.072925 0 0
0 0 0 0.078632 0 0 0 0 -0 0 0 0.058042 -0.037511 0.037511 0 0
-0 -0 -0 0.11091 0 0 0 0 -0 0 0 0.081868 -0.05291 0.05291 0 0
-0 -0 -0 0.12338 0 0 0 0 -0 0 0 0.091075 -0.058859 0.058859 0 0
0 0 0 0.070177 0 0 0 0 -0 0 0 0.051801 -0.033478 0.033478 0 0
0 0 0 0.029109 0 0 0 0 -0 0 0 0.021487 -0.013886 0.013886 0 0
-0 -0 -0 0.15524 0 0 0 0 -0 0 0 0.11459 -0.074055 0.074055 0 0
-0 -0 -0 0.14117 0 0 0 0 -0 0 0 0.1042 -0.067344 0.067344 0 0
