0 0 0 0.037677 0 0 0 0 0 0 0 0.032083 -0.0062471 0.018741 0 0
-0 -0 -0 0.031664 0 0 0 0 0 0 0 0.026962 -0.00525 0.01575 0 0
-0 -0 -0 0.12025 0 0 0 0 0 0 0 0.1024 -0.019939 0.059816 0 0
-0 -0 -0 0.14242 0 0 0 0 0 0 0 0.12127 -0.023613 0.07084 0 0
0 0 0 0.049113 0 0 0 0 0 0 0 0.041821 -0.0081432 0.02443 0 0
0 0 0 0.02165 0 0 0 0 0 0 0 0.018435 -0.0035897 0.010769 0 0
-0 -0 -0 0.058717 0 0 0 0 0 0 0 0.049999 -0.0097357 0.029207 0 0
0 0 0 0.18391 0 0 0 0 0 0 0 0.15661 -0.030494 0.091482 0 0
0 0 0 0.019849 0 0 0 0 0 0 0 0.016902 -0.0032911 0.0098733 0 0
0 0 0 0.022808 0 0 0 0 0 0 0 0.019422 -0.0037818 0.011345 0 0
0 0 0 0.037729 0 0 0 0 0 0 0 0.032127 -0.0062558 0.018767 0 0
-0 -0 -0 0.099539 0 0 0 0 0 0 0 0.084759 -0.016504 0.049512 0 0
0 0 0 0.17911 0 0 0 0 0 0 0 0.15251 -0.029697 0.089092 0 0
-0 -0 -0 0.16685 0 0 0 0 0 0 0 0.14208 -0.027665 0.082996 0 0
0 0 0 0.098413 0 0 0 0 0 0 0 0.0838 -0.016317 0.048952 0 0
-0 -0 -0 0.16923 0 0 0 0 0 0 0 0.1441 -0.028059 0.084178 0 0
-0 -0 -0 0.062798 0 0 0 0 0 0 0 0.053474 -0.010412 0.031237 0 0
-0 -0 -0 0.063786 0 0 0 0 0 0 0 0.054315 -0.010576 0.031729 0 0
-0 -0 -0 0.12151 0 0 0 0 0 0 0 0.10346 -0.020146 0.060439 0 0
-0 -0 -0 0.14522 0 0 0 0 0 0 0 0.12366 -0.024078 0.072235 0 0
-0 -0 -0 0.057293 0 0 0 0 0 0 0 0.048786 -0.0094996 0.028499 0 0
0 0 0 0.054698 0 0 0 0 0 0 0 0.046577 -0.0090693 0.027208 0 0
-0 -0 -0 0.18795 0 0 0 0 0 0 0 0.16004 -0.031164 0.093491 0 0
-0 -0 -0 0.144 0 0 0 0 0 0 0 0.12262 -0.023877 0.07163 0 0
0 0 0 0.059033 0 0 0 0 0 0 0 0.050268 -0.0097881 0.029364 0 0
-0 -0 -0 0.19965 0 0 0 0 0 0 0 0.17001 -0.033103 0.09931 0 0
0 0 0 0.019386 0 0 0 0 0 0 0 0.016508 -0.0032144 0.0096431 0 0
0 0 0 0.041908 0 0 0 0 0 0 0 0.035686 -0.0069486 0.020846 0 0
0 0 0 0.053732 0 0 0 0 0 0 0 0.045754 -0.0089092 0.026727 0 0
0 0 0 0.0093519 0 0 0 0 0 0 0 0.0079633 -0.0015506 0.0046518 0 0
-0 -0 -0 0.085096 0 0 0 0 0 0 0 0.072461 -0.014109 0.042328 0 0
-0 -0 -0 0.10472 0 0 0 0 0 0 0 0.089171 -0.017363 0.052089 0 0
0 0 0 0.082858 0 0 0 0 0 0 0 0.070555 -0.013738 0.041215 0 0
-0 -0 -0 0.08475 0 0 0 0 0 0 0 0.072166 -0.014052 0.042156 0 0
-0 -0 -0 0.02936 0 0 0 0 0 0 0 0.025 -0.004868 0.014604 0 0
-0 -0 -0 0.090005 0 0 0 0 0 0 0 0.076641 -0.014923 0.04477 0 0
0 0 0 0.09498 0 0 0 0 0 0 0 0.080877 -0.015748 0.047245 0 0
-0 -0 -0 0.107 0 0 0 0 0 0 0 0.091112 -0.017741 0.053224 0 0
-0 -0 -0 0.11484 0 0 0 0 0 0 0 0.097785 -0.01904 0.057121 0 0
0 0 0 0.11847 0 0 0 0 0 0 0 0.10088 -0.019643 0.058928 0 0
-0 -0 -0 0.042721 0 0 0 0 0 0 0 0.036378 -0.0070834 0.02125 0 0
0 0 0 0.090132 0 0 0 0 0 0 0 0.076749 -0.014944 0.044833 0 0
0 0 0 0.095037 0 0 0 0 0 0 0 0.080926 -0.015758 0.047273 0 0
-0 -0 -0 0.10601 0 0 0 0 0 0 0 0.090271 -0.017577 0.052732 0 0
0 0 0 0.17385 0 0 0 0 0 0 0 0.14803 -0.028825 0.086474 0 0
-0 -0 -0 0.014041 0 0 0 0 0 0 0 0.011956 -0.0023281 0.0069843 0 0
-0 -0 -0 0.14925 0 0 0 0 0 0 0 0.12709 -0.024747 0.074241 0 0
-0 -0 -0 0.0095629 0 0 0 0 0 0 0 0.008143 -0.0015856 0.0047567 0 0
-0 -0 -0 0.11483 0 0 0 0 0 0 0 0.097782 -0.01904 0.057119 0 0
0 0 0 0.018497 0 0 0 0 0 0 0 0.015751 -0.0030669 0.0092008 0 0
0 0 0 0.18784 0 0 0 0 0 0 0 0.15995 -0.031145 0.093435 0 0
0 0 0 0.13671 0 0 0 0 0 0 0 0.11641 -0.022668 0.068004 0 0
0 0 0 0.070565 0 0 0 0 0 0 0 0.060087 -0.0117 0.0351 0 0
-0 -0 -0 0.0011044 0 0 0 0 0 0 0 0.00094041 -0.00018311 0.00054934 0 0
-0 -0 -0 0.19304 0 0 0 0 0 0 0 0.16437 -0.032007 0.09602 0 0
0 0 0 0.080079 0 0 0 0 0 0 0 0.068188 -0.013277 0.039832 0 0
0 0 0 0.11568 0 0 0 0 0 0 0 0.098507 -0.019181 0.057543 0 0
0 0 0 0.10375 0 0 0 0 0 0 0 0.088349 -0.017203 0.051609 0 0
-0 -0 -0 0.086839 0 0 0 0 0 0 0 0.073945 -0.014398 0.043195 0 0
-0 -0 -0 0.12572 0 0 0 0 0 0 0 0.10706 -0.020846 0.062537 0 0
0 0 0 0.12884 0 0 0 0 0 0 0 0.10971 -0.021363 0.064088 0 0
0 0 0 0.14508 0 0 0 0 0 0 0 0.12354 -0.024055 0.072166 0 0
0 0 0 0.10844 0 0 0 0 0 0 0 0.092342 -0.017981 0.053942 0 0
-0 -0 -0 0.10088 0 0 0 0 0 0 0 0.085897 -0.016726 0.050177 0 0
-0 -0 -0 0.18972 0 0 0 0 0 0 0 0.16155 -0.031457 0.09437 0 0
-0 -0 -0 0.14376 0 0 0 0 0 0 0 0.12242 -0.023837 0.07151 0 0
-0 -0 -0 0.11603 0 0 0 0 0 0 0 0.098801 -0.019238 0.057715 0 0
-0 -0 -0 0.014682 0 0 0 0 0 0 0 0.012502 -0.0024343 0.007303 0 0
-0 -0 -0 0.15306 0 0 0 0 0 0 0 0.13033 -0.025378 0.076134 0 0
0 0 0 0.11654 0 0 0 0 0 0 0 0.099237 -0.019323 0.05797 0 0
0 0 0 0.016407 0 0 0 0 0 0 0 0.013971 -0.0027203 0.008161 0 0
-0 -0 -0 0.17749 0 0 0 0 0 0 0 0.15114 -0.02943 0.088289 0 0
0 0 0 0.13682 0 0 0 0 0 0 0 0.11651 -0.022686 0.068058 0 0
-0 -0 -0 0.13228 0 0 0 0 0 0 0 0.11264 -0.021932 0.065796 0 0
0 0 0 0.010489 0 0 0 0 0 0 0 0.0089315 -0.0017391 0.0052174 0 0
0 0 0 0.10736 0 0 0 0 0 0 0 0.091419 -0.017801 0.053403 0 0
-0 -0 -0 0.045815 0 0 0 0 0 0 0 0.039012 -0.0075963 0.022789 0 0
-0 -0 -0 0.10014 0 0 0 0 0 0 0 0.085275 -0.016605 0.049814 0 0
0 0 0 0.037594 0 0 0 0 0 0 0 0.032012 -0.0062334 0.0187 0 0
-0 -0 -0 0.15218 0 0 0 0 0 0 0 0.12958 -0.025232 0.075696 0 0
0 0 0 0.092228 0 0 0 0 0 0 0 0.078534 -0.015292 0.045876 0 0
-0 -0 -0 0.0031851 0 0 0 0 0 0 0 0.0027122 -0.00052812 0.0015843 0 0
-0 -0 -0 0.11294 0 0 0 0 0 0 0 0.09617 -0.018726 0.056178 0 0
0 0 0 0.0077721 0 0 0 0 0 0 0 0.0066181 -0.0012887 0.003866 0 0
-0 -0 -0 0.12056 0 0 0 0 0 0 0 0.10266 -0.01999 0.059971 0 0
-0 -0 -0 0.13339 0 0 0 0 0 0 0 0.11358 -0.022117 0.066351 0 0
-0 -0 -0 0.06721 0 0 0 0 0 0 0 0.057231 -0.011144 0.033432 0 0
-0 -0 -0 0.052645 0 0 0 0 0 0 0 0.044828 -0.0087288 0.026186 0 0
0 0 0 0.11179 0 0 0 0 0 0 0 0.09519 -0.018535 0.055606 0 0
-0 -0 -0 0.147 0 0 0 0 0 0 0 0.12518 -0.024374 0.073122 0 0
-0 -0 -0 0.099384 0 0 0 0 0 0 0 0.084628 -0.016479 0.049436 0 0
0 0 0 0.144 0 0 0 0 0 0 0 0.12262 -0.023877 0.07163 0 0
0 0 0 0.03726 0 0 0 0 0 0 0 0.031727 -0.0061779 0.018534 0 0
-0 -0 -0 0.10485 0 0 0 0 0 0 0 0.089278 -0.017384 0.052152 0 0
-0 -0 -0 0.038486 0 0 0 0 0 0 0 0.032772 -0.0063812 0.019144 0 0
-0 -0 -0 0.19721 0 0 0 0 0 0 0 0.16793 -0.032699 0.098096 0 0
0 0 0 0.17786 0 0 0 0 0 0 0 0.15145 -0.02949 0.088469 0 0
-0 -0 -0 0.063305 0 0 0 0 0 0 0 0.053906 -0.010496 0.031489 0 0
0 0 0 0.070811 0 0 0 0 0 0 0 0.060297 -0.011741 0.035223 0 0
0 0 0 0.09461 0 0 0 0 0 0 0 0.080563 -0.015687 0.047061 0 0
