0 0 0 0.18358 0 0 0 0 0 -0 -0 0.14841 -0.059934 0.089901 0 0
-0 -0 -0 0.11163 0 0 0 0 0 -0 -0 0.090246 -0.036445 0.054667 0 0
0 0 0 0.11667 0 0 0 0 0 -0 -0 0.09432 -0.03809 0.057135 0 0
-0 -0 -0 0.03598 0 0 0 0 0 -0 -0 0.029088 -0.011747 0.01762 0 0
0 0 0 0.051365 0 0 0 0 0 -0 -0 0.041526 -0.01677 0.025155 0 0
-0 -0 -0 0.11856 0 0 0 0 0 -0 -0 0.095853 -0.038709 0.058063 0 0
0 0 0 0.02357 0 0 0 0 0 -0 -0 0.019055 -0.0076951 0.011543 0 0
0 0 0 0.16599 0 0 0 0 0 -0 -0 0.13419 -0.054192 0.081288 0 0
0 0 0 0.10136 0 0 0 0 0 -0 -0 0.081947 -0.033093 0.04964 0 0
-0 -0 -0 0.17374 0 0 0 0 0 -0 -0 0.14046 -0.056723 0.085084 0 0
-0 -0 -0 0.1946 0 0 0 0 0 -0 -0 0.15733 -0.063534 0.095301 0 0
-0 -0 -0 0.059287 0 0 0 0 0 -0 -0 0.04793 -0.019356 0.029034 0 0
-0 -0 -0 0.012324 0 0 0 0 0 -0 -0 0.009963 -0.0040234 0.0060351 0 0
0 0 0 0.12464 0 0 0 0 0 -0 -0 0.10077 -0.040693 0.06104 0 0
-0 -0 -0 0.1207 0 0 0 0 0 -0 -0 0.097577 -0.039405 0.059108 0 0
-0 -0 -0 0.13687 0 0 0 0 0 -0 -0 0.11065 -0.044685 0.067027 0 0
0 0 0 0.10112 0 0 0 0 0 -0 -0 0.081747 -0.033012 0.049519 0 0
-0 -0 -0 0.1469 0 0 0 0 0 -0 -0 0.11876 -0.047959 0.071939 0 0
0 0 0 0.11168 0 0 0 0 0 -0 -0 0.090288 -0.036461 0.054692 0 0
0 0 0 0.038726 0 0 0 0 0 -0 -0 0.031308 -0.012643 0.018965 0 0
-0 -0 -0 0.11839 0 0 0 0 0 -0 -0 0.095711 -0.038652 0.057977 0 0
0 0 0 0.0094826 0 0 0 0 0 -0 -0 0.0076662 -0.0030959 0.0046438 0 0
0 0 0 0.0032845 0 0 0 0 0 -0 -0 0.0026553 -0.0010723 0.0016085 0 0
0 0 0 0.15904 0 0 0 0 0 -0 -0 0.12858 -0.051924 0.077887 0 0
-0 -0 -0 0.12633 0 0 0 0 0 -0 -0 0.10213 -0.041243 0.061865 0 0
-0 -0 -0 0.084441 0 0 0 0 0 -0 -0 0.068266 -0.027568 0.041352 0 0
0 0 0 0.14145 0 0 0 0 0 -0 -0 0.11435 -0.046179 0.069269 0 0
0 0 0 0.14146 0 0 0 0 0 -0 -0 0.11437 -0.046185 0.069277 0 0
0 0 0 0.010606 0 0 0 0 0 -0 -0 0.0085742 -0.0034626 0.0051938 0 0
-0 -0 -0 0.19389 0 0 0 0 0 -0 -0 0.15675 -0.063302 0.094953 0 0
0 0 0 0.1439 0 0 0 0 0 -0 -0 0.11634 -0.046981 0.070472 0 0
-0 -0 -0 0.19807 0 0 0 0 0 -0 -0 0.16013 -0.064666 0.097 0 0
-0 -0 -0 0.069732 0 0 0 0 0 -0 -0 0.056375 -0.022766 0.034149 0 0
0 0 0 0.029529 0 0 0 0 0 -0 -0 0.023873 -0.0096407 0.014461 0 0
0 0 0 0.060519 0 0 0 0 0 -0 -0 0.048926 -0.019758 0.029637 0 0
0 0 0 0.17008 0 0 0 0 0 -0 -0 0.1375 -0.055529 0.083294 0 0
0 0 0 0.14624 0 0 0 0 0 -0 -0 0.11823 -0.047745 0.071617 0 0
-0 -0 -0 0.14312 0 0 0 0 0 -0 -0 0.1157 -0.046724 0.070086 0 0
0 0 0 0.12745 0 0 0 0 0 -0 -0 0.10304 -0.041611 0.062417 0 0
0 0 0 0.0073138 0 0 0 0 0 -0 -0 0.0059129 -0.0023878 0.0035817 0 0
0 0 0 0.081202 0 0 0 0 0 -0 -0 0.065647 -0.026511 0.039766 0 0
0 0 0 0.012754 0 0 0 0 0 -0 -0 0.010311 -0.0041639 0.0062459 0 0
0 0 0 0.10354 0 0 0 0 0 -0 -0 0.083707 -0.033804 0.050706 0 0
0 0 0 0.13949 0 0 0 0 0 -0 -0 0.11277 -0.04554 0.068311 0 0
0 0 0 0.17915 0 0 0 0 0 -0 -0 0.14483 -0.058489 0.087733 0 0
-0 -0 -0 0.16496 0 0 0 0 0 -0 -0 0.13336 -0.053857 0.080786 0 0
0 0 0 0.077358 0 0 0 0 0 -0 -0 0.062539 -0.025256 0.037883 0 0
-0 -0 -0 0.010549 0 0 0 0 0 -0 -0 0.0085284 -0.0034441 0.0051661 0 0
-0 -0 -0 0.053564 0 0 0 0 0 -0 -0 0.043303 -0.017487 0.026231 0 0
-0 -0 -0 0.021562 0 0 0 0 0 -0 -0 0.017432 -0.0070396 0.010559 0 0
0 0 0 0.083258 0 0 0 0 0 -0 -0 0.06731 -0.027182 0.040773 0 0
-0 -0 -0 0.14571 0 0 0 0 0 -0 -0 0.1178 -0.047573 0.071359 0 0
0 0 0 0.12982 0 0 0 0 0 -0 -0 0.10495 -0.042383 0.063575 0 0
-0 -0 -0 0.16965 0 0 0 0 0 -0 -0 0.13716 -0.055389 0.083083 0 0
-0 -0 -0 0.16862 0 0 0 0 0 -0 -0 0.13632 -0.055049 0.082574 0 0
0 0 0 0.021671 0 0 0 0 0 -0 -0 0.01752 -0.007075 0.010613 0 0
0 0 0 0.079721 0 0 0 0 0 -0 -0 0.06445 -0.026027 0.039041 0 0
0 0 0 0.11604 0 0 0 0 0 -0 -0 0.093808 -0.037883 0.056825 0 0
0 0 0 0.098573 0 0 0 0 0 -0 -0 0.079691 -0.032182 0.048273 0 0
-0 -0 -0 0.15258 0 0 0 0 0 -0 -0 0.12335 -0.049815 0.074722 0 0
0 0 0 0.14607 0 0 0 0 0 -0 -0 0.11809 -0.047689 0.071534 0 0
-0 -0 -0 0.091593 0 0 0 0 0 -0 -0 0.074048 -0.029903 0.044855 0 0
0 0 0 0.10135 0 0 0 0 0 -0 -0 0.081937 -0.033089 0.049633 0 0
-0 -0 -0 0.041982 0 0 0 0 0 -0 -0 0.03394 -0.013706 0.020559 0 0
0 0 0 0.1743 0 0 0 0 0 -0 -0 0.14091 -0.056905 0.085357 0 0
0 0 0 0.013746 0 0 0 0 0 -0 -0 0.011113 -0.0044878 0.0067317 0 0
-0 -0 -0 0.088425 0 0 0 0 0 -0 -0 0.071487 -0.028869 0.043303 0 0
0 0 0 0.017122 0 0 0 0 0 -0 -0 0.013842 -0.0055898 0.0083847 0 0
0 0 0 0.13143 0 0 0 0 0 -0 -0 0.10625 -0.042908 0.064362 0 0
-0 -0 -0 0.10063 0 0 0 0 0 -0 -0 0.081354 -0.032854 0.049281 0 0
-0 -0 -0 0.022165 0 0 0 0 0 -0 -0 0.017919 -0.0072363 0.010854 0 0
-0 -0 -0 0.0137 0 0 0 0 0 -0 -0 0.011076 -0.0044728 0.0067092 0 0
0 0 0 0.038692 0 0 0 0 0 -0 -0 0.03128 -0.012632 0.018948 0 0
0 0 0 0.021682 0 0 0 0 0 -0 -0 0.017529 -0.0070787 0.010618 0 0
0 0 0 0.18429 0 0 0 0 0 -0 -0 0.14899 -0.060168 0.090253 0 0
0 0 0 0.17556 0 0 0 0 0 -0 -0 0.14193 -0.057317 0.085975 0 0
-0 -0 -0 0.078327 0 0 0 0 0 -0 -0 0.063323 -0.025572 0.038358 0 0
0 0 0 0.1222 0 0 0 0 0 -0 -0 0.098792 -0.039896 0.059843 0 0
0 0 0 0.1344 0 0 0 0 0 -0 -0 0.10866 -0.04388 0.06582 0 0
-0 -0 -0 0.16085 0 0 0 0 0 -0 -0 0.13004 -0.052515 0.078773 0 0
0 0 0 0.13907 0 0 0 0 0 -0 -0 0.11243 -0.045403 0.068104 0 0
-0 -0 -0 0.17012 0 0 0 0 0 -0 -0 0.13753 -0.055541 0.083311 0 0
0 0 0 0.058894 0 0 0 0 0 -0 -0 0.047613 -0.019228 0.028842 0 0
0 0 0 0.0022905 0 0 0 0 0 -0 -0 0.0018517 -0.00074779 0.0011217 0 0
0 0 0 0.12278 0 0 0 0 0 -0 -0 0.099264 -0.040086 0.06013 0 0
0 0 0 0.076389 0 0 0 0 0 -0 -0 0.061756 -0.024939 0.037409 0 0
0 0 0 0.051797 0 0 0 0 0 -0 -0 0.041875 -0.016911 0.025366 0 0
-0 -0 -0 0.083214 0 0 0 0 0 -0 -0 0.067274 -0.027167 0.040751 0 0
0 0 0 0.0031094 0 0 0 0 0 -0 -0 0.0025138 -0.0010152 0.0015227 0 0
0 0 0 0.014922 0 0 0 0 0 -0 -0 0.012064 -0.0048718 0.0073077 0 0
0 0 0 0.04939 0 0 0 0 0 -0 -0 0.039929 -0.016125 0.024187 0 0
0 0 0 0.086539 0 0 0 0 0 -0 -0 0.069962 -0.028253 0.04238 0 0
-0 -0 -0 0.13385 0 0 0 0 0 -0 -0 0.10821 -0.0437 0.065551 0 0
0 0 0 0.14572 0 0 0 0 0 -0 -0 0.11781 -0.047576 0.071364 0 0
-0 -0 -0 0.047345 0 0 0 0 0 -0 -0 0.038276 -0.015457 0.023186 0 0
0 0 0 0.14338 0 0 0 0 0 -0 -0 0.11591 -0.046809 0.070214 0 0
0 0 0 0.011492 0 0 0 0 0 -0 -0 0.0092907 -0.0037519 0.0056279 0 0
-0 -0 -0 0.030388 0 0 0 0 0 -0 -0 0.024567 -0.0099211 0.014882 0 0
-0 -0 -0 0.14583 0 0 0 0 0 -0 -0 0.1179 -0.047611 0.071417 0 0
-0 -0 -0 0.006629 0 0 0 0 0 -0 -0 0.0053592 -0.0021642 0.0032463 0 0
