0 0 0 0.095965 0 0 0 0 0 0 0 0.083108 0 0.047982 0 0
0 0 0 0.032428 0 0 0 0 0 0 0 0.028084 0 0.016214 0 0
0 0 0 0.033793 0 0 0 0 0 0 0 0.029266 0 0.016897 0 0
-0 -0 -0 0.060899 0 0 0 0 0 0 0 0.05274 0 0.03045 0 0
-0 -0 -0 0.19258 0 0 0 0 0 0 0 0.16678 0 0.096288 0 0
-0 -0 -0 0.13405 0 0 0 0 0 0 0 0.11609 0 0.067024 0 0
0 0 0 0.042746 0 0 0 0 0 0 0 0.037019 0 0.021373 0 0
-0 -0 -0 0.1789 0 0 0 0 0 0 0 0.15494 0 0.089452 0 0
-0 -0 -0 0.064509 0 0 0 0 0 0 0 0.055867 0 0.032255 0 0
0 0 0 0.057267 0 0 0 0 0 0 0 0.049595 0 0.028633 0 0
0 0 0 0.13703 0 0 0 0 0 0 0 0.11867 0 0.068515 0 0
-0 -0 -0 0.041955 0 0 0 0 0 0 0 0.036334 0 0.020977 0 0
-0 -0 -0 0.19018 0 0 0 0 0 0 0 0.1647 0 0.095092 0 0
0 0 0 0.052049 0 0 0 0 0 0 0 0.045076 0 0.026025 0 0
0 0 0 0.1185 0 0 0 0 0 0 0 0.10262 0 0.059249 0 0
0 0 0 0.06732 0 0 0 0 0 0 0 0.0583 0 0.03366 0 0
0 0 0 0.016124 0 0 0 0 0 0 0 0.013964 0 0.0080619 0 0
-0 -0 -0 0.11787 0 0 0 0 0 0 0 0.10208 0 0.058935 0 0
0 0 0 0.019299 0 0 0 0 0 0 0 0.016713 0 0.0096494 0 0
0 0 0 0.18181 0 0 0 0 0 0 0 0.15745 0 0.090906 0 0
0 0 0 0.11735 0 0 0 0 0 0 0 0.10162 0 0.058673 0 0
0 0 0 0.090414 0 0 0 0 0 0 0 0.078301 0 0.045207 0 0
0 0 0 0.054183 0 0 0 0 0 0 0 0.046924 0 0.027091 0 0
0 0 0 0.13562 0 0 0 0 0 0 0 0.11745 0 0.067811 0 0
0 0 0 0.088969 0 0 0 0 0 0 0 0.077049 0 0.044484 0 0
0 0 0 0.053814 0 0 0 0 0 0 0 0.046604 0 0.026907 0 0
-0 -0 -0 0.080806 0 0 0 0 0 0 0 0.06998 0 0.040403 0 0
-0 -0 -0 0.081847 0 0 0 0 0 0 0 0.070882 0 0.040923 0 0
0 0 0 0.050533 0 0 0 0 0 0 0 0.043763 0 0.025267 0 0
0 0 0 0.0024351 0 0 0 0 0 0 0 0.0021089 0 0.0012175 0 0
0 0 0 0.13354 0 0 0 0 0 0 0 0.11565 0 0.066772 0 0
-0 -0 -0 0.05037 0 0 0 0 0 0 0 0.043622 0 0.025185 0 0
0 0 0 0.17149 0 0 0 0 0 0 0 0.14851 0 0.085745 0 0
-0 -0 -0 0.12819 0 0 0 0 0 0 0 0.11102 0 0.064096 0 0
0 0 0 0.10777 0 0 0 0 0 0 0 0.093332 0 0.053885 0 0
-0 -0 -0 0.14363 0 0 0 0 0 0 0 0.12439 0 0.071817 0 0
0 0 0 0.17261 0 0 0 0 0 0 0 0.14948 0 0.086304 0 0
0 0 0 0.18241 0 0 0 0 0 0 0 0.15797 0 0.091204 0 0
-0 -0 -0 0.084167 0 0 0 0 0 0 0 0.072891 0 0.042084 0 0
0 0 0 0.10505 0 0 0 0 0 0 0 0.090976 0 0.052525 0 0
-0 -0 -0 0.079897 0 0 0 0 0 0 0 0.069193 0 0.039948 0 0
-0 -0 -0 0.0079703 0 0 0 0 0 0 0 0.0069024 0 0.0039851 0 0
-0 -0 -0 0.042044 0 0 0 0 0 0 0 0.036412 0 0.021022 0 0
0 0 0 0.073556 0 0 0 0 0 0 0 0.063702 0 0.036778 0 0
0 0 0 0.0299 0 0 0 0 0 0 0 0.025894 0 0.01495 0 0
-0 -0 -0 0.15005 0 0 0 0 0 0 0 0.12994 0 0.075023 0 0
-0 -0 -0 0.17977 0 0 0 0 0 0 0 0.15568 0 0.089883 0 0
-0 -0 -0 0.14497 0 0 0 0 0 0 0 0.12555 0 0.072486 0 0
0 0 0 0.063401 0 0 0 0 0 0 0 0.054906 0 0.0317 0 0
0 0 0 0.067916 0 0 0 0 0 0 0 0.058817 0 0.033958 0 0
-0 -0 -0 0.12176 0 0 0 0 0 0 0 0.10544 0 0.060878 0 0
-0 -0 -0 0.11131 0 0 0 0 0 0 0 0.096397 0 0.055655 0 0
0 0 0 0.012104 0 0 0 0 0 0 0 0.010482 0 0.0060518 0 0
-0 -0 -0 0.19769 0 0 0 0 0 0 0 0.1712 0 0.098843 0 0
0 0 0 0.010882 0 0 0 0 0 0 0 0.0094243 0 0.0054411 0 0
0 0 0 0.0025149 0 0 0 0 0 0 0 0.002178 0 0.0012575 0 0
-0 -0 -0 0.15394 0 0 0 0 0 0 0 0.13332 0 0.07697 0 0
0 0 0 0.133 0 0 0 0 0 0 0 0.11519 0 0.066502 0 0
-0 -0 -0 0.09896 0 0 0 0 0 0 0 0.085702 0 0.04948 0 0
0 0 0 0.15898 0 0 0 0 0 0 0 0.13768 0 0.079491 0 0
-0 -0 -0 0.17326 0 0 0 0 0 0 0 0.15004 0 0.086629 0 0
0 0 0 0.15494 0 0 0 0 0 0 0 0.13418 0 0.077469 0 0
0 0 0 0.1737 0 0 0 0 0 0 0 0.15043 0 0.086851 0 0
-0 -0 -0 0.12811 0 0 0 0 0 0 0 0.11094 0 0.064053 0 0
0 0 0 0.11241 0 0 0 0 0 0 0 0.097354 0 0.056207 0 0
0 0 0 0.18355 0 0 0 0 0 0 0 0.15896 0 0.091774 0 0
0 0 0 0.16355 0 0 0 0 0 0 0 0.14163 0 0.081773 0 0
0 0 0 0.061077 0 0 0 0 0 0 0 0.052894 0 0.030538 0 0
-0 -0 -0 0.043537 0 0 0 0 0 0 0 0.037704 0 0.021769 0 0
0 0 0 0.024448 0 0 0 0 0 0 0 0.021173 0 0.012224 0 0
0 0 0 0.10776 0 0 0 0 0 0 0 0.093321 0 0.053879 0 0
-0 -0 -0 0.10925 0 0 0 0 0 0 0 0.094616 0 0.054627 0 0
0 0 0 0.0055004 0 0 0 0 0 0 0 0.0047635 0 0.0027502 0 0
0 0 0 0.049675 0 0 0 0 0 0 0 0.04302 0 0.024837 0 0
0 0 0 0.10967 0 0 0 0 0 0 0 0.094974 0 0.054833 0 0
0 0 0 0.024219 0 0 0 0 0 0 0 0.020974 0 0.012109 0 0
-0 -0 -0 0.14885 0 0 0 0 0 0 0 0.12891 0 0.074423 0 0
0 0 0 0.03989 0 0 0 0 0 0 0 0.034546 0 0.019945 0 0
-0 -0 -0 0.11625 0 0 0 0 0 0 0 0.10068 0 0.058126 0 0
-0 -0 -0 0.17436 0 0 0 0 0 0 0 0.151 0 0.087179 0 0
0 0 0 0.19689 0 0 0 0 0 0 0 0.17051 0 0.098446 0 0
-0 -0 -0 0.19335 0 0 0 0 0 0 0 0.16744 0 0.096674 0 0
-0 -0 -0 0.12357 0 0 0 0 0 0 0 0.10701 0 0.061784 0 0
-0 -0 -0 0.19427 0 0 0 0 0 0 0 0.16824 0 0.097134 0 0
0 0 0 0.19382 0 0 0 0 0 0 0 0.16785 0 0.09691 0 0
-0 -0 -0 0.010711 0 0 0 0 0 0 0 0.009276 0 0.0053555 0 0
-0 -0 -0 0.14844 0 0 0 0 0 0 0 0.12855 0 0.074221 0 0
0 0 0 0.16153 0 0 0 0 0 0 0 0.13989 0 0.080765 0 0
0 0 0 0.019943 0 0 0 0 0 0 0 0.017271 0 0.0099714 0 0
-0 -0 -0 0.19113 0 0 0 0 0 0 0 0.16552 0 0.095564 0 0
-0 -0 -0 0.065319 0 0 0 0 0 0 0 0.056568 0 0.03266 0 0
0 0 0 0.023819 0 0 0 0 0 0 0 0.020628 0 0.011909 0 0
-0 -0 -0 0.13673 0 0 0 0 0 0 0 0.11841 0 0.068366 0 0
-0 -0 -0 0.13815 0 0 0 0 0 0 0 0.11964 0 0.069075 0 0
0 0 0 0.1048 0 0 0 0 0 0 0 0.090756 0 0.052398 0 0
-0 -0 -0 0.1567 0 0 0 0 0 0 0 0.13571 0 0.078352 0 0
0 0 0 0.10435 0 0 0 0 0 0 0 0.09037 0 0.052175 0 0
0 0 0 0.14519 0 0 0 0 0 0 0 0.12574 0 0.072595 0 0
0 0 0 0.080544 0 0 0 0 0 0 0 0.069753 0 0.040272 0 0
-0 -0 -0 0.16174 0 0 0 0 0 0 0 0.14007 0 0.080868 0 0
