0 0 0 0.19079 0 0 0 0 -0 0 0 0.14083 -0.091013 0.091013 0 0
-0 -0 -0 0.16604 0 0 0 0 -0 0 0 0.12256 -0.07921 0.07921 0 0
-0 -0 -0 0.073425 0 0 0 0 -0 0 0 0.054198 -0.035027 0.035027 0 0
-0 -0 -0 0.096337 0 0 0 0 -0 0 0 0.071111 -0.045957 0.045957 0 0
-0 -0 -0 0.002804 0 0 0 0 -0 0 0 0.0020698 -0.0013376 0.0013376 0 0
0 0 0 0.19803 0 0 0 0 -0 0 0 0.14617 -0.094468 0.094468 0 0
0 0 0 0.055022 0 0 0 0 -0 0 0 0.040614 -0.026248 0.026248 0 0
-0 -0 -0 0.015918 0 0 0 0 -0 0 0 0.01175 -0.0075936 0.0075936 0 0
0 0 0 0.14347 0 0 0 0 -0 0 0 0.1059 -0.068443 0.068443 0 0
0 0 0 0.0051059 0 0 0 0 -0 0 0 0.0037689 -0.0024357 0.0024357 0 0
-0 -0 -0 0.041493 0 0 0 0 -0 0 0 0.030628 -0.019794 0.019794 0 0
0 0 0 0.0037079 0 0 0 0 -0 0 0 0.002737 -0.0017688 0.0017688 0 0
0 0 0 0.094854 0 0 0 0 -0 0 0 0.070016 -0.045249 0.045249 0 0
-0 -0 -0 0.018454 0 0 0 0 -0 0 0 0.013622 -0.0088034 0.0088034 0 0
0 0 0 0.13379 0 0 0 0 -0 0 0 0.098754 -0.063822 0.063822 0 0
-0 -0 -0 0.17832 0 0 0 0 -0 0 0 0.13163 -0.085068 0.085068 0 0
-0 -0 -0 0.14458 0 0 0 0 -0 0 0 0.10672 -0.06897 0.06897 0 0
-0 -0 -0 0.18041 0 0 0 0 -0 0 0 0.13317 -0.086064 0.086064 0 0
0 0 0 0.11411 0 0 0 0 -0 0 0 0.084228 -0.054435 0.054435 0 0
-0 -0 -0 0.18078 0 0 0 0 -0 0 0 0.13344 -0.086241 0.086241 0 0
-0 -0 -0 0.11123 0 0 0 0 -0 0 0 0.082106 -0.053063 0.053063 0 0
0 0 0 0.088308 0 0 0 0 -0 0 0 0.065184 -0.042127 0.042127 0 0
-0 -0 -0 0.090129 0 0 0 0 -0 0 0 0.066528 -0.042995 0.042995 0 0
0 0 0 0.092164 0 0 0 0 -0 0 0 0.068031 -0.043967 0.043967 0 0
-0 -0 -0 0.13054 0 0 0 0 -0 0 0 0.096354 -0.062271 0.062271 0 0
0 0 0 0.15382 0 0 0 0 -0 0 0 0.11354 -0.073377 0.073377 0 0
-0 -0 -0 0.015926 0 0 0 0 -0 0 0 0.011755 -0.0075973 0.0075973 0 0
0 0 0 0.13562 0 0 0 0 -0 0 0 0.10011 -0.064697 0.064697 0 0
0 0 0 0.12915 0 0 0 0 -0 0 0 0.095332 -0.06161 0.06161 0 0
-0 -0 -0 0.076618 0 0 0 0 -0 0 0 0.056555 -0.03655 0.03655 0 0
-0 -0 -0 0.15435 0 0 0 0 -0 0 0 0.11393 -0.07363 0.07363 0 0
-0 -0 -0 0.14274 0 0 0 0 -0 0 0 0.10536 -0.068092 0.068092 0 0
-0 -0 -0 0.0013133 0 0 0 0 -0 0 0 0.00096942 -0.00062651 0.00062651 0 0
0 0 0 0.015925 0 0 0 0 -0 0 0 0.011755 -0.0075969 0.0075969 0 0
0 0 0 0.0069346 0 0 0 0 -0 0 0 0.0051187 -0.0033081 0.0033081 0 0
-0 -0 -0 0.17275 0 0 0 0 -0 0 0 0.12751 -0.082407 0.082407 0 0
-0 -0 -0 0.0030501 0 0 0 0 -0 0 0 0.0022514 -0.001455 0.001455 0 0
0 0 0 0.095338 0 0 0 0 -0 0 0 0.070373 -0.04548 0.04548 0 0
0 0 0 0.093012 0 0 0 0 -0 0 0 0.068656 -0.044371 0.044371 0 0
-0 -0 -0 0.17013 0 0 0 0 -0 0 0 0.12558 -0.081159 0.081159 0 0
0 0 0 0.026746 0 0 0 0 -0 0 0 0.019742 -0.012759 0.012759 0 0
0 0 0 0.11734 0 0 0 0 -0 0 0 0.086611 -0.055974 0.055974 0 0
-0 -0 -0 0.048221 0 0 0 0 -0 0 0 0.035594 -0.023004 0.023004 0 0
-0 -0 -0 0.13575 0 0 0 0 -0 0 0 0.10021 -0.06476 0.06476 0 0
-0 -0 -0 0.12459 0 0 0 0 -0 0 0 0.091967 -0.059436 0.059436 0 0
-0 -0 -0 0.17348 0 0 0 0 -0 0 0 0.12806 -0.08276 0.08276 0 0
0 0 0 0.17924 0 0 0 0 -0 0 0 0.13231 -0.085508 0.085508 0 0
0 0 0 0.16389 0 0 0 0 -0 0 0 0.12098 -0.078185 0.078185 0 0
-0 -0 -0 0.16742 0 0 0 0 -0 0 0 0.12358 -0.079867 0.079867 0 0
0 0 0 0.13908 0 0 0 0 -0 0 0 0.10266 -0.066348 0.066348 0 0
0 0 0 0.053137 0 0 0 0 -0 0 0 0.039223 -0.025349 0.025349 0 0
0 0 0 0.057234 0 0 0 0 -0 0 0 0.042247 -0.027303 0.027303 0 0
-0 -0 -0 0.075446 0 0 0 0 -0 0 0 0.05569 -0.035991 0.035991 0 0
0 0 0 0.16766 0 0 0 0 -0 0 0 0.12376 -0.079983 0.079983 0 0
0 0 0 0.17109 0 0 0 0 -0 0 0 0.12629 -0.081616 0.081616 0 0
0 0 0 0.065724 0 0 0 0 -0 0 0 0.048514 -0.031353 0.031353 0 0
0 0 0 0.14732 0 0 0 0 -0 0 0 0.10875 -0.070279 0.070279 0 0
0 0 0 0.023188 0 0 0 0 -0 0 0 0.017116 -0.011061 0.011061 0 0
0 0 0 0.09081 0 0 0 0 -0 0 0 0.067031 -0.04332 0.04332 0 0
-0 -0 -0 0.098042 0 0 0 0 -0 0 0 0.07237 -0.046771 0.046771 0 0
-0 -0 -0 0.027177 0 0 0 0 -0 0 0 0.020061 -0.012965 0.012965 0 0
-0 -0 -0 0.19528 0 0 0 0 -0 0 0 0.14415 -0.093159 0.093159 0 0
-0 -0 -0 0.058569 0 0 0 0 -0 0 0 0.043232 -0.02794 0.02794 0 0
-0 -0 -0 0.18045 0 0 0 0 -0 0 0 0.1332 -0.086084 0.086084 0 0
-0 -0 -0 0.066329 0 0 0 0 -0 0 0 0.04896 -0.031642 0.031642 0 0
0 0 0 0.10855 0 0 0 0 -0 0 0 0.080126 -0.051784 0.051784 0 0
0 0 0 0.11296 0 0 0 0 -0 0 0 0.083384 -0.053889 0.053889 0 0
0 0 0 0.0034945 0 0 0 0 -0 0 0 0.0025795 -0.001667 0.001667 0 0
0 0 0 0.0052662 0 0 0 0 -0 0 0 0.0038872 -0.0025122 0.0025122 0 0
0 0 0 0.099375 0 0 0 0 -0 0 0 0.073353 -0.047406 0.047406 0 0
0 0 0 0.027943 0 0 0 0 -0 0 0 0.020626 -0.01333 0.01333 0 0
0 0 0 0.059805 0 0 0 0 -0 0 0 0.044145 -0.02853 0.02853 0 0
-0 -0 -0 0.1037 0 0 0 0 -0 0 0 0.076543 -0.049468 0.049468 0 0
0 0 0 0.011616 0 0 0 0 -0 0 0 0.0085744 -0.0055414 0.0055414 0 0
0 0 0 0.072088 0 0 0 0 -0 0 0 0.053212 -0.034389 0.034389 0 0
-0 -0 -0 0.13097 0 0 0 0 -0 0 0 0.096676 -0.062479 0.062479 0 0
0 0 0 0.050864 0 0 0 0 -0 0 0 0.037545 -0.024264 0.024264 0 0
0 0 0 0.026451 0 0 0 0 -0 0 0 0.019524 -0.012618 0.012618 0 0
0 0 0 0.062748 0 0 0 0 -0 0 0 0.046317 -0.029934 0.029934 0 0
-0 -0 -0 0.0035793 0 0 0 0 -0 0 0 0.0026421 -0.0017075 0.0017075 0 0
0 0 0 0.0070448 0 0 0 0 -0 0 0 0.0052001 -0.0033607 0.0033607 0 0
0 0 0 0.15508 0 0 0 0 -0 0 0 0.11447 -0.073979 0.073979 0 0
-0 -0 -0 0.15845 0 0 0 0 -0 0 0 0.11696 -0.075586 0.075586 0 0
-0 -0 -0 0.046843 0 0 0 0 -0 0 0 0.034577 -0.022346 0.022346 0 0
-0 -0 -0 0.13548 0 0 0 0 -0 0 0 0.1 -0.064629 0.064629 0 0
0 0 0 0.049236 0 0 0 0 -0 0 0 0.036343 -0.023488 0.023488 0 0
-0 -0 -0 0.060758 0 0 0 0 -0 0 0 0.044848 -0.028984 0.028984 0 0
0 0 0 0.016799 0 0 0 0 -0 0 0 0.0124 -0.0080139 0.0080139 0 0
0 0 0 0.12607 0 0 0 0 -0 0 0 0.093059 -0.060142 0.060142 0 0
-0 -0 -0 0.021117 0 0 0 0 -0 0 0 0.015587 -0.010074 0.010074 0 0
0 0 0 0.16121 0 0 0 0 -0 0 0 0.11899 -0.076902 0.076902 0 0
-0 -0 -0 0.11258 0 0 0 0 -0 0 0 0.083098 -0.053704 0.053704 0 0
0 0 0 0.14899 0 0 0 0 -0 0 0 0.10997 -0.071073 0.071073 0 0
-0 -0 -0 0.0048062 0 0 0 0 -0 0 0 0.0035477 -0.0022928 0.0022928 0 0
-0 -0 -0 0.18826 0 0 0 0 -0 0 0 0.13896 -0.089809 0.089809 0 0
0 0 0 0.044411 0 0 0 0 -0 0 0 0.032782 -0.021186 0.021186 0 0
0 0 0 0.15046 0 0 0 0 -0 0 0 0.11106 -0.071774 0.071774 0 0
0 0 0 0.1231 0 0 0 0 -0 0 0 0.090868 -0.058726 0.058726 0 0
0 0 0 0.04979 0 0 0 0 -0 0 0 0.036752 -0.023752 0.023752 0 0
-0 -0 -0 0.11803 0 0 0 0 -0 0 0 0.087126 -0.056308 0.056308 0 0
