0 0 0 0.19415 0 0 0 0 0 -0 -0 0.15696 -0.063386 0.09508 0 0
0 0 0 0.079489 0 0 0 0 0 -0 -0 0.064263 -0.025952 0.038927 0 0
-0 -0 -0 0.034787 0 0 0 0 0 -0 -0 0.028124 -0.011357 0.017036 0 0
-0 -0 -0 0.042802 0 0 0 0 0 -0 -0 0.034603 -0.013974 0.020961 0 0
0 0 0 0.041443 0 0 0 0 0 -0 -0 0.033504 -0.01353 0.020295 0 0
-0 -0 -0 0.0089045 0 0 0 0 0 -0 -0 0.0071988 -0.0029071 0.0043607 0 0
-0 -0 -0 0.12521 0 0 0 0 0 -0 -0 0.10122 -0.040877 0.061316 0 0
0 0 0 0.072124 0 0 0 0 0 -0 -0 0.058309 -0.023547 0.035321 0 0
0 0 0 0.18804 0 0 0 0 0 -0 -0 0.15202 -0.061391 0.092087 0 0
0 0 0 0.16983 0 0 0 0 0 -0 -0 0.1373 -0.055445 0.083167 0 0
-0 -0 -0 0.16349 0 0 0 0 0 -0 -0 0.13218 -0.053377 0.080065 0 0
0 0 0 0.056193 0 0 0 0 0 -0 -0 0.045429 -0.018346 0.027519 0 0
-0 -0 -0 0.035554 0 0 0 0 0 -0 -0 0.028744 -0.011608 0.017412 0 0
0 0 0 0.025775 0 0 0 0 0 -0 -0 0.020838 -0.0084151 0.012623 0 0
0 0 0 0.10508 0 0 0 0 0 -0 -0 0.084951 -0.034306 0.051459 0 0
-0 -0 -0 0.042229 0 0 0 0 0 -0 -0 0.03414 -0.013787 0.02068 0 0
0 0 0 0.14379 0 0 0 0 0 -0 -0 0.11625 -0.046945 0.070417 0 0
0 0 0 0.15137 0 0 0 0 0 -0 -0 0.12237 -0.049419 0.074129 0 0
-0 -0 -0 0.082052 0 0 0 0 0 -0 -0 0.066335 -0.026788 0.040182 0 0
-0 -0 -0 0.19858 0 0 0 0 0 -0 -0 0.16054 -0.064831 0.097247 0 0
-0 -0 -0 0.13421 0 0 0 0 0 -0 -0 0.1085 -0.043817 0.065725 0 0
0 0 0 0.026418 0 0 0 0 0 -0 -0 0.021358 -0.008625 0.012937 0 0
-0 -0 -0 0.018728 0 0 0 0 0 -0 -0 0.015141 -0.0061143 0.0091715 0 0
-0 -0 -0 0.02736 0 0 0 0 0 -0 -0 0.022119 -0.0089324 0.013399 0 0
-0 -0 -0 0.14416 0 0 0 0 0 -0 -0 0.11654 -0.047064 0.070596 0 0
0 0 0 0.062241 0 0 0 0 0 -0 -0 0.050319 -0.02032 0.030481 0 0
0 0 0 0.10458 0 0 0 0 0 -0 -0 0.08455 -0.034144 0.051217 0 0
0 0 0 0.092326 0 0 0 0 0 -0 -0 0.07464 -0.030142 0.045214 0 0
-0 -0 -0 0.18503 0 0 0 0 0 -0 -0 0.14958 -0.060408 0.090611 0 0
-0 -0 -0 0.044826 0 0 0 0 0 -0 -0 0.036239 -0.014635 0.021952 0 0
-0 -0 -0 0.12898 0 0 0 0 0 -0 -0 0.10428 -0.04211 0.063165 0 0
-0 -0 -0 0.023645 0 0 0 0 0 -0 -0 0.019115 -0.0077194 0.011579 0 0
-0 -0 -0 0.11209 0 0 0 0 0 -0 -0 0.090618 -0.036595 0.054892 0 0
0 0 0 0.067686 0 0 0 0 0 -0 -0 0.05472 -0.022098 0.033147 0 0
-0 -0 -0 0.044117 0 0 0 0 0 -0 -0 0.035666 -0.014403 0.021605 0 0
0 0 0 0.062572 0 0 0 0 0 -0 -0 0.050586 -0.020428 0.030643 0 0
-0 -0 -0 0.095058 0 0 0 0 0 -0 -0 0.07685 -0.031035 0.046552 0 0
-0 -0 -0 0.15752 0 0 0 0 0 -0 -0 0.12735 -0.051427 0.07714 0 0
0 0 0 0.045683 0 0 0 0 0 -0 -0 0.036932 -0.014915 0.022372 0 0
0 0 0 0.11152 0 0 0 0 0 -0 -0 0.09016 -0.03641 0.054615 0 0
0 0 0 0.07902 0 0 0 0 0 -0 -0 0.063884 -0.025798 0.038698 0 0
0 0 0 0.081762 0 0 0 0 0 -0 -0 0.0661 -0.026694 0.04004 0 0
-0 -0 -0 0.11646 0 0 0 0 0 -0 -0 0.094149 -0.038021 0.057031 0 0
-0 -0 -0 0.038793 0 0 0 0 0 -0 -0 0.031362 -0.012665 0.018998 0 0
0 0 0 0.17403 0 0 0 0 0 -0 -0 0.14069 -0.056816 0.085224 0 0
0 0 0 0.0905 0 0 0 0 0 -0 -0 0.073165 -0.029547 0.04432 0 0
-0 -0 -0 0.19632 0 0 0 0 0 -0 -0 0.15871 -0.064093 0.096139 0 0
-0 -0 -0 0.039879 0 0 0 0 0 -0 -0 0.03224 -0.01302 0.01953 0 0
-0 -0 -0 0.13591 0 0 0 0 0 -0 -0 0.10988 -0.044372 0.066558 0 0
-0 -0 -0 0.099646 0 0 0 0 0 -0 -0 0.080559 -0.032533 0.048799 0 0
-0 -0 -0 0.15116 0 0 0 0 0 -0 -0 0.12221 -0.049351 0.074027 0 0
-0 -0 -0 0.073831 0 0 0 0 0 -0 -0 0.059689 -0.024104 0.036157 0 0
-0 -0 -0 0.17897 0 0 0 0 0 -0 -0 0.14469 -0.058431 0.087646 0 0
0 0 0 0.14019 0 0 0 0 0 -0 -0 0.11334 -0.04577 0.068654 0 0
-0 -0 -0 0.17303 0 0 0 0 0 -0 -0 0.13989 -0.056492 0.084738 0 0
-0 -0 -0 0.17634 0 0 0 0 0 -0 -0 0.14257 -0.057573 0.086359 0 0
0 0 0 0.040764 0 0 0 0 0 -0 -0 0.032956 -0.013309 0.019963 0 0
-0 -0 -0 0.10687 0 0 0 0 0 -0 -0 0.086401 -0.034892 0.052338 0 0
-0 -0 -0 0.10443 0 0 0 0 0 -0 -0 0.084423 -0.034093 0.05114 0 0
0 0 0 0.04944 0 0 0 0 0 -0 -0 0.03997 -0.016141 0.024212 0 0
0 0 0 0.017394 0 0 0 0 0 -0 -0 0.014062 -0.0056787 0.008518 0 0
0 0 0 0.11098 0 0 0 0 0 -0 -0 0.089722 -0.036233 0.054349 0 0
0 0 0 0.19937 0 0 0 0 0 -0 -0 0.16118 -0.065089 0.097634 0 0
0 0 0 0.068233 0 0 0 0 0 -0 -0 0.055163 -0.022277 0.033415 0 0
-0 -0 -0 0.19502 0 0 0 0 0 -0 -0 0.15766 -0.063669 0.095503 0 0
-0 -0 -0 0.10768 0 0 0 0 0 -0 -0 0.087052 -0.035155 0.052732 0 0
-0 -0 -0 0.059904 0 0 0 0 0 -0 -0 0.048429 -0.019557 0.029336 0 0
0 0 0 0.10589 0 0 0 0 0 -0 -0 0.085603 -0.034569 0.051854 0 0
0 0 0 0.17215 0 0 0 0 0 -0 -0 0.13918 -0.056205 0.084307 0 0
0 0 0 0.022689 0 0 0 0 0 -0 -0 0.018343 -0.0074074 0.011111 0 0
0 0 0 0.14871 0 0 0 0 0 -0 -0 0.12022 -0.04855 0.072825 0 0
-0 -0 -0 0.15009 0 0 0 0 0 -0 -0 0.12134 -0.049003 0.073504 0 0
-0 -0 -0 0.19986 0 0 0 0 0 -0 -0 0.16157 -0.065249 0.097873 0 0
-0 -0 -0 0.15458 0 0 0 0 0 -0 -0 0.12497 -0.050468 0.075702 0 0
-0 -0 -0 0.022242 0 0 0 0 0 -0 -0 0.017981 -0.0072614 0.010892 0 0
-0 -0 -0 0.057468 0 0 0 0 0 -0 -0 0.04646 -0.018762 0.028143 0 0
0 0 0 0.091192 0 0 0 0 0 -0 -0 0.073724 -0.029772 0.044659 0 0
-0 -0 -0 0.05633 0 0 0 0 0 -0 -0 0.04554 -0.018391 0.027586 0 0
-0 -0 -0 0.12065 0 0 0 0 0 -0 -0 0.097536 -0.039388 0.059082 0 0
-0 -0 -0 0.1436 0 0 0 0 0 -0 -0 0.11609 -0.046882 0.070323 0 0
-0 -0 -0 0.16365 0 0 0 0 0 -0 -0 0.1323 -0.053428 0.080142 0 0
-0 -0 -0 0.18883 0 0 0 0 0 -0 -0 0.15266 -0.061648 0.092472 0 0
-0 -0 -0 0.11614 0 0 0 0 0 -0 -0 0.093892 -0.037917 0.056875 0 0
-0 -0 -0 0.096536 0 0 0 0 0 -0 -0 0.078044 -0.031517 0.047276 0 0
0 0 0 0.15831 0 0 0 0 0 -0 -0 0.12799 -0.051685 0.077527 0 0
0 0 0 0.086779 0 0 0 0 0 -0 -0 0.070156 -0.028331 0.042497 0 0
0 0 0 0.13976 0 0 0 0 0 -0 -0 0.11299 -0.045628 0.068441 0 0
-0 -0 -0 0.17632 0 0 0 0 0 -0 -0 0.14255 -0.057565 0.086348 0 0
0 0 0 0.090125 0 0 0 0 0 -0 -0 0.072861 -0.029424 0.044136 0 0
0 0 0 0.18725 0 0 0 0 0 -0 -0 0.15138 -0.061133 0.0917 0 0
0 0 0 0.021781 0 0 0 0 0 -0 -0 0.017609 -0.0071111 0.010667 0 0
0 0 0 0.0064437 0 0 0 0 0 -0 -0 0.0052094 -0.0021037 0.0031556 0 0
-0 -0 -0 0.11286 0 0 0 0 0 -0 -0 0.091239 -0.036845 0.055268 0 0
-0 -0 -0 0.13299 0 0 0 0 0 -0 -0 0.10751 -0.043418 0.065127 0 0
-0 -0 -0 0.18123 0 0 0 0 0 -0 -0 0.14651 -0.059168 0.088752 0 0
0 0 0 0.16268 0 0 0 0 0 -0 -0 0.13152 -0.053112 0.079669 0 0
-0 -0 -0 0.014509 0 0 0 0 0 -0 -0 0.01173 -0.004737 0.0071056 0 0
0 0 0 0.18896 0 0 0 0 0 -0 -0 0.15277 -0.061692 0.092538 0 0
-0 -0 -0 0.068362 0 0 0 0 0 -0 -0 0.055267 -0.022319 0.033478 0 0
0 0 0 0.18768 0 0 0 0 0 -0 -0 0.15173 -0.061275 0.091912 0 0
