0 0 0 0.048104 0 0 0 0 0 0 0 0.040961 -0.0079759 0.023928 0 0
-0 -0 -0 0.093138 0 0 0 0 0 0 0 0.079308 -0.015443 0.046328 0 0
0 0 0 0.1532 0 0 0 0 0 0 0 0.13045 -0.025401 0.076203 0 0
0 0 0 0.17301 0 0 0 0 0 0 0 0.14732 -0.028687 0.08606 0 0
-0 -0 -0 0.096018 0 0 0 0 0 0 0 0.081761 -0.01592 0.047761 0 0
-0 -0 -0 0.16339 0 0 0 0 0 0 0 0.13913 -0.02709 0.081271 0 0
0 0 0 0.10321 0 0 0 0 0 0 0 0.087884 -0.017113 0.051338 0 0
0 0 0 0.057904 0 0 0 0 0 0 0 0.049306 -0.0096008 0.028802 0 0
-0 -0 -0 0.19448 0 0 0 0 0 0 0 0.1656 -0.032246 0.096738 0 0
0 0 0 0.14148 0 0 0 0 0 0 0 0.12048 -0.023459 0.070376 0 0
0 0 0 0.18823 0 0 0 0 0 0 0 0.16028 -0.03121 0.093631 0 0
-0 -0 -0 0.15159 0 0 0 0 0 0 0 0.12908 -0.025135 0.075404 0 0
-0 -0 -0 0.074053 0 0 0 0 0 0 0 0.063058 -0.012278 0.036835 0 0
0 0 0 0.04174 0 0 0 0 0 0 0 0.035543 -0.0069208 0.020762 0 0
0 0 0 0.090158 0 0 0 0 0 0 0 0.076772 -0.014949 0.044846 0 0
0 0 0 0.00234 0 0 0 0 0 0 0 0.0019925 -0.00038798 0.0011639 0 0
-0 -0 -0 0.038371 0 0 0 0 0 0 0 0.032674 -0.0063622 0.019087 0 0
0 0 0 0.17171 0 0 0 0 0 0 0 0.14621 -0.028471 0.085412 0 0
-0 -0 -0 0.022351 0 0 0 0 0 0 0 0.019032 -0.0037059 0.011118 0 0
-0 -0 -0 0.10021 0 0 0 0 0 0 0 0.085328 -0.016615 0.049845 0 0
0 0 0 0.0039531 0 0 0 0 0 0 0 0.0033662 -0.00065545 0.0019664 0 0
0 0 0 0.022536 0 0 0 0 0 0 0 0.019189 -0.0037365 0.01121 0 0
0 0 0 0.068758 0 0 0 0 0 0 0 0.058549 -0.011401 0.034202 0 0
-0 -0 -0 0.077411 0 0 0 0 0 0 0 0.065917 -0.012835 0.038505 0 0
-0 -0 -0 0.035787 0 0 0 0 0 0 0 0.030473 -0.0059336 0.017801 0 0
0 0 0 0.094241 0 0 0 0 0 0 0 0.080248 -0.015626 0.046877 0 0
0 0 0 0.15972 0 0 0 0 0 0 0 0.136 -0.026483 0.079448 0 0
-0 -0 -0 0.062686 0 0 0 0 0 0 0 0.053379 -0.010394 0.031181 0 0
-0 -0 -0 0.010936 0 0 0 0 0 0 0 0.0093124 -0.0018133 0.0054399 0 0
-0 -0 -0 0.16654 0 0 0 0 0 0 0 0.14181 -0.027614 0.082842 0 0
0 0 0 0.042397 0 0 0 0 0 0 0 0.036102 -0.0070297 0.021089 0 0
0 0 0 0.045679 0 0 0 0 0 0 0 0.038896 -0.0075738 0.022721 0 0
-0 -0 -0 0.16899 0 0 0 0 0 0 0 0.1439 -0.028019 0.084057 0 0
0 0 0 0.061767 0 0 0 0 0 0 0 0.052596 -0.010241 0.030724 0 0
0 0 0 0.1982 0 0 0 0 0 0 0 0.16877 -0.032863 0.098588 0 0
-0 -0 -0 0.12374 0 0 0 0 0 0 0 0.10537 -0.020517 0.061551 0 0
-0 -0 -0 0.012179 0 0 0 0 0 0 0 0.010371 -0.0020193 0.006058 0 0
0 0 0 0.098588 0 0 0 0 0 0 0 0.08395 -0.016347 0.04904 0 0
-0 -0 -0 0.13567 0 0 0 0 0 0 0 0.11553 -0.022495 0.067486 0 0
-0 -0 -0 0.10261 0 0 0 0 0 0 0 0.087376 -0.017014 0.051041 0 0
-0 -0 -0 0.055971 0 0 0 0 0 0 0 0.04766 -0.0092803 0.027841 0 0
-0 -0 -0 0.16084 0 0 0 0 0 0 0 0.13696 -0.026669 0.080007 0 0
0 0 0 0.19724 0 0 0 0 0 0 0 0.16795 -0.032703 0.09811 0 0
-0 -0 -0 0.017676 0 0 0 0 0 0 0 0.015052 -0.0029308 0.0087925 0 0
-0 -0 -0 0.15955 0 0 0 0 0 0 0 0.13586 -0.026454 0.079362 0 0
-0 -0 -0 0.12989 0 0 0 0 0 0 0 0.1106 -0.021537 0.06461 0 0
-0 -0 -0 0.10284 0 0 0 0 0 0 0 0.087571 -0.017052 0.051155 0 0
-0 -0 -0 0.077781 0 0 0 0 0 0 0 0.066232 -0.012897 0.03869 0 0
0 0 0 0.032766 0 0 0 0 0 0 0 0.027901 -0.0054328 0.016298 0 0
0 0 0 0.19514 0 0 0 0 0 0 0 0.16616 -0.032355 0.097065 0 0
0 0 0 0.14492 0 0 0 0 0 0 0 0.1234 -0.024029 0.072086 0 0
-0 -0 -0 0.10353 0 0 0 0 0 0 0 0.08816 -0.017166 0.051499 0 0
-0 -0 -0 0.031515 0 0 0 0 0 0 0 0.026835 -0.0052254 0.015676 0 0
0 0 0 0.063397 0 0 0 0 0 0 0 0.053983 -0.010512 0.031535 0 0
-0 -0 -0 0.10552 0 0 0 0 0 0 0 0.089853 -0.017496 0.052488 0 0
0 0 0 0.015075 0 0 0 0 0 0 0 0.012837 -0.0024996 0.0074987 0 0
-0 -0 -0 0.096607 0 0 0 0 0 0 0 0.082262 -0.016018 0.048054 0 0
0 0 0 0.056064 0 0 0 0 0 0 0 0.04774 -0.0092958 0.027887 0 0
0 0 0 0.01331 0 0 0 0 0 0 0 0.011334 -0.0022069 0.0066208 0 0
0 0 0 0.13037 0 0 0 0 0 0 0 0.11101 -0.021616 0.064847 0 0
-0 -0 -0 0.0045214 0 0 0 0 0 0 0 0.00385 -0.00074967 0.002249 0 0
0 0 0 0.16665 0 0 0 0 0 0 0 0.1419 -0.027631 0.082892 0 0
-0 -0 -0 0.015033 0 0 0 0 0 0 0 0.0128 -0.0024925 0.0074774 0 0
-0 -0 -0 0.068208 0 0 0 0 0 0 0 0.05808 -0.011309 0.033928 0 0
0 0 0 0.041583 0 0 0 0 0 0 0 0.035408 -0.0068946 0.020684 0 0
-0 -0 -0 0.13412 0 0 0 0 0 0 0 0.11421 -0.022238 0.066715 0 0
-0 -0 -0 0.021472 0 0 0 0 0 0 0 0.018284 -0.0035602 0.010681 0 0
-0 -0 -0 0.075463 0 0 0 0 0 0 0 0.064258 -0.012512 0.037536 0 0
0 0 0 0.13284 0 0 0 0 0 0 0 0.11312 -0.022026 0.066078 0 0
-0 -0 -0 0.088781 0 0 0 0 0 0 0 0.075599 -0.01472 0.044161 0 0
-0 -0 -0 0.076618 0 0 0 0 0 0 0 0.065242 -0.012704 0.038111 0 0
0 0 0 0.093474 0 0 0 0 0 0 0 0.079594 -0.015498 0.046495 0 0
-0 -0 -0 0.024975 0 0 0 0 0 0 0 0.021267 -0.0041411 0.012423 0 0
0 0 0 0.036281 0 0 0 0 0 0 0 0.030894 -0.0060156 0.018047 0 0
0 0 0 0.06966 0 0 0 0 0 0 0 0.059317 -0.01155 0.03465 0 0
0 0 0 0.1415 0 0 0 0 0 0 0 0.12049 -0.023462 0.070385 0 0
0 0 0 0.016959 0 0 0 0 0 0 0 0.014441 -0.0028119 0.0084356 0 0
0 0 0 0.032639 0 0 0 0 0 0 0 0.027792 -0.0054117 0.016235 0 0
-0 -0 -0 0.011509 0 0 0 0 0 0 0 0.0098004 -0.0019083 0.005725 0 0
0 0 0 0.061985 0 0 0 0 0 0 0 0.052781 -0.010277 0.030832 0 0
0 0 0 0.054271 0 0 0 0 0 0 0 0.046212 -0.0089984 0.026995 0 0
0 0 0 0.0489 0 0 0 0 0 0 0 0.041639 -0.0081079 0.024324 0 0
-0 -0 -0 0.19266 0 0 0 0 0 0 0 0.16405 -0.031943 0.09583 0 0
-0 -0 -0 0.082485 0 0 0 0 0 0 0 0.070238 -0.013677 0.04103 0 0
0 0 0 0.16007 0 0 0 0 0 0 0 0.1363 -0.026541 0.079622 0 0
-0 -0 -0 0.13681 0 0 0 0 0 0 0 0.1165 -0.022684 0.068051 0 0
0 0 0 0.10413 0 0 0 0 0 0 0 0.088667 -0.017265 0.051795 0 0
0 0 0 0.13355 0 0 0 0 0 0 0 0.11372 -0.022143 0.066428 0 0
-0 -0 -0 0.1359 0 0 0 0 0 0 0 0.11572 -0.022533 0.0676 0 0
0 0 0 0.099142 0 0 0 0 0 0 0 0.084421 -0.016438 0.049315 0 0
0 0 0 0.12421 0 0 0 0 0 0 0 0.10577 -0.020595 0.061785 0 0
-0 -0 -0 0.14683 0 0 0 0 0 0 0 0.12503 -0.024345 0.073035 0 0
-0 -0 -0 0.1819 0 0 0 0 0 0 0 0.15489 -0.03016 0.090479 0 0
0 0 0 0.098697 0 0 0 0 0 0 0 0.084042 -0.016365 0.049094 0 0
0 0 0 0.048956 0 0 0 0 0 0 0 0.041687 -0.0081171 0.024351 0 0
0 0 0 0.020937 0 0 0 0 0 0 0 0.017828 -0.0034714 0.010414 0 0
-0 -0 -0 0.15055 0 0 0 0 0 0 0 0.1282 -0.024962 0.074887 0 0
-0 -0 -0 0.056561 0 0 0 0 0 0 0 0.048163 -0.0093782 0.028135 0 0
-0 -0 -0 0.0039986 0 0 0 0 0 0 0 0.0034049 -0.00066299 0.001989 0 0
0 0 0 0.16885 0 0 0 0 0 0 0 0.14378 -0.027996 0.083988 0 0
