0 0 0.082096 0 0 0 0 0 0 0 0 0 0 -0.041048 5.1775e-17 0.071097 -0.0073934 0.0078636 -0.0042686 0 0
-0 -0 -0.34346 0 0 0 0 0 0 0 0 0 0 0.17173 2.477e-17 -0.29745 0.024105 -0.039516 0.013917 0 0
-0 -0 -0.026049 0 0 0 0 0 0 0 0 0 0 0.013024 5.179e-17 -0.022559 0.0022263 -0.0026385 0.0012853 0 0
0 0 0.018676 0 0 0 0 0 0 0 0 0 0 -0.0093379 5.1794e-17 0.016174 -0.0016324 0.00185 -0.00094245 0 0
0 0 0.080811 0 0 0 0 0 0 0 0 0 0 -0.040406 5.1773e-17 0.069984 -0.0072735 0.007746 -0.0041993 0 0
-0 -0 -0.25462 0 0 0 0 0 0 0 0 0 0 0.12731 5.1732e-17 -0.22051 0.019021 -0.028412 0.010982 0 0
-0 -0 -0.22474 0 0 0 0 0 0 0 0 0 0 0.11237 5.1608e-17 -0.19463 0.017122 -0.0248 0.0098853 0 0
0 0 0.31777 0 0 0 0 0 0 0 0 0 0 -0.15889 5.2928e-17 0.2752 -0.031395 0.026239 -0.018126 0 0
-0 -0 -0.22231 0 0 0 0 0 0 0 0 0 0 0.11116 5.1598e-17 -0.19253 0.016963 -0.024509 0.0097937 0 0
-0 -0 -0.18698 0 0 0 0 0 0 0 0 0 0 0.09349 5.2346e-17 -0.16193 0.014589 -0.020332 0.0084231 0 0
0 0 0.041771 0 0 0 0 0 0 0 0 0 0 -0.020886 2.4049e-17 0.036175 -0.003692 0.0040887 -0.0021316 0 0
0 0 0.27596 0 0 0 0 0 0 0 0 0 0 -0.13798 5.2708e-17 0.23898 -0.026873 0.023463 -0.015515 0 0
-0 -0 -0.22467 0 0 0 0 0 0 0 0 0 0 0.11234 5.1607e-17 -0.19457 0.017117 -0.024792 0.0098827 0 0
0 0 0.3154 0 0 0 0 0 0 0 0 0 0 -0.1577 2.4694e-17 0.27315 -0.031136 0.026087 -0.017976 0 0
0 0 0.091551 0 0 0 0 0 0 0 0 0 0 -0.045775 5.1789e-17 0.079285 -0.0082801 0.0087235 -0.0047805 0 0
-0 -0 -0.18482 0 0 0 0 0 0 0 0 0 0 0.092408 5.2339e-17 -0.16006 0.01444 -0.02008 0.0083368 0 0
0 0 0.23289 0 0 0 0 0 0 0 0 0 0 -0.11644 5.164e-17 0.20169 -0.022325 0.020379 -0.012889 0 0
0 0 0.01188 0 0 0 0 0 0 0 0 0 0 -0.0059401 5.1796e-17 0.010289 -0.0010349 0.0011809 -0.00059753 0 0
-0 -0 -0.14113 0 0 0 0 0 0 0 0 0 0 0.070567 2.4367e-17 -0.12223 0.011321 -0.015061 0.0065362 0 0
0 0 0.2088 0 0 0 0 0 0 0 0 0 0 -0.1044 5.1548e-17 0.18083 -0.019833 0.018557 -0.01145 0 0
-0 -0 -0.018224 0 0 0 0 0 0 0 0 0 0 0.009112 2.4037e-17 -0.015782 0.0015638 -0.0018389 0.00090285 0 0
0 0 0.15578 0 0 0 0 0 0 0 0 0 0 -0.07789 5.2253e-17 0.13491 -0.014485 0.014304 -0.008363 0 0
-0 -0 -0.3344 0 0 0 0 0 0 0 0 0 0 0.1672 5.3024e-17 -0.2896 0.023626 -0.038359 0.01364 0 0
-0 -0 -0.32547 0 0 0 0 0 0 0 0 0 0 0.16273 5.2972e-17 -0.28186 0.023145 -0.037225 0.013363 0 0
0 0 0.16739 0 0 0 0 0 0 0 0 0 0 -0.083694 5.2286e-17 0.14496 -0.015639 0.015263 -0.0090292 0 0
-0 -0 -0.20645 0 0 0 0 0 0 0 0 0 0 0.10322 2.3586e-17 -0.17879 0.015913 -0.022622 0.0091875 0 0
0 0 0.24691 0 0 0 0 0 0 0 0 0 0 -0.12346 5.1698e-17 0.21383 -0.023793 0.021408 -0.013737 0 0
0 0 0.0073096 0 0 0 0 0 0 0 0 0 0 -0.0036548 5.1793e-17 0.0063303 -0.00063534 0.00072828 -0.00036681 0 0
-0 -0 -0.12176 0 0 0 0 0 0 0 0 0 0 0.060881 5.1953e-17 -0.10545 0.0098776 -0.012886 0.0057028 0 0
-0 -0 -0.16772 0 0 0 0 0 0 0 0 0 0 0.083858 5.2286e-17 -0.14525 0.013241 -0.018096 0.0076449 0 0
0 0 0.23391 0 0 0 0 0 0 0 0 0 0 -0.11695 5.1644e-17 0.20257 -0.022431 0.020455 -0.012951 0 0
0 0 0.16001 0 0 0 0 0 0 0 0 0 0 -0.080005 5.2264e-17 0.13857 -0.014905 0.014655 -0.0086052 0 0
-0 -0 -0.0028322 0 0 0 0 0 0 0 0 0 0 0.0014161 5.1793e-17 -0.0024528 0.00024493 -0.00028362 0.00014141 0 0
0 0 0.25254 0 0 0 0 0 0 0 0 0 0 -0.12627 5.1722e-17 0.21871 -0.024386 0.021815 -0.014079 0 0
-0 -0 -0.14238 0 0 0 0 0 0 0 0 0 0 0.071189 2.4368e-17 -0.1233 0.011412 -0.015202 0.006589 0 0
0 0 0.32704 0 0 0 0 0 0 0 0 0 0 -0.16352 2.4725e-17 0.28322 -0.03241 0.026824 -0.018712 0 0
-0 -0 -0.33765 0 0 0 0 0 0 0 0 0 0 0.16882 5.3044e-17 -0.29241 0.023799 -0.038773 0.01374 0 0
-0 -0 -0.30755 0 0 0 0 0 0 0 0 0 0 0.15377 5.2871e-17 -0.26634 0.022153 -0.034964 0.01279 0 0
-0 -0 -0.18161 0 0 0 0 0 0 0 0 0 0 0.090804 2.442e-17 -0.15728 0.014217 -0.019706 0.0082083 0 0
0 0 0.064871 0 0 0 0 0 0 0 0 0 0 -0.032436 2.4086e-17 0.05618 -0.0057962 0.0062722 -0.0033465 0 0
-0 -0 -0.17518 0 0 0 0 0 0 0 0 0 0 0.087588 2.4411e-17 -0.15171 0.013768 -0.018959 0.0079489 0 0
-0 -0 -0.17353 0 0 0 0 0 0 0 0 0 0 0.086765 5.2304e-17 -0.15028 0.013652 -0.018768 0.0078821 0 0
-0 -0 -0.063655 0 0 0 0 0 0 0 0 0 0 0.031827 2.4086e-17 -0.055127 0.0053336 -0.0065637 0.0030793 0 0
-0 -0 -0.086069 0 0 0 0 0 0 0 0 0 0 0.043034 5.178e-17 -0.074538 0.007124 -0.0089664 0.004113 0 0
0 0 0.12789 0 0 0 0 0 0 0 0 0 0 -0.063943 5.1966e-17 0.11075 -0.011752 0.011937 -0.0067852 0 0
-0 -0 -0.20893 0 0 0 0 0 0 0 0 0 0 0.10447 5.1549e-17 -0.18094 0.01608 -0.022917 0.0092835 0 0
-0 -0 -0.14768 0 0 0 0 0 0 0 0 0 0 0.07384 5.2231e-17 -0.12789 0.0118 -0.015803 0.0068129 0 0
0 0 0.074775 0 0 0 0 0 0 0 0 0 0 -0.037387 5.1765e-17 0.064757 -0.0067116 0.0071911 -0.003875 0 0
-0 -0 -0.041632 0 0 0 0 0 0 0 0 0 0 0.020816 5.1813e-17 -0.036055 0.0035294 -0.0042487 0.0020377 0 0
-0 -0 -0.22456 0 0 0 0 0 0 0 0 0 0 0.11228 5.1607e-17 -0.19447 0.01711 -0.024778 0.0098783 0 0
0 0 0.063339 0 0 0 0 0 0 0 0 0 0 -0.03167 5.186e-17 0.054854 -0.0056554 0.0061292 -0.0032651 0 0
-0 -0 -0.30275 0 0 0 0 0 0 0 0 0 0 0.15138 5.2845e-17 -0.26219 0.021882 -0.034363 0.012633 0 0
0 0 0.0021908 0 0 0 0 0 0 0 0 0 0 -0.0010954 2.4037e-17 0.0018973 -0.00018993 0.00021884 -0.00010966 0 0
-0 -0 -0.071556 0 0 0 0 0 0 0 0 0 0 0.035778 5.1761e-17 -0.061969 0.00597 -0.0074054 0.0034468 0 0
-0 -0 -0.22066 0 0 0 0 0 0 0 0 0 0 0.11033 5.1592e-17 -0.1911 0.016855 -0.024312 0.0097315 0 0
-0 -0 -0.015661 0 0 0 0 0 0 0 0 0 0 0.0078303 5.1796e-17 -0.013562 0.0013456 -0.0015783 0.00077687 0 0
-0 -0 -0.17941 0 0 0 0 0 0 0 0 0 0 0.089704 5.2322e-17 -0.15537 0.014064 -0.01945 0.0081198 0 0
-0 -0 -0.13824 0 0 0 0 0 0 0 0 0 0 0.069118 5.2208e-17 -0.11972 0.011107 -0.014733 0.0064128 0 0
0 0 0.14995 0 0 0 0 0 0 0 0 0 0 -0.074977 5.2237e-17 0.12986 -0.01391 0.013817 -0.0080307 0 0
-0 -0 -0.28758 0 0 0 0 0 0 0 0 0 0 0.14379 5.2766e-17 -0.24905 0.021007 -0.03247 0.012128 0 0
-0 -0 -0.32777 0 0 0 0 0 0 0 0 0 0 0.16388 5.2985e-17 -0.28386 0.02327 -0.037517 0.013435 0 0
0 0 0.2148 0 0 0 0 0 0 0 0 0 0 -0.1074 5.157e-17 0.18602 -0.02045 0.019017 -0.011807 0 0
-0 -0 -0.14675 0 0 0 0 0 0 0 0 0 0 0.073375 2.4374e-17 -0.12709 0.011732 -0.015697 0.0067738 0 0
-0 -0 -0.22437 0 0 0 0 0 0 0 0 0 0 0.11218 5.1606e-17 -0.19431 0.017097 -0.024755 0.0098712 0 0
-0 -0 -0.11253 0 0 0 0 0 0 0 0 0 0 0.056266 5.1934e-17 -0.097456 0.0091773 -0.011862 0.0052985 0 0
0 0 0.3322 0 0 0 0 0 0 0 0 0 0 -0.1661 5.3011e-17 0.2877 -0.032978 0.027145 -0.01904 0 0
-0 -0 -0.1871 0 0 0 0 0 0 0 0 0 0 0.093551 5.2347e-17 -0.16203 0.014598 -0.020346 0.008428 0 0
0 0 0.0076649 0 0 0 0 0 0 0 0 0 0 -0.0038324 5.1793e-17 0.006638 -0.00066634 0.00076354 -0.00038471 0 0
-0 -0 -0.21346 0 0 0 0 0 0 0 0 0 0 0.10673 5.1565e-17 -0.18486 0.016381 -0.023454 0.0094574 0 0
0 0 0.055231 0 0 0 0 0 0 0 0 0 0 -0.027616 5.1851e-17 0.047832 -0.0049128 0.0053679 -0.0028364 0 0
0 0 0.3012 0 0 0 0 0 0 0 0 0 0 -0.1506 5.2837e-17 0.26084 -0.029591 0.025165 -0.017084 0 0
-0 -0 -0.064506 0 0 0 0 0 0 0 0 0 0 0.032253 5.1861e-17 -0.055864 0.0054024 -0.0066542 0.0031191 0 0
-0 -0 -0.0057206 0 0 0 0 0 0 0 0 0 0 0.0028603 5.1793e-17 -0.0049542 0.000494 -0.0005737 0.00028521 0 0
0 0 0.14938 0 0 0 0 0 0 0 0 0 0 -0.07469 5.2236e-17 0.12937 -0.013853 0.013769 -0.0079981 0 0
-0 -0 -0.051772 0 0 0 0 0 0 0 0 0 0 0.025886 5.1848e-17 -0.044836 0.0043655 -0.0053089 0.0025204 0 0
-0 -0 -0.22498 0 0 0 0 0 0 0 0 0 0 0.11249 2.3617e-17 -0.19484 0.017137 -0.024828 0.0098941 0 0
-0 -0 -0.15447 0 0 0 0 0 0 0 0 0 0 0.077233 5.2249e-17 -0.13377 0.012293 -0.016576 0.0070973 0 0
0 0 0.32383 0 0 0 0 0 0 0 0 0 0 -0.16191 5.2962e-17 0.28044 -0.032058 0.026622 -0.018508 0 0
0 0 0.30362 0 0 0 0 0 0 0 0 0 0 -0.15181 5.285e-17 0.26295 -0.029854 0.025324 -0.017236 0 0
-0 -0 -0.30629 0 0 0 0 0 0 0 0 0 0 0.15315 5.2864e-17 -0.26526 0.022082 -0.034807 0.012749 0 0
-0 -0 -0.1211 0 0 0 0 0 0 0 0 0 0 0.060552 5.1952e-17 -0.10488 0.0098281 -0.012813 0.0056742 0 0
0 0 0.21766 0 0 0 0 0 0 0 0 0 0 -0.10883 5.1581e-17 0.1885 -0.020745 0.019235 -0.011977 0 0
0 0 0.013368 0 0 0 0 0 0 0 0 0 0 -0.0066842 2.404e-17 0.011577 -0.0011654 0.0013279 -0.00067287 0 0
-0 -0 -0.017088 0 0 0 0 0 0 0 0 0 0 0.008544 5.1794e-17 -0.014799 0.0014671 -0.0017233 0.00084706 0 0
0 0 0.34768 0 0 0 0 0 0 0 0 0 0 -0.17384 5.3105e-17 0.3011 -0.034689 0.028088 -0.020028 0 0
0 0 0.1315 0 0 0 0 0 0 0 0 0 0 -0.065751 5.1975e-17 0.11388 -0.012103 0.012249 -0.0069879 0 0
0 0 0.19473 0 0 0 0 0 0 0 0 0 0 -0.097366 2.3567e-17 0.16864 -0.018395 0.01746 -0.01062 0 0
-0 -0 -0.26922 0 0 0 0 0 0 0 0 0 0 0.13461 2.3704e-17 -0.23315 0.019915 -0.0302 0.011498 0 0
0 0 0.096884 0 0 0 0 0 0 0 0 0 0 -0.048442 2.4107e-17 0.083904 -0.0087834 0.0092043 -0.0050711 0 0
0 0 0.32937 0 0 0 0 0 0 0 0 0 0 -0.16469 2.4731e-17 0.28524 -0.032667 0.026969 -0.01886 0 0
-0 -0 -0.229 0 0 0 0 0 0 0 0 0 0 0.1145 5.1624e-17 -0.19832 0.017398 -0.025311 0.010045 0 0
0 0 0.31908 0 0 0 0 0 0 0 0 0 0 -0.15954 5.2935e-17 0.27633 -0.031537 0.026321 -0.018208 0 0
-0 -0 -0.27868 0 0 0 0 0 0 0 0 0 0 0.13934 5.2721e-17 -0.24134 0.020482 -0.031366 0.011825 0 0
-0 -0 -0.15287 0 0 0 0 0 0 0 0 0 0 0.076434 2.4381e-17 -0.13239 0.012177 -0.016394 0.0070306 0 0
0 0 0.10144 0 0 0 0 0 0 0 0 0 0 -0.050721 2.4111e-17 0.087852 -0.0092154 0.0096128 -0.0053205 0 0
0 0 0.1071 0 0 0 0 0 0 0 0 0 0 -0.05355 5.1924e-17 0.092752 -0.0097537 0.010117 -0.0056313 0 0
-0 -0 -0.28086 0 0 0 0 0 0 0 0 0 0 0.14043 5.2732e-17 -0.24323 0.020611 -0.031636 0.0119 0 0
-0 -0 -0.068792 0 0 0 0 0 0 0 0 0 0 0.034396 5.1757e-17 -0.059575 0.005748 -0.0071103 0.0033186 0 0
-0 -0 -0.21517 0 0 0 0 0 0 0 0 0 0 0.10759 5.1571e-17 -0.18634 0.016494 -0.023658 0.0095228 0 0
-0 -0 -0.24497 0 0 0 0 0 0 0 0 0 0 0.12248 5.169e-17 -0.21215 0.018418 -0.027238 0.010634 0 0
