0 0 0 0.13205 0 0 0 0 0 0 0 0.11244 -0.021894 0.065682 0 0
-0 -0 -0 0.15325 0 0 0 0 0 0 0 0.1305 -0.02541 0.076231 0 0
-0 -0 -0 0.16618 0 0 0 0 0 0 0 0.14151 -0.027554 0.082663 0 0
-0 -0 -0 0.060347 0 0 0 0 0 0 0 0.051387 -0.010006 0.030018 0 0
0 0 0 0.0055429 0 0 0 0 0 0 0 0.0047199 -0.00091905 0.0027572 0 0
-0 -0 -0 0.18845 0 0 0 0 0 0 0 0.16047 -0.031246 0.093738 0 0
0 0 0 0.029444 0 0 0 0 0 0 0 0.025073 -0.0048821 0.014646 0 0
0 0 0 0.012739 0 0 0 0 0 0 0 0.010847 -0.0021121 0.0063364 0 0
-0 -0 -0 0.039046 0 0 0 0 0 0 0 0.033249 -0.0064741 0.019422 0 0
-0 -0 -0 0.092352 0 0 0 0 0 0 0 0.078639 -0.015313 0.045938 0 0
-0 -0 -0 0.10674 0 0 0 0 0 0 0 0.090889 -0.017698 0.053093 0 0
-0 -0 -0 0.17421 0 0 0 0 0 0 0 0.14835 -0.028885 0.086656 0 0
-0 -0 -0 0.078522 0 0 0 0 0 0 0 0.066863 -0.013019 0.039058 0 0
0 0 0 0.030114 0 0 0 0 0 0 0 0.025643 -0.0049931 0.014979 0 0
-0 -0 -0 0.091031 0 0 0 0 0 0 0 0.077514 -0.015093 0.04528 0 0
-0 -0 -0 0.086712 0 0 0 0 0 0 0 0.073837 -0.014377 0.043132 0 0
-0 -0 -0 0.084044 0 0 0 0 0 0 0 0.071565 -0.013935 0.041805 0 0
-0 -0 -0 0.016706 0 0 0 0 0 0 0 0.014225 -0.0027699 0.0083098 0 0
-0 -0 -0 0.033606 0 0 0 0 0 0 0 0.028617 -0.0055721 0.016716 0 0
0 0 0 0.18089 0 0 0 0 0 0 0 0.15404 -0.029993 0.08998 0 0
-0 -0 -0 0.075383 0 0 0 0 0 0 0 0.06419 -0.012499 0.037497 0 0
0 0 0 0.12768 0 0 0 0 0 0 0 0.10872 -0.02117 0.06351 0 0
-0 -0 -0 0.036642 0 0 0 0 0 0 0 0.031202 -0.0060755 0.018227 0 0
-0 -0 -0 0.15365 0 0 0 0 0 0 0 0.13083 -0.025476 0.076427 0 0
0 0 0 0.18892 0 0 0 0 0 0 0 0.16087 -0.031324 0.093973 0 0
0 0 0 0.17995 0 0 0 0 0 0 0 0.15323 -0.029837 0.08951 0 0
-0 -0 -0 0.088998 0 0 0 0 0 0 0 0.075783 -0.014756 0.044269 0 0
-0 -0 -0 0.10261 0 0 0 0 0 0 0 0.087375 -0.017013 0.05104 0 0
-0 -0 -0 0.19176 0 0 0 0 0 0 0 0.16329 -0.031796 0.095387 0 0
-0 -0 -0 0.010404 0 0 0 0 0 0 0 0.0088596 -0.0017251 0.0051754 0 0
-0 -0 -0 0.053707 0 0 0 0 0 0 0 0.045732 -0.0089049 0.026715 0 0
-0 -0 -0 0.11523 0 0 0 0 0 0 0 0.098124 -0.019106 0.057319 0 0
-0 -0 -0 0.078205 0 0 0 0 0 0 0 0.066593 -0.012967 0.0389 0 0
0 0 0 0.1134 0 0 0 0 0 0 0 0.096559 -0.018802 0.056405 0 0
0 0 0 0.013519 0 0 0 0 0 0 0 0.011512 -0.0022416 0.0067248 0 0
0 0 0 0.15533 0 0 0 0 0 0 0 0.13226 -0.025754 0.077262 0 0
-0 -0 -0 0.16064 0 0 0 0 0 0 0 0.13679 -0.026635 0.079904 0 0
0 0 0 0.19398 0 0 0 0 0 0 0 0.16518 -0.032163 0.09649 0 0
-0 -0 -0 0.024006 0 0 0 0 0 0 0 0.020441 -0.0039803 0.011941 0 0
0 0 0 0.14438 0 0 0 0 0 0 0 0.12294 -0.023938 0.071815 0 0
0 0 0 0.07191 0 0 0 0 0 0 0 0.061233 -0.011923 0.035769 0 0
-0 -0 -0 0.17093 0 0 0 0 0 0 0 0.14555 -0.028341 0.085023 0 0
0 0 0 0.17203 0 0 0 0 0 0 0 0.14649 -0.028524 0.085571 0 0
-0 -0 -0 0.0095237 0 0 0 0 0 0 0 0.0081096 -0.0015791 0.0047373 0 0
0 0 0 0.12926 0 0 0 0 0 0 0 0.11006 -0.021431 0.064294 0 0
-0 -0 -0 0.077231 0 0 0 0 0 0 0 0.065763 -0.012805 0.038416 0 0
0 0 0 0.02456 0 0 0 0 0 0 0 0.020913 -0.0040722 0.012217 0 0
-0 -0 -0 0.18622 0 0 0 0 0 0 0 0.15857 -0.030876 0.092629 0 0
-0 -0 -0 0.048118 0 0 0 0 0 0 0 0.040973 -0.0079783 0.023935 0 0
0 0 0 0.043234 0 0 0 0 0 0 0 0.036815 -0.0071685 0.021505 0 0
-0 -0 -0 0.17782 0 0 0 0 0 0 0 0.15142 -0.029484 0.088453 0 0
-0 -0 -0 0.021499 0 0 0 0 0 0 0 0.018306 -0.0035646 0.010694 0 0
-0 -0 -0 0.075662 0 0 0 0 0 0 0 0.064428 -0.012545 0.037636 0 0
-0 -0 -0 0.11655 0 0 0 0 0 0 0 0.099247 -0.019325 0.057976 0 0
-0 -0 -0 0.15462 0 0 0 0 0 0 0 0.13166 -0.025637 0.076912 0 0
0 0 0 0.05662 0 0 0 0 0 0 0 0.048213 -0.0093879 0.028164 0 0
-0 -0 -0 0.17173 0 0 0 0 0 0 0 0.14623 -0.028474 0.085421 0 0
-0 -0 -0 0.03008 0 0 0 0 0 0 0 0.025614 -0.0049875 0.014963 0 0
-0 -0 -0 0.062976 0 0 0 0 0 0 0 0.053625 -0.010442 0.031325 0 0
0 0 0 0.022395 0 0 0 0 0 0 0 0.01907 -0.0037132 0.01114 0 0
0 0 0 0.055149 0 0 0 0 0 0 0 0.04696 -0.009144 0.027432 0 0
0 0 0 0.19443 0 0 0 0 0 0 0 0.16556 -0.032238 0.096715 0 0
-0 -0 -0 0.039412 0 0 0 0 0 0 0 0.03356 -0.0065347 0.019604 0 0
0 0 0 0.0087359 0 0 0 0 0 0 0 0.0074388 -0.0014485 0.0043454 0 0
-0 -0 -0 0.020458 0 0 0 0 0 0 0 0.01742 -0.003392 0.010176 0 0
0 0 0 0.11233 0 0 0 0 0 0 0 0.095652 -0.018625 0.055875 0 0
-0 -0 -0 0.074081 0 0 0 0 0 0 0 0.063081 -0.012283 0.036849 0 0
-0 -0 -0 0.10939 0 0 0 0 0 0 0 0.093146 -0.018137 0.054412 0 0
0 0 0 0.14538 0 0 0 0 0 0 0 0.1238 -0.024105 0.072316 0 0
-0 -0 -0 0.1687 0 0 0 0 0 0 0 0.14365 -0.027971 0.083914 0 0
0 0 0 0.17938 0 0 0 0 0 0 0 0.15275 -0.029743 0.089229 0 0
0 0 0 0.14205 0 0 0 0 0 0 0 0.12096 -0.023553 0.070659 0 0
0 0 0 0.022256 0 0 0 0 0 0 0 0.018952 -0.0036902 0.011071 0 0
-0 -0 -0 0.10015 0 0 0 0 0 0 0 0.085276 -0.016605 0.049814 0 0
-0 -0 -0 0.035834 0 0 0 0 0 0 0 0.030514 -0.0059416 0.017825 0 0
0 0 0 0.16085 0 0 0 0 0 0 0 0.13697 -0.02667 0.080011 0 0
0 0 0 0.010691 0 0 0 0 0 0 0 0.0091035 -0.0017726 0.0053178 0 0
-0 -0 -0 0.16288 0 0 0 0 0 0 0 0.13869 -0.027006 0.081018 0 0
0 0 0 0.14258 0 0 0 0 0 0 0 0.12141 -0.023641 0.070923 0 0
-0 -0 -0 0.15149 0 0 0 0 0 0 0 0.12899 -0.025117 0.075352 0 0
-0 -0 -0 0.16643 0 0 0 0 0 0 0 0.14172 -0.027595 0.082785 0 0
0 0 0 0.17083 0 0 0 0 0 0 0 0.14547 -0.028325 0.084975 0 0
0 0 0 0.024498 0 0 0 0 0 0 0 0.02086 -0.0040619 0.012186 0 0
-0 -0 -0 0.15875 0 0 0 0 0 0 0 0.13518 -0.026321 0.078964 0 0
-0 -0 -0 0.18638 0 0 0 0 0 0 0 0.15871 -0.030903 0.09271 0 0
0 0 0 0.11975 0 0 0 0 0 0 0 0.10197 -0.019855 0.059566 0 0
0 0 0 0.082599 0 0 0 0 0 0 0 0.070335 -0.013695 0.041086 0 0
0 0 0 0.045165 0 0 0 0 0 0 0 0.038459 -0.0074886 0.022466 0 0
-0 -0 -0 0.060828 0 0 0 0 0 0 0 0.051796 -0.010086 0.030257 0 0
-0 -0 -0 0.1257 0 0 0 0 0 0 0 0.10704 -0.020842 0.062526 0 0
0 0 0 0.016265 0 0 0 0 0 0 0 0.01385 -0.0026969 0.0080907 0 0
0 0 0 0.19656 0 0 0 0 0 0 0 0.16738 -0.032591 0.097774 0 0
0 0 0 0.18843 0 0 0 0 0 0 0 0.16045 -0.031243 0.093728 0 0
0 0 0 0.17441 0 0 0 0 0 0 0 0.14852 -0.028919 0.086756 0 0
-0 -0 -0 0.10548 0 0 0 0 0 0 0 0.089821 -0.01749 0.052469 0 0
0 0 0 0.0084437 0 0 0 0 0 0 0 0.0071899 -0.0014 0.0042 0 0
-0 -0 -0 0.18831 0 0 0 0 0 0 0 0.16035 -0.031223 0.09367 0 0
-0 -0 -0 0.10752 0 0 0 0 0 0 0 0.091552 -0.017827 0.053481 0 0
-0 -0 -0 0.08278 0 0 0 0 0 0 0 0.070489 -0.013725 0.041176 0 0
0 0 0 0.15214 0 0 0 0 0 0 0 0.12955 -0.025225 0.075676 0 0
