0 0 0.11292 0 0 0 0 0 0 0 0 0 0 -0.0553 0.0099834 0.097948 -0.012395 0.010025 -0.0080197 0 0
-0 -0 -0.19247 0 0 0 0 0 0 0 0 0 0 0.094256 -0.017016 -0.16695 0.018423 -0.020673 0.012509 0 0
0 0 0.34722 0 0 0 0 0 0 0 0 0 0 -0.17004 0.030697 0.30117 -0.041045 0.025226 -0.025745 0 0
0 0 0.033162 0 0 0 0 0 0 0 0 0 0 -0.01624 0.0029318 0.028764 -0.0035286 0.0031151 -0.0023097 0 0
-0 -0 -0.2992 0 0 0 0 0 0 0 0 0 0 0.14653 -0.026452 -0.25953 0.026961 -0.03385 0.018672 0 0
-0 -0 -0.017201 0 0 0 0 0 0 0 0 0 0 0.0084237 -0.0015207 -0.01492 0.0017918 -0.0016701 0.0011819 0 0
-0 -0 -0.0059834 0 0 0 0 0 0 0 0 0 0 0.0029302 -0.00052899 -0.0051899 0.00062631 -0.00057679 0.0004124 0 0
-0 -0 -0.051616 0 0 0 0 0 0 0 0 0 0 0.025277 -0.0045633 -0.044771 0.0052953 -0.0051205 0.0035116 0 0
-0 -0 -0.0079265 0 0 0 0 0 0 0 0 0 0 0.0038817 -0.00070077 -0.0068753 0.00082901 -0.00076505 0.00054603 0 0
0 0 0.28068 0 0 0 0 0 0 0 0 0 0 -0.13745 0.024814 0.24346 -0.032568 0.021715 -0.020601 0 0
-0 -0 -0.27708 0 0 0 0 0 0 0 0 0 0 0.13569 -0.024496 -0.24034 0.025297 -0.031029 0.017445 0 0
-0 -0 -0.20196 0 0 0 0 0 0 0 0 0 0 0.098905 -0.017855 -0.17518 0.019234 -0.021799 0.013081 0 0
-0 -0 -0.059535 0 0 0 0 0 0 0 0 0 0 0.029156 -0.0052634 -0.05164 0.0060857 -0.0059347 0.0040409 0 0
0 0 0.32593 0 0 0 0 0 0 0 0 0 0 -0.15961 0.028815 0.2827 -0.038308 0.024174 -0.024092 0 0
-0 -0 -0.27288 0 0 0 0 0 0 0 0 0 0 0.13363 -0.024125 -0.23669 0.024975 -0.030498 0.017209 0 0
0 0 0.19949 0 0 0 0 0 0 0 0 0 0 -0.097694 0.017637 0.17304 -0.022569 0.016553 -0.01443 0 0
0 0 0.25946 0 0 0 0 0 0 0 0 0 0 -0.12706 0.022939 0.22505 -0.029916 0.020458 -0.018976 0 0
0 0 0.1277 0 0 0 0 0 0 0 0 0 0 -0.062537 0.01129 0.11076 -0.014093 0.011213 -0.0090995 0 0
0 0 0.18509 0 0 0 0 0 0 0 0 0 0 -0.090642 0.016364 0.16054 -0.02084 0.01554 -0.01335 0 0
-0 -0 -0.10434 0 0 0 0 0 0 0 0 0 0 0.051098 -0.0092246 -0.090504 0.010444 -0.01068 0.006985 0 0
0 0 0.18649 0 0 0 0 0 0 0 0 0 0 -0.091329 0.016488 0.16176 -0.021008 0.01564 -0.013455 0 0
0 0 0.077639 0 0 0 0 0 0 0 0 0 0 -0.038021 0.006864 0.067343 -0.0084088 0.0070717 -0.0054683 0 0
0 0 0.16049 0 0 0 0 0 0 0 0 0 0 -0.078593 0.014188 0.1392 -0.017918 0.01374 -0.011517 0 0
-0 -0 -0.28459 0 0 0 0 0 0 0 0 0 0 0.13937 -0.02516 -0.24685 0.025868 -0.031981 0.017865 0 0
-0 -0 -0.22191 0 0 0 0 0 0 0 0 0 0 0.10867 -0.019619 -0.19248 0.020905 -0.024196 0.014269 0 0
0 0 0.058516 0 0 0 0 0 0 0 0 0 0 -0.028656 0.0051734 0.050756 -0.0062904 0.0054021 -0.0041021 0 0
-0 -0 -0.34132 0 0 0 0 0 0 0 0 0 0 0.16715 -0.030176 -0.29606 0.029971 -0.039344 0.020932 0 0
-0 -0 -0.24566 0 0 0 0 0 0 0 0 0 0 0.1203 -0.021718 -0.21308 0.022838 -0.027101 0.015656 0 0
-0 -0 -0.033275 0 0 0 0 0 0 0 0 0 0 0.016295 -0.0029418 -0.028862 0.0034419 -0.0032638 0.0022759 0 0
-0 -0 -0.2441 0 0 0 0 0 0 0 0 0 0 0.11954 -0.021581 -0.21173 0.022713 -0.026909 0.015566 0 0
0 0 0.15177 0 0 0 0 0 0 0 0 0 0 -0.074325 0.013418 0.13164 -0.016894 0.013083 -0.010872 0 0
0 0 0.13759 0 0 0 0 0 0 0 0 0 0 -0.06738 0.012164 0.11934 -0.015238 0.011991 -0.0098257 0 0
0 0 0.25148 0 0 0 0 0 0 0 0 0 0 -0.12316 0.022233 0.21813 -0.028926 0.019968 -0.018367 0 0
-0 -0 -0.070158 0 0 0 0 0 0 0 0 0 0 0.034358 -0.0062026 -0.060854 0.0071367 -0.0070385 0.0047467 0 0
-0 -0 -0.33927 0 0 0 0 0 0 0 0 0 0 0.16615 -0.029995 -0.29428 0.029829 -0.039073 0.020824 0 0
-0 -0 -0.14008 0 0 0 0 0 0 0 0 0 0 0.068599 -0.012384 -0.1215 0.013777 -0.01463 0.0092693 0 0
0 0 0.082955 0 0 0 0 0 0 0 0 0 0 -0.040625 0.007334 0.071954 -0.009003 0.0075273 -0.0058502 0 0
-0 -0 -0.14956 0 0 0 0 0 0 0 0 0 0 0.07324 -0.013222 -0.12972 0.014639 -0.015701 0.0098652 0 0
0 0 0.11144 0 0 0 0 0 0 0 0 0 0 -0.054576 0.0098526 0.096665 -0.012226 0.0099048 -0.007912 0 0
0 0 0.16052 0 0 0 0 0 0 0 0 0 0 -0.078612 0.014192 0.13924 -0.017923 0.013743 -0.01152 0 0
0 0 0.12295 0 0 0 0 0 0 0 0 0 0 -0.060211 0.01087 0.10665 -0.013545 0.010834 -0.0087517 0 0
-0 -0 -0.16918 0 0 0 0 0 0 0 0 0 0 0.082851 -0.014957 -0.14674 0.016393 -0.01795 0.011085 0 0
0 0 0.26228 0 0 0 0 0 0 0 0 0 0 -0.12844 0.023187 0.22749 -0.030267 0.020628 -0.019191 0 0
-0 -0 -0.19379 0 0 0 0 0 0 0 0 0 0 0.094902 -0.017133 -0.16809 0.018537 -0.020829 0.012589 0 0
-0 -0 -0.11621 0 0 0 0 0 0 0 0 0 0 0.056912 -0.010274 -0.1008 0.011565 -0.011976 0.0077504 0 0
-0 -0 -0.33773 0 0 0 0 0 0 0 0 0 0 0.16539 -0.029858 -0.29294 0.029722 -0.038869 0.020743 0 0
-0 -0 -0.0040061 0 0 0 0 0 0 0 0 0 0 0.0019619 -0.00035418 -0.0034749 0.0004197 -0.00038569 0.00027627 0 0
-0 -0 -0.022418 0 0 0 0 0 0 0 0 0 0 0.010979 -0.001982 -0.019445 0.00233 -0.0021839 0.0015381 0 0
-0 -0 -0.047903 0 0 0 0 0 0 0 0 0 0 0.023459 -0.004235 -0.04155 0.0049226 -0.0047413 0.0032625 0 0
-0 -0 -0.3454 0 0 0 0 0 0 0 0 0 0 0.16915 -0.030536 -0.29959 0.030251 -0.039884 0.021145 0 0
0 0 0.088819 0 0 0 0 0 0 0 0 0 0 -0.043496 0.0078524 0.077041 -0.0096611 0.0080256 -0.0062726 0 0
0 0 0.29861 0 0 0 0 0 0 0 0 0 0 -0.14623 0.0264 0.25901 -0.034829 0.022725 -0.021981 0 0
0 0 0.24139 0 0 0 0 0 0 0 0 0 0 -0.11821 0.021341 0.20938 -0.027678 0.019335 -0.017598 0 0
0 0 0.25876 0 0 0 0 0 0 0 0 0 0 -0.12672 0.022876 0.22444 -0.029829 0.020415 -0.018922 0 0
0 0 0.043766 0 0 0 0 0 0 0 0 0 0 -0.021433 0.0038693 0.037962 -0.0046771 0.0040818 -0.0030567 0 0
-0 -0 -0.077611 0 0 0 0 0 0 0 0 0 0 0.038008 -0.0068615 -0.067319 0.0078675 -0.0078209 0.0052391 0 0
-0 -0 -0.050303 0 0 0 0 0 0 0 0 0 0 0.024634 -0.0044472 -0.043632 0.0051636 -0.0049862 0.0034236 0 0
0 0 0.099236 0 0 0 0 0 0 0 0 0 0 -0.048598 0.0087733 0.086076 -0.010837 0.0088993 -0.0070254 0 0
-0 -0 -0.20651 0 0 0 0 0 0 0 0 0 0 0.10113 -0.018258 -0.17913 0.019619 -0.022342 0.013354 0 0
-0 -0 -0.072519 0 0 0 0 0 0 0 0 0 0 0.035514 -0.0064113 -0.062902 0.0073687 -0.0072856 0.0049029 0 0
-0 -0 -0.10207 0 0 0 0 0 0 0 0 0 0 0.049985 -0.0090237 -0.088533 0.010228 -0.010434 0.0068378 0 0
0 0 0.30591 0 0 0 0 0 0 0 0 0 0 -0.14981 0.027045 0.26534 -0.035755 0.023123 -0.022544 0 0
-0 -0 -0.21546 0 0 0 0 0 0 0 0 0 0 0.10552 -0.019049 -0.18689 0.02037 -0.023416 0.013887 0 0
-0 -0 -0.22419 0 0 0 0 0 0 0 0 0 0 0.10979 -0.019821 -0.19446 0.021094 -0.024472 0.014404 0 0
-0 -0 -0.0099929 0 0 0 0 0 0 0 0 0 0 0.0048937 -0.00088346 -0.0086677 0.0010442 -0.00096578 0.00068799 0 0
0 0 0.071305 0 0 0 0 0 0 0 0 0 0 -0.03492 0.006304 0.061849 -0.0077038 0.0065241 -0.0050145 0 0
-0 -0 -0.14639 0 0 0 0 0 0 0 0 0 0 0.071689 -0.012942 -0.12697 0.014351 -0.015342 0.0096664 0 0
-0 -0 -0.29811 0 0 0 0 0 0 0 0 0 0 0.14599 -0.026356 -0.25858 0.02688 -0.03371 0.018612 0 0
-0 -0 -0.039341 0 0 0 0 0 0 0 0 0 0 0.019266 -0.0034781 -0.034124 0.0040583 -0.0038733 0.0026861 0 0
-0 -0 -0.13762 0 0 0 0 0 0 0 0 0 0 0.067397 -0.012167 -0.11937 0.013552 -0.014354 0.0091144 0 0
0 0 0.15235 0 0 0 0 0 0 0 0 0 0 -0.074607 0.013469 0.13214 -0.016961 0.013127 -0.010914 0 0
-0 -0 -0.033931 0 0 0 0 0 0 0 0 0 0 0.016617 -0.0029998 -0.029431 0.0035087 -0.0033295 0.0023203 0 0
0 0 0.051676 0 0 0 0 0 0 0 0 0 0 -0.025307 0.0045687 0.044823 -0.00554 0.0047934 -0.0036164 0 0
0 0 0.21871 0 0 0 0 0 0 0 0 0 0 -0.1071 0.019336 0.1897 -0.024898 0.01786 -0.015878 0 0
-0 -0 -0.29928 0 0 0 0 0 0 0 0 0 0 0.14656 -0.026459 -0.25959 0.026967 -0.03386 0.018676 0 0
0 0 0.18606 0 0 0 0 0 0 0 0 0 0 -0.091118 0.01645 0.16139 -0.020956 0.015609 -0.013423 0 0
0 0 0.33867 0 0 0 0 0 0 0 0 0 0 -0.16586 0.029942 0.29376 -0.039944 0.024812 -0.025081 0 0
0 0 0.0028443 0 0 0 0 0 0 0 0 0 0 -0.0013929 0.00025146 0.0024671 -0.00029885 0.00027262 -0.00019652 0 0
0 0 0.11447 0 0 0 0 0 0 0 0 0 0 -0.056056 0.01012 0.099285 -0.012571 0.010151 -0.0081321 0 0
0 0 0.109 0 0 0 0 0 0 0 0 0 0 -0.053381 0.009637 0.094549 -0.011947 0.0097055 -0.0077345 0 0
0 0 0.30148 0 0 0 0 0 0 0 0 0 0 -0.14764 0.026654 0.2615 -0.035193 0.022883 -0.022202 0 0
-0 -0 -0.14147 0 0 0 0 0 0 0 0 0 0 0.069278 -0.012507 -0.12271 0.013903 -0.014786 0.0093568 0 0
0 0 0.26163 0 0 0 0 0 0 0 0 0 0 -0.12813 0.02313 0.22693 -0.030186 0.020589 -0.019141 0 0
-0 -0 -0.097009 0 0 0 0 0 0 0 0 0 0 0.047507 -0.0085765 -0.084145 0.0097442 -0.0098877 0.0065093 0 0
0 0 0.25887 0 0 0 0 0 0 0 0 0 0 -0.12677 0.022886 0.22454 -0.029842 0.020421 -0.01893 0 0
0 0 0.08928 0 0 0 0 0 0 0 0 0 0 -0.043722 0.0078931 0.07744 -0.0097129 0.0080645 -0.0063058 0 0
0 0 0.18522 0 0 0 0 0 0 0 0 0 0 -0.090705 0.016375 0.16066 -0.020855 0.015549 -0.01336 0 0
-0 -0 -0.049536 0 0 0 0 0 0 0 0 0 0 0.024258 -0.0043794 -0.042966 0.0050866 -0.0049078 0.0033721 0 0
-0 -0 -0.062481 0 0 0 0 0 0 0 0 0 0 0.030598 -0.0055239 -0.054195 0.0063783 -0.0062395 0.0042371 0 0
0 0 0.0056601 0 0 0 0 0 0 0 0 0 0 -0.0027718 0.0005004 0.0049095 -0.00059541 0.00054151 -0.00039136 0 0
-0 -0 -0.29694 0 0 0 0 0 0 0 0 0 0 0.14542 -0.026252 -0.25756 0.026794 -0.03356 0.018548 0 0
0 0 0.27623 0 0 0 0 0 0 0 0 0 0 -0.13527 0.024421 0.2396 -0.03201 0.021456 -0.02026 0 0
-0 -0 -0.04757 0 0 0 0 0 0 0 0 0 0 0.023296 -0.0042056 -0.041261 0.0048891 -0.0047074 0.0032401 0 0
-0 -0 -0.2933 0 0 0 0 0 0 0 0 0 0 0.14363 -0.02593 -0.2544 0.026523 -0.033093 0.018347 0 0
0 0 0.076702 0 0 0 0 0 0 0 0 0 0 -0.037563 0.0067812 0.06653 -0.0083043 0.0069911 -0.0054011 0 0
0 0 0.080214 0 0 0 0 0 0 0 0 0 0 -0.039282 0.0070916 0.069576 -0.0086963 0.0072929 -0.0056532 0 0
-0 -0 -0.24446 0 0 0 0 0 0 0 0 0 0 0.11972 -0.021613 -0.21204 0.022742 -0.026953 0.015587 0 0
0 0 0.26838 0 0 0 0 0 0 0 0 0 0 -0.13143 0.023728 0.23279 -0.031028 0.020994 -0.019658 0 0
-0 -0 -0.11294 0 0 0 0 0 0 0 0 0 0 0.055309 -0.0099849 -0.097963 0.011258 -0.011617 0.00754 0 0
0 0 0.28695 0 0 0 0 0 0 0 0 0 0 -0.14052 0.025369 0.24889 -0.033357 0.022073 -0.021083 0 0
