0 0 0.029315 0 0 0 0 0 0 0 0 0 0 -0.014582 0.0013058 0.025398 0.0002247 0.0014474 5.4596e-05 0 0
-0 -0 -0.089417 0 0 0 0 0 0 0 0 0 0 0.044478 -0.003983 -0.077468 -0.0009104 -0.0043655 -0.00029825 0 0
-0 -0 -0.10681 0 0 0 0 0 0 0 0 0 0 0.053131 -0.0047579 -0.092539 -0.0011265 -0.0052041 -0.00037919 0 0
-0 -0 -0.098277 0 0 0 0 0 0 0 0 0 0 0.048885 -0.0043777 -0.085144 -0.0010189 -0.0047931 -0.00033854 0 0
0 0 0.081303 0 0 0 0 0 0 0 0 0 0 -0.040442 0.0036216 0.070438 0.00053264 0.0040278 9.8725e-05 0 0
0 0 0.25771 0 0 0 0 0 0 0 0 0 0 -0.12819 0.011479 0.22327 0.00070691 0.012828 -0.00025367 0 0
-0 -0 -0.14826 0 0 0 0 0 0 0 0 0 0 0.073746 -0.0066041 -0.12845 -0.0016917 -0.0071851 -0.00060183 0 0
-0 -0 -0.085368 0 0 0 0 0 0 0 0 0 0 0.042464 -0.0038027 -0.07396 -0.00086191 -0.0041697 -0.00028047 0 0
-0 -0 -0.12954 0 0 0 0 0 0 0 0 0 0 0.064433 -0.0057701 -0.11223 -0.0014276 -0.0062933 -0.00049607 0 0
-0 -0 -0.1001 0 0 0 0 0 0 0 0 0 0 0.049789 -0.0044587 -0.086719 -0.0010415 -0.0048807 -0.00034705 0 0
0 0 0.071075 0 0 0 0 0 0 0 0 0 0 -0.035354 0.003166 0.061577 0.00048124 0.003519 9.5373e-05 0 0
-0 -0 -0.1494 0 0 0 0 0 0 0 0 0 0 0.074315 -0.006655 -0.12944 -0.0017083 -0.0072394 -0.00060856 0 0
-0 -0 -0.34202 0 0 0 0 0 0 0 0 0 0 0.17013 -0.015235 -0.29631 -0.0052465 -0.01604 -0.0021875 0 0
-0 -0 -0.035675 0 0 0 0 0 0 0 0 0 0 0.017746 -0.0015891 -0.030908 -0.00032279 -0.0017516 -9.5265e-05 0 0
-0 -0 -0.15076 0 0 0 0 0 0 0 0 0 0 0.074993 -0.0067157 -0.13062 -0.0017281 -0.0073042 -0.00061664 0 0
0 0 0.27438 0 0 0 0 0 0 0 0 0 0 -0.13648 0.012222 0.23772 0.00065363 0.013657 -0.00032688 0 0
-0 -0 -0.20732 0 0 0 0 0 0 0 0 0 0 0.10312 -0.0092348 -0.17961 -0.0026181 -0.0099614 -0.000991 0 0
-0 -0 -0.094138 0 0 0 0 0 0 0 0 0 0 0.046826 -0.0041933 -0.081558 -0.0009678 -0.0045935 -0.00031948 0 0
-0 -0 -0.21168 0 0 0 0 0 0 0 0 0 0 0.10529 -0.009429 -0.18339 -0.0026921 -0.010164 -0.0010231 0 0
0 0 0.29123 0 0 0 0 0 0 0 0 0 0 -0.14486 0.012973 0.25231 0.00058758 0.014493 -0.00040778 0 0
0 0 0.065387 0 0 0 0 0 0 0 0 0 0 -0.032525 0.0029126 0.056649 0.00045071 0.0032362 9.2379e-05 0 0
0 0 0.20803 0 0 0 0 0 0 0 0 0 0 -0.10348 0.0092666 0.18023 0.00079427 0.010352 -7.6231e-05 0 0
0 0 0.19802 0 0 0 0 0 0 0 0 0 0 -0.098498 0.0088206 0.17156 0.00079892 0.0098523 -4.7863e-05 0 0
-0 -0 -0.10196 0 0 0 0 0 0 0 0 0 0 0.050717 -0.0045418 -0.088336 -0.0010649 -0.0049706 -0.00035586 0 0
-0 -0 -0.0077722 0 0 0 0 0 0 0 0 0 0 0.003866 -0.00034621 -0.0067336 -6.5719e-05 -0.00038259 -1.8061e-05 0 0
-0 -0 -0.063185 0 0 0 0 0 0 0 0 0 0 0.031429 -0.0028145 -0.054741 -0.00060843 -0.0030937 -0.00019026 0 0
-0 -0 -0.095035 0 0 0 0 0 0 0 0 0 0 0.047272 -0.0042333 -0.082336 -0.00097881 -0.0046368 -0.00032358 0 0
0 0 0.093561 0 0 0 0 0 0 0 0 0 0 -0.046539 0.0041676 0.081058 0.0005883 0.0046381 9.9301e-05 0 0
-0 -0 -0.29816 0 0 0 0 0 0 0 0 0 0 0.14831 -0.013281 -0.25831 -0.0043138 -0.014104 -0.0017516 0 0
0 0 0.22961 0 0 0 0 0 0 0 0 0 0 -0.11421 0.010228 0.19893 0.00076945 0.011429 -0.00014583 0 0
-0 -0 -0.2469 0 0 0 0 0 0 0 0 0 0 0.12281 -0.010998 -0.21391 -0.0033173 -0.011787 -0.0012986 0 0
0 0 0.34144 0 0 0 0 0 0 0 0 0 0 -0.16984 0.015209 0.29581 0.00031818 0.016972 -0.00068996 0 0
-0 -0 -0.29387 0 0 0 0 0 0 0 0 0 0 0.14618 -0.01309 -0.2546 -0.0042266 -0.013913 -0.0017114 0 0
0 0 0.10724 0 0 0 0 0 0 0 0 0 0 -0.053344 0.004777 0.092911 0.00064277 0.00532 9.5513e-05 0 0
0 0 0.24615 0 0 0 0 0 0 0 0 0 0 -0.12244 0.010965 0.21326 0.00073677 0.012253 -0.00020697 0 0
-0 -0 -0.25799 0 0 0 0 0 0 0 0 0 0 0.12833 -0.011492 -0.22351 -0.0035242 -0.012293 -0.0013914 0 0
-0 -0 -0.080175 0 0 0 0 0 0 0 0 0 0 0.039881 -0.0035714 -0.069461 -0.00080073 -0.0039184 -0.00025827 0 0
0 0 0.1116 0 0 0 0 0 0 0 0 0 0 -0.055512 0.0049712 0.096687 0.00065842 0.0055374 9.3324e-05 0 0
0 0 0.27367 0 0 0 0 0 0 0 0 0 0 -0.13613 0.012191 0.2371 0.00065614 0.013621 -0.00032363 0 0
0 0 0.13681 0 0 0 0 0 0 0 0 0 0 -0.068053 0.0060942 0.11853 0.00073284 0.0067955 7.1362e-05 0 0
0 0 0.13715 0 0 0 0 0 0 0 0 0 0 -0.068219 0.0061091 0.11882 0.00073364 0.0068122 7.0964e-05 0 0
-0 -0 -0.037735 0 0 0 0 0 0 0 0 0 0 0.01877 -0.0016809 -0.032692 -0.00034307 -0.0018524 -0.00010173 0 0
0 0 0.051101 0 0 0 0 0 0 0 0 0 0 -0.025419 0.0022763 0.044272 0.00036788 0.0025268 8.1298e-05 0 0
0 0 0.23692 0 0 0 0 0 0 0 0 0 0 -0.11785 0.010554 0.20526 0.00075647 0.011793 -0.00017202 0 0
0 0 0.019544 0 0 0 0 0 0 0 0 0 0 -0.0097213 0.00087056 0.016932 0.00015388 0.00096419 3.8775e-05 0 0
-0 -0 -0.20523 0 0 0 0 0 0 0 0 0 0 0.10209 -0.0091419 -0.17781 -0.002583 -0.0098644 -0.00097584 0 0
-0 -0 -0.26144 0 0 0 0 0 0 0 0 0 0 0.13005 -0.011646 -0.22651 -0.0035897 -0.01245 -0.0014209 0 0
0 0 0.23498 0 0 0 0 0 0 0 0 0 0 -0.11688 0.010467 0.20358 0.00076015 0.011696 -0.00016493 0 0
0 0 0.24933 0 0 0 0 0 0 0 0 0 0 -0.12402 0.011106 0.21601 0.00072915 0.012411 -0.00021946 0 0
0 0 0.22641 0 0 0 0 0 0 0 0 0 0 -0.11262 0.010085 0.19616 0.00077441 0.011269 -0.00013478 0 0
0 0 0.23175 0 0 0 0 0 0 0 0 0 0 -0.11528 0.010323 0.20078 0.00076589 0.011535 -0.00015337 0 0
-0 -0 -0.16709 0 0 0 0 0 0 0 0 0 0 0.083112 -0.0074428 -0.14476 -0.0019717 -0.0080766 -0.00071678 0 0
-0 -0 -0.24513 0 0 0 0 0 0 0 0 0 0 0.12193 -0.010919 -0.21237 -0.0032847 -0.011706 -0.001284 0 0
0 0 0.12892 0 0 0 0 0 0 0 0 0 0 -0.064126 0.0057425 0.11169 0.00071249 0.0064014 7.9946e-05 0 0
0 0 0.33062 0 0 0 0 0 0 0 0 0 0 -0.16446 0.014727 0.28644 0.0003854 0.01644 -0.00062397 0 0
0 0 0.061167 0 0 0 0 0 0 0 0 0 0 -0.030426 0.0027247 0.052993 0.00042716 0.0030266 8.9636e-05 0 0
-0 -0 -0.22266 0 0 0 0 0 0 0 0 0 0 0.11075 -0.0099182 -0.1929 -0.0028817 -0.010673 -0.0011058 0 0
0 0 0.0029428 0 0 0 0 0 0 0 0 0 0 -0.0014638 0.00013108 0.0025495 2.4212e-05 0.00014499 6.4465e-06 0 0
0 0 0.028018 0 0 0 0 0 0 0 0 0 0 -0.013937 0.001248 0.024274 0.00021554 0.0013832 5.2633e-05 0 0
-0 -0 -0.20519 0 0 0 0 0 0 0 0 0 0 0.10207 -0.0091403 -0.17777 -0.0025824 -0.0098627 -0.00097557 0 0
-0 -0 -0.049828 0 0 0 0 0 0 0 0 0 0 0.024785 -0.0022196 -0.043169 -0.00046576 -0.0024431 -0.0001418 0 0
0 0 0.11252 0 0 0 0 0 0 0 0 0 0 -0.055971 0.0050123 0.097486 0.00066163 0.0055833 9.2801e-05 0 0
0 0 0.05174 0 0 0 0 0 0 0 0 0 0 -0.025736 0.0023047 0.044826 0.00037177 0.0025585 8.1902e-05 0 0
0 0 0.19854 0 0 0 0 0 0 0 0 0 0 -0.098758 0.0088439 0.17201 0.00079878 0.0098784 -4.9283e-05 0 0
-0 -0 -0.16882 0 0 0 0 0 0 0 0 0 0 0.083973 -0.0075199 -0.14626 -0.0019982 -0.0081583 -0.00072777 0 0
-0 -0 -0.32102 0 0 0 0 0 0 0 0 0 0 0.15968 -0.0143 -0.27812 -0.004791 -0.015119 -0.0019733 0 0
0 0 0.022485 0 0 0 0 0 0 0 0 0 0 -0.011184 0.0010016 0.01948 0.00017563 0.0011095 4.3787e-05 0 0
-0 -0 -0.1088 0 0 0 0 0 0 0 0 0 0 0.054121 -0.0048466 -0.094264 -0.001152 -0.0052998 -0.00038892 0 0
-0 -0 -0.29165 0 0 0 0 0 0 0 0 0 0 0.14507 -0.012991 -0.25267 -0.0041816 -0.013813 -0.0016906 0 0
0 0 0.16114 0 0 0 0 0 0 0 0 0 0 -0.080155 0.007178 0.13961 0.00077856 0.0080106 3.5138e-05 0 0
0 0 0.1042 0 0 0 0 0 0 0 0 0 0 -0.051832 0.0046417 0.090278 0.00063137 0.0051685 9.6758e-05 0 0
-0 -0 -0.29029 0 0 0 0 0 0 0 0 0 0 0.1444 -0.012931 -0.2515 -0.0041543 -0.013752 -0.0016781 0 0
0 0 0.10437 0 0 0 0 0 0 0 0 0 0 -0.051918 0.0046493 0.090427 0.00063203 0.005177 9.6694e-05 0 0
-0 -0 -0.20385 0 0 0 0 0 0 0 0 0 0 0.1014 -0.0090805 -0.17661 -0.0025599 -0.0098002 -0.00096586 0 0
-0 -0 -0.12832 0 0 0 0 0 0 0 0 0 0 0.06383 -0.005716 -0.11117 -0.001411 -0.0062353 -0.00048951 0 0
-0 -0 -0.014789 0 0 0 0 0 0 0 0 0 0 0.0073563 -0.00065877 -0.012813 -0.00012726 -0.00072754 -3.5657e-05 0 0
-0 -0 -0.20855 0 0 0 0 0 0 0 0 0 0 0.10374 -0.0092896 -0.18068 -0.0026389 -0.010019 -0.001 0 0
-0 -0 -0.19896 0 0 0 0 0 0 0 0 0 0 0.098969 -0.0088628 -0.17238 -0.0024786 -0.0095724 -0.00093088 0 0
0 0 0.23749 0 0 0 0 0 0 0 0 0 0 -0.11813 0.010579 0.20576 0.00075536 0.011821 -0.00017411 0 0
-0 -0 -0.1611 0 0 0 0 0 0 0 0 0 0 0.080133 -0.007176 -0.13957 -0.0018811 -0.0077936 -0.00067928 0 0
-0 -0 -0.22896 0 0 0 0 0 0 0 0 0 0 0.11389 -0.010199 -0.19836 -0.0029927 -0.010963 -0.0011545 0 0
0 0 0.29464 0 0 0 0 0 0 0 0 0 0 -0.14656 0.013124 0.25526 0.00057275 0.014661 -0.00042497 0 0
-0 -0 -0.27868 0 0 0 0 0 0 0 0 0 0 0.13862 -0.012413 -0.24143 -0.0039231 -0.01323 -0.0015722 0 0
0 0 0.18528 0 0 0 0 0 0 0 0 0 0 -0.092162 0.0082533 0.16052 0.00079855 0.0092163 -1.5374e-05 0 0
0 0 0.28537 0 0 0 0 0 0 0 0 0 0 -0.14195 0.012712 0.24723 0.00061196 0.014202 -0.00037883 0 0
-0 -0 -0.012065 0 0 0 0 0 0 0 0 0 0 0.0060014 -0.00053743 -0.010453 -0.00010312 -0.00059368 -2.8681e-05 0 0
-0 -0 -0.14176 0 0 0 0 0 0 0 0 0 0 0.070512 -0.0063145 -0.12281 -0.0015983 -0.0068761 -0.00056414 0 0
0 0 0.1043 0 0 0 0 0 0 0 0 0 0 -0.05188 0.004646 0.090362 0.00063174 0.0051733 9.6722e-05 0 0
-0 -0 -0.084733 0 0 0 0 0 0 0 0 0 0 0.042148 -0.0037744 -0.07341 -0.00085437 -0.004139 -0.00027772 0 0
0 0 0.11558 0 0 0 0 0 0 0 0 0 0 -0.05749 0.0051483 0.10013 0.00067198 0.0057357 9.0915e-05 0 0
-0 -0 -0.34902 0 0 0 0 0 0 0 0 0 0 0.17361 -0.015547 -0.30238 -0.0054022 -0.016345 -0.0022612 0 0
-0 -0 -0.26659 0 0 0 0 0 0 0 0 0 0 0.13261 -0.011875 -0.23096 -0.003688 -0.012684 -0.0014653 0 0
-0 -0 -0.12687 0 0 0 0 0 0 0 0 0 0 0.063109 -0.0056515 -0.10992 -0.0013912 -0.0061661 -0.00048172 0 0
0 0 0.3085 0 0 0 0 0 0 0 0 0 0 -0.15345 0.013742 0.26728 0.00050716 0.015348 -0.00049792 0 0
0 0 0.34602 0 0 0 0 0 0 0 0 0 0 -0.17212 0.015413 0.29978 0.00028825 0.017197 -0.0007187 0 0
0 0 0.027556 0 0 0 0 0 0 0 0 0 0 -0.013707 0.0012275 0.023874 0.00021226 0.0013603 5.1924e-05 0 0
0 0 0.11512 0 0 0 0 0 0 0 0 0 0 -0.057262 0.0051279 0.099735 0.00067046 0.0057128 9.1212e-05 0 0
-0 -0 -0.32529 0 0 0 0 0 0 0 0 0 0 0.16181 -0.01449 -0.28182 -0.0048822 -0.015307 -0.0020161 0 0
-0 -0 -0.32749 0 0 0 0 0 0 0 0 0 0 0.1629 -0.014588 -0.28373 -0.0049295 -0.015404 -0.0020383 0 0
-0 -0 -0.24159 0 0 0 0 0 0 0 0 0 0 0.12017 -0.010762 -0.20931 -0.0032199 -0.011544 -0.0012551 0 0
