-0 -0 -0.10421 0 0 0 0 0 0 0 0 0 0 0.049714 -0.013644 -0.090569 0.01113 -0.0081509 0.0073371 0 0
-0 -0 -0.069756 0 0 0 0 0 0 0 0 0 0 0.033277 -0.009133 -0.060623 0.0075432 -0.0053045 0.0049397 0 0
0 0 0.30851 0 0 0 0 0 0 0 0 0 0 -0.14717 0.040392 0.26811 -0.036997 0.015573 -0.022654 0 0
0 0 0.18834 0 0 0 0 0 0 0 0 0 0 -0.089847 0.024659 0.16368 -0.021996 0.011092 -0.013745 0 0
-0 -0 -0.10046 0 0 0 0 0 0 0 0 0 0 0.047925 -0.013153 -0.08731 0.010744 -0.007834 0.0070777 0 0
-0 -0 -0.13093 0 0 0 0 0 0 0 0 0 0 0.062459 -0.017142 -0.11379 0.013843 -0.010458 0.009174 0 0
0 0 0.33532 0 0 0 0 0 0 0 0 0 0 -0.15996 0.043903 0.29142 -0.040421 0.016287 -0.024641 0 0
0 0 0.084297 0 0 0 0 0 0 0 0 0 0 -0.040213 0.011037 0.07326 -0.0095765 0.005562 -0.0060946 0 0
-0 -0 -0.30202 0 0 0 0 0 0 0 0 0 0 0.14408 -0.039542 -0.26247 0.029695 -0.027185 0.020395 0 0
0 0 0.053398 0 0 0 0 0 0 0 0 0 0 -0.025473 0.0069913 0.046407 -0.0060115 0.0036334 -0.0038472 0 0
-0 -0 -0.26973 0 0 0 0 0 0 0 0 0 0 0.12867 -0.035315 -0.23441 0.026917 -0.023781 0.018358 0 0
0 0 0.055242 0 0 0 0 0 0 0 0 0 0 -0.026353 0.0072327 0.048009 -0.0062226 0.0037521 -0.0039809 0 0
0 0 0.068704 0 0 0 0 0 0 0 0 0 0 -0.032775 0.0089952 0.059708 -0.0077698 0.0046048 -0.0049587 0 0
-0 -0 -0.19215 0 0 0 0 0 0 0 0 0 0 0.091663 -0.025158 -0.16699 0.019827 -0.016064 0.013304 0 0
-0 -0 -0.11084 0 0 0 0 0 0 0 0 0 0 0.052874 -0.014511 -0.096324 0.011808 -0.0087147 0.0077943 0 0
-0 -0 -0.23422 0 0 0 0 0 0 0 0 0 0 0.11173 -0.030666 -0.20355 0.023743 -0.020166 0.016071 0 0
0 0 0.15733 0 0 0 0 0 0 0 0 0 0 -0.075051 0.020598 0.13673 -0.018231 0.0096013 -0.011454 0 0
-0 -0 -0.30216 0 0 0 0 0 0 0 0 0 0 0.14414 -0.039561 -0.2626 0.029707 -0.0272 0.020404 0 0
-0 -0 -0.31687 0 0 0 0 0 0 0 0 0 0 0.15116 -0.041488 -0.27539 0.030938 -0.028787 0.021319 0 0
-0 -0 -0.022503 0 0 0 0 0 0 0 0 0 0 0.010735 -0.0029463 -0.019557 0.0024733 -0.0016431 0.0016051 0 0
-0 -0 -0.34135 0 0 0 0 0 0 0 0 0 0 0.16284 -0.044692 -0.29665 0.032936 -0.031475 0.022821 0 0
-0 -0 -0.14526 0 0 0 0 0 0 0 0 0 0 0.069294 -0.019018 -0.12624 0.015273 -0.01173 0.010151 0 0
-0 -0 -0.23009 0 0 0 0 0 0 0 0 0 0 0.10976 -0.030125 -0.19997 0.023366 -0.019755 0.015802 0 0
-0 -0 -0.26701 0 0 0 0 0 0 0 0 0 0 0.12738 -0.034959 -0.23205 0.026678 -0.0235 0.018184 0 0
0 0 0.05623 0 0 0 0 0 0 0 0 0 0 -0.026824 0.0073621 0.048868 -0.0063357 0.0038155 -0.0040526 0 0
0 0 0.14347 0 0 0 0 0 0 0 0 0 0 -0.06844 0.018784 0.12468 -0.016566 0.0088915 -0.010433 0 0
-0 -0 -0.21176 0 0 0 0 0 0 0 0 0 0 0.10102 -0.027725 -0.18404 0.021673 -0.017952 0.014601 0 0
-0 -0 -0.2029 0 0 0 0 0 0 0 0 0 0 0.096792 -0.026565 -0.17633 0.020844 -0.017094 0.014017 0 0
-0 -0 -0.30179 0 0 0 0 0 0 0 0 0 0 0.14397 -0.039512 -0.26227 0.029675 -0.02716 0.020381 0 0
0 0 0.27835 0 0 0 0 0 0 0 0 0 0 -0.13278 0.036443 0.2419 -0.033177 0.014644 -0.020417 0 0
0 0 0.20811 0 0 0 0 0 0 0 0 0 0 -0.099276 0.027247 0.18086 -0.02442 0.011971 -0.015208 0 0
-0 -0 -0.20999 0 0 0 0 0 0 0 0 0 0 0.10018 -0.027494 -0.1825 0.021508 -0.01778 0.014485 0 0
-0 -0 -0.12945 0 0 0 0 0 0 0 0 0 0 0.061753 -0.016948 -0.1125 0.013694 -0.010328 0.0090728 0 0
0 0 0.15718 0 0 0 0 0 0 0 0 0 0 -0.074983 0.02058 0.1366 -0.018214 0.0095942 -0.011443 0 0
-0 -0 -0.18089 0 0 0 0 0 0 0 0 0 0 0.086291 -0.023683 -0.1572 0.018752 -0.015 0.012553 0 0
0 0 0.19441 0 0 0 0 0 0 0 0 0 0 -0.092742 0.025454 0.16896 -0.022738 0.011368 -0.014194 0 0
0 0 0.056664 0 0 0 0 0 0 0 0 0 0 -0.027031 0.0074188 0.049245 -0.0063854 0.0038433 -0.004084 0 0
-0 -0 -0.27 0 0 0 0 0 0 0 0 0 0 0.1288 -0.035351 -0.23465 0.026941 -0.023809 0.018375 0 0
-0 -0 -0.027646 0 0 0 0 0 0 0 0 0 0 0.013188 -0.0036196 -0.024026 0.0030333 -0.0020278 0.0019705 0 0
0 0 0.10214 0 0 0 0 0 0 0 0 0 0 -0.048726 0.013373 0.088767 -0.011662 0.0066167 -0.0073985 0 0
0 0 0.21243 0 0 0 0 0 0 0 0 0 0 -0.10134 0.027813 0.18462 -0.024952 0.012156 -0.015528 0 0
-0 -0 -0.25081 0 0 0 0 0 0 0 0 0 0 0.11965 -0.032838 -0.21797 0.025241 -0.021839 0.017145 0 0
0 0 0.13026 0 0 0 0 0 0 0 0 0 0 -0.062142 0.017055 0.11321 -0.014989 0.0081905 -0.0094613 0 0
-0 -0 -0.1305 0 0 0 0 0 0 0 0 0 0 0.062256 -0.017087 -0.11342 0.0138 -0.010421 0.009145 0 0
-0 -0 -0.216 0 0 0 0 0 0 0 0 0 0 0.10304 -0.028281 -0.18772 0.022068 -0.018366 0.01488 0 0
0 0 0.079367 0 0 0 0 0 0 0 0 0 0 -0.037862 0.010391 0.068976 -0.0090037 0.0052629 -0.0057351 0 0
0 0 0.21708 0 0 0 0 0 0 0 0 0 0 -0.10356 0.028422 0.18866 -0.025527 0.012352 -0.015873 0 0
0 0 0.016226 0 0 0 0 0 0 0 0 0 0 -0.0077407 0.0021245 0.014102 -0.0018059 0.0011439 -0.0011636 0 0
0 0 0.13507 0 0 0 0 0 0 0 0 0 0 -0.064436 0.017685 0.11739 -0.015562 0.0084487 -0.009815 0 0
-0 -0 -0.18778 0 0 0 0 0 0 0 0 0 0 0.089577 -0.024585 -0.16319 0.019411 -0.015649 0.013013 0 0
0 0 0.11722 0 0 0 0 0 0 0 0 0 0 -0.05592 0.015348 0.10187 -0.01344 0.0074742 -0.0085036 0 0
-0 -0 -0.31308 0 0 0 0 0 0 0 0 0 0 0.14935 -0.040991 -0.27209 0.030623 -0.028376 0.021084 0 0
0 0 0.20822 0 0 0 0 0 0 0 0 0 0 -0.099329 0.027261 0.18096 -0.024434 0.011976 -0.015216 0 0
0 0 0.051265 0 0 0 0 0 0 0 0 0 0 -0.024456 0.006712 0.044553 -0.0057676 0.0034955 -0.0036925 0 0
0 0 0.18458 0 0 0 0 0 0 0 0 0 0 -0.088053 0.024167 0.16041 -0.021537 0.010919 -0.013467 0 0
-0 -0 -0.063631 0 0 0 0 0 0 0 0 0 0 0.030355 -0.0083311 -0.0553 0.0068958 -0.004814 0.0045104 0 0
-0 -0 -0.2413 0 0 0 0 0 0 0 0 0 0 0.11511 -0.031593 -0.20971 0.024386 -0.020877 0.016531 0 0
0 0 0.0010524 0 0 0 0 0 0 0 0 0 0 -0.00050203 0.00013778 0.00091458 -0.00011656 7.5232e-05 -7.5315e-05 0 0
-0 -0 -0.26664 0 0 0 0 0 0 0 0 0 0 0.1272 -0.034911 -0.23173 0.026646 -0.023462 0.018161 0 0
0 0 0.21525 0 0 0 0 0 0 0 0 0 0 -0.10268 0.028182 0.18707 -0.0253 0.012275 -0.015737 0 0
0 0 0.29283 0 0 0 0 0 0 0 0 0 0 -0.13969 0.03834 0.25449 -0.035007 0.015106 -0.021492 0 0
0 0 0.26333 0 0 0 0 0 0 0 0 0 0 -0.12562 0.034478 0.22886 -0.031288 0.014132 -0.019303 0 0
0 0 0.29172 0 0 0 0 0 0 0 0 0 0 -0.13917 0.038195 0.25353 -0.034867 0.015072 -0.02141 0 0
-0 -0 -0.27179 0 0 0 0 0 0 0 0 0 0 0.12966 -0.035585 -0.23621 0.027098 -0.023996 0.018489 0 0
0 0 0.26558 0 0 0 0 0 0 0 0 0 0 -0.12669 0.034771 0.2308 -0.031569 0.014211 -0.01947 0 0
0 0 0.10769 0 0 0 0 0 0 0 0 0 0 -0.051374 0.0141 0.093592 -0.012315 0.006936 -0.0078049 0 0
-0 -0 -0.20055 0 0 0 0 0 0 0 0 0 0 0.095672 -0.026258 -0.17429 0.020623 -0.016868 0.013861 0 0
0 0 0.12016 0 0 0 0 0 0 0 0 0 0 -0.05732 0.015732 0.10442 -0.013788 0.0076374 -0.0087189 0 0
-0 -0 -0.11695 0 0 0 0 0 0 0 0 0 0 0.055788 -0.015311 -0.10163 0.01243 -0.0092396 0.0082151 0 0
0 0 0.019916 0 0 0 0 0 0 0 0 0 0 -0.0095008 0.0026075 0.017308 -0.0022192 0.0013992 -0.0014289 0 0
-0 -0 -0.24411 0 0 0 0 0 0 0 0 0 0 0.11645 -0.031961 -0.21215 0.024639 -0.021159 0.016712 0 0
-0 -0 -0.33407 0 0 0 0 0 0 0 0 0 0 0.15937 -0.043739 -0.29033 0.032349 -0.03067 0.022377 0 0
-0 -0 -0.20693 0 0 0 0 0 0 0 0 0 0 0.098713 -0.027092 -0.17983 0.021222 -0.017483 0.014283 0 0
0 0 0.31161 0 0 0 0 0 0 0 0 0 0 -0.14865 0.040799 0.27082 -0.037393 0.015661 -0.022885 0 0
0 0 0.29313 0 0 0 0 0 0 0 0 0 0 -0.13984 0.038379 0.25475 -0.035045 0.015116 -0.021514 0 0
0 0 0.20787 0 0 0 0 0 0 0 0 0 0 -0.099163 0.027216 0.18065 -0.024391 0.011961 -0.01519 0 0
-0 -0 -0.14027 0 0 0 0 0 0 0 0 0 0 0.066916 -0.018365 -0.12191 0.014777 -0.011285 0.0098116 0 0
-0 -0 -0.025187 0 0 0 0 0 0 0 0 0 0 0.012015 -0.0032976 -0.021889 0.0027657 -0.0018434 0.0017958 0 0
-0 -0 -0.33645 0 0 0 0 0 0 0 0 0 0 0.1605 -0.044051 -0.2924 0.032542 -0.030933 0.022523 0 0
-0 -0 -0.019235 0 0 0 0 0 0 0 0 0 0 0.0091758 -0.0025183 -0.016716 0.0021163 -0.0014004 0.0013726 0 0
0 0 0.13011 0 0 0 0 0 0 0 0 0 0 -0.062069 0.017035 0.11308 -0.01497 0.0081822 -0.00945 0 0
0 0 0.18345 0 0 0 0 0 0 0 0 0 0 -0.087515 0.024019 0.15943 -0.021399 0.010866 -0.013383 0 0
-0 -0 -0.1118 0 0 0 0 0 0 0 0 0 0 0.053334 -0.014638 -0.097163 0.011906 -0.0087973 0.0078608 0 0
-0 -0 -0.0084876 0 0 0 0 0 0 0 0 0 0 0.004049 -0.0011113 -0.0073764 0.00093718 -0.00061203 0.00060663 0 0
0 0 0.15095 0 0 0 0 0 0 0 0 0 0 -0.072012 0.019764 0.13119 -0.017464 0.0092783 -0.010984 0 0
0 0 0.16324 0 0 0 0 0 0 0 0 0 0 -0.077872 0.021373 0.14187 -0.018945 0.009896 -0.01189 0 0
-0 -0 -0.20388 0 0 0 0 0 0 0 0 0 0 0.097259 -0.026693 -0.17718 0.020936 -0.017188 0.014081 0 0
-0 -0 -0.34327 0 0 0 0 0 0 0 0 0 0 0.16375 -0.044943 -0.29832 0.033091 -0.031689 0.022938 0 0
0 0 0.13732 0 0 0 0 0 0 0 0 0 0 -0.06551 0.01798 0.11934 -0.015831 0.0085684 -0.0099805 0 0
-0 -0 -0.15353 0 0 0 0 0 0 0 0 0 0 0.073239 -0.020101 -0.13343 0.01609 -0.012476 0.010712 0 0
-0 -0 -0.053133 0 0 0 0 0 0 0 0 0 0 0.025347 -0.0069566 -0.046177 0.0057793 -0.0039842 0.0037725 0 0
0 0 0.2246 0 0 0 0 0 0 0 0 0 0 -0.10715 0.029407 0.1952 -0.026457 0.012663 -0.01643 0 0
0 0 0.09432 0 0 0 0 0 0 0 0 0 0 -0.044995 0.012349 0.081971 -0.010746 0.0061598 -0.0068265 0 0
0 0 0.086839 0 0 0 0 0 0 0 0 0 0 -0.041426 0.01137 0.075469 -0.0098725 0.0057149 -0.0062801 0 0
0 0 0.18913 0 0 0 0 0 0 0 0 0 0 -0.090222 0.024762 0.16437 -0.022092 0.011128 -0.013803 0 0
0 0 0.10131 0 0 0 0 0 0 0 0 0 0 -0.048328 0.013264 0.088044 -0.011565 0.0065685 -0.0073376 0 0
-0 -0 -0.20662 0 0 0 0 0 0 0 0 0 0 0.098568 -0.027052 -0.17957 0.021193 -0.017453 0.014262 0 0
-0 -0 -0.25818 0 0 0 0 0 0 0 0 0 0 0.12317 -0.033804 -0.22438 0.025898 -0.022591 0.017619 0 0
0 0 0.019583 0 0 0 0 0 0 0 0 0 0 -0.009342 0.002564 0.017019 -0.0021818 0.0013762 -0.001405 0 0
0 0 0.08137 0 0 0 0 0 0 0 0 0 0 -0.038817 0.010654 0.070716 -0.0092362 0.0053848 -0.0058811 0 0
