-0 -0 -0.038274 0 0 0 0 0 0 0 0 0 0 0.019038 -0.0017049 -0.03316 0.00092628 -0.0041109 0.00074318 0 0
-0 -0 -0.19967 0 0 0 0 0 0 0 0 0 0 0.099322 -0.0088944 -0.17299 0.0032996 -0.021834 0.0030171 0 0
0 0 0.21365 0 0 0 0 0 0 0 0 0 0 -0.10627 0.009517 0.1851 -0.0076364 0.021903 -0.0055105 0 0
-0 -0 -0.010677 0 0 0 0 0 0 0 0 0 0 0.0053111 -0.00047562 -0.0092505 0.00027223 -0.0011422 0.00021503 0 0
0 0 0.03685 0 0 0 0 0 0 0 0 0 0 -0.01833 0.0016415 0.031926 -0.0010212 0.0039127 -0.00078747 0 0
-0 -0 -0.20249 0 0 0 0 0 0 0 0 0 0 0.10072 -0.0090197 -0.17543 0.0033188 -0.022147 0.0030441 0 0
0 0 0.23931 0 0 0 0 0 0 0 0 0 0 -0.11904 0.01066 0.20733 -0.0088247 0.024385 -0.0063204 0 0
-0 -0 -0.046955 0 0 0 0 0 0 0 0 0 0 0.023356 -0.0020916 -0.04068 0.0011172 -0.0050492 0.00090102 0 0
-0 -0 -0.26194 0 0 0 0 0 0 0 0 0 0 0.13029 -0.011668 -0.22693 0.0035442 -0.028772 0.0035142 0 0
0 0 0.066268 0 0 0 0 0 0 0 0 0 0 -0.032963 0.0029519 0.057412 -0.0019265 0.0070008 -0.001466 0 0
-0 -0 -0.19468 0 0 0 0 0 0 0 0 0 0 0.096835 -0.0086717 -0.16866 0.0032637 -0.021279 0.0029679 0 0
-0 -0 -0.014781 0 0 0 0 0 0 0 0 0 0 0.0073522 -0.0006584 -0.012806 0.00037401 -0.0015822 0.00029608 0 0
-0 -0 -0.21223 0 0 0 0 0 0 0 0 0 0 0.10557 -0.0094538 -0.18387 0.0033792 -0.023231 0.0031346 0 0
0 0 0.027507 0 0 0 0 0 0 0 0 0 0 -0.013683 0.0012253 0.023832 -0.00075033 0.0029252 -0.00058119 0 0
-0 -0 -0.3137 0 0 0 0 0 0 0 0 0 0 0.15604 -0.013973 -0.27178 0.0034615 -0.034552 0.0037639 0 0
-0 -0 -0.31905 0 0 0 0 0 0 0 0 0 0 0.1587 -0.014212 -0.27641 0.0034382 -0.03515 0.0037812 0 0
0 0 0.33022 0 0 0 0 0 0 0 0 0 0 -0.16426 0.01471 0.28609 -0.013478 0.032866 -0.0094279 0 0
-0 -0 -0.093165 0 0 0 0 0 0 0 0 0 0 0.046342 -0.00415 -0.080715 0.0020131 -0.010078 0.001674 0 0
0 0 0.019569 0 0 0 0 0 0 0 0 0 0 -0.0097342 0.00087171 0.016954 -0.00052657 0.0020837 -0.00040946 0 0
0 0 0.29695 0 0 0 0 0 0 0 0 0 0 -0.14771 0.013227 0.25727 -0.011696 0.029822 -0.0082485 0 0
0 0 0.30537 0 0 0 0 0 0 0 0 0 0 -0.1519 0.013603 0.26456 -0.012138 0.030599 -0.0085424 0 0
-0 -0 -0.2461 0 0 0 0 0 0 0 0 0 0 0.12241 -0.010962 -0.21321 0.0035176 -0.027004 0.0034081 0 0
-0 -0 -0.3154 0 0 0 0 0 0 0 0 0 0 0.15689 -0.01405 -0.27326 0.0034544 -0.034743 0.0037696 0 0
-0 -0 -0.23163 0 0 0 0 0 0 0 0 0 0 0.11522 -0.010318 -0.20068 0.0034721 -0.025392 0.003299 0 0
0 0 0.32873 0 0 0 0 0 0 0 0 0 0 -0.16352 0.014643 0.2848 -0.013396 0.032731 -0.0093741 0 0
0 0 0.17548 0 0 0 0 0 0 0 0 0 0 -0.087289 0.0078168 0.15203 -0.0059735 0.018145 -0.0043625 0 0
-0 -0 -0.21397 0 0 0 0 0 0 0 0 0 0 0.10643 -0.0095313 -0.18538 0.003389 -0.023425 0.0031502 0 0
0 0 0.046152 0 0 0 0 0 0 0 0 0 0 -0.022957 0.0020558 0.039984 -0.0012988 0.0048927 -0.00099725 0 0
0 0 0.24736 0 0 0 0 0 0 0 0 0 0 -0.12304 0.011018 0.2143 -0.0092089 0.025156 -0.0065807 0 0
0 0 0.02412 0 0 0 0 0 0 0 0 0 0 -0.011998 0.0010744 0.020897 -0.00065414 0.0025664 -0.00050752 0 0
-0 -0 -0.23233 0 0 0 0 0 0 0 0 0 0 0.11557 -0.010349 -0.20129 0.0034748 -0.02547 0.0033046 0 0
0 0 0.17937 0 0 0 0 0 0 0 0 0 0 -0.089222 0.00799 0.1554 -0.006137 0.018531 -0.0044763 0 0
0 0 0.057212 0 0 0 0 0 0 0 0 0 0 -0.028458 0.0025485 0.049566 -0.0016393 0.0060537 -0.0012525 0 0
0 0 0.30984 0 0 0 0 0 0 0 0 0 0 -0.15412 0.013802 0.26843 -0.012375 0.031009 -0.0086997 0 0
-0 -0 -0.0237 0 0 0 0 0 0 0 0 0 0 0.011789 -0.0010557 -0.020533 0.00058978 -0.0025402 0.00046922 0 0
0 0 0.25836 0 0 0 0 0 0 0 0 0 0 -0.12851 0.011508 0.22383 -0.009743 0.026204 -0.0069411 0 0
0 0 0.16098 0 0 0 0 0 0 0 0 0 0 -0.080075 0.0071708 0.13947 -0.0053748 0.016697 -0.0039444 0 0
0 0 0.30784 0 0 0 0 0 0 0 0 0 0 -0.15312 0.013713 0.2667 -0.012269 0.030826 -0.0086292 0 0
-0 -0 -0.2987 0 0 0 0 0 0 0 0 0 0 0.14858 -0.013305 -0.25878 0.0035122 -0.032877 0.0037069 0 0
0 0 0.29208 0 0 0 0 0 0 0 0 0 0 -0.14529 0.013011 0.25305 -0.011443 0.02937 -0.00808 0 0
-0 -0 -0.25737 0 0 0 0 0 0 0 0 0 0 0.12802 -0.011465 -0.22298 0.0035391 -0.028263 0.0034851 0 0
0 0 0.046992 0 0 0 0 0 0 0 0 0 0 -0.023375 0.0020932 0.040712 -0.0013243 0.0049811 -0.0010164 0 0
0 0 0.075924 0 0 0 0 0 0 0 0 0 0 -0.037766 0.003382 0.065778 -0.002241 0.0080072 -0.0016983 0 0
0 0 0.11055 0 0 0 0 0 0 0 0 0 0 -0.05499 0.0049244 0.095777 -0.0034384 0.011584 -0.0025697 0 0
-0 -0 -0.056764 0 0 0 0 0 0 0 0 0 0 0.028235 -0.0025285 -0.049178 0.0013243 -0.0061121 0.0010746 0 0
-0 -0 -0.32709 0 0 0 0 0 0 0 0 0 0 0.1627 -0.01457 -0.28338 0.0033978 -0.036048 0.0038042 0 0
0 0 0.19741 0 0 0 0 0 0 0 0 0 0 -0.098197 0.0087937 0.17103 -0.0069135 0.020314 -0.0050138 0 0
-0 -0 -0.24688 0 0 0 0 0 0 0 0 0 0 0.1228 -0.010997 -0.21389 0.0035195 -0.027092 0.0034136 0 0
0 0 0.096892 0 0 0 0 0 0 0 0 0 0 -0.048196 0.004316 0.083944 -0.0029531 0.010179 -0.0022188 0 0
0 0 0.27867 0 0 0 0 0 0 0 0 0 0 -0.13861 0.012413 0.24143 -0.010755 0.028119 -0.0076209 0 0
0 0 0.19272 0 0 0 0 0 0 0 0 0 0 -0.09586 0.0085844 0.16696 -0.0067086 0.019851 -0.0048723 0 0
0 0 0.11442 0 0 0 0 0 0 0 0 0 0 -0.056916 0.0050969 0.099132 -0.003579 0.011981 -0.0026709 0 0
0 0 0.25244 0 0 0 0 0 0 0 0 0 0 -0.12557 0.011245 0.2187 -0.0094542 0.025641 -0.0067464 0 0
-0 -0 -0.2097 0 0 0 0 0 0 0 0 0 0 0.10431 -0.009341 -0.18168 0.0033644 -0.022949 0.0031116 0 0
0 0 0.075831 0 0 0 0 0 0 0 0 0 0 -0.03772 0.0033779 0.065698 -0.0022379 0.0079975 -0.0016961 0 0
0 0 0.25538 0 0 0 0 0 0 0 0 0 0 -0.12703 0.011376 0.22125 -0.0095974 0.025921 -0.006843 0 0
0 0 0.087061 0 0 0 0 0 0 0 0 0 0 -0.043306 0.0038781 0.075427 -0.0026142 0.0091631 -0.0019721 0 0
0 0 0.16599 0 0 0 0 0 0 0 0 0 0 -0.082568 0.0073941 0.14381 -0.0055796 0.017198 -0.0040878 0 0
0 0 0.20143 0 0 0 0 0 0 0 0 0 0 -0.1002 0.0089727 0.17451 -0.0070903 0.020708 -0.0051356 0 0
0 0 0.020825 0 0 0 0 0 0 0 0 0 0 -0.010359 0.00092763 0.018042 -0.00056157 0.002217 -0.00043641 0 0
-0 -0 -0.16984 0 0 0 0 0 0 0 0 0 0 0.084479 -0.0075652 -0.14714 0.0030493 -0.018522 0.0027031 0 0
0 0 0.13217 0 0 0 0 0 0 0 0 0 0 -0.065743 0.0058873 0.11451 -0.0042407 0.01379 -0.0031438 0 0
-0 -0 -0.10639 0 0 0 0 0 0 0 0 0 0 0.05292 -0.004739 -0.092172 0.0022321 -0.011526 0.0018742 0 0
-0 -0 -0.28225 0 0 0 0 0 0 0 0 0 0 0.14039 -0.012572 -0.24453 0.0035428 -0.03104 0.00363 0 0
0 0 0.095401 0 0 0 0 0 0 0 0 0 0 -0.047454 0.0042496 0.082652 -0.0029011 0.010025 -0.0021811 0 0
0 0 0.165 0 0 0 0 0 0 0 0 0 0 -0.082072 0.0073497 0.14295 -0.0055387 0.017099 -0.0040592 0 0
0 0 0.34129 0 0 0 0 0 0 0 0 0 0 -0.16977 0.015203 0.29569 -0.01409 0.033864 -0.009831 0 0
-0 -0 -0.1359 0 0 0 0 0 0 0 0 0 0 0.067601 -0.0060537 -0.11774 0.0026604 -0.014772 0.0022869 0 0
-0 -0 -0.19426 0 0 0 0 0 0 0 0 0 0 0.096627 -0.0086531 -0.1683 0.0032606 -0.021232 0.0029637 0 0
0 0 0.32504 0 0 0 0 0 0 0 0 0 0 -0.16168 0.014479 0.2816 -0.013194 0.032397 -0.0092411 0 0
-0 -0 -0.26434 0 0 0 0 0 0 0 0 0 0 0.13149 -0.011775 -0.22902 0.0035462 -0.029041 0.0035291 0 0
-0 -0 -0.060192 0 0 0 0 0 0 0 0 0 0 0.029941 -0.0026812 -0.052148 0.0013945 -0.0064841 0.001134 0 0
-0 -0 -0.10431 0 0 0 0 0 0 0 0 0 0 0.051884 -0.0046463 -0.090368 0.0021987 -0.011298 0.0018433 0 0
-0 -0 -0.041106 0 0 0 0 0 0 0 0 0 0 0.020447 -0.001831 -0.035613 0.00098932 -0.0044167 0.0007951 0 0
0 0 0.11602 0 0 0 0 0 0 0 0 0 0 -0.057709 0.0051679 0.10051 -0.0036373 0.012144 -0.0027127 0 0
0 0 0.32801 0 0 0 0 0 0 0 0 0 0 -0.16316 0.014611 0.28418 -0.013357 0.032666 -0.0093481 0 0
-0 -0 -0.094755 0 0 0 0 0 0 0 0 0 0 0.047133 -0.0042208 -0.082092 0.0020403 -0.010252 0.0016985 0 0
0 0 0.014032 0 0 0 0 0 0 0 0 0 0 -0.0069797 0.00062504 0.012157 -0.00037395 0.0014954 -0.00029159 0 0
0 0 0.076636 0 0 0 0 0 0 0 0 0 0 -0.03812 0.0034137 0.066395 -0.0022645 0.0080812 -0.0017156 0 0
0 0 0.061353 0 0 0 0 0 0 0 0 0 0 -0.030518 0.0027329 0.053154 -0.0017697 0.0064873 -0.0013496 0 0
0 0 0.096965 0 0 0 0 0 0 0 0 0 0 -0.048232 0.0043193 0.084007 -0.0029556 0.010187 -0.0022207 0 0
0 0 0.27291 0 0 0 0 0 0 0 0 0 0 -0.13575 0.012157 0.23644 -0.010465 0.027579 -0.0074264 0 0
0 0 0.31681 0 0 0 0 0 0 0 0 0 0 -0.15759 0.014112 0.27448 -0.012749 0.031648 -0.0089469 0 0
0 0 0.2476 0 0 0 0 0 0 0 0 0 0 -0.12316 0.011029 0.21451 -0.0092204 0.025179 -0.0065884 0 0
-0 -0 -0.10447 0 0 0 0 0 0 0 0 0 0 0.051967 -0.0046537 -0.090513 0.0022014 -0.011316 0.0018458 0 0
0 0 0.10492 0 0 0 0 0 0 0 0 0 0 -0.052189 0.0046736 0.090899 -0.0032362 0.011006 -0.0024239 0 0
0 0 0.15844 0 0 0 0 0 0 0 0 0 0 -0.07881 0.0070575 0.13726 -0.0052718 0.016442 -0.0038721 0 0
0 0 0.33568 0 0 0 0 0 0 0 0 0 0 -0.16697 0.014953 0.29082 -0.013779 0.033359 -0.009626 0 0
0 0 0.236 0 0 0 0 0 0 0 0 0 0 -0.11739 0.010513 0.20447 -0.0086684 0.024067 -0.0062143 0 0
-0 -0 -0.21501 0 0 0 0 0 0 0 0 0 0 0.10695 -0.0095773 -0.18627 0.0033947 -0.02354 0.0031593 0 0
-0 -0 -0.2201 0 0 0 0 0 0 0 0 0 0 0.10948 -0.009804 -0.19068 0.0034212 -0.024106 0.0032037 0 0
0 0 0.015404 0 0 0 0 0 0 0 0 0 0 -0.0076624 0.00068618 0.013346 -0.00041151 0.0016413 -0.00032066 0 0
0 0 0.086157 0 0 0 0 0 0 0 0 0 0 -0.042856 0.0038378 0.074644 -0.0025835 0.0090694 -0.0019496 0 0
0 0 0.11316 0 0 0 0 0 0 0 0 0 0 -0.056287 0.0050406 0.098036 -0.0035329 0.011851 -0.0026377 0 0
0 0 0.085824 0 0 0 0 0 0 0 0 0 0 -0.04269 0.003823 0.074355 -0.0025722 0.0090349 -0.0019413 0 0
0 0 0.12057 0 0 0 0 0 0 0 0 0 0 -0.059975 0.0053709 0.10446 -0.0038052 0.01261 -0.002833 0 0
-0 -0 -0.31882 0 0 0 0 0 0 0 0 0 0 0.15859 -0.014202 -0.27622 0.0034392 -0.035125 0.0037805 0 0
0 0 0.22362 0 0 0 0 0 0 0 0 0 0 -0.11123 0.009961 0.19374 -0.0080913 0.022872 -0.0058215 0 0
-0 -0 -0.30596 0 0 0 0 0 0 0 0 0 0 0.15219 -0.013629 -0.26507 0.0034904 -0.033688 0.0037361 0 0
0 0 0.094169 0 0 0 0 0 0 0 0 0 0 -0.046841 0.0041947 0.081585 -0.0028583 0.0098981 -0.00215 0 0
