-0 -0 -0.2234 0 0 0 0 0 0 0 0 0 0 -0.0067193 -0.038009 -0.22004 0.029965 -0.014755 0.0016337 0 0
-0 -0 -0.20128 0 0 0 0 0 0 0 0 0 0 -0.0060539 -0.034245 -0.19825 0.027154 -0.013005 0.0014172 0 0
0 0 0.34003 0 0 0 0 0 0 0 0 0 0 0.010227 0.057851 0.33492 -0.04994 0.0090804 -4.3493e-05 0 0
0 0 0.092927 0 0 0 0 0 0 0 0 0 0 0.002795 0.01581 0.09153 -0.013302 0.0041377 -0.00030853 0 0
0 0 0.2851 0 0 0 0 0 0 0 0 0 0 0.0085749 0.048505 0.28081 -0.04171 0.0087557 -0.00023873 0 0
-0 -0 -0.34586 0 0 0 0 0 0 0 0 0 0 -0.010403 -0.058844 -0.34066 0.04477 -0.025518 0.0030407 0 0
-0 -0 -0.21341 0 0 0 0 0 0 0 0 0 0 -0.0064188 -0.036309 -0.2102 0.028701 -0.013957 0.0015345 0 0
0 0 0.16897 0 0 0 0 0 0 0 0 0 0 0.0050821 0.028748 0.16643 -0.024434 0.0066077 -0.00039525 0 0
-0 -0 -0.094556 0 0 0 0 0 0 0 0 0 0 -0.002844 -0.016087 -0.093134 0.013082 -0.0054387 0.00053996 0 0
-0 -0 -0.024104 0 0 0 0 0 0 0 0 0 0 -0.00072498 -0.004101 -0.023742 0.003383 -0.0012705 0.00011615 0 0
-0 -0 -0.22785 0 0 0 0 0 0 0 0 0 0 -0.006853 -0.038765 -0.22442 0.030525 -0.015114 0.0016787 0 0
-0 -0 -0.20299 0 0 0 0 0 0 0 0 0 0 -0.0061053 -0.034535 -0.19993 0.027372 -0.013138 0.0014335 0 0
0 0 0.13975 0 0 0 0 0 0 0 0 0 0 0.0042033 0.023776 0.13765 -0.020135 0.0057573 -0.00037964 0 0
-0 -0 -0.14254 0 0 0 0 0 0 0 0 0 0 -0.0042873 -0.024252 -0.1404 0.01951 -0.0086579 0.00089976 0 0
0 0 0.060591 0 0 0 0 0 0 0 0 0 0 0.0018224 0.010309 0.059679 -0.0086303 0.0028361 -0.00022636 0 0
0 0 0.23567 0 0 0 0 0 0 0 0 0 0 0.0070882 0.040095 0.23212 -0.034328 0.0080832 -0.000348 0 0
-0 -0 -0.27704 0 0 0 0 0 0 0 0 0 0 -0.0083327 -0.047135 -0.27288 0.036613 -0.01925 0.0022071 0 0
-0 -0 -0.049708 0 0 0 0 0 0 0 0 0 0 -0.0014951 -0.008457 -0.04896 0.0069417 -0.0027074 0.00025569 0 0
-0 -0 -0.19596 0 0 0 0 0 0 0 0 0 0 -0.0058938 -0.033339 -0.19301 0.026472 -0.012593 0.0013668 0 0
0 0 0.32304 0 0 0 0 0 0 0 0 0 0 0.0097162 0.054961 0.31819 -0.047394 0.0090276 -0.00011214 0 0
0 0 0.19309 0 0 0 0 0 0 0 0 0 0 0.0058076 0.032852 0.19019 -0.028001 0.0072164 -0.00039146 0 0
-0 -0 -0.084738 0 0 0 0 0 0 0 0 0 0 -0.0025487 -0.014417 -0.083464 0.011749 -0.0048177 0.00047341 0 0
-0 -0 -0.34149 0 0 0 0 0 0 0 0 0 0 -0.010271 -0.058099 -0.33635 0.044264 -0.025103 0.0029845 0 0
-0 -0 -0.28288 0 0 0 0 0 0 0 0 0 0 -0.0085083 -0.048129 -0.27863 0.037322 -0.01976 0.0022736 0 0
-0 -0 -0.00095286 0 0 0 0 0 0 0 0 0 0 -2.8659e-05 -0.00016212 -0.00093853 0.00013431 -4.8698e-05 4.3105e-06 0 0
-0 -0 -0.14505 0 0 0 0 0 0 0 0 0 0 -0.0043627 -0.024678 -0.14287 0.019841 -0.0088342 0.0009201 0 0
-0 -0 -0.096083 0 0 0 0 0 0 0 0 0 0 -0.0028899 -0.016347 -0.094638 0.013289 -0.0055365 0.00055053 0 0
-0 -0 -0.2371 0 0 0 0 0 0 0 0 0 0 -0.0071312 -0.040339 -0.23353 0.031685 -0.015869 0.0017737 0 0
0 0 0.082603 0 0 0 0 0 0 0 0 0 0 0.0024845 0.014054 0.081361 -0.011806 0.0037383 -0.00028523 0 0
-0 -0 -0.30994 0 0 0 0 0 0 0 0 0 0 -0.0093222 -0.052732 -0.30528 0.040566 -0.022178 0.0025921 0 0
-0 -0 -0.25119 0 0 0 0 0 0 0 0 0 0 -0.0075552 -0.042737 -0.24742 0.03344 -0.01704 0.0019223 0 0
-0 -0 -0.18155 0 0 0 0 0 0 0 0 0 0 -0.0054605 -0.030888 -0.17882 0.024615 -0.011495 0.001234 0 0
-0 -0 -0.17592 0 0 0 0 0 0 0 0 0 0 -0.0052913 -0.029931 -0.17328 0.023886 -0.011074 0.0011835 0 0
0 0 0.21988 0 0 0 0 0 0 0 0 0 0 0.0066132 0.037409 0.21657 -0.031977 0.0077927 -0.00036959 0 0
0 0 0.27153 0 0 0 0 0 0 0 0 0 0 0.0081667 0.046196 0.26744 -0.03968 0.0086069 -0.00027501 0 0
-0 -0 -0.159 0 0 0 0 0 0 0 0 0 0 -0.0047824 -0.027052 -0.15661 0.021678 -0.0098315 0.0010363 0 0
-0 -0 -0.20014 0 0 0 0 0 0 0 0 0 0 -0.0060197 -0.034052 -0.19713 0.027009 -0.012917 0.0014064 0 0
0 0 0.18757 0 0 0 0 0 0 0 0 0 0 0.0056415 0.031912 0.18475 -0.027183 0.0070845 -0.00039366 0 0
-0 -0 -0.15248 0 0 0 0 0 0 0 0 0 0 -0.0045862 -0.025942 -0.15019 0.020821 -0.0093621 0.00098136 0 0
-0 -0 -0.13003 0 0 0 0 0 0 0 0 0 0 -0.0039111 -0.022124 -0.12808 0.017849 -0.0077896 0.00080047 0 0
-0 -0 -0.15362 0 0 0 0 0 0 0 0 0 0 -0.0046203 -0.026136 -0.15131 0.02097 -0.0094435 0.00099085 0 0
0 0 0.091487 0 0 0 0 0 0 0 0 0 0 0.0027517 0.015565 0.090111 -0.013093 0.0040829 -0.00030545 0 0
-0 -0 -0.16468 0 0 0 0 0 0 0 0 0 0 -0.0049531 -0.028018 -0.1622 0.022421 -0.010244 0.0010849 0 0
0 0 0.014711 0 0 0 0 0 0 0 0 0 0 0.00044245 0.0025028 0.014489 -0.0020793 0.00073581 -6.3604e-05 0 0
-0 -0 -0.31782 0 0 0 0 0 0 0 0 0 0 -0.0095591 -0.054073 -0.31304 0.041499 -0.022898 0.002688 0 0
0 0 0.31875 0 0 0 0 0 0 0 0 0 0 0.0095872 0.054232 0.31396 -0.046751 0.0090075 -0.0001283 0 0
-0 -0 -0.16877 0 0 0 0 0 0 0 0 0 0 -0.005076 -0.028713 -0.16623 0.022954 -0.010544 0.0011204 0 0
0 0 0.10026 0 0 0 0 0 0 0 0 0 0 0.0030155 0.017058 0.098751 -0.014367 0.0044121 -0.00032341 0 0
0 0 0.33103 0 0 0 0 0 0 0 0 0 0 0.0099563 0.056319 0.32605 -0.04859 0.0090577 -8.0799e-05 0 0
-0 -0 -0.25344 0 0 0 0 0 0 0 0 0 0 -0.0076228 -0.04312 -0.24963 0.033718 -0.017229 0.0019465 0 0
-0 -0 -0.34512 0 0 0 0 0 0 0 0 0 0 -0.01038 -0.058717 -0.33992 0.044684 -0.025447 0.0030311 0 0
0 0 0.05618 0 0 0 0 0 0 0 0 0 0 0.0016897 0.0095583 0.055335 -0.0079965 0.0026471 -0.00021306 0 0
-0 -0 -0.33992 0 0 0 0 0 0 0 0 0 0 -0.010224 -0.057832 -0.3348 0.044082 -0.024955 0.0029644 0 0
0 0 0.14803 0 0 0 0 0 0 0 0 0 0 0.0044524 0.025186 0.14581 -0.021351 0.006011 -0.00038631 0 0
-0 -0 -0.10557 0 0 0 0 0 0 0 0 0 0 -0.0031752 -0.017961 -0.10398 0.014571 -0.0061506 0.00061747 0 0
0 0 0.11075 0 0 0 0 0 0 0 0 0 0 0.0033311 0.018843 0.10909 -0.015894 0.0047914 -0.00034228 0 0
-0 -0 -0.034049 0 0 0 0 0 0 0 0 0 0 -0.0010241 -0.0057929 -0.033537 0.0047696 -0.0018179 0.00016838 0 0
-0 -0 -0.21285 0 0 0 0 0 0 0 0 0 0 -0.0064019 -0.036213 -0.20965 0.028629 -0.013913 0.001529 0 0
0 0 0.049426 0 0 0 0 0 0 0 0 0 0 0.0014866 0.0084092 0.048683 -0.0070275 0.0023523 -0.00019173 0 0
0 0 0.0080192 0 0 0 0 0 0 0 0 0 0 0.00024119 0.0013644 0.0078986 -0.0011321 0.00040484 -3.5358e-05 0 0
0 0 0.34313 0 0 0 0 0 0 0 0 0 0 0.01032 0.058378 0.33797 -0.050405 0.0090854 -3.0185e-05 0 0
0 0 0.067934 0 0 0 0 0 0 0 0 0 0 0.0020432 0.011558 0.066912 -0.0096874 0.0031448 -0.00024739 0 0
0 0 0.28066 0 0 0 0 0 0 0 0 0 0 0.0084413 0.04775 0.27644 -0.041046 0.00871 -0.00025112 0 0
-0 -0 -0.327 0 0 0 0 0 0 0 0 0 0 -0.0098352 -0.055635 -0.32208 0.042578 -0.023745 0.0028015 0 0
-0 -0 -0.13317 0 0 0 0 0 0 0 0 0 0 -0.0040054 -0.022657 -0.13117 0.018267 -0.0080054 0.000825 0 0
-0 -0 -0.020257 0 0 0 0 0 0 0 0 0 0 -0.00060926 -0.0034464 -0.019952 0.0028451 -0.0010623 9.6619e-05 0 0
0 0 0.32899 0 0 0 0 0 0 0 0 0 0 0.0098952 0.055974 0.32405 -0.048286 0.0090509 -8.8931e-05 0 0
-0 -0 -0.17026 0 0 0 0 0 0 0 0 0 0 -0.0051209 -0.028967 -0.1677 0.023149 -0.010654 0.0011334 0 0
0 0 0.0136 0 0 0 0 0 0 0 0 0 0 0.00040903 0.0023138 0.013395 -0.0019219 0.00068128 -5.8993e-05 0 0
0 0 0.26708 0 0 0 0 0 0 0 0 0 0 0.0080331 0.045441 0.26307 -0.039016 0.0085523 -0.00028585 0 0
-0 -0 -0.21755 0 0 0 0 0 0 0 0 0 0 -0.0065432 -0.037013 -0.21428 0.029225 -0.014286 0.0015753 0 0
0 0 0.33177 0 0 0 0 0 0 0 0 0 0 0.0099788 0.056447 0.32678 -0.048703 0.00906 -7.7781e-05 0 0
-0 -0 -0.25761 0 0 0 0 0 0 0 0 0 0 -0.0077482 -0.043829 -0.25374 0.034232 -0.017581 0.0019915 0 0
-0 -0 -0.044609 0 0 0 0 0 0 0 0 0 0 -0.0013417 -0.0075896 -0.043938 0.006236 -0.0024141 0.00022658 0 0
0 0 0.11867 0 0 0 0 0 0 0 0 0 0 0.0035693 0.02019 0.11689 -0.01705 0.0050673 -0.00035465 0 0
0 0 0.28544 0 0 0 0 0 0 0 0 0 0 0.0085851 0.048563 0.28114 -0.041761 0.0087591 -0.00023777 0 0
-0 -0 -0.023936 0 0 0 0 0 0 0 0 0 0 -0.00071992 -0.0040724 -0.023576 0.0033595 -0.0012613 0.00011529 0 0
-0 -0 -0.32906 0 0 0 0 0 0 0 0 0 0 -0.0098972 -0.055985 -0.32411 0.042819 -0.023937 0.0028272 0 0
-0 -0 -0.26783 0 0 0 0 0 0 0 0 0 0 -0.0080555 -0.045568 -0.2638 0.035488 -0.018453 0.0021038 0 0
0 0 0.30603 0 0 0 0 0 0 0 0 0 0 0.0092045 0.052067 0.30143 -0.044845 0.008932 -0.00017347 0 0
-0 -0 -0.2778 0 0 0 0 0 0 0 0 0 0 -0.0083553 -0.047263 -0.27362 0.036704 -0.019315 0.0022156 0 0
0 0 0.34092 0 0 0 0 0 0 0 0 0 0 0.010254 0.058003 0.3358 -0.050074 0.009082 -3.9678e-05 0 0
-0 -0 -0.16593 0 0 0 0 0 0 0 0 0 0 -0.0049907 -0.028231 -0.16344 0.022584 -0.010336 0.0010957 0 0
-0 -0 -0.17033 0 0 0 0 0 0 0 0 0 0 -0.005123 -0.028979 -0.16777 0.023158 -0.010659 0.001134 0 0
0 0 0.2623 0 0 0 0 0 0 0 0 0 0 0.0078893 0.044627 0.25836 -0.038302 0.0084902 -0.00029696 0 0
0 0 0.18016 0 0 0 0 0 0 0 0 0 0 0.0054187 0.030652 0.17745 -0.026088 0.0069007 -0.00039537 0 0
-0 -0 -0.21397 0 0 0 0 0 0 0 0 0 0 -0.0064356 -0.036404 -0.21075 0.028771 -0.014001 0.00154 0 0
-0 -0 -0.11786 0 0 0 0 0 0 0 0 0 0 -0.0035449 -0.020052 -0.11609 0.016223 -0.0069642 0.00070756 0 0
-0 -0 -0.28451 0 0 0 0 0 0 0 0 0 0 -0.0085572 -0.048405 -0.28023 0.037519 -0.019903 0.0022923 0 0
-0 -0 -0.18337 0 0 0 0 0 0 0 0 0 0 -0.0055151 -0.031197 -0.18061 0.02485 -0.011632 0.0012505 0 0
0 0 0.30866 0 0 0 0 0 0 0 0 0 0 0.0092837 0.052515 0.30402 -0.045239 0.0089496 -0.00016446 0 0
-0 -0 -0.14393 0 0 0 0 0 0 0 0 0 0 -0.0043291 -0.024488 -0.14177 0.019693 -0.0087555 0.00091101 0 0
0 0 0.26531 0 0 0 0 0 0 0 0 0 0 0.0079797 0.045138 0.26132 -0.038751 0.0085296 -0.00029005 0 0
0 0 0.33308 0 0 0 0 0 0 0 0 0 0 0.010018 0.05667 0.32807 -0.048899 0.0090639 -7.2457e-05 0 0
-0 -0 -0.25524 0 0 0 0 0 0 0 0 0 0 -0.0076769 -0.043426 -0.2514 0.03394 -0.017381 0.0019659 0 0
-0 -0 -0.057309 0 0 0 0 0 0 0 0 0 0 -0.0017237 -0.0097503 -0.056447 0.007991 -0.0031512 0.00030031 0 0
-0 -0 -0.16274 0 0 0 0 0 0 0 0 0 0 -0.0048948 -0.027688 -0.16029 0.022167 -0.010103 0.0010682 0 0
-0 -0 -0.067042 0 0 0 0 0 0 0 0 0 0 -0.0020164 -0.011406 -0.066033 0.0093296 -0.0037309 0.00035957 0 0
-0 -0 -0.15136 0 0 0 0 0 0 0 0 0 0 -0.0045523 -0.025751 -0.14908 0.020673 -0.0092817 0.000972 0 0
0 0 0.079885 0 0 0 0 0 0 0 0 0 0 0.0024027 0.013591 0.078684 -0.011413 0.0036307 -0.00027864 0 0
