-0 -0 -0.13727 0 0 0 0 0 0 0 0 0 0 -0.0041286 -0.023354 -0.1352 0 0 0 0 0
-0 -0 -0.29624 0 0 0 0 0 0 0 0 0 0 -0.0089102 -0.050402 -0.29179 0 0 0 0 0
0 0 0.080184 0 0 0 0 0 0 0 0 0 0 0.0024117 0.013642 0.078978 0 0 0 0 0
0 0 0.069037 0 0 0 0 0 0 0 0 0 0 0.0020764 0.011746 0.067999 0 0 0 0 0
-0 -0 -0.30511 0 0 0 0 0 0 0 0 0 0 -0.0091768 -0.05191 -0.30052 0 0 0 0 0
0 0 0.12158 0 0 0 0 0 0 0 0 0 0 0.0036568 0.020685 0.11975 0 0 0 0 0
-0 -0 -0.10035 0 0 0 0 0 0 0 0 0 0 -0.0030181 -0.017073 -0.098837 0 0 0 0 0
-0 -0 -0.32054 0 0 0 0 0 0 0 0 0 0 -0.009641 -0.054536 -0.31572 0 0 0 0 0
-0 -0 -0.32962 0 0 0 0 0 0 0 0 0 0 -0.009914 -0.05608 -0.32466 0 0 0 0 0
-0 -0 -0.015399 0 0 0 0 0 0 0 0 0 0 -0.00046315 -0.0026199 -0.015167 0 0 0 0 0
-0 -0 -0.31085 0 0 0 0 0 0 0 0 0 0 -0.0093494 -0.052886 -0.30617 0 0 0 0 0
-0 -0 -0.07918 0 0 0 0 0 0 0 0 0 0 -0.0023815 -0.013471 -0.077989 0 0 0 0 0
0 0 0.025402 0 0 0 0 0 0 0 0 0 0 0.00076403 0.0043219 0.02502 0 0 0 0 0
0 0 0.003426 0 0 0 0 0 0 0 0 0 0 0.00010304 0.00058289 0.0033745 0 0 0 0 0
-0 -0 -0.071649 0 0 0 0 0 0 0 0 0 0 -0.002155 -0.01219 -0.070572 0 0 0 0 0
0 0 0.32028 0 0 0 0 0 0 0 0 0 0 0.0096332 0.054492 0.31547 0 0 0 0 0
0 0 0.11939 0 0 0 0 0 0 0 0 0 0 0.003591 0.020313 0.1176 0 0 0 0 0
-0 -0 -0.26423 0 0 0 0 0 0 0 0 0 0 -0.0079473 -0.044955 -0.26026 0 0 0 0 0
0 0 0.2254 0 0 0 0 0 0 0 0 0 0 0.0067793 0.038349 0.22201 0 0 0 0 0
0 0 0.19659 0 0 0 0 0 0 0 0 0 0 0.0059128 0.033447 0.19363 0 0 0 0 0
0 0 0.14364 0 0 0 0 0 0 0 0 0 0 0.0043203 0.024438 0.14148 0 0 0 0 0
-0 -0 -0.099248 0 0 0 0 0 0 0 0 0 0 -0.0029851 -0.016886 -0.097756 0 0 0 0 0
0 0 0.29031 0 0 0 0 0 0 0 0 0 0 0.0087316 0.049392 0.28594 0 0 0 0 0
0 0 0.34598 0 0 0 0 0 0 0 0 0 0 0.010406 0.058864 0.34078 0 0 0 0 0
0 0 0.27551 0 0 0 0 0 0 0 0 0 0 0.0082866 0.046875 0.27137 0 0 0 0 0
-0 -0 -0.017981 0 0 0 0 0 0 0 0 0 0 -0.00054082 -0.0030592 -0.017711 0 0 0 0 0
0 0 0.02322 0 0 0 0 0 0 0 0 0 0 0.00069839 0.0039506 0.022871 0 0 0 0 0
0 0 0.051198 0 0 0 0 0 0 0 0 0 0 0.0015399 0.0087106 0.050428 0 0 0 0 0
-0 -0 -0.060918 0 0 0 0 0 0 0 0 0 0 -0.0018322 -0.010364 -0.060002 0 0 0 0 0
0 0 0.090781 0 0 0 0 0 0 0 0 0 0 0.0027304 0.015445 0.089416 0 0 0 0 0
-0 -0 -0.19034 0 0 0 0 0 0 0 0 0 0 -0.005725 -0.032385 -0.18748 0 0 0 0 0
0 0 0.10944 0 0 0 0 0 0 0 0 0 0 0.0032916 0.018619 0.10779 0 0 0 0 0
-0 -0 -0.3053 0 0 0 0 0 0 0 0 0 0 -0.0091826 -0.051943 -0.30071 0 0 0 0 0
-0 -0 -0.21059 0 0 0 0 0 0 0 0 0 0 -0.0063341 -0.03583 -0.20743 0 0 0 0 0
0 0 0.11668 0 0 0 0 0 0 0 0 0 0 0.0035095 0.019852 0.11493 0 0 0 0 0
0 0 0.041235 0 0 0 0 0 0 0 0 0 0 0.0012402 0.0070156 0.040615 0 0 0 0 0
0 0 0.23159 0 0 0 0 0 0 0 0 0 0 0.0069655 0.039401 0.2281 0 0 0 0 0
-0 -0 -0.21199 0 0 0 0 0 0 0 0 0 0 -0.0063761 -0.036068 -0.2088 0 0 0 0 0
-0 -0 -0.22162 0 0 0 0 0 0 0 0 0 0 -0.0066658 -0.037706 -0.21829 0 0 0 0 0
0 0 0.095139 0 0 0 0 0 0 0 0 0 0 0.0028615 0.016187 0.093709 0 0 0 0 0
-0 -0 -0.12049 0 0 0 0 0 0 0 0 0 0 -0.003624 -0.0205 -0.11868 0 0 0 0 0
-0 -0 -0.26366 0 0 0 0 0 0 0 0 0 0 -0.0079303 -0.044859 -0.2597 0 0 0 0 0
-0 -0 -0.34702 0 0 0 0 0 0 0 0 0 0 -0.010437 -0.059041 -0.3418 0 0 0 0 0
0 0 0.29305 0 0 0 0 0 0 0 0 0 0 0.008814 0.049858 0.28864 0 0 0 0 0
0 0 0.17977 0 0 0 0 0 0 0 0 0 0 0.0054071 0.030586 0.17707 0 0 0 0 0
0 0 0.12601 0 0 0 0 0 0 0 0 0 0 0.0037901 0.021439 0.12412 0 0 0 0 0
0 0 0.30117 0 0 0 0 0 0 0 0 0 0 0.0090583 0.05124 0.29664 0 0 0 0 0
0 0 0.30542 0 0 0 0 0 0 0 0 0 0 0.0091862 0.051963 0.30083 0 0 0 0 0
-0 -0 -0.3235 0 0 0 0 0 0 0 0 0 0 -0.0097298 -0.055039 -0.31863 0 0 0 0 0
-0 -0 -0.14088 0 0 0 0 0 0 0 0 0 0 -0.0042372 -0.023968 -0.13876 0 0 0 0 0
0 0 0.12328 0 0 0 0 0 0 0 0 0 0 0.0037079 0.020974 0.12143 0 0 0 0 0
-0 -0 -0.29978 0 0 0 0 0 0 0 0 0 0 -0.0090166 -0.051004 -0.29527 0 0 0 0 0
0 0 0.076846 0 0 0 0 0 0 0 0 0 0 0.0023113 0.013074 0.07569 0 0 0 0 0
-0 -0 -0.22713 0 0 0 0 0 0 0 0 0 0 -0.0068315 -0.038644 -0.22372 0 0 0 0 0
-0 -0 -0.25507 0 0 0 0 0 0 0 0 0 0 -0.0076718 -0.043397 -0.25123 0 0 0 0 0
-0 -0 -0.033767 0 0 0 0 0 0 0 0 0 0 -0.0010156 -0.0057449 -0.033259 0 0 0 0 0
-0 -0 -0.1325 0 0 0 0 0 0 0 0 0 0 -0.0039852 -0.022543 -0.13051 0 0 0 0 0
0 0 0.26334 0 0 0 0 0 0 0 0 0 0 0.0079204 0.044803 0.25938 0 0 0 0 0
-0 -0 -0.19894 0 0 0 0 0 0 0 0 0 0 -0.0059837 -0.033848 -0.19595 0 0 0 0 0
0 0 0.073529 0 0 0 0 0 0 0 0 0 0 0.0022115 0.01251 0.072423 0 0 0 0 0
-0 -0 -0.31653 0 0 0 0 0 0 0 0 0 0 -0.0095203 -0.053853 -0.31177 0 0 0 0 0
-0 -0 -0.29896 0 0 0 0 0 0 0 0 0 0 -0.0089918 -0.050864 -0.29446 0 0 0 0 0
-0 -0 -0.19253 0 0 0 0 0 0 0 0 0 0 -0.0057908 -0.032757 -0.18964 0 0 0 0 0
0 0 0.19316 0 0 0 0 0 0 0 0 0 0 0.0058096 0.032863 0.19025 0 0 0 0 0
0 0 0.22021 0 0 0 0 0 0 0 0 0 0 0.0066232 0.037465 0.2169 0 0 0 0 0
0 0 0.11419 0 0 0 0 0 0 0 0 0 0 0.0034346 0.019428 0.11247 0 0 0 0 0
-0 -0 -0.146 0 0 0 0 0 0 0 0 0 0 -0.0043912 -0.02484 -0.1438 0 0 0 0 0
-0 -0 -0.069482 0 0 0 0 0 0 0 0 0 0 -0.0020898 -0.011821 -0.068437 0 0 0 0 0
0 0 0.08185 0 0 0 0 0 0 0 0 0 0 0.0024618 0.013926 0.080619 0 0 0 0 0
0 0 0.034551 0 0 0 0 0 0 0 0 0 0 0.0010392 0.0058783 0.034031 0 0 0 0 0
-0 -0 -0.34528 0 0 0 0 0 0 0 0 0 0 -0.010385 -0.058744 -0.34008 0 0 0 0 0
-0 -0 -0.23723 0 0 0 0 0 0 0 0 0 0 -0.0071352 -0.040361 -0.23366 0 0 0 0 0
-0 -0 -0.16378 0 0 0 0 0 0 0 0 0 0 -0.0049261 -0.027865 -0.16132 0 0 0 0 0
0 0 0.10012 0 0 0 0 0 0 0 0 0 0 0.0030112 0.017034 0.098611 0 0 0 0 0
0 0 0.29676 0 0 0 0 0 0 0 0 0 0 0.0089256 0.050489 0.29229 0 0 0 0 0
-0 -0 -0.034256 0 0 0 0 0 0 0 0 0 0 -0.0010303 -0.0058282 -0.033741 0 0 0 0 0
-0 -0 -0.31099 0 0 0 0 0 0 0 0 0 0 -0.0093537 -0.052911 -0.30631 0 0 0 0 0
-0 -0 -0.27095 0 0 0 0 0 0 0 0 0 0 -0.0081494 -0.046098 -0.26687 0 0 0 0 0
0 0 0.25254 0 0 0 0 0 0 0 0 0 0 0.0075957 0.042966 0.24874 0 0 0 0 0
-0 -0 -0.33564 0 0 0 0 0 0 0 0 0 0 -0.010095 -0.057105 -0.33059 0 0 0 0 0
0 0 0.19895 0 0 0 0 0 0 0 0 0 0 0.0059838 0.033849 0.19596 0 0 0 0 0
-0 -0 -0.023663 0 0 0 0 0 0 0 0 0 0 -0.00071171 -0.0040259 -0.023307 0 0 0 0 0
0 0 0.16587 0 0 0 0 0 0 0 0 0 0 0.0049888 0.02822 0.16337 0 0 0 0 0
-0 -0 -0.085856 0 0 0 0 0 0 0 0 0 0 -0.0025823 -0.014607 -0.084565 0 0 0 0 0
0 0 0.042356 0 0 0 0 0 0 0 0 0 0 0.0012739 0.0072062 0.041719 0 0 0 0 0
-0 -0 -0.15318 0 0 0 0 0 0 0 0 0 0 -0.0046072 -0.026061 -0.15088 0 0 0 0 0
0 0 0.24705 0 0 0 0 0 0 0 0 0 0 0.0074307 0.042033 0.24334 0 0 0 0 0
-0 -0 -0.28745 0 0 0 0 0 0 0 0 0 0 -0.0086456 -0.048906 -0.28313 0 0 0 0 0
-0 -0 -0.33843 0 0 0 0 0 0 0 0 0 0 -0.010179 -0.057579 -0.33334 0 0 0 0 0
0 0 0.12474 0 0 0 0 0 0 0 0 0 0 0.0037519 0.021223 0.12287 0 0 0 0 0
0 0 0.30545 0 0 0 0 0 0 0 0 0 0 0.0091871 0.051968 0.30086 0 0 0 0 0
0 0 0.19255 0 0 0 0 0 0 0 0 0 0 0.0057914 0.03276 0.18966 0 0 0 0 0
-0 -0 -0.04124 0 0 0 0 0 0 0 0 0 0 -0.0012404 -0.0070164 -0.04062 0 0 0 0 0
-0 -0 -0.068022 0 0 0 0 0 0 0 0 0 0 -0.0020459 -0.011573 -0.066999 0 0 0 0 0
0 0 0.25779 0 0 0 0 0 0 0 0 0 0 0.0077535 0.043859 0.25391 0 0 0 0 0
-0 -0 -0.19217 0 0 0 0 0 0 0 0 0 0 -0.0057798 -0.032695 -0.18928 0 0 0 0 0
-0 -0 -0.068879 0 0 0 0 0 0 0 0 0 0 -0.0020717 -0.011719 -0.067843 0 0 0 0 0
0 0 0.05135 0 0 0 0 0 0 0 0 0 0 0.0015445 0.0087365 0.050578 0 0 0 0 0
0 0 0.10414 0 0 0 0 0 0 0 0 0 0 0.0031323 0.017718 0.10258 0 0 0 0 0
-0 -0 -0.016365 0 0 0 0 0 0 0 0 0 0 -0.0004922 -0.0027842 -0.016119 0 0 0 0 0
