-0 -0 -0.2798 0 0 0 0 0 0 0 0 0 0 -0.0084156 -0.047604 -0.27559 -0.0072623 -0.042822 0.0076185 0 0
0 0 0.27651 0 0 0 0 0 0 0 0 0 0 0.0083167 0.047045 0.27236 -0.0048963 0.042698 -0.0072259 0 0
-0 -0 -0.24448 0 0 0 0 0 0 0 0 0 0 -0.0073533 -0.041595 -0.24081 -0.0056782 -0.037553 0.0066601 0 0
0 0 0.049261 0 0 0 0 0 0 0 0 0 0 0.0014816 0.008381 0.04852 7.6996e-06 0.0076743 -0.0013259 0 0
0 0 0.057235 0 0 0 0 0 0 0 0 0 0 0.0017215 0.0097377 0.056374 -2.7113e-05 0.0089164 -0.0015393 0 0
-0 -0 -0.063926 0 0 0 0 0 0 0 0 0 0 -0.0019227 -0.010876 -0.062964 -0.00058133 -0.0099389 0.0017345 0 0
-0 -0 -0.089972 0 0 0 0 0 0 0 0 0 0 -0.0027061 -0.015307 -0.088619 -0.0010028 -0.013973 0.0024443 0 0
-0 -0 -0.038974 0 0 0 0 0 0 0 0 0 0 -0.0011722 -0.0066309 -0.038388 -0.00027772 -0.0060644 0.001056 0 0
0 0 0.28107 0 0 0 0 0 0 0 0 0 0 0.0084537 0.04782 0.27684 -0.0050766 0.043386 -0.0073393 0 0
0 0 0.14164 0 0 0 0 0 0 0 0 0 0 0.00426 0.024097 0.13951 -0.0010105 0.022032 -0.0037748 0 0
-0 -0 -0.26756 0 0 0 0 0 0 0 0 0 0 -0.0080475 -0.045522 -0.26354 -0.0066919 -0.041002 0.0072869 0 0
0 0 0.029724 0 0 0 0 0 0 0 0 0 0 0.000894 0.0050571 0.029277 5.0532e-05 0.0046305 -0.00080138 0 0
0 0 0.1249 0 0 0 0 0 0 0 0 0 0 0.0037565 0.021249 0.12302 -0.00072631 0.019437 -0.0033353 0 0
0 0 0.25822 0 0 0 0 0 0 0 0 0 0 0.0077664 0.043932 0.25433 -0.0042041 0.039927 -0.0067684 0 0
-0 -0 -0.18895 0 0 0 0 0 0 0 0 0 0 -0.0056831 -0.032147 -0.18611 -0.0035724 -0.029166 0.005147 0 0
0 0 0.13901 0 0 0 0 0 0 0 0 0 0 0.004181 0.023651 0.13692 -0.00096306 0.021625 -0.003706 0 0
-0 -0 -0.11174 0 0 0 0 0 0 0 0 0 0 -0.0033608 -0.019011 -0.11006 -0.0014367 -0.017336 0.0030383 0 0
-0 -0 -0.028984 0 0 0 0 0 0 0 0 0 0 -0.00087177 -0.0049313 -0.028549 -0.00018369 -0.0045112 0.00078485 0 0
0 0 0.10487 0 0 0 0 0 0 0 0 0 0 0.003154 0.017841 0.10329 -0.00044412 0.016328 -0.0028068 0 0
0 0 0.083365 0 0 0 0 0 0 0 0 0 0 0.0025074 0.014183 0.082111 -0.00021156 0.012984 -0.0022364 0 0
-0 -0 -0.27491 0 0 0 0 0 0 0 0 0 0 -0.0082684 -0.046772 -0.27077 -0.0070315 -0.042095 0.007486 0 0
-0 -0 -0.14895 0 0 0 0 0 0 0 0 0 0 -0.0044801 -0.025342 -0.14671 -0.0023502 -0.023058 0.0040547 0 0
-0 -0 -0.33032 0 0 0 0 0 0 0 0 0 0 -0.009935 -0.056199 -0.32535 -0.0098541 -0.050252 0.0089811 0 0
-0 -0 -0.28307 0 0 0 0 0 0 0 0 0 0 -0.008514 -0.048161 -0.27882 -0.0074185 -0.043307 0.0077071 0 0
-0 -0 -0.060965 0 0 0 0 0 0 0 0 0 0 -0.0018337 -0.010372 -0.060048 -0.00054018 -0.0094796 0.0016539 0 0
-0 -0 -0.17036 0 0 0 0 0 0 0 0 0 0 -0.005124 -0.028985 -0.1678 -0.0029735 -0.026334 0.0046395 0 0
0 0 0.09918 0 0 0 0 0 0 0 0 0 0 0.002983 0.016874 0.097689 -0.00037554 0.015444 -0.0026562 0 0
0 0 0.31663 0 0 0 0 0 0 0 0 0 0 0.0095233 0.05387 0.31187 -0.0065932 0.048729 -0.0082159 0 0
-0 -0 -0.16278 0 0 0 0 0 0 0 0 0 0 -0.0048961 -0.027695 -0.16034 -0.0027448 -0.025176 0.0044325 0 0
-0 -0 -0.12283 0 0 0 0 0 0 0 0 0 0 -0.0036943 -0.020898 -0.12098 -0.0016863 -0.019044 0.0033411 0 0
0 0 0.19817 0 0 0 0 0 0 0 0 0 0 0.0059603 0.033715 0.19519 -0.002295 0.030754 -0.0052422 0 0
0 0 0.32588 0 0 0 0 0 0 0 0 0 0 0.0098015 0.055444 0.32098 -0.007019 0.05011 -0.0084413 0 0
0 0 0.08964 0 0 0 0 0 0 0 0 0 0 0.0026961 0.015251 0.088292 -0.00027191 0.013961 -0.0024032 0 0
-0 -0 -0.16732 0 0 0 0 0 0 0 0 0 0 -0.0050326 -0.028468 -0.16481 -0.0028807 -0.02587 0.0045565 0 0
0 0 0.042068 0 0 0 0 0 0 0 0 0 0 0.0012653 0.0071573 0.041436 3.0484e-05 0.0065538 -0.001133 0 0
-0 -0 -0.32696 0 0 0 0 0 0 0 0 0 0 -0.0098339 -0.055627 -0.32204 -0.0096699 -0.049762 0.0088908 0 0
0 0 0.32133 0 0 0 0 0 0 0 0 0 0 0.0096648 0.05467 0.3165 -0.0068081 0.049432 -0.0083306 0 0
-0 -0 -0.060451 0 0 0 0 0 0 0 0 0 0 -0.0018182 -0.010285 -0.059542 -0.00053318 -0.0093999 0.00164 0 0
0 0 0.34452 0 0 0 0 0 0 0 0 0 0 0.010362 0.058615 0.33934 -0.0079163 0.05288 -0.0088924 0 0
-0 -0 -0.044147 0 0 0 0 0 0 0 0 0 0 -0.0013278 -0.0075109 -0.043483 -0.0003326 -0.0068683 0.0011965 0 0
0 0 0.2591 0 0 0 0 0 0 0 0 0 0 0.0077929 0.044082 0.2552 -0.0042362 0.040061 -0.0067905 0 0
0 0 0.23546 0 0 0 0 0 0 0 0 0 0 0.0070819 0.04006 0.23192 -0.0034148 0.036463 -0.0061942 0 0
-0 -0 -0.095904 0 0 0 0 0 0 0 0 0 0 -0.0028845 -0.016317 -0.094461 -0.0011137 -0.014891 0.0026061 0 0
-0 -0 -0.31701 0 0 0 0 0 0 0 0 0 0 -0.0095347 -0.053935 -0.31224 -0.0091344 -0.048307 0.0086232 0 0
0 0 0.029981 0 0 0 0 0 0 0 0 0 0 0.00090173 0.0051008 0.02953 5.0361e-05 0.0046705 -0.00080829 0 0
-0 -0 -0.32022 0 0 0 0 0 0 0 0 0 0 -0.0096314 -0.054482 -0.31541 -0.0093058 -0.048778 0.0087098 0 0
0 0 0.21074 0 0 0 0 0 0 0 0 0 0 0.0063384 0.035854 0.20757 -0.0026484 0.032683 -0.0055646 0 0
-0 -0 -0.048988 0 0 0 0 0 0 0 0 0 0 -0.0014734 -0.0083346 -0.048251 -0.00038778 -0.0076203 0.0013281 0 0
-0 -0 -0.29434 0 0 0 0 0 0 0 0 0 0 -0.0088529 -0.050078 -0.28991 -0.007969 -0.044973 0.0080118 0 0
-0 -0 -0.10332 0 0 0 0 0 0 0 0 0 0 -0.0031075 -0.017578 -0.10176 -0.00126 -0.016036 0.0028084 0 0
-0 -0 -0.072883 0 0 0 0 0 0 0 0 0 0 -0.0021921 -0.0124 -0.071787 -0.00071424 -0.011328 0.0019785 0 0
-0 -0 -0.018098 0 0 0 0 0 0 0 0 0 0 -0.00054433 -0.0030791 -0.017826 -9.9138e-05 -0.0028175 0.00048971 0 0
0 0 0.05956 0 0 0 0 0 0 0 0 0 0 0.0017914 0.010133 0.058664 -3.9156e-05 0.0092786 -0.0016015 0 0
0 0 0.33736 0 0 0 0 0 0 0 0 0 0 0.010147 0.057398 0.33229 -0.0075658 0.051819 -0.0087198 0 0
-0 -0 -0.01029 0 0 0 0 0 0 0 0 0 0 -0.0003095 -0.0017508 -0.010136 -5.0025e-05 -0.0016023 0.0002783 0 0
-0 -0 -0.25471 0 0 0 0 0 0 0 0 0 0 -0.007661 -0.043336 -0.25088 -0.0061175 -0.039085 0.0069381 0 0
-0 -0 -0.22326 0 0 0 0 0 0 0 0 0 0 -0.006715 -0.037985 -0.2199 -0.0048176 -0.034362 0.0060826 0 0
0 0 0.17605 0 0 0 0 0 0 0 0 0 0 0.0052951 0.029953 0.1734 -0.001733 0.02735 -0.0046714 0 0
-0 -0 -0.21971 0 0 0 0 0 0 0 0 0 0 -0.0066082 -0.03738 -0.2164 -0.0046803 -0.033826 0.0059859 0 0
0 0 0.21886 0 0 0 0 0 0 0 0 0 0 0.0065825 0.037235 0.21556 -0.0028896 0.033926 -0.005772 0 0
0 0 0.0090762 0 0 0 0 0 0 0 0 0 0 0.00027298 0.0015442 0.0089397 3.0237e-05 0.0014137 -0.00024511 0 0
-0 -0 -0.28825 0 0 0 0 0 0 0 0 0 0 -0.0086696 -0.049041 -0.28391 -0.007669 -0.044073 0.0078471 0 0
0 0 0.27519 0 0 0 0 0 0 0 0 0 0 0.008277 0.04682 0.27106 -0.0048447 0.042499 -0.0071931 0 0
-0 -0 -0.10972 0 0 0 0 0 0 0 0 0 0 -0.0033 -0.018667 -0.10807 -0.0013933 -0.017024 0.0029831 0 0
0 0 0.15205 0 0 0 0 0 0 0 0 0 0 0.0045733 0.02587 0.14977 -0.0012097 0.023644 -0.0040472 0 0
-0 -0 -0.22976 0 0 0 0 0 0 0 0 0 0 -0.0069106 -0.039091 -0.22631 -0.0050739 -0.035342 0.0062597 0 0
-0 -0 -0.037221 0 0 0 0 0 0 0 0 0 0 -0.0011195 -0.0063326 -0.036661 -0.00026008 -0.0057919 0.0010084 0 0
0 0 0.038289 0 0 0 0 0 0 0 0 0 0 0.0011516 0.0065143 0.037713 3.9179e-05 0.005965 -0.0010316 0 0
0 0 0.073216 0 0 0 0 0 0 0 0 0 0 0.0022021 0.012457 0.072115 -0.00012712 0.011405 -0.0019661 0 0
0 0 0.17999 0 0 0 0 0 0 0 0 0 0 0.0054135 0.030622 0.17728 -0.0018274 0.027957 -0.0047733 0 0
0 0 0.19015 0 0 0 0 0 0 0 0 0 0 0.0057193 0.032352 0.18729 -0.0020826 0.029522 -0.0050359 0 0
-0 -0 -0.071886 0 0 0 0 0 0 0 0 0 0 -0.0021621 -0.01223 -0.070805 -0.00069882 -0.011173 0.0019513 0 0
-0 -0 -0.16414 0 0 0 0 0 0 0 0 0 0 -0.0049368 -0.027926 -0.16167 -0.002785 -0.025383 0.0044695 0 0
-0 -0 -0.26077 0 0 0 0 0 0 0 0 0 0 -0.0078433 -0.044367 -0.25685 -0.0063854 -0.039991 0.0071027 0 0
0 0 0.014436 0 0 0 0 0 0 0 0 0 0 0.00043418 0.002456 0.014218 4.198e-05 0.0022485 -0.00038968 0 0
0 0 0.0805 0 0 0 0 0 0 0 0 0 0 0.0024212 0.013696 0.07929 -0.00018608 0.012539 -0.0021602 0 0
-0 -0 -0.28374 0 0 0 0 0 0 0 0 0 0 -0.0085342 -0.048275 -0.27948 -0.0074508 -0.043406 0.0077252 0 0
-0 -0 -0.13806 0 0 0 0 0 0 0 0 0 0 -0.0041524 -0.023489 -0.13598 -0.0020604 -0.021387 0.0037571 0 0
-0 -0 -0.039565 0 0 0 0 0 0 0 0 0 0 -0.00119 -0.0067314 -0.03897 -0.00028378 -0.0061563 0.0010721 0 0
0 0 0.12282 0 0 0 0 0 0 0 0 0 0 0.003694 0.020896 0.12097 -0.00069409 0.019115 -0.0032806 0 0
0 0 0.24398 0 0 0 0 0 0 0 0 0 0 0.0073383 0.04151 0.24031 -0.0037011 0.037763 -0.0064099 0 0
0 0 0.30043 0 0 0 0 0 0 0 0 0 0 0.0090361 0.051114 0.29591 -0.0058785 0.046302 -0.0078184 0 0
-0 -0 -0.026929 0 0 0 0 0 0 0 0 0 0 -0.00080994 -0.0045816 -0.026524 -0.00016629 -0.0041915 0.00072909 0 0
0 0 0.0025007 0 0 0 0 0 0 0 0 0 0 7.5213e-05 0.00042545 0.0024631 9.63e-06 0.00038946 -6.7566e-05 0 0
-0 -0 -0.33348 0 0 0 0 0 0 0 0 0 0 -0.01003 -0.056737 -0.32846 -0.010029 -0.050712 0.009066 0 0
-0 -0 -0.055079 0 0 0 0 0 0 0 0 0 0 -0.0016566 -0.0093709 -0.05425 -0.00046246 -0.008566 0.0014938 0 0
-0 -0 -0.22674 0 0 0 0 0 0 0 0 0 0 -0.0068196 -0.038576 -0.22333 -0.0049539 -0.034886 0.0061773 0 0
0 0 0.23082 0 0 0 0 0 0 0 0 0 0 0.0069424 0.039271 0.22735 -0.0032639 0.035756 -0.0060766 0 0
0 0 0.074896 0 0 0 0 0 0 0 0 0 0 0.0022527 0.012743 0.07377 -0.00013998 0.011667 -0.0020109 0 0
-0 -0 -0.0073133 0 0 0 0 0 0 0 0 0 0 -0.00021996 -0.0012442 -0.0072033 -3.3833e-05 -0.0011388 0.00019774 0 0
-0 -0 -0.18945 0 0 0 0 0 0 0 0 0 0 -0.0056982 -0.032233 -0.1866 -0.0035893 -0.029242 0.0051607 0 0
0 0 0.1225 0 0 0 0 0 0 0 0 0 0 0.0036845 0.020842 0.12066 -0.00068927 0.019066 -0.0032723 0 0
-0 -0 -0.25994 0 0 0 0 0 0 0 0 0 0 -0.0078182 -0.044225 -0.25603 -0.0063481 -0.039866 0.00708 0 0
-0 -0 -0.10744 0 0 0 0 0 0 0 0 0 0 -0.0032315 -0.018279 -0.10582 -0.0013451 -0.016672 0.0029209 0 0
-0 -0 -0.33809 0 0 0 0 0 0 0 0 0 0 -0.010169 -0.057521 -0.333 -0.010287 -0.051383 0.0091897 0 0
0 0 0.11111 0 0 0 0 0 0 0 0 0 0 0.0033419 0.018904 0.10944 -0.00052534 0.017298 -0.0029719 0 0
0 0 0.16248 0 0 0 0 0 0 0 0 0 0 0.004887 0.027644 0.16004 -0.001426 0.025256 -0.004319 0 0
-0 -0 -0.22474 0 0 0 0 0 0 0 0 0 0 -0.0067594 -0.038236 -0.22136 -0.0048753 -0.034585 0.0061228 0 0
-0 -0 -0.24122 0 0 0 0 0 0 0 0 0 0 -0.0072552 -0.04104 -0.23759 -0.0055414 -0.037064 0.0065714 0 0
0 0 0.085755 0 0 0 0 0 0 0 0 0 0 0.0025793 0.01459 0.084465 -0.00023381 0.013356 -0.0022999 0 0
