-0 -0 -0.015355 0 0 0 0 0 0 0 0 0 0 -0.00046185 -0.0026125 -0.015124 0.00063876 -0.0026574 0.00043952 0 0
-0 -0 -0.21114 0 0 0 0 0 0 0 0 0 0 -0.0063505 -0.035923 -0.20797 0.0051136 -0.037124 0.0062564 0 0
0 0 0.031181 0 0 0 0 0 0 0 0 0 0 0.00093782 0.0053049 0.030712 -0.0014239 0.0053654 -0.0008833 0 0
0 0 0.16926 0 0 0 0 0 0 0 0 0 0 0.005091 0.028798 0.16672 -0.0097352 0.028508 -0.0046271 0 0
0 0 0.091116 0 0 0 0 0 0 0 0 0 0 0.0027405 0.015502 0.089746 -0.0046334 0.015546 -0.0025439 0 0
0 0 0.025397 0 0 0 0 0 0 0 0 0 0 0.00076387 0.004321 0.025015 -0.001147 0.0043735 -0.00072042 0 0
-0 -0 -0.045202 0 0 0 0 0 0 0 0 0 0 -0.0013596 -0.0076906 -0.044523 0.0017617 -0.0078483 0.0013019 0 0
-0 -0 -0.19532 0 0 0 0 0 0 0 0 0 0 -0.0058748 -0.033232 -0.19239 0.005007 -0.034316 0.0057746 0 0
0 0 0.076802 0 0 0 0 0 0 0 0 0 0 0.00231 0.013067 0.075647 -0.0038108 0.013132 -0.002152 0 0
0 0 0.33709 0 0 0 0 0 0 0 0 0 0 0.010139 0.057351 0.33202 -0.024052 0.054802 -0.0087318 0 0
0 0 0.1619 0 0 0 0 0 0 0 0 0 0 0.0048693 0.027544 0.15946 -0.0092105 0.027303 -0.0044349 0 0
-0 -0 -0.22045 0 0 0 0 0 0 0 0 0 0 -0.0066305 -0.037506 -0.21713 0.0051552 -0.038777 0.0065407 0 0
0 0 0.012615 0 0 0 0 0 0 0 0 0 0 0.00037942 0.0021462 0.012425 -0.00055564 0.0021758 -0.00035887 0 0
-0 -0 -0.32314 0 0 0 0 0 0 0 0 0 0 -0.009719 -0.054977 -0.31828 0.004579 -0.057 0.0097059 0 0
0 0 0.22067 0 0 0 0 0 0 0 0 0 0 0.006637 0.037543 0.21735 -0.013643 0.036806 -0.0059411 0 0
0 0 0.076252 0 0 0 0 0 0 0 0 0 0 0.0022934 0.012973 0.075105 -0.0037799 0.013039 -0.0021369 0 0
0 0 0.096913 0 0 0 0 0 0 0 0 0 0 0.0029149 0.016488 0.095456 -0.0049765 0.016521 -0.0027018 0 0
0 0 0.32996 0 0 0 0 0 0 0 0 0 0 0.0099243 0.056138 0.325 -0.023355 0.053736 -0.0085689 0 0
0 0 0.28498 0 0 0 0 0 0 0 0 0 0 0.0085713 0.048485 0.28069 -0.019131 0.046894 -0.0075161 0 0
0 0 0.02596 0 0 0 0 0 0 0 0 0 0 0.00078081 0.0044168 0.02557 -0.0011737 0.0044701 -0.0007363 0 0
0 0 0.24942 0 0 0 0 0 0 0 0 0 0 0.0075019 0.042436 0.24567 -0.016016 0.04136 -0.0066552 0 0
-0 -0 -0.034793 0 0 0 0 0 0 0 0 0 0 -0.0010465 -0.0059196 -0.03427 0.0013879 -0.0060343 0.00099995 0 0
-0 -0 -0.091963 0 0 0 0 0 0 0 0 0 0 -0.002766 -0.015646 -0.09058 0.0032042 -0.016039 0.0026727 0 0
0 0 0.051086 0 0 0 0 0 0 0 0 0 0 0.0015365 0.0086916 0.050318 -0.0024212 0.0087672 -0.0014404 0 0
-0 -0 -0.23129 0 0 0 0 0 0 0 0 0 0 -0.0069565 -0.03935 -0.22781 0.005184 -0.040703 0.0068724 0 0
-0 -0 -0.26543 0 0 0 0 0 0 0 0 0 0 -0.0079834 -0.045159 -0.26144 0.0051365 -0.046768 0.0079215 0 0
0 0 0.25613 0 0 0 0 0 0 0 0 0 0 0.0077037 0.043577 0.25228 -0.016589 0.042412 -0.0068195 0 0
0 0 0.12118 0 0 0 0 0 0 0 0 0 0 0.0036447 0.020617 0.11936 -0.0064745 0.020578 -0.0033569 0 0
-0 -0 -0.025679 0 0 0 0 0 0 0 0 0 0 -0.00077235 -0.0043689 -0.025293 0.0010449 -0.0044492 0.00073661 0 0
0 0 0.027636 0 0 0 0 0 0 0 0 0 0 0.00083122 0.0047019 0.027221 -0.0012535 0.0047577 -0.00078354 0 0
-0 -0 -0.27355 0 0 0 0 0 0 0 0 0 0 -0.0082274 -0.04654 -0.26943 0.0050943 -0.048208 0.0081716 0 0
0 0 0.10087 0 0 0 0 0 0 0 0 0 0 0.0030339 0.017162 0.099355 -0.0052141 0.017185 -0.0028093 0 0
0 0 0.18678 0 0 0 0 0 0 0 0 0 0 0.0056179 0.031778 0.18397 -0.011018 0.031358 -0.0050802 0 0
-0 -0 -0.12376 0 0 0 0 0 0 0 0 0 0 -0.0037223 -0.021056 -0.1219 0.0039626 -0.021641 0.0036172 0 0
-0 -0 -0.30436 0 0 0 0 0 0 0 0 0 0 -0.0091542 -0.051782 -0.29978 0.0048261 -0.053674 0.0091239 0 0
0 0 0.13762 0 0 0 0 0 0 0 0 0 0 0.0041391 0.023414 0.13555 -0.0075458 0.023307 -0.0037954 0 0
0 0 0.14984 0 0 0 0 0 0 0 0 0 0 0.0045066 0.025492 0.14758 -0.0083713 0.025323 -0.0041185 0 0
0 0 0.040372 0 0 0 0 0 0 0 0 0 0 0.0012143 0.0068686 0.039764 -0.0018758 0.0069384 -0.0011412 0 0
-0 -0 -0.17555 0 0 0 0 0 0 0 0 0 0 -0.00528 -0.029867 -0.17291 0.0048104 -0.030807 0.0051746 0 0
-0 -0 -0.037333 0 0 0 0 0 0 0 0 0 0 -0.0011229 -0.0063517 -0.036771 0.0014809 -0.0064766 0.0010735 0 0
-0 -0 -0.09894 0 0 0 0 0 0 0 0 0 0 -0.0029758 -0.016833 -0.097452 0.0033861 -0.017267 0.0028791 0 0
0 0 0.25029 0 0 0 0 0 0 0 0 0 0 0.0075279 0.042583 0.24652 -0.016089 0.041496 -0.0066764 0 0
0 0 0.24239 0 0 0 0 0 0 0 0 0 0 0.0072904 0.041239 0.23874 -0.015423 0.040252 -0.0064819 0 0
-0 -0 -0.039157 0 0 0 0 0 0 0 0 0 0 -0.0011777 -0.006662 -0.038568 0.001547 -0.0067943 0.0011264 0 0
0 0 0.19894 0 0 0 0 0 0 0 0 0 0 0.0059835 0.033846 0.19595 -0.011938 0.033323 -0.0053914 0 0
-0 -0 -0.34727 0 0 0 0 0 0 0 0 0 0 -0.010445 -0.059084 -0.34205 0.0041683 -0.061266 0.010455 0 0
-0 -0 -0.074251 0 0 0 0 0 0 0 0 0 0 -0.0022332 -0.012633 -0.073134 0.0027035 -0.012929 0.0021507 0 0
0 0 0.25478 0 0 0 0 0 0 0 0 0 0 0.0076632 0.043348 0.25095 -0.016473 0.042201 -0.0067865 0 0
0 0 0.0088591 0 0 0 0 0 0 0 0 0 0 0.00026646 0.0015072 0.0087258 -0.0003873 0.0015287 -0.00025224 0 0
-0 -0 -0.11474 0 0 0 0 0 0 0 0 0 0 -0.0034509 -0.019521 -0.11301 0.0037658 -0.02005 0.0033483 0 0
0 0 0.27894 0 0 0 0 0 0 0 0 0 0 0.0083898 0.047459 0.27475 -0.018589 0.045963 -0.0073717 0 0
-0 -0 -0.14939 0 0 0 0 0 0 0 0 0 0 -0.0044931 -0.025416 -0.14714 0.0044423 -0.026172 0.0043851 0 0
-0 -0 -0.13948 0 0 0 0 0 0 0 0 0 0 -0.0041952 -0.023731 -0.13738 0.0042708 -0.024419 0.0040876 0 0
-0 -0 -0.0019001 0 0 0 0 0 0 0 0 0 0 -5.7149e-05 -0.00032327 -0.0018715 8.1281e-05 -0.00032831 5.4228e-05 0 0
-0 -0 -0.01099 0 0 0 0 0 0 0 0 0 0 -0.00033056 -0.0018699 -0.010825 0.00046139 -0.001901 0.00031428 0 0
0 0 0.33201 0 0 0 0 0 0 0 0 0 0 0.0099859 0.056487 0.32702 -0.023555 0.054043 -0.0086159 0 0
0 0 0.11862 0 0 0 0 0 0 0 0 0 0 0.0035677 0.020181 0.11683 -0.0063117 0.020152 -0.0032882 0 0
0 0 0.29061 0 0 0 0 0 0 0 0 0 0 0.0087408 0.049444 0.28624 -0.019643 0.047762 -0.0076502 0 0
0 0 0.28164 0 0 0 0 0 0 0 0 0 0 0.0084709 0.047917 0.2774 -0.01883 0.046379 -0.0074363 0 0
0 0 0.13071 0 0 0 0 0 0 0 0 0 0 0.0039313 0.022238 0.12874 -0.0070899 0.022162 -0.0036116 0 0
-0 -0 -0.29262 0 0 0 0 0 0 0 0 0 0 -0.0088012 -0.049786 -0.28822 0.0049484 -0.051593 0.0087608 0 0
-0 -0 -0.091273 0 0 0 0 0 0 0 0 0 0 -0.0027452 -0.015529 -0.089901 0.0031857 -0.015918 0.0026523 0 0
0 0 0.22619 0 0 0 0 0 0 0 0 0 0 0.0068032 0.038483 0.22279 -0.014089 0.037686 -0.0060795 0 0
0 0 0.14218 0 0 0 0 0 0 0 0 0 0 0.0042763 0.02419 0.14004 -0.007851 0.02406 -0.0039163 0 0
-0 -0 -0.0054112 0 0 0 0 0 0 0 0 0 0 -0.00016275 -0.00092064 -0.0053298 0.00022981 -0.00093538 0.00015455 0 0
0 0 0.163 0 0 0 0 0 0 0 0 0 0 0.0049025 0.027732 0.16055 -0.0092885 0.027484 -0.0044638 0 0
0 0 0.025116 0 0 0 0 0 0 0 0 0 0 0.00075541 0.0042731 0.024738 -0.0011337 0.0043252 -0.00071249 0 0
-0 -0 -0.12264 0 0 0 0 0 0 0 0 0 0 -0.0036887 -0.020866 -0.1208 0.003939 -0.021444 0.0035839 0 0
0 0 0.18299 0 0 0 0 0 0 0 0 0 0 0.0055038 0.031133 0.18024 -0.010736 0.030743 -0.0049826 0 0
-0 -0 -0.186 0 0 0 0 0 0 0 0 0 0 -0.0055945 -0.031646 -0.18321 0.0049231 -0.032662 0.0054915 0 0
-0 -0 -0.00439 0 0 0 0 0 0 0 0 0 0 -0.00013204 -0.0007469 -0.004324 0.00018684 -0.00075876 0.00012536 0 0
-0 -0 -0.1435 0 0 0 0 0 0 0 0 0 0 -0.0043161 -0.024415 -0.14134 0.0043425 -0.02513 0.0042082 0 0
-0 -0 -0.050067 0 0 0 0 0 0 0 0 0 0 -0.0015059 -0.0085181 -0.049314 0.0019299 -0.0086972 0.0014434 0 0
-0 -0 -0.12644 0 0 0 0 0 0 0 0 0 0 -0.0038031 -0.021513 -0.12454 0.0040184 -0.022116 0.0036974 0 0
0 0 0.038115 0 0 0 0 0 0 0 0 0 0 0.0011464 0.0064847 0.037542 -0.0017635 0.0065526 -0.001078 0 0
-0 -0 -0.14831 0 0 0 0 0 0 0 0 0 0 -0.0044608 -0.025234 -0.14608 0.0044246 -0.025982 0.0043529 0 0
0 0 0.092952 0 0 0 0 0 0 0 0 0 0 0.0027957 0.015814 0.091554 -0.0047414 0.015855 -0.002594 0 0
0 0 0.10661 0 0 0 0 0 0 0 0 0 0 0.0032065 0.018138 0.10501 -0.0055632 0.018147 -0.0029646 0 0
-0 -0 -0.28133 0 0 0 0 0 0 0 0 0 0 -0.0084617 -0.047865 -0.2771 0.0050427 -0.04959 0.008412 0 0
-0 -0 -0.10602 0 0 0 0 0 0 0 0 0 0 -0.0031889 -0.018039 -0.10443 0.0035619 -0.018514 0.0030892 0 0
-0 -0 -0.14444 0 0 0 0 0 0 0 0 0 0 -0.0043442 -0.024574 -0.14226 0.0043588 -0.025296 0.0042364 0 0
-0 -0 -0.2272 0 0 0 0 0 0 0 0 0 0 -0.0068335 -0.038655 -0.22378 0.0051757 -0.039976 0.0067472 0 0
-0 -0 -0.057452 0 0 0 0 0 0 0 0 0 0 -0.001728 -0.0097747 -0.056588 0.0021771 -0.0099877 0.0016587 0 0
0 0 0.071201 0 0 0 0 0 0 0 0 0 0 0.0021415 0.012114 0.07013 -0.0034985 0.012184 -0.0019978 0 0
0 0 0.23014 0 0 0 0 0 0 0 0 0 0 0.0069221 0.039156 0.22668 -0.014411 0.038314 -0.0061781 0 0
-0 -0 -0.29488 0 0 0 0 0 0 0 0 0 0 -0.0088692 -0.05017 -0.29045 0.0049268 -0.051994 0.0088307 0 0
0 0 0.26786 0 0 0 0 0 0 0 0 0 0 0.0080563 0.045572 0.26383 -0.017606 0.044243 -0.0071046 0 0
0 0 0.10607 0 0 0 0 0 0 0 0 0 0 0.0031902 0.018046 0.10447 -0.00553 0.018056 -0.00295 0 0
-0 -0 -0.2351 0 0 0 0 0 0 0 0 0 0 -0.0070712 -0.039999 -0.23157 0.0051892 -0.04138 0.0069893 0 0
-0 -0 -0.18734 0 0 0 0 0 0 0 0 0 0 -0.0056348 -0.031874 -0.18453 0.0049361 -0.032899 0.0055321 0 0
0 0 0.21229 0 0 0 0 0 0 0 0 0 0 0.0063851 0.036118 0.2091 -0.012977 0.035468 -0.0057302 0 0
0 0 0.077131 0 0 0 0 0 0 0 0 0 0 0.0023199 0.013123 0.075971 -0.0038293 0.013188 -0.002161 0 0
-0 -0 -0.21831 0 0 0 0 0 0 0 0 0 0 -0.0065662 -0.037143 -0.21503 0.005147 -0.038398 0.0064754 0 0
-0 -0 -0.046089 0 0 0 0 0 0 0 0 0 0 -0.0013862 -0.0078414 -0.045396 0.0017927 -0.008003 0.0013276 0 0
0 0 0.26479 0 0 0 0 0 0 0 0 0 0 0.0079641 0.04505 0.26081 -0.017338 0.043765 -0.0070302 0 0
-0 -0 -0.12796 0 0 0 0 0 0 0 0 0 0 -0.0038486 -0.021771 -0.12604 0.0040493 -0.022383 0.0037427 0 0
0 0 0.054858 0 0 0 0 0 0 0 0 0 0 0.00165 0.0093333 0.054033 -0.0026179 0.0094095 -0.0015454 0 0
0 0 0.058938 0 0 0 0 0 0 0 0 0 0 0.0017727 0.010028 0.058052 -0.0028334 0.010104 -0.0016587 0 0
-0 -0 -0.24966 0 0 0 0 0 0 0 0 0 0 -0.0075091 -0.042476 -0.24591 0.0051846 -0.043967 0.0074362 0 0
-0 -0 -0.080438 0 0 0 0 0 0 0 0 0 0 -0.0024193 -0.013685 -0.079228 0.0028847 -0.014015 0.0023327 0 0
