0 0 0.13944 0 0 0 0 0 0 0 0 0 0 0.0021131 0.024091 0.13733 0.0014454 0.013646 -0.002416 0 0
-0 -0 -0.14394 0 0 0 0 0 0 0 0 0 0 -0.0021812 -0.024868 -0.14176 -0.0034967 -0.013731 0.0024626 0 0
-0 -0 -0.16982 0 0 0 0 0 0 0 0 0 0 -0.0025734 -0.029339 -0.16725 -0.0043366 -0.01614 0.0028981 0 0
0 0 0.20905 0 0 0 0 0 0 0 0 0 0 0.0031678 0.036116 0.20588 0.0014413 0.0205 -0.0036183 0 0
-0 -0 -0.20805 0 0 0 0 0 0 0 0 0 0 -0.0031528 -0.035945 -0.2049 -0.0056924 -0.019657 0.0035359 0 0
-0 -0 -0.32056 0 0 0 0 0 0 0 0 0 0 -0.0048576 -0.055381 -0.3157 -0.010461 -0.029674 0.0053666 0 0
-0 -0 -0.087205 0 0 0 0 0 0 0 0 0 0 -0.0013215 -0.015066 -0.085883 -0.0018789 -0.0083798 0.0014989 0 0
0 0 0.13667 0 0 0 0 0 0 0 0 0 0 0.0020711 0.023612 0.1346 0.0014355 0.013373 -0.002368 0 0
0 0 0.20245 0 0 0 0 0 0 0 0 0 0 0.0030679 0.034977 0.19938 0.0014624 0.019851 -0.0035048 0 0
-0 -0 -0.21862 0 0 0 0 0 0 0 0 0 0 -0.0033128 -0.037769 -0.2153 -0.006091 -0.020619 0.0037109 0 0
0 0 0.0094133 0 0 0 0 0 0 0 0 0 0 0.00014265 0.0016263 0.0092707 0.00015826 0.00091355 -0.0001627 0 0
0 0 0.31814 0 0 0 0 0 0 0 0 0 0 0.004821 0.054964 0.31332 0.00046206 0.031199 -0.0054802 0 0
-0 -0 -0.31836 0 0 0 0 0 0 0 0 0 0 -0.0048243 -0.055001 -0.31353 -0.010356 -0.029484 0.0053316 0 0
0 0 0.33617 0 0 0 0 0 0 0 0 0 0 0.0050942 0.058079 0.33108 0.00018641 0.032955 -0.0057839 0 0
-0 -0 -0.1034 0 0 0 0 0 0 0 0 0 0 -0.0015669 -0.017864 -0.10183 -0.0023092 -0.0099162 0.0017751 0 0
-0 -0 -0.22711 0 0 0 0 0 0 0 0 0 0 -0.0034416 -0.039237 -0.22367 -0.0064191 -0.02139 0.0038512 0 0
-0 -0 -0.29328 0 0 0 0 0 0 0 0 0 0 -0.0044443 -0.050669 -0.28884 -0.0091999 -0.027296 0.0049299 0 0
0 0 0.18743 0 0 0 0 0 0 0 0 0 0 0.0028403 0.032382 0.18459 0.0014944 0.018372 -0.0032458 0 0
-0 -0 -0.011989 0 0 0 0 0 0 0 0 0 0 -0.00018168 -0.0020713 -0.011807 -0.0002142 -0.0011613 0.00020702 0 0
-0 -0 -0.33683 0 0 0 0 0 0 0 0 0 0 -0.0051042 -0.058192 -0.33172 -0.011244 -0.031077 0.0056247 0 0
-0 -0 -0.17624 0 0 0 0 0 0 0 0 0 0 -0.0026707 -0.030448 -0.17357 -0.0045546 -0.016734 0.0030056 0 0
0 0 0.063281 0 0 0 0 0 0 0 0 0 0 0.00095894 0.010933 0.062322 0.00089543 0.0061668 -0.0010956 0 0
0 0 0.28296 0 0 0 0 0 0 0 0 0 0 0.0042879 0.048886 0.27867 0.00090718 0.027761 -0.0048839 0 0
0 0 0.20117 0 0 0 0 0 0 0 0 0 0 0.0030484 0.034755 0.19812 0.0014661 0.019724 -0.0034826 0 0
-0 -0 -0.19829 0 0 0 0 0 0 0 0 0 0 -0.0030048 -0.034257 -0.19528 -0.0053331 -0.018764 0.0033736 0 0
0 0 0.17791 0 0 0 0 0 0 0 0 0 0 0.002696 0.030737 0.17522 0.001503 0.017434 -0.0030814 0 0
0 0 0.29032 0 0 0 0 0 0 0 0 0 0 0.0043995 0.050158 0.28592 0.00082418 0.028482 -0.0050091 0 0
0 0 0.34856 0 0 0 0 0 0 0 0 0 0 0.0052819 0.060219 0.34328 -2.1552e-05 0.034158 -0.0059918 0 0
0 0 0.18069 0 0 0 0 0 0 0 0 0 0 0.0027381 0.031217 0.17795 0.0015014 0.017707 -0.0031294 0 0
-0 -0 -0.02607 0 0 0 0 0 0 0 0 0 0 -0.00039505 -0.004504 -0.025675 -0.00048381 -0.0025218 0.00044983 0 0
-0 -0 -0.25498 0 0 0 0 0 0 0 0 0 0 -0.003864 -0.044053 -0.25112 -0.007542 -0.0239 0.0043087 0 0
-0 -0 -0.052359 0 0 0 0 0 0 0 0 0 0 -0.00079344 -0.0090459 -0.051566 -0.0010391 -0.0050513 0.0009021 0 0
-0 -0 -0.06638 0 0 0 0 0 0 0 0 0 0 -0.0010059 -0.011468 -0.065374 -0.0013629 -0.006394 0.0011426 0 0
-0 -0 -0.085229 0 0 0 0 0 0 0 0 0 0 -0.0012915 -0.014725 -0.083937 -0.0018282 -0.0081919 0.0014652 0 0
0 0 0.017084 0 0 0 0 0 0 0 0 0 0 0.00025889 0.0029516 0.016825 0.00028077 0.0016591 -0.00029536 0 0
0 0 0.11233 0 0 0 0 0 0 0 0 0 0 0.0017023 0.019407 0.11063 0.0013159 0.010979 -0.0019462 0 0
0 0 0.24626 0 0 0 0 0 0 0 0 0 0 0.0037317 0.042545 0.24253 0.0012405 0.02416 -0.0042573 0 0
-0 -0 -0.30396 0 0 0 0 0 0 0 0 0 0 -0.0046062 -0.052515 -0.29936 -0.0096858 -0.028231 0.0051015 0 0
-0 -0 -0.19706 0 0 0 0 0 0 0 0 0 0 -0.0029862 -0.034046 -0.19408 -0.0052887 -0.018651 0.0033533 0 0
0 0 0.19909 0 0 0 0 0 0 0 0 0 0 0.003017 0.034396 0.19607 0.0014716 0.01952 -0.0034469 0 0
-0 -0 -0.030408 0 0 0 0 0 0 0 0 0 0 -0.00046079 -0.0052534 -0.029947 -0.00057079 -0.0029402 0.00052456 0 0
0 0 0.0096719 0 0 0 0 0 0 0 0 0 0 0.00014657 0.001671 0.0095253 0.00016249 0.00093867 -0.00016717 0 0
-0 -0 -0.31777 0 0 0 0 0 0 0 0 0 0 -0.0048154 -0.0549 -0.31295 -0.010329 -0.029433 0.0053222 0 0
-0 -0 -0.201 0 0 0 0 0 0 0 0 0 0 -0.0030458 -0.034725 -0.19795 -0.0054319 -0.019012 0.0034187 0 0
0 0 0.34183 0 0 0 0 0 0 0 0 0 0 0.00518 0.059056 0.33665 9.3306e-05 0.033505 -0.005879 0 0
-0 -0 -0.11713 0 0 0 0 0 0 0 0 0 0 -0.0017749 -0.020236 -0.11535 -0.0026937 -0.011214 0.0020086 0 0
0 0 0.070917 0 0 0 0 0 0 0 0 0 0 0.0010747 0.012252 0.069842 0.00097663 0.0069144 -0.001228 0 0
0 0 0.026077 0 0 0 0 0 0 0 0 0 0 0.00039517 0.0045053 0.025682 0.00041699 0.0025343 -0.00045099 0 0
-0 -0 -0.21275 0 0 0 0 0 0 0 0 0 0 -0.0032239 -0.036755 -0.20952 -0.0058682 -0.020085 0.0036137 0 0
0 0 0.24744 0 0 0 0 0 0 0 0 0 0 0.0037496 0.042749 0.24369 0.0012319 0.024276 -0.0042775 0 0
0 0 0.14201 0 0 0 0 0 0 0 0 0 0 0.0021519 0.024534 0.13985 0.0014538 0.013898 -0.0024604 0 0
0 0 0.15426 0 0 0 0 0 0 0 0 0 0 0.0023376 0.026651 0.15192 0.0014851 0.015104 -0.0026725 0 0
0 0 0.1543 0 0 0 0 0 0 0 0 0 0 0.0023383 0.026659 0.15197 0.0014852 0.015109 -0.0026733 0 0
0 0 0.19088 0 0 0 0 0 0 0 0 0 0 0.0028926 0.032978 0.18799 0.0014891 0.018711 -0.0033053 0 0
0 0 0.088502 0 0 0 0 0 0 0 0 0 0 0.0013411 0.01529 0.087161 0.0011416 0.0086384 -0.001533 0 0
0 0 0.0036312 0 0 0 0 0 0 0 0 0 0 5.5027e-05 0.00062736 0.0035762 6.2086e-05 0.00035223 -6.2745e-05 0 0
0 0 0.073239 0 0 0 0 0 0 0 0 0 0 0.0011098 0.012653 0.072129 0.0010002 0.0071419 -0.0012683 0 0
-0 -0 -0.022323 0 0 0 0 0 0 0 0 0 0 -0.00033828 -0.0038567 -0.021985 -0.00041018 -0.0021602 0.00038526 0 0
0 0 0.19899 0 0 0 0 0 0 0 0 0 0 0.0030154 0.034378 0.19597 0.0014718 0.01951 -0.0034451 0 0
0 0 0.29119 0 0 0 0 0 0 0 0 0 0 0.0044127 0.050308 0.28678 0.00081403 0.028567 -0.0050238 0 0
-0 -0 -0.0012325 0 0 0 0 0 0 0 0 0 0 -1.8676e-05 -0.00021293 -0.0012138 -2.1368e-05 -0.0001195 2.1292e-05 0 0
-0 -0 -0.15448 0 0 0 0 0 0 0 0 0 0 -0.002341 -0.026689 -0.15214 -0.0038312 -0.014715 0.0026403 0 0
0 0 0.011632 0 0 0 0 0 0 0 0 0 0 0.00017627 0.0020097 0.011456 0.0001943 0.0011291 -0.00020106 0 0
-0 -0 -0.20372 0 0 0 0 0 0 0 0 0 0 -0.0030872 -0.035197 -0.20064 -0.005532 -0.019261 0.003464 0 0
-0 -0 -0.13713 0 0 0 0 0 0 0 0 0 0 -0.002078 -0.023691 -0.13505 -0.0032861 -0.013093 0.0023474 0 0
-0 -0 -0.26641 0 0 0 0 0 0 0 0 0 0 -0.0040371 -0.046027 -0.26237 -0.0080228 -0.02492 0.004495 0 0
0 0 0.13692 0 0 0 0 0 0 0 0 0 0 0.0020748 0.023654 0.13484 0.0014364 0.013397 -0.0023722 0 0
0 0 0.3032 0 0 0 0 0 0 0 0 0 0 0.0045947 0.052383 0.29861 0.00066605 0.029741 -0.0052276 0 0
-0 -0 -0.032544 0 0 0 0 0 0 0 0 0 0 -0.00049317 -0.0056225 -0.032051 -0.0006143 -0.0031461 0.00056135 0 0
0 0 0.024069 0 0 0 0 0 0 0 0 0 0 0.00036474 0.0041584 0.023705 0.00038727 0.0023388 -0.00041624 0 0
0 0 0.30165 0 0 0 0 0 0 0 0 0 0 0.0045711 0.052114 0.29707 0.00068605 0.029589 -0.0052012 0 0
0 0 0.038626 0 0 0 0 0 0 0 0 0 0 0.00058533 0.0066733 0.038041 0.0005937 0.0037575 -0.00066829 0 0
0 0 0.24822 0 0 0 0 0 0 0 0 0 0 0.0037615 0.042885 0.24446 0.001226 0.024353 -0.004291 0 0
-0 -0 -0.13005 0 0 0 0 0 0 0 0 0 0 -0.0019707 -0.022468 -0.12808 -0.003072 -0.012429 0.0022276 0 0
0 0 0.28712 0 0 0 0 0 0 0 0 0 0 0.004351 0.049605 0.28277 0.00086095 0.028168 -0.0049546 0 0
0 0 0.21217 0 0 0 0 0 0 0 0 0 0 0.0032151 0.036655 0.20895 0.0014298 0.020807 -0.003672 0 0
0 0 0.2447 0 0 0 0 0 0 0 0 0 0 0.003708 0.042275 0.24099 0.0012517 0.024006 -0.0042306 0 0
0 0 0.34017 0 0 0 0 0 0 0 0 0 0 0.0051549 0.058771 0.33502 0.00012086 0.033344 -0.0058512 0 0
-0 -0 -0.02232 0 0 0 0 0 0 0 0 0 0 -0.00033823 -0.0038562 -0.021982 -0.00041012 -0.0021599 0.00038521 0 0
0 0 0.092602 0 0 0 0 0 0 0 0 0 0 0.0014033 0.015998 0.091198 0.0011756 0.0090407 -0.0016041 0 0
-0 -0 -0.091567 0 0 0 0 0 0 0 0 0 0 -0.0013876 -0.01582 -0.090179 -0.0019923 -0.0087944 0.0015734 0 0
0 0 0.16996 0 0 0 0 0 0 0 0 0 0 0.0025755 0.029363 0.16738 0.0015032 0.01665 -0.002944 0 0
-0 -0 -0.16266 0 0 0 0 0 0 0 0 0 0 -0.002465 -0.028103 -0.1602 -0.004098 -0.015476 0.0027779 0 0
0 0 0.044375 0 0 0 0 0 0 0 0 0 0 0.00067245 0.0076666 0.043703 0.00066945 0.0043186 -0.0007679 0 0
0 0 0.16673 0 0 0 0 0 0 0 0 0 0 0.0025266 0.028806 0.16421 0.0015015 0.016333 -0.0028883 0 0
-0 -0 -0.21404 0 0 0 0 0 0 0 0 0 0 -0.0032435 -0.036979 -0.2108 -0.005917 -0.020203 0.0036351 0 0
0 0 0.074749 0 0 0 0 0 0 0 0 0 0 0.0011327 0.012914 0.073617 0.0010152 0.0072899 -0.0012944 0 0
-0 -0 -0.19167 0 0 0 0 0 0 0 0 0 0 -0.0029046 -0.033115 -0.18877 -0.0050948 -0.018157 0.0032635 0 0
0 0 0.14814 0 0 0 0 0 0 0 0 0 0 0.0022449 0.025594 0.14589 0.0014713 0.014502 -0.0025666 0 0
0 0 0.23187 0 0 0 0 0 0 0 0 0 0 0.0035137 0.04006 0.22836 0.0013345 0.022746 -0.0040107 0 0
-0 -0 -0.22757 0 0 0 0 0 0 0 0 0 0 -0.0034486 -0.039317 -0.22413 -0.0064372 -0.021432 0.0038588 0 0
-0 -0 -0.031641 0 0 0 0 0 0 0 0 0 0 -0.00047948 -0.0054666 -0.031162 -0.00059586 -0.0030591 0.00054581 0 0
-0 -0 -0.088906 0 0 0 0 0 0 0 0 0 0 -0.0013473 -0.01536 -0.087558 -0.0019229 -0.0085415 0.001528 0 0
0 0 0.074627 0 0 0 0 0 0 0 0 0 0 0.0011309 0.012893 0.073496 0.001014 0.0072778 -0.0012923 0 0
-0 -0 -0.21145 0 0 0 0 0 0 0 0 0 0 -0.0032043 -0.036532 -0.20825 -0.0058196 -0.019967 0.0035923 0 0
-0 -0 -0.077085 0 0 0 0 0 0 0 0 0 0 -0.0011681 -0.013318 -0.075916 -0.0016229 -0.0074161 0.0013259 0 0
-0 -0 -0.23383 0 0 0 0 0 0 0 0 0 0 -0.0035434 -0.040398 -0.23029 -0.0066833 -0.021998 0.0039619 0 0
-0 -0 -0.016365 0 0 0 0 0 0 0 0 0 0 -0.00024799 -0.0028274 -0.016117 -0.00029591 -0.0015845 0.00028252 0 0
-0 -0 -0.034083 0 0 0 0 0 0 0 0 0 0 -0.00051649 -0.0058884 -0.033567 -0.00064592 -0.0032943 0.00058785 0 0
-0 -0 -0.24592 0 0 0 0 0 0 0 0 0 0 -0.0037266 -0.042486 -0.24219 -0.0071689 -0.023087 0.0041604 0 0
