0 0 0 0.17949 0 0 0 0 0 0 0 0.16869 -0.061075 0.0053985 0 0
0 0 0 0.11486 0 0 0 0 0 0 0 0.10795 -0.039082 0.0034545 0 0
0 0 0 0.097386 0 0 0 0 0 0 0 0.091528 -0.033138 0.0029291 0 0
-0 -0 -0 0.07039 0 0 0 0 0 0 0 0.066155 -0.023952 0.0021171 0 0
-0 -0 -0 0.13059 0 0 0 0 0 0 0 0.12274 -0.044437 0.0039279 0 0
-0 -0 -0 0.004533 0 0 0 0 0 0 0 0.0042604 -0.0015425 0.00013634 0 0
-0 -0 -0 0.10244 0 0 0 0 0 0 0 0.096276 -0.034857 0.003081 0 0
-0 -0 -0 0.15868 0 0 0 0 0 0 0 0.14913 -0.053994 0.0047726 0 0
0 0 0 0.1299 0 0 0 0 0 0 0 0.12209 -0.044202 0.0039071 0 0
-0 -0 -0 0.013803 0 0 0 0 0 0 0 0.012973 -0.0046968 0.00041516 0 0
0 0 0 0.12106 0 0 0 0 0 0 0 0.11378 -0.041193 0.0036411 0 0
0 0 0 0.032591 0 0 0 0 0 0 0 0.03063 -0.01109 0.00098023 0 0
-0 -0 -0 0.017981 0 0 0 0 0 0 0 0.0169 -0.0061186 0.00054083 0 0
0 0 0 0.18085 0 0 0 0 0 0 0 0.16997 -0.061539 0.0054395 0 0
-0 -0 -0 0.12258 0 0 0 0 0 0 0 0.11521 -0.041711 0.0036869 0 0
0 0 0 0.18959 0 0 0 0 0 0 0 0.17818 -0.064511 0.0057022 0 0
0 0 0 0.11121 0 0 0 0 0 0 0 0.10452 -0.037843 0.003345 0 0
-0 -0 -0 0.18309 0 0 0 0 0 0 0 0.17208 -0.062302 0.0055069 0 0
-0 -0 -0 0.021955 0 0 0 0 0 0 0 0.020634 -0.0074706 0.00066033 0 0
-0 -0 -0 0.15601 0 0 0 0 0 0 0 0.14662 -0.053085 0.0046923 0 0
0 0 0 0.024631 0 0 0 0 0 0 0 0.023149 -0.0083813 0.00074083 0 0
0 0 0 0.035516 0 0 0 0 0 0 0 0.033379 -0.012085 0.0010682 0 0
0 0 0 0.075922 0 0 0 0 0 0 0 0.071355 -0.025834 0.0022835 0 0
-0 -0 -0 0.11524 0 0 0 0 0 0 0 0.10831 -0.039212 0.003466 0 0
0 0 0 0.14535 0 0 0 0 0 0 0 0.13661 -0.04946 0.0043718 0 0
0 0 0 0.1924 0 0 0 0 0 0 0 0.18083 -0.065469 0.0057869 0 0
0 0 0 0.0025254 0 0 0 0 0 0 0 0.0023735 -0.00085932 7.5956e-05 0 0
-0 -0 -0 0.14736 0 0 0 0 0 0 0 0.13849 -0.050141 0.004432 0 0
-0 -0 -0 0.047654 0 0 0 0 0 0 0 0.044787 -0.016215 0.0014333 0 0
-0 -0 -0 0.14803 0 0 0 0 0 0 0 0.13912 -0.05037 0.0044522 0 0
-0 -0 -0 0.11539 0 0 0 0 0 0 0 0.10845 -0.039264 0.0034706 0 0
-0 -0 -0 0.073594 0 0 0 0 0 0 0 0.069167 -0.025042 0.0022135 0 0
0 0 0 0.041362 0 0 0 0 0 0 0 0.038874 -0.014074 0.0012441 0 0
-0 -0 -0 0.17907 0 0 0 0 0 0 0 0.1683 -0.060933 0.005386 0 0
-0 -0 -0 0.12119 0 0 0 0 0 0 0 0.1139 -0.041237 0.003645 0 0
0 0 0 0.10356 0 0 0 0 0 0 0 0.097331 -0.035239 0.0031148 0 0
0 0 0 0.15032 0 0 0 0 0 0 0 0.14128 -0.05115 0.0045212 0 0
-0 -0 -0 0.17736 0 0 0 0 0 0 0 0.16669 -0.060351 0.0053345 0 0
-0 -0 -0 0.058954 0 0 0 0 0 0 0 0.055408 -0.020061 0.0017732 0 0
0 0 0 0.11755 0 0 0 0 0 0 0 0.11048 -0.039999 0.0035356 0 0
-0 -0 -0 0.094446 0 0 0 0 0 0 0 0.088764 -0.032137 0.0028406 0 0
-0 -0 -0 0.12648 0 0 0 0 0 0 0 0.11888 -0.043039 0.0038043 0 0
-0 -0 -0 0.089037 0 0 0 0 0 0 0 0.083681 -0.030297 0.002678 0 0
0 0 0 0.068571 0 0 0 0 0 0 0 0.064446 -0.023333 0.0020624 0 0
-0 -0 -0 0.14994 0 0 0 0 0 0 0 0.14092 -0.05102 0.0045097 0 0
0 0 0 0.17812 0 0 0 0 0 0 0 0.1674 -0.060608 0.0053572 0 0
-0 -0 -0 0.17714 0 0 0 0 0 0 0 0.16648 -0.060276 0.0053278 0 0
0 0 0 0.039786 0 0 0 0 0 0 0 0.037393 -0.013538 0.0011966 0 0
-0 -0 -0 0.18736 0 0 0 0 0 0 0 0.17609 -0.063753 0.0056352 0 0
0 0 0 0.1237 0 0 0 0 0 0 0 0.11626 -0.042091 0.0037205 0 0
0 0 0 0.081917 0 0 0 0 0 0 0 0.07699 -0.027874 0.0024638 0 0
0 0 0 0.045212 0 0 0 0 0 0 0 0.042492 -0.015384 0.0013598 0 0
0 0 0 0.0056628 0 0 0 0 0 0 0 0.0053222 -0.0019269 0.00017032 0 0
-0 -0 -0 0.12578 0 0 0 0 0 0 0 0.11821 -0.042799 0.003783 0 0
0 0 0 0.12528 0 0 0 0 0 0 0 0.11774 -0.042628 0.003768 0 0
-0 -0 -0 0.038912 0 0 0 0 0 0 0 0.036571 -0.013241 0.0011703 0 0
0 0 0 0.13252 0 0 0 0 0 0 0 0.12455 -0.045092 0.0039858 0 0
-0 -0 -0 0.018855 0 0 0 0 0 0 0 0.017721 -0.0064159 0.00056711 0 0
0 0 0 0.01233 0 0 0 0 0 0 0 0.011588 -0.0041954 0.00037084 0 0
-0 -0 -0 0.065632 0 0 0 0 0 0 0 0.061684 -0.022333 0.001974 0 0
-0 -0 -0 0.0095322 0 0 0 0 0 0 0 0.0089588 -0.0032435 0.0002867 0 0
0 0 0 0.1016 0 0 0 0 0 0 0 0.095493 -0.034573 0.003056 0 0
0 0 0 0.15147 0 0 0 0 0 0 0 0.14236 -0.051542 0.0045559 0 0
0 0 0 0.17884 0 0 0 0 0 0 0 0.16808 -0.060853 0.0053789 0 0
0 0 0 0.090743 0 0 0 0 0 0 0 0.085284 -0.030877 0.0027293 0 0
-0 -0 -0 0.036874 0 0 0 0 0 0 0 0.034656 -0.012547 0.0011091 0 0
-0 -0 -0 0.17074 0 0 0 0 0 0 0 0.16047 -0.058099 0.0051354 0 0
0 0 0 0.11822 0 0 0 0 0 0 0 0.11111 -0.040228 0.0035558 0 0
0 0 0 0.11715 0 0 0 0 0 0 0 0.11011 -0.039864 0.0035236 0 0
-0 -0 -0 0.033802 0 0 0 0 0 0 0 0.031768 -0.011502 0.0010167 0 0
-0 -0 -0 0.0066856 0 0 0 0 0 0 0 0.0062834 -0.0022749 0.00020108 0 0
-0 -0 -0 0.12611 0 0 0 0 0 0 0 0.11852 -0.04291 0.0037929 0 0
-0 -0 -0 0.077594 0 0 0 0 0 0 0 0.072927 -0.026403 0.0023338 0 0
0 0 0 0.13887 0 0 0 0 0 0 0 0.13052 -0.047254 0.0041769 0 0
0 0 0 0.16195 0 0 0 0 0 0 0 0.15221 -0.055108 0.004871 0 0
-0 -0 -0 0.13985 0 0 0 0 0 0 0 0.13144 -0.047587 0.0042063 0 0
0 0 0 0.056919 0 0 0 0 0 0 0 0.053495 -0.019368 0.001712 0 0
0 0 0 0.03099 0 0 0 0 0 0 0 0.029126 -0.010545 0.00093209 0 0
0 0 0 0.19868 0 0 0 0 0 0 0 0.18673 -0.067604 0.0059756 0 0
-0 -0 -0 0.081001 0 0 0 0 0 0 0 0.076128 -0.027562 0.0024363 0 0
-0 -0 -0 0.11678 0 0 0 0 0 0 0 0.10975 -0.039736 0.0035123 0 0
0 0 0 0.19525 0 0 0 0 0 0 0 0.18351 -0.066439 0.0058726 0 0
0 0 0 0.075242 0 0 0 0 0 0 0 0.070716 -0.025603 0.0022631 0 0
-0 -0 -0 0.10319 0 0 0 0 0 0 0 0.096981 -0.035112 0.0031036 0 0
-0 -0 -0 0.15861 0 0 0 0 0 0 0 0.14907 -0.053972 0.0047707 0 0
0 0 0 0.036659 0 0 0 0 0 0 0 0.034454 -0.012474 0.0011026 0 0
-0 -0 -0 0.11403 0 0 0 0 0 0 0 0.10717 -0.038802 0.0034297 0 0
0 0 0 0.11045 0 0 0 0 0 0 0 0.10381 -0.037584 0.0033221 0 0
0 0 0 0.10468 0 0 0 0 0 0 0 0.098383 -0.03562 0.0031485 0 0
-0 -0 -0 0.023064 0 0 0 0 0 0 0 0.021677 -0.0078482 0.00069371 0 0
-0 -0 -0 0.076518 0 0 0 0 0 0 0 0.071915 -0.026037 0.0023014 0 0
0 0 0 0.19265 0 0 0 0 0 0 0 0.18106 -0.065554 0.0057944 0 0
0 0 0 0.12411 0 0 0 0 0 0 0 0.11664 -0.042231 0.0037329 0 0
0 0 0 0.07168 0 0 0 0 0 0 0 0.067368 -0.024391 0.0021559 0 0
0 0 0 0.1573 0 0 0 0 0 0 0 0.14784 -0.053525 0.0047312 0 0
0 0 0 0.051097 0 0 0 0 0 0 0 0.048024 -0.017387 0.0015369 0 0
-0 -0 -0 0.055483 0 0 0 0 0 0 0 0.052146 -0.018879 0.0016688 0 0
-0 -0 -0 0.10023 0 0 0 0 0 0 0 0.094204 -0.034107 0.0030147 0 0
0 0 0 0.026494 0 0 0 0 0 0 0 0.0249 -0.009015 0.00079685 0 0
-0 -0 -0 0.096992 0 0 0 0 0 0 0 0.091157 -0.033004 0.0029172 0 0
