-0 -0 -0 0.12619 0 0 0 0 0 0 0 0.12619 0 0 0 0
0 0 0 0.17627 0 0 0 0 0 0 0 0.17627 0 0 0 0
0 0 0 0.14124 0 0 0 0 0 0 0 0.14124 0 0 0 0
-0 -0 -0 0.073404 0 0 0 0 0 0 0 0.073404 0 0 0 0
0 0 0 0.17493 0 0 0 0 0 0 0 0.17493 0 0 0 0
0 0 0 0.12966 0 0 0 0 0 0 0 0.12966 0 0 0 0
-0 -0 -0 0.12019 0 0 0 0 0 0 0 0.12019 0 0 0 0
-0 -0 -0 0.14778 0 0 0 0 0 0 0 0.14778 0 0 0 0
-0 -0 -0 0.12741 0 0 0 0 0 0 0 0.12741 0 0 0 0
-0 -0 -0 0.15999 0 0 0 0 0 0 0 0.15999 0 0 0 0
0 0 0 0.0019297 0 0 0 0 0 0 0 0.0019297 0 0 0 0
0 0 0 0.038723 0 0 0 0 0 0 0 0.038723 0 0 0 0
-0 -0 -0 0.12253 0 0 0 0 0 0 0 0.12253 0 0 0 0
0 0 0 0.19053 0 0 0 0 0 0 0 0.19053 0 0 0 0
0 0 0 0.07945 0 0 0 0 0 0 0 0.07945 0 0 0 0
0 0 0 0.056703 0 0 0 0 0 0 0 0.056703 0 0 0 0
0 0 0 0.12133 0 0 0 0 0 0 0 0.12133 0 0 0 0
-0 -0 -0 0.19612 0 0 0 0 0 0 0 0.19612 0 0 0 0
0 0 0 0.096989 0 0 0 0 0 0 0 0.096989 0 0 0 0
-0 -0 -0 0.075119 0 0 0 0 0 0 0 0.075119 0 0 0 0
-0 -0 -0 0.094853 0 0 0 0 0 0 0 0.094853 0 0 0 0
-0 -0 -0 0.14608 0 0 0 0 0 0 0 0.14608 0 0 0 0
0 0 0 0.10208 0 0 0 0 0 0 0 0.10208 0 0 0 0
-0 -0 -0 0.15742 0 0 0 0 0 0 0 0.15742 0 0 0 0
-0 -0 -0 0.073208 0 0 0 0 0 0 0 0.073208 0 0 0 0
-0 -0 -0 0.042439 0 0 0 0 0 0 0 0.042439 0 0 0 0
0 0 0 0.1131 0 0 0 0 0 0 0 0.1131 0 0 0 0
-0 -0 -0 0.16604 0 0 0 0 0 0 0 0.16604 0 0 0 0
0 0 0 0.089727 0 0 0 0 0 0 0 0.089727 0 0 0 0
-0 -0 -0 0.039934 0 0 0 0 0 0 0 0.039934 0 0 0 0
-0 -0 -0 0.16019 0 0 0 0 0 0 0 0.16019 0 0 0 0
-0 -0 -0 0.1018 0 0 0 0 0 0 0 0.1018 0 0 0 0
-0 -0 -0 0.079985 0 0 0 0 0 0 0 0.079985 0 0 0 0
0 0 0 0.087184 0 0 0 0 0 0 0 0.087184 0 0 0 0
-0 -0 -0 0.054116 0 0 0 0 0 0 0 0.054116 0 0 0 0
0 0 0 0.18106 0 0 0 0 0 0 0 0.18106 0 0 0 0
0 0 0 0.19342 0 0 0 0 0 0 0 0.19342 0 0 0 0
-0 -0 -0 0.029179 0 0 0 0 0 0 0 0.029179 0 0 0 0
0 0 0 0.16394 0 0 0 0 0 0 0 0.16394 0 0 0 0
0 0 0 0.15186 0 0 0 0 0 0 0 0.15186 0 0 0 0
0 0 0 0.17547 0 0 0 0 0 0 0 0.17547 0 0 0 0
0 0 0 0.099752 0 0 0 0 0 0 0 0.099752 0 0 0 0
0 0 0 0.11108 0 0 0 0 0 0 0 0.11108 0 0 0 0
-0 -0 -0 0.12395 0 0 0 0 0 0 0 0.12395 0 0 0 0
0 0 0 0.14715 0 0 0 0 0 0 0 0.14715 0 0 0 0
0 0 0 0.045198 0 0 0 0 0 0 0 0.045198 0 0 0 0
-0 -0 -0 0.089053 0 0 0 0 0 0 0 0.089053 0 0 0 0
0 0 0 0.12304 0 0 0 0 0 0 0 0.12304 0 0 0 0
-0 -0 -0 0.10155 0 0 0 0 0 0 0 0.10155 0 0 0 0
-0 -0 -0 0.013389 0 0 0 0 0 0 0 0.013389 0 0 0 0
-0 -0 -0 0.064031 0 0 0 0 0 0 0 0.064031 0 0 0 0
-0 -0 -0 0.10505 0 0 0 0 0 0 0 0.10505 0 0 0 0
0 0 0 0.18948 0 0 0 0 0 0 0 0.18948 0 0 0 0
-0 -0 -0 0.030935 0 0 0 0 0 0 0 0.030935 0 0 0 0
0 0 0 0.1633 0 0 0 0 0 0 0 0.1633 0 0 0 0
-0 -0 -0 0.098011 0 0 0 0 0 0 0 0.098011 0 0 0 0
0 0 0 0.081476 0 0 0 0 0 0 0 0.081476 0 0 0 0
-0 -0 -0 0.05939 0 0 0 0 0 0 0 0.05939 0 0 0 0
-0 -0 -0 0.13032 0 0 0 0 0 0 0 0.13032 0 0 0 0
0 0 0 0.17502 0 0 0 0 0 0 0 0.17502 0 0 0 0
-0 -0 -0 0.080635 0 0 0 0 0 0 0 0.080635 0 0 0 0
-0 -0 -0 0.14735 0 0 0 0 0 0 0 0.14735 0 0 0 0
-0 -0 -0 0.14192 0 0 0 0 0 0 0 0.14192 0 0 0 0
-0 -0 -0 0.012405 0 0 0 0 0 0 0 0.012405 0 0 0 0
0 0 0 0.012229 0 0 0 0 0 0 0 0.012229 0 0 0 0
0 0 0 0.13038 0 0 0 0 0 0 0 0.13038 0 0 0 0
-0 -0 -0 0.1837 0 0 0 0 0 0 0 0.1837 0 0 0 0
-0 -0 -0 0.17107 0 0 0 0 0 0 0 0.17107 0 0 0 0
-0 -0 -0 0.089306 0 0 0 0 0 0 0 0.089306 0 0 0 0
0 0 0 0.096745 0 0 0 0 0 0 0 0.096745 0 0 0 0
-0 -0 -0 0.11641 0 0 0 0 0 0 0 0.11641 0 0 0 0
0 0 0 0.10354 0 0 0 0 0 0 0 0.10354 0 0 0 0
0 0 0 0.070862 0 0 0 0 0 0 0 0.070862 0 0 0 0
0 0 0 0.038187 0 0 0 0 0 0 0 0.038187 0 0 0 0
0 0 0 0.041713 0 0 0 0 0 0 0 0.041713 0 0 0 0
0 0 0 0.079505 0 0 0 0 0 0 0 0.079505 0 0 0 0
-0 -0 -0 0.14482 0 0 0 0 0 0 0 0.14482 0 0 0 0
-0 -0 -0 0.19597 0 0 0 0 0 0 0 0.19597 0 0 0 0
0 0 0 0.021626 0 0 0 0 0 0 0 0.021626 0 0 0 0
-0 -0 -0 0.14081 0 0 0 0 0 0 0 0.14081 0 0 0 0
-0 -0 -0 0.010576 0 0 0 0 0 0 0 0.010576 0 0 0 0
-0 -0 -0 0.15028 0 0 0 0 0 0 0 0.15028 0 0 0 0
0 0 0 0.091167 0 0 0 0 0 0 0 0.091167 0 0 0 0
0 0 0 0.015165 0 0 0 0 0 0 0 0.015165 0 0 0 0
-0 -0 -0 0.1957 0 0 0 0 0 0 0 0.1957 0 0 0 0
0 0 0 0.17053 0 0 0 0 0 0 0 0.17053 0 0 0 0
-0 -0 -0 0.072583 0 0 0 0 0 0 0 0.072583 0 0 0 0
0 0 0 0.1632 0 0 0 0 0 0 0 0.1632 0 0 0 0
0 0 0 0.054126 0 0 0 0 0 0 0 0.054126 0 0 0 0
-0 -0 -0 0.13019 0 0 0 0 0 0 0 0.13019 0 0 0 0
0 0 0 0.14108 0 0 0 0 0 0 0 0.14108 0 0 0 0
0 0 0 0.1503 0 0 0 0 0 0 0 0.1503 0 0 0 0
0 0 0 0.11067 0 0 0 0 0 0 0 0.11067 0 0 0 0
0 0 0 0.045452 0 0 0 0 0 0 0 0.045452 0 0 0 0
0 0 0 0.12029 0 0 0 0 0 0 0 0.12029 0 0 0 0
-0 -0 -0 0.17809 0 0 0 0 0 0 0 0.17809 0 0 0 0
0 0 0 0.050824 0 0 0 0 0 0 0 0.050824 0 0 0 0
0 0 0 0.0303 0 0 0 0 0 0 0 0.0303 0 0 0 0
-0 -0 -0 0.10006 0 0 0 0 0 0 0 0.10006 0 0 0 0
-0 -0 -0 0.18855 0 0 0 0 0 0 0 0.18855 0 0 0 0
