0 0 0.28439 0 0 0 0 0 0 0 0 0 0 0.0043096 0.049133 0.28008 -0.028326 0.00095235 0.00026879 0 0
-0 -0 -0.1775 0 0 0 0 0 0 0 0 0 0 -0.0026898 -0.030666 -0.17481 0.017118 -0.0045741 0.00053902 0 0
-0 -0 -0.15176 0 0 0 0 0 0 0 0 0 0 -0.0022998 -0.02622 -0.14947 0.014691 -0.0037265 0.00042768 0 0
0 0 0.27603 0 0 0 0 0 0 0 0 0 0 0.0041829 0.047689 0.27185 -0.027495 0.0010377 0.00024103 0 0
-0 -0 -0.096304 0 0 0 0 0 0 0 0 0 0 -0.0014594 -0.016638 -0.094845 0.0093898 -0.0021106 0.00022577 0 0
-0 -0 -0.25028 0 0 0 0 0 0 0 0 0 0 -0.0037927 -0.04324 -0.24649 0.023854 -0.0073003 0.00091361 0 0
0 0 0.078528 0 0 0 0 0 0 0 0 0 0 0.00119 0.013567 0.077338 -0.0077791 0.0010565 -6.5635e-05 0 0
-0 -0 -0.011533 0 0 0 0 0 0 0 0 0 0 -0.00017477 -0.0019926 -0.011359 0.0011347 -0.0002057 1.8626e-05 0 0
0 0 0.12629 0 0 0 0 0 0 0 0 0 0 0.0019137 0.021818 0.12437 -0.012542 0.0014038 -5.328e-05 0 0
0 0 0.05454 0 0 0 0 0 0 0 0 0 0 0.00082648 0.0094226 0.053713 -0.0053943 0.00079761 -5.6918e-05 0 0
-0 -0 -0.1128 0 0 0 0 0 0 0 0 0 0 -0.0017093 -0.019487 -0.11109 0.010975 -0.0025608 0.00028035 0 0
0 0 0.3239 0 0 0 0 0 0 0 0 0 0 0.0049083 0.055959 0.31899 -0.032243 0.00045628 0.00041607 0 0
0 0 0.26639 0 0 0 0 0 0 0 0 0 0 0.0040369 0.046024 0.26236 -0.026536 0.0011277 0.00021048 0 0
-0 -0 -0.020873 0 0 0 0 0 0 0 0 0 0 -0.0003163 -0.0036061 -0.020556 0.0020517 -0.00038171 3.5391e-05 0 0
-0 -0 -0.20256 0 0 0 0 0 0 0 0 0 0 -0.0030695 -0.034995 -0.19949 0.019459 -0.0054581 0.00065806 0 0
0 0 0.30761 0 0 0 0 0 0 0 0 0 0 0.0046614 0.053144 0.30295 -0.03063 0.00067935 0.00035213 0 0
-0 -0 -0.1084 0 0 0 0 0 0 0 0 0 0 -0.0016427 -0.018728 -0.10676 0.010553 -0.0024383 0.00026535 0 0
-0 -0 -0.064394 0 0 0 0 0 0 0 0 0 0 -0.00097581 -0.011125 -0.063419 0.0063017 -0.0013127 0.00013332 0 0
-0 -0 -0.055231 0 0 0 0 0 0 0 0 0 0 -0.00083696 -0.0095421 -0.054394 0.0054103 -0.0011016 0.00011 0 0
-0 -0 -0.052396 0 0 0 0 0 0 0 0 0 0 -0.00079399 -0.0090522 -0.051602 0.0051341 -0.0010379 0.00010307 0 0
0 0 0.26096 0 0 0 0 0 0 0 0 0 0 0.0039545 0.045085 0.257 -0.025995 0.0011744 0.00019396 0 0
-0 -0 -0.23639 0 0 0 0 0 0 0 0 0 0 -0.0035822 -0.040841 -0.23281 0.022584 -0.006743 0.00083538 0 0
0 0 0.16817 0 0 0 0 0 0 0 0 0 0 0.0025483 0.029053 0.16562 -0.016728 0.0015238 -9.9193e-06 0 0
0 0 0.03939 0 0 0 0 0 0 0 0 0 0 0.0005969 0.0068052 0.038793 -0.0038917 0.00060513 -4.6274e-05 0 0
-0 -0 -0.0067848 0 0 0 0 0 0 0 0 0 0 -0.00010282 -0.0011722 -0.006682 0.0006678 -0.00011945 1.0679e-05 0 0
-0 -0 -0.021488 0 0 0 0 0 0 0 0 0 0 -0.00032562 -0.0037123 -0.021162 0.0021121 -0.00039359 3.6548e-05 0 0
0 0 0.25507 0 0 0 0 0 0 0 0 0 0 0.0038653 0.044068 0.25121 -0.025408 0.0012217 0.00017664 0 0
-0 -0 -0.10071 0 0 0 0 0 0 0 0 0 0 -0.0015261 -0.017399 -0.099182 0.0098139 -0.0022283 0.00023989 0 0
-0 -0 -0.1435 0 0 0 0 0 0 0 0 0 0 -0.0021745 -0.024792 -0.14132 0.013906 -0.0034674 0.00039428 0 0
0 0 0.097696 0 0 0 0 0 0 0 0 0 0 0.0014805 0.016879 0.096215 -0.0096886 0.0012228 -6.5427e-05 0 0
0 0 0.17922 0 0 0 0 0 0 0 0 0 0 0.0027159 0.030964 0.17651 -0.017833 0.0015266 6.5933e-06 0 0
-0 -0 -0.19484 0 0 0 0 0 0 0 0 0 0 -0.0029525 -0.033661 -0.19188 0.01874 -0.0051796 0.00062027 0 0
0 0 0.11905 0 0 0 0 0 0 0 0 0 0 0.001804 0.020568 0.11725 -0.011819 0.0013656 -5.7694e-05 0 0
-0 -0 -0.29886 0 0 0 0 0 0 0 0 0 0 -0.0045289 -0.051633 -0.29433 0.028231 -0.0093852 0.001212 0 0
-0 -0 -0.10494 0 0 0 0 0 0 0 0 0 0 -0.0015902 -0.01813 -0.10335 0.010221 -0.0023431 0.00025377 0 0
-0 -0 -0.28818 0 0 0 0 0 0 0 0 0 0 -0.0043669 -0.049787 -0.28381 0.027277 -0.0089087 0.0011431 0 0
0 0 0.115 0 0 0 0 0 0 0 0 0 0 0.0017427 0.019868 0.11326 -0.011415 0.0013419 -5.9768e-05 0 0
-0 -0 -0.088261 0 0 0 0 0 0 0 0 0 0 -0.0013375 -0.015248 -0.086923 0.0086138 -0.0019003 0.00020082 0 0
0 0 0.10794 0 0 0 0 0 0 0 0 0 0 0.0016357 0.018649 0.10631 -0.010711 0.0012969 -6.2703e-05 0 0
-0 -0 -0.22723 0 0 0 0 0 0 0 0 0 0 -0.0034434 -0.039258 -0.22379 0.021743 -0.0063848 0.0007855 0 0
-0 -0 -0.0235 0 0 0 0 0 0 0 0 0 0 -0.0003561 -0.0040599 -0.023143 0.0023094 -0.00043273 4.0377e-05 0 0
-0 -0 -0.22128 0 0 0 0 0 0 0 0 0 0 -0.0033532 -0.03823 -0.21793 0.021194 -0.0061562 0.00075384 0 0
0 0 0.15095 0 0 0 0 0 0 0 0 0 0 0.0022874 0.026078 0.14866 -0.015006 0.0014953 -3.1424e-05 0 0
-0 -0 -0.30397 0 0 0 0 0 0 0 0 0 0 -0.0046062 -0.052515 -0.29936 0.028685 -0.0096164 0.0012456 0 0
0 0 0.33319 0 0 0 0 0 0 0 0 0 0 0.0050491 0.057564 0.32814 -0.03316 0.00031754 0.00045453 0 0
0 0 0.17409 0 0 0 0 0 0 0 0 0 0 0.0026381 0.030076 0.17145 -0.01732 0.0015268 -1.3418e-06 0 0
0 0 0.19732 0 0 0 0 0 0 0 0 0 0 0.0029901 0.03409 0.19433 -0.019642 0.0015053 3.8167e-05 0 0
0 0 0.046239 0 0 0 0 0 0 0 0 0 0 0.0007007 0.0079886 0.045539 -0.0045707 0.00069493 -5.1579e-05 0 0
0 0 0.047779 0 0 0 0 0 0 0 0 0 0 0.00072403 0.0082546 0.047055 -0.0047234 0.00071449 -5.2659e-05 0 0
-0 -0 -0.090025 0 0 0 0 0 0 0 0 0 0 -0.0013642 -0.015553 -0.088661 0.0087841 -0.0019459 0.0002062 0 0
0 0 0.13486 0 0 0 0 0 0 0 0 0 0 0.0020437 0.023299 0.13282 -0.013398 0.0014424 -4.6874e-05 0 0
-0 -0 -0.14593 0 0 0 0 0 0 0 0 0 0 -0.0022113 -0.025211 -0.14372 0.014137 -0.0035428 0.00040397 0 0
0 0 0.25001 0 0 0 0 0 0 0 0 0 0 0.0037885 0.043193 0.24622 -0.024903 0.0012597 0.0001622 0 0
0 0 0.18451 0 0 0 0 0 0 0 0 0 0 0.002796 0.031876 0.18171 -0.018361 0.0015237 1.5226e-05 0 0
0 0 0.2453 0 0 0 0 0 0 0 0 0 0 0.0037173 0.04238 0.24159 -0.024434 0.0012927 0.00014919 0 0
-0 -0 -0.24203 0 0 0 0 0 0 0 0 0 0 -0.0036677 -0.041815 -0.23837 0.023101 -0.0069673 0.00086677 0 0
0 0 0.208 0 0 0 0 0 0 0 0 0 0 0.003152 0.035936 0.20485 -0.02071 0.0014776 5.9463e-05 0 0
0 0 0.33266 0 0 0 0 0 0 0 0 0 0 0.0050411 0.057473 0.32762 -0.033109 0.00032561 0.00045232 0 0
0 0 0.33885 0 0 0 0 0 0 0 0 0 0 0.0051348 0.058541 0.33371 -0.033719 0.00022894 0.00047866 0 0
0 0 0.3254 0 0 0 0 0 0 0 0 0 0 0.0049311 0.056219 0.32047 -0.032391 0.00043439 0.0004222 0 0
-0 -0 -0.10101 0 0 0 0 0 0 0 0 0 0 -0.0015307 -0.017452 -0.099482 0.0098432 -0.0022365 0.00024088 0 0
-0 -0 -0.060908 0 0 0 0 0 0 0 0 0 0 -0.00092299 -0.010523 -0.059986 0.0059628 -0.0012315 0.00012428 0 0
0 0 0.26407 0 0 0 0 0 0 0 0 0 0 0.0040016 0.045622 0.26007 -0.026304 0.001148 0.00020334 0 0
0 0 0.013987 0 0 0 0 0 0 0 0 0 0 0.00021196 0.0024165 0.013775 -0.0013792 0.00023216 -1.9505e-05 0 0
-0 -0 -0.34058 0 0 0 0 0 0 0 0 0 0 -0.005161 -0.05884 -0.33542 0.031905 -0.011341 0.0014985 0 0
0 0 0.22532 0 0 0 0 0 0 0 0 0 0 0.0034145 0.038928 0.22191 -0.02244 0.0014088 9.8152e-05 0 0
0 0 0.090755 0 0 0 0 0 0 0 0 0 0 0.0013753 0.015679 0.08938 -0.0089968 0.0011667 -6.6238e-05 0 0
0 0 0.10503 0 0 0 0 0 0 0 0 0 0 0.0015916 0.018145 0.10344 -0.01042 0.0012769 -6.3663e-05 0 0
0 0 0.33007 0 0 0 0 0 0 0 0 0 0 0.0050017 0.057024 0.32506 -0.032852 0.00036513 0.00044144 0 0
0 0 0.10738 0 0 0 0 0 0 0 0 0 0 0.0016272 0.018551 0.10575 -0.010654 0.0012931 -6.2901e-05 0 0
0 0 0.075571 0 0 0 0 0 0 0 0 0 0 0.0011452 0.013056 0.074426 -0.0074848 0.0010276 -6.5099e-05 0 0
0 0 0.19307 0 0 0 0 0 0 0 0 0 0 0.0029258 0.033357 0.19015 -0.019218 0.0015132 3.0252e-05 0 0
0 0 0.22555 0 0 0 0 0 0 0 0 0 0 0.0034179 0.038967 0.22213 -0.022463 0.0014077 9.8684e-05 0 0
0 0 0.21632 0 0 0 0 0 0 0 0 0 0 0.0032781 0.037373 0.21304 -0.021541 0.0014482 7.7398e-05 0 0
0 0 0.27362 0 0 0 0 0 0 0 0 0 0 0.0041464 0.047272 0.26947 -0.027255 0.0010611 0.00023323 0 0
0 0 0.17663 0 0 0 0 0 0 0 0 0 0 0.0026767 0.030516 0.17396 -0.017574 0.001527 2.5363e-06 0 0
0 0 0.32527 0 0 0 0 0 0 0 0 0 0 0.004929 0.056195 0.32034 -0.032378 0.00043639 0.00042164 0 0
0 0 0.24127 0 0 0 0 0 0 0 0 0 0 0.0036562 0.041684 0.23762 -0.024032 0.0013193 0.00013835 0 0
0 0 0.072008 0 0 0 0 0 0 0 0 0 0 0.0010912 0.01244 0.070916 -0.0071303 0.00099168 -6.4253e-05 0 0
0 0 0.1971 0 0 0 0 0 0 0 0 0 0 0.0029868 0.034052 0.19411 -0.019621 0.0015058 3.7753e-05 0 0
0 0 0.089848 0 0 0 0 0 0 0 0 0 0 0.0013615 0.015523 0.088486 -0.0089064 0.001159 -6.6283e-05 0 0
0 0 0.15618 0 0 0 0 0 0 0 0 0 0 0.0023667 0.026983 0.15382 -0.015529 0.0015071 -2.5428e-05 0 0
0 0 0.33944 0 0 0 0 0 0 0 0 0 0 0.0051437 0.058643 0.33429 -0.033777 0.00021953 0.00048121 0 0
0 0 0.11591 0 0 0 0 0 0 0 0 0 0 0.0017564 0.020025 0.11415 -0.011505 0.0013474 -5.9328e-05 0 0
-0 -0 -0.18584 0 0 0 0 0 0 0 0 0 0 -0.0028162 -0.032108 -0.18303 0.0179 -0.0048621 0.0005775 0 0
0 0 0.23435 0 0 0 0 0 0 0 0 0 0 0.0035513 0.040489 0.2308 -0.023342 0.0013612 0.00012037 0 0
-0 -0 -0.34408 0 0 0 0 0 0 0 0 0 0 -0.005214 -0.059445 -0.33886 0.032209 -0.011511 0.0015238 0 0
0 0 0.29808 0 0 0 0 0 0 0 0 0 0 0.004517 0.051498 0.29356 -0.029685 0.00079777 0.00031681 0 0
-0 -0 -0.17543 0 0 0 0 0 0 0 0 0 0 -0.0026585 -0.030309 -0.17277 0.016924 -0.0045037 0.00052966 0 0
0 0 0.23827 0 0 0 0 0 0 0 0 0 0 0.0036107 0.041165 0.23466 -0.023733 0.0013381 0.00013045 0 0
0 0 0.18461 0 0 0 0 0 0 0 0 0 0 0.0027976 0.031895 0.18182 -0.018372 0.0015236 1.5405e-05 0 0
0 0 0.11165 0 0 0 0 0 0 0 0 0 0 0.0016919 0.019289 0.10996 -0.01108 0.0013211 -6.127e-05 0 0
-0 -0 -0.12318 0 0 0 0 0 0 0 0 0 0 -0.0018666 -0.021281 -0.12131 0.011969 -0.0028574 0.00031708 0 0
0 0 0.29356 0 0 0 0 0 0 0 0 0 0 0.0044486 0.050718 0.28911 -0.029237 0.0008508 0.00030061 0 0
0 0 0.18378 0 0 0 0 0 0 0 0 0 0 0.0027849 0.031751 0.18099 -0.018289 0.0015243 1.4008e-05 0 0
0 0 0.3248 0 0 0 0 0 0 0 0 0 0 0.0049219 0.056114 0.31988 -0.032331 0.00044326 0.00041972 0 0
0 0 0.0226 0 0 0 0 0 0 0 0 0 0 0.00034247 0.0039045 0.022257 -0.00223 0.00036565 -2.9832e-05 0 0
0 0 0.1545 0 0 0 0 0 0 0 0 0 0 0.0023412 0.026692 0.15216 -0.015361 0.0015036 -2.7409e-05 0 0
-0 -0 -0.25577 0 0 0 0 0 0 0 0 0 0 -0.0038759 -0.044189 -0.2519 0.024354 -0.0075255 0.00094542 0 0
-0 -0 -0.34764 0 0 0 0 0 0 0 0 0 0 -0.005268 -0.06006 -0.34237 0.032518 -0.011686 0.0015497 0 0
