0 0 0.25009 0 0 0 0 0 0 0 0 0 0 0.0037898 0.043207 0.2463 -0.0237 0.025796 -0.0041605 0 0
0 0 0.054618 0 0 0 0 0 0 0 0 0 0 0.00082767 0.0094362 0.053791 -0.0046059 0.006118 -0.0010024 0 0
0 0 0.23061 0 0 0 0 0 0 0 0 0 0 0.0034947 0.039842 0.22712 -0.021627 0.024004 -0.0038781 0 0
0 0 0.19289 0 0 0 0 0 0 0 0 0 0 0.002923 0.033325 0.18997 -0.017714 0.020422 -0.00331 0 0
-0 -0 -0.071341 0 0 0 0 0 0 0 0 0 0 -0.0010811 -0.012325 -0.07026 0.0054941 -0.0083462 0.0013796 0 0
0 0 0.090038 0 0 0 0 0 0 0 0 0 0 0.0013644 0.015556 0.088674 -0.0077708 0.0099498 -0.0016259 0 0
0 0 0.14614 0 0 0 0 0 0 0 0 0 0 0.0022145 0.025247 0.14392 -0.013059 0.015787 -0.0025684 0 0
-0 -0 -0.28732 0 0 0 0 0 0 0 0 0 0 -0.004354 -0.04964 -0.28297 0.018268 -0.035643 0.0059715 0 0
0 0 0.14542 0 0 0 0 0 0 0 0 0 0 0.0022037 0.025124 0.14322 -0.01299 0.015714 -0.0025568 0 0
0 0 0.32767 0 0 0 0 0 0 0 0 0 0 0.0049654 0.05661 0.3227 -0.032295 0.032529 -0.0052094 0 0
0 0 0.19807 0 0 0 0 0 0 0 0 0 0 0.0030015 0.03422 0.19507 -0.018243 0.020923 -0.0033897 0 0
-0 -0 -0.28085 0 0 0 0 0 0 0 0 0 0 -0.0042559 -0.048521 -0.27659 0.017973 -0.034788 0.0058261 0 0
-0 -0 -0.25656 0 0 0 0 0 0 0 0 0 0 -0.0038878 -0.044325 -0.25267 0.016818 -0.031599 0.0052844 0 0
-0 -0 -0.23928 0 0 0 0 0 0 0 0 0 0 -0.0036259 -0.041339 -0.23565 0.015948 -0.029347 0.0049027 0 0
-0 -0 -0.135 0 0 0 0 0 0 0 0 0 0 -0.0020457 -0.023323 -0.13295 0.0098764 -0.016101 0.0026726 0 0
0 0 0.34334 0 0 0 0 0 0 0 0 0 0 0.0052028 0.059317 0.33813 -0.034093 0.033808 -0.0054061 0 0
-0 -0 -0.21266 0 0 0 0 0 0 0 0 0 0 -0.0032226 -0.036741 -0.20944 0.014532 -0.025908 0.0043214 0 0
0 0 0.070994 0 0 0 0 0 0 0 0 0 0 0.0010758 0.012265 0.069918 -0.006052 0.0079032 -0.0012933 0 0
0 0 0.23243 0 0 0 0 0 0 0 0 0 0 0.0035222 0.040156 0.22891 -0.021818 0.024173 -0.0039048 0 0
-0 -0 -0.023637 0 0 0 0 0 0 0 0 0 0 -0.00035818 -0.0040836 -0.023278 0.001887 -0.0027224 0.00044854 0 0
-0 -0 -0.32037 0 0 0 0 0 0 0 0 0 0 -0.0048548 -0.055349 -0.31552 0.019684 -0.040033 0.0067199 0 0
-0 -0 -0.21355 0 0 0 0 0 0 0 0 0 0 -0.0032361 -0.036895 -0.21032 0.014581 -0.026023 0.0043407 0 0
0 0 0.24669 0 0 0 0 0 0 0 0 0 0 0.0037383 0.04262 0.24295 -0.023335 0.025486 -0.0041118 0 0
0 0 0.035958 0 0 0 0 0 0 0 0 0 0 0.0005449 0.0062124 0.035414 -0.0029943 0.0040557 -0.0006654 0 0
-0 -0 -0.21206 0 0 0 0 0 0 0 0 0 0 -0.0032135 -0.036636 -0.20884 0.014499 -0.025831 0.0043082 0 0
0 0 0.23926 0 0 0 0 0 0 0 0 0 0 0.0036257 0.041336 0.23563 -0.022543 0.024804 -0.0040044 0 0
-0 -0 -0.06123 0 0 0 0 0 0 0 0 0 0 -0.00092786 -0.010578 -0.060302 0.0047523 -0.0071402 0.0011794 0 0
0 0 0.3022 0 0 0 0 0 0 0 0 0 0 0.0045795 0.05221 0.29762 -0.029415 0.030391 -0.0048787 0 0
0 0 0.0044901 0 0 0 0 0 0 0 0 0 0 6.8042e-05 0.00077574 0.0044221 -0.0003658 0.00051217 -8.4219e-05 0 0
-0 -0 -0.20831 0 0 0 0 0 0 0 0 0 0 -0.0031566 -0.035988 -0.20515 0.014292 -0.025349 0.0042269 0 0
0 0 0.030228 0 0 0 0 0 0 0 0 0 0 0.00045807 0.0052224 0.02977 -0.0025073 0.0034165 -0.00056076 0 0
-0 -0 -0.21831 0 0 0 0 0 0 0 0 0 0 -0.0033082 -0.037716 -0.215 0.01484 -0.026635 0.004444 0 0
0 0 0.065348 0 0 0 0 0 0 0 0 0 0 0.00099027 0.01129 0.064358 -0.0055501 0.0072903 -0.0011935 0 0
0 0 0.09579 0 0 0 0 0 0 0 0 0 0 0.0014516 0.016549 0.094339 -0.0082977 0.010562 -0.0017251 0 0
-0 -0 -0.078514 0 0 0 0 0 0 0 0 0 0 -0.0011898 -0.013565 -0.077324 0.0060128 -0.0092062 0.0015225 0 0
0 0 0.32799 0 0 0 0 0 0 0 0 0 0 0.0049703 0.056666 0.32302 -0.032331 0.032555 -0.0052135 0 0
-0 -0 -0.13329 0 0 0 0 0 0 0 0 0 0 -0.0020199 -0.023028 -0.13127 0.0097655 -0.01589 0.0026372 0 0
-0 -0 -0.0037423 0 0 0 0 0 0 0 0 0 0 -5.671e-05 -0.00064655 -0.0036856 0.0003031 -0.0004281 7.0436e-05 0 0
-0 -0 -0.017544 0 0 0 0 0 0 0 0 0 0 -0.00026585 -0.003031 -0.017278 0.0014068 -0.0020165 0.00033209 0 0
0 0 0.29127 0 0 0 0 0 0 0 0 0 0 0.0044139 0.050322 0.28686 -0.028197 0.029451 -0.0047326 0 0
0 0 0.23683 0 0 0 0 0 0 0 0 0 0 0.0035889 0.040917 0.23325 -0.022285 0.024581 -0.0039691 0 0
-0 -0 -0.051684 0 0 0 0 0 0 0 0 0 0 -0.0007832 -0.0089292 -0.0509 0.0040407 -0.0060084 0.00099185 0 0
-0 -0 -0.015429 0 0 0 0 0 0 0 0 0 0 -0.0002338 -0.0026656 -0.015195 0.0012391 -0.0017721 0.0002918 0 0
-0 -0 -0.29336 0 0 0 0 0 0 0 0 0 0 -0.0044455 -0.050683 -0.28892 0.018537 -0.036441 0.0061075 0 0
0 0 0.10719 0 0 0 0 0 0 0 0 0 0 0.0016244 0.018519 0.10557 -0.0093527 0.011766 -0.00192 0 0
-0 -0 -0.26935 0 0 0 0 0 0 0 0 0 0 -0.0040817 -0.046535 -0.26527 0.017436 -0.033275 0.0055689 0 0
0 0 0.31232 0 0 0 0 0 0 0 0 0 0 0.0047329 0.053959 0.30759 -0.030553 0.031249 -0.0050117 0 0
0 0 0.21424 0 0 0 0 0 0 0 0 0 0 0.0032466 0.037014 0.211 -0.019912 0.022468 -0.003635 0 0
-0 -0 -0.07146 0 0 0 0 0 0 0 0 0 0 -0.0010829 -0.012346 -0.070377 0.0055028 -0.0083605 0.001382 0 0
0 0 0.10368 0 0 0 0 0 0 0 0 0 0 0.0015711 0.017912 0.10211 -0.0090262 0.011396 -0.0018602 0 0
0 0 0.22563 0 0 0 0 0 0 0 0 0 0 0.0034191 0.038981 0.22221 -0.021102 0.023539 -0.0038047 0 0
0 0 0.22616 0 0 0 0 0 0 0 0 0 0 0.0034271 0.039072 0.22273 -0.021157 0.023588 -0.0038124 0 0
-0 -0 -0.29586 0 0 0 0 0 0 0 0 0 0 -0.0044833 -0.051114 -0.29137 0.018647 -0.036772 0.0061637 0 0
0 0 0.0019145 0 0 0 0 0 0 0 0 0 0 2.9012e-05 0.00033077 0.0018855 -0.00015569 0.00021858 -3.5949e-05 0 0
0 0 0.080142 0 0 0 0 0 0 0 0 0 0 0.0012144 0.013846 0.078927 -0.0068727 0.0088903 -0.0014538 0 0
0 0 0.20155 0 0 0 0 0 0 0 0 0 0 0.0030542 0.034821 0.1985 -0.0186 0.021257 -0.0034429 0 0
-0 -0 -0.0075141 0 0 0 0 0 0 0 0 0 0 -0.00011387 -0.0012982 -0.0074002 0.00060693 -0.00086069 0.00014165 0 0
-0 -0 -0.17732 0 0 0 0 0 0 0 0 0 0 -0.0026871 -0.030635 -0.17463 0.012509 -0.021402 0.0035619 0 0
0 0 0.12946 0 0 0 0 0 0 0 0 0 0 0.0019618 0.022366 0.1275 -0.011453 0.014082 -0.0022941 0 0
-0 -0 -0.0045458 0 0 0 0 0 0 0 0 0 0 -6.8886e-05 -0.00078536 -0.0044769 0.00036796 -0.00052016 8.5587e-05 0 0
0 0 0.025085 0 0 0 0 0 0 0 0 0 0 0.00038014 0.0043339 0.024705 -0.0020733 0.0028405 -0.00046639 0 0
0 0 0.068961 0 0 0 0 0 0 0 0 0 0 0.001045 0.011914 0.067916 -0.0058709 0.0076829 -0.0012574 0 0
0 0 0.10857 0 0 0 0 0 0 0 0 0 0 0.0016452 0.018757 0.10692 -0.0094809 0.01191 -0.0019434 0 0
0 0 0.27285 0 0 0 0 0 0 0 0 0 0 0.0041346 0.047138 0.26871 -0.026166 0.027838 -0.0044809 0 0
0 0 0.24611 0 0 0 0 0 0 0 0 0 0 0.0037295 0.04252 0.24238 -0.023273 0.025433 -0.0041034 0 0
0 0 0.087126 0 0 0 0 0 0 0 0 0 0 0.0013203 0.015052 0.085805 -0.0075054 0.0096389 -0.0015754 0 0
0 0 0.33276 0 0 0 0 0 0 0 0 0 0 0.0050425 0.057489 0.32772 -0.032877 0.032947 -0.0052738 0 0
-0 -0 -0.083363 0 0 0 0 0 0 0 0 0 0 -0.0012633 -0.014402 -0.0821 0.0063599 -0.0097897 0.0016195 0 0
0 0 0.22737 0 0 0 0 0 0 0 0 0 0 0.0034455 0.039282 0.22392 -0.021285 0.023702 -0.0038303 0 0
-0 -0 -0.18866 0 0 0 0 0 0 0 0 0 0 -0.0028589 -0.032594 -0.1858 0.013176 -0.02284 0.003804 0 0
0 0 0.31283 0 0 0 0 0 0 0 0 0 0 0.0047405 0.054046 0.30808 -0.03061 0.031291 -0.0050183 0 0
0 0 0.095352 0 0 0 0 0 0 0 0 0 0 0.0014449 0.016474 0.093907 -0.0082575 0.010515 -0.0017175 0 0
-0 -0 -0.15062 0 0 0 0 0 0 0 0 0 0 -0.0022824 -0.026021 -0.14833 0.010874 -0.018044 0.0029981 0 0
-0 -0 -0.056426 0 0 0 0 0 0 0 0 0 0 -0.00085506 -0.0097485 -0.055571 0.0043956 -0.0065698 0.0010849 0 0
-0 -0 -0.25646 0 0 0 0 0 0 0 0 0 0 -0.0038863 -0.044307 -0.25257 0.016813 -0.031586 0.0052822 0 0
0 0 0.10463 0 0 0 0 0 0 0 0 0 0 0.0015855 0.018076 0.10304 -0.0091141 0.011496 -0.0018764 0 0
0 0 0.13721 0 0 0 0 0 0 0 0 0 0 0.0020792 0.023704 0.13513 -0.012195 0.014877 -0.0024222 0 0
-0 -0 -0.02963 0 0 0 0 0 0 0 0 0 0 -0.000449 -0.005119 -0.029181 0.002355 -0.0034195 0.00056364 0 0
-0 -0 -0.16319 0 0 0 0 0 0 0 0 0 0 -0.0024729 -0.028194 -0.16072 0.011656 -0.01962 0.0032625 0 0
-0 -0 -0.17336 0 0 0 0 0 0 0 0 0 0 -0.0026271 -0.029951 -0.17074 0.012273 -0.020902 0.0034778 0 0
-0 -0 -0.082752 0 0 0 0 0 0 0 0 0 0 -0.001254 -0.014297 -0.081498 0.0063164 -0.009716 0.0016072 0 0
0 0 0.12301 0 0 0 0 0 0 0 0 0 0 0.001864 0.021252 0.12115 -0.010839 0.013416 -0.0021867 0 0
0 0 0.078935 0 0 0 0 0 0 0 0 0 0 0.0011962 0.013637 0.077738 -0.0067639 0.0087604 -0.0014327 0 0
0 0 0.050099 0 0 0 0 0 0 0 0 0 0 0.00075918 0.0086553 0.049339 -0.0042119 0.0056212 -0.00092128 0 0
0 0 0.07204 0 0 0 0 0 0 0 0 0 0 0.0010917 0.012446 0.070948 -0.0061454 0.0080164 -0.0013117 0 0
-0 -0 -0.10415 0 0 0 0 0 0 0 0 0 0 -0.0015783 -0.017994 -0.10257 0.0078155 -0.012309 0.0020391 0 0
0 0 0.29941 0 0 0 0 0 0 0 0 0 0 0.0045372 0.051728 0.29487 -0.029103 0.030152 -0.0048416 0 0
0 0 0.13276 0 0 0 0 0 0 0 0 0 0 0.0020119 0.022937 0.13075 -0.011769 0.014422 -0.0023489 0 0
0 0 0.21371 0 0 0 0 0 0 0 0 0 0 0.0032385 0.036922 0.21047 -0.019857 0.022417 -0.003627 0 0
-0 -0 -0.088928 0 0 0 0 0 0 0 0 0 0 -0.0013476 -0.015364 -0.087581 0.0067547 -0.010461 0.0017312 0 0
-0 -0 -0.10156 0 0 0 0 0 0 0 0 0 0 -0.001539 -0.017546 -0.10002 0.0076368 -0.011994 0.0019865 0 0
0 0 0.23202 0 0 0 0 0 0 0 0 0 0 0.003516 0.040086 0.22851 -0.021776 0.024135 -0.0038988 0 0
0 0 0.14648 0 0 0 0 0 0 0 0 0 0 0.0022197 0.025307 0.14426 -0.013093 0.015822 -0.0025741 0 0
-0 -0 -0.027464 0 0 0 0 0 0 0 0 0 0 -0.00041618 -0.0047448 -0.027048 0.0021863 -0.0031673 0.00052198 0 0
-0 -0 -0.080615 0 0 0 0 0 0 0 0 0 0 -0.0012216 -0.013927 -0.079393 0.0061635 -0.0094587 0.0015645 0 0
-0 -0 -0.084091 0 0 0 0 0 0 0 0 0 0 -0.0012743 -0.014528 -0.082817 0.0064118 -0.0098773 0.0016341 0 0
-0 -0 -0.31917 0 0 0 0 0 0 0 0 0 0 -0.0048366 -0.055142 -0.31433 0.019635 -0.039873 0.0066925 0 0
0 0 0.0042116 0 0 0 0 0 0 0 0 0 0 6.3821e-05 0.00072762 0.0041478 -0.00034304 0.00048045 -7.9004e-05 0 0
-0 -0 -0.057499 0 0 0 0 0 0 0 0 0 0 -0.00087133 -0.0099339 -0.056628 0.0044755 -0.0066972 0.001106 0 0
-0 -0 -0.30338 0 0 0 0 0 0 0 0 0 0 -0.0045974 -0.052414 -0.29878 0.018974 -0.03777 0.0063339 0 0
