0 0 0.12316 0 0 0 0 0 0 0 0 0 0 -4.0217e-18 0.021386 0.12129 -0.013421 0.017401 -0.0030683 0 0
0 0 0.0064443 0 0 0 0 0 0 0 0 0 0 9.8504e-18 0.001119 0.0063464 -0.00064754 0.0009499 -0.00016749 0 0
0 0 0.084835 0 0 0 0 0 0 0 0 0 0 9.8781e-18 0.014731 0.083546 -0.0090128 0.012163 -0.0021446 0 0
0 0 0.24831 0 0 0 0 0 0 0 0 0 0 1.0078e-17 0.043119 0.24454 -0.029178 0.033285 -0.005869 0 0
-0 -0 -0.26271 0 0 0 0 0 0 0 0 0 0 -3.9484e-18 -0.045619 -0.25872 0.020823 -0.041742 0.0073602 0 0
-0 -0 -0.34387 0 0 0 0 0 0 0 0 0 0 9.7316e-18 -0.059713 -0.33865 0.024932 -0.055568 0.0097981 0 0
0 0 0.0041787 0 0 0 0 0 0 0 0 0 0 -4.0275e-18 0.00072563 0.0041153 -0.00041918 0.00061643 -0.00010869 0 0
0 0 0.3184 0 0 0 0 0 0 0 0 0 0 -4.411e-18 0.055289 0.31356 -0.038844 0.041293 -0.0072811 0 0
-0 -0 -0.21847 0 0 0 0 0 0 0 0 0 0 -1.7923e-17 -0.037937 -0.21515 0.018108 -0.034357 0.0060581 0 0
0 0 0.0075275 0 0 0 0 0 0 0 0 0 0 -4.0277e-18 0.0013071 0.0074131 -0.00075699 0.0011092 -0.00019558 0 0
-0 -0 -0.10501 0 0 0 0 0 0 0 0 0 0 -4.0189e-18 -0.018235 -0.10342 0.0096556 -0.016026 0.0028259 0 0
0 0 0.0073445 0 0 0 0 0 0 0 0 0 0 9.8502e-18 0.0012754 0.007233 -0.00073849 0.0010823 -0.00019083 0 0
-0 -0 -0.077095 0 0 0 0 0 0 0 0 0 0 9.876e-18 -0.013387 -0.075924 0.0072563 -0.01167 0.0020577 0 0
-0 -0 -0.27714 0 0 0 0 0 0 0 0 0 0 1.0104e-17 -0.048126 -0.27293 0.021637 -0.044176 0.0077894 0 0
0 0 0.33323 0 0 0 0 0 0 0 0 0 0 -4.4181e-18 0.057865 0.32817 -0.040961 0.042902 -0.0075647 0 0
0 0 0.02865 0 0 0 0 0 0 0 0 0 0 9.8473e-18 0.0049751 0.028215 -0.0029262 0.0041913 -0.00073904 0 0
0 0 0.12608 0 0 0 0 0 0 0 0 0 0 9.8924e-18 0.021893 0.12416 -0.013765 0.017793 -0.0031375 0 0
0 0 0.25434 0 0 0 0 0 0 0 0 0 0 -1.7974e-17 0.044165 0.25047 -0.029986 0.033999 -0.0059949 0 0
-0 -0 -0.12883 0 0 0 0 0 0 0 0 0 0 9.8936e-18 -0.022372 -0.12688 0.011605 -0.019795 0.0034904 0 0
0 0 0.18726 0 0 0 0 0 0 0 0 0 0 1.0033e-17 0.032517 0.18441 -0.021239 0.025779 -0.0045455 0 0
0 0 0.18134 0 0 0 0 0 0 0 0 0 0 1.003e-17 0.03149 0.17859 -0.020495 0.025027 -0.0044129 0 0
0 0 0.18966 0 0 0 0 0 0 0 0 0 0 1.0035e-17 0.032935 0.18678 -0.021543 0.026084 -0.0045992 0 0
-0 -0 -0.15187 0 0 0 0 0 0 0 0 0 0 -3.9182e-18 -0.026373 -0.14957 0.013403 -0.023483 0.0041406 0 0
-0 -0 -0.22927 0 0 0 0 0 0 0 0 0 0 -3.9375e-18 -0.039813 -0.22579 0.018802 -0.036149 0.0063741 0 0
0 0 0.07403 0 0 0 0 0 0 0 0 0 0 9.8481e-18 0.012855 0.072905 -0.0078071 0.010656 -0.001879 0 0
0 0 0.075837 0 0 0 0 0 0 0 0 0 0 9.8757e-18 0.013169 0.074685 -0.0080076 0.010909 -0.0019235 0 0
-0 -0 -0.013084 0 0 0 0 0 0 0 0 0 0 -4.0278e-18 -0.0022719 -0.012885 0.0012955 -0.0019411 0.00034227 0 0
-0 -0 -0.11162 0 0 0 0 0 0 0 0 0 0 9.8868e-18 -0.019382 -0.10992 0.010205 -0.017066 0.0030093 0 0
0 0 0.16583 0 0 0 0 0 0 0 0 0 0 -3.9211e-18 0.028796 0.16331 -0.018565 0.023033 -0.0040614 0 0
0 0 0.071799 0 0 0 0 0 0 0 0 0 0 9.8476e-18 0.012468 0.070708 -0.0075602 0.010343 -0.0018238 0 0
-0 -0 -0.2968 0 0 0 0 0 0 0 0 0 0 -3.961e-18 -0.051539 -0.29229 0.022688 -0.047509 0.0083771 0 0
0 0 0.054769 0 0 0 0 0 0 0 0 0 0 9.8441e-18 0.0095105 0.053937 -0.0056991 0.0079388 -0.0013998 0 0
0 0 0.0661 0 0 0 0 0 0 0 0 0 0 -4.0416e-18 0.011478 0.065096 -0.0069328 0.0095422 -0.0016825 0 0
-0 -0 -0.04095 0 0 0 0 0 0 0 0 0 0 -4.0262e-18 -0.0071109 -0.040328 0.0039681 -0.0061301 0.0010809 0 0
0 0 0.2023 0 0 0 0 0 0 0 0 0 0 1.0043e-17 0.035128 0.19922 -0.023151 0.027672 -0.0048793 0 0
0 0 0.32332 0 0 0 0 0 0 0 0 0 0 9.7093e-18 0.056144 0.31841 -0.039544 0.041831 -0.0073759 0 0
0 0 0.11544 0 0 0 0 0 0 0 0 0 0 9.8882e-18 0.020045 0.11368 -0.012516 0.016359 -0.0028846 0 0
0 0 0.33009 0 0 0 0 0 0 0 0 0 0 -4.4166e-18 0.057319 0.32507 -0.04051 0.042564 -0.0075051 0 0
0 0 0.30783 0 0 0 0 0 0 0 0 0 0 9.6933e-18 0.053454 0.30315 -0.03735 0.040129 -0.0070758 0 0
-0 -0 -0.13621 0 0 0 0 0 0 0 0 0 0 -4.024e-18 -0.023653 -0.13414 0.01219 -0.020971 0.0036978 0 0
-0 -0 -0.3023 0 0 0 0 0 0 0 0 0 0 -3.9632e-18 -0.052494 -0.29771 0.02297 -0.048445 0.0085422 0 0
-0 -0 -0.29486 0 0 0 0 0 0 0 0 0 0 -3.9603e-18 -0.051202 -0.29038 0.022587 -0.047179 0.0083189 0 0
-0 -0 -0.085769 0 0 0 0 0 0 0 0 0 0 -4.0165e-18 -0.014894 -0.084466 0.008015 -0.013016 0.0022951 0 0
0 0 0.23333 0 0 0 0 0 0 0 0 0 0 1.0066e-17 0.040517 0.22978 -0.027186 0.031487 -0.005552 0 0
-0 -0 -0.24634 0 0 0 0 0 0 0 0 0 0 1.0076e-17 -0.042776 -0.24259 0.019857 -0.038995 0.0068758 0 0
-0 -0 -0.10095 0 0 0 0 0 0 0 0 0 0 -4.0184e-18 -0.017529 -0.099415 0.009314 -0.015388 0.0027134 0 0
0 0 0.22699 0 0 0 0 0 0 0 0 0 0 1.0061e-17 0.039416 0.22354 -0.026352 0.030717 -0.0054163 0 0
0 0 0.27177 0 0 0 0 0 0 0 0 0 0 -3.9516e-18 0.047192 0.26764 -0.032349 0.036039 -0.0063547 0 0
0 0 0.096493 0 0 0 0 0 0 0 0 0 0 -4.0178e-18 0.016756 0.095027 -0.010332 0.013774 -0.0024287 0 0
-0 -0 -0.33024 0 0 0 0 0 0 0 0 0 0 -4.4167e-18 -0.057345 -0.32522 0.024322 -0.053223 0.0093846 0 0
0 0 0.12289 0 0 0 0 0 0 0 0 0 0 -4.0217e-18 0.02134 0.12103 -0.01339 0.017366 -0.003062 0 0
0 0 0.33244 0 0 0 0 0 0 0 0 0 0 -4.4177e-18 0.057728 0.32739 -0.040848 0.042817 -0.0075498 0 0
0 0 0.27065 0 0 0 0 0 0 0 0 0 0 -3.9512e-18 0.046997 0.26653 -0.032196 0.035909 -0.0063317 0 0
-0 -0 -0.29616 0 0 0 0 0 0 0 0 0 0 -3.9608e-18 -0.051428 -0.29166 0.022655 -0.0474 0.008358 0 0
0 0 0.22845 0 0 0 0 0 0 0 0 0 0 1.0062e-17 0.03967 0.22498 -0.026544 0.030896 -0.0054477 0 0
-0 -0 -0.21102 0 0 0 0 0 0 0 0 0 0 -3.9322e-18 -0.036643 -0.20781 0.017618 -0.033126 0.005841 0 0
0 0 0.098661 0 0 0 0 0 0 0 0 0 0 -4.0181e-18 0.017132 0.097162 -0.01058 0.014072 -0.0024812 0 0
-0 -0 -0.15932 0 0 0 0 0 0 0 0 0 0 -3.9197e-18 -0.027666 -0.1569 0.013965 -0.024683 0.0043523 0 0
-0 -0 -0.043006 0 0 0 0 0 0 0 0 0 0 -4.0263e-18 -0.007468 -0.042353 0.0041606 -0.0064421 0.0011359 0 0
0 0 0.27117 0 0 0 0 0 0 0 0 0 0 1.0098e-17 0.047087 0.26705 -0.032267 0.035969 -0.0063423 0 0
0 0 0.32552 0 0 0 0 0 0 0 0 0 0 9.7116e-18 0.056527 0.32058 -0.039858 0.04207 -0.0074181 0 0
-0 -0 -0.2097 0 0 0 0 0 0 0 0 0 0 -3.9319e-18 -0.036413 -0.20651 0.01753 -0.032907 0.0058024 0 0
0 0 0.27691 0 0 0 0 0 0 0 0 0 0 -3.9535e-18 0.048085 0.27271 -0.033053 0.036633 -0.0064594 0 0
0 0 0.076486 0 0 0 0 0 0 0 0 0 0 9.8759e-18 0.013282 0.075324 -0.0080797 0.011 -0.0019395 0 0
0 0 0.010801 0 0 0 0 0 0 0 0 0 0 9.8503e-18 0.0018756 0.010637 -0.0010889 0.0015898 -0.00028032 0 0
0 0 0.26216 0 0 0 0 0 0 0 0 0 0 1.009e-17 0.045524 0.25818 -0.031042 0.03492 -0.0061574 0 0
0 0 0.11024 0 0 0 0 0 0 0 0 0 0 -4.0197e-18 0.019143 0.10857 -0.011912 0.015654 -0.0027602 0 0
-0 -0 -0.21988 0 0 0 0 0 0 0 0 0 0 1.0055e-17 -0.038181 -0.21654 0.0182 -0.03459 0.0060992 0 0
-0 -0 -0.097692 0 0 0 0 0 0 0 0 0 0 9.882e-18 -0.016964 -0.096207 0.0090384 -0.014878 0.0026233 0 0
0 0 0.089676 0 0 0 0 0 0 0 0 0 0 9.8795e-18 0.015572 0.088313 -0.0095583 0.012834 -0.0022629 0 0
-0 -0 -0.20275 0 0 0 0 0 0 0 0 0 0 -3.93e-18 -0.035207 -0.19967 0.017064 -0.031762 0.0056005 0 0
0 0 0.062191 0 0 0 0 0 0 0 0 0 0 -4.0413e-18 0.010799 0.061247 -0.0065051 0.0089907 -0.0015853 0 0
0 0 0.16246 0 0 0 0 0 0 0 0 0 0 -3.9204e-18 0.028211 0.15999 -0.01815 0.022597 -0.0039845 0 0
0 0 0.10029 0 0 0 0 0 0 0 0 0 0 -4.0183e-18 0.017415 0.098764 -0.010766 0.014295 -0.0025206 0 0
0 0 0.066467 0 0 0 0 0 0 0 0 0 0 9.8464e-18 0.011542 0.065457 -0.006973 0.0095939 -0.0016917 0 0
0 0 0.14799 0 0 0 0 0 0 0 0 0 0 -4.0262e-18 0.025699 0.14574 -0.016385 0.020705 -0.0036509 0 0
-0 -0 -0.055634 0 0 0 0 0 0 0 0 0 0 -4.0407e-18 -0.0096607 -0.054788 0.0053284 -0.0083664 0.0014752 0 0
0 0 0.24162 0 0 0 0 0 0 0 0 0 0 -3.9414e-18 0.041956 0.23795 -0.028284 0.032485 -0.005728 0 0
0 0 0.22489 0 0 0 0 0 0 0 0 0 0 1.0059e-17 0.039051 0.22147 -0.026077 0.030461 -0.0053712 0 0
-0 -0 -0.047018 0 0 0 0 0 0 0 0 0 0 -4.0266e-18 -0.0081645 -0.046303 0.0045343 -0.0070518 0.0012434 0 0
-0 -0 -0.083114 0 0 0 0 0 0 0 0 0 0 9.8776e-18 -0.014433 -0.081851 0.007784 -0.012603 0.0022223 0 0
0 0 0.048346 0 0 0 0 0 0 0 0 0 0 9.8565e-18 0.0083952 0.047611 -0.005008 0.0070239 -0.0012385 0 0
0 0 0.2359 0 0 0 0 0 0 0 0 0 0 1.0068e-17 0.040963 0.23231 -0.027526 0.031797 -0.0056067 0 0
-0 -0 -0.20235 0 0 0 0 0 0 0 0 0 0 -3.9299e-18 -0.035138 -0.19928 0.017037 -0.031698 0.0055892 0 0
-0 -0 -0.18178 0 0 0 0 0 0 0 0 0 0 1.003e-17 -0.031566 -0.17902 0.015607 -0.028328 0.004995 0 0
0 0 0.045037 0 0 0 0 0 0 0 0 0 0 -4.0265e-18 0.0078206 0.044353 -0.0046543 0.0065508 -0.0011551 0 0
-0 -0 -0.21867 0 0 0 0 0 0 0 0 0 0 -3.9344e-18 -0.037972 -0.21535 0.018121 -0.034391 0.006064 0 0
-0 -0 -0.028548 0 0 0 0 0 0 0 0 0 0 -4.0324e-18 -0.0049573 -0.028114 0.0027933 -0.0042567 0.00075056 0 0
-0 -0 -0.20785 0 0 0 0 0 0 0 0 0 0 -3.9314e-18 -0.036093 -0.20469 0.017407 -0.032603 0.0057488 0 0
0 0 0.20397 0 0 0 0 0 0 0 0 0 0 -3.9303e-18 0.035418 0.20087 -0.023365 0.02788 -0.004916 0 0
-0 -0 -0.22387 0 0 0 0 0 0 0 0 0 0 -3.9359e-18 -0.038874 -0.22047 0.018457 -0.035252 0.0062159 0 0
-0 -0 -0.18257 0 0 0 0 0 0 0 0 0 0 1.003e-17 -0.031703 -0.1798 0.015663 -0.028457 0.0050178 0 0
-0 -0 -0.32514 0 0 0 0 0 0 0 0 0 0 -4.4142e-18 -0.05646 -0.3202 0.024085 -0.052348 0.0092304 0 0
-0 -0 -0.32273 0 0 0 0 0 0 0 0 0 0 -4.413e-18 -0.056042 -0.31783 0.023972 -0.051935 0.0091576 0 0
-0 -0 -0.25686 0 0 0 0 0 0 0 0 0 0 -1.7978e-17 -0.044603 -0.25296 0.020483 -0.040759 0.0071869 0 0
0 0 0.25787 0 0 0 0 0 0 0 0 0 0 -3.9467e-18 0.044778 0.25395 -0.030461 0.034415 -0.0060684 0 0
-0 -0 -0.015935 0 0 0 0 0 0 0 0 0 0 9.8514e-18 -0.0027672 -0.015693 0.0015744 -0.0023664 0.00041726 0 0
0 0 0.17394 0 0 0 0 0 0 0 0 0 0 -3.9229e-18 0.030205 0.1713 -0.01957 0.02408 -0.0042459 0 0
-0 -0 -0.19834 0 0 0 0 0 0 0 0 0 0 -3.9288e-18 -0.034441 -0.19532 0.016763 -0.031037 0.0054727 0 0
-0 -0 -0.13478 0 0 0 0 0 0 0 0 0 0 -4.0237e-18 -0.023404 -0.13273 0.012077 -0.020743 0.0036575 0 0
