-0 -0 -0.25172 0 0 0 0 0 0 0 0 0 0 -0.007571 -0.042827 -0.24793 -0.017156 -0.032943 0.0062142 0 0
0 0 0.078033 0 0 0 0 0 0 0 0 0 0 0.002347 0.013276 0.07686 0.0035498 0.010969 -0.0020031 0 0
-0 -0 -0.13022 0 0 0 0 0 0 0 0 0 0 -0.0039166 -0.022155 -0.12826 -0.0078214 -0.017581 0.0032757 0 0
-0 -0 -0.11601 0 0 0 0 0 0 0 0 0 0 -0.0034893 -0.019738 -0.11427 -0.0068556 -0.015714 0.0029237 0 0
-0 -0 -0.241 0 0 0 0 0 0 0 0 0 0 -0.0072487 -0.041004 -0.23738 -0.016257 -0.031635 0.0059608 0 0
-0 -0 -0.17597 0 0 0 0 0 0 0 0 0 0 -0.0052927 -0.029939 -0.17333 -0.011113 -0.023497 0.0043981 0 0
-0 -0 -0.0054706 0 0 0 0 0 0 0 0 0 0 -0.00016454 -0.00093075 -0.0053883 -0.00028133 -0.00075812 0.00013954 0 0
0 0 0.1607 0 0 0 0 0 0 0 0 0 0 0.0048335 0.027342 0.15829 0.0063507 0.022855 -0.0041417 0 0
-0 -0 -0.1011 0 0 0 0 0 0 0 0 0 0 -0.0030408 -0.017201 -0.099581 -0.0058714 -0.01374 0.0025527 0 0
0 0 0.16846 0 0 0 0 0 0 0 0 0 0 0.0050669 0.028662 0.16593 0.0065621 0.023981 -0.0043428 0 0
-0 -0 -0.23447 0 0 0 0 0 0 0 0 0 0 -0.0070521 -0.039891 -0.23094 -0.015715 -0.030832 0.0058056 0 0
-0 -0 -0.012864 0 0 0 0 0 0 0 0 0 0 -0.0003869 -0.0021886 -0.01267 -0.00066822 -0.0017802 0.00032791 0 0
-0 -0 -0.33471 0 0 0 0 0 0 0 0 0 0 -0.010067 -0.056946 -0.32967 -0.02459 -0.042736 0.0081329 0 0
0 0 0.1552 0 0 0 0 0 0 0 0 0 0 0.0046681 0.026406 0.15287 0.0061954 0.022057 -0.0039992 0 0
0 0 0.026665 0 0 0 0 0 0 0 0 0 0 0.000802 0.0045367 0.026264 0.0013107 0.0037167 -0.00068202 0 0
0 0 0.068907 0 0 0 0 0 0 0 0 0 0 0.0020725 0.011724 0.067871 0.0031797 0.0096725 -0.0017679 0 0
-0 -0 -0.28444 0 0 0 0 0 0 0 0 0 0 -0.0085551 -0.048393 -0.28016 -0.019988 -0.036877 0.0069802 0 0
-0 -0 -0.030388 0 0 0 0 0 0 0 0 0 0 -0.00091398 -0.0051701 -0.029931 -0.0016159 -0.0041912 0.00077331 0 0
0 0 0.088388 0 0 0 0 0 0 0 0 0 0 0.0026584 0.015038 0.087058 0.0039552 0.012445 -0.0022704 0 0
0 0 0.1614 0 0 0 0 0 0 0 0 0 0 0.0048544 0.02746 0.15897 0.00637 0.022955 -0.0041597 0 0
0 0 0.032849 0 0 0 0 0 0 0 0 0 0 0.00098802 0.0055889 0.032355 0.0016003 0.0045836 -0.00084061 0 0
0 0 0.066598 0 0 0 0 0 0 0 0 0 0 0.0020031 0.011331 0.065597 0.0030842 0.0093449 -0.0017084 0 0
-0 -0 -0.02274 0 0 0 0 0 0 0 0 0 0 -0.00068396 -0.0038689 -0.022398 -0.001197 -0.0031411 0.00057912 0 0
-0 -0 -0.2932 0 0 0 0 0 0 0 0 0 0 -0.0088186 -0.049884 -0.28879 -0.020768 -0.037915 0.0071833 0 0
-0 -0 -0.0087123 0 0 0 0 0 0 0 0 0 0 -0.00026204 -0.0014823 -0.0085813 -0.00045003 -0.0012066 0.00022217 0 0
0 0 0.10359 0 0 0 0 0 0 0 0 0 0 0.0031156 0.017624 0.10203 0.0045221 0.014618 -0.0026631 0 0
-0 -0 -0.04005 0 0 0 0 0 0 0 0 0 0 -0.0012046 -0.006814 -0.039448 -0.0021567 -0.0055134 0.0010182 0 0
0 0 0.1801 0 0 0 0 0 0 0 0 0 0 0.0054168 0.030641 0.17739 0.0068626 0.025674 -0.0046443 0 0
-0 -0 -0.062536 0 0 0 0 0 0 0 0 0 0 -0.0018809 -0.01064 -0.061595 -0.0034654 -0.0085696 0.0015861 0 0
0 0 0.30118 0 0 0 0 0 0 0 0 0 0 0.0090588 0.051242 0.29666 0.0087954 0.043449 -0.0077738 0 0
-0 -0 -0.27007 0 0 0 0 0 0 0 0 0 0 -0.008123 -0.045949 -0.26601 -0.018728 -0.035161 0.0066454 0 0
-0 -0 -0.00072159 0 0 0 0 0 0 0 0 0 0 -2.1703e-05 -0.00012277 -0.00071074 -3.6867e-05 -0.00010009 1.8414e-05 0 0
-0 -0 -0.32189 0 0 0 0 0 0 0 0 0 0 -0.0096815 -0.054765 -0.31705 -0.023388 -0.041264 0.0078419 0 0
0 0 0.25396 0 0 0 0 0 0 0 0 0 0 0.0076383 0.043208 0.25014 0.0083016 0.036489 -0.0065564 0 0
0 0 0.062599 0 0 0 0 0 0 0 0 0 0 0.0018828 0.01065 0.061657 0.0029169 0.0087781 -0.0016053 0 0
0 0 0.21442 0 0 0 0 0 0 0 0 0 0 0.0064491 0.03648 0.21119 0.0076321 0.030686 -0.0055336 0 0
0 0 0.26971 0 0 0 0 0 0 0 0 0 0 0.0081121 0.045887 0.26565 0.0085034 0.038808 -0.0069631 0 0
0 0 0.037417 0 0 0 0 0 0 0 0 0 0 0.0011254 0.0063659 0.036854 0.0018107 0.005225 -0.00095782 0 0
-0 -0 -0.00059809 0 0 0 0 0 0 0 0 0 0 -1.7989e-05 -0.00010176 -0.0005891 -3.0552e-05 -8.2959e-05 1.5263e-05 0 0
0 0 0.0035673 0 0 0 0 0 0 0 0 0 0 0.00010729 0.00060693 0.0035137 0.00018118 0.00049519 -9.1068e-05 0 0
0 0 0.048551 0 0 0 0 0 0 0 0 0 0 0.0014603 0.0082603 0.047821 0.002311 0.0067926 -0.0012439 0 0
0 0 0.066243 0 0 0 0 0 0 0 0 0 0 0.0019924 0.01127 0.065247 0.0030694 0.0092945 -0.0016992 0 0
-0 -0 -0.34127 0 0 0 0 0 0 0 0 0 0 -0.010264 -0.058062 -0.33614 -0.025212 -0.043484 0.0082811 0 0
-0 -0 -0.26882 0 0 0 0 0 0 0 0 0 0 -0.0080854 -0.045737 -0.26478 -0.01862 -0.035011 0.0066161 0 0
-0 -0 -0.14375 0 0 0 0 0 0 0 0 0 0 -0.0043237 -0.024458 -0.14159 -0.0087662 -0.019347 0.0036095 0 0
0 0 0.17376 0 0 0 0 0 0 0 0 0 0 0.0052263 0.029564 0.17115 0.0067015 0.024752 -0.0044802 0 0
-0 -0 -0.2967 0 0 0 0 0 0 0 0 0 0 -0.0089237 -0.050479 -0.29223 -0.021082 -0.038327 0.0072641 0 0
0 0 0.17211 0 0 0 0 0 0 0 0 0 0 0.0051764 0.029281 0.16952 0.0066584 0.024511 -0.0044372 0 0
-0 -0 -0.19607 0 0 0 0 0 0 0 0 0 0 -0.0058971 -0.033358 -0.19312 -0.012644 -0.026047 0.0048853 0 0
-0 -0 -0.13843 0 0 0 0 0 0 0 0 0 0 -0.0041635 -0.023552 -0.13635 -0.0083915 -0.018653 0.0034783 0 0
-0 -0 -0.041539 0 0 0 0 0 0 0 0 0 0 -0.0012494 -0.0070673 -0.040914 -0.0022412 -0.0057167 0.0010559 0 0
0 0 0.17709 0 0 0 0 0 0 0 0 0 0 0.0053264 0.03013 0.17443 0.0067869 0.025237 -0.0045665 0 0
-0 -0 -0.20592 0 0 0 0 0 0 0 0 0 0 -0.0061935 -0.035035 -0.20282 -0.013415 -0.027286 0.0051228 0 0
-0 -0 -0.28774 0 0 0 0 0 0 0 0 0 0 -0.0086543 -0.048955 -0.28341 -0.02028 -0.037269 0.0070568 0 0
-0 -0 -0.33373 0 0 0 0 0 0 0 0 0 0 -0.010038 -0.05678 -0.32871 -0.024498 -0.042625 0.0081108 0 0
-0 -0 -0.02093 0 0 0 0 0 0 0 0 0 0 -0.00062953 -0.003561 -0.020616 -0.0010991 -0.0028921 0.00053313 0 0
-0 -0 -0.2849 0 0 0 0 0 0 0 0 0 0 -0.0085691 -0.048473 -0.28062 -0.020029 -0.036932 0.006991 0 0
0 0 0.31187 0 0 0 0 0 0 0 0 0 0 0.0093802 0.053061 0.30718 0.0088608 0.045027 -0.0080483 0 0
-0 -0 -0.008726 0 0 0 0 0 0 0 0 0 0 -0.00026245 -0.0014846 -0.0085948 -0.00045074 -0.0012085 0.00022252 0 0
0 0 0.30792 0 0 0 0 0 0 0 0 0 0 0.0092614 0.052389 0.30329 0.0088386 0.044444 -0.0079469 0 0
0 0 0.049083 0 0 0 0 0 0 0 0 0 0 0.0014763 0.0083509 0.048345 0.0023345 0.0068676 -0.0012576 0 0
0 0 0.085812 0 0 0 0 0 0 0 0 0 0 0.002581 0.0146 0.084521 0.0038558 0.012077 -0.0022039 0 0
0 0 0.11189 0 0 0 0 0 0 0 0 0 0 0.0033652 0.019036 0.1102 0.0048173 0.015808 -0.0028776 0 0
-0 -0 -0.27573 0 0 0 0 0 0 0 0 0 0 -0.0082931 -0.046912 -0.27158 -0.019221 -0.035839 0.0067775 0 0
0 0 0.30365 0 0 0 0 0 0 0 0 0 0 0.0091329 0.051662 0.29908 0.008812 0.043814 -0.0078372 0 0
-0 -0 -0.16243 0 0 0 0 0 0 0 0 0 0 -0.0048853 -0.027634 -0.15998 -0.010109 -0.021761 0.0040676 0 0
0 0 0.031873 0 0 0 0 0 0 0 0 0 0 0.00095864 0.0054227 0.031394 0.0015549 0.0044466 -0.00081556 0 0
-0 -0 -0.25088 0 0 0 0 0 0 0 0 0 0 -0.0075457 -0.042684 -0.24711 -0.017085 -0.03284 0.0061944 0 0
0 0 0.33483 0 0 0 0 0 0 0 0 0 0 0.010071 0.056966 0.32979 0.0089435 0.048419 -0.0086367 0 0
-0 -0 -0.090244 0 0 0 0 0 0 0 0 0 0 -0.0027143 -0.015354 -0.088887 -0.0051735 -0.012294 0.0022816 0 0
-0 -0 -0.24082 0 0 0 0 0 0 0 0 0 0 -0.0072431 -0.040972 -0.2372 -0.016241 -0.031612 0.0059564 0 0
-0 -0 -0.19323 0 0 0 0 0 0 0 0 0 0 -0.0058119 -0.032876 -0.19033 -0.012425 -0.025689 0.0048168 0 0
0 0 0.15892 0 0 0 0 0 0 0 0 0 0 0.00478 0.027039 0.15653 0.006301 0.022597 -0.0040956 0 0
0 0 0.27256 0 0 0 0 0 0 0 0 0 0 0.0081977 0.046372 0.26846 0.0085359 0.039227 -0.0070365 0 0
-0 -0 -0.15896 0 0 0 0 0 0 0 0 0 0 -0.004781 -0.027044 -0.15657 -0.0098565 -0.021314 0.0039827 0 0
-0 -0 -0.11673 0 0 0 0 0 0 0 0 0 0 -0.0035109 -0.01986 -0.11497 -0.0069039 -0.015809 0.0029415 0 0
0 0 0.21966 0 0 0 0 0 0 0 0 0 0 0.0066066 0.037371 0.21635 0.0077341 0.031453 -0.0056691 0 0
0 0 0.16345 0 0 0 0 0 0 0 0 0 0 0.004916 0.027808 0.16099 0.0064265 0.023253 -0.0042128 0 0
0 0 0.34693 0 0 0 0 0 0 0 0 0 0 0.010435 0.059026 0.34172 0.0089552 0.050208 -0.0089461 0 0
-0 -0 -0.31868 0 0 0 0 0 0 0 0 0 0 -0.009585 -0.054219 -0.31389 -0.02309 -0.040893 0.0077687 0 0
0 0 0.036146 0 0 0 0 0 0 0 0 0 0 0.0010872 0.0061497 0.035602 0.0017524 0.0050464 -0.0009252 0 0
0 0 0.29481 0 0 0 0 0 0 0 0 0 0 0.0088671 0.050158 0.29038 0.0087482 0.042509 -0.0076098 0 0
-0 -0 -0.21553 0 0 0 0 0 0 0 0 0 0 -0.0064826 -0.03667 -0.21229 -0.014178 -0.028487 0.0053536 0 0
-0 -0 -0.14672 0 0 0 0 0 0 0 0 0 0 -0.0044129 -0.024962 -0.14451 -0.0089766 -0.019732 0.0036825 0 0
0 0 0.32674 0 0 0 0 0 0 0 0 0 0 0.0098273 0.05559 0.32182 0.0089233 0.047223 -0.0084296 0 0
-0 -0 -0.11174 0 0 0 0 0 0 0 0 0 0 -0.0033608 -0.019011 -0.11006 -0.0065705 -0.01515 0.0028175 0 0
0 0 0.17115 0 0 0 0 0 0 0 0 0 0 0.0051478 0.029119 0.16858 0.0066334 0.024373 -0.0044125 0 0
-0 -0 -0.27129 0 0 0 0 0 0 0 0 0 0 -0.0081595 -0.046156 -0.26721 -0.018834 -0.035307 0.0066738 0 0
0 0 0.12096 0 0 0 0 0 0 0 0 0 0 0.0036382 0.02058 0.11914 0.0051288 0.017112 -0.0031125 0 0
0 0 0.27182 0 0 0 0 0 0 0 0 0 0 0.0081756 0.046247 0.26774 0.0085276 0.039119 -0.0070176 0 0
0 0 0.031511 0 0 0 0 0 0 0 0 0 0 0.00094774 0.0053611 0.031037 0.0015381 0.0043958 -0.00080627 0 0
0 0 0.30034 0 0 0 0 0 0 0 0 0 0 0.0090334 0.051099 0.29582 0.0087895 0.043325 -0.0077521 0 0
-0 -0 -0.2373 0 0 0 0 0 0 0 0 0 0 -0.0071374 -0.040374 -0.23373 -0.01595 -0.03118 0.0058729 0 0
0 0 0.31904 0 0 0 0 0 0 0 0 0 0 0.0095958 0.05428 0.31424 0.0088951 0.046086 -0.0082323 0 0
0 0 0.19032 0 0 0 0 0 0 0 0 0 0 0.0057242 0.03238 0.18746 0.00711 0.027164 -0.0049092 0 0
-0 -0 -0.0059459 0 0 0 0 0 0 0 0 0 0 -0.00017883 -0.0010116 -0.0058564 -0.00030597 -0.00082391 0.00015166 0 0
-0 -0 -0.15815 0 0 0 0 0 0 0 0 0 0 -0.0047568 -0.026908 -0.15578 -0.0097981 -0.021211 0.003963 0 0
0 0 0.25864 0 0 0 0 0 0 0 0 0 0 0.0077792 0.044004 0.25475 0.0083655 0.037178 -0.0066773 0 0
-0 -0 -0.21365 0 0 0 0 0 0 0 0 0 0 -0.0064261 -0.03635 -0.21044 -0.014028 -0.028253 0.0053086 0 0
0 0 0.26347 0 0 0 0 0 0 0 0 0 0 0.0079243 0.044825 0.25951 0.0084278 0.037888 -0.006802 0 0
