-0 -0 -0 0.1427 0 0 0 0 0 0 0 0.1427 0 0 0 0
0 0 0 0.071583 0 0 0 0 0 0 0 0.071583 0 0 0 0
0 0 0 0.19978 0 0 0 0 0 0 0 0.19978 0 0 0 0
-0 -0 -0 0.12829 0 0 0 0 0 0 0 0.12829 0 0 0 0
-0 -0 -0 0.040195 0 0 0 0 0 0 0 0.040195 0 0 0 0
0 0 0 0.045115 0 0 0 0 0 0 0 0.045115 0 0 0 0
0 0 0 0.071083 0 0 0 0 0 0 0 0.071083 0 0 0 0
0 0 0 0.12708 0 0 0 0 0 0 0 0.12708 0 0 0 0
-0 -0 -0 0.083216 0 0 0 0 0 0 0 0.083216 0 0 0 0
0 0 0 0.0021916 0 0 0 0 0 0 0 0.0021916 0 0 0 0
0 0 0 0.050158 0 0 0 0 0 0 0 0.050158 0 0 0 0
-0 -0 -0 0.12436 0 0 0 0 0 0 0 0.12436 0 0 0 0
-0 -0 -0 0.16384 0 0 0 0 0 0 0 0.16384 0 0 0 0
-0 -0 -0 0.15705 0 0 0 0 0 0 0 0.15705 0 0 0 0
0 0 0 0.062372 0 0 0 0 0 0 0 0.062372 0 0 0 0
-0 -0 -0 0.013661 0 0 0 0 0 0 0 0.013661 0 0 0 0
-0 -0 -0 0.16307 0 0 0 0 0 0 0 0.16307 0 0 0 0
0 0 0 0.11145 0 0 0 0 0 0 0 0.11145 0 0 0 0
-0 -0 -0 0.14178 0 0 0 0 0 0 0 0.14178 0 0 0 0
-0 -0 -0 0.19227 0 0 0 0 0 0 0 0.19227 0 0 0 0
-0 -0 -0 0.05029 0 0 0 0 0 0 0 0.05029 0 0 0 0
0 0 0 0.12449 0 0 0 0 0 0 0 0.12449 0 0 0 0
0 0 0 0.16197 0 0 0 0 0 0 0 0.16197 0 0 0 0
0 0 0 0.028026 0 0 0 0 0 0 0 0.028026 0 0 0 0
0 0 0 0.13632 0 0 0 0 0 0 0 0.13632 0 0 0 0
0 0 0 0.098336 0 0 0 0 0 0 0 0.098336 0 0 0 0
0 0 0 0.19081 0 0 0 0 0 0 0 0.19081 0 0 0 0
0 0 0 0.079591 0 0 0 0 0 0 0 0.079591 0 0 0 0
0 0 0 0.19701 0 0 0 0 0 0 0 0.19701 0 0 0 0
-0 -0 -0 0.020422 0 0 0 0 0 0 0 0.020422 0 0 0 0
-0 -0 -0 0.13203 0 0 0 0 0 0 0 0.13203 0 0 0 0
-0 -0 -0 0.16717 0 0 0 0 0 0 0 0.16717 0 0 0 0
0 0 0 0.085899 0 0 0 0 0 0 0 0.085899 0 0 0 0
-0 -0 -0 0.10737 0 0 0 0 0 0 0 0.10737 0 0 0 0
-0 -0 -0 0.18709 0 0 0 0 0 0 0 0.18709 0 0 0 0
0 0 0 0.019483 0 0 0 0 0 0 0 0.019483 0 0 0 0
0 0 0 0.07687 0 0 0 0 0 0 0 0.07687 0 0 0 0
0 0 0 0.1775 0 0 0 0 0 0 0 0.1775 0 0 0 0
-0 -0 -0 0.18809 0 0 0 0 0 0 0 0.18809 0 0 0 0
0 0 0 0.14045 0 0 0 0 0 0 0 0.14045 0 0 0 0
-0 -0 -0 0.039775 0 0 0 0 0 0 0 0.039775 0 0 0 0
-0 -0 -0 0.00185 0 0 0 0 0 0 0 0.00185 0 0 0 0
0 0 0 0.0166 0 0 0 0 0 0 0 0.0166 0 0 0 0
0 0 0 0.15622 0 0 0 0 0 0 0 0.15622 0 0 0 0
-0 -0 -0 0.05132 0 0 0 0 0 0 0 0.05132 0 0 0 0
0 0 0 0.071816 0 0 0 0 0 0 0 0.071816 0 0 0 0
0 0 0 0.12631 0 0 0 0 0 0 0 0.12631 0 0 0 0
-0 -0 -0 0.0076584 0 0 0 0 0 0 0 0.0076584 0 0 0 0
-0 -0 -0 0.11713 0 0 0 0 0 0 0 0.11713 0 0 0 0
-0 -0 -0 0.02513 0 0 0 0 0 0 0 0.02513 0 0 0 0
0 0 0 0.17441 0 0 0 0 0 0 0 0.17441 0 0 0 0
-0 -0 -0 0.16289 0 0 0 0 0 0 0 0.16289 0 0 0 0
-0 -0 -0 0.0053451 0 0 0 0 0 0 0 0.0053451 0 0 0 0
0 0 0 0.026305 0 0 0 0 0 0 0 0.026305 0 0 0 0
0 0 0 0.11654 0 0 0 0 0 0 0 0.11654 0 0 0 0
0 0 0 0.11725 0 0 0 0 0 0 0 0.11725 0 0 0 0
0 0 0 0.13327 0 0 0 0 0 0 0 0.13327 0 0 0 0
-0 -0 -0 0.095792 0 0 0 0 0 0 0 0.095792 0 0 0 0
0 0 0 0.085942 0 0 0 0 0 0 0 0.085942 0 0 0 0
0 0 0 0.14428 0 0 0 0 0 0 0 0.14428 0 0 0 0
-0 -0 -0 0.079698 0 0 0 0 0 0 0 0.079698 0 0 0 0
-0 -0 -0 0.15823 0 0 0 0 0 0 0 0.15823 0 0 0 0
-0 -0 -0 0.19966 0 0 0 0 0 0 0 0.19966 0 0 0 0
-0 -0 -0 0.089569 0 0 0 0 0 0 0 0.089569 0 0 0 0
0 0 0 0.0027235 0 0 0 0 0 0 0 0.0027235 0 0 0 0
-0 -0 -0 0.13536 0 0 0 0 0 0 0 0.13536 0 0 0 0
0 0 0 0.019243 0 0 0 0 0 0 0 0.019243 0 0 0 0
-0 -0 -0 0.19686 0 0 0 0 0 0 0 0.19686 0 0 0 0
0 0 0 0.15825 0 0 0 0 0 0 0 0.15825 0 0 0 0
-0 -0 -0 0.088991 0 0 0 0 0 0 0 0.088991 0 0 0 0
-0 -0 -0 0.10902 0 0 0 0 0 0 0 0.10902 0 0 0 0
0 0 0 0.032425 0 0 0 0 0 0 0 0.032425 0 0 0 0
0 0 0 0.14511 0 0 0 0 0 0 0 0.14511 0 0 0 0
-0 -0 -0 0.18459 0 0 0 0 0 0 0 0.18459 0 0 0 0
0 0 0 0.18241 0 0 0 0 0 0 0 0.18241 0 0 0 0
0 0 0 0.041874 0 0 0 0 0 0 0 0.041874 0 0 0 0
0 0 0 0.17888 0 0 0 0 0 0 0 0.17888 0 0 0 0
-0 -0 -0 0.044124 0 0 0 0 0 0 0 0.044124 0 0 0 0
-0 -0 -0 0.036111 0 0 0 0 0 0 0 0.036111 0 0 0 0
0 0 0 0.055679 0 0 0 0 0 0 0 0.055679 0 0 0 0
0 0 0 0.17199 0 0 0 0 0 0 0 0.17199 0 0 0 0
-0 -0 -0 0.015721 0 0 0 0 0 0 0 0.015721 0 0 0 0
-0 -0 -0 0.017679 0 0 0 0 0 0 0 0.017679 0 0 0 0
-0 -0 -0 0.071447 0 0 0 0 0 0 0 0.071447 0 0 0 0
-0 -0 -0 0.074531 0 0 0 0 0 0 0 0.074531 0 0 0 0
0 0 0 0.16149 0 0 0 0 0 0 0 0.16149 0 0 0 0
-0 -0 -0 0.13719 0 0 0 0 0 0 0 0.13719 0 0 0 0
-0 -0 -0 0.045072 0 0 0 0 0 0 0 0.045072 0 0 0 0
-0 -0 -0 0.032759 0 0 0 0 0 0 0 0.032759 0 0 0 0
-0 -0 -0 0.083734 0 0 0 0 0 0 0 0.083734 0 0 0 0
0 0 0 0.094723 0 0 0 0 0 0 0 0.094723 0 0 0 0
-0 -0 -0 0.10003 0 0 0 0 0 0 0 0.10003 0 0 0 0
0 0 0 0.14526 0 0 0 0 0 0 0 0.14526 0 0 0 0
-0 -0 -0 0.19687 0 0 0 0 0 0 0 0.19687 0 0 0 0
-0 -0 -0 0.086225 0 0 0 0 0 0 0 0.086225 0 0 0 0
0 0 0 0.12568 0 0 0 0 0 0 0 0.12568 0 0 0 0
0 0 0 0.089211 0 0 0 0 0 0 0 0.089211 0 0 0 0
-0 -0 -0 0.16134 0 0 0 0 0 0 0 0.16134 0 0 0 0
0 0 0 0.0079237 0 0 0 0 0 0 0 0.0079237 0 0 0 0
0 0 0 0.090854 0 0 0 0 0 0 0 0.090854 0 0 0 0
