0 0 0.16654 0 0 0 0 0 0 0 0 0 0 0.0074182 0.027613 0.16406 -0.022574 0.010601 -0.00076351 0 0
0 0 0.099227 0 0 0 0 0 0 0 0 0 0 0.00442 0.016452 0.097754 -0.013241 0.0067632 -0.00053958 0 0
-0 -0 -0.018721 0 0 0 0 0 0 0 0 0 0 -0.00083391 -0.003104 -0.018443 0.0024197 -0.0014191 0.00012944 0 0
0 0 0.32496 0 0 0 0 0 0 0 0 0 0 0.014475 0.053879 0.32013 -0.045395 0.017137 -0.00083161 0 0
-0 -0 -0.048419 0 0 0 0 0 0 0 0 0 0 -0.0021568 -0.0080281 -0.0477 0.0062024 -0.0037609 0.00035254 0 0
0 0 0.025487 0 0 0 0 0 0 0 0 0 0 0.0011353 0.0042259 0.025109 -0.003336 0.00186 -0.0001622 0 0
-0 -0 -0.3122 0 0 0 0 0 0 0 0 0 0 -0.013907 -0.051764 -0.30756 0.036309 -0.029092 0.0032545 0 0
0 0 0.036767 0 0 0 0 0 0 0 0 0 0 0.0016378 0.0060961 0.036221 -0.0048274 0.0026563 -0.0002288 0 0
0 0 0.19253 0 0 0 0 0 0 0 0 0 0 0.008576 0.031922 0.18967 -0.026244 0.011916 -0.00081895 0 0
-0 -0 -0.25148 0 0 0 0 0 0 0 0 0 0 -0.011202 -0.041697 -0.24775 0.029991 -0.022584 0.002445 0 0
-0 -0 -0.12362 0 0 0 0 0 0 0 0 0 0 -0.0055064 -0.020496 -0.12178 0.015454 -0.010175 0.0010136 0 0
0 0 0.14445 0 0 0 0 0 0 0 0 0 0 0.0064347 0.023951 0.14231 -0.019485 0.0094104 -0.0007028 0 0
-0 -0 -0.089285 0 0 0 0 0 0 0 0 0 0 -0.0039772 -0.014804 -0.08796 0.01129 -0.0071617 0.00069485 0 0
0 0 0.051631 0 0 0 0 0 0 0 0 0 0 0.0022999 0.0085608 0.050865 -0.0068062 0.0036804 -0.00031169 0 0
-0 -0 -0.11602 0 0 0 0 0 0 0 0 0 0 -0.0051679 -0.019236 -0.11429 0.014542 -0.0094955 0.00094064 0 0
-0 -0 -0.10794 0 0 0 0 0 0 0 0 0 0 -0.004808 -0.017897 -0.10633 0.013566 -0.0087811 0.00086454 0 0
-0 -0 -0.15357 0 0 0 0 0 0 0 0 0 0 -0.0068406 -0.025462 -0.15129 0.019 -0.012916 0.0013147 0 0
-0 -0 -0.22025 0 0 0 0 0 0 0 0 0 0 -0.009811 -0.036519 -0.21698 0.026589 -0.019387 0.0020606 0 0
-0 -0 -0.0088314 0 0 0 0 0 0 0 0 0 0 -0.00039339 -0.0014643 -0.0087003 0.0011448 -0.00066391 5.9977e-05 0 0
-0 -0 -0.34814 0 0 0 0 0 0 0 0 0 0 -0.015508 -0.057724 -0.34297 0.039858 -0.033117 0.0037715 0 0
0 0 0.30786 0 0 0 0 0 0 0 0 0 0 0.013714 0.051045 0.30329 -0.042887 0.016604 -0.00085535 0 0
0 0 0.2815 0 0 0 0 0 0 0 0 0 0 0.012539 0.046675 0.27732 -0.039038 0.0157 -0.00087722 0 0
-0 -0 -0.19751 0 0 0 0 0 0 0 0 0 0 -0.008798 -0.032749 -0.19458 0.02405 -0.017124 0.0017947 0 0
-0 -0 -0.019703 0 0 0 0 0 0 0 0 0 0 -0.00087767 -0.0032669 -0.019411 0.0025459 -0.0014948 0.00013647 0 0
0 0 0.2024 0 0 0 0 0 0 0 0 0 0 0.0090159 0.033559 0.1994 -0.027647 0.012391 -0.00083547 0 0
0 0 0.27303 0 0 0 0 0 0 0 0 0 0 0.012162 0.04527 0.26898 -0.037807 0.015388 -0.00088045 0 0
0 0 0.1002 0 0 0 0 0 0 0 0 0 0 0.0044634 0.016614 0.098712 -0.013374 0.006823 -0.00054364 0 0
-0 -0 -0.14144 0 0 0 0 0 0 0 0 0 0 -0.0063004 -0.023452 -0.13934 0.017575 -0.011794 0.0011903 0 0
0 0 0.073534 0 0 0 0 0 0 0 0 0 0 0.0032755 0.012192 0.072442 -0.0097491 0.0051365 -0.00042368 0 0
-0 -0 -0.30993 0 0 0 0 0 0 0 0 0 0 -0.013806 -0.051389 -0.30533 0.03608 -0.028842 0.0032229 0 0
-0 -0 -0.032652 0 0 0 0 0 0 0 0 0 0 -0.0014545 -0.0054139 -0.032167 0.0042028 -0.0025039 0.00023139 0 0
-0 -0 -0.2741 0 0 0 0 0 0 0 0 0 0 -0.012209 -0.045447 -0.27003 0.032391 -0.024964 0.002737 0 0
-0 -0 -0.04478 0 0 0 0 0 0 0 0 0 0 -0.0019947 -0.0074248 -0.044115 0.0057426 -0.0034681 0.00032404 0 0
-0 -0 -0.10043 0 0 0 0 0 0 0 0 0 0 -0.0044738 -0.016653 -0.098943 0.012654 -0.0081248 0.00079528 0 0
-0 -0 -0.11266 0 0 0 0 0 0 0 0 0 0 -0.0050182 -0.018679 -0.11098 0.014136 -0.0091976 0.0009088 0 0
-0 -0 -0.31351 0 0 0 0 0 0 0 0 0 0 -0.013965 -0.051982 -0.30886 0.036441 -0.029236 0.0032729 0 0
-0 -0 -0.037572 0 0 0 0 0 0 0 0 0 0 -0.0016736 -0.0062297 -0.037015 0.0048289 -0.0028929 0.00026854 0 0
-0 -0 -0.32706 0 0 0 0 0 0 0 0 0 0 -0.014569 -0.054228 -0.3222 0.037794 -0.03074 0.0034649 0 0
0 0 0.25838 0 0 0 0 0 0 0 0 0 0 0.011509 0.04284 0.25454 -0.035682 0.014825 -0.00088168 0 0
-0 -0 -0.07554 0 0 0 0 0 0 0 0 0 0 -0.0033649 -0.012525 -0.074418 0.0095946 -0.0059951 0.00057518 0 0
0 0 0.02818 0 0 0 0 0 0 0 0 0 0 0.0012553 0.0046724 0.027762 -0.0036913 0.0020516 -0.00017839 0 0
0 0 0.072309 0 0 0 0 0 0 0 0 0 0 0.003221 0.011989 0.071235 -0.0095837 0.0050567 -0.00041773 0 0
-0 -0 -0.037895 0 0 0 0 0 0 0 0 0 0 -0.001688 -0.0062833 -0.037333 0.00487 -0.0029185 0.000271 0 0
0 0 0.20618 0 0 0 0 0 0 0 0 0 0 0.009184 0.034185 0.20312 -0.028185 0.012569 -0.00084112 0 0
-0 -0 -0.17049 0 0 0 0 0 0 0 0 0 0 -0.0075943 -0.028268 -0.16796 0.020967 -0.014511 0.0014942 0 0
-0 -0 -0.017873 0 0 0 0 0 0 0 0 0 0 -0.00079614 -0.0029634 -0.017608 0.0023106 -0.0013539 0.00012339 0 0
-0 -0 -0.27743 0 0 0 0 0 0 0 0 0 0 -0.012358 -0.045999 -0.27331 0.032739 -0.025319 0.002781 0 0
0 0 0.09732 0 0 0 0 0 0 0 0 0 0 0.0043351 0.016136 0.095875 -0.01298 0.0066455 -0.00053155 0 0
-0 -0 -0.055414 0 0 0 0 0 0 0 0 0 0 -0.0024684 -0.009188 -0.054592 0.0070832 -0.0043286 0.00040825 0 0
-0 -0 -0.029585 0 0 0 0 0 0 0 0 0 0 -0.0013178 -0.0049053 -0.029145 0.0038115 -0.002263 0.00020853 0 0
0 0 0.020584 0 0 0 0 0 0 0 0 0 0 0.00091691 0.003413 0.020278 -0.0026906 0.0015087 -0.00013226 0 0
0 0 0.34282 0 0 0 0 0 0 0 0 0 0 0.015271 0.056842 0.33773 -0.048026 0.017648 -0.00079877 0 0
0 0 0.34682 0 0 0 0 0 0 0 0 0 0 0.015449 0.057505 0.34167 -0.048616 0.017756 -0.0007903 0 0
-0 -0 -0.059 0 0 0 0 0 0 0 0 0 0 -0.0026281 -0.0097826 -0.058124 0.0075331 -0.0046219 0.00043727 0 0
-0 -0 -0.2374 0 0 0 0 0 0 0 0 0 0 -0.010575 -0.039362 -0.23387 0.028469 -0.021129 0.0022689 0 0
0 0 0.00037992 0 0 0 0 0 0 0 0 0 0 1.6923e-05 6.2992e-05 0.00037428 -4.9377e-05 2.8337e-05 -2.5367e-06 0 0
-0 -0 -0.28088 0 0 0 0 0 0 0 0 0 0 -0.012512 -0.046572 -0.27671 0.0331 -0.025688 0.0028268 0 0
-0 -0 -0.28121 0 0 0 0 0 0 0 0 0 0 -0.012527 -0.046627 -0.27704 0.033135 -0.025724 0.0028313 0 0
0 0 0.10492 0 0 0 0 0 0 0 0 0 0 0.0046736 0.017396 0.10336 -0.01402 0.0071116 -0.00056299 0 0
0 0 0.24988 0 0 0 0 0 0 0 0 0 0 0.011131 0.041432 0.24617 -0.034454 0.014484 -0.00087986 0 0
0 0 0.032538 0 0 0 0 0 0 0 0 0 0 0.0014494 0.005395 0.032055 -0.0042672 0.0023597 -0.00020421 0 0
0 0 0.0032864 0 0 0 0 0 0 0 0 0 0 0.00014639 0.0005449 0.0032376 -0.00042748 0.00024451 -2.1824e-05 0 0
-0 -0 -0.2499 0 0 0 0 0 0 0 0 0 0 -0.011132 -0.041436 -0.24619 0.029822 -0.02242 0.002425 0 0
-0 -0 -0.19424 0 0 0 0 0 0 0 0 0 0 -0.0086521 -0.032205 -0.19135 0.02368 -0.016803 0.0017574 0 0
-0 -0 -0.14022 0 0 0 0 0 0 0 0 0 0 -0.0062459 -0.023249 -0.13813 0.01743 -0.011681 0.0011779 0 0
-0 -0 -0.19435 0 0 0 0 0 0 0 0 0 0 -0.0086572 -0.032224 -0.19146 0.023693 -0.016815 0.0017587 0 0
-0 -0 -0.1918 0 0 0 0 0 0 0 0 0 0 -0.0085435 -0.031801 -0.18895 0.023404 -0.016565 0.0017297 0 0
-0 -0 -0.075373 0 0 0 0 0 0 0 0 0 0 -0.0033575 -0.012497 -0.074254 0.009574 -0.0059811 0.00057375 0 0
0 0 0.12815 0 0 0 0 0 0 0 0 0 0 0.0057085 0.021249 0.12625 -0.01722 0.0084883 -0.00064998 0 0
-0 -0 -0.28822 0 0 0 0 0 0 0 0 0 0 -0.012839 -0.047789 -0.28394 0.033862 -0.026477 0.0029252 0 0
-0 -0 -0.020572 0 0 0 0 0 0 0 0 0 0 -0.00091638 -0.003411 -0.020267 0.0026575 -0.0015619 0.00014271 0 0
0 0 0.073837 0 0 0 0 0 0 0 0 0 0 0.003289 0.012243 0.072741 -0.0097901 0.0051561 -0.00042514 0 0
-0 -0 -0.22781 0 0 0 0 0 0 0 0 0 0 -0.010148 -0.037773 -0.22443 0.027422 -0.020151 0.0021516 0 0
0 0 0.046848 0 0 0 0 0 0 0 0 0 0 0.0020868 0.0077677 0.046153 -0.0061678 0.0033541 -0.00028562 0 0
-0 -0 -0.10108 0 0 0 0 0 0 0 0 0 0 -0.0045024 -0.016759 -0.099575 0.012732 -0.0081806 0.00080114 0 0
-0 -0 -0.010921 0 0 0 0 0 0 0 0 0 0 -0.00048646 -0.0018107 -0.010759 0.0014147 -0.00082243 7.4451e-05 0 0
-0 -0 -0.04935 0 0 0 0 0 0 0 0 0 0 -0.0021983 -0.0081825 -0.048617 0.0063198 -0.0038361 0.00035988 0 0
0 0 0.33195 0 0 0 0 0 0 0 0 0 0 0.014786 0.055039 0.32702 -0.046423 0.017342 -0.00081974 0 0
-0 -0 -0.011827 0 0 0 0 0 0 0 0 0 0 -0.00052681 -0.0019609 -0.011651 0.0015317 -0.00089133 8.0759e-05 0 0
-0 -0 -0.27657 0 0 0 0 0 0 0 0 0 0 -0.01232 -0.045857 -0.27246 0.03265 -0.025228 0.0027696 0 0
-0 -0 -0.11907 0 0 0 0 0 0 0 0 0 0 -0.0053037 -0.019742 -0.1173 0.014908 -0.0097671 0.00096976 0 0
-0 -0 -0.1274 0 0 0 0 0 0 0 0 0 0 -0.0056748 -0.021123 -0.1255 0.015906 -0.010515 0.0010505 0 0
0 0 0.053436 0 0 0 0 0 0 0 0 0 0 0.0023803 0.00886 0.052643 -0.0070475 0.0038028 -0.00032137 0 0
0 0 0.25591 0 0 0 0 0 0 0 0 0 0 0.011399 0.042431 0.25211 -0.035325 0.014727 -0.00088134 0 0
0 0 0.31025 0 0 0 0 0 0 0 0 0 0 0.01382 0.051442 0.30565 -0.043238 0.016681 -0.00085248 0 0
-0 -0 -0.28356 0 0 0 0 0 0 0 0 0 0 -0.012631 -0.047016 -0.27935 0.033379 -0.025976 0.0028626 0 0
0 0 0.26788 0 0 0 0 0 0 0 0 0 0 0.011933 0.044416 0.2639 -0.037058 0.015194 -0.00088151 0 0
0 0 0.24784 0 0 0 0 0 0 0 0 0 0 0.01104 0.041093 0.24416 -0.034159 0.014401 -0.00087914 0 0
-0 -0 -0.22888 0 0 0 0 0 0 0 0 0 0 -0.010195 -0.03795 -0.22548 0.027539 -0.02026 0.0021646 0 0
0 0 0.28808 0 0 0 0 0 0 0 0 0 0 0.012832 0.047765 0.2838 -0.039996 0.015935 -0.00087344 0 0
-0 -0 -0.012979 0 0 0 0 0 0 0 0 0 0 -0.00057816 -0.0021521 -0.012787 0.0016804 -0.00097916 8.8816e-05 0 0
-0 -0 -0.20332 0 0 0 0 0 0 0 0 0 0 -0.0090567 -0.033711 -0.2003 0.024704 -0.017697 0.0018614 0 0
-0 -0 -0.097735 0 0 0 0 0 0 0 0 0 0 -0.0043535 -0.016205 -0.096283 0.012325 -0.0078902 0.00077068 0 0
-0 -0 -0.037429 0 0 0 0 0 0 0 0 0 0 -0.0016673 -0.006206 -0.036873 0.0048107 -0.0028815 0.00026745 0 0
-0 -0 -0.31525 0 0 0 0 0 0 0 0 0 0 -0.014043 -0.052271 -0.31057 0.036616 -0.029429 0.0032974 0 0
-0 -0 -0.22468 0 0 0 0 0 0 0 0 0 0 -0.010008 -0.037253 -0.22134 0.027078 -0.019833 0.0021137 0 0
-0 -0 -0.20013 0 0 0 0 0 0 0 0 0 0 -0.0089148 -0.033183 -0.19716 0.024346 -0.017382 0.0018247 0 0
0 0 0.24334 0 0 0 0 0 0 0 0 0 0 0.010839 0.040347 0.23972 -0.03351 0.014214 -0.00087719 0 0
-0 -0 -0.032292 0 0 0 0 0 0 0 0 0 0 -0.0014384 -0.0053542 -0.031812 0.0041568 -0.0024755 0.00022869 0 0
-0 -0 -0.081127 0 0 0 0 0 0 0 0 0 0 -0.0036138 -0.013451 -0.079923 0.010286 -0.0064666 0.00062327 0 0
