-0 -0 -0.21752 0 0 0 0 0 0 0 0 0 0 -0.0032963 -0.037581 -0.21423 0.010424 -0.0030068 0.00036708 0 0
-0 -0 -0.27716 0 0 0 0 0 0 0 0 0 0 -0.0042001 -0.047884 -0.27296 0.013144 -0.0042141 0.000537 0 0
0 0 0.24302 0 0 0 0 0 0 0 0 0 0 0.0036827 0.041986 0.23934 -0.012103 0.00065399 7.1507e-05 0 0
-0 -0 -0.086923 0 0 0 0 0 0 0 0 0 0 -0.0013172 -0.015017 -0.085606 0.0042423 -0.00093297 9.839e-05 0 0
-0 -0 -0.11631 0 0 0 0 0 0 0 0 0 0 -0.0017625 -0.020094 -0.11454 0.0056559 -0.00133 0.00014628 0 0
-0 -0 -0.0022806 0 0 0 0 0 0 0 0 0 0 -3.456e-05 -0.00039402 -0.0022461 0.00011228 -1.9827e-05 1.7505e-06 0 0
-0 -0 -0.27741 0 0 0 0 0 0 0 0 0 0 -0.0042037 -0.047926 -0.2732 0.013155 -0.0042193 0.00053775 0 0
-0 -0 -0.331 0 0 0 0 0 0 0 0 0 0 -0.0050158 -0.057185 -0.32598 0.015534 -0.0054391 0.00071514 0 0
-0 -0 -0.31968 0 0 0 0 0 0 0 0 0 0 -0.0048443 -0.055229 -0.31483 0.015037 -0.005171 0.00067575 0 0
-0 -0 -0.26405 0 0 0 0 0 0 0 0 0 0 -0.0040013 -0.045618 -0.26004 0.012552 -0.0039349 0.00049713 0 0
-0 -0 -0.29967 0 0 0 0 0 0 0 0 0 0 -0.0045411 -0.051772 -0.29513 0.014151 -0.0047108 0.00060864 0 0
-0 -0 -0.18031 0 0 0 0 0 0 0 0 0 0 -0.0027323 -0.031151 -0.17758 0.0086907 -0.0023351 0.00027592 0 0
0 0 0.14293 0 0 0 0 0 0 0 0 0 0 0.0021659 0.024693 0.14076 -0.0071023 0.00073607 -1.9842e-05 0 0
0 0 0.31309 0 0 0 0 0 0 0 0 0 0 0.0047444 0.054091 0.30834 -0.015586 0.0003036 0.00018657 0 0
-0 -0 -0.068381 0 0 0 0 0 0 0 0 0 0 -0.0010362 -0.011814 -0.067345 0.0033444 -0.00070355 7.196e-05 0 0
-0 -0 -0.26806 0 0 0 0 0 0 0 0 0 0 -0.0040621 -0.046311 -0.264 0.012734 -0.0040195 0.00050918 0 0
-0 -0 -0.011702 0 0 0 0 0 0 0 0 0 0 -0.00017733 -0.0020218 -0.011525 0.00057564 -0.00010441 9.4579e-06 0 0
0 0 0.27426 0 0 0 0 0 0 0 0 0 0 0.004156 0.047383 0.2701 -0.013659 0.00052749 0.00011764 0 0
0 0 0.20052 0 0 0 0 0 0 0 0 0 0 0.0030387 0.034644 0.19749 -0.0099813 0.00074908 2.2174e-05 0 0
0 0 0.17846 0 0 0 0 0 0 0 0 0 0 0.0027044 0.030832 0.17576 -0.0088785 0.0007634 2.6934e-06 0 0
-0 -0 -0.073131 0 0 0 0 0 0 0 0 0 0 -0.0011082 -0.012634 -0.072022 0.0035748 -0.00076075 7.8449e-05 0 0
0 0 0.23791 0 0 0 0 0 0 0 0 0 0 0.0036052 0.041102 0.2343 -0.011848 0.00067014 6.4748e-05 0 0
0 0 0.13506 0 0 0 0 0 0 0 0 0 0 0.0020467 0.023334 0.13301 -0.0067092 0.00072161 -2.3355e-05 0 0
0 0 0.10678 0 0 0 0 0 0 0 0 0 0 0.0016181 0.018447 0.10516 -0.0052971 0.00064449 -3.1552e-05 0 0
0 0 0.0052639 0 0 0 0 0 0 0 0 0 0 7.9767e-05 0.00090942 0.0051841 -0.00025932 4.4799e-05 -3.8687e-06 0 0
0 0 0.34815 0 0 0 0 0 0 0 0 0 0 0.0052758 0.060149 0.34288 -0.017318 3.8208e-05 0.00025976 0 0
0 0 0.17302 0 0 0 0 0 0 0 0 0 0 0.0026219 0.029892 0.1704 -0.0086065 0.00076325 -1.4657e-06 0 0
-0 -0 -0.048055 0 0 0 0 0 0 0 0 0 0 -0.00072821 -0.0083023 -0.047327 0.0023555 -0.00047093 4.6369e-05 0 0
0 0 0.25373 0 0 0 0 0 0 0 0 0 0 0.0038449 0.043835 0.24988 -0.012637 0.00061604 8.6376e-05 0 0
-0 -0 -0.094834 0 0 0 0 0 0 0 0 0 0 -0.0014371 -0.016384 -0.093397 0.0046241 -0.0010358 0.00011056 0 0
0 0 0.058804 0 0 0 0 0 0 0 0 0 0 0.0008911 0.010159 0.057913 -0.0029089 0.00042387 -2.9598e-05 0 0
-0 -0 -0.18715 0 0 0 0 0 0 0 0 0 0 -0.002836 -0.032333 -0.18431 0.0090112 -0.0024539 0.00029181 0 0
0 0 0.31499 0 0 0 0 0 0 0 0 0 0 0.0047732 0.054419 0.31021 -0.01568 0.00029077 0.00019026 0 0
0 0 0.19062 0 0 0 0 0 0 0 0 0 0 0.0028886 0.032932 0.18773 -0.0094862 0.00075848 1.2908e-05 0 0
-0 -0 -0.22891 0 0 0 0 0 0 0 0 0 0 -0.0034688 -0.039547 -0.22544 0.010948 -0.0032249 0.00039726 0 0
-0 -0 -0.13446 0 0 0 0 0 0 0 0 0 0 -0.0020376 -0.023231 -0.13243 0.0065234 -0.0015957 0.00017955 0 0
0 0 0.18155 0 0 0 0 0 0 0 0 0 0 0.0027511 0.031365 0.1788 -0.0090327 0.00076284 5.1643e-06 0 0
-0 -0 -0.11956 0 0 0 0 0 0 0 0 0 0 -0.0018118 -0.020656 -0.11775 0.0058118 -0.0013765 0.00015204 0 0
0 0 0.0033639 0 0 0 0 0 0 0 0 0 0 5.0975e-05 0.00058116 0.0033129 -0.00016569 2.8784e-05 -2.4999e-06 0 0
-0 -0 -0.20283 0 0 0 0 0 0 0 0 0 0 -0.0030736 -0.035042 -0.19976 0.0097424 -0.002734 0.00032971 0 0
-0 -0 -0.28584 0 0 0 0 0 0 0 0 0 0 -0.0043316 -0.049384 -0.28151 0.013534 -0.004403 0.00056414 0 0
0 0 0.33877 0 0 0 0 0 0 0 0 0 0 0.0051337 0.058529 0.33364 -0.016856 0.00011505 0.00023917 0 0
-0 -0 -0.064748 0 0 0 0 0 0 0 0 0 0 -0.00098117 -0.011186 -0.063767 0.003168 -0.00066052 6.7125e-05 0 0
-0 -0 -0.23949 0 0 0 0 0 0 0 0 0 0 -0.0036291 -0.041375 -0.23586 0.011434 -0.0034328 0.00042626 0 0
-0 -0 -0.31439 0 0 0 0 0 0 0 0 0 0 -0.0047641 -0.054315 -0.30962 0.014804 -0.0050476 0.00065769 0 0
-0 -0 -0.060665 0 0 0 0 0 0 0 0 0 0 -0.00091929 -0.010481 -0.059745 0.0029695 -0.00061291 6.1827e-05 0 0
-0 -0 -0.28265 0 0 0 0 0 0 0 0 0 0 -0.0042833 -0.048833 -0.27837 0.013391 -0.0043332 0.0005541 0 0
-0 -0 -0.18916 0 0 0 0 0 0 0 0 0 0 -0.0028665 -0.03268 -0.18629 0.0091051 -0.0024891 0.00029655 0 0
0 0 0.212 0 0 0 0 0 0 0 0 0 0 0.0032126 0.036626 0.20879 -0.010555 0.00073217 3.3963e-05 0 0
0 0 0.2531 0 0 0 0 0 0 0 0 0 0 0.0038355 0.043728 0.24927 -0.012606 0.00061839 8.5486e-05 0 0
-0 -0 -0.10735 0 0 0 0 0 0 0 0 0 0 -0.0016267 -0.018546 -0.10572 0.0052261 -0.0012046 0.0001309 0 0
0 0 0.093457 0 0 0 0 0 0 0 0 0 0 0.0014162 0.016146 0.092041 -0.004633 0.00059455 -3.3011e-05 0 0
-0 -0 -0.23319 0 0 0 0 0 0 0 0 0 0 -0.0035337 -0.040287 -0.22965 0.011145 -0.0033084 0.00040888 0 0
-0 -0 -0.34553 0 0 0 0 0 0 0 0 0 0 -0.0052361 -0.059696 -0.34029 0.016168 -0.0057914 0.00076718 0 0
-0 -0 -0.12767 0 0 0 0 0 0 0 0 0 0 -0.0019347 -0.022057 -0.12573 0.0061994 -0.0014945 0.00016677 0 0
0 0 0.29055 0 0 0 0 0 0 0 0 0 0 0.0044029 0.050198 0.28615 -0.014469 0.00044252 0.00014501 0 0
-0 -0 -0.001909 0 0 0 0 0 0 0 0 0 0 -2.8928e-05 -0.00032981 -0.0018801 9.3987e-05 -1.6579e-05 1.4622e-06 0 0
0 0 0.33253 0 0 0 0 0 0 0 0 0 0 0.0050391 0.05745 0.32749 -0.016548 0.00016383 0.00022588 0 0
0 0 0.30462 0 0 0 0 0 0 0 0 0 0 0.0046161 0.052628 0.30001 -0.015167 0.0003587 0.00017045 0 0
-0 -0 -0.13056 0 0 0 0 0 0 0 0 0 0 -0.0019784 -0.022556 -0.12858 0.0063371 -0.0015372 0.00017215 0 0
-0 -0 -0.10019 0 0 0 0 0 0 0 0 0 0 -0.0015182 -0.017309 -0.098671 0.004882 -0.0011072 0.0001191 0 0
0 0 0.28043 0 0 0 0 0 0 0 0 0 0 0.0042496 0.04845 0.27618 -0.013966 0.00049681 0.00012775 0 0
0 0 0.12921 0 0 0 0 0 0 0 0 0 0 0.0019581 0.022324 0.12726 -0.0064171 0.00070889 -2.5618e-05 0 0
0 0 0.21461 0 0 0 0 0 0 0 0 0 0 0.0032522 0.037078 0.21136 -0.010685 0.00072741 3.6807e-05 0 0
0 0 0.10405 0 0 0 0 0 0 0 0 0 0 0.0015768 0.017977 0.10248 -0.0051612 0.00063498 -3.1976e-05 0 0
-0 -0 -0.12427 0 0 0 0 0 0 0 0 0 0 -0.0018832 -0.02147 -0.12239 0.0060372 -0.0014447 0.00016054 0 0
0 0 0.29887 0 0 0 0 0 0 0 0 0 0 0.0045291 0.051635 0.29435 -0.014882 0.0003941 0.00015985 0 0
0 0 0.31832 0 0 0 0 0 0 0 0 0 0 0.0048238 0.054995 0.3135 -0.015846 0.00026778 0.00019684 0 0
0 0 0.056461 0 0 0 0 0 0 0 0 0 0 0.00085559 0.0097546 0.055605 -0.0027926 0.00041021 -2.8992e-05 0 0
0 0 0.32795 0 0 0 0 0 0 0 0 0 0 0.0049696 0.056658 0.32298 -0.016321 0.00019845 0.00021632 0 0
0 0 0.30371 0 0 0 0 0 0 0 0 0 0 0.0046024 0.052472 0.29911 -0.015122 0.00036439 0.00016876 0 0
-0 -0 -0.085317 0 0 0 0 0 0 0 0 0 0 -0.0012929 -0.01474 -0.084024 0.0041647 -0.00091245 9.5984e-05 0 0
0 0 0.2145 0 0 0 0 0 0 0 0 0 0 0.0032505 0.037059 0.21125 -0.01068 0.00072761 3.6689e-05 0 0
-0 -0 -0.14768 0 0 0 0 0 0 0 0 0 0 -0.0022379 -0.025514 -0.14544 0.0071516 -0.0017988 0.00020551 0 0
-0 -0 -0.10046 0 0 0 0 0 0 0 0 0 0 -0.0015223 -0.017356 -0.098937 0.004895 -0.0011108 0.00011954 0 0
0 0 0.21131 0 0 0 0 0 0 0 0 0 0 0.0032021 0.036507 0.20811 -0.01052 0.00073336 3.3225e-05 0 0
0 0 0.10763 0 0 0 0 0 0 0 0 0 0 0.0016311 0.018596 0.106 -0.0053399 0.0006474 -3.1406e-05 0 0
0 0 0.03646 0 0 0 0 0 0 0 0 0 0 0.00055251 0.0062991 0.035908 -0.0018007 0.00028266 -2.1878e-05 0 0
0 0 0.1952 0 0 0 0 0 0 0 0 0 0 0.002958 0.033724 0.19224 -0.0097154 0.00075473 1.7091e-05 0 0
-0 -0 -0.0054895 0 0 0 0 0 0 0 0 0 0 -8.3186e-05 -0.0009484 -0.0054063 0.00027018 -4.815e-05 4.2894e-06 0 0
0 0 0.16912 0 0 0 0 0 0 0 0 0 0 0.0025627 0.029217 0.16655 -0.0084113 0.00076224 -4.2923e-06 0 0
-0 -0 -0.31458 0 0 0 0 0 0 0 0 0 0 -0.0047671 -0.05435 -0.30982 0.014813 -0.0050523 0.00065837 0 0
0 0 0.11439 0 0 0 0 0 0 0 0 0 0 0.0017334 0.019762 0.11265 -0.0056769 0.00066911 -3.0028e-05 0 0
-0 -0 -0.32756 0 0 0 0 0 0 0 0 0 0 -0.0049637 -0.056591 -0.3226 0.015384 -0.0053571 0.00070307 0 0
-0 -0 -0.23997 0 0 0 0 0 0 0 0 0 0 -0.0036364 -0.041459 -0.23633 0.011456 -0.0034424 0.00042761 0 0
-0 -0 -0.25099 0 0 0 0 0 0 0 0 0 0 -0.0038035 -0.043363 -0.24719 0.011959 -0.0036647 0.00045885 0 0
0 0 0.31339 0 0 0 0 0 0 0 0 0 0 0.004749 0.054143 0.30864 -0.015602 0.00030156 0.00018716 0 0
-0 -0 -0.24914 0 0 0 0 0 0 0 0 0 0 -0.0037755 -0.043044 -0.24537 0.011875 -0.003627 0.00045354 0 0
0 0 0.24501 0 0 0 0 0 0 0 0 0 0 0.0037128 0.042329 0.2413 -0.012202 0.00064737 7.4192e-05 0 0
-0 -0 -0.015039 0 0 0 0 0 0 0 0 0 0 -0.00022789 -0.0025982 -0.014811 0.00073954 -0.00013539 1.2371e-05 0 0
0 0 0.29134 0 0 0 0 0 0 0 0 0 0 0.0044149 0.050334 0.28692 -0.014508 0.00043809 0.00014638 0 0
0 0 0.24194 0 0 0 0 0 0 0 0 0 0 0.0036663 0.041799 0.23828 -0.012049 0.0006575 7.0062e-05 0 0
-0 -0 -0.20843 0 0 0 0 0 0 0 0 0 0 -0.0031584 -0.036009 -0.20527 0.010002 -0.0028368 0.00034373 0 0
-0 -0 -0.16545 0 0 0 0 0 0 0 0 0 0 -0.0025071 -0.028584 -0.16294 0.0079919 -0.0020847 0.00024274 0 0
-0 -0 -0.23158 0 0 0 0 0 0 0 0 0 0 -0.0035093 -0.040009 -0.22807 0.011071 -0.0032769 0.0004045 0 0
0 0 0.21865 0 0 0 0 0 0 0 0 0 0 0.0033134 0.037776 0.21534 -0.010887 0.00071939 4.1318e-05 0 0
0 0 0.14819 0 0 0 0 0 0 0 0 0 0 0.0022457 0.025603 0.14595 -0.0073653 0.00074404 -1.7194e-05 0 0
-0 -0 -0.3455 0 0 0 0 0 0 0 0 0 0 -0.0052357 -0.059691 -0.34027 0.016166 -0.0057908 0.00076709 0 0
0 0 0.30165 0 0 0 0 0 0 0 0 0 0 0.0045711 0.052115 0.29708 -0.01502 0.00037721 0.00016493 0 0
-0 -0 -0.28106 0 0 0 0 0 0 0 0 0 0 -0.004259 -0.048557 -0.2768 0.013319 -0.0042984 0.0005491 0 0
