0 0 0.19675 0 0 0 0 0 0 0 0 0 0 0.0087641 0.032622 0.19383 0.0040261 0.0088027 -0.0016636 0 0
-0 -0 -0.27313 0 0 0 0 0 0 0 0 0 0 -0.012167 -0.045287 -0.26908 -0.0083148 -0.010563 0.0021538 0 0
-0 -0 -0.08052 0 0 0 0 0 0 0 0 0 0 -0.0035867 -0.013351 -0.079324 -0.0021408 -0.0033439 0.0006596 0 0
0 0 0.25796 0 0 0 0 0 0 0 0 0 0 0.011491 0.042772 0.25413 0.0049115 0.011685 -0.0021887 0 0
0 0 0.31915 0 0 0 0 0 0 0 0 0 0 0.014217 0.052918 0.31442 0.0056161 0.014615 -0.0027137 0 0
0 0 0.22695 0 0 0 0 0 0 0 0 0 0 0.010109 0.03763 0.22358 0.0044853 0.010218 -0.0019225 0 0
-0 -0 -0.13289 0 0 0 0 0 0 0 0 0 0 -0.0059196 -0.022034 -0.13092 -0.0036774 -0.0054221 0.0010788 0 0
-0 -0 -0.065589 0 0 0 0 0 0 0 0 0 0 -0.0029216 -0.010875 -0.064615 -0.0017232 -0.002737 0.00053857 0 0
-0 -0 -0.34122 0 0 0 0 0 0 0 0 0 0 -0.015199 -0.056575 -0.33615 -0.01082 -0.012813 0.0026458 0 0
0 0 0.057404 0 0 0 0 0 0 0 0 0 0 0.002557 0.0095179 0.056551 0.0013555 0.0024836 -0.0004793 0 0
0 0 0.12322 0 0 0 0 0 0 0 0 0 0 0.0054889 0.020431 0.12139 0.0027285 0.0054216 -0.0010359 0 0
0 0 0.048796 0 0 0 0 0 0 0 0 0 0 0.0021736 0.0080907 0.048072 0.0011616 0.0021063 -0.00040703 0 0
-0 -0 -0.22806 0 0 0 0 0 0 0 0 0 0 -0.010159 -0.037813 -0.22467 -0.0067445 -0.0089818 0.0018166 0 0
0 0 0.050618 0 0 0 0 0 0 0 0 0 0 0.0022548 0.0083928 0.049867 0.0012029 0.0021861 -0.00042231 0 0
0 0 0.2657 0 0 0 0 0 0 0 0 0 0 0.011836 0.044055 0.26176 0.0050107 0.012053 -0.0022551 0 0
0 0 0.21376 0 0 0 0 0 0 0 0 0 0 0.0095219 0.035443 0.21059 0.0042901 0.009598 -0.0018094 0 0
-0 -0 -0.055839 0 0 0 0 0 0 0 0 0 0 -0.0024873 -0.0092584 -0.05501 -0.0014556 -0.0023374 0.00045921 0 0
-0 -0 -0.11995 0 0 0 0 0 0 0 0 0 0 -0.005343 -0.019888 -0.11817 -0.0032873 -0.0049159 0.00097601 0 0
-0 -0 -0.16505 0 0 0 0 0 0 0 0 0 0 -0.0073522 -0.027367 -0.1626 -0.0046751 -0.0066575 0.0013319 0 0
-0 -0 -0.23383 0 0 0 0 0 0 0 0 0 0 -0.010416 -0.038771 -0.23036 -0.0069417 -0.0091884 0.0018603 0 0
0 0 0.03471 0 0 0 0 0 0 0 0 0 0 0.0015461 0.0057551 0.034195 0.00083701 0.0014925 -0.00028904 0 0
0 0 0.14148 0 0 0 0 0 0 0 0 0 0 0.0063019 0.023457 0.13937 0.0030741 0.0062518 -0.0011912 0 0
0 0 0.1131 0 0 0 0 0 0 0 0 0 0 0.005038 0.018753 0.11142 0.0025301 0.004964 -0.00094987 0 0
0 0 0.23299 0 0 0 0 0 0 0 0 0 0 0.010379 0.038632 0.22953 0.004572 0.010502 -0.0019743 0 0
-0 -0 -0.053547 0 0 0 0 0 0 0 0 0 0 -0.0023852 -0.0088783 -0.052751 -0.0013932 -0.0022431 0.00044051 0 0
0 0 0.15949 0 0 0 0 0 0 0 0 0 0 0.0071045 0.026445 0.15712 0.0034001 0.0070774 -0.0013449 0 0
0 0 0.28967 0 0 0 0 0 0 0 0 0 0 0.012903 0.048029 0.28537 0.0052993 0.013197 -0.0024608 0 0
-0 -0 -0.28139 0 0 0 0 0 0 0 0 0 0 -0.012534 -0.046656 -0.27721 -0.0086102 -0.010845 0.0022146 0 0
0 0 0.032027 0 0 0 0 0 0 0 0 0 0 0.0014266 0.0053102 0.031551 0.00077418 0.0013761 -0.00026661 0 0
0 0 0.2577 0 0 0 0 0 0 0 0 0 0 0.011479 0.042727 0.25387 0.004908 0.011672 -0.0021863 0 0
-0 -0 -0.32912 0 0 0 0 0 0 0 0 0 0 -0.01466 -0.05457 -0.32423 -0.010364 -0.012426 0.00256 0 0
0 0 0.18599 0 0 0 0 0 0 0 0 0 0 0.0082846 0.030838 0.18322 0.003852 0.0083019 -0.0015714 0 0
0 0 0.17645 0 0 0 0 0 0 0 0 0 0 0.0078598 0.029256 0.17383 0.0036931 0.0078597 -0.0014898 0 0
0 0 0.33583 0 0 0 0 0 0 0 0 0 0 0.014959 0.055682 0.33084 0.0057763 0.01542 -0.0028565 0 0
0 0 0.3469 0 0 0 0 0 0 0 0 0 0 0.015452 0.057518 0.34175 0.0058753 0.015957 -0.0029512 0 0
0 0 0.23978 0 0 0 0 0 0 0 0 0 0 0.010681 0.039757 0.23622 0.0046672 0.010823 -0.0020326 0 0
0 0 0.11553 0 0 0 0 0 0 0 0 0 0 0.0051462 0.019156 0.11381 0.0025782 0.0050736 -0.00097049 0 0
-0 -0 -0.18703 0 0 0 0 0 0 0 0 0 0 -0.0083311 -0.031011 -0.18425 -0.0053799 -0.0074829 0.0015027 0 0
-0 -0 -0.0098318 0 0 0 0 0 0 0 0 0 0 -0.00043795 -0.0016302 -0.0096859 -0.00024662 -0.00041739 8.14e-05 0 0
0 0 0.036952 0 0 0 0 0 0 0 0 0 0 0.001646 0.0061269 0.036404 0.00088926 0.0015899 -0.0003078 0 0
-0 -0 -0.21622 0 0 0 0 0 0 0 0 0 0 -0.0096312 -0.03585 -0.21301 -0.0063443 -0.0085549 0.0017267 0 0
-0 -0 -0.33928 0 0 0 0 0 0 0 0 0 0 -0.015113 -0.056254 -0.33424 -0.010746 -0.012752 0.0026321 0 0
-0 -0 -0.23692 0 0 0 0 0 0 0 0 0 0 -0.010553 -0.039282 -0.2334 -0.0070475 -0.0092982 0.0018836 0 0
-0 -0 -0.28417 0 0 0 0 0 0 0 0 0 0 -0.012658 -0.047116 -0.27995 -0.00871 -0.010939 0.0022349 0 0
0 0 0.2233 0 0 0 0 0 0 0 0 0 0 0.0099469 0.037025 0.21999 0.0044322 0.010046 -0.0018912 0 0
-0 -0 -0.019191 0 0 0 0 0 0 0 0 0 0 -0.00085486 -0.003182 -0.018906 -0.00048525 -0.00081245 0.00015868 0 0
0 0 0.32134 0 0 0 0 0 0 0 0 0 0 0.014314 0.05328 0.31657 0.0056379 0.01472 -0.0027324 0 0
-0 -0 -0.25207 0 0 0 0 0 0 0 0 0 0 -0.011228 -0.041794 -0.24832 -0.0075718 -0.0098327 0.0019973 0 0
-0 -0 -0.27562 0 0 0 0 0 0 0 0 0 0 -0.012277 -0.045699 -0.27153 -0.0084034 -0.010648 0.0021721 0 0
-0 -0 -0.32428 0 0 0 0 0 0 0 0 0 0 -0.014445 -0.053767 -0.31946 -0.010182 -0.012269 0.0025254 0 0
0 0 0.02298 0 0 0 0 0 0 0 0 0 0 0.0010236 0.0038103 0.022639 0.00056005 0.00098489 -0.00019108 0 0
-0 -0 -0.34133 0 0 0 0 0 0 0 0 0 0 -0.015204 -0.056594 -0.33626 -0.010824 -0.012817 0.0026466 0 0
-0 -0 -0.09148 0 0 0 0 0 0 0 0 0 0 -0.0040749 -0.015168 -0.090122 -0.0024531 -0.0037854 0.00074803 0 0
0 0 0.1301 0 0 0 0 0 0 0 0 0 0 0.0057952 0.021571 0.12817 0.0028605 0.0057337 -0.0010943 0 0
0 0 0.26973 0 0 0 0 0 0 0 0 0 0 0.012015 0.044723 0.26572 0.0050611 0.012244 -0.0022896 0 0
0 0 0.079146 0 0 0 0 0 0 0 0 0 0 0.0035255 0.013123 0.077971 0.0018308 0.003444 -0.00066243 0 0
0 0 0.18689 0 0 0 0 0 0 0 0 0 0 0.0083248 0.030987 0.18411 0.0038668 0.0083438 -0.0015791 0 0
0 0 0.32823 0 0 0 0 0 0 0 0 0 0 0.014621 0.054423 0.32336 0.0057051 0.015053 -0.0027915 0 0
-0 -0 -0.22993 0 0 0 0 0 0 0 0 0 0 -0.010242 -0.038124 -0.22652 -0.0068085 -0.009049 0.0018308 0 0
0 0 0.3081 0 0 0 0 0 0 0 0 0 0 0.013724 0.051085 0.30352 0.0055023 0.014082 -0.0026189 0 0
-0 -0 -0.34647 0 0 0 0 0 0 0 0 0 0 -0.015433 -0.057447 -0.34133 -0.01102 -0.01298 0.0026829 0 0
-0 -0 -0.23239 0 0 0 0 0 0 0 0 0 0 -0.010352 -0.038531 -0.22894 -0.0068922 -0.0091367 0.0018494 0 0
-0 -0 -0.18347 0 0 0 0 0 0 0 0 0 0 -0.0081727 -0.030421 -0.18075 -0.0052647 -0.0073504 0.0014752 0 0
0 0 0.086788 0 0 0 0 0 0 0 0 0 0 0.0038659 0.01439 0.085499 0.0019927 0.003784 -0.00072698 0 0
0 0 0.11303 0 0 0 0 0 0 0 0 0 0 0.005035 0.018741 0.11135 0.0025288 0.0049609 -0.00094929 0 0
-0 -0 -0.19306 0 0 0 0 0 0 0 0 0 0 -0.0085998 -0.032011 -0.19019 -0.0055766 -0.0077067 0.0015492 0 0
-0 -0 -0.046651 0 0 0 0 0 0 0 0 0 0 -0.002078 -0.007735 -0.045958 -0.001207 -0.0019584 0.00038419 0 0
0 0 0.29919 0 0 0 0 0 0 0 0 0 0 0.013327 0.049608 0.29475 0.0054063 0.013654 -0.0025425 0 0
0 0 0.014935 0 0 0 0 0 0 0 0 0 0 0.00066526 0.0024763 0.014713 0.00036659 0.00063861 -0.00012406 0 0
-0 -0 -0.28488 0 0 0 0 0 0 0 0 0 0 -0.01269 -0.047235 -0.28065 -0.0087357 -0.010963 0.0022402 0 0
-0 -0 -0.017819 0 0 0 0 0 0 0 0 0 0 -0.00079373 -0.0029545 -0.017554 -0.00045003 -0.00075467 0.00014736 0 0
0 0 0.11076 0 0 0 0 0 0 0 0 0 0 0.0049337 0.018365 0.10912 0.0024836 0.0048585 -0.00093 0 0
0 0 0.27211 0 0 0 0 0 0 0 0 0 0 0.012121 0.045117 0.26807 0.0050905 0.012358 -0.0023101 0 0
0 0 0.28649 0 0 0 0 0 0 0 0 0 0 0.012762 0.047502 0.28224 0.0052626 0.013045 -0.0024335 0 0
0 0 0.21233 0 0 0 0 0 0 0 0 0 0 0.0094579 0.035205 0.20917 0.0042684 0.0095307 -0.0017971 0 0
-0 -0 -0.15571 0 0 0 0 0 0 0 0 0 0 -0.0069361 -0.025818 -0.1534 -0.0043812 -0.0063019 0.0012587 0 0
0 0 0.3221 0 0 0 0 0 0 0 0 0 0 0.014348 0.053406 0.31732 0.0056454 0.014757 -0.0027389 0 0
0 0 0.29269 0 0 0 0 0 0 0 0 0 0 0.013038 0.04853 0.28834 0.0053337 0.013342 -0.0024867 0 0
-0 -0 -0.3066 0 0 0 0 0 0 0 0 0 0 -0.013657 -0.050836 -0.30205 -0.0095266 -0.01169 0.0023983 0 0
0 0 0.084933 0 0 0 0 0 0 0 0 0 0 0.0037833 0.014082 0.083672 0.0019537 0.0037014 -0.0007113 0 0
0 0 0.037094 0 0 0 0 0 0 0 0 0 0 0.0016523 0.0061505 0.036543 0.00089256 0.0015961 -0.00030898 0 0
0 0 0.24466 0 0 0 0 0 0 0 0 0 0 0.010898 0.040566 0.24103 0.0047344 0.011054 -0.0020745 0 0
0 0 0.32517 0 0 0 0 0 0 0 0 0 0 0.014485 0.053916 0.32035 0.0056755 0.014905 -0.0027652 0 0
-0 -0 -0.23491 0 0 0 0 0 0 0 0 0 0 -0.010464 -0.03895 -0.23143 -0.0069787 -0.0092269 0.0018685 0 0
-0 -0 -0.31406 0 0 0 0 0 0 0 0 0 0 -0.01399 -0.052073 -0.3094 -0.009802 -0.011936 0.0024521 0 0
0 0 0.059379 0 0 0 0 0 0 0 0 0 0 0.002645 0.0098454 0.058498 0.0013996 0.0025705 -0.00049591 0 0
-0 -0 -0.054905 0 0 0 0 0 0 0 0 0 0 -0.0024457 -0.0091036 -0.05409 -0.0014301 -0.002299 0.00045159 0 0
0 0 0.25649 0 0 0 0 0 0 0 0 0 0 0.011425 0.042527 0.25268 0.0048923 0.011615 -0.002176 0 0
-0 -0 -0.1781 0 0 0 0 0 0 0 0 0 0 -0.0079333 -0.02953 -0.17545 -0.0050913 -0.0071493 0.0014335 0 0
0 0 0.10455 0 0 0 0 0 0 0 0 0 0 0.0046572 0.017335 0.103 0.002359 0.0045791 -0.00087735 0 0
0 0 0.20263 0 0 0 0 0 0 0 0 0 0 0.009026 0.033597 0.19962 0.0041189 0.009077 -0.0017139 0 0
-0 -0 -0.068527 0 0 0 0 0 0 0 0 0 0 -0.0030525 -0.011362 -0.06751 -0.0018047 -0.0028569 0.00056244 0 0
-0 -0 -0.055933 0 0 0 0 0 0 0 0 0 0 -0.0024915 -0.009274 -0.055102 -0.0014581 -0.0023413 0.00045998 0 0
-0 -0 -0.085713 0 0 0 0 0 0 0 0 0 0 -0.003818 -0.014212 -0.08444 -0.0022882 -0.0035535 0.00070154 0 0
-0 -0 -0.082762 0 0 0 0 0 0 0 0 0 0 -0.0036866 -0.013722 -0.081533 -0.0022043 -0.0034345 0.00067771 0 0
0 0 0.2515 0 0 0 0 0 0 0 0 0 0 0.011203 0.041701 0.24777 0.0048266 0.011378 -0.0021332 0 0
-0 -0 -0.23265 0 0 0 0 0 0 0 0 0 0 -0.010363 -0.038574 -0.22919 -0.0069011 -0.009146 0.0018513 0 0
-0 -0 -0.15625 0 0 0 0 0 0 0 0 0 0 -0.0069601 -0.025907 -0.15393 -0.004398 -0.0063225 0.001263 0 0
0 0 0.086063 0 0 0 0 0 0 0 0 0 0 0.0038336 0.01427 0.084786 0.0019775 0.0037518 -0.00072085 0 0
0 0 0.32678 0 0 0 0 0 0 0 0 0 0 0.014556 0.054181 0.32192 0.005691 0.014983 -0.002779 0 0
