-0 -0 -0 0.020276 0 0 0 0 -0 0 -0 0.019969 -0.003503 0.00030725 0 0
0 0 0 0.19961 0 0 0 0 -0 0 -0 0.19658 -0.034485 0.0030248 0 0
0 0 0 0.033876 0 0 0 0 -0 0 -0 0.033363 -0.0058527 0.00051335 0 0
-0 -0 -0 0.046008 0 0 0 0 -0 0 -0 0.045311 -0.0079486 0.00069719 0 0
-0 -0 -0 0.037421 0 0 0 0 -0 0 -0 0.036854 -0.0064651 0.00056707 0 0
-0 -0 -0 0.072832 0 0 0 0 -0 0 -0 0.071729 -0.012583 0.0011037 0 0
0 0 0 0.043786 0 0 0 0 -0 0 -0 0.043122 -0.0075647 0.00066352 0 0
0 0 0 0.16867 0 0 0 0 -0 0 -0 0.16611 -0.02914 0.0025559 0 0
-0 -0 -0 0.16709 0 0 0 0 -0 0 -0 0.16456 -0.028868 0.0025321 0 0
0 0 0 0.017652 0 0 0 0 -0 0 -0 0.017384 -0.0030497 0.00026749 0 0
-0 -0 -0 0.06885 0 0 0 0 -0 0 -0 0.067807 -0.011895 0.0010433 0 0
0 0 0 0.18126 0 0 0 0 -0 0 -0 0.17851 -0.031316 0.0027468 0 0
0 0 0 0.0081572 0 0 0 0 -0 0 -0 0.0080336 -0.0014093 0.00012361 0 0
0 0 0 0.15488 0 0 0 0 -0 0 -0 0.15253 -0.026758 0.002347 0 0
0 0 0 0.16156 0 0 0 0 -0 0 -0 0.15911 -0.027911 0.0024482 0 0
-0 -0 -0 0.18503 0 0 0 0 -0 0 -0 0.18223 -0.031967 0.0028039 0 0
-0 -0 -0 0.15825 0 0 0 0 -0 0 -0 0.15585 -0.027339 0.002398 0 0
-0 -0 -0 0.067237 0 0 0 0 -0 0 -0 0.066218 -0.011616 0.0010189 0 0
0 0 0 0.1161 0 0 0 0 -0 0 -0 0.11434 -0.020058 0.0017593 0 0
0 0 0 0.033898 0 0 0 0 -0 0 -0 0.033384 -0.0058564 0.00051368 0 0
0 0 0 0.005945 0 0 0 0 -0 0 -0 0.0058549 -0.0010271 9.0088e-05 0 0
-0 -0 -0 0.075478 0 0 0 0 -0 0 -0 0.074334 -0.01304 0.0011438 0 0
0 0 0 0.14147 0 0 0 0 -0 0 -0 0.13933 -0.024442 0.0021438 0 0
0 0 0 0.12536 0 0 0 0 -0 0 -0 0.12346 -0.021657 0.0018996 0 0
-0 -0 -0 0.057606 0 0 0 0 -0 0 -0 0.056733 -0.0099523 0.00087294 0 0
-0 -0 -0 0.011354 0 0 0 0 -0 0 -0 0.011182 -0.0019615 0.00017205 0 0
-0 -0 -0 0.091363 0 0 0 0 -0 0 -0 0.089979 -0.015784 0.0013845 0 0
-0 -0 -0 0.031452 0 0 0 0 -0 0 -0 0.030975 -0.0054338 0.00047661 0 0
-0 -0 -0 0.17109 0 0 0 0 -0 0 -0 0.16849 -0.029558 0.0025926 0 0
0 0 0 0.064829 0 0 0 0 -0 0 -0 0.063847 -0.0112 0.00098241 0 0
-0 -0 -0 0.1165 0 0 0 0 -0 0 -0 0.11473 -0.020127 0.0017654 0 0
-0 -0 -0 0.099705 0 0 0 0 -0 0 -0 0.098194 -0.017226 0.0015109 0 0
-0 -0 -0 0.16477 0 0 0 0 -0 0 -0 0.16227 -0.028467 0.0024969 0 0
0 0 0 0.19918 0 0 0 0 -0 0 -0 0.19616 -0.034412 0.0030184 0 0
0 0 0 0.17 0 0 0 0 -0 0 -0 0.16743 -0.029371 0.0025762 0 0
-0 -0 -0 0.080385 0 0 0 0 -0 0 -0 0.079166 -0.013888 0.0012181 0 0
-0 -0 -0 0.076753 0 0 0 0 -0 0 -0 0.07559 -0.01326 0.0011631 0 0
-0 -0 -0 0.034747 0 0 0 0 -0 0 -0 0.034221 -0.0060032 0.00052655 0 0
0 0 0 0.17105 0 0 0 0 -0 0 -0 0.16845 -0.029551 0.002592 0 0
-0 -0 -0 0.045146 0 0 0 0 -0 0 -0 0.044462 -0.0077997 0.00068413 0 0
0 0 0 0.068847 0 0 0 0 -0 0 -0 0.067804 -0.011894 0.0010433 0 0
0 0 0 0.054761 0 0 0 0 -0 0 -0 0.053932 -0.0094609 0.00082984 0 0
0 0 0 0.11479 0 0 0 0 -0 0 -0 0.11305 -0.019831 0.0017394 0 0
-0 -0 -0 0.1108 0 0 0 0 -0 0 -0 0.10912 -0.019142 0.001679 0 0
-0 -0 -0 0.056505 0 0 0 0 -0 0 -0 0.055649 -0.0097622 0.00085626 0 0
0 0 0 0.040541 0 0 0 0 -0 0 -0 0.039927 -0.0070042 0.00061435 0 0
0 0 0 0.088404 0 0 0 0 -0 0 -0 0.087065 -0.015273 0.0013397 0 0
0 0 0 0.12724 0 0 0 0 -0 0 -0 0.12531 -0.021983 0.0019282 0 0
0 0 0 0.17975 0 0 0 0 -0 0 -0 0.17703 -0.031055 0.0027239 0 0
-0 -0 -0 0.096346 0 0 0 0 -0 0 -0 0.094886 -0.016645 0.00146 0 0
-0 -0 -0 0.014485 0 0 0 0 -0 0 -0 0.014266 -0.0025025 0.0002195 0 0
-0 -0 -0 0.18422 0 0 0 0 -0 0 -0 0.18143 -0.031827 0.0027916 0 0
0 0 0 0.13331 0 0 0 0 -0 0 -0 0.13129 -0.023032 0.0020202 0 0
-0 -0 -0 0.099214 0 0 0 0 -0 0 -0 0.097711 -0.017141 0.0015035 0 0
-0 -0 -0 0.13845 0 0 0 0 -0 0 -0 0.13635 -0.02392 0.0020981 0 0
0 0 0 0.13652 0 0 0 0 -0 0 -0 0.13445 -0.023586 0.0020688 0 0
-0 -0 -0 0.066325 0 0 0 0 -0 0 -0 0.06532 -0.011459 0.0010051 0 0
-0 -0 -0 0.043715 0 0 0 0 -0 0 -0 0.043052 -0.0075525 0.00066244 0 0
0 0 0 0.18087 0 0 0 0 -0 0 -0 0.17813 -0.031248 0.0027408 0 0
-0 -0 -0 0.17331 0 0 0 0 -0 0 -0 0.17069 -0.029943 0.0026263 0 0
-0 -0 -0 0.15652 0 0 0 0 -0 0 -0 0.15415 -0.027042 0.0023719 0 0
0 0 0 0.10678 0 0 0 0 -0 0 -0 0.10517 -0.018449 0.0016182 0 0
-0 -0 -0 0.049622 0 0 0 0 -0 0 -0 0.04887 -0.0085731 0.00075196 0 0
-0 -0 -0 0.036468 0 0 0 0 -0 0 -0 0.035915 -0.0063004 0.00055262 0 0
-0 -0 -0 0.12404 0 0 0 0 -0 0 -0 0.12216 -0.02143 0.0018797 0 0
-0 -0 -0 0.18044 0 0 0 0 -0 0 -0 0.1777 -0.031174 0.0027343 0 0
-0 -0 -0 0.012364 0 0 0 0 -0 0 -0 0.012177 -0.0021361 0.00018736 0 0
0 0 0 0.05995 0 0 0 0 -0 0 -0 0.059042 -0.010357 0.00090847 0 0
-0 -0 -0 0.12469 0 0 0 0 -0 0 -0 0.1228 -0.021542 0.0018895 0 0
-0 -0 -0 0.10061 0 0 0 0 -0 0 -0 0.099087 -0.017382 0.0015246 0 0
-0 -0 -0 0.1189 0 0 0 0 -0 0 -0 0.1171 -0.020542 0.0018018 0 0
0 0 0 0.051634 0 0 0 0 -0 0 -0 0.050852 -0.0089207 0.00078245 0 0
-0 -0 -0 0.18748 0 0 0 0 -0 0 -0 0.18464 -0.03239 0.002841 0 0
0 0 0 0.11537 0 0 0 0 -0 0 -0 0.11362 -0.019932 0.0017482 0 0
0 0 0 0.048916 0 0 0 0 -0 0 -0 0.048175 -0.008451 0.00074126 0 0
0 0 0 0.15271 0 0 0 0 -0 0 -0 0.1504 -0.026384 0.0023142 0 0
0 0 0 0.010903 0 0 0 0 -0 0 -0 0.010737 -0.0018836 0.00016521 0 0
0 0 0 0.19959 0 0 0 0 -0 0 -0 0.19656 -0.034482 0.0030245 0 0
0 0 0 0.16255 0 0 0 0 -0 0 -0 0.16009 -0.028083 0.0024632 0 0
0 0 0 0.026708 0 0 0 0 -0 0 -0 0.026303 -0.0046143 0.00040473 0 0
-0 -0 -0 0.18371 0 0 0 0 -0 0 -0 0.18093 -0.031739 0.0027839 0 0
-0 -0 -0 0.17073 0 0 0 0 -0 0 -0 0.16815 -0.029497 0.0025872 0 0
0 0 0 0.0045393 0 0 0 0 -0 0 -0 0.0044705 -0.00078424 6.8787e-05 0 0
0 0 0 0.16901 0 0 0 0 -0 0 -0 0.16645 -0.029199 0.0025612 0 0
-0 -0 -0 0.093961 0 0 0 0 -0 0 -0 0.092537 -0.016233 0.0014239 0 0
-0 -0 -0 0.0363 0 0 0 0 -0 0 -0 0.03575 -0.0062714 0.00055008 0 0
-0 -0 -0 0.19413 0 0 0 0 -0 0 -0 0.19119 -0.03354 0.0029418 0 0
-0 -0 -0 0.009544 0 0 0 0 -0 0 -0 0.0093993 -0.0016489 0.00014463 0 0
0 0 0 0.19757 0 0 0 0 -0 0 -0 0.19458 -0.034133 0.0029939 0 0
-0 -0 -0 0.063894 0 0 0 0 -0 0 -0 0.062926 -0.011039 0.00096823 0 0
0 0 0 0.14591 0 0 0 0 -0 0 -0 0.1437 -0.025208 0.0022111 0 0
-0 -0 -0 0.048395 0 0 0 0 -0 0 -0 0.047662 -0.008361 0.00073336 0 0
0 0 0 0.097075 0 0 0 0 -0 0 -0 0.095604 -0.016771 0.001471 0 0
-0 -0 -0 0.0016914 0 0 0 0 -0 0 -0 0.0016658 -0.00029222 2.5631e-05 0 0
-0 -0 -0 0.069885 0 0 0 0 -0 0 -0 0.068826 -0.012074 0.001059 0 0
-0 -0 -0 0.0015051 0 0 0 0 -0 0 -0 0.0014823 -0.00026003 2.2808e-05 0 0
-0 -0 -0 0.095867 0 0 0 0 -0 0 -0 0.094414 -0.016563 0.0014527 0 0
-0 -0 -0 0.12026 0 0 0 0 -0 0 -0 0.11844 -0.020777 0.0018224 0 0
-0 -0 -0 0.17939 0 0 0 0 -0 0 -0 0.17667 -0.030992 0.0027184 0 0
0 0 0 0.13674 0 0 0 0 -0 0 -0 0.13466 -0.023623 0.0020721 0 0
