-0 -0 -0.14799 0 0 0 0 0 0 0 0 0 0 -0.0022426 -0.025567 -0.14574 0.017875 -0.01952 0.0031492 0 0
0 0 0.28866 0 0 0 0 0 0 0 0 0 0 0.0043743 0.049871 0.28428 -0.042282 0.029678 -0.0045556 0 0
0 0 0.21135 0 0 0 0 0 0 0 0 0 0 0.0032027 0.036514 0.20814 -0.030133 0.022926 -0.0035582 0 0
-0 -0 -0.26214 0 0 0 0 0 0 0 0 0 0 -0.0039724 -0.045289 -0.25817 0.029556 -0.036224 0.0058998 0 0
-0 -0 -0.23236 0 0 0 0 0 0 0 0 0 0 -0.0035212 -0.040145 -0.22884 0.026697 -0.031742 0.0051576 0 0
-0 -0 -0.12559 0 0 0 0 0 0 0 0 0 0 -0.0019032 -0.021698 -0.12369 0.015361 -0.016403 0.0026411 0 0
-0 -0 -0.054898 0 0 0 0 0 0 0 0 0 0 -0.00083191 -0.0094845 -0.054066 0.0069704 -0.0069358 0.0011095 0 0
-0 -0 -0.27281 0 0 0 0 0 0 0 0 0 0 -0.0041341 -0.047132 -0.26868 0.030548 -0.03785 0.0061698 0 0
0 0 0.016812 0 0 0 0 0 0 0 0 0 0 0.00025476 0.0029045 0.016557 -0.0022106 0.0020477 -0.0003252 0 0
-0 -0 -0.2265 0 0 0 0 0 0 0 0 0 0 -0.0034323 -0.039132 -0.22307 0.026118 -0.03087 0.0050135 0 0
-0 -0 -0.12694 0 0 0 0 0 0 0 0 0 0 -0.0019237 -0.021932 -0.12502 0.015514 -0.016589 0.0026714 0 0
-0 -0 -0.18288 0 0 0 0 0 0 0 0 0 0 -0.0027713 -0.031595 -0.18011 0.021649 -0.024485 0.0039622 0 0
0 0 0.34422 0 0 0 0 0 0 0 0 0 0 0.0052162 0.059469 0.339 -0.051319 0.03395 -0.005166 0 0
0 0 0.34842 0 0 0 0 0 0 0 0 0 0 0.0052799 0.060196 0.34314 -0.052013 0.034253 -0.0052085 0 0
-0 -0 -0.15013 0 0 0 0 0 0 0 0 0 0 -0.002275 -0.025937 -0.14785 0.018111 -0.019821 0.0031983 0 0
0 0 0.29849 0 0 0 0 0 0 0 0 0 0 0.0045232 0.051569 0.29397 -0.043863 0.03047 -0.0046702 0 0
0 0 0.33472 0 0 0 0 0 0 0 0 0 0 0.0050722 0.057828 0.32965 -0.049757 0.033254 -0.005068 0 0
-0 -0 -0.20842 0 0 0 0 0 0 0 0 0 0 -0.0031584 -0.036008 -0.20526 0.0243 -0.028201 0.0045732 0 0
-0 -0 -0.2973 0 0 0 0 0 0 0 0 0 0 -0.0045052 -0.051364 -0.2928 0.032757 -0.041621 0.0067973 0 0
-0 -0 -0.011521 0 0 0 0 0 0 0 0 0 0 -0.00017458 -0.0019904 -0.011346 0.0014946 -0.0014242 0.00022684 0 0
-0 -0 -0.12949 0 0 0 0 0 0 0 0 0 0 -0.0019623 -0.022372 -0.12753 0.015804 -0.016942 0.0027288 0 0
-0 -0 -0.083581 0 0 0 0 0 0 0 0 0 0 -0.0012666 -0.01444 -0.082314 0.010456 -0.010706 0.0017173 0 0
-0 -0 -0.13765 0 0 0 0 0 0 0 0 0 0 -0.0020858 -0.02378 -0.13556 0.016723 -0.018073 0.0029132 0 0
0 0 0.11551 0 0 0 0 0 0 0 0 0 0 0.0017505 0.019957 0.11376 -0.015865 0.013309 -0.0020906 0 0
0 0 0.049067 0 0 0 0 0 0 0 0 0 0 0.00074355 0.0084771 0.048324 -0.006548 0.0058729 -0.00092949 0 0
-0 -0 -0.1545 0 0 0 0 0 0 0 0 0 0 -0.0023412 -0.026692 -0.15216 0.018592 -0.020436 0.003299 0 0
-0 -0 -0.04248 0 0 0 0 0 0 0 0 0 0 -0.00064373 -0.0073391 -0.041836 0.0054276 -0.0053342 0.00085223 0 0
0 0 0.3249 0 0 0 0 0 0 0 0 0 0 0.0049234 0.056131 0.31997 -0.048149 0.03252 -0.004964 0 0
-0 -0 -0.19397 0 0 0 0 0 0 0 0 0 0 -0.0029394 -0.033512 -0.19103 0.022813 -0.026091 0.004226 0 0
-0 -0 -0.20499 0 0 0 0 0 0 0 0 0 0 -0.0031064 -0.035416 -0.20189 0.02395 -0.027698 0.0044904 0 0
-0 -0 -0.056397 0 0 0 0 0 0 0 0 0 0 -0.00085462 -0.0097435 -0.055542 0.0071553 -0.0071304 0.0011407 0 0
0 0 0.12587 0 0 0 0 0 0 0 0 0 0 0.0019074 0.021746 0.12396 -0.01736 0.014413 -0.0022612 0 0
0 0 0.13798 0 0 0 0 0 0 0 0 0 0 0.002091 0.023839 0.13589 -0.019125 0.015684 -0.0024571 0 0
0 0 0.27873 0 0 0 0 0 0 0 0 0 0 0.0042239 0.048156 0.27451 -0.040693 0.028863 -0.0044372 0 0
0 0 0.19219 0 0 0 0 0 0 0 0 0 0 0.0029124 0.033204 0.18928 -0.027208 0.021112 -0.0032849 0 0
-0 -0 -0.25962 0 0 0 0 0 0 0 0 0 0 -0.0039342 -0.044853 -0.25568 0.029319 -0.035841 0.0058363 0 0
0 0 0.16504 0 0 0 0 0 0 0 0 0 0 0.0025009 0.028513 0.16254 -0.023122 0.018447 -0.0028803 0 0
-0 -0 -0.24887 0 0 0 0 0 0 0 0 0 0 -0.0037713 -0.042996 -0.2451 0.028298 -0.034216 0.0055669 0 0
0 0 0.26645 0 0 0 0 0 0 0 0 0 0 0.0040377 0.046033 0.26241 -0.038738 0.027833 -0.0042866 0 0
-0 -0 -0.29005 0 0 0 0 0 0 0 0 0 0 -0.0043953 -0.050111 -0.28565 0.032113 -0.040499 0.0066104 0 0
0 0 0.060855 0 0 0 0 0 0 0 0 0 0 0.00092219 0.010514 0.059933 -0.008164 0.0072363 -0.0011438 0 0
0 0 0.21504 0 0 0 0 0 0 0 0 0 0 0.0032586 0.037151 0.21178 -0.030701 0.023269 -0.0036096 0 0
-0 -0 -0.29518 0 0 0 0 0 0 0 0 0 0 -0.0044731 -0.050997 -0.29071 0.032569 -0.041292 0.0067425 0 0
0 0 0.30173 0 0 0 0 0 0 0 0 0 0 0.0045723 0.052128 0.29716 -0.044386 0.030727 -0.0047073 0 0
-0 -0 -0.19385 0 0 0 0 0 0 0 0 0 0 -0.0029375 -0.03349 -0.19091 0.022799 -0.026073 0.004223 0 0
-0 -0 -0.046068 0 0 0 0 0 0 0 0 0 0 -0.0006981 -0.007959 -0.04537 0.0058755 -0.005795 0.00092619 0 0
-0 -0 -0.070484 0 0 0 0 0 0 0 0 0 0 -0.0010681 -0.012177 -0.069416 0.0088782 -0.0089725 0.0014374 0 0
-0 -0 -0.028407 0 0 0 0 0 0 0 0 0 0 -0.00043048 -0.0049078 -0.027977 0.0036551 -0.0035421 0.00056512 0 0
0 0 0.30587 0 0 0 0 0 0 0 0 0 0 0.004635 0.052843 0.30123 -0.045055 0.031054 -0.0047543 0 0
0 0 0.2755 0 0 0 0 0 0 0 0 0 0 0.0041748 0.047596 0.27132 -0.040177 0.028594 -0.0043979 0 0
-0 -0 -0.32165 0 0 0 0 0 0 0 0 0 0 -0.0048742 -0.05557 -0.31678 0.03486 -0.045421 0.0074316 0 0
0 0 0.31108 0 0 0 0 0 0 0 0 0 0 0.0047141 0.053745 0.30637 -0.0459 0.031461 -0.0048128 0 0
0 0 0.12936 0 0 0 0 0 0 0 0 0 0 0.0019603 0.022349 0.1274 -0.017867 0.014781 -0.002318 0 0
-0 -0 -0.17535 0 0 0 0 0 0 0 0 0 0 -0.0026572 -0.030294 -0.17269 0.020849 -0.023403 0.0037846 0 0
-0 -0 -0.34501 0 0 0 0 0 0 0 0 0 0 -0.0052282 -0.059607 -0.33978 0.036789 -0.049114 0.0080497 0 0
-0 -0 -0.13332 0 0 0 0 0 0 0 0 0 0 -0.0020203 -0.023034 -0.1313 0.016237 -0.017472 0.0028152 0 0
-0 -0 -0.038117 0 0 0 0 0 0 0 0 0 0 -0.00057761 -0.0065853 -0.037539 0.0048808 -0.0047759 0.00076271 0 0
0 0 0.14403 0 0 0 0 0 0 0 0 0 0 0.0021826 0.024883 0.14185 -0.020012 0.01631 -0.0025533 0 0
0 0 0.014782 0 0 0 0 0 0 0 0 0 0 0.000224 0.0025538 0.014558 -0.0019418 0.0018024 -0.00028631 0 0
0 0 0.21366 0 0 0 0 0 0 0 0 0 0 0.0032378 0.036913 0.21042 -0.030489 0.023142 -0.0035905 0 0
-0 -0 -0.21397 0 0 0 0 0 0 0 0 0 0 -0.0032424 -0.036966 -0.21072 0.024863 -0.029016 0.0047075 0 0
-0 -0 -0.32312 0 0 0 0 0 0 0 0 0 0 -0.0048965 -0.055825 -0.31823 0.034984 -0.045653 0.0074703 0 0
-0 -0 -0.23371 0 0 0 0 0 0 0 0 0 0 -0.0035416 -0.040377 -0.23017 0.026829 -0.031943 0.0051908 0 0
-0 -0 -0.27348 0 0 0 0 0 0 0 0 0 0 -0.0041443 -0.047248 -0.26934 0.03061 -0.037953 0.0061869 0 0
-0 -0 -0.15059 0 0 0 0 0 0 0 0 0 0 -0.002282 -0.026017 -0.14831 0.018163 -0.019886 0.0032091 0 0
0 0 0.32497 0 0 0 0 0 0 0 0 0 0 0.0049246 0.056144 0.32005 -0.048162 0.032526 -0.0049648 0 0
0 0 0.32477 0 0 0 0 0 0 0 0 0 0 0.0049214 0.056109 0.31984 -0.048128 0.03251 -0.0049626 0 0
0 0 0.20316 0 0 0 0 0 0 0 0 0 0 0.0030786 0.035099 0.20008 -0.028879 0.022158 -0.0034427 0 0
-0 -0 -0.15988 0 0 0 0 0 0 0 0 0 0 -0.0024228 -0.027622 -0.15746 0.019181 -0.021198 0.0034235 0 0
0 0 0.052016 0 0 0 0 0 0 0 0 0 0 0.00078823 0.0089866 0.051228 -0.0069507 0.0062157 -0.00098343 0 0
0 0 0.12318 0 0 0 0 0 0 0 0 0 0 0.0018667 0.021282 0.12132 -0.016971 0.014128 -0.0022172 0 0
-0 -0 -0.016489 0 0 0 0 0 0 0 0 0 0 -0.00024987 -0.0028487 -0.016239 0.002134 -0.0020436 0.00032566 0 0
-0 -0 -0.03716 0 0 0 0 0 0 0 0 0 0 -0.00056312 -0.0064201 -0.036597 0.0047606 -0.0046539 0.00074315 0 0
0 0 0.067019 0 0 0 0 0 0 0 0 0 0 0.0010156 0.011579 0.066004 -0.0090154 0.0079417 -0.0012545 0 0
0 0 0.2891 0 0 0 0 0 0 0 0 0 0 0.0043809 0.049946 0.28472 -0.042352 0.029713 -0.0045608 0 0
-0 -0 -0.16576 0 0 0 0 0 0 0 0 0 0 -0.0025119 -0.028637 -0.16325 0.019819 -0.022033 0.0035601 0 0
0 0 0.16368 0 0 0 0 0 0 0 0 0 0 0.0024804 0.028279 0.1612 -0.02292 0.018311 -0.0028596 0 0
-0 -0 -0.20042 0 0 0 0 0 0 0 0 0 0 -0.0030371 -0.034626 -0.19738 0.02348 -0.02703 0.0043804 0 0
0 0 0.28159 0 0 0 0 0 0 0 0 0 0 0.0042672 0.048649 0.27732 -0.04115 0.029099 -0.0044716 0 0
0 0 0.13646 0 0 0 0 0 0 0 0 0 0 0.0020679 0.023576 0.1344 -0.018903 0.015526 -0.0024327 0 0
-0 -0 -0.017488 0 0 0 0 0 0 0 0 0 0 -0.00026501 -0.0030213 -0.017223 0.0022622 -0.0021685 0.0003456 0 0
0 0 0.00038274 0 0 0 0 0 0 0 0 0 0 5.7999e-06 6.6125e-05 0.00037694 -4.9938e-05 4.7023e-05 -7.4807e-06 0 0
0 0 0.0038304 0 0 0 0 0 0 0 0 0 0 5.8045e-05 0.00066177 0.0037724 -0.00050059 0.00046976 -7.4705e-05 0 0
0 0 0.29678 0 0 0 0 0 0 0 0 0 0 0.0044974 0.051274 0.29229 -0.043588 0.030333 -0.0046505 0 0
0 0 0.1298 0 0 0 0 0 0 0 0 0 0 0.001967 0.022426 0.12784 -0.017932 0.014828 -0.0023253 0 0
-0 -0 -0.30521 0 0 0 0 0 0 0 0 0 0 -0.0046251 -0.052731 -0.30059 0.033451 -0.04285 0.0070023 0 0
0 0 0.16636 0 0 0 0 0 0 0 0 0 0 0.002521 0.028741 0.16384 -0.023319 0.018579 -0.0029004 0 0
-0 -0 -0.29984 0 0 0 0 0 0 0 0 0 0 -0.0045437 -0.051802 -0.2953 0.03298 -0.042015 0.0068629 0 0
0 0 0.056777 0 0 0 0 0 0 0 0 0 0 0.00086039 0.0098092 0.055917 -0.0076031 0.0067668 -0.0010701 0 0
-0 -0 -0.31782 0 0 0 0 0 0 0 0 0 0 -0.0048161 -0.054908 -0.313 0.034535 -0.04482 0.0073311 0 0
0 0 0.22249 0 0 0 0 0 0 0 0 0 0 0.0033716 0.038439 0.21912 -0.031851 0.023956 -0.0037124 0 0
0 0 0.030483 0 0 0 0 0 0 0 0 0 0 0.00046193 0.0052665 0.030021 -0.0040337 0.0036858 -0.00058451 0 0
-0 -0 -0.027132 0 0 0 0 0 0 0 0 0 0 -0.00041115 -0.0046875 -0.026721 0.0034932 -0.0033809 0.00053934 0 0
0 0 0.17557 0 0 0 0 0 0 0 0 0 0 0.0026606 0.030333 0.17291 -0.024698 0.019494 -0.0030397 0 0
0 0 0.19071 0 0 0 0 0 0 0 0 0 0 0.0028899 0.032948 0.18782 -0.026983 0.020969 -0.0032634 0 0
0 0 0.11104 0 0 0 0 0 0 0 0 0 0 0.0016827 0.019184 0.10936 -0.015222 0.012828 -0.0020161 0 0
-0 -0 -0.14982 0 0 0 0 0 0 0 0 0 0 -0.0022703 -0.025883 -0.14755 0.018077 -0.019777 0.0031912 0 0
0 0 0.12505 0 0 0 0 0 0 0 0 0 0 0.001895 0.021605 0.12316 -0.017242 0.014326 -0.0022478 0 0
0 0 0.074579 0 0 0 0 0 0 0 0 0 0 0.0011302 0.012885 0.073449 -0.010066 0.0087998 -0.0013888 0 0
0 0 0.22496 0 0 0 0 0 0 0 0 0 0 0.003409 0.038866 0.22155 -0.032234 0.024182 -0.0037461 0 0
