0 0 0 0.14054 0 0 0 0 -0 0 -0 0.13841 -0.02428 0.0021297 0 0
-0 -0 -0 0.083173 0 0 0 0 -0 0 -0 0.081913 -0.01437 0.0012604 0 0
-0 -0 -0 0.058303 0 0 0 0 -0 0 -0 0.05742 -0.010073 0.00088351 0 0
0 0 0 0.13637 0 0 0 0 -0 0 -0 0.13431 -0.02356 0.0020665 0 0
0 0 0 0.016571 0 0 0 0 -0 0 -0 0.016319 -0.0028628 0.0002511 0 0
0 0 0 0.031365 0 0 0 0 -0 0 -0 0.03089 -0.0054189 0.0004753 0 0
-0 -0 -0 0.13155 0 0 0 0 -0 0 -0 0.12956 -0.022727 0.0019935 0 0
0 0 0 0.19686 0 0 0 0 -0 0 -0 0.19388 -0.034011 0.0029832 0 0
-0 -0 -0 0.049027 0 0 0 0 -0 0 -0 0.048284 -0.0084703 0.00074295 0 0
0 0 0 0.12614 0 0 0 0 -0 0 -0 0.12423 -0.021792 0.0019114 0 0
0 0 0 0.04946 0 0 0 0 -0 0 -0 0.04871 -0.008545 0.0007495 0 0
0 0 0 0.12962 0 0 0 0 -0 0 -0 0.12765 -0.022393 0.0019641 0 0
-0 -0 -0 0.16567 0 0 0 0 -0 0 -0 0.16316 -0.028622 0.0025105 0 0
-0 -0 -0 0.037123 0 0 0 0 -0 0 -0 0.03656 -0.0064135 0.00056255 0 0
-0 -0 -0 0.10112 0 0 0 0 -0 0 -0 0.099588 -0.01747 0.0015323 0 0
-0 -0 -0 0.18967 0 0 0 0 -0 0 -0 0.18679 -0.032768 0.0028741 0 0
-0 -0 -0 0.18418 0 0 0 0 -0 0 -0 0.18139 -0.03182 0.002791 0 0
-0 -0 -0 0.018353 0 0 0 0 -0 0 -0 0.018075 -0.0031707 0.00027811 0 0
-0 -0 -0 0.030043 0 0 0 0 -0 0 -0 0.029588 -0.0051904 0.00045526 0 0
0 0 0 0.17801 0 0 0 0 -0 0 -0 0.17531 -0.030754 0.0026975 0 0
-0 -0 -0 0.16939 0 0 0 0 -0 0 -0 0.16682 -0.029264 0.0025668 0 0
0 0 0 0.15581 0 0 0 0 -0 0 -0 0.15345 -0.026918 0.0023611 0 0
0 0 0 0.08504 0 0 0 0 -0 0 -0 0.083751 -0.014692 0.0012887 0 0
-0 -0 -0 0.020848 0 0 0 0 -0 0 -0 0.020532 -0.0036018 0.00031592 0 0
-0 -0 -0 0.11968 0 0 0 0 -0 0 -0 0.11786 -0.020676 0.0018135 0 0
0 0 0 0.050866 0 0 0 0 -0 0 -0 0.050095 -0.0087878 0.0007708 0 0
0 0 0 0.010944 0 0 0 0 -0 0 -0 0.010778 -0.0018907 0.00016584 0 0
-0 -0 -0 0.15642 0 0 0 0 -0 0 -0 0.15404 -0.027023 0.0023703 0 0
0 0 0 0.032022 0 0 0 0 -0 0 -0 0.031537 -0.0055324 0.00048526 0 0
0 0 0 0.04099 0 0 0 0 -0 0 -0 0.040369 -0.0070817 0.00062115 0 0
0 0 0 0.013279 0 0 0 0 -0 0 -0 0.013078 -0.0022942 0.00020123 0 0
-0 -0 -0 0.075341 0 0 0 0 -0 0 -0 0.074199 -0.013016 0.0011417 0 0
0 0 0 0.13763 0 0 0 0 -0 0 -0 0.13554 -0.023778 0.0020856 0 0
0 0 0 0.091667 0 0 0 0 -0 0 -0 0.090278 -0.015837 0.0013891 0 0
-0 -0 -0 0.096104 0 0 0 0 -0 0 -0 0.094648 -0.016604 0.0014563 0 0
0 0 0 0.062698 0 0 0 0 -0 0 -0 0.061748 -0.010832 0.00095011 0 0
0 0 0 0.12704 0 0 0 0 -0 0 -0 0.12512 -0.021949 0.0019252 0 0
-0 -0 -0 0.080499 0 0 0 0 -0 0 -0 0.07928 -0.013908 0.0012199 0 0
0 0 0 0.067055 0 0 0 0 -0 0 -0 0.066039 -0.011585 0.0010161 0 0
-0 -0 -0 0.060115 0 0 0 0 -0 0 -0 0.059204 -0.010386 0.00091096 0 0
0 0 0 0.10555 0 0 0 0 -0 0 -0 0.10395 -0.018236 0.0015995 0 0
0 0 0 0.10949 0 0 0 0 -0 0 -0 0.10783 -0.018916 0.0016592 0 0
0 0 0 0.14496 0 0 0 0 -0 0 -0 0.14277 -0.025045 0.0021967 0 0
-0 -0 -0 0.17944 0 0 0 0 -0 0 -0 0.17672 -0.031001 0.0027192 0 0
0 0 0 0.15503 0 0 0 0 -0 0 -0 0.15268 -0.026784 0.0023493 0 0
-0 -0 -0 0.036272 0 0 0 0 -0 0 -0 0.035722 -0.0062666 0.00054965 0 0
-0 -0 -0 0.16663 0 0 0 0 -0 0 -0 0.1641 -0.028787 0.002525 0 0
0 0 0 0.096263 0 0 0 0 -0 0 -0 0.094804 -0.016631 0.0014587 0 0
-0 -0 -0 0.10274 0 0 0 0 -0 0 -0 0.10118 -0.017749 0.0015568 0 0
0 0 0 0.074628 0 0 0 0 -0 0 -0 0.073497 -0.012893 0.0011309 0 0
0 0 0 0.059594 0 0 0 0 -0 0 -0 0.058691 -0.010296 0.00090308 0 0
0 0 0 0.069718 0 0 0 0 -0 0 -0 0.068662 -0.012045 0.0010565 0 0
-0 -0 -0 0.086836 0 0 0 0 -0 0 -0 0.08552 -0.015002 0.0013159 0 0
-0 -0 -0 0.014023 0 0 0 0 -0 0 -0 0.01381 -0.0024226 0.0002125 0 0
0 0 0 0.089397 0 0 0 0 -0 0 -0 0.088043 -0.015445 0.0013547 0 0
0 0 0 0.14157 0 0 0 0 -0 0 -0 0.13943 -0.024459 0.0021454 0 0
0 0 0 0.1479 0 0 0 0 -0 0 -0 0.14566 -0.025552 0.0022412 0 0
-0 -0 -0 0.14749 0 0 0 0 -0 0 -0 0.14526 -0.025481 0.002235 0 0
-0 -0 -0 0.091259 0 0 0 0 -0 0 -0 0.089876 -0.015766 0.0013829 0 0
-0 -0 -0 0.069019 0 0 0 0 -0 0 -0 0.067973 -0.011924 0.0010459 0 0
-0 -0 -0 0.19698 0 0 0 0 -0 0 -0 0.194 -0.034032 0.002985 0 0
-0 -0 -0 0.13871 0 0 0 0 -0 0 -0 0.13661 -0.023965 0.002102 0 0
0 0 0 0.1335 0 0 0 0 -0 0 -0 0.13148 -0.023064 0.002023 0 0
-0 -0 -0 0.15245 0 0 0 0 -0 0 -0 0.15014 -0.026338 0.0023101 0 0
0 0 0 0.14034 0 0 0 0 -0 0 -0 0.13822 -0.024246 0.0021267 0 0
0 0 0 0.13011 0 0 0 0 -0 0 -0 0.12814 -0.022479 0.0019716 0 0
0 0 0 0.072245 0 0 0 0 -0 0 -0 0.07115 -0.012481 0.0010948 0 0
0 0 0 0.026599 0 0 0 0 -0 0 -0 0.026196 -0.0045953 0.00040307 0 0
-0 -0 -0 0.012976 0 0 0 0 -0 0 -0 0.012779 -0.0022418 0.00019664 0 0
0 0 0 0.099826 0 0 0 0 -0 0 -0 0.098313 -0.017247 0.0015127 0 0
0 0 0 0.017443 0 0 0 0 -0 0 -0 0.017179 -0.0030136 0.00026433 0 0
-0 -0 -0 0.10897 0 0 0 0 -0 0 -0 0.10731 -0.018826 0.0016512 0 0
0 0 0 0.12449 0 0 0 0 -0 0 -0 0.1226 -0.021508 0.0018865 0 0
0 0 0 0.095977 0 0 0 0 -0 0 -0 0.094523 -0.016582 0.0014544 0 0
-0 -0 -0 0.1045 0 0 0 0 -0 0 -0 0.10292 -0.018055 0.0015836 0 0
0 0 0 0.12532 0 0 0 0 -0 0 -0 0.12342 -0.021652 0.0018991 0 0
-0 -0 -0 0.13044 0 0 0 0 -0 0 -0 0.12846 -0.022536 0.0019767 0 0
0 0 0 0.15927 0 0 0 0 -0 0 -0 0.15686 -0.027516 0.0024135 0 0
0 0 0 0.056454 0 0 0 0 -0 0 -0 0.055598 -0.0097533 0.00085548 0 0
-0 -0 -0 0.15605 0 0 0 0 -0 0 -0 0.15369 -0.026961 0.0023648 0 0
-0 -0 -0 0.10892 0 0 0 0 -0 0 -0 0.10727 -0.018817 0.0016505 0 0
-0 -0 -0 0.01221 0 0 0 0 -0 0 -0 0.012025 -0.0021095 0.00018502 0 0
0 0 0 0.15346 0 0 0 0 -0 0 -0 0.15113 -0.026512 0.0023254 0 0
-0 -0 -0 0.10321 0 0 0 0 -0 0 -0 0.10164 -0.01783 0.0015639 0 0
0 0 0 0.037383 0 0 0 0 -0 0 -0 0.036816 -0.0064585 0.00056649 0 0
-0 -0 -0 0.14284 0 0 0 0 -0 0 -0 0.14067 -0.024677 0.0021645 0 0
0 0 0 0.085322 0 0 0 0 -0 0 -0 0.084029 -0.014741 0.0012929 0 0
-0 -0 -0 0.16629 0 0 0 0 -0 0 -0 0.16377 -0.028729 0.0025199 0 0
-0 -0 -0 0.053451 0 0 0 0 -0 0 -0 0.052641 -0.0092345 0.00080998 0 0
0 0 0 0.044285 0 0 0 0 -0 0 -0 0.043614 -0.007651 0.00067109 0 0
-0 -0 -0 0.12192 0 0 0 0 -0 0 -0 0.12007 -0.021063 0.0018475 0 0
0 0 0 0.16503 0 0 0 0 -0 0 -0 0.16253 -0.028511 0.0025008 0 0
0 0 0 0.13499 0 0 0 0 -0 0 -0 0.13294 -0.023321 0.0020455 0 0
-0 -0 -0 0.080657 0 0 0 0 -0 0 -0 0.079435 -0.013935 0.0012223 0 0
-0 -0 -0 0.15734 0 0 0 0 -0 0 -0 0.15496 -0.027183 0.0023843 0 0
0 0 0 0.1625 0 0 0 0 -0 0 -0 0.16003 -0.028074 0.0024624 0 0
-0 -0 -0 0.091022 0 0 0 0 -0 0 -0 0.089643 -0.015726 0.0013793 0 0
0 0 0 0.10059 0 0 0 0 -0 0 -0 0.099064 -0.017378 0.0015243 0 0
0 0 0 0.090464 0 0 0 0 -0 0 -0 0.089093 -0.015629 0.0013709 0 0
-0 -0 -0 0.073987 0 0 0 0 -0 0 -0 0.072866 -0.012782 0.0011212 0 0
