-0 -0 -0.14191 0 0 0 0 0 0 0 0 0 0 -0.0063212 -0.023529 -0.1398 -0.0079059 -0.011543 0.0023002 0 0
0 0 0.22311 0 0 0 0 0 0 0 0 0 0 0.0099382 0.036993 0.2198 0.0088586 0.020074 -0.0037791 0 0
-0 -0 -0.25401 0 0 0 0 0 0 0 0 0 0 -0.011315 -0.042116 -0.25023 -0.015279 -0.019801 0.0040235 0 0
0 0 0.30452 0 0 0 0 0 0 0 0 0 0 0.013565 0.050492 0.3 0.010928 0.02782 -0.0051765 0 0
0 0 0.10801 0 0 0 0 0 0 0 0 0 0 0.0048114 0.017909 0.10641 0.0048574 0.0094696 -0.0018134 0 0
-0 -0 -0.27452 0 0 0 0 0 0 0 0 0 0 -0.012228 -0.045517 -0.27044 -0.016728 -0.021221 0.0043279 0 0
-0 -0 -0.31417 0 0 0 0 0 0 0 0 0 0 -0.013994 -0.052091 -0.3095 -0.019612 -0.023879 0.0049058 0 0
0 0 0.15037 0 0 0 0 0 0 0 0 0 0 0.0066981 0.024932 0.14814 0.0064738 0.013317 -0.0025341 0 0
0 0 0.04471 0 0 0 0 0 0 0 0 0 0 0.0019916 0.0074131 0.044046 0.0021366 0.0038555 -0.00074551 0 0
-0 -0 -0.13187 0 0 0 0 0 0 0 0 0 0 -0.0058742 -0.021865 -0.12991 -0.0072928 -0.010765 0.0021415 0 0
0 0 0.21902 0 0 0 0 0 0 0 0 0 0 0.009756 0.036315 0.21577 0.0087378 0.019689 -0.0037089 0 0
-0 -0 -0.16982 0 0 0 0 0 0 0 0 0 0 -0.0075647 -0.028158 -0.1673 -0.0096531 -0.013676 0.0027382 0 0
-0 -0 -0.33571 0 0 0 0 0 0 0 0 0 0 -0.014954 -0.055663 -0.33073 -0.021223 -0.025276 0.0052137 0 0
0 0 0.20365 0 0 0 0 0 0 0 0 0 0 0.0090717 0.033767 0.20063 0.0082698 0.01825 -0.0034455 0 0
0 0 0.27319 0 0 0 0 0 0 0 0 0 0 0.012169 0.045296 0.26913 0.010208 0.024819 -0.0046386 0 0
0 0 0.12534 0 0 0 0 0 0 0 0 0 0 0.0055833 0.020782 0.12348 0.0055388 0.011035 -0.0021078 0 0
0 0 0.1449 0 0 0 0 0 0 0 0 0 0 0.0064544 0.024025 0.14275 0.0062744 0.012817 -0.0024408 0 0
0 0 0.1741 0 0 0 0 0 0 0 0 0 0 0.0077551 0.028867 0.17151 0.0073066 0.015502 -0.0029394 0 0
-0 -0 -0.21755 0 0 0 0 0 0 0 0 0 0 -0.0096905 -0.036071 -0.21432 -0.012778 -0.017206 0.0034737 0 0
0 0 0.25365 0 0 0 0 0 0 0 0 0 0 0.011299 0.042057 0.24989 0.0097101 0.02296 -0.0043033 0 0
-0 -0 -0.30927 0 0 0 0 0 0 0 0 0 0 -0.013776 -0.051279 -0.30468 -0.01925 -0.023557 0.0048352 0 0
-0 -0 -0.30331 0 0 0 0 0 0 0 0 0 0 -0.013511 -0.050291 -0.29881 -0.018812 -0.023163 0.004749 0 0
0 0 0.12916 0 0 0 0 0 0 0 0 0 0 0.0057532 0.021415 0.12724 0.005685 0.011382 -0.0021726 0 0
0 0 0.12121 0 0 0 0 0 0 0 0 0 0 0.0053993 0.020098 0.11941 0.0053789 0.010661 -0.0020375 0 0
0 0 0.21522 0 0 0 0 0 0 0 0 0 0 0.0095867 0.035684 0.21202 0.0086241 0.019333 -0.0036437 0 0
0 0 0.21285 0 0 0 0 0 0 0 0 0 0 0.0094812 0.035292 0.20969 0.0085526 0.01911 -0.0036031 0 0
0 0 0.16215 0 0 0 0 0 0 0 0 0 0 0.0072227 0.026885 0.15974 0.0068938 0.014399 -0.0027352 0 0
0 0 0.043888 0 0 0 0 0 0 0 0 0 0 0.001955 0.0072769 0.043237 0.002099 0.0037839 -0.00073175 0 0
0 0 0.28646 0 0 0 0 0 0 0 0 0 0 0.01276 0.047496 0.2822 0.010524 0.026087 -0.0048665 0 0
0 0 0.23205 0 0 0 0 0 0 0 0 0 0 0.010336 0.038475 0.2286 0.0091171 0.020916 -0.0039325 0 0
0 0 0.25849 0 0 0 0 0 0 0 0 0 0 0.011514 0.042859 0.25465 0.0098367 0.023419 -0.0043864 0 0
-0 -0 -0.015123 0 0 0 0 0 0 0 0 0 0 -0.00067366 -0.0025075 -0.014899 -0.00076214 -0.001282 0.00025023 0 0
-0 -0 -0.017574 0 0 0 0 0 0 0 0 0 0 -0.00078283 -0.0029139 -0.017313 -0.0008875 -0.0014887 0.00029069 0 0
-0 -0 -0.25207 0 0 0 0 0 0 0 0 0 0 -0.011228 -0.041794 -0.24832 -0.015144 -0.019665 0.0039945 0 0
0 0 0.033066 0 0 0 0 0 0 0 0 0 0 0.0014729 0.0054826 0.032575 0.0015971 0.0028423 -0.0005506 0 0
0 0 0.12604 0 0 0 0 0 0 0 0 0 0 0.0056145 0.020899 0.12417 0.0055657 0.011099 -0.0021197 0 0
-0 -0 -0.071924 0 0 0 0 0 0 0 0 0 0 -0.0032038 -0.011925 -0.070856 -0.0037986 -0.0059906 0.00118 0 0
0 0 0.30934 0 0 0 0 0 0 0 0 0 0 0.01378 0.051291 0.30475 0.011031 0.028284 -0.0052591 0 0
0 0 0.26732 0 0 0 0 0 0 0 0 0 0 0.011908 0.044324 0.26335 0.010062 0.02426 -0.004538 0 0
-0 -0 -0.24631 0 0 0 0 0 0 0 0 0 0 -0.010972 -0.04084 -0.24266 -0.014743 -0.019261 0.0039084 0 0
0 0 0.30348 0 0 0 0 0 0 0 0 0 0 0.013519 0.05032 0.29898 0.010906 0.027721 -0.0051586 0 0
0 0 0.10214 0 0 0 0 0 0 0 0 0 0 0.0045497 0.016935 0.10062 0.0046202 0.0089414 -0.0017138 0 0
0 0 0.33691 0 0 0 0 0 0 0 0 0 0 0.015007 0.055861 0.3319 0.011573 0.030945 -0.0057314 0 0
-0 -0 -0.22775 0 0 0 0 0 0 0 0 0 0 -0.010145 -0.037762 -0.22437 -0.013468 -0.017941 0.0036286 0 0
0 0 0.33992 0 0 0 0 0 0 0 0 0 0 0.015141 0.056361 0.33487 0.011627 0.031237 -0.005783 0 0
-0 -0 -0.31431 0 0 0 0 0 0 0 0 0 0 -0.014001 -0.052114 -0.30964 -0.019623 -0.023889 0.0049078 0 0
-0 -0 -0.32969 0 0 0 0 0 0 0 0 0 0 -0.014686 -0.054665 -0.3248 -0.02077 -0.024889 0.0051281 0 0
-0 -0 -0.24684 0 0 0 0 0 0 0 0 0 0 -0.010995 -0.040927 -0.24317 -0.01478 -0.019298 0.0039162 0 0
-0 -0 -0.032274 0 0 0 0 0 0 0 0 0 0 -0.0014376 -0.0053511 -0.031794 -0.0016502 -0.0027218 0.0005327 0 0
-0 -0 -0.32659 0 0 0 0 0 0 0 0 0 0 -0.014548 -0.054151 -0.32174 -0.020537 -0.024689 0.0050839 0 0
0 0 0.024274 0 0 0 0 0 0 0 0 0 0 0.0010813 0.0040248 0.023914 0.0011818 0.0020814 -0.00040375 0 0
-0 -0 -0.32091 0 0 0 0 0 0 0 0 0 0 -0.014295 -0.053208 -0.31614 -0.020113 -0.02432 0.0050026 0 0
0 0 0.34848 0 0 0 0 0 0 0 0 0 0 0.015523 0.057781 0.34331 0.011778 0.032067 -0.0059296 0 0
0 0 0.21312 0 0 0 0 0 0 0 0 0 0 0.0094933 0.035337 0.20996 0.0085608 0.019136 -0.0036078 0 0
-0 -0 -0.22252 0 0 0 0 0 0 0 0 0 0 -0.0099121 -0.036895 -0.21922 -0.013114 -0.017566 0.0035493 0 0
0 0 0.020029 0 0 0 0 0 0 0 0 0 0 0.00089218 0.0033209 0.019732 0.00097884 0.0017154 -0.00033297 0 0
-0 -0 -0.102 0 0 0 0 0 0 0 0 0 0 -0.0045435 -0.016912 -0.10048 -0.0055151 -0.0084118 0.0016651 0 0
-0 -0 -0.039975 0 0 0 0 0 0 0 0 0 0 -0.0017807 -0.0066281 -0.039381 -0.0020571 -0.0033633 0.00065907 0 0
-0 -0 -0.17381 0 0 0 0 0 0 0 0 0 0 -0.0077421 -0.028818 -0.17123 -0.0099073 -0.013976 0.0028002 0 0
-0 -0 -0.092768 0 0 0 0 0 0 0 0 0 0 -0.0041323 -0.015382 -0.091391 -0.0049804 -0.0076742 0.0015168 0 0
-0 -0 -0.29111 0 0 0 0 0 0 0 0 0 0 -0.012967 -0.048268 -0.28679 -0.017922 -0.022347 0.0045715 0 0
0 0 0.30275 0 0 0 0 0 0 0 0 0 0 0.013486 0.050197 0.29825 0.01089 0.02765 -0.005146 0 0
-0 -0 -0.052656 0 0 0 0 0 0 0 0 0 0 -0.0023455 -0.0087306 -0.051874 -0.002738 -0.0044127 0.00086648 0 0
0 0 0.21746 0 0 0 0 0 0 0 0 0 0 0.0096866 0.036056 0.21423 0.0086914 0.019543 -0.0036822 0 0
0 0 0.30698 0 0 0 0 0 0 0 0 0 0 0.013674 0.050899 0.30242 0.010981 0.028057 -0.0052186 0 0
0 0 0.32869 0 0 0 0 0 0 0 0 0 0 0.014641 0.054498 0.32381 0.011419 0.03015 -0.0055907 0 0
0 0 0.2938 0 0 0 0 0 0 0 0 0 0 0.013087 0.048714 0.28944 0.010692 0.026791 -0.0049925 0 0
-0 -0 -0.021373 0 0 0 0 0 0 0 0 0 0 -0.00095207 -0.0035439 -0.021056 -0.0010829 -0.0018085 0.00035334 0 0
-0 -0 -0.20811 0 0 0 0 0 0 0 0 0 0 -0.0092702 -0.034506 -0.20502 -0.012147 -0.01652 0.0033297 0 0
0 0 0.27567 0 0 0 0 0 0 0 0 0 0 0.012279 0.045707 0.27157 0.010268 0.025056 -0.0046812 0 0
0 0 0.17628 0 0 0 0 0 0 0 0 0 0 0.0078521 0.029228 0.17366 0.0073804 0.015703 -0.0029767 0 0
0 0 0.16441 0 0 0 0 0 0 0 0 0 0 0.0073234 0.02726 0.16197 0.0069728 0.014607 -0.0027738 0 0
0 0 0.13737 0 0 0 0 0 0 0 0 0 0 0.0061193 0.022778 0.13533 0.0059956 0.01213 -0.0023126 0 0
-0 -0 -0.096263 0 0 0 0 0 0 0 0 0 0 -0.004288 -0.015961 -0.094834 -0.005182 -0.0079541 0.001573 0 0
0 0 0.04121 0 0 0 0 0 0 0 0 0 0 0.0018357 0.0068329 0.040598 0.0019757 0.0035504 -0.00068688 0 0
-0 -0 -0.14746 0 0 0 0 0 0 0 0 0 0 -0.0065685 -0.02445 -0.14527 -0.0082486 -0.011971 0.0023878 0 0
-0 -0 -0.062054 0 0 0 0 0 0 0 0 0 0 -0.0027642 -0.010289 -0.061133 -0.0032515 -0.0051849 0.0010197 0 0
0 0 0.047588 0 0 0 0 0 0 0 0 0 0 0.0021198 0.0078904 0.046882 0.0022681 0.004107 -0.00079379 0 0
0 0 0.24572 0 0 0 0 0 0 0 0 0 0 0.010946 0.040742 0.24208 0.0094977 0.022208 -0.0041672 0 0
0 0 0.13654 0 0 0 0 0 0 0 0 0 0 0.006082 0.022639 0.13451 0.0059642 0.012053 -0.0022983 0 0
-0 -0 -0.28249 0 0 0 0 0 0 0 0 0 0 -0.012583 -0.046838 -0.27829 -0.017299 -0.021764 0.0044452 0 0
0 0 0.17852 0 0 0 0 0 0 0 0 0 0 0.0079519 0.029599 0.17586 0.0074558 0.015911 -0.003015 0 0
-0 -0 -0.15667 0 0 0 0 0 0 0 0 0 0 -0.0069789 -0.025977 -0.15435 -0.0088225 -0.012677 0.0025326 0 0
0 0 0.10846 0 0 0 0 0 0 0 0 0 0 0.0048314 0.017984 0.10685 0.0048755 0.00951 -0.001821 0 0
-0 -0 -0.21431 0 0 0 0 0 0 0 0 0 0 -0.0095464 -0.035534 -0.21113 -0.012561 -0.016972 0.0034244 0 0
0 0 0.25058 0 0 0 0 0 0 0 0 0 0 0.011162 0.041547 0.24686 0.0096284 0.022668 -0.0042505 0 0
0 0 0.12142 0 0 0 0 0 0 0 0 0 0 0.0054088 0.020133 0.11962 0.0053871 0.01068 -0.0020411 0 0
-0 -0 -0.33495 0 0 0 0 0 0 0 0 0 0 -0.01492 -0.055536 -0.32997 -0.021166 -0.025227 0.0052028 0 0
-0 -0 -0.25719 0 0 0 0 0 0 0 0 0 0 -0.011456 -0.042644 -0.25337 -0.015502 -0.020024 0.004071 0 0
-0 -0 -0.22198 0 0 0 0 0 0 0 0 0 0 -0.0098879 -0.036805 -0.21868 -0.013077 -0.017527 0.0035411 0 0
0 0 0.24581 0 0 0 0 0 0 0 0 0 0 0.01095 0.040758 0.24216 0.0095001 0.022217 -0.0041687 0 0
-0 -0 -0.1348 0 0 0 0 0 0 0 0 0 0 -0.0060047 -0.022351 -0.1328 -0.007471 -0.010993 0.0021879 0 0
-0 -0 -0.12101 0 0 0 0 0 0 0 0 0 0 -0.0053904 -0.020064 -0.11921 -0.0066382 -0.0099154 0.001969 0 0
0 0 0.32921 0 0 0 0 0 0 0 0 0 0 0.014665 0.054585 0.32432 0.011429 0.030201 -0.0055997 0 0
-0 -0 -0.30708 0 0 0 0 0 0 0 0 0 0 -0.013679 -0.050916 -0.30252 -0.019089 -0.023412 0.0048035 0 0
-0 -0 -0.11581 0 0 0 0 0 0 0 0 0 0 -0.0051585 -0.019201 -0.11409 -0.0063278 -0.0095059 0.001886 0 0
0 0 0.091784 0 0 0 0 0 0 0 0 0 0 0.0040885 0.015218 0.090421 0.0041944 0.008014 -0.0015384 0 0
0 0 0.012534 0 0 0 0 0 0 0 0 0 0 0.00055832 0.0020782 0.012348 0.00061664 0.0010712 -0.00020816 0 0
-0 -0 -0.13937 0 0 0 0 0 0 0 0 0 0 -0.006208 -0.023108 -0.1373 -0.00775 -0.011347 0.0022601 0 0
0 0 0.16492 0 0 0 0 0 0 0 0 0 0 0.0073464 0.027345 0.16247 0.0069909 0.014655 -0.0027826 0 0
