-0 -0 -0 0.00089834 0 0 0 0 0 0 0 0.0008443 -0.00030568 2.7019e-05 0 0
-0 -0 -0 0.044362 0 0 0 0 0 0 0 0.041693 -0.015095 0.0013343 0 0
-0 -0 -0 0.10076 0 0 0 0 0 0 0 0.094702 -0.034287 0.0030307 0 0
0 0 0 0.096983 0 0 0 0 0 0 0 0.091149 -0.033001 0.002917 0 0
-0 -0 -0 0.18226 0 0 0 0 0 0 0 0.1713 -0.06202 0.005482 0 0
0 0 0 0.0084457 0 0 0 0 0 0 0 0.0079376 -0.0028738 0.00025402 0 0
-0 -0 -0 0.096372 0 0 0 0 0 0 0 0.090575 -0.032793 0.0028986 0 0
0 0 0 0.09471 0 0 0 0 0 0 0 0.089013 -0.032227 0.0028486 0 0
0 0 0 0.093256 0 0 0 0 0 0 0 0.087646 -0.031732 0.0028049 0 0
0 0 0 0.073823 0 0 0 0 0 0 0 0.069382 -0.02512 0.0022204 0 0
-0 -0 -0 0.025413 0 0 0 0 0 0 0 0.023884 -0.0086472 0.00076433 0 0
-0 -0 -0 0.049713 0 0 0 0 0 0 0 0.046722 -0.016916 0.0014952 0 0
0 0 0 0.012948 0 0 0 0 0 0 0 0.012169 -0.0044057 0.00038943 0 0
-0 -0 -0 0.011017 0 0 0 0 0 0 0 0.010354 -0.0037488 0.00033136 0 0
0 0 0 0.13012 0 0 0 0 0 0 0 0.12229 -0.044275 0.0039135 0 0
-0 -0 -0 0.086694 0 0 0 0 0 0 0 0.081479 -0.0295 0.0026075 0 0
0 0 0 0.0043136 0 0 0 0 0 0 0 0.0040541 -0.0014678 0.00012974 0 0
-0 -0 -0 0.15245 0 0 0 0 0 0 0 0.14328 -0.051874 0.0045852 0 0
0 0 0 0.11433 0 0 0 0 0 0 0 0.10745 -0.038902 0.0034386 0 0
-0 -0 -0 0.13586 0 0 0 0 0 0 0 0.12768 -0.046228 0.0040861 0 0
-0 -0 -0 0.14214 0 0 0 0 0 0 0 0.13359 -0.048365 0.004275 0 0
0 0 0 0.16904 0 0 0 0 0 0 0 0.15887 -0.057519 0.0050842 0 0
0 0 0 0.031051 0 0 0 0 0 0 0 0.029183 -0.010566 0.00093391 0 0
-0 -0 -0 0.061909 0 0 0 0 0 0 0 0.058185 -0.021066 0.001862 0 0
-0 -0 -0 0.063235 0 0 0 0 0 0 0 0.059431 -0.021517 0.0019019 0 0
-0 -0 -0 0.12766 0 0 0 0 0 0 0 0.11998 -0.043441 0.0038398 0 0
0 0 0 0.11167 0 0 0 0 0 0 0 0.10495 -0.037997 0.0033586 0 0
0 0 0 0.19326 0 0 0 0 0 0 0 0.18163 -0.06576 0.0058126 0 0
0 0 0 0.16531 0 0 0 0 0 0 0 0.15536 -0.05625 0.004972 0 0
0 0 0 0.041781 0 0 0 0 0 0 0 0.039267 -0.014217 0.0012566 0 0
-0 -0 -0 0.19993 0 0 0 0 0 0 0 0.1879 -0.06803 0.0060132 0 0
0 0 0 0.027781 0 0 0 0 0 0 0 0.02611 -0.0094531 0.00083557 0 0
-0 -0 -0 0.019843 0 0 0 0 0 0 0 0.018649 -0.006752 0.00059682 0 0
0 0 0 0.12596 0 0 0 0 0 0 0 0.11838 -0.042859 0.0037884 0 0
0 0 0 0.096204 0 0 0 0 0 0 0 0.090416 -0.032735 0.0028935 0 0
-0 -0 -0 0.16556 0 0 0 0 0 0 0 0.1556 -0.056336 0.0049796 0 0
-0 -0 -0 0.0086487 0 0 0 0 0 0 0 0.0081285 -0.0029429 0.00026013 0 0
-0 -0 -0 0.19553 0 0 0 0 0 0 0 0.18377 -0.066535 0.0058811 0 0
0 0 0 0.17952 0 0 0 0 0 0 0 0.16873 -0.061087 0.0053996 0 0
-0 -0 -0 0.12531 0 0 0 0 0 0 0 0.11777 -0.042638 0.0037688 0 0
0 0 0 0.11698 0 0 0 0 0 0 0 0.10994 -0.039805 0.0035184 0 0
-0 -0 -0 0.073711 0 0 0 0 0 0 0 0.069277 -0.025082 0.002217 0 0
0 0 0 0.071561 0 0 0 0 0 0 0 0.067256 -0.02435 0.0021523 0 0
0 0 0 0.093156 0 0 0 0 0 0 0 0.087552 -0.031698 0.0028019 0 0
0 0 0 0.12434 0 0 0 0 0 0 0 0.11686 -0.042309 0.0037398 0 0
0 0 0 0.071421 0 0 0 0 0 0 0 0.067125 -0.024303 0.0021481 0 0
0 0 0 0.04509 0 0 0 0 0 0 0 0.042378 -0.015343 0.0013562 0 0
-0 -0 -0 0.17551 0 0 0 0 0 0 0 0.16495 -0.05972 0.0052787 0 0
-0 -0 -0 0.1696 0 0 0 0 0 0 0 0.1594 -0.057709 0.005101 0 0
0 0 0 0.19792 0 0 0 0 0 0 0 0.18601 -0.067346 0.0059528 0 0
0 0 0 0.14254 0 0 0 0 0 0 0 0.13397 -0.048503 0.0042872 0 0
0 0 0 0.14514 0 0 0 0 0 0 0 0.13641 -0.049386 0.0043653 0 0
0 0 0 0.16601 0 0 0 0 0 0 0 0.15602 -0.056487 0.004993 0 0
0 0 0 0.19631 0 0 0 0 0 0 0 0.1845 -0.066799 0.0059045 0 0
0 0 0 0.011188 0 0 0 0 0 0 0 0.010515 -0.0038071 0.00033652 0 0
-0 -0 -0 0.18534 0 0 0 0 0 0 0 0.17419 -0.063066 0.0055745 0 0
0 0 0 0.18462 0 0 0 0 0 0 0 0.17351 -0.06282 0.0055528 0 0
0 0 0 0.079394 0 0 0 0 0 0 0 0.074619 -0.027016 0.002388 0 0
-0 -0 -0 0.1686 0 0 0 0 0 0 0 0.15846 -0.057371 0.0050711 0 0
0 0 0 0.13013 0 0 0 0 0 0 0 0.1223 -0.044279 0.0039139 0 0
0 0 0 0.05109 0 0 0 0 0 0 0 0.048016 -0.017384 0.0015366 0 0
-0 -0 -0 0.11941 0 0 0 0 0 0 0 0.11223 -0.040633 0.0035916 0 0
0 0 0 0.12305 0 0 0 0 0 0 0 0.11565 -0.041871 0.003701 0 0
-0 -0 -0 0.067251 0 0 0 0 0 0 0 0.063206 -0.022884 0.0020227 0 0
0 0 0 0.09343 0 0 0 0 0 0 0 0.08781 -0.031792 0.0028101 0 0
-0 -0 -0 0.11309 0 0 0 0 0 0 0 0.10629 -0.038482 0.0034015 0 0
0 0 0 0.19364 0 0 0 0 0 0 0 0.18199 -0.06589 0.0058241 0 0
-0 -0 -0 0.010097 0 0 0 0 0 0 0 0.00949 -0.0034359 0.0003037 0 0
-0 -0 -0 0.090852 0 0 0 0 0 0 0 0.085386 -0.030914 0.0027325 0 0
-0 -0 -0 0.17231 0 0 0 0 0 0 0 0.16195 -0.058633 0.0051826 0 0
-0 -0 -0 0.015772 0 0 0 0 0 0 0 0.014823 -0.0053667 0.00047437 0 0
-0 -0 -0 0.022383 0 0 0 0 0 0 0 0.021036 -0.0076162 0.0006732 0 0
-0 -0 -0 0.019723 0 0 0 0 0 0 0 0.018536 -0.006711 0.0005932 0 0
0 0 0 0.038324 0 0 0 0 0 0 0 0.036019 -0.013041 0.0011527 0 0
-0 -0 -0 0.14316 0 0 0 0 0 0 0 0.13455 -0.048712 0.0043058 0 0
0 0 0 0.13878 0 0 0 0 0 0 0 0.13043 -0.047223 0.0041741 0 0
0 0 0 0.062616 0 0 0 0 0 0 0 0.05885 -0.021307 0.0018833 0 0
0 0 0 0.014825 0 0 0 0 0 0 0 0.013933 -0.0050445 0.00044589 0 0
0 0 0 0.17381 0 0 0 0 0 0 0 0.16335 -0.059142 0.0052277 0 0
0 0 0 0.1635 0 0 0 0 0 0 0 0.15366 -0.055633 0.0049175 0 0
-0 -0 -0 0.085369 0 0 0 0 0 0 0 0.080234 -0.029049 0.0025676 0 0
-0 -0 -0 0.17463 0 0 0 0 0 0 0 0.16412 -0.059421 0.0052523 0 0
-0 -0 -0 0.14484 0 0 0 0 0 0 0 0.13613 -0.049286 0.0043564 0 0
0 0 0 0.079494 0 0 0 0 0 0 0 0.074712 -0.02705 0.002391 0 0
-0 -0 -0 0.17031 0 0 0 0 0 0 0 0.16007 -0.057953 0.0051225 0 0
0 0 0 0.012489 0 0 0 0 0 0 0 0.011738 -0.0042497 0.00037564 0 0
-0 -0 -0 0.11827 0 0 0 0 0 0 0 0.11116 -0.040244 0.0035572 0 0
0 0 0 0.012909 0 0 0 0 0 0 0 0.012133 -0.0043926 0.00038827 0 0
0 0 0 0.074863 0 0 0 0 0 0 0 0.07036 -0.025474 0.0022517 0 0
-0 -0 -0 0.036792 0 0 0 0 0 0 0 0.034579 -0.012519 0.0011066 0 0
-0 -0 -0 0.067815 0 0 0 0 0 0 0 0.063735 -0.023075 0.0020397 0 0
0 0 0 0.17333 0 0 0 0 0 0 0 0.16291 -0.05898 0.0052134 0 0
-0 -0 -0 0.02249 0 0 0 0 0 0 0 0.021137 -0.0076527 0.00067643 0 0
0 0 0 0.18613 0 0 0 0 0 0 0 0.17494 -0.063336 0.0055983 0 0
0 0 0 0.13508 0 0 0 0 0 0 0 0.12696 -0.045965 0.0040629 0 0
0 0 0 0.0015041 0 0 0 0 0 0 0 0.0014137 -0.00051182 4.524e-05 0 0
-0 -0 -0 0.17368 0 0 0 0 0 0 0 0.16323 -0.059098 0.0052238 0 0
-0 -0 -0 0.023354 0 0 0 0 0 0 0 0.021949 -0.0079467 0.00070242 0 0
0 0 0 0.10036 0 0 0 0 0 0 0 0.094319 -0.034148 0.0030184 0 0
0 0 0 0.15999 0 0 0 0 0 0 0 0.15036 -0.05444 0.004812 0 0
