-0 -0 -0.33205 0 0 0 0 0 0 0 0 0 0 -0.0099872 -0.056494 -0.32706 0.012553 -0.044433 0.0072918 0 0
-0 -0 -0.0993 0 0 0 0 0 0 0 0 0 0 -0.0029867 -0.016895 -0.097807 0.0053134 -0.01283 0.0020539 0 0
-0 -0 -0.32693 0 0 0 0 0 0 0 0 0 0 -0.0098331 -0.055623 -0.32201 0.012474 -0.043723 0.0071714 0 0
-0 -0 -0.28087 0 0 0 0 0 0 0 0 0 0 -0.0084478 -0.047786 -0.27665 0.011604 -0.037358 0.0060986 0 0
-0 -0 -0.17473 0 0 0 0 0 0 0 0 0 0 -0.0052552 -0.029727 -0.1721 0.0084738 -0.022882 0.0036937 0 0
0 0 0.064165 0 0 0 0 0 0 0 0 0 0 0.0019299 0.010917 0.0632 -0.004108 0.0079916 -0.001255 0 0
-0 -0 -0.17556 0 0 0 0 0 0 0 0 0 0 -0.0052804 -0.029869 -0.17292 0.0085045 -0.022994 0.0037122 0 0
0 0 0.33994 0 0 0 0 0 0 0 0 0 0 0.010225 0.057837 0.33483 -0.027318 0.038837 -0.0058743 0 0
-0 -0 -0.25527 0 0 0 0 0 0 0 0 0 0 -0.0076778 -0.043431 -0.25143 0.010991 -0.033838 0.0055094 0 0
-0 -0 -0.3039 0 0 0 0 0 0 0 0 0 0 -0.0091403 -0.051704 -0.29933 0.012076 -0.040535 0.006633 0 0
-0 -0 -0.34503 0 0 0 0 0 0 0 0 0 0 -0.010378 -0.058703 -0.33985 0.012735 -0.046234 0.0075972 0 0
-0 -0 -0.065789 0 0 0 0 0 0 0 0 0 0 -0.0019787 -0.011193 -0.064799 0.0036647 -0.0084432 0.0013465 0 0
-0 -0 -0.039309 0 0 0 0 0 0 0 0 0 0 -0.0011823 -0.0066878 -0.038718 0.0022574 -0.0050167 0.00079763 0 0
0 0 0.03635 0 0 0 0 0 0 0 0 0 0 0.0010933 0.0061844 0.035803 -0.0022635 0.0045589 -0.00071836 0 0
-0 -0 -0.1059 0 0 0 0 0 0 0 0 0 0 -0.0031851 -0.018017 -0.10431 0.0056204 -0.013699 0.0021947 0 0
0 0 0.30493 0 0 0 0 0 0 0 0 0 0 0.0091715 0.05188 0.30035 -0.023907 0.035285 -0.0053649 0 0
0 0 0.10175 0 0 0 0 0 0 0 0 0 0 0.0030602 0.017311 0.10022 -0.0067519 0.012547 -0.0019611 0 0
0 0 0.34471 0 0 0 0 0 0 0 0 0 0 0.010368 0.058648 0.33953 -0.027792 0.039312 -0.0059418 0 0
-0 -0 -0.32335 0 0 0 0 0 0 0 0 0 0 -0.0097256 -0.055014 -0.31849 0.012417 -0.043227 0.0070876 0 0
-0 -0 -0.040962 0 0 0 0 0 0 0 0 0 0 -0.001232 -0.0069692 -0.040346 0.0023479 -0.0052297 0.00083164 0 0
0 0 0.0023315 0 0 0 0 0 0 0 0 0 0 7.0124e-05 0.00039667 0.0022964 -0.00014014 0.00029479 -4.6641e-05 0 0
-0 -0 -0.24978 0 0 0 0 0 0 0 0 0 0 -0.0075127 -0.042497 -0.24603 0.010848 -0.033086 0.0053838 0 0
-0 -0 -0.1629 0 0 0 0 0 0 0 0 0 0 -0.0048994 -0.027714 -0.16045 0.008029 -0.02129 0.0034324 0 0
0 0 0.31899 0 0 0 0 0 0 0 0 0 0 0.0095942 0.054271 0.31419 -0.025261 0.036725 -0.0055723 0 0
0 0 0.012109 0 0 0 0 0 0 0 0 0 0 0.0003642 0.0020601 0.011927 -0.00073538 0.0015275 -0.0002414 0 0
-0 -0 -0.23506 0 0 0 0 0 0 0 0 0 0 -0.0070699 -0.039992 -0.23153 0.010444 -0.031071 0.0050482 0 0
0 0 0.083723 0 0 0 0 0 0 0 0 0 0 0.0025181 0.014244 0.082463 -0.0054623 0.010374 -0.0016252 0 0
0 0 0.034192 0 0 0 0 0 0 0 0 0 0 0.0010284 0.0058173 0.033678 -0.0021245 0.0042906 -0.00067625 0 0
-0 -0 -0.25285 0 0 0 0 0 0 0 0 0 0 -0.0076049 -0.043018 -0.24904 0.010929 -0.033506 0.0054539 0 0
0 0 0.13855 0 0 0 0 0 0 0 0 0 0 0.0041671 0.023572 0.13646 -0.009507 0.016911 -0.0026308 0 0
0 0 0.13267 0 0 0 0 0 0 0 0 0 0 0.0039903 0.022572 0.13068 -0.0090562 0.016221 -0.0025254 0 0
-0 -0 -0.043847 0 0 0 0 0 0 0 0 0 0 -0.0013188 -0.0074599 -0.043187 0.0025051 -0.0056014 0.00089105 0 0
-0 -0 -0.25813 0 0 0 0 0 0 0 0 0 0 -0.0077639 -0.043918 -0.25425 0.011064 -0.034231 0.005575 0 0
-0 -0 -0.33599 0 0 0 0 0 0 0 0 0 0 -0.010106 -0.057165 -0.33094 0.01261 -0.044979 0.0073844 0 0
0 0 0.13938 0 0 0 0 0 0 0 0 0 0 0.0041922 0.023714 0.13728 -0.0095713 0.017009 -0.0026457 0 0
-0 -0 -0.14491 0 0 0 0 0 0 0 0 0 0 -0.0043586 -0.024655 -0.14273 0.0073165 -0.018881 0.003038 0 0
0 0 0.025673 0 0 0 0 0 0 0 0 0 0 0.00077217 0.0043679 0.025287 -0.0015813 0.0032282 -0.00050934 0 0
-0 -0 -0.30042 0 0 0 0 0 0 0 0 0 0 -0.0090357 -0.051112 -0.2959 0.012009 -0.040054 0.006552 0 0
-0 -0 -0.18388 0 0 0 0 0 0 0 0 0 0 -0.0055305 -0.031284 -0.18111 0.0088048 -0.024117 0.0038969 0 0
0 0 0.28836 0 0 0 0 0 0 0 0 0 0 0.0086729 0.04906 0.28402 -0.022336 0.033563 -0.0051153 0 0
0 0 0.18824 0 0 0 0 0 0 0 0 0 0 0.0056616 0.032026 0.1854 -0.013481 0.02264 -0.0034991 0 0
-0 -0 -0.061502 0 0 0 0 0 0 0 0 0 0 -0.0018498 -0.010464 -0.060577 0.0034431 -0.0078861 0.0012571 0 0
-0 -0 -0.31404 0 0 0 0 0 0 0 0 0 0 -0.0094454 -0.053429 -0.30932 0.01226 -0.041937 0.0068696 0 0
-0 -0 -0.21767 0 0 0 0 0 0 0 0 0 0 -0.0065469 -0.037034 -0.2144 0.0099274 -0.028699 0.0046542 0 0
0 0 0.063187 0 0 0 0 0 0 0 0 0 0 0.0019005 0.01075 0.062237 -0.0040415 0.0078717 -0.0012363 0 0
-0 -0 -0.14247 0 0 0 0 0 0 0 0 0 0 -0.0042851 -0.024239 -0.14033 0.0072163 -0.018555 0.0029847 0 0
-0 -0 -0.26937 0 0 0 0 0 0 0 0 0 0 -0.0081019 -0.04583 -0.26532 0.01134 -0.035775 0.0058332 0 0
0 0 0.27618 0 0 0 0 0 0 0 0 0 0 0.0083066 0.046988 0.27202 -0.0212 0.032281 -0.0049286 0 0
0 0 0.15928 0 0 0 0 0 0 0 0 0 0 0.0047907 0.027099 0.15688 -0.01113 0.019325 -0.0029982 0 0
0 0 0.32294 0 0 0 0 0 0 0 0 0 0 0.0097131 0.054944 0.31808 -0.025645 0.037126 -0.0056299 0 0
-0 -0 -0.051785 0 0 0 0 0 0 0 0 0 0 -0.0015576 -0.0088106 -0.051007 0.0029319 -0.0066267 0.0010551 0 0
0 0 0.10798 0 0 0 0 0 0 0 0 0 0 0.0032476 0.018371 0.10635 -0.007207 0.013293 -0.0020761 0 0
0 0 0.13766 0 0 0 0 0 0 0 0 0 0 0.0041404 0.023421 0.13559 -0.0094387 0.016807 -0.0026149 0 0
0 0 0.020211 0 0 0 0 0 0 0 0 0 0 0.00060789 0.0034386 0.019907 -0.0012379 0.0025448 -0.00040177 0 0
0 0 0.3033 0 0 0 0 0 0 0 0 0 0 0.0091224 0.051602 0.29874 -0.02375 0.035116 -0.0053405 0 0
-0 -0 -0.046693 0 0 0 0 0 0 0 0 0 0 -0.0014044 -0.0079442 -0.045991 0.0026591 -0.0059686 0.00094978 0 0
-0 -0 -0.33745 0 0 0 0 0 0 0 0 0 0 -0.01015 -0.057413 -0.33238 0.012631 -0.045181 0.0074186 0 0
0 0 0.022036 0 0 0 0 0 0 0 0 0 0 0.00066277 0.0037491 0.021704 -0.0013522 0.0027733 -0.00043775 0 0
0 0 0.15516 0 0 0 0 0 0 0 0 0 0 0.0046668 0.026399 0.15283 -0.010804 0.018848 -0.0029258 0 0
-0 -0 -0.20004 0 0 0 0 0 0 0 0 0 0 -0.0060166 -0.034034 -0.19703 0.0093613 -0.026304 0.0042577 0 0
-0 -0 -0.025432 0 0 0 0 0 0 0 0 0 0 -0.00076492 -0.0043269 -0.025049 0.0014833 -0.0032359 0.00051365 0 0
-0 -0 -0.041151 0 0 0 0 0 0 0 0 0 0 -0.0012377 -0.0070013 -0.040532 0.0023582 -0.005254 0.00083553 0 0
0 0 0.21734 0 0 0 0 0 0 0 0 0 0 0.006537 0.036977 0.21407 -0.01594 0.025904 -0.0039878 0 0
0 0 0.31293 0 0 0 0 0 0 0 0 0 0 0.0094119 0.05324 0.30822 -0.024674 0.036106 -0.0054833 0 0
0 0 0.097889 0 0 0 0 0 0 0 0 0 0 0.0029442 0.016655 0.096417 -0.0064727 0.012084 -0.0018897 0 0
0 0 0.027512 0 0 0 0 0 0 0 0 0 0 0.00082749 0.0046808 0.027099 -0.0016978 0.003458 -0.00054546 0 0
-0 -0 -0.25815 0 0 0 0 0 0 0 0 0 0 -0.0077645 -0.043921 -0.25427 0.011065 -0.034234 0.0055754 0 0
0 0 0.13757 0 0 0 0 0 0 0 0 0 0 0.0041376 0.023405 0.1355 -0.0094316 0.016796 -0.0026133 0 0
0 0 0.089676 0 0 0 0 0 0 0 0 0 0 0.0026972 0.015257 0.088328 -0.0058839 0.011095 -0.0017368 0 0
0 0 0.23125 0 0 0 0 0 0 0 0 0 0 0.0069554 0.039344 0.22777 -0.01715 0.027439 -0.004216 0 0
0 0 0.0036539 0 0 0 0 0 0 0 0 0 0 0.0001099 0.00062167 0.003599 -0.00021993 0.00046186 -7.3063e-05 0 0
0 0 0.22466 0 0 0 0 0 0 0 0 0 0 0.0067571 0.038223 0.22128 -0.016574 0.026714 -0.0041083 0 0
0 0 0.12193 0 0 0 0 0 0 0 0 0 0 0.0036674 0.020745 0.1201 -0.0082432 0.014953 -0.0023312 0 0
-0 -0 -0.12487 0 0 0 0 0 0 0 0 0 0 -0.0037556 -0.021244 -0.12299 0.0064705 -0.016211 0.0026025 0 0
-0 -0 -0.072681 0 0 0 0 0 0 0 0 0 0 -0.002186 -0.012366 -0.071588 0.004016 -0.009341 0.0014909 0 0
-0 -0 -0.096788 0 0 0 0 0 0 0 0 0 0 -0.0029111 -0.016467 -0.095332 0.0051949 -0.012499 0.0020003 0 0
-0 -0 -0.24724 0 0 0 0 0 0 0 0 0 0 -0.0074361 -0.042064 -0.24352 0.010781 -0.032737 0.0053256 0 0
-0 -0 -0.12756 0 0 0 0 0 0 0 0 0 0 -0.0038367 -0.021703 -0.12564 0.0065875 -0.016569 0.0026608 0 0
0 0 0.34896 0 0 0 0 0 0 0 0 0 0 0.010496 0.05937 0.34371 -0.028216 0.039732 -0.0060015 0 0
-0 -0 -0.19594 0 0 0 0 0 0 0 0 0 0 -0.0058933 -0.033336 -0.19299 0.0092235 -0.025748 0.0041659 0 0
-0 -0 -0.15897 0 0 0 0 0 0 0 0 0 0 -0.0047813 -0.027046 -0.15658 0.0078771 -0.020763 0.0033459 0 0
0 0 0.16034 0 0 0 0 0 0 0 0 0 0 0.0048226 0.02728 0.15793 -0.011214 0.019448 -0.0030168 0 0
-0 -0 -0.18714 0 0 0 0 0 0 0 0 0 0 -0.0056287 -0.031839 -0.18433 0.00892 -0.024557 0.0039695 0 0
0 0 0.14993 0 0 0 0 0 0 0 0 0 0 0.0045095 0.025509 0.14768 -0.010392 0.018241 -0.0028334 0 0
-0 -0 -0.20998 0 0 0 0 0 0 0 0 0 0 -0.0063157 -0.035726 -0.20683 0.0096859 -0.027654 0.004481 0 0
0 0 0.081549 0 0 0 0 0 0 0 0 0 0 0.0024528 0.013874 0.080323 -0.0053095 0.010111 -0.0015844 0 0
-0 -0 -0.11403 0 0 0 0 0 0 0 0 0 0 -0.0034298 -0.019401 -0.11232 0.0059909 -0.014775 0.0023691 0 0
-0 -0 -0.26425 0 0 0 0 0 0 0 0 0 0 -0.007948 -0.044959 -0.26028 0.011217 -0.035072 0.0057155 0 0
-0 -0 -0.19267 0 0 0 0 0 0 0 0 0 0 -0.0057949 -0.03278 -0.18977 0.0091119 -0.025305 0.0040928 0 0
0 0 0.31946 0 0 0 0 0 0 0 0 0 0 0.0096083 0.054351 0.31465 -0.025306 0.036772 -0.0055791 0 0
-0 -0 -0.024307 0 0 0 0 0 0 0 0 0 0 -0.00073109 -0.0041355 -0.023942 0.0014194 -0.003092 0.00049075 0 0
-0 -0 -0.22725 0 0 0 0 0 0 0 0 0 0 -0.0068351 -0.038664 -0.22384 0.010217 -0.030005 0.0048709 0 0
-0 -0 -0.11509 0 0 0 0 0 0 0 0 0 0 -0.0034615 -0.019581 -0.11336 0.0060384 -0.014914 0.0023918 0 0
-0 -0 -0.2619 0 0 0 0 0 0 0 0 0 0 -0.0078772 -0.044559 -0.25796 0.011159 -0.034748 0.0056615 0 0
-0 -0 -0.15762 0 0 0 0 0 0 0 0 0 0 -0.0047407 -0.026817 -0.15525 0.0078245 -0.020582 0.0033163 0 0
0 0 0.052656 0 0 0 0 0 0 0 0 0 0 0.0015837 0.0089586 0.051864 -0.0033331 0.0065773 -0.0010343 0 0
0 0 0.26825 0 0 0 0 0 0 0 0 0 0 0.0080681 0.045638 0.26421 -0.020469 0.031439 -0.0048056 0 0
-0 -0 -0.076924 0 0 0 0 0 0 0 0 0 0 -0.0023136 -0.013088 -0.075767 0.0042291 -0.0098947 0.00158 0 0
-0 -0 -0.25126 0 0 0 0 0 0 0 0 0 0 -0.0075572 -0.042749 -0.24748 0.010887 -0.033289 0.0054176 0 0
0 0 0.167 0 0 0 0 0 0 0 0 0 0 0.0050228 0.028412 0.16449 -0.011747 0.020215 -0.0031332 0 0
