0 0 0 0.17143 0 0 0 0 -0 -0 -0 0.14852 -0.085271 0.0076362 0 0
0 0 0 0.0044979 0 0 0 0 -0 -0 -0 0.0038968 -0.0022373 0.00020036 0 0
0 0 0 0.15713 0 0 0 0 -0 -0 -0 0.13613 -0.07816 0.0069993 0 0
0 0 0 0.089165 0 0 0 0 -0 -0 -0 0.07725 -0.044352 0.0039718 0 0
-0 -0 -0 0.021979 0 0 0 0 -0 -0 -0 0.019042 -0.010933 0.00097904 0 0
-0 -0 -0 0.11249 0 0 0 0 -0 -0 -0 0.09746 -0.055956 0.0050109 0 0
0 0 0 0.048568 0 0 0 0 -0 -0 -0 0.042077 -0.024158 0.0021634 0 0
-0 -0 -0 0.16225 0 0 0 0 -0 -0 -0 0.14057 -0.080707 0.0072274 0 0
-0 -0 -0 0.14591 0 0 0 0 -0 -0 -0 0.12641 -0.07258 0.0064996 0 0
0 0 0 0.11203 0 0 0 0 -0 -0 -0 0.097057 -0.055725 0.0049902 0 0
-0 -0 -0 0.086782 0 0 0 0 -0 -0 -0 0.075185 -0.043167 0.0038656 0 0
0 0 0 0.05296 0 0 0 0 -0 -0 -0 0.045883 -0.026343 0.0023591 0 0
0 0 0 0.018554 0 0 0 0 -0 -0 -0 0.016074 -0.0092289 0.00082646 0 0
-0 -0 -0 0.050284 0 0 0 0 -0 -0 -0 0.043565 -0.025012 0.0022399 0 0
-0 -0 -0 0.19391 0 0 0 0 -0 -0 -0 0.16799 -0.096453 0.0086375 0 0
0 0 0 0.052278 0 0 0 0 -0 -0 -0 0.045292 -0.026004 0.0023287 0 0
0 0 0 0.13062 0 0 0 0 -0 -0 -0 0.11317 -0.064975 0.0058186 0 0
-0 -0 -0 0.1497 0 0 0 0 -0 -0 -0 0.1297 -0.074466 0.0066685 0 0
0 0 0 0.077366 0 0 0 0 -0 -0 -0 0.067027 -0.038483 0.0034462 0 0
-0 -0 -0 0.045495 0 0 0 0 -0 -0 -0 0.039415 -0.02263 0.0020265 0 0
0 0 0 0.039233 0 0 0 0 -0 -0 -0 0.03399 -0.019515 0.0017476 0 0
0 0 0 0.14149 0 0 0 0 -0 -0 -0 0.12258 -0.070378 0.0063025 0 0
-0 -0 -0 0.085177 0 0 0 0 -0 -0 -0 0.073794 -0.042368 0.0037942 0 0
0 0 0 0.1398 0 0 0 0 -0 -0 -0 0.12112 -0.069541 0.0062275 0 0
0 0 0 0.068873 0 0 0 0 -0 -0 -0 0.05967 -0.034259 0.0030679 0 0
-0 -0 -0 0.19049 0 0 0 0 -0 -0 -0 0.16503 -0.094751 0.0084851 0 0
-0 -0 -0 0.099735 0 0 0 0 -0 -0 -0 0.086407 -0.04961 0.0044426 0 0
-0 -0 -0 0.19101 0 0 0 0 -0 -0 -0 0.16549 -0.095014 0.0085086 0 0
-0 -0 -0 0.18308 0 0 0 0 -0 -0 -0 0.15862 -0.091069 0.0081554 0 0
-0 -0 -0 0.13044 0 0 0 0 -0 -0 -0 0.11301 -0.064886 0.0058106 0 0
-0 -0 -0 0.10752 0 0 0 0 -0 -0 -0 0.093153 -0.053483 0.0047895 0 0
-0 -0 -0 0.076755 0 0 0 0 -0 -0 -0 0.066498 -0.03818 0.003419 0 0
0 0 0 0.030541 0 0 0 0 -0 -0 -0 0.02646 -0.015192 0.0013604 0 0
-0 -0 -0 0.082439 0 0 0 0 -0 -0 -0 0.071422 -0.041007 0.0036722 0 0
0 0 0 0.15877 0 0 0 0 -0 -0 -0 0.13756 -0.078976 0.0070725 0 0
0 0 0 0.079236 0 0 0 0 -0 -0 -0 0.068648 -0.039414 0.0035295 0 0
0 0 0 0.14736 0 0 0 0 -0 -0 -0 0.12767 -0.073298 0.006564 0 0
0 0 0 0.052795 0 0 0 0 -0 -0 -0 0.04574 -0.026261 0.0023517 0 0
0 0 0 0.077375 0 0 0 0 -0 -0 -0 0.067035 -0.038488 0.0034466 0 0
-0 -0 -0 0.19478 0 0 0 0 -0 -0 -0 0.16875 -0.096885 0.0086762 0 0
0 0 0 0.06013 0 0 0 0 -0 -0 -0 0.052094 -0.02991 0.0026784 0 0
0 0 0 0.14147 0 0 0 0 -0 -0 -0 0.12256 -0.070368 0.0063016 0 0
0 0 0 0.065692 0 0 0 0 -0 -0 -0 0.056913 -0.032676 0.0029262 0 0
0 0 0 0.044717 0 0 0 0 -0 -0 -0 0.038741 -0.022243 0.0019919 0 0
-0 -0 -0 0.0055399 0 0 0 0 -0 -0 -0 0.0047996 -0.0027556 0.00024677 0 0
0 0 0 0.1894 0 0 0 0 -0 -0 -0 0.16409 -0.094209 0.0084365 0 0
0 0 0 0.1824 0 0 0 0 -0 -0 -0 0.15803 -0.090731 0.0081251 0 0
0 0 0 0.17136 0 0 0 0 -0 -0 -0 0.14846 -0.085239 0.0076333 0 0
0 0 0 0.049679 0 0 0 0 -0 -0 -0 0.04304 -0.024711 0.0022129 0 0
-0 -0 -0 0.0899 0 0 0 0 -0 -0 -0 0.077886 -0.044718 0.0040046 0 0
-0 -0 -0 0.1996 0 0 0 0 -0 -0 -0 0.17293 -0.099287 0.0088913 0 0
0 0 0 0.1826 0 0 0 0 -0 -0 -0 0.1582 -0.090829 0.0081339 0 0
-0 -0 -0 0.0024049 0 0 0 0 -0 -0 -0 0.0020836 -0.0011963 0.00010713 0 0
-0 -0 -0 0.17919 0 0 0 0 -0 -0 -0 0.15525 -0.089135 0.0079821 0 0
0 0 0 0.0554 0 0 0 0 -0 -0 -0 0.047997 -0.027557 0.0024678 0 0
-0 -0 -0 0.18729 0 0 0 0 -0 -0 -0 0.16226 -0.093161 0.0083427 0 0
0 0 0 0.19358 0 0 0 0 -0 -0 -0 0.16771 -0.096289 0.0086229 0 0
0 0 0 0.048294 0 0 0 0 -0 -0 -0 0.041841 -0.024022 0.0021512 0 0
0 0 0 0.11125 0 0 0 0 -0 -0 -0 0.096386 -0.055339 0.0049557 0 0
-0 -0 -0 0.06772 0 0 0 0 -0 -0 -0 0.058671 -0.033685 0.0030166 0 0
0 0 0 0.028252 0 0 0 0 -0 -0 -0 0.024477 -0.014053 0.0012585 0 0
0 0 0 0.13807 0 0 0 0 -0 -0 -0 0.11962 -0.068678 0.0061502 0 0
0 0 0 0.12894 0 0 0 0 -0 -0 -0 0.11171 -0.064136 0.0057434 0 0
-0 -0 -0 0.061737 0 0 0 0 -0 -0 -0 0.053487 -0.030709 0.00275 0 0
-0 -0 -0 0.13297 0 0 0 0 -0 -0 -0 0.1152 -0.066141 0.005923 0 0
0 0 0 0.12632 0 0 0 0 -0 -0 -0 0.10944 -0.062836 0.005627 0 0
-0 -0 -0 0.11703 0 0 0 0 -0 -0 -0 0.10139 -0.058213 0.005213 0 0
0 0 0 0.15481 0 0 0 0 -0 -0 -0 0.13412 -0.077003 0.0068958 0 0
0 0 0 0.053887 0 0 0 0 -0 -0 -0 0.046686 -0.026804 0.0024004 0 0
-0 -0 -0 0.041551 0 0 0 0 -0 -0 -0 0.035998 -0.020668 0.0018508 0 0
0 0 0 0.032595 0 0 0 0 -0 -0 -0 0.02824 -0.016214 0.0014519 0 0
-0 -0 -0 0.096344 0 0 0 0 -0 -0 -0 0.083469 -0.047923 0.0042916 0 0
0 0 0 0.024979 0 0 0 0 -0 -0 -0 0.021641 -0.012425 0.0011127 0 0
-0 -0 -0 0.16333 0 0 0 0 -0 -0 -0 0.14151 -0.081245 0.0072756 0 0
0 0 0 0.10683 0 0 0 0 -0 -0 -0 0.09255 -0.053137 0.0047585 0 0
-0 -0 -0 0.11113 0 0 0 0 -0 -0 -0 0.09628 -0.055278 0.0049502 0 0
0 0 0 0.11576 0 0 0 0 -0 -0 -0 0.10029 -0.057581 0.0051565 0 0
0 0 0 0.18741 0 0 0 0 -0 -0 -0 0.16236 -0.09322 0.008348 0 0
0 0 0 0.037544 0 0 0 0 -0 -0 -0 0.032527 -0.018675 0.0016724 0 0
0 0 0 0.13616 0 0 0 0 -0 -0 -0 0.11796 -0.067728 0.0060651 0 0
0 0 0 0.13991 0 0 0 0 -0 -0 -0 0.12121 -0.069594 0.0062322 0 0
0 0 0 0.19399 0 0 0 0 -0 -0 -0 0.16807 -0.096494 0.0086411 0 0
-0 -0 -0 0.026954 0 0 0 0 -0 -0 -0 0.023352 -0.013407 0.0012007 0 0
-0 -0 -0 0.04025 0 0 0 0 -0 -0 -0 0.034871 -0.020021 0.0017929 0 0
0 0 0 0.090274 0 0 0 0 -0 -0 -0 0.07821 -0.044904 0.0040212 0 0
-0 -0 -0 0.19202 0 0 0 0 -0 -0 -0 0.16636 -0.095516 0.0085536 0 0
0 0 0 0.12521 0 0 0 0 -0 -0 -0 0.10848 -0.062284 0.0055776 0 0
0 0 0 0.16589 0 0 0 0 -0 -0 -0 0.14372 -0.082516 0.0073894 0 0
-0 -0 -0 0.044073 0 0 0 0 -0 -0 -0 0.038183 -0.021923 0.0019632 0 0
0 0 0 0.12216 0 0 0 0 -0 -0 -0 0.10583 -0.060764 0.0054415 0 0
0 0 0 0.082946 0 0 0 0 -0 -0 -0 0.071861 -0.041259 0.0036948 0 0
-0 -0 -0 0.077927 0 0 0 0 -0 -0 -0 0.067513 -0.038762 0.0034712 0 0
-0 -0 -0 0.062435 0 0 0 0 -0 -0 -0 0.054092 -0.031056 0.0027811 0 0
0 0 0 0.19603 0 0 0 0 -0 -0 -0 0.16984 -0.097509 0.0087321 0 0
-0 -0 -0 0.099934 0 0 0 0 -0 -0 -0 0.08658 -0.049709 0.0044515 0 0
0 0 0 0.12332 0 0 0 0 -0 -0 -0 0.10684 -0.06134 0.0054931 0 0
-0 -0 -0 0.19733 0 0 0 0 -0 -0 -0 0.17096 -0.098153 0.0087898 0 0
0 0 0 0.11865 0 0 0 0 -0 -0 -0 0.10279 -0.059018 0.0052852 0 0
0 0 0 0.060111 0 0 0 0 -0 -0 -0 0.052079 -0.0299 0.0026776 0 0
-0 -0 -0 0.062086 0 0 0 0 -0 -0 -0 0.053789 -0.030882 0.0027656 0 0
