-0 -0 -0 0.15263 0 0 0 0 -0 0 -0 0.15031 -0.026368 0.0023128 0 0
-0 -0 -0 0.099945 0 0 0 0 -0 0 -0 0.098431 -0.017267 0.0015145 0 0
0 0 0 0.093304 0 0 0 0 -0 0 -0 0.09189 -0.01612 0.0014139 0 0
0 0 0 0.14199 0 0 0 0 -0 0 -0 0.13984 -0.024532 0.0021517 0 0
0 0 0 0.047293 0 0 0 0 -0 0 -0 0.046576 -0.0081706 0.00071666 0 0
0 0 0 0.083464 0 0 0 0 -0 0 -0 0.0822 -0.01442 0.0012648 0 0
0 0 0 0.1446 0 0 0 0 -0 0 -0 0.1424 -0.024981 0.0021912 0 0
-0 -0 -0 0.0091022 0 0 0 0 -0 0 -0 0.0089642 -0.0015725 0.00013793 0 0
-0 -0 -0 0.060669 0 0 0 0 -0 0 -0 0.059749 -0.010482 0.00091936 0 0
0 0 0 0.16997 0 0 0 0 -0 0 -0 0.1674 -0.029365 0.0025757 0 0
0 0 0 0.048627 0 0 0 0 -0 0 -0 0.04789 -0.0084011 0.00073688 0 0
-0 -0 -0 0.16065 0 0 0 0 -0 0 -0 0.15821 -0.027754 0.0024344 0 0
0 0 0 0.094911 0 0 0 0 -0 0 -0 0.093473 -0.016397 0.0014383 0 0
0 0 0 0.04389 0 0 0 0 -0 0 -0 0.043225 -0.0075828 0.0006651 0 0
0 0 0 0.15392 0 0 0 0 -0 0 -0 0.15159 -0.026592 0.0023325 0 0
-0 -0 -0 0.13986 0 0 0 0 -0 0 -0 0.13774 -0.024163 0.0021194 0 0
-0 -0 -0 0.015957 0 0 0 0 -0 0 -0 0.015715 -0.0027568 0.00024181 0 0
0 0 0 0.15344 0 0 0 0 -0 0 -0 0.15111 -0.026509 0.0023252 0 0
-0 -0 -0 0.011448 0 0 0 0 -0 0 -0 0.011275 -0.0019778 0.00017348 0 0
-0 -0 -0 0.17162 0 0 0 0 -0 0 -0 0.16902 -0.029651 0.0026008 0 0
-0 -0 -0 0.059681 0 0 0 0 -0 0 -0 0.058776 -0.010311 0.00090439 0 0
0 0 0 0.10053 0 0 0 0 -0 0 -0 0.099007 -0.017368 0.0015234 0 0
-0 -0 -0 0.037681 0 0 0 0 -0 0 -0 0.03711 -0.00651 0.000571 0 0
-0 -0 -0 0.16293 0 0 0 0 -0 0 -0 0.16046 -0.028148 0.0024689 0 0
-0 -0 -0 0.082681 0 0 0 0 -0 0 -0 0.081429 -0.014285 0.0012529 0 0
-0 -0 -0 0.14378 0 0 0 0 -0 0 -0 0.1416 -0.02484 0.0021788 0 0
-0 -0 -0 0.056829 0 0 0 0 -0 0 -0 0.055967 -0.009818 0.00086116 0 0
-0 -0 -0 0.11696 0 0 0 0 -0 0 -0 0.11518 -0.020206 0.0017723 0 0
-0 -0 -0 0.058704 0 0 0 0 -0 0 -0 0.057814 -0.010142 0.00088958 0 0
0 0 0 0.014796 0 0 0 0 -0 0 -0 0.014571 -0.0025562 0.00022421 0 0
-0 -0 -0 0.1884 0 0 0 0 -0 0 -0 0.18555 -0.032549 0.002855 0 0
-0 -0 -0 0.0034698 0 0 0 0 -0 0 -0 0.0034172 -0.00059947 5.2581e-05 0 0
0 0 0 0.068798 0 0 0 0 -0 0 -0 0.067755 -0.011886 0.0010425 0 0
0 0 0 0.072448 0 0 0 0 -0 0 -0 0.07135 -0.012517 0.0010979 0 0
0 0 0 0.0014468 0 0 0 0 -0 0 -0 0.0014248 -0.00024995 2.1924e-05 0 0
0 0 0 0.0031383 0 0 0 0 -0 0 -0 0.0030908 -0.00054219 4.7557e-05 0 0
-0 -0 -0 0.065838 0 0 0 0 -0 0 -0 0.06484 -0.011375 0.00099769 0 0
0 0 0 0.093299 0 0 0 0 -0 0 -0 0.091886 -0.016119 0.0014138 0 0
-0 -0 -0 0.030903 0 0 0 0 -0 0 -0 0.030435 -0.005339 0.0004683 0 0
0 0 0 0.10421 0 0 0 0 -0 0 -0 0.10263 -0.018004 0.0015792 0 0
-0 -0 -0 0.15309 0 0 0 0 -0 0 -0 0.15077 -0.026449 0.0023199 0 0
0 0 0 0.031691 0 0 0 0 -0 0 -0 0.031211 -0.0054751 0.00048023 0 0
0 0 0 0.020165 0 0 0 0 -0 0 -0 0.019859 -0.0034837 0.00030557 0 0
0 0 0 0.011937 0 0 0 0 -0 0 -0 0.011756 -0.0020624 0.00018089 0 0
-0 -0 -0 0.13214 0 0 0 0 -0 0 -0 0.13014 -0.022829 0.0020024 0 0
-0 -0 -0 0.10491 0 0 0 0 -0 0 -0 0.10332 -0.018125 0.0015898 0 0
0 0 0 0.070006 0 0 0 0 -0 0 -0 0.068945 -0.012095 0.0010608 0 0
0 0 0 0.06984 0 0 0 0 -0 0 -0 0.068782 -0.012066 0.0010583 0 0
-0 -0 -0 0.18569 0 0 0 0 -0 0 -0 0.18287 -0.032081 0.0028139 0 0
0 0 0 0.11933 0 0 0 0 -0 0 -0 0.11753 -0.020617 0.0018084 0 0
0 0 0 0.051949 0 0 0 0 -0 0 -0 0.051162 -0.008975 0.00078722 0 0
-0 -0 -0 0.14634 0 0 0 0 -0 0 -0 0.14412 -0.025283 0.0022176 0 0
-0 -0 -0 0.083111 0 0 0 0 -0 0 -0 0.081852 -0.014359 0.0012594 0 0
0 0 0 0.0046853 0 0 0 0 -0 0 -0 0.0046143 -0.00080946 7.1e-05 0 0
0 0 0 0.10368 0 0 0 0 -0 0 -0 0.10211 -0.017912 0.0015711 0 0
0 0 0 0.080265 0 0 0 0 -0 0 -0 0.079049 -0.013867 0.0012163 0 0
0 0 0 0.05734 0 0 0 0 -0 0 -0 0.056471 -0.0099064 0.00086891 0 0
0 0 0 0.0022935 0 0 0 0 -0 0 -0 0.0022587 -0.00039624 3.4755e-05 0 0
0 0 0 0.1044 0 0 0 0 -0 0 -0 0.10282 -0.018037 0.001582 0 0
0 0 0 0.10562 0 0 0 0 -0 0 -0 0.10402 -0.018247 0.0016005 0 0
0 0 0 0.03819 0 0 0 0 -0 0 -0 0.037611 -0.0065979 0.00057872 0 0
0 0 0 0.041772 0 0 0 0 -0 0 -0 0.041139 -0.0072168 0.000633 0 0
-0 -0 -0 0.12093 0 0 0 0 -0 0 -0 0.1191 -0.020893 0.0018326 0 0
-0 -0 -0 0.076947 0 0 0 0 -0 0 -0 0.075781 -0.013294 0.001166 0 0
-0 -0 -0 0.15943 0 0 0 0 -0 0 -0 0.15701 -0.027544 0.002416 0 0
-0 -0 -0 0.13985 0 0 0 0 -0 0 -0 0.13773 -0.024161 0.0021192 0 0
0 0 0 0.17902 0 0 0 0 -0 0 -0 0.17631 -0.030929 0.0027128 0 0
-0 -0 -0 0.18504 0 0 0 0 -0 0 -0 0.18224 -0.031969 0.002804 0 0
-0 -0 -0 0.11382 0 0 0 0 -0 0 -0 0.1121 -0.019665 0.0017248 0 0
-0 -0 -0 0.0090042 0 0 0 0 -0 0 -0 0.0088678 -0.0015556 0.00013645 0 0
0 0 0 0.046181 0 0 0 0 -0 0 -0 0.045481 -0.0079785 0.00069981 0 0
0 0 0 0.013009 0 0 0 0 -0 0 -0 0.012812 -0.0022475 0.00019713 0 0
-0 -0 -0 0.042532 0 0 0 0 -0 0 -0 0.041887 -0.007348 0.00064451 0 0
0 0 0 0.1371 0 0 0 0 -0 0 -0 0.13502 -0.023686 0.0020775 0 0
-0 -0 -0 0.073277 0 0 0 0 -0 0 -0 0.072166 -0.01266 0.0011104 0 0
-0 -0 -0 0.19621 0 0 0 0 -0 0 -0 0.19324 -0.033899 0.0029733 0 0
-0 -0 -0 0.13031 0 0 0 0 -0 0 -0 0.12834 -0.022513 0.0019747 0 0
-0 -0 -0 0.096669 0 0 0 0 -0 0 -0 0.095204 -0.016701 0.0014649 0 0
0 0 0 0.16864 0 0 0 0 -0 0 -0 0.16609 -0.029136 0.0025556 0 0
-0 -0 -0 0.064987 0 0 0 0 -0 0 -0 0.064002 -0.011228 0.00098479 0 0
0 0 0 0.1398 0 0 0 0 -0 0 -0 0.13768 -0.024152 0.0021184 0 0
0 0 0 0.19494 0 0 0 0 -0 0 -0 0.19198 -0.033679 0.002954 0 0
-0 -0 -0 0.097166 0 0 0 0 -0 0 -0 0.095693 -0.016787 0.0014724 0 0
-0 -0 -0 0.18619 0 0 0 0 -0 0 -0 0.18337 -0.032167 0.0028215 0 0
-0 -0 -0 0.042603 0 0 0 0 -0 0 -0 0.041957 -0.0073603 0.00064559 0 0
0 0 0 0.1691 0 0 0 0 -0 0 -0 0.16654 -0.029215 0.0025625 0 0
-0 -0 -0 0.0569 0 0 0 0 -0 0 -0 0.056038 -0.0098304 0.00086224 0 0
-0 -0 -0 0.16762 0 0 0 0 -0 0 -0 0.16508 -0.02896 0.0025401 0 0
0 0 0 0.098504 0 0 0 0 -0 0 -0 0.097011 -0.017018 0.0014927 0 0
-0 -0 -0 0.18403 0 0 0 0 -0 0 -0 0.18124 -0.031793 0.0027887 0 0
0 0 0 0.14699 0 0 0 0 -0 0 -0 0.14476 -0.025394 0.0022274 0 0
-0 -0 -0 0.18586 0 0 0 0 -0 0 -0 0.18305 -0.032111 0.0028165 0 0
0 0 0 0.18629 0 0 0 0 -0 0 -0 0.18347 -0.032184 0.002823 0 0
0 0 0 0.062206 0 0 0 0 -0 0 -0 0.061263 -0.010747 0.00094265 0 0
0 0 0 0.11288 0 0 0 0 -0 0 -0 0.11117 -0.019502 0.0017106 0 0
-0 -0 -0 0.16007 0 0 0 0 -0 0 -0 0.15764 -0.027654 0.0024256 0 0
-0 -0 -0 0.026727 0 0 0 0 -0 0 -0 0.026322 -0.0046176 0.00040502 0 0
-0 -0 -0 0.086666 0 0 0 0 -0 0 -0 0.085353 -0.014973 0.0013133 0 0
0 0 0 0.19995 0 0 0 0 -0 0 -0 0.19692 -0.034545 0.00303 0 0
-0 -0 -0 0.13448 0 0 0 0 -0 0 -0 0.13244 -0.023233 0.0020378 0 0
