0 0 0.20015 0 0 0 0 0 0 0 0 0 0 0.003033 0.03458 0.19712 -0.027685 0.031685 -0.0051323 0 0
0 0 0.29523 0 0 0 0 0 0 0 0 0 0 0.0044739 0.051006 0.29076 -0.042956 0.04469 -0.0071788 0 0
-0 -0 -0.049658 0 0 0 0 0 0 0 0 0 0 -0.0007525 -0.0085792 -0.048905 0.0058324 -0.0086537 0.0014283 0 0
0 0 0.08554 0 0 0 0 0 0 0 0 0 0 0.0012963 0.014779 0.084244 -0.011042 0.014204 -0.0023218 0 0
-0 -0 -0.031267 0 0 0 0 0 0 0 0 0 0 -0.0004738 -0.0054018 -0.030793 0.0037232 -0.0054157 0.00089275 0 0
-0 -0 -0.098206 0 0 0 0 0 0 0 0 0 0 -0.0014882 -0.016967 -0.096718 0.011107 -0.017378 0.0028777 0 0
0 0 0.13822 0 0 0 0 0 0 0 0 0 0 0.0020946 0.02388 0.13613 -0.01844 0.022472 -0.0036584 0 0
0 0 0.30869 0 0 0 0 0 0 0 0 0 0 0.0046777 0.053331 0.30401 -0.045215 0.046413 -0.0074462 0 0
-0 -0 -0.247 0 0 0 0 0 0 0 0 0 0 -0.0037429 -0.042673 -0.24325 0.024512 -0.045526 0.0076093 0 0
0 0 0.17855 0 0 0 0 0 0 0 0 0 0 0.0027057 0.030847 0.17584 -0.024394 0.028535 -0.0046304 0 0
-0 -0 -0.27509 0 0 0 0 0 0 0 0 0 0 -0.0041686 -0.047526 -0.27092 0.026559 -0.051044 0.0085457 0 0
-0 -0 -0.037118 0 0 0 0 0 0 0 0 0 0 -0.00056247 -0.0064127 -0.036555 0.0044007 -0.0064417 0.0010623 0 0
-0 -0 -0.0063314 0 0 0 0 0 0 0 0 0 0 -9.5944e-05 -0.0010938 -0.0062354 0.00076775 -0.0010874 0.00017894 0 0
-0 -0 -0.16589 0 0 0 0 0 0 0 0 0 0 -0.0025139 -0.02866 -0.16338 0.017731 -0.029939 0.0049793 0 0
-0 -0 -0.10176 0 0 0 0 0 0 0 0 0 0 -0.001542 -0.01758 -0.10021 0.011475 -0.018026 0.0029856 0 0
-0 -0 -0.21849 0 0 0 0 0 0 0 0 0 0 -0.003311 -0.037748 -0.21518 0.022275 -0.039988 0.006672 0 0
-0 -0 -0.20794 0 0 0 0 0 0 0 0 0 0 -0.003151 -0.035924 -0.20479 0.021407 -0.037953 0.0063284 0 0
-0 -0 -0.096288 0 0 0 0 0 0 0 0 0 0 -0.0014591 -0.016635 -0.094829 0.010907 -0.017029 0.0028195 0 0
0 0 0.23969 0 0 0 0 0 0 0 0 0 0 0.0036322 0.041411 0.23606 -0.033883 0.037266 -0.006016 0 0
-0 -0 -0.2421 0 0 0 0 0 0 0 0 0 0 -0.0036688 -0.041827 -0.23843 0.02414 -0.044571 0.0074474 0 0
-0 -0 -0.055509 0 0 0 0 0 0 0 0 0 0 -0.00084117 -0.0095901 -0.054668 0.0064907 -0.0096917 0.0016003 0 0
0 0 0.24592 0 0 0 0 0 0 0 0 0 0 0.0037265 0.042486 0.24219 -0.034879 0.038123 -0.006151 0 0
0 0 0.19219 0 0 0 0 0 0 0 0 0 0 0.0029124 0.033204 0.18928 -0.026464 0.030532 -0.0049488 0 0
0 0 0.10725 0 0 0 0 0 0 0 0 0 0 0.0016253 0.01853 0.10563 -0.014038 0.017658 -0.0028816 0 0
-0 -0 -0.25915 0 0 0 0 0 0 0 0 0 0 -0.0039271 -0.044772 -0.25522 0.025417 -0.047906 0.0080128 0 0
-0 -0 -0.24302 0 0 0 0 0 0 0 0 0 0 -0.0036826 -0.041985 -0.23934 0.02421 -0.04475 0.0074777 0 0
0 0 0.17086 0 0 0 0 0 0 0 0 0 0 0.0025892 0.02952 0.16828 -0.023241 0.027398 -0.0044487 0 0
-0 -0 -0.11499 0 0 0 0 0 0 0 0 0 0 -0.0017426 -0.019867 -0.11325 0.01283 -0.020452 0.0033904 0 0
-0 -0 -0.32203 0 0 0 0 0 0 0 0 0 0 -0.00488 -0.055636 -0.31715 0.029627 -0.060382 0.010137 0 0
0 0 0.11776 0 0 0 0 0 0 0 0 0 0 0.0017844 0.020344 0.11597 -0.015514 0.019305 -0.0031479 0 0
-0 -0 -0.19335 0 0 0 0 0 0 0 0 0 0 -0.00293 -0.033404 -0.19042 0.02017 -0.035155 0.0058568 0 0
0 0 0.18763 0 0 0 0 0 0 0 0 0 0 0.0028434 0.032417 0.18479 -0.02577 0.029868 -0.0048431 0 0
0 0 0.062458 0 0 0 0 0 0 0 0 0 0 0.00094647 0.010791 0.061512 -0.0079418 0.010463 -0.0017133 0 0
0 0 0.23967 0 0 0 0 0 0 0 0 0 0 0.0036319 0.041407 0.23604 -0.033879 0.037263 -0.0060156 0 0
-0 -0 -0.34648 0 0 0 0 0 0 0 0 0 0 -0.0052505 -0.059861 -0.34123 0.031047 -0.065299 0.010977 0 0
-0 -0 -0.2021 0 0 0 0 0 0 0 0 0 0 -0.0030626 -0.034917 -0.19904 0.020917 -0.036832 0.0061394 0 0
0 0 0.34257 0 0 0 0 0 0 0 0 0 0 0.0051913 0.059185 0.33738 -0.051008 0.050619 -0.0080949 0 0
-0 -0 -0.052793 0 0 0 0 0 0 0 0 0 0 -0.0008 -0.0091208 -0.051993 0.0061859 -0.0092094 0.0015204 0 0
0 0 0.14039 0 0 0 0 0 0 0 0 0 0 0.0021275 0.024255 0.13827 -0.018754 0.022804 -0.0037118 0 0
0 0 0.27707 0 0 0 0 0 0 0 0 0 0 0.0041987 0.047869 0.27287 -0.039943 0.042317 -0.0068089 0 0
-0 -0 -0.012297 0 0 0 0 0 0 0 0 0 0 -0.00018634 -0.0021244 -0.01211 0.0014847 -0.0021162 0.0003484 0 0
-0 -0 -0.30006 0 0 0 0 0 0 0 0 0 0 -0.004547 -0.05184 -0.29551 0.028246 -0.055994 0.0093881 0 0
0 0 0.20331 0 0 0 0 0 0 0 0 0 0 0.0030808 0.035124 0.20022 -0.028171 0.032139 -0.0052045 0 0
0 0 0.25813 0 0 0 0 0 0 0 0 0 0 0.0039117 0.044597 0.25422 -0.036849 0.039786 -0.0064124 0 0
0 0 0.34379 0 0 0 0 0 0 0 0 0 0 0.0052096 0.059395 0.33858 -0.051218 0.050766 -0.0081175 0 0
0 0 0.20852 0 0 0 0 0 0 0 0 0 0 0.0031599 0.036026 0.20536 -0.028979 0.032887 -0.0053232 0 0
-0 -0 -0.13228 0 0 0 0 0 0 0 0 0 0 -0.0020045 -0.022854 -0.13028 0.014549 -0.023647 0.0039244 0 0
-0 -0 -0.19069 0 0 0 0 0 0 0 0 0 0 -0.0028897 -0.032945 -0.1878 0.019941 -0.034648 0.0057713 0 0
0 0 0.05843 0 0 0 0 0 0 0 0 0 0 0.00088543 0.010095 0.057544 -0.0074097 0.0098033 -0.0016057 0 0
0 0 0.16069 0 0 0 0 0 0 0 0 0 0 0.0024351 0.027762 0.15826 -0.021727 0.025879 -0.0042056 0 0
-0 -0 -0.053814 0 0 0 0 0 0 0 0 0 0 -0.00081548 -0.0092973 -0.052999 0.0063007 -0.0093907 0.0015504 0 0
0 0 0.22634 0 0 0 0 0 0 0 0 0 0 0.00343 0.039105 0.22291 -0.031766 0.035409 -0.0057228 0 0
-0 -0 -0.19132 0 0 0 0 0 0 0 0 0 0 -0.0028992 -0.033054 -0.18842 0.019995 -0.034768 0.0057915 0 0
-0 -0 -0.1843 0 0 0 0 0 0 0 0 0 0 -0.0027929 -0.031841 -0.18151 0.019383 -0.03343 0.0055661 0 0
0 0 0.1739 0 0 0 0 0 0 0 0 0 0 0.0026352 0.030044 0.17126 -0.023695 0.027848 -0.0045206 0 0
-0 -0 -0.31697 0 0 0 0 0 0 0 0 0 0 -0.0048033 -0.054762 -0.31217 0.029318 -0.05937 0.0099638 0 0
0 0 0.27407 0 0 0 0 0 0 0 0 0 0 0.0041532 0.04735 0.26992 -0.03945 0.04192 -0.0067468 0 0
0 0 0.18447 0 0 0 0 0 0 0 0 0 0 0.0027953 0.031869 0.18167 -0.025289 0.029405 -0.0047692 0 0
-0 -0 -0.1265 0 0 0 0 0 0 0 0 0 0 -0.0019169 -0.021855 -0.12458 0.01398 -0.022575 0.0037451 0 0
0 0 0.028905 0 0 0 0 0 0 0 0 0 0 0.00043802 0.0049939 0.028467 -0.0035931 0.0049029 -0.0008048 0 0
0 0 0.021218 0 0 0 0 0 0 0 0 0 0 0.00032154 0.0036658 0.020897 -0.0026236 0.003609 -0.00059274 0 0
-0 -0 -0.045066 0 0 0 0 0 0 0 0 0 0 -0.00068292 -0.0077859 -0.044383 0.0053114 -0.0078417 0.0012939 0 0
-0 -0 -0.21614 0 0 0 0 0 0 0 0 0 0 -0.0032754 -0.037342 -0.21287 0.022084 -0.039534 0.0065954 0 0
0 0 0.33051 0 0 0 0 0 0 0 0 0 0 0.0050084 0.057101 0.3255 -0.048929 0.049144 -0.0078681 0 0
0 0 0.33175 0 0 0 0 0 0 0 0 0 0 0.0050272 0.057314 0.32672 -0.049141 0.049296 -0.0078916 0 0
-0 -0 -0.27013 0 0 0 0 0 0 0 0 0 0 -0.0040935 -0.04667 -0.26604 0.02621 -0.050066 0.0083796 0 0
-0 -0 -0.077562 0 0 0 0 0 0 0 0 0 0 -0.0011753 -0.0134 -0.076386 0.0089164 -0.013638 0.0022552 0 0
0 0 0.11666 0 0 0 0 0 0 0 0 0 0 0.0017678 0.020155 0.11489 -0.015359 0.019134 -0.0031203 0 0
0 0 0.10118 0 0 0 0 0 0 0 0 0 0 0.0015332 0.01748 0.099645 -0.013192 0.016698 -0.0027262 0 0
0 0 0.0085729 0 0 0 0 0 0 0 0 0 0 0.00012991 0.0014811 0.0084429 -0.0010506 0.0014647 -0.00024078 0 0
-0 -0 -0.29278 0 0 0 0 0 0 0 0 0 0 -0.0044367 -0.050583 -0.28834 0.027768 -0.054547 0.0091416 0 0
0 0 0.25708 0 0 0 0 0 0 0 0 0 0 0.0038957 0.044414 0.25318 -0.036678 0.039643 -0.00639 0 0
0 0 0.041545 0 0 0 0 0 0 0 0 0 0 0.00062955 0.0071775 0.040915 -0.005209 0.0070143 -0.0011503 0 0
0 0 0.1883 0 0 0 0 0 0 0 0 0 0 0.0028535 0.032532 0.18545 -0.025872 0.029966 -0.0048587 0 0
0 0 0.24299 0 0 0 0 0 0 0 0 0 0 0.0036823 0.041981 0.23931 -0.03441 0.037721 -0.0060877 0 0
-0 -0 -0.087692 0 0 0 0 0 0 0 0 0 0 -0.0013289 -0.01515 -0.086363 0.010001 -0.015468 0.0025595 0 0
0 0 0.19732 0 0 0 0 0 0 0 0 0 0 0.0029901 0.03409 0.19433 -0.02725 0.031276 -0.0050672 0 0
0 0 0.23186 0 0 0 0 0 0 0 0 0 0 0.0035136 0.040058 0.22835 -0.032638 0.03618 -0.0058447 0 0
-0 -0 -0.27283 0 0 0 0 0 0 0 0 0 0 -0.0041343 -0.047135 -0.26869 0.0264 -0.050598 0.0084698 0 0
-0 -0 -0.071768 0 0 0 0 0 0 0 0 0 0 -0.0010876 -0.012399 -0.070681 0.0082878 -0.012596 0.0020821 0 0
-0 -0 -0.24882 0 0 0 0 0 0 0 0 0 0 -0.0037705 -0.042987 -0.24505 0.02465 -0.045882 0.0076696 0 0
-0 -0 -0.30297 0 0 0 0 0 0 0 0 0 0 -0.0045911 -0.052343 -0.29838 0.028435 -0.056574 0.0094869 0 0
-0 -0 -0.31175 0 0 0 0 0 0 0 0 0 0 -0.0047242 -0.053861 -0.30703 0.028993 -0.058326 0.0097857 0 0
-0 -0 -0.30137 0 0 0 0 0 0 0 0 0 0 -0.0045669 -0.052067 -0.2968 0.028331 -0.056255 0.0094326 0 0
-0 -0 -0.050011 0 0 0 0 0 0 0 0 0 0 -0.00075785 -0.0086401 -0.049253 0.0058723 -0.0087161 0.0014387 0 0
-0 -0 -0.28102 0 0 0 0 0 0 0 0 0 0 -0.0042584 -0.04855 -0.27676 0.026971 -0.052215 0.0087448 0 0
-0 -0 -0.22997 0 0 0 0 0 0 0 0 0 0 -0.0034849 -0.039731 -0.22648 0.023195 -0.04221 0.0070477 0 0
0 0 0.25032 0 0 0 0 0 0 0 0 0 0 0.0037933 0.043247 0.24653 -0.035587 0.038725 -0.0062458 0 0
0 0 0.23042 0 0 0 0 0 0 0 0 0 0 0.0034918 0.039809 0.22693 -0.03241 0.03598 -0.005813 0 0
0 0 0.17714 0 0 0 0 0 0 0 0 0 0 0.0026843 0.030604 0.17446 -0.024182 0.028327 -0.0045972 0 0
-0 -0 -0.33237 0 0 0 0 0 0 0 0 0 0 -0.0050366 -0.057422 -0.32733 0.030242 -0.062457 0.010491 0 0
-0 -0 -0.29652 0 0 0 0 0 0 0 0 0 0 -0.0044934 -0.051229 -0.29203 0.028015 -0.05529 0.0092682 0 0
-0 -0 -0.037631 0 0 0 0 0 0 0 0 0 0 -0.00057025 -0.0065014 -0.037061 0.0044599 -0.0065319 0.0010772 0 0
-0 -0 -0.22978 0 0 0 0 0 0 0 0 0 0 -0.0034821 -0.039699 -0.2263 0.023181 -0.042174 0.0070417 0 0
-0 -0 -0.30486 0 0 0 0 0 0 0 0 0 0 -0.0046197 -0.052669 -0.30024 0.028556 -0.05695 0.009551 0 0
0 0 0.027698 0 0 0 0 0 0 0 0 0 0 0.00041973 0.0047853 0.027278 -0.0034401 0.0047001 -0.00077158 0 0
0 0 0.18548 0 0 0 0 0 0 0 0 0 0 0.0028108 0.032045 0.18267 -0.025443 0.029554 -0.0047929 0 0
-0 -0 -0.30656 0 0 0 0 0 0 0 0 0 0 -0.0046456 -0.052964 -0.30192 0.028665 -0.05729 0.0096089 0 0
0 0 0.11527 0 0 0 0 0 0 0 0 0 0 0.0017468 0.019915 0.11353 -0.015163 0.018917 -0.0030853 0 0
0 0 0.25843 0 0 0 0 0 0 0 0 0 0 0.0039162 0.044649 0.25452 -0.036897 0.039826 -0.0064188 0 0
