0 0 0.091694 0 0 0 0 0 0 0 0 0 0 0.0027579 0.0156 0.090315 0.0040813 0.012916 -0.0023557 0 0
0 0 0.054252 0 0 0 0 0 0 0 0 0 0 0.0016318 0.0092303 0.053437 0.0025603 0.0075974 -0.0013905 0 0
-0 -0 -0.18084 0 0 0 0 0 0 0 0 0 0 -0.0054391 -0.030767 -0.17812 -0.011479 -0.024117 0.0045164 0 0
-0 -0 -0.32092 0 0 0 0 0 0 0 0 0 0 -0.0096524 -0.0546 -0.3161 -0.023298 -0.041152 0.0078199 0 0
0 0 0.16848 0 0 0 0 0 0 0 0 0 0 0.0050675 0.028665 0.16595 0.0065627 0.023985 -0.0043434 0 0
0 0 0.18936 0 0 0 0 0 0 0 0 0 0 0.0056953 0.032216 0.18651 0.0070874 0.027023 -0.0048843 0 0
-0 -0 -0.079364 0 0 0 0 0 0 0 0 0 0 -0.002387 -0.013503 -0.078171 -0.0044903 -0.010837 0.0020091 0 0
0 0 0.2417 0 0 0 0 0 0 0 0 0 0 0.0072696 0.041122 0.23806 0.0081189 0.034687 -0.0062395 0 0
0 0 0.18999 0 0 0 0 0 0 0 0 0 0 0.0057144 0.032324 0.18713 0.0071023 0.027116 -0.0049007 0 0
-0 -0 -0.024425 0 0 0 0 0 0 0 0 0 0 -0.00073463 -0.0041556 -0.024058 -0.0012886 -0.0033727 0.00062193 0 0
0 0 0.05381 0 0 0 0 0 0 0 0 0 0 0.0016184 0.0091549 0.053 0.0025411 0.0075348 -0.0013791 0 0
-0 -0 -0.22325 0 0 0 0 0 0 0 0 0 0 -0.0067147 -0.037983 -0.21989 -0.014799 -0.029446 0.0055382 0 0
0 0 0.31226 0 0 0 0 0 0 0 0 0 0 0.0093918 0.053126 0.30756 0.0088628 0.045084 -0.0080582 0 0
-0 -0 -0.33473 0 0 0 0 0 0 0 0 0 0 -0.010068 -0.056949 -0.32969 -0.024592 -0.042739 0.0081334 0 0
0 0 0.22247 0 0 0 0 0 0 0 0 0 0 0.0066913 0.037851 0.21913 0.0077873 0.031866 -0.005742 0 0
-0 -0 -0.045978 0 0 0 0 0 0 0 0 0 0 -0.0013829 -0.0078225 -0.045287 -0.0024949 -0.0063219 0.0011682 0 0
0 0 0.3205 0 0 0 0 0 0 0 0 0 0 0.0096396 0.054528 0.31568 0.0089011 0.046301 -0.0082696 0 0
0 0 0.065517 0 0 0 0 0 0 0 0 0 0 0.0019706 0.011147 0.064532 0.0030392 0.0091917 -0.0016805 0 0
-0 -0 -0.20876 0 0 0 0 0 0 0 0 0 0 -0.0062789 -0.035517 -0.20562 -0.013639 -0.027641 0.0051911 0 0
-0 -0 -0.035127 0 0 0 0 0 0 0 0 0 0 -0.0010565 -0.0059764 -0.034599 -0.0018795 -0.0048404 0.00089349 0 0
0 0 0.081493 0 0 0 0 0 0 0 0 0 0 0.0024511 0.013865 0.080268 0.003687 0.011462 -0.0020924 0 0
-0 -0 -0.2298 0 0 0 0 0 0 0 0 0 0 -0.0069118 -0.039098 -0.22635 -0.015333 -0.030257 0.0056946 0 0
-0 -0 -0.23041 0 0 0 0 0 0 0 0 0 0 -0.0069302 -0.039202 -0.22695 -0.015382 -0.030332 0.0057091 0 0
-0 -0 -0.34503 0 0 0 0 0 0 0 0 0 0 -0.010378 -0.058702 -0.33984 -0.025572 -0.043911 0.0083658 0 0
0 0 0.28536 0 0 0 0 0 0 0 0 0 0 0.0085829 0.04855 0.28107 0.0086671 0.041115 -0.0073666 0 0
0 0 0.23374 0 0 0 0 0 0 0 0 0 0 0.0070303 0.039768 0.23023 0.0079884 0.033519 -0.0060337 0 0
0 0 0.3088 0 0 0 0 0 0 0 0 0 0 0.0092877 0.052538 0.30415 0.0088437 0.044573 -0.0079694 0 0
0 0 0.14181 0 0 0 0 0 0 0 0 0 0 0.0042652 0.024127 0.13968 0.0057987 0.020119 -0.0036522 0 0
0 0 0.039537 0 0 0 0 0 0 0 0 0 0 0.0011892 0.0067267 0.038943 0.0019073 0.0055231 -0.0010123 0 0
0 0 0.07811 0 0 0 0 0 0 0 0 0 0 0.0023493 0.013289 0.076935 0.0035529 0.01098 -0.0020051 0 0
-0 -0 -0.0046183 0 0 0 0 0 0 0 0 0 0 -0.00013891 -0.00078575 -0.0045489 -0.00023723 -0.00064011 0.00011781 0 0
0 0 0.073376 0 0 0 0 0 0 0 0 0 0 0.0022069 0.012484 0.072272 0.0033625 0.010307 -0.001883 0 0
-0 -0 -0.14699 0 0 0 0 0 0 0 0 0 0 -0.0044209 -0.025008 -0.14478 -0.0089954 -0.019766 0.003689 0 0
-0 -0 -0.16986 0 0 0 0 0 0 0 0 0 0 -0.005109 -0.0289 -0.16731 -0.010657 -0.022716 0.0042492 0 0
0 0 0.038385 0 0 0 0 0 0 0 0 0 0 0.0011545 0.0065307 0.037808 0.0018549 0.0053611 -0.00098268 0 0
-0 -0 -0.028935 0 0 0 0 0 0 0 0 0 0 -0.00087028 -0.0049229 -0.0285 -0.0015357 -0.003992 0.00073645 0 0
-0 -0 -0.21197 0 0 0 0 0 0 0 0 0 0 -0.0063756 -0.036065 -0.20879 -0.013894 -0.028043 0.0052683 0 0
-0 -0 -0.33575 0 0 0 0 0 0 0 0 0 0 -0.010098 -0.057123 -0.3307 -0.024688 -0.042855 0.0081565 0 0
0 0 0.062481 0 0 0 0 0 0 0 0 0 0 0.0018792 0.01063 0.061541 0.0029119 0.0087614 -0.0016023 0 0
0 0 0.16495 0 0 0 0 0 0 0 0 0 0 0.0049612 0.028064 0.16247 0.0064675 0.023471 -0.0042518 0 0
-0 -0 -0.25482 0 0 0 0 0 0 0 0 0 0 -0.0076642 -0.043354 -0.25099 -0.017418 -0.033319 0.0062873 0 0
-0 -0 -0.30691 0 0 0 0 0 0 0 0 0 0 -0.0092308 -0.052216 -0.30229 -0.022007 -0.039524 0.0074992 0 0
-0 -0 -0.33262 0 0 0 0 0 0 0 0 0 0 -0.010004 -0.056591 -0.32762 -0.024393 -0.042498 0.0080856 0 0
0 0 0.054524 0 0 0 0 0 0 0 0 0 0 0.0016399 0.0092765 0.053704 0.0025721 0.0076357 -0.0013975 0 0
-0 -0 -0.22095 0 0 0 0 0 0 0 0 0 0 -0.0066455 -0.037591 -0.21763 -0.014613 -0.029161 0.0054833 0 0
-0 -0 -0.085323 0 0 0 0 0 0 0 0 0 0 -0.0025663 -0.014517 -0.08404 -0.0048625 -0.011636 0.0021584 0 0
0 0 0.19715 0 0 0 0 0 0 0 0 0 0 0.0059297 0.033542 0.19419 0.0072668 0.028161 -0.0050862 0 0
0 0 0.061759 0 0 0 0 0 0 0 0 0 0 0.0018575 0.010507 0.06083 0.0028815 0.0086592 -0.0015837 0 0
-0 -0 -0.1864 0 0 0 0 0 0 0 0 0 0 -0.0056063 -0.031713 -0.1836 -0.011901 -0.024824 0.0046513 0 0
0 0 0.11509 0 0 0 0 0 0 0 0 0 0 0.0034616 0.019581 0.11336 0.0049287 0.016268 -0.0029605 0 0
-0 -0 -0.089563 0 0 0 0 0 0 0 0 0 0 -0.0026938 -0.015238 -0.088216 -0.0051303 -0.012203 0.0022645 0 0
0 0 0.17705 0 0 0 0 0 0 0 0 0 0 0.005325 0.030122 0.17438 0.0067857 0.02523 -0.0045652 0 0
-0 -0 -0.0614 0 0 0 0 0 0 0 0 0 0 -0.0018467 -0.010446 -0.060477 -0.0033976 -0.0084159 0.0015575 0 0
-0 -0 -0.14612 0 0 0 0 0 0 0 0 0 0 -0.0043948 -0.02486 -0.14392 -0.0089339 -0.019654 0.0036677 0 0
-0 -0 -0.34512 0 0 0 0 0 0 0 0 0 0 -0.01038 -0.058717 -0.33993 -0.02558 -0.043921 0.0083678 0 0
0 0 0.22609 0 0 0 0 0 0 0 0 0 0 0.0068 0.038465 0.22269 0.0078539 0.032395 -0.0058356 0 0
-0 -0 -0.21125 0 0 0 0 0 0 0 0 0 0 -0.0063539 -0.035942 -0.20808 -0.013837 -0.027953 0.005251 0 0
0 0 0.33026 0 0 0 0 0 0 0 0 0 0 0.0099333 0.056189 0.32529 0.0089333 0.047744 -0.0085198 0 0
-0 -0 -0.22406 0 0 0 0 0 0 0 0 0 0 -0.006739 -0.03812 -0.22069 -0.014865 -0.029546 0.0055576 0 0
0 0 0.33503 0 0 0 0 0 0 0 0 0 0 0.010077 0.057 0.32999 0.0089438 0.048448 -0.0086418 0 0
0 0 0.15589 0 0 0 0 0 0 0 0 0 0 0.0046886 0.026522 0.15354 0.006215 0.022156 -0.0040169 0 0
-0 -0 -0.34571 0 0 0 0 0 0 0 0 0 0 -0.010398 -0.058819 -0.34052 -0.025637 -0.043988 0.0083811 0 0
0 0 0.27923 0 0 0 0 0 0 0 0 0 0 0.0083984 0.047507 0.27503 0.0086073 0.040211 -0.0072086 0 0
0 0 0.14104 0 0 0 0 0 0 0 0 0 0 0.0042422 0.023997 0.13892 0.0057752 0.020008 -0.0036324 0 0
0 0 0.2065 0 0 0 0 0 0 0 0 0 0 0.0062109 0.035133 0.20339 0.00747 0.029527 -0.0053284 0 0
-0 -0 -0.007297 0 0 0 0 0 0 0 0 0 0 -0.00021947 -0.0012415 -0.0071872 -0.00037619 -0.0010109 0.0001861 0 0
-0 -0 -0.32179 0 0 0 0 0 0 0 0 0 0 -0.0096786 -0.054748 -0.31695 -0.023379 -0.041253 0.0078397 0 0
-0 -0 -0.074377 0 0 0 0 0 0 0 0 0 0 -0.0022371 -0.012654 -0.073259 -0.0041825 -0.010167 0.0018839 0 0
-0 -0 -0.2329 0 0 0 0 0 0 0 0 0 0 -0.0070048 -0.039624 -0.22939 -0.015586 -0.030638 0.0057682 0 0
-0 -0 -0.10047 0 0 0 0 0 0 0 0 0 0 -0.0030219 -0.017094 -0.098961 -0.0058305 -0.013657 0.002537 0 0
0 0 0.064824 0 0 0 0 0 0 0 0 0 0 0.0019497 0.011029 0.063849 0.0030102 0.0090933 -0.0016626 0 0
-0 -0 -0.16116 0 0 0 0 0 0 0 0 0 0 -0.0048471 -0.027419 -0.15873 -0.010017 -0.021598 0.0040366 0 0
-0 -0 -0.27304 0 0 0 0 0 0 0 0 0 0 -0.0082124 -0.046455 -0.26894 -0.018986 -0.035517 0.0067148 0 0
0 0 0.14385 0 0 0 0 0 0 0 0 0 0 0.0043265 0.024473 0.14168 0.0058607 0.020413 -0.003705 0 0
-0 -0 -0.084327 0 0 0 0 0 0 0 0 0 0 -0.0025363 -0.014347 -0.083058 -0.0047999 -0.011503 0.0021335 0 0
-0 -0 -0.18074 0 0 0 0 0 0 0 0 0 0 -0.0054361 -0.03075 -0.17802 -0.011471 -0.024105 0.004514 0 0
0 0 0.091757 0 0 0 0 0 0 0 0 0 0 0.0027598 0.015611 0.090377 0.0040837 0.012925 -0.0023574 0 0
0 0 0.062484 0 0 0 0 0 0 0 0 0 0 0.0018793 0.010631 0.061544 0.002912 0.0087618 -0.0016024 0 0
0 0 0.30192 0 0 0 0 0 0 0 0 0 0 0.0090807 0.051367 0.29738 0.0088004 0.043557 -0.0077926 0 0
0 0 0.14671 0 0 0 0 0 0 0 0 0 0 0.0044127 0.024961 0.14451 0.005947 0.020828 -0.0037792 0 0
0 0 0.12087 0 0 0 0 0 0 0 0 0 0 0.0036355 0.020565 0.11906 0.0051259 0.017099 -0.0031101 0 0
-0 -0 -0.077801 0 0 0 0 0 0 0 0 0 0 -0.00234 -0.013237 -0.076631 -0.0043935 -0.010627 0.0019699 0 0
-0 -0 -0.15339 0 0 0 0 0 0 0 0 0 0 -0.0046135 -0.026097 -0.15108 -0.0094537 -0.020596 0.0038463 0 0
0 0 0.049314 0 0 0 0 0 0 0 0 0 0 0.0014832 0.0083901 0.048572 0.0023446 0.0069002 -0.0012635 0 0
-0 -0 -0.31233 0 0 0 0 0 0 0 0 0 0 -0.0093939 -0.053138 -0.30763 -0.022504 -0.040156 0.0076235 0 0
-0 -0 -0.30647 0 0 0 0 0 0 0 0 0 0 -0.0092176 -0.052141 -0.30186 -0.021967 -0.039473 0.0074891 0 0
-0 -0 -0.21828 0 0 0 0 0 0 0 0 0 0 -0.0065651 -0.037137 -0.21499 -0.014398 -0.028829 0.0054193 0 0
0 0 0.21875 0 0 0 0 0 0 0 0 0 0 0.0065794 0.037217 0.21546 0.0077168 0.03132 -0.0056457 0 0
-0 -0 -0.14525 0 0 0 0 0 0 0 0 0 0 -0.0043688 -0.024713 -0.14307 -0.0088725 -0.019542 0.0036464 0 0
-0 -0 -0.2793 0 0 0 0 0 0 0 0 0 0 -0.0084005 -0.047519 -0.2751 -0.019534 -0.036265 0.0068607 0 0
-0 -0 -0.21662 0 0 0 0 0 0 0 0 0 0 -0.0065154 -0.036855 -0.21337 -0.014265 -0.028623 0.0053797 0 0
-0 -0 -0.17045 0 0 0 0 0 0 0 0 0 0 -0.0051265 -0.028999 -0.16788 -0.0107 -0.02279 0.0042634 0 0
0 0 0.0072015 0 0 0 0 0 0 0 0 0 0 0.0002166 0.0012252 0.0070932 0.00036391 0.0010003 -0.0001839 0 0
-0 -0 -0.12905 0 0 0 0 0 0 0 0 0 0 -0.0038815 -0.021957 -0.12711 -0.0077411 -0.017428 0.0032468 0 0
0 0 0.19201 0 0 0 0 0 0 0 0 0 0 0.0057751 0.032668 0.18912 0.0071494 0.02741 -0.004953 0 0
-0 -0 -0.03028 0 0 0 0 0 0 0 0 0 0 -0.00091075 -0.0051518 -0.029825 -0.0016099 -0.0041765 0.00077058 0 0
-0 -0 -0.039225 0 0 0 0 0 0 0 0 0 0 -0.0011798 -0.0066736 -0.038635 -0.00211 -0.0054007 0.00099731 0 0
0 0 0.16908 0 0 0 0 0 0 0 0 0 0 0.0050854 0.028766 0.16654 0.0065786 0.024071 -0.0043588 0 0
-0 -0 -0.023153 0 0 0 0 0 0 0 0 0 0 -0.00069637 -0.0039391 -0.022805 -0.0012194 -0.0031978 0.0005896 0 0
0 0 0.19406 0 0 0 0 0 0 0 0 0 0 0.0058367 0.033016 0.19114 0.0071967 0.027709 -0.0050061 0 0
