0 0 0.19457 0 0 0 0 0 0 0 0 0 0 -3.9279e-18 0.033787 0.19161 -0.029945 0.006733 -0.0011872 0 0
0 0 0.25889 0 0 0 0 0 0 0 0 0 0 -3.9471e-18 0.044956 0.25496 -0.040068 0.0076831 -0.0013547 0 0
-0 -0 -0.02336 0 0 0 0 0 0 0 0 0 0 -4.0289e-18 -0.0040563 -0.023005 0.00349 -0.0011904 0.00020991 0 0
-0 -0 -0.24156 0 0 0 0 0 0 0 0 0 0 -3.9413e-18 -0.041946 -0.23789 0.03443 -0.016068 0.0028332 0 0
-0 -0 -0.090694 0 0 0 0 0 0 0 0 0 0 9.8798e-18 -0.015749 -0.089316 0.01338 -0.0050668 0.00089341 0 0
-0 -0 -0.33697 0 0 0 0 0 0 0 0 0 0 9.724e-18 -0.058514 -0.33185 0.046782 -0.024588 0.0043355 0 0
-0 -0 -0.30708 0 0 0 0 0 0 0 0 0 0 9.6926e-18 -0.053324 -0.30242 0.043003 -0.021795 0.003843 0 0
0 0 0.15836 0 0 0 0 0 0 0 0 0 0 1.0016e-17 0.0275 0.15596 -0.024281 0.0059169 -0.0010433 0 0
-0 -0 -0.12307 0 0 0 0 0 0 0 0 0 0 -4.0217e-18 -0.021371 -0.1212 0.018036 -0.0071621 0.0012629 0 0
-0 -0 -0.22219 0 0 0 0 0 0 0 0 0 0 -3.9354e-18 -0.038583 -0.21881 0.031826 -0.014482 0.0025536 0 0
-0 -0 -0.074436 0 0 0 0 0 0 0 0 0 0 -4.0424e-18 -0.012926 -0.073305 0.011017 -0.0040709 0.00071781 0 0
0 0 0.10063 0 0 0 0 0 0 0 0 0 0 9.8829e-18 0.017474 0.099097 -0.015321 0.0041993 -0.00074044 0 0
-0 -0 -0.27862 0 0 0 0 0 0 0 0 0 0 1.0105e-17 -0.048382 -0.27439 0.039326 -0.01924 0.0033924 0 0
-0 -0 -0.25321 0 0 0 0 0 0 0 0 0 0 1.0082e-17 -0.04397 -0.24936 0.035983 -0.017046 0.0030056 0 0
-0 -0 -0.19147 0 0 0 0 0 0 0 0 0 0 -3.9271e-18 -0.033249 -0.18856 0.027632 -0.01207 0.0021283 0 0
-0 -0 -0.30525 0 0 0 0 0 0 0 0 0 0 -4.4049e-18 -0.053006 -0.30061 0.042768 -0.021627 0.0038134 0 0
-0 -0 -0.12049 0 0 0 0 0 0 0 0 0 0 9.8902e-18 -0.020924 -0.11866 0.017668 -0.0069899 0.0012325 0 0
-0 -0 -0.091638 0 0 0 0 0 0 0 0 0 0 -4.0172e-18 -0.015913 -0.090246 0.013517 -0.0051258 0.00090381 0 0
-0 -0 -0.10519 0 0 0 0 0 0 0 0 0 0 9.8845e-18 -0.018267 -0.1036 0.015474 -0.0059868 0.0010556 0 0
-0 -0 -0.21219 0 0 0 0 0 0 0 0 0 0 1.005e-17 -0.036846 -0.20896 0.030468 -0.013683 0.0024127 0 0
0 0 0.19751 0 0 0 0 0 0 0 0 0 0 -3.9286e-18 0.034298 0.19451 -0.030407 0.0067905 -0.0011973 0 0
-0 -0 -0.14654 0 0 0 0 0 0 0 0 0 0 9.9016e-18 -0.025446 -0.14431 0.021366 -0.0087729 0.0015469 0 0
-0 -0 -0.29391 0 0 0 0 0 0 0 0 0 0 -3.9599e-18 -0.051038 -0.28945 0.041311 -0.0206 0.0036323 0 0
-0 -0 -0.20025 0 0 0 0 0 0 0 0 0 0 1.0042e-17 -0.034772 -0.1972 0.028837 -0.012746 0.0022475 0 0
0 0 0.21523 0 0 0 0 0 0 0 0 0 0 -3.9334e-18 0.037374 0.21196 -0.033189 0.007108 -0.0012533 0 0
-0 -0 -0.29736 0 0 0 0 0 0 0 0 0 0 1.0123e-17 -0.051636 -0.29284 0.041755 -0.02091 0.003687 0 0
-0 -0 -0.29995 0 0 0 0 0 0 0 0 0 0 1.0126e-17 -0.052085 -0.29539 0.042088 -0.021144 0.0037283 0 0
0 0 0.030027 0 0 0 0 0 0 0 0 0 0 9.8474e-18 0.0052142 0.029571 -0.0045259 0.0014117 -0.00024893 0 0
0 0 0.3391 0 0 0 0 0 0 0 0 0 0 9.7263e-18 0.058884 0.33395 -0.052743 0.0079672 -0.0014048 0 0
0 0 0.067163 0 0 0 0 0 0 0 0 0 0 9.8465e-18 0.011663 0.066142 -0.01018 0.0029716 -0.00052397 0 0
0 0 0.25253 0 0 0 0 0 0 0 0 0 0 -3.9449e-18 0.043851 0.24869 -0.039063 0.0076177 -0.0013432 0 0
-0 -0 -0.19839 0 0 0 0 0 0 0 0 0 0 -3.9288e-18 -0.034449 -0.19537 0.028582 -0.012602 0.0022221 0 0
-0 -0 -0.28703 0 0 0 0 0 0 0 0 0 0 -3.9572e-18 -0.049842 -0.28267 0.04042 -0.019983 0.0035236 0 0
0 0 0.035244 0 0 0 0 0 0 0 0 0 0 9.8479e-18 0.00612 0.034708 -0.0053165 0.0016433 -0.00028976 0 0
-0 -0 -0.21156 0 0 0 0 0 0 0 0 0 0 -3.9324e-18 -0.036737 -0.20834 0.030383 -0.013633 0.0024039 0 0
0 0 0.33195 0 0 0 0 0 0 0 0 0 0 9.7185e-18 0.057642 0.3269 -0.051612 0.0079825 -0.0014075 0 0
-0 -0 -0.25721 0 0 0 0 0 0 0 0 0 0 1.0086e-17 -0.044665 -0.25331 0.036513 -0.017386 0.0030656 0 0
-0 -0 -0.32583 0 0 0 0 0 0 0 0 0 0 -1.8541e-17 -0.056579 -0.32088 0.045383 -0.023534 0.0041496 0 0
-0 -0 -0.28561 0 0 0 0 0 0 0 0 0 0 -3.9567e-18 -0.049596 -0.28127 0.040236 -0.019857 0.0035014 0 0
0 0 0.27326 0 0 0 0 0 0 0 0 0 0 -3.9521e-18 0.047451 0.26911 -0.042336 0.0078076 -0.0013767 0 0
0 0 0.080117 0 0 0 0 0 0 0 0 0 0 -4.0158e-18 0.013912 0.0789 -0.012165 0.0034669 -0.00061131 0 0
-0 -0 -0.094257 0 0 0 0 0 0 0 0 0 0 -4.0175e-18 -0.016368 -0.092825 0.013896 -0.0052901 0.00093279 0 0
0 0 0.16769 0 0 0 0 0 0 0 0 0 0 -3.9215e-18 0.029118 0.16514 -0.025737 0.0061463 -0.0010838 0 0
-0 -0 -0.13531 0 0 0 0 0 0 0 0 0 0 9.8964e-18 -0.023496 -0.13325 0.019778 -0.0079926 0.0014093 0 0
-0 -0 -0.2772 0 0 0 0 0 0 0 0 0 0 1.0104e-17 -0.048135 -0.27299 0.039141 -0.019114 0.0033704 0 0
-0 -0 -0.24649 0 0 0 0 0 0 0 0 0 0 -3.9429e-18 -0.042803 -0.24275 0.035089 -0.01648 0.0029058 0 0
-0 -0 -0.16312 0 0 0 0 0 0 0 0 0 0 1.0019e-17 -0.028326 -0.16064 0.023696 -0.0099575 0.0017558 0 0
0 0 0.24943 0 0 0 0 0 0 0 0 0 0 -3.9439e-18 0.043313 0.24564 -0.038575 0.0075836 -0.0013372 0 0
-0 -0 -0.32328 0 0 0 0 0 0 0 0 0 0 9.7092e-18 -0.056136 -0.31836 0.045061 -0.023294 0.0041074 0 0
-0 -0 -0.049408 0 0 0 0 0 0 0 0 0 0 -4.0267e-18 -0.0085797 -0.048658 0.0073472 -0.0026122 0.0004606 0 0
-0 -0 -0.069649 0 0 0 0 0 0 0 0 0 0 9.8471e-18 -0.012094 -0.068591 0.010318 -0.0037849 0.00066738 0 0
0 0 0.09847 0 0 0 0 0 0 0 0 0 0 -4.018e-18 0.017099 0.096974 -0.014989 0.0041253 -0.0007274 0 0
-0 -0 -0.17082 0 0 0 0 0 0 0 0 0 0 1.0023e-17 -0.029662 -0.16822 0.02477 -0.01052 0.001855 0 0
-0 -0 -0.25374 0 0 0 0 0 0 0 0 0 0 -3.9453e-18 -0.044061 -0.24988 0.036053 -0.017091 0.0030135 0 0
0 0 0.34291 0 0 0 0 0 0 0 0 0 0 9.7306e-18 0.059546 0.3377 -0.053346 0.0079558 -0.0014028 0 0
0 0 0.3406 0 0 0 0 0 0 0 0 0 0 -4.4218e-18 0.059145 0.33543 -0.052981 0.0079629 -0.0014041 0 0
0 0 0.23025 0 0 0 0 0 0 0 0 0 0 1.0063e-17 0.039982 0.22675 -0.035553 0.0073392 -0.0012941 0 0
-0 -0 -0.14654 0 0 0 0 0 0 0 0 0 0 -4.0259e-18 -0.025447 -0.14432 0.021367 -0.0087732 0.001547 0 0
0 0 0.17066 0 0 0 0 0 0 0 0 0 0 -3.9221e-18 0.029636 0.16807 -0.026202 0.0062168 -0.0010962 0 0
0 0 0.10822 0 0 0 0 0 0 0 0 0 0 -4.0194e-18 0.018792 0.10658 -0.016494 0.0044543 -0.00078541 0 0
0 0 0.064977 0 0 0 0 0 0 0 0 0 0 -4.0415e-18 0.011283 0.06399 -0.0098452 0.0028855 -0.0005088 0 0
-0 -0 -0.19472 0 0 0 0 0 0 0 0 0 0 -3.9279e-18 -0.033814 -0.19177 0.028079 -0.01232 0.0021723 0 0
-0 -0 -0.27703 0 0 0 0 0 0 0 0 0 0 -3.9535e-18 -0.048106 -0.27282 0.039119 -0.0191 0.0033678 0 0
0 0 0.049575 0 0 0 0 0 0 0 0 0 0 -4.0267e-18 0.0086086 0.048822 -0.0074946 0.0022586 -0.00039825 0 0
-0 -0 -0.23625 0 0 0 0 0 0 0 0 0 0 1.0068e-17 -0.041025 -0.23267 0.03372 -0.015629 0.0027558 0 0
-0 -0 -0.06667 0 0 0 0 0 0 0 0 0 0 -4.0416e-18 -0.011577 -0.065657 0.009882 -0.0036086 0.00063629 0 0
-0 -0 -0.097321 0 0 0 0 0 0 0 0 0 0 -4.0179e-18 -0.0169 -0.095842 0.014339 -0.0054836 0.0009669 0 0
0 0 0.24643 0 0 0 0 0 0 0 0 0 0 -3.9429e-18 0.042792 0.24268 -0.038102 0.0075491 -0.0013311 0 0
-0 -0 -0.0063114 0 0 0 0 0 0 0 0 0 0 -1.7905e-17 -0.001096 -0.0062155 0.0009457 -0.00031371 5.5316e-05 0 0
0 0 0.18967 0 0 0 0 0 0 0 0 0 0 1.0035e-17 0.032936 0.18679 -0.029177 0.0066344 -0.0011698 0 0
0 0 0.15983 0 0 0 0 0 0 0 0 0 0 1.0017e-17 0.027754 0.1574 -0.024509 0.0059537 -0.0010498 0 0
-0 -0 -0.30917 0 0 0 0 0 0 0 0 0 0 9.6947e-18 -0.053687 -0.30447 0.043269 -0.021986 0.0038768 0 0
-0 -0 -0.12934 0 0 0 0 0 0 0 0 0 0 -4.0228e-18 -0.02246 -0.12738 0.01893 -0.0075851 0.0013375 0 0
-0 -0 -0.26457 0 0 0 0 0 0 0 0 0 0 1.0092e-17 -0.045942 -0.26055 0.037484 -0.018016 0.0031767 0 0
0 0 0.041254 0 0 0 0 0 0 0 0 0 0 9.8555e-18 0.0071637 0.040627 -0.0062289 0.0019051 -0.00033592 0 0
-0 -0 -0.19445 0 0 0 0 0 0 0 0 0 0 -3.9278e-18 -0.033766 -0.19149 0.028042 -0.012298 0.0021685 0 0
-0 -0 -0.14685 0 0 0 0 0 0 0 0 0 0 9.9018e-18 -0.025499 -0.14461 0.02141 -0.0087946 0.0015507 0 0
-0 -0 -0.19352 0 0 0 0 0 0 0 0 0 0 1.0037e-17 -0.033605 -0.19058 0.027914 -0.012227 0.002156 0 0
-0 -0 -0.0065637 0 0 0 0 0 0 0 0 0 0 -4.0275e-18 -0.0011398 -0.006464 0.00098348 -0.00032638 5.755e-05 0 0
-0 -0 -0.0094974 0 0 0 0 0 0 0 0 0 0 9.8503e-18 -0.0016492 -0.0093531 0.0014223 -0.00047431 8.3634e-05 0 0
-0 -0 -0.05124 0 0 0 0 0 0 0 0 0 0 -4.0269e-18 -0.0088978 -0.050462 0.0076171 -0.0027159 0.00047888 0 0
0 0 0.31897 0 0 0 0 0 0 0 0 0 0 -4.4112e-18 0.055388 0.31412 -0.04956 0.00799 -0.0014089 0 0
-0 -0 -0.10626 0 0 0 0 0 0 0 0 0 0 -4.0191e-18 -0.018453 -0.10465 0.015628 -0.0060559 0.0010678 0 0
-0 -0 -0.18579 0 0 0 0 0 0 0 0 0 0 -3.9257e-18 -0.032263 -0.18297 0.026849 -0.011638 0.0020522 0 0
-0 -0 -0.0022789 0 0 0 0 0 0 0 0 0 0 -4.0275e-18 -0.00039573 -0.0022443 0.00034171 -0.0001126 1.9854e-05 0 0
0 0 0.23543 0 0 0 0 0 0 0 0 0 0 1.0067e-17 0.040881 0.23185 -0.036368 0.0074108 -0.0013067 0 0
0 0 0.16317 0 0 0 0 0 0 0 0 0 0 1.0019e-17 0.028334 0.16069 -0.025031 0.0060369 -0.0010645 0 0
-0 -0 -0.2138 0 0 0 0 0 0 0 0 0 0 1.0051e-17 -0.037125 -0.21055 0.030687 -0.013811 0.0024352 0 0
-0 -0 -0.245 0 0 0 0 0 0 0 0 0 0 -3.9424e-18 -0.042543 -0.24127 0.03489 -0.016355 0.0028838 0 0
0 0 0.045264 0 0 0 0 0 0 0 0 0 0 9.8561e-18 0.0078599 0.044576 -0.0068384 0.0020767 -0.00036618 0 0
-0 -0 -0.012881 0 0 0 0 0 0 0 0 0 0 9.8504e-18 -0.0022368 -0.012686 0.001928 -0.00064651 0.000114 0 0
0 0 0.070832 0 0 0 0 0 0 0 0 0 0 -4.042e-18 0.0123 0.069756 -0.010741 0.0031145 -0.00054917 0 0
-0 -0 -0.14771 0 0 0 0 0 0 0 0 0 0 9.9022e-18 -0.02565 -0.14547 0.021532 -0.0088557 0.0015615 0 0
-0 -0 -0.015858 0 0 0 0 0 0 0 0 0 0 9.8514e-18 -0.0027537 -0.015617 0.0023723 -0.00079938 0.00014095 0 0
-0 -0 -0.058331 0 0 0 0 0 0 0 0 0 0 9.8447e-18 -0.010129 -0.057445 0.0086597 -0.0031219 0.00055047 0 0
-0 -0 -0.12777 0 0 0 0 0 0 0 0 0 0 -4.0225e-18 -0.022187 -0.12583 0.018706 -0.0074785 0.0013187 0 0
0 0 0.16607 0 0 0 0 0 0 0 0 0 0 -3.9211e-18 0.028839 0.16355 -0.025485 0.0061076 -0.0010769 0 0
0 0 0.03505 0 0 0 0 0 0 0 0 0 0 -4.0327e-18 0.0060864 0.034517 -0.0052871 0.0016348 -0.00028826 0 0
-0 -0 -0.18208 0 0 0 0 0 0 0 0 0 0 -3.9248e-18 -0.031618 -0.17931 0.026335 -0.011358 0.0020028 0 0
0 0 0.15142 0 0 0 0 0 0 0 0 0 0 -3.9181e-18 0.026295 0.14912 -0.023199 0.0057374 -0.0010117 0 0
