0 0 0.26777 0 0 0 0 0 0 0 0 0 0 0.0080538 0.045558 0.26375 -0.0045592 0.041376 -0.0070078 0 0
0 0 0.21545 0 0 0 0 0 0 0 0 0 0 0.0064802 0.036656 0.21221 -0.0027873 0.033406 -0.0056852 0 0
-0 -0 -0.091747 0 0 0 0 0 0 0 0 0 0 -0.0027595 -0.015609 -0.090367 -0.0010354 -0.014248 0.0024927 0 0
0 0 0.26939 0 0 0 0 0 0 0 0 0 0 0.0081024 0.045832 0.26534 -0.0046205 0.04162 -0.0070481 0 0
0 0 0.26936 0 0 0 0 0 0 0 0 0 0 0.0081015 0.045827 0.26531 -0.0046194 0.041616 -0.0070474 0 0
0 0 0.1563 0 0 0 0 0 0 0 0 0 0 0.0047012 0.026593 0.15395 -0.0012958 0.024301 -0.0041581 0 0
-0 -0 -0.34195 0 0 0 0 0 0 0 0 0 0 -0.010285 -0.058178 -0.3368 -0.010505 -0.051943 0.0092931 0 0
0 0 0.10956 0 0 0 0 0 0 0 0 0 0 0.0032952 0.01864 0.10791 -0.00050457 0.017057 -0.0029309 0 0
0 0 0.22094 0 0 0 0 0 0 0 0 0 0 0.0066452 0.03759 0.21762 -0.0029532 0.034245 -0.0058251 0 0
-0 -0 -0.036539 0 0 0 0 0 0 0 0 0 0 -0.001099 -0.0062166 -0.035989 -0.00025335 -0.0056859 0.00098988 0 0
0 0 0.338 0 0 0 0 0 0 0 0 0 0 0.010166 0.057506 0.33292 -0.0075967 0.051913 -0.0087352 0 0
0 0 0.2322 0 0 0 0 0 0 0 0 0 0 0.0069839 0.039506 0.22871 -0.0033084 0.035966 -0.0061116 0 0
0 0 0.070244 0 0 0 0 0 0 0 0 0 0 0.0021127 0.011951 0.069188 -0.00010547 0.010942 -0.0018869 0 0
0 0 0.27832 0 0 0 0 0 0 0 0 0 0 0.0083712 0.047353 0.27414 -0.0049676 0.042972 -0.007271 0 0
0 0 0.20617 0 0 0 0 0 0 0 0 0 0 0.006201 0.035077 0.20307 -0.0025172 0.031983 -0.0054476 0 0
-0 -0 -0.03718 0 0 0 0 0 0 0 0 0 0 -0.0011183 -0.0063257 -0.036621 -0.00025968 -0.0057856 0.0010073 0 0
-0 -0 -0.14442 0 0 0 0 0 0 0 0 0 0 -0.0043437 -0.024571 -0.14225 -0.0022274 -0.022363 0.0039309 0 0
0 0 0.054803 0 0 0 0 0 0 0 0 0 0 0.0016483 0.009324 0.053979 -1.5434e-05 0.0085377 -0.0014743 0 0
-0 -0 -0.083431 0 0 0 0 0 0 0 0 0 0 -0.0025094 -0.014195 -0.082176 -0.00088693 -0.012961 0.0022659 0 0
0 0 0.23797 0 0 0 0 0 0 0 0 0 0 0.0071573 0.040487 0.23439 -0.0034979 0.036846 -0.0062577 0 0
-0 -0 -0.003064 0 0 0 0 0 0 0 0 0 0 -9.2157e-05 -0.0005213 -0.003018 -1.3146e-05 -0.00047715 8.2822e-05 0 0
-0 -0 -0.29262 0 0 0 0 0 0 0 0 0 0 -0.0088011 -0.049785 -0.28822 -0.0078837 -0.044719 0.0079652 0 0
0 0 0.2866 0 0 0 0 0 0 0 0 0 0 0.00862 0.04876 0.28229 -0.0052997 0.04422 -0.0074765 0 0
0 0 0.011992 0 0 0 0 0 0 0 0 0 0 0.00036069 0.0020403 0.011812 3.7189e-05 0.0018679 -0.00032378 0 0
-0 -0 -0.21343 0 0 0 0 0 0 0 0 0 0 -0.0064194 -0.036312 -0.21022 -0.0044424 -0.032878 0.0058148 0 0
-0 -0 -0.21921 0 0 0 0 0 0 0 0 0 0 -0.0065932 -0.037296 -0.21591 -0.0046612 -0.033751 0.0059723 0 0
0 0 0.13483 0 0 0 0 0 0 0 0 0 0 0.0040554 0.02294 0.13281 -0.00088975 0.020978 -0.0035965 0 0
0 0 0.23964 0 0 0 0 0 0 0 0 0 0 0.0072077 0.040772 0.23604 -0.0035539 0.037102 -0.0063002 0 0
0 0 0.2951 0 0 0 0 0 0 0 0 0 0 0.0088758 0.050207 0.29066 -0.005652 0.045501 -0.0076869 0 0
-0 -0 -0.26419 0 0 0 0 0 0 0 0 0 0 -0.0079461 -0.044948 -0.26022 -0.0065388 -0.0405 0.0071954 0 0
0 0 0.33448 0 0 0 0 0 0 0 0 0 0 0.01006 0.056907 0.32945 -0.0074265 0.05139 -0.00865 0 0
-0 -0 -0.17911 0 0 0 0 0 0 0 0 0 0 -0.005387 -0.030472 -0.17641 -0.0032486 -0.027667 0.0048783 0 0
0 0 0.32657 0 0 0 0 0 0 0 0 0 0 0.0098222 0.055561 0.32166 -0.0070513 0.050213 -0.0084581 0 0
-0 -0 -0.24414 0 0 0 0 0 0 0 0 0 0 -0.007343 -0.041537 -0.24047 -0.0056637 -0.037502 0.0066508 0 0
0 0 0.28826 0 0 0 0 0 0 0 0 0 0 0.0086702 0.049044 0.28393 -0.005368 0.044472 -0.0075179 0 0
-0 -0 -0.019596 0 0 0 0 0 0 0 0 0 0 -0.00058938 -0.0033339 -0.019301 -0.00010966 -0.0030506 0.00053029 0 0
0 0 0.019069 0 0 0 0 0 0 0 0 0 0 0.00057353 0.0032443 0.018782 4.8472e-05 0.0029703 -0.00051456 0 0
0 0 0.11763 0 0 0 0 0 0 0 0 0 0 0.0035379 0.020013 0.11586 -0.00061662 0.01831 -0.0031439 0 0
0 0 0.2431 0 0 0 0 0 0 0 0 0 0 0.0073116 0.041359 0.23944 -0.0036708 0.037628 -0.0063875 0 0
-0 -0 -0.10039 0 0 0 0 0 0 0 0 0 0 -0.0030196 -0.017081 -0.098885 -0.0012013 -0.015585 0.0027287 0 0
0 0 0.053914 0 0 0 0 0 0 0 0 0 0 0.0016216 0.0091727 0.053103 -1.1395e-05 0.0083992 -0.0014505 0 0
0 0 0.24615 0 0 0 0 0 0 0 0 0 0 0.0074034 0.041879 0.24245 -0.0037756 0.038093 -0.0064646 0 0
-0 -0 -0.15704 0 0 0 0 0 0 0 0 0 0 -0.0047233 -0.026718 -0.15468 -0.0025773 -0.024297 0.0042756 0 0
-0 -0 -0.23717 0 0 0 0 0 0 0 0 0 0 -0.0071332 -0.04035 -0.2336 -0.0053737 -0.036455 0.0064611 0 0
0 0 0.23463 0 0 0 0 0 0 0 0 0 0 0.0070568 0.039918 0.2311 -0.0033875 0.036337 -0.0061731 0 0
0 0 0.18378 0 0 0 0 0 0 0 0 0 0 0.0055277 0.031268 0.18102 -0.0019208 0.028541 -0.0048714 0 0
0 0 0.25977 0 0 0 0 0 0 0 0 0 0 0.007813 0.044195 0.25586 -0.0042607 0.040162 -0.0068072 0 0
-0 -0 -0.2154 0 0 0 0 0 0 0 0 0 0 -0.0064786 -0.036647 -0.21216 -0.0045163 -0.033175 0.0058684 0 0
0 0 0.091949 0 0 0 0 0 0 0 0 0 0 0.0027656 0.015644 0.090566 -0.00029567 0.01432 -0.0024645 0 0
-0 -0 -0.10975 0 0 0 0 0 0 0 0 0 0 -0.0033009 -0.018672 -0.1081 -0.001394 -0.017028 0.002984 0 0
0 0 0.28068 0 0 0 0 0 0 0 0 0 0 0.008442 0.047754 0.27646 -0.0050611 0.043328 -0.0073296 0 0
0 0 0.20507 0 0 0 0 0 0 0 0 0 0 0.006168 0.03489 0.20199 -0.0024861 0.031814 -0.0054195 0 0
-0 -0 -0.27708 0 0 0 0 0 0 0 0 0 0 -0.0083338 -0.047142 -0.27291 -0.0071336 -0.042418 0.0075449 0 0
0 0 0.32783 0 0 0 0 0 0 0 0 0 0 0.0098602 0.055776 0.3229 -0.0071106 0.050401 -0.0084888 0 0
0 0 0.33489 0 0 0 0 0 0 0 0 0 0 0.010073 0.056977 0.32986 -0.0074464 0.051451 -0.00866 0 0
-0 -0 -0.25587 0 0 0 0 0 0 0 0 0 0 -0.0076958 -0.043533 -0.25202 -0.0061682 -0.039258 0.0069695 0 0
-0 -0 -0.26558 0 0 0 0 0 0 0 0 0 0 -0.007988 -0.045185 -0.26159 -0.0066018 -0.040708 0.0072332 0 0
0 0 0.32845 0 0 0 0 0 0 0 0 0 0 0.0098789 0.055882 0.32351 -0.0071398 0.050493 -0.0085039 0 0
-0 -0 -0.1194 0 0 0 0 0 0 0 0 0 0 -0.0035911 -0.020314 -0.1176 -0.001607 -0.018516 0.0032474 0 0
0 0 0.20299 0 0 0 0 0 0 0 0 0 0 0.0061052 0.034535 0.19993 -0.0024275 0.031494 -0.0053659 0 0
0 0 0.19936 0 0 0 0 0 0 0 0 0 0 0.005996 0.033918 0.19636 -0.0023273 0.030936 -0.0052727 0 0
0 0 0.18905 0 0 0 0 0 0 0 0 0 0 0.0056859 0.032164 0.1862 -0.002054 0.029351 -0.0050073 0 0
0 0 0.25864 0 0 0 0 0 0 0 0 0 0 0.0077791 0.044004 0.25475 -0.0042194 0.039991 -0.006779 0 0
-0 -0 -0.17983 0 0 0 0 0 0 0 0 0 0 -0.0054086 -0.030595 -0.17712 -0.0032717 -0.027777 0.0048979 0 0
0 0 0.1974 0 0 0 0 0 0 0 0 0 0 0.0059371 0.033584 0.19443 -0.0022741 0.030635 -0.0052223 0 0
0 0 0.19202 0 0 0 0 0 0 0 0 0 0 0.0057753 0.032669 0.18913 -0.002131 0.029809 -0.0050839 0 0
-0 -0 -0.34151 0 0 0 0 0 0 0 0 0 0 -0.010271 -0.058102 -0.33637 -0.01048 -0.051879 0.0092813 0 0
-0 -0 -0.021624 0 0 0 0 0 0 0 0 0 0 -0.0006504 -0.0036791 -0.021299 -0.00012448 -0.0033663 0.00058527 0 0
0 0 0.25161 0 0 0 0 0 0 0 0 0 0 0.0075676 0.042808 0.24782 -0.0039667 0.038923 -0.0066022 0 0
-0 -0 -0.17394 0 0 0 0 0 0 0 0 0 0 -0.0052315 -0.029593 -0.17132 -0.0030846 -0.026879 0.0047372 0 0
0 0 0.093257 0 0 0 0 0 0 0 0 0 0 0.0028049 0.015866 0.091854 -0.0003095 0.014523 -0.0024992 0 0
-0 -0 -0.13588 0 0 0 0 0 0 0 0 0 0 -0.0040868 -0.023117 -0.13383 -0.0020046 -0.021051 0.0036975 0 0
0 0 0.33006 0 0 0 0 0 0 0 0 0 0 0.0099274 0.056156 0.3251 -0.0072159 0.050733 -0.008543 0 0
0 0 0.23906 0 0 0 0 0 0 0 0 0 0 0.0071901 0.040672 0.23546 -0.0035343 0.037012 -0.0062853 0 0
-0 -0 -0.16475 0 0 0 0 0 0 0 0 0 0 -0.0049552 -0.02803 -0.16227 -0.0028032 -0.025476 0.0044862 0 0
0 0 0.25308 0 0 0 0 0 0 0 0 0 0 0.007612 0.043058 0.24928 -0.004019 0.039147 -0.0066393 0 0
-0 -0 -0.22443 0 0 0 0 0 0 0 0 0 0 -0.0067502 -0.038184 -0.22105 -0.0048632 -0.034538 0.0061145 0 0
-0 -0 -0.052842 0 0 0 0 0 0 0 0 0 0 -0.0015893 -0.0089903 -0.052047 -0.00043435 -0.0082188 0.0014329 0 0
-0 -0 -0.25695 0 0 0 0 0 0 0 0 0 0 -0.0077282 -0.043716 -0.25308 -0.0062156 -0.039419 0.0069988 0 0
-0 -0 -0.053075 0 0 0 0 0 0 0 0 0 0 -0.0015963 -0.0090299 -0.052276 -0.00043724 -0.0082549 0.0014393 0 0
-0 -0 -0.043095 0 0 0 0 0 0 0 0 0 0 -0.0012962 -0.0073319 -0.042446 -0.0003211 -0.0067048 0.0011679 0 0
0 0 0.0064756 0 0 0 0 0 0 0 0 0 0 0.00019477 0.0011017 0.0063782 2.2904e-05 0.0010086 -0.00017491 0 0
0 0 0.23695 0 0 0 0 0 0 0 0 0 0 0.0071269 0.040314 0.23339 -0.0034643 0.036692 -0.0062321 0 0
0 0 0.12625 0 0 0 0 0 0 0 0 0 0 0.0037972 0.021479 0.12435 -0.00074765 0.019647 -0.0033709 0 0
0 0 0.32253 0 0 0 0 0 0 0 0 0 0 0.0097008 0.054874 0.31768 -0.0068634 0.049611 -0.0083598 0 0
-0 -0 -0.036766 0 0 0 0 0 0 0 0 0 0 -0.0011058 -0.0062552 -0.036213 -0.00025558 -0.0057212 0.00099605 0 0
-0 -0 -0.069513 0 0 0 0 0 0 0 0 0 0 -0.0020907 -0.011827 -0.068467 -0.00066275 -0.010805 0.0018867 0 0
-0 -0 -0.10172 0 0 0 0 0 0 0 0 0 0 -0.0030594 -0.017306 -0.10019 -0.0012278 -0.015789 0.0027648 0 0
0 0 0.10137 0 0 0 0 0 0 0 0 0 0 0.0030488 0.017246 0.099841 -0.0004013 0.015784 -0.0027141 0 0
0 0 0.22516 0 0 0 0 0 0 0 0 0 0 0.0067721 0.038307 0.22177 -0.003084 0.034891 -0.0059326 0 0
-0 -0 -0.061862 0 0 0 0 0 0 0 0 0 0 -0.0018606 -0.010525 -0.060931 -0.00055249 -0.0096187 0.0016783 0 0
0 0 0.16284 0 0 0 0 0 0 0 0 0 0 0.0048978 0.027705 0.16039 -0.0014337 0.025311 -0.0043284 0 0
-0 -0 -0.31528 0 0 0 0 0 0 0 0 0 0 -0.0094826 -0.05364 -0.31054 -0.0090426 -0.048054 0.0085766 0 0
-0 -0 -0.27279 0 0 0 0 0 0 0 0 0 0 -0.0082046 -0.046411 -0.26868 -0.0069326 -0.04178 0.0074285 0 0
0 0 0.14406 0 0 0 0 0 0 0 0 0 0 0.0043329 0.02451 0.14189 -0.0010554 0.022407 -0.0038383 0 0
0 0 0.024762 0 0 0 0 0 0 0 0 0 0 0.00074476 0.0042128 0.024389 5.1805e-05 0.0038573 -0.00066787 0 0
0 0 0.21805 0 0 0 0 0 0 0 0 0 0 0.0065584 0.037098 0.21477 -0.0028653 0.033803 -0.0057515 0 0
-0 -0 -0.22903 0 0 0 0 0 0 0 0 0 0 -0.0068886 -0.038966 -0.22559 -0.0050448 -0.035232 0.0062397 0 0
-0 -0 -0.33972 0 0 0 0 0 0 0 0 0 0 -0.010218 -0.057798 -0.33461 -0.010378 -0.05162 0.0092334 0 0
0 0 0.28283 0 0 0 0 0 0 0 0 0 0 0.0085067 0.04812 0.27858 -0.0051472 0.043652 -0.0073831 0 0
