-0 -0 -0.043002 0 0 0 0 0 0 0 0 0 0 -4.0263e-18 -0.0074672 -0.042348 0.0021032 -0.0021623 0.00038127 0 0
0 0 0.040342 0 0 0 0 0 0 0 0 0 0 -4.0262e-18 0.0070053 0.039729 -0.0020572 0.0019459 -0.00034311 0 0
-0 -0 -0.13238 0 0 0 0 0 0 0 0 0 0 -4.0233e-18 -0.022987 -0.13037 0.0061622 -0.0069302 0.001222 0 0
0 0 0.18267 0 0 0 0 0 0 0 0 0 0 -3.9249e-18 0.031721 0.1799 -0.0099149 0.0081257 -0.0014328 0 0
-0 -0 -0.17891 0 0 0 0 0 0 0 0 0 0 1.0028e-17 -0.031067 -0.17619 0.0080997 -0.0095485 0.0016837 0 0
0 0 0.071343 0 0 0 0 0 0 0 0 0 0 9.8475e-18 0.012389 0.070259 -0.0036913 0.0033847 -0.00059682 0 0
0 0 0.32215 0 0 0 0 0 0 0 0 0 0 9.708e-18 0.055942 0.31726 -0.018403 0.013057 -0.0023023 0 0
-0 -0 -0.2827 0 0 0 0 0 0 0 0 0 0 -3.9556e-18 -0.049091 -0.27841 0.011963 -0.01569 0.0027666 0 0
0 0 0.079458 0 0 0 0 0 0 0 0 0 0 -4.0158e-18 0.013798 0.078251 -0.0041265 0.0037531 -0.00066177 0 0
-0 -0 -0.27145 0 0 0 0 0 0 0 0 0 0 -3.9515e-18 -0.047137 -0.26732 0.011576 -0.015006 0.0026459 0 0
-0 -0 -0.31648 0 0 0 0 0 0 0 0 0 0 -4.4101e-18 -0.054955 -0.31167 0.013078 -0.01777 0.0031333 0 0
0 0 0.043865 0 0 0 0 0 0 0 0 0 0 9.8558e-18 0.0076171 0.043199 -0.0022407 0.0021119 -0.00037238 0 0
0 0 0.11156 0 0 0 0 0 0 0 0 0 0 2.3793e-17 0.019372 0.10986 -0.0058771 0.0051756 -0.0009126 0 0
-0 -0 -0.065697 0 0 0 0 0 0 0 0 0 0 9.8462e-18 -0.011408 -0.064699 0.0031746 -0.0033388 0.00058873 0 0
0 0 0.18958 0 0 0 0 0 0 0 0 0 0 -3.9266e-18 0.032921 0.1867 -0.010318 0.0083971 -0.0014806 0 0
0 0 0.1877 0 0 0 0 0 0 0 0 0 0 -3.9261e-18 0.032594 0.18485 -0.010208 0.0083234 -0.0014676 0 0
0 0 0.27302 0 0 0 0 0 0 0 0 0 0 1.01e-17 0.047409 0.26887 -0.015334 0.011453 -0.0020195 0 0
-0 -0 -0.17487 0 0 0 0 0 0 0 0 0 0 1.0026e-17 -0.030366 -0.17221 0.0079364 -0.0093177 0.001643 0 0
0 0 0.20106 0 0 0 0 0 0 0 0 0 0 1.0042e-17 0.034913 0.198 -0.010992 0.0088417 -0.001559 0 0
0 0 0.017041 0 0 0 0 0 0 0 0 0 0 9.8515e-18 0.0029591 0.016782 -0.00085926 0.00083191 -0.00014669 0 0
-0 -0 -0.28734 0 0 0 0 0 0 0 0 0 0 1.0113e-17 -0.049896 -0.28297 0.01212 -0.015973 0.0028166 0 0
-0 -0 -0.14205 0 0 0 0 0 0 0 0 0 0 -4.0251e-18 -0.024666 -0.13989 0.0065749 -0.0074669 0.0013166 0 0
0 0 0.1591 0 0 0 0 0 0 0 0 0 0 1.0017e-17 0.027627 0.15668 -0.0085528 0.0071791 -0.0012659 0 0
0 0 0.095237 0 0 0 0 0 0 0 0 0 0 9.8812e-18 0.016538 0.09379 -0.0049812 0.0044593 -0.00078629 0 0
0 0 0.20978 0 0 0 0 0 0 0 0 0 0 1.0048e-17 0.036428 0.2066 -0.011509 0.0091746 -0.0016177 0 0
0 0 0.18184 0 0 0 0 0 0 0 0 0 0 -3.9247e-18 0.031576 0.17908 -0.0098663 0.0080927 -0.001427 0 0
-0 -0 -0.15997 0 0 0 0 0 0 0 0 0 0 1.0017e-17 -0.027779 -0.15754 0.0073261 -0.0084722 0.0014939 0 0
0 0 0.33192 0 0 0 0 0 0 0 0 0 0 9.7184e-18 0.057637 0.32687 -0.019022 0.013358 -0.0023553 0 0
0 0 0.30408 0 0 0 0 0 0 0 0 0 0 9.6896e-18 0.052803 0.29946 -0.017265 0.012484 -0.0022013 0 0
0 0 0.025165 0 0 0 0 0 0 0 0 0 0 -4.0289e-18 0.0043699 0.024783 -0.001274 0.0012234 -0.00021572 0 0
0 0 0.27509 0 0 0 0 0 0 0 0 0 0 -3.9528e-18 0.04777 0.27091 -0.015462 0.011524 -0.002032 0 0
-0 -0 -0.18651 0 0 0 0 0 0 0 0 0 0 -3.9258e-18 -0.032388 -0.18368 0.0084045 -0.0099848 0.0017606 0 0
-0 -0 -0.29781 0 0 0 0 0 0 0 0 0 0 -3.9614e-18 -0.051715 -0.29329 0.012471 -0.016616 0.0029299 0 0
0 0 0.093114 0 0 0 0 0 0 0 0 0 0 9.8805e-18 0.016169 0.091699 -0.0048656 0.004365 -0.00076967 0 0
0 0 0.28952 0 0 0 0 0 0 0 0 0 0 1.0115e-17 0.050275 0.28513 -0.016356 0.012009 -0.0021174 0 0
-0 -0 -0.052663 0 0 0 0 0 0 0 0 0 0 9.8572e-18 -0.0091448 -0.051862 0.0025626 -0.0026602 0.00046906 0 0
0 0 0.16937 0 0 0 0 0 0 0 0 0 0 -3.9219e-18 0.029411 0.1668 -0.0091436 0.0075955 -0.0013393 0 0
0 0 0.27236 0 0 0 0 0 0 0 0 0 0 -3.9518e-18 0.047294 0.26822 -0.015293 0.011431 -0.0020156 0 0
0 0 0.30594 0 0 0 0 0 0 0 0 0 0 -4.4052e-18 0.053125 0.30129 -0.017381 0.012544 -0.0022119 0 0
-0 -0 -0.1789 0 0 0 0 0 0 0 0 0 0 -3.924e-18 -0.031065 -0.17618 0.0080992 -0.0095479 0.0016836 0 0
0 0 0.24839 0 0 0 0 0 0 0 0 0 0 1.0078e-17 0.043132 0.24461 -0.013827 0.010594 -0.001868 0 0
0 0 0.11792 0 0 0 0 0 0 0 0 0 0 -4.0209e-18 0.020477 0.11613 -0.0062298 0.0054512 -0.0009612 0 0
-0 -0 -0.15988 0 0 0 0 0 0 0 0 0 0 -3.9198e-18 -0.027763 -0.15745 0.0073224 -0.0084672 0.001493 0 0
-0 -0 -0.23491 0 0 0 0 0 0 0 0 0 0 -3.9393e-18 -0.040792 -0.23134 0.010265 -0.012813 0.0022593 0 0
-0 -0 -0.26545 0 0 0 0 0 0 0 0 0 0 1.0093e-17 -0.046095 -0.26142 0.011366 -0.014643 0.0025819 0 0
-0 -0 -0.085189 0 0 0 0 0 0 0 0 0 0 9.8782e-18 -0.014793 -0.083895 0.004073 -0.0043682 0.00077024 0 0
0 0 0.23249 0 0 0 0 0 0 0 0 0 0 -3.9385e-18 0.040371 0.22895 -0.012865 0.01002 -0.0017668 0 0
0 0 0.33416 0 0 0 0 0 0 0 0 0 0 -4.4186e-18 0.058026 0.32908 -0.019165 0.013426 -0.0023674 0 0
0 0 0.017274 0 0 0 0 0 0 0 0 0 0 -4.027e-18 0.0029995 0.017011 -0.00087109 0.00084317 -0.00014867 0 0
0 0 0.32058 0 0 0 0 0 0 0 0 0 0 -4.412e-18 0.055669 0.31571 -0.018303 0.013008 -0.0022936 0 0
-0 -0 -0.12248 0 0 0 0 0 0 0 0 0 0 9.8909e-18 -0.021268 -0.12062 0.005734 -0.0063845 0.0011258 0 0
0 0 0.14722 0 0 0 0 0 0 0 0 0 0 9.902e-18 0.025564 0.14498 -0.0078752 0.0066903 -0.0011797 0 0
-0 -0 -0.26023 0 0 0 0 0 0 0 0 0 0 -3.9475e-18 -0.045188 -0.25628 0.011182 -0.014328 0.0025263 0 0
-0 -0 -0.31197 0 0 0 0 0 0 0 0 0 0 -4.408e-18 -0.054173 -0.30723 0.012933 -0.01749 0.003084 0 0
0 0 0.26412 0 0 0 0 0 0 0 0 0 0 -3.9489e-18 0.045864 0.26011 -0.014787 0.011147 -0.0019656 0 0
0 0 0.010208 0 0 0 0 0 0 0 0 0 0 -4.0277e-18 0.0017726 0.010053 -0.000513 0.00050008 -8.8177e-05 0 0
-0 -0 -0.30293 0 0 0 0 0 0 0 0 0 0 -3.9635e-18 -0.052603 -0.29833 0.012639 -0.016931 0.0029854 0 0
0 0 0.26447 0 0 0 0 0 0 0 0 0 0 1.0092e-17 0.045925 0.26046 -0.014809 0.011159 -0.0019677 0 0
0 0 0.29349 0 0 0 0 0 0 0 0 0 0 -3.9597e-18 0.050964 0.28903 -0.016603 0.012139 -0.0021405 0 0
-0 -0 -0.15158 0 0 0 0 0 0 0 0 0 0 -3.9181e-18 -0.026321 -0.14927 0.0069766 -0.0079997 0.0014106 0 0
-0 -0 -0.031894 0 0 0 0 0 0 0 0 0 0 9.8476e-18 -0.0055384 -0.03141 0.001569 -0.0015953 0.00028129 0 0
-0 -0 -0.33263 0 0 0 0 0 0 0 0 0 0 9.7192e-18 -0.057761 -0.32758 0.013586 -0.018778 0.003311 0 0
-0 -0 -0.30802 0 0 0 0 0 0 0 0 0 0 -4.4062e-18 -0.053487 -0.30334 0.012805 -0.017246 0.0030409 0 0
0 0 0.17824 0 0 0 0 0 0 0 0 0 0 -3.9239e-18 0.030952 0.17554 -0.0096572 0.0079502 -0.0014018 0 0
0 0 0.012764 0 0 0 0 0 0 0 0 0 0 -4.0278e-18 0.0022164 0.01257 -0.00064224 0.00062446 -0.00011011 0 0
0 0 0.33941 0 0 0 0 0 0 0 0 0 0 -4.4212e-18 0.058938 0.33425 -0.019499 0.013585 -0.0023953 0 0
0 0 0.27324 0 0 0 0 0 0 0 0 0 0 1.01e-17 0.047448 0.26909 -0.015348 0.011461 -0.0020209 0 0
0 0 0.29478 0 0 0 0 0 0 0 0 0 0 -3.9602e-18 0.051188 0.2903 -0.016683 0.012182 -0.002148 0 0
0 0 0.30918 0 0 0 0 0 0 0 0 0 0 9.6947e-18 0.053688 0.30448 -0.017585 0.012648 -0.0022302 0 0
0 0 0.17148 0 0 0 0 0 0 0 0 0 0 -3.9223e-18 0.029777 0.16887 -0.0092653 0.0076802 -0.0013542 0 0
0 0 0.27826 0 0 0 0 0 0 0 0 0 0 -3.954e-18 0.048319 0.27403 -0.015657 0.011631 -0.0020509 0 0
0 0 0.021576 0 0 0 0 0 0 0 0 0 0 9.8501e-18 0.0037467 0.021249 -0.0010904 0.0010509 -0.0001853 0 0
-0 -0 -0.16867 0 0 0 0 0 0 0 0 0 0 -3.9217e-18 -0.02929 -0.16611 0.0076841 -0.008965 0.0015808 0 0
-0 -0 -0.20006 0 0 0 0 0 0 0 0 0 0 -3.9293e-18 -0.034739 -0.19702 0.008939 -0.010767 0.0018986 0 0
0 0 0.076448 0 0 0 0 0 0 0 0 0 0 9.8759e-18 0.013275 0.075287 -0.0039647 0.0036169 -0.00063775 0 0
0 0 0.11981 0 0 0 0 0 0 0 0 0 0 -4.0212e-18 0.020805 0.11799 -0.0063347 0.0055324 -0.00097552 0 0
-0 -0 -0.32437 0 0 0 0 0 0 0 0 0 0 9.7104e-18 -0.056327 -0.31945 0.013328 -0.018262 0.00322 0 0
-0 -0 -0.31155 0 0 0 0 0 0 0 0 0 0 -4.4078e-18 -0.054101 -0.30682 0.01292 -0.017465 0.0030795 0 0
-0 -0 -0.013331 0 0 0 0 0 0 0 0 0 0 -4.0278e-18 -0.002315 -0.013129 0.0006621 -0.00066079 0.00011652 0 0
0 0 0.22179 0 0 0 0 0 0 0 0 0 0 -3.9353e-18 0.038514 0.21842 -0.012224 0.0096257 -0.0016973 0 0
-0 -0 -0.13226 0 0 0 0 0 0 0 0 0 0 9.8951e-18 -0.022966 -0.13025 0.006157 -0.0069235 0.0012208 0 0
-0 -0 -0.25557 0 0 0 0 0 0 0 0 0 0 -3.9459e-18 -0.044378 -0.25168 0.011016 -0.014047 0.0024768 0 0
0 0 0.24059 0 0 0 0 0 0 0 0 0 0 -3.941e-18 0.041778 0.23693 -0.013354 0.010314 -0.0018187 0 0
-0 -0 -0.064517 0 0 0 0 0 0 0 0 0 0 9.846e-18 -0.011203 -0.063537 0.0031196 -0.0032771 0.00057784 0 0
0 0 0.18397 0 0 0 0 0 0 0 0 0 0 -3.9252e-18 0.031947 0.18118 -0.0099906 0.008177 -0.0014418 0 0
-0 -0 -0.15573 0 0 0 0 0 0 0 0 0 0 -3.9189e-18 -0.027042 -0.15336 0.0071499 -0.008233 0.0014517 0 0
-0 -0 -0.25119 0 0 0 0 0 0 0 0 0 0 -3.9445e-18 -0.043618 -0.24737 0.010859 -0.013784 0.0024305 0 0
-0 -0 -0.15477 0 0 0 0 0 0 0 0 0 0 -3.9188e-18 -0.026876 -0.15242 0.0071101 -0.0081792 0.0014422 0 0
-0 -0 -0.057667 0 0 0 0 0 0 0 0 0 0 -4.0409e-18 -0.010014 -0.056791 0.0027986 -0.0029198 0.00051484 0 0
0 0 0.29079 0 0 0 0 0 0 0 0 0 0 -3.9587e-18 0.050496 0.28638 -0.016435 0.012051 -0.0021248 0 0
0 0 0.28026 0 0 0 0 0 0 0 0 0 0 1.0106e-17 0.048666 0.276 -0.015781 0.011699 -0.0020628 0 0
0 0 0.25949 0 0 0 0 0 0 0 0 0 0 1.0087e-17 0.045059 0.25554 -0.014503 0.010986 -0.0019371 0 0
0 0 0.21482 0 0 0 0 0 0 0 0 0 0 1.0052e-17 0.037304 0.21156 -0.011808 0.009365 -0.0016513 0 0
0 0 0.045541 0 0 0 0 0 0 0 0 0 0 9.8561e-18 0.0079081 0.044849 -0.0023281 0.0021906 -0.00038627 0 0
0 0 0.12603 0 0 0 0 0 0 0 0 0 0 -4.0222e-18 0.021885 0.12411 -0.0066813 0.0057987 -0.0010225 0 0
-0 -0 -0.10033 0 0 0 0 0 0 0 0 0 0 -4.0183e-18 -0.017422 -0.098804 0.0047565 -0.0051795 0.00091329 0 0
-0 -0 -0.16205 0 0 0 0 0 0 0 0 0 0 -3.9203e-18 -0.02814 -0.15959 0.0074121 -0.0085898 0.0015146 0 0
-0 -0 -0.32025 0 0 0 0 0 0 0 0 0 0 -4.4118e-18 -0.055611 -0.31539 0.013198 -0.018005 0.0031747 0 0
0 0 0.010592 0 0 0 0 0 0 0 0 0 0 -4.0277e-18 0.0018393 0.010431 -0.00053239 0.00051878 -9.1475e-05 0 0
-0 -0 -0.24974 0 0 0 0 0 0 0 0 0 0 -3.944e-18 -0.043367 -0.24595 0.010807 -0.013698 0.0024153 0 0
