0 0 0.18397 0 0 0 0 0 0 0 0 0 0 0.0055334 0.0313 0.18121 -0.026651 0.0069963 -0.00039467 0 0
-0 -0 -0.30211 0 0 0 0 0 0 0 0 0 0 -0.0090866 -0.0514 -0.29757 0.039634 -0.021469 0.0024982 0 0
-0 -0 -0.011717 0 0 0 0 0 0 0 0 0 0 -0.0003524 -0.0019934 -0.01154 0.0016482 -0.00060753 5.461e-05 0 0
-0 -0 -0.2938 0 0 0 0 0 0 0 0 0 0 -0.0088365 -0.049985 -0.28938 0.038638 -0.020725 0.0024 0 0
-0 -0 -0.21798 0 0 0 0 0 0 0 0 0 0 -0.0065563 -0.037087 -0.21471 0.02928 -0.014321 0.0015796 0 0
0 0 0.25118 0 0 0 0 0 0 0 0 0 0 0.0075549 0.042735 0.24741 -0.036642 0.008333 -0.00032049 0 0
0 0 0.29879 0 0 0 0 0 0 0 0 0 0 0.0089866 0.050834 0.29429 -0.043759 0.0088783 -0.00019733 0 0
-0 -0 -0.18825 0 0 0 0 0 0 0 0 0 0 -0.0056619 -0.032027 -0.18541 0.02548 -0.012002 0.0012951 0 0
0 0 0.31683 0 0 0 0 0 0 0 0 0 0 0.0095294 0.053905 0.31207 -0.046463 0.0089976 -0.00013539 0 0
-0 -0 -0.10187 0 0 0 0 0 0 0 0 0 0 -0.0030639 -0.017331 -0.10034 0.014071 -0.0059095 0.00059108 0 0
-0 -0 -0.17017 0 0 0 0 0 0 0 0 0 0 -0.0051182 -0.028952 -0.16761 0.023137 -0.010647 0.0011327 0 0
-0 -0 -0.23368 0 0 0 0 0 0 0 0 0 0 -0.0070285 -0.039758 -0.23017 0.031257 -0.015589 0.0017383 0 0
0 0 0.14352 0 0 0 0 0 0 0 0 0 0 0.0043167 0.024418 0.14136 -0.020688 0.005874 -0.0003829 0 0
0 0 0.28087 0 0 0 0 0 0 0 0 0 0 0.0084478 0.047786 0.27665 -0.041078 0.0087123 -0.00025054 0 0
0 0 0.30702 0 0 0 0 0 0 0 0 0 0 0.0092344 0.052236 0.30241 -0.044993 0.0089387 -0.00017009 0 0
-0 -0 -0.26832 0 0 0 0 0 0 0 0 0 0 -0.0080704 -0.045652 -0.26429 0.035549 -0.018496 0.0021093 0 0
-0 -0 -0.28605 0 0 0 0 0 0 0 0 0 0 -0.0086036 -0.048668 -0.28175 0.037705 -0.020039 0.00231 0 0
-0 -0 -0.034334 0 0 0 0 0 0 0 0 0 0 -0.0010327 -0.0058414 -0.033817 0.0048092 -0.0018338 0.00016991 0 0
-0 -0 -0.13777 0 0 0 0 0 0 0 0 0 0 -0.0041437 -0.023439 -0.1357 0.018877 -0.008324 0.0008614 0 0
-0 -0 -0.13878 0 0 0 0 0 0 0 0 0 0 -0.0041742 -0.023612 -0.1367 0.019012 -0.0083947 0.0008695 0 0
0 0 0.22085 0 0 0 0 0 0 0 0 0 0 0.0066426 0.037575 0.21753 -0.032122 0.0078117 -0.00036845 0 0
-0 -0 -0.25466 0 0 0 0 0 0 0 0 0 0 -0.0076595 -0.043327 -0.25083 0.033869 -0.017332 0.0019596 0 0
0 0 0.016266 0 0 0 0 0 0 0 0 0 0 0.00048922 0.0027674 0.016021 -0.0022997 0.00081182 -7.0004e-05 0 0
-0 -0 -0.15649 0 0 0 0 0 0 0 0 0 0 -0.0047068 -0.026625 -0.15414 0.021348 -0.0096499 0.001015 0 0
-0 -0 -0.18164 0 0 0 0 0 0 0 0 0 0 -0.0054632 -0.030903 -0.17891 0.024627 -0.011502 0.0012348 0 0
0 0 0.28621 0 0 0 0 0 0 0 0 0 0 0.0086083 0.048694 0.2819 -0.041876 0.0087667 -0.00023555 0 0
0 0 0.06433 0 0 0 0 0 0 0 0 0 0 0.0019348 0.010945 0.063362 -0.0091683 0.0029942 -0.00023724 0 0
-0 -0 -0.087651 0 0 0 0 0 0 0 0 0 0 -0.0026363 -0.014913 -0.086333 0.012145 -0.0050006 0.00049291 0 0
0 0 0.19307 0 0 0 0 0 0 0 0 0 0 0.0058069 0.032848 0.19016 -0.027998 0.0072158 -0.00039147 0 0
-0 -0 -0.092101 0 0 0 0 0 0 0 0 0 0 -0.0027701 -0.01567 -0.090715 0.012749 -0.0052822 0.00052309 0 0
0 0 0.27759 0 0 0 0 0 0 0 0 0 0 0.0083491 0.047228 0.27342 -0.040587 0.0086767 -0.00025938 0 0
0 0 0.078514 0 0 0 0 0 0 0 0 0 0 0.0023615 0.013358 0.077334 -0.011215 0.003576 -0.00027524 0 0
-0 -0 -0.053325 0 0 0 0 0 0 0 0 0 0 -0.0016039 -0.0090725 -0.052523 0.0074415 -0.0029176 0.00027674 0 0
0 0 0.1482 0 0 0 0 0 0 0 0 0 0 0.0044573 0.025214 0.14597 -0.021375 0.0060159 -0.00038642 0 0
-0 -0 -0.29773 0 0 0 0 0 0 0 0 0 0 -0.0089547 -0.050654 -0.29325 0.03911 -0.021076 0.0024462 0 0
0 0 0.045661 0 0 0 0 0 0 0 0 0 0 0.0013733 0.0077685 0.044974 -0.0064881 0.0021852 -0.00017933 0 0
0 0 0.28554 0 0 0 0 0 0 0 0 0 0 0.0085881 0.04858 0.28124 -0.041776 0.0087601 -0.00023748 0 0
-0 -0 -0.20651 0 0 0 0 0 0 0 0 0 0 -0.0062111 -0.035134 -0.2034 0.027822 -0.013413 0.0014673 0 0
0 0 0.23221 0 0 0 0 0 0 0 0 0 0 0.0069843 0.039508 0.22872 -0.033813 0.0080228 -0.00035327 0 0
0 0 0.3131 0 0 0 0 0 0 0 0 0 0 0.0094171 0.053269 0.30839 -0.045903 0.0089769 -0.00014889 0 0
0 0 0.1816 0 0 0 0 0 0 0 0 0 0 0.005462 0.030897 0.17887 -0.0263 0.006937 -0.00039515 0 0
0 0 0.21754 0 0 0 0 0 0 0 0 0 0 0.006543 0.037012 0.21427 -0.03163 0.0077466 -0.00037224 0 0
-0 -0 -0.26674 0 0 0 0 0 0 0 0 0 0 -0.0080228 -0.045382 -0.26273 0.035355 -0.01836 0.0020917 0 0
-0 -0 -0.34295 0 0 0 0 0 0 0 0 0 0 -0.010315 -0.058348 -0.33779 0.044433 -0.025241 0.0030032 0 0
0 0 0.0042018 0 0 0 0 0 0 0 0 0 0 0.00012638 0.00071489 0.0041387 -0.00059281 0.00021324 -1.8732e-05 0 0
-0 -0 -0.34066 0 0 0 0 0 0 0 0 0 0 -0.010246 -0.057959 -0.33554 0.044169 -0.025025 0.0029739 0 0
0 0 0.14528 0 0 0 0 0 0 0 0 0 0 0.0043696 0.024717 0.14309 -0.020947 0.0059278 -0.00038429 0 0
0 0 0.25761 0 0 0 0 0 0 0 0 0 0 0.007748 0.043828 0.25373 -0.0376 0.008426 -0.00030729 0 0
0 0 0.19548 0 0 0 0 0 0 0 0 0 0 0.0058794 0.033258 0.19254 -0.028355 0.007272 -0.00039027 0 0
-0 -0 -0.34118 0 0 0 0 0 0 0 0 0 0 -0.010262 -0.058047 -0.33605 0.044229 -0.025074 0.0029806 0 0
0 0 0.20716 0 0 0 0 0 0 0 0 0 0 0.0062309 0.035246 0.20405 -0.030088 0.0075323 -0.00038229 0 0
-0 -0 -0.10018 0 0 0 0 0 0 0 0 0 0 -0.0030131 -0.017044 -0.098673 0.013843 -0.0058002 0.00057916 0 0
0 0 0.2447 0 0 0 0 0 0 0 0 0 0 0.0073598 0.041632 0.24102 -0.035674 0.0082329 -0.00033275 0 0
-0 -0 -0.22401 0 0 0 0 0 0 0 0 0 0 -0.0067375 -0.038112 -0.22064 0.030041 -0.014804 0.0016398 0 0
-0 -0 -0.0047991 0 0 0 0 0 0 0 0 0 0 -0.00014434 -0.0008165 -0.0047269 0.00067597 -0.00024655 2.1945e-05 0 0
0 0 0.0927 0 0 0 0 0 0 0 0 0 0 0.0027881 0.015772 0.091306 -0.013269 0.0041291 -0.00030805 0 0
0 0 0.27967 0 0 0 0 0 0 0 0 0 0 0.0084116 0.047582 0.27546 -0.040898 0.0086994 -0.00025381 0 0
-0 -0 -0.28533 0 0 0 0 0 0 0 0 0 0 -0.0085819 -0.048545 -0.28104 0.037618 -0.019975 0.0023017 0 0
0 0 0.34888 0 0 0 0 0 0 0 0 0 0 0.010493 0.059356 0.34363 -0.051266 0.009091 -4.8308e-06 0 0
0 0 0.17502 0 0 0 0 0 0 0 0 0 0 0.0052642 0.029778 0.17239 -0.025328 0.0067685 -0.00039571 0 0
0 0 0.13854 0 0 0 0 0 0 0 0 0 0 0.004167 0.023571 0.13646 -0.019958 0.0057196 -0.00037852 0 0
-0 -0 -0.2158 0 0 0 0 0 0 0 0 0 0 -0.0064907 -0.036716 -0.21256 0.029004 -0.014147 0.001558 0 0
0 0 0.25398 0 0 0 0 0 0 0 0 0 0 0.0076388 0.04321 0.25016 -0.037058 0.0083742 -0.00031488 0 0
0 0 0.24971 0 0 0 0 0 0 0 0 0 0 0.0075105 0.042485 0.24595 -0.036422 0.0083108 -0.00032337 0 0
0 0 0.17293 0 0 0 0 0 0 0 0 0 0 0.0052012 0.029421 0.17033 -0.025019 0.0067134 -0.00039566 0 0
0 0 0.26506 0 0 0 0 0 0 0 0 0 0 0.0079722 0.045096 0.26107 -0.038714 0.0085264 -0.00029063 0 0
0 0 0.11264 0 0 0 0 0 0 0 0 0 0 0.003388 0.019165 0.11095 -0.01617 0.0048581 -0.00034538 0 0
-0 -0 -0.24288 0 0 0 0 0 0 0 0 0 0 -0.0073053 -0.041323 -0.23923 0.032407 -0.016347 0.0018341 0 0
-0 -0 -0.31327 0 0 0 0 0 0 0 0 0 0 -0.0094224 -0.053299 -0.30856 0.040961 -0.022481 0.0026324 0 0
-0 -0 -0.040635 0 0 0 0 0 0 0 0 0 0 -0.0012222 -0.0069135 -0.040024 0.0056849 -0.002188 0.00020434 0 0
-0 -0 -0.0035848 0 0 0 0 0 0 0 0 0 0 -0.00010782 -0.0006099 -0.0035309 0.00050504 -0.00018386 1.6337e-05 0 0
0 0 0.13123 0 0 0 0 0 0 0 0 0 0 0.0039472 0.022328 0.12926 -0.018887 0.0054863 -0.00037093 0 0
0 0 0.19373 0 0 0 0 0 0 0 0 0 0 0.0058267 0.03296 0.19081 -0.028095 0.0072312 -0.00039116 0 0
0 0 0.23219 0 0 0 0 0 0 0 0 0 0 0.0069836 0.039504 0.2287 -0.03381 0.0080223 -0.00035331 0 0
0 0 0.058289 0 0 0 0 0 0 0 0 0 0 0.0017532 0.0099171 0.057413 -0.0082995 0.0027379 -0.00021948 0 0
-0 -0 -0.024268 0 0 0 0 0 0 0 0 0 0 -0.0007299 -0.0041288 -0.023903 0.0034058 -0.0012794 0.00011699 0 0
-0 -0 -0.3228 0 0 0 0 0 0 0 0 0 0 -0.009709 -0.054921 -0.31795 0.042085 -0.023357 0.0027493 0 0
-0 -0 -0.08326 0 0 0 0 0 0 0 0 0 0 -0.0025042 -0.014166 -0.082008 0.011547 -0.0047253 0.00046361 0 0
0 0 0.23606 0 0 0 0 0 0 0 0 0 0 0.0071 0.040162 0.23251 -0.034386 0.0080899 -0.00034738 0 0
0 0 0.18962 0 0 0 0 0 0 0 0 0 0 0.0057031 0.032261 0.18676 -0.027486 0.0071339 -0.00039294 0 0
-0 -0 -0.026891 0 0 0 0 0 0 0 0 0 0 -0.0008088 -0.0045751 -0.026487 0.0037721 -0.0014225 0.00013053 0 0
0 0 0.277 0 0 0 0 0 0 0 0 0 0 0.0083314 0.047128 0.27284 -0.040499 0.0086702 -0.00026095 0 0
-0 -0 -0.27121 0 0 0 0 0 0 0 0 0 0 -0.0081573 -0.046143 -0.26714 0.035902 -0.018745 0.0021415 0 0
-0 -0 -0.24509 0 0 0 0 0 0 0 0 0 0 -0.0073716 -0.041699 -0.2414 0.032682 -0.01653 0.0018574 0 0
-0 -0 -0.12348 0 0 0 0 0 0 0 0 0 0 -0.003714 -0.021009 -0.12163 0.016976 -0.007343 0.00075002 0 0
0 0 0.28166 0 0 0 0 0 0 0 0 0 0 0.0084714 0.04792 0.27742 -0.041195 0.0087205 -0.00024838 0 0
0 0 0.34085 0 0 0 0 0 0 0 0 0 0 0.010252 0.057991 0.33573 -0.050064 0.0090818 -3.9982e-05 0 0
0 0 0.32854 0 0 0 0 0 0 0 0 0 0 0.0098816 0.055897 0.3236 -0.048218 0.0090493 -9.0725e-05 0 0
-0 -0 -0.25672 0 0 0 0 0 0 0 0 0 0 -0.0077215 -0.043678 -0.25286 0.034123 -0.017506 0.0019819 0 0
0 0 0.042101 0 0 0 0 0 0 0 0 0 0 0.0012663 0.0071629 0.041468 -0.0059788 0.0020253 -0.00016727 0 0
-0 -0 -0.31076 0 0 0 0 0 0 0 0 0 0 -0.0093469 -0.052872 -0.30609 0.040664 -0.022252 0.002602 0 0
-0 -0 -0.086297 0 0 0 0 0 0 0 0 0 0 -0.0025956 -0.014682 -0.084999 0.011961 -0.0049154 0.00048382 0 0
0 0 0.13495 0 0 0 0 0 0 0 0 0 0 0.004059 0.02296 0.13292 -0.019432 0.0056059 -0.00037496 0 0
-0 -0 -0.11625 0 0 0 0 0 0 0 0 0 0 -0.0034964 -0.019778 -0.1145 0.016007 -0.0068564 0.00069553 0 0
0 0 0.22055 0 0 0 0 0 0 0 0 0 0 0.0066334 0.037523 0.21723 -0.032077 0.0078057 -0.00036881 0 0
-0 -0 -0.3161 0 0 0 0 0 0 0 0 0 0 -0.0095075 -0.053781 -0.31135 0.041296 -0.02274 0.0026669 0 0
-0 -0 -0.052878 0 0 0 0 0 0 0 0 0 0 -0.0015904 -0.0089965 -0.052083 0.0073798 -0.0028916 0.00027412 0 0
0 0 0.11051 0 0 0 0 0 0 0 0 0 0 0.0033239 0.018802 0.10885 -0.015859 0.0047829 -0.00034189 0 0
0 0 0.060466 0 0 0 0 0 0 0 0 0 0 0.0018186 0.010287 0.059557 -0.0086124 0.0028308 -0.00022599 0 0
0 0 0.0076942 0 0 0 0 0 0 0 0 0 0 0.00023142 0.0013091 0.0075785 -0.0010862 0.00038861 -3.3957e-05 0 0
