0 0 0 0.033333 0 0 0 0 0 0 0 0.031328 -0.011342 0.0010026 0 0
0 0 0 0.15104 0 0 0 0 0 0 0 0.14195 -0.051393 0.0045427 0 0
0 0 0 0.006738 0 0 0 0 0 0 0 0.0063327 -0.0022928 0.00020266 0 0
-0 -0 -0 0.081794 0 0 0 0 0 0 0 0.076874 -0.027832 0.0024601 0 0
0 0 0 0.048682 0 0 0 0 0 0 0 0.045754 -0.016565 0.0014642 0 0
0 0 0 0.07701 0 0 0 0 0 0 0 0.072378 -0.026204 0.0023162 0 0
0 0 0 0.14229 0 0 0 0 0 0 0 0.13373 -0.048418 0.0042798 0 0
-0 -0 -0 0.1138 0 0 0 0 0 0 0 0.10696 -0.038724 0.0034229 0 0
0 0 0 0.1892 0 0 0 0 0 0 0 0.17782 -0.064381 0.0056907 0 0
-0 -0 -0 0.02507 0 0 0 0 0 0 0 0.023562 -0.0085305 0.00075402 0 0
0 0 0 0.12652 0 0 0 0 0 0 0 0.11891 -0.043053 0.0038055 0 0
0 0 0 0.1967 0 0 0 0 0 0 0 0.18487 -0.066931 0.0059162 0 0
0 0 0 0.11959 0 0 0 0 0 0 0 0.1124 -0.040694 0.003597 0 0
-0 -0 -0 0.017962 0 0 0 0 0 0 0 0.016881 -0.0061119 0.00054023 0 0
-0 -0 -0 0.056668 0 0 0 0 0 0 0 0.053259 -0.019283 0.0017044 0 0
0 0 0 0.031514 0 0 0 0 0 0 0 0.029618 -0.010723 0.00094785 0 0
0 0 0 0.1749 0 0 0 0 0 0 0 0.16438 -0.059515 0.0052606 0 0
-0 -0 -0 0.09894 0 0 0 0 0 0 0 0.092989 -0.033667 0.0029758 0 0
-0 -0 -0 0.099194 0 0 0 0 0 0 0 0.093228 -0.033753 0.0029835 0 0
0 0 0 0.16955 0 0 0 0 0 0 0 0.15935 -0.057694 0.0050996 0 0
-0 -0 -0 0.042584 0 0 0 0 0 0 0 0.040022 -0.01449 0.0012808 0 0
0 0 0 0.19181 0 0 0 0 0 0 0 0.18027 -0.065267 0.005769 0 0
0 0 0 0.037479 0 0 0 0 0 0 0 0.035224 -0.012753 0.0011272 0 0
0 0 0 0.11546 0 0 0 0 0 0 0 0.10851 -0.039287 0.0034726 0 0
-0 -0 -0 0.038449 0 0 0 0 0 0 0 0.036136 -0.013083 0.0011564 0 0
-0 -0 -0 0.1301 0 0 0 0 0 0 0 0.12227 -0.044268 0.0039129 0 0
-0 -0 -0 0.029677 0 0 0 0 0 0 0 0.027892 -0.010098 0.00089259 0 0
0 0 0 0.17619 0 0 0 0 0 0 0 0.16559 -0.059951 0.0052992 0 0
0 0 0 0.001199 0 0 0 0 0 0 0 0.0011269 -0.000408 3.6064e-05 0 0
0 0 0 0.12234 0 0 0 0 0 0 0 0.11498 -0.04163 0.0036798 0 0
0 0 0 0.030772 0 0 0 0 0 0 0 0.028921 -0.010471 0.00092552 0 0
0 0 0 0.070887 0 0 0 0 0 0 0 0.066623 -0.024121 0.0021321 0 0
0 0 0 0.096319 0 0 0 0 0 0 0 0.090525 -0.032775 0.002897 0 0
-0 -0 -0 0.095373 0 0 0 0 0 0 0 0.089636 -0.032453 0.0028685 0 0
0 0 0 0.021797 0 0 0 0 0 0 0 0.020486 -0.0074169 0.00065559 0 0
0 0 0 0.058779 0 0 0 0 0 0 0 0.055243 -0.020001 0.0017679 0 0
-0 -0 -0 0.07942 0 0 0 0 0 0 0 0.074642 -0.027024 0.0023887 0 0
-0 -0 -0 0.19254 0 0 0 0 0 0 0 0.18096 -0.065516 0.0057911 0 0
-0 -0 -0 0.10478 0 0 0 0 0 0 0 0.098475 -0.035653 0.0031514 0 0
-0 -0 -0 0.14216 0 0 0 0 0 0 0 0.13361 -0.048373 0.0042757 0 0
0 0 0 0.020389 0 0 0 0 0 0 0 0.019162 -0.0069378 0.00061324 0 0
-0 -0 -0 0.032985 0 0 0 0 0 0 0 0.031001 -0.011224 0.0009921 0 0
-0 -0 -0 0.19906 0 0 0 0 0 0 0 0.18708 -0.067733 0.005987 0 0
0 0 0 0.11745 0 0 0 0 0 0 0 0.11038 -0.039963 0.0035324 0 0
0 0 0 0.096069 0 0 0 0 0 0 0 0.09029 -0.032689 0.0028895 0 0
-0 -0 -0 0.11152 0 0 0 0 0 0 0 0.10481 -0.037945 0.003354 0 0
0 0 0 0.0072901 0 0 0 0 0 0 0 0.0068516 -0.0024806 0.00021926 0 0
0 0 0 0.12772 0 0 0 0 0 0 0 0.12003 -0.043458 0.0038413 0 0
-0 -0 -0 0.18878 0 0 0 0 0 0 0 0.17742 -0.064236 0.0056779 0 0
-0 -0 -0 0.049509 0 0 0 0 0 0 0 0.046531 -0.016847 0.0014891 0 0
-0 -0 -0 0.025788 0 0 0 0 0 0 0 0.024237 -0.0087749 0.00077562 0 0
-0 -0 -0 0.028542 0 0 0 0 0 0 0 0.026825 -0.009712 0.00085846 0 0
0 0 0 0.049363 0 0 0 0 0 0 0 0.046393 -0.016797 0.0014847 0 0
-0 -0 -0 0.090762 0 0 0 0 0 0 0 0.085303 -0.030884 0.0027299 0 0
-0 -0 -0 0.17471 0 0 0 0 0 0 0 0.1642 -0.059449 0.0052548 0 0
-0 -0 -0 0.032704 0 0 0 0 0 0 0 0.030737 -0.011128 0.00098365 0 0
0 0 0 0.014766 0 0 0 0 0 0 0 0.013878 -0.0050246 0.00044413 0 0
0 0 0 0.033498 0 0 0 0 0 0 0 0.031483 -0.011398 0.0010075 0 0
-0 -0 -0 0.070824 0 0 0 0 0 0 0 0.066564 -0.024099 0.0021302 0 0
0 0 0 0.067496 0 0 0 0 0 0 0 0.063436 -0.022967 0.0020301 0 0
0 0 0 0.15995 0 0 0 0 0 0 0 0.15033 -0.054426 0.0048108 0 0
-0 -0 -0 0.069737 0 0 0 0 0 0 0 0.065542 -0.023729 0.0020975 0 0
0 0 0 0.03761 0 0 0 0 0 0 0 0.035347 -0.012798 0.0011312 0 0
-0 -0 -0 0.19969 0 0 0 0 0 0 0 0.18768 -0.067949 0.0060061 0 0
-0 -0 -0 0.07827 0 0 0 0 0 0 0 0.073562 -0.026633 0.0023541 0 0
-0 -0 -0 0.086213 0 0 0 0 0 0 0 0.081027 -0.029336 0.002593 0 0
0 0 0 0.014709 0 0 0 0 0 0 0 0.013824 -0.0050049 0.00044239 0 0
0 0 0 0.16491 0 0 0 0 0 0 0 0.15499 -0.056113 0.0049599 0 0
0 0 0 0.16798 0 0 0 0 0 0 0 0.15787 -0.057157 0.0050522 0 0
0 0 0 0.087528 0 0 0 0 0 0 0 0.082263 -0.029783 0.0026326 0 0
0 0 0 0.19462 0 0 0 0 0 0 0 0.18292 -0.066225 0.0058537 0 0
0 0 0 0.011138 0 0 0 0 0 0 0 0.010468 -0.00379 0.00033501 0 0
-0 -0 -0 0.16841 0 0 0 0 0 0 0 0.15828 -0.057306 0.0050653 0 0
-0 -0 -0 0.15769 0 0 0 0 0 0 0 0.14821 -0.053659 0.004743 0 0
-0 -0 -0 0.03028 0 0 0 0 0 0 0 0.028459 -0.010304 0.00091075 0 0
-0 -0 -0 0.017032 0 0 0 0 0 0 0 0.016008 -0.0057956 0.00051228 0 0
-0 -0 -0 0.060934 0 0 0 0 0 0 0 0.057269 -0.020734 0.0018327 0 0
0 0 0 0.085427 0 0 0 0 0 0 0 0.080288 -0.029068 0.0025694 0 0
-0 -0 -0 0.066311 0 0 0 0 0 0 0 0.062322 -0.022564 0.0019944 0 0
-0 -0 -0 0.092466 0 0 0 0 0 0 0 0.086904 -0.031464 0.0027811 0 0
0 0 0 0.13588 0 0 0 0 0 0 0 0.12771 -0.046238 0.004087 0 0
0 0 0 0.020542 0 0 0 0 0 0 0 0.019306 -0.0069897 0.00061783 0 0
0 0 0 0.093591 0 0 0 0 0 0 0 0.087961 -0.031846 0.0028149 0 0
-0 -0 -0 0.030842 0 0 0 0 0 0 0 0.028987 -0.010495 0.00092763 0 0
0 0 0 0.13603 0 0 0 0 0 0 0 0.12785 -0.046288 0.0040914 0 0
-0 -0 -0 0.17064 0 0 0 0 0 0 0 0.16038 -0.058065 0.0051324 0 0
-0 -0 -0 0.063394 0 0 0 0 0 0 0 0.05958 -0.021571 0.0019067 0 0
-0 -0 -0 0.028629 0 0 0 0 0 0 0 0.026907 -0.0097416 0.00086108 0 0
0 0 0 0.093432 0 0 0 0 0 0 0 0.087812 -0.031792 0.0028102 0 0
-0 -0 -0 0.11931 0 0 0 0 0 0 0 0.11213 -0.040597 0.0035884 0 0
0 0 0 0.040117 0 0 0 0 0 0 0 0.037704 -0.013651 0.0012066 0 0
-0 -0 -0 0.041791 0 0 0 0 0 0 0 0.039277 -0.01422 0.001257 0 0
-0 -0 -0 0.01769 0 0 0 0 0 0 0 0.016626 -0.0060194 0.00053206 0 0
-0 -0 -0 0.055712 0 0 0 0 0 0 0 0.052361 -0.018957 0.0016757 0 0
-0 -0 -0 0.15518 0 0 0 0 0 0 0 0.14585 -0.052804 0.0046674 0 0
0 0 0 0.023641 0 0 0 0 0 0 0 0.022219 -0.0080442 0.00071104 0 0
-0 -0 -0 0.0336 0 0 0 0 0 0 0 0.031578 -0.011433 0.0010106 0 0
-0 -0 -0 0.03642 0 0 0 0 0 0 0 0.034229 -0.012393 0.0010954 0 0
-0 -0 -0 0.041439 0 0 0 0 0 0 0 0.038946 -0.0141 0.0012464 0 0
0 0 0 0.096411 0 0 0 0 0 0 0 0.090612 -0.032806 0.0028998 0 0
