0 0 0 0.18803 0 0 0 0 -0 -0 -0 0.16291 -0.093531 0.0083758 0 0
0 0 0 0.16722 0 0 0 0 -0 -0 -0 0.14487 -0.083177 0.0074486 0 0
-0 -0 -0 0.13861 0 0 0 0 -0 -0 -0 0.12008 -0.068945 0.0061741 0 0
0 0 0 0.11377 0 0 0 0 -0 -0 -0 0.098564 -0.05659 0.0050677 0 0
-0 -0 -0 0.091008 0 0 0 0 -0 -0 -0 0.078847 -0.045269 0.0040539 0 0
0 0 0 0.11593 0 0 0 0 -0 -0 -0 0.10044 -0.057665 0.0051639 0 0
-0 -0 -0 0.14331 0 0 0 0 -0 -0 -0 0.12416 -0.071286 0.0063837 0 0
0 0 0 0.18909 0 0 0 0 -0 -0 -0 0.16382 -0.094057 0.008423 0 0
-0 -0 -0 0.15087 0 0 0 0 -0 -0 -0 0.13071 -0.075044 0.0067203 0 0
0 0 0 0.15957 0 0 0 0 -0 -0 -0 0.13825 -0.079373 0.0071079 0 0
-0 -0 -0 0.080563 0 0 0 0 -0 -0 -0 0.069797 -0.040073 0.0035886 0 0
-0 -0 -0 0.15292 0 0 0 0 -0 -0 -0 0.13249 -0.076066 0.0068118 0 0
0 0 0 0.15038 0 0 0 0 -0 -0 -0 0.13028 -0.0748 0.0066984 0 0
0 0 0 0.11112 0 0 0 0 -0 -0 -0 0.096274 -0.055275 0.00495 0 0
-0 -0 -0 0.090958 0 0 0 0 -0 -0 -0 0.078803 -0.045244 0.0040517 0 0
0 0 0 0.14535 0 0 0 0 -0 -0 -0 0.12592 -0.072299 0.0064744 0 0
0 0 0 0.091771 0 0 0 0 -0 -0 -0 0.079507 -0.045648 0.0040879 0 0
0 0 0 0.031878 0 0 0 0 -0 -0 -0 0.027618 -0.015857 0.00142 0 0
0 0 0 0.086266 0 0 0 0 -0 -0 -0 0.074738 -0.04291 0.0038427 0 0
-0 -0 -0 0.11902 0 0 0 0 -0 -0 -0 0.10311 -0.0592 0.0053015 0 0
0 0 0 0.0043559 0 0 0 0 -0 -0 -0 0.0037738 -0.0021667 0.00019403 0 0
0 0 0 0.093201 0 0 0 0 -0 -0 -0 0.080746 -0.04636 0.0041516 0 0
0 0 0 0.11884 0 0 0 0 -0 -0 -0 0.10296 -0.059113 0.0052937 0 0
-0 -0 -0 0.05797 0 0 0 0 -0 -0 -0 0.050223 -0.028835 0.0025822 0 0
0 0 0 0.061811 0 0 0 0 -0 -0 -0 0.053551 -0.030746 0.0027533 0 0
0 0 0 0.012025 0 0 0 0 -0 -0 -0 0.010418 -0.0059815 0.00053565 0 0
0 0 0 0.019463 0 0 0 0 -0 -0 -0 0.016862 -0.0096812 0.00086697 0 0
-0 -0 -0 0.087554 0 0 0 0 -0 -0 -0 0.075854 -0.043551 0.0039 0 0
-0 -0 -0 0.18284 0 0 0 0 -0 -0 -0 0.15841 -0.090947 0.0081444 0 0
-0 -0 -0 0.12692 0 0 0 0 -0 -0 -0 0.10996 -0.063131 0.0056534 0 0
-0 -0 -0 0.095829 0 0 0 0 -0 -0 -0 0.083023 -0.047667 0.0042687 0 0
-0 -0 -0 0.018192 0 0 0 0 -0 -0 -0 0.015761 -0.0090488 0.00081033 0 0
-0 -0 -0 0.014012 0 0 0 0 -0 -0 -0 0.01214 -0.0069699 0.00062417 0 0
-0 -0 -0 0.12307 0 0 0 0 -0 -0 -0 0.10662 -0.061215 0.0054819 0 0
0 0 0 0.046497 0 0 0 0 -0 -0 -0 0.040283 -0.023128 0.0020712 0 0
-0 -0 -0 0.0046831 0 0 0 0 -0 -0 -0 0.0040573 -0.0023295 0.00020861 0 0
0 0 0 0.15979 0 0 0 0 -0 -0 -0 0.13844 -0.079484 0.0071179 0 0
-0 -0 -0 0.17561 0 0 0 0 -0 -0 -0 0.15214 -0.087352 0.0078225 0 0
-0 -0 -0 0.070032 0 0 0 0 -0 -0 -0 0.060673 -0.034835 0.0031195 0 0
0 0 0 0.11478 0 0 0 0 -0 -0 -0 0.099445 -0.057095 0.005113 0 0
-0 -0 -0 0.045519 0 0 0 0 -0 -0 -0 0.039436 -0.022642 0.0020276 0 0
-0 -0 -0 0.19829 0 0 0 0 -0 -0 -0 0.1718 -0.098635 0.0088329 0 0
0 0 0 0.010369 0 0 0 0 -0 -0 -0 0.0089829 -0.0051575 0.00046186 0 0
-0 -0 -0 0.024141 0 0 0 0 -0 -0 -0 0.020915 -0.012008 0.0010754 0 0
0 0 0 0.098508 0 0 0 0 -0 -0 -0 0.085344 -0.049 0.004388 0 0
-0 -0 -0 0.0037519 0 0 0 0 -0 -0 -0 0.0032505 -0.0018663 0.00016713 0 0
-0 -0 -0 0.11019 0 0 0 0 -0 -0 -0 0.095468 -0.054812 0.0049085 0 0
0 0 0 0.075249 0 0 0 0 -0 -0 -0 0.065194 -0.03743 0.0033519 0 0
0 0 0 0.19884 0 0 0 0 -0 -0 -0 0.17227 -0.098909 0.0088574 0 0
0 0 0 0.081834 0 0 0 0 -0 -0 -0 0.070898 -0.040706 0.0036452 0 0
-0 -0 -0 0.03865 0 0 0 0 -0 -0 -0 0.033485 -0.019225 0.0017217 0 0
-0 -0 -0 0.0072842 0 0 0 0 -0 -0 -0 0.0063108 -0.0036233 0.00032447 0 0
-0 -0 -0 0.17735 0 0 0 0 -0 -0 -0 0.15365 -0.088218 0.0079 0 0
-0 -0 -0 0.02953 0 0 0 0 -0 -0 -0 0.025584 -0.014689 0.0013154 0 0
-0 -0 -0 0.077573 0 0 0 0 -0 -0 -0 0.067207 -0.038586 0.0034555 0 0
0 0 0 0.033717 0 0 0 0 -0 -0 -0 0.029211 -0.016772 0.0015019 0 0
-0 -0 -0 0.12756 0 0 0 0 -0 -0 -0 0.11051 -0.06345 0.0056821 0 0
0 0 0 0.034084 0 0 0 0 -0 -0 -0 0.029529 -0.016954 0.0015182 0 0
-0 -0 -0 0.011875 0 0 0 0 -0 -0 -0 0.010288 -0.0059069 0.00052898 0 0
0 0 0 0.084942 0 0 0 0 -0 -0 -0 0.073591 -0.042251 0.0037837 0 0
-0 -0 -0 0.0080662 0 0 0 0 -0 -0 -0 0.0069883 -0.0040123 0.0003593 0 0
-0 -0 -0 0.089785 0 0 0 0 -0 -0 -0 0.077787 -0.044661 0.0039994 0 0
0 0 0 0.19888 0 0 0 0 -0 -0 -0 0.17231 -0.098928 0.0088591 0 0
-0 -0 -0 0.017416 0 0 0 0 -0 -0 -0 0.015089 -0.0086631 0.00077579 0 0
0 0 0 0.08255 0 0 0 0 -0 -0 -0 0.071519 -0.041062 0.0036772 0 0
-0 -0 -0 0.062034 0 0 0 0 -0 -0 -0 0.053744 -0.030857 0.0027632 0 0
0 0 0 0.097527 0 0 0 0 -0 -0 -0 0.084494 -0.048512 0.0043443 0 0
0 0 0 0.060891 0 0 0 0 -0 -0 -0 0.052754 -0.030288 0.0027123 0 0
-0 -0 -0 0.19041 0 0 0 0 -0 -0 -0 0.16496 -0.094711 0.0084815 0 0
-0 -0 -0 0.19709 0 0 0 0 -0 -0 -0 0.17075 -0.098034 0.0087791 0 0
0 0 0 0.14382 0 0 0 0 -0 -0 -0 0.1246 -0.071541 0.0064066 0 0
-0 -0 -0 0.1908 0 0 0 0 -0 -0 -0 0.1653 -0.094905 0.0084989 0 0
0 0 0 0.17767 0 0 0 0 -0 -0 -0 0.15393 -0.088377 0.0079143 0 0
0 0 0 0.035081 0 0 0 0 -0 -0 -0 0.030393 -0.01745 0.0015627 0 0
-0 -0 -0 0.011186 0 0 0 0 -0 -0 -0 0.0096909 -0.005564 0.00049826 0 0
-0 -0 -0 0.18576 0 0 0 0 -0 -0 -0 0.16094 -0.092402 0.0082747 0 0
0 0 0 0.15189 0 0 0 0 -0 -0 -0 0.13159 -0.075554 0.006766 0 0
-0 -0 -0 0.089111 0 0 0 0 -0 -0 -0 0.077203 -0.044326 0.0039694 0 0
0 0 0 0.070151 0 0 0 0 -0 -0 -0 0.060777 -0.034894 0.0031248 0 0
0 0 0 0.16042 0 0 0 0 -0 -0 -0 0.13899 -0.079798 0.007146 0 0
-0 -0 -0 0.056802 0 0 0 0 -0 -0 -0 0.049211 -0.028254 0.0025302 0 0
-0 -0 -0 0.11586 0 0 0 0 -0 -0 -0 0.10038 -0.057632 0.005161 0 0
0 0 0 0.16857 0 0 0 0 -0 -0 -0 0.14605 -0.083851 0.007509 0 0
-0 -0 -0 0.078163 0 0 0 0 -0 -0 -0 0.067718 -0.03888 0.0034817 0 0
-0 -0 -0 0.082939 0 0 0 0 -0 -0 -0 0.071856 -0.041256 0.0036945 0 0
-0 -0 -0 0.010688 0 0 0 0 -0 -0 -0 0.0092596 -0.0053163 0.00047609 0 0
0 0 0 0.099606 0 0 0 0 -0 -0 -0 0.086295 -0.049546 0.0044369 0 0
0 0 0 0.12006 0 0 0 0 -0 -0 -0 0.10401 -0.059718 0.0053478 0 0
0 0 0 0.16869 0 0 0 0 -0 -0 -0 0.14615 -0.083908 0.0075141 0 0
0 0 0 0.098771 0 0 0 0 -0 -0 -0 0.085572 -0.04913 0.0043997 0 0
-0 -0 -0 0.01764 0 0 0 0 -0 -0 -0 0.015283 -0.0087747 0.00078578 0 0
-0 -0 -0 0.031414 0 0 0 0 -0 -0 -0 0.027216 -0.015626 0.0013993 0 0
-0 -0 -0 0.18354 0 0 0 0 -0 -0 -0 0.15902 -0.091298 0.0081759 0 0
0 0 0 9.0085e-05 0 0 0 0 -0 -0 -0 7.8046e-05 -4.481e-05 4.0128e-06 0 0
0 0 0 0.041467 0 0 0 0 -0 -0 -0 0.035926 -0.020626 0.0018471 0 0
0 0 0 0.16356 0 0 0 0 -0 -0 -0 0.14171 -0.08136 0.0072859 0 0
-0 -0 -0 0.067074 0 0 0 0 -0 -0 -0 0.058111 -0.033364 0.0029878 0 0
0 0 0 0.13572 0 0 0 0 -0 -0 -0 0.11758 -0.067509 0.0060455 0 0
0 0 0 0.12438 0 0 0 0 -0 -0 -0 0.10776 -0.061868 0.0055404 0 0
0 0 0 0.19074 0 0 0 0 -0 -0 -0 0.16525 -0.094879 0.0084966 0 0
