-0 -0 -0 0.12223 0 0 0 0 0 0 0 0.12223 0 0 0 0
-0 -0 -0 0.15905 0 0 0 0 0 0 0 0.15905 0 0 0 0
0 0 0 0.096295 0 0 0 0 0 0 0 0.096295 0 0 0 0
-0 -0 -0 0.14494 0 0 0 0 0 0 0 0.14494 0 0 0 0
0 0 0 0.11024 0 0 0 0 0 0 0 0.11024 0 0 0 0
0 0 0 0.15239 0 0 0 0 0 0 0 0.15239 0 0 0 0
0 0 0 0.084618 0 0 0 0 0 0 0 0.084618 0 0 0 0
-0 -0 -0 0.066048 0 0 0 0 0 0 0 0.066048 0 0 0 0
-0 -0 -0 0.040644 0 0 0 0 0 0 0 0.040644 0 0 0 0
-0 -0 -0 0.14014 0 0 0 0 0 0 0 0.14014 0 0 0 0
0 0 0 0.019398 0 0 0 0 0 0 0 0.019398 0 0 0 0
0 0 0 0.18055 0 0 0 0 0 0 0 0.18055 0 0 0 0
-0 -0 -0 0.12208 0 0 0 0 0 0 0 0.12208 0 0 0 0
-0 -0 -0 0.11194 0 0 0 0 0 0 0 0.11194 0 0 0 0
0 0 0 0.15272 0 0 0 0 0 0 0 0.15272 0 0 0 0
0 0 0 0.077837 0 0 0 0 0 0 0 0.077837 0 0 0 0
0 0 0 0.12338 0 0 0 0 0 0 0 0.12338 0 0 0 0
0 0 0 0.039312 0 0 0 0 0 0 0 0.039312 0 0 0 0
0 0 0 0.047978 0 0 0 0 0 0 0 0.047978 0 0 0 0
0 0 0 0.070547 0 0 0 0 0 0 0 0.070547 0 0 0 0
0 0 0 0.021958 0 0 0 0 0 0 0 0.021958 0 0 0 0
-0 -0 -0 0.075412 0 0 0 0 0 0 0 0.075412 0 0 0 0
0 0 0 0.16016 0 0 0 0 0 0 0 0.16016 0 0 0 0
0 0 0 0.0065975 0 0 0 0 0 0 0 0.0065975 0 0 0 0
0 0 0 0.16473 0 0 0 0 0 0 0 0.16473 0 0 0 0
0 0 0 0.058293 0 0 0 0 0 0 0 0.058293 0 0 0 0
-0 -0 -0 0.038073 0 0 0 0 0 0 0 0.038073 0 0 0 0
-0 -0 -0 0.011705 0 0 0 0 0 0 0 0.011705 0 0 0 0
-0 -0 -0 0.033191 0 0 0 0 0 0 0 0.033191 0 0 0 0
-0 -0 -0 0.0057023 0 0 0 0 0 0 0 0.0057023 0 0 0 0
-0 -0 -0 0.16212 0 0 0 0 0 0 0 0.16212 0 0 0 0
-0 -0 -0 0.12511 0 0 0 0 0 0 0 0.12511 0 0 0 0
-0 -0 -0 0.10679 0 0 0 0 0 0 0 0.10679 0 0 0 0
0 0 0 0.08966 0 0 0 0 0 0 0 0.08966 0 0 0 0
-0 -0 -0 0.13164 0 0 0 0 0 0 0 0.13164 0 0 0 0
-0 -0 -0 0.095098 0 0 0 0 0 0 0 0.095098 0 0 0 0
0 0 0 0.088971 0 0 0 0 0 0 0 0.088971 0 0 0 0
0 0 0 0.13271 0 0 0 0 0 0 0 0.13271 0 0 0 0
0 0 0 0.087981 0 0 0 0 0 0 0 0.087981 0 0 0 0
-0 -0 -0 0.11202 0 0 0 0 0 0 0 0.11202 0 0 0 0
0 0 0 0.12129 0 0 0 0 0 0 0 0.12129 0 0 0 0
0 0 0 0.18174 0 0 0 0 0 0 0 0.18174 0 0 0 0
-0 -0 -0 0.075547 0 0 0 0 0 0 0 0.075547 0 0 0 0
-0 -0 -0 0.020171 0 0 0 0 0 0 0 0.020171 0 0 0 0
-0 -0 -0 0.17148 0 0 0 0 0 0 0 0.17148 0 0 0 0
0 0 0 0.12973 0 0 0 0 0 0 0 0.12973 0 0 0 0
0 0 0 0.12481 0 0 0 0 0 0 0 0.12481 0 0 0 0
0 0 0 0.1233 0 0 0 0 0 0 0 0.1233 0 0 0 0
-0 -0 -0 0.17325 0 0 0 0 0 0 0 0.17325 0 0 0 0
0 0 0 0.03626 0 0 0 0 0 0 0 0.03626 0 0 0 0
0 0 0 0.18183 0 0 0 0 0 0 0 0.18183 0 0 0 0
0 0 0 0.082082 0 0 0 0 0 0 0 0.082082 0 0 0 0
-0 -0 -0 0.076505 0 0 0 0 0 0 0 0.076505 0 0 0 0
0 0 0 0.17668 0 0 0 0 0 0 0 0.17668 0 0 0 0
0 0 0 0.15181 0 0 0 0 0 0 0 0.15181 0 0 0 0
0 0 0 0.14962 0 0 0 0 0 0 0 0.14962 0 0 0 0
0 0 0 0.13525 0 0 0 0 0 0 0 0.13525 0 0 0 0
-0 -0 -0 0.090754 0 0 0 0 0 0 0 0.090754 0 0 0 0
-0 -0 -0 0.18256 0 0 0 0 0 0 0 0.18256 0 0 0 0
-0 -0 -0 0.07631 0 0 0 0 0 0 0 0.07631 0 0 0 0
-0 -0 -0 0.18203 0 0 0 0 0 0 0 0.18203 0 0 0 0
-0 -0 -0 0.19531 0 0 0 0 0 0 0 0.19531 0 0 0 0
0 0 0 0.070529 0 0 0 0 0 0 0 0.070529 0 0 0 0
0 0 0 0.17303 0 0 0 0 0 0 0 0.17303 0 0 0 0
0 0 0 0.15598 0 0 0 0 0 0 0 0.15598 0 0 0 0
0 0 0 0.19355 0 0 0 0 0 0 0 0.19355 0 0 0 0
-0 -0 -0 0.14134 0 0 0 0 0 0 0 0.14134 0 0 0 0
-0 -0 -0 0.12513 0 0 0 0 0 0 0 0.12513 0 0 0 0
0 0 0 0.00036722 0 0 0 0 0 0 0 0.00036722 0 0 0 0
-0 -0 -0 0.13871 0 0 0 0 0 0 0 0.13871 0 0 0 0
0 0 0 0.11339 0 0 0 0 0 0 0 0.11339 0 0 0 0
-0 -0 -0 0.079301 0 0 0 0 0 0 0 0.079301 0 0 0 0
-0 -0 -0 0.04065 0 0 0 0 0 0 0 0.04065 0 0 0 0
-0 -0 -0 0.14404 0 0 0 0 0 0 0 0.14404 0 0 0 0
0 0 0 0.16053 0 0 0 0 0 0 0 0.16053 0 0 0 0
-0 -0 -0 0.13711 0 0 0 0 0 0 0 0.13711 0 0 0 0
0 0 0 0.18454 0 0 0 0 0 0 0 0.18454 0 0 0 0
0 0 0 0.015403 0 0 0 0 0 0 0 0.015403 0 0 0 0
-0 -0 -0 0.029687 0 0 0 0 0 0 0 0.029687 0 0 0 0
0 0 0 0.07431 0 0 0 0 0 0 0 0.07431 0 0 0 0
-0 -0 -0 0.067917 0 0 0 0 0 0 0 0.067917 0 0 0 0
-0 -0 -0 0.18156 0 0 0 0 0 0 0 0.18156 0 0 0 0
0 0 0 0.0060082 0 0 0 0 0 0 0 0.0060082 0 0 0 0
0 0 0 0.058561 0 0 0 0 0 0 0 0.058561 0 0 0 0
0 0 0 0.043191 0 0 0 0 0 0 0 0.043191 0 0 0 0
0 0 0 0.04396 0 0 0 0 0 0 0 0.04396 0 0 0 0
0 0 0 0.052056 0 0 0 0 0 0 0 0.052056 0 0 0 0
-0 -0 -0 0.19125 0 0 0 0 0 0 0 0.19125 0 0 0 0
0 0 0 0.15374 0 0 0 0 0 0 0 0.15374 0 0 0 0
0 0 0 0.051218 0 0 0 0 0 0 0 0.051218 0 0 0 0
0 0 0 0.10687 0 0 0 0 0 0 0 0.10687 0 0 0 0
0 0 0 0.094057 0 0 0 0 0 0 0 0.094057 0 0 0 0
-0 -0 -0 0.045078 0 0 0 0 0 0 0 0.045078 0 0 0 0
-0 -0 -0 0.063969 0 0 0 0 0 0 0 0.063969 0 0 0 0
-0 -0 -0 0.058965 0 0 0 0 0 0 0 0.058965 0 0 0 0
-0 -0 -0 0.049703 0 0 0 0 0 0 0 0.049703 0 0 0 0
-0 -0 -0 0.16571 0 0 0 0 0 0 0 0.16571 0 0 0 0
-0 -0 -0 0.059266 0 0 0 0 0 0 0 0.059266 0 0 0 0
-0 -0 -0 0.16267 0 0 0 0 0 0 0 0.16267 0 0 0 0
-0 -0 -0 0.18609 0 0 0 0 0 0 0 0.18609 0 0 0 0
