-0 -0 -0 0.17157 0 0 0 0 0 0 -0 0.16638 -0.026897 0.032083 0 0
-0 -0 -0 0.16798 0 0 0 0 0 0 -0 0.1629 -0.026334 0.031412 0 0
0 0 0 0.13359 0 0 0 0 0 0 -0 0.12955 -0.020943 0.024982 0 0
0 0 0 0.052727 0 0 0 0 0 0 -0 0.051133 -0.0082661 0.0098601 0 0
0 0 0 0.091798 0 0 0 0 0 0 -0 0.089023 -0.014391 0.017166 0 0
-0 -0 -0 0.092543 0 0 0 0 0 0 -0 0.089745 -0.014508 0.017306 0 0
-0 -0 -0 0.18026 0 0 0 0 0 0 -0 0.17481 -0.028259 0.033709 0 0
-0 -0 -0 0.16011 0 0 0 0 0 0 -0 0.15527 -0.025101 0.029941 0 0
-0 -0 -0 0.0099411 0 0 0 0 0 0 -0 0.0096406 -0.0015585 0.001859 0 0
-0 -0 -0 0.082237 0 0 0 0 0 0 -0 0.079751 -0.012892 0.015379 0 0
-0 -0 -0 0.052035 0 0 0 0 0 0 -0 0.050462 -0.0081576 0.0097306 0 0
-0 -0 -0 0.0819 0 0 0 0 0 0 -0 0.079424 -0.01284 0.015315 0 0
0 0 0 0.052691 0 0 0 0 0 0 -0 0.051099 -0.0082605 0.0098534 0 0
-0 -0 -0 0.061001 0 0 0 0 0 0 -0 0.059157 -0.0095632 0.011407 0 0
-0 -0 -0 0.019083 0 0 0 0 0 0 -0 0.018506 -0.0029916 0.0035685 0 0
0 0 0 0.052556 0 0 0 0 0 0 -0 0.050967 -0.0082392 0.009828 0 0
0 0 0 0.055622 0 0 0 0 0 0 -0 0.05394 -0.0087199 0.010401 0 0
0 0 0 0.13927 0 0 0 0 0 0 -0 0.13506 -0.021833 0.026043 0 0
-0 -0 -0 0.17377 0 0 0 0 0 0 -0 0.16852 -0.027243 0.032496 0 0
0 0 0 0.02067 0 0 0 0 0 0 -0 0.020046 -0.0032405 0.0038654 0 0
-0 -0 -0 0.088833 0 0 0 0 0 0 -0 0.086148 -0.013926 0.016612 0 0
0 0 0 0.16594 0 0 0 0 0 0 -0 0.16092 -0.026015 0.031031 0 0
-0 -0 -0 0.16939 0 0 0 0 0 0 -0 0.16427 -0.026555 0.031676 0 0
0 0 0 0.14002 0 0 0 0 0 0 -0 0.13579 -0.021951 0.026184 0 0
-0 -0 -0 0.021942 0 0 0 0 0 0 -0 0.021279 -0.0034399 0.0041032 0 0
0 0 0 0.16944 0 0 0 0 0 0 -0 0.16432 -0.026563 0.031685 0 0
0 0 0 0.0029345 0 0 0 0 0 0 -0 0.0028458 -0.00046005 0.00054876 0 0
0 0 0 0.090254 0 0 0 0 0 0 -0 0.087526 -0.014149 0.016878 0 0
0 0 0 0.17832 0 0 0 0 0 0 -0 0.17293 -0.027956 0.033347 0 0
0 0 0 0.091134 0 0 0 0 0 0 -0 0.088379 -0.014287 0.017042 0 0
-0 -0 -0 0.048612 0 0 0 0 0 0 -0 0.047142 -0.007621 0.0090905 0 0
-0 -0 -0 0.1336 0 0 0 0 0 0 -0 0.12956 -0.020944 0.024983 0 0
0 0 0 0.11461 0 0 0 0 0 0 -0 0.11115 -0.017968 0.021433 0 0
0 0 0 0.1914 0 0 0 0 0 0 -0 0.18561 -0.030006 0.035792 0 0
0 0 0 0.10389 0 0 0 0 0 0 -0 0.10075 -0.016287 0.019427 0 0
-0 -0 -0 0.091951 0 0 0 0 0 0 -0 0.089171 -0.014415 0.017195 0 0
-0 -0 -0 0.15983 0 0 0 0 0 0 -0 0.155 -0.025057 0.029889 0 0
0 0 0 0.073073 0 0 0 0 0 0 -0 0.070864 -0.011456 0.013665 0 0
0 0 0 0.078248 0 0 0 0 0 0 -0 0.075883 -0.012267 0.014633 0 0
0 0 0 0.13537 0 0 0 0 0 0 -0 0.13128 -0.021223 0.025315 0 0
-0 -0 -0 0.12335 0 0 0 0 0 0 -0 0.11963 -0.019339 0.023068 0 0
-0 -0 -0 0.1432 0 0 0 0 0 0 -0 0.13888 -0.02245 0.02678 0 0
-0 -0 -0 0.16011 0 0 0 0 0 0 -0 0.15527 -0.0251 0.02994 0 0
0 0 0 0.08863 0 0 0 0 0 0 -0 0.085951 -0.013895 0.016574 0 0
0 0 0 0.045899 0 0 0 0 0 0 -0 0.044512 -0.0071957 0.0085833 0 0
0 0 0 0.13194 0 0 0 0 0 0 -0 0.12795 -0.020685 0.024674 0 0
0 0 0 0.080272 0 0 0 0 0 0 -0 0.077845 -0.012584 0.015011 0 0
-0 -0 -0 0.087958 0 0 0 0 0 0 -0 0.085299 -0.013789 0.016448 0 0
-0 -0 -0 0.15482 0 0 0 0 0 0 -0 0.15013 -0.024271 0.028951 0 0
0 0 0 0.11035 0 0 0 0 0 0 -0 0.10701 -0.017299 0.020635 0 0
0 0 0 0.12395 0 0 0 0 0 0 -0 0.12021 -0.019432 0.02318 0 0
0 0 0 0.092901 0 0 0 0 0 0 -0 0.090093 -0.014564 0.017373 0 0
0 0 0 0.060035 0 0 0 0 0 0 -0 0.05822 -0.0094118 0.011227 0 0
0 0 0 0.16734 0 0 0 0 0 0 -0 0.16228 -0.026234 0.031293 0 0
0 0 0 0.18706 0 0 0 0 0 0 -0 0.18141 -0.029326 0.034981 0 0
0 0 0 0.18742 0 0 0 0 0 0 -0 0.18175 -0.029381 0.035047 0 0
-0 -0 -0 0.11879 0 0 0 0 0 0 -0 0.1152 -0.018624 0.022215 0 0
-0 -0 -0 0.0029313 0 0 0 0 0 0 -0 0.0028426 -0.00045954 0.00054815 0 0
0 0 0 0.031216 0 0 0 0 0 0 -0 0.030273 -0.0048938 0.0058375 0 0
0 0 0 0.07847 0 0 0 0 0 0 -0 0.076098 -0.012302 0.014674 0 0
0 0 0 0.19146 0 0 0 0 0 0 -0 0.18567 -0.030015 0.035803 0 0
-0 -0 -0 0.12465 0 0 0 0 0 0 -0 0.12088 -0.019542 0.02331 0 0
0 0 0 0.02545 0 0 0 0 0 0 -0 0.024681 -0.0039899 0.0047593 0 0
-0 -0 -0 0.078718 0 0 0 0 0 0 -0 0.076338 -0.012341 0.01472 0 0
0 0 0 0.11417 0 0 0 0 0 0 -0 0.11072 -0.017898 0.02135 0 0
-0 -0 -0 0.18494 0 0 0 0 0 0 -0 0.17935 -0.028994 0.034585 0 0
0 0 0 0.10925 0 0 0 0 0 0 -0 0.10595 -0.017127 0.02043 0 0
-0 -0 -0 0.19998 0 0 0 0 0 0 -0 0.19394 -0.031351 0.037397 0 0
-0 -0 -0 0.16882 0 0 0 0 0 0 -0 0.16372 -0.026467 0.03157 0 0
-0 -0 -0 0.015942 0 0 0 0 0 0 -0 0.01546 -0.0024993 0.0029813 0 0
-0 -0 -0 0.16604 0 0 0 0 0 0 -0 0.16102 -0.02603 0.031049 0 0
-0 -0 -0 0.17416 0 0 0 0 0 0 -0 0.1689 -0.027303 0.032568 0 0
-0 -0 -0 0.164 0 0 0 0 0 0 -0 0.15905 -0.025711 0.030669 0 0
-0 -0 -0 0.14203 0 0 0 0 0 0 -0 0.13773 -0.022266 0.026559 0 0
-0 -0 -0 0.13426 0 0 0 0 0 0 -0 0.1302 -0.021048 0.025107 0 0
0 0 0 0.11411 0 0 0 0 0 0 -0 0.11066 -0.01789 0.021339 0 0
0 0 0 0.13954 0 0 0 0 0 0 -0 0.13532 -0.021876 0.026094 0 0
0 0 0 0.14558 0 0 0 0 0 0 -0 0.14117 -0.022822 0.027223 0 0
-0 -0 -0 0.06807 0 0 0 0 0 0 -0 0.066012 -0.010671 0.012729 0 0
0 0 0 0.11737 0 0 0 0 0 0 -0 0.11383 -0.018401 0.021949 0 0
0 0 0 0.091547 0 0 0 0 0 0 -0 0.088779 -0.014352 0.017119 0 0
-0 -0 -0 0.041069 0 0 0 0 0 0 -0 0.039827 -0.0064384 0.00768 0 0
-0 -0 -0 0.13157 0 0 0 0 0 0 -0 0.12759 -0.020626 0.024604 0 0
-0 -0 -0 0.067128 0 0 0 0 0 0 -0 0.065099 -0.010524 0.012553 0 0
0 0 0 0.070705 0 0 0 0 0 0 -0 0.068567 -0.011084 0.013222 0 0
0 0 0 0.031231 0 0 0 0 0 0 -0 0.030287 -0.0048961 0.0058402 0 0
-0 -0 -0 0.012089 0 0 0 0 0 0 -0 0.011723 -0.0018951 0.0022606 0 0
-0 -0 -0 0.052096 0 0 0 0 0 0 -0 0.050521 -0.0081672 0.0097421 0 0
0 0 0 0.13789 0 0 0 0 0 0 -0 0.13372 -0.021618 0.025786 0 0
-0 -0 -0 0.080804 0 0 0 0 0 0 -0 0.078361 -0.012668 0.01511 0 0
-0 -0 -0 0.095841 0 0 0 0 0 0 -0 0.092944 -0.015025 0.017923 0 0
0 0 0 0.13102 0 0 0 0 0 0 -0 0.12706 -0.020541 0.024501 0 0
-0 -0 -0 0.061251 0 0 0 0 0 0 -0 0.059399 -0.0096024 0.011454 0 0
-0 -0 -0 0.058631 0 0 0 0 0 0 -0 0.056859 -0.0091917 0.010964 0 0
0 0 0 0.18792 0 0 0 0 0 0 -0 0.18224 -0.029461 0.035142 0 0
0 0 0 0.13372 0 0 0 0 0 0 -0 0.12967 -0.020963 0.025005 0 0
0 0 0 0.13655 0 0 0 0 0 0 -0 0.13243 -0.021408 0.025536 0 0
0 0 0 0.057737 0 0 0 0 0 0 -0 0.055991 -0.0090515 0.010797 0 0
0 0 0 0.025282 0 0 0 0 0 0 -0 0.024518 -0.0039635 0.0047278 0 0
0 0 0 0.11666 0 0 0 0 0 0 -0 0.11314 -0.018289 0.021816 0 0
