-0 -0 -0 0.13838 0 0 0 0 0 0 -0 0.13419 -0.021694 0.025877 0 0
-0 -0 -0 0.061943 0 0 0 0 0 0 -0 0.060071 -0.009711 0.011584 0 0
-0 -0 -0 0.060785 0 0 0 0 0 0 -0 0.058948 -0.0095294 0.011367 0 0
0 0 0 0.099633 0 0 0 0 0 0 -0 0.096621 -0.01562 0.018632 0 0
0 0 0 0.14046 0 0 0 0 0 0 -0 0.13621 -0.02202 0.026266 0 0
0 0 0 0.17769 0 0 0 0 0 0 -0 0.17232 -0.027857 0.033229 0 0
0 0 0 0.018717 0 0 0 0 0 0 -0 0.018151 -0.0029343 0.0035001 0 0
-0 -0 -0 0.077078 0 0 0 0 0 0 -0 0.074748 -0.012084 0.014414 0 0
0 0 0 0.065108 0 0 0 0 0 0 -0 0.06314 -0.010207 0.012175 0 0
0 0 0 0.089091 0 0 0 0 0 0 -0 0.086397 -0.013967 0.01666 0 0
0 0 0 0.024416 0 0 0 0 0 0 -0 0.023678 -0.0038277 0.0045658 0 0
-0 -0 -0 0.14355 0 0 0 0 0 0 -0 0.13921 -0.022505 0.026845 0 0
-0 -0 -0 0.10225 0 0 0 0 0 0 -0 0.09916 -0.01603 0.019121 0 0
-0 -0 -0 0.016549 0 0 0 0 0 0 -0 0.016048 -0.0025943 0.0030946 0 0
-0 -0 -0 0.006205 0 0 0 0 0 0 -0 0.0060174 -0.00097277 0.0011603 0 0
0 0 0 0.061863 0 0 0 0 0 0 -0 0.059992 -0.0096983 0.011568 0 0
0 0 0 0.10245 0 0 0 0 0 0 -0 0.099349 -0.016061 0.019158 0 0
-0 -0 -0 0.0036876 0 0 0 0 0 0 -0 0.0035761 -0.00057811 0.00068959 0 0
-0 -0 -0 0.13397 0 0 0 0 0 0 -0 0.12992 -0.021003 0.025053 0 0
0 0 0 0.05992 0 0 0 0 0 0 -0 0.058108 -0.0093937 0.011205 0 0
0 0 0 0.0077526 0 0 0 0 0 0 -0 0.0075183 -0.0012154 0.0014498 0 0
-0 -0 -0 0.12211 0 0 0 0 0 0 -0 0.11842 -0.019144 0.022836 0 0
-0 -0 -0 0.11622 0 0 0 0 0 0 -0 0.11271 -0.01822 0.021734 0 0
-0 -0 -0 0.1659 0 0 0 0 0 0 -0 0.16088 -0.026008 0.031024 0 0
-0 -0 -0 0.047236 0 0 0 0 0 0 -0 0.045808 -0.0074052 0.0088331 0 0
0 0 0 0.11663 0 0 0 0 0 0 -0 0.11311 -0.018285 0.021811 0 0
0 0 0 0.067234 0 0 0 0 0 0 -0 0.065201 -0.01054 0.012573 0 0
0 0 0 0.06323 0 0 0 0 0 0 -0 0.061319 -0.0099127 0.011824 0 0
0 0 0 0.13736 0 0 0 0 0 0 -0 0.13321 -0.021535 0.025687 0 0
0 0 0 0.17178 0 0 0 0 0 0 -0 0.16658 -0.02693 0.032123 0 0
-0 -0 -0 0.049323 0 0 0 0 0 0 -0 0.047832 -0.0077324 0.0092235 0 0
-0 -0 -0 0.092442 0 0 0 0 0 0 -0 0.089648 -0.014492 0.017287 0 0
0 0 0 0.099884 0 0 0 0 0 0 -0 0.096864 -0.015659 0.018679 0 0
-0 -0 -0 0.1705 0 0 0 0 0 0 -0 0.16534 -0.026729 0.031883 0 0
-0 -0 -0 0.11033 0 0 0 0 0 0 -0 0.10699 -0.017296 0.020631 0 0
-0 -0 -0 0.097081 0 0 0 0 0 0 -0 0.094146 -0.01522 0.018154 0 0
-0 -0 -0 0.054157 0 0 0 0 0 0 -0 0.05252 -0.0084903 0.010127 0 0
-0 -0 -0 0.17724 0 0 0 0 0 0 -0 0.17188 -0.027786 0.033144 0 0
0 0 0 0.013942 0 0 0 0 0 0 -0 0.013521 -0.0021858 0.0026073 0 0
0 0 0 0.17979 0 0 0 0 0 0 -0 0.17436 -0.028186 0.033621 0 0
-0 -0 -0 0.1811 0 0 0 0 0 0 -0 0.17563 -0.028392 0.033867 0 0
-0 -0 -0 0.16275 0 0 0 0 0 0 -0 0.15783 -0.025515 0.030435 0 0
0 0 0 0.11366 0 0 0 0 0 0 -0 0.11022 -0.017818 0.021254 0 0
-0 -0 -0 0.13335 0 0 0 0 0 0 -0 0.12932 -0.020905 0.024936 0 0
-0 -0 -0 0.16095 0 0 0 0 0 0 -0 0.15608 -0.025232 0.030097 0 0
-0 -0 -0 0.14323 0 0 0 0 0 0 -0 0.1389 -0.022454 0.026784 0 0
0 0 0 0.12939 0 0 0 0 0 0 -0 0.12548 -0.020285 0.024197 0 0
-0 -0 -0 0.086392 0 0 0 0 0 0 -0 0.083781 -0.013544 0.016156 0 0
0 0 0 0.033351 0 0 0 0 0 0 -0 0.032343 -0.0052286 0.0062368 0 0
-0 -0 -0 0.093457 0 0 0 0 0 0 -0 0.090632 -0.014651 0.017477 0 0
0 0 0 0.067616 0 0 0 0 0 0 -0 0.065572 -0.0106 0.012644 0 0
0 0 0 0.09924 0 0 0 0 0 0 -0 0.09624 -0.015558 0.018558 0 0
0 0 0 0.10984 0 0 0 0 0 0 -0 0.10652 -0.01722 0.020541 0 0
0 0 0 0.14238 0 0 0 0 0 0 -0 0.13807 -0.022321 0.026625 0 0
-0 -0 -0 0.19453 0 0 0 0 0 0 -0 0.18865 -0.030497 0.036377 0 0
0 0 0 0.036596 0 0 0 0 0 0 -0 0.035489 -0.0057371 0.0068434 0 0
-0 -0 -0 0.077404 0 0 0 0 0 0 -0 0.075064 -0.012135 0.014475 0 0
-0 -0 -0 0.051134 0 0 0 0 0 0 -0 0.049588 -0.0080164 0.0095622 0 0
0 0 0 0.0388 0 0 0 0 0 0 -0 0.037628 -0.0060828 0.0072558 0 0
0 0 0 0.051339 0 0 0 0 0 0 -0 0.049787 -0.0080486 0.0096006 0 0
-0 -0 -0 0.18681 0 0 0 0 0 0 -0 0.18116 -0.029286 0.034934 0 0
-0 -0 -0 0.010926 0 0 0 0 0 0 -0 0.010596 -0.0017129 0.0020433 0 0
-0 -0 -0 0.11147 0 0 0 0 0 0 -0 0.1081 -0.017475 0.020845 0 0
-0 -0 -0 0.19323 0 0 0 0 0 0 -0 0.18739 -0.030293 0.036135 0 0
-0 -0 -0 0.08906 0 0 0 0 0 0 -0 0.086367 -0.013962 0.016654 0 0
-0 -0 -0 0.005382 0 0 0 0 0 0 -0 0.0052193 -0.00084375 0.0010065 0 0
0 0 0 0.14757 0 0 0 0 0 0 -0 0.14311 -0.023135 0.027596 0 0
0 0 0 0.11723 0 0 0 0 0 0 -0 0.11369 -0.018378 0.021922 0 0
0 0 0 0.16483 0 0 0 0 0 0 -0 0.15985 -0.025841 0.030824 0 0
-0 -0 -0 0.15516 0 0 0 0 0 0 -0 0.15047 -0.024324 0.029015 0 0
0 0 0 0.18698 0 0 0 0 0 0 -0 0.18133 -0.029313 0.034965 0 0
0 0 0 0.18456 0 0 0 0 0 0 -0 0.17898 -0.028934 0.034514 0 0
-0 -0 -0 0.052668 0 0 0 0 0 0 -0 0.051076 -0.0082569 0.0098491 0 0
0 0 0 0.16808 0 0 0 0 0 0 -0 0.163 -0.02635 0.031431 0 0
-0 -0 -0 0.16981 0 0 0 0 0 0 -0 0.16468 -0.026622 0.031755 0 0
0 0 0 0.00045472 0 0 0 0 0 0 -0 0.00044097 -7.1287e-05 8.5033e-05 0 0
-0 -0 -0 0.071563 0 0 0 0 0 0 -0 0.069399 -0.011219 0.013382 0 0
-0 -0 -0 0.023391 0 0 0 0 0 0 -0 0.022684 -0.0036671 0.0043742 0 0
0 0 0 0.1977 0 0 0 0 0 0 -0 0.19173 -0.030994 0.036971 0 0
-0 -0 -0 0.0031167 0 0 0 0 0 0 -0 0.0030224 -0.0004886 0.00058282 0 0
-0 -0 -0 0.17477 0 0 0 0 0 0 -0 0.16948 -0.027399 0.032682 0 0
-0 -0 -0 0.047122 0 0 0 0 0 0 -0 0.045697 -0.0073873 0.0088118 0 0
-0 -0 -0 0.044814 0 0 0 0 0 0 -0 0.043459 -0.0070255 0.0083803 0 0
0 0 0 0.12714 0 0 0 0 0 0 -0 0.1233 -0.019933 0.023776 0 0
0 0 0 0.16579 0 0 0 0 0 0 -0 0.16077 -0.025991 0.031002 0 0
0 0 0 0.068015 0 0 0 0 0 0 -0 0.065959 -0.010663 0.012719 0 0
-0 -0 -0 0.0080547 0 0 0 0 0 0 -0 0.0078112 -0.0012628 0.0015063 0 0
-0 -0 -0 0.10329 0 0 0 0 0 0 -0 0.10016 -0.016192 0.019315 0 0
0 0 0 0.096136 0 0 0 0 0 0 -0 0.09323 -0.015071 0.017978 0 0
-0 -0 -0 0.030012 0 0 0 0 0 0 -0 0.029105 -0.0047051 0.0056124 0 0
0 0 0 0.14876 0 0 0 0 0 0 -0 0.14426 -0.023321 0.027818 0 0
0 0 0 0.13876 0 0 0 0 0 0 -0 0.13456 -0.021754 0.025948 0 0
-0 -0 -0 0.1216 0 0 0 0 0 0 -0 0.11793 -0.019064 0.02274 0 0
0 0 0 0.10433 0 0 0 0 0 0 -0 0.10117 -0.016356 0.01951 0 0
0 0 0 0.18716 0 0 0 0 0 0 -0 0.1815 -0.029342 0.035 0 0
0 0 0 0.027111 0 0 0 0 0 0 -0 0.026292 -0.0042503 0.0050699 0 0
-0 -0 -0 0.017138 0 0 0 0 0 0 -0 0.01662 -0.0026867 0.0032048 0 0
-0 -0 -0 0.047203 0 0 0 0 0 0 -0 0.045776 -0.0074 0.008827 0 0
-0 -0 -0 0.14828 0 0 0 0 0 0 -0 0.1438 -0.023246 0.027729 0 0
-0 -0 -0 0.1267 0 0 0 0 0 0 -0 0.12287 -0.019862 0.023693 0 0
