-0 -0 -0.21525 0 0 0 0 0 0 0 0 0 0 0.029977 -0.042892 -0.20879 0.014098 -0.01855 0.0058349 0 0
0 0 0.10598 0 0 0 0 0 0 0 0 0 0 -0.014759 0.021117 0.1028 -0.0083725 0.0078863 -0.0028221 0 0
0 0 0.27959 0 0 0 0 0 0 0 0 0 0 -0.038937 0.055713 0.27121 -0.023817 0.018728 -0.0072667 0 0
-0 -0 -0.056422 0 0 0 0 0 0 0 0 0 0 0.0078576 -0.011243 -0.05473 0.0040896 -0.0045541 0.0015227 0 0
-0 -0 -0.12424 0 0 0 0 0 0 0 0 0 0 0.017302 -0.024757 -0.12051 0.0086431 -0.010329 0.0033627 0 0
0 0 0.3103 0 0 0 0 0 0 0 0 0 0 -0.043213 0.061832 0.30099 -0.026744 0.020356 -0.0080213 0 0
-0 -0 -0.07295 0 0 0 0 0 0 0 0 0 0 0.010159 -0.014536 -0.070761 0.0052365 -0.005932 0.0019704 0 0
0 0 0.040246 0 0 0 0 0 0 0 0 0 0 -0.0056048 0.0080196 0.039038 -0.0030766 0.0031008 -0.0010787 0 0
0 0 0.13474 0 0 0 0 0 0 0 0 0 0 -0.018765 0.026849 0.1307 -0.010791 0.0098673 -0.0035763 0 0
-0 -0 -0.32384 0 0 0 0 0 0 0 0 0 0 0.0451 -0.06453 -0.31413 0.019568 -0.02898 0.0087626 0 0
-0 -0 -0.24112 0 0 0 0 0 0 0 0 0 0 0.033579 -0.048047 -0.23388 0.015506 -0.020977 0.0065356 0 0
-0 -0 -0.15706 0 0 0 0 0 0 0 0 0 0 0.021873 -0.031297 -0.15235 0.010699 -0.013234 0.0042548 0 0
0 0 0.023749 0 0 0 0 0 0 0 0 0 0 -0.0033074 0.0047323 0.023036 -0.0017998 0.001845 -0.00063742 0 0
0 0 0.035312 0 0 0 0 0 0 0 0 0 0 -0.0049177 0.0070365 0.034253 -0.0026925 0.0027275 -0.00094687 0 0
0 0 0.1419 0 0 0 0 0 0 0 0 0 0 -0.019761 0.028275 0.13764 -0.011402 0.010349 -0.003763 0 0
0 0 0.024538 0 0 0 0 0 0 0 0 0 0 -0.0034173 0.0048896 0.023802 -0.0018604 0.0019056 -0.00065856 0 0
-0 -0 -0.13709 0 0 0 0 0 0 0 0 0 0 0.019092 -0.027317 -0.13298 0.0094599 -0.011458 0.003712 0 0
-0 -0 -0.21957 0 0 0 0 0 0 0 0 0 0 0.030578 -0.043753 -0.21298 0.014338 -0.018953 0.005952 0 0
0 0 0.19698 0 0 0 0 0 0 0 0 0 0 -0.027433 0.039252 0.19107 -0.016222 0.013908 -0.005186 0 0
0 0 0.2613 0 0 0 0 0 0 0 0 0 0 -0.03639 0.052069 0.25347 -0.0221 0.017715 -0.0068122 0 0
0 0 0.30606 0 0 0 0 0 0 0 0 0 0 -0.042623 0.060986 0.29687 -0.026336 0.020136 -0.0079177 0 0
-0 -0 -0.089857 0 0 0 0 0 0 0 0 0 0 0.012514 -0.017905 -0.087162 0.0063852 -0.0073615 0.002429 0 0
0 0 0.18115 0 0 0 0 0 0 0 0 0 0 -0.025228 0.036098 0.17572 -0.014816 0.012913 -0.0047797 0 0
-0 -0 -0.021405 0 0 0 0 0 0 0 0 0 0 0.002981 -0.0042654 -0.020763 0.0015828 -0.0016999 0.00057645 0 0
0 0 0.18186 0 0 0 0 0 0 0 0 0 0 -0.025327 0.036239 0.17641 -0.014879 0.012958 -0.004798 0 0
-0 -0 -0.05717 0 0 0 0 0 0 0 0 0 0 0.0079618 -0.011392 -0.055455 0.004142 -0.004616 0.0015429 0 0
-0 -0 -0.1549 0 0 0 0 0 0 0 0 0 0 0.021572 -0.030867 -0.15026 0.010567 -0.013041 0.0041961 0 0
0 0 0.07954 0 0 0 0 0 0 0 0 0 0 -0.011077 0.01585 0.077154 -0.0062032 0.0060042 -0.002124 0 0
0 0 0.12241 0 0 0 0 0 0 0 0 0 0 -0.017047 0.024391 0.11873 -0.0097465 0.0090263 -0.0032536 0 0
0 0 0.055353 0 0 0 0 0 0 0 0 0 0 -0.0077087 0.01103 0.053692 -0.0042646 0.0042318 -0.0014816 0 0
0 0 0.30209 0 0 0 0 0 0 0 0 0 0 -0.04207 0.060196 0.29303 -0.025956 0.019929 -0.0078206 0 0
0 0 0.07732 0 0 0 0 0 0 0 0 0 0 -0.010768 0.015407 0.075 -0.0060234 0.0058435 -0.0020652 0 0
-0 -0 -0.075507 0 0 0 0 0 0 0 0 0 0 0.010515 -0.015046 -0.073242 0.0054118 -0.0061469 0.0020397 0 0
-0 -0 -0.079972 0 0 0 0 0 0 0 0 0 0 0.011137 -0.015936 -0.077573 0.0057166 -0.0065233 0.0021608 0 0
0 0 0.2411 0 0 0 0 0 0 0 0 0 0 -0.033577 0.048043 0.23387 -0.020226 0.016561 -0.0063059 0 0
0 0 0.078824 0 0 0 0 0 0 0 0 0 0 -0.010977 0.015707 0.076459 -0.0061452 0.0059524 -0.0021051 0 0
-0 -0 -0.2877 0 0 0 0 0 0 0 0 0 0 0.040066 -0.057328 -0.27907 0.017877 -0.02544 0.0077928 0 0
0 0 0.20767 0 0 0 0 0 0 0 0 0 0 -0.02892 0.041381 0.20144 -0.01718 0.014566 -0.0054589 0 0
0 0 0.10725 0 0 0 0 0 0 0 0 0 0 -0.014937 0.021372 0.10404 -0.0084787 0.0079758 -0.0028557 0 0
0 0 0.092346 0 0 0 0 0 0 0 0 0 0 -0.012861 0.018401 0.089576 -0.0072476 0.0069232 -0.0024628 0 0
0 0 0.20469 0 0 0 0 0 0 0 0 0 0 -0.028506 0.040788 0.19855 -0.016913 0.014384 -0.005383 0 0
-0 -0 -0.25373 0 0 0 0 0 0 0 0 0 0 0.035335 -0.05056 -0.24612 0.016169 -0.022174 0.0068766 0 0
-0 -0 -0.30258 0 0 0 0 0 0 0 0 0 0 0.042139 -0.060294 -0.29351 0.018589 -0.02689 0.0081929 0 0
-0 -0 -0.18154 0 0 0 0 0 0 0 0 0 0 0.025282 -0.036174 -0.17609 0.012168 -0.015445 0.0049199 0 0
0 0 0.056914 0 0 0 0 0 0 0 0 0 0 -0.0079261 0.011341 0.055207 -0.0043883 0.0043476 -0.0015232 0 0
0 0 0.25789 0 0 0 0 0 0 0 0 0 0 -0.035915 0.051389 0.25016 -0.021782 0.017523 -0.006727 0 0
-0 -0 -0.027203 0 0 0 0 0 0 0 0 0 0 0.0037884 -0.0054206 -0.026387 0.002005 -0.0021662 0.00073286 0 0
-0 -0 -0.008697 0 0 0 0 0 0 0 0 0 0 0.0012112 -0.001733 -0.008436 0.00064764 -0.00068648 0.00023401 0 0
-0 -0 -0.31648 0 0 0 0 0 0 0 0 0 0 0.044074 -0.063064 -0.30699 0.019234 -0.028254 0.0085656 0 0
-0 -0 -0.19688 0 0 0 0 0 0 0 0 0 0 0.027418 -0.039231 -0.19097 0.01306 -0.01685 0.0053364 0 0
-0 -0 -0.25924 0 0 0 0 0 0 0 0 0 0 0.036102 -0.051657 -0.25146 0.016454 -0.022699 0.0070254 0 0
-0 -0 -0.27938 0 0 0 0 0 0 0 0 0 0 0.038908 -0.055671 -0.271 0.017469 -0.024635 0.0075688 0 0
-0 -0 -0.16501 0 0 0 0 0 0 0 0 0 0 0.02298 -0.032881 -0.16006 0.011182 -0.013948 0.0044708 0 0
-0 -0 -0.24092 0 0 0 0 0 0 0 0 0 0 0.033552 -0.048007 -0.23369 0.015496 -0.020959 0.0065303 0 0
0 0 0.019433 0 0 0 0 0 0 0 0 0 0 -0.0027064 0.0038724 0.01885 -0.0014694 0.001513 -0.00052178 0 0
-0 -0 -0.080532 0 0 0 0 0 0 0 0 0 0 0.011215 -0.016047 -0.078116 0.0057547 -0.0065706 0.002176 0 0
0 0 0.19893 0 0 0 0 0 0 0 0 0 0 -0.027704 0.039641 0.19297 -0.016396 0.014029 -0.0052359 0 0
-0 -0 -0.15278 0 0 0 0 0 0 0 0 0 0 0.021277 -0.030445 -0.1482 0.010437 -0.012852 0.0041385 0 0
-0 -0 -0.058928 0 0 0 0 0 0 0 0 0 0 0.0082065 -0.011742 -0.05716 0.004265 -0.0047617 0.0015905 0 0
0 0 0.33367 0 0 0 0 0 0 0 0 0 0 -0.046468 0.066489 0.32366 -0.029006 0.021534 -0.0085882 0 0
-0 -0 -0.22852 0 0 0 0 0 0 0 0 0 0 0.031825 -0.045536 -0.22167 0.014829 -0.019791 0.0061946 0 0
0 0 0.23296 0 0 0 0 0 0 0 0 0 0 -0.032443 0.046421 0.22597 -0.019478 0.016084 -0.0061007 0 0
-0 -0 -0.1337 0 0 0 0 0 0 0 0 0 0 0.01862 -0.026643 -0.12969 0.0092461 -0.011159 0.0036199 0 0
0 0 0.23504 0 0 0 0 0 0 0 0 0 0 -0.032733 0.046836 0.22799 -0.019669 0.016207 -0.0061532 0 0
-0 -0 -0.12201 0 0 0 0 0 0 0 0 0 0 0.016992 -0.024313 -0.11835 0.0085002 -0.010134 0.0033022 0 0
-0 -0 -0.19744 0 0 0 0 0 0 0 0 0 0 0.027497 -0.039344 -0.19152 0.013092 -0.016902 0.0053518 0 0
0 0 0.27994 0 0 0 0 0 0 0 0 0 0 -0.038986 0.055783 0.27154 -0.02385 0.018747 -0.0072754 0 0
-0 -0 -0.31423 0 0 0 0 0 0 0 0 0 0 0.043761 -0.062615 -0.3048 0.019131 -0.028032 0.0085052 0 0
0 0 0.037591 0 0 0 0 0 0 0 0 0 0 -0.0052351 0.0074906 0.036463 -0.0028697 0.0029001 -0.0010078 0 0
0 0 0.23921 0 0 0 0 0 0 0 0 0 0 -0.033313 0.047666 0.23203 -0.020052 0.01645 -0.0062582 0 0
-0 -0 -0.2825 0 0 0 0 0 0 0 0 0 0 0.039343 -0.056293 -0.27403 0.017623 -0.024937 0.0076529 0 0
-0 -0 -0.20602 0 0 0 0 0 0 0 0 0 0 0.028691 -0.041053 -0.19984 0.013581 -0.017694 0.0055845 0 0
0 0 0.10197 0 0 0 0 0 0 0 0 0 0 -0.014201 0.020319 0.098909 -0.0080403 0.0076047 -0.0027166 0 0
0 0 0.34285 0 0 0 0 0 0 0 0 0 0 -0.047747 0.068318 0.33256 -0.029903 0.021982 -0.008809 0 0
-0 -0 -0.30283 0 0 0 0 0 0 0 0 0 0 0.042174 -0.060344 -0.29375 0.018601 -0.026914 0.0081995 0 0
0 0 0.31787 0 0 0 0 0 0 0 0 0 0 -0.044268 0.063341 0.30834 -0.027474 0.020743 -0.0082058 0 0
0 0 0.26407 0 0 0 0 0 0 0 0 0 0 -0.036776 0.052621 0.25615 -0.022359 0.017871 -0.0068812 0 0
0 0 0.33798 0 0 0 0 0 0 0 0 0 0 -0.047068 0.067347 0.32784 -0.029426 0.021745 -0.0086918 0 0
-0 -0 -0.14338 0 0 0 0 0 0 0 0 0 0 0.019968 -0.028571 -0.13908 0.0098541 -0.012015 0.0038829 0 0
0 0 0.083899 0 0 0 0 0 0 0 0 0 0 -0.011684 0.016718 0.081382 -0.0065573 0.0063185 -0.0022394 0 0
0 0 0.17052 0 0 0 0 0 0 0 0 0 0 -0.023747 0.033978 0.1654 -0.01388 0.012231 -0.0045055 0 0
-0 -0 -0.30844 0 0 0 0 0 0 0 0 0 0 0.042955 -0.061462 -0.29919 0.018863 -0.027464 0.0083501 0 0
0 0 0.26723 0 0 0 0 0 0 0 0 0 0 -0.037216 0.053251 0.25922 -0.022655 0.018047 -0.00696 0 0
-0 -0 -0.34118 0 0 0 0 0 0 0 0 0 0 0.047515 -0.067986 -0.33095 0.020332 -0.0307 0.0092258 0 0
-0 -0 -0.19956 0 0 0 0 0 0 0 0 0 0 0.027792 -0.039766 -0.19358 0.013214 -0.017097 0.0054093 0 0
0 0 0.072717 0 0 0 0 0 0 0 0 0 0 -0.010127 0.01449 0.070535 -0.0056518 0.005509 -0.0019431 0 0
-0 -0 -0.26163 0 0 0 0 0 0 0 0 0 0 0.036436 -0.052135 -0.25379 0.016577 -0.022929 0.0070902 0 0
-0 -0 -0.1891 0 0 0 0 0 0 0 0 0 0 0.026335 -0.037681 -0.18343 0.01261 -0.016136 0.0051252 0 0
-0 -0 -0.0090119 0 0 0 0 0 0 0 0 0 0 0.001255 -0.0017958 -0.0087415 0.00067097 -0.00071145 0.00024248 0 0
-0 -0 -0.055494 0 0 0 0 0 0 0 0 0 0 0.0077283 -0.011058 -0.053829 0.0040245 -0.0044772 0.0014975 0 0
0 0 0.32943 0 0 0 0 0 0 0 0 0 0 -0.045878 0.065644 0.31955 -0.028594 0.021324 -0.0084858 0 0
-0 -0 -0.082691 0 0 0 0 0 0 0 0 0 0 0.011516 -0.016478 -0.08021 0.0059014 -0.0067532 0.0022346 0 0
0 0 0.29346 0 0 0 0 0 0 0 0 0 0 -0.040869 0.058476 0.28466 -0.025133 0.019474 -0.0076089 0 0
-0 -0 -0.32526 0 0 0 0 0 0 0 0 0 0 0.045298 -0.064814 -0.31551 0.019632 -0.02912 0.0088007 0 0
-0 -0 -0.04433 0 0 0 0 0 0 0 0 0 0 0.0061736 -0.0088335 -0.043001 0.0032357 -0.0035583 0.0011955 0 0
-0 -0 -0.041844 0 0 0 0 0 0 0 0 0 0 0.0058274 -0.0083381 -0.040589 0.0030586 -0.0033549 0.0011283 0 0
-0 -0 -0.1795 0 0 0 0 0 0 0 0 0 0 0.024998 -0.035768 -0.17411 0.012048 -0.01526 0.0048645 0 0
0 0 0.18322 0 0 0 0 0 0 0 0 0 0 -0.025516 0.036509 0.17772 -0.014998 0.013044 -0.0048328 0 0
-0 -0 -0.33625 0 0 0 0 0 0 0 0 0 0 0.046827 -0.067002 -0.32616 0.020118 -0.030209 0.0090941 0 0
-0 -0 -0.1007 0 0 0 0 0 0 0 0 0 0 0.014024 -0.020066 -0.09768 0.0071086 -0.0082886 0.0027233 0 0
