-0 -0 -0.14548 0 0 0 0 0 0 0 0 0 0 0.017532 -0.030459 -0.14117 0.017716 -0.011788 0.0047438 0 0
0 0 0.21708 0 0 0 0 0 0 0 0 0 0 -0.026161 0.045451 0.21065 -0.029316 0.012509 -0.00634 0 0
-0 -0 -0.19498 0 0 0 0 0 0 0 0 0 0 0.023498 -0.040824 -0.1892 0.023309 -0.016372 0.0064274 0 0
0 0 0.32366 0 0 0 0 0 0 0 0 0 0 -0.039006 0.067767 0.31407 -0.044609 0.016265 -0.0090499 0 0
-0 -0 -0.30306 0 0 0 0 0 0 0 0 0 0 0.036524 -0.063454 -0.29408 0.034652 -0.027313 0.010197 0 0
-0 -0 -0.1384 0 0 0 0 0 0 0 0 0 0 0.01668 -0.028979 -0.13431 0.016899 -0.011156 0.0045059 0 0
-0 -0 -0.12813 0 0 0 0 0 0 0 0 0 0 0.015442 -0.026828 -0.12433 0.015702 -0.010248 0.0041613 0 0
-0 -0 -0.34668 0 0 0 0 0 0 0 0 0 0 0.041781 -0.072588 -0.33641 0.03887 -0.032068 0.011747 0 0
-0 -0 -0.0046419 0 0 0 0 0 0 0 0 0 0 0.00055943 -0.00097191 -0.0045044 0.00059234 -0.00033562 0.00014598 0 0
0 0 0.20225 0 0 0 0 0 0 0 0 0 0 -0.024375 0.042347 0.19626 -0.027227 0.011859 -0.0059404 0 0
-0 -0 -0.041637 0 0 0 0 0 0 0 0 0 0 0.005018 -0.0087179 -0.040404 0.0052528 -0.003108 0.001323 0 0
0 0 0.0068531 0 0 0 0 0 0 0 0 0 0 -0.00082592 0.0014349 0.0066501 -0.00087751 0.00049045 -0.00021481 0 0
0 0 0.023734 0 0 0 0 0 0 0 0 0 0 -0.0028604 0.0049695 0.023031 -0.0030541 0.0016728 -0.00074026 0 0
0 0 0.14477 0 0 0 0 0 0 0 0 0 0 -0.017447 0.030311 0.14048 -0.019234 0.0090508 -0.0043417 0 0
0 0 0.15184 0 0 0 0 0 0 0 0 0 0 -0.018299 0.031792 0.14734 -0.020208 0.009421 -0.0045425 0 0
0 0 0.3058 0 0 0 0 0 0 0 0 0 0 -0.036855 0.064029 0.29675 -0.042018 0.015749 -0.0086166 0 0
-0 -0 -0.023258 0 0 0 0 0 0 0 0 0 0 0.002803 -0.0048697 -0.022569 0.002951 -0.0017091 0.00073527 0 0
0 0 0.27633 0 0 0 0 0 0 0 0 0 0 -0.033302 0.057857 0.26814 -0.037763 0.014797 -0.0078827 0 0
0 0 0.23705 0 0 0 0 0 0 0 0 0 0 -0.028568 0.049632 0.23002 -0.032146 0.013336 -0.0068698 0 0
0 0 0.038013 0 0 0 0 0 0 0 0 0 0 -0.0045812 0.0079591 0.036887 -0.0049115 0.0026441 -0.0011805 0 0
-0 -0 -0.29153 0 0 0 0 0 0 0 0 0 0 0.035135 -0.061041 -0.2829 0.033502 -0.026088 0.0097898 0 0
0 0 0.090991 0 0 0 0 0 0 0 0 0 0 -0.010966 0.019052 0.088296 -0.011927 0.0060141 -0.002779 0 0
0 0 0.1408 0 0 0 0 0 0 0 0 0 0 -0.016969 0.029481 0.13663 -0.01869 0.0088405 -0.0042287 0 0
0 0 0.040496 0 0 0 0 0 0 0 0 0 0 -0.0048804 0.0084789 0.039296 -0.005236 0.0028103 -0.0012567 0 0
-0 -0 -0.32694 0 0 0 0 0 0 0 0 0 0 0.039402 -0.068454 -0.31725 0.036988 -0.029893 0.011044 0 0
0 0 0.27736 0 0 0 0 0 0 0 0 0 0 -0.033426 0.058073 0.26914 -0.037911 0.014832 -0.0079088 0 0
0 0 0.23847 0 0 0 0 0 0 0 0 0 0 -0.028739 0.04993 0.2314 -0.032348 0.013392 -0.0069071 0 0
-0 -0 -0.13827 0 0 0 0 0 0 0 0 0 0 0.016663 -0.02895 -0.13417 0.016882 -0.011144 0.0045012 0 0
-0 -0 -0.18464 0 0 0 0 0 0 0 0 0 0 0.022252 -0.03866 -0.17917 0.022161 -0.015392 0.0060734 0 0
0 0 0.10194 0 0 0 0 0 0 0 0 0 0 -0.012286 0.021345 0.098924 -0.013401 0.0066643 -0.0031023 0 0
-0 -0 -0.028804 0 0 0 0 0 0 0 0 0 0 0.0034714 -0.0060309 -0.027951 0.0036485 -0.0021267 0.00091201 0 0
-0 -0 -0.082053 0 0 0 0 0 0 0 0 0 0 0.0098888 -0.01718 -0.079622 0.010216 -0.0063315 0.0026349 0 0
-0 -0 -0.006012 0 0 0 0 0 0 0 0 0 0 0.00072455 -0.0012588 -0.005834 0.00076686 -0.0004352 0.00018914 0 0
0 0 0.18373 0 0 0 0 0 0 0 0 0 0 -0.022143 0.038469 0.17829 -0.024633 0.011004 -0.0054337 0 0
0 0 0.12644 0 0 0 0 0 0 0 0 0 0 -0.015239 0.026474 0.1227 -0.016725 0.0080601 -0.0038163 0 0
0 0 0.13705 0 0 0 0 0 0 0 0 0 0 -0.016517 0.028696 0.13299 -0.018175 0.0086393 -0.0041214 0 0
-0 -0 -0.26389 0 0 0 0 0 0 0 0 0 0 0.031803 -0.055253 -0.25607 0.030685 -0.023205 0.0088179 0 0
0 0 0.26696 0 0 0 0 0 0 0 0 0 0 -0.032173 0.055895 0.25905 -0.036417 0.014468 -0.0076447 0 0
-0 -0 -0.2779 0 0 0 0 0 0 0 0 0 0 0.033492 -0.058187 -0.26967 0.032123 -0.024657 0.0093098 0 0
-0 -0 -0.15585 0 0 0 0 0 0 0 0 0 0 0.018783 -0.032632 -0.15124 0.018908 -0.012726 0.0050941 0 0
-0 -0 -0.055699 0 0 0 0 0 0 0 0 0 0 0.0067126 -0.011662 -0.054049 0.0069952 -0.0042067 0.0017764 0 0
-0 -0 -0.31356 0 0 0 0 0 0 0 0 0 0 0.037789 -0.065652 -0.30427 0.035687 -0.02844 0.010569 0 0
-0 -0 -0.3392 0 0 0 0 0 0 0 0 0 0 0.04088 -0.071022 -0.32916 0.038163 -0.03124 0.01148 0 0
-0 -0 -0.029072 0 0 0 0 0 0 0 0 0 0 0.0035037 -0.0060871 -0.028211 0.0036822 -0.002147 0.00092058 0 0
0 0 0.31742 0 0 0 0 0 0 0 0 0 0 -0.038255 0.066462 0.30802 -0.043703 0.01609 -0.0088996 0 0
-0 -0 -0.033752 0 0 0 0 0 0 0 0 0 0 0.0040677 -0.0070669 -0.032752 0.0042686 -0.0025026 0.0010701 0 0
0 0 0.31377 0 0 0 0 0 0 0 0 0 0 -0.037815 0.065697 0.30448 -0.043173 0.015985 -0.008811 0 0
0 0 0.34458 0 0 0 0 0 0 0 0 0 0 -0.041527 0.072147 0.33437 -0.047659 0.016812 -0.0095465 0 0
0 0 0.1558 0 0 0 0 0 0 0 0 0 0 -0.018777 0.032621 0.15119 -0.020754 0.0096253 -0.0046545 0 0
0 0 0.15618 0 0 0 0 0 0 0 0 0 0 -0.018822 0.0327 0.15155 -0.020806 0.0096446 -0.0046651 0 0
0 0 0.27784 0 0 0 0 0 0 0 0 0 0 -0.033484 0.058173 0.26961 -0.03798 0.014849 -0.0079209 0 0
-0 -0 -0.23315 0 0 0 0 0 0 0 0 0 0 0.028099 -0.048818 -0.22625 0.027456 -0.020094 0.0077456 0 0
-0 -0 -0.31497 0 0 0 0 0 0 0 0 0 0 0.037959 -0.065947 -0.30564 0.035825 -0.028592 0.010619 0 0
-0 -0 -0.20984 0 0 0 0 0 0 0 0 0 0 0.025289 -0.043936 -0.20362 0.024941 -0.017802 0.0069387 0 0
-0 -0 -0.062157 0 0 0 0 0 0 0 0 0 0 0.0074909 -0.013014 -0.060316 0.0077899 -0.0047195 0.0019858 0 0
0 0 0.042745 0 0 0 0 0 0 0 0 0 0 -0.0051514 0.0089498 0.041478 -0.0055303 0.0029602 -0.0013255 0 0
0 0 0.07771 0 0 0 0 0 0 0 0 0 0 -0.0093654 0.016271 0.075408 -0.010151 0.0052042 -0.0023836 0 0
0 0 0.33969 0 0 0 0 0 0 0 0 0 0 -0.040939 0.071124 0.32963 -0.046946 0.01669 -0.0094317 0 0
-0 -0 -0.29474 0 0 0 0 0 0 0 0 0 0 0.035522 -0.061713 -0.28601 0.033824 -0.026428 0.0099031 0 0
-0 -0 -0.2318 0 0 0 0 0 0 0 0 0 0 0.027936 -0.048534 -0.22494 0.027311 -0.01996 0.0076986 0 0
-0 -0 -0.050929 0 0 0 0 0 0 0 0 0 0 0.0061378 -0.010663 -0.04942 0.006406 -0.0038312 0.0016223 0 0
0 0 0.086438 0 0 0 0 0 0 0 0 0 0 -0.010417 0.018098 0.083877 -0.011317 0.0057391 -0.0026439 0 0
-0 -0 -0.093473 0 0 0 0 0 0 0 0 0 0 0.011265 -0.019571 -0.090705 0.011593 -0.0072786 0.0030103 0 0
0 0 0.07917 0 0 0 0 0 0 0 0 0 0 -0.0095413 0.016577 0.076825 -0.010346 0.0052944 -0.0024273 0 0
0 0 0.19775 0 0 0 0 0 0 0 0 0 0 -0.023832 0.041405 0.19189 -0.026595 0.011656 -0.005818 0 0
-0 -0 -0.24838 0 0 0 0 0 0 0 0 0 0 0.029934 -0.052006 -0.24103 0.029068 -0.021623 0.0082758 0 0
0 0 0.052244 0 0 0 0 0 0 0 0 0 0 -0.0062963 0.010939 0.050696 -0.0067772 0.0035858 -0.0016154 0 0
-0 -0 -0.027325 0 0 0 0 0 0 0 0 0 0 0.0032931 -0.0057213 -0.026516 0.0034627 -0.002015 0.00086484 0 0
0 0 0.090332 0 0 0 0 0 0 0 0 0 0 -0.010887 0.018914 0.087657 -0.011839 0.0059745 -0.0027595 0 0
0 0 0.048402 0 0 0 0 0 0 0 0 0 0 -0.0058332 0.010134 0.046968 -0.0062721 0.0033342 -0.0014984 0 0
0 0 0.029229 0 0 0 0 0 0 0 0 0 0 -0.0035226 0.00612 0.028364 -0.0037672 0.0020498 -0.00091015 0 0
0 0 0.016799 0 0 0 0 0 0 0 0 0 0 -0.0020246 0.0035174 0.016302 -0.0021574 0.0011915 -0.00052504 0 0
-0 -0 -0.0091436 0 0 0 0 0 0 0 0 0 0 0.001102 -0.0019145 -0.0088728 0.0011652 -0.00066372 0.00028792 0 0
-0 -0 -0.21652 0 0 0 0 0 0 0 0 0 0 0.026095 -0.045335 -0.21011 0.025668 -0.018453 0.0071694 0 0
0 0 0.028897 0 0 0 0 0 0 0 0 0 0 -0.0034826 0.0060504 0.028041 -0.003724 0.0020271 -0.00089989 0 0
0 0 0.0047205 0 0 0 0 0 0 0 0 0 0 -0.0005689 0.00098837 0.0045807 -0.00060406 0.00033847 -0.00014805 0 0
-0 -0 -0.17314 0 0 0 0 0 0 0 0 0 0 0.020866 -0.036252 -0.16801 0.020871 -0.014315 0.0056809 0 0
-0 -0 -0.080472 0 0 0 0 0 0 0 0 0 0 0.0096983 -0.016849 -0.078089 0.010025 -0.0062017 0.0025832 0 0
0 0 0.3161 0 0 0 0 0 0 0 0 0 0 -0.038095 0.066184 0.30673 -0.043511 0.016052 -0.0088675 0 0
-0 -0 -0.0022217 0 0 0 0 0 0 0 0 0 0 0.00026775 -0.00046517 -0.0021559 0.00028371 -0.00016029 6.982e-05 0 0
-0 -0 -0.19675 0 0 0 0 0 0 0 0 0 0 0.023712 -0.041196 -0.19093 0.023505 -0.016541 0.0064884 0 0
-0 -0 -0.15218 0 0 0 0 0 0 0 0 0 0 0.018341 -0.031864 -0.14767 0.018488 -0.012392 0.0049701 0 0
0 0 0.30047 0 0 0 0 0 0 0 0 0 0 -0.036211 0.062912 0.29157 -0.041245 0.015586 -0.0084855 0 0
0 0 0.29708 0 0 0 0 0 0 0 0 0 0 -0.035804 0.062203 0.28828 -0.040756 0.015481 -0.0084019 0 0
-0 -0 -0.24815 0 0 0 0 0 0 0 0 0 0 0.029907 -0.051958 -0.2408 0.029044 -0.0216 0.0082678 0 0
-0 -0 -0.22607 0 0 0 0 0 0 0 0 0 0 0.027246 -0.047335 -0.21938 0.026698 -0.019392 0.0074999 0 0
0 0 0.083728 0 0 0 0 0 0 0 0 0 0 -0.010091 0.017531 0.081248 -0.010954 0.0055741 -0.0025632 0 0
0 0 0.28618 0 0 0 0 0 0 0 0 0 0 -0.03449 0.05992 0.2777 -0.039182 0.015129 -0.0081306 0 0
0 0 0.17427 0 0 0 0 0 0 0 0 0 0 -0.021002 0.036488 0.16911 -0.023314 0.010549 -0.0051717 0 0
0 0 0.097782 0 0 0 0 0 0 0 0 0 0 -0.011784 0.020473 0.094885 -0.01284 0.0064192 -0.0029798 0 0
-0 -0 -0.21721 0 0 0 0 0 0 0 0 0 0 0.026178 -0.04548 -0.21078 0.025742 -0.01852 0.0071932 0 0
0 0 0.27164 0 0 0 0 0 0 0 0 0 0 -0.032737 0.056875 0.26359 -0.037089 0.014634 -0.0077639 0 0
0 0 0.19738 0 0 0 0 0 0 0 0 0 0 -0.023788 0.041328 0.19154 -0.026544 0.011639 -0.005808 0 0
-0 -0 -0.066579 0 0 0 0 0 0 0 0 0 0 0.0080239 -0.01394 -0.064607 0.0083321 -0.0050736 0.0021295 0 0
0 0 0.11497 0 0 0 0 0 0 0 0 0 0 -0.013856 0.024072 0.11156 -0.015163 0.0074165 -0.0034835 0 0
-0 -0 -0.16741 0 0 0 0 0 0 0 0 0 0 0.020175 -0.035052 -0.16245 0.020224 -0.013784 0.0054859 0 0
-0 -0 -0.21409 0 0 0 0 0 0 0 0 0 0 0.025802 -0.044826 -0.20775 0.025404 -0.018216 0.0070854 0 0
-0 -0 -0.23783 0 0 0 0 0 0 0 0 0 0 0.028663 -0.049797 -0.23079 0.027953 -0.020561 0.0079081 0 0
-0 -0 -0.14925 0 0 0 0 0 0 0 0 0 0 0.017987 -0.031249 -0.14482 0.018151 -0.012127 0.0048709 0 0
-0 -0 -0.015524 0 0 0 0 0 0 0 0 0 0 0.0018709 -0.0032504 -0.015064 0.0019745 -0.0011332 0.00048972 0 0
