0 0 0.24293 0 0 0 0 0 0 0 0 0 0 -0.038084 0.045428 0.23558 0.0008254 0.011894 -0.0021601 0 0
0 0 0.1104 0 0 0 0 0 0 0 0 0 0 -0.017308 0.020646 0.10707 0.00073498 0.0053901 -0.00092057 0 0
0 0 0.21515 0 0 0 0 0 0 0 0 0 0 -0.03373 0.040234 0.20865 0.00087825 0.010533 -0.0018891 0 0
0 0 0.0041796 0 0 0 0 0 0 0 0 0 0 -0.00065525 0.0007816 0.0040533 3.8656e-05 0.00020273 -3.2844e-05 0 0
-0 -0 -0.13608 0 0 0 0 0 0 0 0 0 0 0.021334 -0.025448 -0.13197 -0.0017167 -0.0065057 0.00097697 0 0
0 0 0.13199 0 0 0 0 0 0 0 0 0 0 -0.020692 0.024682 0.128 0.00080878 0.0064495 -0.0011129 0 0
-0 -0 -0.0069178 0 0 0 0 0 0 0 0 0 0 0.0010845 -0.0012936 -0.0067087 -6.5842e-05 -0.00033524 5.4002e-05 0 0
-0 -0 -0.054239 0 0 0 0 0 0 0 0 0 0 0.0085031 -0.010143 -0.052599 -0.00057819 -0.0026171 0.0004112 0 0
0 0 0.08949 0 0 0 0 0 0 0 0 0 0 -0.014029 0.016735 0.086785 0.00064159 0.0043648 -0.00073795 0 0
-0 -0 -0.31824 0 0 0 0 0 0 0 0 0 0 0.049891 -0.059511 -0.30862 -0.0053603 -0.014778 0.0019832 0 0
0 0 0.22937 0 0 0 0 0 0 0 0 0 0 -0.035959 0.042893 0.22244 0.00085595 0.01123 -0.0020271 0 0
-0 -0 -0.2946 0 0 0 0 0 0 0 0 0 0 0.046185 -0.055091 -0.28569 -0.0048038 -0.013741 0.0018732 0 0
-0 -0 -0.20209 0 0 0 0 0 0 0 0 0 0 0.031682 -0.037791 -0.19598 -0.0028635 -0.0095729 0.001383 0 0
-0 -0 -0.041061 0 0 0 0 0 0 0 0 0 0 0.0064372 -0.0076785 -0.03982 -0.00042469 -0.0019838 0.00031389 0 0
0 0 0.18874 0 0 0 0 0 0 0 0 0 0 -0.029588 0.035294 0.18303 0.00089319 0.0092365 -0.0016367 0 0
-0 -0 -0.31694 0 0 0 0 0 0 0 0 0 0 0.049687 -0.059268 -0.30736 -0.0053291 -0.014722 0.0019773 0 0
0 0 0.046983 0 0 0 0 0 0 0 0 0 0 -0.0073656 0.0087859 0.045563 0.00038563 0.0022859 -0.00037846 0 0
0 0 0.18088 0 0 0 0 0 0 0 0 0 0 -0.028357 0.033825 0.17541 0.00089099 0.0088507 -0.0015627 0 0
0 0 0.0092578 0 0 0 0 0 0 0 0 0 0 -0.0014514 0.0017312 0.0089779 8.4482e-05 0.00044922 -7.2967e-05 0 0
0 0 0.17393 0 0 0 0 0 0 0 0 0 0 -0.027267 0.032525 0.16867 0.00088649 0.0085093 -0.0014975 0 0
0 0 0.32529 0 0 0 0 0 0 0 0 0 0 -0.050996 0.06083 0.31546 0.00044532 0.015907 -0.0029954 0 0
0 0 0.28503 0 0 0 0 0 0 0 0 0 0 -0.044685 0.053302 0.27642 0.00067275 0.013951 -0.0025814 0 0
0 0 0.13157 0 0 0 0 0 0 0 0 0 0 -0.020627 0.024604 0.1276 0.00080758 0.0064291 -0.0011092 0 0
0 0 0.047476 0 0 0 0 0 0 0 0 0 0 -0.0074428 0.008878 0.04604 0.0003891 0.00231 -0.00038254 0 0
-0 -0 -0.19629 0 0 0 0 0 0 0 0 0 0 0.030772 -0.036706 -0.19035 -0.0027547 -0.0093062 0.0013492 0 0
-0 -0 -0.33719 0 0 0 0 0 0 0 0 0 0 0.052862 -0.063056 -0.327 -0.0058239 -0.0156 0.0020668 0 0
-0 -0 -0.053196 0 0 0 0 0 0 0 0 0 0 0.0083396 -0.0099478 -0.051588 -0.00056575 -0.0025671 0.00040356 0 0
-0 -0 -0.17553 0 0 0 0 0 0 0 0 0 0 0.027518 -0.032825 -0.17022 -0.0023779 -0.0083471 0.0012252 0 0
-0 -0 -0.13993 0 0 0 0 0 0 0 0 0 0 0.021937 -0.026168 -0.1357 -0.0017781 -0.0066864 0.0010019 0 0
0 0 0.1295 0 0 0 0 0 0 0 0 0 0 -0.020302 0.024216 0.12558 0.00080144 0.0063272 -0.0010905 0 0
0 0 0.24209 0 0 0 0 0 0 0 0 0 0 -0.037953 0.045272 0.23477 0.00082755 0.011853 -0.0021518 0 0
-0 -0 -0.22772 0 0 0 0 0 0 0 0 0 0 0.035701 -0.042585 -0.22084 -0.0033627 -0.010744 0.0015282 0 0
0 0 0.26694 0 0 0 0 0 0 0 0 0 0 -0.041849 0.049918 0.25887 0.00074904 0.013068 -0.0023988 0 0
0 0 0.34774 0 0 0 0 0 0 0 0 0 0 -0.054516 0.065028 0.33723 0.00028402 0.016993 -0.0032308 0 0
-0 -0 -0.095361 0 0 0 0 0 0 0 0 0 0 0.01495 -0.017833 -0.092478 -0.0011106 -0.0045813 0.00070388 0 0
-0 -0 -0.27744 0 0 0 0 0 0 0 0 0 0 0.043494 -0.051881 -0.26905 -0.0044151 -0.012981 0.0017894 0 0
-0 -0 -0.20716 0 0 0 0 0 0 0 0 0 0 0.032477 -0.03874 -0.2009 -0.0029599 -0.0098057 0.0014123 0 0
0 0 0.035574 0 0 0 0 0 0 0 0 0 0 -0.005577 0.0066525 0.034499 0.00030187 0.0017295 -0.00028471 0 0
0 0 0.099209 0 0 0 0 0 0 0 0 0 0 -0.015553 0.018552 0.09621 0.00068767 0.0048411 -0.00082236 0 0
0 0 0.10372 0 0 0 0 0 0 0 0 0 0 -0.016261 0.019397 0.10059 0.00070749 0.0050626 -0.00086185 0 0
0 0 0.19336 0 0 0 0 0 0 0 0 0 0 -0.030313 0.036158 0.18751 0.00089307 0.0094633 -0.0016804 0 0
0 0 0.14553 0 0 0 0 0 0 0 0 0 0 -0.022815 0.027214 0.14113 0.00084336 0.0071145 -0.0012356 0 0
-0 -0 -0.34258 0 0 0 0 0 0 0 0 0 0 0.053706 -0.064063 -0.33222 -0.0059584 -0.015833 0.0020898 0 0
0 0 0.17532 0 0 0 0 0 0 0 0 0 0 -0.027485 0.032785 0.17002 0.00088758 0.0085777 -0.0015106 0 0
0 0 0.10598 0 0 0 0 0 0 0 0 0 0 -0.016614 0.019818 0.10277 0.00071701 0.005173 -0.00088161 0 0
0 0 0.2038 0 0 0 0 0 0 0 0 0 0 -0.03195 0.038111 0.19764 0.0008889 0.0099758 -0.0017799 0 0
-0 -0 -0.17158 0 0 0 0 0 0 0 0 0 0 0.026899 -0.032086 -0.1664 -0.0023085 -0.008164 0.0012011 0 0
0 0 0.15428 0 0 0 0 0 0 0 0 0 0 -0.024186 0.02885 0.14961 0.00086089 0.0075441 -0.0013156 0 0
0 0 0.19612 0 0 0 0 0 0 0 0 0 0 -0.030746 0.036675 0.19019 0.00089249 0.0095991 -0.0017067 0 0
-0 -0 -0.092434 0 0 0 0 0 0 0 0 0 0 0.014491 -0.017285 -0.08964 -0.00107 -0.0044422 0.00068361 0 0
0 0 0.1059 0 0 0 0 0 0 0 0 0 0 -0.016602 0.019804 0.1027 0.0007167 0.0051694 -0.00088096 0 0
0 0 0.11228 0 0 0 0 0 0 0 0 0 0 -0.017603 0.020997 0.10889 0.00074232 0.0054824 -0.00093718 0 0
-0 -0 -0.11124 0 0 0 0 0 0 0 0 0 0 0.017439 -0.020802 -0.10788 -0.0013376 -0.0053343 0.00081237 0 0
0 0 0.10617 0 0 0 0 0 0 0 0 0 0 -0.016644 0.019854 0.10296 0.00071781 0.0051825 -0.00088331 0 0
0 0 0.22374 0 0 0 0 0 0 0 0 0 0 -0.035076 0.04184 0.21698 0.00086598 0.010954 -0.0019723 0 0
-0 -0 -0.32859 0 0 0 0 0 0 0 0 0 0 0.051513 -0.061446 -0.31865 -0.0056115 -0.015228 0.0020293 0 0
-0 -0 -0.33855 0 0 0 0 0 0 0 0 0 0 0.053076 -0.06331 -0.32832 -0.0058578 -0.015659 0.0020726 0 0
-0 -0 -0.27351 0 0 0 0 0 0 0 0 0 0 0.042879 -0.051147 -0.26524 -0.004328 -0.012806 0.0017697 0 0
-0 -0 -0.17503 0 0 0 0 0 0 0 0 0 0 0.02744 -0.032731 -0.16974 -0.0023691 -0.0083239 0.0012221 0 0
-0 -0 -0.34058 0 0 0 0 0 0 0 0 0 0 0.053393 -0.063689 -0.33029 -0.0059084 -0.015747 0.0020813 0 0
0 0 0.087667 0 0 0 0 0 0 0 0 0 0 -0.013744 0.016394 0.085016 0.00063243 0.0042755 -0.00072221 0 0
0 0 0.12036 0 0 0 0 0 0 0 0 0 0 -0.01887 0.022508 0.11673 0.00077189 0.0058789 -0.0010089 0 0
0 0 0.29737 0 0 0 0 0 0 0 0 0 0 -0.046619 0.055608 0.28838 0.00061152 0.014551 -0.0027071 0 0
-0 -0 -0.15607 0 0 0 0 0 0 0 0 0 0 0.024467 -0.029185 -0.15135 -0.0020426 -0.0074414 0.0011047 0 0
0 0 0.013336 0 0 0 0 0 0 0 0 0 0 -0.0020908 0.0024939 0.012933 0.00012038 0.00064734 -0.00010537 0 0
0 0 0.13759 0 0 0 0 0 0 0 0 0 0 -0.021571 0.02573 0.13343 0.00082419 0.0067247 -0.0011635 0 0
0 0 0.053128 0 0 0 0 0 0 0 0 0 0 -0.0083289 0.009935 0.051522 0.0004281 0.0025859 -0.00042944 0 0
0 0 0.039493 0 0 0 0 0 0 0 0 0 0 -0.0061914 0.0073853 0.038299 0.00033136 0.0019206 -0.00031678 0 0
-0 -0 -0.085749 0 0 0 0 0 0 0 0 0 0 0.013443 -0.016035 -0.083156 -0.00097893 -0.0041239 0.00063697 0 0
-0 -0 -0.14579 0 0 0 0 0 0 0 0 0 0 0.022856 -0.027263 -0.14138 -0.0018727 -0.006961 0.0010396 0 0
-0 -0 -0.11147 0 0 0 0 0 0 0 0 0 0 0.017475 -0.020845 -0.1081 -0.001341 -0.0053451 0.00081392 0 0
-0 -0 -0.065313 0 0 0 0 0 0 0 0 0 0 0.010239 -0.012214 -0.063339 -0.00071364 -0.003148 0.00049166 0 0
0 0 0.0061315 0 0 0 0 0 0 0 0 0 0 -0.00096124 0.0011466 0.0059461 5.6418e-05 0.00029745 -4.8238e-05 0 0
0 0 0.14756 0 0 0 0 0 0 0 0 0 0 -0.023133 0.027594 0.1431 0.00084777 0.0072143 -0.0012541 0 0
0 0 0.069414 0 0 0 0 0 0 0 0 0 0 -0.010882 0.012981 0.067316 0.00053174 0.003382 -0.00056619 0 0
0 0 0.14377 0 0 0 0 0 0 0 0 0 0 -0.02254 0.026886 0.13943 0.00083938 0.0070282 -0.0012196 0 0
0 0 0.010973 0 0 0 0 0 0 0 0 0 0 -0.0017202 0.0020519 0.010641 9.9674e-05 0.0005325 -8.657e-05 0 0
-0 -0 -0.12848 0 0 0 0 0 0 0 0 0 0 0.020142 -0.024026 -0.1246 -0.0015977 -0.0061481 0.00092727 0 0
-0 -0 -0.2908 0 0 0 0 0 0 0 0 0 0 0.045589 -0.05438 -0.28201 -0.0047167 -0.013573 0.0018549 0 0
-0 -0 -0.31754 0 0 0 0 0 0 0 0 0 0 0.049781 -0.05938 -0.30794 -0.0053434 -0.014748 0.00198 0 0
-0 -0 -0.30821 0 0 0 0 0 0 0 0 0 0 0.048318 -0.057636 -0.29889 -0.0051212 -0.01434 0.0019373 0 0
-0 -0 -0.17584 0 0 0 0 0 0 0 0 0 0 0.027567 -0.032883 -0.17053 -0.0023834 -0.0083616 0.0012271 0 0
0 0 0.15183 0 0 0 0 0 0 0 0 0 0 -0.023802 0.028392 0.14724 0.00085636 0.0074237 -0.0012931 0 0
0 0 0.071492 0 0 0 0 0 0 0 0 0 0 -0.011208 0.013369 0.069331 0.00054403 0.0034836 -0.00058381 0 0
0 0 0.23751 0 0 0 0 0 0 0 0 0 0 -0.037235 0.044416 0.23033 0.00083869 0.011629 -0.0021068 0 0
0 0 0.10539 0 0 0 0 0 0 0 0 0 0 -0.016522 0.019708 0.10221 0.00071456 0.0051443 -0.00087647 0 0
0 0 0.012071 0 0 0 0 0 0 0 0 0 0 -0.0018924 0.0022573 0.011706 0.00010933 0.00058586 -9.5298e-05 0 0
-0 -0 -0.075404 0 0 0 0 0 0 0 0 0 0 0.011821 -0.014101 -0.073125 -0.00084215 -0.0036305 0.00056393 0 0
0 0 0.33843 0 0 0 0 0 0 0 0 0 0 -0.053056 0.063286 0.3282 0.00035392 0.016543 -0.0031328 0 0
-0 -0 -0.03681 0 0 0 0 0 0 0 0 0 0 0.0057708 -0.0068836 -0.035697 -0.00037695 -0.0017792 0.00028214 0 0
-0 -0 -0.014013 0 0 0 0 0 0 0 0 0 0 0.0021968 -0.0026204 -0.013589 -0.00013578 -0.00067867 0.00010892 0 0
0 0 0.30399 0 0 0 0 0 0 0 0 0 0 -0.047658 0.056848 0.2948 0.00057553 0.014874 -0.0027751 0 0
-0 -0 -0.030886 0 0 0 0 0 0 0 0 0 0 0.004842 -0.0057757 -0.029952 -0.00031187 -0.0014936 0.0002376 0 0
-0 -0 -0.083019 0 0 0 0 0 0 0 0 0 0 0.013015 -0.015525 -0.08051 -0.00094235 -0.0039939 0.0006178 0 0
-0 -0 -0.083892 0 0 0 0 0 0 0 0 0 0 0.013152 -0.015688 -0.081356 -0.00095401 -0.0040355 0.00062394 0 0
0 0 0.011483 0 0 0 0 0 0 0 0 0 0 -0.0018002 0.0021473 0.011136 0.00010417 0.00055728 -9.0623e-05 0 0
-0 -0 -0.034513 0 0 0 0 0 0 0 0 0 0 0.0054106 -0.0064539 -0.033469 -0.00035151 -0.0016685 0.00026491 0 0
-0 -0 -0.17679 0 0 0 0 0 0 0 0 0 0 0.027716 -0.03306 -0.17145 -0.0024002 -0.0084055 0.0012328 0 0
-0 -0 -0.17315 0 0 0 0 0 0 0 0 0 0 0.027146 -0.03238 -0.16792 -0.002336 -0.0082369 0.0012107 0 0
0 0 0.20708 0 0 0 0 0 0 0 0 0 0 -0.032464 0.038724 0.20082 0.00088648 0.010137 -0.0018114 0 0
