0 0 0.032135 0 0 0 0 0 0 0 0 0 0 -0.0044753 0.0064034 0.031171 -0.0044854 0.0014876 -0.00094956 0 0
-0 -0 -0.16162 0 0 0 0 0 0 0 0 0 0 0.022508 -0.032206 -0.15678 0.021637 -0.0096177 0.0050822 0 0
0 0 0.067723 0 0 0 0 0 0 0 0 0 0 -0.0094314 0.013495 0.065691 -0.0095109 0.002966 -0.0019748 0 0
-0 -0 -0.16355 0 0 0 0 0 0 0 0 0 0 0.022776 -0.032589 -0.15864 0.021883 -0.009753 0.0051454 0 0
0 0 0.082474 0 0 0 0 0 0 0 0 0 0 -0.011486 0.016434 0.079999 -0.01161 0.0035262 -0.0023913 0 0
-0 -0 -0.29242 0 0 0 0 0 0 0 0 0 0 0.040724 -0.05827 -0.28365 0.037747 -0.01988 0.0095033 0 0
-0 -0 -0.18365 0 0 0 0 0 0 0 0 0 0 0.025576 -0.036595 -0.17814 0.024447 -0.011196 0.0058098 0 0
-0 -0 -0.2984 0 0 0 0 0 0 0 0 0 0 0.041556 -0.05946 -0.28945 0.038448 -0.020399 0.0097104 0 0
-0 -0 -0.30828 0 0 0 0 0 0 0 0 0 0 0.042932 -0.061429 -0.29903 0.039599 -0.021266 0.010054 0 0
-0 -0 -0.069953 0 0 0 0 0 0 0 0 0 0 0.0097419 -0.013939 -0.067854 0.0095683 -0.0037313 0.0021403 0 0
-0 -0 -0.098633 0 0 0 0 0 0 0 0 0 0 0.013736 -0.019654 -0.095674 0.013405 -0.0054532 0.0030449 0 0
-0 -0 -0.067342 0 0 0 0 0 0 0 0 0 0 0.0093783 -0.013419 -0.065322 0.0092164 -0.0035801 0.0020587 0 0
0 0 0.032241 0 0 0 0 0 0 0 0 0 0 -0.0044901 0.0064246 0.031274 -0.0045003 0.0014923 -0.00095266 0 0
0 0 0.018949 0 0 0 0 0 0 0 0 0 0 -0.0026389 0.0037758 0.01838 -0.0026385 0.00089461 -0.00056259 0 0
0 0 0.048211 0 0 0 0 0 0 0 0 0 0 -0.0067141 0.0096068 0.046765 -0.0067483 0.0021775 -0.0014162 0 0
0 0 0.043756 0 0 0 0 0 0 0 0 0 0 -0.0060936 0.008719 0.042443 -0.0061199 0.00199 -0.0012874 0 0
-0 -0 -0.30114 0 0 0 0 0 0 0 0 0 0 0.041938 -0.060007 -0.29211 0.038768 -0.020638 0.0098057 0 0
-0 -0 -0.04048 0 0 0 0 0 0 0 0 0 0 0.0056375 -0.0080664 -0.039266 0.0055717 -0.0020776 0.0012267 0 0
0 0 0.001315 0 0 0 0 0 0 0 0 0 0 -0.00018313 0.00026203 0.0012755 -0.0001825 6.3695e-05 -3.9286e-05 0 0
0 0 0.19906 0 0 0 0 0 0 0 0 0 0 -0.027721 0.039665 0.19308 -0.028484 0.0068566 -0.005498 0 0
-0 -0 -0.015899 0 0 0 0 0 0 0 0 0 0 0.0022142 -0.0031682 -0.015422 0.0021992 -0.00078909 0.00047785 0 0
0 0 0.072062 0 0 0 0 0 0 0 0 0 0 -0.010036 0.014359 0.0699 -0.010128 0.003134 -0.0020978 0 0
-0 -0 -0.038056 0 0 0 0 0 0 0 0 0 0 0.0052998 -0.0075833 -0.036914 0.0052406 -0.0019469 0.0011523 0 0
-0 -0 -0.30847 0 0 0 0 0 0 0 0 0 0 0.042958 -0.061466 -0.29921 0.039621 -0.021282 0.01006 0 0
0 0 0.34433 0 0 0 0 0 0 0 0 0 0 -0.047953 0.068613 0.334 -0.04995 0.0082375 -0.0088636 0 0
0 0 0.17252 0 0 0 0 0 0 0 0 0 0 -0.024026 0.034378 0.16735 -0.024606 0.0062712 -0.004821 0 0
-0 -0 -0.28051 0 0 0 0 0 0 0 0 0 0 0.039064 -0.055895 -0.27209 0.036339 -0.018858 0.0090912 0 0
0 0 0.020152 0 0 0 0 0 0 0 0 0 0 -0.0028065 0.0040156 0.019548 -0.0028067 0.00094973 -0.00059806 0 0
-0 -0 -0.060231 0 0 0 0 0 0 0 0 0 0 0.008388 -0.012002 -0.058424 0.0082558 -0.0031728 0.0018371 0 0
-0 -0 -0.33169 0 0 0 0 0 0 0 0 0 0 0.046192 -0.066094 -0.32174 0.042292 -0.023366 0.010872 0 0
-0 -0 -0.25493 0 0 0 0 0 0 0 0 0 0 0.035502 -0.050798 -0.24728 0.033275 -0.016722 0.0082126 0 0
0 0 0.013494 0 0 0 0 0 0 0 0 0 0 -0.0018793 0.002689 0.01309 -0.0018771 0.00064222 -0.00040143 0 0
0 0 0.21223 0 0 0 0 0 0 0 0 0 0 -0.029555 0.042289 0.20586 -0.030415 0.0071091 -0.0058272 0 0
-0 -0 -0.25393 0 0 0 0 0 0 0 0 0 0 0.035363 -0.0506 -0.24631 0.033155 -0.01664 0.0081785 0 0
0 0 0.31897 0 0 0 0 0 0 0 0 0 0 -0.044422 0.06356 0.3094 -0.046186 0.0082196 -0.0083195 0 0
0 0 0.17155 0 0 0 0 0 0 0 0 0 0 -0.023891 0.034184 0.16641 -0.024465 0.0062478 -0.0047959 0 0
-0 -0 -0.18108 0 0 0 0 0 0 0 0 0 0 0.025218 -0.036084 -0.17565 0.024121 -0.011009 0.0057246 0 0
0 0 0.0049833 0 0 0 0 0 0 0 0 0 0 -0.000694 0.00099301 0.0048338 -0.00069209 0.00024011 -0.00014869 0 0
0 0 0.021608 0 0 0 0 0 0 0 0 0 0 -0.0030092 0.0043058 0.02096 -0.0030103 0.0010162 -0.00064094 0 0
0 0 0.043017 0 0 0 0 0 0 0 0 0 0 -0.0059908 0.0085719 0.041727 -0.0060159 0.0019586 -0.0012661 0 0
0 0 0.024031 0 0 0 0 0 0 0 0 0 0 -0.0033467 0.0047885 0.02331 -0.0033493 0.001126 -0.00071218 0 0
-0 -0 -0.075481 0 0 0 0 0 0 0 0 0 0 0.010512 -0.015041 -0.073217 0.010312 -0.0040546 0.0023135 0 0
0 0 0.16422 0 0 0 0 0 0 0 0 0 0 -0.02287 0.032723 0.15929 -0.023397 0.006067 -0.0046054 0 0
-0 -0 -0.12007 0 0 0 0 0 0 0 0 0 0 0.016721 -0.023925 -0.11646 0.016237 -0.0068116 0.0037305 0 0
-0 -0 -0.094939 0 0 0 0 0 0 0 0 0 0 0.013222 -0.018918 -0.092091 0.012914 -0.0052253 0.0029275 0 0
-0 -0 -0.075732 0 0 0 0 0 0 0 0 0 0 0.010547 -0.015091 -0.07346 0.010346 -0.0040694 0.0023213 0 0
-0 -0 -0.23503 0 0 0 0 0 0 0 0 0 0 0.032731 -0.046834 -0.22798 0.030853 -0.015116 0.0075349 0 0
0 0 0.10105 0 0 0 0 0 0 0 0 0 0 -0.014072 0.020135 0.098017 -0.014267 0.0041877 -0.0029086 0 0
-0 -0 -0.2103 0 0 0 0 0 0 0 0 0 0 0.029287 -0.041905 -0.20399 0.027796 -0.013187 0.0066998 0 0
-0 -0 -0.08009 0 0 0 0 0 0 0 0 0 0 0.011154 -0.015959 -0.077687 0.010931 -0.0043273 0.0024583 0 0
-0 -0 -0.094988 0 0 0 0 0 0 0 0 0 0 0.013228 -0.018928 -0.092138 0.012921 -0.0052282 0.0029291 0 0
-0 -0 -0.23016 0 0 0 0 0 0 0 0 0 0 0.032054 -0.045864 -0.22326 0.030256 -0.01473 0.0073699 0 0
0 0 0.31962 0 0 0 0 0 0 0 0 0 0 -0.044511 0.063689 0.31003 -0.046281 0.0082212 -0.0083335 0 0
-0 -0 -0.15736 0 0 0 0 0 0 0 0 0 0 0.021915 -0.031357 -0.15264 0.021089 -0.0093197 0.0049423 0 0
0 0 0.22195 0 0 0 0 0 0 0 0 0 0 -0.030909 0.044227 0.21529 -0.031844 0.0072793 -0.0060672 0 0
0 0 0.070698 0 0 0 0 0 0 0 0 0 0 -0.0098457 0.014088 0.068577 -0.0099337 0.0030815 -0.0020592 0 0
-0 -0 -0.23963 0 0 0 0 0 0 0 0 0 0 0.033372 -0.04775 -0.23244 0.031416 -0.015483 0.0076911 0 0
0 0 0.32353 0 0 0 0 0 0 0 0 0 0 -0.045057 0.064469 0.31383 -0.046863 0.0082298 -0.0084187 0 0
-0 -0 -0.34821 0 0 0 0 0 0 0 0 0 0 0.048493 -0.069385 -0.33776 0.044161 -0.024886 0.011452 0 0
-0 -0 -0.010619 0 0 0 0 0 0 0 0 0 0 0.0014788 -0.002116 -0.0103 0.0014703 -0.00052314 0.00031857 0 0
0 0 0.33929 0 0 0 0 0 0 0 0 0 0 -0.047251 0.067609 0.32911 -0.049202 0.0082415 -0.008757 0 0
0 0 0.32304 0 0 0 0 0 0 0 0 0 0 -0.044989 0.064372 0.31335 -0.04679 0.0082288 -0.0084081 0 0
0 0 0.33216 0 0 0 0 0 0 0 0 0 0 -0.046258 0.066188 0.3222 -0.048143 0.0082407 -0.0086048 0 0
-0 -0 -0.17348 0 0 0 0 0 0 0 0 0 0 0.02416 -0.034569 -0.16828 0.023154 -0.01046 0.0054729 0 0
0 0 0.079707 0 0 0 0 0 0 0 0 0 0 -0.0111 0.015883 0.077316 -0.011216 0.0034235 -0.0023136 0 0
-0 -0 -0.24392 0 0 0 0 0 0 0 0 0 0 0.033969 -0.048604 -0.2366 0.031939 -0.015827 0.0078369 0 0
-0 -0 -0.025787 0 0 0 0 0 0 0 0 0 0 0.0035912 -0.0051385 -0.025014 0.0035599 -0.0012974 0.00077763 0 0
-0 -0 -0.30271 0 0 0 0 0 0 0 0 0 0 0.042157 -0.06032 -0.29363 0.038952 -0.020776 0.0098603 0 0
0 0 0.16609 0 0 0 0 0 0 0 0 0 0 -0.023131 0.033096 0.16111 -0.023669 0.0061139 -0.0046542 0 0
-0 -0 -0.17974 0 0 0 0 0 0 0 0 0 0 0.025032 -0.035817 -0.17435 0.023951 -0.010911 0.0056801 0 0
0 0 0.20321 0 0 0 0 0 0 0 0 0 0 -0.028299 0.040492 0.19711 -0.029092 0.0069389 -0.0056023 0 0
-0 -0 -0.34608 0 0 0 0 0 0 0 0 0 0 0.048197 -0.068963 -0.3357 0.043922 -0.024689 0.011378 0 0
-0 -0 -0.062568 0 0 0 0 0 0 0 0 0 0 0.0087135 -0.012468 -0.060691 0.0085719 -0.0033059 0.0019098 0 0
0 0 0.18558 0 0 0 0 0 0 0 0 0 0 -0.025845 0.03698 0.18001 -0.026512 0.0065721 -0.0051565 0 0
0 0 0.04699 0 0 0 0 0 0 0 0 0 0 -0.006544 0.0093634 0.04558 -0.0065759 0.0021264 -0.0013809 0 0
-0 -0 -0.27007 0 0 0 0 0 0 0 0 0 0 0.037611 -0.053816 -0.26197 0.035096 -0.017977 0.0087318 0 0
-0 -0 -0.12821 0 0 0 0 0 0 0 0 0 0 0.017855 -0.025548 -0.12437 0.017305 -0.0073439 0.0039932 0 0
0 0 0.32111 0 0 0 0 0 0 0 0 0 0 -0.044719 0.063986 0.31148 -0.046503 0.0082247 -0.008366 0 0
0 0 0.096518 0 0 0 0 0 0 0 0 0 0 -0.013441 0.019233 0.093622 -0.013618 0.0040309 -0.0027832 0 0
-0 -0 -0.33613 0 0 0 0 0 0 0 0 0 0 0.046811 -0.066979 -0.32604 0.042797 -0.023771 0.011028 0 0
0 0 0.16326 0 0 0 0 0 0 0 0 0 0 -0.022736 0.032532 0.15836 -0.023257 0.0060427 -0.0045803 0 0
-0 -0 -0.1317 0 0 0 0 0 0 0 0 0 0 0.018342 -0.026244 -0.12775 0.017762 -0.0075747 0.0041061 0 0
0 0 0.018505 0 0 0 0 0 0 0 0 0 0 -0.0025771 0.0036875 0.01795 -0.0025765 0.00087424 -0.00054951 0 0
0 0 0.25782 0 0 0 0 0 0 0 0 0 0 -0.035905 0.051375 0.25009 -0.03713 0.0077878 -0.0069307 0 0
0 0 0.18442 0 0 0 0 0 0 0 0 0 0 -0.025683 0.036748 0.17888 -0.026342 0.0065463 -0.0051268 0 0
-0 -0 -0.30378 0 0 0 0 0 0 0 0 0 0 0.042305 -0.060532 -0.29466 0.039076 -0.020869 0.0098973 0 0
0 0 0.21203 0 0 0 0 0 0 0 0 0 0 -0.029527 0.042249 0.20566 -0.030386 0.0071055 -0.0058222 0 0
0 0 0.12257 0 0 0 0 0 0 0 0 0 0 -0.017069 0.024424 0.11889 -0.017362 0.0048924 -0.0034977 0 0
-0 -0 -0.30574 0 0 0 0 0 0 0 0 0 0 0.042579 -0.060924 -0.29657 0.039305 -0.021042 0.0099657 0 0
0 0 0.29893 0 0 0 0 0 0 0 0 0 0 -0.04163 0.059567 0.28996 -0.043213 0.0081385 -0.0078761 0 0
0 0 0.28571 0 0 0 0 0 0 0 0 0 0 -0.039789 0.056932 0.27714 -0.041255 0.0080528 -0.0075773 0 0
0 0 0.34898 0 0 0 0 0 0 0 0 0 0 -0.0486 0.069539 0.33851 -0.05064 0.0082305 -0.0089613 0 0
-0 -0 -0.013111 0 0 0 0 0 0 0 0 0 0 0.0018258 -0.0026125 -0.012717 0.0018145 -0.00064815 0.00039366 0 0
-0 -0 -0.34313 0 0 0 0 0 0 0 0 0 0 0.047785 -0.068374 -0.33283 0.043589 -0.024415 0.011274 0 0
0 0 0.21889 0 0 0 0 0 0 0 0 0 0 -0.030483 0.043616 0.21232 -0.031394 0.0072272 -0.0059919 0 0
0 0 0.17173 0 0 0 0 0 0 0 0 0 0 -0.023915 0.034219 0.16657 -0.02449 0.006252 -0.0048004 0 0
0 0 0.030263 0 0 0 0 0 0 0 0 0 0 -0.0042145 0.0060303 0.029355 -0.0042226 0.0014049 -0.00089485 0 0
-0 -0 -0.27458 0 0 0 0 0 0 0 0 0 0 0.038239 -0.054714 -0.26634 0.035634 -0.018356 0.0088868 0 0
-0 -0 -0.01428 0 0 0 0 0 0 0 0 0 0 0.0019887 -0.0028455 -0.013851 0.0019758 -0.00070711 0.00042893 0 0
-0 -0 -0.18186 0 0 0 0 0 0 0 0 0 0 0.025326 -0.036238 -0.1764 0.024219 -0.011065 0.0057502 0 0
