0 0 0.28204 0 0 0 0 0 0 0 0 0 0 -0.044215 0.052741 0.27351 -0.013864 0.00026583 -0.0022925 0 0
-0 -0 -0.047395 0 0 0 0 0 0 0 0 0 0 0.0074301 -0.0088629 -0.045962 0.0022867 -0.00042582 0.00045178 0 0
0 0 0.033524 0 0 0 0 0 0 0 0 0 0 -0.0052556 0.0062691 0.032511 -0.0016305 0.00023549 -0.00030899 0 0
-0 -0 -0.29668 0 0 0 0 0 0 0 0 0 0 0.046511 -0.05548 -0.28771 0.013767 -0.0044099 0.0030759 0 0
0 0 0.26569 0 0 0 0 0 0 0 0 0 0 -0.041653 0.049685 0.25766 -0.01306 0.00035681 -0.0021801 0 0
0 0 0.00028488 0 0 0 0 0 0 0 0 0 0 -4.4661e-05 5.3273e-05 0.00027627 -1.3814e-05 2.2311e-06 -2.6633e-06 0 0
-0 -0 -0.24044 0 0 0 0 0 0 0 0 0 0 0.037694 -0.044962 -0.23317 0.011277 -0.0032614 0.002452 0 0
-0 -0 -0.047009 0 0 0 0 0 0 0 0 0 0 0.0073697 -0.0087909 -0.045588 0.0022682 -0.00042192 0.00044804 0 0
0 0 0.18888 0 0 0 0 0 0 0 0 0 0 -0.029611 0.035321 0.18317 -0.0092705 0.0006094 -0.0016162 0 0
-0 -0 -0.082995 0 0 0 0 0 0 0 0 0 0 0.013011 -0.01552 -0.080486 0.0039875 -0.00081672 0.0008021 0 0
-0 -0 -0.087107 0 0 0 0 0 0 0 0 0 0 0.013656 -0.016289 -0.084474 0.0041829 -0.00086577 0.00084315 0 0
0 0 0.32073 0 0 0 0 0 0 0 0 0 0 -0.050281 0.059976 0.31103 -0.015763 -1.4231e-06 -0.002548 0 0
0 0 0.34586 0 0 0 0 0 0 0 0 0 0 -0.054222 0.064677 0.33541 -0.016992 -0.000214 -0.0027056 0 0
-0 -0 -0.14535 0 0 0 0 0 0 0 0 0 0 0.022787 -0.027181 -0.14096 0.0069244 -0.0016466 0.0014369 0 0
0 0 0.19177 0 0 0 0 0 0 0 0 0 0 -0.030064 0.035862 0.18597 -0.0094132 0.00060513 -0.0016384 0 0
-0 -0 -0.075268 0 0 0 0 0 0 0 0 0 0 0.0118 -0.014075 -0.072993 0.0036197 -0.00072673 0.0007253 0 0
-0 -0 -0.28742 0 0 0 0 0 0 0 0 0 0 0.045059 -0.053748 -0.27873 0.013362 -0.0042111 0.0029721 0 0
-0 -0 -0.21081 0 0 0 0 0 0 0 0 0 0 0.033049 -0.039422 -0.20444 0.0099392 -0.0027137 0.00213 0 0
-0 -0 -0.29254 0 0 0 0 0 0 0 0 0 0 0.045862 -0.054706 -0.2837 0.013586 -0.0043206 0.0030295 0 0
-0 -0 -0.21336 0 0 0 0 0 0 0 0 0 0 0.033449 -0.039899 -0.20691 0.010055 -0.0027593 0.0021576 0 0
0 0 0.3019 0 0 0 0 0 0 0 0 0 0 -0.047329 0.056455 0.29277 -0.01484 0.00013772 -0.0024256 0 0
0 0 0.25697 0 0 0 0 0 0 0 0 0 0 -0.040285 0.048054 0.2492 -0.01263 0.00040005 -0.0021189 0 0
0 0 0.31252 0 0 0 0 0 0 0 0 0 0 -0.048994 0.058441 0.30307 -0.015361 6.1356e-05 -0.0024951 0 0
0 0 0.27974 0 0 0 0 0 0 0 0 0 0 -0.043856 0.052313 0.27129 -0.013752 0.00027937 -0.0022769 0 0
0 0 0.32039 0 0 0 0 0 0 0 0 0 0 -0.050229 0.059914 0.31071 -0.015747 1.1815e-06 -0.0025458 0 0
-0 -0 -0.0246 0 0 0 0 0 0 0 0 0 0 0.0038566 -0.0046003 -0.023857 0.0011899 -0.00020748 0.00023236 0 0
-0 -0 -0.24209 0 0 0 0 0 0 0 0 0 0 0.037953 -0.045272 -0.23477 0.011352 -0.0032932 0.0024701 0 0
-0 -0 -0.099442 0 0 0 0 0 0 0 0 0 0 0.01559 -0.018596 -0.096436 0.0047677 -0.0010177 0.00096699 0 0
-0 -0 -0.039349 0 0 0 0 0 0 0 0 0 0 0.0061689 -0.0073584 -0.03816 0.0019003 -0.0003459 0.00037389 0 0
-0 -0 -0.2083 0 0 0 0 0 0 0 0 0 0 0.032655 -0.038952 -0.202 0.0098249 -0.002669 0.002103 0 0
-0 -0 -0.0095023 0 0 0 0 0 0 0 0 0 0 0.0014897 -0.001777 -0.0092151 0.00046033 -7.6673e-05 8.92e-05 0 0
-0 -0 -0.11094 0 0 0 0 0 0 0 0 0 0 0.017392 -0.020745 -0.10758 0.0053106 -0.0011659 0.0010833 0 0
-0 -0 -0.2477 0 0 0 0 0 0 0 0 0 0 0.038832 -0.04632 -0.24021 0.011603 -0.0034017 0.0025316 0 0
-0 -0 -0.2505 0 0 0 0 0 0 0 0 0 0 0.039271 -0.046844 -0.24293 0.011728 -0.0034565 0.0025624 0 0
-0 -0 -0.03747 0 0 0 0 0 0 0 0 0 0 0.0058742 -0.0070069 -0.036337 0.0018099 -0.00032767 0.00035576 0 0
0 0 0.033204 0 0 0 0 0 0 0 0 0 0 -0.0052055 0.0062093 0.032201 -0.0016149 0.0002335 -0.00030609 0 0
0 0 0.17189 0 0 0 0 0 0 0 0 0 0 -0.026947 0.032144 0.16669 -0.0084315 0.00062619 -0.0014838 0 0
-0 -0 -0.10712 0 0 0 0 0 0 0 0 0 0 0.016793 -0.020031 -0.10388 0.0051305 -0.001116 0.0010446 0 0
-0 -0 -0.048617 0 0 0 0 0 0 0 0 0 0 0.0076218 -0.0090915 -0.047148 0.0023454 -0.00043823 0.00046366 0 0
-0 -0 -0.094203 0 0 0 0 0 0 0 0 0 0 0.014768 -0.017616 -0.091355 0.0045195 -0.00095231 0.00091426 0 0
-0 -0 -0.095039 0 0 0 0 0 0 0 0 0 0 0.014899 -0.017772 -0.092166 0.0045592 -0.00096267 0.00092266 0 0
-0 -0 -0.2589 0 0 0 0 0 0 0 0 0 0 0.040589 -0.048416 -0.25108 0.012102 -0.0036229 0.0026551 0 0
0 0 0.23761 0 0 0 0 0 0 0 0 0 0 -0.037251 0.044434 0.23043 -0.011676 0.00048267 -0.0019806 0 0
0 0 0.26295 0 0 0 0 0 0 0 0 0 0 -0.041223 0.049172 0.255 -0.012925 0.00037083 -0.0021609 0 0
0 0 0.090378 0 0 0 0 0 0 0 0 0 0 -0.014169 0.016901 0.087646 -0.0044145 0.00050958 -0.0008119 0 0
0 0 0.2561 0 0 0 0 0 0 0 0 0 0 -0.04015 0.047892 0.24836 -0.012588 0.00040413 -0.0021128 0 0
0 0 0.19737 0 0 0 0 0 0 0 0 0 0 -0.030942 0.036908 0.1914 -0.0096896 0.00059571 -0.0016813 0 0
0 0 0.0089416 0 0 0 0 0 0 0 0 0 0 -0.0014018 0.0016721 0.0086713 -0.00043393 6.815e-05 -8.3291e-05 0 0
-0 -0 -0.21548 0 0 0 0 0 0 0 0 0 0 0.033781 -0.040295 -0.20896 0.010151 -0.0027973 0.0021805 0 0
-0 -0 -0.18901 0 0 0 0 0 0 0 0 0 0 0.029632 -0.035346 -0.1833 0.008944 -0.0023364 0.0018964 0 0
0 0 0.27807 0 0 0 0 0 0 0 0 0 0 -0.043593 0.051999 0.26966 -0.013669 0.00028912 -0.0022655 0 0
-0 -0 -0.28454 0 0 0 0 0 0 0 0 0 0 0.044608 -0.05321 -0.27594 0.013236 -0.0041502 0.0029399 0 0
-0 -0 -0.28829 0 0 0 0 0 0 0 0 0 0 0.045196 -0.053911 -0.27958 0.0134 -0.0042297 0.0029819 0 0
-0 -0 -0.34029 0 0 0 0 0 0 0 0 0 0 0.053347 -0.063634 -0.33 0.015647 -0.0053965 0.0035701 0 0
0 0 0.095162 0 0 0 0 0 0 0 0 0 0 -0.014919 0.017796 0.092285 -0.0046496 0.00052542 -0.00085297 0 0
0 0 0.22149 0 0 0 0 0 0 0 0 0 0 -0.034724 0.04142 0.2148 -0.010881 0.00053748 -0.0018626 0 0
-0 -0 -0.26503 0 0 0 0 0 0 0 0 0 0 0.041549 -0.049562 -0.25702 0.012375 -0.0037463 0.0027229 0 0
0 0 0.2272 0 0 0 0 0 0 0 0 0 0 -0.035618 0.042486 0.22033 -0.011162 0.00051954 -0.0019047 0 0
-0 -0 -0.2462 0 0 0 0 0 0 0 0 0 0 0.038598 -0.046041 -0.23876 0.011536 -0.0033727 0.0025152 0 0
0 0 0.068857 0 0 0 0 0 0 0 0 0 0 -0.010795 0.012876 0.066776 -0.0033583 0.00042441 -0.00062474 0 0
-0 -0 -0.14145 0 0 0 0 0 0 0 0 0 0 0.022175 -0.026451 -0.13717 0.0067424 -0.0015893 0.0013964 0 0
0 0 0.1259 0 0 0 0 0 0 0 0 0 0 -0.019738 0.023544 0.1221 -0.0061627 0.00060049 -0.001112 0 0
-0 -0 -0.28678 0 0 0 0 0 0 0 0 0 0 0.044959 -0.053629 -0.27811 0.013334 -0.0041976 0.002965 0 0
0 0 0.0052992 0 0 0 0 0 0 0 0 0 0 -0.00083077 0.00099097 0.005139 -0.00025708 4.0857e-05 -4.9438e-05 0 0
0 0 0.10324 0 0 0 0 0 0 0 0 0 0 -0.016185 0.019306 0.10012 -0.0050468 0.00054964 -0.00092185 0 0
0 0 0.085517 0 0 0 0 0 0 0 0 0 0 -0.013407 0.015992 0.082931 -0.0041757 0.00049232 -0.00076997 0 0
0 0 0.094408 0 0 0 0 0 0 0 0 0 0 -0.0148 0.017654 0.091554 -0.0046125 0.000523 -0.00084651 0 0
-0 -0 -0.15699 0 0 0 0 0 0 0 0 0 0 0.024611 -0.029357 -0.15224 0.0074659 -0.0018218 0.0015582 0 0
-0 -0 -0.035493 0 0 0 0 0 0 0 0 0 0 0.0055643 -0.0066373 -0.03442 0.0017148 -0.0003087 0.00033673 0 0
-0 -0 -0.21662 0 0 0 0 0 0 0 0 0 0 0.03396 -0.040509 -0.21007 0.010203 -0.002818 0.0021928 0 0
-0 -0 -0.32059 0 0 0 0 0 0 0 0 0 0 0.050259 -0.059951 -0.3109 0.014804 -0.0049406 0.0033458 0 0
-0 -0 -0.22418 0 0 0 0 0 0 0 0 0 0 0.035146 -0.041923 -0.21741 0.010545 -0.002956 0.0022748 0 0
0 0 0.21237 0 0 0 0 0 0 0 0 0 0 -0.033294 0.039714 0.20595 -0.01043 0.00056285 -0.0017947 0 0
-0 -0 -0.34423 0 0 0 0 0 0 0 0 0 0 0.053966 -0.064372 -0.33383 0.015815 -0.0054899 0.0036153 0 0
-0 -0 -0.041947 0 0 0 0 0 0 0 0 0 0 0.0065762 -0.0078442 -0.040679 0.0020251 -0.00037137 0.00039899 0 0
-0 -0 -0.18397 0 0 0 0 0 0 0 0 0 0 0.028841 -0.034403 -0.17841 0.0087124 -0.0022522 0.0018427 0 0
0 0 0.1191 0 0 0 0 0 0 0 0 0 0 -0.018672 0.022273 0.1155 -0.0058277 0.00058788 -0.0010555 0 0
0 0 0.19212 0 0 0 0 0 0 0 0 0 0 -0.030119 0.035926 0.18631 -0.0094303 0.0006046 -0.0016411 0 0
0 0 0.32191 0 0 0 0 0 0 0 0 0 0 -0.050466 0.060198 0.31218 -0.015821 -1.0747e-05 -0.0025555 0 0
0 0 0.17689 0 0 0 0 0 0 0 0 0 0 -0.027731 0.033078 0.17154 -0.0086781 0.00062272 -0.001523 0 0
-0 -0 -0.34681 0 0 0 0 0 0 0 0 0 0 0.054369 -0.064853 -0.33632 0.015924 -0.0055512 0.0036447 0 0
0 0 0.047671 0 0 0 0 0 0 0 0 0 0 -0.0074734 0.0089146 0.04623 -0.0023212 0.00031845 -0.00043665 0 0
-0 -0 -0.06814 0 0 0 0 0 0 0 0 0 0 0.010682 -0.012742 -0.06608 0.0032798 -0.00064623 0.00065481 0 0
-0 -0 -0.20104 0 0 0 0 0 0 0 0 0 0 0.031517 -0.037594 -0.19496 0.0094941 -0.0025418 0.0020249 0 0
0 0 0.11617 0 0 0 0 0 0 0 0 0 0 -0.018211 0.021723 0.11265 -0.005683 0.00058173 -0.0010309 0 0
0 0 0.33888 0 0 0 0 0 0 0 0 0 0 -0.053127 0.063371 0.32863 -0.016651 -0.00015187 -0.0026625 0 0
0 0 0.23578 0 0 0 0 0 0 0 0 0 0 -0.036963 0.044091 0.22865 -0.011586 0.00048955 -0.0019673 0 0
0 0 0.32805 0 0 0 0 0 0 0 0 0 0 -0.051429 0.061347 0.31814 -0.016122 -6.0233e-05 -0.0025946 0 0
0 0 0.031886 0 0 0 0 0 0 0 0 0 0 -0.0049987 0.0059627 0.030922 -0.0015506 0.00022525 -0.0002941 0 0
-0 -0 -0.082129 0 0 0 0 0 0 0 0 0 0 0.012875 -0.015358 -0.079646 0.0039463 -0.00080649 0.00079347 0 0
0 0 0.18382 0 0 0 0 0 0 0 0 0 0 -0.028818 0.034375 0.17826 -0.0090206 0.00061588 -0.001577 0 0
0 0 0.25568 0 0 0 0 0 0 0 0 0 0 -0.040083 0.047812 0.24795 -0.012567 0.00040612 -0.0021098 0 0
-0 -0 -0.30693 0 0 0 0 0 0 0 0 0 0 0.048117 -0.057396 -0.29765 0.014213 -0.0046343 0.0031913 0 0
-0 -0 -0.17722 0 0 0 0 0 0 0 0 0 0 0.027784 -0.033141 -0.17187 0.0084019 -0.0021414 0.0017712 0 0
-0 -0 -0.29076 0 0 0 0 0 0 0 0 0 0 0.045582 -0.054372 -0.28197 0.013508 -0.0042823 0.0030095 0 0
0 0 0.27008 0 0 0 0 0 0 0 0 0 0 -0.04234 0.050505 0.26191 -0.013276 0.0003337 -0.0022105 0 0
0 0 0.089695 0 0 0 0 0 0 0 0 0 0 -0.014062 0.016773 0.086984 -0.004381 0.00050722 -0.00080603 0 0
-0 -0 -0.14664 0 0 0 0 0 0 0 0 0 0 0.022989 -0.027422 -0.14221 0.0069846 -0.0016657 0.0014503 0 0
-0 -0 -0.23359 0 0 0 0 0 0 0 0 0 0 0.03662 -0.043681 -0.22652 0.01097 -0.0031312 0.0023771 0 0
-0 -0 -0.017708 0 0 0 0 0 0 0 0 0 0 0.0027761 -0.0033114 -0.017173 0.00085712 -0.0001464 0.00016679 0 0
