-0 -0 -0.2755 0 0 0 0 0 0 0 0 0 0 0.033203 -0.057685 -0.26734 0 0 0 0 0
0 0 0.14173 0 0 0 0 0 0 0 0 0 0 -0.017081 0.029675 0.13753 0 0 0 0 0
0 0 0.1572 0 0 0 0 0 0 0 0 0 0 -0.018945 0.032913 0.15254 0 0 0 0 0
0 0 0.28143 0 0 0 0 0 0 0 0 0 0 -0.033917 0.058925 0.27309 0 0 0 0 0
0 0 0.098637 0 0 0 0 0 0 0 0 0 0 -0.011887 0.020652 0.095715 0 0 0 0 0
-0 -0 -0.33535 0 0 0 0 0 0 0 0 0 0 0.040416 -0.070216 -0.32542 0 0 0 0 0
-0 -0 -0.051701 0 0 0 0 0 0 0 0 0 0 0.0062308 -0.010825 -0.050169 0 0 0 0 0
-0 -0 -0.29411 0 0 0 0 0 0 0 0 0 0 0.035446 -0.061581 -0.2854 0 0 0 0 0
0 0 0.2038 0 0 0 0 0 0 0 0 0 0 -0.024561 0.042671 0.19776 0 0 0 0 0
0 0 0.1481 0 0 0 0 0 0 0 0 0 0 -0.017849 0.031009 0.14371 0 0 0 0 0
-0 -0 -0.15046 0 0 0 0 0 0 0 0 0 0 0.018133 -0.031503 -0.146 0 0 0 0 0
-0 -0 -0.048261 0 0 0 0 0 0 0 0 0 0 0.0058162 -0.010105 -0.046831 0 0 0 0 0
0 0 0.016909 0 0 0 0 0 0 0 0 0 0 -0.0020379 0.0035404 0.016408 0 0 0 0 0
-0 -0 -0.29659 0 0 0 0 0 0 0 0 0 0 0.035745 -0.0621 -0.28781 0 0 0 0 0
0 0 0.32399 0 0 0 0 0 0 0 0 0 0 -0.039046 0.067836 0.31439 0 0 0 0 0
-0 -0 -0.34575 0 0 0 0 0 0 0 0 0 0 0.041669 -0.072393 -0.33551 0 0 0 0 0
0 0 0.15582 0 0 0 0 0 0 0 0 0 0 -0.018779 0.032625 0.1512 0 0 0 0 0
0 0 0.1287 0 0 0 0 0 0 0 0 0 0 -0.015511 0.026947 0.12489 0 0 0 0 0
-0 -0 -0.27208 0 0 0 0 0 0 0 0 0 0 0.03279 -0.056967 -0.26402 0 0 0 0 0
0 0 0.11694 0 0 0 0 0 0 0 0 0 0 -0.014094 0.024486 0.11348 0 0 0 0 0
-0 -0 -0.085956 0 0 0 0 0 0 0 0 0 0 0.010359 -0.017997 -0.08341 0 0 0 0 0
-0 -0 -0.25008 0 0 0 0 0 0 0 0 0 0 0.030138 -0.052361 -0.24267 0 0 0 0 0
-0 -0 -0.26519 0 0 0 0 0 0 0 0 0 0 0.03196 -0.055526 -0.25734 0 0 0 0 0
0 0 0.24127 0 0 0 0 0 0 0 0 0 0 -0.029077 0.050517 0.23412 0 0 0 0 0
-0 -0 -0.23456 0 0 0 0 0 0 0 0 0 0 0.028268 -0.049111 -0.22761 0 0 0 0 0
0 0 0.094726 0 0 0 0 0 0 0 0 0 0 -0.011416 0.019834 0.09192 0 0 0 0 0
0 0 0.19474 0 0 0 0 0 0 0 0 0 0 -0.02347 0.040775 0.18897 0 0 0 0 0
-0 -0 -0.20944 0 0 0 0 0 0 0 0 0 0 0.025241 -0.043853 -0.20324 0 0 0 0 0
-0 -0 -0.19672 0 0 0 0 0 0 0 0 0 0 0.023708 -0.041188 -0.19089 0 0 0 0 0
-0 -0 -0.22558 0 0 0 0 0 0 0 0 0 0 0.027187 -0.047232 -0.2189 0 0 0 0 0
-0 -0 -0.021039 0 0 0 0 0 0 0 0 0 0 0.0025356 -0.0044051 -0.020416 0 0 0 0 0
0 0 0.14872 0 0 0 0 0 0 0 0 0 0 -0.017923 0.031138 0.14431 0 0 0 0 0
0 0 0.068792 0 0 0 0 0 0 0 0 0 0 -0.0082906 0.014404 0.066755 0 0 0 0 0
0 0 0.10988 0 0 0 0 0 0 0 0 0 0 -0.013242 0.023006 0.10662 0 0 0 0 0
-0 -0 -0.048139 0 0 0 0 0 0 0 0 0 0 0.0058015 -0.010079 -0.046713 0 0 0 0 0
-0 -0 -0.063831 0 0 0 0 0 0 0 0 0 0 0.0076927 -0.013365 -0.06194 0 0 0 0 0
-0 -0 -0.10832 0 0 0 0 0 0 0 0 0 0 0.013054 -0.02268 -0.10511 0 0 0 0 0
0 0 0.20759 0 0 0 0 0 0 0 0 0 0 -0.025018 0.043465 0.20144 0 0 0 0 0
-0 -0 -0.31002 0 0 0 0 0 0 0 0 0 0 0.037363 -0.064912 -0.30084 0 0 0 0 0
-0 -0 -0.2094 0 0 0 0 0 0 0 0 0 0 0.025237 -0.043845 -0.2032 0 0 0 0 0
-0 -0 -0.10104 0 0 0 0 0 0 0 0 0 0 0.012177 -0.021156 -0.098049 0 0 0 0 0
-0 -0 -0.12954 0 0 0 0 0 0 0 0 0 0 0.015612 -0.027123 -0.1257 0 0 0 0 0
0 0 0.056013 0 0 0 0 0 0 0 0 0 0 -0.0067505 0.011728 0.054354 0 0 0 0 0
0 0 0.23084 0 0 0 0 0 0 0 0 0 0 -0.02782 0.048333 0.224 0 0 0 0 0
-0 -0 -0.1143 0 0 0 0 0 0 0 0 0 0 0.013775 -0.023932 -0.11091 0 0 0 0 0
0 0 0.17697 0 0 0 0 0 0 0 0 0 0 -0.021328 0.037054 0.17173 0 0 0 0 0
0 0 0.30949 0 0 0 0 0 0 0 0 0 0 -0.037299 0.064801 0.30032 0 0 0 0 0
-0 -0 -0.0053807 0 0 0 0 0 0 0 0 0 0 0.00064847 -0.0011266 -0.0052213 0 0 0 0 0
-0 -0 -0.18954 0 0 0 0 0 0 0 0 0 0 0.022843 -0.039686 -0.18393 0 0 0 0 0
0 0 0.086893 0 0 0 0 0 0 0 0 0 0 -0.010472 0.018194 0.08432 0 0 0 0 0
-0 -0 -0.1301 0 0 0 0 0 0 0 0 0 0 0.015679 -0.02724 -0.12625 0 0 0 0 0
0 0 0.23363 0 0 0 0 0 0 0 0 0 0 -0.028157 0.048918 0.22671 0 0 0 0 0
-0 -0 -0.034522 0 0 0 0 0 0 0 0 0 0 0.0041605 -0.0072282 -0.0335 0 0 0 0 0
0 0 0.19815 0 0 0 0 0 0 0 0 0 0 -0.02388 0.041488 0.19228 0 0 0 0 0
-0 -0 -0.063127 0 0 0 0 0 0 0 0 0 0 0.0076079 -0.013217 -0.061257 0 0 0 0 0
0 0 0.27098 0 0 0 0 0 0 0 0 0 0 -0.032658 0.056738 0.26296 0 0 0 0 0
0 0 0.020548 0 0 0 0 0 0 0 0 0 0 -0.0024764 0.0043023 0.019939 0 0 0 0 0
-0 -0 -0.21493 0 0 0 0 0 0 0 0 0 0 0.025902 -0.045001 -0.20856 0 0 0 0 0
0 0 0.31197 0 0 0 0 0 0 0 0 0 0 -0.037598 0.06532 0.30273 0 0 0 0 0
-0 -0 -0.28051 0 0 0 0 0 0 0 0 0 0 0.033806 -0.058732 -0.2722 0 0 0 0 0
-0 -0 -0.24366 0 0 0 0 0 0 0 0 0 0 0.029366 -0.051018 -0.23645 0 0 0 0 0
0 0 0.2453 0 0 0 0 0 0 0 0 0 0 -0.029563 0.051361 0.23803 0 0 0 0 0
0 0 0.27018 0 0 0 0 0 0 0 0 0 0 -0.032561 0.056569 0.26217 0 0 0 0 0
-0 -0 -0.002008 0 0 0 0 0 0 0 0 0 0 0.000242 -0.00042044 -0.0019485 0 0 0 0 0
-0 -0 -0.059878 0 0 0 0 0 0 0 0 0 0 0.0072163 -0.012537 -0.058105 0 0 0 0 0
0 0 0.28905 0 0 0 0 0 0 0 0 0 0 -0.034836 0.060522 0.28049 0 0 0 0 0
0 0 0.32087 0 0 0 0 0 0 0 0 0 0 -0.038671 0.067184 0.31137 0 0 0 0 0
-0 -0 -0.26092 0 0 0 0 0 0 0 0 0 0 0.031445 -0.054631 -0.25319 0 0 0 0 0
0 0 0.25691 0 0 0 0 0 0 0 0 0 0 -0.030962 0.053792 0.2493 0 0 0 0 0
-0 -0 -0.028313 0 0 0 0 0 0 0 0 0 0 0.0034122 -0.0059281 -0.027474 0 0 0 0 0
0 0 0.16552 0 0 0 0 0 0 0 0 0 0 -0.019948 0.034657 0.16062 0 0 0 0 0
-0 -0 -0.19141 0 0 0 0 0 0 0 0 0 0 0.023068 -0.040077 -0.18574 0 0 0 0 0
0 0 0.25879 0 0 0 0 0 0 0 0 0 0 -0.031188 0.054184 0.25112 0 0 0 0 0
0 0 0.16911 0 0 0 0 0 0 0 0 0 0 -0.020381 0.035409 0.1641 0 0 0 0 0
0 0 0.13394 0 0 0 0 0 0 0 0 0 0 -0.016142 0.028044 0.12997 0 0 0 0 0
-0 -0 -0.09823 0 0 0 0 0 0 0 0 0 0 0.011838 -0.020567 -0.095321 0 0 0 0 0
-0 -0 -0.16025 0 0 0 0 0 0 0 0 0 0 0.019313 -0.033552 -0.1555 0 0 0 0 0
0 0 0.0018407 0 0 0 0 0 0 0 0 0 0 -0.00022184 0.00038541 0.0017862 0 0 0 0 0
0 0 0.053185 0 0 0 0 0 0 0 0 0 0 -0.0064097 0.011136 0.05161 0 0 0 0 0
0 0 0.24533 0 0 0 0 0 0 0 0 0 0 -0.029567 0.051367 0.23806 0 0 0 0 0
-0 -0 -0.34344 0 0 0 0 0 0 0 0 0 0 0.04139 -0.071909 -0.33327 0 0 0 0 0
0 0 0.10782 0 0 0 0 0 0 0 0 0 0 -0.012994 0.022575 0.10463 0 0 0 0 0
0 0 0.11844 0 0 0 0 0 0 0 0 0 0 -0.014274 0.024799 0.11493 0 0 0 0 0
0 0 0.079468 0 0 0 0 0 0 0 0 0 0 -0.0095773 0.016639 0.077114 0 0 0 0 0
0 0 0.048338 0 0 0 0 0 0 0 0 0 0 -0.0058255 0.010121 0.046906 0 0 0 0 0
-0 -0 -0.11022 0 0 0 0 0 0 0 0 0 0 0.013283 -0.023077 -0.10695 0 0 0 0 0
-0 -0 -0.33296 0 0 0 0 0 0 0 0 0 0 0.040127 -0.069714 -0.32309 0 0 0 0 0
0 0 0.034386 0 0 0 0 0 0 0 0 0 0 -0.0041441 0.0071996 0.033367 0 0 0 0 0
0 0 0.28151 0 0 0 0 0 0 0 0 0 0 -0.033926 0.058942 0.27317 0 0 0 0 0
0 0 0.26494 0 0 0 0 0 0 0 0 0 0 -0.03193 0.055474 0.2571 0 0 0 0 0
-0 -0 -0.021064 0 0 0 0 0 0 0 0 0 0 0.0025386 -0.0044104 -0.02044 0 0 0 0 0
0 0 0.15499 0 0 0 0 0 0 0 0 0 0 -0.018679 0.032452 0.1504 0 0 0 0 0
0 0 0.23059 0 0 0 0 0 0 0 0 0 0 -0.02779 0.048281 0.22376 0 0 0 0 0
0 0 0.13555 0 0 0 0 0 0 0 0 0 0 -0.016336 0.02838 0.13153 0 0 0 0 0
0 0 0.33252 0 0 0 0 0 0 0 0 0 0 -0.040074 0.069622 0.32267 0 0 0 0 0
0 0 0.24629 0 0 0 0 0 0 0 0 0 0 -0.029682 0.051567 0.23899 0 0 0 0 0
-0 -0 -0.12791 0 0 0 0 0 0 0 0 0 0 0.015415 -0.026782 -0.12412 0 0 0 0 0
0 0 0.31975 0 0 0 0 0 0 0 0 0 0 -0.038535 0.066948 0.31027 0 0 0 0 0
0 0 0.0095526 0 0 0 0 0 0 0 0 0 0 -0.0011513 0.0020001 0.0092697 0 0 0 0 0
0 0 0.12119 0 0 0 0 0 0 0 0 0 0 -0.014606 0.025375 0.1176 0 0 0 0 0
