0 0 0 0.087514 0 0 0 0 -0 -0 0 0.074553 -0.04201 0.018324 0 0
-0 -0 -0 0.0048376 0 0 0 0 -0 -0 0 0.0041211 -0.0023222 0.0010129 0 0
-0 -0 -0 0.1157 0 0 0 0 -0 -0 0 0.098563 -0.055539 0.024225 0 0
-0 -0 -0 0.17871 0 0 0 0 -0 -0 0 0.15224 -0.085786 0.037418 0 0
0 0 0 0.16293 0 0 0 0 -0 -0 0 0.1388 -0.078212 0.034114 0 0
0 0 0 0.19038 0 0 0 0 -0 -0 0 0.16218 -0.091387 0.039861 0 0
-0 -0 -0 0.046927 0 0 0 0 -0 -0 0 0.039977 -0.022527 0.0098256 0 0
0 0 0 0.064689 0 0 0 0 -0 -0 0 0.055108 -0.031053 0.013544 0 0
0 0 0 0.035863 0 0 0 0 -0 -0 0 0.030552 -0.017216 0.007509 0 0
-0 -0 -0 0.038992 0 0 0 0 -0 -0 0 0.033217 -0.018717 0.0081641 0 0
-0 -0 -0 0.1021 0 0 0 0 -0 -0 0 0.086976 -0.04901 0.021377 0 0
-0 -0 -0 0.042874 0 0 0 0 -0 -0 0 0.036524 -0.020581 0.0089769 0 0
0 0 0 0.19231 0 0 0 0 -0 -0 0 0.16382 -0.092313 0.040265 0 0
0 0 0 0.073839 0 0 0 0 -0 -0 0 0.062903 -0.035445 0.01546 0 0
0 0 0 0.0073506 0 0 0 0 -0 -0 0 0.006262 -0.0035286 0.0015391 0 0
0 0 0 0.1195 0 0 0 0 -0 -0 0 0.1018 -0.057363 0.02502 0 0
-0 -0 -0 0.058165 0 0 0 0 -0 -0 0 0.049551 -0.027921 0.012179 0 0
-0 -0 -0 0.15747 0 0 0 0 -0 -0 0 0.13415 -0.075591 0.032971 0 0
-0 -0 -0 0.053561 0 0 0 0 -0 -0 0 0.045628 -0.025711 0.011214 0 0
0 0 0 0.041898 0 0 0 0 -0 -0 0 0.035693 -0.020112 0.0087726 0 0
0 0 0 0.020834 0 0 0 0 -0 -0 0 0.017749 -0.010001 0.0043622 0 0
0 0 0 0.051153 0 0 0 0 -0 -0 0 0.043577 -0.024555 0.01071 0 0
0 0 0 0.052896 0 0 0 0 -0 -0 0 0.045062 -0.025392 0.011075 0 0
-0 -0 -0 0.1043 0 0 0 0 -0 -0 0 0.088856 -0.050069 0.021839 0 0
-0 -0 -0 0.17253 0 0 0 0 -0 -0 0 0.14698 -0.08282 0.036124 0 0
-0 -0 -0 0.065735 0 0 0 0 -0 -0 0 0.056 -0.031555 0.013764 0 0
0 0 0 0.034576 0 0 0 0 -0 -0 0 0.029455 -0.016598 0.0072395 0 0
-0 -0 -0 0.0006429 0 0 0 0 -0 -0 0 0.00054768 -0.00030861 0.00013461 0 0
-0 -0 -0 0.067025 0 0 0 0 -0 -0 0 0.057099 -0.032174 0.014034 0 0
-0 -0 -0 0.031507 0 0 0 0 -0 -0 0 0.026841 -0.015124 0.0065969 0 0
-0 -0 -0 0.037969 0 0 0 0 -0 -0 0 0.032346 -0.018226 0.0079499 0 0
-0 -0 -0 0.099093 0 0 0 0 -0 -0 0 0.084417 -0.047568 0.020748 0 0
-0 -0 -0 0.15359 0 0 0 0 -0 -0 0 0.13085 -0.073731 0.032159 0 0
-0 -0 -0 0.097185 0 0 0 0 -0 -0 0 0.082792 -0.046652 0.020349 0 0
0 0 0 0.033304 0 0 0 0 -0 -0 0 0.028371 -0.015987 0.0069731 0 0
-0 -0 -0 0.16666 0 0 0 0 -0 -0 0 0.14198 -0.080002 0.034895 0 0
0 0 0 0.082267 0 0 0 0 -0 -0 0 0.070083 -0.039491 0.017225 0 0
0 0 0 0.12745 0 0 0 0 -0 -0 0 0.10857 -0.061181 0.026685 0 0
0 0 0 0.089699 0 0 0 0 -0 -0 0 0.076414 -0.043059 0.018781 0 0
-0 -0 -0 0.035143 0 0 0 0 -0 -0 0 0.029938 -0.01687 0.0073581 0 0
-0 -0 -0 0.094748 0 0 0 0 -0 -0 0 0.080715 -0.045482 0.019838 0 0
-0 -0 -0 0.19197 0 0 0 0 -0 -0 0 0.16354 -0.092152 0.040195 0 0
0 0 0 0.16812 0 0 0 0 -0 -0 0 0.14322 -0.080701 0.0352 0 0
-0 -0 -0 0.050321 0 0 0 0 -0 -0 0 0.042868 -0.024156 0.010536 0 0
0 0 0 0.020878 0 0 0 0 -0 -0 0 0.017786 -0.010022 0.0043714 0 0
0 0 0 0.083173 0 0 0 0 -0 -0 0 0.070855 -0.039926 0.017415 0 0
0 0 0 0.14153 0 0 0 0 -0 -0 0 0.12057 -0.067939 0.029633 0 0
0 0 0 0.041899 0 0 0 0 -0 -0 0 0.035693 -0.020113 0.0087727 0 0
0 0 0 0.19457 0 0 0 0 -0 -0 0 0.16575 -0.093399 0.040738 0 0
0 0 0 0.19007 0 0 0 0 -0 -0 0 0.16192 -0.091242 0.039797 0 0
-0 -0 -0 0.08159 0 0 0 0 -0 -0 0 0.069507 -0.039166 0.017083 0 0
-0 -0 -0 0.099839 0 0 0 0 -0 -0 0 0.085053 -0.047926 0.020904 0 0
0 0 0 0.13298 0 0 0 0 -0 -0 0 0.11329 -0.063835 0.027843 0 0
-0 -0 -0 0.015468 0 0 0 0 -0 -0 0 0.013177 -0.0074249 0.0032386 0 0
-0 -0 -0 0.17969 0 0 0 0 -0 -0 0 0.15307 -0.086255 0.037622 0 0
-0 -0 -0 0.12591 0 0 0 0 -0 -0 0 0.10726 -0.06044 0.026362 0 0
0 0 0 0.012189 0 0 0 0 -0 -0 0 0.010384 -0.0058513 0.0025522 0 0
-0 -0 -0 0.00042356 0 0 0 0 -0 -0 0 0.00036083 -0.00020332 8.8685e-05 0 0
-0 -0 -0 0.056064 0 0 0 0 -0 -0 0 0.04776 -0.026912 0.011739 0 0
0 0 0 0.082674 0 0 0 0 -0 -0 0 0.07043 -0.039686 0.01731 0 0
0 0 0 0.10367 0 0 0 0 -0 -0 0 0.088319 -0.049767 0.021707 0 0
-0 -0 -0 0.18865 0 0 0 0 -0 -0 0 0.16071 -0.090558 0.039499 0 0
-0 -0 -0 0.15775 0 0 0 0 -0 -0 0 0.13439 -0.075725 0.033029 0 0
-0 -0 -0 0.1161 0 0 0 0 -0 -0 0 0.098902 -0.05573 0.024308 0 0
0 0 0 0.10154 0 0 0 0 -0 -0 0 0.086498 -0.04874 0.021259 0 0
0 0 0 0.037996 0 0 0 0 -0 -0 0 0.032369 -0.01824 0.0079556 0 0
0 0 0 0.12321 0 0 0 0 -0 -0 0 0.10496 -0.059144 0.025797 0 0
-0 -0 -0 0.081883 0 0 0 0 -0 -0 0 0.069756 -0.039307 0.017145 0 0
0 0 0 0.0021894 0 0 0 0 -0 -0 0 0.0018651 -0.001051 0.00045841 0 0
0 0 0 0.17004 0 0 0 0 -0 -0 0 0.14486 -0.081627 0.035604 0 0
-0 -0 -0 0.063853 0 0 0 0 -0 -0 0 0.054396 -0.030652 0.013369 0 0
0 0 0 0.036168 0 0 0 0 -0 -0 0 0.030812 -0.017362 0.0075729 0 0
-0 -0 -0 0.0579 0 0 0 0 -0 -0 0 0.049325 -0.027794 0.012123 0 0
0 0 0 0.13143 0 0 0 0 -0 -0 0 0.11197 -0.063092 0.027519 0 0
-0 -0 -0 0.16102 0 0 0 0 -0 -0 0 0.13717 -0.077293 0.033713 0 0
0 0 0 0.15523 0 0 0 0 -0 -0 0 0.13224 -0.074514 0.032501 0 0
-0 -0 -0 0.073469 0 0 0 0 -0 -0 0 0.062588 -0.035267 0.015383 0 0
0 0 0 0.026836 0 0 0 0 -0 -0 0 0.022862 -0.012882 0.005619 0 0
0 0 0 0.13829 0 0 0 0 -0 -0 0 0.11781 -0.066383 0.028954 0 0
-0 -0 -0 0.19057 0 0 0 0 -0 -0 0 0.16234 -0.091478 0.0399 0 0
-0 -0 -0 0.033163 0 0 0 0 -0 -0 0 0.028252 -0.01592 0.0069437 0 0
0 0 0 0.00058809 0 0 0 0 -0 -0 0 0.000501 -0.0002823 0.00012313 0 0
0 0 0 0.052226 0 0 0 0 -0 -0 0 0.044491 -0.02507 0.010935 0 0
0 0 0 0.094819 0 0 0 0 -0 -0 0 0.080776 -0.045516 0.019853 0 0
0 0 0 0.13484 0 0 0 0 -0 -0 0 0.11487 -0.064726 0.028232 0 0
-0 -0 -0 0.12362 0 0 0 0 -0 -0 0 0.10531 -0.05934 0.025882 0 0
-0 -0 -0 0.085188 0 0 0 0 -0 -0 0 0.072572 -0.040893 0.017837 0 0
0 0 0 0.18033 0 0 0 0 -0 -0 0 0.15362 -0.086563 0.037757 0 0
-0 -0 -0 0.015611 0 0 0 0 -0 -0 0 0.013299 -0.0074938 0.0032686 0 0
0 0 0 0.058373 0 0 0 0 -0 -0 0 0.049728 -0.028021 0.012222 0 0
-0 -0 -0 0.097048 0 0 0 0 -0 -0 0 0.082675 -0.046586 0.02032 0 0
0 0 0 0.078427 0 0 0 0 -0 -0 0 0.066811 -0.037647 0.016421 0 0
0 0 0 0.14408 0 0 0 0 -0 -0 0 0.12274 -0.069165 0.030168 0 0
-0 -0 -0 0.085539 0 0 0 0 -0 -0 0 0.072871 -0.041062 0.01791 0 0
-0 -0 -0 0.056597 0 0 0 0 -0 -0 0 0.048215 -0.027169 0.01185 0 0
0 0 0 0.031057 0 0 0 0 -0 -0 0 0.026457 -0.014908 0.0065026 0 0
0 0 0 0.18656 0 0 0 0 -0 -0 0 0.15893 -0.089553 0.039061 0 0
-0 -0 -0 0.069222 0 0 0 0 -0 -0 0 0.05897 -0.033229 0.014494 0 0
0 0 0 0.1055 0 0 0 0 -0 -0 0 0.089872 -0.050642 0.022089 0 0
0 0 0 0.0323 0 0 0 0 -0 -0 0 0.027516 -0.015505 0.0067629 0 0
