-0 -0 -0.31334 0 0 0 0 0 0 0 0 0 0 0.049123 -0.058595 -0.30387 -0.015729 -0.043693 0.0058827 0 0
-0 -0 -0.19651 0 0 0 0 0 0 0 0 0 0 0.030807 -0.036747 -0.19057 -0.0082763 -0.027949 0.0040515 0 0
-0 -0 -0.10907 0 0 0 0 0 0 0 0 0 0 0.017099 -0.020397 -0.10577 -0.0039178 -0.015695 0.0023931 0 0
-0 -0 -0.20443 0 0 0 0 0 0 0 0 0 0 0.032049 -0.038229 -0.19825 -0.0087235 -0.029041 0.0041898 0 0
0 0 0.097142 0 0 0 0 0 0 0 0 0 0 -0.015229 0.018166 0.094205 0.0020348 0.014219 -0.002413 0 0
0 0 0.22899 0 0 0 0 0 0 0 0 0 0 -0.035899 0.042821 0.22207 0.0025701 0.033633 -0.0060701 0 0
-0 -0 -0.19464 0 0 0 0 0 0 0 0 0 0 0.030514 -0.036399 -0.18876 -0.0081722 -0.027691 0.0040186 0 0
0 0 0.27575 0 0 0 0 0 0 0 0 0 0 -0.043229 0.051565 0.26741 0.0021418 0.040493 -0.0074622 0 0
0 0 0.32623 0 0 0 0 0 0 0 0 0 0 -0.051143 0.061005 0.31637 0.0013172 0.047858 -0.0090156 0 0
-0 -0 -0.25555 0 0 0 0 0 0 0 0 0 0 0.040062 -0.047788 -0.24782 -0.011814 -0.036006 0.0050332 0 0
0 0 0.32826 0 0 0 0 0 0 0 0 0 0 -0.051462 0.061386 0.31834 0.0012761 0.048154 -0.0090792 0 0
0 0 0.17148 0 0 0 0 0 0 0 0 0 0 -0.026884 0.032068 0.1663 0.002653 0.025168 -0.0044243 0 0
-0 -0 -0.10958 0 0 0 0 0 0 0 0 0 0 0.01718 -0.020492 -0.10627 -0.0039403 -0.015768 0.0024035 0 0
-0 -0 -0.13684 0 0 0 0 0 0 0 0 0 0 0.021453 -0.025589 -0.1327 -0.0051863 -0.019624 0.0029457 0 0
-0 -0 -0.20708 0 0 0 0 0 0 0 0 0 0 0.032464 -0.038724 -0.20082 -0.008875 -0.029406 0.0042356 0 0
0 0 0.031637 0 0 0 0 0 0 0 0 0 0 -0.0049598 0.0059162 0.030681 0.00081449 0.0046131 -0.00075788 0 0
-0 -0 -0.12509 0 0 0 0 0 0 0 0 0 0 0.019611 -0.023393 -0.12131 -0.0046364 -0.017966 0.0027148 0 0
0 0 0.058329 0 0 0 0 0 0 0 0 0 0 -0.0091443 0.010908 0.056566 0.0013878 0.00852 -0.0014186 0 0
0 0 0.14675 0 0 0 0 0 0 0 0 0 0 -0.023006 0.027443 0.14231 0.0025381 0.021523 -0.0037401 0 0
-0 -0 -0.055835 0 0 0 0 0 0 0 0 0 0 0.0087534 -0.010441 -0.054147 -0.0017921 -0.0080812 0.0012686 0 0
-0 -0 -0.1731 0 0 0 0 0 0 0 0 0 0 0.027137 -0.03237 -0.16787 -0.0070051 -0.024703 0.0036311 0 0
0 0 0.17887 0 0 0 0 0 0 0 0 0 0 -0.028042 0.033449 0.17346 0.0026698 0.026256 -0.0046314 0 0
0 0 0.33166 0 0 0 0 0 0 0 0 0 0 -0.051995 0.062021 0.32163 0.0012061 0.048647 -0.0091857 0 0
0 0 0.14777 0 0 0 0 0 0 0 0 0 0 -0.023167 0.027634 0.14331 0.0025446 0.021674 -0.0037681 0 0
0 0 0.32927 0 0 0 0 0 0 0 0 0 0 -0.05162 0.061574 0.31931 0.0012556 0.048299 -0.0091107 0 0
-0 -0 -0.12702 0 0 0 0 0 0 0 0 0 0 0.019913 -0.023753 -0.12318 -0.0047254 -0.018238 0.002753 0 0
-0 -0 -0.15558 0 0 0 0 0 0 0 0 0 0 0.02439 -0.029093 -0.15087 -0.0061032 -0.022256 0.003305 0 0
-0 -0 -0.04362 0 0 0 0 0 0 0 0 0 0 0.0068384 -0.0081571 -0.042301 -0.0013615 -0.0063208 0.00099875 0 0
-0 -0 -0.086069 0 0 0 0 0 0 0 0 0 0 0.013493 -0.016095 -0.083467 -0.0029497 -0.012418 0.0019176 0 0
0 0 0.26135 0 0 0 0 0 0 0 0 0 0 -0.040972 0.048872 0.25344 0.0023081 0.038384 -0.0070285 0 0
-0 -0 -0.28009 0 0 0 0 0 0 0 0 0 0 0.04391 -0.052377 -0.27162 -0.013423 -0.039296 0.0054076 0 0
0 0 0.228 0 0 0 0 0 0 0 0 0 0 -0.035744 0.042637 0.22111 0.0025756 0.033488 -0.0060412 0 0
0 0 0.34708 0 0 0 0 0 0 0 0 0 0 -0.054413 0.064905 0.33659 0.00086724 0.050883 -0.0096717 0 0
0 0 0.3053 0 0 0 0 0 0 0 0 0 0 -0.047862 0.057091 0.29607 0.0017046 0.044811 -0.0083654 0 0
0 0 0.20861 0 0 0 0 0 0 0 0 0 0 -0.032703 0.03901 0.2023 0.0026555 0.030635 -0.0054781 0 0
-0 -0 -0.26216 0 0 0 0 0 0 0 0 0 0 0.041099 -0.049024 -0.25423 -0.01224 -0.036896 0.0051361 0 0
-0 -0 -0.16657 0 0 0 0 0 0 0 0 0 0 0.026113 -0.031149 -0.16153 -0.006664 -0.023793 0.0035107 0 0
-0 -0 -0.27818 0 0 0 0 0 0 0 0 0 0 0.04361 -0.05202 -0.26977 -0.013295 -0.039041 0.0053792 0 0
0 0 0.32546 0 0 0 0 0 0 0 0 0 0 -0.051023 0.060862 0.31562 0.0013325 0.047747 -0.0089916 0 0
0 0 0.1757 0 0 0 0 0 0 0 0 0 0 -0.027545 0.032856 0.17039 0.0026636 0.025789 -0.0045423 0 0
0 0 0.21049 0 0 0 0 0 0 0 0 0 0 -0.033 0.039363 0.20413 0.0026502 0.030913 -0.0055326 0 0
0 0 0.1792 0 0 0 0 0 0 0 0 0 0 -0.028093 0.03351 0.17378 0.0026704 0.026304 -0.0046406 0 0
0 0 0.14463 0 0 0 0 0 0 0 0 0 0 -0.022674 0.027047 0.14026 0.0025241 0.021211 -0.0036822 0 0
-0 -0 -0.26955 0 0 0 0 0 0 0 0 0 0 0.042257 -0.050406 -0.2614 -0.012722 -0.037888 0.0052493 0 0
0 0 0.26604 0 0 0 0 0 0 0 0 0 0 -0.041707 0.04975 0.258 0.0022573 0.039072 -0.0071694 0 0
0 0 0.22286 0 0 0 0 0 0 0 0 0 0 -0.034939 0.041676 0.21613 0.0026022 0.032733 -0.0058913 0 0
0 0 0.15135 0 0 0 0 0 0 0 0 0 0 -0.023727 0.028302 0.14677 0.0025663 0.0222 -0.0038661 0 0
0 0 0.071918 0 0 0 0 0 0 0 0 0 0 -0.011275 0.013449 0.069744 0.0016396 0.010513 -0.0017622 0 0
0 0 0.25856 0 0 0 0 0 0 0 0 0 0 -0.040535 0.048352 0.25075 0.0023367 0.037976 -0.0069452 0 0
0 0 0.031004 0 0 0 0 0 0 0 0 0 0 -0.0048605 0.0057977 0.030066 0.00079962 0.0045205 -0.00074244 0 0
-0 -0 -0.27453 0 0 0 0 0 0 0 0 0 0 0.043038 -0.051337 -0.26623 -0.013051 -0.038554 0.0053245 0 0
-0 -0 -0.21375 0 0 0 0 0 0 0 0 0 0 0.03351 -0.039972 -0.20729 -0.0092606 -0.030322 0.0043499 0 0
0 0 0.34275 0 0 0 0 0 0 0 0 0 0 -0.053733 0.064094 0.33238 0.00096606 0.050255 -0.0095346 0 0
-0 -0 -0.15071 0 0 0 0 0 0 0 0 0 0 0.023627 -0.028183 -0.14615 -0.0058603 -0.021573 0.0032127 0 0
0 0 0.19999 0 0 0 0 0 0 0 0 0 0 -0.031353 0.037399 0.19395 0.0026731 0.029367 -0.0052308 0 0
-0 -0 -0.059525 0 0 0 0 0 0 0 0 0 0 0.0093318 -0.011131 -0.057726 -0.0019263 -0.0086121 0.0013493 0 0
0 0 0.24737 0 0 0 0 0 0 0 0 0 0 -0.038781 0.046259 0.23989 0.0024402 0.036334 -0.0066119 0 0
-0 -0 -0.12139 0 0 0 0 0 0 0 0 0 0 0.01903 -0.022699 -0.11772 -0.0044669 -0.017441 0.0026411 0 0
0 0 0.055195 0 0 0 0 0 0 0 0 0 0 -0.0086531 0.010322 0.053527 0.0013259 0.0080608 -0.00134 0 0
0 0 0.023203 0 0 0 0 0 0 0 0 0 0 -0.0036376 0.004339 0.022502 0.00061164 0.0033813 -0.00055314 0 0
0 0 0.31488 0 0 0 0 0 0 0 0 0 0 -0.049364 0.058883 0.30536 0.0015353 0.046207 -0.0086619 0 0
-0 -0 -0.23994 0 0 0 0 0 0 0 0 0 0 0.037615 -0.044869 -0.23268 -0.010833 -0.033895 0.0047847 0 0
0 0 0.30785 0 0 0 0 0 0 0 0 0 0 -0.048262 0.057568 0.29854 0.0016608 0.045183 -0.0084442 0 0
-0 -0 -0.06185 0 0 0 0 0 0 0 0 0 0 0.0096963 -0.011566 -0.05998 -0.0020119 -0.0089463 0.0013999 0 0
0 0 0.0092101 0 0 0 0 0 0 0 0 0 0 -0.0014439 0.0017223 0.0089317 0.00025217 0.0013407 -0.00021777 0 0
-0 -0 -0.071213 0 0 0 0 0 0 0 0 0 0 0.011164 -0.013317 -0.069061 -0.0023646 -0.010291 0.0016021 0 0
0 0 0.13177 0 0 0 0 0 0 0 0 0 0 -0.020657 0.02464 0.12778 0.0024244 0.019316 -0.0033328 0 0
0 0 0.18914 0 0 0 0 0 0 0 0 0 0 -0.029652 0.03537 0.18342 0.0026797 0.027769 -0.0049215 0 0
0 0 0.15562 0 0 0 0 0 0 0 0 0 0 -0.024396 0.0291 0.15091 0.0025897 0.02283 -0.0039836 0 0
-0 -0 -0.089352 0 0 0 0 0 0 0 0 0 0 0.014008 -0.016709 -0.086651 -0.0030833 -0.012887 0.0019865 0 0
0 0 0.23503 0 0 0 0 0 0 0 0 0 0 -0.036846 0.043951 0.22792 0.0025329 0.034521 -0.0062473 0 0
0 0 0.08659 0 0 0 0 0 0 0 0 0 0 -0.013575 0.016193 0.083972 0.0018808 0.012668 -0.0021388 0 0
0 0 0.077415 0 0 0 0 0 0 0 0 0 0 -0.012136 0.014477 0.075075 0.0017337 0.01132 -0.0019027 0 0
-0 -0 -0.24711 0 0 0 0 0 0 0 0 0 0 0.038741 -0.046211 -0.23964 -0.01128 -0.034868 0.0049 0 0
-0 -0 -0.26518 0 0 0 0 0 0 0 0 0 0 0.041573 -0.049589 -0.25716 -0.012436 -0.037302 0.0051826 0 0
-0 -0 -0.078487 0 0 0 0 0 0 0 0 0 0 0.012305 -0.014677 -0.076115 -0.0026472 -0.011333 0.0017574 0 0
0 0 0.2204 0 0 0 0 0 0 0 0 0 0 -0.034553 0.041216 0.21374 0.0026135 0.032371 -0.0058197 0 0
0 0 0.0074915 0 0 0 0 0 0 0 0 0 0 -0.0011745 0.0014009 0.007265 0.00020605 0.0010904 -0.00017695 0 0
-0 -0 -0.1691 0 0 0 0 0 0 0 0 0 0 0.026511 -0.031623 -0.16399 -0.0067957 -0.024146 0.0035576 0 0
-0 -0 -0.15869 0 0 0 0 0 0 0 0 0 0 0.024879 -0.029676 -0.1539 -0.0062606 -0.022692 0.0033637 0 0
-0 -0 -0.014738 0 0 0 0 0 0 0 0 0 0 0.0023105 -0.002756 -0.014292 -0.00042919 -0.0021412 0.00034352 0 0
-0 -0 -0.13769 0 0 0 0 0 0 0 0 0 0 0.021586 -0.025748 -0.13353 -0.0052267 -0.019743 0.0029621 0 0
0 0 0.20817 0 0 0 0 0 0 0 0 0 0 -0.032635 0.038929 0.20188 0.0026567 0.030571 -0.0054656 0 0
0 0 0.1069 0 0 0 0 0 0 0 0 0 0 -0.016759 0.019991 0.10367 0.0021625 0.015655 -0.0026692 0 0
-0 -0 -0.31605 0 0 0 0 0 0 0 0 0 0 0.049548 -0.059103 -0.3065 -0.015924 -0.044049 0.0059198 0 0
0 0 0.2216 0 0 0 0 0 0 0 0 0 0 -0.034741 0.04144 0.2149 0.0026081 0.032548 -0.0058546 0 0
-0 -0 -0.11167 0 0 0 0 0 0 0 0 0 0 0.017507 -0.020883 -0.1083 -0.0040321 -0.016065 0.0024459 0 0
-0 -0 -0.12255 0 0 0 0 0 0 0 0 0 0 0.019213 -0.022918 -0.11885 -0.0045201 -0.017606 0.0026643 0 0
0 0 0.28975 0 0 0 0 0 0 0 0 0 0 -0.045425 0.054184 0.28099 0.0019506 0.042542 -0.0078881 0 0
0 0 0.10937 0 0 0 0 0 0 0 0 0 0 -0.017147 0.020453 0.10607 0.0021927 0.016019 -0.0027345 0 0
-0 -0 -0.22882 0 0 0 0 0 0 0 0 0 0 0.035872 -0.04279 -0.2219 -0.010154 -0.032383 0.0046029 0 0
-0 -0 -0.176 0 0 0 0 0 0 0 0 0 0 0.027592 -0.032913 -0.17068 -0.0071588 -0.025107 0.0036842 0 0
-0 -0 -0.23489 0 0 0 0 0 0 0 0 0 0 0.036825 -0.043926 -0.22779 -0.010523 -0.03321 0.0047028 0 0
-0 -0 -0.21586 0 0 0 0 0 0 0 0 0 0 0.03384 -0.040366 -0.20933 -0.0093837 -0.030611 0.0043857 0 0
0 0 0.31242 0 0 0 0 0 0 0 0 0 0 -0.048978 0.058423 0.30297 0.00158 0.045849 -0.0085856 0 0
-0 -0 -0.10859 0 0 0 0 0 0 0 0 0 0 0.017023 -0.020306 -0.10531 -0.0038967 -0.015626 0.0023833 0 0
0 0 0.14002 0 0 0 0 0 0 0 0 0 0 -0.021951 0.026184 0.13579 0.0024911 0.020532 -0.0035564 0 0
-0 -0 -0.21355 0 0 0 0 0 0 0 0 0 0 0.033478 -0.039934 -0.20709 -0.0092489 -0.030294 0.0043465 0 0
0 0 0.20748 0 0 0 0 0 0 0 0 0 0 -0.032527 0.038799 0.20121 0.0026584 0.030469 -0.0054456 0 0
0 0 0.089587 0 0 0 0 0 0 0 0 0 0 -0.014045 0.016753 0.086879 0.0019262 0.013109 -0.0022164 0 0
