0 0 0.30145 0 0 0 0 0 0 0 0 0 0 -0.03633 0.063117 0.29252 -0.013796 0.0052055 -0.0028365 0 0
0 0 0.18139 0 0 0 0 0 0 0 0 0 0 -0.02186 0.037978 0.17601 -0.0081019 0.003631 -0.0017897 0 0
-0 -0 -0.17213 0 0 0 0 0 0 0 0 0 0 0.020744 -0.03604 -0.16703 0.0069191 -0.0047405 0.0018822 0 0
0 0 0.31648 0 0 0 0 0 0 0 0 0 0 -0.038141 0.066264 0.3071 -0.014522 0.0053545 -0.0029589 0 0
0 0 0.0070313 0 0 0 0 0 0 0 0 0 0 -0.0008474 0.0014722 0.0068231 -0.00030013 0.00016771 -7.3461e-05 0 0
-0 -0 -0.16809 0 0 0 0 0 0 0 0 0 0 0.020258 -0.035195 -0.16311 0.0067671 -0.0046159 0.0018364 0 0
-0 -0 -0.18758 0 0 0 0 0 0 0 0 0 0 0.022607 -0.039276 -0.18203 0.0074963 -0.0052232 0.002058 0 0
-0 -0 -0.21425 0 0 0 0 0 0 0 0 0 0 0.025821 -0.044859 -0.2079 0.0084736 -0.0060769 0.0023636 0 0
-0 -0 -0.27094 0 0 0 0 0 0 0 0 0 0 0.032653 -0.05673 -0.26292 0.01047 -0.0079777 0.0030217 0 0
-0 -0 -0.18435 0 0 0 0 0 0 0 0 0 0 0.022217 -0.038598 -0.17889 0.007376 -0.0051213 0.0020211 0 0
0 0 0.33291 0 0 0 0 0 0 0 0 0 0 -0.040121 0.069704 0.32305 -0.015319 0.0055049 -0.0030903 0 0
0 0 0.02091 0 0 0 0 0 0 0 0 0 0 -0.00252 0.0043781 0.02029 -0.00089615 0.00049252 -0.00021757 0 0
0 0 0.30025 0 0 0 0 0 0 0 0 0 0 -0.036185 0.062866 0.29136 -0.013738 0.0051931 -0.0028267 0 0
0 0 0.34222 0 0 0 0 0 0 0 0 0 0 -0.041244 0.071654 0.33209 -0.015772 0.0055845 -0.0031638 0 0
-0 -0 -0.11808 0 0 0 0 0 0 0 0 0 0 0.014231 -0.024724 -0.11459 0.0048406 -0.0031243 0.0012753 0 0
0 0 0.15897 0 0 0 0 0 0 0 0 0 0 -0.019159 0.033286 0.15427 -0.0070643 0.0032625 -0.0015813 0 0
0 0 0.14786 0 0 0 0 0 0 0 0 0 0 -0.01782 0.030959 0.14348 -0.0065532 0.0030712 -0.0014765 0 0
0 0 0.13854 0 0 0 0 0 0 0 0 0 0 -0.016697 0.029008 0.13444 -0.0061266 0.0029065 -0.001388 0 0
0 0 0.18803 0 0 0 0 0 0 0 0 0 0 -0.022661 0.03937 0.18246 -0.0084112 0.0037357 -0.0018507 0 0
0 0 0.014762 0 0 0 0 0 0 0 0 0 0 -0.0017791 0.0030908 0.014325 -0.00063154 0.00034966 -0.00015388 0 0
0 0 0.23727 0 0 0 0 0 0 0 0 0 0 -0.028595 0.049678 0.23024 -0.010726 0.0044482 -0.0022919 0 0
-0 -0 -0.146 0 0 0 0 0 0 0 0 0 0 0.017595 -0.030569 -0.14167 0.0059256 -0.0039449 0.0015871 0 0
0 0 0.30053 0 0 0 0 0 0 0 0 0 0 -0.03622 0.062926 0.29163 -0.013752 0.0051961 -0.002829 0 0
-0 -0 -0.10768 0 0 0 0 0 0 0 0 0 0 0.012978 -0.022547 -0.1045 0.0044304 -0.0028264 0.0011601 0 0
0 0 0.15128 0 0 0 0 0 0 0 0 0 0 -0.018232 0.031675 0.1468 -0.0067102 0.0031307 -0.0015089 0 0
-0 -0 -0.068885 0 0 0 0 0 0 0 0 0 0 0.0083018 -0.014423 -0.066844 0.0028714 -0.0017531 0.00073487 0 0
-0 -0 -0.02599 0 0 0 0 0 0 0 0 0 0 0.0031322 -0.0054417 -0.02522 0.0010983 -0.00063812 0.00027409 0 0
-0 -0 -0.053878 0 0 0 0 0 0 0 0 0 0 0.0064932 -0.011281 -0.052282 0.0022568 -0.0013543 0.00057252 0 0
-0 -0 -0.32127 0 0 0 0 0 0 0 0 0 0 0.038718 -0.067267 -0.31175 0.012146 -0.0097584 0.0036141 0 0
0 0 0.12409 0 0 0 0 0 0 0 0 0 0 -0.014955 0.025982 0.12042 -0.0054681 0.0026433 -0.0012495 0 0
-0 -0 -0.051406 0 0 0 0 0 0 0 0 0 0 0.0061953 -0.010763 -0.049883 0.002155 -0.0012895 0.00054589 0 0
-0 -0 -0.18365 0 0 0 0 0 0 0 0 0 0 0.022134 -0.038453 -0.17821 0.0073503 -0.0050996 0.0020132 0 0
-0 -0 -0.0023481 0 0 0 0 0 0 0 0 0 0 0.00028298 -0.00049164 -0.0022785 9.9946e-05 -5.6475e-05 2.4598e-05 0 0
0 0 0.30409 0 0 0 0 0 0 0 0 0 0 -0.036648 0.06367 0.29508 -0.013923 0.0052324 -0.0028582 0 0
0 0 0.26429 0 0 0 0 0 0 0 0 0 0 -0.031852 0.055337 0.25646 -0.012012 0.0047909 -0.0025255 0 0
0 0 0.086289 0 0 0 0 0 0 0 0 0 0 -0.010399 0.018067 0.083733 -0.0037657 0.00191 -0.00087982 0 0
0 0 0.2016 0 0 0 0 0 0 0 0 0 0 -0.024297 0.042211 0.19563 -0.0090453 0.0039434 -0.0019743 0 0
0 0 0.13367 0 0 0 0 0 0 0 0 0 0 -0.016109 0.027987 0.12971 -0.005904 0.0028188 -0.0013415 0 0
0 0 0.28133 0 0 0 0 0 0 0 0 0 0 -0.033905 0.058904 0.273 -0.012827 0.0049891 -0.0026696 0 0
0 0 0.033807 0 0 0 0 0 0 0 0 0 0 -0.0040743 0.0070785 0.032806 -0.0014543 0.00078693 -0.00035041 0 0
-0 -0 -0.0012182 0 0 0 0 0 0 0 0 0 0 0.00014681 -0.00025506 -0.0011821 5.187e-05 -2.927e-05 1.2758e-05 0 0
0 0 0.18952 0 0 0 0 0 0 0 0 0 0 -0.022841 0.039682 0.18391 -0.0084808 0.003759 -0.0018644 0 0
0 0 0.014374 0 0 0 0 0 0 0 0 0 0 -0.0017324 0.0030097 0.013949 -0.00061488 0.0003406 -0.00014986 0 0
-0 -0 -0.15945 0 0 0 0 0 0 0 0 0 0 0.019217 -0.033386 -0.15473 0.0064398 -0.0043512 0.0017387 0 0
-0 -0 -0.30479 0 0 0 0 0 0 0 0 0 0 0.036733 -0.063818 -0.29577 0.011608 -0.0091661 0.0034194 0 0
0 0 0.13584 0 0 0 0 0 0 0 0 0 0 -0.016371 0.028442 0.13182 -0.006003 0.002858 -0.0013622 0 0
-0 -0 -0.12088 0 0 0 0 0 0 0 0 0 0 0.014568 -0.02531 -0.1173 0.0049505 -0.0032051 0.0013064 0 0
0 0 0.024929 0 0 0 0 0 0 0 0 0 0 -0.0030043 0.0052196 0.02419 -0.0010696 0.00058504 -0.00025908 0 0
0 0 0.14709 0 0 0 0 0 0 0 0 0 0 -0.017727 0.030798 0.14273 -0.0065179 0.0030577 -0.0014693 0 0
-0 -0 -0.070552 0 0 0 0 0 0 0 0 0 0 0.0085027 -0.014772 -0.068462 0.0029393 -0.0017979 0.00075298 0 0
0 0 0.3422 0 0 0 0 0 0 0 0 0 0 -0.04124 0.071649 0.33206 -0.01577 0.0055843 -0.0031635 0 0
-0 -0 -0.11177 0 0 0 0 0 0 0 0 0 0 0.013471 -0.023403 -0.10846 0.0045921 -0.002943 0.0012053 0 0
-0 -0 -0.32202 0 0 0 0 0 0 0 0 0 0 0.038809 -0.067424 -0.31248 0.012171 -0.0097856 0.003623 0 0
-0 -0 -0.11749 0 0 0 0 0 0 0 0 0 0 0.01416 -0.0246 -0.11401 0.0048174 -0.0031072 0.0012687 0 0
0 0 0.056603 0 0 0 0 0 0 0 0 0 0 -0.0068217 0.011852 0.054927 -0.0024505 0.0012896 -0.00058261 0 0
-0 -0 -0.23758 0 0 0 0 0 0 0 0 0 0 0.028633 -0.049745 -0.23055 0.0093091 -0.0068454 0.0026332 0 0
-0 -0 -0.096136 0 0 0 0 0 0 0 0 0 0 0.011586 -0.020129 -0.093288 0.0039709 -0.0025005 0.0010327 0 0
0 0 0.19744 0 0 0 0 0 0 0 0 0 0 -0.023795 0.041339 0.19159 -0.0088503 0.0038806 -0.0019365 0 0
0 0 0.063746 0 0 0 0 0 0 0 0 0 0 -0.0076824 0.013347 0.061858 -0.0027652 0.0014425 -0.00065466 0 0
0 0 0.24707 0 0 0 0 0 0 0 0 0 0 -0.029776 0.051731 0.23975 -0.011191 0.0045764 -0.0023773 0 0
0 0 0.036924 0 0 0 0 0 0 0 0 0 0 -0.00445 0.0077311 0.03583 -0.0015898 0.00085701 -0.00038236 0 0
0 0 0.24332 0 0 0 0 0 0 0 0 0 0 -0.029325 0.050947 0.23612 -0.011013 0.004528 -0.0023448 0 0
-0 -0 -0.20063 0 0 0 0 0 0 0 0 0 0 0.024179 -0.042007 -0.19468 0.0079773 -0.0056375 0.0022072 0 0
0 0 0.20014 0 0 0 0 0 0 0 0 0 0 -0.02412 0.041905 0.19421 -0.0089768 0.0039214 -0.001961 0 0
0 0 0.28281 0 0 0 0 0 0 0 0 0 0 -0.034084 0.059215 0.27444 -0.012899 0.0050058 -0.0026821 0 0
-0 -0 -0.047954 0 0 0 0 0 0 0 0 0 0 0.0057793 -0.010041 -0.046534 0.0020125 -0.0011995 0.00050877 0 0
0 0 0.212 0 0 0 0 0 0 0 0 0 0 -0.02555 0.044389 0.20572 -0.0095333 0.0040968 -0.0020679 0 0
0 0 0.068333 0 0 0 0 0 0 0 0 0 0 -0.0082353 0.014308 0.066309 -0.0029679 0.0015394 -0.00070076 0 0
0 0 0.27067 0 0 0 0 0 0 0 0 0 0 -0.03262 0.056672 0.26265 -0.012317 0.0048667 -0.0025798 0 0
-0 -0 -0.2766 0 0 0 0 0 0 0 0 0 0 0.033335 -0.057914 -0.26841 0.010663 -0.0081735 0.003088 0 0
0 0 0.31222 0 0 0 0 0 0 0 0 0 0 -0.037628 0.065373 0.30297 -0.014316 0.0053134 -0.0029245 0 0
0 0 0.2846 0 0 0 0 0 0 0 0 0 0 -0.034299 0.059589 0.27617 -0.012985 0.0050256 -0.002697 0 0
-0 -0 -0.10804 0 0 0 0 0 0 0 0 0 0 0.013021 -0.022622 -0.10484 0.0044446 -0.0028366 0.0011641 0 0
0 0 0.20519 0 0 0 0 0 0 0 0 0 0 -0.024729 0.042962 0.19911 -0.0092134 0.0039969 -0.0020067 0 0
-0 -0 -0.23014 0 0 0 0 0 0 0 0 0 0 0.027736 -0.048186 -0.22332 0.0090446 -0.0065981 0.002547 0 0
0 0 0.058568 0 0 0 0 0 0 0 0 0 0 -0.0070585 0.012263 0.056833 -0.002537 0.0013319 -0.00060246 0 0
0 0 0.13979 0 0 0 0 0 0 0 0 0 0 -0.016847 0.029269 0.13565 -0.0061836 0.0029288 -0.0013999 0 0
0 0 0.085951 0 0 0 0 0 0 0 0 0 0 -0.010359 0.017996 0.083405 -0.0037506 0.0019032 -0.00087646 0 0
0 0 0.007623 0 0 0 0 0 0 0 0 0 0 -0.0009187 0.0015961 0.0073972 -0.00032544 0.00018173 -7.9629e-05 0 0
0 0 0.18676 0 0 0 0 0 0 0 0 0 0 -0.022507 0.039103 0.18123 -0.0083519 0.0037158 -0.001839 0 0
0 0 0.3312 0 0 0 0 0 0 0 0 0 0 -0.039915 0.069347 0.32139 -0.015236 0.0054899 -0.0030768 0 0
0 0 0.067845 0 0 0 0 0 0 0 0 0 0 -0.0081764 0.014205 0.065835 -0.0029462 0.0015291 -0.00069585 0 0
-0 -0 -0.28961 0 0 0 0 0 0 0 0 0 0 0.034902 -0.060637 -0.28103 0.011103 -0.008628 0.0032406 0 0
0 0 0.074975 0 0 0 0 0 0 0 0 0 0 -0.0090358 0.015698 0.072754 -0.0032621 0.0016782 -0.00076724 0 0
0 0 0.163 0 0 0 0 0 0 0 0 0 0 -0.019645 0.034129 0.15817 -0.0072501 0.0033304 -0.001619 0 0
0 0 0.074412 0 0 0 0 0 0 0 0 0 0 -0.0089679 0.01558 0.072208 -0.0032371 0.0016665 -0.00076162 0 0
-0 -0 -0.14618 0 0 0 0 0 0 0 0 0 0 0.017617 -0.030606 -0.14185 0.0059325 -0.0039503 0.0015891 0 0
-0 -0 -0.32712 0 0 0 0 0 0 0 0 0 0 0.039424 -0.068492 -0.31743 0.012335 -0.0099709 0.0036834 0 0
-0 -0 -0.11479 0 0 0 0 0 0 0 0 0 0 0.013834 -0.024035 -0.11139 0.004711 -0.0030294 0.0012388 0 0
0 0 0.0016479 0 0 0 0 0 0 0 0 0 0 -0.0001986 0.00034503 0.001599 -7.0225e-05 3.9494e-05 -1.7243e-05 0 0
0 0 0.34607 0 0 0 0 0 0 0 0 0 0 -0.041707 0.072459 0.33582 -0.015959 0.0056161 -0.0031938 0 0
-0 -0 -0.3034 0 0 0 0 0 0 0 0 0 0 0.036565 -0.063526 -0.29441 0.011562 -0.0091164 0.003403 0 0
0 0 0.18356 0 0 0 0 0 0 0 0 0 0 -0.022122 0.038433 0.17812 -0.0082029 0.0036654 -0.0018097 0 0
-0 -0 -0.16447 0 0 0 0 0 0 0 0 0 0 0.019822 -0.034437 -0.1596 0.0066302 -0.0045046 0.0017954 0 0
0 0 0.0020635 0 0 0 0 0 0 0 0 0 0 -0.00024868 0.00043205 0.0020024 -8.7948e-05 4.9436e-05 -2.159e-05 0 0
0 0 0.071842 0 0 0 0 0 0 0 0 0 0 -0.0086582 0.015042 0.069714 -0.0031232 0.001613 -0.00073592 0 0
0 0 0.34802 0 0 0 0 0 0 0 0 0 0 -0.041943 0.072869 0.33772 -0.016054 0.0056319 -0.0032091 0 0
0 0 0.23753 0 0 0 0 0 0 0 0 0 0 -0.028627 0.049734 0.2305 -0.010738 0.0044517 -0.0022942 0 0
-0 -0 -0.15617 0 0 0 0 0 0 0 0 0 0 0.018821 -0.032699 -0.15154 0.0063149 -0.0042515 0.0017016 0 0
-0 -0 -0.25804 0 0 0 0 0 0 0 0 0 0 0.031098 -0.054029 -0.2504 0.010026 -0.0075352 0.0028711 0 0
