-0 -0 -0 0.17844 0 0 0 0 0 0 -0 0.17305 -0.027974 0.033369 0 0
-0 -0 -0 0.073859 0 0 0 0 0 0 -0 0.071626 -0.011579 0.013812 0 0
0 0 0 0.14278 0 0 0 0 0 0 -0 0.13846 -0.022383 0.026699 0 0
0 0 0 0.015413 0 0 0 0 0 0 -0 0.014947 -0.0024164 0.0028823 0 0
-0 -0 -0 0.11648 0 0 0 0 0 0 -0 0.11296 -0.01826 0.021782 0 0
-0 -0 -0 0.049238 0 0 0 0 0 0 -0 0.047749 -0.0077191 0.0092076 0 0
0 0 0 0.12605 0 0 0 0 0 0 -0 0.12224 -0.019761 0.023572 0 0
-0 -0 -0 0.19861 0 0 0 0 0 0 -0 0.19261 -0.031137 0.037141 0 0
-0 -0 -0 0.00037408 0 0 0 0 0 0 -0 0.00036278 -5.8646e-05 6.9954e-05 0 0
-0 -0 -0 0.094334 0 0 0 0 0 0 -0 0.091482 -0.014789 0.017641 0 0
0 0 0 0.18201 0 0 0 0 0 0 -0 0.17651 -0.028535 0.034037 0 0
-0 -0 -0 0.017606 0 0 0 0 0 0 -0 0.017074 -0.0027601 0.0032924 0 0
-0 -0 -0 0.16368 0 0 0 0 0 0 -0 0.15873 -0.02566 0.030608 0 0
0 0 0 0.16246 0 0 0 0 0 0 -0 0.15755 -0.025469 0.03038 0 0
0 0 0 0.023699 0 0 0 0 0 0 -0 0.022983 -0.0037154 0.0044318 0 0
-0 -0 -0 0.14545 0 0 0 0 0 0 -0 0.14106 -0.022803 0.0272 0 0
-0 -0 -0 0.11073 0 0 0 0 0 0 -0 0.10739 -0.01736 0.020708 0 0
0 0 0 0.12935 0 0 0 0 0 0 -0 0.12544 -0.020278 0.024189 0 0
0 0 0 0.035045 0 0 0 0 0 0 -0 0.033986 -0.0054941 0.0065535 0 0
-0 -0 -0 0.15754 0 0 0 0 0 0 -0 0.15277 -0.024697 0.02946 0 0
0 0 0 0.15465 0 0 0 0 0 0 -0 0.14998 -0.024245 0.02892 0 0
0 0 0 0.080964 0 0 0 0 0 0 -0 0.078516 -0.012693 0.01514 0 0
-0 -0 -0 0.059372 0 0 0 0 0 0 -0 0.057577 -0.0093078 0.011103 0 0
0 0 0 0.18132 0 0 0 0 0 0 -0 0.17584 -0.028426 0.033908 0 0
0 0 0 0.11667 0 0 0 0 0 0 -0 0.11315 -0.018291 0.021818 0 0
0 0 0 0.098197 0 0 0 0 0 0 -0 0.095229 -0.015395 0.018363 0 0
-0 -0 -0 0.10671 0 0 0 0 0 0 -0 0.10349 -0.01673 0.019956 0 0
-0 -0 -0 0.14014 0 0 0 0 0 0 -0 0.13591 -0.02197 0.026207 0 0
0 0 0 0.077605 0 0 0 0 0 0 -0 0.075259 -0.012166 0.014512 0 0
-0 -0 -0 0.067561 0 0 0 0 0 0 -0 0.065519 -0.010592 0.012634 0 0
0 0 0 0.11958 0 0 0 0 0 0 -0 0.11597 -0.018747 0.022362 0 0
0 0 0 0.16882 0 0 0 0 0 0 -0 0.16371 -0.026466 0.031569 0 0
-0 -0 -0 0.13836 0 0 0 0 0 0 -0 0.13417 -0.02169 0.025873 0 0
-0 -0 -0 0.15602 0 0 0 0 0 0 -0 0.1513 -0.02446 0.029176 0 0
-0 -0 -0 0.081417 0 0 0 0 0 0 -0 0.078956 -0.012764 0.015225 0 0
0 0 0 0.14577 0 0 0 0 0 0 -0 0.14137 -0.022853 0.02726 0 0
0 0 0 0.11922 0 0 0 0 0 0 -0 0.11562 -0.018691 0.022295 0 0
-0 -0 -0 0.069059 0 0 0 0 0 0 -0 0.066971 -0.010827 0.012914 0 0
-0 -0 -0 0.014951 0 0 0 0 0 0 -0 0.014499 -0.0023438 0.0027958 0 0
0 0 0 0.13171 0 0 0 0 0 0 -0 0.12773 -0.020649 0.024631 0 0
-0 -0 -0 0.15687 0 0 0 0 0 0 -0 0.15213 -0.024593 0.029335 0 0
0 0 0 0.024566 0 0 0 0 0 0 -0 0.023823 -0.0038512 0.0045938 0 0
0 0 0 0.1121 0 0 0 0 0 0 -0 0.10871 -0.017573 0.020962 0 0
0 0 0 0.13831 0 0 0 0 0 0 -0 0.13413 -0.021683 0.025864 0 0
-0 -0 -0 0.077059 0 0 0 0 0 0 -0 0.07473 -0.012081 0.01441 0 0
0 0 0 0.0075401 0 0 0 0 0 0 -0 0.0073122 -0.0011821 0.00141 0 0
-0 -0 -0 0.13104 0 0 0 0 0 0 -0 0.12708 -0.020544 0.024505 0 0
-0 -0 -0 0.14059 0 0 0 0 0 0 -0 0.13634 -0.02204 0.02629 0 0
-0 -0 -0 0.14033 0 0 0 0 0 0 -0 0.13609 -0.022 0.026242 0 0
0 0 0 0.045962 0 0 0 0 0 0 -0 0.044572 -0.0072055 0.0085949 0 0
0 0 0 0.012088 0 0 0 0 0 0 -0 0.011722 -0.001895 0.0022604 0 0
-0 -0 -0 0.09051 0 0 0 0 0 0 -0 0.087774 -0.014189 0.016926 0 0
-0 -0 -0 0.12422 0 0 0 0 0 0 -0 0.12047 -0.019474 0.02323 0 0
-0 -0 -0 0.075236 0 0 0 0 0 0 -0 0.072961 -0.011795 0.014069 0 0
0 0 0 0.12106 0 0 0 0 0 0 -0 0.1174 -0.018979 0.022639 0 0
0 0 0 0.032229 0 0 0 0 0 0 -0 0.031255 -0.0050526 0.0060269 0 0
-0 -0 -0 0.17195 0 0 0 0 0 0 -0 0.16676 -0.026958 0.032156 0 0
-0 -0 -0 0.19394 0 0 0 0 0 0 -0 0.18808 -0.030404 0.036267 0 0
-0 -0 -0 0.13745 0 0 0 0 0 0 -0 0.13329 -0.021548 0.025703 0 0
-0 -0 -0 0.12068 0 0 0 0 0 0 -0 0.11703 -0.01892 0.022568 0 0
-0 -0 -0 0.068322 0 0 0 0 0 0 -0 0.066257 -0.010711 0.012776 0 0
0 0 0 0.075016 0 0 0 0 0 0 -0 0.072748 -0.01176 0.014028 0 0
-0 -0 -0 0.11894 0 0 0 0 0 0 -0 0.11535 -0.018647 0.022242 0 0
0 0 0 0.035894 0 0 0 0 0 0 -0 0.034809 -0.0056272 0.0067123 0 0
0 0 0 0.13918 0 0 0 0 0 0 -0 0.13497 -0.021819 0.026026 0 0
0 0 0 0.0066832 0 0 0 0 0 0 -0 0.0064812 -0.0010477 0.0012498 0 0
-0 -0 -0 0.1667 0 0 0 0 0 0 -0 0.16166 -0.026135 0.031174 0 0
-0 -0 -0 0.020815 0 0 0 0 0 0 -0 0.020186 -0.0032632 0.0038925 0 0
0 0 0 0.18423 0 0 0 0 0 0 -0 0.17866 -0.028881 0.034451 0 0
-0 -0 -0 0.037856 0 0 0 0 0 0 -0 0.036712 -0.0059348 0.0070792 0 0
-0 -0 -0 0.16656 0 0 0 0 0 0 -0 0.16152 -0.026112 0.031147 0 0
-0 -0 -0 0.016675 0 0 0 0 0 0 -0 0.01617 -0.0026141 0.0031182 0 0
0 0 0 0.085254 0 0 0 0 0 0 -0 0.082677 -0.013365 0.015943 0 0
-0 -0 -0 0.1935 0 0 0 0 0 0 -0 0.18765 -0.030336 0.036185 0 0
0 0 0 0.16331 0 0 0 0 0 0 -0 0.15838 -0.025603 0.03054 0 0
0 0 0 0.00025397 0 0 0 0 0 0 -0 0.00024629 -3.9815e-05 4.7493e-05 0 0
-0 -0 -0 0.08202 0 0 0 0 0 0 -0 0.07954 -0.012858 0.015338 0 0
0 0 0 0.14911 0 0 0 0 0 0 -0 0.1446 -0.023376 0.027883 0 0
0 0 0 0.094501 0 0 0 0 0 0 -0 0.091645 -0.014815 0.017672 0 0
0 0 0 0.16995 0 0 0 0 0 0 -0 0.16481 -0.026643 0.031781 0 0
-0 -0 -0 0.18293 0 0 0 0 0 0 -0 0.1774 -0.028678 0.034208 0 0
0 0 0 0.098815 0 0 0 0 0 0 -0 0.095828 -0.015491 0.018479 0 0
-0 -0 -0 0.096374 0 0 0 0 0 0 -0 0.093461 -0.015109 0.018022 0 0
-0 -0 -0 0.13589 0 0 0 0 0 0 -0 0.13178 -0.021304 0.025412 0 0
0 0 0 0.056376 0 0 0 0 0 0 -0 0.054671 -0.0088381 0.010542 0 0
0 0 0 0.036728 0 0 0 0 0 0 -0 0.035618 -0.005758 0.0068683 0 0
0 0 0 0.067129 0 0 0 0 0 0 -0 0.0651 -0.010524 0.012553 0 0
-0 -0 -0 0.10492 0 0 0 0 0 0 -0 0.10175 -0.016449 0.019621 0 0
0 0 0 0.045988 0 0 0 0 0 0 -0 0.044597 -0.0072095 0.0085998 0 0
-0 -0 -0 0.14005 0 0 0 0 0 0 -0 0.13581 -0.021955 0.026189 0 0
-0 -0 -0 0.1554 0 0 0 0 0 0 -0 0.15071 -0.024363 0.029061 0 0
-0 -0 -0 0.15918 0 0 0 0 0 0 -0 0.15437 -0.024955 0.029767 0 0
-0 -0 -0 0.0095756 0 0 0 0 0 0 -0 0.0092861 -0.0015012 0.0017907 0 0
-0 -0 -0 0.10389 0 0 0 0 0 0 -0 0.10075 -0.016286 0.019427 0 0
-0 -0 -0 0.10116 0 0 0 0 0 0 -0 0.098103 -0.015859 0.018917 0 0
-0 -0 -0 0.06761 0 0 0 0 0 0 -0 0.065566 -0.010599 0.012643 0 0
-0 -0 -0 0.071039 0 0 0 0 0 0 -0 0.068892 -0.011137 0.013284 0 0
-0 -0 -0 0.05942 0 0 0 0 0 0 -0 0.057624 -0.0093154 0.011112 0 0
-0 -0 -0 0.10862 0 0 0 0 0 0 -0 0.10534 -0.017029 0.020312 0 0
-0 -0 -0 0.060866 0 0 0 0 0 0 -0 0.059026 -0.0095421 0.011382 0 0
