0 0 0.32368 0 0 0 0 0 0 0 0 0 0 -0.045077 0.064499 0.31397 -0.015628 0.0027434 -0.0028073 0 0
-0 -0 -0.12954 0 0 0 0 0 0 0 0 0 0 0.018041 -0.025814 -0.12566 0.0058266 -0.0024773 0.0013454 0 0
0 0 0.075444 0 0 0 0 0 0 0 0 0 0 -0.010507 0.015033 0.073181 -0.0035363 0.0010877 -0.00073115 0 0
-0 -0 -0.029522 0 0 0 0 0 0 0 0 0 0 0.0041114 -0.0058827 -0.028636 0.0013575 -0.00049765 0.00029713 0 0
0 0 0.17148 0 0 0 0 0 0 0 0 0 0 -0.023881 0.03417 0.16633 -0.0081513 0.002082 -0.001598 0 0
-0 -0 -0.33658 0 0 0 0 0 0 0 0 0 0 0.046873 -0.067068 -0.32648 0.014283 -0.0079374 0.0036811 0 0
0 0 0.1822 0 0 0 0 0 0 0 0 0 0 -0.025374 0.036306 0.17673 -0.0086728 0.0021655 -0.00169 0 0
-0 -0 -0.22393 0 0 0 0 0 0 0 0 0 0 0.031185 -0.044621 -0.21721 0.009829 -0.0047469 0.0023863 0 0
0 0 0.15631 0 0 0 0 0 0 0 0 0 0 -0.021769 0.031148 0.15162 -0.0074156 0.0019544 -0.0014662 0 0
-0 -0 -0.33291 0 0 0 0 0 0 0 0 0 0 0.046362 -0.066337 -0.32292 0.014144 -0.0078257 0.0036382 0 0
-0 -0 -0.16793 0 0 0 0 0 0 0 0 0 0 0.023386 -0.033462 -0.16289 0.0074814 -0.0033542 0.0017632 0 0
0 0 0.2155 0 0 0 0 0 0 0 0 0 0 -0.030011 0.042941 0.20903 -0.010299 0.0023893 -0.0019694 0 0
0 0 0.020457 0 0 0 0 0 0 0 0 0 0 -0.0028489 0.0040764 0.019843 -0.00094977 0.00032122 -0.00020235 0 0
0 0 0.16979 0 0 0 0 0 0 0 0 0 0 -0.023646 0.033833 0.1647 -0.0080693 0.0020684 -0.0015834 0 0
-0 -0 -0.18423 0 0 0 0 0 0 0 0 0 0 0.025656 -0.03671 -0.1787 0.0081733 -0.003746 0.001943 0 0
0 0 0.13967 0 0 0 0 0 0 0 0 0 0 -0.019451 0.027831 0.13548 -0.0066107 0.0018016 -0.0013192 0 0
-0 -0 -0.26338 0 0 0 0 0 0 0 0 0 0 0.03668 -0.052483 -0.25548 0.011432 -0.0058065 0.0028341 0 0
0 0 0.12024 0 0 0 0 0 0 0 0 0 0 -0.016746 0.02396 0.11664 -0.0056755 0.0016065 -0.0011449 0 0
0 0 0.023823 0 0 0 0 0 0 0 0 0 0 -0.0033176 0.004747 0.023108 -0.0011067 0.00037221 -0.00023535 0 0
0 0 0.16493 0 0 0 0 0 0 0 0 0 0 -0.022969 0.032865 0.15998 -0.0078333 0.0020283 -0.0015413 0 0
-0 -0 -0.26576 0 0 0 0 0 0 0 0 0 0 0.037011 -0.052957 -0.25779 0.011527 -0.0058724 0.0028613 0 0
-0 -0 -0.17226 0 0 0 0 0 0 0 0 0 0 0.02399 -0.034325 -0.16709 0.0076661 -0.0034573 0.0018109 0 0
0 0 0.32154 0 0 0 0 0 0 0 0 0 0 -0.04478 0.064073 0.3119 -0.015522 0.0027419 -0.0027918 0 0
-0 -0 -0.12255 0 0 0 0 0 0 0 0 0 0 0.017067 -0.024421 -0.11888 0.0055213 -0.0023244 0.0012702 0 0
0 0 0.093586 0 0 0 0 0 0 0 0 0 0 -0.013033 0.018648 0.090778 -0.0043994 0.0013093 -0.00090059 0 0
-0 -0 -0.1479 0 0 0 0 0 0 0 0 0 0 0.020597 -0.029472 -0.14346 0.0066225 -0.0028887 0.0015442 0 0
-0 -0 -0.21609 0 0 0 0 0 0 0 0 0 0 0.030094 -0.04306 -0.20961 0.0095055 -0.0045441 0.0022982 0 0
-0 -0 -0.11293 0 0 0 0 0 0 0 0 0 0 0.015727 -0.022503 -0.10954 0.0050993 -0.0021175 0.0011671 0 0
-0 -0 -0.12662 0 0 0 0 0 0 0 0 0 0 0.017633 -0.02523 -0.12282 0.0056989 -0.002413 0.0013139 0 0
0 0 0.14227 0 0 0 0 0 0 0 0 0 0 -0.019813 0.02835 0.138 -0.0067365 0.0018264 -0.0013424 0 0
-0 -0 -0.11374 0 0 0 0 0 0 0 0 0 0 0.01584 -0.022665 -0.11033 0.0051349 -0.0021348 0.0011758 0 0
-0 -0 -0.020784 0 0 0 0 0 0 0 0 0 0 0.0028945 -0.0041416 -0.020161 0.00095738 -0.00034618 0.00020857 0 0
0 0 0.0063854 0 0 0 0 0 0 0 0 0 0 -0.00088926 0.0012724 0.0061938 -0.00029568 0.00010235 -6.3477e-05 0 0
-0 -0 -0.031127 0 0 0 0 0 0 0 0 0 0 0.0043349 -0.0062025 -0.030193 0.0014308 -0.00052585 0.00031345 0 0
0 0 0.073833 0 0 0 0 0 0 0 0 0 0 -0.010282 0.014712 0.071618 -0.0034598 0.0010673 -0.00071598 0 0
-0 -0 -0.23627 0 0 0 0 0 0 0 0 0 0 0.032903 -0.04708 -0.22918 0.010335 -0.0050714 0.0025256 0 0
-0 -0 -0.33493 0 0 0 0 0 0 0 0 0 0 0.046644 -0.066741 -0.32489 0.01422 -0.0078873 0.0036619 0 0
0 0 0.16539 0 0 0 0 0 0 0 0 0 0 -0.023033 0.032957 0.16043 -0.0078559 0.0020322 -0.0015453 0 0
-0 -0 -0.29369 0 0 0 0 0 0 0 0 0 0 0.0409 -0.058522 -0.28488 0.012632 -0.0066631 0.0031823 0 0
0 0 0.24931 0 0 0 0 0 0 0 0 0 0 -0.03472 0.049679 0.24183 -0.011958 0.0025614 -0.002243 0 0
0 0 0.17373 0 0 0 0 0 0 0 0 0 0 -0.024195 0.034619 0.16852 -0.0082609 0.0021 -0.0016174 0 0
0 0 0.10558 0 0 0 0 0 0 0 0 0 0 -0.014703 0.021038 0.10241 -0.0049722 0.0014472 -0.0010112 0 0
-0 -0 -0.33803 0 0 0 0 0 0 0 0 0 0 0.047076 -0.067358 -0.32789 0.014338 -0.0079819 0.0036982 0 0
0 0 0.034641 0 0 0 0 0 0 0 0 0 0 -0.0048243 0.0069028 0.033602 -0.0016124 0.00053251 -0.00034089 0 0
-0 -0 -0.025279 0 0 0 0 0 0 0 0 0 0 0.0035204 -0.0050372 -0.024521 0.0011634 -0.00042366 0.00025406 0 0
-0 -0 -0.29079 0 0 0 0 0 0 0 0 0 0 0.040496 -0.057944 -0.28206 0.012518 -0.0065796 0.0031489 0 0
-0 -0 -0.029437 0 0 0 0 0 0 0 0 0 0 0.0040995 -0.0058657 -0.028554 0.0013536 -0.00049615 0.00029626 0 0
-0 -0 -0.28042 0 0 0 0 0 0 0 0 0 0 0.039052 -0.055877 -0.272 0.012109 -0.0062834 0.0030294 0 0
0 0 0.22807 0 0 0 0 0 0 0 0 0 0 -0.031761 0.045446 0.22122 -0.010915 0.0024598 -0.0020723 0 0
0 0 0.13559 0 0 0 0 0 0 0 0 0 0 -0.018883 0.027019 0.13153 -0.0064143 0.0017622 -0.0012829 0 0
-0 -0 -0.068663 0 0 0 0 0 0 0 0 0 0 0.0095623 -0.013682 -0.066603 0.0031315 -0.0012188 0.00069998 0 0
-0 -0 -0.17915 0 0 0 0 0 0 0 0 0 0 0.02495 -0.035699 -0.17378 0.0079587 -0.0036228 0.0018869 0 0
-0 -0 -0.13816 0 0 0 0 0 0 0 0 0 0 0.01924 -0.02753 -0.13401 0.0062011 -0.0026685 0.0014385 0 0
-0 -0 -0.066857 0 0 0 0 0 0 0 0 0 0 0.0093108 -0.013322 -0.064851 0.0030503 -0.001184 0.00068118 0 0
-0 -0 -0.20514 0 0 0 0 0 0 0 0 0 0 0.028569 -0.040877 -0.19899 0.0090506 -0.0042649 0.0021756 0 0
-0 -0 -0.033782 0 0 0 0 0 0 0 0 0 0 0.0047047 -0.0067317 -0.032769 0.0015521 -0.00057276 0.00034049 0 0
-0 -0 -0.33646 0 0 0 0 0 0 0 0 0 0 0.046857 -0.067046 -0.32637 0.014278 -0.007934 0.0036798 0 0
-0 -0 -0.050233 0 0 0 0 0 0 0 0 0 0 0.0069957 -0.01001 -0.048726 0.0023 -0.00087059 0.00050906 0 0
0 0 0.15242 0 0 0 0 0 0 0 0 0 0 -0.021227 0.030372 0.14785 -0.0072272 0.0019199 -0.001432 0 0
0 0 0.21932 0 0 0 0 0 0 0 0 0 0 -0.030544 0.043704 0.21274 -0.010486 0.0024116 -0.0020009 0 0
0 0 0.15321 0 0 0 0 0 0 0 0 0 0 -0.021337 0.03053 0.14862 -0.0072655 0.001927 -0.001439 0 0
-0 -0 -0.044213 0 0 0 0 0 0 0 0 0 0 0.0061573 -0.0088101 -0.042887 0.0020269 -0.00076017 0.00044717 0 0
0 0 0.068098 0 0 0 0 0 0 0 0 0 0 -0.0094837 0.01357 0.066055 -0.0031881 0.00099354 -0.00066182 0 0
0 0 0.10587 0 0 0 0 0 0 0 0 0 0 -0.014743 0.021095 0.10269 -0.0049861 0.0014504 -0.0010138 0 0
0 0 0.27951 0 0 0 0 0 0 0 0 0 0 -0.038925 0.055696 0.27112 -0.013446 0.0026679 -0.0024785 0 0
-0 -0 -0.13625 0 0 0 0 0 0 0 0 0 0 0.018975 -0.027151 -0.13217 0.0061184 -0.0026259 0.0014179 0 0
0 0 0.30834 0 0 0 0 0 0 0 0 0 0 -0.04294 0.061441 0.29909 -0.014869 0.002728 -0.0026952 0 0
0 0 0.090821 0 0 0 0 0 0 0 0 0 0 -0.012648 0.018097 0.088096 -0.0042675 0.0012765 -0.00087493 0 0
-0 -0 -0.231 0 0 0 0 0 0 0 0 0 0 0.03217 -0.046031 -0.22407 0.01012 -0.0049322 0.0024661 0 0
0 0 0.1348 0 0 0 0 0 0 0 0 0 0 -0.018773 0.026861 0.13076 -0.006376 0.0017544 -0.0012758 0 0
-0 -0 -0.092845 0 0 0 0 0 0 0 0 0 0 0.01293 -0.018501 -0.090059 0.0042118 -0.0016989 0.0009537 0 0
0 0 0.32399 0 0 0 0 0 0 0 0 0 0 -0.04512 0.06456 0.31427 -0.015643 0.0027435 -0.0028095 0 0
-0 -0 -0.14509 0 0 0 0 0 0 0 0 0 0 0.020206 -0.028912 -0.14074 0.0065013 -0.0028249 0.0015137 0 0
0 0 0.030664 0 0 0 0 0 0 0 0 0 0 -0.0042705 0.0061104 0.029745 -0.0014263 0.00047422 -0.0003022 0 0
-0 -0 -0.060894 0 0 0 0 0 0 0 0 0 0 0.0084804 -0.012134 -0.059068 0.0027819 -0.0010702 0.00061924 0 0
-0 -0 -0.19775 0 0 0 0 0 0 0 0 0 0 0.02754 -0.039405 -0.19182 0.0087421 -0.0040795 0.0020932 0 0
-0 -0 -0.17468 0 0 0 0 0 0 0 0 0 0 0.024326 -0.034807 -0.16944 0.0077688 -0.0035151 0.0018375 0 0
0 0 0.32977 0 0 0 0 0 0 0 0 0 0 -0.045925 0.065711 0.31987 -0.015929 0.0027463 -0.0028511 0 0
0 0 0.32284 0 0 0 0 0 0 0 0 0 0 -0.044959 0.06433 0.31315 -0.015586 0.0027428 -0.0028012 0 0
0 0 0.31615 0 0 0 0 0 0 0 0 0 0 -0.044029 0.062998 0.30667 -0.015256 0.0027372 -0.0027526 0 0
-0 -0 -0.11875 0 0 0 0 0 0 0 0 0 0 0.016538 -0.023663 -0.11519 0.0053548 -0.0022422 0.0012294 0 0
-0 -0 -0.012726 0 0 0 0 0 0 0 0 0 0 0.0017722 -0.0025358 -0.012344 0.00058712 -0.0002096 0.00012735 0 0
0 0 0.10896 0 0 0 0 0 0 0 0 0 0 -0.015174 0.021711 0.10569 -0.0051341 0.0014848 -0.0010421 0 0
-0 -0 -0.23211 0 0 0 0 0 0 0 0 0 0 0.032324 -0.046251 -0.22514 0.010165 -0.0049613 0.0024786 0 0
-0 -0 -0.082006 0 0 0 0 0 0 0 0 0 0 0.01142 -0.016341 -0.079546 0.0037291 -0.0014805 0.00083953 0 0
-0 -0 -0.26877 0 0 0 0 0 0 0 0 0 0 0.03743 -0.053556 -0.26071 0.011647 -0.005956 0.0028957 0 0
-0 -0 -0.10421 0 0 0 0 0 0 0 0 0 0 0.014513 -0.020766 -0.10108 0.0047151 -0.0019336 0.0010742 0 0
-0 -0 -0.32804 0 0 0 0 0 0 0 0 0 0 0.045684 -0.065367 -0.3182 0.013959 -0.0076781 0.0035813 0 0
0 0 0.12712 0 0 0 0 0 0 0 0 0 0 -0.017703 0.02533 0.1233 -0.006006 0.0016776 -0.0012069 0 0
-0 -0 -0.29922 0 0 0 0 0 0 0 0 0 0 0.04167 -0.059624 -0.29024 0.012848 -0.0068234 0.0032463 0 0
0 0 0.23707 0 0 0 0 0 0 0 0 0 0 -0.033016 0.047241 0.22996 -0.011357 0.0025056 -0.0021452 0 0
0 0 0.042046 0 0 0 0 0 0 0 0 0 0 -0.0058556 0.0083784 0.040785 -0.0019597 0.00063909 -0.00041264 0 0
-0 -0 -0.092242 0 0 0 0 0 0 0 0 0 0 0.012846 -0.018381 -0.089475 0.004185 -0.0016867 0.00094733 0 0
0 0 0.040774 0 0 0 0 0 0 0 0 0 0 -0.0056784 0.0081249 0.039551 -0.0019 0.00062096 -0.00040035 0 0
0 0 0.11803 0 0 0 0 0 0 0 0 0 0 -0.016437 0.023519 0.11449 -0.0055691 0.0015831 -0.0011248 0 0
0 0 0.33199 0 0 0 0 0 0 0 0 0 0 -0.046234 0.066154 0.32203 -0.016039 0.0027469 -0.0028671 0 0
0 0 0.044475 0 0 0 0 0 0 0 0 0 0 -0.0061938 0.0088624 0.043141 -0.0020738 0.00067348 -0.00043609 0 0
0 0 0.033734 0 0 0 0 0 0 0 0 0 0 -0.0046979 0.006722 0.032722 -0.0015699 0.00051928 -0.00033207 0 0
-0 -0 -0.1205 0 0 0 0 0 0 0 0 0 0 0.016781 -0.024012 -0.11689 0.0054315 -0.0022799 0.0012482 0 0
-0 -0 -0.34862 0 0 0 0 0 0 0 0 0 0 0.04855 -0.069468 -0.33816 0.014736 -0.0083081 0.0038223 0 0
