0 0 0.28287 0 0 0 0 0 0 0 0 0 0 -0.034091 0.059227 0.27449 0.0033578 0.043534 -0.0089764 0 0
0 0 0.17206 0 0 0 0 0 0 0 0 0 0 -0.020736 0.036026 0.16697 0.003533 0.026422 -0.0052623 0 0
-0 -0 -0.070706 0 0 0 0 0 0 0 0 0 0 0.0085212 -0.014804 -0.068611 -0.0027746 -0.01065 0.0019533 0 0
0 0 0.16468 0 0 0 0 0 0 0 0 0 0 -0.019847 0.03448 0.1598 0.0034762 0.025281 -0.0050232 0 0
0 0 0.055982 0 0 0 0 0 0 0 0 0 0 -0.0067468 0.011722 0.054324 0.0016541 0.008539 -0.001637 0 0
0 0 0.073061 0 0 0 0 0 0 0 0 0 0 -0.0088051 0.015297 0.070897 0.0020623 0.011158 -0.0021515 0 0
-0 -0 -0.33672 0 0 0 0 0 0 0 0 0 0 0.040581 -0.070503 -0.32675 -0.019792 -0.048498 0.0080063 0 0
0 0 0.24747 0 0 0 0 0 0 0 0 0 0 -0.029825 0.051816 0.24014 0.0036231 0.038077 -0.0077659 0 0
-0 -0 -0.31707 0 0 0 0 0 0 0 0 0 0 0.038212 -0.066388 -0.30768 -0.018195 -0.045859 0.0076352 0 0
0 0 0.10735 0 0 0 0 0 0 0 0 0 0 -0.012938 0.022478 0.10417 0.002745 0.016433 -0.0032048 0 0
-0 -0 -0.33313 0 0 0 0 0 0 0 0 0 0 0.040148 -0.069751 -0.32327 -0.019496 -0.048018 0.0079395 0 0
0 0 0.22855 0 0 0 0 0 0 0 0 0 0 -0.027544 0.047853 0.22178 0.0036844 0.035154 -0.0071276 0 0
-0 -0 -0.17003 0 0 0 0 0 0 0 0 0 0 0.020491 -0.0356 -0.16499 -0.0079383 -0.025259 0.0044643 0 0
-0 -0 -0.33563 0 0 0 0 0 0 0 0 0 0 0.040449 -0.070273 -0.32569 -0.019702 -0.048352 0.007986 0 0
-0 -0 -0.33517 0 0 0 0 0 0 0 0 0 0 0.040394 -0.070178 -0.32524 -0.019664 -0.048291 0.0079775 0 0
0 0 0.16959 0 0 0 0 0 0 0 0 0 0 -0.020439 0.035509 0.16457 0.0035149 0.026041 -0.0051822 0 0
0 0 0.019545 0 0 0 0 0 0 0 0 0 0 -0.0023555 0.0040923 0.018966 0.00063234 0.0029721 -0.00056275 0 0
0 0 0.098892 0 0 0 0 0 0 0 0 0 0 -0.011918 0.020706 0.095963 0.0025935 0.01513 -0.0029424 0 0
-0 -0 -0.24614 0 0 0 0 0 0 0 0 0 0 0.029664 -0.051537 -0.23885 -0.012868 -0.036098 0.0061908 0 0
-0 -0 -0.17269 0 0 0 0 0 0 0 0 0 0 0.020813 -0.036159 -0.16758 -0.008097 -0.025645 0.0045278 0 0
0 0 0.11801 0 0 0 0 0 0 0 0 0 0 -0.014222 0.024708 0.11451 0.0029197 0.018075 -0.0035373 0 0
0 0 0.064508 0 0 0 0 0 0 0 0 0 0 -0.0077744 0.013507 0.062598 0.0018635 0.0098459 -0.001893 0 0
0 0 0.23826 0 0 0 0 0 0 0 0 0 0 -0.028715 0.049887 0.2312 0.00366 0.036654 -0.0074544 0 0
0 0 0.075224 0 0 0 0 0 0 0 0 0 0 -0.0090657 0.01575 0.072995 0.0021107 0.01149 -0.0022171 0 0
-0 -0 -0.026153 0 0 0 0 0 0 0 0 0 0 0.0031519 -0.0054759 -0.025379 -0.00093768 -0.0039592 0.00073782 0 0
0 0 0.07277 0 0 0 0 0 0 0 0 0 0 -0.0087701 0.015237 0.070615 0.0020557 0.011114 -0.0021427 0 0
-0 -0 -0.25022 0 0 0 0 0 0 0 0 0 0 0.030156 -0.05239 -0.24281 -0.013156 -0.036669 0.0062781 0 0
-0 -0 -0.28152 0 0 0 0 0 0 0 0 0 0 0.033928 -0.058944 -0.27318 -0.015438 -0.041011 0.0069315 0 0
-0 -0 -0.32422 0 0 0 0 0 0 0 0 0 0 0.039074 -0.067884 -0.31461 -0.01877 -0.046822 0.0077716 0 0
-0 -0 -0.027586 0 0 0 0 0 0 0 0 0 0 0.0033246 -0.0057759 -0.026769 -0.00099207 -0.0041755 0.00077773 0 0
0 0 0.26103 0 0 0 0 0 0 0 0 0 0 -0.031459 0.054655 0.2533 0.0035447 0.040169 -0.008227 0 0
-0 -0 -0.31031 0 0 0 0 0 0 0 0 0 0 0.037397 -0.064972 -0.30112 -0.017657 -0.044944 0.0075045 0 0
0 0 0.055148 0 0 0 0 0 0 0 0 0 0 -0.0066462 0.011547 0.053514 0.001633 0.0084111 -0.0016121 0 0
-0 -0 -0.28951 0 0 0 0 0 0 0 0 0 0 0.034891 -0.060618 -0.28094 -0.016043 -0.042109 0.0070933 0 0
-0 -0 -0.15291 0 0 0 0 0 0 0 0 0 0 0.018429 -0.032017 -0.14839 -0.0069449 -0.022777 0.004052 0 0
-0 -0 -0.26134 0 0 0 0 0 0 0 0 0 0 0.031496 -0.05472 -0.2536 -0.013951 -0.03822 0.006514 0 0
0 0 0.29681 0 0 0 0 0 0 0 0 0 0 -0.03577 0.062145 0.28801 0.0031994 0.045678 -0.0094587 0 0
-0 -0 -0.26047 0 0 0 0 0 0 0 0 0 0 0.031392 -0.054538 -0.25276 -0.013889 -0.038099 0.0064957 0 0
0 0 0.25416 0 0 0 0 0 0 0 0 0 0 -0.030631 0.053216 0.24663 0.0035881 0.039109 -0.0079929 0 0
0 0 0.28648 0 0 0 0 0 0 0 0 0 0 -0.034525 0.059982 0.27799 0.0033197 0.04409 -0.0091009 0 0
-0 -0 -0.068337 0 0 0 0 0 0 0 0 0 0 0.0082358 -0.014308 -0.066313 -0.0026694 -0.010296 0.00189 0 0
-0 -0 -0.054943 0 0 0 0 0 0 0 0 0 0 0.0066216 -0.011504 -0.053315 -0.0020903 -0.008291 0.0015293 0 0
-0 -0 -0.22464 0 0 0 0 0 0 0 0 0 0 0.027072 -0.047034 -0.21798 -0.011392 -0.033072 0.0057211 0 0
-0 -0 -0.25403 0 0 0 0 0 0 0 0 0 0 0.030615 -0.053189 -0.24651 -0.013426 -0.037201 0.0063594 0 0
-0 -0 -0.22497 0 0 0 0 0 0 0 0 0 0 0.027112 -0.047103 -0.2183 -0.011414 -0.033118 0.0057284 0 0
-0 -0 -0.021255 0 0 0 0 0 0 0 0 0 0 0.0025616 -0.0044503 -0.020625 -0.00075411 -0.0032193 0.00060097 0 0
-0 -0 -0.2945 0 0 0 0 0 0 0 0 0 0 0.035492 -0.061661 -0.28577 -0.016425 -0.042791 0.0071932 0 0
0 0 0.056831 0 0 0 0 0 0 0 0 0 0 -0.0068491 0.011899 0.055148 0.0016754 0.008669 -0.0016624 0 0
-0 -0 -0.18801 0 0 0 0 0 0 0 0 0 0 0.022659 -0.039366 -0.18244 -0.0090283 -0.027852 0.0048882 0 0
-0 -0 -0.017959 0 0 0 0 0 0 0 0 0 0 0.0021644 -0.0037603 -0.017427 -0.00063267 -0.0027211 0.00050856 0 0
0 0 0.33541 0 0 0 0 0 0 0 0 0 0 -0.040423 0.070228 0.32548 0.0026022 0.0516 -0.010811 0 0
-0 -0 -0.3157 0 0 0 0 0 0 0 0 0 0 0.038047 -0.0661 -0.30635 -0.018085 -0.045673 0.0076088 0 0
0 0 0.10911 0 0 0 0 0 0 0 0 0 0 -0.01315 0.022846 0.10588 0.0027751 0.016704 -0.0032596 0 0
0 0 0.30303 0 0 0 0 0 0 0 0 0 0 -0.036521 0.063449 0.29406 0.0031189 0.046635 -0.0096752 0 0
0 0 0.010138 0 0 0 0 0 0 0 0 0 0 -0.0012218 0.0021226 0.0098374 0.00033531 0.0015403 -0.0002907 0 0
-0 -0 -0.23248 0 0 0 0 0 0 0 0 0 0 0.028018 -0.048677 -0.22559 -0.011923 -0.034179 0.0058941 0 0
0 0 0.1683 0 0 0 0 0 0 0 0 0 0 -0.020283 0.035238 0.16331 0.0035051 0.02584 -0.0051402 0 0
-0 -0 -0.2581 0 0 0 0 0 0 0 0 0 0 0.031105 -0.054041 -0.25045 -0.013718 -0.037768 0.0064456 0 0
-0 -0 -0.095179 0 0 0 0 0 0 0 0 0 0 0.011471 -0.019928 -0.09236 -0.003911 -0.014292 0.002598 0 0
0 0 0.19564 0 0 0 0 0 0 0 0 0 0 -0.023578 0.040963 0.18984 0.0036571 0.030067 -0.0060334 0 0
-0 -0 -0.15132 0 0 0 0 0 0 0 0 0 0 0.018236 -0.031683 -0.14684 -0.0068544 -0.022544 0.0040131 0 0
0 0 0.037222 0 0 0 0 0 0 0 0 0 0 -0.0044859 0.0077935 0.03612 0.0011536 0.0056689 -0.0010799 0 0
0 0 0.24651 0 0 0 0 0 0 0 0 0 0 -0.029709 0.051614 0.23921 0.0036276 0.037928 -0.0077333 0 0
-0 -0 -0.18544 0 0 0 0 0 0 0 0 0 0 0.022348 -0.038826 -0.17994 -0.0088693 -0.027481 0.0048281 0 0
-0 -0 -0.26195 0 0 0 0 0 0 0 0 0 0 0.031569 -0.054847 -0.25419 -0.013995 -0.038304 0.0065267 0 0
-0 -0 -0.15671 0 0 0 0 0 0 0 0 0 0 0.018886 -0.032811 -0.15206 -0.0071613 -0.023328 0.0041441 0 0
0 0 0.080736 0 0 0 0 0 0 0 0 0 0 -0.00973 0.016904 0.078344 0.002231 0.012337 -0.0023849 0 0
0 0 0.012057 0 0 0 0 0 0 0 0 0 0 -0.0014531 0.0025246 0.0117 0.00039703 0.0018323 -0.00034603 0 0
-0 -0 -0.0066883 0 0 0 0 0 0 0 0 0 0 0.00080605 -0.0014004 -0.0064902 -0.00022985 -0.0010145 0.00019036 0 0
0 0 0.16024 0 0 0 0 0 0 0 0 0 0 -0.019311 0.03355 0.15549 0.0034379 0.024594 -0.0048798 0 0
0 0 0.048123 0 0 0 0 0 0 0 0 0 0 -0.0057997 0.010076 0.046698 0.0014511 0.0073357 -0.0014026 0 0
0 0 0.099022 0 0 0 0 0 0 0 0 0 0 -0.011934 0.020733 0.096089 0.0025959 0.01515 -0.0029465 0 0
-0 -0 -0.034106 0 0 0 0 0 0 0 0 0 0 0.0041103 -0.0071411 -0.033096 -0.0012435 -0.0051587 0.00095866 0 0
0 0 0.052542 0 0 0 0 0 0 0 0 0 0 -0.0063322 0.011001 0.050986 0.0015664 0.0080121 -0.0015342 0 0
0 0 0.18448 0 0 0 0 0 0 0 0 0 0 -0.022233 0.038627 0.17902 0.0036092 0.028342 -0.0056672 0 0
0 0 0.053651 0 0 0 0 0 0 0 0 0 0 -0.0064659 0.011233 0.052062 0.0015949 0.0081819 -0.0015673 0 0
-0 -0 -0.18256 0 0 0 0 0 0 0 0 0 0 0.022001 -0.038223 -0.17715 -0.0086927 -0.027067 0.0047607 0 0
-0 -0 -0.21584 0 0 0 0 0 0 0 0 0 0 0.026012 -0.045192 -0.20945 -0.010807 -0.031825 0.0055248 0 0
0 0 0.32651 0 0 0 0 0 0 0 0 0 0 -0.03935 0.068364 0.31684 0.0027606 0.050238 -0.010497 0 0
0 0 0.080132 0 0 0 0 0 0 0 0 0 0 -0.0096573 0.016778 0.077759 0.002218 0.012244 -0.0023665 0 0
0 0 0.11127 0 0 0 0 0 0 0 0 0 0 -0.01341 0.023297 0.10797 0.0028112 0.017036 -0.0033267 0 0
-0 -0 -0.070288 0 0 0 0 0 0 0 0 0 0 0.0084709 -0.014717 -0.068206 -0.002756 -0.010587 0.0019422 0 0
-0 -0 -0.12643 0 0 0 0 0 0 0 0 0 0 0.015236 -0.026471 -0.12268 -0.0054918 -0.018904 0.0033968 0 0
0 0 0.32062 0 0 0 0 0 0 0 0 0 0 -0.03864 0.067131 0.31113 0.0028585 0.049335 -0.01029 0 0
-0 -0 -0.046312 0 0 0 0 0 0 0 0 0 0 0.0055814 -0.0096968 -0.04494 -0.0017316 -0.0069955 0.0012944 0 0
-0 -0 -0.11302 0 0 0 0 0 0 0 0 0 0 0.013621 -0.023664 -0.10967 -0.0047957 -0.016931 0.0030575 0 0
-0 -0 -0.22695 0 0 0 0 0 0 0 0 0 0 0.027351 -0.047517 -0.22022 -0.011547 -0.033398 0.0057722 0 0
-0 -0 -0.10518 0 0 0 0 0 0 0 0 0 0 0.012676 -0.022023 -0.10207 -0.0044013 -0.015774 0.0028568 0 0
0 0 0.10703 0 0 0 0 0 0 0 0 0 0 -0.012899 0.02241 0.10386 0.0027394 0.016383 -0.0031948 0 0
0 0 0.34584 0 0 0 0 0 0 0 0 0 0 -0.041679 0.072411 0.33559 0.002401 0.053195 -0.01118 0 0
-0 -0 -0.29602 0 0 0 0 0 0 0 0 0 0 0.035676 -0.061981 -0.28726 -0.016542 -0.043 0.0072236 0 0
-0 -0 -0.11475 0 0 0 0 0 0 0 0 0 0 0.01383 -0.024027 -0.11135 -0.0048842 -0.017186 0.0031016 0 0
0 0 0.056946 0 0 0 0 0 0 0 0 0 0 -0.0068629 0.011923 0.055259 0.0016783 0.0086866 -0.0016659 0 0
-0 -0 -0.028071 0 0 0 0 0 0 0 0 0 0 0.003383 -0.0058774 -0.027239 -0.0010105 -0.0042486 0.00079121 0 0
0 0 0.13471 0 0 0 0 0 0 0 0 0 0 -0.016234 0.028205 0.13072 0.003158 0.020651 -0.0040637 0 0
0 0 0.27561 0 0 0 0 0 0 0 0 0 0 -0.033215 0.057706 0.26744 0.0034282 0.042416 -0.0087263 0 0
0 0 0.25797 0 0 0 0 0 0 0 0 0 0 -0.03109 0.054014 0.25033 0.0035649 0.039697 -0.0081227 0 0
-0 -0 -0.003781 0 0 0 0 0 0 0 0 0 0 0.00045567 -0.00079166 -0.003669 -0.00012909 -0.00057369 0.00010775 0 0
-0 -0 -0.095599 0 0 0 0 0 0 0 0 0 0 0.011521 -0.020016 -0.092767 -0.0039312 -0.014354 0.002609 0 0
0 0 0.037349 0 0 0 0 0 0 0 0 0 0 -0.0045012 0.00782 0.036243 0.0011572 0.0056882 -0.0010836 0 0
