0 0 0.17388 0 0 0 0 0 0 0 0 0 0 -0.030041 0.030041 0.16861 -0.026204 0.005887 -0.0057175 0 0
0 0 0.030388 0 0 0 0 0 0 0 0 0 0 -0.0052499 0.0052499 0.029467 -0.0044891 0.0013585 -0.0010418 0 0
-0 -0 -0.022776 0 0 0 0 0 0 0 0 0 0 0.0039349 -0.0039349 -0.022086 0.0033337 -0.0011082 0.0007914 0 0
0 0 0.10157 0 0 0 0 0 0 0 0 0 0 -0.017547 0.017547 0.098489 -0.015167 0.0039971 -0.0034144 0 0
-0 -0 -0.32375 0 0 0 0 0 0 0 0 0 0 0.055934 -0.055934 -0.31394 0.044079 -0.022656 0.01189 0 0
-0 -0 -0.010631 0 0 0 0 0 0 0 0 0 0 0.0018366 -0.0018366 -0.010308 0.0015594 -0.00050769 0.00036829 0 0
0 0 0.21796 0 0 0 0 0 0 0 0 0 0 -0.037655 0.037655 0.21135 -0.032998 0.0066434 -0.0070628 0 0
-0 -0 -0.27925 0 0 0 0 0 0 0 0 0 0 0.048246 -0.048246 -0.27079 0.038515 -0.018699 0.010193 0 0
-0 -0 -0.26453 0 0 0 0 0 0 0 0 0 0 0.045702 -0.045702 -0.25651 0.036634 -0.017445 0.009635 0 0
0 0 0.1909 0 0 0 0 0 0 0 0 0 0 -0.032981 0.032981 0.18511 -0.028822 0.0062146 -0.0062423 0 0
-0 -0 -0.1469 0 0 0 0 0 0 0 0 0 0 0.025379 -0.025379 -0.14245 0.020957 -0.0084742 0.0052437 0 0
0 0 0.067118 0 0 0 0 0 0 0 0 0 0 -0.011596 0.011596 0.065084 -0.0099728 0.0028158 -0.0022785 0 0
0 0 0.27796 0 0 0 0 0 0 0 0 0 0 -0.048021 0.048021 0.26953 -0.042304 0.0071888 -0.008818 0 0
-0 -0 -0.20116 0 0 0 0 0 0 0 0 0 0 0.034754 -0.034754 -0.19507 0.028327 -0.012379 0.0072525 0 0
0 0 0.28632 0 0 0 0 0 0 0 0 0 0 -0.049466 0.049466 0.27764 -0.043604 0.0072204 -0.0090552 0 0
-0 -0 -0.16035 0 0 0 0 0 0 0 0 0 0 0.027703 -0.027703 -0.15549 0.022805 -0.0094042 0.0057386 0 0
-0 -0 -0.20379 0 0 0 0 0 0 0 0 0 0 0.035208 -0.035208 -0.19761 0.028678 -0.012578 0.0073504 0 0
0 0 0.034324 0 0 0 0 0 0 0 0 0 0 -0.00593 0.00593 0.033284 -0.0050739 0.0015244 -0.0011756 0 0
0 0 0.005365 0 0 0 0 0 0 0 0 0 0 -0.00092689 0.00092689 0.0052024 -0.00078923 0.00024985 -0.00018513 0 0
-0 -0 -0.081836 0 0 0 0 0 0 0 0 0 0 0.014139 -0.014139 -0.079356 0.011842 -0.0043364 0.0028824 0 0
-0 -0 -0.0091385 0 0 0 0 0 0 0 0 0 0 0.0015788 -0.0015788 -0.0088615 0.0013409 -0.00043542 0.00031648 0 0
0 0 0.23576 0 0 0 0 0 0 0 0 0 0 -0.040731 0.040731 0.22861 -0.035754 0.0068636 -0.007593 0 0
0 0 0.19949 0 0 0 0 0 0 0 0 0 0 -0.034465 0.034465 0.19345 -0.030147 0.0063631 -0.0065048 0 0
0 0 0.15648 0 0 0 0 0 0 0 0 0 0 -0.027034 0.027034 0.15173 -0.023533 0.0055055 -0.0051737 0 0
-0 -0 -0.18271 0 0 0 0 0 0 0 0 0 0 0.031566 -0.031566 -0.17717 0.025846 -0.011005 0.0065656 0 0
-0 -0 -0.22855 0 0 0 0 0 0 0 0 0 0 0.039486 -0.039486 -0.22162 0.031959 -0.014503 0.0082779 0 0
-0 -0 -0.0030561 0 0 0 0 0 0 0 0 0 0 0.00052798 -0.00052798 -0.0029634 0.00044891 -0.00014423 0.00010568 0 0
-0 -0 -0.23296 0 0 0 0 0 0 0 0 0 0 0.040247 -0.040247 -0.2259 0.032537 -0.014854 0.0084434 0 0
0 0 0.11182 0 0 0 0 0 0 0 0 0 0 -0.019319 0.019319 0.10843 -0.016722 0.0043139 -0.0037478 0 0
-0 -0 -0.29235 0 0 0 0 0 0 0 0 0 0 0.050509 -0.050509 -0.28349 0.040172 -0.019837 0.010692 0 0
-0 -0 -0.27643 0 0 0 0 0 0 0 0 0 0 0.047757 -0.047757 -0.26805 0.038155 -0.018456 0.010086 0 0
0 0 0.16105 0 0 0 0 0 0 0 0 0 0 -0.027824 0.027824 0.15617 -0.024233 0.0056102 -0.0053171 0 0
0 0 0.321 0 0 0 0 0 0 0 0 0 0 -0.055457 0.055457 0.31127 -0.049002 0.007235 -0.01002 0 0
0 0 0.1051 0 0 0 0 0 0 0 0 0 0 -0.018158 0.018158 0.10192 -0.015703 0.0041081 -0.0035296 0 0
-0 -0 -0.18037 0 0 0 0 0 0 0 0 0 0 0.031162 -0.031162 -0.1749 0.025529 -0.010835 0.0064789 0 0
-0 -0 -0.082469 0 0 0 0 0 0 0 0 0 0 0.014248 -0.014248 -0.079969 0.011932 -0.0043738 0.0029051 0 0
-0 -0 -0.0018289 0 0 0 0 0 0 0 0 0 0 0.00031596 -0.00031596 -0.0017734 0.0002687 -8.6148e-05 6.3222e-05 0 0
0 0 0.18228 0 0 0 0 0 0 0 0 0 0 -0.031492 0.031492 0.17676 -0.027495 0.0060543 -0.0059773 0 0
0 0 0.18245 0 0 0 0 0 0 0 0 0 0 -0.031521 0.031521 0.17692 -0.027521 0.0060576 -0.0059826 0 0
-0 -0 -0.30299 0 0 0 0 0 0 0 0 0 0 0.052346 -0.052346 -0.29381 0.041505 -0.020778 0.011097 0 0
0 0 0.22977 0 0 0 0 0 0 0 0 0 0 -0.039696 0.039696 0.22281 -0.034827 0.0067951 -0.0074156 0 0
0 0 0.27891 0 0 0 0 0 0 0 0 0 0 -0.048187 0.048187 0.27046 -0.042453 0.007193 -0.0088452 0 0
0 0 0.2975 0 0 0 0 0 0 0 0 0 0 -0.051398 0.051398 0.28848 -0.045344 0.0072456 -0.0093697 0 0
-0 -0 -0.099971 0 0 0 0 0 0 0 0 0 0 0.017272 -0.017272 -0.096942 0.014411 -0.0054291 0.0035348 0 0
0 0 0.3133 0 0 0 0 0 0 0 0 0 0 -0.054128 0.054128 0.30381 -0.047804 0.0072479 -0.0098084 0 0
-0 -0 -0.22613 0 0 0 0 0 0 0 0 0 0 0.039068 -0.039068 -0.21928 0.031641 -0.014311 0.0081871 0 0
-0 -0 -0.18405 0 0 0 0 0 0 0 0 0 0 0.031798 -0.031798 -0.17847 0.026027 -0.011104 0.0066155 0 0
0 0 0.094921 0 0 0 0 0 0 0 0 0 0 -0.016399 0.016399 0.092045 -0.014161 0.0037833 -0.0031971 0 0
-0 -0 -0.34152 0 0 0 0 0 0 0 0 0 0 0.059004 -0.059004 -0.33117 0.046248 -0.024307 0.01257 0 0
-0 -0 -0.10016 0 0 0 0 0 0 0 0 0 0 0.017304 -0.017304 -0.097124 0.014438 -0.0054407 0.0035416 0 0
-0 -0 -0.34191 0 0 0 0 0 0 0 0 0 0 0.05907 -0.05907 -0.33155 0.046295 -0.024343 0.012585 0 0
0 0 0.11829 0 0 0 0 0 0 0 0 0 0 -0.020437 0.020437 0.11471 -0.017705 0.0045055 -0.0039572 0 0
-0 -0 -0.074868 0 0 0 0 0 0 0 0 0 0 0.012935 -0.012935 -0.072599 0.010849 -0.0039292 0.0026329 0 0
-0 -0 -0.022383 0 0 0 0 0 0 0 0 0 0 0.0038671 -0.0038671 -0.021705 0.0032765 -0.0010884 0.00077768 0 0
0 0 0.18105 0 0 0 0 0 0 0 0 0 0 -0.03128 0.03128 0.17557 -0.027306 0.0060305 -0.0059395 0 0
0 0 0.34806 0 0 0 0 0 0 0 0 0 0 -0.060133 0.060133 0.33751 -0.053216 0.0071163 -0.010749 0 0
0 0 0.16565 0 0 0 0 0 0 0 0 0 0 -0.028618 0.028618 0.16063 -0.024939 0.0057123 -0.005461 0 0
-0 -0 -0.019292 0 0 0 0 0 0 0 0 0 0 0.0033329 -0.0033329 -0.018707 0.0028255 -0.00093368 0.00066976 0 0
0 0 0.023674 0 0 0 0 0 0 0 0 0 0 -0.0040901 0.0040901 0.022957 -0.0034935 0.0010702 -0.0008131 0 0
-0 -0 -0.05337 0 0 0 0 0 0 0 0 0 0 0.0092205 -0.0092205 -0.051752 0.0077666 -0.002717 0.0018678 0 0
0 0 0.215 0 0 0 0 0 0 0 0 0 0 -0.037144 0.037144 0.20848 -0.032541 0.0066021 -0.006974 0 0
-0 -0 -0.082211 0 0 0 0 0 0 0 0 0 0 0.014203 -0.014203 -0.07972 0.011895 -0.0043586 0.0028958 0 0
-0 -0 -0.22281 0 0 0 0 0 0 0 0 0 0 0.038495 -0.038495 -0.21606 0.031203 -0.01405 0.0080625 0 0
0 0 0.0038187 0 0 0 0 0 0 0 0 0 0 -0.00065975 0.00065975 0.003703 -0.00056161 0.00017828 -0.00013182 0 0
0 0 0.04218 0 0 0 0 0 0 0 0 0 0 -0.0072872 0.0072872 0.040901 -0.0062431 0.0018485 -0.0014416 0 0
0 0 0.04077 0 0 0 0 0 0 0 0 0 0 -0.0070437 0.0070437 0.039535 -0.0060331 0.001791 -0.001394 0 0
0 0 0.34794 0 0 0 0 0 0 0 0 0 0 -0.060112 0.060112 0.33739 -0.053198 0.0071171 -0.010746 0 0
-0 -0 -0.12535 0 0 0 0 0 0 0 0 0 0 0.021656 -0.021656 -0.12155 0.01797 -0.0070373 0.0044555 0 0
-0 -0 -0.12882 0 0 0 0 0 0 0 0 0 0 0.022255 -0.022255 -0.12491 0.018453 -0.0072641 0.0045819 0 0
-0 -0 -0.10797 0 0 0 0 0 0 0 0 0 0 0.018654 -0.018654 -0.1047 0.015538 -0.0059262 0.0038241 0 0
0 0 0.30528 0 0 0 0 0 0 0 0 0 0 -0.052743 0.052743 0.29603 -0.046556 0.0072516 -0.0095866 0 0
-0 -0 -0.23251 0 0 0 0 0 0 0 0 0 0 0.04017 -0.04017 -0.22546 0.032479 -0.014818 0.0084267 0 0
0 0 0.17438 0 0 0 0 0 0 0 0 0 0 -0.030127 0.030127 0.1691 -0.02628 0.0058972 -0.0057329 0 0
0 0 0.3397 0 0 0 0 0 0 0 0 0 0 -0.058689 0.058689 0.32941 -0.051915 0.0071651 -0.010526 0 0
0 0 0.13196 0 0 0 0 0 0 0 0 0 0 -0.022798 0.022798 0.12796 -0.019786 0.0048891 -0.0043962 0 0
0 0 0.25899 0 0 0 0 0 0 0 0 0 0 -0.044744 0.044744 0.25114 -0.039357 0.0070769 -0.0082729 0 0
0 0 0.19436 0 0 0 0 0 0 0 0 0 0 -0.033579 0.033579 0.18847 -0.029355 0.0062758 -0.0063482 0 0
0 0 0.18417 0 0 0 0 0 0 0 0 0 0 -0.031818 0.031818 0.17859 -0.027785 0.0060904 -0.0060355 0 0
-0 -0 -0.093688 0 0 0 0 0 0 0 0 0 0 0.016186 -0.016186 -0.090849 0.013523 -0.0050452 0.0033083 0 0
0 0 0.2264 0 0 0 0 0 0 0 0 0 0 -0.039115 0.039115 0.21954 -0.034305 0.0067541 -0.0073154 0 0
-0 -0 -0.24382 0 0 0 0 0 0 0 0 0 0 0.042123 -0.042123 -0.23643 0.033956 -0.01573 0.0088524 0 0
0 0 0.02811 0 0 0 0 0 0 0 0 0 0 -0.0048564 0.0048564 0.027258 -0.0041511 0.0012615 -0.00096432 0 0
0 0 0.19088 0 0 0 0 0 0 0 0 0 0 -0.032978 0.032978 0.1851 -0.02882 0.0062144 -0.0062418 0 0
0 0 0.22615 0 0 0 0 0 0 0 0 0 0 -0.039072 0.039072 0.2193 -0.034267 0.0067509 -0.0073079 0 0
0 0 0.0088671 0 0 0 0 0 0 0 0 0 0 -0.0015319 0.0015319 0.0085983 -0.0013052 0.00041064 -0.0003057 0 0
-0 -0 -0.32075 0 0 0 0 0 0 0 0 0 0 0.055415 -0.055415 -0.31103 0.043709 -0.022381 0.011775 0 0
0 0 0.022899 0 0 0 0 0 0 0 0 0 0 -0.0039562 0.0039562 0.022205 -0.0033787 0.0010365 -0.00078665 0 0
-0 -0 -0.26626 0 0 0 0 0 0 0 0 0 0 0.046 -0.046 -0.25819 0.036855 -0.017591 0.0097005 0 0
-0 -0 -0.036518 0 0 0 0 0 0 0 0 0 0 0.0063091 -0.0063091 -0.035411 0.0053315 -0.0018139 0.0012731 0 0
-0 -0 -0.13511 0 0 0 0 0 0 0 0 0 0 0.023343 -0.023343 -0.13102 0.019328 -0.0076802 0.0048119 0 0
0 0 0.068563 0 0 0 0 0 0 0 0 0 0 -0.011845 0.011845 0.066485 -0.01019 0.002869 -0.0023266 0 0
0 0 0.1335 0 0 0 0 0 0 0 0 0 0 -0.023065 0.023065 0.12946 -0.020021 0.0049307 -0.0044456 0 0
0 0 0.0093594 0 0 0 0 0 0 0 0 0 0 -0.001617 0.001617 0.0090758 -0.0013778 0.0004331 -0.00032264 0 0
0 0 0.29716 0 0 0 0 0 0 0 0 0 0 -0.05134 0.05134 0.28816 -0.045292 0.0072451 -0.0093603 0 0
0 0 0.2763 0 0 0 0 0 0 0 0 0 0 -0.047736 0.047736 0.26793 -0.042047 0.0071813 -0.0087709 0 0
0 0 0.12575 0 0 0 0 0 0 0 0 0 0 -0.021725 0.021725 0.12193 -0.018839 0.0047183 -0.0041971 0 0
-0 -0 -0.12806 0 0 0 0 0 0 0 0 0 0 0.022124 -0.022124 -0.12418 0.018347 -0.0072141 0.0045542 0 0
0 0 0.25779 0 0 0 0 0 0 0 0 0 0 -0.044538 0.044538 0.24998 -0.039172 0.007068 -0.0082384 0 0
-0 -0 -0.10606 0 0 0 0 0 0 0 0 0 0 0.018323 -0.018323 -0.10284 0.015268 -0.0058064 0.0037548 0 0
-0 -0 -0.031136 0 0 0 0 0 0 0 0 0 0 0.0053792 -0.0053792 -0.030192 0.0045503 -0.0015342 0.001084 0 0
