0 0 0.18128 0 0 0 0 0 0 0 0 0 0 -0.021847 0.037956 0.17591 0.0038962 0.0080725 -0.0012579 0 0
-0 -0 -0.22025 0 0 0 0 0 0 0 0 0 0 0.026544 -0.046116 -0.21373 -0.0065964 -0.0087262 0.0010636 0 0
-0 -0 -0.2853 0 0 0 0 0 0 0 0 0 0 0.034384 -0.059737 -0.27685 -0.0088939 -0.011018 0.0012728 0 0
-0 -0 -0.0076056 0 0 0 0 0 0 0 0 0 0 0.0009166 -0.0015924 -0.0073803 -0.00019504 -0.00032326 4.5527e-05 0 0
-0 -0 -0.20593 0 0 0 0 0 0 0 0 0 0 0.024818 -0.043117 -0.19983 -0.0061106 -0.0082026 0.001011 0 0
-0 -0 -0.30599 0 0 0 0 0 0 0 0 0 0 0.036877 -0.064068 -0.29693 -0.0096549 -0.011716 0.0013289 0 0
-0 -0 -0.19932 0 0 0 0 0 0 0 0 0 0 0.024021 -0.041733 -0.19342 -0.005889 -0.0079587 0.00098587 0 0
0 0 0.26878 0 0 0 0 0 0 0 0 0 0 -0.032393 0.056277 0.26082 0.0052377 0.012173 -0.0019761 0 0
0 0 0.16377 0 0 0 0 0 0 0 0 0 0 -0.019737 0.03429 0.15892 0.0035847 0.0072658 -0.0011225 0 0
0 0 0.31266 0 0 0 0 0 0 0 0 0 0 -0.03768 0.065463 0.30339 0.0057731 0.014265 -0.002361 0 0
-0 -0 -0.2604 0 0 0 0 0 0 0 0 0 0 0.031383 -0.054523 -0.25269 -0.0079971 -0.010158 0.0011985 0 0
-0 -0 -0.23998 0 0 0 0 0 0 0 0 0 0 0.028921 -0.050246 -0.23287 -0.0072773 -0.0094361 0.0011322 0 0
0 0 0.20174 0 0 0 0 0 0 0 0 0 0 -0.024313 0.04224 0.19576 0.0042422 0.0090217 -0.0014197 0 0
-0 -0 -0.29347 0 0 0 0 0 0 0 0 0 0 0.035368 -0.061445 -0.28477 -0.0091925 -0.011295 0.0012955 0 0
0 0 0.11603 0 0 0 0 0 0 0 0 0 0 -0.013984 0.024294 0.11259 0.0026637 0.0050926 -0.00076801 0 0
0 0 0.34635 0 0 0 0 0 0 0 0 0 0 -0.041741 0.072518 0.33609 0.0061211 0.015885 -0.0026672 0 0
-0 -0 -0.00060958 0 0 0 0 0 0 0 0 0 0 7.3465e-05 -0.00012763 -0.00059153 -1.5542e-05 -2.5961e-05 3.6713e-06 0 0
-0 -0 -0.14716 0 0 0 0 0 0 0 0 0 0 0.017736 -0.030813 -0.1428 -0.004197 -0.0059864 0.00077043 0 0
0 0 0.22119 0 0 0 0 0 0 0 0 0 0 -0.026657 0.046312 0.21463 0.0045529 0.0099295 -0.001577 0 0
-0 -0 -0.3289 0 0 0 0 0 0 0 0 0 0 0.039638 -0.068865 -0.31916 -0.010514 -0.012472 0.0013852 0 0
0 0 0.21166 0 0 0 0 0 0 0 0 0 0 -0.025509 0.044317 0.20539 0.0044029 0.0094842 -0.0014996 0 0
-0 -0 -0.04516 0 0 0 0 0 0 0 0 0 0 0.0054425 -0.0094554 -0.043822 -0.0011938 -0.0018984 0.00026136 0 0
-0 -0 -0.16381 0 0 0 0 0 0 0 0 0 0 0.019742 -0.034298 -0.15895 -0.0047258 -0.0066249 0.00084253 0 0
0 0 0.032937 0 0 0 0 0 0 0 0 0 0 -0.0039694 0.0068962 0.031961 0.00081606 0.0014157 -0.00020411 0 0
-0 -0 -0.15052 0 0 0 0 0 0 0 0 0 0 0.01814 -0.031516 -0.14606 -0.0043028 -0.0061158 0.00078522 0 0
0 0 0.16611 0 0 0 0 0 0 0 0 0 0 -0.020019 0.034779 0.16119 0.0036271 0.0073732 -0.0011404 0 0
-0 -0 -0.21426 0 0 0 0 0 0 0 0 0 0 0.025822 -0.044861 -0.20791 -0.0063922 -0.0085079 0.0010419 0 0
0 0 0.02423 0 0 0 0 0 0 0 0 0 0 -0.0029201 0.0050732 0.023512 0.00060487 0.001039 -0.00014906 0 0
0 0 0.26443 0 0 0 0 0 0 0 0 0 0 -0.031868 0.055366 0.2566 0.0051796 0.011967 -0.0019388 0 0
-0 -0 -0.24338 0 0 0 0 0 0 0 0 0 0 0.029331 -0.050958 -0.23617 -0.0073962 -0.0095573 0.0011436 0 0
0 0 0.19062 0 0 0 0 0 0 0 0 0 0 -0.022973 0.039913 0.18498 0.0040567 0.0085053 -0.0013314 0 0
-0 -0 -0.27181 0 0 0 0 0 0 0 0 0 0 0.032758 -0.056911 -0.26376 -0.0084053 -0.010555 0.0012334 0 0
-0 -0 -0.19166 0 0 0 0 0 0 0 0 0 0 0.023098 -0.040129 -0.18598 -0.005634 -0.0076743 0.00095616 0 0
-0 -0 -0.14885 0 0 0 0 0 0 0 0 0 0 0.017939 -0.031167 -0.14445 -0.0042502 -0.0060516 0.0007779 0 0
-0 -0 -0.13893 0 0 0 0 0 0 0 0 0 0 0.016743 -0.029088 -0.13481 -0.0039392 -0.0056672 0.00073359 0 0
0 0 0.135 0 0 0 0 0 0 0 0 0 0 -0.01627 0.028266 0.131 0.0030421 0.0059511 -0.00090626 0 0
0 0 0.18411 0 0 0 0 0 0 0 0 0 0 -0.022188 0.038548 0.17865 0.0039452 0.0082033 -0.0012801 0 0
-0 -0 -0.27381 0 0 0 0 0 0 0 0 0 0 0.032998 -0.057329 -0.26569 -0.0084771 -0.010623 0.0012394 0 0
-0 -0 -0.21091 0 0 0 0 0 0 0 0 0 0 0.025418 -0.04416 -0.20466 -0.0062786 -0.0083853 0.0010295 0 0
-0 -0 -0.23729 0 0 0 0 0 0 0 0 0 0 0.028598 -0.049684 -0.23027 -0.0071839 -0.0093404 0.0011232 0 0
-0 -0 -0.14093 0 0 0 0 0 0 0 0 0 0 0.016985 -0.029508 -0.13676 -0.0040018 -0.0057452 0.00074263 0 0
0 0 0.16813 0 0 0 0 0 0 0 0 0 0 -0.020262 0.035203 0.16315 0.0036636 0.0074662 -0.001156 0 0
0 0 0.049808 0 0 0 0 0 0 0 0 0 0 -0.0060027 0.010429 0.048332 0.0012159 0.0021504 -0.00031299 0 0
0 0 0.067489 0 0 0 0 0 0 0 0 0 0 -0.0081335 0.014131 0.06549 0.0016215 0.0029271 -0.0004302 0 0
-0 -0 -0.032238 0 0 0 0 0 0 0 0 0 0 0.0038853 -0.00675 -0.031283 -0.00084351 -0.0013605 0.00018879 0 0
-0 -0 -0.20144 0 0 0 0 0 0 0 0 0 0 0.024277 -0.042177 -0.19547 -0.0059598 -0.008037 0.00099396 0 0
-0 -0 -0.18894 0 0 0 0 0 0 0 0 0 0 0.02277 -0.03956 -0.18334 -0.0055441 -0.0075729 0.00094545 0 0
0 0 0.10491 0 0 0 0 0 0 0 0 0 0 -0.012643 0.021965 0.1018 0.0024342 0.0045922 -0.00068855 0 0
0 0 0.1488 0 0 0 0 0 0 0 0 0 0 -0.017932 0.031155 0.14439 0.0033071 0.0065798 -0.001009 0 0
0 0 0.15207 0 0 0 0 0 0 0 0 0 0 -0.018327 0.03184 0.14757 0.0033687 0.0067295 -0.0010336 0 0
0 0 0.14123 0 0 0 0 0 0 0 0 0 0 -0.017021 0.029571 0.13705 0.0031629 0.0062348 -0.00095246 0 0
-0 -0 -0.16026 0 0 0 0 0 0 0 0 0 0 0.019314 -0.033555 -0.15551 -0.0046122 -0.0064895 0.00082743 0 0
-0 -0 -0.31031 0 0 0 0 0 0 0 0 0 0 0.037397 -0.064972 -0.30112 -0.0098155 -0.01186 0.00134 0 0
-0 -0 -0.038885 0 0 0 0 0 0 0 0 0 0 0.0046863 -0.0081416 -0.037733 -0.0010228 -0.0016377 0.00022634 0 0
0 0 0.034762 0 0 0 0 0 0 0 0 0 0 -0.0041894 0.0072785 0.033732 0.00085992 0.0014949 -0.00021575 0 0
0 0 0.34511 0 0 0 0 0 0 0 0 0 0 -0.041592 0.072259 0.33489 0.0061094 0.015825 -0.0026558 0 0
0 0 0.15104 0 0 0 0 0 0 0 0 0 0 -0.018203 0.031624 0.14657 0.0033493 0.0066823 -0.0010259 0 0
0 0 0.11299 0 0 0 0 0 0 0 0 0 0 -0.013617 0.023658 0.10964 0.0026016 0.0049556 -0.00074617 0 0
0 0 0.015592 0 0 0 0 0 0 0 0 0 0 -0.0018791 0.0032647 0.01513 0.00039214 0.00066704 -9.5225e-05 0 0
0 0 0.17586 0 0 0 0 0 0 0 0 0 0 -0.021194 0.036822 0.17065 0.0038014 0.0078225 -0.0012157 0 0
-0 -0 -0.13292 0 0 0 0 0 0 0 0 0 0 0.016019 -0.027831 -0.12898 -0.0037529 -0.0054333 0.00070625 0 0
-0 -0 -0.070872 0 0 0 0 0 0 0 0 0 0 0.0085413 -0.014839 -0.068773 -0.0019114 -0.002956 0.00040043 0 0
0 0 0.26456 0 0 0 0 0 0 0 0 0 0 -0.031884 0.055393 0.25672 0.0051814 0.011973 -0.0019399 0 0
0 0 0.29127 0 0 0 0 0 0 0 0 0 0 -0.035103 0.060987 0.28265 0.0055238 0.013243 -0.0021714 0 0
-0 -0 -0.044699 0 0 0 0 0 0 0 0 0 0 0.005387 -0.009359 -0.043375 -0.0011812 -0.0018793 0.0002588 0 0
-0 -0 -0.2762 0 0 0 0 0 0 0 0 0 0 0.033286 -0.05783 -0.26802 -0.0085634 -0.010706 0.0012465 0 0
-0 -0 -0.050611 0 0 0 0 0 0 0 0 0 0 0.0060995 -0.010597 -0.049112 -0.0013437 -0.0021241 0.00029144 0 0
-0 -0 -0.19937 0 0 0 0 0 0 0 0 0 0 0.024027 -0.041743 -0.19346 -0.0058905 -0.0079604 0.00098604 0 0
0 0 0.17206 0 0 0 0 0 0 0 0 0 0 -0.020736 0.036026 0.16697 0.003734 0.0076472 -0.0011863 0 0
0 0 0.3447 0 0 0 0 0 0 0 0 0 0 -0.041542 0.072172 0.33449 0.0061054 0.015805 -0.002652 0 0
0 0 0.34865 0 0 0 0 0 0 0 0 0 0 -0.042019 0.073001 0.33833 0.006143 0.015996 -0.0026885 0 0
0 0 0.02089 0 0 0 0 0 0 0 0 0 0 -0.0025177 0.004374 0.020272 0.00052301 0.000895 -0.00012816 0 0
-0 -0 -0.034908 0 0 0 0 0 0 0 0 0 0 0.0042071 -0.0073091 -0.033874 -0.00091533 -0.001472 0.00020393 0 0
0 0 0.12385 0 0 0 0 0 0 0 0 0 0 -0.014926 0.025931 0.12018 0.0028217 0.0054457 -0.00082458 0 0
0 0 0.14077 0 0 0 0 0 0 0 0 0 0 -0.016965 0.029474 0.1366 0.003154 0.0062138 -0.00094902 0 0
0 0 0.28979 0 0 0 0 0 0 0 0 0 0 -0.034925 0.060676 0.28121 0.0055057 0.013172 -0.0021584 0 0
0 0 0.23249 0 0 0 0 0 0 0 0 0 0 -0.028019 0.048679 0.2256 0.0047253 0.01046 -0.00167 0 0
0 0 0.011387 0 0 0 0 0 0 0 0 0 0 -0.0013723 0.0023842 0.01105 0.0002874 0.00048657 -6.9293e-05 0 0
0 0 0.2151 0 0 0 0 0 0 0 0 0 0 -0.025923 0.045037 0.20873 0.0044576 0.0096448 -0.0015274 0 0
0 0 0.08279 0 0 0 0 0 0 0 0 0 0 -0.0099776 0.017334 0.080338 0.0019614 0.0036046 -0.00053417 0 0
0 0 0.21076 0 0 0 0 0 0 0 0 0 0 -0.0254 0.044128 0.20451 0.0043884 0.0094418 -0.0014922 0 0
0 0 0.15388 0 0 0 0 0 0 0 0 0 0 -0.018545 0.03222 0.14932 0.0034025 0.0068123 -0.0010473 0 0
-0 -0 -0.26396 0 0 0 0 0 0 0 0 0 0 0.031812 -0.055269 -0.25615 -0.008124 -0.010282 0.0012096 0 0
-0 -0 -0.20636 0 0 0 0 0 0 0 0 0 0 0.02487 -0.043207 -0.20024 -0.006125 -0.0082183 0.0010126 0 0
-0 -0 -0.02041 0 0 0 0 0 0 0 0 0 0 0.0024597 -0.0042734 -0.019805 -0.00052893 -0.00086429 0.0001208 0 0
-0 -0 -0.05851 0 0 0 0 0 0 0 0 0 0 0.0070515 -0.012251 -0.056777 -0.001563 -0.0024497 0.00033446 0 0
0 0 0.20904 0 0 0 0 0 0 0 0 0 0 -0.025193 0.043769 0.20285 0.0043609 0.0093619 -0.0014784 0 0
0 0 0.22521 0 0 0 0 0 0 0 0 0 0 -0.027142 0.047155 0.21854 0.004615 0.010118 -0.00161 0 0
0 0 0.34114 0 0 0 0 0 0 0 0 0 0 -0.041113 0.071428 0.33104 0.006071 0.015634 -0.0026193 0 0
-0 -0 -0.2678 0 0 0 0 0 0 0 0 0 0 0.032274 -0.056072 -0.25987 -0.0082612 -0.010415 0.0012213 0 0
-0 -0 -0.074505 0 0 0 0 0 0 0 0 0 0 0.0089792 -0.0156 -0.072298 -0.002015 -0.003104 0.0004195 0 0
-0 -0 -0.22384 0 0 0 0 0 0 0 0 0 0 0.026976 -0.046867 -0.21721 -0.0067191 -0.0088562 0.0010764 0 0
0 0 0.25704 0 0 0 0 0 0 0 0 0 0 -0.030977 0.053818 0.24942 0.0050788 0.011617 -0.0018758 0 0
0 0 0.05997 0 0 0 0 0 0 0 0 0 0 -0.0072274 0.012556 0.058194 0.0014507 0.002596 -0.00037997 0 0
0 0 0.022157 0 0 0 0 0 0 0 0 0 0 -0.0026703 0.0046393 0.021501 0.00055413 0.00094961 -0.00013608 0 0
-0 -0 -0.21035 0 0 0 0 0 0 0 0 0 0 0.02535 -0.044042 -0.20412 -0.0062596 -0.0083647 0.0010274 0 0
-0 -0 -0.068666 0 0 0 0 0 0 0 0 0 0 0.0082754 -0.014377 -0.066632 -0.0018488 -0.002866 0.00038878 0 0
-0 -0 -0.31942 0 0 0 0 0 0 0 0 0 0 0.038495 -0.066879 -0.30996 -0.010156 -0.012161 0.0013627 0 0
-0 -0 -0.09385 0 0 0 0 0 0 0 0 0 0 0.011311 -0.01965 -0.09107 -0.0025755 -0.003886 0.00051863 0 0
-0 -0 -0.044535 0 0 0 0 0 0 0 0 0 0 0.0053673 -0.0093248 -0.043216 -0.0011767 -0.0018726 0.00025789 0 0
