0 0 0 0.18052 0 0 0 0 -0 -0 -0 0.17778 0.0027355 0.031188 0 0
-0 -0 -0 0.19075 0 0 0 0 -0 -0 -0 0.18786 0.0028906 0.032955 0 0
0 0 0 0.12337 0 0 0 0 -0 -0 -0 0.1215 0.0018696 0.021315 0 0
-0 -0 -0 0.08052 0 0 0 0 -0 -0 -0 0.0793 0.0012202 0.013911 0 0
0 0 0 0.11576 0 0 0 0 -0 -0 -0 0.11401 0.0017543 0.02 0 0
0 0 0 0.012749 0 0 0 0 -0 -0 -0 0.012555 0.00019319 0.0022025 0 0
0 0 0 0.13842 0 0 0 0 -0 -0 -0 0.13632 0.0020975 0.023914 0 0
0 0 0 0.07734 0 0 0 0 -0 -0 -0 0.076168 0.001172 0.013362 0 0
-0 -0 -0 0.16385 0 0 0 0 -0 -0 -0 0.16137 0.0024829 0.028307 0 0
0 0 0 0.11541 0 0 0 0 -0 -0 -0 0.11366 0.0017489 0.019939 0 0
-0 -0 -0 0.049729 0 0 0 0 -0 -0 -0 0.048975 0.00075358 0.0085915 0 0
0 0 0 0.036944 0 0 0 0 -0 -0 -0 0.036384 0.00055984 0.0063827 0 0
-0 -0 -0 0.11238 0 0 0 0 -0 -0 -0 0.11067 0.0017029 0.019415 0 0
0 0 0 0.052826 0 0 0 0 -0 -0 -0 0.052025 0.00080051 0.0091265 0 0
-0 -0 -0 0.022377 0 0 0 0 -0 -0 -0 0.022038 0.0003391 0.003866 0 0
-0 -0 -0 0.069917 0 0 0 0 -0 -0 -0 0.068858 0.0010595 0.012079 0 0
0 0 0 0.056944 0 0 0 0 -0 -0 -0 0.056081 0.00086291 0.009838 0 0
0 0 0 0.14739 0 0 0 0 -0 -0 -0 0.14516 0.0022335 0.025464 0 0
-0 -0 -0 0.066609 0 0 0 0 -0 -0 -0 0.0656 0.0010094 0.011508 0 0
-0 -0 -0 0.015742 0 0 0 0 -0 -0 -0 0.015504 0.00023856 0.0027198 0 0
-0 -0 -0 0.12462 0 0 0 0 -0 -0 -0 0.12273 0.0018885 0.02153 0 0
0 0 0 0.076161 0 0 0 0 -0 -0 -0 0.075007 0.0011541 0.013158 0 0
-0 -0 -0 0.07278 0 0 0 0 -0 -0 -0 0.071677 0.0011029 0.012574 0 0
0 0 0 0.074336 0 0 0 0 -0 -0 -0 0.07321 0.0011265 0.012843 0 0
0 0 0 0.17014 0 0 0 0 -0 -0 -0 0.16756 0.0025782 0.029394 0 0
0 0 0 0.12423 0 0 0 0 -0 -0 -0 0.12235 0.0018825 0.021462 0 0
0 0 0 0.010893 0 0 0 0 -0 -0 -0 0.010728 0.00016506 0.0018819 0 0
-0 -0 -0 0.11283 0 0 0 0 -0 -0 -0 0.11112 0.0017098 0.019494 0 0
0 0 0 0.081088 0 0 0 0 -0 -0 -0 0.079859 0.0012288 0.014009 0 0
0 0 0 0.019604 0 0 0 0 -0 -0 -0 0.019307 0.00029707 0.0033868 0 0
0 0 0 0.048571 0 0 0 0 -0 -0 -0 0.047835 0.00073603 0.0083914 0 0
0 0 0 0.19098 0 0 0 0 -0 -0 -0 0.18809 0.0028941 0.032995 0 0
-0 -0 -0 0.14228 0 0 0 0 -0 -0 -0 0.14012 0.0021561 0.024581 0 0
0 0 0 0.017666 0 0 0 0 -0 -0 -0 0.017399 0.00026771 0.0030522 0 0
0 0 0 0.1575 0 0 0 0 -0 -0 -0 0.15511 0.0023867 0.027211 0 0
0 0 0 0.029729 0 0 0 0 -0 -0 -0 0.029278 0.0004505 0.0051361 0 0
0 0 0 0.092065 0 0 0 0 -0 -0 -0 0.09067 0.0013951 0.015906 0 0
-0 -0 -0 0.16621 0 0 0 0 -0 -0 -0 0.16369 0.0025186 0.028715 0 0
-0 -0 -0 0.095609 0 0 0 0 -0 -0 -0 0.09416 0.0014488 0.016518 0 0
-0 -0 -0 0.12768 0 0 0 0 -0 -0 -0 0.12575 0.0019349 0.022059 0 0
0 0 0 0.098338 0 0 0 0 -0 -0 -0 0.096848 0.0014902 0.016989 0 0
-0 -0 -0 0.078673 0 0 0 0 -0 -0 -0 0.077481 0.0011922 0.013592 0 0
0 0 0 0.10475 0 0 0 0 -0 -0 -0 0.10316 0.0015873 0.018097 0 0
-0 -0 -0 0.19199 0 0 0 0 -0 -0 -0 0.18908 0.0029094 0.03317 0 0
-0 -0 -0 0.15555 0 0 0 0 -0 -0 -0 0.1532 0.0023572 0.026874 0 0
-0 -0 -0 0.023709 0 0 0 0 -0 -0 -0 0.02335 0.00035928 0.0040962 0 0
-0 -0 -0 0.11861 0 0 0 0 -0 -0 -0 0.11681 0.0017974 0.020492 0 0
0 0 0 0.045371 0 0 0 0 -0 -0 -0 0.044683 0.00068754 0.0078386 0 0
0 0 0 0.15436 0 0 0 0 -0 -0 -0 0.15202 0.0023392 0.026669 0 0
0 0 0 0.053404 0 0 0 0 -0 -0 -0 0.052595 0.00080928 0.0092265 0 0
0 0 0 0.06988 0 0 0 0 -0 -0 -0 0.068821 0.0010589 0.012073 0 0
0 0 0 0.14468 0 0 0 0 -0 -0 -0 0.14249 0.0021924 0.024995 0 0
0 0 0 0.088562 0 0 0 0 -0 -0 -0 0.08722 0.001342 0.0153 0 0
0 0 0 0.022641 0 0 0 0 -0 -0 -0 0.022297 0.00034309 0.0039115 0 0
0 0 0 0.08816 0 0 0 0 -0 -0 -0 0.086824 0.001336 0.015231 0 0
-0 -0 -0 0.15621 0 0 0 0 -0 -0 -0 0.15384 0.0023671 0.026987 0 0
-0 -0 -0 0.064708 0 0 0 0 -0 -0 -0 0.063727 0.00098056 0.011179 0 0
-0 -0 -0 0.037996 0 0 0 0 -0 -0 -0 0.03742 0.00057578 0.0065644 0 0
0 0 0 0.097952 0 0 0 0 -0 -0 -0 0.096467 0.0014843 0.016923 0 0
-0 -0 -0 0.045775 0 0 0 0 -0 -0 -0 0.045082 0.00069366 0.0079084 0 0
-0 -0 -0 0.034741 0 0 0 0 -0 -0 -0 0.034214 0.00052645 0.006002 0 0
-0 -0 -0 0.15038 0 0 0 0 -0 -0 -0 0.1481 0.0022788 0.02598 0 0
0 0 0 0.028041 0 0 0 0 -0 -0 -0 0.027617 0.00042493 0.0048446 0 0
0 0 0 0.045938 0 0 0 0 -0 -0 -0 0.045241 0.00069612 0.0079364 0 0
-0 -0 -0 0.045258 0 0 0 0 -0 -0 -0 0.044572 0.00068583 0.0078191 0 0
0 0 0 0.11691 0 0 0 0 -0 -0 -0 0.11513 0.0017715 0.020197 0 0
-0 -0 -0 0.027995 0 0 0 0 -0 -0 -0 0.027571 0.00042423 0.0048366 0 0
-0 -0 -0 0.13402 0 0 0 0 -0 -0 -0 0.13199 0.0020309 0.023154 0 0
0 0 0 0.076909 0 0 0 0 -0 -0 -0 0.075744 0.0011655 0.013287 0 0
-0 -0 -0 0.17238 0 0 0 0 -0 -0 -0 0.16977 0.0026123 0.029782 0 0
0 0 0 0.068732 0 0 0 0 -0 -0 -0 0.06769 0.0010415 0.011875 0 0
-0 -0 -0 0.081775 0 0 0 0 -0 -0 -0 0.080536 0.0012392 0.014128 0 0
-0 -0 -0 0.12805 0 0 0 0 -0 -0 -0 0.12611 0.0019404 0.022122 0 0
0 0 0 0.1763 0 0 0 0 -0 -0 -0 0.17362 0.0026715 0.030458 0 0
0 0 0 0.041006 0 0 0 0 -0 -0 -0 0.040384 0.00062139 0.0070844 0 0
-0 -0 -0 0.046247 0 0 0 0 -0 -0 -0 0.045546 0.00070081 0.0079899 0 0
0 0 0 0.12961 0 0 0 0 -0 -0 -0 0.12764 0.001964 0.022392 0 0
-0 -0 -0 0.18629 0 0 0 0 -0 -0 -0 0.18347 0.002823 0.032184 0 0
0 0 0 0.17901 0 0 0 0 -0 -0 -0 0.1763 0.0027127 0.030927 0 0
-0 -0 -0 0.18874 0 0 0 0 -0 -0 -0 0.18588 0.0028601 0.032607 0 0
-0 -0 -0 0.19748 0 0 0 0 -0 -0 -0 0.19448 0.0029925 0.034117 0 0
-0 -0 -0 0.132 0 0 0 0 -0 -0 -0 0.13 0.0020002 0.022804 0 0
-0 -0 -0 0.077004 0 0 0 0 -0 -0 -0 0.075837 0.0011669 0.013304 0 0
0 0 0 0.17043 0 0 0 0 -0 -0 -0 0.16785 0.0025826 0.029444 0 0
0 0 0 0.03882 0 0 0 0 -0 -0 -0 0.038232 0.00058827 0.0067068 0 0
0 0 0 0.15642 0 0 0 0 -0 -0 -0 0.15405 0.0023704 0.027025 0 0
-0 -0 -0 0.033815 0 0 0 0 -0 -0 -0 0.033303 0.00051242 0.0058421 0 0
0 0 0 0.075873 0 0 0 0 -0 -0 -0 0.074723 0.0011497 0.013108 0 0
-0 -0 -0 0.028093 0 0 0 0 -0 -0 -0 0.027667 0.00042571 0.0048535 0 0
0 0 0 0.11754 0 0 0 0 -0 -0 -0 0.11576 0.0017812 0.020308 0 0
0 0 0 0.15668 0 0 0 0 -0 -0 -0 0.15431 0.0023743 0.027069 0 0
-0 -0 -0 0.02649 0 0 0 0 -0 -0 -0 0.026088 0.00040142 0.0045766 0 0
-0 -0 -0 0.17011 0 0 0 0 -0 -0 -0 0.16754 0.0025779 0.02939 0 0
0 0 0 0.10569 0 0 0 0 -0 -0 -0 0.10409 0.0016016 0.01826 0 0
0 0 0 0.14127 0 0 0 0 -0 -0 -0 0.13913 0.0021408 0.024407 0 0
-0 -0 -0 0.14313 0 0 0 0 -0 -0 -0 0.14096 0.002169 0.024728 0 0
0 0 0 0.054349 0 0 0 0 -0 -0 -0 0.053525 0.00082359 0.0093896 0 0
-0 -0 -0 0.12414 0 0 0 0 -0 -0 -0 0.12226 0.0018812 0.021447 0 0
-0 -0 -0 0.1892 0 0 0 0 -0 -0 -0 0.18633 0.0028671 0.032687 0 0
-0 -0 -0 0.076793 0 0 0 0 -0 -0 -0 0.075629 0.0011637 0.013267 0 0
