-0 -0 -0 0.16475 0 0 0 0 0 0 -0 0.15977 -0.025829 0.030809 0 0
0 0 0 0.055687 0 0 0 0 0 0 -0 0.054004 -0.0087302 0.010414 0 0
-0 -0 -0 0.14069 0 0 0 0 0 0 -0 0.13644 -0.022057 0.02631 0 0
-0 -0 -0 0.15305 0 0 0 0 0 0 -0 0.14843 -0.023995 0.028621 0 0
0 0 0 0.17186 0 0 0 0 0 0 -0 0.16667 -0.026943 0.032139 0 0
-0 -0 -0 0.16728 0 0 0 0 0 0 -0 0.16222 -0.026224 0.031281 0 0
0 0 0 0.069885 0 0 0 0 0 0 -0 0.067772 -0.010956 0.013069 0 0
0 0 0 0.19039 0 0 0 0 0 0 -0 0.18464 -0.029848 0.035604 0 0
-0 -0 -0 0.0029678 0 0 0 0 0 0 -0 0.002878 -0.00046526 0.00055498 0 0
-0 -0 -0 0.16341 0 0 0 0 0 0 -0 0.15847 -0.025618 0.030558 0 0
0 0 0 0.17206 0 0 0 0 0 0 -0 0.16685 -0.026973 0.032175 0 0
0 0 0 0.17163 0 0 0 0 0 0 -0 0.16644 -0.026906 0.032095 0 0
0 0 0 0.089607 0 0 0 0 0 0 -0 0.086898 -0.014048 0.016757 0 0
0 0 0 0.078182 0 0 0 0 0 0 -0 0.075818 -0.012257 0.01462 0 0
-0 -0 -0 0.027081 0 0 0 0 0 0 -0 0.026262 -0.0042455 0.0050642 0 0
-0 -0 -0 0.17794 0 0 0 0 0 0 -0 0.17256 -0.027896 0.033276 0 0
-0 -0 -0 0.18363 0 0 0 0 0 0 -0 0.17808 -0.028788 0.034339 0 0
-0 -0 -0 0.15971 0 0 0 0 0 0 -0 0.15488 -0.025038 0.029867 0 0
-0 -0 -0 0.06802 0 0 0 0 0 0 -0 0.065964 -0.010664 0.01272 0 0
-0 -0 -0 0.12086 0 0 0 0 0 0 -0 0.1172 -0.018947 0.022601 0 0
-0 -0 -0 0.15284 0 0 0 0 0 0 -0 0.14822 -0.023961 0.028582 0 0
0 0 0 0.12066 0 0 0 0 0 0 -0 0.11702 -0.018917 0.022564 0 0
0 0 0 0.035475 0 0 0 0 0 0 -0 0.034403 -0.0055615 0.0066339 0 0
-0 -0 -0 0.018136 0 0 0 0 0 0 -0 0.017587 -0.0028431 0.0033914 0 0
-0 -0 -0 0.13678 0 0 0 0 0 0 -0 0.13264 -0.021443 0.025578 0 0
-0 -0 -0 0.10859 0 0 0 0 0 0 -0 0.10531 -0.017024 0.020306 0 0
0 0 0 0.13332 0 0 0 0 0 0 -0 0.12929 -0.020901 0.024932 0 0
-0 -0 -0 0.019393 0 0 0 0 0 0 -0 0.018806 -0.0030402 0.0036265 0 0
0 0 0 0.055896 0 0 0 0 0 0 -0 0.054207 -0.0087629 0.010453 0 0
-0 -0 -0 0.1326 0 0 0 0 0 0 -0 0.1286 -0.020789 0.024797 0 0
-0 -0 -0 0.13013 0 0 0 0 0 0 -0 0.12619 -0.0204 0.024334 0 0
-0 -0 -0 0.096394 0 0 0 0 0 0 -0 0.09348 -0.015112 0.018026 0 0
0 0 0 0.12941 0 0 0 0 0 0 -0 0.12549 -0.020287 0.024199 0 0
0 0 0 0.14194 0 0 0 0 0 0 -0 0.13765 -0.022252 0.026543 0 0
-0 -0 -0 0.16397 0 0 0 0 0 0 -0 0.15901 -0.025706 0.030663 0 0
-0 -0 -0 0.14603 0 0 0 0 0 0 -0 0.14162 -0.022894 0.027308 0 0
0 0 0 0.079738 0 0 0 0 0 0 -0 0.077327 -0.012501 0.014911 0 0
0 0 0 0.078713 0 0 0 0 0 0 -0 0.076334 -0.01234 0.01472 0 0
0 0 0 0.17313 0 0 0 0 0 0 -0 0.1679 -0.027142 0.032376 0 0
0 0 0 0.18768 0 0 0 0 0 0 -0 0.18201 -0.029424 0.035097 0 0
-0 -0 -0 0.091517 0 0 0 0 0 0 -0 0.088751 -0.014347 0.017114 0 0
-0 -0 -0 0.1446 0 0 0 0 0 0 -0 0.14023 -0.02267 0.027041 0 0
-0 -0 -0 0.17755 0 0 0 0 0 0 -0 0.17218 -0.027835 0.033202 0 0
0 0 0 0.040397 0 0 0 0 0 0 -0 0.039176 -0.0063331 0.0075543 0 0
-0 -0 -0 0.059274 0 0 0 0 0 0 -0 0.057482 -0.0092924 0.011084 0 0
0 0 0 0.15617 0 0 0 0 0 0 -0 0.15145 -0.024483 0.029204 0 0
-0 -0 -0 0.1796 0 0 0 0 0 0 -0 0.17417 -0.028157 0.033586 0 0
0 0 0 0.039672 0 0 0 0 0 0 -0 0.038473 -0.0062194 0.0074187 0 0
-0 -0 -0 0.033147 0 0 0 0 0 0 -0 0.032145 -0.0051966 0.0061986 0 0
-0 -0 -0 0.14608 0 0 0 0 0 0 -0 0.14166 -0.022901 0.027317 0 0
0 0 0 0.086614 0 0 0 0 0 0 -0 0.083995 -0.013579 0.016197 0 0
-0 -0 -0 0.096736 0 0 0 0 0 0 -0 0.093812 -0.015165 0.01809 0 0
-0 -0 -0 0.065586 0 0 0 0 0 0 -0 0.063603 -0.010282 0.012265 0 0
-0 -0 -0 0.089331 0 0 0 0 0 0 -0 0.08663 -0.014005 0.016705 0 0
-0 -0 -0 0.019341 0 0 0 0 0 0 -0 0.018756 -0.0030321 0.0036168 0 0
-0 -0 -0 0.06347 0 0 0 0 0 0 -0 0.061552 -0.0099503 0.011869 0 0
-0 -0 -0 0.10164 0 0 0 0 0 0 -0 0.098571 -0.015935 0.019008 0 0
-0 -0 -0 0.14502 0 0 0 0 0 0 -0 0.14063 -0.022734 0.027118 0 0
0 0 0 0.0058365 0 0 0 0 0 0 -0 0.00566 -0.00091499 0.0010914 0 0
0 0 0 0.16863 0 0 0 0 0 0 -0 0.16353 -0.026437 0.031535 0 0
0 0 0 0.0059467 0 0 0 0 0 0 -0 0.005767 -0.00093228 0.0011121 0 0
0 0 0 0.020282 0 0 0 0 0 0 -0 0.019669 -0.0031797 0.0037928 0 0
0 0 0 0.18521 0 0 0 0 0 0 -0 0.17961 -0.029036 0.034635 0 0
-0 -0 -0 0.048637 0 0 0 0 0 0 -0 0.047167 -0.0076249 0.0090952 0 0
-0 -0 -0 0.059112 0 0 0 0 0 0 -0 0.057325 -0.0092671 0.011054 0 0
-0 -0 -0 0.021059 0 0 0 0 0 0 -0 0.020423 -0.0033015 0.0039381 0 0
0 0 0 0.095734 0 0 0 0 0 0 -0 0.09284 -0.015008 0.017902 0 0
0 0 0 0.0152 0 0 0 0 0 0 -0 0.01474 -0.0023829 0.0028424 0 0
0 0 0 0.055284 0 0 0 0 0 0 -0 0.053613 -0.008667 0.010338 0 0
0 0 0 0.044035 0 0 0 0 0 0 -0 0.042704 -0.0069034 0.0082346 0 0
-0 -0 -0 0.085962 0 0 0 0 0 0 -0 0.083363 -0.013476 0.016075 0 0
0 0 0 0.12276 0 0 0 0 0 0 -0 0.11905 -0.019245 0.022956 0 0
0 0 0 0.17818 0 0 0 0 0 0 -0 0.17279 -0.027933 0.033319 0 0
-0 -0 -0 0.020707 0 0 0 0 0 0 -0 0.020081 -0.0032463 0.0038723 0 0
0 0 0 0.19701 0 0 0 0 0 0 -0 0.19105 -0.030885 0.036841 0 0
0 0 0 0.02416 0 0 0 0 0 0 -0 0.02343 -0.0037876 0.004518 0 0
0 0 0 0.11975 0 0 0 0 0 0 -0 0.11613 -0.018773 0.022394 0 0
-0 -0 -0 0.096607 0 0 0 0 0 0 -0 0.093686 -0.015145 0.018066 0 0
-0 -0 -0 0.0080386 0 0 0 0 0 0 -0 0.0077956 -0.0012602 0.0015032 0 0
0 0 0 0.030746 0 0 0 0 0 0 -0 0.029817 -0.0048201 0.0057496 0 0
-0 -0 -0 0.14442 0 0 0 0 0 0 -0 0.14005 -0.022641 0.027007 0 0
-0 -0 -0 0.1252 0 0 0 0 0 0 -0 0.12141 -0.019628 0.023412 0 0
-0 -0 -0 0.17885 0 0 0 0 0 0 -0 0.17344 -0.028038 0.033445 0 0
-0 -0 -0 0.068775 0 0 0 0 0 0 -0 0.066696 -0.010782 0.012861 0 0
-0 -0 -0 0.18097 0 0 0 0 0 0 -0 0.1755 -0.02837 0.033841 0 0
0 0 0 0.18439 0 0 0 0 0 0 -0 0.17882 -0.028908 0.034482 0 0
0 0 0 0.067803 0 0 0 0 0 0 -0 0.065753 -0.01063 0.012679 0 0
-0 -0 -0 0.13361 0 0 0 0 0 0 -0 0.12957 -0.020946 0.024985 0 0
-0 -0 -0 0.064001 0 0 0 0 0 0 -0 0.062066 -0.010034 0.011968 0 0
0 0 0 0.19285 0 0 0 0 0 0 -0 0.18702 -0.030233 0.036063 0 0
0 0 0 0.11562 0 0 0 0 0 0 -0 0.11212 -0.018125 0.02162 0 0
0 0 0 0.086445 0 0 0 0 0 0 -0 0.083832 -0.013552 0.016165 0 0
0 0 0 0.14267 0 0 0 0 0 0 -0 0.13836 -0.022367 0.02668 0 0
-0 -0 -0 0.17603 0 0 0 0 0 0 -0 0.17071 -0.027597 0.032918 0 0
-0 -0 -0 0.067396 0 0 0 0 0 0 -0 0.065359 -0.010566 0.012603 0 0
-0 -0 -0 0.057045 0 0 0 0 0 0 -0 0.05532 -0.008943 0.010667 0 0
0 0 0 0.18629 0 0 0 0 0 0 -0 0.18065 -0.029204 0.034836 0 0
-0 -0 -0 0.12638 0 0 0 0 0 0 -0 0.12256 -0.019812 0.023633 0 0
-0 -0 -0 0.061393 0 0 0 0 0 0 -0 0.059537 -0.0096247 0.011481 0 0
0 0 0 0.09805 0 0 0 0 0 0 -0 0.095086 -0.015371 0.018336 0 0
