-0 -0 -0 0.16335 0 0 0 0 -0 -0 0 0.13915 -0.078412 0.034201 0 0
-0 -0 -0 0.090849 0 0 0 0 -0 -0 0 0.077394 -0.04361 0.019022 0 0
-0 -0 -0 0.037429 0 0 0 0 -0 -0 0 0.031886 -0.017967 0.0078368 0 0
0 0 0 0.17158 0 0 0 0 -0 -0 0 0.14617 -0.082363 0.035925 0 0
0 0 0 0.15198 0 0 0 0 -0 -0 0 0.12947 -0.072955 0.031821 0 0
-0 -0 -0 0.076144 0 0 0 0 -0 -0 0 0.064867 -0.036552 0.015943 0 0
0 0 0 0.10894 0 0 0 0 -0 -0 0 0.092804 -0.052294 0.022809 0 0
0 0 0 0.094608 0 0 0 0 -0 -0 0 0.080596 -0.045415 0.019809 0 0
-0 -0 -0 0.11405 0 0 0 0 -0 -0 0 0.097156 -0.054746 0.023879 0 0
0 0 0 0.019346 0 0 0 0 -0 -0 0 0.016481 -0.0092867 0.0040506 0 0
0 0 0 0.0069053 0 0 0 0 -0 -0 0 0.0058826 -0.0033148 0.0014458 0 0
-0 -0 -0 0.065312 0 0 0 0 -0 -0 0 0.055639 -0.031352 0.013675 0 0
0 0 0 0.041737 0 0 0 0 -0 -0 0 0.035555 -0.020035 0.0087388 0 0
0 0 0 0.038172 0 0 0 0 -0 -0 0 0.032519 -0.018324 0.0079925 0 0
0 0 0 0.13583 0 0 0 0 -0 -0 0 0.11571 -0.065204 0.02844 0 0
0 0 0 0.17102 0 0 0 0 -0 -0 0 0.1457 -0.082097 0.035809 0 0
-0 -0 -0 0.02334 0 0 0 0 -0 -0 0 0.019883 -0.011204 0.0048868 0 0
0 0 0 0.05283 0 0 0 0 -0 -0 0 0.045006 -0.02536 0.011062 0 0
-0 -0 -0 0.13563 0 0 0 0 -0 -0 0 0.11555 -0.065109 0.028399 0 0
0 0 0 0.043997 0 0 0 0 -0 -0 0 0.037481 -0.02112 0.009212 0 0
-0 -0 -0 0.014717 0 0 0 0 -0 -0 0 0.012538 -0.0070649 0.0030815 0 0
-0 -0 -0 0.092638 0 0 0 0 -0 -0 0 0.078918 -0.044469 0.019396 0 0
-0 -0 -0 0.020534 0 0 0 0 -0 -0 0 0.017493 -0.0098569 0.0042993 0 0
0 0 0 0.059848 0 0 0 0 -0 -0 0 0.050985 -0.028729 0.012531 0 0
-0 -0 -0 0.14485 0 0 0 0 -0 -0 0 0.1234 -0.069533 0.030329 0 0
-0 -0 -0 0.020606 0 0 0 0 -0 -0 0 0.017554 -0.0098915 0.0043144 0 0
0 0 0 0.047249 0 0 0 0 -0 -0 0 0.040251 -0.022681 0.0098929 0 0
-0 -0 -0 0.15085 0 0 0 0 -0 -0 0 0.12851 -0.072412 0.031584 0 0
0 0 0 0.10888 0 0 0 0 -0 -0 0 0.092755 -0.052266 0.022797 0 0
0 0 0 0.13564 0 0 0 0 -0 -0 0 0.11555 -0.06511 0.028399 0 0
0 0 0 0.11684 0 0 0 0 -0 -0 0 0.099535 -0.056087 0.024464 0 0
0 0 0 0.17702 0 0 0 0 -0 -0 0 0.1508 -0.084975 0.037064 0 0
0 0 0 0.075226 0 0 0 0 -0 -0 0 0.064085 -0.036111 0.015751 0 0
0 0 0 0.015099 0 0 0 0 -0 -0 0 0.012862 -0.0072478 0.0031613 0 0
0 0 0 0.039885 0 0 0 0 -0 -0 0 0.033978 -0.019146 0.0083511 0 0
-0 -0 -0 0.0068073 0 0 0 0 -0 -0 0 0.0057991 -0.0032677 0.0014253 0 0
-0 -0 -0 0.14204 0 0 0 0 -0 -0 0 0.121 -0.068182 0.02974 0 0
0 0 0 0.079787 0 0 0 0 -0 -0 0 0.067971 -0.038301 0.016706 0 0
-0 -0 -0 0.13025 0 0 0 0 -0 -0 0 0.11096 -0.062525 0.027272 0 0
-0 -0 -0 0.040095 0 0 0 0 -0 -0 0 0.034157 -0.019247 0.008395 0 0
0 0 0 0.18097 0 0 0 0 -0 -0 0 0.15416 -0.08687 0.03789 0 0
-0 -0 -0 0.03221 0 0 0 0 -0 -0 0 0.027439 -0.015462 0.006744 0 0
-0 -0 -0 0.058998 0 0 0 0 -0 -0 0 0.05026 -0.028321 0.012353 0 0
-0 -0 -0 0.082051 0 0 0 0 -0 -0 0 0.069899 -0.039387 0.01718 0 0
0 0 0 0.15056 0 0 0 0 -0 -0 0 0.12826 -0.072272 0.031523 0 0
0 0 0 0.070932 0 0 0 0 -0 -0 0 0.060427 -0.03405 0.014852 0 0
-0 -0 -0 0.16133 0 0 0 0 -0 -0 0 0.13743 -0.077442 0.033778 0 0
-0 -0 -0 0.016639 0 0 0 0 -0 -0 0 0.014174 -0.0079871 0.0034838 0 0
0 0 0 0.17493 0 0 0 0 -0 -0 0 0.14902 -0.083971 0.036626 0 0
-0 -0 -0 0.054342 0 0 0 0 -0 -0 0 0.046294 -0.026086 0.011378 0 0
0 0 0 0.080711 0 0 0 0 -0 -0 0 0.068757 -0.038744 0.016899 0 0
-0 -0 -0 0.18964 0 0 0 0 -0 -0 0 0.16156 -0.091035 0.039707 0 0
0 0 0 0.11124 0 0 0 0 -0 -0 0 0.094766 -0.053399 0.023291 0 0
-0 -0 -0 0.012934 0 0 0 0 -0 -0 0 0.011018 -0.0062086 0.002708 0 0
0 0 0 0.16917 0 0 0 0 -0 -0 0 0.14412 -0.081207 0.035421 0 0
0 0 0 0.05735 0 0 0 0 -0 -0 0 0.048856 -0.02753 0.012008 0 0
-0 -0 -0 0.04634 0 0 0 0 -0 -0 0 0.039477 -0.022245 0.0097027 0 0
-0 -0 -0 0.10851 0 0 0 0 -0 -0 0 0.092438 -0.052087 0.022719 0 0
-0 -0 -0 0.17864 0 0 0 0 -0 -0 0 0.15218 -0.085751 0.037402 0 0
0 0 0 0.041516 0 0 0 0 -0 -0 0 0.035367 -0.019929 0.0086925 0 0
-0 -0 -0 0.15093 0 0 0 0 -0 -0 0 0.12857 -0.072449 0.031601 0 0
-0 -0 -0 0.037323 0 0 0 0 -0 -0 0 0.031795 -0.017916 0.0078146 0 0
-0 -0 -0 0.042897 0 0 0 0 -0 -0 0 0.036544 -0.020592 0.0089817 0 0
0 0 0 0.186 0 0 0 0 -0 -0 0 0.15846 -0.089288 0.038945 0 0
0 0 0 0.19376 0 0 0 0 -0 -0 0 0.16507 -0.093012 0.04057 0 0
-0 -0 -0 0.11818 0 0 0 0 -0 -0 0 0.10068 -0.056729 0.024744 0 0
-0 -0 -0 0.14916 0 0 0 0 -0 -0 0 0.12707 -0.0716 0.03123 0 0
-0 -0 -0 0.046044 0 0 0 0 -0 -0 0 0.039224 -0.022103 0.0096406 0 0
0 0 0 0.095472 0 0 0 0 -0 -0 0 0.081332 -0.04583 0.01999 0 0
-0 -0 -0 0.16136 0 0 0 0 -0 -0 0 0.13746 -0.07746 0.033786 0 0
0 0 0 0.18457 0 0 0 0 -0 -0 0 0.15723 -0.088599 0.038645 0 0
-0 -0 -0 0.052697 0 0 0 0 -0 -0 0 0.044893 -0.025296 0.011034 0 0
-0 -0 -0 0.085371 0 0 0 0 -0 -0 0 0.072728 -0.040981 0.017875 0 0
0 0 0 0.13931 0 0 0 0 -0 -0 0 0.11868 -0.066873 0.029169 0 0
0 0 0 0.11213 0 0 0 0 -0 -0 0 0.095526 -0.053828 0.023478 0 0
-0 -0 -0 0.10987 0 0 0 0 -0 -0 0 0.093602 -0.052744 0.023005 0 0
-0 -0 -0 0.11304 0 0 0 0 -0 -0 0 0.096298 -0.054263 0.023668 0 0
-0 -0 -0 0.17697 0 0 0 0 -0 -0 0 0.15076 -0.084953 0.037055 0 0
0 0 0 0.11889 0 0 0 0 -0 -0 0 0.10128 -0.057072 0.024894 0 0
0 0 0 0.014723 0 0 0 0 -0 -0 0 0.012543 -0.0070676 0.0030827 0 0
0 0 0 0.00017866 0 0 0 0 -0 -0 0 0.0001522 -8.5764e-05 3.7408e-05 0 0
-0 -0 -0 0.041823 0 0 0 0 -0 -0 0 0.035629 -0.020076 0.0087568 0 0
-0 -0 -0 0.16863 0 0 0 0 -0 -0 0 0.14366 -0.08095 0.035308 0 0
0 0 0 0.056453 0 0 0 0 -0 -0 0 0.048092 -0.027099 0.01182 0 0
-0 -0 -0 0.022519 0 0 0 0 -0 -0 0 0.019184 -0.01081 0.004715 0 0
0 0 0 0.04704 0 0 0 0 -0 -0 0 0.040073 -0.022581 0.0098491 0 0
0 0 0 0.16276 0 0 0 0 -0 -0 0 0.13866 -0.078131 0.034079 0 0
-0 -0 -0 0.12249 0 0 0 0 -0 -0 0 0.10435 -0.058802 0.025648 0 0
0 0 0 0.1422 0 0 0 0 -0 -0 0 0.12114 -0.068261 0.029774 0 0
-0 -0 -0 0.091723 0 0 0 0 -0 -0 0 0.078138 -0.04403 0.019205 0 0
-0 -0 -0 0.1952 0 0 0 0 -0 -0 0 0.16629 -0.0937 0.04087 0 0
-0 -0 -0 0.10122 0 0 0 0 -0 -0 0 0.086227 -0.048588 0.021193 0 0
-0 -0 -0 0.076259 0 0 0 0 -0 -0 0 0.064965 -0.036607 0.015967 0 0
0 0 0 0.19456 0 0 0 0 -0 -0 0 0.16575 -0.093397 0.040737 0 0
-0 -0 -0 0.012813 0 0 0 0 -0 -0 0 0.010916 -0.0061508 0.0026828 0 0
0 0 0 0.14676 0 0 0 0 -0 -0 0 0.12502 -0.07045 0.030728 0 0
0 0 0 0.0077623 0 0 0 0 -0 -0 0 0.0066127 -0.0037262 0.0016253 0 0
0 0 0 0.080476 0 0 0 0 -0 -0 0 0.068558 -0.038631 0.01685 0 0
0 0 0 0.0020589 0 0 0 0 -0 -0 0 0.0017539 -0.00098832 0.00043108 0 0
0 0 0 0.015372 0 0 0 0 -0 -0 0 0.013095 -0.0073789 0.0032185 0 0
