-0 -0 -0 0.16115 0 0 0 0 -0 -0 0 0.13728 -0.077355 0.03374 0 0
-0 -0 -0 0.019237 0 0 0 0 -0 -0 0 0.016388 -0.0092345 0.0040279 0 0
-0 -0 -0 0.026562 0 0 0 0 -0 -0 0 0.022628 -0.012751 0.0055615 0 0
0 0 0 0.12597 0 0 0 0 -0 -0 0 0.10731 -0.060468 0.026375 0 0
-0 -0 -0 0.05661 0 0 0 0 -0 -0 0 0.048226 -0.027175 0.011853 0 0
0 0 0 0.092269 0 0 0 0 -0 -0 0 0.078603 -0.044292 0.019319 0 0
-0 -0 -0 0.077812 0 0 0 0 -0 -0 0 0.066287 -0.037352 0.016292 0 0
0 0 0 0.12851 0 0 0 0 -0 -0 0 0.10948 -0.061691 0.026908 0 0
0 0 0 0.18099 0 0 0 0 -0 -0 0 0.15418 -0.086881 0.037895 0 0
0 0 0 0.077491 0 0 0 0 -0 -0 0 0.066014 -0.037198 0.016225 0 0
0 0 0 0.1688 0 0 0 0 -0 -0 0 0.1438 -0.081031 0.035344 0 0
-0 -0 -0 0.18637 0 0 0 0 -0 -0 0 0.15877 -0.089463 0.039022 0 0
-0 -0 -0 0.12976 0 0 0 0 -0 -0 0 0.11054 -0.062287 0.027168 0 0
0 0 0 0.075639 0 0 0 0 -0 -0 0 0.064437 -0.036309 0.015837 0 0
-0 -0 -0 0.16606 0 0 0 0 -0 -0 0 0.14146 -0.079712 0.034769 0 0
0 0 0 0.16982 0 0 0 0 -0 -0 0 0.14467 -0.081517 0.035556 0 0
0 0 0 0.060993 0 0 0 0 -0 -0 0 0.05196 -0.029279 0.012771 0 0
0 0 0 0.015362 0 0 0 0 -0 -0 0 0.013087 -0.0073742 0.0032164 0 0
0 0 0 0.036128 0 0 0 0 -0 -0 0 0.030777 -0.017342 0.0075643 0 0
0 0 0 0.076588 0 0 0 0 -0 -0 0 0.065245 -0.036765 0.016036 0 0
0 0 0 0.15172 0 0 0 0 -0 -0 0 0.12925 -0.07283 0.031767 0 0
-0 -0 -0 0.14581 0 0 0 0 -0 -0 0 0.12422 -0.069994 0.03053 0 0
0 0 0 0.12022 0 0 0 0 -0 -0 0 0.10242 -0.057711 0.025172 0 0
0 0 0 0.13434 0 0 0 0 -0 -0 0 0.11444 -0.064485 0.028127 0 0
-0 -0 -0 0.10612 0 0 0 0 -0 -0 0 0.090399 -0.050939 0.022218 0 0
0 0 0 0.06905 0 0 0 0 -0 -0 0 0.058824 -0.033147 0.014458 0 0
-0 -0 -0 0.1489 0 0 0 0 -0 -0 0 0.12684 -0.071475 0.031176 0 0
-0 -0 -0 0.13304 0 0 0 0 -0 -0 0 0.11334 -0.063866 0.027857 0 0
-0 -0 -0 0.12952 0 0 0 0 -0 -0 0 0.11034 -0.062174 0.027119 0 0
-0 -0 -0 0.16818 0 0 0 0 -0 -0 0 0.14327 -0.080733 0.035214 0 0
-0 -0 -0 0.13829 0 0 0 0 -0 -0 0 0.11781 -0.066385 0.028956 0 0
0 0 0 0.12937 0 0 0 0 -0 -0 0 0.11021 -0.0621 0.027087 0 0
-0 -0 -0 0.060297 0 0 0 0 -0 -0 0 0.051367 -0.028945 0.012625 0 0
0 0 0 0.033336 0 0 0 0 -0 -0 0 0.028399 -0.016002 0.0069799 0 0
0 0 0 0.073783 0 0 0 0 -0 -0 0 0.062855 -0.035418 0.015449 0 0
-0 -0 -0 0.034154 0 0 0 0 -0 -0 0 0.029096 -0.016395 0.0071512 0 0
0 0 0 0.11895 0 0 0 0 -0 -0 0 0.10133 -0.0571 0.024906 0 0
0 0 0 0.082948 0 0 0 0 -0 -0 0 0.070663 -0.039818 0.017368 0 0
0 0 0 0.036982 0 0 0 0 -0 -0 0 0.031505 -0.017753 0.0077433 0 0
-0 -0 -0 0.011973 0 0 0 0 -0 -0 0 0.0102 -0.0057476 0.002507 0 0
-0 -0 -0 0.1778 0 0 0 0 -0 -0 0 0.15147 -0.085352 0.037228 0 0
-0 -0 -0 0.00068933 0 0 0 0 -0 -0 0 0.00058724 -0.0003309 0.00014433 0 0
0 0 0 0.14166 0 0 0 0 -0 -0 0 0.12068 -0.068 0.02966 0 0
0 0 0 0.07836 0 0 0 0 -0 -0 0 0.066755 -0.037616 0.016407 0 0
-0 -0 -0 0.073216 0 0 0 0 -0 -0 0 0.062372 -0.035146 0.01533 0 0
-0 -0 -0 0.023538 0 0 0 0 -0 -0 0 0.020052 -0.011299 0.0049284 0 0
-0 -0 -0 0.067422 0 0 0 0 -0 -0 0 0.057437 -0.032365 0.014117 0 0
-0 -0 -0 0.1154 0 0 0 0 -0 -0 0 0.098312 -0.055398 0.024163 0 0
-0 -0 -0 0.13104 0 0 0 0 -0 -0 0 0.11164 -0.062906 0.027438 0 0
0 0 0 0.16719 0 0 0 0 -0 -0 0 0.14243 -0.080257 0.035006 0 0
0 0 0 0.19291 0 0 0 0 -0 -0 0 0.16434 -0.092601 0.04039 0 0
0 0 0 0.094135 0 0 0 0 -0 -0 0 0.080194 -0.045188 0.01971 0 0
0 0 0 0.15714 0 0 0 0 -0 -0 0 0.13387 -0.075432 0.032902 0 0
-0 -0 -0 0.055082 0 0 0 0 -0 -0 0 0.046925 -0.026441 0.011533 0 0
0 0 0 0.1306 0 0 0 0 -0 -0 0 0.11126 -0.062693 0.027345 0 0
0 0 0 0.13214 0 0 0 0 -0 -0 0 0.11257 -0.063431 0.027667 0 0
0 0 0 0.072977 0 0 0 0 -0 -0 0 0.062169 -0.035031 0.01528 0 0
-0 -0 -0 0.077199 0 0 0 0 -0 -0 0 0.065765 -0.037058 0.016164 0 0
0 0 0 0.18486 0 0 0 0 -0 -0 0 0.15749 -0.088741 0.038707 0 0
-0 -0 -0 0.078393 0 0 0 0 -0 -0 0 0.066783 -0.037631 0.016414 0 0
0 0 0 0.038021 0 0 0 0 -0 -0 0 0.03239 -0.018251 0.0079608 0 0
-0 -0 -0 0.11668 0 0 0 0 -0 -0 0 0.099397 -0.056009 0.02443 0 0
-0 -0 -0 0.030032 0 0 0 0 -0 -0 0 0.025584 -0.014416 0.006288 0 0
-0 -0 -0 0.065759 0 0 0 0 -0 -0 0 0.05602 -0.031566 0.013769 0 0
-0 -0 -0 0.02549 0 0 0 0 -0 -0 0 0.021715 -0.012236 0.0053371 0 0
0 0 0 0.19174 0 0 0 0 -0 -0 0 0.16334 -0.09204 0.040145 0 0
0 0 0 0.1904 0 0 0 0 -0 -0 0 0.1622 -0.0914 0.039866 0 0
-0 -0 -0 0.10205 0 0 0 0 -0 -0 0 0.086938 -0.048989 0.021368 0 0
-0 -0 -0 0.13198 0 0 0 0 -0 -0 0 0.11243 -0.063353 0.027633 0 0
-0 -0 -0 0.053061 0 0 0 0 -0 -0 0 0.045203 -0.025471 0.01111 0 0
0 0 0 0.059413 0 0 0 0 -0 -0 0 0.050614 -0.02852 0.01244 0 0
0 0 0 0.13552 0 0 0 0 -0 -0 0 0.11545 -0.065053 0.028374 0 0
-0 -0 -0 0.06603 0 0 0 0 -0 -0 0 0.056251 -0.031697 0.013825 0 0
0 0 0 0.19297 0 0 0 0 -0 -0 0 0.16439 -0.092634 0.040405 0 0
0 0 0 0.032921 0 0 0 0 -0 -0 0 0.028045 -0.015803 0.0068929 0 0
0 0 0 0.0097362 0 0 0 0 -0 -0 0 0.0082942 -0.0046737 0.0020386 0 0
0 0 0 0.067357 0 0 0 0 -0 -0 0 0.057381 -0.032334 0.014103 0 0
-0 -0 -0 0.11998 0 0 0 0 -0 -0 0 0.10221 -0.057595 0.025122 0 0
-0 -0 -0 0.040534 0 0 0 0 -0 -0 0 0.03453 -0.019457 0.0084869 0 0
-0 -0 -0 0.0087183 0 0 0 0 -0 -0 0 0.0074271 -0.0041851 0.0018254 0 0
-0 -0 -0 0.08972 0 0 0 0 -0 -0 0 0.076432 -0.043069 0.018785 0 0
-0 -0 -0 0.047436 0 0 0 0 -0 -0 0 0.040411 -0.022771 0.0099321 0 0
-0 -0 -0 0.16295 0 0 0 0 -0 -0 0 0.13882 -0.078221 0.034118 0 0
-0 -0 -0 0.031027 0 0 0 0 -0 -0 0 0.026432 -0.014894 0.0064964 0 0
-0 -0 -0 0.11755 0 0 0 0 -0 -0 0 0.10014 -0.05643 0.024613 0 0
-0 -0 -0 0.10882 0 0 0 0 -0 -0 0 0.092704 -0.052238 0.022785 0 0
-0 -0 -0 0.034706 0 0 0 0 -0 -0 0 0.029566 -0.01666 0.0072667 0 0
0 0 0 0.032127 0 0 0 0 -0 -0 0 0.027369 -0.015422 0.0067267 0 0
0 0 0 0.08785 0 0 0 0 -0 -0 0 0.074839 -0.042171 0.018394 0 0
-0 -0 -0 0.19605 0 0 0 0 -0 -0 0 0.16701 -0.094108 0.041048 0 0
-0 -0 -0 0.096175 0 0 0 0 -0 -0 0 0.081931 -0.046167 0.020137 0 0
-0 -0 -0 0.16205 0 0 0 0 -0 -0 0 0.13805 -0.077791 0.033931 0 0
0 0 0 0.0022293 0 0 0 0 -0 -0 0 0.0018992 -0.0010702 0.00046677 0 0
0 0 0 0.14927 0 0 0 0 -0 -0 0 0.12716 -0.071656 0.031255 0 0
-0 -0 -0 0.051186 0 0 0 0 -0 -0 0 0.043606 -0.024571 0.010717 0 0
0 0 0 0.014815 0 0 0 0 -0 -0 0 0.012621 -0.0071116 0.0031019 0 0
0 0 0 0.074242 0 0 0 0 -0 -0 0 0.063247 -0.035639 0.015545 0 0
-0 -0 -0 0.097883 0 0 0 0 -0 -0 0 0.083386 -0.046987 0.020495 0 0
0 0 0 0.11528 0 0 0 0 -0 -0 0 0.098208 -0.055339 0.024138 0 0
0 0 0 0.08196 0 0 0 0 -0 -0 0 0.069821 -0.039343 0.017161 0 0
