0 0 0 0.056436 0 0 0 0 0 0 -0 0.05473 -0.0088475 0.010554 0 0
0 0 0 0.046977 0 0 0 0 0 0 -0 0.045557 -0.0073647 0.0087849 0 0
0 0 0 0.12839 0 0 0 0 0 0 -0 0.12451 -0.020128 0.024009 0 0
-0 -0 -0 0.14986 0 0 0 0 0 0 -0 0.14533 -0.023493 0.028024 0 0
0 0 0 0.0043497 0 0 0 0 0 0 -0 0.0042182 -0.00068191 0.0008134 0 0
-0 -0 -0 0.15004 0 0 0 0 0 0 -0 0.14551 -0.023523 0.028058 0 0
-0 -0 -0 0.15773 0 0 0 0 0 0 -0 0.15296 -0.024728 0.029496 0 0
0 0 0 0.021662 0 0 0 0 0 0 -0 0.021007 -0.003396 0.0040509 0 0
-0 -0 -0 0.16581 0 0 0 0 0 0 -0 0.1608 -0.025995 0.031007 0 0
-0 -0 -0 0.14699 0 0 0 0 0 0 -0 0.14255 -0.023045 0.027488 0 0
0 0 0 0.018951 0 0 0 0 0 0 -0 0.018378 -0.0029709 0.0035438 0 0
0 0 0 0.1197 0 0 0 0 0 0 -0 0.11608 -0.018765 0.022383 0 0
0 0 0 0.086858 0 0 0 0 0 0 -0 0.084232 -0.013617 0.016243 0 0
-0 -0 -0 0.067773 0 0 0 0 0 0 -0 0.065724 -0.010625 0.012674 0 0
-0 -0 -0 0.023624 0 0 0 0 0 0 -0 0.02291 -0.0037036 0.0044178 0 0
0 0 0 0.052025 0 0 0 0 0 0 -0 0.050452 -0.008156 0.0097288 0 0
0 0 0 0.037192 0 0 0 0 0 0 -0 0.036068 -0.0058307 0.006955 0 0
-0 -0 -0 0.19635 0 0 0 0 0 0 -0 0.19042 -0.030783 0.036719 0 0
-0 -0 -0 0.14472 0 0 0 0 0 0 -0 0.14034 -0.022688 0.027063 0 0
0 0 0 0.15984 0 0 0 0 0 0 -0 0.15501 -0.025058 0.02989 0 0
-0 -0 -0 0.11927 0 0 0 0 0 0 -0 0.11567 -0.018698 0.022304 0 0
0 0 0 0.021702 0 0 0 0 0 0 -0 0.021046 -0.0034022 0.0040583 0 0
-0 -0 -0 0.080578 0 0 0 0 0 0 -0 0.078142 -0.012632 0.015068 0 0
-0 -0 -0 0.091442 0 0 0 0 0 0 -0 0.088677 -0.014335 0.0171 0 0
-0 -0 -0 0.1143 0 0 0 0 0 0 -0 0.11084 -0.017918 0.021374 0 0
0 0 0 0.18054 0 0 0 0 0 0 -0 0.17508 -0.028303 0.033761 0 0
0 0 0 0.06528 0 0 0 0 0 0 -0 0.063306 -0.010234 0.012207 0 0
-0 -0 -0 0.054061 0 0 0 0 0 0 -0 0.052427 -0.0084753 0.01011 0 0
0 0 0 0.049816 0 0 0 0 0 0 -0 0.04831 -0.0078097 0.0093157 0 0
-0 -0 -0 0.04094 0 0 0 0 0 0 -0 0.039702 -0.0064182 0.0076558 0 0
-0 -0 -0 0.1425 0 0 0 0 0 0 -0 0.13819 -0.02234 0.026648 0 0
0 0 0 0.037603 0 0 0 0 0 0 -0 0.036466 -0.0058951 0.0070319 0 0
-0 -0 -0 0.0478 0 0 0 0 0 0 -0 0.046355 -0.0074937 0.0089388 0 0
0 0 0 0.16159 0 0 0 0 0 0 -0 0.15671 -0.025333 0.030218 0 0
-0 -0 -0 0.15221 0 0 0 0 0 0 -0 0.14761 -0.023862 0.028464 0 0
-0 -0 -0 0.19973 0 0 0 0 0 0 -0 0.19369 -0.031312 0.03735 0 0
-0 -0 -0 0.07099 0 0 0 0 0 0 -0 0.068844 -0.011129 0.013275 0 0
-0 -0 -0 0.12843 0 0 0 0 0 0 -0 0.12455 -0.020135 0.024017 0 0
0 0 0 0.0038134 0 0 0 0 0 0 -0 0.0036981 -0.00059783 0.00071311 0 0
0 0 0 0.12146 0 0 0 0 0 0 -0 0.11779 -0.019042 0.022714 0 0
-0 -0 -0 0.17673 0 0 0 0 0 0 -0 0.17139 -0.027707 0.03305 0 0
-0 -0 -0 0.068993 0 0 0 0 0 0 -0 0.066907 -0.010816 0.012902 0 0
0 0 0 0.00059541 0 0 0 0 0 0 -0 0.00057741 -9.3344e-05 0.00011134 0 0
-0 -0 -0 0.015376 0 0 0 0 0 0 -0 0.014911 -0.0024105 0.0028753 0 0
0 0 0 0.097679 0 0 0 0 0 0 -0 0.094727 -0.015313 0.018266 0 0
-0 -0 -0 0.098504 0 0 0 0 0 0 -0 0.095527 -0.015443 0.018421 0 0
0 0 0 0.050217 0 0 0 0 0 0 -0 0.048698 -0.0078725 0.0093906 0 0
0 0 0 0.097687 0 0 0 0 0 0 -0 0.094734 -0.015314 0.018268 0 0
-0 -0 -0 0.12446 0 0 0 0 0 0 -0 0.1207 -0.019511 0.023274 0 0
0 0 0 0.16024 0 0 0 0 0 0 -0 0.1554 -0.025121 0.029966 0 0
0 0 0 0.024025 0 0 0 0 0 0 -0 0.023298 -0.0037664 0.0044926 0 0
0 0 0 0.17057 0 0 0 0 0 0 -0 0.16541 -0.026741 0.031897 0 0
0 0 0 0.097974 0 0 0 0 0 0 -0 0.095012 -0.015359 0.018321 0 0
-0 -0 -0 0.031704 0 0 0 0 0 0 -0 0.030746 -0.0049703 0.0059288 0 0
0 0 0 0.15359 0 0 0 0 0 0 -0 0.14895 -0.024078 0.028721 0 0
-0 -0 -0 0.1062 0 0 0 0 0 0 -0 0.10299 -0.01665 0.01986 0 0
0 0 0 0.18336 0 0 0 0 0 0 -0 0.17782 -0.028746 0.034289 0 0
-0 -0 -0 0.12249 0 0 0 0 0 0 -0 0.11879 -0.019203 0.022907 0 0
0 0 0 0.037979 0 0 0 0 0 0 -0 0.036831 -0.0059541 0.0071022 0 0
0 0 0 0.18105 0 0 0 0 0 0 -0 0.17558 -0.028383 0.033857 0 0
-0 -0 -0 0.009191 0 0 0 0 0 0 -0 0.0089131 -0.0014409 0.0017187 0 0
0 0 0 0.14689 0 0 0 0 0 0 -0 0.14245 -0.023029 0.027469 0 0
0 0 0 0.039821 0 0 0 0 0 0 -0 0.038617 -0.0062428 0.0074466 0 0
0 0 0 0.078725 0 0 0 0 0 0 -0 0.076345 -0.012342 0.014722 0 0
-0 -0 -0 0.099432 0 0 0 0 0 0 -0 0.096426 -0.015588 0.018594 0 0
0 0 0 0.093279 0 0 0 0 0 0 -0 0.090459 -0.014623 0.017443 0 0
-0 -0 -0 0.13872 0 0 0 0 0 0 -0 0.13453 -0.021748 0.025942 0 0
0 0 0 0.1325 0 0 0 0 0 0 -0 0.1285 -0.020773 0.024779 0 0
-0 -0 -0 0.031339 0 0 0 0 0 0 -0 0.030392 -0.0049131 0.0058605 0 0
0 0 0 0.16033 0 0 0 0 0 0 -0 0.15548 -0.025135 0.029982 0 0
0 0 0 0.01446 0 0 0 0 0 0 -0 0.014023 -0.0022669 0.002704 0 0
0 0 0 0.077412 0 0 0 0 0 0 -0 0.075071 -0.012136 0.014476 0 0
0 0 0 0.06957 0 0 0 0 0 0 -0 0.067467 -0.010907 0.01301 0 0
0 0 0 0.15931 0 0 0 0 0 0 -0 0.15449 -0.024975 0.029791 0 0
-0 -0 -0 0.13143 0 0 0 0 0 0 -0 0.12746 -0.020605 0.024578 0 0
0 0 0 0.18828 0 0 0 0 0 0 -0 0.18259 -0.029517 0.035208 0 0
0 0 0 0.0044228 0 0 0 0 0 0 -0 0.0042891 -0.00069338 0.00082708 0 0
0 0 0 0.1759 0 0 0 0 0 0 -0 0.17058 -0.027576 0.032894 0 0
-0 -0 -0 0.17004 0 0 0 0 0 0 -0 0.16489 -0.026657 0.031797 0 0
0 0 0 0.10039 0 0 0 0 0 0 -0 0.097356 -0.015738 0.018773 0 0
-0 -0 -0 0.16015 0 0 0 0 0 0 -0 0.15531 -0.025108 0.029949 0 0
0 0 0 0.066134 0 0 0 0 0 0 -0 0.064135 -0.010368 0.012367 0 0
0 0 0 0.0401 0 0 0 0 0 0 -0 0.038888 -0.0062865 0.0074988 0 0
-0 -0 -0 0.18437 0 0 0 0 0 0 -0 0.1788 -0.028904 0.034478 0 0
-0 -0 -0 0.18775 0 0 0 0 0 0 -0 0.18207 -0.029433 0.035109 0 0
-0 -0 -0 0.088772 0 0 0 0 0 0 -0 0.086089 -0.013917 0.016601 0 0
-0 -0 -0 0.075486 0 0 0 0 0 0 -0 0.073204 -0.011834 0.014116 0 0
0 0 0 0.13727 0 0 0 0 0 0 -0 0.13312 -0.021521 0.02567 0 0
0 0 0 0.082331 0 0 0 0 0 0 -0 0.079842 -0.012907 0.015396 0 0
0 0 0 0.19359 0 0 0 0 0 0 -0 0.18773 -0.030349 0.036201 0 0
-0 -0 -0 0.10093 0 0 0 0 0 0 -0 0.097879 -0.015823 0.018874 0 0
0 0 0 0.1502 0 0 0 0 0 0 -0 0.14566 -0.023547 0.028088 0 0
0 0 0 0.19514 0 0 0 0 0 0 -0 0.18924 -0.030592 0.036491 0 0
0 0 0 0.12728 0 0 0 0 0 0 -0 0.12344 -0.019954 0.023802 0 0
0 0 0 0.14326 0 0 0 0 0 0 -0 0.13893 -0.022459 0.026789 0 0
-0 -0 -0 0.014718 0 0 0 0 0 0 -0 0.014273 -0.0023074 0.0027523 0 0
-0 -0 -0 0.06743 0 0 0 0 0 0 -0 0.065391 -0.010571 0.012609 0 0
0 0 0 0.04267 0 0 0 0 0 0 -0 0.04138 -0.0066894 0.0079793 0 0
0 0 0 0.15485 0 0 0 0 0 0 -0 0.15017 -0.024276 0.028957 0 0
0 0 0 0.00018078 0 0 0 0 0 0 -0 0.00017531 -2.8341e-05 3.3806e-05 0 0
