-0 -0 -0 0.13423 0 0 0 0 -0 -0 0 0.11435 -0.064436 0.028106 0 0
-0 -0 -0 0.01163 0 0 0 0 -0 -0 0 0.0099071 -0.0055825 0.002435 0 0
0 0 0 0.13332 0 0 0 0 -0 -0 0 0.11358 -0.063999 0.027915 0 0
-0 -0 -0 0.1787 0 0 0 0 -0 -0 0 0.15223 -0.085781 0.037416 0 0
0 0 0 0.038076 0 0 0 0 -0 -0 0 0.032437 -0.018278 0.0079724 0 0
0 0 0 0.096261 0 0 0 0 -0 -0 0 0.082004 -0.046208 0.020155 0 0
-0 -0 -0 0.14783 0 0 0 0 -0 -0 0 0.12593 -0.070961 0.030951 0 0
-0 -0 -0 0.14591 0 0 0 0 -0 -0 0 0.1243 -0.070044 0.030551 0 0
-0 -0 -0 0.17017 0 0 0 0 -0 -0 0 0.14497 -0.081688 0.03563 0 0
-0 -0 -0 0.12036 0 0 0 0 -0 -0 0 0.10253 -0.057775 0.0252 0 0
-0 -0 -0 0.092514 0 0 0 0 -0 -0 0 0.078813 -0.04441 0.01937 0 0
-0 -0 -0 0.15019 0 0 0 0 -0 -0 0 0.12795 -0.072096 0.031447 0 0
0 0 0 0.17632 0 0 0 0 -0 -0 0 0.15021 -0.08464 0.036918 0 0
0 0 0 0.04635 0 0 0 0 -0 -0 0 0.039485 -0.02225 0.0097047 0 0
0 0 0 0.16956 0 0 0 0 -0 -0 0 0.14445 -0.081394 0.035502 0 0
-0 -0 -0 0.029479 0 0 0 0 -0 -0 0 0.025113 -0.014151 0.0061723 0 0
-0 -0 -0 0.14674 0 0 0 0 -0 -0 0 0.12501 -0.070441 0.030724 0 0
-0 -0 -0 0.1803 0 0 0 0 -0 -0 0 0.15359 -0.086549 0.03775 0 0
-0 -0 -0 0.089281 0 0 0 0 -0 -0 0 0.076058 -0.042858 0.018693 0 0
-0 -0 -0 0.066561 0 0 0 0 -0 -0 0 0.056703 -0.031952 0.013936 0 0
-0 -0 -0 0.048557 0 0 0 0 -0 -0 0 0.041365 -0.023309 0.010167 0 0
-0 -0 -0 0.079858 0 0 0 0 -0 -0 0 0.068031 -0.038334 0.016721 0 0
0 0 0 0.19802 0 0 0 0 -0 -0 0 0.16869 -0.095054 0.04146 0 0
0 0 0 0.17184 0 0 0 0 -0 -0 0 0.14639 -0.082489 0.03598 0 0
0 0 0 0.031018 0 0 0 0 -0 -0 0 0.026424 -0.01489 0.0064945 0 0
-0 -0 -0 0.037797 0 0 0 0 -0 -0 0 0.032199 -0.018144 0.007914 0 0
0 0 0 0.073447 0 0 0 0 -0 -0 0 0.06257 -0.035257 0.015378 0 0
0 0 0 0.13774 0 0 0 0 -0 -0 0 0.11734 -0.066122 0.028841 0 0
-0 -0 -0 0.15882 0 0 0 0 -0 -0 0 0.1353 -0.076239 0.033254 0 0
0 0 0 0.044501 0 0 0 0 -0 -0 0 0.03791 -0.021362 0.0093175 0 0
0 0 0 0.010813 0 0 0 0 -0 -0 0 0.0092112 -0.0051904 0.0022639 0 0
-0 -0 -0 0.16363 0 0 0 0 -0 -0 0 0.13939 -0.078546 0.03426 0 0
0 0 0 0.071677 0 0 0 0 -0 -0 0 0.061061 -0.034407 0.015008 0 0
-0 -0 -0 0.091619 0 0 0 0 -0 -0 0 0.07805 -0.04398 0.019183 0 0
-0 -0 -0 0.056132 0 0 0 0 -0 -0 0 0.047819 -0.026945 0.011753 0 0
0 0 0 0.14013 0 0 0 0 -0 -0 0 0.11938 -0.067269 0.029341 0 0
-0 -0 -0 0.10559 0 0 0 0 -0 -0 0 0.089953 -0.050687 0.022109 0 0
0 0 0 0.00056561 0 0 0 0 -0 -0 0 0.00048184 -0.00027151 0.00011843 0 0
0 0 0 0.11208 0 0 0 0 -0 -0 0 0.095481 -0.053802 0.023467 0 0
0 0 0 0.0959 0 0 0 0 -0 -0 0 0.081697 -0.046035 0.02008 0 0
-0 -0 -0 0.062542 0 0 0 0 -0 -0 0 0.053279 -0.030022 0.013095 0 0
-0 -0 -0 0.15588 0 0 0 0 -0 -0 0 0.13279 -0.074828 0.032638 0 0
0 0 0 0.054977 0 0 0 0 -0 -0 0 0.046835 -0.026391 0.011511 0 0
-0 -0 -0 0.063534 0 0 0 0 -0 -0 0 0.054124 -0.030498 0.013303 0 0
-0 -0 -0 0.12258 0 0 0 0 -0 -0 0 0.10443 -0.058842 0.025666 0 0
-0 -0 -0 0.010208 0 0 0 0 -0 -0 0 0.008696 -0.0049001 0.0021373 0 0
0 0 0 0.14159 0 0 0 0 -0 -0 0 0.12062 -0.06797 0.029647 0 0
-0 -0 -0 0.021855 0 0 0 0 -0 -0 0 0.018618 -0.010491 0.004576 0 0
0 0 0 0.13704 0 0 0 0 -0 -0 0 0.11675 -0.065785 0.028694 0 0
-0 -0 -0 0.089288 0 0 0 0 -0 -0 0 0.076064 -0.042861 0.018695 0 0
0 0 0 0.14004 0 0 0 0 -0 -0 0 0.1193 -0.067225 0.029322 0 0
0 0 0 0.088152 0 0 0 0 -0 -0 0 0.075096 -0.042316 0.018457 0 0
0 0 0 0.14648 0 0 0 0 -0 -0 0 0.12479 -0.070316 0.03067 0 0
-0 -0 -0 0.17289 0 0 0 0 -0 -0 0 0.14729 -0.082995 0.0362 0 0
-0 -0 -0 0.1398 0 0 0 0 -0 -0 0 0.11909 -0.067106 0.02927 0 0
0 0 0 0.18557 0 0 0 0 -0 -0 0 0.15809 -0.089082 0.038855 0 0
0 0 0 0.097667 0 0 0 0 -0 -0 0 0.083202 -0.046884 0.020449 0 0
-0 -0 -0 0.12263 0 0 0 0 -0 -0 0 0.10446 -0.058865 0.025675 0 0
-0 -0 -0 0.034052 0 0 0 0 -0 -0 0 0.029009 -0.016346 0.0071298 0 0
-0 -0 -0 0.188 0 0 0 0 -0 -0 0 0.16016 -0.090247 0.039363 0 0
0 0 0 0.18641 0 0 0 0 -0 -0 0 0.1588 -0.089481 0.039029 0 0
-0 -0 -0 0.12352 0 0 0 0 -0 -0 0 0.10523 -0.059296 0.025863 0 0
-0 -0 -0 0.072729 0 0 0 0 -0 -0 0 0.061957 -0.034912 0.015228 0 0
0 0 0 0.0078883 0 0 0 0 -0 -0 0 0.00672 -0.0037866 0.0016516 0 0
-0 -0 -0 0.10066 0 0 0 0 -0 -0 0 0.08575 -0.048319 0.021075 0 0
-0 -0 -0 0.19693 0 0 0 0 -0 -0 0 0.16776 -0.094532 0.041232 0 0
0 0 0 0.1837 0 0 0 0 -0 -0 0 0.15649 -0.088182 0.038463 0 0
0 0 0 0.16941 0 0 0 0 -0 -0 0 0.14432 -0.081323 0.035471 0 0
0 0 0 0.1053 0 0 0 0 -0 -0 0 0.089707 -0.050549 0.022048 0 0
-0 -0 -0 0.1881 0 0 0 0 -0 -0 0 0.16024 -0.090293 0.039383 0 0
0 0 0 0.19133 0 0 0 0 -0 -0 0 0.16299 -0.091843 0.04006 0 0
0 0 0 0.03764 0 0 0 0 -0 -0 0 0.032065 -0.018068 0.0078809 0 0
-0 -0 -0 0.14952 0 0 0 0 -0 -0 0 0.12737 -0.071773 0.031306 0 0
0 0 0 0.075249 0 0 0 0 -0 -0 0 0.064105 -0.036122 0.015756 0 0
-0 -0 -0 0.1769 0 0 0 0 -0 -0 0 0.1507 -0.084917 0.037039 0 0
0 0 0 0.19512 0 0 0 0 -0 -0 0 0.16622 -0.093665 0.040854 0 0
0 0 0 0.1155 0 0 0 0 -0 -0 0 0.098397 -0.055446 0.024184 0 0
0 0 0 0.18839 0 0 0 0 -0 -0 0 0.16049 -0.090432 0.039444 0 0
0 0 0 0.031539 0 0 0 0 -0 -0 0 0.026868 -0.01514 0.0066036 0 0
0 0 0 0.16345 0 0 0 0 -0 -0 0 0.13924 -0.078463 0.034223 0 0
0 0 0 0.06758 0 0 0 0 -0 -0 0 0.057571 -0.032441 0.01415 0 0
-0 -0 -0 0.073314 0 0 0 0 -0 -0 0 0.062456 -0.035193 0.01535 0 0
-0 -0 -0 0.058039 0 0 0 0 -0 -0 0 0.049443 -0.027861 0.012152 0 0
0 0 0 0.11766 0 0 0 0 -0 -0 0 0.10024 -0.056483 0.024636 0 0
-0 -0 -0 0.0096554 0 0 0 0 -0 -0 0 0.0082254 -0.0046349 0.0020216 0 0
0 0 0 0.16384 0 0 0 0 -0 -0 0 0.13957 -0.078647 0.034304 0 0
-0 -0 -0 0.18893 0 0 0 0 -0 -0 0 0.16095 -0.090692 0.039558 0 0
0 0 0 0.036191 0 0 0 0 -0 -0 0 0.030831 -0.017373 0.0075776 0 0
-0 -0 -0 0.063141 0 0 0 0 -0 -0 0 0.053789 -0.03031 0.01322 0 0
0 0 0 0.03872 0 0 0 0 -0 -0 0 0.032985 -0.018587 0.0081071 0 0
0 0 0 0.15941 0 0 0 0 -0 -0 0 0.1358 -0.076523 0.033377 0 0
0 0 0 0.065256 0 0 0 0 -0 -0 0 0.055591 -0.031325 0.013663 0 0
-0 -0 -0 0.15215 0 0 0 0 -0 -0 0 0.12961 -0.073036 0.031856 0 0
0 0 0 0.0019471 0 0 0 0 -0 -0 0 0.0016587 -0.00093468 0.00040769 0 0
-0 -0 -0 0.088398 0 0 0 0 -0 -0 0 0.075306 -0.042434 0.018509 0 0
0 0 0 0.17575 0 0 0 0 -0 -0 0 0.14972 -0.084367 0.036799 0 0
0 0 0 0.16068 0 0 0 0 -0 -0 0 0.13688 -0.077131 0.033643 0 0
-0 -0 -0 0.17899 0 0 0 0 -0 -0 0 0.15248 -0.085923 0.037477 0 0
0 0 0 0.013077 0 0 0 0 -0 -0 0 0.01114 -0.0062774 0.002738 0 0
0 0 0 0.095129 0 0 0 0 -0 -0 0 0.08104 -0.045665 0.019918 0 0
