0 0 0.19152 0 0 0 0 0 0 0 0 0 0 -0.033088 0.033088 0.18572 0 0 0 0 0
0 0 0.091346 0 0 0 0 0 0 0 0 0 0 -0.015782 0.015782 0.088578 0 0 0 0 0
-0 -0 -0.053155 0 0 0 0 0 0 0 0 0 0 0.0091834 -0.0091834 -0.051544 0 0 0 0 0
0 0 0.2085 0 0 0 0 0 0 0 0 0 0 -0.036021 0.036021 0.20218 0 0 0 0 0
0 0 0.1332 0 0 0 0 0 0 0 0 0 0 -0.023012 0.023012 0.12916 0 0 0 0 0
0 0 0.059638 0 0 0 0 0 0 0 0 0 0 -0.010303 0.010303 0.057831 0 0 0 0 0
-0 -0 -0.19465 0 0 0 0 0 0 0 0 0 0 0.033629 -0.033629 -0.18875 0 0 0 0 0
0 0 0.24309 0 0 0 0 0 0 0 0 0 0 -0.041998 0.041998 0.23573 0 0 0 0 0
0 0 0.23584 0 0 0 0 0 0 0 0 0 0 -0.040745 0.040745 0.22869 0 0 0 0 0
0 0 0.27989 0 0 0 0 0 0 0 0 0 0 -0.048355 0.048355 0.27141 0 0 0 0 0
-0 -0 -0.01022 0 0 0 0 0 0 0 0 0 0 0.0017656 -0.0017656 -0.00991 0 0 0 0 0
0 0 0.014553 0 0 0 0 0 0 0 0 0 0 -0.0025142 0.0025142 0.014112 0 0 0 0 0
-0 -0 -0.13592 0 0 0 0 0 0 0 0 0 0 0.023482 -0.023482 -0.1318 0 0 0 0 0
0 0 0.30984 0 0 0 0 0 0 0 0 0 0 -0.05353 0.05353 0.30045 0 0 0 0 0
0 0 0.04634 0 0 0 0 0 0 0 0 0 0 -0.008006 0.008006 0.044936 0 0 0 0 0
-0 -0 -0.31456 0 0 0 0 0 0 0 0 0 0 0.054345 -0.054345 -0.30502 0 0 0 0 0
0 0 0.13135 0 0 0 0 0 0 0 0 0 0 -0.022693 0.022693 0.12737 0 0 0 0 0
-0 -0 -0.16225 0 0 0 0 0 0 0 0 0 0 0.028032 -0.028032 -0.15734 0 0 0 0 0
-0 -0 -0.22502 0 0 0 0 0 0 0 0 0 0 0.038876 -0.038876 -0.2182 0 0 0 0 0
-0 -0 -0.31905 0 0 0 0 0 0 0 0 0 0 0.055121 -0.055121 -0.30938 0 0 0 0 0
-0 -0 -0.016175 0 0 0 0 0 0 0 0 0 0 0.0027945 -0.0027945 -0.015685 0 0 0 0 0
0 0 0.32795 0 0 0 0 0 0 0 0 0 0 -0.056659 0.056659 0.31801 0 0 0 0 0
0 0 0.038814 0 0 0 0 0 0 0 0 0 0 -0.0067058 0.0067058 0.037638 0 0 0 0 0
0 0 0.31009 0 0 0 0 0 0 0 0 0 0 -0.053573 0.053573 0.30069 0 0 0 0 0
-0 -0 -0.15881 0 0 0 0 0 0 0 0 0 0 0.027437 -0.027437 -0.154 0 0 0 0 0
-0 -0 -0.096863 0 0 0 0 0 0 0 0 0 0 0.016735 -0.016735 -0.093927 0 0 0 0 0
0 0 0.28763 0 0 0 0 0 0 0 0 0 0 -0.049693 0.049693 0.27891 0 0 0 0 0
-0 -0 -0.0092011 0 0 0 0 0 0 0 0 0 0 0.0015896 -0.0015896 -0.0089223 0 0 0 0 0
-0 -0 -0.0017696 0 0 0 0 0 0 0 0 0 0 0.00030573 -0.00030573 -0.001716 0 0 0 0 0
0 0 0.12315 0 0 0 0 0 0 0 0 0 0 -0.021276 0.021276 0.11941 0 0 0 0 0
-0 -0 -0.21449 0 0 0 0 0 0 0 0 0 0 0.037056 -0.037056 -0.20799 0 0 0 0 0
0 0 0.18223 0 0 0 0 0 0 0 0 0 0 -0.031482 0.031482 0.1767 0 0 0 0 0
-0 -0 -0.099499 0 0 0 0 0 0 0 0 0 0 0.01719 -0.01719 -0.096483 0 0 0 0 0
0 0 0.24102 0 0 0 0 0 0 0 0 0 0 -0.04164 0.04164 0.23371 0 0 0 0 0
-0 -0 -0.20211 0 0 0 0 0 0 0 0 0 0 0.034918 -0.034918 -0.19598 0 0 0 0 0
-0 -0 -0.087965 0 0 0 0 0 0 0 0 0 0 0.015197 -0.015197 -0.085299 0 0 0 0 0
0 0 0.24221 0 0 0 0 0 0 0 0 0 0 -0.041846 0.041846 0.23487 0 0 0 0 0
0 0 0.33596 0 0 0 0 0 0 0 0 0 0 -0.058043 0.058043 0.32578 0 0 0 0 0
-0 -0 -0.036728 0 0 0 0 0 0 0 0 0 0 0.0063453 -0.0063453 -0.035615 0 0 0 0 0
0 0 0.21491 0 0 0 0 0 0 0 0 0 0 -0.037129 0.037129 0.20839 0 0 0 0 0
-0 -0 -0.30643 0 0 0 0 0 0 0 0 0 0 0.05294 -0.05294 -0.29714 0 0 0 0 0
-0 -0 -0.22233 0 0 0 0 0 0 0 0 0 0 0.03841 -0.03841 -0.21559 0 0 0 0 0
0 0 0.15385 0 0 0 0 0 0 0 0 0 0 -0.02658 0.02658 0.14919 0 0 0 0 0
-0 -0 -0.28539 0 0 0 0 0 0 0 0 0 0 0.049306 -0.049306 -0.27674 0 0 0 0 0
-0 -0 -0.01448 0 0 0 0 0 0 0 0 0 0 0.0025017 -0.0025017 -0.014041 0 0 0 0 0
0 0 0.0038663 0 0 0 0 0 0 0 0 0 0 -0.00066796 0.00066796 0.0037491 0 0 0 0 0
-0 -0 -0.16438 0 0 0 0 0 0 0 0 0 0 0.028399 -0.028399 -0.1594 0 0 0 0 0
-0 -0 -0.11534 0 0 0 0 0 0 0 0 0 0 0.019926 -0.019926 -0.11184 0 0 0 0 0
-0 -0 -0.23914 0 0 0 0 0 0 0 0 0 0 0.041314 -0.041314 -0.23189 0 0 0 0 0
-0 -0 -0.20906 0 0 0 0 0 0 0 0 0 0 0.036119 -0.036119 -0.20273 0 0 0 0 0
0 0 0.055068 0 0 0 0 0 0 0 0 0 0 -0.0095138 0.0095138 0.053399 0 0 0 0 0
-0 -0 -0.088118 0 0 0 0 0 0 0 0 0 0 0.015224 -0.015224 -0.085447 0 0 0 0 0
-0 -0 -0.15266 0 0 0 0 0 0 0 0 0 0 0.026374 -0.026374 -0.14803 0 0 0 0 0
-0 -0 -0.16948 0 0 0 0 0 0 0 0 0 0 0.029281 -0.029281 -0.16435 0 0 0 0 0
-0 -0 -0.10396 0 0 0 0 0 0 0 0 0 0 0.017961 -0.017961 -0.10081 0 0 0 0 0
0 0 0.21214 0 0 0 0 0 0 0 0 0 0 -0.03665 0.03665 0.20571 0 0 0 0 0
0 0 0.29387 0 0 0 0 0 0 0 0 0 0 -0.050771 0.050771 0.28496 0 0 0 0 0
0 0 0.13731 0 0 0 0 0 0 0 0 0 0 -0.023723 0.023723 0.13315 0 0 0 0 0
-0 -0 -0.0083207 0 0 0 0 0 0 0 0 0 0 0.0014375 -0.0014375 -0.0080685 0 0 0 0 0
-0 -0 -0.22923 0 0 0 0 0 0 0 0 0 0 0.039603 -0.039603 -0.22228 0 0 0 0 0
-0 -0 -0.31687 0 0 0 0 0 0 0 0 0 0 0.054744 -0.054744 -0.30727 0 0 0 0 0
0 0 0.041447 0 0 0 0 0 0 0 0 0 0 -0.0071607 0.0071607 0.040191 0 0 0 0 0
-0 -0 -0.31554 0 0 0 0 0 0 0 0 0 0 0.054514 -0.054514 -0.30597 0 0 0 0 0
-0 -0 -0.11175 0 0 0 0 0 0 0 0 0 0 0.019307 -0.019307 -0.10837 0 0 0 0 0
-0 -0 -0.34889 0 0 0 0 0 0 0 0 0 0 0.060276 -0.060276 -0.33832 0 0 0 0 0
0 0 0.289 0 0 0 0 0 0 0 0 0 0 -0.04993 0.04993 0.28024 0 0 0 0 0
-0 -0 -0.23723 0 0 0 0 0 0 0 0 0 0 0.040985 -0.040985 -0.23004 0 0 0 0 0
-0 -0 -0.20081 0 0 0 0 0 0 0 0 0 0 0.034693 -0.034693 -0.19472 0 0 0 0 0
-0 -0 -0.099459 0 0 0 0 0 0 0 0 0 0 0.017183 -0.017183 -0.096445 0 0 0 0 0
-0 -0 -0.29834 0 0 0 0 0 0 0 0 0 0 0.051543 -0.051543 -0.2893 0 0 0 0 0
-0 -0 -0.016606 0 0 0 0 0 0 0 0 0 0 0.002869 -0.002869 -0.016103 0 0 0 0 0
-0 -0 -0.054893 0 0 0 0 0 0 0 0 0 0 0.0094836 -0.0094836 -0.053229 0 0 0 0 0
0 0 0.16208 0 0 0 0 0 0 0 0 0 0 -0.028003 0.028003 0.15717 0 0 0 0 0
-0 -0 -0.23597 0 0 0 0 0 0 0 0 0 0 0.040768 -0.040768 -0.22882 0 0 0 0 0
-0 -0 -0.14415 0 0 0 0 0 0 0 0 0 0 0.024905 -0.024905 -0.13978 0 0 0 0 0
-0 -0 -0.21826 0 0 0 0 0 0 0 0 0 0 0.037707 -0.037707 -0.21164 0 0 0 0 0
-0 -0 -0.16576 0 0 0 0 0 0 0 0 0 0 0.028639 -0.028639 -0.16074 0 0 0 0 0
-0 -0 -0.30634 0 0 0 0 0 0 0 0 0 0 0.052925 -0.052925 -0.29706 0 0 0 0 0
0 0 0.31345 0 0 0 0 0 0 0 0 0 0 -0.054154 0.054154 0.30395 0 0 0 0 0
-0 -0 -0.32827 0 0 0 0 0 0 0 0 0 0 0.056713 -0.056713 -0.31832 0 0 0 0 0
0 0 0.094465 0 0 0 0 0 0 0 0 0 0 -0.01632 0.01632 0.091602 0 0 0 0 0
0 0 0.086238 0 0 0 0 0 0 0 0 0 0 -0.014899 0.014899 0.083625 0 0 0 0 0
0 0 0.1918 0 0 0 0 0 0 0 0 0 0 -0.033136 0.033136 0.18599 0 0 0 0 0
0 0 0.088019 0 0 0 0 0 0 0 0 0 0 -0.015207 0.015207 0.085351 0 0 0 0 0
-0 -0 -0.34292 0 0 0 0 0 0 0 0 0 0 0.059246 -0.059246 -0.33253 0 0 0 0 0
0 0 0.0050794 0 0 0 0 0 0 0 0 0 0 -0.00087754 0.00087754 0.0049254 0 0 0 0 0
-0 -0 -0.16203 0 0 0 0 0 0 0 0 0 0 0.027994 -0.027994 -0.15712 0 0 0 0 0
-0 -0 -0.20851 0 0 0 0 0 0 0 0 0 0 0.036023 -0.036023 -0.20219 0 0 0 0 0
-0 -0 -0.26192 0 0 0 0 0 0 0 0 0 0 0.045251 -0.045251 -0.25398 0 0 0 0 0
-0 -0 -0.27649 0 0 0 0 0 0 0 0 0 0 0.047768 -0.047768 -0.26811 0 0 0 0 0
0 0 0.33777 0 0 0 0 0 0 0 0 0 0 -0.058355 0.058355 0.32753 0 0 0 0 0
-0 -0 -0.12685 0 0 0 0 0 0 0 0 0 0 0.021916 -0.021916 -0.12301 0 0 0 0 0
0 0 0.283 0 0 0 0 0 0 0 0 0 0 -0.048892 0.048892 0.27442 0 0 0 0 0
-0 -0 -0.071824 0 0 0 0 0 0 0 0 0 0 0.012409 -0.012409 -0.069647 0 0 0 0 0
0 0 0.10603 0 0 0 0 0 0 0 0 0 0 -0.018319 0.018319 0.10282 0 0 0 0 0
-0 -0 -0.11333 0 0 0 0 0 0 0 0 0 0 0.01958 -0.01958 -0.1099 0 0 0 0 0
0 0 0.012945 0 0 0 0 0 0 0 0 0 0 -0.0022365 0.0022365 0.012553 0 0 0 0 0
-0 -0 -0.20855 0 0 0 0 0 0 0 0 0 0 0.036031 -0.036031 -0.20223 0 0 0 0 0
-0 -0 -0.30422 0 0 0 0 0 0 0 0 0 0 0.052559 -0.052559 -0.295 0 0 0 0 0
-0 -0 -0.084433 0 0 0 0 0 0 0 0 0 0 0.014587 -0.014587 -0.081874 0 0 0 0 0
