0 0 0 0.036907 0 0 0 0 -0 -0 0 0.034139 -0.011941 0.0073543 0 0
-0 -0 -0 0.0085904 0 0 0 0 -0 -0 0 0.0079461 -0.0027792 0.0017118 0 0
0 0 0 0.035739 0 0 0 0 -0 -0 0 0.033058 -0.011563 0.0071215 0 0
-0 -0 -0 0.059412 0 0 0 0 -0 -0 0 0.054956 -0.019222 0.011839 0 0
-0 -0 -0 0.12943 0 0 0 0 -0 -0 0 0.11973 -0.041875 0.025792 0 0
-0 -0 -0 0.19313 0 0 0 0 -0 -0 0 0.17864 -0.062483 0.038484 0 0
-0 -0 -0 0.090187 0 0 0 0 -0 -0 0 0.083423 -0.029178 0.017971 0 0
-0 -0 -0 0.14336 0 0 0 0 -0 -0 0 0.13261 -0.046383 0.028568 0 0
-0 -0 -0 0.11826 0 0 0 0 -0 -0 0 0.10939 -0.038262 0.023566 0 0
-0 -0 -0 0.10624 0 0 0 0 -0 -0 0 0.098273 -0.034372 0.02117 0 0
-0 -0 -0 0.14442 0 0 0 0 -0 -0 0 0.13359 -0.046723 0.028777 0 0
-0 -0 -0 0.14109 0 0 0 0 -0 -0 0 0.13051 -0.045646 0.028114 0 0
0 0 0 0.041658 0 0 0 0 -0 -0 0 0.038534 -0.013478 0.008301 0 0
0 0 0 0.023621 0 0 0 0 -0 -0 0 0.02185 -0.0076422 0.0047069 0 0
0 0 0 0.072258 0 0 0 0 -0 -0 0 0.066839 -0.023378 0.014399 0 0
0 0 0 0.10625 0 0 0 0 -0 -0 0 0.098282 -0.034375 0.021172 0 0
-0 -0 -0 0.14062 0 0 0 0 -0 -0 0 0.13007 -0.045493 0.02802 0 0
0 0 0 0.0024502 0 0 0 0 -0 -0 0 0.0022664 -0.0007927 0.00048823 0 0
0 0 0 0.054411 0 0 0 0 -0 -0 0 0.050331 -0.017604 0.010842 0 0
0 0 0 0.1164 0 0 0 0 -0 -0 0 0.10767 -0.03766 0.023195 0 0
-0 -0 -0 0.12328 0 0 0 0 -0 -0 0 0.11403 -0.039884 0.024565 0 0
0 0 0 0.03405 0 0 0 0 -0 -0 0 0.031496 -0.011016 0.006785 0 0
-0 -0 -0 0.042454 0 0 0 0 -0 -0 0 0.03927 -0.013735 0.0084596 0 0
0 0 0 0.19674 0 0 0 0 -0 -0 0 0.18198 -0.06365 0.039203 0 0
-0 -0 -0 0.096892 0 0 0 0 -0 -0 0 0.089625 -0.031348 0.019307 0 0
-0 -0 -0 0.055369 0 0 0 0 -0 -0 0 0.051216 -0.017913 0.011033 0 0
-0 -0 -0 0.081528 0 0 0 0 -0 -0 0 0.075414 -0.026377 0.016246 0 0
0 0 0 0.18819 0 0 0 0 -0 -0 0 0.17408 -0.060886 0.037501 0 0
-0 -0 -0 0.0013355 0 0 0 0 -0 -0 0 0.0012353 -0.00043207 0.00026612 0 0
0 0 0 0.079159 0 0 0 0 -0 -0 0 0.073222 -0.02561 0.015774 0 0
0 0 0 0.097122 0 0 0 0 -0 -0 0 0.089838 -0.031422 0.019353 0 0
0 0 0 0.11436 0 0 0 0 -0 -0 0 0.10578 -0.036998 0.022788 0 0
-0 -0 -0 0.15701 0 0 0 0 -0 -0 0 0.14523 -0.050797 0.031286 0 0
0 0 0 0.18597 0 0 0 0 -0 -0 0 0.17202 -0.060166 0.037057 0 0
-0 -0 -0 0.15995 0 0 0 0 -0 -0 0 0.14795 -0.051748 0.031872 0 0
-0 -0 -0 0.025511 0 0 0 0 -0 -0 0 0.023597 -0.0082534 0.0050834 0 0
0 0 0 0.14999 0 0 0 0 -0 -0 0 0.13874 -0.048527 0.029888 0 0
0 0 0 0.092037 0 0 0 0 -0 -0 0 0.085134 -0.029777 0.01834 0 0
-0 -0 -0 0.16806 0 0 0 0 -0 -0 0 0.15545 -0.054371 0.033488 0 0
0 0 0 0.16031 0 0 0 0 -0 -0 0 0.14829 -0.051866 0.031945 0 0
0 0 0 0.14768 0 0 0 0 -0 -0 0 0.13661 -0.047779 0.029428 0 0
0 0 0 0.18259 0 0 0 0 -0 -0 0 0.1689 -0.059075 0.036385 0 0
-0 -0 -0 0.1539 0 0 0 0 -0 -0 0 0.14236 -0.049792 0.030667 0 0
-0 -0 -0 0.12812 0 0 0 0 -0 -0 0 0.11851 -0.041449 0.025529 0 0
-0 -0 -0 0.18118 0 0 0 0 -0 -0 0 0.16759 -0.058618 0.036104 0 0
0 0 0 0.039856 0 0 0 0 -0 -0 0 0.036867 -0.012895 0.0079419 0 0
-0 -0 -0 0.017805 0 0 0 0 -0 -0 0 0.01647 -0.0057605 0.003548 0 0
-0 -0 -0 0.098071 0 0 0 0 -0 -0 0 0.090716 -0.031729 0.019542 0 0
-0 -0 -0 0.17913 0 0 0 0 -0 -0 0 0.16569 -0.057953 0.035694 0 0
0 0 0 0.1433 0 0 0 0 -0 -0 0 0.13255 -0.046362 0.028555 0 0
0 0 0 0.12005 0 0 0 0 -0 -0 0 0.11105 -0.03884 0.023922 0 0
-0 -0 -0 0.071736 0 0 0 0 -0 -0 0 0.066356 -0.023209 0.014295 0 0
0 0 0 0.14811 0 0 0 0 -0 -0 0 0.13701 -0.047919 0.029514 0 0
0 0 0 0.071979 0 0 0 0 -0 -0 0 0.06658 -0.023287 0.014343 0 0
-0 -0 -0 0.17694 0 0 0 0 -0 -0 0 0.16367 -0.057244 0.035257 0 0
0 0 0 0.093025 0 0 0 0 -0 -0 0 0.086048 -0.030096 0.018537 0 0
0 0 0 0.00055573 0 0 0 0 -0 -0 0 0.00051405 -0.00017979 0.00011074 0 0
0 0 0 0.1484 0 0 0 0 -0 -0 0 0.13727 -0.048011 0.029571 0 0
0 0 0 0.10643 0 0 0 0 -0 -0 0 0.098449 -0.034434 0.021208 0 0
0 0 0 0.086929 0 0 0 0 -0 -0 0 0.080409 -0.028124 0.017322 0 0
-0 -0 -0 0.063755 0 0 0 0 -0 -0 0 0.058974 -0.020627 0.012704 0 0
-0 -0 -0 0.095954 0 0 0 0 -0 -0 0 0.088758 -0.031044 0.01912 0 0
-0 -0 -0 0.17877 0 0 0 0 -0 -0 0 0.16536 -0.057838 0.035623 0 0
0 0 0 0.075781 0 0 0 0 -0 -0 0 0.070098 -0.024517 0.015101 0 0
-0 -0 -0 0.18641 0 0 0 0 -0 -0 0 0.17243 -0.06031 0.037146 0 0
0 0 0 0.19372 0 0 0 0 -0 -0 0 0.1792 -0.062676 0.038603 0 0
-0 -0 -0 0.098547 0 0 0 0 -0 -0 0 0.091156 -0.031883 0.019637 0 0
-0 -0 -0 0.012813 0 0 0 0 -0 -0 0 0.011852 -0.0041454 0.0025532 0 0
-0 -0 -0 0.067973 0 0 0 0 -0 -0 0 0.062875 -0.021991 0.013545 0 0
-0 -0 -0 0.074388 0 0 0 0 -0 -0 0 0.068808 -0.024067 0.014823 0 0
0 0 0 0.19746 0 0 0 0 -0 -0 0 0.18265 -0.063885 0.039348 0 0
-0 -0 -0 0.046505 0 0 0 0 -0 -0 0 0.043017 -0.015046 0.0092668 0 0
-0 -0 -0 0.077876 0 0 0 0 -0 -0 0 0.072035 -0.025195 0.015518 0 0
-0 -0 -0 0.067124 0 0 0 0 -0 -0 0 0.06209 -0.021717 0.013376 0 0
-0 -0 -0 0.037031 0 0 0 0 -0 -0 0 0.034254 -0.011981 0.0073791 0 0
0 0 0 0.19842 0 0 0 0 -0 -0 0 0.18354 -0.064196 0.039539 0 0
0 0 0 0.12668 0 0 0 0 -0 -0 0 0.11718 -0.040985 0.025243 0 0
0 0 0 0.052385 0 0 0 0 -0 -0 0 0.048456 -0.016948 0.010439 0 0
-0 -0 -0 0.080252 0 0 0 0 -0 -0 0 0.074233 -0.025964 0.015991 0 0
0 0 0 0.0018204 0 0 0 0 -0 -0 0 0.0016839 -0.00058896 0.00036275 0 0
0 0 0 0.056307 0 0 0 0 -0 -0 0 0.052084 -0.018217 0.01122 0 0
-0 -0 -0 0.17304 0 0 0 0 -0 -0 0 0.16006 -0.055982 0.03448 0 0
0 0 0 0.083614 0 0 0 0 -0 -0 0 0.077343 -0.027051 0.016661 0 0
0 0 0 0.022598 0 0 0 0 -0 -0 0 0.020903 -0.0073112 0.0045031 0 0
-0 -0 -0 0.039085 0 0 0 0 -0 -0 0 0.036153 -0.012645 0.0077882 0 0
0 0 0 0.05407 0 0 0 0 -0 -0 0 0.050014 -0.017493 0.010774 0 0
-0 -0 -0 0.088186 0 0 0 0 -0 -0 0 0.081572 -0.028531 0.017572 0 0
0 0 0 0.092646 0 0 0 0 -0 -0 0 0.085698 -0.029974 0.018461 0 0
-0 -0 -0 0.11243 0 0 0 0 -0 -0 0 0.10399 -0.036373 0.022403 0 0
0 0 0 0.19142 0 0 0 0 -0 -0 0 0.17706 -0.061929 0.038143 0 0
0 0 0 0.025914 0 0 0 0 -0 -0 0 0.02397 -0.0083838 0.0051637 0 0
-0 -0 -0 0.12924 0 0 0 0 -0 -0 0 0.11955 -0.041814 0.025754 0 0
0 0 0 0.059594 0 0 0 0 -0 -0 0 0.055124 -0.01928 0.011875 0 0
-0 -0 -0 0.0075688 0 0 0 0 -0 -0 0 0.0070011 -0.0024487 0.0015082 0 0
0 0 0 0.018037 0 0 0 0 -0 -0 0 0.016684 -0.0058354 0.0035941 0 0
-0 -0 -0 0.085843 0 0 0 0 -0 -0 0 0.079405 -0.027773 0.017106 0 0
-0 -0 -0 0.13972 0 0 0 0 -0 -0 0 0.12924 -0.045202 0.027841 0 0
-0 -0 -0 0.012007 0 0 0 0 -0 -0 0 0.011106 -0.0038845 0.0023925 0 0
0 0 0 0.023201 0 0 0 0 -0 -0 0 0.021461 -0.0075063 0.0046232 0 0
0 0 0 0.11393 0 0 0 0 -0 -0 0 0.10538 -0.036859 0.022702 0 0
