-0 -0 -0 0.050054 0 0 0 0 0 0 -0 0.048541 -0.007847 0.0093602 0 0
0 0 0 0.00073549 0 0 0 0 0 0 -0 0.00071326 -0.0001153 0.00013754 0 0
0 0 0 0.095902 0 0 0 0 0 0 -0 0.093003 -0.015035 0.017934 0 0
0 0 0 0.19673 0 0 0 0 0 0 -0 0.19079 -0.030842 0.036789 0 0
-0 -0 -0 0.066179 0 0 0 0 0 0 -0 0.064178 -0.010375 0.012376 0 0
0 0 0 0.12863 0 0 0 0 0 0 -0 0.12474 -0.020165 0.024054 0 0
0 0 0 0.037566 0 0 0 0 0 0 -0 0.036431 -0.0058893 0.007025 0 0
0 0 0 0.19388 0 0 0 0 0 0 -0 0.18801 -0.030394 0.036255 0 0
0 0 0 0.0085648 0 0 0 0 0 0 -0 0.0083059 -0.0013427 0.0016016 0 0
-0 -0 -0 0.15679 0 0 0 0 0 0 -0 0.15205 -0.02458 0.02932 0 0
0 0 0 0.13756 0 0 0 0 0 0 -0 0.1334 -0.021565 0.025724 0 0
0 0 0 0.048679 0 0 0 0 0 0 -0 0.047207 -0.0076314 0.009103 0 0
0 0 0 0.042682 0 0 0 0 0 0 -0 0.041392 -0.0066913 0.0079816 0 0
0 0 0 0.1913 0 0 0 0 0 0 -0 0.18551 -0.02999 0.035773 0 0
0 0 0 0.087217 0 0 0 0 0 0 -0 0.084581 -0.013673 0.01631 0 0
-0 -0 -0 0.14212 0 0 0 0 0 0 -0 0.13782 -0.02228 0.026576 0 0
0 0 0 0.1526 0 0 0 0 0 0 -0 0.14799 -0.023923 0.028537 0 0
-0 -0 -0 0.12337 0 0 0 0 0 0 -0 0.11964 -0.019341 0.023071 0 0
0 0 0 0.15223 0 0 0 0 0 0 -0 0.14763 -0.023866 0.028468 0 0
-0 -0 -0 0.12451 0 0 0 0 0 0 -0 0.12074 -0.019519 0.023283 0 0
0 0 0 0.059669 0 0 0 0 0 0 -0 0.057865 -0.0093543 0.011158 0 0
-0 -0 -0 0.15173 0 0 0 0 0 0 -0 0.14714 -0.023786 0.028373 0 0
-0 -0 -0 0.04579 0 0 0 0 0 0 -0 0.044406 -0.0071786 0.0085629 0 0
0 0 0 0.13903 0 0 0 0 0 0 -0 0.13483 -0.021796 0.025999 0 0
0 0 0 0.11513 0 0 0 0 0 0 -0 0.11165 -0.01805 0.02153 0 0
0 0 0 0.14579 0 0 0 0 0 0 -0 0.14138 -0.022856 0.027263 0 0
0 0 0 0.019218 0 0 0 0 0 0 -0 0.018637 -0.0030129 0.0035938 0 0
0 0 0 0.13796 0 0 0 0 0 0 -0 0.13379 -0.021628 0.025799 0 0
-0 -0 -0 0.12455 0 0 0 0 0 0 -0 0.12078 -0.019525 0.02329 0 0
-0 -0 -0 0.034963 0 0 0 0 0 0 -0 0.033906 -0.0054812 0.0065381 0 0
0 0 0 0.068543 0 0 0 0 0 0 -0 0.066471 -0.010746 0.012818 0 0
-0 -0 -0 0.14838 0 0 0 0 0 0 -0 0.14389 -0.023261 0.027747 0 0
0 0 0 0.054586 0 0 0 0 0 0 -0 0.052936 -0.0085576 0.010208 0 0
-0 -0 -0 0.15255 0 0 0 0 0 0 -0 0.14794 -0.023916 0.028528 0 0
-0 -0 -0 0.1975 0 0 0 0 0 0 -0 0.19153 -0.030963 0.036933 0 0
-0 -0 -0 0.10281 0 0 0 0 0 0 -0 0.0997 -0.016117 0.019225 0 0
0 0 0 0.17613 0 0 0 0 0 0 -0 0.1708 -0.027611 0.032936 0 0
0 0 0 0.071 0 0 0 0 0 0 -0 0.068853 -0.011131 0.013277 0 0
-0 -0 -0 0.078829 0 0 0 0 0 0 -0 0.076446 -0.012358 0.014741 0 0
-0 -0 -0 0.090145 0 0 0 0 0 0 -0 0.08742 -0.014132 0.016857 0 0
0 0 0 0.077139 0 0 0 0 0 0 -0 0.074807 -0.012093 0.014425 0 0
0 0 0 0.056546 0 0 0 0 0 0 -0 0.054836 -0.0088648 0.010574 0 0
0 0 0 0.103 0 0 0 0 0 0 -0 0.099883 -0.016147 0.019261 0 0
0 0 0 0.063692 0 0 0 0 0 0 -0 0.061766 -0.0099851 0.011911 0 0
0 0 0 0.18787 0 0 0 0 0 0 -0 0.18219 -0.029452 0.035131 0 0
0 0 0 0.19955 0 0 0 0 0 0 -0 0.19352 -0.031284 0.037317 0 0
-0 -0 -0 0.11484 0 0 0 0 0 0 -0 0.11137 -0.018004 0.021476 0 0
0 0 0 0.18748 0 0 0 0 0 0 -0 0.18181 -0.029392 0.035059 0 0
-0 -0 -0 0.048182 0 0 0 0 0 0 -0 0.046725 -0.0075536 0.0090101 0 0
-0 -0 -0 0.14701 0 0 0 0 0 0 -0 0.14257 -0.023047 0.027491 0 0
0 0 0 0.11835 0 0 0 0 0 0 -0 0.11477 -0.018554 0.022131 0 0
0 0 0 0.10551 0 0 0 0 0 0 -0 0.10232 -0.016541 0.019731 0 0
-0 -0 -0 0.1282 0 0 0 0 0 0 -0 0.12432 -0.020098 0.023974 0 0
0 0 0 0.034744 0 0 0 0 0 0 -0 0.033694 -0.0054469 0.0064972 0 0
0 0 0 0.16323 0 0 0 0 0 0 -0 0.1583 -0.02559 0.030525 0 0
0 0 0 0.035219 0 0 0 0 0 0 -0 0.034155 -0.0055214 0.0065861 0 0
0 0 0 0.11902 0 0 0 0 0 0 -0 0.11543 -0.01866 0.022258 0 0
0 0 0 0.029648 0 0 0 0 0 0 -0 0.028752 -0.004648 0.0055443 0 0
-0 -0 -0 0.14292 0 0 0 0 0 0 -0 0.1386 -0.022405 0.026726 0 0
0 0 0 0.13749 0 0 0 0 0 0 -0 0.13333 -0.021554 0.025711 0 0
-0 -0 -0 0.19168 0 0 0 0 0 0 -0 0.18588 -0.03005 0.035844 0 0
0 0 0 0.15777 0 0 0 0 0 0 -0 0.153 -0.024734 0.029504 0 0
-0 -0 -0 0.093214 0 0 0 0 0 0 -0 0.090396 -0.014613 0.017431 0 0
-0 -0 -0 0.041458 0 0 0 0 0 0 -0 0.040204 -0.0064994 0.0077526 0 0
0 0 0 0.054012 0 0 0 0 0 0 -0 0.052379 -0.0084676 0.0101 0 0
-0 -0 -0 0.079679 0 0 0 0 0 0 -0 0.07727 -0.012491 0.0149 0 0
-0 -0 -0 0.17652 0 0 0 0 0 0 -0 0.17118 -0.027673 0.033009 0 0
-0 -0 -0 0.082375 0 0 0 0 0 0 -0 0.079885 -0.012914 0.015404 0 0
-0 -0 -0 0.12824 0 0 0 0 0 0 -0 0.12436 -0.020104 0.023981 0 0
-0 -0 -0 0.099897 0 0 0 0 0 0 -0 0.096877 -0.015661 0.018681 0 0
-0 -0 -0 0.032531 0 0 0 0 0 0 -0 0.031548 -0.0050999 0.0060834 0 0
-0 -0 -0 0.095446 0 0 0 0 0 0 -0 0.092561 -0.014963 0.017849 0 0
0 0 0 0.14666 0 0 0 0 0 0 -0 0.14223 -0.022992 0.027426 0 0
-0 -0 -0 0.14535 0 0 0 0 0 0 -0 0.14095 -0.022786 0.02718 0 0
-0 -0 -0 0.1393 0 0 0 0 0 0 -0 0.13509 -0.021839 0.02605 0 0
-0 -0 -0 0.19688 0 0 0 0 0 0 -0 0.19093 -0.030865 0.036817 0 0
0 0 0 0.032326 0 0 0 0 0 0 -0 0.031349 -0.0050678 0.006045 0 0
0 0 0 0.022083 0 0 0 0 0 0 -0 0.021416 -0.003462 0.0041296 0 0
-0 -0 -0 0.11916 0 0 0 0 0 0 -0 0.11556 -0.018681 0.022283 0 0
-0 -0 -0 0.035892 0 0 0 0 0 0 -0 0.034807 -0.0056269 0.0067119 0 0
-0 -0 -0 0.14093 0 0 0 0 0 0 -0 0.13667 -0.022094 0.026355 0 0
-0 -0 -0 0.16663 0 0 0 0 0 0 -0 0.16159 -0.026123 0.03116 0 0
0 0 0 0.13124 0 0 0 0 0 0 -0 0.12727 -0.020574 0.024542 0 0
-0 -0 -0 0.054952 0 0 0 0 0 0 -0 0.05329 -0.0086149 0.010276 0 0
0 0 0 0.16684 0 0 0 0 0 0 -0 0.16179 -0.026155 0.031199 0 0
-0 -0 -0 0.17769 0 0 0 0 0 0 -0 0.17232 -0.027857 0.033229 0 0
0 0 0 0.070112 0 0 0 0 0 0 -0 0.067992 -0.010991 0.013111 0 0
0 0 0 0.12994 0 0 0 0 0 0 -0 0.12602 -0.020371 0.0243 0 0
0 0 0 0.081257 0 0 0 0 0 0 -0 0.078801 -0.012739 0.015195 0 0
0 0 0 0.066099 0 0 0 0 0 0 -0 0.064101 -0.010362 0.012361 0 0
0 0 0 0.079962 0 0 0 0 0 0 -0 0.077544 -0.012536 0.014953 0 0
0 0 0 0.10306 0 0 0 0 0 0 -0 0.099943 -0.016157 0.019272 0 0
0 0 0 0.15885 0 0 0 0 0 0 -0 0.15405 -0.024904 0.029706 0 0
-0 -0 -0 0.053009 0 0 0 0 0 0 -0 0.051407 -0.0083103 0.0099128 0 0
-0 -0 -0 0.080259 0 0 0 0 0 0 -0 0.077833 -0.012582 0.015009 0 0
-0 -0 -0 0.05885 0 0 0 0 0 0 -0 0.057071 -0.009226 0.011005 0 0
0 0 0 0.086798 0 0 0 0 0 0 -0 0.084174 -0.013608 0.016231 0 0
-0 -0 -0 0.062411 0 0 0 0 0 0 -0 0.060524 -0.0097843 0.011671 0 0
0 0 0 0.19834 0 0 0 0 0 0 -0 0.19235 -0.031095 0.037091 0 0
-0 -0 -0 0.0064554 0 0 0 0 0 0 -0 0.0062603 -0.001012 0.0012072 0 0
