-0 -0 -0 0.024237 0 0 0 0 -0 -0 0 0.022779 0.00072898 0.0082471 0 0
0 0 0 0.12611 0 0 0 0 -0 -0 0 0.11853 0.0037931 0.042913 0 0
-0 -0 -0 0.14047 0 0 0 0 -0 -0 0 0.13202 0.0042248 0.047796 0 0
0 0 0 0.0064431 0 0 0 0 -0 -0 0 0.0060555 0.00019379 0.0021924 0 0
0 0 0 0.18423 0 0 0 0 -0 -0 0 0.17315 0.0055411 0.062689 0 0
-0 -0 -0 0.037428 0 0 0 0 -0 -0 0 0.035177 0.0011257 0.012736 0 0
0 0 0 0.095573 0 0 0 0 -0 -0 0 0.089824 0.0028745 0.032521 0 0
0 0 0 0.15131 0 0 0 0 -0 -0 0 0.1422 0.0045508 0.051485 0 0
0 0 0 0.044903 0 0 0 0 -0 -0 0 0.042202 0.0013506 0.015279 0 0
-0 -0 -0 0.07431 0 0 0 0 -0 -0 0 0.06984 0.002235 0.025285 0 0
-0 -0 -0 0.060191 0 0 0 0 -0 -0 0 0.05657 0.0018104 0.020481 0 0
0 0 0 0.11121 0 0 0 0 -0 -0 0 0.10452 0.0033449 0.037842 0 0
0 0 0 0.077131 0 0 0 0 -0 -0 0 0.072492 0.0023199 0.026246 0 0
0 0 0 0.13661 0 0 0 0 -0 -0 0 0.12839 0.0041088 0.046485 0 0
0 0 0 0.047211 0 0 0 0 -0 -0 0 0.044371 0.00142 0.016065 0 0
0 0 0 0.06425 0 0 0 0 -0 -0 0 0.060385 0.0019325 0.021863 0 0
-0 -0 -0 0.17545 0 0 0 0 -0 -0 0 0.1649 0.0052771 0.059702 0 0
-0 -0 -0 0.1605 0 0 0 0 -0 -0 0 0.15084 0.0048273 0.054613 0 0
-0 -0 -0 0.15678 0 0 0 0 -0 -0 0 0.14735 0.0047155 0.053348 0 0
0 0 0 0.16701 0 0 0 0 -0 -0 0 0.15696 0.0050231 0.056828 0 0
-0 -0 -0 0.009664 0 0 0 0 -0 -0 0 0.0090827 0.00029067 0.0032884 0 0
-0 -0 -0 0.018517 0 0 0 0 -0 -0 0 0.017403 0.00055695 0.0063009 0 0
0 0 0 0.021731 0 0 0 0 -0 -0 0 0.020424 0.00065361 0.0073945 0 0
0 0 0 0.11673 0 0 0 0 -0 -0 0 0.10971 0.0035109 0.03972 0 0
0 0 0 0.17312 0 0 0 0 -0 -0 0 0.16271 0.0052069 0.058908 0 0
-0 -0 -0 0.17353 0 0 0 0 -0 -0 0 0.16309 0.0052191 0.059046 0 0
-0 -0 -0 0.09228 0 0 0 0 -0 -0 0 0.086729 0.0027755 0.0314 0 0
0 0 0 0.15563 0 0 0 0 -0 -0 0 0.14627 0.004681 0.052958 0 0
0 0 0 0.075243 0 0 0 0 -0 -0 0 0.070717 0.0022631 0.025603 0 0
0 0 0 0.011678 0 0 0 0 -0 -0 0 0.010976 0.00035124 0.0039737 0 0
-0 -0 -0 0.038233 0 0 0 0 -0 -0 0 0.035933 0.0011499 0.01301 0 0
0 0 0 0.14316 0 0 0 0 -0 -0 0 0.13454 0.0043057 0.048712 0 0
0 0 0 0.034837 0 0 0 0 -0 -0 0 0.032741 0.0010478 0.011854 0 0
-0 -0 -0 0.14906 0 0 0 0 -0 -0 0 0.1401 0.0044834 0.050722 0 0
-0 -0 -0 0.19447 0 0 0 0 -0 -0 0 0.18278 0.0058492 0.066174 0 0
-0 -0 -0 0.18905 0 0 0 0 -0 -0 0 0.17768 0.0056862 0.06433 0 0
-0 -0 -0 0.082736 0 0 0 0 -0 -0 0 0.077759 0.0024884 0.028153 0 0
-0 -0 -0 0.10366 0 0 0 0 -0 -0 0 0.097428 0.0031179 0.035274 0 0
-0 -0 -0 0.069464 0 0 0 0 -0 -0 0 0.065286 0.0020893 0.023637 0 0
-0 -0 -0 0.016818 0 0 0 0 -0 -0 0 0.015807 0.00050585 0.0057228 0 0
0 0 0 0.033637 0 0 0 0 -0 -0 0 0.031614 0.0010117 0.011446 0 0
-0 -0 -0 0.047993 0 0 0 0 -0 -0 0 0.045106 0.0014435 0.016331 0 0
-0 -0 -0 0.0701 0 0 0 0 -0 -0 0 0.065883 0.0021084 0.023853 0 0
-0 -0 -0 0.12403 0 0 0 0 -0 -0 0 0.11657 0.0037305 0.042205 0 0
0 0 0 0.015487 0 0 0 0 -0 -0 0 0.014555 0.0004658 0.0052698 0 0
0 0 0 0.015558 0 0 0 0 -0 -0 0 0.014622 0.00046794 0.005294 0 0
0 0 0 0.081726 0 0 0 0 -0 -0 0 0.076809 0.0024581 0.027809 0 0
0 0 0 0.10496 0 0 0 0 -0 -0 0 0.09865 0.003157 0.035716 0 0
-0 -0 -0 0.18431 0 0 0 0 -0 -0 0 0.17322 0.0055434 0.062715 0 0
0 0 0 0.072627 0 0 0 0 -0 -0 0 0.068258 0.0021844 0.024713 0 0
-0 -0 -0 0.0069579 0 0 0 0 -0 -0 0 0.0065394 0.00020927 0.0023676 0 0
-0 -0 -0 0.18468 0 0 0 0 -0 -0 0 0.17357 0.0055547 0.062842 0 0
0 0 0 0.081641 0 0 0 0 -0 -0 0 0.07673 0.0024555 0.02778 0 0
0 0 0 0.16828 0 0 0 0 -0 -0 0 0.15816 0.0050613 0.05726 0 0
0 0 0 0.16869 0 0 0 0 -0 -0 0 0.15854 0.0050736 0.057399 0 0
0 0 0 0.047941 0 0 0 0 -0 -0 0 0.045057 0.0014419 0.016313 0 0
-0 -0 -0 0.037706 0 0 0 0 -0 -0 0 0.035438 0.0011341 0.01283 0 0
-0 -0 -0 0.14026 0 0 0 0 -0 -0 0 0.13183 0.0042187 0.047728 0 0
0 0 0 0.1436 0 0 0 0 -0 -0 0 0.13496 0.0043191 0.048863 0 0
0 0 0 0.14796 0 0 0 0 -0 -0 0 0.13906 0.0044503 0.050347 0 0
0 0 0 0.08234 0 0 0 0 -0 -0 0 0.077387 0.0024765 0.028018 0 0
0 0 0 0.15682 0 0 0 0 -0 -0 0 0.14739 0.0047168 0.053363 0 0
-0 -0 -0 0.054411 0 0 0 0 -0 -0 0 0.051138 0.0016365 0.018515 0 0
-0 -0 -0 0.12743 0 0 0 0 -0 -0 0 0.11977 0.0038328 0.043362 0 0
0 0 0 0.068475 0 0 0 0 -0 -0 0 0.064356 0.0020595 0.0233 0 0
-0 -0 -0 0.036151 0 0 0 0 -0 -0 0 0.033977 0.0010873 0.012301 0 0
0 0 0 0.058057 0 0 0 0 -0 -0 0 0.054564 0.0017462 0.019755 0 0
0 0 0 0.057439 0 0 0 0 -0 -0 0 0.053984 0.0017276 0.019545 0 0
-0 -0 -0 0.086957 0 0 0 0 -0 -0 0 0.081726 0.0026154 0.029589 0 0
-0 -0 -0 0.11406 0 0 0 0 -0 -0 0 0.1072 0.0034306 0.038812 0 0
-0 -0 -0 0.030052 0 0 0 0 -0 -0 0 0.028244 0.00090388 0.010226 0 0
0 0 0 0.19121 0 0 0 0 -0 -0 0 0.17971 0.0057511 0.065065 0 0
-0 -0 -0 0.18049 0 0 0 0 -0 -0 0 0.16964 0.0054288 0.061417 0 0
0 0 0 0.16439 0 0 0 0 -0 -0 0 0.1545 0.0049442 0.055936 0 0
0 0 0 0.093317 0 0 0 0 -0 -0 0 0.087703 0.0028067 0.031753 0 0
0 0 0 0.13943 0 0 0 0 -0 -0 0 0.13105 0.0041938 0.047445 0 0
-0 -0 -0 0.16367 0 0 0 0 -0 -0 0 0.15382 0.0049227 0.055692 0 0
0 0 0 0.023862 0 0 0 0 -0 -0 0 0.022427 0.0007177 0.0081196 0 0
0 0 0 0.10757 0 0 0 0 -0 -0 0 0.1011 0.0032355 0.036604 0 0
-0 -0 -0 0.10399 0 0 0 0 -0 -0 0 0.097739 0.0031279 0.035387 0 0
0 0 0 0.10691 0 0 0 0 -0 -0 0 0.10048 0.0032155 0.036378 0 0
0 0 0 0.13863 0 0 0 0 -0 -0 0 0.13029 0.0041696 0.047173 0 0
-0 -0 -0 0.096671 0 0 0 0 -0 -0 0 0.090856 0.0029076 0.032894 0 0
-0 -0 -0 0.027429 0 0 0 0 -0 -0 0 0.025779 0.000825 0.0093335 0 0
-0 -0 -0 0.17539 0 0 0 0 -0 -0 0 0.16484 0.0052751 0.059679 0 0
0 0 0 0.18862 0 0 0 0 -0 -0 0 0.17727 0.0056731 0.064181 0 0
-0 -0 -0 0.1917 0 0 0 0 -0 -0 0 0.18017 0.0057659 0.065231 0 0
0 0 0 0.14798 0 0 0 0 -0 -0 0 0.13908 0.0044509 0.050354 0 0
0 0 0 0.060719 0 0 0 0 -0 -0 0 0.057066 0.0018262 0.020661 0 0
0 0 0 0.090518 0 0 0 0 -0 -0 0 0.085073 0.0027225 0.030801 0 0
-0 -0 -0 0.13844 0 0 0 0 -0 -0 0 0.13011 0.0041639 0.047107 0 0
0 0 0 0.088374 0 0 0 0 -0 -0 0 0.083057 0.002658 0.030071 0 0
-0 -0 -0 0.15255 0 0 0 0 -0 -0 0 0.14337 0.0045882 0.051908 0 0
0 0 0 0.12769 0 0 0 0 -0 -0 0 0.12001 0.0038406 0.04345 0 0
0 0 0 0.14358 0 0 0 0 -0 -0 0 0.13494 0.0043183 0.048855 0 0
-0 -0 -0 0.19233 0 0 0 0 -0 -0 0 0.18076 0.0057848 0.065445 0 0
-0 -0 -0 0.003811 0 0 0 0 -0 -0 0 0.0035818 0.00011462 0.0012968 0 0
0 0 0 0.15702 0 0 0 0 -0 -0 0 0.14757 0.0047227 0.053429 0 0
-0 -0 -0 0.16444 0 0 0 0 -0 -0 0 0.15455 0.0049458 0.055954 0 0
-0 -0 -0 0.19535 0 0 0 0 -0 -0 0 0.1836 0.0058757 0.066473 0 0
