0 0 0 0.040638 0 0 0 0 -0 0 -0 0.035798 -0.012336 0.014756 0 0
-0 -0 -0 0.078076 0 0 0 0 -0 0 -0 0.068778 -0.023701 0.02835 0 0
0 0 0 0.14254 0 0 0 0 -0 0 -0 0.12556 -0.043269 0.051756 0 0
-0 -0 -0 0.11946 0 0 0 0 -0 0 -0 0.10523 -0.036262 0.043375 0 0
0 0 0 0.19253 0 0 0 0 -0 0 -0 0.16961 -0.058446 0.06991 0 0
0 0 0 0.10301 0 0 0 0 -0 0 -0 0.090745 -0.031271 0.037404 0 0
-0 -0 -0 0.15345 0 0 0 0 -0 0 -0 0.13518 -0.046582 0.055719 0 0
-0 -0 -0 0.034545 0 0 0 0 -0 0 -0 0.030431 -0.010486 0.012543 0 0
-0 -0 -0 0.024332 0 0 0 0 -0 0 -0 0.021434 -0.0073862 0.0088351 0 0
0 0 0 0.053358 0 0 0 0 -0 0 -0 0.047004 -0.016197 0.019375 0 0
-0 -0 -0 0.093681 0 0 0 0 -0 0 -0 0.082525 -0.028438 0.034016 0 0
0 0 0 0.17958 0 0 0 0 -0 0 -0 0.1582 -0.054515 0.065208 0 0
0 0 0 0.18874 0 0 0 0 -0 0 -0 0.16627 -0.057295 0.068534 0 0
0 0 0 0.1179 0 0 0 0 -0 0 -0 0.10386 -0.03579 0.04281 0 0
0 0 0 0.086689 0 0 0 0 -0 0 -0 0.076366 -0.026316 0.031477 0 0
-0 -0 -0 0.13893 0 0 0 0 -0 0 -0 0.12238 -0.042173 0.050445 0 0
-0 -0 -0 0.19324 0 0 0 0 -0 0 -0 0.17023 -0.05866 0.070167 0 0
0 0 0 0.10422 0 0 0 0 -0 0 -0 0.091813 -0.031639 0.037845 0 0
-0 -0 -0 0.040834 0 0 0 0 -0 0 -0 0.035971 -0.012396 0.014827 0 0
0 0 0 0.095347 0 0 0 0 -0 0 -0 0.083992 -0.028944 0.034621 0 0
0 0 0 0.18861 0 0 0 0 -0 0 -0 0.16615 -0.057255 0.068486 0 0
-0 -0 -0 0.027406 0 0 0 0 -0 0 -0 0.024142 -0.0083193 0.0099512 0 0
0 0 0 0.059228 0 0 0 0 -0 0 -0 0.052175 -0.017979 0.021506 0 0
0 0 0 0.061632 0 0 0 0 -0 0 -0 0.054293 -0.018709 0.022379 0 0
0 0 0 0.03037 0 0 0 0 -0 0 -0 0.026753 -0.0092191 0.011027 0 0
-0 -0 -0 0.067876 0 0 0 0 -0 0 -0 0.059793 -0.020605 0.024646 0 0
0 0 0 0.073568 0 0 0 0 -0 0 -0 0.064807 -0.022332 0.026713 0 0
-0 -0 -0 0.15338 0 0 0 0 -0 0 -0 0.13511 -0.046559 0.055692 0 0
-0 -0 -0 0.095094 0 0 0 0 -0 0 -0 0.08377 -0.028867 0.034529 0 0
0 0 0 0.15115 0 0 0 0 -0 0 -0 0.13315 -0.045884 0.054885 0 0
-0 -0 -0 0.15188 0 0 0 0 -0 0 -0 0.13379 -0.046104 0.055147 0 0
0 0 0 0.093442 0 0 0 0 -0 0 -0 0.082315 -0.028366 0.033929 0 0
-0 -0 -0 0.092179 0 0 0 0 -0 0 -0 0.081201 -0.027982 0.033471 0 0
0 0 0 0.036276 0 0 0 0 -0 0 -0 0.031956 -0.011012 0.013172 0 0
-0 -0 -0 0.12302 0 0 0 0 -0 0 -0 0.10837 -0.037345 0.04467 0 0
0 0 0 0.068407 0 0 0 0 -0 0 -0 0.06026 -0.020766 0.024839 0 0
-0 -0 -0 0.14811 0 0 0 0 -0 0 -0 0.13048 -0.044962 0.053781 0 0
0 0 0 0.060666 0 0 0 0 -0 0 -0 0.053441 -0.018416 0.022028 0 0
-0 -0 -0 0.10264 0 0 0 0 -0 0 -0 0.090419 -0.031158 0.03727 0 0
-0 -0 -0 0.11389 0 0 0 0 -0 0 -0 0.10032 -0.034572 0.041353 0 0
0 0 0 0.084612 0 0 0 0 -0 0 -0 0.074536 -0.025685 0.030723 0 0
-0 -0 -0 0.15892 0 0 0 0 -0 0 -0 0.13999 -0.048242 0.057705 0 0
-0 -0 -0 0.10051 0 0 0 0 -0 0 -0 0.088544 -0.030512 0.036497 0 0
0 0 0 0.10595 0 0 0 0 -0 0 -0 0.093331 -0.032162 0.03847 0 0
0 0 0 0.096846 0 0 0 0 -0 0 -0 0.085313 -0.029399 0.035165 0 0
0 0 0 0.13735 0 0 0 0 -0 0 -0 0.12099 -0.041693 0.049871 0 0
0 0 0 0.054112 0 0 0 0 -0 0 -0 0.047668 -0.016426 0.019648 0 0
0 0 0 0.089176 0 0 0 0 -0 0 -0 0.078556 -0.02707 0.03238 0 0
-0 -0 -0 0.183 0 0 0 0 -0 0 -0 0.16121 -0.055552 0.066448 0 0
0 0 0 0.077939 0 0 0 0 -0 0 -0 0.068657 -0.023659 0.0283 0 0
-0 -0 -0 0.043885 0 0 0 0 -0 0 -0 0.038659 -0.013322 0.015935 0 0
0 0 0 0.13019 0 0 0 0 -0 0 -0 0.11469 -0.039522 0.047274 0 0
0 0 0 0.14269 0 0 0 0 -0 0 -0 0.1257 -0.043316 0.051812 0 0
-0 -0 -0 0.017253 0 0 0 0 -0 0 -0 0.015199 -0.0052375 0.0062648 0 0
0 0 0 0.17895 0 0 0 0 -0 0 -0 0.15764 -0.054323 0.064978 0 0
0 0 0 0.17958 0 0 0 0 -0 0 -0 0.15819 -0.054513 0.065206 0 0
0 0 0 0.17537 0 0 0 0 -0 0 -0 0.15449 -0.053236 0.063678 0 0
-0 -0 -0 0.081106 0 0 0 0 -0 0 -0 0.071448 -0.024621 0.02945 0 0
-0 -0 -0 0.059323 0 0 0 0 -0 0 -0 0.052258 -0.018008 0.021541 0 0
-0 -0 -0 0.16732 0 0 0 0 -0 0 -0 0.14739 -0.050791 0.060753 0 0
0 0 0 0.047051 0 0 0 0 -0 0 -0 0.041448 -0.014283 0.017085 0 0
-0 -0 -0 0.12954 0 0 0 0 -0 0 -0 0.11412 -0.039325 0.047038 0 0
0 0 0 0.18965 0 0 0 0 -0 0 -0 0.16706 -0.057569 0.068862 0 0
0 0 0 0.1835 0 0 0 0 -0 0 -0 0.16165 -0.055703 0.06663 0 0
0 0 0 0.15959 0 0 0 0 -0 0 -0 0.14059 -0.048446 0.057948 0 0
-0 -0 -0 0.16741 0 0 0 0 -0 0 -0 0.14748 -0.050821 0.060789 0 0
0 0 0 0.1708 0 0 0 0 -0 0 -0 0.15046 -0.051849 0.06202 0 0
0 0 0 0.1272 0 0 0 0 -0 0 -0 0.11205 -0.038613 0.046188 0 0
0 0 0 0.071119 0 0 0 0 -0 0 -0 0.062649 -0.021589 0.025824 0 0
-0 -0 -0 0.11213 0 0 0 0 -0 0 -0 0.098775 -0.034038 0.040714 0 0
-0 -0 -0 0.092005 0 0 0 0 -0 0 -0 0.081048 -0.027929 0.033408 0 0
0 0 0 0.10985 0 0 0 0 -0 0 -0 0.096769 -0.033346 0.039887 0 0
-0 -0 -0 0.12369 0 0 0 0 -0 0 -0 0.10896 -0.037547 0.044912 0 0
0 0 0 0.055289 0 0 0 0 -0 0 -0 0.048705 -0.016784 0.020076 0 0
0 0 0 0.16979 0 0 0 0 -0 0 -0 0.14957 -0.051542 0.061653 0 0
0 0 0 0.018884 0 0 0 0 -0 0 -0 0.016635 -0.0057323 0.0068568 0 0
0 0 0 0.072363 0 0 0 0 -0 0 -0 0.063746 -0.021967 0.026275 0 0
-0 -0 -0 0.076641 0 0 0 0 -0 0 -0 0.067514 -0.023265 0.027829 0 0
-0 -0 -0 0.1541 0 0 0 0 -0 0 -0 0.13575 -0.046779 0.055955 0 0
0 0 0 0.12992 0 0 0 0 -0 0 -0 0.11444 -0.039437 0.047173 0 0
-0 -0 -0 0.11861 0 0 0 0 -0 0 -0 0.10449 -0.036007 0.04307 0 0
0 0 0 0.11168 0 0 0 0 -0 0 -0 0.098377 -0.033901 0.04055 0 0
0 0 0 0.16219 0 0 0 0 -0 0 -0 0.14287 -0.049234 0.058892 0 0
-0 -0 -0 0.19176 0 0 0 0 -0 0 -0 0.16892 -0.058211 0.069629 0 0
0 0 0 0.14838 0 0 0 0 -0 0 -0 0.13071 -0.045043 0.053878 0 0
-0 -0 -0 0.036371 0 0 0 0 -0 0 -0 0.03204 -0.011041 0.013207 0 0
-0 -0 -0 0.13437 0 0 0 0 -0 0 -0 0.11837 -0.04079 0.048791 0 0
0 0 0 0.019807 0 0 0 0 -0 0 -0 0.017448 -0.0060126 0.007192 0 0
-0 -0 -0 0.052 0 0 0 0 -0 0 -0 0.045807 -0.015785 0.018881 0 0
0 0 0 0.098754 0 0 0 0 -0 0 -0 0.086994 -0.029978 0.035858 0 0
-0 -0 -0 0.061088 0 0 0 0 -0 0 -0 0.053813 -0.018544 0.022181 0 0
0 0 0 0.1565 0 0 0 0 -0 0 -0 0.13786 -0.047506 0.056825 0 0
0 0 0 0.070441 0 0 0 0 -0 0 -0 0.062052 -0.021383 0.025577 0 0
-0 -0 -0 0.058649 0 0 0 0 -0 0 -0 0.051665 -0.017804 0.021296 0 0
0 0 0 0.18342 0 0 0 0 -0 0 -0 0.16158 -0.055681 0.066603 0 0
0 0 0 0.085218 0 0 0 0 -0 0 -0 0.07507 -0.025869 0.030943 0 0
-0 -0 -0 0.12033 0 0 0 0 -0 0 -0 0.106 -0.036526 0.043691 0 0
0 0 0 0.14641 0 0 0 0 -0 0 -0 0.12897 -0.044444 0.053162 0 0
-0 -0 -0 0.017763 0 0 0 0 -0 0 -0 0.015647 -0.0053921 0.0064497 0 0
-0 -0 -0 0.089333 0 0 0 0 -0 0 -0 0.078694 -0.027118 0.032437 0 0
