0 0 0.022765 0 0 0 0 0 0 0 0 0 0 -0.0063898 0.0057043 0.021092 0.00080495 0.0034404 -0.00068658 0 0
-0 -0 -0.085153 0 0 0 0 0 0 0 0 0 0 0.023901 -0.021337 -0.078895 -0.0036833 -0.012735 0.0023283 0 0
-0 -0 -0.13077 0 0 0 0 0 0 0 0 0 0 0.036706 -0.032768 -0.12116 -0.0060863 -0.019448 0.0034157 0 0
-0 -0 -0.031112 0 0 0 0 0 0 0 0 0 0 0.0087328 -0.0077959 -0.028826 -0.0012234 -0.0046797 0.000895 0 0
-0 -0 -0.20313 0 0 0 0 0 0 0 0 0 0 0.057015 -0.050898 -0.1882 -0.010497 -0.029895 0.0049049 0 0
-0 -0 -0.1811 0 0 0 0 0 0 0 0 0 0 0.050832 -0.045379 -0.16779 -0.0090776 -0.026743 0.0044825 0 0
0 0 0.26698 0 0 0 0 0 0 0 0 0 0 -0.074937 0.066897 0.24736 0.0045574 0.040716 -0.0096309 0 0
0 0 0.31672 0 0 0 0 0 0 0 0 0 0 -0.088899 0.079361 0.29344 0.0042156 0.048274 -0.011778 0 0
0 0 0.15248 0 0 0 0 0 0 0 0 0 0 -0.042798 0.038206 0.14127 0.003918 0.023213 -0.0050908 0 0
-0 -0 -0.092357 0 0 0 0 0 0 0 0 0 0 0.025923 -0.023142 -0.08557 -0.004043 -0.013801 0.0025075 0 0
0 0 0.11162 0 0 0 0 0 0 0 0 0 0 -0.031331 0.027969 0.10342 0.0032098 0.016964 -0.0036155 0 0
-0 -0 -0.092942 0 0 0 0 0 0 0 0 0 0 0.026088 -0.023289 -0.086112 -0.0040726 -0.013887 0.002522 0 0
-0 -0 -0.33563 0 0 0 0 0 0 0 0 0 0 0.094206 -0.084099 -0.31096 -0.02041 -0.04823 0.0068605 0 0
0 0 0.32602 0 0 0 0 0 0 0 0 0 0 -0.091509 0.081691 0.30206 0.0041101 0.049681 -0.012191 0 0
-0 -0 -0.27928 0 0 0 0 0 0 0 0 0 0 0.07839 -0.06998 -0.25876 -0.015912 -0.040574 0.0061525 0 0
-0 -0 -0.048938 0 0 0 0 0 0 0 0 0 0 0.013736 -0.012263 -0.045342 -0.001988 -0.0073479 0.0013849 0 0
0 0 0.078869 0 0 0 0 0 0 0 0 0 0 -0.022138 0.019762 0.073073 0.0024606 0.011965 -0.0024906 0 0
0 0 0.17919 0 0 0 0 0 0 0 0 0 0 -0.050298 0.044901 0.16603 0.004245 0.027302 -0.0060978 0 0
-0 -0 -0.079848 0 0 0 0 0 0 0 0 0 0 0.022412 -0.020008 -0.073981 -0.0034232 -0.011949 0.0021945 0 0
-0 -0 -0.24564 0 0 0 0 0 0 0 0 0 0 0.068949 -0.061551 -0.22759 -0.013425 -0.035901 0.0056423 0 0
0 0 0.039667 0 0 0 0 0 0 0 0 0 0 -0.011134 0.0099395 0.036752 0.001353 0.0060024 -0.0012134 0 0
-0 -0 -0.31683 0 0 0 0 0 0 0 0 0 0 0.08893 -0.079388 -0.29355 -0.018864 -0.045701 0.0066448 0 0
0 0 0.15417 0 0 0 0 0 0 0 0 0 0 -0.043275 0.038632 0.14284 0.003942 0.023473 -0.0051539 0 0
0 0 0.012031 0 0 0 0 0 0 0 0 0 0 -0.0033768 0.0030145 0.011146 0.00043492 0.0018166 -0.00035952 0 0
0 0 0.030298 0 0 0 0 0 0 0 0 0 0 -0.0085043 0.0075918 0.028071 0.0010545 0.0045815 -0.0009196 0 0
0 0 0.18701 0 0 0 0 0 0 0 0 0 0 -0.052491 0.046859 0.17326 0.0043201 0.028498 -0.0063985 0 0
0 0 0.20643 0 0 0 0 0 0 0 0 0 0 -0.057944 0.051727 0.19126 0.004467 0.031471 -0.0071579 0 0
-0 -0 -0.23749 0 0 0 0 0 0 0 0 0 0 0.06666 -0.059508 -0.22004 -0.012844 -0.034757 0.0055089 0 0
0 0 0.19129 0 0 0 0 0 0 0 0 0 0 -0.053692 0.047932 0.17723 0.0043574 0.029153 -0.0065644 0 0
-0 -0 -0.0080514 0 0 0 0 0 0 0 0 0 0 0.0022599 -0.0020175 -0.0074597 -0.00030297 -0.0012136 0.00023644 0 0
-0 -0 -0.16841 0 0 0 0 0 0 0 0 0 0 0.047272 -0.0422 -0.15604 -0.0082904 -0.024916 0.0042269 0 0
0 0 0.054297 0 0 0 0 0 0 0 0 0 0 -0.01524 0.013605 0.050307 0.0017932 0.0082246 -0.0016811 0 0
-0 -0 -0.14278 0 0 0 0 0 0 0 0 0 0 0.040077 -0.035778 -0.13229 -0.006768 -0.0212 0.0036831 0 0
0 0 0.14763 0 0 0 0 0 0 0 0 0 0 -0.041439 0.036993 0.13678 0.0038472 0.022471 -0.0049118 0 0
-0 -0 -0.10552 0 0 0 0 0 0 0 0 0 0 0.029619 -0.026441 -0.097768 -0.0047197 -0.015743 0.0028279 0 0
0 0 0.24024 0 0 0 0 0 0 0 0 0 0 -0.067433 0.060198 0.22259 0.004586 0.036639 -0.0085194 0 0
-0 -0 -0.17594 0 0 0 0 0 0 0 0 0 0 0.049383 -0.044085 -0.16301 -0.0087546 -0.026001 0.0043796 0 0
0 0 0.18309 0 0 0 0 0 0 0 0 0 0 -0.05139 0.045876 0.16963 0.0042835 0.027898 -0.0062472 0 0
0 0 0.08646 0 0 0 0 0 0 0 0 0 0 -0.024268 0.021664 0.080106 0.0026486 0.013123 -0.0027466 0 0
0 0 0.24574 0 0 0 0 0 0 0 0 0 0 -0.068976 0.061576 0.22768 0.004589 0.037478 -0.0087456 0 0
-0 -0 -0.10557 0 0 0 0 0 0 0 0 0 0 0.029633 -0.026454 -0.097815 -0.0047223 -0.015751 0.0028291 0 0
-0 -0 -0.2164 0 0 0 0 0 0 0 0 0 0 0.060741 -0.054224 -0.2005 -0.011385 -0.031782 0.0051461 0 0
-0 -0 -0.042704 0 0 0 0 0 0 0 0 0 0 0.011986 -0.0107 -0.039566 -0.0017153 -0.0064159 0.0012155 0 0
-0 -0 -0.22088 0 0 0 0 0 0 0 0 0 0 0.061998 -0.055346 -0.20465 -0.01169 -0.032416 0.0052253 0 0
0 0 0.10857 0 0 0 0 0 0 0 0 0 0 -0.030474 0.027205 0.10059 0.0031468 0.016498 -0.0035085 0 0
-0 -0 -0.31698 0 0 0 0 0 0 0 0 0 0 0.088974 -0.079428 -0.29369 -0.018877 -0.045722 0.0066467 0 0
-0 -0 -0.34245 0 0 0 0 0 0 0 0 0 0 0.096122 -0.085809 -0.31729 -0.020983 -0.049142 0.0069337 0 0
-0 -0 -0.15381 0 0 0 0 0 0 0 0 0 0 0.043173 -0.038541 -0.14251 -0.0074118 -0.022803 0.0039216 0 0
-0 -0 -0.14445 0 0 0 0 0 0 0 0 0 0 0.040545 -0.036195 -0.13383 -0.0068642 -0.021442 0.0037196 0 0
-0 -0 -0.27232 0 0 0 0 0 0 0 0 0 0 0.076437 -0.068236 -0.25231 -0.015385 -0.039613 0.0060523 0 0
-0 -0 -0.20571 0 0 0 0 0 0 0 0 0 0 0.057741 -0.051546 -0.1906 -0.010668 -0.030263 0.0049526 0 0
0 0 0.013257 0 0 0 0 0 0 0 0 0 0 -0.0037211 0.0033219 0.012283 0.00047807 0.002002 -0.0003966 0 0
-0 -0 -0.11462 0 0 0 0 0 0 0 0 0 0 0.032172 -0.02872 -0.1062 -0.0052015 -0.017081 0.0030436 0 0
0 0 0.10335 0 0 0 0 0 0 0 0 0 0 -0.02901 0.025898 0.095759 0.0030359 0.015701 -0.0033267 0 0
0 0 0.21364 0 0 0 0 0 0 0 0 0 0 -0.059965 0.053532 0.19794 0.0045069 0.032573 -0.0074438 0 0
-0 -0 -0.18745 0 0 0 0 0 0 0 0 0 0 0.052615 -0.04697 -0.17368 -0.0094801 -0.027655 0.0046071 0 0
0 0 0.026149 0 0 0 0 0 0 0 0 0 0 -0.0073397 0.0065522 0.024227 0.00091807 0.0039528 -0.0007909 0 0
0 0 0.08641 0 0 0 0 0 0 0 0 0 0 -0.024254 0.021652 0.08006 0.0026473 0.013115 -0.0027449 0 0
0 0 0.22457 0 0 0 0 0 0 0 0 0 0 -0.063033 0.05627 0.20806 0.0045524 0.034243 -0.0078819 0 0
0 0 0.2968 0 0 0 0 0 0 0 0 0 0 -0.083308 0.07437 0.27499 0.0043975 0.045253 -0.010906 0 0
0 0 0.29626 0 0 0 0 0 0 0 0 0 0 -0.083156 0.074234 0.27449 0.0044016 0.045171 -0.010883 0 0
-0 -0 -0.20829 0 0 0 0 0 0 0 0 0 0 0.058466 -0.052193 -0.19299 -0.01084 -0.030631 0.005 0 0
0 0 0.036752 0 0 0 0 0 0 0 0 0 0 -0.010316 0.009209 0.034051 0.0012615 0.0055601 -0.0011215 0 0
0 0 0.19983 0 0 0 0 0 0 0 0 0 0 -0.056091 0.050073 0.18515 0.0044235 0.030461 -0.0068979 0 0
0 0 0.1002 0 0 0 0 0 0 0 0 0 0 -0.028124 0.025107 0.092835 0.0029667 0.015219 -0.0032173 0 0
-0 -0 -0.10549 0 0 0 0 0 0 0 0 0 0 0.029609 -0.026432 -0.097735 -0.0047178 -0.015738 0.002827 0 0
0 0 0.078512 0 0 0 0 0 0 0 0 0 0 -0.022037 0.019673 0.072743 0.0024516 0.011911 -0.0024786 0 0
-0 -0 -0.13983 0 0 0 0 0 0 0 0 0 0 0.039248 -0.035038 -0.12955 -0.0065985 -0.02077 0.0036181 0 0
-0 -0 -0.28049 0 0 0 0 0 0 0 0 0 0 0.078731 -0.070284 -0.25988 -0.016005 -0.040741 0.0061697 0 0
0 0 0.1861 0 0 0 0 0 0 0 0 0 0 -0.052235 0.046631 0.17242 0.0043119 0.028359 -0.0063633 0 0
-0 -0 -0.15561 0 0 0 0 0 0 0 0 0 0 0.043679 -0.038993 -0.14418 -0.0075187 -0.023064 0.0039599 0 0
0 0 0.13385 0 0 0 0 0 0 0 0 0 0 -0.037569 0.033539 0.12401 0.0036263 0.020362 -0.0044084 0 0
0 0 0.18074 0 0 0 0 0 0 0 0 0 0 -0.050733 0.04529 0.16746 0.0042606 0.02754 -0.0061573 0 0
0 0 0.2144 0 0 0 0 0 0 0 0 0 0 -0.06018 0.053724 0.19865 0.0045106 0.03269 -0.0074743 0 0
0 0 0.20821 0 0 0 0 0 0 0 0 0 0 -0.058441 0.052171 0.19291 0.0044775 0.031742 -0.007228 0 0
0 0 0.1568 0 0 0 0 0 0 0 0 0 0 -0.044011 0.039289 0.14527 0.0039782 0.023874 -0.0052515 0 0
-0 -0 -0.15905 0 0 0 0 0 0 0 0 0 0 0.044642 -0.039853 -0.14736 -0.0077234 -0.023562 0.0040324 0 0
0 0 0.15605 0 0 0 0 0 0 0 0 0 0 -0.043803 0.039103 0.14459 0.0039681 0.02376 -0.0052238 0 0
-0 -0 -0.2187 0 0 0 0 0 0 0 0 0 0 0.061387 -0.054801 -0.20263 -0.011541 -0.032108 0.0051869 0 0
0 0 0.19618 0 0 0 0 0 0 0 0 0 0 -0.055065 0.049158 0.18176 0.0043966 0.029902 -0.006755 0 0
-0 -0 -0.20699 0 0 0 0 0 0 0 0 0 0 0.058101 -0.051867 -0.19178 -0.010754 -0.030446 0.0049762 0 0
-0 -0 -0.31477 0 0 0 0 0 0 0 0 0 0 0.088352 -0.078873 -0.29164 -0.018698 -0.045423 0.00662 0 0
0 0 0.24112 0 0 0 0 0 0 0 0 0 0 -0.06768 0.060418 0.2234 0.0045868 0.036773 -0.0085555 0 0
-0 -0 -0.010059 0 0 0 0 0 0 0 0 0 0 0.0028234 -0.0025205 -0.0093198 -0.00038 -0.001516 0.00029487 0 0
-0 -0 -0.32422 0 0 0 0 0 0 0 0 0 0 0.091004 -0.08124 -0.30039 -0.019466 -0.046698 0.0067321 0 0
0 0 0.068989 0 0 0 0 0 0 0 0 0 0 -0.019364 0.017287 0.063919 0.0022031 0.01046 -0.0021615 0 0
-0 -0 -0.039865 0 0 0 0 0 0 0 0 0 0 0.01119 -0.0099891 -0.036936 -0.001593 -0.0059911 0.0011377 0 0
0 0 0.11593 0 0 0 0 0 0 0 0 0 0 -0.032539 0.029048 0.10741 0.0032962 0.017622 -0.0037672 0 0
0 0 0.20088 0 0 0 0 0 0 0 0 0 0 -0.056383 0.050334 0.18611 0.0044308 0.03062 -0.0069389 0 0
0 0 0.18396 0 0 0 0 0 0 0 0 0 0 -0.051635 0.046095 0.17044 0.0042919 0.028032 -0.0062808 0 0
-0 -0 -0.18998 0 0 0 0 0 0 0 0 0 0 0.053325 -0.047604 -0.17602 -0.0096421 -0.028017 0.0046561 0 0
-0 -0 -0.22533 0 0 0 0 0 0 0 0 0 0 0.063248 -0.056462 -0.20877 -0.011996 -0.033045 0.0053029 0 0
0 0 0.33435 0 0 0 0 0 0 0 0 0 0 -0.093847 0.083778 0.30978 0.0040045 0.05094 -0.012563 0 0
0 0 0.10057 0 0 0 0 0 0 0 0 0 0 -0.028228 0.025199 0.093177 0.0029749 0.015276 -0.00323 0 0
-0 -0 -0.052315 0 0 0 0 0 0 0 0 0 0 0.014684 -0.013109 -0.048471 -0.0021381 -0.0078522 0.0014759 0 0
-0 -0 -0.20365 0 0 0 0 0 0 0 0 0 0 0.057162 -0.051029 -0.18869 -0.010532 -0.02997 0.0049146 0 0
-0 -0 -0.16389 0 0 0 0 0 0 0 0 0 0 0.046001 -0.041066 -0.15184 -0.0080149 -0.024262 0.0041335 0 0
-0 -0 -0.010348 0 0 0 0 0 0 0 0 0 0 0.0029045 -0.0025929 -0.0095874 -0.00039113 -0.0015595 0.00030326 0 0
-0 -0 -0.22615 0 0 0 0 0 0 0 0 0 0 0.063477 -0.056667 -0.20953 -0.012052 -0.03316 0.005317 0 0
0 0 0.30893 0 0 0 0 0 0 0 0 0 0 -0.086714 0.077411 0.28623 0.0042938 0.047094 -0.011436 0 0
