-0 -0 -0.14456 0 0 0 0 0 0 0 0 0 0 0.043884 -0.032702 -0.1338 -0.0092248 -0.019526 0.0017467 0 0
-0 -0 -0.24199 0 0 0 0 0 0 0 0 0 0 0.073459 -0.054741 -0.22398 -0.016902 -0.031943 0.0022636 0 0
-0 -0 -0.25757 0 0 0 0 0 0 0 0 0 0 0.07819 -0.058266 -0.2384 -0.018234 -0.033864 0.0022964 0 0
0 0 0.26841 0 0 0 0 0 0 0 0 0 0 -0.081479 0.060717 0.24843 0.009713 0.038449 -0.0062115 0 0
-0 -0 -0.033072 0 0 0 0 0 0 0 0 0 0 0.010039 -0.0074812 -0.03061 -0.0018732 -0.0045658 0.00050153 0 0
-0 -0 -0.2935 0 0 0 0 0 0 0 0 0 0 0.089095 -0.066392 -0.27165 -0.021408 -0.038218 0.0023195 0 0
0 0 0.1249 0 0 0 0 0 0 0 0 0 0 -0.037915 0.028254 0.1156 0.0057558 0.01765 -0.002426 0 0
0 0 0.073398 0 0 0 0 0 0 0 0 0 0 -0.022281 0.016603 0.067935 0.0036383 0.010304 -0.001325 0 0
-0 -0 -0.04039 0 0 0 0 0 0 0 0 0 0 0.012261 -0.0091366 -0.037384 -0.002307 -0.0055689 0.0006044 0 0
0 0 0.12814 0 0 0 0 0 0 0 0 0 0 -0.038898 0.028986 0.1186 0.0058767 0.018115 -0.0024999 0 0
-0 -0 -0.30831 0 0 0 0 0 0 0 0 0 0 0.09359 -0.069743 -0.28536 -0.022758 -0.039982 0.0023077 0 0
0 0 0.0063337 0 0 0 0 0 0 0 0 0 0 -0.0019227 0.0014327 0.0058623 0.00034232 0.00088025 -0.00010286 0 0
-0 -0 -0.33325 0 0 0 0 0 0 0 0 0 0 0.10116 -0.075384 -0.30844 -0.025086 -0.04291 0.0022597 0 0
0 0 0.28784 0 0 0 0 0 0 0 0 0 0 -0.087376 0.065111 0.26641 0.010026 0.041285 -0.0068021 0 0
-0 -0 -0.15077 0 0 0 0 0 0 0 0 0 0 0.045769 -0.034106 -0.13955 -0.0096799 -0.020337 0.0017956 0 0
-0 -0 -0.21945 0 0 0 0 0 0 0 0 0 0 0.066617 -0.049642 -0.20312 -0.015026 -0.029132 0.0021917 0 0
0 0 0.30185 0 0 0 0 0 0 0 0 0 0 -0.091629 0.068281 0.27938 0.010218 0.043332 -0.0072393 0 0
0 0 0.054747 0 0 0 0 0 0 0 0 0 0 -0.016619 0.012384 0.050672 0.0027824 0.0076652 -0.00096085 0 0
0 0 0.053156 0 0 0 0 0 0 0 0 0 0 -0.016136 0.012024 0.049199 0.0027072 0.0074407 -0.00093065 0 0
0 0 0.13005 0 0 0 0 0 0 0 0 0 0 -0.039479 0.029419 0.12037 0.0059476 0.01839 -0.0025438 0 0
-0 -0 -0.22464 0 0 0 0 0 0 0 0 0 0 0.068191 -0.050816 -0.20792 -0.015452 -0.029782 0.0022108 0 0
0 0 0.035485 0 0 0 0 0 0 0 0 0 0 -0.010772 0.008027 0.032843 0.0018491 0.0049541 -0.00060435 0 0
-0 -0 -0.17579 0 0 0 0 0 0 0 0 0 0 0.053364 -0.039767 -0.16271 -0.011562 -0.023579 0.0019708 0 0
-0 -0 -0.012727 0 0 0 0 0 0 0 0 0 0 0.0038633 -0.0028789 -0.011779 -0.00070385 -0.0017632 0.00020008 0 0
0 0 0.20675 0 0 0 0 0 0 0 0 0 0 -0.062762 0.04677 0.19136 0.0083667 0.02947 -0.0044585 0 0
0 0 0.30208 0 0 0 0 0 0 0 0 0 0 -0.0917 0.068334 0.2796 0.010221 0.043367 -0.0072467 0 0
0 0 0.018549 0 0 0 0 0 0 0 0 0 0 -0.0056309 0.0041961 0.017169 0.00098752 0.002583 -0.00030741 0 0
-0 -0 -0.20346 0 0 0 0 0 0 0 0 0 0 0.061763 -0.046025 -0.18832 -0.013731 -0.027114 0.0021233 0 0
-0 -0 -0.13859 0 0 0 0 0 0 0 0 0 0 0.04207 -0.03135 -0.12827 -0.0087911 -0.018743 0.0016975 0 0
0 0 0.26874 0 0 0 0 0 0 0 0 0 0 -0.081579 0.060792 0.24874 0.0097187 0.038498 -0.0062214 0 0
-0 -0 -0.11001 0 0 0 0 0 0 0 0 0 0 0.033396 -0.024886 -0.10183 -0.0067788 -0.014968 0.0014349 0 0
-0 -0 -0.24742 0 0 0 0 0 0 0 0 0 0 0.075106 -0.055969 -0.229 -0.017363 -0.032614 0.0022766 0 0
0 0 0.12926 0 0 0 0 0 0 0 0 0 0 -0.03924 0.029241 0.11964 0.0059185 0.018276 -0.0025257 0 0
0 0 0.038532 0 0 0 0 0 0 0 0 0 0 -0.011697 0.0087163 0.035664 0.0020001 0.005382 -0.00065941 0 0
0 0 0.30424 0 0 0 0 0 0 0 0 0 0 -0.092356 0.068823 0.2816 0.010248 0.043682 -0.007315 0 0
0 0 0.043215 0 0 0 0 0 0 0 0 0 0 -0.013118 0.0097757 0.039998 0.0022296 0.0060404 -0.00074503 0 0
-0 -0 -0.28929 0 0 0 0 0 0 0 0 0 0 0.087817 -0.06544 -0.26776 -0.021028 -0.037714 0.0023206 0 0
-0 -0 -0.12923 0 0 0 0 0 0 0 0 0 0 0.03923 -0.029234 -0.11961 -0.008121 -0.017512 0.0016166 0 0
-0 -0 -0.3461 0 0 0 0 0 0 0 0 0 0 0.10506 -0.078292 -0.32034 -0.026312 -0.044397 0.0022212 0 0
-0 -0 -0.26184 0 0 0 0 0 0 0 0 0 0 0.079483 -0.05923 -0.24235 -0.018602 -0.034386 0.002303 0 0
-0 -0 -0.16558 0 0 0 0 0 0 0 0 0 0 0.050265 -0.037457 -0.15326 -0.010785 -0.022261 0.0019036 0 0
0 0 0.19081 0 0 0 0 0 0 0 0 0 0 -0.057922 0.043163 0.17661 0.0079315 0.027157 -0.0040359 0 0
-0 -0 -0.24425 0 0 0 0 0 0 0 0 0 0 0.074145 -0.055252 -0.22607 -0.017093 -0.032223 0.0022692 0 0
0 0 0.02478 0 0 0 0 0 0 0 0 0 0 -0.0075222 0.0056055 0.022936 0.001309 0.003454 -0.00041485 0 0
-0 -0 -0.11931 0 0 0 0 0 0 0 0 0 0 0.036218 -0.02699 -0.11043 -0.0074224 -0.016202 0.0015254 0 0
0 0 0.23787 0 0 0 0 0 0 0 0 0 0 -0.072209 0.05381 0.22017 0.0091133 0.033997 -0.00532 0 0
-0 -0 -0.1917 0 0 0 0 0 0 0 0 0 0 0.058194 -0.043366 -0.17744 -0.012798 -0.025619 0.0020638 0 0
-0 -0 -0.33147 0 0 0 0 0 0 0 0 0 0 0.10062 -0.074982 -0.3068 -0.024918 -0.042703 0.0022643 0 0
0 0 0.21376 0 0 0 0 0 0 0 0 0 0 -0.06489 0.048356 0.19785 0.0085468 0.030489 -0.0046484 0 0
-0 -0 -0.10797 0 0 0 0 0 0 0 0 0 0 0.032776 -0.024424 -0.099936 -0.0066388 -0.014696 0.0014144 0 0
0 0 0.13839 0 0 0 0 0 0 0 0 0 0 -0.04201 0.031305 0.12809 0.0062502 0.019587 -0.0027373 0 0
-0 -0 -0.18813 0 0 0 0 0 0 0 0 0 0 0.057109 -0.042557 -0.17413 -0.012518 -0.025162 0.0020441 0 0
0 0 0.0086008 0 0 0 0 0 0 0 0 0 0 -0.0026109 0.0019456 0.0079606 0.00046356 0.0011958 -0.00014021 0 0
0 0 0.27861 0 0 0 0 0 0 0 0 0 0 -0.084574 0.063024 0.25787 0.0098837 0.039938 -0.0065193 0 0
0 0 0.16785 0 0 0 0 0 0 0 0 0 0 -0.050953 0.037969 0.15536 0.0072422 0.023834 -0.0034499 0 0
-0 -0 -0.032684 0 0 0 0 0 0 0 0 0 0 0.0099214 -0.0073934 -0.030251 -0.0018504 -0.0045125 0.00049599 0 0
0 0 0.27846 0 0 0 0 0 0 0 0 0 0 -0.08453 0.062991 0.25774 0.0098814 0.039917 -0.0065149 0 0
0 0 0.082414 0 0 0 0 0 0 0 0 0 0 -0.025018 0.018643 0.07628 0.0040352 0.011584 -0.0015076 0 0
-0 -0 -0.057738 0 0 0 0 0 0 0 0 0 0 0.017527 -0.013061 -0.053441 -0.0033632 -0.0079358 0.00083649 0 0
-0 -0 -0.18886 0 0 0 0 0 0 0 0 0 0 0.05733 -0.042721 -0.1748 -0.012575 -0.025255 0.0020482 0 0
0 0 0.16461 0 0 0 0 0 0 0 0 0 0 -0.04997 0.037237 0.15236 0.0071391 0.023367 -0.0033694 0 0
-0 -0 -0.2156 0 0 0 0 0 0 0 0 0 0 0.065448 -0.048771 -0.19955 -0.014711 -0.028647 0.0021766 0 0
0 0 0.31191 0 0 0 0 0 0 0 0 0 0 -0.094685 0.070558 0.2887 0.010339 0.044803 -0.0075591 0 0
0 0 0.15424 0 0 0 0 0 0 0 0 0 0 -0.04682 0.03489 0.14276 0.0067988 0.021869 -0.0031151 0 0
-0 -0 -0.31764 0 0 0 0 0 0 0 0 0 0 0.096423 -0.071854 -0.294 -0.023621 -0.041084 0.0022939 0 0
-0 -0 -0.18759 0 0 0 0 0 0 0 0 0 0 0.056945 -0.042435 -0.17363 -0.012476 -0.025093 0.0020411 0 0
-0 -0 -0.21108 0 0 0 0 0 0 0 0 0 0 0.064075 -0.047748 -0.19537 -0.014344 -0.028077 0.0021577 0 0
0 0 0.32838 0 0 0 0 0 0 0 0 0 0 -0.099682 0.074282 0.30394 0.010505 0.047208 -0.0080924 0 0
-0 -0 -0.049786 0 0 0 0 0 0 0 0 0 0 0.015113 -0.011262 -0.046081 -0.0028743 -0.0068528 0.00073217 0 0
0 0 0.0065763 0 0 0 0 0 0 0 0 0 0 -0.0019963 0.0014876 0.0060868 0.00035532 0.000914 -0.00010685 0 0
0 0 0.17631 0 0 0 0 0 0 0 0 0 0 -0.053522 0.039884 0.16319 0.0075049 0.025058 -0.0036628 0 0
-0 -0 -0.11698 0 0 0 0 0 0 0 0 0 0 0.035511 -0.026462 -0.10827 -0.00726 -0.015893 0.0015032 0 0
-0 -0 -0.22782 0 0 0 0 0 0 0 0 0 0 0.069156 -0.051535 -0.21086 -0.015715 -0.03018 0.0022218 0 0
0 0 0.17075 0 0 0 0 0 0 0 0 0 0 -0.051834 0.038626 0.15804 0.0073334 0.024254 -0.0035225 0 0
-0 -0 -0.080799 0 0 0 0 0 0 0 0 0 0 0.024527 -0.018278 -0.074785 -0.0048271 -0.011057 0.0011192 0 0
-0 -0 -0.012102 0 0 0 0 0 0 0 0 0 0 0.0036737 -0.0027376 -0.011201 -0.00066881 -0.0016768 0.00019047 0 0
-0 -0 -0.10028 0 0 0 0 0 0 0 0 0 0 0.030443 -0.022686 -0.092821 -0.0061168 -0.013671 0.0013351 0 0
-0 -0 -0.042191 0 0 0 0 0 0 0 0 0 0 0.012808 -0.0095441 -0.039051 -0.0024149 -0.0058154 0.00062927 0 0
-0 -0 -0.33586 0 0 0 0 0 0 0 0 0 0 0.10195 -0.075975 -0.31086 -0.025334 -0.043213 0.0022527 0 0
0 0 0.32195 0 0 0 0 0 0 0 0 0 0 -0.097732 0.072829 0.29799 0.010445 0.04627 -0.0078828 0 0
-0 -0 -0.048017 0 0 0 0 0 0 0 0 0 0 0.014576 -0.010862 -0.044443 -0.0027666 -0.0066115 0.00070848 0 0
0 0 0.013322 0 0 0 0 0 0 0 0 0 0 -0.0040441 0.0030136 0.012331 0.00071386 0.0018536 -0.00021889 0 0
0 0 0.132 0 0 0 0 0 0 0 0 0 0 -0.040069 0.029859 0.12217 0.006019 0.018669 -0.0025886 0 0
0 0 0.14903 0 0 0 0 0 0 0 0 0 0 -0.045238 0.033711 0.13793 0.0066222 0.021118 -0.0029894 0 0
0 0 0.28515 0 0 0 0 0 0 0 0 0 0 -0.086561 0.064505 0.26393 0.0099856 0.040894 -0.0067195 0 0
0 0 0.28429 0 0 0 0 0 0 0 0 0 0 -0.086299 0.064309 0.26313 0.0099725 0.040768 -0.006693 0 0
0 0 0.16809 0 0 0 0 0 0 0 0 0 0 -0.051026 0.038024 0.15558 0.0072498 0.023869 -0.0034559 0 0
0 0 0.20913 0 0 0 0 0 0 0 0 0 0 -0.063485 0.047308 0.19357 0.0084287 0.029816 -0.0045227 0 0
0 0 0.13113 0 0 0 0 0 0 0 0 0 0 -0.039806 0.029663 0.12137 0.0059872 0.018544 -0.0025686 0 0
0 0 0.26235 0 0 0 0 0 0 0 0 0 0 -0.07964 0.059347 0.24282 0.0096045 0.037565 -0.006031 0 0
0 0 0.084603 0 0 0 0 0 0 0 0 0 0 -0.025682 0.019138 0.078306 0.0041299 0.011895 -0.0015526 0 0
-0 -0 -0.086496 0 0 0 0 0 0 0 0 0 0 0.026257 -0.019566 -0.080058 -0.0051992 -0.011823 0.0011845 0 0
0 0 0.32949 0 0 0 0 0 0 0 0 0 0 -0.10002 0.074534 0.30496 0.010515 0.047371 -0.0081289 0 0
-0 -0 -0.084261 0 0 0 0 0 0 0 0 0 0 0.025578 -0.019061 -0.077989 -0.0050527 -0.011523 0.0011591 0 0
0 0 0.04624 0 0 0 0 0 0 0 0 0 0 -0.014037 0.01046 0.042799 0.0023764 0.0064662 -0.00080096 0 0
0 0 0.062323 0 0 0 0 0 0 0 0 0 0 -0.018919 0.014098 0.057684 0.0031357 0.0087355 -0.0011065 0 0
0 0 0.08713 0 0 0 0 0 0 0 0 0 0 -0.026449 0.01971 0.080645 0.0042383 0.012254 -0.0016049 0 0
-0 -0 -0.18341 0 0 0 0 0 0 0 0 0 0 0.055677 -0.04149 -0.16976 -0.01215 -0.024558 0.0020171 0 0
0 0 0.11557 0 0 0 0 0 0 0 0 0 0 -0.035083 0.026144 0.10697 0.0053993 0.016314 -0.0022163 0 0
-0 -0 -0.11009 0 0 0 0 0 0 0 0 0 0 0.033419 -0.024903 -0.1019 -0.0067839 -0.014978 0.0014357 0 0
