0 0 0 0.080002 0 0 0 0 0 0 0 0.064717 -0.036623 0.029511 0 0
-0 -0 -0 0.19271 0 0 0 0 0 0 0 0.15589 -0.088217 0.071085 0 0
-0 -0 -0 0.10283 0 0 0 0 0 0 0 0.08318 -0.047071 0.03793 0 0
-0 -0 -0 0.062454 0 0 0 0 0 0 0 0.050522 -0.02859 0.023038 0 0
0 0 0 0.13773 0 0 0 0 0 0 0 0.11142 -0.063051 0.050806 0 0
0 0 0 0.1195 0 0 0 0 0 0 0 0.096669 -0.054705 0.044081 0 0
-0 -0 -0 0.14782 0 0 0 0 0 0 0 0.11958 -0.067667 0.054526 0 0
-0 -0 -0 0.053205 0 0 0 0 0 0 0 0.04304 -0.024356 0.019626 0 0
0 0 0 0.09104 0 0 0 0 0 0 0 0.073646 -0.041676 0.033582 0 0
-0 -0 -0 0.12926 0 0 0 0 0 0 0 0.10457 -0.059174 0.047682 0 0
0 0 0 0.090117 0 0 0 0 0 0 0 0.072899 -0.041253 0.033241 0 0
0 0 0 0.05882 0 0 0 0 0 0 0 0.047581 -0.026926 0.021697 0 0
0 0 0 0.10836 0 0 0 0 0 0 0 0.087659 -0.049606 0.039972 0 0
-0 -0 -0 0.19518 0 0 0 0 0 0 0 0.15789 -0.08935 0.071998 0 0
-0 -0 -0 0.1487 0 0 0 0 0 0 0 0.12029 -0.068072 0.054852 0 0
-0 -0 -0 0.079187 0 0 0 0 0 0 0 0.064057 -0.03625 0.02921 0 0
-0 -0 -0 0.010057 0 0 0 0 0 0 0 0.0081351 -0.0046036 0.0037096 0 0
-0 -0 -0 0.026366 0 0 0 0 0 0 0 0.021329 -0.01207 0.0097257 0 0
-0 -0 -0 0.062739 0 0 0 0 0 0 0 0.050751 -0.02872 0.023142 0 0
0 0 0 0.17629 0 0 0 0 0 0 0 0.14261 -0.0807 0.065028 0 0
-0 -0 -0 0.18639 0 0 0 0 0 0 0 0.15078 -0.085325 0.068754 0 0
-0 -0 -0 0.0002887 0 0 0 0 0 0 0 0.00023354 -0.00013216 0.00010649 0 0
0 0 0 0.018259 0 0 0 0 0 0 0 0.014771 -0.0083586 0.0067353 0 0
0 0 0 0.039838 0 0 0 0 0 0 0 0.032226 -0.018237 0.014695 0 0
0 0 0 0.0086792 0 0 0 0 0 0 0 0.0070209 -0.0039731 0.0032015 0 0
0 0 0 0.036289 0 0 0 0 0 0 0 0.029355 -0.016612 0.013386 0 0
-0 -0 -0 0.087135 0 0 0 0 0 0 0 0.070486 -0.039888 0.032141 0 0
-0 -0 -0 0.024596 0 0 0 0 0 0 0 0.019896 -0.011259 0.0090727 0 0
-0 -0 -0 0.1484 0 0 0 0 0 0 0 0.12005 -0.067935 0.054741 0 0
0 0 0 0.14279 0 0 0 0 0 0 0 0.1155 -0.065363 0.052669 0 0
0 0 0 0.047179 0 0 0 0 0 0 0 0.038165 -0.021597 0.017403 0 0
0 0 0 0.12244 0 0 0 0 0 0 0 0.099043 -0.056048 0.045163 0 0
0 0 0 0.10146 0 0 0 0 0 0 0 0.082077 -0.046447 0.037426 0 0
-0 -0 -0 0.09194 0 0 0 0 0 0 0 0.074373 -0.042088 0.033914 0 0
-0 -0 -0 0.13489 0 0 0 0 0 0 0 0.10912 -0.061751 0.049758 0 0
0 0 0 0.047349 0 0 0 0 0 0 0 0.038302 -0.021675 0.017466 0 0
-0 -0 -0 0.096641 0 0 0 0 0 0 0 0.078176 -0.04424 0.035648 0 0
-0 -0 -0 0.079555 0 0 0 0 0 0 0 0.064355 -0.036418 0.029346 0 0
0 0 0 0.12151 0 0 0 0 0 0 0 0.098297 -0.055626 0.044823 0 0
0 0 0 0.073043 0 0 0 0 0 0 0 0.059087 -0.033437 0.026944 0 0
-0 -0 -0 0.17762 0 0 0 0 0 0 0 0.14368 -0.081308 0.065517 0 0
-0 -0 -0 0.051495 0 0 0 0 0 0 0 0.041656 -0.023573 0.018995 0 0
-0 -0 -0 0.090166 0 0 0 0 0 0 0 0.072938 -0.041276 0.033259 0 0
0 0 0 0.099815 0 0 0 0 0 0 0 0.080744 -0.045693 0.036819 0 0
-0 -0 -0 0.15164 0 0 0 0 0 0 0 0.12267 -0.069419 0.055937 0 0
0 0 0 0.1083 0 0 0 0 0 0 0 0.087607 -0.049577 0.039948 0 0
-0 -0 -0 0.12078 0 0 0 0 0 0 0 0.097702 -0.055289 0.044552 0 0
-0 -0 -0 0.13321 0 0 0 0 0 0 0 0.10776 -0.06098 0.049137 0 0
0 0 0 0.0082886 0 0 0 0 0 0 0 0.006705 -0.0037943 0.0030574 0 0
-0 -0 -0 0.034332 0 0 0 0 0 0 0 0.027772 -0.015716 0.012664 0 0
0 0 0 0.030881 0 0 0 0 0 0 0 0.024981 -0.014136 0.011391 0 0
-0 -0 -0 0.062136 0 0 0 0 0 0 0 0.050264 -0.028444 0.02292 0 0
-0 -0 -0 0.14119 0 0 0 0 0 0 0 0.11421 -0.064632 0.05208 0 0
0 0 0 0.093672 0 0 0 0 0 0 0 0.075775 -0.042881 0.034553 0 0
-0 -0 -0 0.0069433 0 0 0 0 0 0 0 0.0056167 -0.0031784 0.0025612 0 0
-0 -0 -0 0.04627 0 0 0 0 0 0 0 0.037429 -0.021181 0.017068 0 0
0 0 0 0.10985 0 0 0 0 0 0 0 0.088865 -0.050288 0.040522 0 0
-0 -0 -0 0.1503 0 0 0 0 0 0 0 0.12159 -0.068806 0.055443 0 0
0 0 0 0.076254 0 0 0 0 0 0 0 0.061684 -0.034907 0.028128 0 0
-0 -0 -0 0.12629 0 0 0 0 0 0 0 0.10216 -0.05781 0.046583 0 0
-0 -0 -0 0.17514 0 0 0 0 0 0 0 0.14168 -0.080174 0.064604 0 0
-0 -0 -0 0.19036 0 0 0 0 0 0 0 0.15399 -0.087143 0.070219 0 0
-0 -0 -0 0.04958 0 0 0 0 0 0 0 0.040107 -0.022697 0.018289 0 0
0 0 0 0.06499 0 0 0 0 0 0 0 0.052573 -0.029751 0.023973 0 0
0 0 0 0.16966 0 0 0 0 0 0 0 0.13725 -0.077668 0.062584 0 0
-0 -0 -0 0.19777 0 0 0 0 0 0 0 0.15998 -0.090534 0.072952 0 0
0 0 0 0.013799 0 0 0 0 0 0 0 0.011163 -0.006317 0.0050902 0 0
-0 -0 -0 0.0018189 0 0 0 0 0 0 0 0.0014714 -0.00083265 0.00067094 0 0
0 0 0 0.11717 0 0 0 0 0 0 0 0.094787 -0.05364 0.043222 0 0
-0 -0 -0 0.035505 0 0 0 0 0 0 0 0.028721 -0.016253 0.013097 0 0
0 0 0 0.11412 0 0 0 0 0 0 0 0.092317 -0.052242 0.042096 0 0
-0 -0 -0 0.016587 0 0 0 0 0 0 0 0.013418 -0.0075933 0.0061186 0 0
0 0 0 0.15874 0 0 0 0 0 0 0 0.12841 -0.072666 0.058554 0 0
-0 -0 -0 0.048477 0 0 0 0 0 0 0 0.039215 -0.022192 0.017882 0 0
0 0 0 0.066175 0 0 0 0 0 0 0 0.053532 -0.030293 0.02441 0 0
0 0 0 0.056917 0 0 0 0 0 0 0 0.046042 -0.026055 0.020995 0 0
0 0 0 0.13359 0 0 0 0 0 0 0 0.10806 -0.061152 0.049276 0 0
-0 -0 -0 0.035542 0 0 0 0 0 0 0 0.028751 -0.01627 0.01311 0 0
-0 -0 -0 0.0029565 0 0 0 0 0 0 0 0.0023916 -0.0013534 0.0010906 0 0
0 0 0 0.095859 0 0 0 0 0 0 0 0.077544 -0.043882 0.035359 0 0
-0 -0 -0 0.031757 0 0 0 0 0 0 0 0.02569 -0.014538 0.011714 0 0
0 0 0 0.1275 0 0 0 0 0 0 0 0.10314 -0.058366 0.047031 0 0
-0 -0 -0 0.10921 0 0 0 0 0 0 0 0.088341 -0.049992 0.040283 0 0
-0 -0 -0 0.18044 0 0 0 0 0 0 0 0.14596 -0.082599 0.066558 0 0
0 0 0 0.11863 0 0 0 0 0 0 0 0.095961 -0.054304 0.043758 0 0
-0 -0 -0 0.12418 0 0 0 0 0 0 0 0.10045 -0.056847 0.045807 0 0
-0 -0 -0 0.040772 0 0 0 0 0 0 0 0.032982 -0.018664 0.01504 0 0
0 0 0 0.075315 0 0 0 0 0 0 0 0.060925 -0.034477 0.027781 0 0
0 0 0 0.12799 0 0 0 0 0 0 0 0.10354 -0.058591 0.047212 0 0
0 0 0 0.14719 0 0 0 0 0 0 0 0.11907 -0.06738 0.054294 0 0
0 0 0 0.19249 0 0 0 0 0 0 0 0.15571 -0.088115 0.071002 0 0
0 0 0 0.1288 0 0 0 0 0 0 0 0.10419 -0.058961 0.04751 0 0
-0 -0 -0 0.060827 0 0 0 0 0 0 0 0.049205 -0.027845 0.022437 0 0
-0 -0 -0 0.099615 0 0 0 0 0 0 0 0.080582 -0.045601 0.036745 0 0
0 0 0 0.15348 0 0 0 0 0 0 0 0.12416 -0.070259 0.056614 0 0
-0 -0 -0 0.18559 0 0 0 0 0 0 0 0.15013 -0.084957 0.068458 0 0
0 0 0 0.18971 0 0 0 0 0 0 0 0.15347 -0.086846 0.06998 0 0
0 0 0 0.14273 0 0 0 0 0 0 0 0.11546 -0.065338 0.052648 0 0
0 0 0 0.071264 0 0 0 0 0 0 0 0.057648 -0.032623 0.026287 0 0
0 0 0 0.13419 0 0 0 0 0 0 0 0.10855 -0.06143 0.0495 0 0
