0 0 0.28032 0 0 0 0 0 0 0 0 0 0 -0.090691 0.055858 0.25929 0.0028536 0.04107 -0.0078492 0 0
0 0 0.11791 0 0 0 0 0 0 0 0 0 0 -0.038148 0.023496 0.10907 0.0025528 0.017262 -0.0028257 0 0
0 0 0.024695 0 0 0 0 0 0 0 0 0 0 -0.0079897 0.0049209 0.022843 0.00069576 0.0035992 -0.00053199 0 0
0 0 0.20764 0 0 0 0 0 0 0 0 0 0 -0.067179 0.041376 0.19207 0.0031815 0.030444 -0.0054456 0 0
-0 -0 -0.28406 0 0 0 0 0 0 0 0 0 0 0.091902 -0.056603 -0.26276 -0.013937 -0.03994 0.0037293 0 0
-0 -0 -0.10447 0 0 0 0 0 0 0 0 0 0 0.0338 -0.020818 -0.096636 -0.0038734 -0.015059 0.0018893 0 0
-0 -0 -0.05681 0 0 0 0 0 0 0 0 0 0 0.01838 -0.01132 -0.052549 -0.001921 -0.0082277 0.0011005 0 0
-0 -0 -0.20143 0 0 0 0 0 0 0 0 0 0 0.065167 -0.040137 -0.18632 -0.0087852 -0.028687 0.0031072 0 0
-0 -0 -0.10063 0 0 0 0 0 0 0 0 0 0 0.032556 -0.020052 -0.09308 -0.0037046 -0.014511 0.0018303 0 0
-0 -0 -0.34445 0 0 0 0 0 0 0 0 0 0 0.11144 -0.068637 -0.31861 -0.018243 -0.047905 0.0039391 0 0
-0 -0 -0.30262 0 0 0 0 0 0 0 0 0 0 0.097906 -0.060302 -0.27992 -0.015213 -0.042413 0.0038159 0 0
0 0 0.24834 0 0 0 0 0 0 0 0 0 0 -0.080347 0.049486 0.22972 0.0030902 0.036405 -0.0067616 0 0
-0 -0 -0.25475 0 0 0 0 0 0 0 0 0 0 0.082418 -0.050762 -0.23564 -0.01201 -0.035992 0.0035528 0 0
0 0 0.14206 0 0 0 0 0 0 0 0 0 0 -0.04596 0.028307 0.1314 0.0028342 0.020811 -0.0034918 0 0
0 0 0.027008 0 0 0 0 0 0 0 0 0 0 -0.0087378 0.0053817 0.024982 0.00075656 0.0039368 -0.00058345 0 0
-0 -0 -0.088774 0 0 0 0 0 0 0 0 0 0 0.028721 -0.01769 -0.082116 -0.0031963 -0.012817 0.0016432 0 0
0 0 0.31217 0 0 0 0 0 0 0 0 0 0 -0.101 0.062205 0.28876 0.002474 0.045696 -0.0089787 0 0
-0 -0 -0.007935 0 0 0 0 0 0 0 0 0 0 0.0025672 -0.0015812 -0.0073399 -0.00024154 -0.0011539 0.00016409 0 0
0 0 0.30894 0 0 0 0 0 0 0 0 0 0 -0.099951 0.061561 0.28577 0.0025191 0.045228 -0.008862 0 0
0 0 0.22307 0 0 0 0 0 0 0 0 0 0 -0.072171 0.044451 0.20634 0.0031745 0.032706 -0.0059353 0 0
-0 -0 -0.067573 0 0 0 0 0 0 0 0 0 0 0.021862 -0.013465 -0.062505 -0.0023349 -0.0097767 0.0012895 0 0
-0 -0 -0.092749 0 0 0 0 0 0 0 0 0 0 0.030007 -0.018482 -0.085792 -0.0033646 -0.013386 0.0017068 0 0
0 0 0.19486 0 0 0 0 0 0 0 0 0 0 -0.063042 0.038829 0.18024 0.0031617 0.028568 -0.0050484 0 0
0 0 0.25633 0 0 0 0 0 0 0 0 0 0 -0.08293 0.051078 0.23711 0.0030446 0.037572 -0.0070288 0 0
-0 -0 -0.33971 0 0 0 0 0 0 0 0 0 0 0.1099 -0.067691 -0.31423 -0.017889 -0.047288 0.0039301 0 0
-0 -0 -0.061917 0 0 0 0 0 0 0 0 0 0 0.020032 -0.012338 -0.057273 -0.0021154 -0.0089632 0.001191 0 0
-0 -0 -0.19147 0 0 0 0 0 0 0 0 0 0 0.061945 -0.038152 -0.1771 -0.0082234 -0.027307 0.0030062 0 0
-0 -0 -0.15961 0 0 0 0 0 0 0 0 0 0 0.051637 -0.031804 -0.14764 -0.0065139 -0.022859 0.002646 0 0
0 0 0.16096 0 0 0 0 0 0 0 0 0 0 -0.052074 0.032073 0.14888 0.0029968 0.023588 -0.0040332 0 0
0 0 0.27648 0 0 0 0 0 0 0 0 0 0 -0.089448 0.055092 0.25574 0.0028897 0.04051 -0.0077161 0 0
-0 -0 -0.16391 0 0 0 0 0 0 0 0 0 0 0.053029 -0.032661 -0.15161 -0.0067368 -0.023462 0.0026979 0 0
0 0 0.034861 0 0 0 0 0 0 0 0 0 0 -0.011278 0.0069466 0.032246 0.00095747 0.0050839 -0.0007603 0 0
0 0 0.086009 0 0 0 0 0 0 0 0 0 0 -0.027827 0.017139 0.079559 0.0020547 0.012576 -0.0019905 0 0
0 0 0.12398 0 0 0 0 0 0 0 0 0 0 -0.040112 0.024706 0.11468 0.0026313 0.018154 -0.0029904 0 0
-0 -0 -0.10135 0 0 0 0 0 0 0 0 0 0 0.03279 -0.020196 -0.093749 -0.0037362 -0.014614 0.0018414 0 0
-0 -0 -0.11814 0 0 0 0 0 0 0 0 0 0 0.038222 -0.023541 -0.10928 -0.0044902 -0.017004 0.0020925 0 0
0 0 0.13197 0 0 0 0 0 0 0 0 0 0 -0.042695 0.026296 0.12207 0.0027266 0.019327 -0.0032098 0 0
-0 -0 -0.11081 0 0 0 0 0 0 0 0 0 0 0.03585 -0.022081 -0.1025 -0.0041563 -0.015962 0.0019848 0 0
-0 -0 -0.19177 0 0 0 0 0 0 0 0 0 0 0.062044 -0.038213 -0.17739 -0.0082405 -0.027349 0.0030094 0 0
0 0 0.31366 0 0 0 0 0 0 0 0 0 0 -0.10148 0.062501 0.29013 0.0024528 0.045912 -0.0090325 0 0
-0 -0 -0.11209 0 0 0 0 0 0 0 0 0 0 0.036264 -0.022335 -0.10368 -0.0042139 -0.016144 0.0020038 0 0
0 0 0.29969 0 0 0 0 0 0 0 0 0 0 -0.096957 0.059717 0.27721 0.0026399 0.043886 -0.0085306 0 0
0 0 0.30693 0 0 0 0 0 0 0 0 0 0 -0.099302 0.061161 0.28391 0.0025463 0.044937 -0.0087899 0 0
0 0 0.29759 0 0 0 0 0 0 0 0 0 0 -0.096279 0.0593 0.27527 0.0026656 0.043581 -0.0084561 0 0
0 0 0.31578 0 0 0 0 0 0 0 0 0 0 -0.10217 0.062925 0.2921 0.0024219 0.04622 -0.0091096 0 0
-0 -0 -0.068615 0 0 0 0 0 0 0 0 0 0 0.022199 -0.013673 -0.063469 -0.0023758 -0.0099265 0.0013074 0 0
0 0 0.12383 0 0 0 0 0 0 0 0 0 0 -0.040064 0.024676 0.11455 0.0026294 0.018132 -0.0029863 0 0
-0 -0 -0.29054 0 0 0 0 0 0 0 0 0 0 0.094 -0.057895 -0.26875 -0.014378 -0.040806 0.0037618 0 0
-0 -0 -0.047149 0 0 0 0 0 0 0 0 0 0 0.015254 -0.0093952 -0.043613 -0.0015629 -0.0068344 0.00092563 0 0
0 0 0.1161 0 0 0 0 0 0 0 0 0 0 -0.037563 0.023136 0.1074 0.0025284 0.016996 -0.002777 0 0
-0 -0 -0.045077 0 0 0 0 0 0 0 0 0 0 0.014584 -0.0089823 -0.041696 -0.0014878 -0.0065353 0.00088746 0 0
0 0 0.14805 0 0 0 0 0 0 0 0 0 0 -0.047897 0.0295 0.13694 0.0028912 0.021691 -0.0036614 0 0
0 0 0.12784 0 0 0 0 0 0 0 0 0 0 -0.041361 0.025474 0.11825 0.0026785 0.018721 -0.0030961 0 0
0 0 0.3394 0 0 0 0 0 0 0 0 0 0 -0.10981 0.067631 0.31395 0.0020359 0.049632 -0.0099798 0 0
-0 -0 -0.086805 0 0 0 0 0 0 0 0 0 0 0.028084 -0.017297 -0.080294 -0.0031137 -0.012536 0.0016114 0 0
-0 -0 -0.24047 0 0 0 0 0 0 0 0 0 0 0.0778 -0.047918 -0.22244 -0.011111 -0.034052 0.0034492 0 0
0 0 0.14958 0 0 0 0 0 0 0 0 0 0 -0.048394 0.029807 0.13836 0.002905 0.021916 -0.0037052 0 0
0 0 0.023751 0 0 0 0 0 0 0 0 0 0 -0.0076841 0.0047328 0.02197 0.00067071 0.0034613 -0.00051106 0 0
-0 -0 -0.14218 0 0 0 0 0 0 0 0 0 0 0.045998 -0.028331 -0.13151 -0.0056354 -0.020406 0.002425 0 0
0 0 0.29512 0 0 0 0 0 0 0 0 0 0 -0.095481 0.058808 0.27299 0.002695 0.043223 -0.0083686 0 0
-0 -0 -0.29314 0 0 0 0 0 0 0 0 0 0 0.09484 -0.058413 -0.27116 -0.014556 -0.041153 0.0037741 0 0
0 0 0.27762 0 0 0 0 0 0 0 0 0 0 -0.089817 0.05532 0.2568 0.0028792 0.040676 -0.0077556 0 0
0 0 0.23507 0 0 0 0 0 0 0 0 0 0 -0.076051 0.046841 0.21744 0.0031458 0.034463 -0.0063238 0 0
0 0 0.19587 0 0 0 0 0 0 0 0 0 0 -0.063371 0.039031 0.18118 0.0031641 0.028717 -0.0050796 0 0
-0 -0 -0.087587 0 0 0 0 0 0 0 0 0 0 0.028337 -0.017453 -0.081018 -0.0031465 -0.012648 0.001624 0 0
-0 -0 -0.070435 0 0 0 0 0 0 0 0 0 0 0.022788 -0.014035 -0.065152 -0.0024476 -0.010188 0.0013387 0 0
0 0 0.092605 0 0 0 0 0 0 0 0 0 0 -0.02996 0.018453 0.08566 0.0021695 0.013544 -0.0021589 0 0
0 0 0.26107 0 0 0 0 0 0 0 0 0 0 -0.084462 0.052021 0.24148 0.0030134 0.038263 -0.0071887 0 0
-0 -0 -0.27507 0 0 0 0 0 0 0 0 0 0 0.088992 -0.054811 -0.25444 -0.013334 -0.038734 0.0036803 0 0
0 0 0.0088179 0 0 0 0 0 0 0 0 0 0 -0.0028528 0.0017571 0.0081565 0.00025817 0.0012838 -0.00018626 0 0
-0 -0 -0.096902 0 0 0 0 0 0 0 0 0 0 0.031351 -0.019309 -0.089634 -0.0035428 -0.013979 0.0017723 0 0
0 0 0.019008 0 0 0 0 0 0 0 0 0 0 -0.0061498 0.0037877 0.017583 0.00054306 0.0027693 -0.00040663 0 0
0 0 0.1193 0 0 0 0 0 0 0 0 0 0 -0.038598 0.023773 0.11036 0.0025712 0.017466 -0.0028633 0 0
-0 -0 -0.069827 0 0 0 0 0 0 0 0 0 0 0.022591 -0.013914 -0.06459 -0.0024235 -0.010101 0.0013282 0 0
0 0 0.28824 0 0 0 0 0 0 0 0 0 0 -0.093255 0.057437 0.26663 0.0027726 0.042223 -0.008126 0 0
0 0 0.040325 0 0 0 0 0 0 0 0 0 0 -0.013046 0.0080354 0.037301 0.0010922 0.0058827 -0.00088526 0 0
0 0 0.17463 0 0 0 0 0 0 0 0 0 0 -0.056499 0.034798 0.16154 0.0030829 0.025598 -0.0044361 0 0
0 0 0.10596 0 0 0 0 0 0 0 0 0 0 -0.034281 0.021114 0.098011 0.002383 0.015505 -0.0025067 0 0
0 0 0.23232 0 0 0 0 0 0 0 0 0 0 -0.075162 0.046293 0.2149 0.0031542 0.03406 -0.0062342 0 0
0 0 0.11279 0 0 0 0 0 0 0 0 0 0 -0.036492 0.022476 0.10433 0.0024826 0.016509 -0.0026882 0 0
-0 -0 -0.076134 0 0 0 0 0 0 0 0 0 0 0.024632 -0.015171 -0.070424 -0.0026754 -0.011006 0.0014353 0 0
-0 -0 -0.16125 0 0 0 0 0 0 0 0 0 0 0.052168 -0.032131 -0.14915 -0.0065987 -0.023089 0.0026659 0 0
0 0 0.2498 0 0 0 0 0 0 0 0 0 0 -0.080819 0.049777 0.23107 0.0030825 0.036618 -0.0068102 0 0
-0 -0 -0.04416 0 0 0 0 0 0 0 0 0 0 0.014287 -0.0087995 -0.040848 -0.0014548 -0.0064028 0.00087048 0 0
-0 -0 -0.28006 0 0 0 0 0 0 0 0 0 0 0.090606 -0.055805 -0.25905 -0.013667 -0.039404 0.0037081 0 0
0 0 0.076858 0 0 0 0 0 0 0 0 0 0 -0.024866 0.015315 0.071093 0.0018854 0.011233 -0.0017605 0 0
-0 -0 -0.069143 0 0 0 0 0 0 0 0 0 0 0.02237 -0.013778 -0.063957 -0.0023965 -0.010002 0.0013165 0 0
-0 -0 -0.27368 0 0 0 0 0 0 0 0 0 0 0.088544 -0.054535 -0.25315 -0.013242 -0.038548 0.0036724 0 0
0 0 0.013925 0 0 0 0 0 0 0 0 0 0 -0.0045051 0.0027747 0.01288 0.00040275 0.002028 -0.00029602 0 0
-0 -0 -0.11646 0 0 0 0 0 0 0 0 0 0 0.037679 -0.023207 -0.10773 -0.0044131 -0.016766 0.0020681 0 0
-0 -0 -0.31379 0 0 0 0 0 0 0 0 0 0 0.10152 -0.062527 -0.29025 -0.016001 -0.04389 0.0038585 0 0
0 0 0.19199 0 0 0 0 0 0 0 0 0 0 -0.062113 0.038256 0.17759 0.003154 0.028146 -0.0049602 0 0
-0 -0 -0.25831 0 0 0 0 0 0 0 0 0 0 0.08357 -0.051472 -0.23893 -0.012238 -0.036474 0.0035768 0 0
0 0 0.25796 0 0 0 0 0 0 0 0 0 0 -0.083459 0.051403 0.23862 0.0030342 0.03781 -0.0070839 0 0
0 0 0.2011 0 0 0 0 0 0 0 0 0 0 -0.065062 0.040073 0.18602 0.0031742 0.029484 -0.0052414 0 0
-0 -0 -0.098596 0 0 0 0 0 0 0 0 0 0 0.031899 -0.019647 -0.091201 -0.0036161 -0.014221 0.0017987 0 0
0 0 0.20469 0 0 0 0 0 0 0 0 0 0 -0.066224 0.040788 0.18934 0.003179 0.030011 -0.0053533 0 0
0 0 0.044365 0 0 0 0 0 0 0 0 0 0 -0.014353 0.0088403 0.041037 0.0011891 0.0064735 -0.00097864 0 0
0 0 0.29668 0 0 0 0 0 0 0 0 0 0 -0.095985 0.059118 0.27443 0.0026765 0.043449 -0.0084238 0 0
-0 -0 -0.23445 0 0 0 0 0 0 0 0 0 0 0.075852 -0.046718 -0.21687 -0.01074 -0.03323 0.0034021 0 0
