-0 -0 -0 0.0090829 0 0 0 0 0 0 0 0.0073475 -0.0041579 0.0033504 0 0
0 0 0 0.062129 0 0 0 0 0 0 0 0.050258 -0.028441 0.022917 0 0
-0 -0 -0 0.031059 0 0 0 0 0 0 0 0.025125 -0.014218 0.011457 0 0
-0 -0 -0 0.0050429 0 0 0 0 0 0 0 0.0040794 -0.0023085 0.0018602 0 0
-0 -0 -0 0.064758 0 0 0 0 0 0 0 0.052385 -0.029644 0.023887 0 0
-0 -0 -0 0.19247 0 0 0 0 0 0 0 0.1557 -0.088109 0.070998 0 0
0 0 0 0.11205 0 0 0 0 0 0 0 0.090638 -0.051292 0.04133 0 0
-0 -0 -0 0.05164 0 0 0 0 0 0 0 0.041773 -0.023639 0.019048 0 0
-0 -0 -0 0.0098223 0 0 0 0 0 0 0 0.0079456 -0.0044964 0.0036231 0 0
0 0 0 0.033727 0 0 0 0 0 0 0 0.027283 -0.015439 0.012441 0 0
-0 -0 -0 0.1635 0 0 0 0 0 0 0 0.13226 -0.074847 0.060311 0 0
0 0 0 0.04516 0 0 0 0 0 0 0 0.036531 -0.020673 0.016658 0 0
0 0 0 0.090659 0 0 0 0 0 0 0 0.073337 -0.041501 0.033441 0 0
0 0 0 0.073803 0 0 0 0 0 0 0 0.059702 -0.033785 0.027224 0 0
-0 -0 -0 0.067872 0 0 0 0 0 0 0 0.054904 -0.03107 0.025036 0 0
0 0 0 0.12784 0 0 0 0 0 0 0 0.10341 -0.05852 0.047155 0 0
0 0 0 0.037827 0 0 0 0 0 0 0 0.030599 -0.017316 0.013953 0 0
-0 -0 -0 0.19237 0 0 0 0 0 0 0 0.15561 -0.08806 0.070958 0 0
0 0 0 0.17865 0 0 0 0 0 0 0 0.14452 -0.081782 0.065899 0 0
-0 -0 -0 0.19275 0 0 0 0 0 0 0 0.15592 -0.088236 0.0711 0 0
-0 -0 -0 0.16344 0 0 0 0 0 0 0 0.13221 -0.07482 0.060289 0 0
-0 -0 -0 0.037229 0 0 0 0 0 0 0 0.030116 -0.017043 0.013733 0 0
-0 -0 -0 0.029943 0 0 0 0 0 0 0 0.024222 -0.013707 0.011045 0 0
0 0 0 0.080569 0 0 0 0 0 0 0 0.065175 -0.036882 0.029719 0 0
0 0 0 0.068435 0 0 0 0 0 0 0 0.055359 -0.031328 0.025244 0 0
0 0 0 0.088677 0 0 0 0 0 0 0 0.071734 -0.040594 0.03271 0 0
-0 -0 -0 0.078597 0 0 0 0 0 0 0 0.06358 -0.03598 0.028992 0 0
-0 -0 -0 0.0095545 0 0 0 0 0 0 0 0.007729 -0.0043738 0.0035244 0 0
-0 -0 -0 0.038939 0 0 0 0 0 0 0 0.031499 -0.017825 0.014363 0 0
-0 -0 -0 0.15762 0 0 0 0 0 0 0 0.1275 -0.072152 0.05814 0 0
-0 -0 -0 0.025219 0 0 0 0 0 0 0 0.0204 -0.011544 0.0093025 0 0
0 0 0 0.19189 0 0 0 0 0 0 0 0.15523 -0.087844 0.070784 0 0
0 0 0 0.16497 0 0 0 0 0 0 0 0.13345 -0.075519 0.060852 0 0
0 0 0 0.015008 0 0 0 0 0 0 0 0.01214 -0.0068702 0.005536 0 0
0 0 0 0.10084 0 0 0 0 0 0 0 0.081577 -0.046164 0.037198 0 0
-0 -0 -0 0.015919 0 0 0 0 0 0 0 0.012877 -0.0072873 0.005872 0 0
-0 -0 -0 0.0025901 0 0 0 0 0 0 0 0.0020952 -0.0011857 0.00095541 0 0
0 0 0 0.11295 0 0 0 0 0 0 0 0.091369 -0.051705 0.041664 0 0
0 0 0 0.17299 0 0 0 0 0 0 0 0.13994 -0.07919 0.063811 0 0
0 0 0 0.016185 0 0 0 0 0 0 0 0.013093 -0.0074093 0.0059703 0 0
-0 -0 -0 0.069108 0 0 0 0 0 0 0 0.055904 -0.031636 0.025492 0 0
0 0 0 0.039176 0 0 0 0 0 0 0 0.031691 -0.017934 0.014451 0 0
-0 -0 -0 0.12027 0 0 0 0 0 0 0 0.09729 -0.055056 0.044364 0 0
-0 -0 -0 0.13592 0 0 0 0 0 0 0 0.10995 -0.06222 0.050137 0 0
0 0 0 0.18543 0 0 0 0 0 0 0 0.15 -0.084885 0.068399 0 0
-0 -0 -0 0.010827 0 0 0 0 0 0 0 0.008758 -0.0049561 0.0039936 0 0
0 0 0 0.056578 0 0 0 0 0 0 0 0.045768 -0.0259 0.02087 0 0
-0 -0 -0 0.10479 0 0 0 0 0 0 0 0.084772 -0.047972 0.038656 0 0
-0 -0 -0 0.15937 0 0 0 0 0 0 0 0.12892 -0.072955 0.058786 0 0
-0 -0 -0 0.10574 0 0 0 0 0 0 0 0.08554 -0.048407 0.039006 0 0
0 0 0 0.13827 0 0 0 0 0 0 0 0.11185 -0.063294 0.051002 0 0
-0 -0 -0 0.12974 0 0 0 0 0 0 0 0.10495 -0.059391 0.047857 0 0
-0 -0 -0 0.050682 0 0 0 0 0 0 0 0.040998 -0.023201 0.018695 0 0
0 0 0 0.19921 0 0 0 0 0 0 0 0.16114 -0.091191 0.073481 0 0
0 0 0 0.008734 0 0 0 0 0 0 0 0.0070652 -0.0039982 0.0032217 0 0
-0 -0 -0 0.10785 0 0 0 0 0 0 0 0.087242 -0.04937 0.039782 0 0
-0 -0 -0 0.16688 0 0 0 0 0 0 0 0.135 -0.076394 0.061557 0 0
-0 -0 -0 0.19468 0 0 0 0 0 0 0 0.15748 -0.089118 0.07181 0 0
-0 -0 -0 0.098344 0 0 0 0 0 0 0 0.079554 -0.045019 0.036276 0 0
0 0 0 0.034534 0 0 0 0 0 0 0 0.027936 -0.015809 0.012739 0 0
-0 -0 -0 0.029979 0 0 0 0 0 0 0 0.024251 -0.013724 0.011058 0 0
0 0 0 0.14133 0 0 0 0 0 0 0 0.11432 -0.064696 0.052131 0 0
-0 -0 -0 0.081434 0 0 0 0 0 0 0 0.065875 -0.037278 0.030039 0 0
0 0 0 0.0051878 0 0 0 0 0 0 0 0.0041966 -0.0023748 0.0019136 0 0
0 0 0 0.048722 0 0 0 0 0 0 0 0.039413 -0.022304 0.017972 0 0
0 0 0 0.0618 0 0 0 0 0 0 0 0.049992 -0.02829 0.022796 0 0
-0 -0 -0 0.02017 0 0 0 0 0 0 0 0.016316 -0.0092334 0.0074402 0 0
0 0 0 0.06144 0 0 0 0 0 0 0 0.049701 -0.028126 0.022664 0 0
-0 -0 -0 0.040083 0 0 0 0 0 0 0 0.032425 -0.018349 0.014786 0 0
-0 -0 -0 0.16612 0 0 0 0 0 0 0 0.13438 -0.076045 0.061276 0 0
-0 -0 -0 0.04562 0 0 0 0 0 0 0 0.036903 -0.020883 0.016828 0 0
-0 -0 -0 0.041826 0 0 0 0 0 0 0 0.033834 -0.019147 0.015428 0 0
-0 -0 -0 0.00071168 0 0 0 0 0 0 0 0.0005757 -0.00032579 0.00026252 0 0
-0 -0 -0 0.10775 0 0 0 0 0 0 0 0.087163 -0.049325 0.039746 0 0
-0 -0 -0 0.032962 0 0 0 0 0 0 0 0.026664 -0.015089 0.012159 0 0
0 0 0 0.19959 0 0 0 0 0 0 0 0.16146 -0.091368 0.073624 0 0
0 0 0 0.07569 0 0 0 0 0 0 0 0.061228 -0.034649 0.02792 0 0
0 0 0 0.1217 0 0 0 0 0 0 0 0.098447 -0.055711 0.044891 0 0
0 0 0 0.086587 0 0 0 0 0 0 0 0.070043 -0.039637 0.031939 0 0
0 0 0 0.10459 0 0 0 0 0 0 0 0.08461 -0.04788 0.038581 0 0
0 0 0 0.095524 0 0 0 0 0 0 0 0.077272 -0.043728 0.035236 0 0
-0 -0 -0 0.14401 0 0 0 0 0 0 0 0.11649 -0.065923 0.05312 0 0
-0 -0 -0 0.13771 0 0 0 0 0 0 0 0.1114 -0.063038 0.050796 0 0
0 0 0 0.061959 0 0 0 0 0 0 0 0.050121 -0.028363 0.022855 0 0
-0 -0 -0 0.15425 0 0 0 0 0 0 0 0.12478 -0.07061 0.056897 0 0
0 0 0 0.17854 0 0 0 0 0 0 0 0.14443 -0.08173 0.065858 0 0
-0 -0 -0 0.020012 0 0 0 0 0 0 0 0.016189 -0.009161 0.0073819 0 0
-0 -0 -0 0.11741 0 0 0 0 0 0 0 0.094981 -0.053749 0.043311 0 0
-0 -0 -0 0.11094 0 0 0 0 0 0 0 0.089739 -0.050783 0.040921 0 0
-0 -0 -0 0.10557 0 0 0 0 0 0 0 0.085397 -0.048326 0.038941 0 0
-0 -0 -0 0.18343 0 0 0 0 0 0 0 0.14838 -0.083969 0.067661 0 0
-0 -0 -0 0.17258 0 0 0 0 0 0 0 0.1396 -0.079001 0.063658 0 0
-0 -0 -0 0.037788 0 0 0 0 0 0 0 0.030568 -0.017298 0.013939 0 0
0 0 0 0.059728 0 0 0 0 0 0 0 0.048316 -0.027342 0.022032 0 0
-0 -0 -0 0.0298 0 0 0 0 0 0 0 0.024107 -0.013642 0.010992 0 0
-0 -0 -0 0.10841 0 0 0 0 0 0 0 0.087699 -0.049629 0.03999 0 0
-0 -0 -0 0.052152 0 0 0 0 0 0 0 0.042187 -0.023874 0.019237 0 0
-0 -0 -0 0.15343 0 0 0 0 0 0 0 0.12411 -0.070235 0.056595 0 0
0 0 0 0.1716 0 0 0 0 0 0 0 0.13881 -0.078553 0.063297 0 0
0 0 0 0.12497 0 0 0 0 0 0 0 0.10109 -0.057209 0.046099 0 0
