0 0 0 0.041123 0 0 0 0 -0 -0 0 0.038649 0.0012368 0.013993 0 0
0 0 0 0.11181 0 0 0 0 -0 -0 0 0.10509 0.003363 0.038047 0 0
-0 -0 -0 0.19484 0 0 0 0 -0 -0 0 0.18312 0.0058604 0.0663 0 0
-0 -0 -0 0.13715 0 0 0 0 -0 -0 0 0.1289 0.004125 0.046668 0 0
-0 -0 -0 0.13949 0 0 0 0 -0 -0 0 0.1311 0.0041954 0.047464 0 0
-0 -0 -0 0.14932 0 0 0 0 -0 -0 0 0.14034 0.0044912 0.050811 0 0
0 0 0 0.11288 0 0 0 0 -0 -0 0 0.10609 0.0033952 0.038411 0 0
0 0 0 0.11086 0 0 0 0 -0 -0 0 0.10419 0.0033344 0.037723 0 0
-0 -0 -0 0.18769 0 0 0 0 -0 -0 0 0.1764 0.005645 0.063864 0 0
-0 -0 -0 0.14075 0 0 0 0 -0 -0 0 0.13229 0.0042335 0.047895 0 0
-0 -0 -0 0.080564 0 0 0 0 -0 -0 0 0.075718 0.0024231 0.027414 0 0
0 0 0 0.031345 0 0 0 0 -0 -0 0 0.02946 0.00094278 0.010666 0 0
-0 -0 -0 0.019977 0 0 0 0 -0 -0 0 0.018775 0.00060085 0.0067976 0 0
0 0 0 0.054911 0 0 0 0 -0 -0 0 0.051607 0.0016515 0.018685 0 0
0 0 0 0.13817 0 0 0 0 -0 -0 0 0.12986 0.0041557 0.047015 0 0
-0 -0 -0 0.049685 0 0 0 0 -0 -0 0 0.046696 0.0014944 0.016906 0 0
0 0 0 0.093813 0 0 0 0 -0 -0 0 0.088169 0.0028216 0.031922 0 0
0 0 0 0.055269 0 0 0 0 -0 -0 0 0.051945 0.0016623 0.018807 0 0
-0 -0 -0 0.0070434 0 0 0 0 -0 -0 0 0.0066197 0.00021184 0.0023967 0 0
0 0 0 0.032216 0 0 0 0 -0 -0 0 0.030278 0.00096897 0.010962 0 0
0 0 0 0.10388 0 0 0 0 -0 -0 0 0.09763 0.0031244 0.035347 0 0
-0 -0 -0 0.16671 0 0 0 0 -0 -0 0 0.15668 0.0050141 0.056727 0 0
-0 -0 -0 0.093626 0 0 0 0 -0 -0 0 0.087994 0.002816 0.031858 0 0
-0 -0 -0 0.094774 0 0 0 0 -0 -0 0 0.089073 0.0028505 0.032249 0 0
0 0 0 0.07539 0 0 0 0 -0 -0 0 0.070855 0.0022675 0.025653 0 0
0 0 0 0.11976 0 0 0 0 -0 -0 0 0.11256 0.0036021 0.040752 0 0
-0 -0 -0 0.094707 0 0 0 0 -0 -0 0 0.08901 0.0028485 0.032226 0 0
0 0 0 0.053227 0 0 0 0 -0 -0 0 0.050025 0.0016009 0.018112 0 0
-0 -0 -0 0.13129 0 0 0 0 -0 -0 0 0.12339 0.0039488 0.044674 0 0
-0 -0 -0 0.1913 0 0 0 0 -0 -0 0 0.17979 0.0057538 0.065094 0 0
0 0 0 0.063017 0 0 0 0 -0 -0 0 0.059226 0.0018954 0.021443 0 0
0 0 0 0.11649 0 0 0 0 -0 -0 0 0.10948 0.0035037 0.039638 0 0
-0 -0 -0 0.19049 0 0 0 0 -0 -0 0 0.17903 0.0057295 0.06482 0 0
0 0 0 0.046642 0 0 0 0 -0 -0 0 0.043836 0.0014028 0.015871 0 0
-0 -0 -0 0.11919 0 0 0 0 -0 -0 0 0.11202 0.0035849 0.040557 0 0
-0 -0 -0 0.17098 0 0 0 0 -0 -0 0 0.16069 0.0051424 0.058178 0 0
0 0 0 0.092304 0 0 0 0 -0 -0 0 0.086751 0.0027762 0.031408 0 0
0 0 0 0.037615 0 0 0 0 -0 -0 0 0.035352 0.0011313 0.012799 0 0
-0 -0 -0 0.16769 0 0 0 0 -0 -0 0 0.1576 0.0050437 0.057061 0 0
0 0 0 0.18122 0 0 0 0 -0 -0 0 0.17032 0.0054506 0.061664 0 0
0 0 0 0.050117 0 0 0 0 -0 -0 0 0.047102 0.0015074 0.017053 0 0
0 0 0 0.16602 0 0 0 0 -0 -0 0 0.15603 0.0049934 0.056492 0 0
0 0 0 0.045037 0 0 0 0 -0 -0 0 0.042328 0.0013546 0.015325 0 0
-0 -0 -0 0.0089431 0 0 0 0 -0 -0 0 0.0084051 0.00026898 0.0030431 0 0
0 0 0 0.10761 0 0 0 0 -0 -0 0 0.10114 0.0032366 0.036617 0 0
0 0 0 0.13918 0 0 0 0 -0 -0 0 0.1308 0.004186 0.047357 0 0
0 0 0 0.08911 0 0 0 0 -0 -0 0 0.08375 0.0026802 0.030322 0 0
0 0 0 0.13827 0 0 0 0 -0 -0 0 0.12995 0.0041586 0.047048 0 0
-0 -0 -0 0.0083547 0 0 0 0 -0 -0 0 0.0078522 0.00025129 0.0028429 0 0
0 0 0 0.16413 0 0 0 0 -0 -0 0 0.15426 0.0049367 0.05585 0 0
-0 -0 -0 0.070231 0 0 0 0 -0 -0 0 0.066006 0.0021123 0.023897 0 0
0 0 0 0.11769 0 0 0 0 -0 -0 0 0.11061 0.0035397 0.040046 0 0
0 0 0 0.075002 0 0 0 0 -0 -0 0 0.070491 0.0022559 0.025521 0 0
0 0 0 0.050138 0 0 0 0 -0 -0 0 0.047122 0.001508 0.017061 0 0
0 0 0 0.16779 0 0 0 0 -0 -0 0 0.15769 0.0050466 0.057093 0 0
-0 -0 -0 0.053027 0 0 0 0 -0 -0 0 0.049837 0.0015949 0.018044 0 0
0 0 0 0.16393 0 0 0 0 -0 -0 0 0.15407 0.0049306 0.055782 0 0
0 0 0 0.18691 0 0 0 0 -0 -0 0 0.17566 0.0056216 0.063599 0 0
-0 -0 -0 0.062813 0 0 0 0 -0 -0 0 0.059034 0.0018892 0.021373 0 0
0 0 0 0.0060345 0 0 0 0 -0 -0 0 0.0056715 0.0001815 0.0020534 0 0
-0 -0 -0 0.15874 0 0 0 0 -0 -0 0 0.14919 0.0047745 0.054015 0 0
-0 -0 -0 0.014252 0 0 0 0 -0 -0 0 0.013394 0.00042865 0.0048495 0 0
-0 -0 -0 0.15238 0 0 0 0 -0 -0 0 0.14321 0.004583 0.05185 0 0
-0 -0 -0 0.077437 0 0 0 0 -0 -0 0 0.072779 0.0023291 0.02635 0 0
0 0 0 0.048293 0 0 0 0 -0 -0 0 0.045388 0.0014525 0.016433 0 0
-0 -0 -0 0.11418 0 0 0 0 -0 -0 0 0.10731 0.0034341 0.038851 0 0
-0 -0 -0 0.13835 0 0 0 0 -0 -0 0 0.13003 0.0041611 0.047076 0 0
-0 -0 -0 0.028272 0 0 0 0 -0 -0 0 0.026571 0.00085034 0.0096202 0 0
0 0 0 0.073806 0 0 0 0 -0 -0 0 0.069366 0.0022199 0.025114 0 0
0 0 0 0.11274 0 0 0 0 -0 -0 0 0.10596 0.003391 0.038363 0 0
-0 -0 -0 0.13619 0 0 0 0 -0 -0 0 0.128 0.0040963 0.046342 0 0
-0 -0 -0 0.017279 0 0 0 0 -0 -0 0 0.01624 0.0005197 0.0058796 0 0
0 0 0 0.0022501 0 0 0 0 -0 -0 0 0.0021148 6.7677e-05 0.00076565 0 0
0 0 0 0.12091 0 0 0 0 -0 -0 0 0.11364 0.0036366 0.041142 0 0
0 0 0 0.11472 0 0 0 0 -0 -0 0 0.10782 0.0034504 0.039036 0 0
0 0 0 0.18941 0 0 0 0 -0 -0 0 0.17802 0.005697 0.064452 0 0
-0 -0 -0 0.10859 0 0 0 0 -0 -0 0 0.10206 0.0032662 0.036951 0 0
-0 -0 -0 0.01084 0 0 0 0 -0 -0 0 0.010188 0.00032604 0.0036886 0 0
-0 -0 -0 0.0097089 0 0 0 0 -0 -0 0 0.0091249 0.00029202 0.0033037 0 0
0 0 0 0.02002 0 0 0 0 -0 -0 0 0.018816 0.00060216 0.0068124 0 0
0 0 0 0.0066267 0 0 0 0 -0 -0 0 0.006228 0.00019931 0.0022549 0 0
-0 -0 -0 0.19212 0 0 0 0 -0 -0 0 0.18056 0.0057783 0.065372 0 0
0 0 0 0.1916 0 0 0 0 -0 -0 0 0.18008 0.0057629 0.065197 0 0
0 0 0 0.13838 0 0 0 0 -0 -0 0 0.13005 0.0041619 0.047085 0 0
0 0 0 0.17531 0 0 0 0 -0 -0 0 0.16477 0.0052728 0.059653 0 0
0 0 0 0.031482 0 0 0 0 -0 -0 0 0.029588 0.00094688 0.010712 0 0
-0 -0 -0 0.018209 0 0 0 0 -0 -0 0 0.017113 0.00054766 0.0061959 0 0
-0 -0 -0 0.064793 0 0 0 0 -0 -0 0 0.060895 0.0019488 0.022047 0 0
-0 -0 -0 0.11836 0 0 0 0 -0 -0 0 0.11124 0.0035598 0.040273 0 0
-0 -0 -0 0.031761 0 0 0 0 -0 -0 0 0.029851 0.00095528 0.010807 0 0
-0 -0 -0 0.010058 0 0 0 0 -0 -0 0 0.0094529 0.00030251 0.0034224 0 0
-0 -0 -0 0.11024 0 0 0 0 -0 -0 0 0.10361 0.0033157 0.037512 0 0
0 0 0 0.17358 0 0 0 0 -0 -0 0 0.16314 0.0052209 0.059066 0 0
0 0 0 0.1821 0 0 0 0 -0 -0 0 0.17115 0.0054772 0.061965 0 0
0 0 0 0.168 0 0 0 0 -0 -0 0 0.15789 0.005053 0.057166 0 0
-0 -0 -0 0.16517 0 0 0 0 -0 -0 0 0.15524 0.004968 0.056204 0 0
0 0 0 0.16959 0 0 0 0 -0 -0 0 0.15939 0.0051007 0.057706 0 0
0 0 0 0.083596 0 0 0 0 -0 -0 0 0.078567 0.0025143 0.028445 0 0
0 0 0 0.16072 0 0 0 0 -0 -0 0 0.15105 0.0048339 0.054687 0 0
0 0 0 0.13855 0 0 0 0 -0 -0 0 0.13022 0.0041673 0.047146 0 0
