0 0 0 0.14676 0 0 0 0 0 0 0 0.13575 -0.020439 0.051884 0 0
-0 -0 -0 0.19786 0 0 0 0 0 0 0 0.18302 -0.027555 0.06995 0 0
-0 -0 -0 0.1212 0 0 0 0 0 0 0 0.11211 -0.016878 0.042847 0 0
-0 -0 -0 0.11419 0 0 0 0 0 0 0 0.10563 -0.015903 0.040371 0 0
0 0 0 0.12957 0 0 0 0 0 0 0 0.11985 -0.018045 0.045807 0 0
-0 -0 -0 0.17141 0 0 0 0 0 0 0 0.15855 -0.023871 0.060598 0 0
-0 -0 -0 0.15591 0 0 0 0 0 0 0 0.14421 -0.021712 0.055118 0 0
-0 -0 -0 0.07547 0 0 0 0 0 0 0 0.069809 -0.01051 0.026681 0 0
0 0 0 0.063239 0 0 0 0 0 0 0 0.058496 -0.008807 0.022357 0 0
0 0 0 0.1758 0 0 0 0 0 0 0 0.16261 -0.024482 0.06215 0 0
0 0 0 0.030734 0 0 0 0 0 0 0 0.028428 -0.0042801 0.010865 0 0
0 0 0 0.052699 0 0 0 0 0 0 0 0.048746 -0.0073391 0.018631 0 0
0 0 0 0.18807 0 0 0 0 0 0 0 0.17397 -0.026192 0.06649 0 0
-0 -0 -0 0.16362 0 0 0 0 0 0 0 0.15135 -0.022787 0.057846 0 0
0 0 0 0.0077201 0 0 0 0 0 0 0 0.0071411 -0.0010751 0.0027293 0 0
-0 -0 -0 0.14737 0 0 0 0 0 0 0 0.13631 -0.020523 0.052098 0 0
0 0 0 0.098536 0 0 0 0 0 0 0 0.091146 -0.013723 0.034835 0 0
0 0 0 0.17454 0 0 0 0 0 0 0 0.16145 -0.024307 0.061705 0 0
-0 -0 -0 0.048564 0 0 0 0 0 0 0 0.044922 -0.0067633 0.017169 0 0
-0 -0 -0 0.084701 0 0 0 0 0 0 0 0.078349 -0.011796 0.029944 0 0
0 0 0 0.044313 0 0 0 0 0 0 0 0.040989 -0.0061712 0.015666 0 0
-0 -0 -0 0.16369 0 0 0 0 0 0 0 0.15141 -0.022796 0.057869 0 0
0 0 0 0.17097 0 0 0 0 0 0 0 0.15815 -0.02381 0.060443 0 0
0 0 0 0.01344 0 0 0 0 0 0 0 0.012432 -0.0018717 0.0047514 0 0
-0 -0 -0 0.055784 0 0 0 0 0 0 0 0.0516 -0.0077688 0.019721 0 0
0 0 0 0.052381 0 0 0 0 0 0 0 0.048453 -0.0072948 0.018518 0 0
0 0 0 0.14979 0 0 0 0 0 0 0 0.13856 -0.020861 0.052957 0 0
0 0 0 0.12975 0 0 0 0 0 0 0 0.12002 -0.01807 0.045872 0 0
-0 -0 -0 0.15661 0 0 0 0 0 0 0 0.14486 -0.02181 0.055366 0 0
-0 -0 -0 0.0064279 0 0 0 0 0 0 0 0.0059458 -0.00089518 0.0022725 0 0
0 0 0 0.023919 0 0 0 0 0 0 0 0.022125 -0.003331 0.008456 0 0
0 0 0 0.077768 0 0 0 0 0 0 0 0.071936 -0.01083 0.027493 0 0
-0 -0 -0 0.17985 0 0 0 0 0 0 0 0.16636 -0.025047 0.063582 0 0
0 0 0 0.048533 0 0 0 0 0 0 0 0.044893 -0.0067589 0.017158 0 0
0 0 0 0.19864 0 0 0 0 0 0 0 0.18374 -0.027663 0.070225 0 0
0 0 0 0.026661 0 0 0 0 0 0 0 0.024661 -0.0037129 0.0094253 0 0
-0 -0 -0 0.028406 0 0 0 0 0 0 0 0.026276 -0.003956 0.010043 0 0
-0 -0 -0 0.18875 0 0 0 0 0 0 0 0.1746 -0.026286 0.06673 0 0
0 0 0 0.037492 0 0 0 0 0 0 0 0.03468 -0.0052213 0.013255 0 0
0 0 0 0.19364 0 0 0 0 0 0 0 0.17912 -0.026968 0.068459 0 0
-0 -0 -0 0.091482 0 0 0 0 0 0 0 0.08462 -0.01274 0.032341 0 0
0 0 0 0.098127 0 0 0 0 0 0 0 0.090767 -0.013666 0.034691 0 0
-0 -0 -0 0.14115 0 0 0 0 0 0 0 0.13057 -0.019657 0.049901 0 0
0 0 0 0.070005 0 0 0 0 0 0 0 0.064754 -0.0097492 0.024749 0 0
0 0 0 0.15311 0 0 0 0 0 0 0 0.14163 -0.021323 0.05413 0 0
-0 -0 -0 0.080482 0 0 0 0 0 0 0 0.074446 -0.011208 0.028453 0 0
0 0 0 0.026157 0 0 0 0 0 0 0 0.024195 -0.0036427 0.0092472 0 0
-0 -0 -0 0.019503 0 0 0 0 0 0 0 0.01804 -0.002716 0.0068948 0 0
-0 -0 -0 0.07863 0 0 0 0 0 0 0 0.072733 -0.01095 0.027798 0 0
0 0 0 0.17114 0 0 0 0 0 0 0 0.15831 -0.023834 0.060503 0 0
-0 -0 -0 0.016802 0 0 0 0 0 0 0 0.015542 -0.0023399 0.0059401 0 0
-0 -0 -0 0.11769 0 0 0 0 0 0 0 0.10886 -0.016389 0.041606 0 0
-0 -0 -0 0.17823 0 0 0 0 0 0 0 0.16486 -0.024821 0.063009 0 0
-0 -0 -0 0.13932 0 0 0 0 0 0 0 0.12887 -0.019403 0.049255 0 0
0 0 0 0.10403 0 0 0 0 0 0 0 0.09623 -0.014488 0.036779 0 0
0 0 0 0.010159 0 0 0 0 0 0 0 0.009397 -0.0014148 0.0035915 0 0
-0 -0 -0 0.13796 0 0 0 0 0 0 0 0.12761 -0.019213 0.048772 0 0
-0 -0 -0 0.081779 0 0 0 0 0 0 0 0.075646 -0.011389 0.028911 0 0
-0 -0 -0 0.1755 0 0 0 0 0 0 0 0.16234 -0.024442 0.062046 0 0
0 0 0 0.017194 0 0 0 0 0 0 0 0.015905 -0.0023945 0.0060787 0 0
-0 -0 -0 0.19356 0 0 0 0 0 0 0 0.17905 -0.026956 0.06843 0 0
0 0 0 0.033132 0 0 0 0 0 0 0 0.030647 -0.0046141 0.011713 0 0
-0 -0 -0 0.019888 0 0 0 0 0 0 0 0.018397 -0.0027697 0.0070311 0 0
-0 -0 -0 0.11526 0 0 0 0 0 0 0 0.10662 -0.016052 0.040748 0 0
-0 -0 -0 0.14324 0 0 0 0 0 0 0 0.1325 -0.019949 0.050641 0 0
-0 -0 -0 0.16422 0 0 0 0 0 0 0 0.15191 -0.022871 0.058058 0 0
0 0 0 0.1416 0 0 0 0 0 0 0 0.13098 -0.019719 0.050058 0 0
-0 -0 -0 0.05367 0 0 0 0 0 0 0 0.049645 -0.0074743 0.018974 0 0
0 0 0 0.032536 0 0 0 0 0 0 0 0.030096 -0.0045311 0.011503 0 0
0 0 0 0.081246 0 0 0 0 0 0 0 0.075152 -0.011315 0.028723 0 0
-0 -0 -0 0.0047777 0 0 0 0 0 0 0 0.0044193 -0.00066536 0.0016891 0 0
0 0 0 0.11981 0 0 0 0 0 0 0 0.11082 -0.016685 0.042356 0 0
-0 -0 -0 0.043084 0 0 0 0 0 0 0 0.039852 -0.006 0.015231 0 0
0 0 0 0.018821 0 0 0 0 0 0 0 0.01741 -0.0026211 0.0066538 0 0
-0 -0 -0 0.15315 0 0 0 0 0 0 0 0.14166 -0.021328 0.054143 0 0
-0 -0 -0 0.068052 0 0 0 0 0 0 0 0.062948 -0.0094772 0.024058 0 0
0 0 0 0.076072 0 0 0 0 0 0 0 0.070367 -0.010594 0.026894 0 0
0 0 0 0.17761 0 0 0 0 0 0 0 0.16429 -0.024734 0.06279 0 0
0 0 0 0.15334 0 0 0 0 0 0 0 0.14184 -0.021354 0.054209 0 0
-0 -0 -0 0.18578 0 0 0 0 0 0 0 0.17184 -0.025872 0.065678 0 0
-0 -0 -0 0.063732 0 0 0 0 0 0 0 0.058952 -0.0088756 0.022531 0 0
0 0 0 0.088157 0 0 0 0 0 0 0 0.081545 -0.012277 0.031166 0 0
0 0 0 0.16182 0 0 0 0 0 0 0 0.14968 -0.022536 0.057209 0 0
0 0 0 0.17261 0 0 0 0 0 0 0 0.15966 -0.024038 0.061022 0 0
0 0 0 0.019922 0 0 0 0 0 0 0 0.018428 -0.0027744 0.0070429 0 0
-0 -0 -0 0.038434 0 0 0 0 0 0 0 0.035551 -0.0053524 0.013587 0 0
-0 -0 -0 0.13995 0 0 0 0 0 0 0 0.12945 -0.01949 0.049476 0 0
0 0 0 0.06571 0 0 0 0 0 0 0 0.060782 -0.0091511 0.023231 0 0
-0 -0 -0 0.18482 0 0 0 0 0 0 0 0.17096 -0.025739 0.06534 0 0
-0 -0 -0 0.16614 0 0 0 0 0 0 0 0.15368 -0.023137 0.058734 0 0
-0 -0 -0 0.015819 0 0 0 0 0 0 0 0.014633 -0.0022031 0.0055927 0 0
0 0 0 0.17148 0 0 0 0 0 0 0 0.15862 -0.023881 0.060624 0 0
-0 -0 -0 0.019862 0 0 0 0 0 0 0 0.018372 -0.002766 0.0070216 0 0
-0 -0 -0 0.016586 0 0 0 0 0 0 0 0.015342 -0.0023098 0.0058636 0 0
0 0 0 0.089614 0 0 0 0 0 0 0 0.082893 -0.01248 0.031681 0 0
-0 -0 -0 0.19612 0 0 0 0 0 0 0 0.18142 -0.027313 0.069336 0 0
0 0 0 0.020828 0 0 0 0 0 0 0 0.019266 -0.0029006 0.0073634 0 0
0 0 0 0.11098 0 0 0 0 0 0 0 0.10266 -0.015456 0.039235 0 0
0 0 0 0.10757 0 0 0 0 0 0 0 0.099505 -0.014981 0.03803 0 0
-0 -0 -0 0.056714 0 0 0 0 0 0 0 0.05246 -0.0078982 0.02005 0 0
