0 0 0 0.09566 0 0 0 0 0 0 0 0.088486 -0.013322 0.033819 0 0
0 0 0 0.16785 0 0 0 0 0 0 0 0.15527 -0.023376 0.059342 0 0
0 0 0 0.0064434 0 0 0 0 0 0 0 0.0059601 -0.00089733 0.0022779 0 0
-0 -0 -0 0.11111 0 0 0 0 0 0 0 0.10277 -0.015473 0.03928 0 0
0 0 0 0.11145 0 0 0 0 0 0 0 0.10309 -0.015521 0.039402 0 0
-0 -0 -0 0.067664 0 0 0 0 0 0 0 0.062589 -0.0094232 0.023921 0 0
0 0 0 0.066848 0 0 0 0 0 0 0 0.061834 -0.0093095 0.023633 0 0
-0 -0 -0 0.10412 0 0 0 0 0 0 0 0.096315 -0.014501 0.036811 0 0
-0 -0 -0 0.00010446 0 0 0 0 0 0 0 9.6624e-05 -1.4547e-05 3.6929e-05 0 0
0 0 0 0.027023 0 0 0 0 0 0 0 0.024997 -0.0037634 0.0095536 0 0
0 0 0 0.047728 0 0 0 0 0 0 0 0.044148 -0.0066468 0.016873 0 0
-0 -0 -0 0.11932 0 0 0 0 0 0 0 0.11038 -0.016618 0.042185 0 0
-0 -0 -0 0.11808 0 0 0 0 0 0 0 0.10923 -0.016445 0.041747 0 0
-0 -0 -0 0.046849 0 0 0 0 0 0 0 0.043335 -0.0065244 0.016563 0 0
-0 -0 -0 0.13295 0 0 0 0 0 0 0 0.12298 -0.018515 0.047001 0 0
0 0 0 0.19407 0 0 0 0 0 0 0 0.17952 -0.027027 0.068611 0 0
-0 -0 -0 0.14907 0 0 0 0 0 0 0 0.13789 -0.020761 0.052702 0 0
0 0 0 0.11924 0 0 0 0 0 0 0 0.11029 -0.016606 0.042154 0 0
0 0 0 0.13685 0 0 0 0 0 0 0 0.12658 -0.019058 0.04838 0 0
-0 -0 -0 0.0019234 0 0 0 0 0 0 0 0.0017791 -0.00026786 0.00067997 0 0
0 0 0 0.11256 0 0 0 0 0 0 0 0.10412 -0.015675 0.039792 0 0
-0 -0 -0 0.10804 0 0 0 0 0 0 0 0.099936 -0.015046 0.038195 0 0
-0 -0 -0 0.10303 0 0 0 0 0 0 0 0.095304 -0.014349 0.036425 0 0
0 0 0 0.040657 0 0 0 0 0 0 0 0.037607 -0.005662 0.014373 0 0
-0 -0 -0 0.1401 0 0 0 0 0 0 0 0.12959 -0.019511 0.049529 0 0
-0 -0 -0 0.11295 0 0 0 0 0 0 0 0.10448 -0.01573 0.039931 0 0
-0 -0 -0 0.054003 0 0 0 0 0 0 0 0.049953 -0.0075207 0.019092 0 0
0 0 0 0.059312 0 0 0 0 0 0 0 0.054863 -0.00826 0.020968 0 0
0 0 0 0.099971 0 0 0 0 0 0 0 0.092473 -0.013922 0.035343 0 0
0 0 0 0.081529 0 0 0 0 0 0 0 0.075414 -0.011354 0.028823 0 0
-0 -0 -0 0.11116 0 0 0 0 0 0 0 0.10282 -0.01548 0.039297 0 0
0 0 0 0.15214 0 0 0 0 0 0 0 0.14073 -0.021188 0.053786 0 0
-0 -0 -0 0.11501 0 0 0 0 0 0 0 0.10639 -0.016017 0.04066 0 0
0 0 0 0.0072075 0 0 0 0 0 0 0 0.006667 -0.0010038 0.0025481 0 0
-0 -0 -0 0.15552 0 0 0 0 0 0 0 0.14385 -0.021658 0.054979 0 0
-0 -0 -0 0.052692 0 0 0 0 0 0 0 0.04874 -0.0073381 0.018628 0 0
-0 -0 -0 0.1935 0 0 0 0 0 0 0 0.17899 -0.026948 0.068408 0 0
0 0 0 0.058514 0 0 0 0 0 0 0 0.054125 -0.0081489 0.020686 0 0
-0 -0 -0 0.099375 0 0 0 0 0 0 0 0.091922 -0.013839 0.035132 0 0
-0 -0 -0 0.1354 0 0 0 0 0 0 0 0.12525 -0.018857 0.047869 0 0
-0 -0 -0 0.18974 0 0 0 0 0 0 0 0.17551 -0.026424 0.067079 0 0
-0 -0 -0 0.014395 0 0 0 0 0 0 0 0.013315 -0.0020047 0.005089 0 0
0 0 0 0.08922 0 0 0 0 0 0 0 0.082529 -0.012425 0.031542 0 0
-0 -0 -0 0.1056 0 0 0 0 0 0 0 0.097683 -0.014707 0.037334 0 0
-0 -0 -0 0.18543 0 0 0 0 0 0 0 0.17152 -0.025824 0.065555 0 0
0 0 0 0.013687 0 0 0 0 0 0 0 0.012661 -0.0019061 0.0048388 0 0
0 0 0 0.18628 0 0 0 0 0 0 0 0.17231 -0.025943 0.065857 0 0
-0 -0 -0 0.13247 0 0 0 0 0 0 0 0.12254 -0.018449 0.046833 0 0
-0 -0 -0 0.18382 0 0 0 0 0 0 0 0.17004 -0.0256 0.064987 0 0
0 0 0 0.0073452 0 0 0 0 0 0 0 0.0067943 -0.0010229 0.0025967 0 0
-0 -0 -0 0.061889 0 0 0 0 0 0 0 0.057247 -0.0086189 0.02188 0 0
-0 -0 -0 0.0094632 0 0 0 0 0 0 0 0.0087534 -0.0013179 0.0033455 0 0
-0 -0 -0 0.063585 0 0 0 0 0 0 0 0.058816 -0.0088551 0.022479 0 0
-0 -0 -0 0.1989 0 0 0 0 0 0 0 0.18398 -0.027699 0.070316 0 0
0 0 0 0.16061 0 0 0 0 0 0 0 0.14857 -0.022367 0.056781 0 0
0 0 0 0.057401 0 0 0 0 0 0 0 0.053096 -0.0079939 0.020293 0 0
-0 -0 -0 0.057391 0 0 0 0 0 0 0 0.053087 -0.0079925 0.020289 0 0
0 0 0 0.078126 0 0 0 0 0 0 0 0.072267 -0.01088 0.02762 0 0
-0 -0 -0 0.05765 0 0 0 0 0 0 0 0.053326 -0.0080286 0.020381 0 0
-0 -0 -0 0.037599 0 0 0 0 0 0 0 0.034779 -0.0052361 0.013292 0 0
0 0 0 0.064421 0 0 0 0 0 0 0 0.059589 -0.0089715 0.022775 0 0
-0 -0 -0 0.16508 0 0 0 0 0 0 0 0.1527 -0.02299 0.058361 0 0
0 0 0 0.096334 0 0 0 0 0 0 0 0.089109 -0.013416 0.034057 0 0
-0 -0 -0 0.14418 0 0 0 0 0 0 0 0.13337 -0.020079 0.050972 0 0
0 0 0 0.057631 0 0 0 0 0 0 0 0.053309 -0.0080259 0.020374 0 0
-0 -0 -0 0.16334 0 0 0 0 0 0 0 0.15109 -0.022748 0.057747 0 0
-0 -0 -0 0.059431 0 0 0 0 0 0 0 0.054974 -0.0082766 0.021011 0 0
0 0 0 0.054287 0 0 0 0 0 0 0 0.050216 -0.0075603 0.019192 0 0
-0 -0 -0 0.027381 0 0 0 0 0 0 0 0.025327 -0.0038132 0.00968 0 0
-0 -0 -0 0.053181 0 0 0 0 0 0 0 0.049192 -0.0074062 0.018801 0 0
0 0 0 0.14614 0 0 0 0 0 0 0 0.13518 -0.020352 0.051665 0 0
-0 -0 -0 0.054064 0 0 0 0 0 0 0 0.050009 -0.0075292 0.019113 0 0
0 0 0 0.0054082 0 0 0 0 0 0 0 0.0050025 -0.00075316 0.0019119 0 0
0 0 0 0.17959 0 0 0 0 0 0 0 0.16612 -0.025011 0.063492 0 0
-0 -0 -0 0.17203 0 0 0 0 0 0 0 0.15913 -0.023958 0.060818 0 0
-0 -0 -0 0.19277 0 0 0 0 0 0 0 0.17831 -0.026845 0.068149 0 0
0 0 0 0.19995 0 0 0 0 0 0 0 0.18495 -0.027846 0.070689 0 0
-0 -0 -0 0.1322 0 0 0 0 0 0 0 0.12228 -0.018411 0.046736 0 0
-0 -0 -0 0.037281 0 0 0 0 0 0 0 0.034485 -0.0051919 0.01318 0 0
-0 -0 -0 0.06839 0 0 0 0 0 0 0 0.06326 -0.0095242 0.024178 0 0
-0 -0 -0 0.18436 0 0 0 0 0 0 0 0.17053 -0.025674 0.065176 0 0
0 0 0 0.065199 0 0 0 0 0 0 0 0.060309 -0.00908 0.02305 0 0
-0 -0 -0 0.062543 0 0 0 0 0 0 0 0.057852 -0.0087099 0.022111 0 0
-0 -0 -0 0.1883 0 0 0 0 0 0 0 0.17418 -0.026223 0.066569 0 0
-0 -0 -0 0.16541 0 0 0 0 0 0 0 0.15301 -0.023036 0.058479 0 0
-0 -0 -0 0.0091722 0 0 0 0 0 0 0 0.0084842 -0.0012774 0.0032426 0 0
0 0 0 0.083782 0 0 0 0 0 0 0 0.077498 -0.011668 0.029619 0 0
-0 -0 -0 0.10396 0 0 0 0 0 0 0 0.096165 -0.014478 0.036754 0 0
0 0 0 0.047308 0 0 0 0 0 0 0 0.04376 -0.0065883 0.016725 0 0
0 0 0 0.1423 0 0 0 0 0 0 0 0.13163 -0.019817 0.050308 0 0
0 0 0 0.023213 0 0 0 0 0 0 0 0.021472 -0.0032327 0.0082064 0 0
0 0 0 0.027262 0 0 0 0 0 0 0 0.025217 -0.0037966 0.0096379 0 0
0 0 0 0.039148 0 0 0 0 0 0 0 0.036212 -0.0054519 0.01384 0 0
-0 -0 -0 0.18156 0 0 0 0 0 0 0 0.16795 -0.025285 0.064188 0 0
0 0 0 0.10606 0 0 0 0 0 0 0 0.098104 -0.01477 0.037495 0 0
0 0 0 0.054743 0 0 0 0 0 0 0 0.050637 -0.0076237 0.019353 0 0
-0 -0 -0 0.14168 0 0 0 0 0 0 0 0.13106 -0.019732 0.05009 0 0
0 0 0 0.08209 0 0 0 0 0 0 0 0.075933 -0.011432 0.029021 0 0
-0 -0 -0 0.14214 0 0 0 0 0 0 0 0.13148 -0.019795 0.050252 0 0
0 0 0 0.12169 0 0 0 0 0 0 0 0.11256 -0.016947 0.043022 0 0
