0 0 0 0.13501 0 0 0 0 0 0 0 0.12488 -0.018801 0.047728 0 0
-0 -0 -0 0.1409 0 0 0 0 0 0 0 0.13033 -0.019623 0.049813 0 0
-0 -0 -0 0.062906 0 0 0 0 0 0 0 0.058188 -0.0087605 0.022239 0 0
0 0 0 0.077396 0 0 0 0 0 0 0 0.071591 -0.010778 0.027362 0 0
0 0 0 0.097866 0 0 0 0 0 0 0 0.090526 -0.013629 0.034598 0 0
-0 -0 -0 0.073423 0 0 0 0 0 0 0 0.067916 -0.010225 0.025957 0 0
0 0 0 0.033969 0 0 0 0 0 0 0 0.031421 -0.0047307 0.012009 0 0
-0 -0 -0 0.18026 0 0 0 0 0 0 0 0.16674 -0.025104 0.063729 0 0
-0 -0 -0 0.11846 0 0 0 0 0 0 0 0.10957 -0.016497 0.041878 0 0
0 0 0 0.096715 0 0 0 0 0 0 0 0.089461 -0.013469 0.034192 0 0
-0 -0 -0 0.034069 0 0 0 0 0 0 0 0.031514 -0.0047446 0.012044 0 0
0 0 0 0.16914 0 0 0 0 0 0 0 0.15645 -0.023555 0.059796 0 0
-0 -0 -0 0.068837 0 0 0 0 0 0 0 0.063674 -0.0095866 0.024336 0 0
0 0 0 0.19654 0 0 0 0 0 0 0 0.1818 -0.027371 0.069484 0 0
-0 -0 -0 0.14589 0 0 0 0 0 0 0 0.13495 -0.020318 0.051578 0 0
0 0 0 0.10017 0 0 0 0 0 0 0 0.092661 -0.013951 0.035415 0 0
0 0 0 0.14698 0 0 0 0 0 0 0 0.13596 -0.02047 0.051964 0 0
0 0 0 0.16915 0 0 0 0 0 0 0 0.15646 -0.023557 0.0598 0 0
-0 -0 -0 0.064501 0 0 0 0 0 0 0 0.059664 -0.0089827 0.022803 0 0
-0 -0 -0 0.17964 0 0 0 0 0 0 0 0.16617 -0.025018 0.063509 0 0
0 0 0 0.16047 0 0 0 0 0 0 0 0.14843 -0.022348 0.056731 0 0
0 0 0 0.1663 0 0 0 0 0 0 0 0.15383 -0.02316 0.058794 0 0
-0 -0 -0 0.0099889 0 0 0 0 0 0 0 0.0092397 -0.0013911 0.0035314 0 0
0 0 0 0.19422 0 0 0 0 0 0 0 0.17965 -0.027048 0.068662 0 0
-0 -0 -0 0.17102 0 0 0 0 0 0 0 0.1582 -0.023817 0.060461 0 0
-0 -0 -0 0.076583 0 0 0 0 0 0 0 0.070839 -0.010665 0.027074 0 0
-0 -0 -0 0.016284 0 0 0 0 0 0 0 0.015062 -0.0022677 0.0057568 0 0
-0 -0 -0 0.15164 0 0 0 0 0 0 0 0.14027 -0.021118 0.053609 0 0
0 0 0 0.096185 0 0 0 0 0 0 0 0.088971 -0.013395 0.034004 0 0
-0 -0 -0 0.13333 0 0 0 0 0 0 0 0.12333 -0.018568 0.047137 0 0
0 0 0 0.073345 0 0 0 0 0 0 0 0.067844 -0.010214 0.02593 0 0
0 0 0 0.16011 0 0 0 0 0 0 0 0.14811 -0.022298 0.056605 0 0
0 0 0 0.072951 0 0 0 0 0 0 0 0.06748 -0.01016 0.02579 0 0
0 0 0 0.15137 0 0 0 0 0 0 0 0.14002 -0.02108 0.053514 0 0
-0 -0 -0 0.02754 0 0 0 0 0 0 0 0.025475 -0.0038353 0.0097362 0 0
-0 -0 -0 0.039883 0 0 0 0 0 0 0 0.036892 -0.0055543 0.0141 0 0
-0 -0 -0 0.16848 0 0 0 0 0 0 0 0.15584 -0.023463 0.059561 0 0
-0 -0 -0 0.1708 0 0 0 0 0 0 0 0.15799 -0.023786 0.060381 0 0
0 0 0 0.13097 0 0 0 0 0 0 0 0.12114 -0.018239 0.046301 0 0
0 0 0 0.080806 0 0 0 0 0 0 0 0.074745 -0.011253 0.028567 0 0
-0 -0 -0 0.14987 0 0 0 0 0 0 0 0.13863 -0.020872 0.052984 0 0
0 0 0 0.12068 0 0 0 0 0 0 0 0.11163 -0.016807 0.042665 0 0
-0 -0 -0 0.16894 0 0 0 0 0 0 0 0.15627 -0.023527 0.059724 0 0
0 0 0 0.0055318 0 0 0 0 0 0 0 0.0051169 -0.00077038 0.0019557 0 0
-0 -0 -0 0.0025927 0 0 0 0 0 0 0 0.0023983 -0.00036107 0.00091661 0 0
0 0 0 0.062531 0 0 0 0 0 0 0 0.057841 -0.0087083 0.022106 0 0
-0 -0 -0 0.04119 0 0 0 0 0 0 0 0.038101 -0.0057363 0.014562 0 0
-0 -0 -0 0.04026 0 0 0 0 0 0 0 0.03724 -0.0056067 0.014233 0 0
-0 -0 -0 0.067313 0 0 0 0 0 0 0 0.062265 -0.0093743 0.023797 0 0
0 0 0 0.068035 0 0 0 0 0 0 0 0.062933 -0.0094749 0.024053 0 0
0 0 0 0.1326 0 0 0 0 0 0 0 0.12266 -0.018467 0.046879 0 0
0 0 0 0.068188 0 0 0 0 0 0 0 0.063074 -0.0094962 0.024107 0 0
-0 -0 -0 0.038034 0 0 0 0 0 0 0 0.035181 -0.0052968 0.013446 0 0
0 0 0 0.033752 0 0 0 0 0 0 0 0.031221 -0.0047004 0.011932 0 0
-0 -0 -0 0.15069 0 0 0 0 0 0 0 0.13939 -0.020986 0.053273 0 0
-0 -0 -0 0.14525 0 0 0 0 0 0 0 0.13435 -0.020228 0.05135 0 0
-0 -0 -0 0.078968 0 0 0 0 0 0 0 0.073045 -0.010997 0.027917 0 0
-0 -0 -0 0.11578 0 0 0 0 0 0 0 0.10709 -0.016123 0.04093 0 0
-0 -0 -0 0.13524 0 0 0 0 0 0 0 0.1251 -0.018834 0.047812 0 0
0 0 0 0.11362 0 0 0 0 0 0 0 0.1051 -0.015823 0.040167 0 0
-0 -0 -0 0.05309 0 0 0 0 0 0 0 0.049109 -0.0073936 0.018769 0 0
0 0 0 0.17923 0 0 0 0 0 0 0 0.16579 -0.02496 0.063363 0 0
0 0 0 0.11603 0 0 0 0 0 0 0 0.10732 -0.016158 0.041019 0 0
-0 -0 -0 0.032624 0 0 0 0 0 0 0 0.030177 -0.0045433 0.011534 0 0
0 0 0 0.17398 0 0 0 0 0 0 0 0.16093 -0.02423 0.061508 0 0
0 0 0 0.19573 0 0 0 0 0 0 0 0.18105 -0.027258 0.069195 0 0
0 0 0 0.06138 0 0 0 0 0 0 0 0.056777 -0.0085481 0.0217 0 0
0 0 0 0.052367 0 0 0 0 0 0 0 0.048439 -0.0072928 0.018513 0 0
-0 -0 -0 0.11378 0 0 0 0 0 0 0 0.10524 -0.015845 0.040224 0 0
-0 -0 -0 0.12496 0 0 0 0 0 0 0 0.11559 -0.017403 0.044178 0 0
-0 -0 -0 0.1152 0 0 0 0 0 0 0 0.10656 -0.016043 0.040725 0 0
0 0 0 0.024247 0 0 0 0 0 0 0 0.022428 -0.0033767 0.0085719 0 0
-0 -0 -0 0.035255 0 0 0 0 0 0 0 0.032611 -0.0049097 0.012464 0 0
-0 -0 -0 0.053178 0 0 0 0 0 0 0 0.04919 -0.0074058 0.0188 0 0
-0 -0 -0 0.14647 0 0 0 0 0 0 0 0.13549 -0.020398 0.051783 0 0
0 0 0 0.022399 0 0 0 0 0 0 0 0.020719 -0.0031194 0.0079189 0 0
0 0 0 0.11335 0 0 0 0 0 0 0 0.10485 -0.015786 0.040073 0 0
-0 -0 -0 0.15558 0 0 0 0 0 0 0 0.14391 -0.021667 0.055003 0 0
-0 -0 -0 0.10634 0 0 0 0 0 0 0 0.098367 -0.01481 0.037595 0 0
-0 -0 -0 0.022531 0 0 0 0 0 0 0 0.020841 -0.0031378 0.0079655 0 0
-0 -0 -0 0.019255 0 0 0 0 0 0 0 0.017811 -0.0026815 0.0068072 0 0
-0 -0 -0 0.19073 0 0 0 0 0 0 0 0.17643 -0.026562 0.06743 0 0
-0 -0 -0 0.15166 0 0 0 0 0 0 0 0.14028 -0.02112 0.053615 0 0
-0 -0 -0 0.13083 0 0 0 0 0 0 0 0.12102 -0.01822 0.046252 0 0
0 0 0 0.13101 0 0 0 0 0 0 0 0.12119 -0.018245 0.046316 0 0
0 0 0 0.053973 0 0 0 0 0 0 0 0.049925 -0.0075166 0.019081 0 0
-0 -0 -0 0.038714 0 0 0 0 0 0 0 0.03581 -0.0053915 0.013687 0 0
-0 -0 -0 0.026849 0 0 0 0 0 0 0 0.024836 -0.0037391 0.009492 0 0
0 0 0 0.11056 0 0 0 0 0 0 0 0.10227 -0.015397 0.039087 0 0
0 0 0 0.097965 0 0 0 0 0 0 0 0.090618 -0.013643 0.034634 0 0
-0 -0 -0 0.19767 0 0 0 0 0 0 0 0.18285 -0.027529 0.069883 0 0
-0 -0 -0 0.10932 0 0 0 0 0 0 0 0.10112 -0.015225 0.038649 0 0
-0 -0 -0 0.18949 0 0 0 0 0 0 0 0.17528 -0.026389 0.066991 0 0
0 0 0 0.0080946 0 0 0 0 0 0 0 0.0074875 -0.0011273 0.0028617 0 0
-0 -0 -0 0.10734 0 0 0 0 0 0 0 0.099291 -0.014949 0.037949 0 0
-0 -0 -0 0.076616 0 0 0 0 0 0 0 0.070869 -0.01067 0.027086 0 0
0 0 0 0.17358 0 0 0 0 0 0 0 0.16056 -0.024174 0.061366 0 0
-0 -0 -0 0.017726 0 0 0 0 0 0 0 0.016396 -0.0024685 0.0062666 0 0
-0 -0 -0 0.15205 0 0 0 0 0 0 0 0.14065 -0.021175 0.053755 0 0
-0 -0 -0 0.072294 0 0 0 0 0 0 0 0.066872 -0.010068 0.025558 0 0
