-0 -0 -0.053447 0 0 0 0 0 0 0 0 0 0 0.015002 -0.013392 -0.04952 0.0013726 -0.007059 0.0023249 0 0
0 0 0.045819 0 0 0 0 0 0 0 0 0 0 -0.012861 0.011481 0.042451 -0.0014783 0.0059623 -0.0020603 0 0
-0 -0 -0.16718 0 0 0 0 0 0 0 0 0 0 0.046925 -0.041891 -0.15489 0.0030171 -0.022363 0.006962 0 0
0 0 0.0024885 0 0 0 0 0 0 0 0 0 0 -0.00069848 0.00062354 0.0023056 -7.3167e-05 0.00032607 -0.00011035 0 0
0 0 0.22462 0 0 0 0 0 0 0 0 0 0 -0.063047 0.056283 0.20811 -0.0098418 0.028203 -0.010609 0 0
-0 -0 -0.0053862 0 0 0 0 0 0 0 0 0 0 0.0015118 -0.0013496 -0.0049904 0.00015556 -0.0007066 0.00023822 0 0
-0 -0 -0.067116 0 0 0 0 0 0 0 0 0 0 0.018839 -0.016818 -0.062184 0.0016624 -0.00888 0.0029052 0 0
0 0 0.07954 0 0 0 0 0 0 0 0 0 0 -0.022326 0.019931 0.073695 -0.0027422 0.01029 -0.0036137 0 0
-0 -0 -0.18688 0 0 0 0 0 0 0 0 0 0 0.052456 -0.046828 -0.17315 0.0031243 -0.025043 0.0077192 0 0
-0 -0 -0.037521 0 0 0 0 0 0 0 0 0 0 0.010532 -0.0094018 -0.034764 0.0010035 -0.004945 0.0016414 0 0
0 0 0.23678 0 0 0 0 0 0 0 0 0 0 -0.06646 0.05933 0.21938 -0.010556 0.029645 -0.011215 0 0
0 0 0.28702 0 0 0 0 0 0 0 0 0 0 -0.080562 0.071919 0.26593 -0.013699 0.035491 -0.013749 0 0
-0 -0 -0.016396 0 0 0 0 0 0 0 0 0 0 0.004602 -0.0041083 -0.015191 0.00046153 -0.0021544 0.00072246 0 0
-0 -0 -0.010549 0 0 0 0 0 0 0 0 0 0 0.002961 -0.0026434 -0.009774 0.00030105 -0.001385 0.00046576 0 0
0 0 0.022989 0 0 0 0 0 0 0 0 0 0 -0.0064528 0.0057605 0.0213 -0.00070712 0.0030028 -0.0010263 0 0
-0 -0 -0.097704 0 0 0 0 0 0 0 0 0 0 0.027424 -0.024482 -0.090524 0.0022199 -0.012975 0.0041816 0 0
0 0 0.19248 0 0 0 0 0 0 0 0 0 0 -0.054026 0.04823 0.17833 -0.0080406 0.024345 -0.0090198 0 0
0 0 0.25928 0 0 0 0 0 0 0 0 0 0 -0.072776 0.064968 0.24022 -0.011926 0.032285 -0.012345 0 0
0 0 0.3235 0 0 0 0 0 0 0 0 0 0 -0.090802 0.08106 0.29973 -0.01617 0.039618 -0.015613 0 0
-0 -0 -0.18612 0 0 0 0 0 0 0 0 0 0 0.052242 -0.046637 -0.17244 0.0031211 -0.024939 0.0076902 0 0
0 0 0.011151 0 0 0 0 0 0 0 0 0 0 -0.0031299 0.0027941 0.010331 -0.00033425 0.0014592 -0.00049589 0 0
0 0 0.041727 0 0 0 0 0 0 0 0 0 0 -0.011712 0.010456 0.038661 -0.001335 0.0054336 -0.0018739 0 0
0 0 0.12027 0 0 0 0 0 0 0 0 0 0 -0.033759 0.030137 0.11143 -0.0044655 0.015442 -0.005529 0 0
-0 -0 -0.0026682 0 0 0 0 0 0 0 0 0 0 0.00074894 -0.00066859 -0.0024722 7.754e-05 -0.00034989 0.00011812 0 0
0 0 0.13777 0 0 0 0 0 0 0 0 0 0 -0.03867 0.034521 0.12764 -0.0052712 0.017627 -0.0063641 0 0
0 0 0.14694 0 0 0 0 0 0 0 0 0 0 -0.041243 0.036818 0.13614 -0.0057089 0.018765 -0.0068045 0 0
0 0 0.10305 0 0 0 0 0 0 0 0 0 0 -0.028924 0.025821 0.095474 -0.0037106 0.013274 -0.004714 0 0
-0 -0 -0.32122 0 0 0 0 0 0 0 0 0 0 0.090163 -0.080489 -0.29762 0.0024511 -0.043407 0.012482 0 0
0 0 0.24466 0 0 0 0 0 0 0 0 0 0 -0.068673 0.061305 0.22668 -0.011029 0.030574 -0.01161 0 0
-0 -0 -0.29396 0 0 0 0 0 0 0 0 0 0 0.082509 -0.073657 -0.27235 0.0027856 -0.039675 0.011574 0 0
-0 -0 -0.20447 0 0 0 0 0 0 0 0 0 0 0.057393 -0.051236 -0.18945 0.0031754 -0.02744 0.0083829 0 0
0 0 0.025587 0 0 0 0 0 0 0 0 0 0 -0.007182 0.0064114 0.023707 -0.0007914 0.0033406 -0.0011432 0 0
0 0 0.09079 0 0 0 0 0 0 0 0 0 0 -0.025484 0.022749 0.084118 -0.0031967 0.011722 -0.0041385 0 0
0 0 0.08654 0 0 0 0 0 0 0 0 0 0 -0.024291 0.021685 0.080181 -0.0030231 0.011182 -0.0039399 0 0
-0 -0 -0.12965 0 0 0 0 0 0 0 0 0 0 0.03639 -0.032486 -0.12012 0.0026675 -0.017278 0.005481 0 0
-0 -0 -0.037525 0 0 0 0 0 0 0 0 0 0 0.010533 -0.0094028 -0.034768 0.0010036 -0.0049455 0.0016415 0 0
0 0 0.19481 0 0 0 0 0 0 0 0 0 0 -0.054679 0.048813 0.18049 -0.0081667 0.024626 -0.0091342 0 0
0 0 0.29344 0 0 0 0 0 0 0 0 0 0 -0.082366 0.073529 0.27188 -0.014123 0.036225 -0.014076 0 0
0 0 0.2302 0 0 0 0 0 0 0 0 0 0 -0.064615 0.057683 0.21329 -0.010168 0.028867 -0.010887 0 0
-0 -0 -0.037202 0 0 0 0 0 0 0 0 0 0 0.010442 -0.0093219 -0.034468 0.00099573 -0.0049027 0.0016276 0 0
0 0 0.15066 0 0 0 0 0 0 0 0 0 0 -0.042288 0.037751 0.13959 -0.0058897 0.019226 -0.0069839 0 0
0 0 0.17518 0 0 0 0 0 0 0 0 0 0 -0.049172 0.043897 0.16231 -0.0071245 0.022241 -0.0081734 0 0
-0 -0 -0.26068 0 0 0 0 0 0 0 0 0 0 0.073171 -0.065321 -0.24153 0.0030573 -0.03512 0.010424 0 0
-0 -0 -0.084289 0 0 0 0 0 0 0 0 0 0 0.023659 -0.021121 -0.078095 0.0019909 -0.011176 0.0036256 0 0
0 0 0.28424 0 0 0 0 0 0 0 0 0 0 -0.079783 0.071223 0.26335 -0.013518 0.035173 -0.013608 0 0
-0 -0 -0.3096 0 0 0 0 0 0 0 0 0 0 0.086902 -0.077578 -0.28685 0.0026059 -0.041817 0.012099 0 0
-0 -0 -0.27301 0 0 0 0 0 0 0 0 0 0 0.076631 -0.068409 -0.25295 0.0029741 -0.036807 0.010855 0 0
0 0 0.27392 0 0 0 0 0 0 0 0 0 0 -0.076885 0.068636 0.25379 -0.01285 0.033984 -0.013084 0 0
0 0 0.2699 0 0 0 0 0 0 0 0 0 0 -0.075756 0.067628 0.25006 -0.012594 0.033519 -0.012881 0 0
0 0 0.13405 0 0 0 0 0 0 0 0 0 0 -0.037625 0.033588 0.1242 -0.0050965 0.017164 -0.0061858 0 0
-0 -0 -0.28695 0 0 0 0 0 0 0 0 0 0 0.080543 -0.071902 -0.26586 0.0028552 -0.038716 0.011335 0 0
0 0 0.21873 0 0 0 0 0 0 0 0 0 0 -0.061395 0.054808 0.20266 -0.0095025 0.027502 -0.010317 0 0
-0 -0 -0.012642 0 0 0 0 0 0 0 0 0 0 0.0035486 -0.0031678 -0.011713 0.00035903 -0.0016603 0.00055779 0 0
0 0 0.29662 0 0 0 0 0 0 0 0 0 0 -0.083258 0.074325 0.27482 -0.014334 0.036587 -0.014238 0 0
-0 -0 -0.30715 0 0 0 0 0 0 0 0 0 0 0.086212 -0.076963 -0.28458 0.0026363 -0.041481 0.012017 0 0
-0 -0 -0.30475 0 0 0 0 0 0 0 0 0 0 0.085541 -0.076363 -0.28236 0.0026651 -0.041153 0.011937 0 0
0 0 0.30418 0 0 0 0 0 0 0 0 0 0 -0.08538 0.07622 0.28183 -0.014842 0.037446 -0.014623 0 0
-0 -0 -0.16489 0 0 0 0 0 0 0 0 0 0 0.046282 -0.041316 -0.15277 0.0030013 -0.022052 0.0068731 0 0
0 0 0.31396 0 0 0 0 0 0 0 0 0 0 -0.088125 0.078671 0.29089 -0.015509 0.038549 -0.015124 0 0
0 0 0.12631 0 0 0 0 0 0 0 0 0 0 -0.035454 0.031651 0.11703 -0.0047393 0.016198 -0.0058165 0 0
-0 -0 -0.2848 0 0 0 0 0 0 0 0 0 0 0.079941 -0.071364 -0.26387 0.0028753 -0.038422 0.011262 0 0
0 0 0.31068 0 0 0 0 0 0 0 0 0 0 -0.087205 0.077849 0.28785 -0.015284 0.03818 -0.014956 0 0
-0 -0 -0.33592 0 0 0 0 0 0 0 0 0 0 0.094287 -0.084171 -0.31123 0.0022293 -0.045418 0.012958 0 0
-0 -0 -0.34335 0 0 0 0 0 0 0 0 0 0 0.096374 -0.086034 -0.31812 0.0021059 -0.046434 0.013196 0 0
-0 -0 -0.20691 0 0 0 0 0 0 0 0 0 0 0.058077 -0.051846 -0.1917 0.0031792 -0.027772 0.0084739 0 0
0 0 0.14812 0 0 0 0 0 0 0 0 0 0 -0.041577 0.037116 0.13724 -0.0057664 0.018912 -0.0068618 0 0
0 0 0.26468 0 0 0 0 0 0 0 0 0 0 -0.074293 0.066322 0.24523 -0.012265 0.032915 -0.012617 0 0
-0 -0 -0.16246 0 0 0 0 0 0 0 0 0 0 0.045599 -0.040707 -0.15052 0.0029836 -0.021722 0.0067784 0 0
-0 -0 -0.24578 0 0 0 0 0 0 0 0 0 0 0.068986 -0.061585 -0.22772 0.0031304 -0.033081 0.009895 0 0
-0 -0 -0.12208 0 0 0 0 0 0 0 0 0 0 0.034266 -0.030589 -0.11311 0.0025739 -0.016256 0.0051763 0 0
0 0 0.33641 0 0 0 0 0 0 0 0 0 0 -0.094427 0.084296 0.31169 -0.017081 0.041054 -0.016278 0 0
-0 -0 -0.10186 0 0 0 0 0 0 0 0 0 0 0.028589 -0.025522 -0.09437 0.0022859 -0.013533 0.0043525 0 0
0 0 0.26861 0 0 0 0 0 0 0 0 0 0 -0.075395 0.067306 0.24887 -0.012513 0.03337 -0.012816 0 0
-0 -0 -0.023639 0 0 0 0 0 0 0 0 0 0 0.0066351 -0.0059232 -0.021902 0.00065403 -0.0031093 0.001039 0 0
0 0 0.30714 0 0 0 0 0 0 0 0 0 0 -0.08621 0.076961 0.28457 -0.015042 0.03778 -0.014775 0 0
0 0 0.10307 0 0 0 0 0 0 0 0 0 0 -0.028931 0.025827 0.095498 -0.0037117 0.013277 -0.0047152 0 0
0 0 0.11449 0 0 0 0 0 0 0 0 0 0 -0.032135 0.028688 0.10607 -0.0042078 0.014716 -0.0052545 0 0
-0 -0 -0.18835 0 0 0 0 0 0 0 0 0 0 0.052869 -0.047197 -0.17451 0.0031302 -0.025243 0.0077751 0 0
0 0 0.067196 0 0 0 0 0 0 0 0 0 0 -0.018861 0.016837 0.062258 -0.0022623 0.0087122 -0.0030415 0 0
-0 -0 -0.0059384 0 0 0 0 0 0 0 0 0 0 0.0016668 -0.001488 -0.005502 0.00017129 -0.0007791 0.0002626 0 0
-0 -0 -0.27928 0 0 0 0 0 0 0 0 0 0 0.07839 -0.06998 -0.25876 0.0029239 -0.037665 0.011072 0 0
0 0 0.11559 0 0 0 0 0 0 0 0 0 0 -0.032446 0.028965 0.1071 -0.0042567 0.014855 -0.0053069 0 0
-0 -0 -0.10049 0 0 0 0 0 0 0 0 0 0 0.028208 -0.025181 -0.09311 0.0022645 -0.01335 0.0042965 0 0
0 0 0.076217 0 0 0 0 0 0 0 0 0 0 -0.021393 0.019098 0.070617 -0.002611 0.0098662 -0.0034593 0 0
0 0 0.033275 0 0 0 0 0 0 0 0 0 0 -0.0093397 0.0083377 0.030829 -0.0010461 0.004339 -0.0014904 0 0
0 0 0.28772 0 0 0 0 0 0 0 0 0 0 -0.080759 0.072094 0.26657 -0.013745 0.035571 -0.013784 0 0
0 0 0.067541 0 0 0 0 0 0 0 0 0 0 -0.018958 0.016924 0.062578 -0.0022754 0.0087564 -0.0030575 0 0
-0 -0 -0.28364 0 0 0 0 0 0 0 0 0 0 0.079615 -0.071074 -0.2628 0.0028858 -0.038263 0.011222 0 0
0 0 0.037723 0 0 0 0 0 0 0 0 0 0 -0.010588 0.0094523 0.034951 -0.0011969 0.0049154 -0.001692 0 0
0 0 0.29348 0 0 0 0 0 0 0 0 0 0 -0.082375 0.073537 0.27191 -0.014125 0.036229 -0.014077 0 0
0 0 0.16151 0 0 0 0 0 0 0 0 0 0 -0.045333 0.040469 0.14964 -0.0064266 0.020564 -0.0075084 0 0
0 0 0.28917 0 0 0 0 0 0 0 0 0 0 -0.081167 0.072459 0.26792 -0.013841 0.035738 -0.013858 0 0
0 0 0.18 0 0 0 0 0 0 0 0 0 0 -0.050523 0.045103 0.16677 -0.0073758 0.022829 -0.0084084 0 0
0 0 0.21434 0 0 0 0 0 0 0 0 0 0 -0.060161 0.053707 0.19859 -0.0092518 0.026976 -0.010098 0 0
-0 -0 -0.025419 0 0 0 0 0 0 0 0 0 0 0.0071347 -0.0063693 -0.023551 0.00070028 -0.0033443 0.0011166 0 0
0 0 0.11845 0 0 0 0 0 0 0 0 0 0 -0.033248 0.02968 0.10975 -0.0043839 0.015213 -0.0054425 0 0
0 0 0.20086 0 0 0 0 0 0 0 0 0 0 -0.056379 0.050331 0.1861 -0.0084982 0.025358 -0.0094324 0 0
-0 -0 -0.21911 0 0 0 0 0 0 0 0 0 0 0.0615 -0.054902 -0.203 0.003186 -0.029436 0.0089261 0 0
-0 -0 -0.12183 0 0 0 0 0 0 0 0 0 0 0.034195 -0.030526 -0.11287 0.0025707 -0.016222 0.0051661 0 0
-0 -0 -0.2007 0 0 0 0 0 0 0 0 0 0 0.056333 -0.05029 -0.18595 0.003168 -0.026925 0.0082414 0 0
