0 0 0.063309 0 0 0 0 0 0 0 0 0 0 -0.01777 0.015864 0.058657 -0.007832 0.0040879 -0.0034783 0 0
-0 -0 -0.24393 0 0 0 0 0 0 0 0 0 0 0.068467 -0.061121 -0.226 0.027012 -0.020372 0.013693 0 0
0 0 0.25314 0 0 0 0 0 0 0 0 0 0 -0.071053 0.06343 0.23454 -0.032858 0.013119 -0.013502 0 0
0 0 0.063057 0 0 0 0 0 0 0 0 0 0 -0.017699 0.0158 0.058423 -0.0078002 0.0040727 -0.0034645 0 0
0 0 0.22737 0 0 0 0 0 0 0 0 0 0 -0.063821 0.056973 0.21066 -0.029347 0.012185 -0.012186 0 0
0 0 0.14666 0 0 0 0 0 0 0 0 0 0 -0.041165 0.036749 0.13588 -0.018564 0.0086608 -0.0079661 0 0
-0 -0 -0.19945 0 0 0 0 0 0 0 0 0 0 0.055983 -0.049977 -0.18479 0.022505 -0.016142 0.011183 0 0
-0 -0 -0.2389 0 0 0 0 0 0 0 0 0 0 0.067056 -0.059861 -0.22134 0.026512 -0.019883 0.013409 0 0
-0 -0 -0.1581 0 0 0 0 0 0 0 0 0 0 0.044377 -0.039616 -0.14648 0.018138 -0.012407 0.0088503 0 0
-0 -0 -0.27615 0 0 0 0 0 0 0 0 0 0 0.07751 -0.069194 -0.25585 0.030148 -0.023569 0.015508 0 0
-0 -0 -0.022058 0 0 0 0 0 0 0 0 0 0 0.0061914 -0.0055272 -0.020437 0.0026575 -0.0015456 0.0012231 0 0
-0 -0 -0.027265 0 0 0 0 0 0 0 0 0 0 0.0076529 -0.0068319 -0.025261 0.0032791 -0.0019195 0.0015125 0 0
-0 -0 -0.19539 0 0 0 0 0 0 0 0 0 0 0.054843 -0.048959 -0.18103 0.022084 -0.015766 0.010954 0 0
0 0 0.065195 0 0 0 0 0 0 0 0 0 0 -0.018299 0.016336 0.060404 -0.0080698 0.0042017 -0.0035811 0 0
-0 -0 -0.076342 0 0 0 0 0 0 0 0 0 0 0.021428 -0.019129 -0.070732 0.0090287 -0.0056097 0.0042524 0 0
0 0 0.22515 0 0 0 0 0 0 0 0 0 0 -0.063197 0.056417 0.2086 -0.029045 0.0121 -0.012072 0 0
0 0 0.22093 0 0 0 0 0 0 0 0 0 0 -0.062013 0.055359 0.2047 -0.028474 0.011937 -0.011855 0 0
-0 -0 -0.051815 0 0 0 0 0 0 0 0 0 0 0.014544 -0.012983 -0.048007 0.0061804 -0.003728 0.0028806 0 0
-0 -0 -0.12947 0 0 0 0 0 0 0 0 0 0 0.03634 -0.032441 -0.11995 0.015017 -0.0099361 0.0072367 0 0
-0 -0 -0.029105 0 0 0 0 0 0 0 0 0 0 0.0081693 -0.0072928 -0.026966 0.0034983 -0.0020524 0.0016149 0 0
-0 -0 -0.25451 0 0 0 0 0 0 0 0 0 0 0.071438 -0.063773 -0.23581 0.028054 -0.02141 0.014289 0 0
-0 -0 -0.22892 0 0 0 0 0 0 0 0 0 0 0.064256 -0.057362 -0.2121 0.025514 -0.01892 0.012846 0 0
-0 -0 -0.24225 0 0 0 0 0 0 0 0 0 0 0.067996 -0.060701 -0.22445 0.026845 -0.020208 0.013598 0 0
0 0 0.057357 0 0 0 0 0 0 0 0 0 0 -0.016099 0.014372 0.053142 -0.0070833 0.0037259 -0.0031536 0 0
-0 -0 -0.041887 0 0 0 0 0 0 0 0 0 0 0.011757 -0.010496 -0.038809 0.0050131 -0.0029876 0.0023267 0 0
0 0 0.28541 0 0 0 0 0 0 0 0 0 0 -0.080112 0.071517 0.26444 -0.037299 0.014157 -0.015128 0 0
-0 -0 -0.24876 0 0 0 0 0 0 0 0 0 0 0.069824 -0.062333 -0.23048 0.027489 -0.020845 0.013965 0 0
-0 -0 -0.072646 0 0 0 0 0 0 0 0 0 0 0.020391 -0.018203 -0.067308 0.0086028 -0.0053214 0.0040454 0 0
0 0 0.10513 0 0 0 0 0 0 0 0 0 0 -0.029509 0.026343 0.097406 -0.013161 0.0064992 -0.0057448 0 0
-0 -0 -0.21405 0 0 0 0 0 0 0 0 0 0 0.060082 -0.053636 -0.19832 0.024007 -0.017506 0.012008 0 0
-0 -0 -0.18397 0 0 0 0 0 0 0 0 0 0 0.051639 -0.046099 -0.17045 0.02089 -0.014721 0.01031 0 0
-0 -0 -0.19918 0 0 0 0 0 0 0 0 0 0 0.055907 -0.049909 -0.18454 0.022477 -0.016116 0.011168 0 0
0 0 0.22617 0 0 0 0 0 0 0 0 0 0 -0.063482 0.056671 0.20955 -0.029183 0.012139 -0.012124 0 0
0 0 0.1048 0 0 0 0 0 0 0 0 0 0 -0.029416 0.02626 0.097099 -0.013118 0.0064811 -0.005727 0 0
0 0 0.14996 0 0 0 0 0 0 0 0 0 0 -0.042093 0.037576 0.13894 -0.018998 0.0088227 -0.0081415 0 0
0 0 0.08003 0 0 0 0 0 0 0 0 0 0 -0.022463 0.020053 0.074148 -0.0099485 0.0050799 -0.0043877 0 0
0 0 0.2148 0 0 0 0 0 0 0 0 0 0 -0.060291 0.053823 0.19901 -0.027645 0.011696 -0.011538 0 0
-0 -0 -0.28122 0 0 0 0 0 0 0 0 0 0 0.078934 -0.070465 -0.26055 0.030631 -0.024083 0.015793 0 0
0 0 0.15239 0 0 0 0 0 0 0 0 0 0 -0.042773 0.038184 0.14119 -0.019317 0.0089406 -0.00827 0 0
0 0 0.021763 0 0 0 0 0 0 0 0 0 0 -0.0061086 0.0054532 0.020164 -0.0026589 0.001464 -0.0012014 0 0
0 0 0.29982 0 0 0 0 0 0 0 0 0 0 -0.084156 0.075127 0.27779 -0.039294 0.014572 -0.015845 0 0
0 0 0.14061 0 0 0 0 0 0 0 0 0 0 -0.039469 0.035234 0.13028 -0.017771 0.0083607 -0.0076448 0 0
-0 -0 -0.14923 0 0 0 0 0 0 0 0 0 0 0.041886 -0.037392 -0.13826 0.017179 -0.011631 0.0083498 0 0
-0 -0 -0.032673 0 0 0 0 0 0 0 0 0 0 0.0091708 -0.0081869 -0.030272 0.0039225 -0.0023114 0.0018134 0 0
-0 -0 -0.12096 0 0 0 0 0 0 0 0 0 0 0.033952 -0.030309 -0.11207 0.014075 -0.0092205 0.0067578 0 0
-0 -0 -0.13211 0 0 0 0 0 0 0 0 0 0 0.037082 -0.033104 -0.1224 0.015309 -0.01016 0.0073856 0 0
-0 -0 -0.20568 0 0 0 0 0 0 0 0 0 0 0.05773 -0.051537 -0.19056 0.023148 -0.01672 0.011535 0 0
-0 -0 -0.2505 0 0 0 0 0 0 0 0 0 0 0.070312 -0.062768 -0.23209 0.02766 -0.021015 0.014063 0 0
-0 -0 -0.32783 0 0 0 0 0 0 0 0 0 0 0.092018 -0.082146 -0.30374 0.034944 -0.028924 0.018409 0 0
0 0 0.12229 0 0 0 0 0 0 0 0 0 0 -0.034325 0.030643 0.1133 -0.015381 0.0074207 -0.0066664 0 0
-0 -0 -0.0089371 0 0 0 0 0 0 0 0 0 0 0.0025085 -0.0022394 -0.0082804 0.0010813 -0.00061878 0.00049493 0 0
0 0 0.2827 0 0 0 0 0 0 0 0 0 0 -0.079349 0.070836 0.26192 -0.036923 0.014075 -0.014992 0 0
-0 -0 -0.061724 0 0 0 0 0 0 0 0 0 0 0.017325 -0.015466 -0.057188 0.0073373 -0.0044793 0.0034343 0 0
0 0 0.23071 0 0 0 0 0 0 0 0 0 0 -0.064758 0.05781 0.21376 -0.0298 0.012312 -0.012358 0 0
0 0 0.0072281 0 0 0 0 0 0 0 0 0 0 -0.0020288 0.0018112 0.0066969 -0.00087907 0.00049298 -0.00039964 0 0
-0 -0 -0.26911 0 0 0 0 0 0 0 0 0 0 0.075535 -0.067431 -0.24933 0.029472 -0.022862 0.015111 0 0
0 0 0.33255 0 0 0 0 0 0 0 0 0 0 -0.093342 0.083327 0.30811 -0.043857 0.015406 -0.017453 0 0
0 0 0.11493 0 0 0 0 0 0 0 0 0 0 -0.032259 0.028798 0.10648 -0.014426 0.0070302 -0.0062716 0 0
0 0 0.19092 0 0 0 0 0 0 0 0 0 0 -0.053589 0.04784 0.17689 -0.024434 0.010705 -0.010297 0 0
-0 -0 -0.16433 0 0 0 0 0 0 0 0 0 0 0.046126 -0.041177 -0.15226 0.018807 -0.012957 0.0092017 0 0
-0 -0 -0.27215 0 0 0 0 0 0 0 0 0 0 0.076388 -0.068193 -0.25215 0.029765 -0.023167 0.015283 0 0
-0 -0 -0.23216 0 0 0 0 0 0 0 0 0 0 0.065164 -0.058173 -0.2151 0.025839 -0.019232 0.013029 0 0
0 0 0.32982 0 0 0 0 0 0 0 0 0 0 -0.092576 0.082643 0.30558 -0.043475 0.015342 -0.01732 0 0
0 0 0.0097776 0 0 0 0 0 0 0 0 0 0 -0.0027445 0.00245 0.0090591 -0.0011901 0.00066527 -0.00054046 0 0
0 0 0.051949 0 0 0 0 0 0 0 0 0 0 -0.014581 0.013017 0.048132 -0.0064052 0.0033929 -0.0028581 0 0
-0 -0 -0.3109 0 0 0 0 0 0 0 0 0 0 0.087265 -0.077903 -0.28805 0.033405 -0.02714 0.01746 0 0
-0 -0 -0.036599 0 0 0 0 0 0 0 0 0 0 0.010273 -0.0091707 -0.03391 0.0043881 -0.0025982 0.0020321 0 0
-0 -0 -0.24356 0 0 0 0 0 0 0 0 0 0 0.068364 -0.061029 -0.22566 0.026975 -0.020336 0.013672 0 0
-0 -0 -0.087858 0 0 0 0 0 0 0 0 0 0 0.024661 -0.022015 -0.081402 0.010348 -0.0065186 0.0048979 0 0
-0 -0 -0.20861 0 0 0 0 0 0 0 0 0 0 0.058553 -0.052271 -0.19328 0.023449 -0.016994 0.0117 0 0
0 0 0.26347 0 0 0 0 0 0 0 0 0 0 -0.073954 0.066019 0.24411 -0.034275 0.013468 -0.014026 0 0
-0 -0 -0.16509 0 0 0 0 0 0 0 0 0 0 0.046339 -0.041367 -0.15296 0.018888 -0.013024 0.0092444 0 0
0 0 0.12654 0 0 0 0 0 0 0 0 0 0 -0.035517 0.031707 0.11724 -0.015933 0.0076426 -0.0068937 0 0
-0 -0 -0.030403 0 0 0 0 0 0 0 0 0 0 0.0085336 -0.0076181 -0.028168 0.0036527 -0.0021464 0.0016871 0 0
0 0 0.30893 0 0 0 0 0 0 0 0 0 0 -0.086712 0.077409 0.28623 -0.04056 0.01482 -0.016296 0 0
0 0 0.10947 0 0 0 0 0 0 0 0 0 0 -0.030728 0.027431 0.10143 -0.013721 0.0067361 -0.0059785 0 0
0 0 0.10069 0 0 0 0 0 0 0 0 0 0 -0.028263 0.02523 0.093291 -0.01259 0.0062543 -0.0055055 0 0
0 0 0.14038 0 0 0 0 0 0 0 0 0 0 -0.039401 0.035174 0.13006 -0.017739 0.0083488 -0.0076321 0 0
0 0 0.04943 0 0 0 0 0 0 0 0 0 0 -0.013874 0.012386 0.045798 -0.0060901 0.0032365 -0.0027203 0 0
0 0 0.27492 0 0 0 0 0 0 0 0 0 0 -0.077166 0.068887 0.25472 -0.03585 0.013836 -0.014603 0 0
-0 -0 -0.13901 0 0 0 0 0 0 0 0 0 0 0.039018 -0.034832 -0.12879 0.016066 -0.010749 0.0077741 0 0
-0 -0 -0.1607 0 0 0 0 0 0 0 0 0 0 0.045106 -0.040267 -0.14889 0.018417 -0.012636 0.0089967 0 0
0 0 0.33352 0 0 0 0 0 0 0 0 0 0 -0.093615 0.083571 0.30901 -0.043993 0.015429 -0.0175 0 0
-0 -0 -0.058036 0 0 0 0 0 0 0 0 0 0 0.01629 -0.014542 -0.053771 0.0069077 -0.0041983 0.0032281 0 0
0 0 0.23658 0 0 0 0 0 0 0 0 0 0 -0.066406 0.059281 0.2192 -0.030598 0.01253 -0.012658 0 0
0 0 0.25214 0 0 0 0 0 0 0 0 0 0 -0.070771 0.063179 0.23361 -0.032721 0.013085 -0.013452 0 0
0 0 0.32801 0 0 0 0 0 0 0 0 0 0 -0.092067 0.082189 0.3039 -0.043221 0.015299 -0.017232 0 0
0 0 0.27399 0 0 0 0 0 0 0 0 0 0 -0.076905 0.068654 0.25385 -0.035722 0.013806 -0.014556 0 0
0 0 0.33207 0 0 0 0 0 0 0 0 0 0 -0.093207 0.083207 0.30766 -0.04379 0.015395 -0.01743 0 0
0 0 0.032643 0 0 0 0 0 0 0 0 0 0 -0.0091624 0.0081794 0.030244 -0.0040014 0.0021729 -0.0017999 0 0
0 0 0.067437 0 0 0 0 0 0 0 0 0 0 -0.018929 0.016898 0.062481 -0.0083528 0.0043363 -0.0037032 0 0
0 0 0.033162 0 0 0 0 0 0 0 0 0 0 -0.0093081 0.0083095 0.030725 -0.0040657 0.0022063 -0.0018284 0 0
0 0 0.098807 0 0 0 0 0 0 0 0 0 0 -0.027734 0.024758 0.091546 -0.012348 0.0061496 -0.0054039 0 0
-0 -0 -0.13978 0 0 0 0 0 0 0 0 0 0 0.039235 -0.035026 -0.12951 0.01615 -0.010815 0.0078177 0 0
-0 -0 -0.27422 0 0 0 0 0 0 0 0 0 0 0.076971 -0.068713 -0.25407 0.029964 -0.023376 0.015399 0 0
0 0 0.32561 0 0 0 0 0 0 0 0 0 0 -0.091395 0.08159 0.30168 -0.042887 0.015242 -0.017115 0 0
-0 -0 -0.32735 0 0 0 0 0 0 0 0 0 0 0.091882 -0.082024 -0.30329 0.0349 -0.028873 0.018382 0 0
0 0 0.16187 0 0 0 0 0 0 0 0 0 0 -0.045435 0.040561 0.14998 -0.020569 0.0093939 -0.0087719 0 0
0 0 0.29491 0 0 0 0 0 0 0 0 0 0 -0.082778 0.073897 0.27324 -0.038614 0.014434 -0.015602 0 0
-0 -0 -0.070186 0 0 0 0 0 0 0 0 0 0 0.0197 -0.017587 -0.065028 0.0083186 -0.0051305 0.0039076 0 0
