-0 -0 -0.018108 0 0 0 0 0 0 0 0 0 0 0.0061618 -0.0030809 -0.016747 0.0015965 -0.0026377 0.0010727 0 0
0 0 0.32256 0 0 0 0 0 0 0 0 0 0 -0.10976 0.054879 0.2983 -0.035788 0.040568 -0.020631 0 0
-0 -0 -0.1135 0 0 0 0 0 0 0 0 0 0 0.038622 -0.019311 -0.10497 0.0092073 -0.017056 0.0065255 0 0
-0 -0 -0.051807 0 0 0 0 0 0 0 0 0 0 0.017629 -0.0088143 -0.047912 0.0044401 -0.0076332 0.003038 0 0
0 0 0.26659 0 0 0 0 0 0 0 0 0 0 -0.090714 0.045357 0.24655 -0.028658 0.034491 -0.01689 0 0
-0 -0 -0.085899 0 0 0 0 0 0 0 0 0 0 0.029229 -0.014614 -0.07944 0.0071453 -0.012797 0.0049833 0 0
-0 -0 -0.095523 0 0 0 0 0 0 0 0 0 0 0.032504 -0.016252 -0.088341 0.0078774 -0.014274 0.0055244 0 0
0 0 0.048817 0 0 0 0 0 0 0 0 0 0 -0.016611 0.0083055 0.045146 -0.0045376 0.0069401 -0.0029463 0 0
-0 -0 -0.30949 0 0 0 0 0 0 0 0 0 0 0.10531 -0.052655 -0.28622 0.02041 -0.048977 0.01652 0 0
0 0 0.28614 0 0 0 0 0 0 0 0 0 0 -0.097365 0.048683 0.26462 -0.031108 0.036664 -0.018191 0 0
-0 -0 -0.059537 0 0 0 0 0 0 0 0 0 0 0.020259 -0.010129 -0.055061 0.0050687 -0.0087946 0.0034829 0 0
0 0 0.3237 0 0 0 0 0 0 0 0 0 0 -0.11014 0.055072 0.29936 -0.035937 0.040687 -0.020708 0 0
0 0 0.072726 0 0 0 0 0 0 0 0 0 0 -0.024747 0.012373 0.067258 -0.0068819 0.010245 -0.0044168 0 0
-0 -0 -0.13102 0 0 0 0 0 0 0 0 0 0 0.044581 -0.022291 -0.12116 0.010455 -0.019791 0.0074878 0 0
-0 -0 -0.14603 0 0 0 0 0 0 0 0 0 0 0.04969 -0.024845 -0.13505 0.011487 -0.022157 0.0083028 0 0
0 0 0.26818 0 0 0 0 0 0 0 0 0 0 -0.091253 0.045627 0.24801 -0.028855 0.03467 -0.016995 0 0
0 0 0.34651 0 0 0 0 0 0 0 0 0 0 -0.11791 0.058954 0.32046 -0.038945 0.043033 -0.022246 0 0
-0 -0 -0.02732 0 0 0 0 0 0 0 0 0 0 0.0092962 -0.0046481 -0.025266 0.0023904 -0.0039921 0.0016139 0 0
0 0 0.22437 0 0 0 0 0 0 0 0 0 0 -0.076347 0.038174 0.2075 -0.023516 0.029621 -0.014102 0 0
0 0 0.24428 0 0 0 0 0 0 0 0 0 0 -0.083122 0.041561 0.22591 -0.025915 0.031948 -0.015412 0 0
-0 -0 -0.25101 0 0 0 0 0 0 0 0 0 0 0.085411 -0.042706 -0.23213 0.017711 -0.039178 0.013724 0 0
-0 -0 -0.081072 0 0 0 0 0 0 0 0 0 0 0.027587 -0.013793 -0.074976 0.0067729 -0.01206 0.0047106 0 0
0 0 0.14552 0 0 0 0 0 0 0 0 0 0 -0.049518 0.024759 0.13458 -0.014496 0.0199 -0.0089947 0 0
-0 -0 -0.24446 0 0 0 0 0 0 0 0 0 0 0.083183 -0.041591 -0.22608 0.017374 -0.038094 0.013401 0 0
0 0 0.17064 0 0 0 0 0 0 0 0 0 0 -0.058063 0.029032 0.15781 -0.017285 0.023082 -0.010606 0 0
0 0 0.098491 0 0 0 0 0 0 0 0 0 0 -0.033514 0.016757 0.091085 -0.0094958 0.013733 -0.0060203 0 0
0 0 0.23338 0 0 0 0 0 0 0 0 0 0 -0.079411 0.039706 0.21583 -0.024595 0.03068 -0.014694 0 0
0 0 0.050556 0 0 0 0 0 0 0 0 0 0 -0.017203 0.0086015 0.046755 -0.0047055 0.0071826 -0.0030527 0 0
-0 -0 -0.13832 0 0 0 0 0 0 0 0 0 0 0.047066 -0.023533 -0.12792 0.010961 -0.02094 0.0078854 0 0
-0 -0 -0.14978 0 0 0 0 0 0 0 0 0 0 0.050964 -0.025482 -0.13851 0.011739 -0.02275 0.0085045 0 0
0 0 0.092656 0 0 0 0 0 0 0 0 0 0 -0.031528 0.015764 0.085689 -0.008896 0.01295 -0.0056555 0 0
0 0 0.2167 0 0 0 0 0 0 0 0 0 0 -0.073737 0.036869 0.20041 -0.022605 0.028711 -0.013599 0 0
0 0 0.050725 0 0 0 0 0 0 0 0 0 0 -0.01726 0.0086301 0.046911 -0.0047218 0.0072061 -0.003063 0 0
-0 -0 -0.11193 0 0 0 0 0 0 0 0 0 0 0.038087 -0.019044 -0.10352 0.009093 -0.016811 0.0064384 0 0
0 0 0.25855 0 0 0 0 0 0 0 0 0 0 -0.087979 0.043989 0.23911 -0.027663 0.033583 -0.016356 0 0
0 0 0.22759 0 0 0 0 0 0 0 0 0 0 -0.077443 0.038722 0.21048 -0.023901 0.030001 -0.014313 0 0
-0 -0 -0.12207 0 0 0 0 0 0 0 0 0 0 0.041539 -0.020769 -0.1129 0.0098238 -0.018391 0.006998 0 0
-0 -0 -0.26616 0 0 0 0 0 0 0 0 0 0 0.090566 -0.045283 -0.24615 0.018464 -0.041697 0.014464 0 0
0 0 0.17004 0 0 0 0 0 0 0 0 0 0 -0.057861 0.02893 0.15726 -0.017218 0.023007 -0.010568 0 0
0 0 0.046919 0 0 0 0 0 0 0 0 0 0 -0.015965 0.0079826 0.043391 -0.0043549 0.006675 -0.0028303 0 0
-0 -0 -0.19514 0 0 0 0 0 0 0 0 0 0 0.066401 -0.033201 -0.18047 0.014617 -0.03002 0.010901 0 0
0 0 0.28537 0 0 0 0 0 0 0 0 0 0 -0.097104 0.048552 0.26391 -0.031011 0.036579 -0.01814 0 0
0 0 0.036712 0 0 0 0 0 0 0 0 0 0 -0.012492 0.006246 0.033952 -0.003381 0.005243 -0.0022086 0 0
0 0 0.21108 0 0 0 0 0 0 0 0 0 0 -0.071826 0.035913 0.19521 -0.021942 0.028039 -0.013232 0 0
-0 -0 -0.1121 0 0 0 0 0 0 0 0 0 0 0.038144 -0.019072 -0.10367 0.0091051 -0.016837 0.0064476 0 0
0 0 0.13521 0 0 0 0 0 0 0 0 0 0 -0.046007 0.023003 0.12504 -0.013375 0.01857 -0.0083372 0 0
0 0 0.085389 0 0 0 0 0 0 0 0 0 0 -0.029056 0.014528 0.078969 -0.0081554 0.011969 -0.0052025 0 0
0 0 0.27973 0 0 0 0 0 0 0 0 0 0 -0.095184 0.047592 0.2587 -0.0303 0.035957 -0.017764 0 0
-0 -0 -0.29032 0 0 0 0 0 0 0 0 0 0 0.098789 -0.049394 -0.26849 0.019587 -0.045743 0.015622 0 0
0 0 0.2849 0 0 0 0 0 0 0 0 0 0 -0.096942 0.048471 0.26347 -0.030951 0.036527 -0.018108 0 0
0 0 0.21825 0 0 0 0 0 0 0 0 0 0 -0.074266 0.037133 0.20184 -0.022789 0.028896 -0.013701 0 0
-0 -0 -0.064561 0 0 0 0 0 0 0 0 0 0 0.021968 -0.010984 -0.059707 0.0054725 -0.0095525 0.0037709 0 0
0 0 0.029174 0 0 0 0 0 0 0 0 0 0 -0.0099271 0.0049636 0.02698 -0.0026712 0.0041781 -0.0017515 0 0
-0 -0 -0.12627 0 0 0 0 0 0 0 0 0 0 0.042965 -0.021483 -0.11677 0.010121 -0.019047 0.0072281 0 0
-0 -0 -0.34722 0 0 0 0 0 0 0 0 0 0 0.11815 -0.059074 -0.32111 0.021854 -0.055399 0.018232 0 0
0 0 0.16436 0 0 0 0 0 0 0 0 0 0 -0.055927 0.027964 0.152 -0.01658 0.022294 -0.010202 0 0
0 0 0.19295 0 0 0 0 0 0 0 0 0 0 -0.065657 0.032829 0.17845 -0.019829 0.025843 -0.01205 0 0
0 0 0.24107 0 0 0 0 0 0 0 0 0 0 -0.082028 0.041014 0.22294 -0.025524 0.031576 -0.0152 0 0
-0 -0 -0.19669 0 0 0 0 0 0 0 0 0 0 0.066927 -0.033463 -0.1819 0.014709 -0.03027 0.010981 0 0
-0 -0 -0.092635 0 0 0 0 0 0 0 0 0 0 0.031521 -0.015761 -0.08567 0.0076592 -0.01383 0.0053624 0 0
0 0 0.08416 0 0 0 0 0 0 0 0 0 0 -0.028637 0.014319 0.077832 -0.0080308 0.011802 -0.0051261 0 0
0 0 0.029826 0 0 0 0 0 0 0 0 0 0 -0.010149 0.0050744 0.027583 -0.0027322 0.0042704 -0.0017909 0 0
0 0 0.13582 0 0 0 0 0 0 0 0 0 0 -0.046214 0.023107 0.1256 -0.01344 0.018649 -0.008376 0 0
0 0 0.12407 0 0 0 0 0 0 0 0 0 0 -0.042219 0.021109 0.11474 -0.01218 0.01712 -0.007631 0 0
-0 -0 -0.025698 0 0 0 0 0 0 0 0 0 0 0.0087442 -0.0043721 -0.023765 0.0022515 -0.003753 0.0015188 0 0
0 0 0.22388 0 0 0 0 0 0 0 0 0 0 -0.076179 0.03809 0.20704 -0.023457 0.029563 -0.01407 0 0
-0 -0 -0.2686 0 0 0 0 0 0 0 0 0 0 0.091398 -0.045699 -0.24841 0.018582 -0.042104 0.014583 0 0
0 0 0.17759 0 0 0 0 0 0 0 0 0 0 -0.060428 0.030214 0.16423 -0.01807 0.023949 -0.011055 0 0
-0 -0 -0.034259 0 0 0 0 0 0 0 0 0 0 0.011657 -0.0058287 -0.031683 0.0029801 -0.005018 0.0020197 0 0
0 0 0.20334 0 0 0 0 0 0 0 0 0 0 -0.069192 0.034596 0.18805 -0.021035 0.027107 -0.012726 0 0
0 0 0.15728 0 0 0 0 0 0 0 0 0 0 -0.053517 0.026759 0.14545 -0.015791 0.021399 -0.009747 0 0
0 0 0.12246 0 0 0 0 0 0 0 0 0 0 -0.041669 0.020835 0.11325 -0.012008 0.016909 -0.0075288 0 0
0 0 0.12611 0 0 0 0 0 0 0 0 0 0 -0.042912 0.021456 0.11663 -0.012397 0.017386 -0.0077599 0 0
-0 -0 -0.2827 0 0 0 0 0 0 0 0 0 0 0.096195 -0.048097 -0.26144 0.019243 -0.044463 0.01526 0 0
-0 -0 -0.17957 0 0 0 0 0 0 0 0 0 0 0.061104 -0.030552 -0.16607 0.013665 -0.027508 0.010089 0 0
0 0 0.32277 0 0 0 0 0 0 0 0 0 0 -0.10983 0.054914 0.2985 -0.035815 0.04059 -0.020645 0 0
0 0 0.16755 0 0 0 0 0 0 0 0 0 0 -0.057013 0.028506 0.15495 -0.016938 0.022695 -0.010407 0 0
-0 -0 -0.031712 0 0 0 0 0 0 0 0 0 0 0.010791 -0.0053953 -0.029327 0.0027645 -0.0046408 0.0018709 0 0
0 0 0.17105 0 0 0 0 0 0 0 0 0 0 -0.058203 0.029101 0.15819 -0.017331 0.023133 -0.010632 0 0
0 0 0.13816 0 0 0 0 0 0 0 0 0 0 -0.047013 0.023506 0.12777 -0.013694 0.018952 -0.0085253 0 0
0 0 0.18058 0 0 0 0 0 0 0 0 0 0 -0.061447 0.030723 0.167 -0.018411 0.02432 -0.011248 0 0
0 0 0.002164 0 0 0 0 0 0 0 0 0 0 -0.00073636 0.00036818 0.0020013 -0.00019396 0.00031297 -0.00012894 0 0
-0 -0 -0.31519 0 0 0 0 0 0 0 0 0 0 0.10725 -0.053626 -0.29149 0.020643 -0.049943 0.016783 0 0
0 0 0.31332 0 0 0 0 0 0 0 0 0 0 -0.10662 0.053308 0.28976 -0.034588 0.039596 -0.020011 0 0
0 0 0.24409 0 0 0 0 0 0 0 0 0 0 -0.083058 0.041529 0.22574 -0.025892 0.031926 -0.0154 0 0
-0 -0 -0.10065 0 0 0 0 0 0 0 0 0 0 0.034249 -0.017124 -0.093083 0.0082616 -0.015065 0.0058112 0 0
0 0 0.088746 0 0 0 0 0 0 0 0 0 0 -0.030198 0.015099 0.082073 -0.0084966 0.012423 -0.0054116 0 0
0 0 0.18276 0 0 0 0 0 0 0 0 0 0 -0.062186 0.031093 0.16901 -0.018659 0.024589 -0.011389 0 0
0 0 0.015408 0 0 0 0 0 0 0 0 0 0 -0.0052428 0.0026214 0.014249 -0.0013956 0.0022177 -0.00092148 0 0
-0 -0 -0.2294 0 0 0 0 0 0 0 0 0 0 0.078058 -0.039029 -0.21215 0.016573 -0.03561 0.012649 0 0
0 0 0.20734 0 0 0 0 0 0 0 0 0 0 -0.070553 0.035277 0.19175 -0.021503 0.027589 -0.012987 0 0
0 0 0.12925 0 0 0 0 0 0 0 0 0 0 -0.043981 0.021991 0.11953 -0.012734 0.017796 -0.0079592 0 0
-0 -0 -0.04636 0 0 0 0 0 0 0 0 0 0 0.015775 -0.0078876 -0.042874 0.0039918 -0.0068183 0.0027231 0 0
-0 -0 -0.13409 0 0 0 0 0 0 0 0 0 0 0.045626 -0.022813 -0.124 0.010669 -0.020274 0.0076551 0 0
-0 -0 -0.033776 0 0 0 0 0 0 0 0 0 0 0.011493 -0.0057465 -0.031236 0.0029393 -0.0049464 0.0019915 0 0
0 0 0.21117 0 0 0 0 0 0 0 0 0 0 -0.071855 0.035928 0.19529 -0.021952 0.028049 -0.013237 0 0
0 0 0.30488 0 0 0 0 0 0 0 0 0 0 -0.10374 0.051871 0.28195 -0.033498 0.038696 -0.019444 0 0
-0 -0 -0.32086 0 0 0 0 0 0 0 0 0 0 0.10918 -0.054591 -0.29674 0.02087 -0.050905 0.017044 0 0
0 0 0.31632 0 0 0 0 0 0 0 0 0 0 -0.10764 0.053818 0.29254 -0.034976 0.039913 -0.020212 0 0
-0 -0 -0.28765 0 0 0 0 0 0 0 0 0 0 0.097879 -0.048939 -0.26602 0.019468 -0.045294 0.015496 0 0
