-0 -0 -0.31812 0 0 0 0 0 0 0 0 0 0 0.10292 -0.063391 -0.29426 0.0085293 -0.019432 0.0071693 0 0
0 0 0.070344 0 0 0 0 0 0 0 0 0 0 -0.022758 0.014017 0.065068 -0.0026895 0.0037956 -0.0017583 0 0
0 0 0.17574 0 0 0 0 0 0 0 0 0 0 -0.056858 0.035019 0.16256 -0.0072102 0.0090573 -0.004473 0 0
0 0 0.2761 0 0 0 0 0 0 0 0 0 0 -0.089326 0.055017 0.25539 -0.012021 0.013546 -0.0071227 0 0
-0 -0 -0.26531 0 0 0 0 0 0 0 0 0 0 0.085835 -0.052867 -0.24541 0.0075478 -0.015996 0.0060859 0 0
-0 -0 -0.065892 0 0 0 0 0 0 0 0 0 0 0.021318 -0.01313 -0.06095 0.0022673 -0.0037421 0.0015991 0 0
-0 -0 -0.058803 0 0 0 0 0 0 0 0 0 0 0.019024 -0.011717 -0.054393 0.0020354 -0.0033313 0.0014295 0 0
-0 -0 -0.25145 0 0 0 0 0 0 0 0 0 0 0.081352 -0.050106 -0.23259 0.0072607 -0.015106 0.0057937 0 0
0 0 0.1942 0 0 0 0 0 0 0 0 0 0 -0.062829 0.038697 0.17963 -0.0080593 0.0099225 -0.0049564 0 0
0 0 0.2691 0 0 0 0 0 0 0 0 0 0 -0.087062 0.053622 0.24892 -0.01167 0.013251 -0.0069364 0 0
0 0 0.13737 0 0 0 0 0 0 0 0 0 0 -0.044442 0.027372 0.12706 -0.0054984 0.0072036 -0.003475 0 0
-0 -0 -0.062705 0 0 0 0 0 0 0 0 0 0 0.020287 -0.012495 -0.058002 0.0021634 -0.0035571 0.001523 0 0
-0 -0 -0.15344 0 0 0 0 0 0 0 0 0 0 0.049643 -0.030576 -0.14193 0.0048856 -0.0089651 0.0036401 0 0
0 0 0.25897 0 0 0 0 0 0 0 0 0 0 -0.083783 0.051603 0.23954 -0.011167 0.012818 -0.006667 0 0
-0 -0 -0.27843 0 0 0 0 0 0 0 0 0 0 0.090079 -0.055481 -0.25754 0.0078083 -0.016843 0.0063595 0 0
-0 -0 -0.19645 0 0 0 0 0 0 0 0 0 0 0.063558 -0.039146 -0.18172 0.0060015 -0.011625 0.0046033 0 0
-0 -0 -0.094008 0 0 0 0 0 0 0 0 0 0 0.030414 -0.018733 -0.086957 0.003158 -0.0053897 0.0022656 0 0
-0 -0 -0.3449 0 0 0 0 0 0 0 0 0 0 0.11159 -0.068727 -0.31903 0.0089582 -0.021198 0.0076998 0 0
0 0 0.041247 0 0 0 0 0 0 0 0 0 0 -0.013345 0.0082192 0.038154 -0.0015441 0.0022517 -0.0010251 0 0
0 0 0.18132 0 0 0 0 0 0 0 0 0 0 -0.058661 0.03613 0.16772 -0.0074649 0.0093204 -0.0046188 0 0
0 0 0.2719 0 0 0 0 0 0 0 0 0 0 -0.087966 0.05418 0.2515 -0.01181 0.013369 -0.0070108 0 0
-0 -0 -0.32208 0 0 0 0 0 0 0 0 0 0 0.1042 -0.064179 -0.29792 0.0085956 -0.019692 0.0072485 0 0
0 0 0.27306 0 0 0 0 0 0 0 0 0 0 -0.088342 0.054411 0.25258 -0.011868 0.013418 -0.0070416 0 0
-0 -0 -0.28995 0 0 0 0 0 0 0 0 0 0 0.093808 -0.057777 -0.2682 0.0080281 -0.017591 0.0065974 0 0
0 0 0.026639 0 0 0 0 0 0 0 0 0 0 -0.0086184 0.0053082 0.024641 -0.00098646 0.0014626 -0.00066009 0 0
0 0 0.22975 0 0 0 0 0 0 0 0 0 0 -0.07433 0.045781 0.21252 -0.0097407 0.011539 -0.0058928 0 0
0 0 0.020318 0 0 0 0 0 0 0 0 0 0 -0.0065734 0.0040486 0.018794 -0.00074881 0.0011182 -0.0005028 0 0
-0 -0 -0.054776 0 0 0 0 0 0 0 0 0 0 0.017722 -0.010915 -0.050668 0.0019023 -0.0030989 0.0013329 0 0
0 0 0.0091632 0 0 0 0 0 0 0 0 0 0 -0.0029645 0.0018259 0.0084759 -0.00033486 0.00050647 -0.00022622 0 0
0 0 0.10478 0 0 0 0 0 0 0 0 0 0 -0.0339 0.020879 0.096923 -0.0041035 0.0055731 -0.0026358 0 0
0 0 0.10365 0 0 0 0 0 0 0 0 0 0 -0.033534 0.020654 0.095877 -0.0040561 0.0055156 -0.0026069 0 0
0 0 0.093749 0 0 0 0 0 0 0 0 0 0 -0.03033 0.018681 0.086717 -0.0036437 0.0050096 -0.0023536 0 0
0 0 0.16329 0 0 0 0 0 0 0 0 0 0 -0.052829 0.032538 0.15104 -0.0066467 0.0084639 -0.0041481 0 0
0 0 0.24104 0 0 0 0 0 0 0 0 0 0 -0.077982 0.04803 0.22296 -0.010287 0.012039 -0.0061914 0 0
-0 -0 -0.12052 0 0 0 0 0 0 0 0 0 0 0.038993 -0.024016 -0.11148 0.0039551 -0.0069698 0.0028848 0 0
-0 -0 -0.29153 0 0 0 0 0 0 0 0 0 0 0.094319 -0.058092 -0.26967 0.0080576 -0.017694 0.0066299 0 0
0 0 0.011489 0 0 0 0 0 0 0 0 0 0 -0.0037169 0.0022893 0.010627 -0.00042058 0.00063444 -0.00028378 0 0
0 0 0.25692 0 0 0 0 0 0 0 0 0 0 -0.083122 0.051196 0.23765 -0.011066 0.01273 -0.0066128 0 0
0 0 0.084896 0 0 0 0 0 0 0 0 0 0 -0.027466 0.016917 0.078529 -0.0032794 0.0045534 -0.0021279 0 0
-0 -0 -0.24875 0 0 0 0 0 0 0 0 0 0 0.080477 -0.049566 -0.23009 0.0072032 -0.014933 0.0057363 0 0
-0 -0 -0.068465 0 0 0 0 0 0 0 0 0 0 0.02215 -0.013643 -0.06333 0.0023507 -0.0038916 0.0016605 0 0
0 0 0.096977 0 0 0 0 0 0 0 0 0 0 -0.031375 0.019324 0.089703 -0.0037776 0.005175 -0.0024361 0 0
-0 -0 -0.30864 0 0 0 0 0 0 0 0 0 0 0.099854 -0.061501 -0.28549 0.0083663 -0.01881 0.0069784 0 0
0 0 0.26069 0 0 0 0 0 0 0 0 0 0 -0.084342 0.051947 0.24114 -0.011252 0.012892 -0.0067129 0 0
0 0 0.32317 0 0 0 0 0 0 0 0 0 0 -0.10456 0.064397 0.29894 -0.014434 0.015464 -0.0083796 0 0
0 0 0.1011 0 0 0 0 0 0 0 0 0 0 -0.03271 0.020146 0.09352 -0.0039495 0.0053858 -0.0025416 0 0
0 0 0.22937 0 0 0 0 0 0 0 0 0 0 -0.074207 0.045705 0.21217 -0.0097224 0.011522 -0.0058827 0 0
0 0 0.21759 0 0 0 0 0 0 0 0 0 0 -0.070397 0.043358 0.20127 -0.0091589 0.010994 -0.0055717 0 0
0 0 0.094094 0 0 0 0 0 0 0 0 0 0 -0.030442 0.01875 0.087037 -0.003658 0.0050273 -0.0023624 0 0
0 0 0.27988 0 0 0 0 0 0 0 0 0 0 -0.09055 0.055771 0.25889 -0.012211 0.013705 -0.0072234 0 0
-0 -0 -0.0019824 0 0 0 0 0 0 0 0 0 0 0.00064135 -0.00039501 -0.0018337 7.1822e-05 -0.00011003 4.8823e-05 0 0
0 0 0.22569 0 0 0 0 0 0 0 0 0 0 -0.073017 0.044972 0.20876 -0.0095458 0.011358 -0.0057855 0 0
0 0 0.24851 0 0 0 0 0 0 0 0 0 0 -0.080402 0.04952 0.22988 -0.010652 0.012366 -0.0063896 0 0
0 0 0.03476 0 0 0 0 0 0 0 0 0 0 -0.011246 0.0069265 0.032153 -0.001295 0.0019024 -0.00086279 0 0
0 0 0.14848 0 0 0 0 0 0 0 0 0 0 -0.048039 0.029588 0.13735 -0.0059868 0.0077482 -0.0037631 0 0
0 0 0.31402 0 0 0 0 0 0 0 0 0 0 -0.10159 0.062572 0.29046 -0.013957 0.0151 -0.0081346 0 0
0 0 0.098328 0 0 0 0 0 0 0 0 0 0 -0.031812 0.019593 0.090953 -0.0038338 0.0052442 -0.0024706 0 0
-0 -0 -0.021544 0 0 0 0 0 0 0 0 0 0 0.00697 -0.0042929 -0.019928 0.00076864 -0.0012044 0.0005283 0 0
-0 -0 -0.21959 0 0 0 0 0 0 0 0 0 0 0.071045 -0.043757 -0.20312 0.0065545 -0.013079 0.0051101 0 0
-0 -0 -0.078795 0 0 0 0 0 0 0 0 0 0 0.025492 -0.015701 -0.072885 0.0026818 -0.0044945 0.0019062 0 0
-0 -0 -0.1322 0 0 0 0 0 0 0 0 0 0 0.04277 -0.026343 -0.12228 0.0042926 -0.0076732 0.0031544 0 0
-0 -0 -0.25667 0 0 0 0 0 0 0 0 0 0 0.083041 -0.051146 -0.23742 0.0073703 -0.015441 0.0059041 0 0
-0 -0 -0.14437 0 0 0 0 0 0 0 0 0 0 0.046708 -0.028768 -0.13354 0.0046358 -0.0084116 0.0034335 0 0
-0 -0 -0.053258 0 0 0 0 0 0 0 0 0 0 0.017231 -0.010613 -0.049264 0.001852 -0.0030114 0.0012965 0 0
0 0 0.12846 0 0 0 0 0 0 0 0 0 0 -0.041562 0.025599 0.11883 -0.0051119 0.0067632 -0.0032449 0 0
-0 -0 -0.054014 0 0 0 0 0 0 0 0 0 0 0.017475 -0.010763 -0.049962 0.001877 -0.0030549 0.0013146 0 0
-0 -0 -0.3282 0 0 0 0 0 0 0 0 0 0 0.10618 -0.065398 -0.30358 0.0086961 -0.020095 0.0073704 0 0
0 0 0.12101 0 0 0 0 0 0 0 0 0 0 -0.03915 0.024113 0.11193 -0.0047914 0.0063914 -0.0030527 0 0
-0 -0 -0.29851 0 0 0 0 0 0 0 0 0 0 0.096576 -0.059482 -0.27612 0.0081857 -0.018148 0.0067726 0 0
0 0 0.30148 0 0 0 0 0 0 0 0 0 0 -0.097536 0.060074 0.27887 -0.01331 0.014595 -0.0077994 0 0
0 0 0.12926 0 0 0 0 0 0 0 0 0 0 -0.041818 0.025756 0.11956 -0.0051462 0.0068026 -0.0032654 0 0
-0 -0 -0.15805 0 0 0 0 0 0 0 0 0 0 0.051134 -0.031494 -0.1462 0.0050107 -0.0092473 0.0037446 0 0
-0 -0 -0.086523 0 0 0 0 0 0 0 0 0 0 0.027993 -0.017241 -0.080033 0.0029254 -0.0049482 0.0020892 0 0
0 0 0.23871 0 0 0 0 0 0 0 0 0 0 -0.077231 0.047567 0.22081 -0.010174 0.011937 -0.0061299 0 0
0 0 0.32726 0 0 0 0 0 0 0 0 0 0 -0.10588 0.065212 0.30272 -0.014648 0.015624 -0.008489 0 0
-0 -0 -0.29208 0 0 0 0 0 0 0 0 0 0 0.094496 -0.058201 -0.27017 0.0080677 -0.017729 0.0066411 0 0
0 0 0.24391 0 0 0 0 0 0 0 0 0 0 -0.078912 0.048603 0.22562 -0.010427 0.012165 -0.0062676 0 0
-0 -0 -0.24585 0 0 0 0 0 0 0 0 0 0 0.07954 -0.04899 -0.22741 0.0071412 -0.014748 0.0056747 0 0
-0 -0 -0.29027 0 0 0 0 0 0 0 0 0 0 0.093911 -0.057841 -0.2685 0.0080341 -0.017612 0.006604 0 0
-0 -0 -0.069469 0 0 0 0 0 0 0 0 0 0 0.022475 -0.013843 -0.064259 0.0023832 -0.0039501 0.0016845 0 0
0 0 0.16547 0 0 0 0 0 0 0 0 0 0 -0.053536 0.032973 0.15306 -0.006745 0.0085685 -0.004205 0 0
-0 -0 -0.31068 0 0 0 0 0 0 0 0 0 0 0.10052 -0.061908 -0.28738 0.008402 -0.018944 0.0070197 0 0
0 0 0.3337 0 0 0 0 0 0 0 0 0 0 -0.10796 0.066495 0.30867 -0.014986 0.015875 -0.0086615 0 0
0 0 0.09669 0 0 0 0 0 0 0 0 0 0 -0.031282 0.019267 0.089438 -0.0037656 0.0051604 -0.0024287 0 0
0 0 0.26377 0 0 0 0 0 0 0 0 0 0 -0.085338 0.052561 0.24399 -0.011405 0.013024 -0.0067947 0 0
0 0 0.32268 0 0 0 0 0 0 0 0 0 0 -0.1044 0.0643 0.29848 -0.014408 0.015444 -0.0083665 0 0
-0 -0 -0.26871 0 0 0 0 0 0 0 0 0 0 0.086936 -0.053545 -0.24856 0.0076164 -0.016215 0.0061571 0 0
-0 -0 -0.30022 0 0 0 0 0 0 0 0 0 0 0.09713 -0.059823 -0.2777 0.0082167 -0.01826 0.0068075 0 0
-0 -0 -0.25937 0 0 0 0 0 0 0 0 0 0 0.083913 -0.051683 -0.23991 0.0074262 -0.015614 0.005961 0 0
0 0 0.028089 0 0 0 0 0 0 0 0 0 0 -0.0090877 0.0055972 0.025983 -0.0010413 0.0015413 -0.00069625 0 0
0 0 0.18884 0 0 0 0 0 0 0 0 0 0 -0.061094 0.037629 0.17467 -0.0078109 0.009673 -0.0048157 0 0
0 0 0.31017 0 0 0 0 0 0 0 0 0 0 -0.10035 0.061807 0.28691 -0.013758 0.014947 -0.0080319 0 0
-0 -0 -0.22589 0 0 0 0 0 0 0 0 0 0 0.073082 -0.045012 -0.20895 0.0066992 -0.013478 0.0052465 0 0
-0 -0 -0.038971 0 0 0 0 0 0 0 0 0 0 0.012608 -0.0077655 -0.036048 0.0013711 -0.0021924 0.00095185 0 0
0 0 0.1528 0 0 0 0 0 0 0 0 0 0 -0.049435 0.030447 0.14134 -0.0061779 0.0079578 -0.0038751 0 0
0 0 0.066547 0 0 0 0 0 0 0 0 0 0 -0.02153 0.01326 0.061555 -0.0025374 0.0035962 -0.0016622 0 0
-0 -0 -0.30336 0 0 0 0 0 0 0 0 0 0 0.098147 -0.06045 -0.28061 0.0082731 -0.018465 0.0068715 0 0
0 0 0.142 0 0 0 0 0 0 0 0 0 0 -0.045942 0.028296 0.13135 -0.0057013 0.0074314 -0.003595 0 0
-0 -0 -0.05924 0 0 0 0 0 0 0 0 0 0 0.019166 -0.011804 -0.054797 0.0020497 -0.0033566 0.00144 0 0
-0 -0 -0.0072915 0 0 0 0 0 0 0 0 0 0 0.002359 -0.0014529 -0.0067446 0.00026309 -0.00040551 0.00017937 0 0
