-0 -0 -0.28 0 0 0 0 0 0 0 0 0 0 0.078592 -0.07016 -0.25942 -0.0087128 -0.010895 0.00030709 0 0
0 0 0.21821 0 0 0 0 0 0 0 0 0 0 -0.06125 0.054678 0.20218 0.0046323 0.0097762 -0.0012406 0 0
0 0 0.13598 0 0 0 0 0 0 0 0 0 0 -0.038169 0.034074 0.12599 0.003128 0.0059933 -0.00067325 0 0
-0 -0 -0.20104 0 0 0 0 0 0 0 0 0 0 0.056429 -0.050375 -0.18627 -0.0059722 -0.008056 0.00036944 0 0
-0 -0 -0.14 0 0 0 0 0 0 0 0 0 0 0.039297 -0.035081 -0.12971 -0.004 -0.0057279 0.0003373 0 0
0 0 0.24534 0 0 0 0 0 0 0 0 0 0 -0.068864 0.061475 0.22731 0.0050621 0.011045 -0.0014535 0 0
0 0 0.057484 0 0 0 0 0 0 0 0 0 0 -0.016135 0.014404 0.053259 0.0014171 0.0024882 -0.00024363 0 0
-0 -0 -0.27081 0 0 0 0 0 0 0 0 0 0 0.076013 -0.067857 -0.25091 -0.0083834 -0.010576 0.00032037 0 0
0 0 0.1034 0 0 0 0 0 0 0 0 0 0 -0.029024 0.02591 0.095804 0.0024499 0.0045247 -0.00048148 0 0
0 0 0.04037 0 0 0 0 0 0 0 0 0 0 -0.011331 0.010116 0.037403 0.0010094 0.00174 -0.00016477 0 0
0 0 0.26292 0 0 0 0 0 0 0 0 0 0 -0.073798 0.06588 0.2436 0.0053228 0.011872 -0.0015981 0 0
-0 -0 -0.058918 0 0 0 0 0 0 0 0 0 0 0.016537 -0.014763 -0.054588 -0.001591 -0.0024718 0.00018647 0 0
0 0 0.29499 0 0 0 0 0 0 0 0 0 0 -0.082799 0.073915 0.27331 0.0057619 0.013388 -0.0018753 0 0
0 0 0.20799 0 0 0 0 0 0 0 0 0 0 -0.058381 0.052118 0.19271 0.0044617 0.0093008 -0.0011637 0 0
-0 -0 -0.0037688 0 0 0 0 0 0 0 0 0 0 0.0010579 -0.00094436 -0.0034918 -9.7628e-05 -0.00016058 1.3852e-05 0 0
0 0 0.2456 0 0 0 0 0 0 0 0 0 0 -0.068937 0.061541 0.22755 0.0050661 0.011057 -0.0014556 0 0
-0 -0 -0.072448 0 0 0 0 0 0 0 0 0 0 0.020335 -0.018153 -0.067124 -0.0019757 -0.0030273 0.00022019 0 0
0 0 0.030479 0 0 0 0 0 0 0 0 0 0 -0.0085552 0.0076373 0.02824 0.00076832 0.0013104 -0.00012164 0 0
-0 -0 -0.13343 0 0 0 0 0 0 0 0 0 0 0.037452 -0.033433 -0.12362 -0.0037955 -0.0054706 0.00032966 0 0
-0 -0 -0.081899 0 0 0 0 0 0 0 0 0 0 0.022988 -0.020522 -0.07588 -0.0022485 -0.0034125 0.00024171 0 0
0 0 0.31317 0 0 0 0 0 0 0 0 0 0 -0.087904 0.078473 0.29016 0.0059898 0.014253 -0.0020401 0 0
-0 -0 -0.18093 0 0 0 0 0 0 0 0 0 0 0.050785 -0.045337 -0.16764 -0.0053079 -0.0073013 0.00036659 0 0
-0 -0 -0.24584 0 0 0 0 0 0 0 0 0 0 0.069005 -0.061601 -0.22778 -0.007502 -0.009692 0.00034844 0 0
-0 -0 -0.078277 0 0 0 0 0 0 0 0 0 0 0.021971 -0.019614 -0.072525 -0.0021435 -0.0032651 0.00023366 0 0
-0 -0 -0.31009 0 0 0 0 0 0 0 0 0 0 0.087038 -0.0777 -0.2873 -0.0098103 -0.011923 0.00025254 0 0
0 0 0.079054 0 0 0 0 0 0 0 0 0 0 -0.022189 0.019809 0.073245 0.0019134 0.0034397 -0.00035061 0 0
0 0 0.11853 0 0 0 0 0 0 0 0 0 0 -0.033269 0.029699 0.10982 0.0027704 0.005204 -0.00056814 0 0
-0 -0 -0.17856 0 0 0 0 0 0 0 0 0 0 0.050119 -0.044742 -0.16544 -0.0052304 -0.0072114 0.00036575 0 0
-0 -0 -0.26471 0 0 0 0 0 0 0 0 0 0 0.074301 -0.06633 -0.24526 -0.0081663 -0.010362 0.0003283 0 0
-0 -0 -0.19701 0 0 0 0 0 0 0 0 0 0 0.055297 -0.049364 -0.18253 -0.0058378 -0.0079056 0.00036948 0 0
0 0 0.23851 0 0 0 0 0 0 0 0 0 0 -0.066948 0.059765 0.22099 0.0049571 0.010725 -0.0013987 0 0
-0 -0 -0.080278 0 0 0 0 0 0 0 0 0 0 0.022533 -0.020115 -0.074378 -0.0022015 -0.0033466 0.00023814 0 0
0 0 0.29539 0 0 0 0 0 0 0 0 0 0 -0.082913 0.074017 0.27369 0.0057671 0.013408 -0.001879 0 0
0 0 0.13318 0 0 0 0 0 0 0 0 0 0 -0.037382 0.033371 0.12339 0.0030715 0.0058662 -0.00065601 0 0
0 0 0.14318 0 0 0 0 0 0 0 0 0 0 -0.040189 0.035878 0.13266 0.0032716 0.0063203 -0.00071817 0 0
0 0 0.2257 0 0 0 0 0 0 0 0 0 0 -0.063352 0.056555 0.20912 0.0047543 0.010126 -0.0012981 0 0
0 0 0.066088 0 0 0 0 0 0 0 0 0 0 -0.01855 0.01656 0.061232 0.0016174 0.0028667 -0.00028529 0 0
0 0 0.092267 0 0 0 0 0 0 0 0 0 0 -0.025898 0.02312 0.085486 0.0022077 0.0040271 -0.0004203 0 0
-0 -0 -0.025428 0 0 0 0 0 0 0 0 0 0 0.0071373 -0.0063716 -0.023559 -0.00066976 -0.001077 8.8373e-05 0 0
0 0 0.23533 0 0 0 0 0 0 0 0 0 0 -0.066055 0.058968 0.21804 0.0049074 0.010576 -0.0013735 0 0
0 0 0.19573 0 0 0 0 0 0 0 0 0 0 -0.054938 0.049043 0.18134 0.0042507 0.0087318 -0.0010737 0 0
0 0 0.19653 0 0 0 0 0 0 0 0 0 0 -0.055165 0.049246 0.18209 0.0042649 0.0087692 -0.0010796 0 0
-0 -0 -0.066842 0 0 0 0 0 0 0 0 0 0 0.018762 -0.016749 -0.06193 -0.0018154 -0.0027977 0.00020663 0 0
0 0 0.026641 0 0 0 0 0 0 0 0 0 0 -0.0074778 0.0066755 0.024683 0.00067366 0.0011443 -0.00010538 0 0
0 0 0.12506 0 0 0 0 0 0 0 0 0 0 -0.035102 0.031336 0.11587 0.0029057 0.0054987 -0.00060682 0 0
0 0 0.10584 0 0 0 0 0 0 0 0 0 0 -0.029708 0.02652 0.098062 0.0025022 0.0046339 -0.00049517 0 0
-0 -0 -0.31858 0 0 0 0 0 0 0 0 0 0 0.089421 -0.079827 -0.29517 -0.010125 -0.012207 0.00023408 0 0
-0 -0 -0.27519 0 0 0 0 0 0 0 0 0 0 0.077244 -0.068956 -0.25497 -0.0085403 -0.010729 0.00031423 0 0
-0 -0 -0.26997 0 0 0 0 0 0 0 0 0 0 0.075778 -0.067648 -0.25013 -0.0083535 -0.010546 0.0003215 0 0
-0 -0 -0.28253 0 0 0 0 0 0 0 0 0 0 0.079303 -0.070795 -0.26177 -0.0088041 -0.010983 0.00030315 0 0
-0 -0 -0.15023 0 0 0 0 0 0 0 0 0 0 0.042168 -0.037644 -0.13919 -0.0043212 -0.0061257 0.00034757 0 0
-0 -0 -0.10225 0 0 0 0 0 0 0 0 0 0 0.028701 -0.025622 -0.094739 -0.0028477 -0.0042341 0.00028239 0 0
-0 -0 -0.23824 0 0 0 0 0 0 0 0 0 0 0.066871 -0.059696 -0.22073 -0.0072376 -0.0094189 0.00035467 0 0
-0 -0 -0.15422 0 0 0 0 0 0 0 0 0 0 0.043288 -0.038644 -0.14289 -0.0044475 -0.0062801 0.00035105 0 0
0 0 0.18428 0 0 0 0 0 0 0 0 0 0 -0.051724 0.046175 0.17074 0.0040478 0.0082028 -0.00099213 0 0
0 0 0.34127 0 0 0 0 0 0 0 0 0 0 -0.09579 0.085513 0.31619 0.0063117 0.015595 -0.0023054 0 0
0 0 0.016142 0 0 0 0 0 0 0 0 0 0 -0.0045308 0.0040447 0.014956 0.00041163 0.00069143 -6.2292e-05 0 0
0 0 0.16304 0 0 0 0 0 0 0 0 0 0 -0.045763 0.040853 0.15106 0.003656 0.0072266 -0.00084684 0 0
0 0 0.2868 0 0 0 0 0 0 0 0 0 0 -0.080502 0.071865 0.26573 0.0056543 0.013 -0.001803 0 0
-0 -0 -0.049769 0 0 0 0 0 0 0 0 0 0 0.01397 -0.012471 -0.046112 -0.001335 -0.0020935 0.00016175 0 0
-0 -0 -0.18291 0 0 0 0 0 0 0 0 0 0 0.051341 -0.045833 -0.16947 -0.0053727 -0.0073762 0.00036721 0 0
0 0 0.2491 0 0 0 0 0 0 0 0 0 0 -0.06992 0.062418 0.2308 0.0051191 0.011222 -0.001484 0 0
0 0 0.2593 0 0 0 0 0 0 0 0 0 0 -0.072783 0.064974 0.24025 0.0052703 0.011701 -0.0015679 0 0
0 0 0.07965 0 0 0 0 0 0 0 0 0 0 -0.022357 0.019958 0.073797 0.0019268 0.0034661 -0.00035368 0 0
-0 -0 -0.012256 0 0 0 0 0 0 0 0 0 0 0.0034401 -0.0030711 -0.011355 -0.00031958 -0.00052101 4.4088e-05 0 0
0 0 0.16887 0 0 0 0 0 0 0 0 0 0 -0.047399 0.042314 0.15646 0.0037655 0.0074939 -0.00088593 0 0
0 0 0.096128 0 0 0 0 0 0 0 0 0 0 -0.026982 0.024087 0.089064 0.0022923 0.0041994 -0.00044126 0 0
0 0 0.035813 0 0 0 0 0 0 0 0 0 0 -0.010052 0.0089738 0.033181 0.00089885 0.0015418 -0.00014468 0 0
-0 -0 -0.17485 0 0 0 0 0 0 0 0 0 0 0.049078 -0.043812 -0.162 -0.0051098 -0.0070706 0.00036423 0 0
-0 -0 -0.030639 0 0 0 0 0 0 0 0 0 0 0.0086 -0.0076773 -0.028387 -0.00081021 -0.0012958 0.00010501 0 0
-0 -0 -0.039663 0 0 0 0 0 0 0 0 0 0 0.011133 -0.0099384 -0.036748 -0.001056 -0.0016732 0.00013262 0 0
-0 -0 -0.14217 0 0 0 0 0 0 0 0 0 0 0.039905 -0.035624 -0.13172 -0.0040677 -0.0058124 0.00033964 0 0
-0 -0 -0.30403 0 0 0 0 0 0 0 0 0 0 0.085337 -0.076181 -0.28169 -0.009587 -0.011719 0.00026489 0 0
0 0 0.30363 0 0 0 0 0 0 0 0 0 0 -0.085226 0.076082 0.28132 0.0058722 0.013799 -0.001953 0 0
0 0 0.19905 0 0 0 0 0 0 0 0 0 0 -0.055872 0.049878 0.18443 0.0043087 0.008886 -0.0010979 0 0
-0 -0 -0.33915 0 0 0 0 0 0 0 0 0 0 0.095194 -0.084981 -0.31423 -0.010897 -0.012886 0.00018379 0 0
-0 -0 -0.11798 0 0 0 0 0 0 0 0 0 0 0.033115 -0.029562 -0.10931 -0.0033212 -0.0048611 0.00030851 0 0
-0 -0 -0.2898 0 0 0 0 0 0 0 0 0 0 0.081343 -0.072616 -0.2685 -0.0090673 -0.011234 0.00029118 0 0
-0 -0 -0.2068 0 0 0 0 0 0 0 0 0 0 0.058045 -0.051817 -0.1916 -0.0061649 -0.0082697 0.00036886 0 0
0 0 0.048497 0 0 0 0 0 0 0 0 0 0 -0.013612 0.012152 0.044933 0.0012045 0.0020946 -0.00020155 0 0
0 0 0.059108 0 0 0 0 0 0 0 0 0 0 -0.016591 0.014811 0.054765 0.0014551 0.0025596 -0.00025139 0 0
-0 -0 -0.060922 0 0 0 0 0 0 0 0 0 0 0.0171 -0.015265 -0.056445 -0.0016476 -0.0025543 0.00019168 0 0
-0 -0 -0.28954 0 0 0 0 0 0 0 0 0 0 0.081269 -0.07255 -0.26826 -0.0090577 -0.011225 0.00029163 0 0
0 0 0.27622 0 0 0 0 0 0 0 0 0 0 -0.077531 0.069213 0.25592 0.0055107 0.0125 -0.001711 0 0
0 0 0.017263 0 0 0 0 0 0 0 0 0 0 -0.0048454 0.0043256 0.015994 0.00043982 0.00073965 -6.6795e-05 0 0
0 0 0.099903 0 0 0 0 0 0 0 0 0 0 -0.028041 0.025033 0.092561 0.0023743 0.004368 -0.00046201 0 0
0 0 0.081747 0 0 0 0 0 0 0 0 0 0 -0.022945 0.020484 0.07574 0.001974 0.0035592 -0.00036456 0 0
-0 -0 -0.038632 0 0 0 0 0 0 0 0 0 0 0.010844 -0.0096802 -0.035793 -0.0010277 -0.0016302 0.00012954 0 0
0 0 0.1956 0 0 0 0 0 0 0 0 0 0 -0.054901 0.049011 0.18122 0.0042485 0.0087258 -0.0010728 0 0
-0 -0 -0.1706 0 0 0 0 0 0 0 0 0 0 0.047886 -0.042748 -0.15806 -0.0049722 -0.0069089 0.00036217 0 0
-0 -0 -0.20316 0 0 0 0 0 0 0 0 0 0 0.057025 -0.050907 -0.18823 -0.0060431 -0.0081349 0.0003693 0 0
-0 -0 -0.11079 0 0 0 0 0 0 0 0 0 0 0.031097 -0.02776 -0.10265 -0.0031036 -0.0045753 0.00029714 0 0
-0 -0 -0.19973 0 0 0 0 0 0 0 0 0 0 0.056063 -0.050048 -0.18506 -0.0059287 -0.0080074 0.00036949 0 0
-0 -0 -0.036949 0 0 0 0 0 0 0 0 0 0 0.010371 -0.0092584 -0.034234 -0.00098171 -0.0015599 0.00012447 0 0
0 0 0.13898 0 0 0 0 0 0 0 0 0 0 -0.039011 0.034825 0.12877 0.0031881 0.0061294 -0.00069185 0 0
-0 -0 -0.19965 0 0 0 0 0 0 0 0 0 0 0.056039 -0.050027 -0.18498 -0.0059258 -0.0080042 0.00036949 0 0
-0 -0 -0.1339 0 0 0 0 0 0 0 0 0 0 0.037583 -0.033551 -0.12406 -0.00381 -0.005489 0.00033023 0 0
-0 -0 -0.10564 0 0 0 0 0 0 0 0 0 0 0.029653 -0.026471 -0.09788 -0.002949 -0.0043698 0.00028842 0 0
-0 -0 -0.083769 0 0 0 0 0 0 0 0 0 0 0.023513 -0.02099 -0.077613 -0.0023029 -0.0034884 0.00024577 0 0
0 0 0.19319 0 0 0 0 0 0 0 0 0 0 -0.054227 0.048409 0.179 0.0042064 0.0086147 -0.0010555 0 0
