-0 -0 -0.30165 0 0 0 0 0 0 0 0 0 0 0.097594 -0.060109 -0.27903 -0.0018543 -0.046543 0.0093779 0 0
-0 -0 -0.07635 0 0 0 0 0 0 0 0 0 0 0.024701 -0.015214 -0.070623 0.00081464 -0.01171 0.0028075 0 0
0 0 0.10617 0 0 0 0 0 0 0 0 0 0 -0.03435 0.021156 0.098208 -0.0025711 0.016001 -0.0043463 0 0
-0 -0 -0.27528 0 0 0 0 0 0 0 0 0 0 0.08906 -0.054853 -0.25463 -0.0011522 -0.042481 0.0087484 0 0
0 0 0.26611 0 0 0 0 0 0 0 0 0 0 -0.086095 0.053027 0.24615 -0.009537 0.039123 -0.011764 0 0
0 0 0.26015 0 0 0 0 0 0 0 0 0 0 -0.084166 0.051839 0.24064 -0.0092122 0.038288 -0.01147 0 0
-0 -0 -0.092328 0 0 0 0 0 0 0 0 0 0 0.029871 -0.018398 -0.085403 0.00087495 -0.014174 0.0033595 0 0
0 0 0.23663 0 0 0 0 0 0 0 0 0 0 -0.076558 0.047153 0.21889 -0.0079796 0.034973 -0.010325 0 0
-0 -0 -0.22769 0 0 0 0 0 0 0 0 0 0 0.073665 -0.045371 -0.21061 -0.00014532 -0.035128 0.0075165 0 0
-0 -0 -0.22618 0 0 0 0 0 0 0 0 0 0 0.073175 -0.045069 -0.20921 -0.00011879 -0.034894 0.0074753 0 0
0 0 0.29054 0 0 0 0 0 0 0 0 0 0 -0.093999 0.057895 0.26875 -0.010919 0.042519 -0.012979 0 0
0 0 0.073448 0 0 0 0 0 0 0 0 0 0 -0.023763 0.014636 0.067939 -0.0016015 0.011114 -0.0029543 0 0
-0 -0 -0.072944 0 0 0 0 0 0 0 0 0 0 0.0236 -0.014535 -0.067473 0.00079685 -0.011185 0.0026882 0 0
0 0 0.17278 0 0 0 0 0 0 0 0 0 0 -0.055899 0.034429 0.15982 -0.0050269 0.025801 -0.0073162 0 0
0 0 0.28128 0 0 0 0 0 0 0 0 0 0 -0.091004 0.05605 0.26019 -0.010386 0.041237 -0.012516 0 0
0 0 0.12355 0 0 0 0 0 0 0 0 0 0 -0.039971 0.024618 0.11428 -0.0031496 0.018578 -0.0051037 0 0
0 0 0.13178 0 0 0 0 0 0 0 0 0 0 -0.042634 0.026259 0.1219 -0.0034391 0.019794 -0.0054669 0 0
-0 -0 -0.064206 0 0 0 0 0 0 0 0 0 0 0.020773 -0.012794 -0.059391 0.00074328 -0.0098393 0.0023796 0 0
-0 -0 -0.073664 0 0 0 0 0 0 0 0 0 0 0.023832 -0.014679 -0.068139 0.00080076 -0.011296 0.0027134 0 0
-0 -0 -0.013381 0 0 0 0 0 0 0 0 0 0 0.0043292 -0.0026664 -0.012378 0.0002056 -0.0020426 0.00051193 0 0
-0 -0 -0.1692 0 0 0 0 0 0 0 0 0 0 0.054742 -0.033716 -0.15651 0.00063126 -0.026069 0.0058366 0 0
0 0 0.331 0 0 0 0 0 0 0 0 0 0 -0.10709 0.065958 0.30618 -0.01339 0.048051 -0.015034 0 0
0 0 0.26144 0 0 0 0 0 0 0 0 0 0 -0.084583 0.052096 0.24183 -0.0092821 0.038469 -0.011534 0 0
-0 -0 -0.13288 0 0 0 0 0 0 0 0 0 0 0.042991 -0.026479 -0.12292 0.00085655 -0.020443 0.0047036 0 0
-0 -0 -0.21434 0 0 0 0 0 0 0 0 0 0 0.069345 -0.042711 -0.19826 7.684e-05 -0.033061 0.007149 0 0
-0 -0 -0.066509 0 0 0 0 0 0 0 0 0 0 0.021518 -0.013253 -0.061521 0.0007585 -0.010194 0.0024613 0 0
-0 -0 -0.28847 0 0 0 0 0 0 0 0 0 0 0.093328 -0.057481 -0.26683 -0.0014905 -0.044514 0.009068 0 0
-0 -0 -0.19055 0 0 0 0 0 0 0 0 0 0 0.061648 -0.03797 -0.17626 0.00040694 -0.029376 0.0064705 0 0
0 0 0.079509 0 0 0 0 0 0 0 0 0 0 -0.025723 0.015843 0.073545 -0.0017692 0.012022 -0.0032086 0 0
-0 -0 -0.12406 0 0 0 0 0 0 0 0 0 0 0.040136 -0.02472 -0.11475 0.0008815 -0.019078 0.0044181 0 0
-0 -0 -0.14625 0 0 0 0 0 0 0 0 0 0 0.047317 -0.029143 -0.13528 0.00079655 -0.022513 0.0051285 0 0
-0 -0 -0.016635 0 0 0 0 0 0 0 0 0 0 0.0053818 -0.0033147 -0.015387 0.00025156 -0.0025399 0.00063513 0 0
-0 -0 -0.22531 0 0 0 0 0 0 0 0 0 0 0.072894 -0.044896 -0.20841 -0.00010372 -0.034759 0.0074516 0 0
-0 -0 -0.19096 0 0 0 0 0 0 0 0 0 0 0.06178 -0.038051 -0.17663 0.00040198 -0.029439 0.0064824 0 0
-0 -0 -0.12662 0 0 0 0 0 0 0 0 0 0 0.040965 -0.025231 -0.11712 0.00087545 -0.019474 0.0045014 0 0
-0 -0 -0.26477 0 0 0 0 0 0 0 0 0 0 0.08566 -0.052759 -0.24491 -0.00090095 -0.040859 0.0084869 0 0
-0 -0 -0.28844 0 0 0 0 0 0 0 0 0 0 0.093318 -0.057475 -0.2668 -0.0014897 -0.044509 0.0090673 0 0
-0 -0 -0.17426 0 0 0 0 0 0 0 0 0 0 0.056378 -0.034724 -0.16119 0.00058426 -0.026852 0.0059889 0 0
-0 -0 -0.18602 0 0 0 0 0 0 0 0 0 0 0.060182 -0.037067 -0.17206 0.00046026 -0.028674 0.0063379 0 0
-0 -0 -0.13965 0 0 0 0 0 0 0 0 0 0 0.045182 -0.027828 -0.12918 0.00082951 -0.021492 0.0049199 0 0
0 0 0.31612 0 0 0 0 0 0 0 0 0 0 -0.10227 0.062992 0.29241 -0.012455 0.04603 -0.014272 0 0
-0 -0 -0.007594 0 0 0 0 0 0 0 0 0 0 0.0024569 -0.0015132 -0.0070245 0.00011995 -0.0011586 0.00029154 0 0
-0 -0 -0.079557 0 0 0 0 0 0 0 0 0 0 0.025739 -0.015853 -0.07359 0.00082981 -0.012204 0.0029193 0 0
0 0 0.13618 0 0 0 0 0 0 0 0 0 0 -0.044058 0.027136 0.12597 -0.0035978 0.020443 -0.0056622 0 0
-0 -0 -0.26772 0 0 0 0 0 0 0 0 0 0 0.086615 -0.053347 -0.24764 -0.00096989 -0.041315 0.008561 0 0
0 0 0.16967 0 0 0 0 0 0 0 0 0 0 -0.054892 0.033809 0.15694 -0.0048978 0.025348 -0.0071735 0 0
-0 -0 -0.34607 0 0 0 0 0 0 0 0 0 0 0.11196 -0.06896 -0.32011 -0.0032673 -0.053353 0.010351 0 0
-0 -0 -0.28617 0 0 0 0 0 0 0 0 0 0 0.092584 -0.057024 -0.26471 -0.0014297 -0.04416 0.009013 0 0
0 0 0.2824 0 0 0 0 0 0 0 0 0 0 -0.091366 0.056273 0.26122 -0.01045 0.041392 -0.012572 0 0
-0 -0 -0.18733 0 0 0 0 0 0 0 0 0 0 0.060606 -0.037328 -0.17328 0.00044513 -0.028877 0.0063764 0 0
-0 -0 -0.078927 0 0 0 0 0 0 0 0 0 0 0.025535 -0.015727 -0.073007 0.00082695 -0.012107 0.0028973 0 0
-0 -0 -0.27641 0 0 0 0 0 0 0 0 0 0 0.089426 -0.055078 -0.25568 -0.0011801 -0.042655 0.0087761 0 0
-0 -0 -0.13552 0 0 0 0 0 0 0 0 0 0 0.043844 -0.027004 -0.12535 0.00084683 -0.020852 0.0047881 0 0
-0 -0 -0.015244 0 0 0 0 0 0 0 0 0 0 0.0049319 -0.0030376 -0.014101 0.00023211 -0.0023273 0.00058253 0 0
0 0 0.25839 0 0 0 0 0 0 0 0 0 0 -0.083597 0.051488 0.23901 -0.0091174 0.038042 -0.011384 0 0
-0 -0 -0.34251 0 0 0 0 0 0 0 0 0 0 0.11081 -0.068251 -0.31682 -0.0031435 -0.052809 0.010277 0 0
0 0 0.23854 0 0 0 0 0 0 0 0 0 0 -0.077174 0.047533 0.22065 -0.0080766 0.035243 -0.010417 0 0
-0 -0 -0.074201 0 0 0 0 0 0 0 0 0 0 0.024006 -0.014786 -0.068636 0.00080362 -0.011379 0.0027323 0 0
-0 -0 -0.10621 0 0 0 0 0 0 0 0 0 0 0.034362 -0.021164 -0.098245 0.00089635 -0.016318 0.0038288 0 0
-0 -0 -0.27227 0 0 0 0 0 0 0 0 0 0 0.088086 -0.054253 -0.25185 -0.0010785 -0.042017 0.0086741 0 0
0 0 0.080205 0 0 0 0 0 0 0 0 0 0 -0.025949 0.015982 0.07419 -0.0017888 0.012126 -0.003238 0 0
-0 -0 -0.33762 0 0 0 0 0 0 0 0 0 0 0.10923 -0.067277 -0.3123 -0.0029764 -0.052062 0.010174 0 0
0 0 0.13125 0 0 0 0 0 0 0 0 0 0 -0.042464 0.026154 0.12141 -0.0034202 0.019716 -0.0054435 0 0
-0 -0 -0.28792 0 0 0 0 0 0 0 0 0 0 0.093151 -0.057373 -0.26633 -0.0014759 -0.04443 0.0090549 0 0
0 0 0.2321 0 0 0 0 0 0 0 0 0 0 -0.075091 0.046249 0.21469 -0.0077508 0.034329 -0.010106 0 0
-0 -0 -0.093979 0 0 0 0 0 0 0 0 0 0 0.030405 -0.018727 -0.08693 0.00087901 -0.014429 0.0034158 0 0
0 0 0.25705 0 0 0 0 0 0 0 0 0 0 -0.083163 0.051221 0.23777 -0.0090453 0.037853 -0.011318 0 0
-0 -0 -0.26529 0 0 0 0 0 0 0 0 0 0 0.08583 -0.052863 -0.24539 -0.0009131 -0.04094 0.0085001 0 0
0 0 0.30528 0 0 0 0 0 0 0 0 0 0 -0.098766 0.060831 0.28238 -0.011793 0.044547 -0.013721 0 0
0 0 0.099875 0 0 0 0 0 0 0 0 0 0 -0.032313 0.019902 0.092385 -0.0023724 0.015064 -0.004075 0 0
-0 -0 -0.043737 0 0 0 0 0 0 0 0 0 0 0.01415 -0.0087153 -0.040457 0.0005731 -0.0066926 0.0016422 0 0
0 0 0.1214 0 0 0 0 0 0 0 0 0 0 -0.039277 0.024191 0.1123 -0.0030759 0.018261 -0.0050096 0 0
-0 -0 -0.15561 0 0 0 0 0 0 0 0 0 0 0.050346 -0.031008 -0.14394 0.00073864 -0.023963 0.0054206 0 0
-0 -0 -0.12802 0 0 0 0 0 0 0 0 0 0 0.041419 -0.02551 -0.11842 0.00087173 -0.019691 0.0045468 0 0
0 0 0.034591 0 0 0 0 0 0 0 0 0 0 -0.011191 0.0068928 0.031997 -0.00065476 0.0052563 -0.0013613 0 0
0 0 0.269 0 0 0 0 0 0 0 0 0 0 -0.087028 0.053602 0.24882 -0.009696 0.039526 -0.011906 0 0
0 0 0.34046 0 0 0 0 0 0 0 0 0 0 -0.11015 0.067842 0.31493 -0.013999 0.049326 -0.015522 0 0
-0 -0 -0.32708 0 0 0 0 0 0 0 0 0 0 0.10582 -0.065176 -0.30255 -0.0026281 -0.050448 0.0099483 0 0
0 0 0.30803 0 0 0 0 0 0 0 0 0 0 -0.099656 0.061379 0.28493 -0.011959 0.044924 -0.013861 0 0
0 0 0.19666 0 0 0 0 0 0 0 0 0 0 -0.063626 0.039188 0.18191 -0.0060633 0.029259 -0.0084237 0 0
-0 -0 -0.20189 0 0 0 0 0 0 0 0 0 0 0.065319 -0.04023 -0.18675 0.00026004 -0.031134 0.0067978 0 0
0 0 0.058348 0 0 0 0 0 0 0 0 0 0 -0.018877 0.011627 0.053972 -0.0012071 0.0088439 -0.0023274 0 0
0 0 0.082251 0 0 0 0 0 0 0 0 0 0 -0.026611 0.01639 0.076082 -0.0018469 0.012433 -0.0033243 0 0
-0 -0 -0.024556 0 0 0 0 0 0 0 0 0 0 0.0079446 -0.0048932 -0.022714 0.00035687 -0.0037518 0.00093305 0 0
-0 -0 -0.03992 0 0 0 0 0 0 0 0 0 0 0.012915 -0.0079546 -0.036926 0.00053444 -0.0061067 0.0015024 0 0
0 0 0.25259 0 0 0 0 0 0 0 0 0 0 -0.081721 0.050333 0.23365 -0.0088077 0.037227 -0.0111 0 0
0 0 0.14758 0 0 0 0 0 0 0 0 0 0 -0.047746 0.029407 0.13651 -0.0040221 0.022118 -0.0061716 0 0
0 0 0.33765 0 0 0 0 0 0 0 0 0 0 -0.10924 0.067281 0.31232 -0.013816 0.048947 -0.015377 0 0
0 0 0.064182 0 0 0 0 0 0 0 0 0 0 -0.020765 0.012789 0.059368 -0.0013555 0.0097218 -0.0025684 0 0
0 0 0.34109 0 0 0 0 0 0 0 0 0 0 -0.11035 0.067967 0.31551 -0.01404 0.04941 -0.015555 0 0
0 0 0.11412 0 0 0 0 0 0 0 0 0 0 -0.03692 0.022739 0.10556 -0.0028302 0.017181 -0.0046911 0 0
-0 -0 -0.28721 0 0 0 0 0 0 0 0 0 0 0.092919 -0.05723 -0.26566 -0.001457 -0.04432 0.0090378 0 0
-0 -0 -0.079449 0 0 0 0 0 0 0 0 0 0 0.025704 -0.015831 -0.07349 0.00082932 -0.012187 0.0029155 0 0
0 0 0.019656 0 0 0 0 0 0 0 0 0 0 -0.0063594 0.0039168 0.018182 -0.00035029 0.0029914 -0.00076692 0 0
0 0 0.30887 0 0 0 0 0 0 0 0 0 0 -0.099929 0.061548 0.28571 -0.012011 0.04504 -0.013903 0 0
0 0 0.21468 0 0 0 0 0 0 0 0 0 0 -0.069455 0.042778 0.19858 -0.0068991 0.031846 -0.0092734 0 0
-0 -0 -0.16886 0 0 0 0 0 0 0 0 0 0 0.054631 -0.033648 -0.15619 0.00063432 -0.026015 0.0058262 0 0
-0 -0 -0.34794 0 0 0 0 0 0 0 0 0 0 0.11257 -0.069333 -0.32185 -0.0033332 -0.053639 0.010389 0 0
0 0 0.08064 0 0 0 0 0 0 0 0 0 0 -0.026089 0.016069 0.074592 -0.0018011 0.012192 -0.0032563 0 0
0 0 0.041723 0 0 0 0 0 0 0 0 0 0 -0.013498 0.0083138 0.038593 -0.00081181 0.0063353 -0.0016487 0 0
