-0 -0 -0.13038 0 0 0 0 0 0 0 0 0 0 0.036595 -0.032669 -0.1208 0 0 0 0 0
0 0 0.29422 0 0 0 0 0 0 0 0 0 0 -0.082585 0.073724 0.2726 0 0 0 0 0
-0 -0 -0.19984 0 0 0 0 0 0 0 0 0 0 0.056094 -0.050075 -0.18516 0 0 0 0 0
-0 -0 -0.25143 0 0 0 0 0 0 0 0 0 0 0.070574 -0.063002 -0.23295 0 0 0 0 0
0 0 0.27532 0 0 0 0 0 0 0 0 0 0 -0.077278 0.068987 0.25509 0 0 0 0 0
0 0 0.33785 0 0 0 0 0 0 0 0 0 0 -0.09483 0.084656 0.31302 0 0 0 0 0
-0 -0 -0.14143 0 0 0 0 0 0 0 0 0 0 0.039696 -0.035437 -0.13103 0 0 0 0 0
0 0 0.28336 0 0 0 0 0 0 0 0 0 0 -0.079536 0.071003 0.26254 0 0 0 0 0
-0 -0 -0.16579 0 0 0 0 0 0 0 0 0 0 0.046535 -0.041543 -0.15361 0 0 0 0 0
0 0 0.0052082 0 0 0 0 0 0 0 0 0 0 -0.0014619 0.001305 0.0048255 0 0 0 0 0
-0 -0 -0.026223 0 0 0 0 0 0 0 0 0 0 0.0073606 -0.0065709 -0.024296 0 0 0 0 0
-0 -0 -0.26638 0 0 0 0 0 0 0 0 0 0 0.074771 -0.066749 -0.24681 0 0 0 0 0
-0 -0 -0.058971 0 0 0 0 0 0 0 0 0 0 0.016552 -0.014777 -0.054637 0 0 0 0 0
-0 -0 -0.34154 0 0 0 0 0 0 0 0 0 0 0.095865 -0.085579 -0.31644 0 0 0 0 0
0 0 0.014951 0 0 0 0 0 0 0 0 0 0 -0.0041966 0.0037464 0.013853 0 0 0 0 0
0 0 0.20521 0 0 0 0 0 0 0 0 0 0 -0.057599 0.051419 0.19013 0 0 0 0 0
0 0 0.019479 0 0 0 0 0 0 0 0 0 0 -0.0054675 0.0048809 0.018048 0 0 0 0 0
-0 -0 -0.12219 0 0 0 0 0 0 0 0 0 0 0.034296 -0.030617 -0.11321 0 0 0 0 0
-0 -0 -0.22054 0 0 0 0 0 0 0 0 0 0 0.061904 -0.055262 -0.20434 0 0 0 0 0
-0 -0 -0.21013 0 0 0 0 0 0 0 0 0 0 0.058981 -0.052653 -0.19469 0 0 0 0 0
-0 -0 -0.09044 0 0 0 0 0 0 0 0 0 0 0.025385 -0.022662 -0.083794 0 0 0 0 0
-0 -0 -0.27423 0 0 0 0 0 0 0 0 0 0 0.076974 -0.068715 -0.25408 0 0 0 0 0
-0 -0 -0.14526 0 0 0 0 0 0 0 0 0 0 0.040772 -0.036398 -0.13458 0 0 0 0 0
0 0 0.32375 0 0 0 0 0 0 0 0 0 0 -0.090872 0.081122 0.29996 0 0 0 0 0
0 0 0.20569 0 0 0 0 0 0 0 0 0 0 -0.057734 0.051539 0.19057 0 0 0 0 0
-0 -0 -0.2431 0 0 0 0 0 0 0 0 0 0 0.068234 -0.060914 -0.22523 0 0 0 0 0
-0 -0 -0.14862 0 0 0 0 0 0 0 0 0 0 0.041715 -0.037239 -0.1377 0 0 0 0 0
-0 -0 -0.21726 0 0 0 0 0 0 0 0 0 0 0.060982 -0.054439 -0.20129 0 0 0 0 0
-0 -0 -0.34238 0 0 0 0 0 0 0 0 0 0 0.0961 -0.08579 -0.31722 0 0 0 0 0
-0 -0 -0.20002 0 0 0 0 0 0 0 0 0 0 0.056142 -0.050119 -0.18532 0 0 0 0 0
0 0 0.011756 0 0 0 0 0 0 0 0 0 0 -0.0032998 0.0029458 0.010892 0 0 0 0 0
0 0 0.26466 0 0 0 0 0 0 0 0 0 0 -0.074287 0.066316 0.24521 0 0 0 0 0
0 0 0.30904 0 0 0 0 0 0 0 0 0 0 -0.086742 0.077436 0.28633 0 0 0 0 0
0 0 0.17525 0 0 0 0 0 0 0 0 0 0 -0.049191 0.043913 0.16237 0 0 0 0 0
0 0 0.11251 0 0 0 0 0 0 0 0 0 0 -0.031581 0.028192 0.10424 0 0 0 0 0
-0 -0 -0.17237 0 0 0 0 0 0 0 0 0 0 0.048382 -0.043191 -0.1597 0 0 0 0 0
-0 -0 -0.083599 0 0 0 0 0 0 0 0 0 0 0.023465 -0.020948 -0.077455 0 0 0 0 0
-0 -0 -0.036557 0 0 0 0 0 0 0 0 0 0 0.010261 -0.0091602 -0.033871 0 0 0 0 0
-0 -0 -0.18846 0 0 0 0 0 0 0 0 0 0 0.052899 -0.047223 -0.17461 0 0 0 0 0
-0 -0 -0.075275 0 0 0 0 0 0 0 0 0 0 0.021129 -0.018862 -0.069743 0 0 0 0 0
-0 -0 -0.25117 0 0 0 0 0 0 0 0 0 0 0.070501 -0.062937 -0.23272 0 0 0 0 0
0 0 0.25815 0 0 0 0 0 0 0 0 0 0 -0.072459 0.064685 0.23918 0 0 0 0 0
-0 -0 -0.21058 0 0 0 0 0 0 0 0 0 0 0.059108 -0.052767 -0.19511 0 0 0 0 0
0 0 0.33206 0 0 0 0 0 0 0 0 0 0 -0.093204 0.083204 0.30766 0 0 0 0 0
0 0 0.11458 0 0 0 0 0 0 0 0 0 0 -0.032162 0.028712 0.10616 0 0 0 0 0
-0 -0 -0.1464 0 0 0 0 0 0 0 0 0 0 0.041094 -0.036685 -0.13565 0 0 0 0 0
0 0 0.33852 0 0 0 0 0 0 0 0 0 0 -0.095019 0.084825 0.31365 0 0 0 0 0
0 0 0.2268 0 0 0 0 0 0 0 0 0 0 -0.06366 0.05683 0.21013 0 0 0 0 0
0 0 0.10007 0 0 0 0 0 0 0 0 0 0 -0.028088 0.025075 0.092717 0 0 0 0 0
-0 -0 -0.12211 0 0 0 0 0 0 0 0 0 0 0.034274 -0.030597 -0.11313 0 0 0 0 0
0 0 0.31793 0 0 0 0 0 0 0 0 0 0 -0.089239 0.079665 0.29457 0 0 0 0 0
-0 -0 -0.036687 0 0 0 0 0 0 0 0 0 0 0.010298 -0.0091929 -0.033991 0 0 0 0 0
-0 -0 -0.21199 0 0 0 0 0 0 0 0 0 0 0.059504 -0.05312 -0.19642 0 0 0 0 0
-0 -0 -0.047523 0 0 0 0 0 0 0 0 0 0 0.013339 -0.011908 -0.044031 0 0 0 0 0
-0 -0 -0.14371 0 0 0 0 0 0 0 0 0 0 0.040337 -0.036009 -0.13315 0 0 0 0 0
0 0 0.3034 0 0 0 0 0 0 0 0 0 0 -0.08516 0.076023 0.2811 0 0 0 0 0
-0 -0 -0.20967 0 0 0 0 0 0 0 0 0 0 0.058851 -0.052537 -0.19426 0 0 0 0 0
-0 -0 -0.22542 0 0 0 0 0 0 0 0 0 0 0.063271 -0.056483 -0.20885 0 0 0 0 0
-0 -0 -0.19191 0 0 0 0 0 0 0 0 0 0 0.053867 -0.048088 -0.17781 0 0 0 0 0
0 0 0.20213 0 0 0 0 0 0 0 0 0 0 -0.056735 0.050648 0.18728 0 0 0 0 0
-0 -0 -0.17772 0 0 0 0 0 0 0 0 0 0 0.049884 -0.044532 -0.16466 0 0 0 0 0
0 0 0.25591 0 0 0 0 0 0 0 0 0 0 -0.071831 0.064124 0.2371 0 0 0 0 0
0 0 0.22076 0 0 0 0 0 0 0 0 0 0 -0.061965 0.055317 0.20454 0 0 0 0 0
0 0 0.19855 0 0 0 0 0 0 0 0 0 0 -0.055731 0.049751 0.18396 0 0 0 0 0
-0 -0 -0.30039 0 0 0 0 0 0 0 0 0 0 0.084316 -0.07527 -0.27832 0 0 0 0 0
0 0 0.012631 0 0 0 0 0 0 0 0 0 0 -0.0035455 0.0031651 0.011703 0 0 0 0 0
0 0 0.050056 0 0 0 0 0 0 0 0 0 0 -0.01405 0.012543 0.046377 0 0 0 0 0
-0 -0 -0.089542 0 0 0 0 0 0 0 0 0 0 0.025133 -0.022437 -0.082962 0 0 0 0 0
-0 -0 -0.16149 0 0 0 0 0 0 0 0 0 0 0.045327 -0.040464 -0.14962 0 0 0 0 0
-0 -0 -0.15844 0 0 0 0 0 0 0 0 0 0 0.044472 -0.039701 -0.1468 0 0 0 0 0
-0 -0 -0.1784 0 0 0 0 0 0 0 0 0 0 0.050074 -0.044701 -0.16529 0 0 0 0 0
-0 -0 -0.031935 0 0 0 0 0 0 0 0 0 0 0.0089636 -0.0080019 -0.029588 0 0 0 0 0
0 0 0.063741 0 0 0 0 0 0 0 0 0 0 -0.017891 0.015972 0.059057 0 0 0 0 0
0 0 0.027371 0 0 0 0 0 0 0 0 0 0 -0.0076827 0.0068584 0.02536 0 0 0 0 0
0 0 0.028326 0 0 0 0 0 0 0 0 0 0 -0.0079507 0.0070977 0.026244 0 0 0 0 0
0 0 0.03233 0 0 0 0 0 0 0 0 0 0 -0.0090746 0.008101 0.029954 0 0 0 0 0
0 0 0.31107 0 0 0 0 0 0 0 0 0 0 -0.087313 0.077946 0.28821 0 0 0 0 0
-0 -0 -0.047368 0 0 0 0 0 0 0 0 0 0 0.013296 -0.011869 -0.043887 0 0 0 0 0
0 0 0.15235 0 0 0 0 0 0 0 0 0 0 -0.042763 0.038175 0.14116 0 0 0 0 0
0 0 0.30112 0 0 0 0 0 0 0 0 0 0 -0.084521 0.075453 0.27899 0 0 0 0 0
-0 -0 -0.075224 0 0 0 0 0 0 0 0 0 0 0.021115 -0.018849 -0.069696 0 0 0 0 0
0 0 0.28042 0 0 0 0 0 0 0 0 0 0 -0.078709 0.070265 0.25981 0 0 0 0 0
-0 -0 -0.172 0 0 0 0 0 0 0 0 0 0 0.048279 -0.043099 -0.15936 0 0 0 0 0
0 0 0.34126 0 0 0 0 0 0 0 0 0 0 -0.095788 0.085511 0.31618 0 0 0 0 0
-0 -0 -0.22684 0 0 0 0 0 0 0 0 0 0 0.063672 -0.056841 -0.21017 0 0 0 0 0
-0 -0 -0.16635 0 0 0 0 0 0 0 0 0 0 0.046691 -0.041682 -0.15412 0 0 0 0 0
-0 -0 -0.13645 0 0 0 0 0 0 0 0 0 0 0.0383 -0.034191 -0.12642 0 0 0 0 0
0 0 0.25723 0 0 0 0 0 0 0 0 0 0 -0.0722 0.064454 0.23832 0 0 0 0 0
-0 -0 -0.12216 0 0 0 0 0 0 0 0 0 0 0.034288 -0.030609 -0.11318 0 0 0 0 0
0 0 0.25373 0 0 0 0 0 0 0 0 0 0 -0.071218 0.063578 0.23508 0 0 0 0 0
0 0 0.24713 0 0 0 0 0 0 0 0 0 0 -0.069367 0.061925 0.22897 0 0 0 0 0
0 0 0.33678 0 0 0 0 0 0 0 0 0 0 -0.094531 0.084389 0.31203 0 0 0 0 0
0 0 0.026561 0 0 0 0 0 0 0 0 0 0 -0.0074555 0.0066556 0.02461 0 0 0 0 0
0 0 0.21034 0 0 0 0 0 0 0 0 0 0 -0.059041 0.052707 0.19489 0 0 0 0 0
0 0 0.10298 0 0 0 0 0 0 0 0 0 0 -0.028905 0.025804 0.095413 0 0 0 0 0
-0 -0 -0.0896 0 0 0 0 0 0 0 0 0 0 0.02515 -0.022451 -0.083016 0 0 0 0 0
-0 -0 -0.13228 0 0 0 0 0 0 0 0 0 0 0.03713 -0.033147 -0.12256 0 0 0 0 0
-0 -0 -0.12697 0 0 0 0 0 0 0 0 0 0 0.035639 -0.031815 -0.11764 0 0 0 0 0
0 0 0.21482 0 0 0 0 0 0 0 0 0 0 -0.060298 0.053829 0.19904 0 0 0 0 0
0 0 0.029241 0 0 0 0 0 0 0 0 0 0 -0.0082075 0.007327 0.027092 0 0 0 0 0
