-0 -0 -0 0.16653 0 0 0 0 0 0 0 0.13471 -0.076234 0.061429 0 0
0 0 0 0.17677 0 0 0 0 0 0 0 0.143 -0.080921 0.065205 0 0
0 0 0 0.086457 0 0 0 0 0 0 0 0.069938 -0.039578 0.031892 0 0
-0 -0 -0 0.19165 0 0 0 0 0 0 0 0.15503 -0.08773 0.070692 0 0
0 0 0 0.0040526 0 0 0 0 0 0 0 0.0032783 -0.0018552 0.0014949 0 0
-0 -0 -0 0.16143 0 0 0 0 0 0 0 0.13059 -0.0739 0.059548 0 0
0 0 0 0.025062 0 0 0 0 0 0 0 0.020274 -0.011473 0.0092447 0 0
0 0 0 0.17438 0 0 0 0 0 0 0 0.14106 -0.079828 0.064325 0 0
-0 -0 -0 0.19777 0 0 0 0 0 0 0 0.15998 -0.090532 0.07295 0 0
-0 -0 -0 0.041537 0 0 0 0 0 0 0 0.033601 -0.019015 0.015322 0 0
-0 -0 -0 0.13916 0 0 0 0 0 0 0 0.11257 -0.063703 0.051332 0 0
0 0 0 0.15139 0 0 0 0 0 0 0 0.12246 -0.069301 0.055843 0 0
-0 -0 -0 0.12008 0 0 0 0 0 0 0 0.097141 -0.054972 0.044296 0 0
-0 -0 -0 0.050252 0 0 0 0 0 0 0 0.040651 -0.023004 0.018537 0 0
-0 -0 -0 0.026758 0 0 0 0 0 0 0 0.021645 -0.012249 0.0098702 0 0
-0 -0 -0 0.041535 0 0 0 0 0 0 0 0.033599 -0.019014 0.015321 0 0
-0 -0 -0 0.070537 0 0 0 0 0 0 0 0.05706 -0.03229 0.026019 0 0
-0 -0 -0 0.066624 0 0 0 0 0 0 0 0.053894 -0.030499 0.024576 0 0
-0 -0 -0 0.051467 0 0 0 0 0 0 0 0.041633 -0.02356 0.018985 0 0
-0 -0 -0 0.11764 0 0 0 0 0 0 0 0.095164 -0.053853 0.043394 0 0
-0 -0 -0 0.07322 0 0 0 0 0 0 0 0.059231 -0.033518 0.027009 0 0
0 0 0 0.046716 0 0 0 0 0 0 0 0.03779 -0.021385 0.017232 0 0
0 0 0 0.13168 0 0 0 0 0 0 0 0.10652 -0.06028 0.048573 0 0
0 0 0 0.052033 0 0 0 0 0 0 0 0.042092 -0.023819 0.019194 0 0
0 0 0 0.033429 0 0 0 0 0 0 0 0.027042 -0.015303 0.012331 0 0
-0 -0 -0 0.17813 0 0 0 0 0 0 0 0.1441 -0.081543 0.065707 0 0
0 0 0 0.089427 0 0 0 0 0 0 0 0.072341 -0.040937 0.032987 0 0
-0 -0 -0 0.17661 0 0 0 0 0 0 0 0.14286 -0.080846 0.065145 0 0
0 0 0 0.15179 0 0 0 0 0 0 0 0.12279 -0.069487 0.055992 0 0
-0 -0 -0 0.15956 0 0 0 0 0 0 0 0.12907 -0.073042 0.058856 0 0
0 0 0 0.18235 0 0 0 0 0 0 0 0.14751 -0.083477 0.067265 0 0
0 0 0 0.17784 0 0 0 0 0 0 0 0.14386 -0.08141 0.0656 0 0
-0 -0 -0 0.055004 0 0 0 0 0 0 0 0.044495 -0.02518 0.020289 0 0
0 0 0 0.058084 0 0 0 0 0 0 0 0.046986 -0.026589 0.021425 0 0
-0 -0 -0 0.1754 0 0 0 0 0 0 0 0.14189 -0.080295 0.064701 0 0
0 0 0 0.11589 0 0 0 0 0 0 0 0.09375 -0.053053 0.04275 0 0
-0 -0 -0 0.027118 0 0 0 0 0 0 0 0.021936 -0.012414 0.010003 0 0
-0 -0 -0 0.027271 0 0 0 0 0 0 0 0.02206 -0.012484 0.010059 0 0
0 0 0 0.10896 0 0 0 0 0 0 0 0.088145 -0.049881 0.040194 0 0
-0 -0 -0 0.048469 0 0 0 0 0 0 0 0.039208 -0.022188 0.017879 0 0
-0 -0 -0 0.027367 0 0 0 0 0 0 0 0.022138 -0.012528 0.010095 0 0
-0 -0 -0 0.028177 0 0 0 0 0 0 0 0.022793 -0.012899 0.010394 0 0
-0 -0 -0 0.12402 0 0 0 0 0 0 0 0.10032 -0.056773 0.045747 0 0
0 0 0 0.013108 0 0 0 0 0 0 0 0.010603 -0.0060004 0.0048351 0 0
0 0 0 0.049103 0 0 0 0 0 0 0 0.039721 -0.022478 0.018113 0 0
0 0 0 0.11938 0 0 0 0 0 0 0 0.09657 -0.054649 0.044035 0 0
-0 -0 -0 0.14637 0 0 0 0 0 0 0 0.11841 -0.067006 0.053993 0 0
0 0 0 0.18674 0 0 0 0 0 0 0 0.15106 -0.085483 0.068881 0 0
-0 -0 -0 0.032743 0 0 0 0 0 0 0 0.026487 -0.014989 0.012078 0 0
0 0 0 0.18313 0 0 0 0 0 0 0 0.14814 -0.083834 0.067553 0 0
-0 -0 -0 0.042258 0 0 0 0 0 0 0 0.034184 -0.019344 0.015588 0 0
-0 -0 -0 0.048732 0 0 0 0 0 0 0 0.039421 -0.022308 0.017976 0 0
0 0 0 0.16499 0 0 0 0 0 0 0 0.13347 -0.07553 0.060862 0 0
0 0 0 0.11273 0 0 0 0 0 0 0 0.09119 -0.051604 0.041582 0 0
0 0 0 0.074021 0 0 0 0 0 0 0 0.059878 -0.033885 0.027304 0 0
0 0 0 0.02165 0 0 0 0 0 0 0 0.017513 -0.0099108 0.007986 0 0
0 0 0 0.062618 0 0 0 0 0 0 0 0.050654 -0.028665 0.023098 0 0
0 0 0 0.12354 0 0 0 0 0 0 0 0.099936 -0.056554 0.04557 0 0
-0 -0 -0 0.10109 0 0 0 0 0 0 0 0.081773 -0.046275 0.037288 0 0
0 0 0 0.18341 0 0 0 0 0 0 0 0.14837 -0.083959 0.067654 0 0
0 0 0 0.12886 0 0 0 0 0 0 0 0.10424 -0.058988 0.047532 0 0
0 0 0 0.068187 0 0 0 0 0 0 0 0.055159 -0.031214 0.025152 0 0
-0 -0 -0 0.069485 0 0 0 0 0 0 0 0.056209 -0.031809 0.025631 0 0
-0 -0 -0 0.0048585 0 0 0 0 0 0 0 0.0039302 -0.0022241 0.0017922 0 0
-0 -0 -0 0.027192 0 0 0 0 0 0 0 0.021996 -0.012448 0.01003 0 0
0 0 0 0.0059166 0 0 0 0 0 0 0 0.0047862 -0.0027085 0.0021825 0 0
0 0 0 0.093859 0 0 0 0 0 0 0 0.075926 -0.042966 0.034622 0 0
0 0 0 0.18873 0 0 0 0 0 0 0 0.15267 -0.086395 0.069616 0 0
0 0 0 0.023367 0 0 0 0 0 0 0 0.018902 -0.010697 0.0086193 0 0
-0 -0 -0 0.077905 0 0 0 0 0 0 0 0.06302 -0.035663 0.028737 0 0
-0 -0 -0 0.014635 0 0 0 0 0 0 0 0.011838 -0.0066993 0.0053983 0 0
-0 -0 -0 0.099633 0 0 0 0 0 0 0 0.080597 -0.045609 0.036752 0 0
-0 -0 -0 0.013728 0 0 0 0 0 0 0 0.011105 -0.0062841 0.0050637 0 0
-0 -0 -0 0.17365 0 0 0 0 0 0 0 0.14047 -0.079494 0.064055 0 0
-0 -0 -0 0.16267 0 0 0 0 0 0 0 0.13159 -0.074466 0.060004 0 0
0 0 0 0.088036 0 0 0 0 0 0 0 0.071216 -0.040301 0.032474 0 0
0 0 0 0.11878 0 0 0 0 0 0 0 0.096088 -0.054376 0.043816 0 0
-0 -0 -0 0.14746 0 0 0 0 0 0 0 0.11929 -0.067503 0.054394 0 0
0 0 0 0.14792 0 0 0 0 0 0 0 0.11965 -0.067712 0.054562 0 0
-0 -0 -0 0.199 0 0 0 0 0 0 0 0.16098 -0.091096 0.073404 0 0
0 0 0 0.022938 0 0 0 0 0 0 0 0.018556 -0.010501 0.0084613 0 0
0 0 0 0.12834 0 0 0 0 0 0 0 0.10382 -0.058749 0.047339 0 0
-0 -0 -0 0.11599 0 0 0 0 0 0 0 0.093829 -0.053097 0.042785 0 0
0 0 0 0.16905 0 0 0 0 0 0 0 0.13675 -0.077387 0.062358 0 0
-0 -0 -0 0.018259 0 0 0 0 0 0 0 0.01477 -0.0083585 0.0067352 0 0
-0 -0 -0 0.12417 0 0 0 0 0 0 0 0.10045 -0.056844 0.045804 0 0
-0 -0 -0 0.023677 0 0 0 0 0 0 0 0.019153 -0.010839 0.0087336 0 0
0 0 0 0.051818 0 0 0 0 0 0 0 0.041917 -0.023721 0.019114 0 0
-0 -0 -0 0.19727 0 0 0 0 0 0 0 0.15958 -0.090306 0.072768 0 0
-0 -0 -0 0.13107 0 0 0 0 0 0 0 0.10603 -0.060001 0.048349 0 0
0 0 0 0.060602 0 0 0 0 0 0 0 0.049023 -0.027742 0.022354 0 0
0 0 0 0.006269 0 0 0 0 0 0 0 0.0050712 -0.0028698 0.0023124 0 0
-0 -0 -0 0.064842 0 0 0 0 0 0 0 0.052453 -0.029683 0.023918 0 0
0 0 0 0.17458 0 0 0 0 0 0 0 0.14123 -0.079919 0.064398 0 0
0 0 0 0.0035632 0 0 0 0 0 0 0 0.0028824 -0.0016311 0.0013144 0 0
0 0 0 0.021114 0 0 0 0 0 0 0 0.01708 -0.0096657 0.0077885 0 0
0 0 0 0.14062 0 0 0 0 0 0 0 0.11375 -0.064373 0.051871 0 0
0 0 0 0.1987 0 0 0 0 0 0 0 0.16074 -0.09096 0.073294 0 0
-0 -0 -0 0.13042 0 0 0 0 0 0 0 0.1055 -0.059704 0.048109 0 0
-0 -0 -0 0.10795 0 0 0 0 0 0 0 0.087325 -0.049417 0.03982 0 0
