0 0 0.29712 0 0 0 0 0 0 0 0 0 0 -0.096128 0.059206 0.27484 -0.025283 0.04334 -0.018179 0 0
-0 -0 -0.012672 0 0 0 0 0 0 0 0 0 0 0.0040996 -0.002525 -0.011721 0.0007806 -0.0020262 0.00070952 0 0
0 0 0.28907 0 0 0 0 0 0 0 0 0 0 -0.093524 0.057602 0.26739 -0.024432 0.042289 -0.017655 0 0
-0 -0 -0.081598 0 0 0 0 0 0 0 0 0 0 0.026399 -0.01626 -0.075478 0.0045752 -0.013248 0.0044541 0 0
0 0 0.070436 0 0 0 0 0 0 0 0 0 0 -0.022788 0.014035 0.065153 -0.0047998 0.011031 -0.0040552 0 0
0 0 0.13248 0 0 0 0 0 0 0 0 0 0 -0.042861 0.026398 0.12254 -0.0096607 0.020392 -0.0077718 0 0
-0 -0 -0.2885 0 0 0 0 0 0 0 0 0 0 0.093337 -0.057487 -0.26686 0.011256 -0.048504 0.014386 0 0
-0 -0 -0.20029 0 0 0 0 0 0 0 0 0 0 0.064799 -0.039911 -0.18527 0.0092843 -0.03324 0.010408 0 0
-0 -0 -0.1661 0 0 0 0 0 0 0 0 0 0 0.053738 -0.033098 -0.15364 0.0081679 -0.027407 0.0087608 0 0
-0 -0 -0.17219 0 0 0 0 0 0 0 0 0 0 0.05571 -0.034312 -0.15928 0.0083812 -0.028442 0.0090586 0 0
0 0 0.24851 0 0 0 0 0 0 0 0 0 0 -0.080401 0.04952 0.22987 -0.020274 0.036875 -0.015035 0 0
-0 -0 -0.019843 0 0 0 0 0 0 0 0 0 0 0.0064197 -0.003954 -0.018355 0.001211 -0.0031782 0.0011082 0 0
-0 -0 -0.0463 0 0 0 0 0 0 0 0 0 0 0.01498 -0.0092261 -0.042828 0.0027278 -0.0074604 0.0025612 0 0
0 0 0.28758 0 0 0 0 0 0 0 0 0 0 -0.09304 0.057304 0.26601 -0.024274 0.042093 -0.017558 0 0
-0 -0 -0.33712 0 0 0 0 0 0 0 0 0 0 0.10907 -0.067177 -0.31184 0.011778 -0.057018 0.016402 0 0
0 0 0.011222 0 0 0 0 0 0 0 0 0 0 -0.0036305 0.0022361 0.01038 -0.00071257 0.0017842 -0.00063359 0 0
-0 -0 -0.15452 0 0 0 0 0 0 0 0 0 0 0.04999 -0.03079 -0.14293 0.0077453 -0.025443 0.00819 0 0
-0 -0 -0.20336 0 0 0 0 0 0 0 0 0 0 0.065791 -0.040522 -0.1881 0.0093749 -0.033765 0.010553 0 0
0 0 0.15764 0 0 0 0 0 0 0 0 0 0 -0.051 0.031411 0.14581 -0.011796 0.024084 -0.009314 0 0
0 0 0.096423 0 0 0 0 0 0 0 0 0 0 -0.031196 0.019214 0.089191 -0.0067648 0.014995 -0.0055963 0 0
-0 -0 -0.14541 0 0 0 0 0 0 0 0 0 0 0.047043 -0.028974 -0.1345 0.0073973 -0.023903 0.0077365 0 0
0 0 0.34473 0 0 0 0 0 0 0 0 0 0 -0.11153 0.068692 0.31887 -0.030494 0.049399 -0.021307 0 0
0 0 0.063289 0 0 0 0 0 0 0 0 0 0 -0.020476 0.012611 0.058542 -0.0042776 0.0099308 -0.0036354 0 0
-0 -0 -0.056688 0 0 0 0 0 0 0 0 0 0 0.01834 -0.011296 -0.052436 0.0032924 -0.0091549 0.0031237 0 0
0 0 0.31815 0 0 0 0 0 0 0 0 0 0 -0.10293 0.063396 0.29429 -0.027548 0.04605 -0.019555 0 0
-0 -0 -0.04061 0 0 0 0 0 0 0 0 0 0 0.013139 -0.0080922 -0.037564 0.0024111 -0.0065353 0.0022512 0 0
0 0 0.20535 0 0 0 0 0 0 0 0 0 0 -0.066436 0.040919 0.18995 -0.0161 0.030909 -0.01229 0 0
0 0 0.071 0 0 0 0 0 0 0 0 0 0 -0.022971 0.014148 0.065675 -0.0048414 0.011118 -0.0040884 0 0
0 0 0.00098065 0 0 0 0 0 0 0 0 0 0 -0.00031727 0.00019541 0.0009071 -6.1475e-05 0.0001563 -5.5173e-05 0 0
0 0 0.32269 0 0 0 0 0 0 0 0 0 0 -0.1044 0.0643 0.29849 -0.028044 0.046628 -0.019854 0 0
0 0 0.05966 0 0 0 0 0 0 0 0 0 0 -0.019302 0.011888 0.055186 -0.0040154 0.0093704 -0.003423 0 0
-0 -0 -0.27561 0 0 0 0 0 0 0 0 0 0 0.089169 -0.05492 -0.25494 0.01105 -0.046258 0.01383 0 0
0 0 0.067156 0 0 0 0 0 0 0 0 0 0 -0.021727 0.013382 0.062119 -0.0045592 0.010527 -0.0038623 0 0
0 0 0.012509 0 0 0 0 0 0 0 0 0 0 -0.0040469 0.0024925 0.01157 -0.00079555 0.0019882 -0.00070655 0 0
-0 -0 -0.085509 0 0 0 0 0 0 0 0 0 0 0.027665 -0.017039 -0.079095 0.0047674 -0.013894 0.0046605 0 0
-0 -0 -0.13585 0 0 0 0 0 0 0 0 0 0 0.04395 -0.027069 -0.12566 0.0070173 -0.022292 0.0072566 0 0
0 0 0.13542 0 0 0 0 0 0 0 0 0 0 -0.043814 0.026985 0.12527 -0.0099058 0.020827 -0.0079514 0 0
-0 -0 -0.23911 0 0 0 0 0 0 0 0 0 0 0.077358 -0.047646 -0.22117 0.010314 -0.039923 0.012208 0 0
-0 -0 -0.18754 0 0 0 0 0 0 0 0 0 0 0.060675 -0.03737 -0.17347 0.0088909 -0.031059 0.0098004 0 0
0 0 0.32442 0 0 0 0 0 0 0 0 0 0 -0.10496 0.064645 0.30008 -0.028234 0.046848 -0.019967 0 0
0 0 0.24957 0 0 0 0 0 0 0 0 0 0 -0.080742 0.04973 0.23085 -0.02038 0.037018 -0.015102 0 0
0 0 0.2061 0 0 0 0 0 0 0 0 0 0 -0.066678 0.041068 0.19064 -0.016171 0.031014 -0.012337 0 0
-0 -0 -0.12386 0 0 0 0 0 0 0 0 0 0 0.040072 -0.024681 -0.11457 0.0065194 -0.020279 0.0066487 0 0
0 0 0.14714 0 0 0 0 0 0 0 0 0 0 -0.047604 0.02932 0.1361 -0.010894 0.022551 -0.0086683 0 0
0 0 0.020154 0 0 0 0 0 0 0 0 0 0 -0.0065203 0.0040159 0.018642 -0.001294 0.0031973 -0.0011414 0 0
-0 -0 -0.25261 0 0 0 0 0 0 0 0 0 0 0.081726 -0.050336 -0.23366 0.010612 -0.042261 0.012816 0 0
0 0 0.19716 0 0 0 0 0 0 0 0 0 0 -0.063787 0.039287 0.18237 -0.015338 0.029755 -0.011775 0 0
-0 -0 -0.022389 0 0 0 0 0 0 0 0 0 0 0.0072434 -0.0044613 -0.020709 0.0013619 -0.0035881 0.0012493 0 0
-0 -0 -0.33034 0 0 0 0 0 0 0 0 0 0 0.10687 -0.065825 -0.30556 0.011729 -0.055827 0.016129 0 0
0 0 0.023493 0 0 0 0 0 0 0 0 0 0 -0.0076008 0.0046814 0.021731 -0.0015146 0.0037241 -0.001332 0 0
-0 -0 -0.2965 0 0 0 0 0 0 0 0 0 0 0.095926 -0.059082 -0.27426 0.011369 -0.049901 0.014726 0 0
-0 -0 -0.34799 0 0 0 0 0 0 0 0 0 0 0.11258 -0.069342 -0.32189 0.01184 -0.058928 0.016835 0 0
0 0 0.18908 0 0 0 0 0 0 0 0 0 0 -0.061174 0.037678 0.1749 -0.014596 0.028609 -0.011268 0 0
-0 -0 -0.080415 0 0 0 0 0 0 0 0 0 0 0.026017 -0.016024 -0.074384 0.0045166 -0.013052 0.0043915 0 0
-0 -0 -0.21846 0 0 0 0 0 0 0 0 0 0 0.070677 -0.043531 -0.20207 0.0097978 -0.03636 0.01126 0 0
0 0 0.33983 0 0 0 0 0 0 0 0 0 0 -0.10995 0.067717 0.31435 -0.029945 0.048789 -0.020984 0 0
-0 -0 -0.26429 0 0 0 0 0 0 0 0 0 0 0.085505 -0.052664 -0.24447 0.010846 -0.044289 0.013334 0 0
-0 -0 -0.079579 0 0 0 0 0 0 0 0 0 0 0.025746 -0.015857 -0.073611 0.004475 -0.012915 0.0043473 0 0
0 0 0.23852 0 0 0 0 0 0 0 0 0 0 -0.077168 0.047528 0.22063 -0.019285 0.035512 -0.014395 0 0
0 0 0.28525 0 0 0 0 0 0 0 0 0 0 -0.092285 0.05684 0.26385 -0.02403 0.041786 -0.017406 0 0
-0 -0 -0.03379 0 0 0 0 0 0 0 0 0 0 0.010932 -0.0067331 -0.031256 0.0020246 -0.0054294 0.0018777 0 0
0 0 0.29835 0 0 0 0 0 0 0 0 0 0 -0.096524 0.05945 0.27597 -0.025413 0.0435 -0.018259 0 0
0 0 0.26705 0 0 0 0 0 0 0 0 0 0 -0.0864 0.053215 0.24702 -0.022147 0.039373 -0.016228 0 0
0 0 0.25522 0 0 0 0 0 0 0 0 0 0 -0.082572 0.050857 0.23608 -0.020946 0.037783 -0.015466 0 0
0 0 0.15701 0 0 0 0 0 0 0 0 0 0 -0.050796 0.031286 0.14523 -0.011742 0.023992 -0.0092751 0 0
-0 -0 -0.2788 0 0 0 0 0 0 0 0 0 0 0.090199 -0.055555 -0.25789 0.011103 -0.046813 0.013968 0 0
-0 -0 -0.21088 0 0 0 0 0 0 0 0 0 0 0.068226 -0.042021 -0.19506 0.0095904 -0.035057 0.010907 0 0
-0 -0 -0.095495 0 0 0 0 0 0 0 0 0 0 0.030895 -0.019029 -0.088333 0.0052469 -0.015548 0.0051846 0 0
0 0 0.084983 0 0 0 0 0 0 0 0 0 0 -0.027494 0.016934 0.078609 -0.005887 0.013258 -0.004915 0 0
-0 -0 -0.18034 0 0 0 0 0 0 0 0 0 0 0.058346 -0.035936 -0.16682 0.0086568 -0.02983 0.0094539 0 0
0 0 0.22067 0 0 0 0 0 0 0 0 0 0 -0.071394 0.043973 0.20412 -0.017552 0.033051 -0.013259 0 0
0 0 0.093862 0 0 0 0 0 0 0 0 0 0 -0.030367 0.018703 0.086822 -0.0065665 0.014607 -0.0054434 0 0
-0 -0 -0.29543 0 0 0 0 0 0 0 0 0 0 0.095581 -0.058869 -0.27327 0.011355 -0.049715 0.014681 0 0
-0 -0 -0.29851 0 0 0 0 0 0 0 0 0 0 0.096577 -0.059483 -0.27612 0.011396 -0.050253 0.014811 0 0
-0 -0 -0.17928 0 0 0 0 0 0 0 0 0 0 0.058002 -0.035724 -0.16583 0.0086215 -0.029649 0.0094025 0 0
0 0 0.14029 0 0 0 0 0 0 0 0 0 0 -0.045389 0.027956 0.12977 -0.010314 0.021545 -0.0082488 0 0
-0 -0 -0.15087 0 0 0 0 0 0 0 0 0 0 0.04881 -0.030063 -0.13955 0.0076077 -0.024826 0.0080089 0 0
0 0 0.22551 0 0 0 0 0 0 0 0 0 0 -0.072961 0.044937 0.2086 -0.018018 0.033722 -0.013566 0 0
0 0 0.23976 0 0 0 0 0 0 0 0 0 0 -0.077569 0.047775 0.22178 -0.019407 0.035681 -0.014474 0 0
0 0 0.020827 0 0 0 0 0 0 0 0 0 0 -0.0067381 0.0041501 0.019265 -0.0013383 0.0033036 -0.0011797 0 0
-0 -0 -0.21766 0 0 0 0 0 0 0 0 0 0 0.070418 -0.043372 -0.20133 0.0097764 -0.036223 0.011223 0 0
0 0 0.19945 0 0 0 0 0 0 0 0 0 0 -0.064528 0.039744 0.18449 -0.015551 0.030078 -0.011919 0 0
0 0 0.012128 0 0 0 0 0 0 0 0 0 0 -0.0039237 0.0024166 0.011218 -0.00077097 0.0019278 -0.00068496 0 0
0 0 0.1627 0 0 0 0 0 0 0 0 0 0 -0.052639 0.032421 0.1505 -0.012238 0.02482 -0.0096269 0 0
0 0 0.24897 0 0 0 0 0 0 0 0 0 0 -0.080548 0.04961 0.23029 -0.02032 0.036936 -0.015064 0 0
-0 -0 -0.29353 0 0 0 0 0 0 0 0 0 0 0.094964 -0.05849 -0.27151 0.011328 -0.049382 0.0146 0 0
0 0 0.26918 0 0 0 0 0 0 0 0 0 0 -0.087086 0.053638 0.24899 -0.022364 0.039657 -0.016365 0 0
-0 -0 -0.049128 0 0 0 0 0 0 0 0 0 0 0.015894 -0.0097896 -0.045444 0.0028832 -0.007921 0.0027148 0 0
0 0 0.11685 0 0 0 0 0 0 0 0 0 0 -0.037803 0.023283 0.10808 -0.0083811 0.018067 -0.0068234 0 0
0 0 0.28823 0 0 0 0 0 0 0 0 0 0 -0.093252 0.057435 0.26661 -0.024343 0.042179 -0.017601 0 0
-0 -0 -0.0053983 0 0 0 0 0 0 0 0 0 0 0.0017465 -0.0010757 -0.0049935 0.00033568 -0.00086174 0.00030305 0 0
-0 -0 -0.11371 0 0 0 0 0 0 0 0 0 0 0.036788 -0.022658 -0.10518 0.0060793 -0.018581 0.006129 0 0
0 0 0.3281 0 0 0 0 0 0 0 0 0 0 -0.10615 0.065378 0.30349 -0.02864 0.047314 -0.02021 0 0
-0 -0 -0.21012 0 0 0 0 0 0 0 0 0 0 0.067979 -0.041869 -0.19436 0.009569 -0.034926 0.010871 0 0
-0 -0 -0.03344 0 0 0 0 0 0 0 0 0 0 0.010819 -0.0066633 -0.030932 0.0020046 -0.0053727 0.0018585 0 0
0 0 0.05774 0 0 0 0 0 0 0 0 0 0 -0.018681 0.011506 0.05341 -0.0038775 0.0090734 -0.0033108 0 0
-0 -0 -0.23644 0 0 0 0 0 0 0 0 0 0 0.076495 -0.047114 -0.21871 0.010251 -0.039462 0.012086 0 0
0 0 0.24391 0 0 0 0 0 0 0 0 0 0 -0.078912 0.048603 0.22562 -0.019817 0.036249 -0.01474 0 0
-0 -0 -0.23676 0 0 0 0 0 0 0 0 0 0 0.076599 -0.047178 -0.219 0.010259 -0.039517 0.012101 0 0
0 0 0.28808 0 0 0 0 0 0 0 0 0 0 -0.093202 0.057404 0.26647 -0.024327 0.042159 -0.017591 0 0
