0 0 0 0.0025682 0 0 0 0 0 0 0 0.0020775 -0.0011756 0.00094732 0 0
-0 -0 -0 0.11562 0 0 0 0 0 0 0 0.093531 -0.052929 0.042649 0 0
-0 -0 -0 0.0465 0 0 0 0 0 0 0 0.037616 -0.021287 0.017153 0 0
-0 -0 -0 3.829e-05 0 0 0 0 0 0 0 3.0974e-05 -1.7528e-05 1.4124e-05 0 0
-0 -0 -0 0.16761 0 0 0 0 0 0 0 0.13559 -0.076727 0.061826 0 0
0 0 0 0.054704 0 0 0 0 0 0 0 0.044252 -0.025042 0.020179 0 0
-0 -0 -0 0.015839 0 0 0 0 0 0 0 0.012812 -0.0072505 0.0058424 0 0
-0 -0 -0 0.13533 0 0 0 0 0 0 0 0.10947 -0.061951 0.04992 0 0
-0 -0 -0 0.1957 0 0 0 0 0 0 0 0.15831 -0.089589 0.07219 0 0
0 0 0 0.11817 0 0 0 0 0 0 0 0.095594 -0.054096 0.04359 0 0
-0 -0 -0 0.12796 0 0 0 0 0 0 0 0.10351 -0.058577 0.047201 0 0
0 0 0 0.044441 0 0 0 0 0 0 0 0.03595 -0.020344 0.016393 0 0
-0 -0 -0 0.026892 0 0 0 0 0 0 0 0.021754 -0.01231 0.0099197 0 0
-0 -0 -0 0.026714 0 0 0 0 0 0 0 0.02161 -0.012229 0.0098541 0 0
-0 -0 -0 0.02734 0 0 0 0 0 0 0 0.022116 -0.012515 0.010085 0 0
0 0 0 0.11376 0 0 0 0 0 0 0 0.092028 -0.052078 0.041964 0 0
-0 -0 -0 0.19729 0 0 0 0 0 0 0 0.15959 -0.090314 0.072774 0 0
-0 -0 -0 0.0027229 0 0 0 0 0 0 0 0.0022027 -0.0012465 0.0010044 0 0
-0 -0 -0 0.18506 0 0 0 0 0 0 0 0.1497 -0.084717 0.068264 0 0
0 0 0 0.067353 0 0 0 0 0 0 0 0.054484 -0.030832 0.024844 0 0
-0 -0 -0 0.10596 0 0 0 0 0 0 0 0.085718 -0.048507 0.039087 0 0
0 0 0 0.07518 0 0 0 0 0 0 0 0.060816 -0.034416 0.027732 0 0
-0 -0 -0 0.14685 0 0 0 0 0 0 0 0.11879 -0.067225 0.054169 0 0
-0 -0 -0 0.053763 0 0 0 0 0 0 0 0.043491 -0.024611 0.019832 0 0
0 0 0 0.15008 0 0 0 0 0 0 0 0.12141 -0.068703 0.055361 0 0
0 0 0 0.193 0 0 0 0 0 0 0 0.15612 -0.088349 0.071191 0 0
-0 -0 -0 0.076725 0 0 0 0 0 0 0 0.062065 -0.035123 0.028301 0 0
-0 -0 -0 0.085321 0 0 0 0 0 0 0 0.069019 -0.039058 0.031472 0 0
0 0 0 0.026177 0 0 0 0 0 0 0 0.021175 -0.011983 0.0096559 0 0
0 0 0 0.081644 0 0 0 0 0 0 0 0.066045 -0.037374 0.030116 0 0
0 0 0 0.050939 0 0 0 0 0 0 0 0.041206 -0.023318 0.01879 0 0
0 0 0 0.019247 0 0 0 0 0 0 0 0.01557 -0.0088108 0.0070997 0 0
-0 -0 -0 0.19587 0 0 0 0 0 0 0 0.15845 -0.089666 0.072252 0 0
0 0 0 0.11531 0 0 0 0 0 0 0 0.093279 -0.052786 0.042535 0 0
0 0 0 0.016486 0 0 0 0 0 0 0 0.013336 -0.0075469 0.0060812 0 0
0 0 0 0.10807 0 0 0 0 0 0 0 0.087424 -0.049473 0.039865 0 0
-0 -0 -0 0.1009 0 0 0 0 0 0 0 0.081621 -0.046189 0.037219 0 0
0 0 0 0.14934 0 0 0 0 0 0 0 0.1208 -0.068363 0.055086 0 0
0 0 0 0.19872 0 0 0 0 0 0 0 0.16075 -0.090968 0.073301 0 0
0 0 0 0.034131 0 0 0 0 0 0 0 0.02761 -0.015624 0.01259 0 0
0 0 0 0.0061174 0 0 0 0 0 0 0 0.0049486 -0.0028004 0.0022565 0 0
0 0 0 0.054686 0 0 0 0 0 0 0 0.044237 -0.025034 0.020172 0 0
0 0 0 0.088159 0 0 0 0 0 0 0 0.071315 -0.040357 0.032519 0 0
0 0 0 0.19791 0 0 0 0 0 0 0 0.1601 -0.090598 0.073003 0 0
0 0 0 0.089282 0 0 0 0 0 0 0 0.072223 -0.040871 0.032934 0 0
-0 -0 -0 0.083353 0 0 0 0 0 0 0 0.067427 -0.038157 0.030747 0 0
-0 -0 -0 0.14769 0 0 0 0 0 0 0 0.11947 -0.067608 0.054478 0 0
0 0 0 0.12547 0 0 0 0 0 0 0 0.1015 -0.057438 0.046283 0 0
-0 -0 -0 0.13217 0 0 0 0 0 0 0 0.10691 -0.060502 0.048752 0 0
0 0 0 0.043499 0 0 0 0 0 0 0 0.035188 -0.019913 0.016046 0 0
0 0 0 0.18383 0 0 0 0 0 0 0 0.14871 -0.084153 0.06781 0 0
-0 -0 -0 0.049164 0 0 0 0 0 0 0 0.039771 -0.022506 0.018135 0 0
-0 -0 -0 0.18408 0 0 0 0 0 0 0 0.14891 -0.084269 0.067903 0 0
0 0 0 0.19398 0 0 0 0 0 0 0 0.15692 -0.088798 0.071553 0 0
0 0 0 0.11718 0 0 0 0 0 0 0 0.094792 -0.053643 0.043225 0 0
-0 -0 -0 0.086636 0 0 0 0 0 0 0 0.070083 -0.03966 0.031957 0 0
0 0 0 0.078803 0 0 0 0 0 0 0 0.063746 -0.036074 0.029068 0 0
0 0 0 0.10023 0 0 0 0 0 0 0 0.081077 -0.045881 0.036971 0 0
0 0 0 0.1818 0 0 0 0 0 0 0 0.14707 -0.083224 0.067061 0 0
0 0 0 0.085857 0 0 0 0 0 0 0 0.069452 -0.039303 0.03167 0 0
-0 -0 -0 0.14366 0 0 0 0 0 0 0 0.11622 -0.065766 0.052994 0 0
0 0 0 0.039052 0 0 0 0 0 0 0 0.031591 -0.017877 0.014405 0 0
0 0 0 0.052578 0 0 0 0 0 0 0 0.042532 -0.024069 0.019395 0 0
-0 -0 -0 0.044614 0 0 0 0 0 0 0 0.03609 -0.020423 0.016457 0 0
0 0 0 0.0032096 0 0 0 0 0 0 0 0.0025963 -0.0014693 0.0011839 0 0
0 0 0 0.14833 0 0 0 0 0 0 0 0.11999 -0.067902 0.054715 0 0
-0 -0 -0 0.084216 0 0 0 0 0 0 0 0.068126 -0.038552 0.031065 0 0
-0 -0 -0 0.097273 0 0 0 0 0 0 0 0.078688 -0.044529 0.035881 0 0
0 0 0 0.16223 0 0 0 0 0 0 0 0.13123 -0.074263 0.059841 0 0
-0 -0 -0 0.11882 0 0 0 0 0 0 0 0.096119 -0.054393 0.04383 0 0
-0 -0 -0 0.025431 0 0 0 0 0 0 0 0.020572 -0.011641 0.0093806 0 0
0 0 0 0.18895 0 0 0 0 0 0 0 0.15285 -0.086497 0.069699 0 0
0 0 0 0.045265 0 0 0 0 0 0 0 0.036617 -0.020721 0.016697 0 0
0 0 0 0.11937 0 0 0 0 0 0 0 0.096566 -0.054646 0.044033 0 0
-0 -0 -0 0.11084 0 0 0 0 0 0 0 0.089659 -0.050737 0.040884 0 0
0 0 0 0.14375 0 0 0 0 0 0 0 0.11629 -0.065807 0.053027 0 0
-0 -0 -0 0.11651 0 0 0 0 0 0 0 0.094251 -0.053336 0.042978 0 0
0 0 0 0.090441 0 0 0 0 0 0 0 0.073161 -0.041402 0.033361 0 0
-0 -0 -0 0.092405 0 0 0 0 0 0 0 0.07475 -0.042301 0.034086 0 0
0 0 0 0.0067886 0 0 0 0 0 0 0 0.0054916 -0.0031077 0.0025041 0 0
0 0 0 0.10398 0 0 0 0 0 0 0 0.084117 -0.047602 0.038357 0 0
0 0 0 0.14145 0 0 0 0 0 0 0 0.11443 -0.064754 0.052178 0 0
-0 -0 -0 0.18569 0 0 0 0 0 0 0 0.15021 -0.085005 0.068497 0 0
-0 -0 -0 0.0045126 0 0 0 0 0 0 0 0.0036504 -0.0020658 0.0016646 0 0
0 0 0 0.027686 0 0 0 0 0 0 0 0.022396 -0.012674 0.010213 0 0
-0 -0 -0 0.18782 0 0 0 0 0 0 0 0.15193 -0.085979 0.069281 0 0
-0 -0 -0 0.13708 0 0 0 0 0 0 0 0.11089 -0.06275 0.050563 0 0
-0 -0 -0 0.1645 0 0 0 0 0 0 0 0.13307 -0.075306 0.060681 0 0
-0 -0 -0 0.1949 0 0 0 0 0 0 0 0.15766 -0.089219 0.071892 0 0
-0 -0 -0 0.034152 0 0 0 0 0 0 0 0.027627 -0.015634 0.012598 0 0
0 0 0 0.13084 0 0 0 0 0 0 0 0.10584 -0.059895 0.048263 0 0
0 0 0 0.1085 0 0 0 0 0 0 0 0.087769 -0.049668 0.040022 0 0
-0 -0 -0 0.029457 0 0 0 0 0 0 0 0.023828 -0.013484 0.010866 0 0
-0 -0 -0 0.10053 0 0 0 0 0 0 0 0.08132 -0.046019 0.037082 0 0
0 0 0 0.16116 0 0 0 0 0 0 0 0.13037 -0.073775 0.059448 0 0
-0 -0 -0 0.19913 0 0 0 0 0 0 0 0.16108 -0.091157 0.073454 0 0
0 0 0 0.12102 0 0 0 0 0 0 0 0.097901 -0.055402 0.044642 0 0
0 0 0 0.070432 0 0 0 0 0 0 0 0.056975 -0.032242 0.02598 0 0
0 0 0 0.042057 0 0 0 0 0 0 0 0.034021 -0.019253 0.015514 0 0
0 0 0 0.15922 0 0 0 0 0 0 0 0.1288 -0.072886 0.058731 0 0
