-0 -0 -0 0.075317 0 0 0 0 0 0 0 0.060927 -0.034478 0.027782 0 0
-0 -0 -0 0.16203 0 0 0 0 0 0 0 0.13107 -0.074171 0.059767 0 0
-0 -0 -0 0.0079257 0 0 0 0 0 0 0 0.0064114 -0.0036282 0.0029236 0 0
0 0 0 0.14737 0 0 0 0 0 0 0 0.11921 -0.067461 0.054359 0 0
0 0 0 0.1584 0 0 0 0 0 0 0 0.12814 -0.072513 0.058431 0 0
-0 -0 -0 0.14789 0 0 0 0 0 0 0 0.11963 -0.067699 0.054552 0 0
0 0 0 0.083151 0 0 0 0 0 0 0 0.067264 -0.038065 0.030672 0 0
0 0 0 0.19144 0 0 0 0 0 0 0 0.15486 -0.087636 0.070616 0 0
0 0 0 0.1394 0 0 0 0 0 0 0 0.11276 -0.063812 0.051419 0 0
-0 -0 -0 0.065503 0 0 0 0 0 0 0 0.052988 -0.029986 0.024162 0 0
-0 -0 -0 0.1453 0 0 0 0 0 0 0 0.11754 -0.066515 0.053598 0 0
-0 -0 -0 0.027873 0 0 0 0 0 0 0 0.022547 -0.012759 0.010281 0 0
-0 -0 -0 0.18187 0 0 0 0 0 0 0 0.14712 -0.083256 0.067087 0 0
0 0 0 0.095216 0 0 0 0 0 0 0 0.077023 -0.043587 0.035122 0 0
0 0 0 0.050533 0 0 0 0 0 0 0 0.040878 -0.023133 0.01864 0 0
-0 -0 -0 0.093448 0 0 0 0 0 0 0 0.075593 -0.042778 0.03447 0 0
-0 -0 -0 0.13921 0 0 0 0 0 0 0 0.11261 -0.063728 0.051352 0 0
-0 -0 -0 0.041589 0 0 0 0 0 0 0 0.033643 -0.019038 0.015341 0 0
-0 -0 -0 0.095764 0 0 0 0 0 0 0 0.077467 -0.043838 0.035324 0 0
0 0 0 0.083969 0 0 0 0 0 0 0 0.067926 -0.038439 0.030974 0 0
-0 -0 -0 0.15861 0 0 0 0 0 0 0 0.12831 -0.072608 0.058507 0 0
0 0 0 0.0142 0 0 0 0 0 0 0 0.011487 -0.0065006 0.0052381 0 0
-0 -0 -0 0.0054112 0 0 0 0 0 0 0 0.0043773 -0.0024771 0.001996 0 0
-0 -0 -0 0.099221 0 0 0 0 0 0 0 0.080263 -0.045421 0.0366 0 0
0 0 0 0.18375 0 0 0 0 0 0 0 0.14864 -0.084114 0.067778 0 0
0 0 0 0.013785 0 0 0 0 0 0 0 0.011151 -0.0063103 0.0050848 0 0
0 0 0 0.09626 0 0 0 0 0 0 0 0.077869 -0.044066 0.035508 0 0
0 0 0 0.001777 0 0 0 0 0 0 0 0.0014375 -0.00081347 0.00065548 0 0
-0 -0 -0 0.053494 0 0 0 0 0 0 0 0.043273 -0.024488 0.019732 0 0
-0 -0 -0 0.026585 0 0 0 0 0 0 0 0.021505 -0.01217 0.0098063 0 0
-0 -0 -0 0.18606 0 0 0 0 0 0 0 0.15051 -0.085174 0.068633 0 0
0 0 0 0.1376 0 0 0 0 0 0 0 0.11131 -0.062988 0.050755 0 0
0 0 0 0.056168 0 0 0 0 0 0 0 0.045436 -0.025712 0.020719 0 0
-0 -0 -0 0.15458 0 0 0 0 0 0 0 0.12504 -0.070761 0.057019 0 0
-0 -0 -0 0.17586 0 0 0 0 0 0 0 0.14226 -0.080506 0.064871 0 0
-0 -0 -0 0.13438 0 0 0 0 0 0 0 0.1087 -0.061514 0.049567 0 0
-0 -0 -0 0.11653 0 0 0 0 0 0 0 0.094264 -0.053344 0.042984 0 0
-0 -0 -0 0.12829 0 0 0 0 0 0 0 0.10378 -0.058728 0.047323 0 0
0 0 0 0.081331 0 0 0 0 0 0 0 0.065791 -0.037231 0.030001 0 0
-0 -0 -0 0.10785 0 0 0 0 0 0 0 0.087246 -0.049372 0.039784 0 0
-0 -0 -0 0.10563 0 0 0 0 0 0 0 0.085451 -0.048356 0.038965 0 0
0 0 0 0.17514 0 0 0 0 0 0 0 0.14168 -0.080177 0.064606 0 0
0 0 0 0.18545 0 0 0 0 0 0 0 0.15002 -0.084893 0.068406 0 0
0 0 0 0.17738 0 0 0 0 0 0 0 0.14349 -0.081201 0.065431 0 0
0 0 0 0.021801 0 0 0 0 0 0 0 0.017636 -0.0099801 0.0080419 0 0
0 0 0 0.1795 0 0 0 0 0 0 0 0.14521 -0.082171 0.066213 0 0
-0 -0 -0 0.14138 0 0 0 0 0 0 0 0.11437 -0.064721 0.052152 0 0
-0 -0 -0 0.021566 0 0 0 0 0 0 0 0.017445 -0.0098721 0.0079549 0 0
-0 -0 -0 0.086902 0 0 0 0 0 0 0 0.070299 -0.039782 0.032056 0 0
-0 -0 -0 0.020593 0 0 0 0 0 0 0 0.016659 -0.009427 0.0075962 0 0
-0 -0 -0 0.16015 0 0 0 0 0 0 0 0.12955 -0.073314 0.059076 0 0
-0 -0 -0 0.15241 0 0 0 0 0 0 0 0.12329 -0.069769 0.056219 0 0
0 0 0 0.10529 0 0 0 0 0 0 0 0.085174 -0.048199 0.038839 0 0
-0 -0 -0 0.097652 0 0 0 0 0 0 0 0.078994 -0.044703 0.036021 0 0
0 0 0 0.11548 0 0 0 0 0 0 0 0.093413 -0.052862 0.042596 0 0
0 0 0 0.12773 0 0 0 0 0 0 0 0.10332 -0.058469 0.047114 0 0
-0 -0 -0 0.077423 0 0 0 0 0 0 0 0.06263 -0.035442 0.028559 0 0
0 0 0 0.095655 0 0 0 0 0 0 0 0.077379 -0.043788 0.035284 0 0
-0 -0 -0 0.11916 0 0 0 0 0 0 0 0.096393 -0.054548 0.043955 0 0
0 0 0 0.14187 0 0 0 0 0 0 0 0.11477 -0.064945 0.052332 0 0
0 0 0 0.13882 0 0 0 0 0 0 0 0.1123 -0.063549 0.051208 0 0
0 0 0 0.18469 0 0 0 0 0 0 0 0.14941 -0.084548 0.068128 0 0
0 0 0 0.039529 0 0 0 0 0 0 0 0.031976 -0.018095 0.014581 0 0
0 0 0 0.16869 0 0 0 0 0 0 0 0.13646 -0.077221 0.062224 0 0
0 0 0 0.039951 0 0 0 0 0 0 0 0.032318 -0.018289 0.014737 0 0
-0 -0 -0 0.12984 0 0 0 0 0 0 0 0.10503 -0.059439 0.047895 0 0
0 0 0 0.1226 0 0 0 0 0 0 0 0.099172 -0.056121 0.045222 0 0
0 0 0 0.15435 0 0 0 0 0 0 0 0.12486 -0.070659 0.056937 0 0
0 0 0 0.016168 0 0 0 0 0 0 0 0.013079 -0.0074014 0.005964 0 0
0 0 0 0.10828 0 0 0 0 0 0 0 0.087595 -0.04957 0.039943 0 0
-0 -0 -0 0.012723 0 0 0 0 0 0 0 0.010292 -0.0058242 0.0046931 0 0
0 0 0 0.085459 0 0 0 0 0 0 0 0.069131 -0.039121 0.031523 0 0
0 0 0 0.075675 0 0 0 0 0 0 0 0.061216 -0.034642 0.027914 0 0
-0 -0 -0 0.013984 0 0 0 0 0 0 0 0.011312 -0.0064015 0.0051583 0 0
0 0 0 0.099656 0 0 0 0 0 0 0 0.080616 -0.04562 0.03676 0 0
-0 -0 -0 0.11828 0 0 0 0 0 0 0 0.095677 -0.054143 0.043628 0 0
-0 -0 -0 0.11002 0 0 0 0 0 0 0 0.088998 -0.050364 0.040583 0 0
-0 -0 -0 0.10778 0 0 0 0 0 0 0 0.087184 -0.049337 0.039755 0 0
0 0 0 0.053291 0 0 0 0 0 0 0 0.043109 -0.024395 0.019657 0 0
0 0 0 0.051392 0 0 0 0 0 0 0 0.041573 -0.023526 0.018957 0 0
-0 -0 -0 0.092676 0 0 0 0 0 0 0 0.074969 -0.042424 0.034185 0 0
-0 -0 -0 0.086342 0 0 0 0 0 0 0 0.069845 -0.039525 0.031849 0 0
-0 -0 -0 0.072559 0 0 0 0 0 0 0 0.058696 -0.033216 0.026765 0 0
-0 -0 -0 0.015029 0 0 0 0 0 0 0 0.012157 -0.0068798 0.0055437 0 0
-0 -0 -0 0.060782 0 0 0 0 0 0 0 0.049169 -0.027824 0.022421 0 0
0 0 0 0.084665 0 0 0 0 0 0 0 0.068489 -0.038758 0.031231 0 0
0 0 0 0.04074 0 0 0 0 0 0 0 0.032956 -0.01865 0.015028 0 0
0 0 0 0.10289 0 0 0 0 0 0 0 0.08323 -0.047099 0.037952 0 0
0 0 0 0.16037 0 0 0 0 0 0 0 0.12973 -0.073415 0.059157 0 0
0 0 0 0.060077 0 0 0 0 0 0 0 0.048598 -0.027502 0.022161 0 0
-0 -0 -0 0.10637 0 0 0 0 0 0 0 0.086045 -0.048693 0.039236 0 0
-0 -0 -0 0.093425 0 0 0 0 0 0 0 0.075575 -0.042768 0.034462 0 0
0 0 0 0.061873 0 0 0 0 0 0 0 0.050051 -0.028324 0.022823 0 0
-0 -0 -0 0.061903 0 0 0 0 0 0 0 0.050076 -0.028338 0.022834 0 0
0 0 0 0.054233 0 0 0 0 0 0 0 0.043871 -0.024826 0.020005 0 0
0 0 0 0.081424 0 0 0 0 0 0 0 0.065867 -0.037274 0.030035 0 0
0 0 0 0.18208 0 0 0 0 0 0 0 0.14729 -0.083354 0.067166 0 0
0 0 0 0.091507 0 0 0 0 0 0 0 0.074024 -0.04189 0.033754 0 0
0 0 0 0.12145 0 0 0 0 0 0 0 0.098249 -0.055599 0.044801 0 0
0 0 0 0.051281 0 0 0 0 0 0 0 0.041483 -0.023475 0.018916 0 0
