0 0 0.30093 0 0 0 0 0 0 0 0 0 0 -0.1024 0.051199 0.2783 -0.018994 0.040931 -0.014519 0 0
0 0 0.10797 0 0 0 0 0 0 0 0 0 0 -0.036738 0.018369 0.099848 -0.0054072 0.015445 -0.004831 0 0
0 0 0.12969 0 0 0 0 0 0 0 0 0 0 -0.044131 0.022065 0.11994 -0.0066906 0.018462 -0.0058581 0 0
-0 -0 -0.12619 0 0 0 0 0 0 0 0 0 0 0.042938 -0.021469 -0.1167 0.0042134 -0.018832 0.0050148 0 0
-0 -0 -0.34008 0 0 0 0 0 0 0 0 0 0 0.11572 -0.057861 -0.31451 0.0060098 -0.05186 0.011752 0 0
0 0 0.015423 0 0 0 0 0 0 0 0 0 0 -0.0052479 0.0026239 0.014263 -0.00067208 0.0022489 -0.00066102 0 0
-0 -0 -0.090642 0 0 0 0 0 0 0 0 0 0 0.030843 -0.015421 -0.083826 0.0032604 -0.013458 0.0036755 0 0
-0 -0 -0.0048067 0 0 0 0 0 0 0 0 0 0 0.0016356 -0.0008178 -0.0044453 0.00020255 -0.00070356 0.00020396 0 0
0 0 0.00032581 0 0 0 0 0 0 0 0 0 0 -0.00011086 5.5432e-05 0.00030131 -1.3848e-05 4.7644e-05 -1.386e-05 0 0
-0 -0 -0.18627 0 0 0 0 0 0 0 0 0 0 0.063383 -0.031692 -0.17227 0.0054026 -0.028013 0.0071414 0 0
-0 -0 -0.088836 0 0 0 0 0 0 0 0 0 0 0.030228 -0.015114 -0.082156 0.003207 -0.013186 0.0036059 0 0
-0 -0 -0.33461 0 0 0 0 0 0 0 0 0 0 0.11386 -0.056928 -0.30945 0.0060485 -0.051006 0.011609 0 0
-0 -0 -0.05025 0 0 0 0 0 0 0 0 0 0 0.017099 -0.0085493 -0.046472 0.0019539 -0.0074133 0.0020827 0 0
-0 -0 -0.075425 0 0 0 0 0 0 0 0 0 0 0.025665 -0.012833 -0.069754 0.002796 -0.011173 0.0030842 0 0
0 0 0.1344 0 0 0 0 0 0 0 0 0 0 -0.045733 0.022867 0.1243 -0.0069773 0.019111 -0.0060831 0 0
0 0 0.12902 0 0 0 0 0 0 0 0 0 0 -0.043903 0.021951 0.11932 -0.0066501 0.018369 -0.0058262 0 0
-0 -0 -0.22396 0 0 0 0 0 0 0 0 0 0 0.076207 -0.038103 -0.20712 0.0058763 -0.033821 0.0083842 0 0
-0 -0 -0.3193 0 0 0 0 0 0 0 0 0 0 0.10865 -0.054324 -0.29529 0.0061332 -0.048622 0.011202 0 0
0 0 0.28537 0 0 0 0 0 0 0 0 0 0 -0.097102 0.048551 0.26391 -0.017721 0.038994 -0.013694 0 0
-0 -0 -0.067582 0 0 0 0 0 0 0 0 0 0 0.022996 -0.011498 -0.0625 0.0025435 -0.0099984 0.0027752 0 0
-0 -0 -0.20743 0 0 0 0 0 0 0 0 0 0 0.070582 -0.035291 -0.19183 0.0056944 -0.03127 0.0078479 0 0
-0 -0 -0.13835 0 0 0 0 0 0 0 0 0 0 0.047077 -0.023539 -0.12795 0.0044971 -0.020682 0.0054595 0 0
-0 -0 -0.19804 0 0 0 0 0 0 0 0 0 0 0.067386 -0.033693 -0.18314 0.005573 -0.029823 0.007537 0 0
-0 -0 -0.26054 0 0 0 0 0 0 0 0 0 0 0.088653 -0.044327 -0.24095 0.0061345 -0.039486 0.0095213 0 0
0 0 0.16308 0 0 0 0 0 0 0 0 0 0 -0.055491 0.027746 0.15082 -0.0087875 0.02303 -0.0074701 0 0
0 0 0.057104 0 0 0 0 0 0 0 0 0 0 -0.019431 0.0097155 0.05281 -0.0026567 0.0082587 -0.0024969 0 0
0 0 0.081379 0 0 0 0 0 0 0 0 0 0 -0.027691 0.013846 0.07526 -0.0039248 0.01171 -0.0035983 0 0
0 0 0.12157 0 0 0 0 0 0 0 0 0 0 -0.041368 0.020684 0.11243 -0.0062035 0.017338 -0.0054722 0 0
0 0 0.0951 0 0 0 0 0 0 0 0 0 0 -0.03236 0.01618 0.087949 -0.0046776 0.013644 -0.0042311 0 0
-0 -0 -0.045252 0 0 0 0 0 0 0 0 0 0 0.015398 -0.0076989 -0.041849 0.0017758 -0.0066704 0.0018805 0 0
0 0 0.15146 0 0 0 0 0 0 0 0 0 0 -0.051539 0.02577 0.14008 -0.008041 0.02145 -0.0069048 0 0
0 0 0.13986 0 0 0 0 0 0 0 0 0 0 -0.047591 0.023796 0.12935 -0.0073134 0.019862 -0.0063448 0 0
-0 -0 -0.046181 0 0 0 0 0 0 0 0 0 0 0.015714 -0.007857 -0.042708 0.0018092 -0.0068084 0.0019182 0 0
0 0 0.24654 0 0 0 0 0 0 0 0 0 0 -0.083891 0.041946 0.228 -0.014676 0.034065 -0.011667 0 0
-0 -0 -0.075189 0 0 0 0 0 0 0 0 0 0 0.025585 -0.012792 -0.069535 0.0027885 -0.011137 0.0030749 0 0
0 0 0.20879 0 0 0 0 0 0 0 0 0 0 -0.071046 0.035523 0.19309 -0.0119 0.029145 -0.0097401 0 0
-0 -0 -0.062696 0 0 0 0 0 0 0 0 0 0 0.021334 -0.010667 -0.057982 0.0023817 -0.0092684 0.0025814 0 0
-0 -0 -0.26452 0 0 0 0 0 0 0 0 0 0 0.090008 -0.045004 -0.24463 0.0061507 -0.040103 0.0096409 0 0
-0 -0 -0.33922 0 0 0 0 0 0 0 0 0 0 0.11543 -0.057714 -0.31372 0.0060162 -0.051726 0.01173 0 0
0 0 0.3209 0 0 0 0 0 0 0 0 0 0 -0.10919 0.054597 0.29677 -0.020673 0.043383 -0.015588 0 0
-0 -0 -0.27768 0 0 0 0 0 0 0 0 0 0 0.094488 -0.047244 -0.2568 0.0061872 -0.042148 0.01003 0 0
0 0 0.22509 0 0 0 0 0 0 0 0 0 0 -0.076591 0.038296 0.20816 -0.013075 0.031284 -0.010566 0 0
-0 -0 -0.17174 0 0 0 0 0 0 0 0 0 0 0.058439 -0.029219 -0.15883 0.0051638 -0.025783 0.0066432 0 0
-0 -0 -0.19061 0 0 0 0 0 0 0 0 0 0 0.064858 -0.032429 -0.17627 0.0054678 -0.028679 0.0072879 0 0
0 0 0.33389 0 0 0 0 0 0 0 0 0 0 -0.11361 0.056806 0.30878 -0.02179 0.044957 -0.016288 0 0
0 0 0.10292 0 0 0 0 0 0 0 0 0 0 -0.035021 0.01751 0.095181 -0.0051184 0.01474 -0.004595 0 0
-0 -0 -0.050274 0 0 0 0 0 0 0 0 0 0 0.017107 -0.0085534 -0.046493 0.0019547 -0.0074169 0.0020837 0 0
0 0 0.22968 0 0 0 0 0 0 0 0 0 0 -0.078153 0.039076 0.21241 -0.013413 0.031882 -0.0108 0 0
0 0 0.14173 0 0 0 0 0 0 0 0 0 0 -0.048225 0.024113 0.13107 -0.007429 0.020118 -0.0064345 0 0
0 0 0.31238 0 0 0 0 0 0 0 0 0 0 -0.10629 0.053146 0.28889 -0.01995 0.042341 -0.01513 0 0
-0 -0 -0.29672 0 0 0 0 0 0 0 0 0 0 0.10096 -0.050482 -0.27441 0.0061944 -0.045107 0.010577 0 0
-0 -0 -0.16952 0 0 0 0 0 0 0 0 0 0 0.057681 -0.028841 -0.15677 0.0051245 -0.025442 0.006566 0 0
-0 -0 -0.32573 0 0 0 0 0 0 0 0 0 0 0.11084 -0.055418 -0.30124 0.0061018 -0.049624 0.011374 0 0
0 0 0.073222 0 0 0 0 0 0 0 0 0 0 -0.024916 0.012458 0.067717 -0.0034896 0.010554 -0.0032256 0 0
-0 -0 -0.091758 0 0 0 0 0 0 0 0 0 0 0.031223 -0.015611 -0.084858 0.0032931 -0.013626 0.0037184 0 0
0 0 0.26495 0 0 0 0 0 0 0 0 0 0 -0.090155 0.045078 0.24503 -0.016096 0.036419 -0.012622 0 0
0 0 0.076678 0 0 0 0 0 0 0 0 0 0 -0.026091 0.013046 0.070912 -0.0036728 0.011044 -0.0033832 0 0
-0 -0 -0.12872 0 0 0 0 0 0 0 0 0 0 0.0438 -0.0219 -0.11904 0.0042743 -0.019217 0.0051081 0 0
-0 -0 -0.11692 0 0 0 0 0 0 0 0 0 0 0.039784 -0.019892 -0.10813 0.0039827 -0.017426 0.0046713 0 0
-0 -0 -0.0341 0 0 0 0 0 0 0 0 0 0 0.011603 -0.0058016 -0.031536 0.0013655 -0.0050171 0.0014254 0 0
0 0 0.064545 0 0 0 0 0 0 0 0 0 0 -0.021963 0.010981 0.059692 -0.0030367 0.0093206 -0.002832 0 0
0 0 0.096634 0 0 0 0 0 0 0 0 0 0 -0.032882 0.016441 0.089368 -0.0047635 0.013859 -0.0043023 0 0
-0 -0 -0.30433 0 0 0 0 0 0 0 0 0 0 0.10355 -0.051777 -0.28144 0.0061822 -0.046291 0.010791 0 0
-0 -0 -0.22222 0 0 0 0 0 0 0 0 0 0 0.075617 -0.037808 -0.20552 0.0058591 -0.033553 0.0083286 0 0
-0 -0 -0.1147 0 0 0 0 0 0 0 0 0 0 0.03903 -0.019515 -0.10608 0.0039257 -0.017091 0.0045885 0 0
0 0 0.17827 0 0 0 0 0 0 0 0 0 0 -0.060661 0.03033 0.16487 -0.0097911 0.025081 -0.0082166 0 0
0 0 0.2585 0 0 0 0 0 0 0 0 0 0 -0.087961 0.043981 0.23907 -0.015594 0.035598 -0.012286 0 0
-0 -0 -0.13911 0 0 0 0 0 0 0 0 0 0 0.047337 -0.023668 -0.12865 0.0045142 -0.020798 0.0054871 0 0
0 0 0.020066 0 0 0 0 0 0 0 0 0 0 -0.0068279 0.003414 0.018557 -0.00088105 0.0029235 -0.000862 0 0
0 0 0.33185 0 0 0 0 0 0 0 0 0 0 -0.11292 0.05646 0.3069 -0.021614 0.044711 -0.016178 0 0
-0 -0 -0.24964 0 0 0 0 0 0 0 0 0 0 0.084947 -0.042474 -0.23087 0.0060784 -0.037797 0.0091899 0 0
-0 -0 -0.31987 0 0 0 0 0 0 0 0 0 0 0.10884 -0.054421 -0.29582 0.0061306 -0.048711 0.011217 0 0
0 0 0.17707 0 0 0 0 0 0 0 0 0 0 -0.06025 0.030125 0.16375 -0.0097103 0.024918 -0.008157 0 0
0 0 0.29585 0 0 0 0 0 0 0 0 0 0 -0.10067 0.050335 0.27361 -0.018576 0.040302 -0.014249 0 0
0 0 0.025342 0 0 0 0 0 0 0 0 0 0 -0.0086231 0.0043115 0.023436 -0.0011222 0.0036883 -0.0010914 0 0
-0 -0 -0.185 0 0 0 0 0 0 0 0 0 0 0.062951 -0.031475 -0.17109 0.0053829 -0.027818 0.0070982 0 0
-0 -0 -0.20347 0 0 0 0 0 0 0 0 0 0 0.069234 -0.034617 -0.18817 0.0056448 -0.030659 0.0077173 0 0
-0 -0 -0.00051291 0 0 0 0 0 0 0 0 0 0 0.00017453 -8.7265e-05 -0.00047435 2.177e-05 -7.5016e-05 2.1811e-05 0 0
-0 -0 -0.011391 0 0 0 0 0 0 0 0 0 0 0.003876 -0.001938 -0.010534 0.00047464 -0.0016693 0.00048173 0 0
0 0 0.080431 0 0 0 0 0 0 0 0 0 0 -0.027369 0.013684 0.074384 -0.0038737 0.011576 -0.0035549 0 0
0 0 0.25431 0 0 0 0 0 0 0 0 0 0 -0.086534 0.043267 0.23519 -0.01527 0.035062 -0.012069 0 0
-0 -0 -0.1491 0 0 0 0 0 0 0 0 0 0 0.050733 -0.025367 -0.13788 0.0047295 -0.02232 0.0058463 0 0
-0 -0 -0.10471 0 0 0 0 0 0 0 0 0 0 0.035631 -0.017815 -0.096839 0.0036597 -0.01558 0.0042127 0 0
-0 -0 -0.025198 0 0 0 0 0 0 0 0 0 0 0.0085743 -0.0042871 -0.023304 0.0010251 -0.0037017 0.0010582 0 0
-0 -0 -0.28825 0 0 0 0 0 0 0 0 0 0 0.098083 -0.049042 -0.26657 0.0061979 -0.04379 0.010336 0 0
0 0 0.020069 0 0 0 0 0 0 0 0 0 0 -0.0068289 0.0034145 0.01856 -0.00088118 0.0029239 -0.00086212 0 0
0 0 0.018386 0 0 0 0 0 0 0 0 0 0 -0.0062563 0.0031282 0.017004 -0.0008051 0.0026796 -0.00078918 0 0
0 0 0.32525 0 0 0 0 0 0 0 0 0 0 -0.11067 0.055337 0.30079 -0.021045 0.043912 -0.015822 0 0
0 0 0.17821 0 0 0 0 0 0 0 0 0 0 -0.060639 0.030319 0.16481 -0.0097868 0.025072 -0.0082134 0 0
0 0 0.091928 0 0 0 0 0 0 0 0 0 0 -0.031281 0.01564 0.085016 -0.0045013 0.013198 -0.0040842 0 0
0 0 0.1692 0 0 0 0 0 0 0 0 0 0 -0.057575 0.028788 0.15648 -0.0091884 0.023859 -0.0077701 0 0
0 0 0.30335 0 0 0 0 0 0 0 0 0 0 -0.10322 0.051611 0.28054 -0.019195 0.04123 -0.014648 0 0
-0 -0 -0.035645 0 0 0 0 0 0 0 0 0 0 0.012129 -0.0060645 -0.032965 0.0014234 -0.0052458 0.0014888 0 0
-0 -0 -0.33738 0 0 0 0 0 0 0 0 0 0 0.1148 -0.057401 -0.31202 0.0060294 -0.051439 0.011682 0 0
0 0 0.29396 0 0 0 0 0 0 0 0 0 0 -0.10003 0.050013 0.27185 -0.01842 0.040066 -0.014148 0 0
-0 -0 -0.34773 0 0 0 0 0 0 0 0 0 0 0.11832 -0.059161 -0.32158 0.0059483 -0.053051 0.011948 0 0
-0 -0 -0.2175 0 0 0 0 0 0 0 0 0 0 0.074008 -0.037004 -0.20114 0.00581 -0.032823 0.0081762 0 0
0 0 0.15643 0 0 0 0 0 0 0 0 0 0 -0.053229 0.026615 0.14467 -0.008358 0.022127 -0.0071459 0 0
-0 -0 -0.27139 0 0 0 0 0 0 0 0 0 0 0.092348 -0.046174 -0.25099 0.006173 -0.041171 0.0098455 0 0
0 0 0.14547 0 0 0 0 0 0 0 0 0 0 -0.049499 0.024749 0.13453 -0.0076627 0.020631 -0.0066148 0 0
