0 0 0.27798 0 0 0 0 0 0 0 0 0 0 -0.089934 0.055391 0.25713 -0.023272 0.040827 -0.016935 0 0
0 0 0.047723 0 0 0 0 0 0 0 0 0 0 -0.01544 0.0095095 0.044144 -0.0031675 0.0075188 -0.0027276 0 0
0 0 0.11814 0 0 0 0 0 0 0 0 0 0 -0.038222 0.023541 0.10928 -0.0084856 0.01826 -0.0069016 0 0
-0 -0 -0.27827 0 0 0 0 0 0 0 0 0 0 0.090028 -0.055449 -0.2574 0.011095 -0.046721 0.013945 0 0
-0 -0 -0.162 0 0 0 0 0 0 0 0 0 0 0.05241 -0.03228 -0.14985 0.0080208 -0.02671 0.0085593 0 0
0 0 0.29754 0 0 0 0 0 0 0 0 0 0 -0.096262 0.059289 0.27522 -0.025327 0.043394 -0.018207 0 0
-0 -0 -0.056581 0 0 0 0 0 0 0 0 0 0 0.018306 -0.011275 -0.052338 0.0032867 -0.0091375 0.003118 0 0
-0 -0 -0.1482 0 0 0 0 0 0 0 0 0 0 0.047948 -0.029532 -0.13709 0.0075057 -0.024375 0.0078762 0 0
-0 -0 -0.13341 0 0 0 0 0 0 0 0 0 0 0.043163 -0.026584 -0.12341 0.0069181 -0.021883 0.0071337 0 0
-0 -0 -0.013268 0 0 0 0 0 0 0 0 0 0 0.0042927 -0.0026439 -0.012273 0.00081674 -0.002122 0.00074278 0 0
0 0 0.01854 0 0 0 0 0 0 0 0 0 0 -0.0059982 0.0036944 0.01715 -0.001188 0.0029425 -0.0010494 0 0
0 0 0.28756 0 0 0 0 0 0 0 0 0 0 -0.093035 0.057301 0.266 -0.024273 0.042091 -0.017557 0 0
-0 -0 -0.19322 0 0 0 0 0 0 0 0 0 0 0.062511 -0.038501 -0.17872 0.0090694 -0.032029 0.010072 0 0
0 0 0.23155 0 0 0 0 0 0 0 0 0 0 -0.074912 0.046139 0.21418 -0.018603 0.034554 -0.01395 0 0
0 0 0.22092 0 0 0 0 0 0 0 0 0 0 -0.071475 0.044022 0.20435 -0.017576 0.033085 -0.013275 0 0
-0 -0 -0.15249 0 0 0 0 0 0 0 0 0 0 0.049335 -0.030386 -0.14105 0.0076692 -0.0251 0.0080896 0 0
-0 -0 -0.23075 0 0 0 0 0 0 0 0 0 0 0.074653 -0.04598 -0.21344 0.010114 -0.038479 0.011826 0 0
-0 -0 -0.17246 0 0 0 0 0 0 0 0 0 0 0.055796 -0.034365 -0.15952 0.0083904 -0.028488 0.0090715 0 0
-0 -0 -0.0047045 0 0 0 0 0 0 0 0 0 0 0.0015221 -0.00093745 -0.0043517 0.00029279 -0.00075087 0.00026416 0 0
0 0 0.066261 0 0 0 0 0 0 0 0 0 0 -0.021437 0.013203 0.061291 -0.0044938 0.010389 -0.0038098 0 0
-0 -0 -0.33342 0 0 0 0 0 0 0 0 0 0 0.10787 -0.066439 -0.30841 0.011752 -0.056368 0.016253 0 0
0 0 0.22646 0 0 0 0 0 0 0 0 0 0 -0.073266 0.045126 0.20948 -0.018109 0.033853 -0.013627 0 0
-0 -0 -0.13517 0 0 0 0 0 0 0 0 0 0 0.043732 -0.026935 -0.12503 0.00699 -0.022179 0.0072226 0 0
0 0 0.29861 0 0 0 0 0 0 0 0 0 0 -0.096608 0.059502 0.27621 -0.025441 0.043533 -0.018276 0 0
0 0 0.20967 0 0 0 0 0 0 0 0 0 0 -0.067836 0.041781 0.19395 -0.016507 0.031516 -0.012563 0 0
0 0 0.17138 0 0 0 0 0 0 0 0 0 0 -0.055446 0.03415 0.15852 -0.013002 0.026074 -0.010164 0 0
0 0 0.030541 0 0 0 0 0 0 0 0 0 0 -0.0098809 0.0060857 0.02825 -0.0019859 0.0048328 -0.0017357 0 0
0 0 0.096597 0 0 0 0 0 0 0 0 0 0 -0.031252 0.019248 0.089352 -0.0067783 0.015021 -0.0056067 0 0
-0 -0 -0.22676 0 0 0 0 0 0 0 0 0 0 0.073364 -0.045186 -0.20975 0.010014 -0.037791 0.011644 0 0
-0 -0 -0.21179 0 0 0 0 0 0 0 0 0 0 0.068519 -0.042202 -0.1959 0.0096158 -0.035213 0.010949 0 0
-0 -0 -0.11074 0 0 0 0 0 0 0 0 0 0 0.035828 -0.022067 -0.10244 0.0059474 -0.018085 0.0059762 0 0
-0 -0 -0.20994 0 0 0 0 0 0 0 0 0 0 0.067922 -0.041834 -0.19419 0.009564 -0.034896 0.010862 0 0
-0 -0 -0.33779 0 0 0 0 0 0 0 0 0 0 0.10929 -0.06731 -0.31246 0.011782 -0.057136 0.016429 0 0
0 0 0.05575 0 0 0 0 0 0 0 0 0 0 -0.018037 0.011109 0.051569 -0.0037353 0.0087652 -0.0031947 0 0
0 0 0.25562 0 0 0 0 0 0 0 0 0 0 -0.0827 0.050936 0.23645 -0.020986 0.037837 -0.015491 0 0
-0 -0 -0.22239 0 0 0 0 0 0 0 0 0 0 0.071951 -0.044316 -0.20571 0.0099018 -0.037038 0.011442 0 0
0 0 0.14299 0 0 0 0 0 0 0 0 0 0 -0.04626 0.028492 0.13226 -0.010541 0.021942 -0.0084136 0 0
-0 -0 -0.16602 0 0 0 0 0 0 0 0 0 0 0.053712 -0.033082 -0.15357 0.008165 -0.027393 0.0087568 0 0
-0 -0 -0.045617 0 0 0 0 0 0 0 0 0 0 0.014758 -0.0090899 -0.042196 0.00269 -0.0073492 0.002524 0 0
0 0 0.024323 0 0 0 0 0 0 0 0 0 0 -0.0078694 0.0048468 0.022499 -0.0015697 0.0038549 -0.0013794 0 0
-0 -0 -0.19585 0 0 0 0 0 0 0 0 0 0 0.063365 -0.039027 -0.18116 0.0091506 -0.03248 0.010197 0 0
0 0 0.26864 0 0 0 0 0 0 0 0 0 0 -0.086914 0.053531 0.2485 -0.02231 0.039586 -0.016331 0 0
-0 -0 -0.27284 0 0 0 0 0 0 0 0 0 0 0.08827 -0.054367 -0.25237 0.011002 -0.045775 0.013709 0 0
-0 -0 -0.028701 0 0 0 0 0 0 0 0 0 0 0.0092856 -0.0057191 -0.026548 0.0017314 -0.0046064 0.0015979 0 0
-0 -0 -0.20565 0 0 0 0 0 0 0 0 0 0 0.066535 -0.04098 -0.19023 0.0094417 -0.03416 0.010661 0 0
-0 -0 -0.046986 0 0 0 0 0 0 0 0 0 0 0.015201 -0.0093626 -0.043462 0.0027656 -0.007572 0.0025985 0 0
-0 -0 -0.18146 0 0 0 0 0 0 0 0 0 0 0.058707 -0.036158 -0.16785 0.0086936 -0.03002 0.0095078 0 0
-0 -0 -0.27353 0 0 0 0 0 0 0 0 0 0 0.088496 -0.054506 -0.25302 0.011014 -0.045896 0.013739 0 0
0 0 0.089596 0 0 0 0 0 0 0 0 0 0 -0.028987 0.017853 0.082876 -0.0062386 0.01396 -0.0051892 0 0
0 0 0.034011 0 0 0 0 0 0 0 0 0 0 -0.011003 0.0067771 0.03146 -0.0022208 0.0053771 -0.0019351 0 0
-0 -0 -0.029001 0 0 0 0 0 0 0 0 0 0 0.0093827 -0.0057789 -0.026826 0.0017488 -0.0046549 0.0016144 0 0
0 0 0.026408 0 0 0 0 0 0 0 0 0 0 -0.0085439 0.0052623 0.024428 -0.0017086 0.0041832 -0.0014987 0 0
-0 -0 -0.29525 0 0 0 0 0 0 0 0 0 0 0.095523 -0.058834 -0.27311 0.011352 -0.049684 0.014674 0 0
-0 -0 -0.19394 0 0 0 0 0 0 0 0 0 0 0.062745 -0.038646 -0.17939 0.0090918 -0.032153 0.010106 0 0
0 0 0.2065 0 0 0 0 0 0 0 0 0 0 -0.06681 0.041149 0.19101 -0.016209 0.031071 -0.012363 0 0
0 0 0.00029226 0 0 0 0 0 0 0 0 0 0 -9.4553e-05 5.8236e-05 0.00027034 -1.8305e-05 4.659e-05 -1.6439e-05 0 0
-0 -0 -0.16795 0 0 0 0 0 0 0 0 0 0 0.054335 -0.033466 -0.15535 0.0082332 -0.02772 0.0088512 0 0
-0 -0 -0.16072 0 0 0 0 0 0 0 0 0 0 0.051999 -0.032027 -0.14867 0.0079746 -0.026494 0.0084967 0 0
0 0 0.18305 0 0 0 0 0 0 0 0 0 0 -0.059221 0.036475 0.16932 -0.014048 0.027748 -0.010891 0 0
0 0 0.21072 0 0 0 0 0 0 0 0 0 0 -0.068175 0.04199 0.19492 -0.016606 0.031663 -0.012629 0 0
0 0 0.055613 0 0 0 0 0 0 0 0 0 0 -0.017993 0.011082 0.051442 -0.0037255 0.008744 -0.0031867 0 0
-0 -0 -0.13403 0 0 0 0 0 0 0 0 0 0 0.043362 -0.026707 -0.12398 0.0069434 -0.021986 0.0071649 0 0
-0 -0 -0.028402 0 0 0 0 0 0 0 0 0 0 0.009189 -0.0056596 -0.026272 0.001714 -0.0045582 0.0015814 0 0
-0 -0 -0.016575 0 0 0 0 0 0 0 0 0 0 0.0053626 -0.0033029 -0.015332 0.0010159 -0.0026529 0.00092683 0 0
0 0 0.15603 0 0 0 0 0 0 0 0 0 0 -0.050479 0.031091 0.14432 -0.011657 0.023849 -0.0092147 0 0
0 0 0.04658 0 0 0 0 0 0 0 0 0 0 -0.01507 0.0092818 0.043086 -0.0030874 0.0073408 -0.0026612 0 0
0 0 0.30478 0 0 0 0 0 0 0 0 0 0 -0.098606 0.060732 0.28192 -0.026101 0.044334 -0.01868 0 0
-0 -0 -0.17739 0 0 0 0 0 0 0 0 0 0 0.05739 -0.035347 -0.16408 0.0085581 -0.029326 0.0093109 0 0
0 0 0.1209 0 0 0 0 0 0 0 0 0 0 -0.039115 0.024091 0.11183 -0.0087095 0.018672 -0.0070687 0 0
0 0 0.34438 0 0 0 0 0 0 0 0 0 0 -0.11142 0.068623 0.31855 -0.030455 0.049356 -0.021284 0 0
0 0 0.16883 0 0 0 0 0 0 0 0 0 0 -0.05462 0.033641 0.15616 -0.012776 0.025706 -0.010006 0 0
0 0 0.18244 0 0 0 0 0 0 0 0 0 0 -0.059024 0.036353 0.16875 -0.013992 0.027661 -0.010853 0 0
0 0 0.31974 0 0 0 0 0 0 0 0 0 0 -0.10345 0.063713 0.29576 -0.027722 0.046254 -0.01966 0 0
-0 -0 -0.028361 0 0 0 0 0 0 0 0 0 0 0.0091757 -0.0056514 -0.026234 0.0017116 -0.0045515 0.0015792 0 0
-0 -0 -0.076006 0 0 0 0 0 0 0 0 0 0 0.02459 -0.015145 -0.070305 0.004296 -0.012325 0.0041578 0 0
0 0 0.033663 0 0 0 0 0 0 0 0 0 0 -0.010891 0.0067079 0.031138 -0.0021972 0.0053227 -0.0019151 0 0
-0 -0 -0.084936 0 0 0 0 0 0 0 0 0 0 0.027479 -0.016925 -0.078566 0.0047395 -0.013799 0.0046303 0 0
0 0 0.086417 0 0 0 0 0 0 0 0 0 0 -0.027959 0.01722 0.079936 -0.005996 0.013476 -0.0050002 0 0
-0 -0 -0.16777 0 0 0 0 0 0 0 0 0 0 0.054278 -0.03343 -0.15519 0.008227 -0.02769 0.0088425 0 0
0 0 0.30375 0 0 0 0 0 0 0 0 0 0 -0.098272 0.060527 0.28097 -0.025991 0.044201 -0.018612 0 0
-0 -0 -0.13932 0 0 0 0 0 0 0 0 0 0 0.045075 -0.027762 -0.12887 0.0071573 -0.022878 0.0074317 0 0
-0 -0 -0.063153 0 0 0 0 0 0 0 0 0 0 0.020432 -0.012584 -0.058416 0.003635 -0.010213 0.0034716 0 0
-0 -0 -0.29084 0 0 0 0 0 0 0 0 0 0 0.094096 -0.057955 -0.26903 0.01129 -0.048913 0.014486 0 0
0 0 0.31691 0 0 0 0 0 0 0 0 0 0 -0.10253 0.063149 0.29314 -0.027413 0.045892 -0.019474 0 0
0 0 0.065529 0 0 0 0 0 0 0 0 0 0 -0.0212 0.013058 0.060614 -0.0044404 0.010276 -0.0037668 0 0
0 0 0.22027 0 0 0 0 0 0 0 0 0 0 -0.071263 0.043892 0.20375 -0.017513 0.032994 -0.013233 0 0
-0 -0 -0.26905 0 0 0 0 0 0 0 0 0 0 0.087045 -0.053612 -0.24887 0.010934 -0.045116 0.013543 0 0
-0 -0 -0.06402 0 0 0 0 0 0 0 0 0 0 0.020712 -0.012757 -0.059218 0.0036805 -0.010355 0.0035181 0 0
-0 -0 -0.11692 0 0 0 0 0 0 0 0 0 0 0.037825 -0.023297 -0.10815 0.0062201 -0.019117 0.0062937 0 0
0 0 0.12775 0 0 0 0 0 0 0 0 0 0 -0.041332 0.025457 0.11817 -0.0092701 0.019692 -0.0074843 0 0
0 0 0.1726 0 0 0 0 0 0 0 0 0 0 -0.05584 0.034393 0.15965 -0.01311 0.026249 -0.01024 0 0
0 0 0.2096 0 0 0 0 0 0 0 0 0 0 -0.067811 0.041766 0.19388 -0.0165 0.031506 -0.012558 0 0
-0 -0 -0.10684 0 0 0 0 0 0 0 0 0 0 0.034565 -0.021289 -0.098823 0.0057716 -0.017434 0.0057744 0 0
-0 -0 -0.080638 0 0 0 0 0 0 0 0 0 0 0.026089 -0.016068 -0.07459 0.0045276 -0.013089 0.0044033 0 0
-0 -0 -0.14471 0 0 0 0 0 0 0 0 0 0 0.046819 -0.028836 -0.13386 0.0073703 -0.023786 0.0077019 0 0
-0 -0 -0.33 0 0 0 0 0 0 0 0 0 0 0.10676 -0.065757 -0.30525 0.011727 -0.055767 0.016115 0 0
0 0 0.27515 0 0 0 0 0 0 0 0 0 0 -0.08902 0.054829 0.25452 -0.02298 0.040452 -0.016752 0 0
0 0 0.28071 0 0 0 0 0 0 0 0 0 0 -0.090817 0.055935 0.25965 -0.023556 0.041188 -0.017112 0 0
-0 -0 -0.34822 0 0 0 0 0 0 0 0 0 0 0.11266 -0.069387 -0.3221 0.011841 -0.058968 0.016844 0 0
-0 -0 -0.084351 0 0 0 0 0 0 0 0 0 0 0.02729 -0.016808 -0.078025 0.0047108 -0.013703 0.0045995 0 0
