-0 -0 -0 0.027037 0 0 0 0 0 0 0 0.021871 -0.012377 0.0099731 0 0
0 0 0 0.10992 0 0 0 0 0 0 0 0.08892 -0.05032 0.040547 0 0
0 0 0 0.15052 0 0 0 0 0 0 0 0.12176 -0.068904 0.055522 0 0
0 0 0 0.17054 0 0 0 0 0 0 0 0.13796 -0.078069 0.062907 0 0
-0 -0 -0 0.05399 0 0 0 0 0 0 0 0.043674 -0.024715 0.019915 0 0
0 0 0 0.15289 0 0 0 0 0 0 0 0.12368 -0.069991 0.056398 0 0
-0 -0 -0 0.03127 0 0 0 0 0 0 0 0.025295 -0.014314 0.011534 0 0
0 0 0 0.18954 0 0 0 0 0 0 0 0.15332 -0.086765 0.069914 0 0
-0 -0 -0 0.11502 0 0 0 0 0 0 0 0.093041 -0.052652 0.042426 0 0
0 0 0 0.021522 0 0 0 0 0 0 0 0.01741 -0.0098524 0.007939 0 0
-0 -0 -0 0.063465 0 0 0 0 0 0 0 0.051339 -0.029053 0.023411 0 0
-0 -0 -0 0.11605 0 0 0 0 0 0 0 0.093874 -0.053123 0.042806 0 0
0 0 0 0.14827 0 0 0 0 0 0 0 0.11994 -0.067874 0.054692 0 0
-0 -0 -0 0.11442 0 0 0 0 0 0 0 0.092562 -0.052381 0.042208 0 0
-0 -0 -0 0.10323 0 0 0 0 0 0 0 0.083507 -0.047256 0.038079 0 0
0 0 0 0.12277 0 0 0 0 0 0 0 0.099312 -0.0562 0.045286 0 0
0 0 0 0.18696 0 0 0 0 0 0 0 0.15124 -0.085587 0.068965 0 0
0 0 0 0.10919 0 0 0 0 0 0 0 0.088332 -0.049987 0.040279 0 0
0 0 0 0.14086 0 0 0 0 0 0 0 0.11395 -0.064483 0.05196 0 0
-0 -0 -0 0.1107 0 0 0 0 0 0 0 0.089549 -0.050675 0.040834 0 0
0 0 0 0.18235 0 0 0 0 0 0 0 0.14751 -0.083476 0.067265 0 0
-0 -0 -0 0.060495 0 0 0 0 0 0 0 0.048937 -0.027693 0.022315 0 0
0 0 0 0.012255 0 0 0 0 0 0 0 0.0099133 -0.0056099 0.0045204 0 0
0 0 0 0.087514 0 0 0 0 0 0 0 0.070793 -0.040062 0.032281 0 0
0 0 0 0.041268 0 0 0 0 0 0 0 0.033383 -0.018891 0.015223 0 0
0 0 0 0.051805 0 0 0 0 0 0 0 0.041907 -0.023715 0.019109 0 0
-0 -0 -0 0.14854 0 0 0 0 0 0 0 0.12016 -0.067999 0.054793 0 0
0 0 0 0.020708 0 0 0 0 0 0 0 0.016752 -0.0094796 0.0076386 0 0
-0 -0 -0 0.14269 0 0 0 0 0 0 0 0.11542 -0.065318 0.052633 0 0
-0 -0 -0 0.06061 0 0 0 0 0 0 0 0.04903 -0.027746 0.022357 0 0
0 0 0 0.1007 0 0 0 0 0 0 0 0.081464 -0.0461 0.037147 0 0
0 0 0 0.0456 0 0 0 0 0 0 0 0.036888 -0.020875 0.016821 0 0
0 0 0 0.12317 0 0 0 0 0 0 0 0.099635 -0.056383 0.045433 0 0
-0 -0 -0 0.081518 0 0 0 0 0 0 0 0.065942 -0.037317 0.030069 0 0
-0 -0 -0 0.060363 0 0 0 0 0 0 0 0.04883 -0.027633 0.022266 0 0
0 0 0 0.056735 0 0 0 0 0 0 0 0.045895 -0.025972 0.020928 0 0
0 0 0 0.028271 0 0 0 0 0 0 0 0.022869 -0.012942 0.010428 0 0
0 0 0 0.084984 0 0 0 0 0 0 0 0.068746 -0.038903 0.031348 0 0
0 0 0 0.037698 0 0 0 0 0 0 0 0.030495 -0.017257 0.013906 0 0
-0 -0 -0 0.060208 0 0 0 0 0 0 0 0.048705 -0.027562 0.022209 0 0
-0 -0 -0 0.12193 0 0 0 0 0 0 0 0.098636 -0.055818 0.044978 0 0
0 0 0 0.014784 0 0 0 0 0 0 0 0.011959 -0.0067675 0.0054532 0 0
0 0 0 0.088953 0 0 0 0 0 0 0 0.071958 -0.040721 0.032812 0 0
0 0 0 0.077133 0 0 0 0 0 0 0 0.062396 -0.03531 0.028452 0 0
-0 -0 -0 0.16454 0 0 0 0 0 0 0 0.1331 -0.075323 0.060695 0 0
0 0 0 0.12803 0 0 0 0 0 0 0 0.10357 -0.058609 0.047226 0 0
0 0 0 0.11607 0 0 0 0 0 0 0 0.093895 -0.053135 0.042816 0 0
0 0 0 0.151 0 0 0 0 0 0 0 0.12215 -0.069123 0.055699 0 0
-0 -0 -0 0.018065 0 0 0 0 0 0 0 0.014613 -0.0082695 0.0066635 0 0
-0 -0 -0 0.18152 0 0 0 0 0 0 0 0.14684 -0.083095 0.066957 0 0
-0 -0 -0 0.19721 0 0 0 0 0 0 0 0.15953 -0.090279 0.072746 0 0
-0 -0 -0 0.09962 0 0 0 0 0 0 0 0.080586 -0.045603 0.036747 0 0
-0 -0 -0 0.11621 0 0 0 0 0 0 0 0.094003 -0.053196 0.042865 0 0
0 0 0 0.17849 0 0 0 0 0 0 0 0.14439 -0.081707 0.065839 0 0
0 0 0 0.12729 0 0 0 0 0 0 0 0.10297 -0.058272 0.046955 0 0
-0 -0 -0 0.027097 0 0 0 0 0 0 0 0.02192 -0.012404 0.0099954 0 0
-0 -0 -0 0.082611 0 0 0 0 0 0 0 0.066827 -0.037817 0.030473 0 0
-0 -0 -0 0.011851 0 0 0 0 0 0 0 0.0095863 -0.0054249 0.0043713 0 0
-0 -0 -0 0.1851 0 0 0 0 0 0 0 0.14973 -0.084734 0.068278 0 0
0 0 0 0.09212 0 0 0 0 0 0 0 0.074519 -0.04217 0.03398 0 0
0 0 0 0.12689 0 0 0 0 0 0 0 0.10264 -0.058086 0.046805 0 0
-0 -0 -0 0.099914 0 0 0 0 0 0 0 0.080824 -0.045738 0.036855 0 0
0 0 0 0.0076249 0 0 0 0 0 0 0 0.006168 -0.0034905 0.0028126 0 0
-0 -0 -0 0.19039 0 0 0 0 0 0 0 0.15401 -0.087154 0.070228 0 0
0 0 0 0.14028 0 0 0 0 0 0 0 0.11348 -0.064219 0.051747 0 0
-0 -0 -0 0.18502 0 0 0 0 0 0 0 0.14967 -0.084696 0.068247 0 0
0 0 0 0.17028 0 0 0 0 0 0 0 0.13775 -0.077952 0.062813 0 0
0 0 0 0.19977 0 0 0 0 0 0 0 0.1616 -0.091451 0.073691 0 0
0 0 0 0.11941 0 0 0 0 0 0 0 0.096594 -0.054662 0.044046 0 0
0 0 0 0.017574 0 0 0 0 0 0 0 0.014216 -0.0080449 0.0064826 0 0
0 0 0 0.11475 0 0 0 0 0 0 0 0.092824 -0.052529 0.042327 0 0
-0 -0 -0 0.12728 0 0 0 0 0 0 0 0.10296 -0.058265 0.04695 0 0
-0 -0 -0 0.088852 0 0 0 0 0 0 0 0.071876 -0.040674 0.032775 0 0
-0 -0 -0 0.18658 0 0 0 0 0 0 0 0.15093 -0.085412 0.068824 0 0
0 0 0 0.10367 0 0 0 0 0 0 0 0.083859 -0.047455 0.038239 0 0
0 0 0 0.17866 0 0 0 0 0 0 0 0.14452 -0.081785 0.065902 0 0
0 0 0 0.089118 0 0 0 0 0 0 0 0.072091 -0.040796 0.032873 0 0
0 0 0 0.097572 0 0 0 0 0 0 0 0.078929 -0.044666 0.035991 0 0
0 0 0 0.092313 0 0 0 0 0 0 0 0.074675 -0.042258 0.034052 0 0
0 0 0 0.10905 0 0 0 0 0 0 0 0.088213 -0.04992 0.040225 0 0
-0 -0 -0 0.06397 0 0 0 0 0 0 0 0.051748 -0.029284 0.023597 0 0
-0 -0 -0 0.047868 0 0 0 0 0 0 0 0.038722 -0.021913 0.017657 0 0
-0 -0 -0 0.072054 0 0 0 0 0 0 0 0.058287 -0.032984 0.026579 0 0
0 0 0 0.026514 0 0 0 0 0 0 0 0.021448 -0.012137 0.0097801 0 0
-0 -0 -0 0.13294 0 0 0 0 0 0 0 0.10754 -0.060856 0.049037 0 0
-0 -0 -0 0.18839 0 0 0 0 0 0 0 0.1524 -0.08624 0.069492 0 0
-0 -0 -0 0.12402 0 0 0 0 0 0 0 0.10032 -0.056773 0.045747 0 0
-0 -0 -0 0.018739 0 0 0 0 0 0 0 0.015159 -0.0085782 0.0069122 0 0
-0 -0 -0 0.13165 0 0 0 0 0 0 0 0.1065 -0.060266 0.048562 0 0
-0 -0 -0 0.16842 0 0 0 0 0 0 0 0.13624 -0.077097 0.062124 0 0
0 0 0 0.042484 0 0 0 0 0 0 0 0.034367 -0.019448 0.015671 0 0
-0 -0 -0 0.15792 0 0 0 0 0 0 0 0.12775 -0.072293 0.058253 0 0
0 0 0 0.017113 0 0 0 0 0 0 0 0.013843 -0.0078337 0.0063124 0 0
0 0 0 0.18811 0 0 0 0 0 0 0 0.15217 -0.086114 0.06939 0 0
0 0 0 0.091023 0 0 0 0 0 0 0 0.073632 -0.041668 0.033576 0 0
-0 -0 -0 0.13917 0 0 0 0 0 0 0 0.11258 -0.063709 0.051336 0 0
-0 -0 -0 0.089273 0 0 0 0 0 0 0 0.072216 -0.040867 0.03293 0 0
0 0 0 0.17107 0 0 0 0 0 0 0 0.13839 -0.078312 0.063103 0 0
0 0 0 0.032577 0 0 0 0 0 0 0 0.026353 -0.014913 0.012017 0 0
-0 -0 -0 0.16892 0 0 0 0 0 0 0 0.13665 -0.077329 0.062311 0 0
