0 0 0 0.06314 0 0 0 0 -0 -0 0 0.059342 0.0018991 0.021485 0 0
0 0 0 0.096594 0 0 0 0 -0 -0 0 0.090783 0.0029053 0.032868 0 0
0 0 0 0.068678 0 0 0 0 -0 -0 0 0.064546 0.0020656 0.023369 0 0
-0 -0 -0 0.17788 0 0 0 0 -0 -0 0 0.16718 0.0053502 0.060529 0 0
0 0 0 0.058366 0 0 0 0 -0 -0 0 0.054855 0.0017555 0.01986 0 0
-0 -0 -0 0.19095 0 0 0 0 -0 -0 0 0.17947 0.0057434 0.064977 0 0
0 0 0 0.12907 0 0 0 0 -0 -0 0 0.12131 0.0038821 0.043919 0 0
0 0 0 0.053973 0 0 0 0 -0 -0 0 0.050726 0.0016233 0.018365 0 0
-0 -0 -0 0.081837 0 0 0 0 -0 -0 0 0.076914 0.0024614 0.027847 0 0
-0 -0 -0 0.043033 0 0 0 0 -0 -0 0 0.040445 0.0012943 0.014643 0 0
-0 -0 -0 0.078693 0 0 0 0 -0 -0 0 0.073959 0.0023669 0.026777 0 0
0 0 0 0.036058 0 0 0 0 -0 -0 0 0.033889 0.0010845 0.01227 0 0
0 0 0 0.18787 0 0 0 0 -0 -0 0 0.17657 0.0056505 0.063926 0 0
-0 -0 -0 0.033442 0 0 0 0 -0 -0 0 0.03143 0.0010058 0.011379 0 0
-0 -0 -0 0.17306 0 0 0 0 -0 -0 0 0.16265 0.005205 0.058886 0 0
-0 -0 -0 0.12774 0 0 0 0 -0 -0 0 0.12005 0.003842 0.043465 0 0
-0 -0 -0 0.060786 0 0 0 0 -0 -0 0 0.057129 0.0018283 0.020684 0 0
0 0 0 0.16676 0 0 0 0 -0 -0 0 0.15673 0.0050157 0.056744 0 0
-0 -0 -0 0.13711 0 0 0 0 -0 -0 0 0.12886 0.0041238 0.046654 0 0
0 0 0 0.069714 0 0 0 0 -0 -0 0 0.06552 0.0020968 0.023722 0 0
0 0 0 0.18333 0 0 0 0 -0 -0 0 0.17231 0.0055142 0.062384 0 0
0 0 0 0.055624 0 0 0 0 -0 -0 0 0.052278 0.001673 0.018927 0 0
0 0 0 0.10031 0 0 0 0 -0 -0 0 0.094275 0.003017 0.034132 0 0
0 0 0 0.084237 0 0 0 0 -0 -0 0 0.07917 0.0025336 0.028663 0 0
0 0 0 0.077895 0 0 0 0 -0 -0 0 0.073209 0.0023428 0.026505 0 0
0 0 0 0.014078 0 0 0 0 -0 -0 0 0.013231 0.00042342 0.0047903 0 0
-0 -0 -0 0.079874 0 0 0 0 -0 -0 0 0.075069 0.0024024 0.027179 0 0
0 0 0 0.013657 0 0 0 0 -0 -0 0 0.012836 0.00041077 0.0046472 0 0
-0 -0 -0 0.18688 0 0 0 0 -0 -0 0 0.17563 0.0056207 0.063589 0 0
0 0 0 0.18722 0 0 0 0 -0 -0 0 0.17596 0.0056311 0.063706 0 0
0 0 0 0.14262 0 0 0 0 -0 -0 0 0.13404 0.0042897 0.048531 0 0
-0 -0 -0 0.097056 0 0 0 0 -0 -0 0 0.091217 0.0029191 0.033025 0 0
-0 -0 -0 0.15061 0 0 0 0 -0 -0 0 0.14155 0.00453 0.051249 0 0
-0 -0 -0 0.14667 0 0 0 0 -0 -0 0 0.13784 0.0044113 0.049907 0 0
-0 -0 -0 0.10734 0 0 0 0 -0 -0 0 0.10089 0.0032286 0.036526 0 0
-0 -0 -0 0.16047 0 0 0 0 -0 -0 0 0.15082 0.0048266 0.054605 0 0
0 0 0 0.029929 0 0 0 0 -0 -0 0 0.028128 0.00090017 0.010184 0 0
0 0 0 0.0011466 0 0 0 0 -0 -0 0 0.0010777 3.4487e-05 0.00039017 0 0
0 0 0 0.0042169 0 0 0 0 -0 -0 0 0.0039632 0.00012683 0.0014349 0 0
-0 -0 -0 0.047565 0 0 0 0 -0 -0 0 0.044703 0.0014306 0.016185 0 0
0 0 0 0.11954 0 0 0 0 -0 -0 0 0.11235 0.0035955 0.040677 0 0
0 0 0 0.077864 0 0 0 0 -0 -0 0 0.073181 0.0023419 0.026495 0 0
0 0 0 0.13501 0 0 0 0 -0 -0 0 0.12689 0.0040607 0.04594 0 0
-0 -0 -0 0.060804 0 0 0 0 -0 -0 0 0.057146 0.0018288 0.02069 0 0
-0 -0 -0 0.00021748 0 0 0 0 -0 -0 0 0.0002044 6.5412e-06 7.4003e-05 0 0
0 0 0 0.10077 0 0 0 0 -0 -0 0 0.094706 0.0030308 0.034289 0 0
-0 -0 -0 0.11773 0 0 0 0 -0 -0 0 0.11065 0.003541 0.04006 0 0
0 0 0 0.11211 0 0 0 0 -0 -0 0 0.10536 0.0033718 0.038146 0 0
0 0 0 0.036358 0 0 0 0 -0 -0 0 0.034171 0.0010935 0.012372 0 0
-0 -0 -0 0.068124 0 0 0 0 -0 -0 0 0.064026 0.002049 0.023181 0 0
-0 -0 -0 0.17695 0 0 0 0 -0 -0 0 0.16631 0.0053223 0.060212 0 0
0 0 0 0.12962 0 0 0 0 -0 -0 0 0.12182 0.0038985 0.044105 0 0
-0 -0 -0 0.0088428 0 0 0 0 -0 -0 0 0.0083109 0.00026597 0.003009 0 0
0 0 0 0.15012 0 0 0 0 -0 -0 0 0.14109 0.004515 0.05108 0 0
0 0 0 0.15244 0 0 0 0 -0 -0 0 0.14327 0.0045848 0.051869 0 0
0 0 0 0.068288 0 0 0 0 -0 -0 0 0.06418 0.0020539 0.023237 0 0
0 0 0 0.14452 0 0 0 0 -0 -0 0 0.13583 0.0043467 0.049176 0 0
0 0 0 0.19117 0 0 0 0 -0 -0 0 0.17967 0.0057499 0.06505 0 0
0 0 0 0.14181 0 0 0 0 -0 -0 0 0.13328 0.0042652 0.048254 0 0
0 0 0 0.037201 0 0 0 0 -0 -0 0 0.034963 0.0011189 0.012658 0 0
-0 -0 -0 0.15454 0 0 0 0 -0 -0 0 0.14525 0.0046482 0.052586 0 0
-0 -0 -0 0.054731 0 0 0 0 -0 -0 0 0.051438 0.0016461 0.018623 0 0
0 0 0 0.013342 0 0 0 0 -0 -0 0 0.01254 0.0004013 0.00454 0 0
-0 -0 -0 0.15956 0 0 0 0 -0 -0 0 0.14997 0.0047992 0.054295 0 0
0 0 0 0.159 0 0 0 0 -0 -0 0 0.14943 0.0047822 0.054103 0 0
0 0 0 0.031987 0 0 0 0 -0 -0 0 0.030062 0.00096206 0.010884 0 0
-0 -0 -0 0.038884 0 0 0 0 -0 -0 0 0.036545 0.0011695 0.013231 0 0
0 0 0 0.093081 0 0 0 0 -0 -0 0 0.087482 0.0027996 0.031673 0 0
-0 -0 -0 0.16862 0 0 0 0 -0 -0 0 0.15847 0.0050715 0.057375 0 0
-0 -0 -0 0.16477 0 0 0 0 -0 -0 0 0.15485 0.0049557 0.056065 0 0
0 0 0 0.062214 0 0 0 0 -0 -0 0 0.058472 0.0018712 0.02117 0 0
-0 -0 -0 0.082879 0 0 0 0 -0 -0 0 0.077894 0.0024928 0.028202 0 0
0 0 0 0.093751 0 0 0 0 -0 -0 0 0.088111 0.0028198 0.031901 0 0
0 0 0 0.049582 0 0 0 0 -0 -0 0 0.0466 0.0014913 0.016871 0 0
-0 -0 -0 0.054436 0 0 0 0 -0 -0 0 0.051161 0.0016373 0.018523 0 0
0 0 0 0.029513 0 0 0 0 -0 -0 0 0.027738 0.00088768 0.010043 0 0
0 0 0 0.10623 0 0 0 0 -0 -0 0 0.099837 0.003195 0.036146 0 0
-0 -0 -0 0.17426 0 0 0 0 -0 -0 0 0.16378 0.0052413 0.059296 0 0
-0 -0 -0 0.093571 0 0 0 0 -0 -0 0 0.087942 0.0028143 0.031839 0 0
0 0 0 0.11219 0 0 0 0 -0 -0 0 0.10544 0.0033745 0.038176 0 0
0 0 0 0.029952 0 0 0 0 -0 -0 0 0.02815 0.00090087 0.010192 0 0
-0 -0 -0 0.14088 0 0 0 0 -0 -0 0 0.1324 0.0042372 0.047937 0 0
0 0 0 0.12466 0 0 0 0 -0 -0 0 0.11716 0.0037495 0.042419 0 0
-0 -0 -0 0.049314 0 0 0 0 -0 -0 0 0.046347 0.0014832 0.01678 0 0
-0 -0 -0 0.11799 0 0 0 0 -0 -0 0 0.11089 0.0035486 0.040147 0 0
-0 -0 -0 0.030523 0 0 0 0 -0 -0 0 0.028687 0.00091805 0.010386 0 0
-0 -0 -0 0.17653 0 0 0 0 -0 -0 0 0.16591 0.0053094 0.060067 0 0
0 0 0 0.084437 0 0 0 0 -0 -0 0 0.079358 0.0025396 0.028731 0 0
-0 -0 -0 0.11544 0 0 0 0 -0 -0 0 0.10849 0.003472 0.03928 0 0
-0 -0 -0 0.12319 0 0 0 0 -0 -0 0 0.11578 0.0037053 0.041919 0 0
-0 -0 -0 0.10438 0 0 0 0 -0 -0 0 0.0981 0.0031394 0.035517 0 0
0 0 0 0.021923 0 0 0 0 -0 -0 0 0.020605 0.00065939 0.0074599 0 0
-0 -0 -0 0.08859 0 0 0 0 -0 -0 0 0.083261 0.0026645 0.030145 0 0
0 0 0 0.14352 0 0 0 0 -0 -0 0 0.13489 0.0043166 0.048836 0 0
-0 -0 -0 0.14511 0 0 0 0 -0 -0 0 0.13638 0.0043645 0.049378 0 0
-0 -0 -0 0.11005 0 0 0 0 -0 -0 0 0.10343 0.0033099 0.037446 0 0
0 0 0 0.0052659 0 0 0 0 -0 -0 0 0.0049491 0.00015838 0.0017918 0 0
-0 -0 -0 0.18494 0 0 0 0 -0 -0 0 0.17381 0.0055624 0.062929 0 0
-0 -0 -0 0.0056155 0 0 0 0 -0 -0 0 0.0052777 0.0001689 0.0019108 0 0
0 0 0 0.023064 0 0 0 0 -0 -0 0 0.021677 0.0006937 0.0078481 0 0
