-0 -0 -0.33681 0 0 0 0 0 0 0 0 0 0 0.10224 -0.07619 -0.31174 0.023659 -0.051731 0.020403 0 0
-0 -0 -0.0067881 0 0 0 0 0 0 0 0 0 0 0.0020606 -0.0015355 -0.0062828 0.00064718 -0.00093986 0.00044196 0 0
-0 -0 -0.30951 0 0 0 0 0 0 0 0 0 0 0.093955 -0.070015 -0.28647 0.022414 -0.047216 0.018891 0 0
0 0 0.28127 0 0 0 0 0 0 0 0 0 0 -0.085381 0.063625 0.26033 -0.0322 0.034068 -0.018887 0 0
0 0 0.32021 0 0 0 0 0 0 0 0 0 0 -0.097204 0.072436 0.29638 -0.037409 0.037953 -0.021545 0 0
-0 -0 -0.014634 0 0 0 0 0 0 0 0 0 0 0.0044424 -0.0033104 -0.013545 0.001387 -0.0020324 0.00095163 0 0
-0 -0 -0.16867 0 0 0 0 0 0 0 0 0 0 0.051201 -0.038154 -0.15611 0.014063 -0.024721 0.010654 0 0
0 0 0.028 0 0 0 0 0 0 0 0 0 0 -0.0084996 0.0063338 0.025916 -0.0027386 0.0038235 -0.0018327 0 0
-0 -0 -0.078231 0 0 0 0 0 0 0 0 0 0 0.023748 -0.017697 -0.072408 0.0070529 -0.011124 0.0050318 0 0
0 0 0.019488 0 0 0 0 0 0 0 0 0 0 -0.0059159 0.0044085 0.018038 -0.0018944 0.0026704 -0.001274 0 0
0 0 0.0019928 0 0 0 0 0 0 0 0 0 0 -0.00060493 0.00045079 0.0018445 -0.00019124 0.00027497 -0.00012993 0 0
-0 -0 -0.29178 0 0 0 0 0 0 0 0 0 0 0.088572 -0.066003 -0.27006 0.02154 -0.044308 0.017893 0 0
-0 -0 -0.11198 0 0 0 0 0 0 0 0 0 0 0.033994 -0.025332 -0.10365 0.0098157 -0.016111 0.0071569 0 0
0 0 0.24857 0 0 0 0 0 0 0 0 0 0 -0.075458 0.05623 0.23007 -0.027957 0.030639 -0.016657 0 0
0 0 0.20448 0 0 0 0 0 0 0 0 0 0 -0.062071 0.046255 0.18926 -0.022428 0.02578 -0.013656 0 0
0 0 0.08606 0 0 0 0 0 0 0 0 0 0 -0.026124 0.019468 0.079654 -0.0087642 0.011468 -0.0056772 0 0
-0 -0 -0.24517 0 0 0 0 0 0 0 0 0 0 0.074424 -0.05546 -0.22692 0.018996 -0.036762 0.015215 0 0
0 0 0.038611 0 0 0 0 0 0 0 0 0 0 -0.011721 0.0087343 0.035737 -0.0038053 0.0052497 -0.0025311 0 0
0 0 0.2597 0 0 0 0 0 0 0 0 0 0 -0.078835 0.058747 0.24037 -0.029388 0.031823 -0.017416 0 0
0 0 0.18092 0 0 0 0 0 0 0 0 0 0 -0.054921 0.040927 0.16746 -0.01957 0.023077 -0.012058 0 0
0 0 0.34022 0 0 0 0 0 0 0 0 0 0 -0.10328 0.076961 0.3149 -0.040148 0.039862 -0.02291 0 0
-0 -0 -0.20004 0 0 0 0 0 0 0 0 0 0 0.060724 -0.045251 -0.18515 0.016199 -0.029603 0.012548 0 0
-0 -0 -0.1634 0 0 0 0 0 0 0 0 0 0 0.049603 -0.036964 -0.15124 0.01369 -0.023909 0.010333 0 0
-0 -0 -0.13389 0 0 0 0 0 0 0 0 0 0 0.040645 -0.030288 -0.12393 0.011516 -0.019405 0.0085198 0 0
-0 -0 -0.17053 0 0 0 0 0 0 0 0 0 0 0.051765 -0.038575 -0.15783 0.014194 -0.025008 0.010767 0 0
-0 -0 -0.12376 0 0 0 0 0 0 0 0 0 0 0.03757 -0.027997 -0.11455 0.010739 -0.017877 0.0078912 0 0
-0 -0 -0.13116 0 0 0 0 0 0 0 0 0 0 0.039816 -0.02967 -0.1214 0.011308 -0.018992 0.0083505 0 0
0 0 0.065463 0 0 0 0 0 0 0 0 0 0 -0.019872 0.014808 0.06059 -0.0065739 0.008801 -0.004307 0 0
-0 -0 -0.28791 0 0 0 0 0 0 0 0 0 0 0.087399 -0.065129 -0.26648 0.021342 -0.043676 0.017674 0 0
-0 -0 -0.077425 0 0 0 0 0 0 0 0 0 0 0.023503 -0.017514 -0.071662 0.0069849 -0.011006 0.0049807 0 0
-0 -0 -0.26193 0 0 0 0 0 0 0 0 0 0 0.07951 -0.05925 -0.24243 0.019951 -0.039457 0.016187 0 0
-0 -0 -0.20252 0 0 0 0 0 0 0 0 0 0 0.061478 -0.045813 -0.18745 0.016361 -0.029993 0.012696 0 0
-0 -0 -0.32308 0 0 0 0 0 0 0 0 0 0 0.098074 -0.073084 -0.29903 0.023048 -0.049454 0.019646 0 0
-0 -0 -0.24066 0 0 0 0 0 0 0 0 0 0 0.073054 -0.054439 -0.22274 0.018731 -0.036039 0.014951 0 0
0 0 0.060669 0 0 0 0 0 0 0 0 0 0 -0.018417 0.013724 0.056154 -0.0060724 0.0081732 -0.0039891 0 0
0 0 0.34078 0 0 0 0 0 0 0 0 0 0 -0.10345 0.077089 0.31542 -0.040226 0.039915 -0.022948 0 0
-0 -0 -0.21085 0 0 0 0 0 0 0 0 0 0 0.064005 -0.047696 -0.19515 0.016898 -0.031303 0.013193 0 0
0 0 0.13961 0 0 0 0 0 0 0 0 0 0 -0.042379 0.031581 0.12922 -0.014722 0.01816 -0.0092667 0 0
-0 -0 -0.03688 0 0 0 0 0 0 0 0 0 0 0.011195 -0.0083427 -0.034135 0.0034363 -0.0051654 0.0023895 0 0
-0 -0 -0.33326 0 0 0 0 0 0 0 0 0 0 0.10116 -0.075386 -0.30845 0.023504 -0.051141 0.020208 0 0
0 0 0.19664 0 0 0 0 0 0 0 0 0 0 -0.059692 0.044482 0.182 -0.021469 0.024889 -0.013124 0 0
0 0 0.071428 0 0 0 0 0 0 0 0 0 0 -0.021683 0.016158 0.066111 -0.0072023 0.0095786 -0.0047032 0 0
0 0 0.047428 0 0 0 0 0 0 0 0 0 0 -0.014397 0.010729 0.043898 -0.0047035 0.006425 -0.0031129 0 0
0 0 0.3453 0 0 0 0 0 0 0 0 0 0 -0.10482 0.078112 0.3196 -0.04085 0.040338 -0.023257 0 0
-0 -0 -0.29896 0 0 0 0 0 0 0 0 0 0 0.090752 -0.067627 -0.27671 0.0219 -0.045483 0.018299 0 0
-0 -0 -0.24876 0 0 0 0 0 0 0 0 0 0 0.075515 -0.056273 -0.23025 0.019205 -0.037338 0.015424 0 0
-0 -0 -0.10724 0 0 0 0 0 0 0 0 0 0 0.032553 -0.024258 -0.099255 0.0094375 -0.015403 0.0068598 0 0
0 0 0.04028 0 0 0 0 0 0 0 0 0 0 -0.012228 0.0091119 0.037282 -0.0039745 0.0054729 -0.0026411 0 0
0 0 0.19274 0 0 0 0 0 0 0 0 0 0 -0.058507 0.043599 0.17839 -0.020995 0.024442 -0.012859 0 0
-0 -0 -0.23088 0 0 0 0 0 0 0 0 0 0 0.070087 -0.052228 -0.2137 0.018146 -0.034479 0.014378 0 0
-0 -0 -0.014179 0 0 0 0 0 0 0 0 0 0 0.0043042 -0.0032074 -0.013124 0.0013443 -0.0019688 0.00092209 0 0
0 0 0.099008 0 0 0 0 0 0 0 0 0 0 -0.030055 0.022397 0.091638 -0.01017 0.013119 -0.0065417 0 0
-0 -0 -0.12571 0 0 0 0 0 0 0 0 0 0 0.038161 -0.028438 -0.11636 0.01089 -0.01817 0.0080124 0 0
-0 -0 -0.23815 0 0 0 0 0 0 0 0 0 0 0.072295 -0.053873 -0.22043 0.018583 -0.035639 0.014805 0 0
0 0 0.0031269 0 0 0 0 0 0 0 0 0 0 -0.00094921 0.00070734 0.0028942 -0.00030034 0.00043127 -0.0002039 0 0
-0 -0 -0.26015 0 0 0 0 0 0 0 0 0 0 0.078971 -0.058849 -0.24079 0.019852 -0.039171 0.016084 0 0
0 0 0.12013 0 0 0 0 0 0 0 0 0 0 -0.036468 0.027175 0.11119 -0.012512 0.015768 -0.0079571 0 0
0 0 0.28417 0 0 0 0 0 0 0 0 0 0 -0.086262 0.064282 0.26302 -0.032583 0.034364 -0.019085 0 0
0 0 0.1552 0 0 0 0 0 0 0 0 0 0 -0.047113 0.035108 0.14365 -0.016526 0.020042 -0.010318 0 0
0 0 0.32117 0 0 0 0 0 0 0 0 0 0 -0.097494 0.072652 0.29726 -0.037539 0.038045 -0.02161 0 0
0 0 0.18083 0 0 0 0 0 0 0 0 0 0 -0.054893 0.040906 0.16737 -0.019558 0.023066 -0.012052 0 0
-0 -0 -0.20977 0 0 0 0 0 0 0 0 0 0 0.063677 -0.047451 -0.19415 0.016829 -0.031133 0.013128 0 0
-0 -0 -0.21336 0 0 0 0 0 0 0 0 0 0 0.064767 -0.048263 -0.19748 0.017058 -0.031699 0.013342 0 0
0 0 0.29119 0 0 0 0 0 0 0 0 0 0 -0.088395 0.065871 0.26952 -0.033513 0.035079 -0.019565 0 0
-0 -0 -0.25352 0 0 0 0 0 0 0 0 0 0 0.076959 -0.057349 -0.23465 0.019478 -0.038102 0.0157 0 0
-0 -0 -0.1141 0 0 0 0 0 0 0 0 0 0 0.034637 -0.025811 -0.10561 0.0099832 -0.016428 0.0072892 0 0
-0 -0 -0.25681 0 0 0 0 0 0 0 0 0 0 0.077958 -0.058093 -0.2377 0.019664 -0.038632 0.015891 0 0
0 0 0.17651 0 0 0 0 0 0 0 0 0 0 -0.053583 0.039929 0.16338 -0.019042 0.022563 -0.01176 0 0
0 0 0.068606 0 0 0 0 0 0 0 0 0 0 -0.020826 0.015519 0.063499 -0.0069044 0.0092112 -0.0045157 0 0
-0 -0 -0.15849 0 0 0 0 0 0 0 0 0 0 0.048111 -0.035852 -0.14669 0.013337 -0.023154 0.010033 0 0
0 0 0.13527 0 0 0 0 0 0 0 0 0 0 -0.041064 0.0306 0.1252 -0.014226 0.017632 -0.0089749 0 0
0 0 0.24932 0 0 0 0 0 0 0 0 0 0 -0.075684 0.056399 0.23076 -0.028053 0.030719 -0.016708 0 0
-0 -0 -0.046708 0 0 0 0 0 0 0 0 0 0 0.014179 -0.010566 -0.043232 0.0043188 -0.0065659 0.0030212 0 0
0 0 0.12792 0 0 0 0 0 0 0 0 0 0 -0.038833 0.028938 0.1184 -0.01339 0.016731 -0.0084806 0 0
-0 -0 -0.34892 0 0 0 0 0 0 0 0 0 0 0.10592 -0.07893 -0.32295 0.024171 -0.053748 0.021064 0 0
0 0 0.051553 0 0 0 0 0 0 0 0 0 0 -0.01565 0.011662 0.047716 -0.0051274 0.0069718 -0.0033855 0 0
-0 -0 -0.27844 0 0 0 0 0 0 0 0 0 0 0.084524 -0.062986 -0.25772 0.020848 -0.042133 0.017135 0 0
-0 -0 -0.34454 0 0 0 0 0 0 0 0 0 0 0.10459 -0.077939 -0.3189 0.023989 -0.053018 0.020825 0 0
-0 -0 -0.01075 0 0 0 0 0 0 0 0 0 0 0.0032634 -0.0024319 -0.0099503 0.0010219 -0.0014908 0.00069951 0 0
0 0 0.32339 0 0 0 0 0 0 0 0 0 0 -0.098168 0.073154 0.29932 -0.037841 0.038259 -0.021762 0 0
0 0 0.30819 0 0 0 0 0 0 0 0 0 0 -0.093555 0.069716 0.28525 -0.035784 0.036777 -0.020725 0 0
-0 -0 -0.032949 0 0 0 0 0 0 0 0 0 0 0.010002 -0.0074535 -0.030497 0.0030794 -0.004608 0.0021362 0 0
0 0 0.24034 0 0 0 0 0 0 0 0 0 0 -0.072958 0.054368 0.22245 -0.026907 0.029752 -0.016096 0 0
0 0 0.10787 0 0 0 0 0 0 0 0 0 0 -0.032745 0.024402 0.099842 -0.011145 0.014237 -0.0071348 0 0
0 0 0.11796 0 0 0 0 0 0 0 0 0 0 -0.035808 0.026684 0.10918 -0.012268 0.015498 -0.0078112 0 0
-0 -0 -0.137 0 0 0 0 0 0 0 0 0 0 0.041589 -0.030992 -0.12681 0.011752 -0.019876 0.008712 0 0
0 0 0.19594 0 0 0 0 0 0 0 0 0 0 -0.059479 0.044323 0.18136 -0.021384 0.024809 -0.013077 0 0
-0 -0 -0.1719 0 0 0 0 0 0 0 0 0 0 0.052183 -0.038886 -0.15911 0.014291 -0.02522 0.010851 0 0
-0 -0 -0.33118 0 0 0 0 0 0 0 0 0 0 0.10053 -0.074916 -0.30653 0.023412 -0.050796 0.020093 0 0
0 0 0.30212 0 0 0 0 0 0 0 0 0 0 -0.091713 0.068343 0.27963 -0.03497 0.036175 -0.02031 0 0
-0 -0 -0.081596 0 0 0 0 0 0 0 0 0 0 0.024769 -0.018458 -0.075522 0.007336 -0.011616 0.005245 0 0
0 0 0.072355 0 0 0 0 0 0 0 0 0 0 -0.021964 0.016368 0.06697 -0.0073005 0.0096991 -0.0047648 0 0
-0 -0 -0.26661 0 0 0 0 0 0 0 0 0 0 0.080934 -0.060311 -0.24677 0.02021 -0.040215 0.016457 0 0
-0 -0 -0.17931 0 0 0 0 0 0 0 0 0 0 0.054432 -0.040562 -0.16597 0.014805 -0.026368 0.0113 0 0
0 0 0.20729 0 0 0 0 0 0 0 0 0 0 -0.062924 0.04689 0.19186 -0.022773 0.026098 -0.013847 0 0
0 0 0.13032 0 0 0 0 0 0 0 0 0 0 -0.03956 0.02948 0.12062 -0.013662 0.017025 -0.0086416 0 0
0 0 0.27375 0 0 0 0 0 0 0 0 0 0 -0.0831 0.061925 0.25337 -0.031214 0.033293 -0.018374 0 0
-0 -0 -0.28256 0 0 0 0 0 0 0 0 0 0 0.085773 -0.063917 -0.26153 0.021064 -0.042803 0.01737 0 0
0 0 0.038942 0 0 0 0 0 0 0 0 0 0 -0.011821 0.0088092 0.036044 -0.0038388 0.005294 -0.0025529 0 0
0 0 0.3279 0 0 0 0 0 0 0 0 0 0 -0.099538 0.074175 0.30349 -0.038457 0.038693 -0.022069 0 0
