0 0 0.28672 0 0 0 0 0 0 0 0 0 0 -0.087038 0.06486 0.26538 -0.029584 0.048333 -0.021515 0 0
0 0 0.24487 0 0 0 0 0 0 0 0 0 0 -0.074333 0.055392 0.22664 -0.024396 0.041914 -0.018245 0 0
0 0 0.34017 0 0 0 0 0 0 0 0 0 0 -0.10326 0.076951 0.31485 -0.036608 0.056168 -0.025734 0 0
0 0 0.25968 0 0 0 0 0 0 0 0 0 0 -0.078827 0.058741 0.24035 -0.026199 0.044212 -0.019398 0 0
0 0 0.32209 0 0 0 0 0 0 0 0 0 0 -0.097773 0.072859 0.29811 -0.034182 0.053564 -0.024302 0 0
0 0 0.012659 0 0 0 0 0 0 0 0 0 0 -0.0038429 0.0028637 0.011717 -0.00099819 0.0023265 -0.00089597 0 0
0 0 0.012672 0 0 0 0 0 0 0 0 0 0 -0.0038468 0.0028666 0.011729 -0.00099921 0.0023288 -0.00089688 0 0
0 0 0.15647 0 0 0 0 0 0 0 0 0 0 -0.047499 0.035396 0.14483 -0.014384 0.027592 -0.011461 0 0
0 0 0.061592 0 0 0 0 0 0 0 0 0 0 -0.018697 0.013933 0.057007 -0.0051347 0.011172 -0.0044144 0 0
-0 -0 -0.091701 0 0 0 0 0 0 0 0 0 0 0.027837 -0.020744 -0.084876 0.0063285 -0.017275 0.0062977 0 0
-0 -0 -0.24326 0 0 0 0 0 0 0 0 0 0 0.073844 -0.055028 -0.22515 0.013214 -0.047156 0.015859 0 0
-0 -0 -0.20805 0 0 0 0 0 0 0 0 0 0 0.063155 -0.047063 -0.19256 0.012019 -0.040093 0.013741 0 0
0 0 0.0098238 0 0 0 0 0 0 0 0 0 0 -0.0029821 0.0022223 0.0090926 -0.00077202 0.0018067 -0.00069476 0 0
0 0 0.17976 0 0 0 0 0 0 0 0 0 0 -0.054569 0.040664 0.16638 -0.016894 0.031461 -0.01323 0 0
0 0 0.33365 0 0 0 0 0 0 0 0 0 0 -0.10128 0.075475 0.30881 -0.035727 0.055234 -0.025217 0 0
-0 -0 -0.078623 0 0 0 0 0 0 0 0 0 0 0.023867 -0.017785 -0.072771 0.005524 -0.014769 0.0054213 0 0
0 0 0.1564 0 0 0 0 0 0 0 0 0 0 -0.047476 0.035378 0.14476 -0.014375 0.027579 -0.011455 0 0
0 0 0.21581 0 0 0 0 0 0 0 0 0 0 -0.065512 0.048819 0.19975 -0.020961 0.037316 -0.015995 0 0
-0 -0 -0.10085 0 0 0 0 0 0 0 0 0 0 0.030615 -0.022814 -0.093347 0.0068719 -0.019037 0.0069064 0 0
0 0 0.047303 0 0 0 0 0 0 0 0 0 0 -0.014359 0.0107 0.043782 -0.0038814 0.0086136 -0.0033782 0 0
0 0 0.12317 0 0 0 0 0 0 0 0 0 0 -0.037391 0.027863 0.11401 -0.010957 0.021945 -0.0089569 0 0
0 0 0.093628 0 0 0 0 0 0 0 0 0 0 -0.028422 0.02118 0.08666 -0.0080789 0.016828 -0.0067625 0 0
0 0 0.13846 0 0 0 0 0 0 0 0 0 0 -0.042032 0.031322 0.12816 -0.012506 0.024554 -0.010103 0 0
-0 -0 -0.098952 0 0 0 0 0 0 0 0 0 0 0.030038 -0.022384 -0.091587 0.0067604 -0.01867 0.0067803 0 0
-0 -0 -0.31252 0 0 0 0 0 0 0 0 0 0 0.094868 -0.070695 -0.28926 0.014842 -0.061204 0.019826 0 0
-0 -0 -0.23897 0 0 0 0 0 0 0 0 0 0 0.072541 -0.054057 -0.22118 0.013082 -0.046291 0.015604 0 0
-0 -0 -0.045722 0 0 0 0 0 0 0 0 0 0 0.01388 -0.010343 -0.042319 0.003355 -0.0085244 0.0031837 0 0
0 0 0.043331 0 0 0 0 0 0 0 0 0 0 -0.013154 0.009802 0.040106 -0.0035397 0.0078989 -0.0030914 0 0
0 0 0.1891 0 0 0 0 0 0 0 0 0 0 -0.057405 0.042777 0.17503 -0.017927 0.032994 -0.013943 0 0
0 0 0.058814 0 0 0 0 0 0 0 0 0 0 -0.017854 0.013304 0.054437 -0.0048882 0.010676 -0.0042124 0 0
-0 -0 -0.26088 0 0 0 0 0 0 0 0 0 0 0.079193 -0.059014 -0.24146 0.01372 -0.050711 0.016894 0 0
-0 -0 -0.13453 0 0 0 0 0 0 0 0 0 0 0.040837 -0.030432 -0.12451 0.0087314 -0.025571 0.0091133 0 0
-0 -0 -0.004266 0 0 0 0 0 0 0 0 0 0 0.001295 -0.00096501 -0.0039485 0.00032964 -0.00078736 0.00030055 0 0
0 0 0.31634 0 0 0 0 0 0 0 0 0 0 -0.096029 0.07156 0.2928 -0.033422 0.052726 -0.023848 0 0
0 0 0.2937 0 0 0 0 0 0 0 0 0 0 -0.089155 0.066438 0.27184 -0.030476 0.049379 -0.022063 0 0
0 0 0.045351 0 0 0 0 0 0 0 0 0 0 -0.013767 0.010259 0.041976 -0.0037131 0.0082626 -0.0032372 0 0
0 0 0.23718 0 0 0 0 0 0 0 0 0 0 -0.071997 0.053652 0.21952 -0.023473 0.040707 -0.017647 0 0
0 0 0.25636 0 0 0 0 0 0 0 0 0 0 -0.07782 0.057991 0.23728 -0.025792 0.0437 -0.019139 0 0
-0 -0 -0.17857 0 0 0 0 0 0 0 0 0 0 0.054206 -0.040394 -0.16528 0.010829 -0.034231 0.011918 0 0
0 0 0.14317 0 0 0 0 0 0 0 0 0 0 -0.043462 0.032387 0.13252 -0.012992 0.025352 -0.010457 0 0
-0 -0 -0.24624 0 0 0 0 0 0 0 0 0 0 0.074748 -0.055702 -0.22791 0.013304 -0.047756 0.016035 0 0
0 0 0.3278 0 0 0 0 0 0 0 0 0 0 -0.099507 0.074151 0.3034 -0.034943 0.054391 -0.024754 0 0
-0 -0 -0.033387 0 0 0 0 0 0 0 0 0 0 0.010135 -0.0075525 -0.030902 0.0024887 -0.0062064 0.0023331 0 0
0 0 0.063557 0 0 0 0 0 0 0 0 0 0 -0.019293 0.014377 0.058826 -0.00531 0.011522 -0.0045575 0 0
-0 -0 -0.21087 0 0 0 0 0 0 0 0 0 0 0.064011 -0.047701 -0.19517 0.012124 -0.040657 0.013913 0 0
0 0 0.039993 0 0 0 0 0 0 0 0 0 0 -0.01214 0.0090469 0.037016 -0.0032547 0.007297 -0.0028508 0 0
0 0 0.27037 0 0 0 0 0 0 0 0 0 0 -0.082075 0.061161 0.25025 -0.027524 0.045854 -0.020234 0 0
-0 -0 -0.24931 0 0 0 0 0 0 0 0 0 0 0.07568 -0.056396 -0.23075 0.013395 -0.048374 0.016216 0 0
-0 -0 -0.30678 0 0 0 0 0 0 0 0 0 0 0.093126 -0.069397 -0.28395 0.014744 -0.060034 0.019508 0 0
0 0 0.11746 0 0 0 0 0 0 0 0 0 0 -0.035657 0.026571 0.10872 -0.010388 0.020964 -0.0085306 0 0
0 0 0.28898 0 0 0 0 0 0 0 0 0 0 -0.087723 0.06537 0.26747 -0.029872 0.048672 -0.021693 0 0
-0 -0 -0.23663 0 0 0 0 0 0 0 0 0 0 0.071832 -0.053528 -0.21902 0.013008 -0.045822 0.015465 0 0
0 0 0.303 0 0 0 0 0 0 0 0 0 0 -0.091979 0.068542 0.28045 -0.031676 0.050763 -0.022795 0 0
-0 -0 -0.12448 0 0 0 0 0 0 0 0 0 0 0.037786 -0.028158 -0.11521 0.0081995 -0.023612 0.0084601 0 0
-0 -0 -0.1424 0 0 0 0 0 0 0 0 0 0 0.043227 -0.032212 -0.1318 0.0091342 -0.02711 0.0096215 0 0
0 0 0.12954 0 0 0 0 0 0 0 0 0 0 -0.039324 0.029304 0.1199 -0.011597 0.023035 -0.0094333 0 0
-0 -0 -0.22951 0 0 0 0 0 0 0 0 0 0 0.069672 -0.051919 -0.21243 0.012777 -0.044392 0.01504 0 0
-0 -0 -0.009006 0 0 0 0 0 0 0 0 0 0 0.0027339 -0.0020372 -0.0083356 0.00069192 -0.0016642 0.00063366 0 0
0 0 0.037261 0 0 0 0 0 0 0 0 0 0 -0.011311 0.0084289 0.034488 -0.003023 0.0068035 -0.0026542 0 0
-0 -0 -0.17344 0 0 0 0 0 0 0 0 0 0 0.05265 -0.039234 -0.16053 0.010604 -0.033217 0.011596 0 0
-0 -0 -0.031036 0 0 0 0 0 0 0 0 0 0 0.0094214 -0.0070207 -0.028726 0.0023204 -0.0057661 0.0021703 0 0
0 0 0.17238 0 0 0 0 0 0 0 0 0 0 -0.052328 0.038994 0.15955 -0.016088 0.030242 -0.012668 0 0
-0 -0 -0.25808 0 0 0 0 0 0 0 0 0 0 0.078344 -0.058381 -0.23887 0.013644 -0.050146 0.016731 0 0
0 0 0.024235 0 0 0 0 0 0 0 0 0 0 -0.0073567 0.0054822 0.022431 -0.0019369 0.0044403 -0.0017205 0 0
-0 -0 -0.26787 0 0 0 0 0 0 0 0 0 0 0.081315 -0.060595 -0.24793 0.013903 -0.052126 0.0173 0 0
-0 -0 -0.19435 0 0 0 0 0 0 0 0 0 0 0.058997 -0.043964 -0.17988 0.011487 -0.037363 0.012899 0 0
0 0 0.18631 0 0 0 0 0 0 0 0 0 0 -0.056555 0.042145 0.17244 -0.017616 0.032536 -0.01373 0 0
-0 -0 -0.34897 0 0 0 0 0 0 0 0 0 0 0.10593 -0.078941 -0.323 0.015311 -0.068666 0.021803 0 0
-0 -0 -0.13461 0 0 0 0 0 0 0 0 0 0 0.040863 -0.030451 -0.12459 0.0087358 -0.025588 0.0091188 0 0
-0 -0 -0.060082 0 0 0 0 0 0 0 0 0 0 0.018239 -0.013591 -0.05561 0.0043271 -0.011239 0.004166 0 0
0 0 0.036896 0 0 0 0 0 0 0 0 0 0 -0.0112 0.0083463 0.03415 -0.0029921 0.0067375 -0.002628 0 0
-0 -0 -0.059896 0 0 0 0 0 0 0 0 0 0 0.018182 -0.013549 -0.055438 0.0043148 -0.011204 0.0041533 0 0
0 0 0.24678 0 0 0 0 0 0 0 0 0 0 -0.074914 0.055825 0.22842 -0.024627 0.042212 -0.018394 0 0
-0 -0 -0.26243 0 0 0 0 0 0 0 0 0 0 0.079664 -0.059365 -0.2429 0.013761 -0.051026 0.016984 0 0
-0 -0 -0.15073 0 0 0 0 0 0 0 0 0 0 0.045756 -0.034097 -0.13951 0.0095473 -0.028743 0.010156 0 0
0 0 0.25145 0 0 0 0 0 0 0 0 0 0 -0.076331 0.056881 0.23273 -0.025193 0.042939 -0.018757 0 0
-0 -0 -0.30499 0 0 0 0 0 0 0 0 0 0 0.092584 -0.068992 -0.28229 0.014712 -0.059669 0.019408 0 0
-0 -0 -0.33444 0 0 0 0 0 0 0 0 0 0 0.10152 -0.075653 -0.30954 0.015156 -0.065686 0.021025 0 0
-0 -0 -0.33813 0 0 0 0 0 0 0 0 0 0 0.10264 -0.076489 -0.31296 0.015199 -0.066443 0.021224 0 0
0 0 0.027316 0 0 0 0 0 0 0 0 0 0 -0.0082922 0.0061793 0.025283 -0.002191 0.0050009 -0.0019408 0 0
-0 -0 -0.19315 0 0 0 0 0 0 0 0 0 0 0.058633 -0.043693 -0.17877 0.011439 -0.037125 0.012825 0 0
-0 -0 -0.047974 0 0 0 0 0 0 0 0 0 0 0.014563 -0.010852 -0.044403 0.0035101 -0.0089489 0.0033383 0 0
-0 -0 -0.23122 0 0 0 0 0 0 0 0 0 0 0.070188 -0.052304 -0.21401 0.012833 -0.044733 0.015142 0 0
-0 -0 -0.1102 0 0 0 0 0 0 0 0 0 0 0.033453 -0.024929 -0.102 0.0074102 -0.020843 0.0075243 0 0
0 0 0.27302 0 0 0 0 0 0 0 0 0 0 -0.08288 0.061761 0.2527 -0.027855 0.046258 -0.020441 0 0
0 0 0.15162 0 0 0 0 0 0 0 0 0 0 -0.046026 0.034298 0.14033 -0.013872 0.026777 -0.011094 0 0
0 0 0.10937 0 0 0 0 0 0 0 0 0 0 -0.033199 0.02474 0.10123 -0.0095925 0.019566 -0.0079281 0 0
0 0 0.0025801 0 0 0 0 0 0 0 0 0 0 -0.00078322 0.00058365 0.0023881 -0.00020102 0.00047538 -0.00018211 0 0
-0 -0 -0.1732 0 0 0 0 0 0 0 0 0 0 0.052576 -0.039179 -0.16031 0.010593 -0.033169 0.011581 0 0
0 0 0.30002 0 0 0 0 0 0 0 0 0 0 -0.091074 0.067867 0.27769 -0.03129 0.05032 -0.022561 0 0
-0 -0 -0.31577 0 0 0 0 0 0 0 0 0 0 0.095854 -0.07143 -0.29226 0.014894 -0.061868 0.020006 0 0
-0 -0 -0.29402 0 0 0 0 0 0 0 0 0 0 0.089254 -0.066511 -0.27214 0.014502 -0.057435 0.018793 0 0
0 0 0.05948 0 0 0 0 0 0 0 0 0 0 -0.018056 0.013455 0.055053 -0.0049471 0.010795 -0.0042608 0 0
0 0 0.12859 0 0 0 0 0 0 0 0 0 0 -0.039035 0.029089 0.11902 -0.011501 0.022873 -0.0093622 0 0
0 0 0.26781 0 0 0 0 0 0 0 0 0 0 -0.081297 0.060582 0.24788 -0.027205 0.045462 -0.020034 0 0
-0 -0 -0.011767 0 0 0 0 0 0 0 0 0 0 0.003572 -0.0026618 -0.010891 0.00090102 -0.0021759 0.0008273 0 0
0 0 0.069484 0 0 0 0 0 0 0 0 0 0 -0.021093 0.015718 0.064313 -0.0058428 0.012575 -0.0049897 0 0
0 0 0.039669 0 0 0 0 0 0 0 0 0 0 -0.012042 0.0089735 0.036716 -0.0032271 0.0072384 -0.0028275 0 0
0 0 0.2681 0 0 0 0 0 0 0 0 0 0 -0.081384 0.060647 0.24814 -0.027241 0.045506 -0.020056 0 0
0 0 0.2489 0 0 0 0 0 0 0 0 0 0 -0.075555 0.056303 0.23037 -0.024883 0.042542 -0.018558 0 0
