0 0 0 0.077903 0 0 0 0 0 0 0 0.063019 -0.035662 0.028736 0 0
-0 -0 -0 0.16042 0 0 0 0 0 0 0 0.12977 -0.073438 0.059176 0 0
0 0 0 0.143 0 0 0 0 0 0 0 0.11567 -0.065459 0.052747 0 0
-0 -0 -0 0.03765 0 0 0 0 0 0 0 0.030457 -0.017235 0.013888 0 0
0 0 0 0.039493 0 0 0 0 0 0 0 0.031947 -0.018079 0.014568 0 0
-0 -0 -0 0.00076325 0 0 0 0 0 0 0 0.00061742 -0.0003494 0.00028154 0 0
-0 -0 -0 0.046738 0 0 0 0 0 0 0 0.037808 -0.021396 0.01724 0 0
-0 -0 -0 0.063741 0 0 0 0 0 0 0 0.051562 -0.029179 0.023512 0 0
-0 -0 -0 0.18686 0 0 0 0 0 0 0 0.15116 -0.08554 0.068927 0 0
0 0 0 0.13616 0 0 0 0 0 0 0 0.11014 -0.062329 0.050224 0 0
0 0 0 0.16107 0 0 0 0 0 0 0 0.13029 -0.073733 0.059414 0 0
-0 -0 -0 0.17967 0 0 0 0 0 0 0 0.14534 -0.08225 0.066276 0 0
-0 -0 -0 0.19568 0 0 0 0 0 0 0 0.1583 -0.089579 0.072182 0 0
0 0 0 0.071522 0 0 0 0 0 0 0 0.057857 -0.032741 0.026382 0 0
-0 -0 -0 0.047184 0 0 0 0 0 0 0 0.038169 -0.0216 0.017405 0 0
0 0 0 0.18555 0 0 0 0 0 0 0 0.1501 -0.084941 0.068444 0 0
0 0 0 0.056864 0 0 0 0 0 0 0 0.045999 -0.026031 0.020975 0 0
0 0 0 0.17257 0 0 0 0 0 0 0 0.1396 -0.078998 0.063656 0 0
0 0 0 0.021686 0 0 0 0 0 0 0 0.017543 -0.0099273 0.0079994 0 0
0 0 0 0.10939 0 0 0 0 0 0 0 0.088486 -0.050074 0.040349 0 0
-0 -0 -0 0.038547 0 0 0 0 0 0 0 0.031182 -0.017646 0.014219 0 0
-0 -0 -0 0.17571 0 0 0 0 0 0 0 0.14214 -0.080437 0.064816 0 0
0 0 0 0.17208 0 0 0 0 0 0 0 0.1392 -0.078773 0.063475 0 0
-0 -0 -0 0.18522 0 0 0 0 0 0 0 0.14983 -0.084789 0.068322 0 0
0 0 0 0.053929 0 0 0 0 0 0 0 0.043625 -0.024687 0.019893 0 0
-0 -0 -0 0.17578 0 0 0 0 0 0 0 0.14219 -0.080467 0.06484 0 0
-0 -0 -0 0.079294 0 0 0 0 0 0 0 0.064144 -0.036299 0.029249 0 0
0 0 0 0.11819 0 0 0 0 0 0 0 0.095606 -0.054103 0.043596 0 0
-0 -0 -0 0.15648 0 0 0 0 0 0 0 0.12658 -0.071632 0.05772 0 0
0 0 0 0.16714 0 0 0 0 0 0 0 0.1352 -0.076512 0.061652 0 0
-0 -0 -0 0.070419 0 0 0 0 0 0 0 0.056965 -0.032236 0.025976 0 0
-0 -0 -0 0.17211 0 0 0 0 0 0 0 0.13922 -0.078786 0.063485 0 0
0 0 0 0.17618 0 0 0 0 0 0 0 0.14252 -0.080653 0.064989 0 0
-0 -0 -0 0.040743 0 0 0 0 0 0 0 0.032959 -0.018651 0.015029 0 0
-0 -0 -0 0.069323 0 0 0 0 0 0 0 0.056078 -0.031734 0.025571 0 0
0 0 0 0.098568 0 0 0 0 0 0 0 0.079735 -0.045122 0.036359 0 0
0 0 0 0.14923 0 0 0 0 0 0 0 0.12072 -0.068316 0.055048 0 0
-0 -0 -0 0.00053735 0 0 0 0 0 0 0 0.00043469 -0.00024599 0.00019821 0 0
-0 -0 -0 0.063902 0 0 0 0 0 0 0 0.051693 -0.029253 0.023572 0 0
-0 -0 -0 0.10173 0 0 0 0 0 0 0 0.082296 -0.046571 0.037527 0 0
-0 -0 -0 0.18901 0 0 0 0 0 0 0 0.1529 -0.086524 0.069721 0 0
0 0 0 0.1243 0 0 0 0 0 0 0 0.10055 -0.0569 0.045849 0 0
0 0 0 0.19734 0 0 0 0 0 0 0 0.15963 -0.090336 0.072792 0 0
0 0 0 0.020562 0 0 0 0 0 0 0 0.016633 -0.0094127 0.0075847 0 0
0 0 0 0.05445 0 0 0 0 0 0 0 0.044047 -0.024926 0.020085 0 0
0 0 0 0.1374 0 0 0 0 0 0 0 0.11114 -0.062896 0.050681 0 0
-0 -0 -0 0.08356 0 0 0 0 0 0 0 0.067594 -0.038251 0.030823 0 0
0 0 0 0.012851 0 0 0 0 0 0 0 0.010395 -0.0058827 0.0047403 0 0
0 0 0 0.095743 0 0 0 0 0 0 0 0.07745 -0.043829 0.035317 0 0
-0 -0 -0 0.11775 0 0 0 0 0 0 0 0.095251 -0.053902 0.043434 0 0
-0 -0 -0 0.041774 0 0 0 0 0 0 0 0.033792 -0.019123 0.015409 0 0
-0 -0 -0 0.16914 0 0 0 0 0 0 0 0.13682 -0.077428 0.062391 0 0
-0 -0 -0 0.099173 0 0 0 0 0 0 0 0.080224 -0.045399 0.036582 0 0
0 0 0 0.033766 0 0 0 0 0 0 0 0.027314 -0.015457 0.012455 0 0
-0 -0 -0 0.11235 0 0 0 0 0 0 0 0.090887 -0.051433 0.041444 0 0
-0 -0 -0 0.14518 0 0 0 0 0 0 0 0.11744 -0.066461 0.053554 0 0
-0 -0 -0 0.19019 0 0 0 0 0 0 0 0.15385 -0.087065 0.070156 0 0
-0 -0 -0 0.063251 0 0 0 0 0 0 0 0.051166 -0.028955 0.023331 0 0
0 0 0 0.162 0 0 0 0 0 0 0 0.13105 -0.074159 0.059757 0 0
-0 -0 -0 0.12764 0 0 0 0 0 0 0 0.10325 -0.058429 0.047082 0 0
0 0 0 0.033081 0 0 0 0 0 0 0 0.026761 -0.015144 0.012203 0 0
0 0 0 0.045973 0 0 0 0 0 0 0 0.037189 -0.021045 0.016958 0 0
0 0 0 0.16069 0 0 0 0 0 0 0 0.12998 -0.073558 0.059272 0 0
-0 -0 -0 0.092984 0 0 0 0 0 0 0 0.075218 -0.042566 0.034299 0 0
-0 -0 -0 0.1913 0 0 0 0 0 0 0 0.15475 -0.087572 0.070565 0 0
-0 -0 -0 0.11241 0 0 0 0 0 0 0 0.090929 -0.051456 0.041463 0 0
-0 -0 -0 0.073115 0 0 0 0 0 0 0 0.059145 -0.03347 0.02697 0 0
0 0 0 0.06781 0 0 0 0 0 0 0 0.054854 -0.031042 0.025013 0 0
-0 -0 -0 0.16283 0 0 0 0 0 0 0 0.13172 -0.07454 0.060064 0 0
0 0 0 0.10111 0 0 0 0 0 0 0 0.081794 -0.046287 0.037298 0 0
0 0 0 0.19436 0 0 0 0 0 0 0 0.15723 -0.088975 0.071695 0 0
0 0 0 0.13188 0 0 0 0 0 0 0 0.10669 -0.060373 0.048648 0 0
0 0 0 0.19604 0 0 0 0 0 0 0 0.15858 -0.089742 0.072314 0 0
0 0 0 0.099073 0 0 0 0 0 0 0 0.080143 -0.045353 0.036545 0 0
-0 -0 -0 0.063525 0 0 0 0 0 0 0 0.051387 -0.02908 0.023432 0 0
-0 -0 -0 0.068483 0 0 0 0 0 0 0 0.055398 -0.03135 0.025261 0 0
0 0 0 0.15371 0 0 0 0 0 0 0 0.12435 -0.070367 0.056701 0 0
-0 -0 -0 0.0070796 0 0 0 0 0 0 0 0.005727 -0.0032409 0.0026115 0 0
0 0 0 0.090228 0 0 0 0 0 0 0 0.072989 -0.041304 0.033283 0 0
0 0 0 0.037469 0 0 0 0 0 0 0 0.03031 -0.017152 0.013821 0 0
0 0 0 0.12993 0 0 0 0 0 0 0 0.10511 -0.059479 0.047928 0 0
-0 -0 -0 0.0086916 0 0 0 0 0 0 0 0.0070309 -0.0039788 0.0032061 0 0
0 0 0 0.073928 0 0 0 0 0 0 0 0.059803 -0.033842 0.02727 0 0
0 0 0 0.052382 0 0 0 0 0 0 0 0.042374 -0.023979 0.019322 0 0
-0 -0 -0 0.13411 0 0 0 0 0 0 0 0.10848 -0.061391 0.049468 0 0
0 0 0 0.025847 0 0 0 0 0 0 0 0.020908 -0.011832 0.0095341 0 0
-0 -0 -0 0.11564 0 0 0 0 0 0 0 0.093547 -0.052938 0.042657 0 0
0 0 0 0.18106 0 0 0 0 0 0 0 0.14646 -0.082882 0.066786 0 0
0 0 0 0.045722 0 0 0 0 0 0 0 0.036986 -0.02093 0.016865 0 0
-0 -0 -0 0.11116 0 0 0 0 0 0 0 0.08992 -0.050885 0.041003 0 0
-0 -0 -0 0.0089943 0 0 0 0 0 0 0 0.0072758 -0.0041173 0.0033177 0 0
0 0 0 0.19355 0 0 0 0 0 0 0 0.15657 -0.088602 0.071395 0 0
-0 -0 -0 0.05987 0 0 0 0 0 0 0 0.048431 -0.027407 0.022084 0 0
-0 -0 -0 0.099742 0 0 0 0 0 0 0 0.080685 -0.045659 0.036792 0 0
-0 -0 -0 0.1165 0 0 0 0 0 0 0 0.09424 -0.05333 0.042973 0 0
0 0 0 0.19134 0 0 0 0 0 0 0 0.15478 -0.08759 0.07058 0 0
0 0 0 0.19488 0 0 0 0 0 0 0 0.15765 -0.089211 0.071886 0 0
-0 -0 -0 0.080683 0 0 0 0 0 0 0 0.065268 -0.036935 0.029762 0 0
-0 -0 -0 0.15766 0 0 0 0 0 0 0 0.12754 -0.072172 0.058156 0 0
-0 -0 -0 0.080022 0 0 0 0 0 0 0 0.064733 -0.036632 0.029518 0 0
