-0 -0 -0 0.020098 0 0 0 0 0 0 0 0.01859 -0.0027989 0.0071051 0 0
-0 -0 -0 0.15229 0 0 0 0 0 0 0 0.14087 -0.021208 0.053838 0 0
0 0 0 0.17021 0 0 0 0 0 0 0 0.15744 -0.023704 0.060173 0 0
0 0 0 0.0073707 0 0 0 0 0 0 0 0.0068178 -0.0010265 0.0026057 0 0
0 0 0 0.050674 0 0 0 0 0 0 0 0.046873 -0.0070571 0.017915 0 0
-0 -0 -0 0.15199 0 0 0 0 0 0 0 0.14059 -0.021167 0.053734 0 0
0 0 0 0.14738 0 0 0 0 0 0 0 0.13633 -0.020525 0.052104 0 0
-0 -0 -0 0.1941 0 0 0 0 0 0 0 0.17954 -0.027032 0.068621 0 0
0 0 0 0.11121 0 0 0 0 0 0 0 0.10286 -0.015487 0.039314 0 0
0 0 0 0.038635 0 0 0 0 0 0 0 0.035737 -0.0053804 0.013658 0 0
0 0 0 0.18636 0 0 0 0 0 0 0 0.17238 -0.025953 0.065883 0 0
0 0 0 0.18546 0 0 0 0 0 0 0 0.17155 -0.025828 0.065567 0 0
0 0 0 0.12096 0 0 0 0 0 0 0 0.11189 -0.016845 0.042763 0 0
-0 -0 -0 0.12255 0 0 0 0 0 0 0 0.11336 -0.017067 0.043327 0 0
0 0 0 0.19741 0 0 0 0 0 0 0 0.1826 -0.027492 0.06979 0 0
-0 -0 -0 0.041935 0 0 0 0 0 0 0 0.038789 -0.00584 0.014825 0 0
-0 -0 -0 0.02336 0 0 0 0 0 0 0 0.021608 -0.0032533 0.0082586 0 0
-0 -0 -0 0.074523 0 0 0 0 0 0 0 0.068934 -0.010378 0.026346 0 0
-0 -0 -0 0.10833 0 0 0 0 0 0 0 0.10021 -0.015087 0.038298 0 0
-0 -0 -0 0.15624 0 0 0 0 0 0 0 0.14452 -0.021758 0.055235 0 0
0 0 0 0.029042 0 0 0 0 0 0 0 0.026864 -0.0040445 0.010267 0 0
-0 -0 -0 0.039175 0 0 0 0 0 0 0 0.036237 -0.0054557 0.01385 0 0
0 0 0 0.0093801 0 0 0 0 0 0 0 0.0086766 -0.0013063 0.0033161 0 0
0 0 0 0.17944 0 0 0 0 0 0 0 0.16598 -0.024989 0.063436 0 0
0 0 0 0.026897 0 0 0 0 0 0 0 0.02488 -0.0037458 0.0095089 0 0
0 0 0 0.075447 0 0 0 0 0 0 0 0.069788 -0.010507 0.026673 0 0
-0 -0 -0 0.13123 0 0 0 0 0 0 0 0.12139 -0.018276 0.046395 0 0
0 0 0 0.12866 0 0 0 0 0 0 0 0.11901 -0.017918 0.045485 0 0
0 0 0 0.017299 0 0 0 0 0 0 0 0.016002 -0.0024092 0.0061158 0 0
0 0 0 0.12985 0 0 0 0 0 0 0 0.12011 -0.018084 0.045907 0 0
-0 -0 -0 0.10886 0 0 0 0 0 0 0 0.1007 -0.015161 0.038486 0 0
0 0 0 0.029912 0 0 0 0 0 0 0 0.027668 -0.0041656 0.010575 0 0
0 0 0 0.19918 0 0 0 0 0 0 0 0.18424 -0.027738 0.070415 0 0
-0 -0 -0 0.16933 0 0 0 0 0 0 0 0.15663 -0.023581 0.059862 0 0
-0 -0 -0 0.15371 0 0 0 0 0 0 0 0.14219 -0.021407 0.054343 0 0
-0 -0 -0 0.010942 0 0 0 0 0 0 0 0.010121 -0.0015238 0.0038683 0 0
-0 -0 -0 0.14977 0 0 0 0 0 0 0 0.13854 -0.020857 0.052948 0 0
-0 -0 -0 0.085809 0 0 0 0 0 0 0 0.079373 -0.01195 0.030336 0 0
0 0 0 0.1305 0 0 0 0 0 0 0 0.12072 -0.018175 0.046137 0 0
-0 -0 -0 0.18118 0 0 0 0 0 0 0 0.16759 -0.025232 0.064054 0 0
0 0 0 0.16741 0 0 0 0 0 0 0 0.15486 -0.023314 0.059185 0 0
-0 -0 -0 0.004876 0 0 0 0 0 0 0 0.0045103 -0.00067905 0.0017238 0 0
-0 -0 -0 0.023618 0 0 0 0 0 0 0 0.021847 -0.0032892 0.0083497 0 0
-0 -0 -0 0.14525 0 0 0 0 0 0 0 0.13435 -0.020227 0.051349 0 0
0 0 0 0.15877 0 0 0 0 0 0 0 0.14686 -0.02211 0.056129 0 0
-0 -0 -0 0.010169 0 0 0 0 0 0 0 0.0094063 -0.0014162 0.003595 0 0
-0 -0 -0 0.048632 0 0 0 0 0 0 0 0.044985 -0.0067727 0.017193 0 0
-0 -0 -0 0.1145 0 0 0 0 0 0 0 0.10591 -0.015946 0.040479 0 0
0 0 0 0.014443 0 0 0 0 0 0 0 0.01336 -0.0020114 0.005106 0 0
0 0 0 0.13478 0 0 0 0 0 0 0 0.12467 -0.01877 0.047648 0 0
0 0 0 0.026666 0 0 0 0 0 0 0 0.024666 -0.0037136 0.0094273 0 0
0 0 0 0.11648 0 0 0 0 0 0 0 0.10775 -0.016222 0.04118 0 0
0 0 0 0.14917 0 0 0 0 0 0 0 0.13799 -0.020775 0.052737 0 0
0 0 0 0.010119 0 0 0 0 0 0 0 0.0093601 -0.0014092 0.0035774 0 0
0 0 0 0.0067724 0 0 0 0 0 0 0 0.0062644 -0.00094315 0.0023942 0 0
-0 -0 -0 0.16966 0 0 0 0 0 0 0 0.15694 -0.023628 0.059981 0 0
-0 -0 -0 0.12023 0 0 0 0 0 0 0 0.11121 -0.016743 0.042504 0 0
0 0 0 0.096507 0 0 0 0 0 0 0 0.089269 -0.01344 0.034118 0 0
-0 -0 -0 0.092231 0 0 0 0 0 0 0 0.085314 -0.012844 0.032606 0 0
0 0 0 0.12011 0 0 0 0 0 0 0 0.1111 -0.016727 0.042462 0 0
0 0 0 0.021943 0 0 0 0 0 0 0 0.020297 -0.0030559 0.0077575 0 0
-0 -0 -0 0.1674 0 0 0 0 0 0 0 0.15484 -0.023312 0.05918 0 0
-0 -0 -0 0.12991 0 0 0 0 0 0 0 0.12016 -0.018091 0.045925 0 0
-0 -0 -0 0.09578 0 0 0 0 0 0 0 0.088596 -0.013339 0.033861 0 0
0 0 0 0.19994 0 0 0 0 0 0 0 0.18494 -0.027844 0.070683 0 0
0 0 0 0.11531 0 0 0 0 0 0 0 0.10666 -0.016058 0.040764 0 0
0 0 0 0.056469 0 0 0 0 0 0 0 0.052234 -0.0078642 0.019964 0 0
0 0 0 0.064728 0 0 0 0 0 0 0 0.059874 -0.0090143 0.022883 0 0
-0 -0 -0 0.19847 0 0 0 0 0 0 0 0.18359 -0.02764 0.070166 0 0
0 0 0 0.017804 0 0 0 0 0 0 0 0.016468 -0.0024794 0.0062941 0 0
-0 -0 -0 0.16335 0 0 0 0 0 0 0 0.1511 -0.022749 0.05775 0 0
0 0 0 0.10381 0 0 0 0 0 0 0 0.096026 -0.014457 0.036701 0 0
0 0 0 0.050064 0 0 0 0 0 0 0 0.046309 -0.0069721 0.017699 0 0
-0 -0 -0 0.10667 0 0 0 0 0 0 0 0.098673 -0.014856 0.037712 0 0
0 0 0 0.17692 0 0 0 0 0 0 0 0.16365 -0.024639 0.062547 0 0
0 0 0 0.023337 0 0 0 0 0 0 0 0.021586 -0.0032499 0.0082502 0 0
-0 -0 -0 0.14431 0 0 0 0 0 0 0 0.13349 -0.020098 0.051019 0 0
0 0 0 0.063842 0 0 0 0 0 0 0 0.059054 -0.0088909 0.02257 0 0
0 0 0 0.19942 0 0 0 0 0 0 0 0.18446 -0.027772 0.0705 0 0
-0 -0 -0 0.072235 0 0 0 0 0 0 0 0.066817 -0.01006 0.025537 0 0
-0 -0 -0 0.016546 0 0 0 0 0 0 0 0.015305 -0.0023042 0.0058494 0 0
-0 -0 -0 0.033672 0 0 0 0 0 0 0 0.031147 -0.0046893 0.011904 0 0
-0 -0 -0 0.1329 0 0 0 0 0 0 0 0.12293 -0.018509 0.046985 0 0
0 0 0 0.019596 0 0 0 0 0 0 0 0.018126 -0.002729 0.0069278 0 0
0 0 0 0.0034431 0 0 0 0 0 0 0 0.0031848 -0.0004795 0.0012172 0 0
0 0 0 0.032155 0 0 0 0 0 0 0 0.029743 -0.004478 0.011368 0 0
-0 -0 -0 0.13898 0 0 0 0 0 0 0 0.12856 -0.019356 0.049135 0 0
0 0 0 0.14146 0 0 0 0 0 0 0 0.13085 -0.0197 0.050009 0 0
0 0 0 0.022503 0 0 0 0 0 0 0 0.020816 -0.0031339 0.0079556 0 0
-0 -0 -0 0.075835 0 0 0 0 0 0 0 0.070148 -0.010561 0.02681 0 0
0 0 0 0.089264 0 0 0 0 0 0 0 0.082569 -0.012431 0.031557 0 0
-0 -0 -0 0.13484 0 0 0 0 0 0 0 0.12473 -0.018779 0.047671 0 0
0 0 0 0.1373 0 0 0 0 0 0 0 0.127 -0.019121 0.048541 0 0
-0 -0 -0 0.17272 0 0 0 0 0 0 0 0.15976 -0.024053 0.061061 0 0
0 0 0 0.12879 0 0 0 0 0 0 0 0.11913 -0.017936 0.045531 0 0
0 0 0 0.040081 0 0 0 0 0 0 0 0.037075 -0.0055819 0.01417 0 0
-0 -0 -0 0.11518 0 0 0 0 0 0 0 0.10654 -0.01604 0.040719 0 0
-0 -0 -0 0.11852 0 0 0 0 0 0 0 0.10964 -0.016506 0.041902 0 0
-0 -0 -0 0.093408 0 0 0 0 0 0 0 0.086402 -0.013008 0.033022 0 0
0 0 0 0.074809 0 0 0 0 0 0 0 0.069198 -0.010418 0.026447 0 0
