0 0 0.11288 0 0 0 0 0 0 0 0 0 0 -0.031683 0.028284 0.10458 -0.0041368 0.014513 -0.0051783 0 0
0 0 0.012106 0 0 0 0 0 0 0 0 0 0 -0.003398 0.0030334 0.011216 -0.00036365 0.0015839 -0.00053853 0 0
0 0 0.1522 0 0 0 0 0 0 0 0 0 0 -0.042721 0.038137 0.14102 -0.0059651 0.019417 -0.0070583 0 0
0 0 0.30715 0 0 0 0 0 0 0 0 0 0 -0.086212 0.076963 0.28458 -0.015043 0.037781 -0.014775 0 0
0 0 0.23762 0 0 0 0 0 0 0 0 0 0 -0.066698 0.059542 0.22016 -0.010607 0.029745 -0.011258 0 0
0 0 0.24046 0 0 0 0 0 0 0 0 0 0 -0.067495 0.060254 0.22279 -0.010777 0.03008 -0.0114 0 0
0 0 0.23858 0 0 0 0 0 0 0 0 0 0 -0.066965 0.059781 0.22104 -0.010664 0.029857 -0.011305 0 0
-0 -0 -0.21644 0 0 0 0 0 0 0 0 0 0 0.060753 -0.054235 -0.20054 0.0031862 -0.029073 0.0088278 0 0
-0 -0 -0.2606 0 0 0 0 0 0 0 0 0 0 0.073148 -0.0653 -0.24145 0.0030578 -0.035109 0.010422 0 0
-0 -0 -0.23145 0 0 0 0 0 0 0 0 0 0 0.064966 -0.057996 -0.21445 0.0031722 -0.031123 0.0093781 0 0
-0 -0 -0.28311 0 0 0 0 0 0 0 0 0 0 0.079465 -0.070939 -0.2623 0.0028906 -0.038189 0.011204 0 0
0 0 0.25702 0 0 0 0 0 0 0 0 0 0 -0.072141 0.064402 0.23813 -0.011786 0.032022 -0.012231 0 0
-0 -0 -0.037146 0 0 0 0 0 0 0 0 0 0 0.010426 -0.0093078 -0.034416 0.00099436 -0.0048953 0.0016251 0 0
0 0 0.2666 0 0 0 0 0 0 0 0 0 0 -0.074832 0.066804 0.24701 -0.012386 0.033138 -0.012714 0 0
-0 -0 -0.1084 0 0 0 0 0 0 0 0 0 0 0.030426 -0.027161 -0.10043 0.0023851 -0.014413 0.0046205 0 0
-0 -0 -0.23549 0 0 0 0 0 0 0 0 0 0 0.0661 -0.059008 -0.21819 0.0031633 -0.031675 0.0095247 0 0
0 0 0.10763 0 0 0 0 0 0 0 0 0 0 -0.030211 0.02697 0.099722 -0.0039078 0.013852 -0.0049302 0 0
0 0 0.13169 0 0 0 0 0 0 0 0 0 0 -0.036963 0.032997 0.12201 -0.0049867 0.016869 -0.006073 0 0
0 0 0.26441 0 0 0 0 0 0 0 0 0 0 -0.074216 0.066253 0.24498 -0.012247 0.032882 -0.012603 0 0
-0 -0 -0.24409 0 0 0 0 0 0 0 0 0 0 0.068512 -0.061162 -0.22615 0.0031368 -0.03285 0.0098344 0 0
-0 -0 -0.033209 0 0 0 0 0 0 0 0 0 0 0.0093213 -0.0083212 -0.030768 0.00089767 -0.004374 0.0014549 0 0
0 0 0.27019 0 0 0 0 0 0 0 0 0 0 -0.07584 0.067703 0.25034 -0.012613 0.033554 -0.012896 0 0
0 0 0.088119 0 0 0 0 0 0 0 0 0 0 -0.024734 0.02208 0.081644 -0.0030873 0.011382 -0.0040136 0 0
0 0 0.1355 0 0 0 0 0 0 0 0 0 0 -0.038032 0.033951 0.12554 -0.0051643 0.017344 -0.0062552 0 0
-0 -0 -0.24434 0 0 0 0 0 0 0 0 0 0 0.068584 -0.061226 -0.22639 0.0031359 -0.032885 0.0098436 0 0
-0 -0 -0.28729 0 0 0 0 0 0 0 0 0 0 0.080638 -0.071987 -0.26618 0.002852 -0.038762 0.011347 0 0
0 0 0.22097 0 0 0 0 0 0 0 0 0 0 -0.062023 0.055368 0.20473 -0.0096308 0.027768 -0.010427 0 0
-0 -0 -0.20395 0 0 0 0 0 0 0 0 0 0 0.057247 -0.051105 -0.18897 0.0031745 -0.027369 0.0083634 0 0
0 0 0.15538 0 0 0 0 0 0 0 0 0 0 -0.043614 0.038934 0.14396 -0.0061216 0.019809 -0.0072119 0 0
-0 -0 -7.2981e-05 0 0 0 0 0 0 0 0 0 0 2.0485e-05 -1.8287e-05 -6.7618e-05 2.1334e-06 -9.5664e-06 3.2335e-06 0 0
-0 -0 -0.01425 0 0 0 0 0 0 0 0 0 0 0.0039998 -0.0035707 -0.013203 0.00040316 -0.0018719 0.00062838 0 0
0 0 0.28647 0 0 0 0 0 0 0 0 0 0 -0.080409 0.071782 0.26542 -0.013663 0.035428 -0.013721 0 0
-0 -0 -0.016466 0 0 0 0 0 0 0 0 0 0 0.0046218 -0.0041259 -0.015256 0.00046343 -0.0021636 0.00072554 0 0
0 0 0.01098 0 0 0 0 0 0 0 0 0 0 -0.003082 0.0027514 0.010173 -0.00032902 0.0014369 -0.00048828 0 0
0 0 0.3288 0 0 0 0 0 0 0 0 0 0 -0.092291 0.082389 0.30464 -0.016542 0.04021 -0.015886 0 0
-0 -0 -0.12768 0 0 0 0 0 0 0 0 0 0 0.035838 -0.031993 -0.1183 0.0026439 -0.017013 0.005402 0 0
0 0 0.16387 0 0 0 0 0 0 0 0 0 0 -0.045996 0.041061 0.15183 -0.0065453 0.020854 -0.0076229 0 0
0 0 0.080768 0 0 0 0 0 0 0 0 0 0 -0.022671 0.020238 0.074833 -0.002791 0.010447 -0.0036708 0 0
0 0 0.24507 0 0 0 0 0 0 0 0 0 0 -0.068788 0.061408 0.22706 -0.011054 0.030622 -0.01163 0 0
-0 -0 -0.0066979 0 0 0 0 0 0 0 0 0 0 0.00188 -0.0016783 -0.0062057 0.00019285 -0.00087884 0.00029611 0 0
0 0 0.28104 0 0 0 0 0 0 0 0 0 0 -0.078884 0.070421 0.26039 -0.013309 0.034805 -0.013445 0 0
0 0 0.29852 0 0 0 0 0 0 0 0 0 0 -0.08379 0.0748 0.27658 -0.014461 0.036803 -0.014334 0 0
0 0 0.16683 0 0 0 0 0 0 0 0 0 0 -0.046826 0.041802 0.15457 -0.0066953 0.021218 -0.0077666 0 0
0 0 0.2043 0 0 0 0 0 0 0 0 0 0 -0.057345 0.051193 0.18929 -0.0086885 0.025772 -0.0096022 0 0
0 0 0.11572 0 0 0 0 0 0 0 0 0 0 -0.032482 0.028997 0.10722 -0.0042625 0.014871 -0.0053131 0 0
0 0 0.085651 0 0 0 0 0 0 0 0 0 0 -0.024041 0.021462 0.079357 -0.0029871 0.011069 -0.0038984 0 0
0 0 0.33575 0 0 0 0 0 0 0 0 0 0 -0.094241 0.08413 0.31108 -0.017034 0.040981 -0.016244 0 0
0 0 0.093337 0 0 0 0 0 0 0 0 0 0 -0.026199 0.023388 0.086478 -0.0033019 0.012045 -0.0042578 0 0
-0 -0 -0.026541 0 0 0 0 0 0 0 0 0 0 0.0074497 -0.0066504 -0.02459 0.00072921 -0.0034925 0.0011654 0 0
0 0 0.070181 0 0 0 0 0 0 0 0 0 0 -0.019699 0.017585 0.065023 -0.0023765 0.0090944 -0.0031795 0 0
-0 -0 -0.079626 0 0 0 0 0 0 0 0 0 0 0.02235 -0.019952 -0.073774 0.0019056 -0.010552 0.0034309 0 0
0 0 0.24132 0 0 0 0 0 0 0 0 0 0 -0.067737 0.060469 0.22359 -0.010828 0.030181 -0.011443 0 0
-0 -0 -0.059645 0 0 0 0 0 0 0 0 0 0 0.016742 -0.014945 -0.055262 0.0015071 -0.007884 0.0025888 0 0
0 0 0.33842 0 0 0 0 0 0 0 0 0 0 -0.094991 0.0848 0.31355 -0.017225 0.041277 -0.016382 0 0
0 0 0.26617 0 0 0 0 0 0 0 0 0 0 -0.074712 0.066696 0.24661 -0.012359 0.033088 -0.012692 0 0
-0 -0 -0.14959 0 0 0 0 0 0 0 0 0 0 0.041989 -0.037484 -0.1386 0.0028771 -0.019977 0.0062743 0 0
-0 -0 -0.34131 0 0 0 0 0 0 0 0 0 0 0.095801 -0.085523 -0.31623 0.0021405 -0.046155 0.013131 0 0
-0 -0 -0.30071 0 0 0 0 0 0 0 0 0 0 0.084405 -0.07535 -0.27861 0.0027121 -0.040599 0.011802 0 0
-0 -0 -0.16585 0 0 0 0 0 0 0 0 0 0 0.046553 -0.041558 -0.15366 0.003008 -0.022183 0.0069106 0 0
-0 -0 -0.10851 0 0 0 0 0 0 0 0 0 0 0.030457 -0.027189 -0.10053 0.0023867 -0.014428 0.004625 0 0
-0 -0 -0.22896 0 0 0 0 0 0 0 0 0 0 0.064267 -0.057372 -0.21214 0.0031767 -0.030782 0.0092874 0 0
0 0 0.30024 0 0 0 0 0 0 0 0 0 0 -0.084275 0.075233 0.27818 -0.014577 0.036999 -0.014422 0 0
0 0 0.31673 0 0 0 0 0 0 0 0 0 0 -0.088902 0.079364 0.29345 -0.015699 0.03886 -0.015266 0 0
-0 -0 -0.19785 0 0 0 0 0 0 0 0 0 0 0.055534 -0.049576 -0.18331 0.0031611 -0.026536 0.0081344 0 0
0 0 0.051622 0 0 0 0 0 0 0 0 0 0 -0.01449 0.012935 0.047829 -0.0016852 0.006711 -0.0023255 0 0
0 0 0.33485 0 0 0 0 0 0 0 0 0 0 -0.093989 0.083905 0.31025 -0.01697 0.040882 -0.016197 0 0
0 0 0.089625 0 0 0 0 0 0 0 0 0 0 -0.025157 0.022458 0.083039 -0.0031489 0.011574 -0.004084 0 0
-0 -0 -0.2844 0 0 0 0 0 0 0 0 0 0 0.079826 -0.071262 -0.2635 0.002879 -0.038366 0.011248 0 0
0 0 0.17092 0 0 0 0 0 0 0 0 0 0 -0.047976 0.042829 0.15836 -0.0069045 0.02172 -0.0079658 0 0
-0 -0 -0.12789 0 0 0 0 0 0 0 0 0 0 0.035898 -0.032047 -0.1185 0.0026465 -0.017042 0.0054106 0 0
0 0 0.039658 0 0 0 0 0 0 0 0 0 0 -0.011132 0.0099373 0.036744 -0.0012634 0.005166 -0.0017799 0 0
-0 -0 -0.30009 0 0 0 0 0 0 0 0 0 0 0.084232 -0.075195 -0.27804 0.002719 -0.040515 0.011781 0 0
0 0 0.11407 0 0 0 0 0 0 0 0 0 0 -0.032017 0.028582 0.10568 -0.0041892 0.014663 -0.0052346 0 0
0 0 0.26231 0 0 0 0 0 0 0 0 0 0 -0.073626 0.065727 0.24303 -0.012115 0.032638 -0.012497 0 0
0 0 0.17903 0 0 0 0 0 0 0 0 0 0 -0.05025 0.044859 0.16587 -0.0073248 0.02271 -0.0083609 0 0
0 0 0.28517 0 0 0 0 0 0 0 0 0 0 -0.080045 0.071457 0.26422 -0.013579 0.03528 -0.013655 0 0
0 0 0.31132 0 0 0 0 0 0 0 0 0 0 -0.087382 0.078007 0.28844 -0.015327 0.038251 -0.014988 0 0
0 0 0.34598 0 0 0 0 0 0 0 0 0 0 -0.097111 0.086692 0.32055 -0.017769 0.042109 -0.016771 0 0
-0 -0 -0.26764 0 0 0 0 0 0 0 0 0 0 0.075122 -0.067063 -0.24797 0.0030129 -0.036072 0.010668 0 0
-0 -0 -0.018396 0 0 0 0 0 0 0 0 0 0 0.0051636 -0.0046096 -0.017044 0.0005154 -0.0024179 0.00081007 0 0
-0 -0 -0.20132 0 0 0 0 0 0 0 0 0 0 0.056508 -0.050445 -0.18653 0.0031693 -0.027009 0.0082647 0 0
-0 -0 -0.33321 0 0 0 0 0 0 0 0 0 0 0.093527 -0.083492 -0.30872 0.0022723 -0.045047 0.012871 0 0
-0 -0 -0.13728 0 0 0 0 0 0 0 0 0 0 0.038532 -0.034398 -0.12719 0.002754 -0.01831 0.0057861 0 0
-0 -0 -0.32901 0 0 0 0 0 0 0 0 0 0 0.09235 -0.082442 -0.30484 0.0023371 -0.044473 0.012736 0 0
-0 -0 -0.25711 0 0 0 0 0 0 0 0 0 0 0.072167 -0.064425 -0.23822 0.0030776 -0.034631 0.010298 0 0
-0 -0 -0.10297 0 0 0 0 0 0 0 0 0 0 0.028902 -0.025801 -0.095403 0.0023032 -0.013683 0.0043982 0 0
0 0 0.26331 0 0 0 0 0 0 0 0 0 0 -0.073907 0.065978 0.24396 -0.012178 0.032755 -0.012548 0 0
-0 -0 -0.19726 0 0 0 0 0 0 0 0 0 0 0.055369 -0.049429 -0.18277 0.0031595 -0.026457 0.0081123 0 0
0 0 0.32285 0 0 0 0 0 0 0 0 0 0 -0.09062 0.080898 0.29913 -0.016124 0.039546 -0.01558 0 0
0 0 0.041023 0 0 0 0 0 0 0 0 0 0 -0.011515 0.010279 0.038008 -0.0013106 0.0053425 -0.0018419 0 0
-0 -0 -0.010019 0 0 0 0 0 0 0 0 0 0 0.0028121 -0.0025104 -0.0092824 0.00028626 -0.0013152 0.00044241 0 0
-0 -0 -0.28544 0 0 0 0 0 0 0 0 0 0 0.080121 -0.071525 -0.26447 0.0028693 -0.038509 0.011284 0 0
0 0 0.25929 0 0 0 0 0 0 0 0 0 0 -0.07278 0.064971 0.24024 -0.011927 0.032287 -0.012345 0 0
-0 -0 -0.18078 0 0 0 0 0 0 0 0 0 0 0.050743 -0.045299 -0.1675 0.0030967 -0.024212 0.0074862 0 0
-0 -0 -0.25317 0 0 0 0 0 0 0 0 0 0 0.071062 -0.063438 -0.23457 0.0030979 -0.034092 0.010159 0 0
0 0 0.28421 0 0 0 0 0 0 0 0 0 0 -0.079774 0.071215 0.26332 -0.013516 0.035169 -0.013606 0 0
-0 -0 -0.030909 0 0 0 0 0 0 0 0 0 0 0.0086757 -0.0077449 -0.028638 0.00084024 -0.0040698 0.0013552 0 0
0 0 0.023281 0 0 0 0 0 0 0 0 0 0 -0.0065346 0.0058335 0.02157 -0.00071652 0.0030406 -0.0010394 0 0
-0 -0 -0.26657 0 0 0 0 0 0 0 0 0 0 0.074824 -0.066796 -0.24698 0.0030201 -0.035926 0.010631 0 0
-0 -0 -0.29175 0 0 0 0 0 0 0 0 0 0 0.08189 -0.073104 -0.27031 0.0028082 -0.039372 0.011499 0 0
