0 0 0.31856 0 0 0 0 0 0 0 0 0 0 -0.10306 0.063478 0.29467 -0.0134 0.030822 -0.011326 0 0
0 0 0.21149 0 0 0 0 0 0 0 0 0 0 -0.068423 0.042143 0.19563 -0.0078087 0.021053 -0.0072665 0 0
-0 -0 -0.17868 0 0 0 0 0 0 0 0 0 0 0.057809 -0.035605 -0.16528 0.0030472 -0.019028 0.0051649 0 0
-0 -0 -0.007723 0 0 0 0 0 0 0 0 0 0 0.0024986 -0.0015389 -0.0071437 0.00020024 -0.00080393 0.00024322 0 0
0 0 0.080778 0 0 0 0 0 0 0 0 0 0 -0.026134 0.016096 0.074719 -0.0024581 0.008276 -0.0026426 0 0
-0 -0 -0.12608 0 0 0 0 0 0 0 0 0 0 0.04079 -0.025123 -0.11662 0.0024967 -0.013347 0.0037486 0 0
-0 -0 -0.11921 0 0 0 0 0 0 0 0 0 0 0.038569 -0.023755 -0.11027 0.0024034 -0.01261 0.003557 0 0
-0 -0 -0.34028 0 0 0 0 0 0 0 0 0 0 0.11009 -0.067806 -0.31476 0.0029104 -0.03668 0.0089196 0 0
-0 -0 -0.2938 0 0 0 0 0 0 0 0 0 0 0.095053 -0.058544 -0.27176 0.0032325 -0.031588 0.0079354 0 0
0 0 0.17139 0 0 0 0 0 0 0 0 0 0 -0.05545 0.034152 0.15854 -0.0059908 0.017225 -0.0058059 0 0
0 0 0.065376 0 0 0 0 0 0 0 0 0 0 -0.021151 0.013027 0.060472 -0.0019386 0.006718 -0.0021252 0 0
-0 -0 -0.17619 0 0 0 0 0 0 0 0 0 0 0.057001 -0.035108 -0.16297 0.0030277 -0.018758 0.0050997 0 0
-0 -0 -0.046486 0 0 0 0 0 0 0 0 0 0 0.01504 -0.0092631 -0.043 0.0011125 -0.0048685 0.0014379 0 0
-0 -0 -0.28209 0 0 0 0 0 0 0 0 0 0 0.091264 -0.056211 -0.26093 0.0032777 -0.030306 0.007675 0 0
0 0 0.049705 0 0 0 0 0 0 0 0 0 0 -0.016081 0.0099044 0.045977 -0.0014344 0.0051226 -0.0016052 0 0
-0 -0 -0.026272 0 0 0 0 0 0 0 0 0 0 0.0084998 -0.0052351 -0.024302 0.00065613 -0.002743 0.00082039 0 0
0 0 0.14553 0 0 0 0 0 0 0 0 0 0 -0.047084 0.028999 0.13462 -0.0049005 0.014711 -0.0048831 0 0
-0 -0 -0.11108 0 0 0 0 0 0 0 0 0 0 0.035938 -0.022134 -0.10275 0.0022865 -0.011738 0.0033283 0 0
0 0 0.014906 0 0 0 0 0 0 0 0 0 0 -0.0048227 0.0029703 0.013788 -0.00040376 0.0015458 -0.00047422 0 0
0 0 0.032877 0 0 0 0 0 0 0 0 0 0 -0.010637 0.0065512 0.030411 -0.00092065 0.0033987 -0.0010542 0 0
-0 -0 -0.25776 0 0 0 0 0 0 0 0 0 0 0.083394 -0.051363 -0.23843 0.0033252 -0.027644 0.0071182 0 0
0 0 0.2568 0 0 0 0 0 0 0 0 0 0 -0.083083 0.051172 0.23754 -0.010046 0.025272 -0.0089577 0 0
0 0 0.18342 0 0 0 0 0 0 0 0 0 0 -0.059343 0.03655 0.16967 -0.0065201 0.018383 -0.0062405 0 0
-0 -0 -0.28915 0 0 0 0 0 0 0 0 0 0 0.09355 -0.057619 -0.26747 0.0032522 -0.03108 0.0078327 0 0
-0 -0 -0.10132 0 0 0 0 0 0 0 0 0 0 0.032781 -0.02019 -0.093723 0.0021371 -0.010693 0.003051 0 0
-0 -0 -0.33203 0 0 0 0 0 0 0 0 0 0 0.10742 -0.066163 -0.30713 0.0029842 -0.035777 0.0087508 0 0
-0 -0 -0.3085 0 0 0 0 0 0 0 0 0 0 0.099809 -0.061473 -0.28536 0.0031553 -0.033199 0.0082553 0 0
-0 -0 -0.29959 0 0 0 0 0 0 0 0 0 0 0.096925 -0.059697 -0.27712 0.0032048 -0.032222 0.0080623 0 0
0 0 0.18579 0 0 0 0 0 0 0 0 0 0 -0.06011 0.037022 0.17186 -0.006626 0.01861 -0.0063265 0 0
0 0 0.27183 0 0 0 0 0 0 0 0 0 0 -0.087944 0.054166 0.25144 -0.01083 0.026644 -0.0095276 0 0
-0 -0 -0.24352 0 0 0 0 0 0 0 0 0 0 0.078787 -0.048526 -0.22526 0.003324 -0.026088 0.0067826 0 0
-0 -0 -0.26994 0 0 0 0 0 0 0 0 0 0 0.087333 -0.053789 -0.24969 0.0033092 -0.028976 0.0073995 0 0
-0 -0 -0.0044372 0 0 0 0 0 0 0 0 0 0 0.0014356 -0.00088418 -0.0041044 0.00011579 -0.00046165 0.00013995 0 0
-0 -0 -0.24966 0 0 0 0 0 0 0 0 0 0 0.080772 -0.049748 -0.23093 0.0033271 -0.026758 0.0069281 0 0
0 0 0.34234 0 0 0 0 0 0 0 0 0 0 -0.11076 0.068217 0.31666 -0.014782 0.032893 -0.012256 0 0
-0 -0 -0.15435 0 0 0 0 0 0 0 0 0 0 0.049936 -0.030756 -0.14277 0.0028288 -0.016394 0.004521 0 0
0 0 0.15036 0 0 0 0 0 0 0 0 0 0 -0.048644 0.029961 0.13908 -0.005099 0.015183 -0.0050541 0 0
-0 -0 -0.31036 0 0 0 0 0 0 0 0 0 0 0.10041 -0.061843 -0.28708 0.0031439 -0.033402 0.0082951 0 0
-0 -0 -0.023282 0 0 0 0 0 0 0 0 0 0 0.0075323 -0.0046392 -0.021535 0.00058503 -0.0024296 0.000728 0 0
0 0 0.051343 0 0 0 0 0 0 0 0 0 0 -0.016611 0.010231 0.047492 -0.001486 0.0052899 -0.0016593 0 0
0 0 0.15369 0 0 0 0 0 0 0 0 0 0 -0.049724 0.030626 0.14217 -0.0052376 0.015508 -0.0051727 0 0
0 0 0.10594 0 0 0 0 0 0 0 0 0 0 -0.034276 0.021111 0.097999 -0.0033581 0.0108 -0.0035011 0 0
-0 -0 -0.3131 0 0 0 0 0 0 0 0 0 0 0.1013 -0.06239 -0.28962 0.0031264 -0.033702 0.0083537 0 0
0 0 0.0281 0 0 0 0 0 0 0 0 0 0 -0.0090911 0.0055993 0.025992 -0.00078004 0.0029073 -0.00089913 0 0
-0 -0 -0.15453 0 0 0 0 0 0 0 0 0 0 0.049995 -0.030793 -0.14294 0.0028306 -0.016414 0.0045259 0 0
-0 -0 -0.13092 0 0 0 0 0 0 0 0 0 0 0.042357 -0.026088 -0.1211 0.0025596 -0.013868 0.0038828 0 0
0 0 0.088242 0 0 0 0 0 0 0 0 0 0 -0.028549 0.017584 0.081623 -0.0027185 0.0090275 -0.0028955 0 0
0 0 0.00073115 0 0 0 0 0 0 0 0 0 0 -0.00023655 0.00014569 0.00067631 -1.9274e-05 7.6003e-05 -2.3114e-05 0 0
0 0 0.32838 0 0 0 0 0 0 0 0 0 0 -0.10624 0.065434 0.30375 -0.013964 0.031681 -0.011709 0 0
0 0 0.2987 0 0 0 0 0 0 0 0 0 0 -0.096639 0.059521 0.2763 -0.012284 0.029063 -0.010557 0 0
-0 -0 -0.15957 0 0 0 0 0 0 0 0 0 0 0.051627 -0.031798 -0.14761 0.0028809 -0.016959 0.004661 0 0
-0 -0 -0.057147 0 0 0 0 0 0 0 0 0 0 0.018489 -0.011387 -0.052861 0.0013362 -0.0059944 0.0017587 0 0
-0 -0 -0.30961 0 0 0 0 0 0 0 0 0 0 0.10017 -0.061695 -0.28639 0.0031485 -0.033321 0.0082792 0 0
0 0 0.036928 0 0 0 0 0 0 0 0 0 0 -0.011947 0.0073585 0.034158 -0.0010417 0.0038147 -0.0011861 0 0
-0 -0 -0.10373 0 0 0 0 0 0 0 0 0 0 0.03356 -0.02067 -0.095951 0.0021749 -0.010951 0.0031197 0 0
0 0 0.10021 0 0 0 0 0 0 0 0 0 0 -0.032421 0.019969 0.092695 -0.0031475 0.010227 -0.0033041 0 0
0 0 0.28393 0 0 0 0 0 0 0 0 0 0 -0.09186 0.056578 0.26264 -0.011476 0.027739 -0.0099897 0 0
-0 -0 -0.087271 0 0 0 0 0 0 0 0 0 0 0.028235 -0.01739 -0.080725 0.0019044 -0.009193 0.0026465 0 0
-0 -0 -0.26546 0 0 0 0 0 0 0 0 0 0 0.085885 -0.052897 -0.24555 0.0033169 -0.028486 0.0072967 0 0
-0 -0 -0.0070739 0 0 0 0 0 0 0 0 0 0 0.0022886 -0.0014096 -0.0065434 0.00018364 -0.00073629 0.00022284 0 0
-0 -0 -0.14885 0 0 0 0 0 0 0 0 0 0 0.048158 -0.029661 -0.13769 0.0027708 -0.0158 0.0043729 0 0
-0 -0 -0.14585 0 0 0 0 0 0 0 0 0 0 0.047185 -0.029062 -0.13491 0.0027377 -0.015476 0.0042914 0 0
0 0 0.29342 0 0 0 0 0 0 0 0 0 0 -0.094928 0.058467 0.27141 -0.011992 0.028591 -0.010354 0 0
0 0 0.087913 0 0 0 0 0 0 0 0 0 0 -0.028442 0.017518 0.081319 -0.0027069 0.0089944 -0.0028844 0 0
-0 -0 -0.075871 0 0 0 0 0 0 0 0 0 0 0.024547 -0.015118 -0.070181 0.0017005 -0.0079797 0.0023138 0 0
0 0 0.074018 0 0 0 0 0 0 0 0 0 0 -0.023947 0.014749 0.068467 -0.0022272 0.0075935 -0.0024148 0 0
-0 -0 -0.287 0 0 0 0 0 0 0 0 0 0 0.092853 -0.057189 -0.26548 0.0032605 -0.030844 0.0077848 0 0
-0 -0 -0.29796 0 0 0 0 0 0 0 0 0 0 0.096398 -0.059373 -0.27561 0.003213 -0.032044 0.0080267 0 0
-0 -0 -0.28249 0 0 0 0 0 0 0 0 0 0 0.091393 -0.05629 -0.2613 0.0032764 -0.03035 0.0076839 0 0
0 0 0.18787 0 0 0 0 0 0 0 0 0 0 -0.060781 0.037436 0.17378 -0.0067192 0.018808 -0.0064019 0 0
0 0 0.22704 0 0 0 0 0 0 0 0 0 0 -0.073455 0.045242 0.21002 -0.008555 0.022515 -0.0078424 0 0
-0 -0 -0.29028 0 0 0 0 0 0 0 0 0 0 0.093915 -0.057843 -0.26851 0.0032476 -0.031203 0.0078577 0 0
-0 -0 -0.036213 0 0 0 0 0 0 0 0 0 0 0.011716 -0.007216 -0.033497 0.00088587 -0.0037867 0.0011256 0 0
0 0 0.28764 0 0 0 0 0 0 0 0 0 0 -0.093061 0.057318 0.26607 -0.011678 0.028073 -0.010132 0 0
0 0 0.20833 0 0 0 0 0 0 0 0 0 0 -0.067401 0.041513 0.19271 -0.0076599 0.020755 -0.0071502 0 0
0 0 0.29926 0 0 0 0 0 0 0 0 0 0 -0.096819 0.059632 0.27681 -0.012314 0.029113 -0.010579 0 0
-0 -0 -0.056158 0 0 0 0 0 0 0 0 0 0 0.018169 -0.01119 -0.051946 0.001316 -0.0058898 0.0017291 0 0
0 0 0.23651 0 0 0 0 0 0 0 0 0 0 -0.076519 0.047129 0.21877 -0.0090204 0.023398 -0.0081954 0 0
0 0 0.062846 0 0 0 0 0 0 0 0 0 0 -0.020333 0.012523 0.058133 -0.0018555 0.0064611 -0.0020409 0 0
0 0 0.27137 0 0 0 0 0 0 0 0 0 0 -0.087796 0.054074 0.25102 -0.010806 0.026602 -0.0095101 0 0
-0 -0 -0.14113 0 0 0 0 0 0 0 0 0 0 0.04566 -0.028122 -0.13054 0.002684 -0.014967 0.0041631 0 0
0 0 0.26903 0 0 0 0 0 0 0 0 0 0 -0.087038 0.053608 0.24885 -0.010682 0.026389 -0.009421 0 0
0 0 0.233 0 0 0 0 0 0 0 0 0 0 -0.075382 0.046429 0.21552 -0.0088467 0.023071 -0.0080641 0 0
0 0 0.26156 0 0 0 0 0 0 0 0 0 0 -0.084622 0.05212 0.24194 -0.010292 0.025708 -0.0091377 0 0
-0 -0 -0.069108 0 0 0 0 0 0 0 0 0 0 0.022359 -0.013771 -0.063925 0.0015731 -0.0072615 0.0021145 0 0
0 0 0.18718 0 0 0 0 0 0 0 0 0 0 -0.06056 0.037299 0.17315 -0.0066884 0.018743 -0.006377 0 0
0 0 0.31403 0 0 0 0 0 0 0 0 0 0 -0.1016 0.062576 0.29048 -0.013142 0.030423 -0.01115 0 0
0 0 0.23369 0 0 0 0 0 0 0 0 0 0 -0.075605 0.046566 0.21616 -0.0088808 0.023135 -0.0080899 0 0
-0 -0 -0.14752 0 0 0 0 0 0 0 0 0 0 0.047728 -0.029396 -0.13646 0.0027563 -0.015657 0.0043369 0 0
0 0 0.15238 0 0 0 0 0 0 0 0 0 0 -0.0493 0.030365 0.14095 -0.005183 0.01538 -0.0051261 0 0
-0 -0 -0.012028 0 0 0 0 0 0 0 0 0 0 0.0038914 -0.0023967 -0.011126 0.00030919 -0.0012529 0.00037805 0 0
-0 -0 -0.077616 0 0 0 0 0 0 0 0 0 0 0.025111 -0.015466 -0.071795 0.0017326 -0.0081652 0.002365 0 0
0 0 0.25496 0 0 0 0 0 0 0 0 0 0 -0.082487 0.050805 0.23584 -0.0099512 0.025103 -0.0088882 0 0
-0 -0 -0.13978 0 0 0 0 0 0 0 0 0 0 0.045224 -0.027854 -0.1293 0.0026682 -0.014822 0.0041262 0 0
-0 -0 -0.29543 0 0 0 0 0 0 0 0 0 0 0.095579 -0.058868 -0.27327 0.0032251 -0.031766 0.0079712 0 0
-0 -0 -0.12681 0 0 0 0 0 0 0 0 0 0 0.041026 -0.025268 -0.1173 0.0025064 -0.013426 0.0037688 0 0
0 0 0.25707 0 0 0 0 0 0 0 0 0 0 -0.083169 0.051225 0.23779 -0.01006 0.025296 -0.0089678 0 0
-0 -0 -0.12955 0 0 0 0 0 0 0 0 0 0 0.041915 -0.025816 -0.11984 0.0025421 -0.013721 0.0038449 0 0
-0 -0 -0.0033116 0 0 0 0 0 0 0 0 0 0 0.0010714 -0.00065988 -0.0030632 8.661e-05 -0.00034447 0.0001045 0 0
0 0 0.085656 0 0 0 0 0 0 0 0 0 0 -0.027712 0.017068 0.079232 -0.0026277 0.0087675 -0.0028078 0 0
