-0 -0 -0.29902 0 0 0 0 0 0 0 0 0 0 0.090772 -0.067643 -0.27677 0.01217 -0.0065249 0.005586 0 0
0 0 0.078257 0 0 0 0 0 0 0 0 0 0 -0.023756 0.017703 0.072432 -0.0034989 0.0010449 -0.0014029 0 0
-0 -0 -0.11897 0 0 0 0 0 0 0 0 0 0 0.036116 -0.026913 -0.11012 0.0050996 -0.0021287 0.0021928 0 0
-0 -0 -0.28808 0 0 0 0 0 0 0 0 0 0 0.087451 -0.065168 -0.26664 0.011766 -0.0062195 0.0053789 0 0
0 0 0.31781 0 0 0 0 0 0 0 0 0 0 -0.096475 0.071892 0.29415 -0.014673 0.0024254 -0.0054051 0 0
-0 -0 -0.066985 0 0 0 0 0 0 0 0 0 0 0.020334 -0.015153 -0.062 0.0029075 -0.0011197 0.0012272 0 0
-0 -0 -0.24496 0 0 0 0 0 0 0 0 0 0 0.074359 -0.055412 -0.22672 0.01014 -0.0050624 0.0045628 0 0
0 0 0.11068 0 0 0 0 0 0 0 0 0 0 -0.033597 0.025036 0.10244 -0.0049759 0.0013933 -0.0019725 0 0
0 0 0.094071 0 0 0 0 0 0 0 0 0 0 -0.028556 0.02128 0.087069 -0.0042176 0.0012211 -0.0016817 0 0
-0 -0 -0.0044995 0 0 0 0 0 0 0 0 0 0 0.0013659 -0.0010178 -0.0041646 0.000198 -6.8762e-05 8.1744e-05 0 0
-0 -0 -0.28545 0 0 0 0 0 0 0 0 0 0 0.086653 -0.064573 -0.26421 0.011668 -0.0061468 0.0053292 0 0
-0 -0 -0.34787 0 0 0 0 0 0 0 0 0 0 0.1056 -0.078692 -0.32198 0.013928 -0.0079462 0.0065099 0 0
-0 -0 -0.29031 0 0 0 0 0 0 0 0 0 0 0.088127 -0.065672 -0.2687 0.011848 -0.0062813 0.0054211 0 0
-0 -0 -0.045973 0 0 0 0 0 0 0 0 0 0 0.013956 -0.0104 -0.042552 0.002005 -0.00074644 0.00084003 0 0
0 0 0.28597 0 0 0 0 0 0 0 0 0 0 -0.086809 0.064689 0.26468 -0.013162 0.0024021 -0.0049038 0 0
0 0 0.30931 0 0 0 0 0 0 0 0 0 0 -0.093893 0.069968 0.28628 -0.014269 0.002424 -0.0052722 0 0
0 0 0.15471 0 0 0 0 0 0 0 0 0 0 -0.046965 0.034998 0.1432 -0.0070041 0.0017861 -0.0027337 0 0
0 0 0.11027 0 0 0 0 0 0 0 0 0 0 -0.033474 0.024944 0.10206 -0.0049573 0.0013892 -0.0019654 0 0
-0 -0 -0.25726 0 0 0 0 0 0 0 0 0 0 0.078094 -0.058195 -0.23811 0.010609 -0.0053848 0.0047956 0 0
0 0 0.018807 0 0 0 0 0 0 0 0 0 0 -0.0057089 0.0042542 0.017407 -0.00083151 0.00027725 -0.00034047 0 0
0 0 0.268 0 0 0 0 0 0 0 0 0 0 -0.081356 0.060625 0.24806 -0.012312 0.0023672 -0.0046164 0 0
-0 -0 -0.28577 0 0 0 0 0 0 0 0 0 0 0.086748 -0.064644 -0.2645 0.01168 -0.0061554 0.0053351 0 0
-0 -0 -0.28698 0 0 0 0 0 0 0 0 0 0 0.087115 -0.064917 -0.26562 0.011725 -0.0061888 0.005358 0 0
-0 -0 -0.19057 0 0 0 0 0 0 0 0 0 0 0.057851 -0.04311 -0.17639 0.0080146 -0.0037129 0.003536 0 0
-0 -0 -0.16172 0 0 0 0 0 0 0 0 0 0 0.04909 -0.036582 -0.14968 0.0068549 -0.0030477 0.0029931 0 0
-0 -0 -0.18265 0 0 0 0 0 0 0 0 0 0 0.055444 -0.041317 -0.16905 0.0076981 -0.0035266 0.0033867 0 0
-0 -0 -0.052982 0 0 0 0 0 0 0 0 0 0 0.016083 -0.011985 -0.049039 0.0023071 -0.00086873 0.00096897 0 0
-0 -0 -0.28825 0 0 0 0 0 0 0 0 0 0 0.087501 -0.065205 -0.26679 0.011772 -0.006224 0.005382 0 0
-0 -0 -0.10154 0 0 0 0 0 0 0 0 0 0 0.030825 -0.02297 -0.093986 0.0043714 -0.001777 0.001868 0 0
-0 -0 -0.30834 0 0 0 0 0 0 0 0 0 0 0.093599 -0.069749 -0.28539 0.01251 -0.0067886 0.0057622 0 0
0 0 0.15151 0 0 0 0 0 0 0 0 0 0 -0.045993 0.034274 0.14023 -0.0068559 0.0017607 -0.0026789 0 0
-0 -0 -0.040363 0 0 0 0 0 0 0 0 0 0 0.012253 -0.0091307 -0.037359 0.0017626 -0.00065017 0.00073697 0 0
0 0 0.023622 0 0 0 0 0 0 0 0 0 0 -0.0071706 0.0053434 0.021863 -0.0010454 0.00034558 -0.00042732 0 0
0 0 0.30069 0 0 0 0 0 0 0 0 0 0 -0.091278 0.068019 0.27831 -0.01386 0.002419 -0.0051369 0 0
-0 -0 -0.17276 0 0 0 0 0 0 0 0 0 0 0.052444 -0.039081 -0.1599 0.0073014 -0.0032981 0.0032007 0 0
-0 -0 -0.12485 0 0 0 0 0 0 0 0 0 0 0.0379 -0.028243 -0.11556 0.0053436 -0.0022503 0.0023025 0 0
0 0 0.10824 0 0 0 0 0 0 0 0 0 0 -0.032857 0.024485 0.10018 -0.0048644 0.0013688 -0.0019299 0 0
-0 -0 -0.31871 0 0 0 0 0 0 0 0 0 0 0.096748 -0.072095 -0.29499 0.012887 -0.0070864 0.0059585 0 0
-0 -0 -0.064132 0 0 0 0 0 0 0 0 0 0 0.019468 -0.014507 -0.059359 0.0027855 -0.0010679 0.0011746 0 0
0 0 0.097627 0 0 0 0 0 0 0 0 0 0 -0.029636 0.022084 0.090361 -0.0043797 0.0012591 -0.0017441 0 0
-0 -0 -0.22981 0 0 0 0 0 0 0 0 0 0 0.069762 -0.051986 -0.21271 0.009556 -0.0046742 0.0042765 0 0
0 0 0.18658 0 0 0 0 0 0 0 0 0 0 -0.056639 0.042207 0.1727 -0.0084856 0.0020123 -0.0032749 0 0
-0 -0 -0.25952 0 0 0 0 0 0 0 0 0 0 0.07878 -0.058706 -0.2402 0.010695 -0.0054447 0.0048383 0 0
-0 -0 -0.011213 0 0 0 0 0 0 0 0 0 0 0.0034039 -0.0025366 -0.010379 0.00049275 -0.0001731 0.00020391 0 0
-0 -0 -0.34006 0 0 0 0 0 0 0 0 0 0 0.10323 -0.076926 -0.31475 0.013651 -0.0077127 0.0063623 0 0
-0 -0 -0.032126 0 0 0 0 0 0 0 0 0 0 0.0097522 -0.0072672 -0.029735 0.0014054 -0.00051141 0.00058592 0 0
-0 -0 -0.14864 0 0 0 0 0 0 0 0 0 0 0.045121 -0.033624 -0.13758 0.0063227 -0.0027581 0.0027477 0 0
0 0 0.084895 0 0 0 0 0 0 0 0 0 0 -0.025771 0.019204 0.078577 -0.0038002 0.0011203 -0.0015202 0 0
-0 -0 -0.33997 0 0 0 0 0 0 0 0 0 0 0.1032 -0.076904 -0.31466 0.013648 -0.0077099 0.0063605 0 0
-0 -0 -0.020028 0 0 0 0 0 0 0 0 0 0 0.0060797 -0.0045305 -0.018537 0.00087843 -0.00031324 0.00036466 0 0
-0 -0 -0.26369 0 0 0 0 0 0 0 0 0 0 0.080046 -0.05965 -0.24406 0.010853 -0.0055557 0.0049172 0 0
0 0 0.3245 0 0 0 0 0 0 0 0 0 0 -0.098506 0.073406 0.30035 -0.014991 0.002424 -0.005509 0 0
0 0 0.27887 0 0 0 0 0 0 0 0 0 0 -0.084653 0.063082 0.25811 -0.012826 0.0023902 -0.0047906 0 0
-0 -0 -0.032766 0 0 0 0 0 0 0 0 0 0 0.0099465 -0.007412 -0.030327 0.0014332 -0.00052208 0.00059764 0 0
-0 -0 -0.23981 0 0 0 0 0 0 0 0 0 0 0.072796 -0.054247 -0.22196 0.009942 -0.0049293 0.0044654 0 0
0 0 0.27577 0 0 0 0 0 0 0 0 0 0 -0.083712 0.062381 0.25524 -0.012679 0.0023842 -0.004741 0 0
0 0 0.14809 0 0 0 0 0 0 0 0 0 0 -0.044955 0.0335 0.13707 -0.0066977 0.001733 -0.0026202 0 0
-0 -0 -0.27378 0 0 0 0 0 0 0 0 0 0 0.083109 -0.061932 -0.2534 0.011233 -0.0058273 0.0051082 0 0
0 0 0.11343 0 0 0 0 0 0 0 0 0 0 -0.034433 0.025659 0.10499 -0.005102 0.0014206 -0.0020205 0 0
0 0 0.32077 0 0 0 0 0 0 0 0 0 0 -0.097372 0.072561 0.29689 -0.014813 0.0024251 -0.0054511 0 0
0 0 0.095948 0 0 0 0 0 0 0 0 0 0 -0.029126 0.021704 0.088806 -0.0043031 0.0012412 -0.0017147 0 0
-0 -0 -0.13806 0 0 0 0 0 0 0 0 0 0 0.041909 -0.031231 -0.12778 0.0058889 -0.0025292 0.0025495 0 0
-0 -0 -0.16842 0 0 0 0 0 0 0 0 0 0 0.051125 -0.038098 -0.15588 0.0071262 -0.003199 0.003119 0 0
0 0 0.31607 0 0 0 0 0 0 0 0 0 0 -0.095946 0.071498 0.29254 -0.01459 0.0024254 -0.0053779 0 0
-0 -0 -0.033235 0 0 0 0 0 0 0 0 0 0 0.010089 -0.0075182 -0.030762 0.0014536 -0.00052991 0.00060625 0 0
0 0 0.26074 0 0 0 0 0 0 0 0 0 0 -0.079152 0.058983 0.24134 -0.011969 0.0023486 -0.0044994 0 0
0 0 0.20708 0 0 0 0 0 0 0 0 0 0 -0.062863 0.046845 0.19167 -0.009444 0.002132 -0.0036184 0 0
-0 -0 -0.15218 0 0 0 0 0 0 0 0 0 0 0.046197 -0.034426 -0.14086 0.0064674 -0.0028358 0.0028142 0 0
0 0 0.18265 0 0 0 0 0 0 0 0 0 0 -0.055444 0.041316 0.16905 -0.0083021 0.001987 -0.0032085 0 0
0 0 0.16881 0 0 0 0 0 0 0 0 0 0 -0.051245 0.038187 0.15625 -0.0076583 0.0018922 -0.0029742 0 0
-0 -0 -0.16245 0 0 0 0 0 0 0 0 0 0 0.049313 -0.036747 -0.15036 0.0068846 -0.0030641 0.0030068 0 0
0 0 0.34089 0 0 0 0 0 0 0 0 0 0 -0.10348 0.077114 0.31552 -0.01577 0.0024114 -0.0057616 0 0
-0 -0 -0.20156 0 0 0 0 0 0 0 0 0 0 0.061184 -0.045594 -0.18655 0.0084501 -0.0039754 0.003743 0 0
0 0 0.060915 0 0 0 0 0 0 0 0 0 0 -0.018491 0.01378 0.056381 -0.002715 0.00083816 -0.0010953 0 0
-0 -0 -0.22297 0 0 0 0 0 0 0 0 0 0 0.067686 -0.050439 -0.20638 0.0092904 -0.004502 0.0041473 0 0
-0 -0 -0.011372 0 0 0 0 0 0 0 0 0 0 0.0034522 -0.0025726 -0.010526 0.00049972 -0.0001756 0.00020681 0 0
0 0 0.11208 0 0 0 0 0 0 0 0 0 0 -0.034024 0.025355 0.10374 -0.0050404 0.0014073 -0.001997 0 0
0 0 0.23603 0 0 0 0 0 0 0 0 0 0 -0.071648 0.053392 0.21846 -0.010803 0.0022662 -0.0040969 0 0
0 0 0.082768 0 0 0 0 0 0 0 0 0 0 -0.025125 0.018723 0.076607 -0.0037035 0.0010964 -0.0014826 0 0
-0 -0 -0.091361 0 0 0 0 0 0 0 0 0 0 0.027734 -0.020667 -0.084561 0.0039427 -0.0015778 0.0016787 0 0
-0 -0 -0.1666 0 0 0 0 0 0 0 0 0 0 0.050574 -0.037687 -0.1542 0.0070527 -0.0031578 0.0030849 0 0
-0 -0 -0.32007 0 0 0 0 0 0 0 0 0 0 0.097162 -0.072404 -0.29625 0.012936 -0.007126 0.0059844 0 0
-0 -0 -0.21322 0 0 0 0 0 0 0 0 0 0 0.064724 -0.048232 -0.19735 0.0089091 -0.0042597 0.003963 0 0
0 0 0.11663 0 0 0 0 0 0 0 0 0 0 -0.035403 0.026382 0.10794 -0.0052485 0.0014518 -0.0020762 0 0
-0 -0 -0.11505 0 0 0 0 0 0 0 0 0 0 0.034924 -0.026025 -0.10648 0.0049361 -0.0020483 0.0021195 0 0
-0 -0 -0.28008 0 0 0 0 0 0 0 0 0 0 0.085022 -0.063358 -0.25924 0.011468 -0.0059991 0.0052275 0 0
-0 -0 -0.16945 0 0 0 0 0 0 0 0 0 0 0.051439 -0.038332 -0.15684 0.0071679 -0.0032225 0.0031385 0 0
-0 -0 -0.051511 0 0 0 0 0 0 0 0 0 0 0.015637 -0.011652 -0.047677 0.0022437 -0.00084287 0.00094189 0 0
-0 -0 -0.29424 0 0 0 0 0 0 0 0 0 0 0.089321 -0.066561 -0.27234 0.011994 -0.0063908 0.0054955 0 0
0 0 0.33239 0 0 0 0 0 0 0 0 0 0 -0.1009 0.075191 0.30765 -0.015366 0.0024196 -0.005631 0 0
0 0 0.2591 0 0 0 0 0 0 0 0 0 0 -0.078652 0.058611 0.23981 -0.011891 0.002344 -0.0044728 0 0
-0 -0 -0.088474 0 0 0 0 0 0 0 0 0 0 0.026857 -0.020014 -0.081888 0.0038208 -0.0015221 0.0016251 0 0
-0 -0 -0.34371 0 0 0 0 0 0 0 0 0 0 0.10434 -0.077752 -0.31813 0.013781 -0.0078217 0.0064314 0 0
0 0 0.19722 0 0 0 0 0 0 0 0 0 0 -0.059869 0.044614 0.18254 -0.0089825 0.002077 -0.0034536 0 0
0 0 0.092739 0 0 0 0 0 0 0 0 0 0 -0.028152 0.020979 0.085837 -0.0041569 0.0012067 -0.0016583 0 0
-0 -0 -0.17887 0 0 0 0 0 0 0 0 0 0 0.054298 -0.040462 -0.16556 0.0075468 -0.0034388 0.0033156 0 0
-0 -0 -0.070158 0 0 0 0 0 0 0 0 0 0 0.021297 -0.015871 -0.064936 0.003043 -0.0011778 0.0012859 0 0
0 0 0.20488 0 0 0 0 0 0 0 0 0 0 -0.062194 0.046346 0.18963 -0.0093408 0.0021201 -0.0035817 0 0
0 0 0.31261 0 0 0 0 0 0 0 0 0 0 -0.094896 0.070715 0.28934 -0.014426 0.002425 -0.0053239 0 0
0 0 0.012125 0 0 0 0 0 0 0 0 0 0 -0.0036806 0.0027428 0.011222 -0.00053537 0.00018063 -0.00021973 0 0
