0 0 0.33911 0 0 0 0 0 0 0 0 0 0 -0.095184 0.084972 0.31419 0.018865 0.046474 -0.0068537 0 0
-0 -0 -0.30579 0 0 0 0 0 0 0 0 0 0 0.08583 -0.076622 -0.28332 -0.028955 -0.035334 0.00078413 0 0
0 0 0.10051 0 0 0 0 0 0 0 0 0 0 -0.028213 0.025186 0.093128 0.0071627 0.013186 -0.0013962 0 0
0 0 0.013121 0 0 0 0 0 0 0 0 0 0 -0.0036829 0.0032877 0.012157 0.0010062 0.0016847 -0.00015081 0 0
0 0 0.098448 0 0 0 0 0 0 0 0 0 0 -0.027633 0.024668 0.091214 0.0070283 0.012909 -0.001362 0 0
-0 -0 -0.16652 0 0 0 0 0 0 0 0 0 0 0.04674 -0.041725 -0.15428 -0.014521 -0.020259 0.0010796 0 0
-0 -0 -0.2101 0 0 0 0 0 0 0 0 0 0 0.058973 -0.052646 -0.19466 -0.018828 -0.025176 0.0011047 0 0
-0 -0 -0.031079 0 0 0 0 0 0 0 0 0 0 0.0087234 -0.0077875 -0.028795 -0.0024663 -0.0039428 0.00031916 0 0
0 0 0.33905 0 0 0 0 0 0 0 0 0 0 -0.095167 0.084957 0.31413 0.018863 0.046465 -0.0068519 0 0
0 0 0.24247 0 0 0 0 0 0 0 0 0 0 -0.06806 0.060758 0.22466 0.015055 0.032731 -0.0042912 0 0
0 0 0.016099 0 0 0 0 0 0 0 0 0 0 -0.0045188 0.004034 0.014916 0.0012316 0.0020688 -0.00018636 0 0
0 0 0.2812 0 0 0 0 0 0 0 0 0 0 -0.078928 0.07046 0.26053 0.016737 0.038205 -0.005262 0 0
-0 -0 -0.083502 0 0 0 0 0 0 0 0 0 0 0.023438 -0.020923 -0.077365 -0.0068853 -0.010433 0.00073558 0 0
0 0 0.022033 0 0 0 0 0 0 0 0 0 0 -0.0061845 0.0055209 0.020414 0.0016776 0.0028357 -0.00025866 0 0
0 0 0.12028 0 0 0 0 0 0 0 0 0 0 -0.03376 0.030138 0.11144 0.0084204 0.015849 -0.0017353 0 0
0 0 0.20509 0 0 0 0 0 0 0 0 0 0 -0.057567 0.051391 0.19002 0.013237 0.027498 -0.0034265 0 0
-0 -0 -0.14665 0 0 0 0 0 0 0 0 0 0 0.041164 -0.036747 -0.13588 -0.012625 -0.017961 0.0010326 0 0
-0 -0 -0.1358 0 0 0 0 0 0 0 0 0 0 0.038118 -0.034028 -0.12582 -0.011607 -0.016691 0.00099753 0 0
-0 -0 -0.15732 0 0 0 0 0 0 0 0 0 0 0.044158 -0.03942 -0.14576 -0.013638 -0.019199 0.0010606 0 0
0 0 0.16421 0 0 0 0 0 0 0 0 0 0 -0.046093 0.041148 0.15215 0.011035 0.021841 -0.002564 0 0
0 0 0.26246 0 0 0 0 0 0 0 0 0 0 -0.07367 0.065766 0.24318 0.015949 0.035551 -0.0047829 0 0
-0 -0 -0.32351 0 0 0 0 0 0 0 0 0 0 0.090804 -0.081062 -0.29973 -0.030926 -0.037114 0.00066826 0 0
0 0 0.15376 0 0 0 0 0 0 0 0 0 0 -0.043158 0.038527 0.14246 0.010435 0.020407 -0.0023575 0 0
-0 -0 -0.16686 0 0 0 0 0 0 0 0 0 0 0.046836 -0.041811 -0.1546 -0.014555 -0.020298 0.0010802 0 0
-0 -0 -0.22254 0 0 0 0 0 0 0 0 0 0 0.062463 -0.055761 -0.20618 -0.020093 -0.026547 0.0010922 0 0
-0 -0 -0.081296 0 0 0 0 0 0 0 0 0 0 0.022819 -0.020371 -0.075322 -0.006693 -0.010164 0.00072116 0 0
0 0 0.23393 0 0 0 0 0 0 0 0 0 0 -0.06566 0.058616 0.21674 0.014656 0.03153 -0.0040871 0 0
-0 -0 -0.17263 0 0 0 0 0 0 0 0 0 0 0.048454 -0.043255 -0.15994 -0.015113 -0.020958 0.0010896 0 0
0 0 0.0265 0 0 0 0 0 0 0 0 0 0 -0.0074382 0.0066401 0.024552 0.0020105 0.0034145 -0.00031436 0 0
0 0 0.20292 0 0 0 0 0 0 0 0 0 0 -0.056958 0.050847 0.18801 0.013126 0.027196 -0.0033785 0 0
-0 -0 -0.33227 0 0 0 0 0 0 0 0 0 0 0.093265 -0.083258 -0.30785 -0.031912 -0.037982 0.00060443 0 0
-0 -0 -0.25926 0 0 0 0 0 0 0 0 0 0 0.072771 -0.064964 -0.24021 -0.02392 -0.030508 0.0010044 0 0
0 0 0.00077637 0 0 0 0 0 0 0 0 0 0 -0.00021792 0.00019454 0.00071931 6.012e-05 9.936e-05 -8.6583e-06 0 0
-0 -0 -0.27795 0 0 0 0 0 0 0 0 0 0 0.078016 -0.069646 -0.25752 -0.025917 -0.032473 0.00093058 0 0
0 0 0.010181 0 0 0 0 0 0 0 0 0 0 -0.0028578 0.0025512 0.0094331 0.00078259 0.0013063 -0.00011619 0 0
0 0 0.23213 0 0 0 0 0 0 0 0 0 0 -0.065155 0.058165 0.21507 0.014571 0.031277 -0.0040447 0 0
-0 -0 -0.16704 0 0 0 0 0 0 0 0 0 0 0.046887 -0.041856 -0.15477 -0.014572 -0.020319 0.0010805 0 0
0 0 0.14216 0 0 0 0 0 0 0 0 0 0 -0.039902 0.035621 0.13171 0.0097541 0.018821 -0.0021352 0 0
-0 -0 -0.015662 0 0 0 0 0 0 0 0 0 0 0.004396 -0.0039244 -0.014511 -0.0012284 -0.0019955 0.00016754 0 0
-0 -0 -0.047337 0 0 0 0 0 0 0 0 0 0 0.013287 -0.011861 -0.043858 -0.0038024 -0.0059777 0.00046472 0 0
0 0 0.098383 0 0 0 0 0 0 0 0 0 0 -0.027615 0.024652 0.091153 0.0070241 0.0129 -0.0013609 0 0
0 0 0.26687 0 0 0 0 0 0 0 0 0 0 -0.074908 0.066871 0.24726 0.016138 0.036174 -0.0048941 0 0
-0 -0 -0.13207 0 0 0 0 0 0 0 0 0 0 0.037072 -0.033094 -0.12237 -0.011261 -0.016252 0.00098396 0 0
-0 -0 -0.043572 0 0 0 0 0 0 0 0 0 0 0.01223 -0.010918 -0.04037 -0.0034902 -0.0055083 0.00043233 0 0
-0 -0 -0.11838 0 0 0 0 0 0 0 0 0 0 0.033229 -0.029664 -0.10968 -0.010001 -0.014632 0.00092738 0 0
0 0 0.18012 0 0 0 0 0 0 0 0 0 0 -0.050558 0.045134 0.16689 0.011918 0.024034 -0.0028893 0 0
-0 -0 -0.096768 0 0 0 0 0 0 0 0 0 0 0.027162 -0.024247 -0.089657 -0.008054 -0.012041 0.00081658 0 0
-0 -0 -0.22902 0 0 0 0 0 0 0 0 0 0 0.064282 -0.057385 -0.21219 -0.020759 -0.027255 0.0010823 0 0
0 0 0.097463 0 0 0 0 0 0 0 0 0 0 -0.027357 0.024422 0.090301 0.0069641 0.012777 -0.0013457 0 0
0 0 0.0057327 0 0 0 0 0 0 0 0 0 0 -0.0016091 0.0014365 0.0053115 0.0004422 0.00073465 -6.472e-05 0 0
-0 -0 -0.036515 0 0 0 0 0 0 0 0 0 0 0.010249 -0.0091497 -0.033832 -0.0029096 -0.0046255 0.00036947 0 0
0 0 0.31055 0 0 0 0 0 0 0 0 0 0 -0.087166 0.077814 0.28772 0.017873 0.042385 -0.006048 0 0
-0 -0 -0.26421 0 0 0 0 0 0 0 0 0 0 0.07416 -0.066203 -0.24479 -0.024445 -0.031032 0.00098679 0 0
-0 -0 -0.34877 0 0 0 0 0 0 0 0 0 0 0.097896 -0.087393 -0.32314 -0.033785 -0.039593 0.00047265 0 0
-0 -0 -0.27851 0 0 0 0 0 0 0 0 0 0 0.078175 -0.069788 -0.25805 -0.025978 -0.032532 0.00092804 0 0
0 0 0.096665 0 0 0 0 0 0 0 0 0 0 -0.027133 0.024222 0.089561 0.0069119 0.01267 -0.0013326 0 0
-0 -0 -0.23276 0 0 0 0 0 0 0 0 0 0 0.065334 -0.058324 -0.21566 -0.021145 -0.027663 0.0010754 0 0
-0 -0 -0.066653 0 0 0 0 0 0 0 0 0 0 0.018709 -0.016701 -0.061755 -0.0054302 -0.0083697 0.0006185 0 0
-0 -0 -0.34619 0 0 0 0 0 0 0 0 0 0 0.097171 -0.086746 -0.32075 -0.033491 -0.039343 0.00049427 0 0
-0 -0 -0.21995 0 0 0 0 0 0 0 0 0 0 0.061736 -0.055113 -0.20378 -0.019829 -0.026263 0.0010956 0 0
0 0 0.26679 0 0 0 0 0 0 0 0 0 0 -0.074884 0.06685 0.24718 0.016135 0.036162 -0.0048919 0 0
-0 -0 -0.25445 0 0 0 0 0 0 0 0 0 0 0.071421 -0.063759 -0.23575 -0.023411 -0.029997 0.0010203 0 0
-0 -0 -0.23672 0 0 0 0 0 0 0 0 0 0 0.066443 -0.059315 -0.21932 -0.021555 -0.028092 0.0010673 0 0
-0 -0 -0.044383 0 0 0 0 0 0 0 0 0 0 0.012458 -0.011121 -0.041121 -0.0035573 -0.0056095 0.00043937 0 0
0 0 0.14744 0 0 0 0 0 0 0 0 0 0 -0.041385 0.036945 0.13661 0.010066 0.019542 -0.0022355 0 0
0 0 0.21649 0 0 0 0 0 0 0 0 0 0 -0.060766 0.054246 0.20058 0.013811 0.029088 -0.0036825 0 0
0 0 0.045938 0 0 0 0 0 0 0 0 0 0 -0.012894 0.011511 0.042563 0.0034302 0.0059484 -0.00056953 0 0
0 0 0.01163 0 0 0 0 0 0 0 0 0 0 -0.0032644 0.0029141 0.010775 0.00089291 0.0014927 -0.00013319 0 0
-0 -0 -0.19377 0 0 0 0 0 0 0 0 0 0 0.054388 -0.048553 -0.17953 -0.017191 -0.023353 0.0011079 0 0
-0 -0 -0.01257 0 0 0 0 0 0 0 0 0 0 0.0035282 -0.0031497 -0.011646 -0.00098354 -0.0016029 0.00013554 0 0
-0 -0 -0.11048 0 0 0 0 0 0 0 0 0 0 0.031011 -0.027684 -0.10236 -0.0092831 -0.013689 0.00088992 0 0
-0 -0 -0.24921 0 0 0 0 0 0 0 0 0 0 0.069949 -0.062444 -0.23089 -0.022859 -0.029437 0.001036 0 0
0 0 0.2211 0 0 0 0 0 0 0 0 0 0 -0.06206 0.055402 0.20485 0.014039 0.029732 -0.003788 0 0
0 0 0.088713 0 0 0 0 0 0 0 0 0 0 -0.024901 0.022229 0.082194 0.0063877 0.011606 -0.0012037 0 0
-0 -0 -0.12114 0 0 0 0 0 0 0 0 0 0 0.034001 -0.030353 -0.11223 -0.010252 -0.014959 0.0009396 0 0
0 0 0.074081 0 0 0 0 0 0 0 0 0 0 -0.020794 0.018563 0.068637 0.0054021 0.0096586 -0.00097559 0 0
0 0 0.067916 0 0 0 0 0 0 0 0 0 0 -0.019063 0.017018 0.062925 0.0049787 0.0088418 -0.00088295 0 0
-0 -0 -0.10024 0 0 0 0 0 0 0 0 0 0 0.028136 -0.025118 -0.092874 -0.0083632 -0.01246 0.00083615 0 0
0 0 0.01581 0 0 0 0 0 0 0 0 0 0 -0.0044376 0.0039615 0.014648 0.0012098 0.0020314 -0.00018289 0 0
-0 -0 -0.18545 0 0 0 0 0 0 0 0 0 0 0.052054 -0.046469 -0.17182 -0.016368 -0.022416 0.0011037 0 0
-0 -0 -0.27618 0 0 0 0 0 0 0 0 0 0 0.077521 -0.069204 -0.25589 -0.025727 -0.032289 0.00093839 0 0
-0 -0 -0.26163 0 0 0 0 0 0 0 0 0 0 0.073437 -0.065558 -0.24241 -0.024171 -0.03076 0.00099614 0 0
-0 -0 -0.23964 0 0 0 0 0 0 0 0 0 0 0.067264 -0.060048 -0.22203 -0.021859 -0.028408 0.0010608 0 0
0 0 0.24218 0 0 0 0 0 0 0 0 0 0 -0.067976 0.060683 0.22438 0.015041 0.032689 -0.004284 0 0
-0 -0 -0.13537 0 0 0 0 0 0 0 0 0 0 0.037997 -0.03392 -0.12542 -0.011567 -0.01664 0.000996 0 0
0 0 0.34438 0 0 0 0 0 0 0 0 0 0 -0.096664 0.086293 0.31908 0.019035 0.047231 -0.0070068 0 0
-0 -0 -0.058853 0 0 0 0 0 0 0 0 0 0 0.016519 -0.014747 -0.054528 -0.0047676 -0.0074072 0.00055891 0 0
0 0 0.043718 0 0 0 0 0 0 0 0 0 0 -0.012271 0.010955 0.040506 0.0032705 0.0056578 -0.00053934 0 0
-0 -0 -0.057642 0 0 0 0 0 0 0 0 0 0 0.016179 -0.014443 -0.053406 -0.0046654 -0.0072574 0.00054936 0 0
0 0 0.23707 0 0 0 0 0 0 0 0 0 0 -0.066543 0.059404 0.21965 0.014804 0.031972 -0.0041618 0 0
0 0 0.30891 0 0 0 0 0 0 0 0 0 0 -0.086708 0.077405 0.28621 0.017813 0.042151 -0.0060032 0 0
0 0 0.3102 0 0 0 0 0 0 0 0 0 0 -0.08707 0.077728 0.28741 0.017861 0.042335 -0.0060385 0 0
-0 -0 -0.015245 0 0 0 0 0 0 0 0 0 0 0.004279 -0.0038199 -0.014124 -0.0011953 -0.0019426 0.00016325 0 0
0 0 0.044344 0 0 0 0 0 0 0 0 0 0 -0.012447 0.011111 0.041086 0.0033156 0.0057397 -0.00054782 0 0
-0 -0 -0.25478 0 0 0 0 0 0 0 0 0 0 0.071512 -0.06384 -0.23605 -0.023445 -0.030032 0.0010192 0 0
0 0 0.2495 0 0 0 0 0 0 0 0 0 0 -0.070033 0.062519 0.23117 0.015375 0.033721 -0.0044618 0 0
0 0 0.21342 0 0 0 0 0 0 0 0 0 0 -0.059904 0.053477 0.19774 0.013658 0.028659 -0.0036129 0 0
0 0 0.11487 0 0 0 0 0 0 0 0 0 0 -0.032243 0.028784 0.10643 0.0080816 0.015119 -0.0016405 0 0
0 0 0.037804 0 0 0 0 0 0 0 0 0 0 -0.010611 0.0094726 0.035026 0.0028418 0.0048851 -0.00046022 0 0
0 0 0.094641 0 0 0 0 0 0 0 0 0 0 -0.026564 0.023714 0.087686 0.0067792 0.012399 -0.0012995 0 0
