-0 -0 -0 0.087299 0 0 0 0 0 0 0 0.070619 -0.039963 0.032202 0 0
0 0 0 0.15508 0 0 0 0 0 0 0 0.12545 -0.070992 0.057205 0 0
0 0 0 0.11574 0 0 0 0 0 0 0 0.093628 -0.052984 0.042694 0 0
0 0 0 0.014412 0 0 0 0 0 0 0 0.011658 -0.0065974 0.0053161 0 0
0 0 0 0.10868 0 0 0 0 0 0 0 0.087916 -0.049751 0.040089 0 0
-0 -0 -0 0.020139 0 0 0 0 0 0 0 0.016291 -0.0092189 0.0074285 0 0
-0 -0 -0 0.038456 0 0 0 0 0 0 0 0.031108 -0.017604 0.014185 0 0
0 0 0 0.15327 0 0 0 0 0 0 0 0.12398 -0.070162 0.056536 0 0
-0 -0 -0 0.092927 0 0 0 0 0 0 0 0.075172 -0.04254 0.034278 0 0
0 0 0 0.05538 0 0 0 0 0 0 0 0.044799 -0.025352 0.020428 0 0
0 0 0 0.025109 0 0 0 0 0 0 0 0.020311 -0.011494 0.0092619 0 0
-0 -0 -0 0.074243 0 0 0 0 0 0 0 0.060058 -0.033986 0.027386 0 0
0 0 0 0.0074806 0 0 0 0 0 0 0 0.0060514 -0.0034244 0.0027594 0 0
0 0 0 0.13671 0 0 0 0 0 0 0 0.11059 -0.062581 0.050428 0 0
0 0 0 0.089783 0 0 0 0 0 0 0 0.072629 -0.0411 0.033118 0 0
0 0 0 0.16444 0 0 0 0 0 0 0 0.13302 -0.075277 0.060657 0 0
-0 -0 -0 0.092314 0 0 0 0 0 0 0 0.074676 -0.042259 0.034052 0 0
-0 -0 -0 0.088432 0 0 0 0 0 0 0 0.071536 -0.040482 0.03262 0 0
-0 -0 -0 0.038158 0 0 0 0 0 0 0 0.030868 -0.017468 0.014075 0 0
-0 -0 -0 0.083341 0 0 0 0 0 0 0 0.067417 -0.038151 0.030742 0 0
0 0 0 0.0079623 0 0 0 0 0 0 0 0.006441 -0.0036449 0.0029371 0 0
-0 -0 -0 0.042452 0 0 0 0 0 0 0 0.034341 -0.019434 0.015659 0 0
0 0 0 0.05374 0 0 0 0 0 0 0 0.043472 -0.024601 0.019823 0 0
-0 -0 -0 0.025852 0 0 0 0 0 0 0 0.020913 -0.011834 0.0095361 0 0
-0 -0 -0 0.14238 0 0 0 0 0 0 0 0.11518 -0.065179 0.05252 0 0
-0 -0 -0 0.049853 0 0 0 0 0 0 0 0.040328 -0.022821 0.018389 0 0
-0 -0 -0 0.064038 0 0 0 0 0 0 0 0.051803 -0.029315 0.023622 0 0
0 0 0 0.042299 0 0 0 0 0 0 0 0.034218 -0.019364 0.015603 0 0
0 0 0 0.16621 0 0 0 0 0 0 0 0.13445 -0.076086 0.061309 0 0
0 0 0 0.025404 0 0 0 0 0 0 0 0.020551 -0.01163 0.009371 0 0
0 0 0 0.096782 0 0 0 0 0 0 0 0.07829 -0.044304 0.0357 0 0
-0 -0 -0 0.0046687 0 0 0 0 0 0 0 0.0037767 -0.0021372 0.0017222 0 0
0 0 0 0.1781 0 0 0 0 0 0 0 0.14407 -0.081528 0.065694 0 0
0 0 0 0.13115 0 0 0 0 0 0 0 0.10609 -0.060036 0.048377 0 0
0 0 0 0.13399 0 0 0 0 0 0 0 0.10839 -0.061336 0.049424 0 0
0 0 0 0.17345 0 0 0 0 0 0 0 0.14031 -0.079401 0.06398 0 0
0 0 0 0.070576 0 0 0 0 0 0 0 0.057092 -0.032308 0.026034 0 0
-0 -0 -0 0.12296 0 0 0 0 0 0 0 0.099469 -0.056289 0.045357 0 0
0 0 0 0.03792 0 0 0 0 0 0 0 0.030675 -0.017359 0.013988 0 0
0 0 0 0.013266 0 0 0 0 0 0 0 0.010732 -0.006073 0.0048936 0 0
-0 -0 -0 0.098587 0 0 0 0 0 0 0 0.07975 -0.04513 0.036366 0 0
-0 -0 -0 0.10625 0 0 0 0 0 0 0 0.08595 -0.048639 0.039193 0 0
0 0 0 0.076217 0 0 0 0 0 0 0 0.061655 -0.03489 0.028114 0 0
0 0 0 0.11704 0 0 0 0 0 0 0 0.094678 -0.053578 0.043172 0 0
-0 -0 -0 0.18361 0 0 0 0 0 0 0 0.14853 -0.084054 0.06773 0 0
-0 -0 -0 0.11254 0 0 0 0 0 0 0 0.091039 -0.051518 0.041513 0 0
-0 -0 -0 0.12396 0 0 0 0 0 0 0 0.10027 -0.056744 0.045724 0 0
0 0 0 0.16695 0 0 0 0 0 0 0 0.13505 -0.076426 0.061584 0 0
0 0 0 0.078303 0 0 0 0 0 0 0 0.063342 -0.035845 0.028884 0 0
0 0 0 0.096443 0 0 0 0 0 0 0 0.078017 -0.044149 0.035575 0 0
0 0 0 0.10699 0 0 0 0 0 0 0 0.086546 -0.048976 0.039464 0 0
-0 -0 -0 0.15156 0 0 0 0 0 0 0 0.1226 -0.069381 0.055906 0 0
0 0 0 0.019226 0 0 0 0 0 0 0 0.015553 -0.0088012 0.007092 0 0
-0 -0 -0 0.093179 0 0 0 0 0 0 0 0.075376 -0.042655 0.034371 0 0
0 0 0 0.098914 0 0 0 0 0 0 0 0.080015 -0.04528 0.036487 0 0
0 0 0 0.16186 0 0 0 0 0 0 0 0.13094 -0.074098 0.059707 0 0
-0 -0 -0 0.11397 0 0 0 0 0 0 0 0.092197 -0.052174 0.042041 0 0
-0 -0 -0 0.090126 0 0 0 0 0 0 0 0.072906 -0.041257 0.033245 0 0
0 0 0 0.092292 0 0 0 0 0 0 0 0.074658 -0.042249 0.034044 0 0
0 0 0 0.016894 0 0 0 0 0 0 0 0.013666 -0.0077336 0.0062317 0 0
0 0 0 0.15116 0 0 0 0 0 0 0 0.12227 -0.069195 0.055757 0 0
-0 -0 -0 0.17736 0 0 0 0 0 0 0 0.14348 -0.081193 0.065425 0 0
0 0 0 0.072385 0 0 0 0 0 0 0 0.058555 -0.033136 0.026701 0 0
0 0 0 0.15378 0 0 0 0 0 0 0 0.1244 -0.070399 0.056727 0 0
0 0 0 0.12184 0 0 0 0 0 0 0 0.098562 -0.055776 0.044944 0 0
-0 -0 -0 0.090049 0 0 0 0 0 0 0 0.072844 -0.041222 0.033216 0 0
0 0 0 0.091781 0 0 0 0 0 0 0 0.074245 -0.042015 0.033855 0 0
-0 -0 -0 0.073019 0 0 0 0 0 0 0 0.059068 -0.033426 0.026935 0 0
0 0 0 0.018215 0 0 0 0 0 0 0 0.014735 -0.0083384 0.006719 0 0
0 0 0 0.1586 0 0 0 0 0 0 0 0.1283 -0.072602 0.058502 0 0
0 0 0 0.0015495 0 0 0 0 0 0 0 0.0012534 -0.00070932 0.00057156 0 0
0 0 0 0.1729 0 0 0 0 0 0 0 0.13986 -0.079149 0.063777 0 0
0 0 0 0.10008 0 0 0 0 0 0 0 0.080957 -0.045813 0.036916 0 0
-0 -0 -0 0.044365 0 0 0 0 0 0 0 0.035889 -0.020309 0.016365 0 0
0 0 0 0.081601 0 0 0 0 0 0 0 0.06601 -0.037355 0.0301 0 0
0 0 0 0.082543 0 0 0 0 0 0 0 0.066772 -0.037786 0.030448 0 0
0 0 0 0.17476 0 0 0 0 0 0 0 0.14137 -0.080001 0.064464 0 0
0 0 0 0.13078 0 0 0 0 0 0 0 0.10579 -0.059868 0.048241 0 0
0 0 0 0.17754 0 0 0 0 0 0 0 0.14362 -0.081275 0.065491 0 0
-0 -0 -0 0.0069881 0 0 0 0 0 0 0 0.0056529 -0.003199 0.0025777 0 0
0 0 0 0.15759 0 0 0 0 0 0 0 0.12748 -0.072141 0.05813 0 0
0 0 0 0.15819 0 0 0 0 0 0 0 0.12797 -0.072416 0.058352 0 0
-0 -0 -0 0.0016387 0 0 0 0 0 0 0 0.0013256 -0.00075013 0.00060445 0 0
0 0 0 0.03555 0 0 0 0 0 0 0 0.028758 -0.016274 0.013114 0 0
-0 -0 -0 0.0067792 0 0 0 0 0 0 0 0.0054839 -0.0031033 0.0025006 0 0
-0 -0 -0 0.038687 0 0 0 0 0 0 0 0.031295 -0.01771 0.01427 0 0
0 0 0 0.14167 0 0 0 0 0 0 0 0.1146 -0.064851 0.052256 0 0
-0 -0 -0 0.095925 0 0 0 0 0 0 0 0.077597 -0.043912 0.035384 0 0
0 0 0 0.14113 0 0 0 0 0 0 0 0.11417 -0.064607 0.05206 0 0
0 0 0 0.041749 0 0 0 0 0 0 0 0.033772 -0.019112 0.0154 0 0
0 0 0 0.019668 0 0 0 0 0 0 0 0.01591 -0.0090035 0.0072549 0 0
-0 -0 -0 0.10095 0 0 0 0 0 0 0 0.08166 -0.046211 0.037237 0 0
-0 -0 -0 0.1297 0 0 0 0 0 0 0 0.10492 -0.059372 0.047842 0 0
-0 -0 -0 0.0013997 0 0 0 0 0 0 0 0.0011323 -0.00064076 0.00051632 0 0
-0 -0 -0 0.16114 0 0 0 0 0 0 0 0.13035 -0.073765 0.059439 0 0
-0 -0 -0 0.1378 0 0 0 0 0 0 0 0.11147 -0.063082 0.050831 0 0
0 0 0 0.19536 0 0 0 0 0 0 0 0.15803 -0.089429 0.072061 0 0
0 0 0 0.11955 0 0 0 0 0 0 0 0.096706 -0.054725 0.044097 0 0
0 0 0 0.020835 0 0 0 0 0 0 0 0.016854 -0.0095375 0.0076853 0 0
-0 -0 -0 0.016789 0 0 0 0 0 0 0 0.013581 -0.0076854 0.0061929 0 0
