0 0 0 0.099652 0 0 0 0 -0 -0 0 0.093657 0.0029972 0.033909 0 0
-0 -0 -0 0.057889 0 0 0 0 -0 -0 0 0.054407 0.0017411 0.019698 0 0
0 0 0 0.023046 0 0 0 0 -0 -0 0 0.02166 0.00069316 0.0078419 0 0
-0 -0 -0 0.17658 0 0 0 0 -0 -0 0 0.16596 0.0053111 0.060087 0 0
-0 -0 -0 0.16035 0 0 0 0 -0 -0 0 0.1507 0.0048229 0.054563 0 0
-0 -0 -0 0.020844 0 0 0 0 -0 -0 0 0.01959 0.00062694 0.0070927 0 0
0 0 0 0.024158 0 0 0 0 -0 -0 0 0.022705 0.00072661 0.0082204 0 0
0 0 0 0.063801 0 0 0 0 -0 -0 0 0.059963 0.001919 0.02171 0 0
-0 -0 -0 0.14155 0 0 0 0 -0 -0 0 0.13303 0.0042573 0.048164 0 0
-0 -0 -0 0.016861 0 0 0 0 -0 -0 0 0.015846 0.00050712 0.0057372 0 0
0 0 0 0.031922 0 0 0 0 -0 -0 0 0.030001 0.00096011 0.010862 0 0
0 0 0 0.18119 0 0 0 0 -0 -0 0 0.17029 0.0054498 0.061655 0 0
0 0 0 0.11428 0 0 0 0 -0 -0 0 0.10741 0.0034373 0.038887 0 0
0 0 0 0.076299 0 0 0 0 -0 -0 0 0.071709 0.0022948 0.025962 0 0
-0 -0 -0 0.061818 0 0 0 0 -0 -0 0 0.0581 0.0018593 0.021035 0 0
0 0 0 0.086863 0 0 0 0 -0 -0 0 0.081638 0.0026126 0.029557 0 0
-0 -0 -0 0.082243 0 0 0 0 -0 -0 0 0.077296 0.0024736 0.027985 0 0
-0 -0 -0 0.12583 0 0 0 0 -0 -0 0 0.11826 0.0037847 0.042818 0 0
-0 -0 -0 0.14252 0 0 0 0 -0 -0 0 0.13394 0.0042864 0.048494 0 0
0 0 0 0.15706 0 0 0 0 -0 -0 0 0.14761 0.004724 0.053444 0 0
-0 -0 -0 0.013552 0 0 0 0 -0 -0 0 0.012737 0.0004076 0.0046114 0 0
0 0 0 0.11518 0 0 0 0 -0 -0 0 0.10825 0.0034642 0.039191 0 0
0 0 0 0.078189 0 0 0 0 -0 -0 0 0.073486 0.0023517 0.026606 0 0
-0 -0 -0 0.095822 0 0 0 0 -0 -0 0 0.090058 0.002882 0.032606 0 0
0 0 0 0.083236 0 0 0 0 -0 -0 0 0.078229 0.0025035 0.028323 0 0
-0 -0 -0 0.095407 0 0 0 0 -0 -0 0 0.089668 0.0028696 0.032465 0 0
-0 -0 -0 0.17873 0 0 0 0 -0 -0 0 0.16798 0.0053758 0.060818 0 0
-0 -0 -0 0.17352 0 0 0 0 -0 -0 0 0.16309 0.0052191 0.059046 0 0
0 0 0 0.080807 0 0 0 0 -0 -0 0 0.075946 0.0024304 0.027496 0 0
-0 -0 -0 0.19692 0 0 0 0 -0 -0 0 0.18507 0.0059227 0.067006 0 0
0 0 0 0.094919 0 0 0 0 -0 -0 0 0.089209 0.0028549 0.032298 0 0
0 0 0 0.1261 0 0 0 0 -0 -0 0 0.11852 0.0037927 0.042909 0 0
-0 -0 -0 0.029022 0 0 0 0 -0 -0 0 0.027276 0.00087289 0.0098753 0 0
0 0 0 0.10431 0 0 0 0 -0 -0 0 0.098036 0.0031374 0.035494 0 0
0 0 0 0.052916 0 0 0 0 -0 -0 0 0.049732 0.0015915 0.018006 0 0
-0 -0 -0 0.019078 0 0 0 0 -0 -0 0 0.017931 0.00057382 0.0064919 0 0
-0 -0 -0 0.097513 0 0 0 0 -0 -0 0 0.091647 0.0029329 0.033181 0 0
0 0 0 0.19479 0 0 0 0 -0 -0 0 0.18308 0.0058588 0.066283 0 0
-0 -0 -0 0.19819 0 0 0 0 -0 -0 0 0.18626 0.0059609 0.067437 0 0
0 0 0 0.18547 0 0 0 0 -0 -0 0 0.17431 0.0055783 0.063109 0 0
-0 -0 -0 0.1665 0 0 0 0 -0 -0 0 0.15649 0.005008 0.056657 0 0
0 0 0 0.16703 0 0 0 0 -0 -0 0 0.15698 0.0050237 0.056835 0 0
-0 -0 -0 0.021435 0 0 0 0 -0 -0 0 0.020145 0.00064469 0.0072936 0 0
0 0 0 0.0097909 0 0 0 0 -0 -0 0 0.009202 0.00029448 0.0033316 0 0
-0 -0 -0 0.062148 0 0 0 0 -0 -0 0 0.058409 0.0018692 0.021147 0 0
-0 -0 -0 0.15556 0 0 0 0 -0 -0 0 0.1462 0.0046787 0.052932 0 0
0 0 0 0.19 0 0 0 0 -0 -0 0 0.17857 0.0057146 0.064651 0 0
-0 -0 -0 0.047131 0 0 0 0 -0 -0 0 0.044296 0.0014176 0.016038 0 0
-0 -0 -0 0.15391 0 0 0 0 -0 -0 0 0.14465 0.0046292 0.052372 0 0
0 0 0 0.096659 0 0 0 0 -0 -0 0 0.090845 0.0029072 0.032891 0 0
0 0 0 0.084668 0 0 0 0 -0 -0 0 0.079575 0.0025466 0.02881 0 0
-0 -0 -0 0.076897 0 0 0 0 -0 -0 0 0.072271 0.0023128 0.026166 0 0
-0 -0 -0 0.052542 0 0 0 0 -0 -0 0 0.049381 0.0015803 0.017878 0 0
-0 -0 -0 0.070053 0 0 0 0 -0 -0 0 0.065839 0.002107 0.023837 0 0
0 0 0 0.11049 0 0 0 0 -0 -0 0 0.10385 0.0033233 0.037598 0 0
-0 -0 -0 0.17245 0 0 0 0 -0 -0 0 0.16208 0.0051868 0.05868 0 0
-0 -0 -0 0.017924 0 0 0 0 -0 -0 0 0.016846 0.00053911 0.0060991 0 0
-0 -0 -0 0.03142 0 0 0 0 -0 -0 0 0.02953 0.00094501 0.010691 0 0
0 0 0 0.032902 0 0 0 0 -0 -0 0 0.030923 0.0009896 0.011196 0 0
-0 -0 -0 0.0631 0 0 0 0 -0 -0 0 0.059304 0.0018979 0.021471 0 0
0 0 0 0.028967 0 0 0 0 -0 -0 0 0.027225 0.00087124 0.0098567 0 0
-0 -0 -0 0.12234 0 0 0 0 -0 -0 0 0.11498 0.0036797 0.04163 0 0
0 0 0 0.035282 0 0 0 0 -0 -0 0 0.03316 0.0010612 0.012006 0 0
-0 -0 -0 0.1914 0 0 0 0 -0 -0 0 0.17989 0.0057568 0.065129 0 0
0 0 0 0.0019085 0 0 0 0 -0 -0 0 0.0017937 5.7401e-05 0.0006494 0 0
-0 -0 -0 0.1794 0 0 0 0 -0 -0 0 0.16861 0.0053958 0.061045 0 0
-0 -0 -0 0.12821 0 0 0 0 -0 -0 0 0.12049 0.003856 0.043625 0 0
-0 -0 -0 0.072101 0 0 0 0 -0 -0 0 0.067764 0.0021686 0.024534 0 0
0 0 0 0.076306 0 0 0 0 -0 -0 0 0.071716 0.0022951 0.025965 0 0
0 0 0 0.047483 0 0 0 0 -0 -0 0 0.044626 0.0014281 0.016157 0 0
-0 -0 -0 0.1545 0 0 0 0 -0 -0 0 0.14521 0.0046469 0.052572 0 0
-0 -0 -0 0.13577 0 0 0 0 -0 -0 0 0.1276 0.0040834 0.046197 0 0
-0 -0 -0 0.065126 0 0 0 0 -0 -0 0 0.061208 0.0019588 0.02216 0 0
0 0 0 0.067913 0 0 0 0 -0 -0 0 0.063828 0.0020426 0.023109 0 0
0 0 0 0.088685 0 0 0 0 -0 -0 0 0.083351 0.0026674 0.030177 0 0
0 0 0 0.10509 0 0 0 0 -0 -0 0 0.098764 0.0031607 0.035758 0 0
-0 -0 -0 0.14216 0 0 0 0 -0 -0 0 0.13361 0.0042758 0.048374 0 0
0 0 0 0.10395 0 0 0 0 -0 -0 0 0.097699 0.0031266 0.035372 0 0
0 0 0 0.036827 0 0 0 0 -0 -0 0 0.034612 0.0011077 0.012531 0 0
-0 -0 -0 0.033879 0 0 0 0 -0 -0 0 0.031841 0.001019 0.011528 0 0
0 0 0 0.027918 0 0 0 0 -0 -0 0 0.026238 0.00083968 0.0094996 0 0
-0 -0 -0 0.073501 0 0 0 0 -0 -0 0 0.06908 0.0022107 0.02501 0 0
0 0 0 0.10486 0 0 0 0 -0 -0 0 0.098553 0.0031539 0.035681 0 0
-0 -0 -0 0.023424 0 0 0 0 -0 -0 0 0.022015 0.00070452 0.0079705 0 0
-0 -0 -0 0.18585 0 0 0 0 -0 -0 0 0.17467 0.0055897 0.063238 0 0
-0 -0 -0 0.11742 0 0 0 0 -0 -0 0 0.11036 0.0035318 0.039956 0 0
-0 -0 -0 0.14232 0 0 0 0 -0 -0 0 0.13375 0.0042804 0.048426 0 0
-0 -0 -0 0.17464 0 0 0 0 -0 -0 0 0.16413 0.0052525 0.059423 0 0
0 0 0 0.11091 0 0 0 0 -0 -0 0 0.10424 0.003336 0.037741 0 0
-0 -0 -0 0.089814 0 0 0 0 -0 -0 0 0.084411 0.0027013 0.030561 0 0
0 0 0 0.051563 0 0 0 0 -0 -0 0 0.048461 0.0015509 0.017545 0 0
-0 -0 -0 0.037631 0 0 0 0 -0 -0 0 0.035367 0.0011318 0.012805 0 0
-0 -0 -0 0.13416 0 0 0 0 -0 -0 0 0.12609 0.0040351 0.04565 0 0
-0 -0 -0 0.019421 0 0 0 0 -0 -0 0 0.018252 0.00058411 0.0066083 0 0
-0 -0 -0 0.194 0 0 0 0 -0 -0 0 0.18233 0.0058348 0.066011 0 0
0 0 0 0.0060973 0 0 0 0 -0 -0 0 0.0057305 0.00018339 0.0020747 0 0
-0 -0 -0 0.038374 0 0 0 0 -0 -0 0 0.036066 0.0011542 0.013058 0 0
-0 -0 -0 0.19744 0 0 0 0 -0 -0 0 0.18556 0.0059383 0.067182 0 0
-0 -0 -0 0.08814 0 0 0 0 -0 -0 0 0.082838 0.002651 0.029991 0 0
-0 -0 -0 0.13007 0 0 0 0 -0 -0 0 0.12225 0.0039122 0.04426 0 0
