0 0 0.15719 0 0 0 0 0 0 0 0 0 0 -0.047717 0.035559 0.14549 -0.021357 0.0054164 -0.0083283 0 0
-0 -0 -0.036752 0 0 0 0 0 0 0 0 0 0 0.011157 -0.0083137 -0.034017 0.0048184 -0.0017669 0.0020121 0 0
-0 -0 -0.10508 0 0 0 0 0 0 0 0 0 0 0.031898 -0.02377 -0.097257 0.013559 -0.0055416 0.0058012 0 0
0 0 0.23089 0 0 0 0 0 0 0 0 0 0 -0.070089 0.05223 0.2137 -0.031684 0.0067359 -0.012038 0 0
0 0 0.0090269 0 0 0 0 0 0 0 0 0 0 -0.0027402 0.002042 0.008355 -0.001195 0.00040537 -0.000491 0 0
0 0 0.10845 0 0 0 0 0 0 0 0 0 0 -0.032922 0.024533 0.10038 -0.014622 0.0041129 -0.0058009 0 0
0 0 0.19015 0 0 0 0 0 0 0 0 0 0 -0.057722 0.043014 0.176 -0.025956 0.0061038 -0.010005 0 0
0 0 0.13431 0 0 0 0 0 0 0 0 0 0 -0.040772 0.030383 0.12432 -0.018185 0.0048471 -0.0071488 0 0
0 0 0.12135 0 0 0 0 0 0 0 0 0 0 -0.036837 0.02745 0.11232 -0.016396 0.004491 -0.006475 0 0
0 0 0.31657 0 0 0 0 0 0 0 0 0 0 -0.0961 0.071612 0.29301 -0.043842 0.0072763 -0.016157 0 0
0 0 0.25066 0 0 0 0 0 0 0 0 0 0 -0.07609 0.056702 0.232 -0.034478 0.0069557 -0.013008 0 0
-0 -0 -0.24537 0 0 0 0 0 0 0 0 0 0 0.074485 -0.055505 -0.22711 0.030467 -0.015219 0.013712 0 0
0 0 0.21023 0 0 0 0 0 0 0 0 0 0 -0.063819 0.047557 0.19459 -0.028775 0.0064456 -0.011013 0 0
-0 -0 -0.34443 0 0 0 0 0 0 0 0 0 0 0.10456 -0.077914 -0.3188 0.041419 -0.023529 0.019335 0 0
-0 -0 -0.12407 0 0 0 0 0 0 0 0 0 0 0.037663 -0.028066 -0.11484 0.015934 -0.0067022 0.0068638 0 0
0 0 0.20767 0 0 0 0 0 0 0 0 0 0 -0.063041 0.046978 0.19221 -0.028415 0.0064053 -0.010885 0 0
0 0 0.25765 0 0 0 0 0 0 0 0 0 0 -0.078211 0.058282 0.23847 -0.035467 0.0070197 -0.013348 0 0
0 0 0.3145 0 0 0 0 0 0 0 0 0 0 -0.09547 0.071143 0.29109 -0.043547 0.0072759 -0.01606 0 0
0 0 0.26327 0 0 0 0 0 0 0 0 0 0 -0.079918 0.059554 0.24367 -0.036264 0.0070661 -0.01362 0 0
0 0 0.2316 0 0 0 0 0 0 0 0 0 0 -0.070303 0.052389 0.21436 -0.031784 0.0067448 -0.012073 0 0
-0 -0 -0.27492 0 0 0 0 0 0 0 0 0 0 0.083455 -0.06219 -0.25446 0.033826 -0.017575 0.015389 0 0
-0 -0 -0.32921 0 0 0 0 0 0 0 0 0 0 0.099935 -0.074471 -0.30471 0.039794 -0.022177 0.018471 0 0
0 0 0.020267 0 0 0 0 0 0 0 0 0 0 -0.0061523 0.0045847 0.018759 -0.002689 0.00089428 -0.0011005 0 0
-0 -0 -0.10404 0 0 0 0 0 0 0 0 0 0 0.031582 -0.023535 -0.096295 0.013428 -0.0054795 0.0057432 0 0
-0 -0 -0.042484 0 0 0 0 0 0 0 0 0 0 0.012897 -0.0096104 -0.039322 0.0055629 -0.0020592 0.0023277 0 0
0 0 0.11766 0 0 0 0 0 0 0 0 0 0 -0.035718 0.026616 0.1089 -0.015888 0.0043854 -0.0062827 0 0
0 0 0.2102 0 0 0 0 0 0 0 0 0 0 -0.063808 0.047549 0.19455 -0.02877 0.006445 -0.011011 0 0
-0 -0 -0.30639 0 0 0 0 0 0 0 0 0 0 0.093009 -0.069309 -0.28359 0.037319 -0.0202 0.017176 0 0
0 0 0.020728 0 0 0 0 0 0 0 0 0 0 -0.0062923 0.0046889 0.019185 -0.0027505 0.00091395 -0.0011254 0 0
0 0 0.16213 0 0 0 0 0 0 0 0 0 0 -0.049215 0.036675 0.15006 -0.022043 0.0055293 -0.008581 0 0
0 0 0.25824 0 0 0 0 0 0 0 0 0 0 -0.07839 0.058416 0.23902 -0.03555 0.0070248 -0.013376 0 0
-0 -0 -0.21382 0 0 0 0 0 0 0 0 0 0 0.064908 -0.048369 -0.19791 0.026799 -0.012824 0.011923 0 0
0 0 0.053668 0 0 0 0 0 0 0 0 0 0 -0.016291 0.01214 0.049673 -0.0071665 0.0022427 -0.0028985 0 0
-0 -0 -0.18057 0 0 0 0 0 0 0 0 0 0 0.054813 -0.040846 -0.16713 0.022845 -0.010435 0.010043 0 0
-0 -0 -0.33491 0 0 0 0 0 0 0 0 0 0 0.10167 -0.075761 -0.30999 0.040406 -0.022681 0.018795 0 0
0 0 0.014458 0 0 0 0 0 0 0 0 0 0 -0.004389 0.0032707 0.013382 -0.0019161 0.00064382 -0.00078578 0 0
0 0 0.21769 0 0 0 0 0 0 0 0 0 0 -0.066083 0.049244 0.20149 -0.029824 0.0065576 -0.011384 0 0
-0 -0 -0.028537 0 0 0 0 0 0 0 0 0 0 0.0086628 -0.0064555 -0.026413 0.0037481 -0.0013558 0.0015606 0 0
0 0 0.25878 0 0 0 0 0 0 0 0 0 0 -0.078555 0.058538 0.23952 -0.035627 0.0070294 -0.013403 0 0
-0 -0 -0.065777 0 0 0 0 0 0 0 0 0 0 0.019967 -0.01488 -0.060881 0.0085675 -0.0032932 0.0036148 0 0
-0 -0 -0.0066869 0 0 0 0 0 0 0 0 0 0 0.0020299 -0.0015127 -0.0061892 0.00088236 -0.00030758 0.00036456 0 0
0 0 0.22587 0 0 0 0 0 0 0 0 0 0 -0.068567 0.051095 0.20906 -0.030977 0.0066712 -0.01179 0 0
0 0 0.32076 0 0 0 0 0 0 0 0 0 0 -0.097369 0.072559 0.29688 -0.044439 0.0072752 -0.016353 0 0
0 0 0.0086065 0 0 0 0 0 0 0 0 0 0 -0.0026126 0.0019469 0.0079659 -0.0011392 0.00038674 -0.00046816 0 0
-0 -0 -0.1663 0 0 0 0 0 0 0 0 0 0 0.050483 -0.037619 -0.15392 0.021122 -0.0094529 0.0092377 0 0
0 0 0.22554 0 0 0 0 0 0 0 0 0 0 -0.068465 0.051019 0.20875 -0.030929 0.0066667 -0.011773 0 0
-0 -0 -0.030343 0 0 0 0 0 0 0 0 0 0 0.009211 -0.0068639 -0.028085 0.0039837 -0.0014453 0.0016598 0 0
0 0 0.28665 0 0 0 0 0 0 0 0 0 0 -0.087016 0.064844 0.26532 -0.039583 0.0072094 -0.014744 0 0
-0 -0 -0.0392 0 0 0 0 0 0 0 0 0 0 0.0119 -0.0088674 -0.036282 0.0051366 -0.0018911 0.0021469 0 0
0 0 0.119 0 0 0 0 0 0 0 0 0 0 -0.036123 0.026918 0.11014 -0.016072 0.0044238 -0.0063523 0 0
-0 -0 -0.15027 0 0 0 0 0 0 0 0 0 0 0.045615 -0.033992 -0.13908 0.019167 -0.0083811 0.0083347 0 0
-0 -0 -0.30645 0 0 0 0 0 0 0 0 0 0 0.093027 -0.069323 -0.28364 0.037325 -0.020205 0.01718 0 0
-0 -0 -0.29881 0 0 0 0 0 0 0 0 0 0 0.090706 -0.067593 -0.27657 0.036485 -0.019556 0.016746 0 0
0 0 0.029792 0 0 0 0 0 0 0 0 0 0 -0.0090437 0.0067393 0.027575 -0.0039602 0.0012947 -0.0016153 0 0
0 0 0.085593 0 0 0 0 0 0 0 0 0 0 -0.025983 0.019362 0.079223 -0.011496 0.0033844 -0.0045974 0 0
-0 -0 -0.1298 0 0 0 0 0 0 0 0 0 0 0.039404 -0.029363 -0.12014 0.016646 -0.007062 0.0071853 0 0
0 0 0.31157 0 0 0 0 0 0 0 0 0 0 -0.094581 0.070481 0.28838 -0.04313 0.0072742 -0.015923 0 0
-0 -0 -0.12976 0 0 0 0 0 0 0 0 0 0 0.039389 -0.029353 -0.1201 0.01664 -0.007059 0.0071826 0 0
0 0 0.05976 0 0 0 0 0 0 0 0 0 0 -0.018141 0.013518 0.055312 -0.007989 0.0024717 -0.0032242 0 0
0 0 0.061855 0 0 0 0 0 0 0 0 0 0 -0.018777 0.013992 0.057251 -0.0082723 0.0025492 -0.0033361 0 0
0 0 0.30909 0 0 0 0 0 0 0 0 0 0 -0.093828 0.06992 0.28609 -0.042776 0.0072718 -0.015807 0 0
-0 -0 -0.23777 0 0 0 0 0 0 0 0 0 0 0.072176 -0.053785 -0.22007 0.02959 -0.014631 0.01328 0 0
0 0 0.20871 0 0 0 0 0 0 0 0 0 0 -0.063356 0.047213 0.19318 -0.028561 0.0064217 -0.010937 0 0
-0 -0 -0.27316 0 0 0 0 0 0 0 0 0 0 0.08292 -0.061791 -0.25282 0.033627 -0.017431 0.015289 0 0
0 0 0.12759 0 0 0 0 0 0 0 0 0 0 -0.038732 0.028863 0.1181 -0.017257 0.0046655 -0.0067999 0 0
0 0 0.15706 0 0 0 0 0 0 0 0 0 0 -0.047679 0.03553 0.14537 -0.021339 0.0054135 -0.0083217 0 0
-0 -0 -0.30842 0 0 0 0 0 0 0 0 0 0 0.093623 -0.069767 -0.28546 0.03754 -0.020373 0.017291 0 0
-0 -0 -0.15078 0 0 0 0 0 0 0 0 0 0 0.04577 -0.034108 -0.13956 0.01923 -0.0084147 0.0083635 0 0
-0 -0 -0.17592 0 0 0 0 0 0 0 0 0 0 0.053403 -0.039795 -0.16283 0.022285 -0.010112 0.0097804 0 0
0 0 0.22193 0 0 0 0 0 0 0 0 0 0 -0.067369 0.050203 0.20541 -0.030421 0.0066176 -0.011594 0 0
-0 -0 -0.15661 0 0 0 0 0 0 0 0 0 0 0.047539 -0.035426 -0.14495 0.019942 -0.0088008 0.0086915 0 0
0 0 0.063697 0 0 0 0 0 0 0 0 0 0 -0.019336 0.014409 0.058956 -0.0085215 0.0026169 -0.0034344 0 0
-0 -0 -0.32105 0 0 0 0 0 0 0 0 0 0 0.097459 -0.072626 -0.29716 0.038915 -0.021463 0.018009 0 0
0 0 0.018866 0 0 0 0 0 0 0 0 0 0 -0.0057269 0.0042676 0.017462 -0.0025024 0.00083428 -0.0010246 0 0
0 0 0.10701 0 0 0 0 0 0 0 0 0 0 -0.032483 0.024206 0.099041 -0.014424 0.004069 -0.0057251 0 0
0 0 0.091071 0 0 0 0 0 0 0 0 0 0 -0.027646 0.020601 0.084293 -0.012243 0.0035658 -0.0048868 0 0
0 0 0.080823 0 0 0 0 0 0 0 0 0 0 -0.024535 0.018283 0.074807 -0.010846 0.003223 -0.0043448 0 0
-0 -0 -0.19939 0 0 0 0 0 0 0 0 0 0 0.060527 -0.045104 -0.18455 0.025093 -0.01177 0.011107 0 0
-0 -0 -0.096638 0 0 0 0 0 0 0 0 0 0 0.029336 -0.021861 -0.089445 0.012495 -0.0050413 0.0053303 0 0
-0 -0 -0.26132 0 0 0 0 0 0 0 0 0 0 0.079328 -0.059114 -0.24187 0.03229 -0.016478 0.014617 0 0
-0 -0 -0.022697 0 0 0 0 0 0 0 0 0 0 0.0068901 -0.0051344 -0.021008 0.0029849 -0.0010692 0.0012403 0 0
0 0 0.11828 0 0 0 0 0 0 0 0 0 0 -0.035906 0.026757 0.10948 -0.015974 0.0044033 -0.0063151 0 0
-0 -0 -0.29519 0 0 0 0 0 0 0 0 0 0 0.08961 -0.066776 -0.27322 0.036086 -0.019252 0.016541 0 0
-0 -0 -0.23694 0 0 0 0 0 0 0 0 0 0 0.071927 -0.053599 -0.21931 0.029495 -0.014567 0.013234 0 0
0 0 0.10533 0 0 0 0 0 0 0 0 0 0 -0.031973 0.023826 0.097488 -0.014194 0.0040177 -0.0056371 0 0
-0 -0 -0.33102 0 0 0 0 0 0 0 0 0 0 0.10049 -0.074881 -0.30638 0.039989 -0.022336 0.018574 0 0
0 0 0.15007 0 0 0 0 0 0 0 0 0 0 -0.045556 0.033948 0.1389 -0.020368 0.0052473 -0.0079626 0 0
-0 -0 -0.25567 0 0 0 0 0 0 0 0 0 0 0.077611 -0.057835 -0.23664 0.031646 -0.016028 0.014296 0 0
0 0 0.22506 0 0 0 0 0 0 0 0 0 0 -0.06832 0.050912 0.20831 -0.030862 0.0066603 -0.01175 0 0
0 0 0.15622 0 0 0 0 0 0 0 0 0 0 -0.047423 0.035339 0.1446 -0.021222 0.0053938 -0.0082786 0 0
0 0 0.16198 0 0 0 0 0 0 0 0 0 0 -0.049172 0.036642 0.14993 -0.022024 0.0055261 -0.0085737 0 0
-0 -0 -0.34067 0 0 0 0 0 0 0 0 0 0 0.10341 -0.077063 -0.31531 0.041019 -0.023193 0.019121 0 0
-0 -0 -0.019482 0 0 0 0 0 0 0 0 0 0 0.0059139 -0.004407 -0.018032 0.0025638 -0.00091338 0.0010641 0 0
-0 -0 -0.22038 0 0 0 0 0 0 0 0 0 0 0.066899 -0.049852 -0.20398 0.027568 -0.013312 0.012295 0 0
-0 -0 -0.13088 0 0 0 0 0 0 0 0 0 0 0.039731 -0.029607 -0.12114 0.016779 -0.00713 0.0072457 0 0
-0 -0 -0.099987 0 0 0 0 0 0 0 0 0 0 0.030352 -0.022618 -0.092545 0.012918 -0.0052387 0.0055171 0 0
0 0 0.040638 0 0 0 0 0 0 0 0 0 0 -0.012336 0.0091928 0.037614 -0.0054133 0.0017353 -0.0021995 0 0
-0 -0 -0.041613 0 0 0 0 0 0 0 0 0 0 0.012632 -0.0094134 -0.038516 0.0054499 -0.0020145 0.0022798 0 0
-0 -0 -0.22172 0 0 0 0 0 0 0 0 0 0 0.067305 -0.050155 -0.20522 0.027724 -0.013412 0.012371 0 0
0 0 0.042028 0 0 0 0 0 0 0 0 0 0 -0.012758 0.0095071 0.0389 -0.0055999 0.0017905 -0.0022742 0 0
