0 0 0.1889 0 0 0 0 0 0 0 0 0 0 -0.053022 0.047333 0.17502 -0.011979 0.015495 -0.0078194 0 0
0 0 0.010227 0 0 0 0 0 0 0 0 0 0 -0.0028706 0.0025626 0.0094755 -0.00056796 0.00090109 -0.00041576 0 0
0 0 0.2072 0 0 0 0 0 0 0 0 0 0 -0.058159 0.051919 0.19198 -0.013298 0.016857 -0.0085876 0 0
0 0 0.29932 0 0 0 0 0 0 0 0 0 0 -0.084016 0.075002 0.27733 -0.020332 0.0233 -0.012461 0 0
0 0 0.16443 0 0 0 0 0 0 0 0 0 0 -0.046155 0.041203 0.15235 -0.010256 0.013633 -0.0067943 0 0
-0 -0 -0.23001 0 0 0 0 0 0 0 0 0 0 0.06456 -0.057633 -0.2131 0.010128 -0.021804 0.0089652 0 0
0 0 0.095802 0 0 0 0 0 0 0 0 0 0 -0.02689 0.024005 0.088762 -0.0056896 0.0081725 -0.0039339 0 0
-0 -0 -0.12332 0 0 0 0 0 0 0 0 0 0 0.034615 -0.030901 -0.11426 0.0060741 -0.011352 0.0049101 0 0
-0 -0 -0.27009 0 0 0 0 0 0 0 0 0 0 0.07581 -0.067676 -0.25024 0.011353 -0.025857 0.010432 0 0
0 0 0.068829 0 0 0 0 0 0 0 0 0 0 -0.01932 0.017247 0.063771 -0.0040052 0.0059339 -0.0028182 0 0
-0 -0 -0.3464 0 0 0 0 0 0 0 0 0 0 0.097231 -0.086799 -0.32095 0.013225 -0.033731 0.013129 0 0
0 0 0.3379 0 0 0 0 0 0 0 0 0 0 -0.094843 0.084668 0.31307 -0.023462 0.025785 -0.014081 0 0
-0 -0 -0.055945 0 0 0 0 0 0 0 0 0 0 0.015703 -0.014018 -0.051834 0.0029349 -0.0050422 0.0022528 0 0
0 0 0.11386 0 0 0 0 0 0 0 0 0 0 -0.031958 0.028529 0.10549 -0.0068523 0.0096423 -0.0046836 0 0
-0 -0 -0.22486 0 0 0 0 0 0 0 0 0 0 0.063115 -0.056344 -0.20834 0.0099593 -0.021288 0.0087745 0 0
0 0 0.062555 0 0 0 0 0 0 0 0 0 0 -0.017558 0.015675 0.057958 -0.0036225 0.005406 -0.0025595 0 0
-0 -0 -0.14228 0 0 0 0 0 0 0 0 0 0 0.039937 -0.035653 -0.13183 0.0068778 -0.01317 0.0056455 0 0
0 0 0.25582 0 0 0 0 0 0 0 0 0 0 -0.071805 0.064101 0.23702 -0.016931 0.020345 -0.010631 0 0
0 0 0.037255 0 0 0 0 0 0 0 0 0 0 -0.010457 0.0093352 0.034518 -0.0021149 0.0032504 -0.0015198 0 0
0 0 0.29755 0 0 0 0 0 0 0 0 0 0 -0.083519 0.074558 0.27568 -0.020191 0.023183 -0.012387 0 0
0 0 0.22066 0 0 0 0 0 0 0 0 0 0 -0.061936 0.055291 0.20444 -0.014285 0.017841 -0.0091529 0 0
-0 -0 -0.12905 0 0 0 0 0 0 0 0 0 0 0.036222 -0.032336 -0.11957 0.0063206 -0.011899 0.0051329 0 0
0 0 0.17326 0 0 0 0 0 0 0 0 0 0 -0.048631 0.043414 0.16053 -0.010872 0.01431 -0.0071637 0 0
0 0 0.13649 0 0 0 0 0 0 0 0 0 0 -0.038311 0.0342 0.12646 -0.0083491 0.011452 -0.0056264 0 0
0 0 0.22643 0 0 0 0 0 0 0 0 0 0 -0.063555 0.056736 0.20979 -0.014713 0.018259 -0.0093953 0 0
-0 -0 -0.28317 0 0 0 0 0 0 0 0 0 0 0.079483 -0.070955 -0.26236 0.011717 -0.027193 0.010904 0 0
-0 -0 -0.076484 0 0 0 0 0 0 0 0 0 0 0.021468 -0.019165 -0.070863 0.0039383 -0.0069392 0.0030698 0 0
0 0 0.33386 0 0 0 0 0 0 0 0 0 0 -0.093709 0.083655 0.30932 -0.02313 0.025531 -0.013912 0 0
0 0 0.24818 0 0 0 0 0 0 0 0 0 0 -0.06966 0.062187 0.22994 -0.016348 0.019809 -0.01031 0 0
0 0 0.13154 0 0 0 0 0 0 0 0 0 0 -0.036923 0.032961 0.12188 -0.0080184 0.01106 -0.0054202 0 0
0 0 0.21998 0 0 0 0 0 0 0 0 0 0 -0.061745 0.05512 0.20381 -0.014235 0.017792 -0.0091243 0 0
0 0 0.060996 0 0 0 0 0 0 0 0 0 0 -0.017121 0.015284 0.056513 -0.003528 0.0052744 -0.0024952 0 0
-0 -0 -0.20574 0 0 0 0 0 0 0 0 0 0 0.057749 -0.051553 -0.19062 0.009307 -0.019382 0.0080612 0 0
0 0 0.27511 0 0 0 0 0 0 0 0 0 0 -0.07722 0.068935 0.25489 -0.018422 0.021675 -0.011443 0 0
-0 -0 -0.26963 0 0 0 0 0 0 0 0 0 0 0.075682 -0.067562 -0.24982 0.01134 -0.02581 0.010416 0 0
0 0 0.027894 0 0 0 0 0 0 0 0 0 0 -0.0078294 0.0069894 0.025844 -0.0015716 0.002442 -0.0011365 0 0
0 0 0.17081 0 0 0 0 0 0 0 0 0 0 -0.047944 0.0428 0.15826 -0.0107 0.014123 -0.0070611 0 0
0 0 0.16436 0 0 0 0 0 0 0 0 0 0 -0.046135 0.041185 0.15228 -0.010251 0.013628 -0.0067913 0 0
-0 -0 -0.26557 0 0 0 0 0 0 0 0 0 0 0.074542 -0.066544 -0.24605 0.011224 -0.025397 0.010269 0 0
-0 -0 -0.0070373 0 0 0 0 0 0 0 0 0 0 0.0019753 -0.0017633 -0.0065201 0.00038523 -0.00062384 0.00028542 0 0
0 0 0.20139 0 0 0 0 0 0 0 0 0 0 -0.056527 0.050462 0.18659 -0.012876 0.016427 -0.0083434 0 0
0 0 0.29043 0 0 0 0 0 0 0 0 0 0 -0.08152 0.072774 0.26909 -0.019626 0.022709 -0.012087 0 0
0 0 0.34687 0 0 0 0 0 0 0 0 0 0 -0.097363 0.086917 0.32138 -0.024206 0.026345 -0.014458 0 0
-0 -0 -0.19113 0 0 0 0 0 0 0 0 0 0 0.053649 -0.047893 -0.17709 0.0087837 -0.017936 0.0075117 0 0
-0 -0 -0.035599 0 0 0 0 0 0 0 0 0 0 0.0099923 -0.0089203 -0.032983 0.0019015 -0.0031869 0.001438 0 0
-0 -0 -0.31358 0 0 0 0 0 0 0 0 0 0 0.088017 -0.078574 -0.29053 0.012494 -0.030321 0.011985 0 0
-0 -0 -0.080439 0 0 0 0 0 0 0 0 0 0 0.022578 -0.020156 -0.074528 0.0041268 -0.0073073 0.0032265 0 0
-0 -0 -0.18132 0 0 0 0 0 0 0 0 0 0 0.050894 -0.045434 -0.16799 0.0084199 -0.016969 0.0071401 0 0
-0 -0 -0.018519 0 0 0 0 0 0 0 0 0 0 0.0051982 -0.0046405 -0.017159 0.0010039 -0.0016483 0.00074991 0 0
0 0 0.12069 0 0 0 0 0 0 0 0 0 0 -0.033877 0.030243 0.11182 -0.0073 0.010193 -0.0049682 0 0
-0 -0 -0.13276 0 0 0 0 0 0 0 0 0 0 0.037263 -0.033265 -0.123 0.0064784 -0.012254 0.0052767 0 0
0 0 0.058 0 0 0 0 0 0 0 0 0 0 -0.01628 0.014533 0.053738 -0.0033469 0.0050211 -0.0023719 0 0
-0 -0 -0.089792 0 0 0 0 0 0 0 0 0 0 0.025204 -0.022499 -0.083194 0.0045668 -0.008181 0.003596 0 0
-0 -0 -0.0050196 0 0 0 0 0 0 0 0 0 0 0.0014089 -0.0012578 -0.0046507 0.00027524 -0.00044466 0.00020364 0 0
0 0 0.34049 0 0 0 0 0 0 0 0 0 0 -0.095571 0.085317 0.31547 -0.023676 0.025947 -0.01419 0 0
0 0 0.13563 0 0 0 0 0 0 0 0 0 0 -0.038071 0.033986 0.12567 -0.0082918 0.011384 -0.0055908 0 0
-0 -0 -0.034069 0 0 0 0 0 0 0 0 0 0 0.0095626 -0.0085367 -0.031565 0.0018222 -0.0030483 0.0013764 0 0
0 0 0.33167 0 0 0 0 0 0 0 0 0 0 -0.093094 0.083106 0.30729 -0.02295 0.025393 -0.01382 0 0
-0 -0 -0.007323 0 0 0 0 0 0 0 0 0 0 0.0020555 -0.001835 -0.0067849 0.00040077 -0.00064924 0.000297 0 0
0 0 0.29656 0 0 0 0 0 0 0 0 0 0 -0.083242 0.074311 0.27477 -0.020113 0.023117 -0.012345 0 0
-0 -0 -0.012994 0 0 0 0 0 0 0 0 0 0 0.0036473 -0.0032559 -0.012039 0.00070773 -0.0011543 0.00052658 0 0
0 0 0.19949 0 0 0 0 0 0 0 0 0 0 -0.055996 0.049988 0.18483 -0.012739 0.016286 -0.008264 0 0
-0 -0 -0.22354 0 0 0 0 0 0 0 0 0 0 0.062746 -0.056014 -0.20712 0.0099155 -0.021156 0.0087256 0 0
-0 -0 -0.058211 0 0 0 0 0 0 0 0 0 0 0.016339 -0.014586 -0.053934 0.0030476 -0.0052504 0.0023432 0 0
0 0 0.21165 0 0 0 0 0 0 0 0 0 0 -0.059408 0.053035 0.1961 -0.013623 0.017184 -0.0087745 0 0
-0 -0 -0.019534 0 0 0 0 0 0 0 0 0 0 0.005483 -0.0048948 -0.018099 0.001058 -0.0017392 0.00079089 0 0
-0 -0 -0.017477 0 0 0 0 0 0 0 0 0 0 0.0049056 -0.0043793 -0.016193 0.00094827 -0.0015549 0.0007078 0 0
-0 -0 -0.16114 0 0 0 0 0 0 0 0 0 0 0.04523 -0.040377 -0.1493 0.0076417 -0.014996 0.0063708 0 0
-0 -0 -0.10056 0 0 0 0 0 0 0 0 0 0 0.028226 -0.025197 -0.09317 0.0050627 -0.0091927 0.0040199 0 0
-0 -0 -0.33333 0 0 0 0 0 0 0 0 0 0 0.093561 -0.083523 -0.30883 0.012947 -0.032368 0.012676 0 0
-0 -0 -0.27444 0 0 0 0 0 0 0 0 0 0 0.077033 -0.068768 -0.25428 0.011477 -0.026301 0.01059 0 0
-0 -0 -0.063231 0 0 0 0 0 0 0 0 0 0 0.017748 -0.015844 -0.058585 0.0032955 -0.0057125 0.0025433 0 0
0 0 0.26916 0 0 0 0 0 0 0 0 0 0 -0.07555 0.067444 0.24938 -0.017959 0.021268 -0.011193 0 0
0 0 0.10927 0 0 0 0 0 0 0 0 0 0 -0.030672 0.027381 0.10124 -0.0065546 0.0092715 -0.0044931 0 0
0 0 0.23674 0 0 0 0 0 0 0 0 0 0 -0.066451 0.059321 0.21935 -0.015484 0.018999 -0.0098291 0 0
-0 -0 -0.17325 0 0 0 0 0 0 0 0 0 0 0.04863 -0.043412 -0.16052 0.0081137 -0.016178 0.0068334 0 0
0 0 0.16397 0 0 0 0 0 0 0 0 0 0 -0.046025 0.041087 0.15192 -0.010224 0.013598 -0.0067749 0 0
0 0 0.2571 0 0 0 0 0 0 0 0 0 0 -0.072165 0.064422 0.23821 -0.017029 0.020434 -0.010685 0 0
-0 -0 -0.24424 0 0 0 0 0 0 0 0 0 0 0.068554 -0.061199 -0.22629 0.010582 -0.023236 0.00949 0 0
0 0 0.13177 0 0 0 0 0 0 0 0 0 0 -0.036985 0.033017 0.12208 -0.0080331 0.011077 -0.0054294 0 0
-0 -0 -0.2664 0 0 0 0 0 0 0 0 0 0 0.074775 -0.066752 -0.24682 0.011248 -0.025481 0.010299 0 0
-0 -0 -0.18581 0 0 0 0 0 0 0 0 0 0 0.052154 -0.046558 -0.17215 0.0085875 -0.017411 0.0073102 0 0
0 0 0.24112 0 0 0 0 0 0 0 0 0 0 -0.067681 0.060419 0.22341 -0.015814 0.019311 -0.010013 0 0
0 0 0.26643 0 0 0 0 0 0 0 0 0 0 -0.074782 0.066759 0.24685 -0.017747 0.02108 -0.011078 0 0
0 0 0.083299 0 0 0 0 0 0 0 0 0 0 -0.023381 0.020872 0.077178 -0.0049009 0.0071411 -0.003416 0 0
0 0 0.175 0 0 0 0 0 0 0 0 0 0 -0.049121 0.043851 0.16214 -0.010994 0.014443 -0.0072368 0 0
0 0 0.18135 0 0 0 0 0 0 0 0 0 0 -0.050901 0.04544 0.16802 -0.011442 0.014925 -0.0075026 0 0
-0 -0 -0.085969 0 0 0 0 0 0 0 0 0 0 0.02413 -0.021541 -0.079651 0.0043879 -0.0078232 0.0034451 0 0
0 0 0.25373 0 0 0 0 0 0 0 0 0 0 -0.071219 0.063578 0.23508 -0.016771 0.020199 -0.010544 0 0
-0 -0 -0.24527 0 0 0 0 0 0 0 0 0 0 0.068844 -0.061458 -0.22725 0.010614 -0.02334 0.0095279 0 0
0 0 0.21319 0 0 0 0 0 0 0 0 0 0 -0.059839 0.053419 0.19752 -0.013736 0.017297 -0.008839 0 0
0 0 0.035055 0 0 0 0 0 0 0 0 0 0 -0.0098396 0.0087839 0.032479 -0.0019865 0.0030609 -0.0014296 0 0
-0 -0 -0.26546 0 0 0 0 0 0 0 0 0 0 0.07451 -0.066516 -0.24595 0.01122 -0.025385 0.010265 0 0
0 0 0.0095431 0 0 0 0 0 0 0 0 0 0 -0.0026786 0.0023913 0.0088419 -0.00052968 0.00084103 -0.00038792 0 0
-0 -0 -0.26322 0 0 0 0 0 0 0 0 0 0 0.073883 -0.065956 -0.24388 0.011155 -0.025158 0.010183 0 0
0 0 0.3267 0 0 0 0 0 0 0 0 0 0 -0.0917 0.081862 0.30269 -0.022543 0.025077 -0.013611 0 0
-0 -0 -0.27543 0 0 0 0 0 0 0 0 0 0 0.07731 -0.069016 -0.25519 0.011504 -0.026402 0.010625 0 0
0 0 0.17451 0 0 0 0 0 0 0 0 0 0 -0.048983 0.043728 0.16169 -0.01096 0.014406 -0.0072162 0 0
-0 -0 -0.24085 0 0 0 0 0 0 0 0 0 0 0.067603 -0.06035 -0.22315 0.010476 -0.022894 0.0093654 0 0
-0 -0 -0.22635 0 0 0 0 0 0 0 0 0 0 0.063532 -0.056716 -0.20971 0.010008 -0.021437 0.0088296 0 0
