0 0 0.28365 0 0 0 0 0 0 0 0 0 0 -0.079618 0.071075 0.26281 -0.020219 0.052658 -0.020366 0 0
-0 -0 -0.25744 0 0 0 0 0 0 0 0 0 0 0.072259 -0.064506 -0.23852 0.0046137 -0.052014 0.015465 0 0
0 0 0.11606 0 0 0 0 0 0 0 0 0 0 -0.032578 0.029083 0.10754 -0.0064164 0.02237 -0.0079939 0 0
0 0 0.30854 0 0 0 0 0 0 0 0 0 0 -0.086603 0.077312 0.28587 -0.022707 0.056908 -0.022269 0 0
-0 -0 -0.34701 0 0 0 0 0 0 0 0 0 0 0.097401 -0.086951 -0.32151 0.0030637 -0.070402 0.019968 0 0
-0 -0 -0.20198 0 0 0 0 0 0 0 0 0 0 0.056693 -0.05061 -0.18714 0.0047561 -0.040649 0.012434 0 0
-0 -0 -0.18383 0 0 0 0 0 0 0 0 0 0 0.0516 -0.046064 -0.17032 0.0046667 -0.036941 0.011404 0 0
-0 -0 -0.30185 0 0 0 0 0 0 0 0 0 0 0.084726 -0.075636 -0.27967 0.0040486 -0.061134 0.01776 0 0
-0 -0 -0.34264 0 0 0 0 0 0 0 0 0 0 0.096174 -0.085855 -0.31746 0.0031771 -0.069505 0.01976 0 0
-0 -0 -0.20577 0 0 0 0 0 0 0 0 0 0 0.057758 -0.051561 -0.19065 0.0047663 -0.041425 0.012647 0 0
0 0 0.16894 0 0 0 0 0 0 0 0 0 0 -0.047419 0.042331 0.15652 -0.010204 0.032215 -0.011804 0 0
-0 -0 -0.27241 0 0 0 0 0 0 0 0 0 0 0.076461 -0.068258 -0.25239 0.004468 -0.055087 0.016252 0 0
0 0 0.24668 0 0 0 0 0 0 0 0 0 0 -0.069239 0.06181 0.22855 -0.016727 0.046216 -0.017567 0 0
-0 -0 -0.30861 0 0 0 0 0 0 0 0 0 0 0.086622 -0.077328 -0.28593 0.0039275 -0.06252 0.018098 0 0
-0 -0 -0.0033088 0 0 0 0 0 0 0 0 0 0 0.00092873 -0.00082909 -0.0030656 0.00014402 -0.00065089 0.00021966 0 0
-0 -0 -0.06405 0 0 0 0 0 0 0 0 0 0 0.017978 -0.016049 -0.059343 0.0023994 -0.012706 0.0041633 0 0
0 0 0.29521 0 0 0 0 0 0 0 0 0 0 -0.082862 0.073972 0.27352 -0.021361 0.05464 -0.021248 0 0
-0 -0 -0.22024 0 0 0 0 0 0 0 0 0 0 0.061819 -0.055187 -0.20406 0.0047783 -0.044387 0.013452 0 0
0 0 0.10013 0 0 0 0 0 0 0 0 0 0 -0.028105 0.02509 0.092772 -0.0053799 0.019358 -0.0068651 0 0
-0 -0 -0.18152 0 0 0 0 0 0 0 0 0 0 0.050951 -0.045484 -0.16818 0.0046505 -0.036469 0.011272 0 0
-0 -0 -0.10292 0 0 0 0 0 0 0 0 0 0 0.028887 -0.025788 -0.095353 0.0034535 -0.020513 0.006594 0 0
0 0 0.31099 0 0 0 0 0 0 0 0 0 0 -0.087291 0.077926 0.28814 -0.022957 0.057322 -0.022458 0 0
0 0 0.33009 0 0 0 0 0 0 0 0 0 0 -0.092651 0.082711 0.30583 -0.024948 0.060529 -0.023928 0 0
-0 -0 -0.1076 0 0 0 0 0 0 0 0 0 0 0.030202 -0.026961 -0.099692 0.0035599 -0.021458 0.0068818 0 0
0 0 0.25988 0 0 0 0 0 0 0 0 0 0 -0.072946 0.06512 0.24079 -0.017946 0.048534 -0.018563 0 0
0 0 0.30842 0 0 0 0 0 0 0 0 0 0 -0.08657 0.077282 0.28576 -0.022695 0.056888 -0.02226 0 0
0 0 0.034061 0 0 0 0 0 0 0 0 0 0 -0.0095606 0.0085348 0.031558 -0.0016088 0.0066615 -0.002289 0 0
-0 -0 -0.036886 0 0 0 0 0 0 0 0 0 0 0.010354 -0.0092427 -0.034176 0.0014821 -0.0072913 0.0024209 0 0
0 0 0.068017 0 0 0 0 0 0 0 0 0 0 -0.019092 0.017043 0.063019 -0.0034404 0.013226 -0.0046192 0 0
-0 -0 -0.079583 0 0 0 0 0 0 0 0 0 0 0.022338 -0.019941 -0.073735 0.0028572 -0.015819 0.0051437 0 0
0 0 0.24288 0 0 0 0 0 0 0 0 0 0 -0.068172 0.060858 0.22503 -0.016383 0.045546 -0.017281 0 0
0 0 0.047789 0 0 0 0 0 0 0 0 0 0 -0.013414 0.011975 0.044278 -0.0023221 0.0093251 -0.0032254 0 0
0 0 0.04735 0 0 0 0 0 0 0 0 0 0 -0.01329 0.011865 0.04387 -0.0022986 0.00924 -0.0031953 0 0
0 0 0.16947 0 0 0 0 0 0 0 0 0 0 -0.047569 0.042465 0.15702 -0.010245 0.032313 -0.011843 0 0
0 0 0.24451 0 0 0 0 0 0 0 0 0 0 -0.06863 0.061266 0.22654 -0.01653 0.045834 -0.017403 0 0
-0 -0 -0.11914 0 0 0 0 0 0 0 0 0 0 0.03344 -0.029852 -0.11038 0.0038031 -0.023789 0.0075859 0 0
-0 -0 -0.0645 0 0 0 0 0 0 0 0 0 0 0.018104 -0.016162 -0.05976 0.0024133 -0.012797 0.0041919 0 0
-0 -0 -0.33126 0 0 0 0 0 0 0 0 0 0 0.092981 -0.083005 -0.30692 0.003454 -0.067171 0.019213 0 0
0 0 0.2758 0 0 0 0 0 0 0 0 0 0 -0.077415 0.069109 0.25554 -0.019457 0.051303 -0.019769 0 0
0 0 0.27736 0 0 0 0 0 0 0 0 0 0 -0.077851 0.069498 0.25698 -0.019607 0.051572 -0.019887 0 0
0 0 0.19343 0 0 0 0 0 0 0 0 0 0 -0.054294 0.048469 0.17922 -0.012138 0.03669 -0.0136 0 0
0 0 0.21511 0 0 0 0 0 0 0 0 0 0 -0.060378 0.053901 0.1993 -0.013944 0.040603 -0.015205 0 0
0 0 0.32428 0 0 0 0 0 0 0 0 0 0 -0.091022 0.081256 0.30045 -0.024337 0.059559 -0.02348 0 0
-0 -0 -0.22595 0 0 0 0 0 0 0 0 0 0 0.063421 -0.056617 -0.20935 0.0047714 -0.045556 0.013766 0 0
-0 -0 -0.17029 0 0 0 0 0 0 0 0 0 0 0.047799 -0.04267 -0.15778 0.0045563 -0.034179 0.010624 0 0
-0 -0 -0.1577 0 0 0 0 0 0 0 0 0 0 0.044265 -0.039516 -0.14611 0.0044203 -0.031615 0.0098892 0 0
-0 -0 -0.26442 0 0 0 0 0 0 0 0 0 0 0.074219 -0.066256 -0.24499 0.0045514 -0.053447 0.015833 0 0
-0 -0 -0.25246 0 0 0 0 0 0 0 0 0 0 0.070863 -0.06326 -0.23391 0.0046521 -0.050993 0.0152 0 0
0 0 0.23989 0 0 0 0 0 0 0 0 0 0 -0.067335 0.060111 0.22226 -0.016114 0.045019 -0.017057 0 0
-0 -0 -0.20726 0 0 0 0 0 0 0 0 0 0 0.058176 -0.051934 -0.19203 0.0047695 -0.041729 0.012731 0 0
-0 -0 -0.29888 0 0 0 0 0 0 0 0 0 0 0.083892 -0.074891 -0.27692 0.0040989 -0.060523 0.01761 0 0
0 0 0.28035 0 0 0 0 0 0 0 0 0 0 -0.07869 0.070248 0.25975 -0.019897 0.052088 -0.020115 0 0
-0 -0 -0.31221 0 0 0 0 0 0 0 0 0 0 0.087633 -0.078231 -0.28927 0.0038591 -0.063261 0.018278 0 0
-0 -0 -0.054874 0 0 0 0 0 0 0 0 0 0 0.015403 -0.01375 -0.050842 0.0021061 -0.010873 0.0035787 0 0
-0 -0 -0.24377 0 0 0 0 0 0 0 0 0 0 0.068424 -0.061082 -0.22586 0.0047069 -0.04921 0.014735 0 0
0 0 0.015622 0 0 0 0 0 0 0 0 0 0 -0.0043849 0.0039145 0.014474 -0.00070936 0.0030643 -0.0010436 0 0
-0 -0 -0.27775 0 0 0 0 0 0 0 0 0 0 0.077961 -0.069596 -0.25734 0.004405 -0.056184 0.016529 0 0
0 0 0.17946 0 0 0 0 0 0 0 0 0 0 -0.050373 0.044969 0.16628 -0.011022 0.034145 -0.012573 0 0
0 0 0.22807 0 0 0 0 0 0 0 0 0 0 -0.064018 0.057149 0.21131 -0.015065 0.042921 -0.016172 0 0
0 0 0.228 0 0 0 0 0 0 0 0 0 0 -0.063997 0.057131 0.21125 -0.015058 0.042908 -0.016166 0 0
0 0 0.045026 0 0 0 0 0 0 0 0 0 0 -0.012638 0.011282 0.041717 -0.0021755 0.00879 -0.0030363 0 0
-0 -0 -0.22425 0 0 0 0 0 0 0 0 0 0 0.062944 -0.056191 -0.20777 0.0047741 -0.045208 0.013673 0 0
-0 -0 -0.070931 0 0 0 0 0 0 0 0 0 0 0.01991 -0.017773 -0.065719 0.0026082 -0.014084 0.0045991 0 0
0 0 0.16802 0 0 0 0 0 0 0 0 0 0 -0.047162 0.042102 0.15568 -0.010134 0.032047 -0.011737 0 0
0 0 0.20458 0 0 0 0 0 0 0 0 0 0 -0.057423 0.051262 0.18954 -0.013056 0.038708 -0.014424 0 0
0 0 0.25455 0 0 0 0 0 0 0 0 0 0 -0.07145 0.063784 0.23585 -0.017451 0.047601 -0.01816 0 0
0 0 0.22611 0 0 0 0 0 0 0 0 0 0 -0.063466 0.056657 0.20949 -0.014893 0.042571 -0.016025 0 0
-0 -0 -0.16432 0 0 0 0 0 0 0 0 0 0 0.046123 -0.041174 -0.15225 0.0044958 -0.032962 0.010277 0 0
0 0 0.19136 0 0 0 0 0 0 0 0 0 0 -0.053712 0.047949 0.1773 -0.01197 0.036314 -0.013447 0 0
0 0 0.18243 0 0 0 0 0 0 0 0 0 0 -0.051205 0.045711 0.16902 -0.011255 0.034686 -0.012791 0 0
-0 -0 -0.30432 0 0 0 0 0 0 0 0 0 0 0.085419 -0.076254 -0.28196 0.0040054 -0.061641 0.017884 0 0
-0 -0 -0.30448 0 0 0 0 0 0 0 0 0 0 0.085462 -0.076293 -0.2821 0.0040026 -0.061672 0.017892 0 0
0 0 0.11561 0 0 0 0 0 0 0 0 0 0 -0.032451 0.028969 0.10712 -0.0063863 0.022285 -0.0079618 0 0
0 0 0.15129 0 0 0 0 0 0 0 0 0 0 -0.042466 0.03791 0.14018 -0.008881 0.028957 -0.010522 0 0
0 0 0.25723 0 0 0 0 0 0 0 0 0 0 -0.072202 0.064456 0.23833 -0.017699 0.048071 -0.018363 0 0
-0 -0 -0.061462 0 0 0 0 0 0 0 0 0 0 0.017251 -0.015401 -0.056945 0.0023184 -0.012189 0.0039988 0 0
-0 -0 -0.2199 0 0 0 0 0 0 0 0 0 0 0.061723 -0.0551 -0.20374 0.0047786 -0.044316 0.013433 0 0
-0 -0 -0.27661 0 0 0 0 0 0 0 0 0 0 0.077641 -0.069311 -0.25628 0.0044189 -0.05595 0.01647 0 0
0 0 0.33084 0 0 0 0 0 0 0 0 0 0 -0.092861 0.082898 0.30652 -0.025028 0.060654 -0.023986 0 0
0 0 0.1211 0 0 0 0 0 0 0 0 0 0 -0.03399 0.030344 0.1122 -0.0067539 0.023318 -0.0083523 0 0
-0 -0 -0.047941 0 0 0 0 0 0 0 0 0 0 0.013457 -0.012013 -0.044418 0.0018733 -0.0094908 0.0031343 0 0
0 0 0.2138 0 0 0 0 0 0 0 0 0 0 -0.06001 0.053572 0.19809 -0.013832 0.040368 -0.015108 0 0
0 0 0.14574 0 0 0 0 0 0 0 0 0 0 -0.040907 0.036518 0.13503 -0.0084766 0.027925 -0.01012 0 0
0 0 0.15098 0 0 0 0 0 0 0 0 0 0 -0.042377 0.037831 0.13988 -0.0088578 0.028898 -0.010499 0 0
0 0 0.30171 0 0 0 0 0 0 0 0 0 0 -0.084686 0.075601 0.27954 -0.022013 0.055748 -0.021746 0 0
0 0 0.13811 0 0 0 0 0 0 0 0 0 0 -0.038765 0.034606 0.12796 -0.0079309 0.026504 -0.0095707 0 0
-0 -0 -0.30057 0 0 0 0 0 0 0 0 0 0 0.084367 -0.075316 -0.27849 0.0040704 -0.060871 0.017696 0 0
-0 -0 -0.29376 0 0 0 0 0 0 0 0 0 0 0.082455 -0.073608 -0.27217 0.0041814 -0.059472 0.017351 0 0
-0 -0 -0.025857 0 0 0 0 0 0 0 0 0 0 0.0072577 -0.006479 -0.023957 0.0010674 -0.0051033 0.0017035 0 0
-0 -0 -0.16587 0 0 0 0 0 0 0 0 0 0 0.046558 -0.041563 -0.15368 0.0045122 -0.033278 0.010367 0 0
0 0 0.01311 0 0 0 0 0 0 0 0 0 0 -0.0036798 0.003285 0.012147 -0.00059203 0.0025725 -0.00087509 0 0
-0 -0 -0.25059 0 0 0 0 0 0 0 0 0 0 0.070336 -0.06279 -0.23217 0.0046652 -0.050608 0.0151 0 0
-0 -0 -0.24641 0 0 0 0 0 0 0 0 0 0 0.069164 -0.061744 -0.2283 0.0046919 -0.049751 0.014876 0 0
0 0 0.30726 0 0 0 0 0 0 0 0 0 0 -0.086244 0.076991 0.28468 -0.022576 0.056691 -0.022171 0 0
-0 -0 -0.16347 0 0 0 0 0 0 0 0 0 0 0.045885 -0.040962 -0.15146 0.0044867 -0.03279 0.010227 0 0
0 0 0.095401 0 0 0 0 0 0 0 0 0 0 -0.026778 0.023905 0.08839 -0.0050816 0.01846 -0.0065318 0 0
0 0 0.078773 0 0 0 0 0 0 0 0 0 0 -0.022111 0.019738 0.072984 -0.0040676 0.015288 -0.005367 0 0
-0 -0 -0.23495 0 0 0 0 0 0 0 0 0 0 0.065947 -0.058872 -0.21768 0.0047469 -0.047401 0.014257 0 0
-0 -0 -0.19842 0 0 0 0 0 0 0 0 0 0 0.055693 -0.049718 -0.18384 0.0047438 -0.03992 0.012233 0 0
0 0 0.086395 0 0 0 0 0 0 0 0 0 0 -0.02425 0.021648 0.080046 -0.0045258 0.016745 -0.0058997 0 0
