-0 -0 -0.043229 0 0 0 0 0 0 0 0 0 0 0.012134 -0.010832 -0.040052 0.0017238 -0.001029 0.00080052 0 0
-0 -0 -0.18667 0 0 0 0 0 0 0 0 0 0 0.052395 -0.046774 -0.17295 0.0070577 -0.0049888 0.0034873 0 0
-0 -0 -0.13679 0 0 0 0 0 0 0 0 0 0 0.038394 -0.034275 -0.12673 0.0052741 -0.0035195 0.0025496 0 0
-0 -0 -0.34512 0 0 0 0 0 0 0 0 0 0 0.096872 -0.086479 -0.31976 0.012161 -0.010259 0.0064585 0 0
0 0 0.064525 0 0 0 0 0 0 0 0 0 0 -0.018111 0.016168 0.059784 -0.0026618 0.0013871 -0.0011815 0 0
-0 -0 -0.059925 0 0 0 0 0 0 0 0 0 0 0.01682 -0.015016 -0.055522 0.002376 -0.0014473 0.0011112 0 0
-0 -0 -0.15694 0 0 0 0 0 0 0 0 0 0 0.044052 -0.039326 -0.14541 0.0060044 -0.0041017 0.0029283 0 0
-0 -0 -0.021651 0 0 0 0 0 0 0 0 0 0 0.006077 -0.005425 -0.02006 0.00086957 -0.00050551 0.00040015 0 0
0 0 0.22185 0 0 0 0 0 0 0 0 0 0 -0.062271 0.05559 0.20555 -0.0095328 0.003991 -0.0039673 0 0
0 0 0.28654 0 0 0 0 0 0 0 0 0 0 -0.080428 0.071799 0.26548 -0.012485 0.0047302 -0.0050615 0 0
-0 -0 -0.21751 0 0 0 0 0 0 0 0 0 0 0.061051 -0.054501 -0.20152 0.0081197 -0.0059442 0.0040674 0 0
0 0 0.05319 0 0 0 0 0 0 0 0 0 0 -0.01493 0.013328 0.049281 -0.0021869 0.0011566 -0.0009753 0 0
-0 -0 -0.020782 0 0 0 0 0 0 0 0 0 0 0.0058333 -0.0052074 -0.019255 0.00083493 -0.00048485 0.00038407 0 0
0 0 0.11916 0 0 0 0 0 0 0 0 0 0 -0.033446 0.029858 0.1104 -0.0049913 0.0024185 -0.0021662 0 0
-0 -0 -0.33239 0 0 0 0 0 0 0 0 0 0 0.093297 -0.083287 -0.30796 0.011784 -0.009803 0.0062212 0 0
0 0 0.14042 0 0 0 0 0 0 0 0 0 0 -0.039415 0.035186 0.1301 -0.0059152 0.0027837 -0.0025449 0 0
0 0 0.027439 0 0 0 0 0 0 0 0 0 0 -0.0077019 0.0068756 0.025423 -0.0011194 0.00061192 -0.00050462 0 0
0 0 0.091022 0 0 0 0 0 0 0 0 0 0 -0.025549 0.022808 0.084333 -0.0037834 0.0019039 -0.0016611 0 0
0 0 0.13078 0 0 0 0 0 0 0 0 0 0 -0.036707 0.032769 0.12117 -0.0054949 0.0026206 -0.0023734 0 0
-0 -0 -0.046768 0 0 0 0 0 0 0 0 0 0 0.013127 -0.011719 -0.043331 0.0018627 -0.0011167 0.00086631 0 0
-0 -0 -0.096692 0 0 0 0 0 0 0 0 0 0 0.02714 -0.024228 -0.089587 0.0037842 -0.0024089 0.0017979 0 0
0 0 0.010774 0 0 0 0 0 0 0 0 0 0 -0.0030241 0.0026996 0.0099821 -0.00043726 0.00024412 -0.00019849 0 0
0 0 0.013934 0 0 0 0 0 0 0 0 0 0 -0.0039112 0.0034916 0.01291 -0.00056609 0.00031479 -0.00025663 0 0
-0 -0 -0.28108 0 0 0 0 0 0 0 0 0 0 0.078896 -0.070431 -0.26043 0.010206 -0.008023 0.0052617 0 0
0 0 0.32858 0 0 0 0 0 0 0 0 0 0 -0.092229 0.082334 0.30444 -0.014434 0.0051044 -0.0057532 0 0
0 0 0.025922 0 0 0 0 0 0 0 0 0 0 -0.0072759 0.0064953 0.024017 -0.001057 0.00057892 -0.00047679 0 0
0 0 0.24726 0 0 0 0 0 0 0 0 0 0 -0.069403 0.061957 0.22909 -0.010685 0.0043048 -0.0044012 0 0
0 0 0.10446 0 0 0 0 0 0 0 0 0 0 -0.029319 0.026174 0.096779 -0.004358 0.002154 -0.0019028 0 0
0 0 0.26537 0 0 0 0 0 0 0 0 0 0 -0.074485 0.066494 0.24587 -0.011512 0.0045099 -0.0047072 0 0
0 0 0.30999 0 0 0 0 0 0 0 0 0 0 -0.08701 0.077675 0.28721 -0.013569 0.0049493 -0.0054493 0 0
-0 -0 -0.053644 0 0 0 0 0 0 0 0 0 0 0.015057 -0.013442 -0.049702 0.0021315 -0.0012886 0.00099424 0 0
0 0 0.023597 0 0 0 0 0 0 0 0 0 0 -0.0066232 0.0059126 0.021862 -0.0009615 0.00052817 -0.00043413 0 0
0 0 0.33664 0 0 0 0 0 0 0 0 0 0 -0.094492 0.084354 0.3119 -0.01481 0.0051665 -0.005884 0 0
-0 -0 -0.028765 0 0 0 0 0 0 0 0 0 0 0.0080741 -0.0072078 -0.026652 0.0011526 -0.00067596 0.000532 0 0
-0 -0 -0.034671 0 0 0 0 0 0 0 0 0 0 0.0097317 -0.0086876 -0.032123 0.0013865 -0.00081904 0.00064155 0 0
-0 -0 -0.068194 0 0 0 0 0 0 0 0 0 0 0.019141 -0.017088 -0.063183 0.0026961 -0.0016588 0.0012654 0 0
-0 -0 -0.18513 0 0 0 0 0 0 0 0 0 0 0.051964 -0.046389 -0.17153 0.007004 -0.0049421 0.0034584 0 0
-0 -0 -0.32277 0 0 0 0 0 0 0 0 0 0 0.090596 -0.080876 -0.29905 0.011496 -0.0094625 0.0060417 0 0
0 0 0.13381 0 0 0 0 0 0 0 0 0 0 -0.03756 0.03353 0.12398 -0.0056271 0.0026724 -0.0024275 0 0
-0 -0 -0.17021 0 0 0 0 0 0 0 0 0 0 0.047776 -0.04265 -0.1577 0.0064781 -0.0044935 0.0031778 0 0
0 0 0.063109 0 0 0 0 0 0 0 0 0 0 -0.017714 0.015813 0.058471 -0.0026023 0.0013586 -0.0011558 0 0
0 0 0.038305 0 0 0 0 0 0 0 0 0 0 -0.010752 0.0095982 0.03549 -0.0015679 0.00084525 -0.00070359 0 0
-0 -0 -0.014834 0 0 0 0 0 0 0 0 0 0 0.0041638 -0.003717 -0.013744 0.00059713 -0.00034421 0.00027399 0 0
0 0 0.26476 0 0 0 0 0 0 0 0 0 0 -0.074316 0.066343 0.24531 -0.011484 0.0045033 -0.004697 0 0
0 0 0.079051 0 0 0 0 0 0 0 0 0 0 -0.022189 0.019808 0.073242 -0.0032747 0.0016743 -0.0014449 0 0
0 0 0.176 0 0 0 0 0 0 0 0 0 0 -0.049402 0.044101 0.16307 -0.007481 0.0033488 -0.0031721 0 0
-0 -0 -0.091993 0 0 0 0 0 0 0 0 0 0 0.025821 -0.023051 -0.085233 0.0036064 -0.002283 0.00171 0 0
0 0 0.015852 0 0 0 0 0 0 0 0 0 0 -0.0044494 0.0039721 0.014687 -0.00064438 0.00035746 -0.00029189 0 0
-0 -0 -0.2408 0 0 0 0 0 0 0 0 0 0 0.06759 -0.060339 -0.22311 0.0089006 -0.0066892 0.0045055 0 0
-0 -0 -0.1528 0 0 0 0 0 0 0 0 0 0 0.042889 -0.038287 -0.14157 0.0058553 -0.0039807 0.0028504 0 0
-0 -0 -0.22246 0 0 0 0 0 0 0 0 0 0 0.062442 -0.055743 -0.20611 0.0082873 -0.006101 0.0041606 0 0
-0 -0 -0.015308 0 0 0 0 0 0 0 0 0 0 0.0042968 -0.0038358 -0.014183 0.00061611 -0.00035536 0.00028276 0 0
-0 -0 -0.19584 0 0 0 0 0 0 0 0 0 0 0.054969 -0.049071 -0.18145 0.0073767 -0.0052691 0.0036598 0 0
0 0 0.28247 0 0 0 0 0 0 0 0 0 0 -0.079284 0.070778 0.26171 -0.012297 0.0046894 -0.0049936 0 0
-0 -0 -0.1995 0 0 0 0 0 0 0 0 0 0 0.055998 -0.04999 -0.18484 0.0075035 -0.0053821 0.0037288 0 0
0 0 0.12078 0 0 0 0 0 0 0 0 0 0 -0.033901 0.030264 0.1119 -0.0050613 0.002447 -0.0021951 0 0
-0 -0 -0.27358 0 0 0 0 0 0 0 0 0 0 0.076789 -0.068551 -0.25347 0.0099673 -0.0077702 0.005121 0 0
-0 -0 -0.15068 0 0 0 0 0 0 0 0 0 0 0.042295 -0.037758 -0.13961 0.005779 -0.0039192 0.0028107 0 0
0 0 0.051003 0 0 0 0 0 0 0 0 0 0 -0.014316 0.01278 0.047255 -0.0020956 0.0011114 -0.00093544 0 0
-0 -0 -0.3062 0 0 0 0 0 0 0 0 0 0 0.085946 -0.076725 -0.2837 0.010991 -0.0088833 0.0057321 0 0
0 0 0.039325 0 0 0 0 0 0 0 0 0 0 -0.011038 0.0098537 0.036435 -0.0016101 0.00086688 -0.00072223 0 0
-0 -0 -0.0079036 0 0 0 0 0 0 0 0 0 0 0.0022184 -0.0019804 -0.0073228 0.00031886 -0.00018223 0.00014588 0 0
0 0 0.17853 0 0 0 0 0 0 0 0 0 0 -0.050112 0.044736 0.16541 -0.0075933 0.0033868 -0.0032163 0 0
0 0 0.21903 0 0 0 0 0 0 0 0 0 0 -0.061478 0.054882 0.20293 -0.0094053 0.0039543 -0.0039188 0 0
-0 -0 -0.32529 0 0 0 0 0 0 0 0 0 0 0.091305 -0.081509 -0.30139 0.011572 -0.0095516 0.0060888 0 0
-0 -0 -0.2787 0 0 0 0 0 0 0 0 0 0 0.078229 -0.069836 -0.25822 0.010131 -0.0079427 0.0052172 0 0
0 0 0.11357 0 0 0 0 0 0 0 0 0 0 -0.031878 0.028457 0.10522 -0.00475 0.0023191 -0.0020662 0 0
-0 -0 -0.14847 0 0 0 0 0 0 0 0 0 0 0.041675 -0.037203 -0.13756 0.0056991 -0.0038551 0.0027691 0 0
-0 -0 -0.19703 0 0 0 0 0 0 0 0 0 0 0.055303 -0.04937 -0.18255 0.007418 -0.0053058 0.0036822 0 0
-0 -0 -0.07569 0 0 0 0 0 0 0 0 0 0 0.021245 -0.018966 -0.070128 0.0029846 -0.0018529 0.0014053 0 0
-0 -0 -0.23495 0 0 0 0 0 0 0 0 0 0 0.065947 -0.058871 -0.21768 0.0087061 -0.0065001 0.0043954 0 0
-0 -0 -0.022506 0 0 0 0 0 0 0 0 0 0 0.0063171 -0.0056393 -0.020852 0.00090367 -0.00052588 0.00041599 0 0
-0 -0 -0.10491 0 0 0 0 0 0 0 0 0 0 0.029447 -0.026287 -0.0972 0.0040935 -0.0026313 0.0019517 0 0
0 0 0.020384 0 0 0 0 0 0 0 0 0 0 -0.0057216 0.0051077 0.018886 -0.00082978 0.00045767 -0.00037516 0 0
-0 -0 -0.16318 0 0 0 0 0 0 0 0 0 0 0.045803 -0.040889 -0.15119 0.0062278 -0.0042851 0.0030456 0 0
-0 -0 -0.27599 0 0 0 0 0 0 0 0 0 0 0.077467 -0.069156 -0.25571 0.010044 -0.0078513 0.0051663 0 0
0 0 0.31107 0 0 0 0 0 0 0 0 0 0 -0.087313 0.077945 0.28821 -0.013619 0.0049587 -0.005467 0 0
0 0 0.31506 0 0 0 0 0 0 0 0 0 0 -0.088432 0.078945 0.2919 -0.013805 0.0049932 -0.0055325 0 0
-0 -0 -0.32375 0 0 0 0 0 0 0 0 0 0 0.090873 -0.081123 -0.29996 0.011525 -0.0094973 0.0060601 0 0
0 0 0.30049 0 0 0 0 0 0 0 0 0 0 -0.084345 0.075296 0.27841 -0.013129 0.0048637 -0.0052929 0 0
0 0 0.0018383 0 0 0 0 0 0 0 0 0 0 -0.00051599 0.00046063 0.0017032 -7.4397e-05 4.2004e-05 -3.3898e-05 0 0
0 0 0.16466 0 0 0 0 0 0 0 0 0 0 -0.046219 0.041261 0.15256 -0.0069795 0.003175 -0.0029731 0 0
0 0 0.0081301 0 0 0 0 0 0 0 0 0 0 -0.002282 0.0020372 0.0075326 -0.00032969 0.00018468 -0.00014982 0 0
-0 -0 -0.021038 0 0 0 0 0 0 0 0 0 0 0.0059051 -0.0052716 -0.019492 0.00084514 -0.00049094 0.00038881 0 0
0 0 0.27482 0 0 0 0 0 0 0 0 0 0 -0.077138 0.068862 0.25462 -0.011945 0.0046108 -0.0048658 0 0
0 0 0.32213 0 0 0 0 0 0 0 0 0 0 -0.090417 0.080716 0.29846 -0.014133 0.0050524 -0.0056481 0 0
-0 -0 -0.12951 0 0 0 0 0 0 0 0 0 0 0.036352 -0.032452 -0.12 0.0050074 -0.0033133 0.0024131 0 0
0 0 0.064935 0 0 0 0 0 0 0 0 0 0 -0.018226 0.016271 0.060163 -0.002679 0.0013953 -0.001189 0 0
0 0 0.029829 0 0 0 0 0 0 0 0 0 0 -0.0083726 0.0074743 0.027637 -0.0012178 0.00066367 -0.00054842 0 0
-0 -0 -0.23535 0 0 0 0 0 0 0 0 0 0 0.066059 -0.058972 -0.21805 0.0087194 -0.006513 0.004403 0 0
-0 -0 -0.24882 0 0 0 0 0 0 0 0 0 0 0.069839 -0.062346 -0.23053 0.0091649 -0.0069499 0.0046561 0 0
0 0 0.018125 0 0 0 0 0 0 0 0 0 0 -0.0050876 0.0045417 0.016793 -0.00073731 0.00040784 -0.00033367 0 0
0 0 0.091381 0 0 0 0 0 0 0 0 0 0 -0.025649 0.022898 0.084666 -0.0037987 0.0019107 -0.0016676 0 0
-0 -0 -0.30949 0 0 0 0 0 0 0 0 0 0 0.086869 -0.077549 -0.28674 0.011092 -0.0089976 0.0057936 0 0
0 0 0.30515 0 0 0 0 0 0 0 0 0 0 -0.085651 0.076461 0.28272 -0.013345 0.0049061 -0.0053696 0 0
0 0 0.051805 0 0 0 0 0 0 0 0 0 0 -0.014541 0.012981 0.047999 -0.0021291 0.001128 -0.00095007 0 0
0 0 0.023055 0 0 0 0 0 0 0 0 0 0 -0.0064714 0.0057771 0.021361 -0.0009393 0.00051633 -0.0004242 0 0
0 0 0.24873 0 0 0 0 0 0 0 0 0 0 -0.069814 0.062324 0.23045 -0.010752 0.004322 -0.0044261 0 0
-0 -0 -0.061078 0 0 0 0 0 0 0 0 0 0 0.017144 -0.015304 -0.05659 0.0024207 -0.0014767 0.0011327 0 0
0 0 0.17312 0 0 0 0 0 0 0 0 0 0 -0.048591 0.043378 0.16039 -0.0073531 0.0033051 -0.0031215 0 0
