0 0 0 0.017783 0 0 0 0 0 0 0 0.016449 -0.0024765 0.0062867 0 0
0 0 0 0.19202 0 0 0 0 0 0 0 0.17762 -0.026741 0.067884 0 0
0 0 0 0.14812 0 0 0 0 0 0 0 0.13701 -0.020628 0.052366 0 0
-0 -0 -0 0.1337 0 0 0 0 0 0 0 0.12367 -0.01862 0.047268 0 0
-0 -0 -0 0.076422 0 0 0 0 0 0 0 0.07069 -0.010643 0.027017 0 0
-0 -0 -0 0.1421 0 0 0 0 0 0 0 0.13144 -0.019789 0.050236 0 0
-0 -0 -0 0.12336 0 0 0 0 0 0 0 0.11411 -0.01718 0.043611 0 0
0 0 0 0.14099 0 0 0 0 0 0 0 0.13041 -0.019634 0.049843 0 0
-0 -0 -0 0.098236 0 0 0 0 0 0 0 0.090868 -0.013681 0.034729 0 0
0 0 0 0.060341 0 0 0 0 0 0 0 0.055815 -0.0084034 0.021332 0 0
0 0 0 0.11197 0 0 0 0 0 0 0 0.10357 -0.015593 0.039583 0 0
-0 -0 -0 0.11781 0 0 0 0 0 0 0 0.10897 -0.016407 0.041649 0 0
-0 -0 -0 0.14228 0 0 0 0 0 0 0 0.13161 -0.019814 0.050299 0 0
0 0 0 0.15295 0 0 0 0 0 0 0 0.14148 -0.0213 0.054072 0 0
0 0 0 0.16463 0 0 0 0 0 0 0 0.15229 -0.022928 0.058203 0 0
-0 -0 -0 0.15684 0 0 0 0 0 0 0 0.14507 -0.021842 0.055446 0 0
0 0 0 0.042645 0 0 0 0 0 0 0 0.039446 -0.0059389 0.015076 0 0
-0 -0 -0 0.18787 0 0 0 0 0 0 0 0.17378 -0.026164 0.066418 0 0
-0 -0 -0 0.016902 0 0 0 0 0 0 0 0.015634 -0.0023539 0.0059754 0 0
-0 -0 -0 0.011438 0 0 0 0 0 0 0 0.010581 -0.001593 0.0040438 0 0
0 0 0 0.046187 0 0 0 0 0 0 0 0.042723 -0.0064322 0.016328 0 0
0 0 0 0.093883 0 0 0 0 0 0 0 0.086842 -0.013075 0.033191 0 0
0 0 0 0.096919 0 0 0 0 0 0 0 0.08965 -0.013497 0.034264 0 0
-0 -0 -0 0.019257 0 0 0 0 0 0 0 0.017813 -0.0026818 0.0068079 0 0
-0 -0 -0 0.059998 0 0 0 0 0 0 0 0.055498 -0.0083555 0.021211 0 0
0 0 0 0.19838 0 0 0 0 0 0 0 0.1835 -0.027627 0.070134 0 0
-0 -0 -0 0.13547 0 0 0 0 0 0 0 0.12531 -0.018866 0.047893 0 0
-0 -0 -0 0.091268 0 0 0 0 0 0 0 0.084422 -0.01271 0.032266 0 0
0 0 0 0.11895 0 0 0 0 0 0 0 0.11003 -0.016565 0.042051 0 0
-0 -0 -0 0.17911 0 0 0 0 0 0 0 0.16568 -0.024944 0.063321 0 0
0 0 0 0.18507 0 0 0 0 0 0 0 0.17119 -0.025773 0.065426 0 0
-0 -0 -0 0.1206 0 0 0 0 0 0 0 0.11155 -0.016795 0.042635 0 0
0 0 0 0.076999 0 0 0 0 0 0 0 0.071224 -0.010723 0.027221 0 0
-0 -0 -0 0.19704 0 0 0 0 0 0 0 0.18227 -0.027441 0.069661 0 0
-0 -0 -0 0.11817 0 0 0 0 0 0 0 0.10931 -0.016457 0.041778 0 0
0 0 0 0.12097 0 0 0 0 0 0 0 0.11189 -0.016846 0.042765 0 0
-0 -0 -0 0.019021 0 0 0 0 0 0 0 0.017594 -0.0026489 0.0067243 0 0
-0 -0 -0 0.037335 0 0 0 0 0 0 0 0.034535 -0.0051995 0.013199 0 0
0 0 0 0.18154 0 0 0 0 0 0 0 0.16792 -0.025282 0.064179 0 0
-0 -0 -0 0.013756 0 0 0 0 0 0 0 0.012724 -0.0019157 0.0048632 0 0
-0 -0 -0 0.076139 0 0 0 0 0 0 0 0.070428 -0.010603 0.026917 0 0
-0 -0 -0 0.1932 0 0 0 0 0 0 0 0.17871 -0.026905 0.068301 0 0
-0 -0 -0 0.048901 0 0 0 0 0 0 0 0.045234 -0.0068102 0.017288 0 0
0 0 0 0.074984 0 0 0 0 0 0 0 0.06936 -0.010443 0.026509 0 0
-0 -0 -0 0.15932 0 0 0 0 0 0 0 0.14737 -0.022187 0.056323 0 0
-0 -0 -0 0.033203 0 0 0 0 0 0 0 0.030713 -0.004624 0.011738 0 0
0 0 0 0.036324 0 0 0 0 0 0 0 0.033599 -0.0050586 0.012841 0 0
0 0 0 0.13876 0 0 0 0 0 0 0 0.12835 -0.019324 0.049056 0 0
-0 -0 -0 0.093234 0 0 0 0 0 0 0 0.086241 -0.012984 0.032961 0 0
-0 -0 -0 0.040377 0 0 0 0 0 0 0 0.037349 -0.005623 0.014274 0 0
-0 -0 -0 0.12464 0 0 0 0 0 0 0 0.11529 -0.017358 0.044064 0 0
0 0 0 0.056001 0 0 0 0 0 0 0 0.051801 -0.007799 0.019798 0 0
-0 -0 -0 0.13177 0 0 0 0 0 0 0 0.12189 -0.018351 0.046585 0 0
-0 -0 -0 0.10936 0 0 0 0 0 0 0 0.10116 -0.01523 0.038662 0 0
0 0 0 0.1329 0 0 0 0 0 0 0 0.12294 -0.018509 0.046986 0 0
0 0 0 0.10317 0 0 0 0 0 0 0 0.095434 -0.014368 0.036474 0 0
-0 -0 -0 0.055849 0 0 0 0 0 0 0 0.051661 -0.0077778 0.019744 0 0
0 0 0 0.13326 0 0 0 0 0 0 0 0.12327 -0.018558 0.047111 0 0
-0 -0 -0 0.0024484 0 0 0 0 0 0 0 0.0022648 -0.00034098 0.0008656 0 0
-0 -0 -0 0.17101 0 0 0 0 0 0 0 0.15818 -0.023815 0.060456 0 0
-0 -0 -0 0.10181 0 0 0 0 0 0 0 0.094175 -0.014179 0.035993 0 0
0 0 0 0.14109 0 0 0 0 0 0 0 0.13051 -0.019649 0.049879 0 0
0 0 0 0.09734 0 0 0 0 0 0 0 0.090039 -0.013556 0.034412 0 0
-0 -0 -0 0.0086754 0 0 0 0 0 0 0 0.0080247 -0.0012082 0.003067 0 0
0 0 0 0.053182 0 0 0 0 0 0 0 0.049193 -0.0074064 0.018801 0 0
-0 -0 -0 0.10559 0 0 0 0 0 0 0 0.097666 -0.014704 0.037327 0 0
-0 -0 -0 0.037842 0 0 0 0 0 0 0 0.035004 -0.00527 0.013378 0 0
-0 -0 -0 0.10298 0 0 0 0 0 0 0 0.095256 -0.014341 0.036406 0 0
-0 -0 -0 0.062587 0 0 0 0 0 0 0 0.057893 -0.0087161 0.022126 0 0
-0 -0 -0 0.085199 0 0 0 0 0 0 0 0.078809 -0.011865 0.03012 0 0
0 0 0 0.041174 0 0 0 0 0 0 0 0.038086 -0.0057341 0.014556 0 0
0 0 0 0.15942 0 0 0 0 0 0 0 0.14746 -0.022202 0.05636 0 0
-0 -0 -0 0.088786 0 0 0 0 0 0 0 0.082127 -0.012365 0.031389 0 0
0 0 0 0.021468 0 0 0 0 0 0 0 0.019858 -0.0029897 0.0075896 0 0
-0 -0 -0 0.040409 0 0 0 0 0 0 0 0.037378 -0.0056275 0.014286 0 0
0 0 0 0.017208 0 0 0 0 0 0 0 0.015918 -0.0023965 0.0060836 0 0
0 0 0 0.028179 0 0 0 0 0 0 0 0.026065 -0.0039243 0.0099619 0 0
0 0 0 0.19144 0 0 0 0 0 0 0 0.17708 -0.02666 0.067679 0 0
-0 -0 -0 0.0074025 0 0 0 0 0 0 0 0.0068473 -0.0010309 0.002617 0 0
-0 -0 -0 0.11383 0 0 0 0 0 0 0 0.10529 -0.015852 0.040241 0 0
-0 -0 -0 0.076787 0 0 0 0 0 0 0 0.071028 -0.010694 0.027147 0 0
-0 -0 -0 0.089929 0 0 0 0 0 0 0 0.083185 -0.012524 0.031793 0 0
0 0 0 0.11551 0 0 0 0 0 0 0 0.10685 -0.016086 0.040836 0 0
-0 -0 -0 0.0067811 0 0 0 0 0 0 0 0.0062725 -0.00094436 0.0023973 0 0
0 0 0 0.095177 0 0 0 0 0 0 0 0.088038 -0.013255 0.033648 0 0
-0 -0 -0 0.14926 0 0 0 0 0 0 0 0.13807 -0.020787 0.052768 0 0
-0 -0 -0 0.16984 0 0 0 0 0 0 0 0.15711 -0.023653 0.060045 0 0
-0 -0 -0 0.044902 0 0 0 0 0 0 0 0.041534 -0.0062533 0.015874 0 0
-0 -0 -0 0.18569 0 0 0 0 0 0 0 0.17176 -0.025859 0.065646 0 0
-0 -0 -0 0.010818 0 0 0 0 0 0 0 0.010006 -0.0015065 0.0038244 0 0
-0 -0 -0 0.01111 0 0 0 0 0 0 0 0.010277 -0.0015472 0.0039277 0 0
0 0 0 0.16246 0 0 0 0 0 0 0 0.15028 -0.022625 0.057436 0 0
-0 -0 -0 0.19956 0 0 0 0 0 0 0 0.18459 -0.027791 0.070549 0 0
-0 -0 -0 0.01834 0 0 0 0 0 0 0 0.016964 -0.0025541 0.0064837 0 0
0 0 0 0.061021 0 0 0 0 0 0 0 0.056445 -0.0084981 0.021573 0 0
-0 -0 -0 0.098139 0 0 0 0 0 0 0 0.090779 -0.013667 0.034695 0 0
-0 -0 -0 0.055233 0 0 0 0 0 0 0 0.05109 -0.0076919 0.019526 0 0
-0 -0 -0 0.092107 0 0 0 0 0 0 0 0.085199 -0.012827 0.032563 0 0
-0 -0 -0 0.014911 0 0 0 0 0 0 0 0.013793 -0.0020766 0.0052716 0 0
0 0 0 0.14363 0 0 0 0 0 0 0 0.13286 -0.020003 0.050779 0 0
