-0 -0 -0.29409 0 0 0 0 0 0 0 0 0 0 0.12675 -0.084924 -0.25141 0.010598 -0.047176 0.021278 0 0
0 0 0.099638 0 0 0 0 0 0 0 0 0 0 -0.042944 0.028773 0.08518 -0.0066224 0.014513 -0.0082409 0 0
0 0 0.29727 0 0 0 0 0 0 0 0 0 0 -0.12812 0.085842 0.25413 -0.023935 0.040243 -0.02566 0 0
-0 -0 -0.075072 0 0 0 0 0 0 0 0 0 0 0.032356 -0.021679 -0.064179 0.0039993 -0.011501 0.005901 0 0
0 0 0.11476 0 0 0 0 0 0 0 0 0 0 -0.049463 0.03314 0.098111 -0.0077552 0.016633 -0.0095281 0 0
-0 -0 -0.15553 0 0 0 0 0 0 0 0 0 0 0.067036 -0.044914 -0.13297 0.0073122 -0.024286 0.01189 0 0
-0 -0 -0.22242 0 0 0 0 0 0 0 0 0 0 0.095865 -0.064229 -0.19015 0.0092842 -0.035217 0.016576 0 0
-0 -0 -0.072674 0 0 0 0 0 0 0 0 0 0 0.031323 -0.020986 -0.062129 0.003885 -0.011126 0.005717 0 0
-0 -0 -0.10902 0 0 0 0 0 0 0 0 0 0 0.04699 -0.031483 -0.093205 0.0055214 -0.016842 0.0084726 0 0
-0 -0 -0.29376 0 0 0 0 0 0 0 0 0 0 0.12661 -0.08483 -0.25114 0.010594 -0.047121 0.021258 0 0
-0 -0 -0.18662 0 0 0 0 0 0 0 0 0 0 0.080432 -0.053889 -0.15954 0.0083175 -0.029334 0.014102 0 0
0 0 0.34758 0 0 0 0 0 0 0 0 0 0 -0.14981 0.10037 0.29714 -0.029167 0.04605 -0.03026 0 0
0 0 0.036358 0 0 0 0 0 0 0 0 0 0 -0.015671 0.010499 0.031083 -0.0022454 0.0054014 -0.0029565 0 0
-0 -0 -0.21951 0 0 0 0 0 0 0 0 0 0 0.094611 -0.063389 -0.18766 0.0092133 -0.034737 0.016378 0 0
0 0 0.18308 0 0 0 0 0 0 0 0 0 0 -0.078906 0.052867 0.15651 -0.013277 0.025911 -0.015446 0 0
-0 -0 -0.21106 0 0 0 0 0 0 0 0 0 0 0.090968 -0.060948 -0.18044 0.0089997 -0.033343 0.0158 0 0
-0 -0 -0.11321 0 0 0 0 0 0 0 0 0 0 0.048792 -0.032691 -0.09678 0.0056964 -0.017505 0.0087849 0 0
-0 -0 -0.15868 0 0 0 0 0 0 0 0 0 0 0.068393 -0.045823 -0.13566 0.0074211 -0.024795 0.012117 0 0
-0 -0 -0.26471 0 0 0 0 0 0 0 0 0 0 0.11409 -0.076439 -0.2263 0.01016 -0.042246 0.019392 0 0
-0 -0 -0.32345 0 0 0 0 0 0 0 0 0 0 0.13941 -0.093404 -0.27652 0.010897 -0.052136 0.023104 0 0
0 0 0.21441 0 0 0 0 0 0 0 0 0 0 -0.092413 0.061916 0.1833 -0.016028 0.029997 -0.018213 0 0
0 0 0.020849 0 0 0 0 0 0 0 0 0 0 -0.0089861 0.0060207 0.017824 -0.0012633 0.0031116 -0.0016879 0 0
0 0 0.11018 0 0 0 0 0 0 0 0 0 0 -0.047488 0.031817 0.094193 -0.0074084 0.015993 -0.0091371 0 0
-0 -0 -0.22361 0 0 0 0 0 0 0 0 0 0 0.096378 -0.064573 -0.19117 0.0093128 -0.035414 0.016657 0 0
0 0 0.012784 0 0 0 0 0 0 0 0 0 0 -0.0055099 0.0036916 0.010929 -0.00076682 0.0019124 -0.0010326 0 0
-0 -0 -0.11957 0 0 0 0 0 0 0 0 0 0 0.051535 -0.034528 -0.10222 0.0059574 -0.018517 0.0092584 0 0
0 0 0.28996 0 0 0 0 0 0 0 0 0 0 -0.12497 0.083731 0.24788 -0.023201 0.039373 -0.024996 0 0
-0 -0 -0.26534 0 0 0 0 0 0 0 0 0 0 0.11436 -0.076622 -0.22684 0.010171 -0.042352 0.019433 0 0
0 0 0.042291 0 0 0 0 0 0 0 0 0 0 -0.018228 0.012212 0.036155 -0.0026307 0.0062716 -0.0034447 0 0
-0 -0 -0.011602 0 0 0 0 0 0 0 0 0 0 0.0050007 -0.0033505 -0.0099189 0.00067451 -0.0017477 0.0009304 0 0
0 0 0.03392 0 0 0 0 0 0 0 0 0 0 -0.01462 0.0097952 0.028998 -0.0020887 0.0050429 -0.0027564 0 0
0 0 0.14173 0 0 0 0 0 0 0 0 0 0 -0.061085 0.040927 0.12116 -0.0098562 0.020354 -0.011844 0 0
0 0 0.10803 0 0 0 0 0 0 0 0 0 0 -0.046561 0.031196 0.092354 -0.0072467 0.015692 -0.0089539 0 0
0 0 0.31869 0 0 0 0 0 0 0 0 0 0 -0.13736 0.092029 0.27245 -0.026124 0.042756 -0.027613 0 0
-0 -0 -0.047191 0 0 0 0 0 0 0 0 0 0 0.020339 -0.013627 -0.040344 0.0026152 -0.0071774 0.0037429 0 0
0 0 0.34124 0 0 0 0 0 0 0 0 0 0 -0.14708 0.09854 0.29173 -0.028491 0.045337 -0.029678 0 0
-0 -0 -0.23425 0 0 0 0 0 0 0 0 0 0 0.10096 -0.067645 -0.20026 0.0095583 -0.037175 0.017376 0 0
0 0 0.19471 0 0 0 0 0 0 0 0 0 0 -0.083919 0.056226 0.16645 -0.014283 0.02744 -0.01647 0 0
0 0 0.11658 0 0 0 0 0 0 0 0 0 0 -0.050248 0.033666 0.099667 -0.0078937 0.016886 -0.0096836 0 0
-0 -0 -0.13865 0 0 0 0 0 0 0 0 0 0 0.059759 -0.040038 -0.11853 0.0067016 -0.021567 0.010664 0 0
0 0 0.31714 0 0 0 0 0 0 0 0 0 0 -0.13669 0.09158 0.27112 -0.025964 0.042576 -0.027471 0 0
-0 -0 -0.25428 0 0 0 0 0 0 0 0 0 0 0.10959 -0.073428 -0.21738 0.0099708 -0.040505 0.018709 0 0
-0 -0 -0.13211 0 0 0 0 0 0 0 0 0 0 0.056942 -0.038151 -0.11294 0.0064532 -0.02052 0.010185 0 0
-0 -0 -0.26485 0 0 0 0 0 0 0 0 0 0 0.11415 -0.076481 -0.22642 0.010163 -0.04227 0.019402 0 0
-0 -0 -0.29333 0 0 0 0 0 0 0 0 0 0 0.12643 -0.084705 -0.25077 0.010589 -0.047048 0.02123 0 0
0 0 0.12766 0 0 0 0 0 0 0 0 0 0 -0.055021 0.036864 0.10914 -0.008747 0.018422 -0.010633 0 0
0 0 0.040575 0 0 0 0 0 0 0 0 0 0 -0.017488 0.011717 0.034687 -0.0025187 0.0060202 -0.0033033 0 0
-0 -0 -0.12969 0 0 0 0 0 0 0 0 0 0 0.055898 -0.037452 -0.11087 0.0063594 -0.020133 0.010007 0 0
-0 -0 -0.088488 0 0 0 0 0 0 0 0 0 0 0.038139 -0.025553 -0.075648 0.0046223 -0.013601 0.0069247 0 0
-0 -0 -0.20868 0 0 0 0 0 0 0 0 0 0 0.08994 -0.06026 -0.1784 0.0089374 -0.032951 0.015636 0 0
-0 -0 -0.15814 0 0 0 0 0 0 0 0 0 0 0.068158 -0.045665 -0.13519 0.0074023 -0.024706 0.012077 0 0
0 0 0.033671 0 0 0 0 0 0 0 0 0 0 -0.014512 0.0097232 0.028785 -0.0020727 0.0050062 -0.002736 0 0
-0 -0 -0.14604 0 0 0 0 0 0 0 0 0 0 0.062943 -0.042172 -0.12485 0.0069744 -0.022755 0.011202 0 0
-0 -0 -0.19697 0 0 0 0 0 0 0 0 0 0 0.084895 -0.05688 -0.16839 0.0086182 -0.031029 0.014826 0 0
-0 -0 -0.20022 0 0 0 0 0 0 0 0 0 0 0.086295 -0.057817 -0.17117 0.008709 -0.031561 0.015052 0 0
0 0 0.32731 0 0 0 0 0 0 0 0 0 0 -0.14107 0.094516 0.27981 -0.027021 0.043749 -0.028401 0 0
-0 -0 -0.06333 0 0 0 0 0 0 0 0 0 0 0.027295 -0.018288 -0.054141 0.0034311 -0.0096727 0.0049971 0 0
-0 -0 -0.22367 0 0 0 0 0 0 0 0 0 0 0.096403 -0.06459 -0.19122 0.0093142 -0.035423 0.016661 0 0
0 0 0.13038 0 0 0 0 0 0 0 0 0 0 -0.056192 0.037648 0.11146 -0.0089589 0.018797 -0.010866 0 0
0 0 0.19257 0 0 0 0 0 0 0 0 0 0 -0.082997 0.055608 0.16463 -0.014096 0.02716 -0.016281 0 0
0 0 0.3317 0 0 0 0 0 0 0 0 0 0 -0.14296 0.095785 0.28357 -0.027482 0.044252 -0.028803 0 0
-0 -0 -0.09841 0 0 0 0 0 0 0 0 0 0 0.042415 -0.028418 -0.084131 0.0050649 -0.015163 0.0076755 0 0
0 0 0.13307 0 0 0 0 0 0 0 0 0 0 -0.057355 0.038428 0.11377 -0.0091706 0.019168 -0.011098 0 0
-0 -0 -0.26414 0 0 0 0 0 0 0 0 0 0 0.11384 -0.076275 -0.22581 0.01015 -0.042151 0.019355 0 0
-0 -0 -0.257 0 0 0 0 0 0 0 0 0 0 0.11077 -0.074214 -0.21971 0.010022 -0.040959 0.018888 0 0
-0 -0 -0.29195 0 0 0 0 0 0 0 0 0 0 0.12583 -0.084307 -0.24959 0.010571 -0.046816 0.021143 0 0
-0 -0 -0.006765 0 0 0 0 0 0 0 0 0 0 0.0029157 -0.0019535 -0.0057834 0.00039577 -0.0010176 0.00054327 0 0
-0 -0 -0.077115 0 0 0 0 0 0 0 0 0 0 0.033237 -0.022269 -0.065925 0.004096 -0.01182 0.0060575 0 0
-0 -0 -0.17849 0 0 0 0 0 0 0 0 0 0 0.076929 -0.051542 -0.15259 0.0080695 -0.028009 0.013529 0 0
-0 -0 -0.13417 0 0 0 0 0 0 0 0 0 0 0.057828 -0.038744 -0.1147 0.006532 -0.020849 0.010336 0 0
-0 -0 -0.052153 0 0 0 0 0 0 0 0 0 0 0.022478 -0.01506 -0.044586 0.0028704 -0.0079425 0.0041299 0 0
0 0 0.025534 0 0 0 0 0 0 0 0 0 0 -0.011005 0.0073734 0.021829 -0.0015562 0.0038055 -0.00207 0 0
-0 -0 -0.18823 0 0 0 0 0 0 0 0 0 0 0.081126 -0.054354 -0.16091 0.0083654 -0.029597 0.014215 0 0
-0 -0 -0.042753 0 0 0 0 0 0 0 0 0 0 0.018427 -0.012346 -0.036549 0.0023838 -0.0064947 0.0033956 0 0
-0 -0 -0.2922 0 0 0 0 0 0 0 0 0 0 0.12594 -0.084378 -0.2498 0.010574 -0.046857 0.021159 0 0
-0 -0 -0.19747 0 0 0 0 0 0 0 0 0 0 0.085111 -0.057024 -0.16882 0.0086323 -0.031111 0.014861 0 0
0 0 0.032388 0 0 0 0 0 0 0 0 0 0 -0.013959 0.0093528 0.027689 -0.0019906 0.0048173 -0.0026308 0 0
-0 -0 -0.0033337 0 0 0 0 0 0 0 0 0 0 0.0014368 -0.00096269 -0.00285 0.0001959 -0.000501 0.00026799 0 0
0 0 0.22524 0 0 0 0 0 0 0 0 0 0 -0.097078 0.065042 0.19255 -0.017009 0.031382 -0.019176 0 0
-0 -0 -0.046042 0 0 0 0 0 0 0 0 0 0 0.019844 -0.013296 -0.039361 0.0025556 -0.0070005 0.0036531 0 0
-0 -0 -0.17596 0 0 0 0 0 0 0 0 0 0 0.075839 -0.050812 -0.15043 0.0079902 -0.027597 0.01335 0 0
-0 -0 -0.089253 0 0 0 0 0 0 0 0 0 0 0.038468 -0.025774 -0.076302 0.004657 -0.013722 0.0069828 0 0
-0 -0 -0.067565 0 0 0 0 0 0 0 0 0 0 0.029121 -0.019511 -0.057761 0.0036385 -0.010331 0.0053239 0 0
-0 -0 -0.33535 0 0 0 0 0 0 0 0 0 0 0.14454 -0.096838 -0.28669 0.010978 -0.054153 0.023826 0 0
-0 -0 -0.20999 0 0 0 0 0 0 0 0 0 0 0.090506 -0.060639 -0.17952 0.0089718 -0.033167 0.015726 0 0
0 0 0.060621 0 0 0 0 0 0 0 0 0 0 -0.026128 0.017506 0.051825 -0.0038539 0.0089397 -0.0049627 0 0
0 0 0.018483 0 0 0 0 0 0 0 0 0 0 -0.007966 0.0053372 0.015801 -0.0011166 0.0027603 -0.0014953 0 0
-0 -0 -0.29458 0 0 0 0 0 0 0 0 0 0 0.12697 -0.085067 -0.25184 0.010605 -0.047259 0.02131 0 0
-0 -0 -0.079354 0 0 0 0 0 0 0 0 0 0 0.034202 -0.022915 -0.067839 0.0042012 -0.01217 0.0062287 0 0
0 0 0.065633 0 0 0 0 0 0 0 0 0 0 -0.028288 0.018953 0.05611 -0.004197 0.0096638 -0.0053802 0 0
0 0 0.026442 0 0 0 0 0 0 0 0 0 0 -0.011396 0.0076356 0.022605 -0.0016133 0.0039397 -0.0021441 0 0
0 0 0.06077 0 0 0 0 0 0 0 0 0 0 -0.026192 0.017548 0.051952 -0.003864 0.0089612 -0.004975 0 0
0 0 0.0052906 0 0 0 0 0 0 0 0 0 0 -0.0022803 0.0015278 0.004523 -0.00031435 0.00079314 -0.00042639 0 0
-0 -0 -0.062196 0 0 0 0 0 0 0 0 0 0 0.026807 -0.01796 -0.053171 0.0033751 -0.0094967 0.0049094 0 0
-0 -0 -0.31891 0 0 0 0 0 0 0 0 0 0 0.13745 -0.092091 -0.27263 0.01086 -0.051366 0.022826 0 0
0 0 0.13348 0 0 0 0 0 0 0 0 0 0 -0.05753 0.038545 0.11411 -0.0092024 0.019224 -0.011133 0 0
-0 -0 -0.11875 0 0 0 0 0 0 0 0 0 0 0.051183 -0.034292 -0.10152 0.0059242 -0.018387 0.0091976 0 0
-0 -0 -0.33965 0 0 0 0 0 0 0 0 0 0 0.14639 -0.098082 -0.29037 0.011001 -0.054885 0.024086 0 0
-0 -0 -0.24256 0 0 0 0 0 0 0 0 0 0 0.10455 -0.070045 -0.20737 0.0097374 -0.038555 0.017932 0 0
-0 -0 -0.15184 0 0 0 0 0 0 0 0 0 0 0.065441 -0.043846 -0.1298 0.0071823 -0.023689 0.011623 0 0
