-0 -0 -0.3278 0 0 0 0 0 0 0 0 0 0 0.15006 -0.082138 -0.27962 0.024081 -0.013971 0.017027 0 0
-0 -0 -0.17703 0 0 0 0 0 0 0 0 0 0 0.081041 -0.04436 -0.15101 0.01367 -0.0063913 0.0092131 0 0
0 0 0.19127 0 0 0 0 0 0 0 0 0 0 -0.087559 0.047927 0.16316 -0.016051 0.0036464 -0.0096849 0 0
-0 -0 -0.24874 0 0 0 0 0 0 0 0 0 0 0.11387 -0.062327 -0.21218 0.018779 -0.0097615 0.012945 0 0
-0 -0 -0.17181 0 0 0 0 0 0 0 0 0 0 0.078649 -0.043051 -0.14656 0.013287 -0.0061628 0.0089406 0 0
-0 -0 -0.010099 0 0 0 0 0 0 0 0 0 0 0.0046231 -0.0025305 -0.0086147 0.00081505 -0.00028819 0.00052205 0 0
0 0 0.022832 0 0 0 0 0 0 0 0 0 0 -0.010452 0.0057212 0.019477 -0.0018564 0.00061667 -0.0011774 0 0
-0 -0 -0.17584 0 0 0 0 0 0 0 0 0 0 0.080495 -0.044061 -0.15 0.013582 -0.0063389 0.009151 0 0
0 0 0.01773 0 0 0 0 0 0 0 0 0 0 -0.0081165 0.0044428 0.015125 -0.00144 0.00048308 -0.00091467 0 0
-0 -0 -0.34247 0 0 0 0 0 0 0 0 0 0 0.15677 -0.085813 -0.29213 0.025023 -0.014806 0.017778 0 0
0 0 0.25663 0 0 0 0 0 0 0 0 0 0 -0.11748 0.064304 0.21891 -0.021741 0.0040902 -0.012868 0 0
-0 -0 -0.33994 0 0 0 0 0 0 0 0 0 0 0.15561 -0.085179 -0.28998 0.024861 -0.014661 0.017648 0 0
0 0 0.15685 0 0 0 0 0 0 0 0 0 0 -0.071804 0.039303 0.1338 -0.013089 0.0032472 -0.0079782 0 0
0 0 0.17718 0 0 0 0 0 0 0 0 0 0 -0.081108 0.044396 0.15114 -0.014835 0.0034967 -0.0089884 0 0
0 0 0.33159 0 0 0 0 0 0 0 0 0 0 -0.15179 0.083088 0.28286 -0.028344 0.0040906 -0.016412 0 0
-0 -0 -0.084138 0 0 0 0 0 0 0 0 0 0 0.038516 -0.021083 -0.071772 0.0066677 -0.0026866 0.0043674 0 0
0 0 0.083605 0 0 0 0 0 0 0 0 0 0 -0.038272 0.020949 0.071317 -0.006884 0.0020203 -0.0042878 0 0
-0 -0 -0.27342 0 0 0 0 0 0 0 0 0 0 0.12516 -0.068511 -0.23323 0.020473 -0.011021 0.014224 0 0
0 0 0.25901 0 0 0 0 0 0 0 0 0 0 -0.11857 0.064901 0.22094 -0.021949 0.0040986 -0.012983 0 0
0 0 0.065144 0 0 0 0 0 0 0 0 0 0 -0.029821 0.016323 0.05557 -0.0053443 0.0016307 -0.003347 0 0
0 0 0.25776 0 0 0 0 0 0 0 0 0 0 -0.118 0.064588 0.21988 -0.02184 0.0040943 -0.012923 0 0
0 0 0.26924 0 0 0 0 0 0 0 0 0 0 -0.12325 0.067464 0.22967 -0.022847 0.0041283 -0.013473 0 0
-0 -0 -0.095405 0 0 0 0 0 0 0 0 0 0 0.043674 -0.023906 -0.081383 0.0075382 -0.0030952 0.0049545 0 0
0 0 0.30005 0 0 0 0 0 0 0 0 0 0 -0.13735 0.075184 0.25595 -0.025557 0.0041567 -0.014936 0 0
-0 -0 -0.13883 0 0 0 0 0 0 0 0 0 0 0.063551 -0.034786 -0.11842 0.010839 -0.0047756 0.0072197 0 0
-0 -0 -0.15891 0 0 0 0 0 0 0 0 0 0 0.072747 -0.03982 -0.13556 0.012336 -0.0056092 0.0082679 0 0
-0 -0 -0.10056 0 0 0 0 0 0 0 0 0 0 0.046031 -0.025196 -0.085776 0.0079342 -0.0032857 0.005223 0 0
0 0 0.21489 0 0 0 0 0 0 0 0 0 0 -0.09837 0.053845 0.1833 -0.018098 0.0038544 -0.010844 0 0
0 0 0.25083 0 0 0 0 0 0 0 0 0 0 -0.11482 0.06285 0.21396 -0.021232 0.0040675 -0.012589 0 0
-0 -0 -0.035274 0 0 0 0 0 0 0 0 0 0 0.016148 -0.0088388 -0.03009 0.0028299 -0.0010475 0.0018264 0 0
0 0 0.1981 0 0 0 0 0 0 0 0 0 0 -0.090685 0.049638 0.16898 -0.016642 0.0037121 -0.010021 0 0
-0 -0 -0.083634 0 0 0 0 0 0 0 0 0 0 0.038286 -0.020956 -0.071342 0.0066287 -0.0026686 0.0043411 0 0
-0 -0 -0.23227 0 0 0 0 0 0 0 0 0 0 0.10633 -0.058201 -0.19813 0.01763 -0.0089491 0.01209 0 0
0 0 0.17741 0 0 0 0 0 0 0 0 0 0 -0.081212 0.044453 0.15133 -0.014855 0.0034993 -0.0089997 0 0
0 0 0.16659 0 0 0 0 0 0 0 0 0 0 -0.076258 0.041742 0.1421 -0.013924 0.0033716 -0.0084627 0 0
-0 -0 -0.027767 0 0 0 0 0 0 0 0 0 0 0.012711 -0.0069578 -0.023686 0.0022317 -0.00081501 0.001437 0 0
0 0 0.018428 0 0 0 0 0 0 0 0 0 0 -0.008436 0.0046176 0.01572 -0.0014969 0.0005015 -0.00095062 0 0
0 0 0.068804 0 0 0 0 0 0 0 0 0 0 -0.031497 0.01724 0.058691 -0.0056487 0.0017105 -0.0035338 0 0
0 0 0.039375 0 0 0 0 0 0 0 0 0 0 -0.018025 0.0098662 0.033588 -0.0032129 0.0010331 -0.0020277 0 0
-0 -0 -0.063299 0 0 0 0 0 0 0 0 0 0 0.028977 -0.015861 -0.053996 0.0050432 -0.0019611 0.0032825 0 0
0 0 0.18323 0 0 0 0 0 0 0 0 0 0 -0.08388 0.045914 0.1563 -0.015357 0.0035634 -0.0092881 0 0
-0 -0 -0.17931 0 0 0 0 0 0 0 0 0 0 0.082082 -0.044929 -0.15295 0.013836 -0.0064914 0.0093317 0 0
0 0 0.27283 0 0 0 0 0 0 0 0 0 0 -0.12489 0.068364 0.23273 -0.023162 0.0041364 -0.013645 0 0
0 0 0.1379 0 0 0 0 0 0 0 0 0 0 -0.063129 0.034555 0.11764 -0.01147 0.0029789 -0.0070306 0 0
0 0 0.16761 0 0 0 0 0 0 0 0 0 0 -0.076726 0.041998 0.14297 -0.014012 0.0033842 -0.0085134 0 0
-0 -0 -0.1196 0 0 0 0 0 0 0 0 0 0 0.054749 -0.029968 -0.10202 0.0093882 -0.0040108 0.0062163 0 0
-0 -0 -0.032746 0 0 0 0 0 0 0 0 0 0 0.01499 -0.0082053 -0.027934 0.0026287 -0.00096865 0.0016952 0 0
-0 -0 -0.077883 0 0 0 0 0 0 0 0 0 0 0.035653 -0.019515 -0.066437 0.0061821 -0.0024647 0.0040416 0 0
0 0 0.079761 0 0 0 0 0 0 0 0 0 0 -0.036512 0.019986 0.068038 -0.0065626 0.0019419 -0.0040922 0 0
-0 -0 -0.083724 0 0 0 0 0 0 0 0 0 0 0.038327 -0.020979 -0.071419 0.0066356 -0.0026718 0.0043458 0 0
-0 -0 -0.083018 0 0 0 0 0 0 0 0 0 0 0.038003 -0.020802 -0.070816 0.0065809 -0.0026466 0.004309 0 0
-0 -0 -0.31835 0 0 0 0 0 0 0 0 0 0 0.14573 -0.079771 -0.27156 0.023466 -0.013441 0.016541 0 0
-0 -0 -0.0024221 0 0 0 0 0 0 0 0 0 0 0.0011088 -0.00060692 -0.0020661 0.00019583 -6.8258e-05 0.00012514 0 0
0 0 0.29199 0 0 0 0 0 0 0 0 0 0 -0.13367 0.073165 0.24908 -0.024847 0.0041582 -0.014556 0 0
0 0 0.062159 0 0 0 0 0 0 0 0 0 0 -0.028455 0.015575 0.053024 -0.0050963 0.0015647 -0.0031945 0 0
0 0 0.074484 0 0 0 0 0 0 0 0 0 0 -0.034097 0.018664 0.063537 -0.006122 0.0018318 -0.0038234 0 0
0 0 0.31697 0 0 0 0 0 0 0 0 0 0 -0.1451 0.079423 0.27038 -0.027051 0.0041332 -0.015731 0 0
0 0 0.32936 0 0 0 0 0 0 0 0 0 0 -0.15077 0.082528 0.28095 -0.028146 0.0040984 -0.016309 0 0
-0 -0 -0.035323 0 0 0 0 0 0 0 0 0 0 0.01617 -0.008851 -0.030132 0.0028338 -0.0010491 0.0018289 0 0
-0 -0 -0.17628 0 0 0 0 0 0 0 0 0 0 0.080698 -0.044172 -0.15037 0.013615 -0.0063584 0.0091741 0 0
-0 -0 -0.32838 0 0 0 0 0 0 0 0 0 0 0.15032 -0.082283 -0.28012 0.024118 -0.014003 0.017056 0 0
-0 -0 -0.33534 0 0 0 0 0 0 0 0 0 0 0.15351 -0.084026 -0.28605 0.024566 -0.014398 0.017413 0 0
-0 -0 -0.28919 0 0 0 0 0 0 0 0 0 0 0.13238 -0.072463 -0.24669 0.021537 -0.011852 0.015039 0 0
-0 -0 -0.1086 0 0 0 0 0 0 0 0 0 0 0.049715 -0.027213 -0.09264 0.0085506 -0.0035882 0.0056426 0 0
0 0 0.25532 0 0 0 0 0 0 0 0 0 0 -0.11688 0.063976 0.2178 -0.021626 0.0040854 -0.012806 0 0
0 0 0.21413 0 0 0 0 0 0 0 0 0 0 -0.098024 0.053655 0.18266 -0.018032 0.0038485 -0.010807 0 0
0 0 0.04394 0 0 0 0 0 0 0 0 0 0 -0.020115 0.01101 0.037482 -0.003589 0.0011435 -0.0022619 0 0
-0 -0 -0.25567 0 0 0 0 0 0 0 0 0 0 0.11704 -0.064064 -0.21809 0.019258 -0.01011 0.013305 0 0
-0 -0 -0.17154 0 0 0 0 0 0 0 0 0 0 0.078526 -0.042983 -0.14633 0.013267 -0.0061511 0.0089266 0 0
-0 -0 -0.27215 0 0 0 0 0 0 0 0 0 0 0.12458 -0.068193 -0.23215 0.020387 -0.010955 0.014158 0 0
-0 -0 -0.041882 0 0 0 0 0 0 0 0 0 0 0.019172 -0.010494 -0.035726 0.0033546 -0.0012565 0.0021693 0 0
0 0 0.2731 0 0 0 0 0 0 0 0 0 0 -0.12502 0.068432 0.23296 -0.023186 0.0041369 -0.013658 0 0
-0 -0 -0.038935 0 0 0 0 0 0 0 0 0 0 0.017823 -0.009756 -0.033212 0.0031208 -0.0011628 0.0020163 0 0
-0 -0 -0.10851 0 0 0 0 0 0 0 0 0 0 0.049674 -0.02719 -0.092563 0.0085437 -0.0035847 0.005638 0 0
-0 -0 -0.12315 0 0 0 0 0 0 0 0 0 0 0.056376 -0.030859 -0.10505 0.0096577 -0.0041497 0.0064018 0 0
0 0 0.30737 0 0 0 0 0 0 0 0 0 0 -0.1407 0.077017 0.26219 -0.026203 0.0041499 -0.015281 0 0
0 0 0.16575 0 0 0 0 0 0 0 0 0 0 -0.075878 0.041533 0.14139 -0.013853 0.0033614 -0.0084214 0 0
-0 -0 -0.052216 0 0 0 0 0 0 0 0 0 0 0.023903 -0.013084 -0.044542 0.0041718 -0.0015913 0.0027062 0 0
-0 -0 -0.21405 0 0 0 0 0 0 0 0 0 0 0.097988 -0.053636 -0.18259 0.016342 -0.0080769 0.011142 0 0
-0 -0 -0.25306 0 0 0 0 0 0 0 0 0 0 0.11584 -0.06341 -0.21587 0.019078 -0.0099784 0.013169 0 0
-0 -0 -0.15713 0 0 0 0 0 0 0 0 0 0 0.071929 -0.039372 -0.13403 0.012204 -0.0055337 0.0081747 0 0
-0 -0 -0.041787 0 0 0 0 0 0 0 0 0 0 0.019129 -0.010471 -0.035645 0.0033471 -0.0012534 0.0021644 0 0
0 0 0.092387 0 0 0 0 0 0 0 0 0 0 -0.042293 0.02315 0.078809 -0.0076202 0.0021944 -0.004734 0 0
-0 -0 -0.23891 0 0 0 0 0 0 0 0 0 0 0.10937 -0.059865 -0.2038 0.018095 -0.0092741 0.012435 0 0
-0 -0 -0.069861 0 0 0 0 0 0 0 0 0 0 0.03198 -0.017505 -0.059593 0.0055567 -0.0021853 0.0036239 0 0
-0 -0 -0.0034243 0 0 0 0 0 0 0 0 0 0 0.0015676 -0.00085804 -0.002921 0.00027679 -9.6659e-05 0.00017693 0 0
-0 -0 -0.21609 0 0 0 0 0 0 0 0 0 0 0.098922 -0.054147 -0.18433 0.016487 -0.0081732 0.011248 0 0
-0 -0 -0.14059 0 0 0 0 0 0 0 0 0 0 0.064357 -0.035227 -0.11993 0.010971 -0.0048472 0.0073116 0 0
-0 -0 -0.007739 0 0 0 0 0 0 0 0 0 0 0.0035427 -0.0019392 -0.0066016 0.00062492 -0.00022 0.00039999 0 0
0 0 0.26855 0 0 0 0 0 0 0 0 0 0 -0.12294 0.067292 0.22908 -0.022786 0.0041266 -0.01344 0 0
0 0 0.013238 0 0 0 0 0 0 0 0 0 0 -0.0060601 0.0033171 0.011293 -0.0010741 0.00036345 -0.00068316 0 0
-0 -0 -0.18147 0 0 0 0 0 0 0 0 0 0 0.083071 -0.045471 -0.1548 0.013993 -0.006587 0.0094444 0 0
-0 -0 -0.019856 0 0 0 0 0 0 0 0 0 0 0.0090897 -0.0049754 -0.016938 0.0015989 -0.00057557 0.0010271 0 0
0 0 0.19944 0 0 0 0 0 0 0 0 0 0 -0.091297 0.049974 0.17013 -0.016758 0.0037244 -0.010087 0 0
-0 -0 -0.19809 0 0 0 0 0 0 0 0 0 0 0.09068 -0.049636 -0.16898 0.015198 -0.0073357 0.010311 0 0
-0 -0 -0.27232 0 0 0 0 0 0 0 0 0 0 0.12466 -0.068236 -0.2323 0.020398 -0.010964 0.014167 0 0
0 0 0.15413 0 0 0 0 0 0 0 0 0 0 -0.070554 0.03862 0.13147 -0.012856 0.0032107 -0.0078421 0 0
-0 -0 -0.22096 0 0 0 0 0 0 0 0 0 0 0.10115 -0.055367 -0.18849 0.016833 -0.0084044 0.011502 0 0
0 0 0.086235 0 0 0 0 0 0 0 0 0 0 -0.039476 0.021608 0.073561 -0.0071043 0.0020732 -0.0044215 0 0
-0 -0 -0.029383 0 0 0 0 0 0 0 0 0 0 0.013451 -0.0073627 -0.025065 0.0023607 -0.00086463 0.0015208 0 0
