0 0 0 0.011978 0 0 0 0 -0 -0 0 0.010204 -0.0014436 0.0061048 0 0
-0 -0 -0 0.079996 0 0 0 0 -0 -0 0 0.068148 -0.0096408 0.04077 0 0
-0 -0 -0 0.046914 0 0 0 0 -0 -0 0 0.039966 -0.0056539 0.02391 0 0
0 0 0 0.17905 0 0 0 0 -0 -0 0 0.15253 -0.021579 0.091255 0 0
-0 -0 -0 0.094971 0 0 0 0 -0 -0 0 0.080905 -0.011446 0.048402 0 0
0 0 0 0.074789 0 0 0 0 -0 -0 0 0.063713 -0.0090134 0.038117 0 0
-0 -0 -0 0.12263 0 0 0 0 -0 -0 0 0.10447 -0.014779 0.062498 0 0
-0 -0 -0 0.18306 0 0 0 0 -0 -0 0 0.15595 -0.022062 0.093296 0 0
0 0 0 0.13098 0 0 0 0 -0 -0 0 0.11158 -0.015785 0.066753 0 0
0 0 0 0.098608 0 0 0 0 -0 -0 0 0.084004 -0.011884 0.050256 0 0
-0 -0 -0 0.19655 0 0 0 0 -0 -0 0 0.16744 -0.023688 0.10017 0 0
0 0 0 0.0015704 0 0 0 0 -0 -0 0 0.0013378 -0.00018926 0.00080035 0 0
-0 -0 -0 0.14364 0 0 0 0 -0 -0 0 0.12237 -0.017311 0.073207 0 0
-0 -0 -0 0.082439 0 0 0 0 -0 -0 0 0.070229 -0.0099352 0.042015 0 0
0 0 0 0.046326 0 0 0 0 -0 -0 0 0.039465 -0.005583 0.02361 0 0
0 0 0 0.099444 0 0 0 0 -0 -0 0 0.084716 -0.011985 0.050682 0 0
-0 -0 -0 0.058548 0 0 0 0 -0 -0 0 0.049877 -0.0070561 0.029839 0 0
0 0 0 0.040731 0 0 0 0 -0 -0 0 0.034698 -0.0049087 0.020759 0 0
0 0 0 0.00027702 0 0 0 0 -0 -0 0 0.00023599 -3.3385e-05 0.00014118 0 0
0 0 0 0.19403 0 0 0 0 -0 -0 0 0.16529 -0.023383 0.098886 0 0
-0 -0 -0 0.045731 0 0 0 0 -0 -0 0 0.038958 -0.0055114 0.023307 0 0
-0 -0 -0 0.19719 0 0 0 0 -0 -0 0 0.16799 -0.023765 0.1005 0 0
-0 -0 -0 0.15766 0 0 0 0 -0 -0 0 0.13431 -0.019001 0.080351 0 0
-0 -0 -0 0.052757 0 0 0 0 -0 -0 0 0.044944 -0.0063582 0.026888 0 0
-0 -0 -0 0.19151 0 0 0 0 -0 -0 0 0.16315 -0.02308 0.097603 0 0
-0 -0 -0 0.083023 0 0 0 0 -0 -0 0 0.070727 -0.010006 0.042313 0 0
0 0 0 0.17126 0 0 0 0 -0 -0 0 0.1459 -0.02064 0.087284 0 0
-0 -0 -0 0.032864 0 0 0 0 -0 -0 0 0.027997 -0.0039607 0.016749 0 0
-0 -0 -0 0.10298 0 0 0 0 -0 -0 0 0.087726 -0.01241 0.052482 0 0
0 0 0 0.010179 0 0 0 0 -0 -0 0 0.0086719 -0.0012268 0.005188 0 0
-0 -0 -0 0.093368 0 0 0 0 -0 -0 0 0.07954 -0.011252 0.047585 0 0
-0 -0 -0 0.19987 0 0 0 0 -0 -0 0 0.17027 -0.024088 0.10187 0 0
-0 -0 -0 0.074304 0 0 0 0 -0 -0 0 0.063299 -0.0089548 0.037869 0 0
-0 -0 -0 0.066693 0 0 0 0 -0 -0 0 0.056815 -0.0080376 0.03399 0 0
-0 -0 -0 0.09614 0 0 0 0 -0 -0 0 0.081902 -0.011587 0.048998 0 0
-0 -0 -0 0.099092 0 0 0 0 -0 -0 0 0.084416 -0.011942 0.050503 0 0
0 0 0 0.11346 0 0 0 0 -0 -0 0 0.096657 -0.013674 0.057826 0 0
0 0 0 0.17999 0 0 0 0 -0 -0 0 0.15333 -0.021692 0.091732 0 0
-0 -0 -0 0.072262 0 0 0 0 -0 -0 0 0.061559 -0.0087088 0.036828 0 0
0 0 0 0.058044 0 0 0 0 -0 -0 0 0.049448 -0.0069953 0.029583 0 0
-0 -0 -0 0.11099 0 0 0 0 -0 -0 0 0.094551 -0.013376 0.056566 0 0
-0 -0 -0 0.10693 0 0 0 0 -0 -0 0 0.091092 -0.012887 0.054497 0 0
-0 -0 -0 0.037662 0 0 0 0 -0 -0 0 0.032084 -0.0045389 0.019195 0 0
-0 -0 -0 0.068138 0 0 0 0 -0 -0 0 0.058047 -0.0082118 0.034727 0 0
0 0 0 0.10175 0 0 0 0 -0 -0 0 0.086678 -0.012262 0.051856 0 0
-0 -0 -0 0.16898 0 0 0 0 -0 -0 0 0.14395 -0.020365 0.08612 0 0
0 0 0 0.010325 0 0 0 0 -0 -0 0 0.0087956 -0.0012443 0.005262 0 0
0 0 0 0.16335 0 0 0 0 -0 -0 0 0.13916 -0.019687 0.083254 0 0
-0 -0 -0 0.16958 0 0 0 0 -0 -0 0 0.14446 -0.020437 0.086425 0 0
-0 -0 -0 0.040905 0 0 0 0 -0 -0 0 0.034847 -0.0049298 0.020847 0 0
0 0 0 0.10448 0 0 0 0 -0 -0 0 0.089007 -0.012592 0.053249 0 0
0 0 0 0.17331 0 0 0 0 -0 -0 0 0.14764 -0.020887 0.088329 0 0
-0 -0 -0 0.08648 0 0 0 0 -0 -0 0 0.073672 -0.010422 0.044075 0 0
-0 -0 -0 0.077991 0 0 0 0 -0 -0 0 0.066441 -0.0093993 0.039749 0 0
-0 -0 -0 0.14396 0 0 0 0 -0 -0 0 0.12264 -0.017349 0.073369 0 0
0 0 0 0.1935 0 0 0 0 -0 -0 0 0.16484 -0.02332 0.098616 0 0
0 0 0 0.085986 0 0 0 0 -0 -0 0 0.073252 -0.010363 0.043823 0 0
-0 -0 -0 0.071852 0 0 0 0 -0 -0 0 0.061211 -0.0086594 0.03662 0 0
0 0 0 0.17485 0 0 0 0 -0 -0 0 0.14896 -0.021073 0.089115 0 0
0 0 0 0.11405 0 0 0 0 -0 -0 0 0.097158 -0.013745 0.058126 0 0
-0 -0 -0 0.10595 0 0 0 0 -0 -0 0 0.090258 -0.012769 0.053997 0 0
-0 -0 -0 0.0037804 0 0 0 0 -0 -0 0 0.0032205 -0.0004556 0.0019267 0 0
0 0 0 0.13906 0 0 0 0 -0 -0 0 0.11847 -0.016759 0.070874 0 0
-0 -0 -0 0.16035 0 0 0 0 -0 -0 0 0.1366 -0.019325 0.081724 0 0
-0 -0 -0 0.093823 0 0 0 0 -0 -0 0 0.079928 -0.011307 0.047817 0 0
-0 -0 -0 0.18856 0 0 0 0 -0 -0 0 0.16064 -0.022725 0.096102 0 0
-0 -0 -0 0.094402 0 0 0 0 -0 -0 0 0.080421 -0.011377 0.048113 0 0
-0 -0 -0 0.11512 0 0 0 0 -0 -0 0 0.098074 -0.013874 0.058674 0 0
0 0 0 0.10873 0 0 0 0 -0 -0 0 0.092627 -0.013104 0.055415 0 0
0 0 0 0.0066935 0 0 0 0 -0 -0 0 0.0057022 -0.00080668 0.0034114 0 0
0 0 0 0.0059774 0 0 0 0 -0 -0 0 0.0050922 -0.00072038 0.0030464 0 0
-0 -0 -0 0.076212 0 0 0 0 -0 -0 0 0.064925 -0.0091848 0.038842 0 0
0 0 0 0.070272 0 0 0 0 -0 -0 0 0.059865 -0.008469 0.035815 0 0
0 0 0 0.055064 0 0 0 0 -0 -0 0 0.046909 -0.0066361 0.028064 0 0
-0 -0 -0 0.16643 0 0 0 0 -0 -0 0 0.14178 -0.020058 0.084821 0 0
0 0 0 0.18946 0 0 0 0 -0 -0 0 0.1614 -0.022834 0.096561 0 0
-0 -0 -0 0.091258 0 0 0 0 -0 -0 0 0.077742 -0.010998 0.04651 0 0
0 0 0 0.12899 0 0 0 0 -0 -0 0 0.10988 -0.015545 0.065739 0 0
0 0 0 0.16068 0 0 0 0 -0 -0 0 0.13688 -0.019365 0.081892 0 0
-0 -0 -0 0.066697 0 0 0 0 -0 -0 0 0.056819 -0.0080381 0.033992 0 0
0 0 0 0.099556 0 0 0 0 -0 -0 0 0.084811 -0.011998 0.050739 0 0
-0 -0 -0 0.1155 0 0 0 0 -0 -0 0 0.098391 -0.013919 0.058863 0 0
-0 -0 -0 0.023826 0 0 0 0 -0 -0 0 0.020297 -0.0028715 0.012143 0 0
-0 -0 -0 0.019649 0 0 0 0 -0 -0 0 0.016739 -0.0023681 0.010014 0 0
0 0 0 0.068037 0 0 0 0 -0 -0 0 0.05796 -0.0081996 0.034675 0 0
-0 -0 -0 0.12648 0 0 0 0 -0 -0 0 0.10775 -0.015243 0.06446 0 0
-0 -0 -0 0.18099 0 0 0 0 -0 -0 0 0.15418 -0.021812 0.092242 0 0
0 0 0 0.17915 0 0 0 0 -0 -0 0 0.15262 -0.021591 0.091305 0 0
0 0 0 0.18879 0 0 0 0 -0 -0 0 0.16083 -0.022753 0.09622 0 0
0 0 0 0.13794 0 0 0 0 -0 -0 0 0.11751 -0.016624 0.070302 0 0
-0 -0 -0 0.014504 0 0 0 0 -0 -0 0 0.012356 -0.001748 0.0073921 0 0
-0 -0 -0 0.13052 0 0 0 0 -0 -0 0 0.11119 -0.01573 0.06652 0 0
-0 -0 -0 0.18315 0 0 0 0 -0 -0 0 0.15603 -0.022073 0.093343 0 0
-0 -0 -0 0.018823 0 0 0 0 -0 -0 0 0.016036 -0.0022685 0.0095934 0 0
-0 -0 -0 0.022373 0 0 0 0 -0 -0 0 0.01906 -0.0026963 0.011403 0 0
-0 -0 -0 0.083662 0 0 0 0 -0 -0 0 0.071272 -0.010083 0.042639 0 0
0 0 0 0.00038741 0 0 0 0 -0 -0 0 0.00033004 -4.669e-05 0.00019745 0 0
-0 -0 -0 0.099117 0 0 0 0 -0 -0 0 0.084438 -0.011945 0.050516 0 0
0 0 0 0.19884 0 0 0 0 -0 -0 0 0.1694 -0.023964 0.10134 0 0
-0 -0 -0 0.072772 0 0 0 0 -0 -0 0 0.061994 -0.0087702 0.037088 0 0
