0 0 0.27152 0 0 0 0 0 0 0 0 0 0 -0.13034 0.05685 0.2313 -0.023614 -0.00032279 -0.013227 0 0
0 0 0.071309 0 0 0 0 0 0 0 0 0 0 -0.034231 0.014931 0.060748 -0.0061229 0.00061205 -0.0036006 0 0
-0 -0 -0.32889 0 0 0 0 0 0 0 0 0 0 0.15788 -0.068863 -0.28018 0.026394 -0.0090939 0.017108 0 0
0 0 0.26621 0 0 0 0 0 0 0 0 0 0 -0.12779 0.055739 0.22679 -0.023149 -0.0002477 -0.012983 0 0
-0 -0 -0.27229 0 0 0 0 0 0 0 0 0 0 0.13071 -0.057011 -0.23196 0.022139 -0.0068162 0.01415 0 0
-0 -0 -0.28488 0 0 0 0 0 0 0 0 0 0 0.13675 -0.059648 -0.24269 0.023098 -0.0072982 0.014809 0 0
0 0 0.19855 0 0 0 0 0 0 0 0 0 0 -0.095311 0.041572 0.16914 -0.017215 0.00047072 -0.0098161 0 0
-0 -0 -0.17719 0 0 0 0 0 0 0 0 0 0 0.085059 -0.037101 -0.15095 0.014688 -0.0036437 0.0091723 0 0
-0 -0 -0.27607 0 0 0 0 0 0 0 0 0 0 0.13252 -0.057803 -0.23518 0.022428 -0.0069593 0.014348 0 0
0 0 0.14485 0 0 0 0 0 0 0 0 0 0 -0.069535 0.030329 0.1234 -0.012516 0.00072336 -0.0072305 0 0
0 0 0.096802 0 0 0 0 0 0 0 0 0 0 -0.046468 0.020268 0.082465 -0.0083317 0.00071051 -0.0048694 0 0
0 0 0.1891 0 0 0 0 0 0 0 0 0 0 -0.090774 0.039593 0.16109 -0.016387 0.00053561 -0.0093653 0 0
0 0 0.011227 0 0 0 0 0 0 0 0 0 0 -0.0053894 0.0023507 0.0095643 -0.00095773 0.00012919 -0.00057142 0 0
0 0 0.011811 0 0 0 0 0 0 0 0 0 0 -0.0056696 0.0024729 0.010062 -0.0010076 0.00013557 -0.00060109 0 0
0 0 0.062567 0 0 0 0 0 0 0 0 0 0 -0.030034 0.0131 0.053301 -0.0053676 0.00056368 -0.0031631 0 0
-0 -0 -0.032458 0 0 0 0 0 0 0 0 0 0 0.015581 -0.006796 -0.027651 0.0027536 -0.00044221 0.0016603 0 0
0 0 0.038936 0 0 0 0 0 0 0 0 0 0 -0.01869 0.0081523 0.033169 -0.003332 0.00039558 -0.0019747 0 0
-0 -0 -0.19446 0 0 0 0 0 0 0 0 0 0 0.093347 -0.040716 -0.16566 0.016067 -0.0041578 0.010076 0 0
0 0 0.26111 0 0 0 0 0 0 0 0 0 0 -0.12534 0.054672 0.22244 -0.022702 -0.00017806 -0.012749 0 0
-0 -0 -0.2107 0 0 0 0 0 0 0 0 0 0 0.10114 -0.044115 -0.17949 0.017354 -0.0046664 0.010925 0 0
0 0 0.031322 0 0 0 0 0 0 0 0 0 0 -0.015036 0.0065582 0.026683 -0.0026782 0.00032983 -0.0015902 0 0
-0 -0 -0.17959 0 0 0 0 0 0 0 0 0 0 0.086208 -0.037602 -0.15299 0.01488 -0.0037134 0.0092975 0 0
0 0 0.058639 0 0 0 0 0 0 0 0 0 0 -0.028149 0.012278 0.049954 -0.0050286 0.00053951 -0.0029661 0 0
-0 -0 -0.041522 0 0 0 0 0 0 0 0 0 0 0.019932 -0.0086939 -0.035373 0.0035182 -0.00058391 0.002126 0 0
0 0 0.17574 0 0 0 0 0 0 0 0 0 0 -0.084361 0.036796 0.14971 -0.015217 0.00061245 -0.0087249 0 0
-0 -0 -0.26328 0 0 0 0 0 0 0 0 0 0 0.12638 -0.055124 -0.22428 0.021449 -0.0064801 0.013679 0 0
0 0 0.20891 0 0 0 0 0 0 0 0 0 0 -0.10028 0.04374 0.17797 -0.018123 0.00038964 -0.010308 0 0
-0 -0 -0.20049 0 0 0 0 0 0 0 0 0 0 0.096239 -0.041977 -0.17079 0.016546 -0.0043437 0.010391 0 0
0 0 0.17413 0 0 0 0 0 0 0 0 0 0 -0.083586 0.036458 0.14834 -0.015076 0.00062055 -0.0086474 0 0
-0 -0 -0.25342 0 0 0 0 0 0 0 0 0 0 0.12165 -0.053062 -0.21589 0.02069 -0.006121 0.013163 0 0
-0 -0 -0.003388 0 0 0 0 0 0 0 0 0 0 0.0016263 -0.00070937 -0.0028862 0.0002885 -4.1388e-05 0.00017274 0 0
0 0 0.11834 0 0 0 0 0 0 0 0 0 0 -0.056805 0.024777 0.10081 -0.010204 0.00074419 -0.0059327 0 0
-0 -0 -0.16935 0 0 0 0 0 0 0 0 0 0 0.081292 -0.035458 -0.14427 0.014058 -0.0034193 0.0087621 0 0
-0 -0 -0.26375 0 0 0 0 0 0 0 0 0 0 0.12661 -0.055225 -0.22469 0.021485 -0.0064977 0.013704 0 0
-0 -0 -0.31565 0 0 0 0 0 0 0 0 0 0 0.15152 -0.06609 -0.2689 0.025411 -0.0085354 0.016417 0 0
0 0 0.020796 0 0 0 0 0 0 0 0 0 0 -0.0099828 0.0043542 0.017716 -0.001776 0.00022963 -0.0010572 0 0
0 0 0.096739 0 0 0 0 0 0 0 0 0 0 -0.046438 0.020255 0.082411 -0.0083262 0.00071034 -0.0048663 0 0
-0 -0 -0.04833 0 0 0 0 0 0 0 0 0 0 0.0232 -0.010119 -0.041172 0.0040911 -0.00069554 0.0024763 0 0
0 0 0.27046 0 0 0 0 0 0 0 0 0 0 -0.12983 0.05663 0.23041 -0.023522 -0.00030767 -0.013179 0 0
-0 -0 -0.096472 0 0 0 0 0 0 0 0 0 0 0.04631 -0.020199 -0.082184 0.0081083 -0.0016121 0.0049652 0 0
0 0 0.022711 0 0 0 0 0 0 0 0 0 0 -0.010902 0.0047552 0.019347 -0.00194 0.00024866 -0.0011543 0 0
0 0 0.062845 0 0 0 0 0 0 0 0 0 0 -0.030168 0.013158 0.053537 -0.0053915 0.00056533 -0.003177 0 0
0 0 0.096817 0 0 0 0 0 0 0 0 0 0 -0.046475 0.020271 0.082478 -0.008333 0.00071055 -0.0048702 0 0
0 0 0.065355 0 0 0 0 0 0 0 0 0 0 -0.031373 0.013684 0.055676 -0.0056083 0.00057991 -0.0033027 0 0
-0 -0 -0.04179 0 0 0 0 0 0 0 0 0 0 0.020061 -0.00875 -0.035601 0.0035408 -0.00058822 0.0021398 0 0
0 0 0.23383 0 0 0 0 0 0 0 0 0 0 -0.11225 0.048959 0.1992 -0.020309 0.00015168 -0.011481 0 0
-0 -0 -0.081698 0 0 0 0 0 0 0 0 0 0 0.039218 -0.017106 -0.069598 0.0068822 -0.0013072 0.0041993 0 0
-0 -0 -0.18345 0 0 0 0 0 0 0 0 0 0 0.08806 -0.03841 -0.15628 0.015189 -0.0038266 0.0094992 0 0
0 0 0.27894 0 0 0 0 0 0 0 0 0 0 -0.1339 0.058403 0.23762 -0.024265 -0.00043239 -0.013567 0 0
-0 -0 -0.054055 0 0 0 0 0 0 0 0 0 0 0.025948 -0.011318 -0.046049 0.0045721 -0.00079288 0.0027712 0 0
0 0 0.32671 0 0 0 0 0 0 0 0 0 0 -0.15683 0.068405 0.27832 -0.028447 -0.0012652 -0.015719 0 0
0 0 0.32709 0 0 0 0 0 0 0 0 0 0 -0.15702 0.068487 0.27865 -0.028481 -0.0012728 -0.015736 0 0
-0 -0 -0.093362 0 0 0 0 0 0 0 0 0 0 0.044817 -0.019548 -0.079535 0.0078507 -0.0015461 0.0048038 0 0
-0 -0 -0.091361 0 0 0 0 0 0 0 0 0 0 0.043856 -0.019129 -0.07783 0.0076849 -0.0015042 0.0047 0 0
-0 -0 -0.14243 0 0 0 0 0 0 0 0 0 0 0.06837 -0.029821 -0.12133 0.01188 -0.0026933 0.0073564 0 0
0 0 0.17596 0 0 0 0 0 0 0 0 0 0 -0.084467 0.036843 0.1499 -0.015236 0.00061131 -0.0087356 0 0
0 0 0.14633 0 0 0 0 0 0 0 0 0 0 -0.070243 0.030638 0.12466 -0.012645 0.00072018 -0.0073024 0 0
0 0 0.22839 0 0 0 0 0 0 0 0 0 0 -0.10964 0.04782 0.19457 -0.019832 0.00020875 -0.011226 0 0
-0 -0 -0.10742 0 0 0 0 0 0 0 0 0 0 0.051565 -0.022491 -0.09151 0.0090128 -0.0018514 0.0055336 0 0
0 0 0.078232 0 0 0 0 0 0 0 0 0 0 -0.037554 0.01638 0.066646 -0.0067218 0.00064507 -0.0039462 0 0
-0 -0 -0.3027 0 0 0 0 0 0 0 0 0 0 0.14531 -0.063379 -0.25787 0.024443 -0.0080044 0.015741 0 0
-0 -0 -0.26072 0 0 0 0 0 0 0 0 0 0 0.12516 -0.05459 -0.22211 0.021253 -0.0063862 0.013545 0 0
0 0 0.12406 0 0 0 0 0 0 0 0 0 0 -0.059553 0.025976 0.10569 -0.010703 0.00074551 -0.006214 0 0
0 0 0.064135 0 0 0 0 0 0 0 0 0 0 -0.030787 0.013428 0.054636 -0.0055029 0.0005729 -0.0032416 0 0
0 0 0.037225 0 0 0 0 0 0 0 0 0 0 -0.017869 0.0077941 0.031712 -0.0031849 0.00038129 -0.0018884 0 0
0 0 0.1475 0 0 0 0 0 0 0 0 0 0 -0.070805 0.030883 0.12565 -0.012747 0.00071751 -0.0073593 0 0
0 0 0.13517 0 0 0 0 0 0 0 0 0 0 -0.064887 0.028302 0.11515 -0.011671 0.00073893 -0.0067582 0 0
-0 -0 -0.074049 0 0 0 0 0 0 0 0 0 0 0.035546 -0.015504 -0.063082 0.0062451 -0.0011575 0.0038035 0 0
0 0 0.31824 0 0 0 0 0 0 0 0 0 0 -0.15277 0.066633 0.27111 -0.027707 -0.0011016 -0.015342 0 0
0 0 0.049962 0 0 0 0 0 0 0 0 0 0 -0.023983 0.010461 0.042562 -0.0042806 0.00048079 -0.0025302 0 0
-0 -0 -0.099419 0 0 0 0 0 0 0 0 0 0 0.047725 -0.020816 -0.084695 0.0083522 -0.0016754 0.0051181 0 0
-0 -0 -0.21616 0 0 0 0 0 0 0 0 0 0 0.10376 -0.045259 -0.18414 0.017784 -0.004843 0.011211 0 0
0 0 0.040379 0 0 0 0 0 0 0 0 0 0 -0.019383 0.0084545 0.034399 -0.003456 0.00040741 -0.0020476 0 0
-0 -0 -0.17303 0 0 0 0 0 0 0 0 0 0 0.083062 -0.03623 -0.14741 0.014355 -0.003524 0.0089547 0 0
-0 -0 -0.085583 0 0 0 0 0 0 0 0 0 0 0.041083 -0.017919 -0.072908 0.0072053 -0.0013853 0.0044006 0 0
0 0 0.10238 0 0 0 0 0 0 0 0 0 0 -0.049146 0.021436 0.087218 -0.0088162 0.00072358 -0.0051457 0 0
-0 -0 -0.12228 0 0 0 0 0 0 0 0 0 0 0.058696 -0.025602 -0.10417 0.010234 -0.0021945 0.0063063 0 0
-0 -0 -0.046017 0 0 0 0 0 0 0 0 0 0 0.02209 -0.0096349 -0.039201 0.0038966 -0.00065711 0.0023572 0 0
0 0 0.30988 0 0 0 0 0 0 0 0 0 0 -0.14875 0.064881 0.26398 -0.026975 -0.00094672 -0.014967 0 0
0 0 0.28348 0 0 0 0 0 0 0 0 0 0 -0.13608 0.059354 0.24149 -0.024663 -0.0005021 -0.013774 0 0
-0 -0 -0.2114 0 0 0 0 0 0 0 0 0 0 0.10148 -0.044263 -0.18009 0.017409 -0.0046891 0.010962 0 0
-0 -0 -0.22063 0 0 0 0 0 0 0 0 0 0 0.10591 -0.046195 -0.18795 0.018136 -0.0049897 0.011446 0 0
-0 -0 -0.072403 0 0 0 0 0 0 0 0 0 0 0.034756 -0.01516 -0.06168 0.0061078 -0.0011261 0.0037184 0 0
-0 -0 -0.28561 0 0 0 0 0 0 0 0 0 0 0.1371 -0.059801 -0.24331 0.023154 -0.0073266 0.014847 0 0
0 0 0.26798 0 0 0 0 0 0 0 0 0 0 -0.12864 0.056109 0.22829 -0.023304 -0.00027239 -0.013065 0 0
0 0 0.13946 0 0 0 0 0 0 0 0 0 0 -0.066943 0.029199 0.1188 -0.012045 0.00073317 -0.0069674 0 0
0 0 0.11574 0 0 0 0 0 0 0 0 0 0 -0.055559 0.024233 0.098598 -0.0099779 0.00074253 -0.0058049 0 0
0 0 0.30459 0 0 0 0 0 0 0 0 0 0 -0.14621 0.063774 0.25948 -0.026512 -0.00085228 -0.01473 0 0
-0 -0 -0.1044 0 0 0 0 0 0 0 0 0 0 0.050114 -0.021858 -0.088935 0.0087634 -0.0017842 0.0053766 0 0
-0 -0 -0.079077 0 0 0 0 0 0 0 0 0 0 0.03796 -0.016557 -0.067366 0.0066641 -0.0012553 0.0040637 0 0
0 0 0.13294 0 0 0 0 0 0 0 0 0 0 -0.063817 0.027835 0.11325 -0.011477 0.00074122 -0.0066492 0 0
0 0 0.10767 0 0 0 0 0 0 0 0 0 0 -0.051686 0.022544 0.091725 -0.009276 0.00073317 -0.0054071 0 0
-0 -0 -0.24657 0 0 0 0 0 0 0 0 0 0 0.11836 -0.051627 -0.21005 0.02016 -0.0058765 0.012804 0 0
0 0 0.083319 0 0 0 0 0 0 0 0 0 0 -0.039996 0.017445 0.070979 -0.0071623 0.00066635 -0.0041997 0 0
0 0 0.065455 0 0 0 0 0 0 0 0 0 0 -0.031421 0.013705 0.055761 -0.005617 0.00058048 -0.0033078 0 0
0 0 0.30227 0 0 0 0 0 0 0 0 0 0 -0.1451 0.063289 0.2575 -0.026309 -0.00081172 -0.014625 0 0
0 0 0.063061 0 0 0 0 0 0 0 0 0 0 -0.030271 0.013204 0.053721 -0.0054102 0.00056661 -0.0031878 0 0
0 0 0.3454 0 0 0 0 0 0 0 0 0 0 -0.1658 0.072319 0.29424 -0.030079 -0.0016506 -0.016544 0 0
-0 -0 -0.27433 0 0 0 0 0 0 0 0 0 0 0.13169 -0.057439 -0.2337 0.022295 -0.0068934 0.014257 0 0
-0 -0 -0.034341 0 0 0 0 0 0 0 0 0 0 0.016485 -0.0071902 -0.029255 0.0029126 -0.00047099 0.0017569 0 0
