0 0 0 0.029049 0 0 0 0 -0 -0 0 0.024747 -0.003501 0.014805 0 0
0 0 0 0.1143 0 0 0 0 -0 -0 0 0.097375 -0.013776 0.058255 0 0
-0 -0 -0 0.10357 0 0 0 0 -0 -0 0 0.088234 -0.012482 0.052787 0 0
0 0 0 0.13017 0 0 0 0 -0 -0 0 0.1109 -0.015688 0.066344 0 0
0 0 0 0.13342 0 0 0 0 -0 -0 0 0.11366 -0.01608 0.068 0 0
0 0 0 0.068155 0 0 0 0 -0 -0 0 0.058061 -0.0082138 0.034735 0 0
-0 -0 -0 0.044914 0 0 0 0 -0 -0 0 0.038262 -0.0054129 0.022891 0 0
-0 -0 -0 0.18344 0 0 0 0 -0 -0 0 0.15627 -0.022107 0.09349 0 0
-0 -0 -0 0.14416 0 0 0 0 -0 -0 0 0.12281 -0.017373 0.073471 0 0
-0 -0 -0 0.11245 0 0 0 0 -0 -0 0 0.095796 -0.013552 0.057311 0 0
-0 -0 -0 0.16392 0 0 0 0 -0 -0 0 0.13965 -0.019756 0.083544 0 0
-0 -0 -0 0.16407 0 0 0 0 -0 -0 0 0.13977 -0.019773 0.083618 0 0
0 0 0 0.032878 0 0 0 0 -0 -0 0 0.028009 -0.0039624 0.016757 0 0
-0 -0 -0 0.10038 0 0 0 0 -0 -0 0 0.085517 -0.012098 0.051161 0 0
0 0 0 0.094445 0 0 0 0 -0 -0 0 0.080458 -0.011382 0.048134 0 0
-0 -0 -0 0.11153 0 0 0 0 -0 -0 0 0.095009 -0.013441 0.05684 0 0
0 0 0 0.067959 0 0 0 0 -0 -0 0 0.057894 -0.0081902 0.034636 0 0
0 0 0 0.047804 0 0 0 0 -0 -0 0 0.040724 -0.0057612 0.024363 0 0
0 0 0 0.16338 0 0 0 0 -0 -0 0 0.13919 -0.019691 0.083269 0 0
0 0 0 0.15213 0 0 0 0 -0 -0 0 0.1296 -0.018335 0.077536 0 0
0 0 0 0.0089626 0 0 0 0 -0 -0 0 0.0076352 -0.0010801 0.0045678 0 0
0 0 0 0.022946 0 0 0 0 -0 -0 0 0.019548 -0.0027654 0.011695 0 0
0 0 0 0.05486 0 0 0 0 -0 -0 0 0.046735 -0.0066116 0.02796 0 0
0 0 0 0.037285 0 0 0 0 -0 -0 0 0.031763 -0.0044934 0.019002 0 0
-0 -0 -0 0.18612 0 0 0 0 -0 -0 0 0.15855 -0.02243 0.094855 0 0
-0 -0 -0 0.14665 0 0 0 0 -0 -0 0 0.12493 -0.017674 0.074742 0 0
0 0 0 0.055943 0 0 0 0 -0 -0 0 0.047657 -0.006742 0.028511 0 0
-0 -0 -0 0.011961 0 0 0 0 -0 -0 0 0.01019 -0.0014415 0.0060961 0 0
-0 -0 -0 0.079766 0 0 0 0 -0 -0 0 0.067953 -0.0096132 0.040653 0 0
-0 -0 -0 0.19684 0 0 0 0 -0 -0 0 0.16769 -0.023723 0.10032 0 0
0 0 0 0.1472 0 0 0 0 -0 -0 0 0.1254 -0.017741 0.075023 0 0
0 0 0 0.15888 0 0 0 0 -0 -0 0 0.13535 -0.019148 0.080976 0 0
-0 -0 -0 0.018497 0 0 0 0 -0 -0 0 0.015757 -0.0022292 0.009427 0 0
-0 -0 -0 0.07225 0 0 0 0 -0 -0 0 0.061549 -0.0087073 0.036822 0 0
-0 -0 -0 0.090379 0 0 0 0 -0 -0 0 0.076993 -0.010892 0.046062 0 0
0 0 0 0.018521 0 0 0 0 -0 -0 0 0.015778 -0.0022321 0.0094393 0 0
0 0 0 0.14349 0 0 0 0 -0 -0 0 0.12224 -0.017293 0.073132 0 0
0 0 0 0.16286 0 0 0 0 -0 -0 0 0.13874 -0.019627 0.083002 0 0
-0 -0 -0 0.032938 0 0 0 0 -0 -0 0 0.02806 -0.0039696 0.016787 0 0
0 0 0 0.048995 0 0 0 0 -0 -0 0 0.041739 -0.0059047 0.02497 0 0
-0 -0 -0 0.040626 0 0 0 0 -0 -0 0 0.034609 -0.0048961 0.020705 0 0
0 0 0 0.13834 0 0 0 0 -0 -0 0 0.11785 -0.016672 0.070505 0 0
0 0 0 0.15383 0 0 0 0 -0 -0 0 0.13104 -0.018539 0.078398 0 0
-0 -0 -0 0.060817 0 0 0 0 -0 -0 0 0.05181 -0.0073295 0.030996 0 0
-0 -0 -0 0.097094 0 0 0 0 -0 -0 0 0.082714 -0.011701 0.049484 0 0
0 0 0 0.12831 0 0 0 0 -0 -0 0 0.10931 -0.015464 0.065396 0 0
0 0 0 0.034131 0 0 0 0 -0 -0 0 0.029077 -0.0041134 0.017395 0 0
-0 -0 -0 0.045739 0 0 0 0 -0 -0 0 0.038965 -0.0055123 0.023311 0 0
-0 -0 -0 0.095978 0 0 0 0 -0 -0 0 0.081763 -0.011567 0.048915 0 0
-0 -0 -0 0.15014 0 0 0 0 -0 -0 0 0.1279 -0.018094 0.076519 0 0
0 0 0 0.017875 0 0 0 0 -0 -0 0 0.015228 -0.0021542 0.00911 0 0
0 0 0 0.18518 0 0 0 0 -0 -0 0 0.15776 -0.022318 0.094379 0 0
0 0 0 0.019335 0 0 0 0 -0 -0 0 0.016472 -0.0023302 0.0098543 0 0
0 0 0 0.09419 0 0 0 0 -0 -0 0 0.08024 -0.011351 0.048004 0 0
-0 -0 -0 0.19516 0 0 0 0 -0 -0 0 0.16626 -0.02352 0.099465 0 0
0 0 0 0.069057 0 0 0 0 -0 -0 0 0.058829 -0.0083225 0.035195 0 0
0 0 0 0.081208 0 0 0 0 -0 -0 0 0.069181 -0.0097869 0.041388 0 0
-0 -0 -0 0.13077 0 0 0 0 -0 -0 0 0.11141 -0.01576 0.066649 0 0
0 0 0 0.08204 0 0 0 0 -0 -0 0 0.06989 -0.0098872 0.041812 0 0
0 0 0 0.17725 0 0 0 0 -0 -0 0 0.151 -0.021362 0.090337 0 0
0 0 0 0.074115 0 0 0 0 -0 -0 0 0.063138 -0.0089321 0.037773 0 0
0 0 0 0.1876 0 0 0 0 -0 -0 0 0.15981 -0.022608 0.095609 0 0
-0 -0 -0 0.12384 0 0 0 0 -0 -0 0 0.1055 -0.014925 0.063118 0 0
0 0 0 0.043666 0 0 0 0 -0 -0 0 0.037199 -0.0052625 0.022254 0 0
0 0 0 0.1458 0 0 0 0 -0 -0 0 0.1242 -0.017571 0.074306 0 0
0 0 0 0.1528 0 0 0 0 -0 -0 0 0.13017 -0.018415 0.077877 0 0
0 0 0 0.050675 0 0 0 0 -0 -0 0 0.04317 -0.0061072 0.025827 0 0
-0 -0 -0 0.15513 0 0 0 0 -0 -0 0 0.13215 -0.018695 0.07906 0 0
-0 -0 -0 0.058686 0 0 0 0 -0 -0 0 0.049994 -0.0070726 0.029909 0 0
0 0 0 0.17099 0 0 0 0 -0 -0 0 0.14566 -0.020607 0.087143 0 0
0 0 0 0.17672 0 0 0 0 -0 -0 0 0.15054 -0.021297 0.090064 0 0
-0 -0 -0 0.083575 0 0 0 0 -0 -0 0 0.071198 -0.010072 0.042594 0 0
0 0 0 0.086839 0 0 0 0 -0 -0 0 0.073978 -0.010466 0.044258 0 0
0 0 0 0.19872 0 0 0 0 -0 -0 0 0.16929 -0.023949 0.10128 0 0
0 0 0 0.17958 0 0 0 0 -0 -0 0 0.15298 -0.021643 0.091524 0 0
-0 -0 -0 0.14709 0 0 0 0 -0 -0 0 0.1253 -0.017726 0.074963 0 0
-0 -0 -0 0.011378 0 0 0 0 -0 -0 0 0.0096926 -0.0013712 0.0057987 0 0
0 0 0 0.087852 0 0 0 0 -0 -0 0 0.074841 -0.010588 0.044774 0 0
0 0 0 0.046844 0 0 0 0 -0 -0 0 0.039906 -0.0056455 0.023874 0 0
-0 -0 -0 0.087603 0 0 0 0 -0 -0 0 0.074629 -0.010558 0.044647 0 0
-0 -0 -0 0.14579 0 0 0 0 -0 -0 0 0.1242 -0.01757 0.074302 0 0
0 0 0 0.15791 0 0 0 0 -0 -0 0 0.13452 -0.019031 0.080479 0 0
0 0 0 0.13285 0 0 0 0 -0 -0 0 0.11317 -0.01601 0.067706 0 0
0 0 0 0.094232 0 0 0 0 -0 -0 0 0.080276 -0.011357 0.048026 0 0
0 0 0 0.029027 0 0 0 0 -0 -0 0 0.024728 -0.0034982 0.014794 0 0
0 0 0 0.16608 0 0 0 0 -0 -0 0 0.14148 -0.020015 0.084641 0 0
0 0 0 0.16222 0 0 0 0 -0 -0 0 0.1382 -0.019551 0.082678 0 0
-0 -0 -0 0.070447 0 0 0 0 -0 -0 0 0.060013 -0.00849 0.035904 0 0
-0 -0 -0 0.11341 0 0 0 0 -0 -0 0 0.096611 -0.013667 0.057798 0 0
0 0 0 0.096699 0 0 0 0 -0 -0 0 0.082378 -0.011654 0.049283 0 0
-0 -0 -0 0.15183 0 0 0 0 -0 -0 0 0.12934 -0.018298 0.077379 0 0
0 0 0 0.12596 0 0 0 0 -0 -0 0 0.10731 -0.01518 0.064196 0 0
0 0 0 0.17024 0 0 0 0 -0 -0 0 0.14503 -0.020517 0.086765 0 0
-0 -0 -0 0.11459 0 0 0 0 -0 -0 0 0.097618 -0.01381 0.058401 0 0
-0 -0 -0 0.098171 0 0 0 0 -0 -0 0 0.083631 -0.011831 0.050033 0 0
-0 -0 -0 0.18501 0 0 0 0 -0 -0 0 0.15761 -0.022297 0.094293 0 0
0 0 0 0.11202 0 0 0 0 -0 -0 0 0.09543 -0.0135 0.057092 0 0
-0 -0 -0 0.037681 0 0 0 0 -0 -0 0 0.0321 -0.0045412 0.019204 0 0
0 0 0 0.030449 0 0 0 0 -0 -0 0 0.02594 -0.0036697 0.015519 0 0
-0 -0 -0 0.063883 0 0 0 0 -0 -0 0 0.054421 -0.0076989 0.032558 0 0
