-0 -0 -0 0.0464 0 0 0 0 -0 -0 0 0.039528 -0.005592 0.023648 0 0
-0 -0 -0 0.11536 0 0 0 0 -0 -0 0 0.098274 -0.013903 0.058793 0 0
0 0 0 0.14694 0 0 0 0 -0 -0 0 0.12518 -0.017709 0.074891 0 0
0 0 0 0.10905 0 0 0 0 -0 -0 0 0.092898 -0.013142 0.055577 0 0
-0 -0 -0 0.12722 0 0 0 0 -0 -0 0 0.10838 -0.015332 0.064839 0 0
-0 -0 -0 0.027969 0 0 0 0 -0 -0 0 0.023826 -0.0033707 0.014254 0 0
-0 -0 -0 0.093895 0 0 0 0 -0 -0 0 0.079989 -0.011316 0.047854 0 0
-0 -0 -0 0.0030409 0 0 0 0 -0 -0 0 0.0025905 -0.00036648 0.0015498 0 0
0 0 0 0.17414 0 0 0 0 -0 -0 0 0.14835 -0.020987 0.08875 0 0
-0 -0 -0 0.14068 0 0 0 0 -0 -0 0 0.11984 -0.016954 0.071697 0 0
0 0 0 0.13516 0 0 0 0 -0 -0 0 0.11514 -0.016289 0.068883 0 0
-0 -0 -0 0.091473 0 0 0 0 -0 -0 0 0.077925 -0.011024 0.046619 0 0
0 0 0 0.10692 0 0 0 0 -0 -0 0 0.091086 -0.012886 0.054493 0 0
-0 -0 -0 0.14672 0 0 0 0 -0 -0 0 0.12499 -0.017683 0.074778 0 0
-0 -0 -0 0.058072 0 0 0 0 -0 -0 0 0.049471 -0.0069987 0.029597 0 0
0 0 0 0.10484 0 0 0 0 -0 -0 0 0.089316 -0.012635 0.053434 0 0
0 0 0 0.16384 0 0 0 0 -0 -0 0 0.13957 -0.019745 0.0835 0 0
-0 -0 -0 0.14423 0 0 0 0 -0 -0 0 0.12287 -0.017382 0.073505 0 0
-0 -0 -0 1.1221e-05 0 0 0 0 -0 -0 0 9.559e-06 -1.3523e-06 5.7187e-06 0 0
-0 -0 -0 0.066716 0 0 0 0 -0 -0 0 0.056835 -0.0080404 0.034002 0 0
0 0 0 0.032551 0 0 0 0 -0 -0 0 0.02773 -0.0039229 0.01659 0 0
-0 -0 -0 0.16755 0 0 0 0 -0 -0 0 0.14273 -0.020192 0.085391 0 0
0 0 0 0.18646 0 0 0 0 -0 -0 0 0.15884 -0.022471 0.095029 0 0
-0 -0 -0 0.026218 0 0 0 0 -0 -0 0 0.022335 -0.0031597 0.013362 0 0
0 0 0 0.0011292 0 0 0 0 -0 -0 0 0.00096199 -0.00013609 0.00057552 0 0
-0 -0 -0 0.18156 0 0 0 0 -0 -0 0 0.15467 -0.021881 0.092533 0 0
-0 -0 -0 0.064298 0 0 0 0 -0 -0 0 0.054775 -0.0077489 0.032769 0 0
-0 -0 -0 0.052419 0 0 0 0 -0 -0 0 0.044656 -0.0063174 0.026716 0 0
-0 -0 -0 0.058802 0 0 0 0 -0 -0 0 0.050094 -0.0070867 0.029969 0 0
0 0 0 0.14028 0 0 0 0 -0 -0 0 0.1195 -0.016906 0.071492 0 0
0 0 0 0.021674 0 0 0 0 -0 -0 0 0.018464 -0.0026121 0.011046 0 0
-0 -0 -0 0.0019558 0 0 0 0 -0 -0 0 0.0016662 -0.00023571 0.0009968 0 0
0 0 0 0.077482 0 0 0 0 -0 -0 0 0.066007 -0.0093379 0.039489 0 0
-0 -0 -0 0.11375 0 0 0 0 -0 -0 0 0.096902 -0.013709 0.057972 0 0
-0 -0 -0 0.11668 0 0 0 0 -0 -0 0 0.099398 -0.014062 0.059466 0 0
0 0 0 0.097085 0 0 0 0 -0 -0 0 0.082706 -0.0117 0.04948 0 0
-0 -0 -0 0.086496 0 0 0 0 -0 -0 0 0.073685 -0.010424 0.044083 0 0
0 0 0 0.094381 0 0 0 0 -0 -0 0 0.080403 -0.011375 0.048102 0 0
0 0 0 0.13534 0 0 0 0 -0 -0 0 0.11529 -0.016311 0.068976 0 0
0 0 0 0.033846 0 0 0 0 -0 -0 0 0.028833 -0.004079 0.01725 0 0
-0 -0 -0 0.018855 0 0 0 0 -0 -0 0 0.016063 -0.0022724 0.0096097 0 0
0 0 0 0.079172 0 0 0 0 -0 -0 0 0.067446 -0.0095415 0.04035 0 0
0 0 0 0.014271 0 0 0 0 -0 -0 0 0.012157 -0.0017199 0.0072733 0 0
-0 -0 -0 0.036902 0 0 0 0 -0 -0 0 0.031437 -0.0044473 0.018807 0 0
0 0 0 0.0965 0 0 0 0 -0 -0 0 0.082208 -0.01163 0.049182 0 0
0 0 0 0.071629 0 0 0 0 -0 -0 0 0.061021 -0.0086325 0.036506 0 0
-0 -0 -0 0.12336 0 0 0 0 -0 -0 0 0.10509 -0.014867 0.062869 0 0
0 0 0 0.050226 0 0 0 0 -0 -0 0 0.042788 -0.0060531 0.025598 0 0
0 0 0 0.029303 0 0 0 0 -0 -0 0 0.024963 -0.0035315 0.014934 0 0
-0 -0 -0 0.11822 0 0 0 0 -0 -0 0 0.10071 -0.014247 0.06025 0 0
-0 -0 -0 0.14304 0 0 0 0 -0 -0 0 0.12185 -0.017238 0.072899 0 0
0 0 0 0.18348 0 0 0 0 -0 -0 0 0.1563 -0.022112 0.09351 0 0
0 0 0 0.1708 0 0 0 0 -0 -0 0 0.1455 -0.020584 0.087048 0 0
0 0 0 0.19953 0 0 0 0 -0 -0 0 0.16998 -0.024046 0.10169 0 0
-0 -0 -0 0.1829 0 0 0 0 -0 -0 0 0.15581 -0.022042 0.093214 0 0
-0 -0 -0 0.060988 0 0 0 0 -0 -0 0 0.051955 -0.0073501 0.031083 0 0
0 0 0 0.053699 0 0 0 0 -0 -0 0 0.045746 -0.0064717 0.027368 0 0
-0 -0 -0 0.12993 0 0 0 0 -0 -0 0 0.11069 -0.015659 0.066221 0 0
-0 -0 -0 0.16561 0 0 0 0 -0 -0 0 0.14108 -0.019958 0.084401 0 0
0 0 0 0.02773 0 0 0 0 -0 -0 0 0.023623 -0.0033419 0.014133 0 0
0 0 0 0.11814 0 0 0 0 -0 -0 0 0.10064 -0.014238 0.06021 0 0
-0 -0 -0 0.15855 0 0 0 0 -0 -0 0 0.13507 -0.019108 0.080808 0 0
-0 -0 -0 0.19889 0 0 0 0 -0 -0 0 0.16943 -0.023969 0.10136 0 0
0 0 0 0.13649 0 0 0 0 -0 -0 0 0.11628 -0.01645 0.069564 0 0
0 0 0 0.14231 0 0 0 0 -0 -0 0 0.12124 -0.017151 0.07253 0 0
-0 -0 -0 0.015598 0 0 0 0 -0 -0 0 0.013288 -0.0018798 0.0079496 0 0
-0 -0 -0 0.0013541 0 0 0 0 -0 -0 0 0.0011535 -0.00016319 0.0006901 0 0
-0 -0 -0 0.13202 0 0 0 0 -0 -0 0 0.11247 -0.01591 0.067283 0 0
-0 -0 -0 0.15266 0 0 0 0 -0 -0 0 0.13005 -0.018398 0.077802 0 0
-0 -0 -0 0.19785 0 0 0 0 -0 -0 0 0.16855 -0.023845 0.10084 0 0
0 0 0 0.031527 0 0 0 0 -0 -0 0 0.026858 -0.0037996 0.016068 0 0
-0 -0 -0 0.061293 0 0 0 0 -0 -0 0 0.052215 -0.0073868 0.031238 0 0
-0 -0 -0 0.091738 0 0 0 0 -0 -0 0 0.078151 -0.011056 0.046755 0 0
-0 -0 -0 0.013761 0 0 0 0 -0 -0 0 0.011723 -0.0016584 0.0070133 0 0
0 0 0 0.042238 0 0 0 0 -0 -0 0 0.035983 -0.0050904 0.021527 0 0
0 0 0 0.14678 0 0 0 0 -0 -0 0 0.12504 -0.01769 0.074809 0 0
0 0 0 0.17187 0 0 0 0 -0 -0 0 0.14642 -0.020714 0.087596 0 0
-0 -0 -0 0.10986 0 0 0 0 -0 -0 0 0.093589 -0.01324 0.05599 0 0
0 0 0 0.081624 0 0 0 0 -0 -0 0 0.069536 -0.0098371 0.0416 0 0
0 0 0 0.086331 0 0 0 0 -0 -0 0 0.073545 -0.010404 0.043999 0 0
0 0 0 0.12826 0 0 0 0 -0 -0 0 0.10926 -0.015457 0.065367 0 0
0 0 0 0.012062 0 0 0 0 -0 -0 0 0.010275 -0.0014537 0.0061474 0 0
-0 -0 -0 0.1448 0 0 0 0 -0 -0 0 0.12336 -0.017451 0.0738 0 0
-0 -0 -0 0.10993 0 0 0 0 -0 -0 0 0.093651 -0.013249 0.056028 0 0
-0 -0 -0 0.075874 0 0 0 0 -0 -0 0 0.064637 -0.0091441 0.038669 0 0
-0 -0 -0 0.020697 0 0 0 0 -0 -0 0 0.017632 -0.0024944 0.010548 0 0
0 0 0 0.068165 0 0 0 0 -0 -0 0 0.058069 -0.008215 0.03474 0 0
-0 -0 -0 0.10071 0 0 0 0 -0 -0 0 0.085797 -0.012138 0.051329 0 0
0 0 0 0.11318 0 0 0 0 -0 -0 0 0.096419 -0.01364 0.057683 0 0
0 0 0 0.044572 0 0 0 0 -0 -0 0 0.037971 -0.0053717 0.022716 0 0
0 0 0 0.023985 0 0 0 0 -0 -0 0 0.020433 -0.0028907 0.012224 0 0
-0 -0 -0 0.053784 0 0 0 0 -0 -0 0 0.045819 -0.0064819 0.027411 0 0
-0 -0 -0 0.090305 0 0 0 0 -0 -0 0 0.076931 -0.010883 0.046024 0 0
0 0 0 0.12715 0 0 0 0 -0 -0 0 0.10832 -0.015324 0.064802 0 0
0 0 0 0.18843 0 0 0 0 -0 -0 0 0.16053 -0.022709 0.096036 0 0
0 0 0 0.03624 0 0 0 0 -0 -0 0 0.030873 -0.0043675 0.01847 0 0
0 0 0 0.10034 0 0 0 0 -0 -0 0 0.085475 -0.012092 0.051136 0 0
-0 -0 -0 0.15714 0 0 0 0 -0 -0 0 0.13387 -0.018938 0.080089 0 0
-0 -0 -0 0.019258 0 0 0 0 -0 -0 0 0.016406 -0.0023209 0.0098149 0 0
-0 -0 -0 0.048519 0 0 0 0 -0 -0 0 0.041333 -0.0058473 0.024728 0 0
