0 0 0.18134 0 0 0 0 0 0 0 0 0 0 -0.078157 0.052365 0.15503 -0.0019762 0.030558 -0.011318 0 0
0 0 0.27371 0 0 0 0 0 0 0 0 0 0 -0.11797 0.079038 0.23399 -0.005019 0.045536 -0.017912 0 0
-0 -0 -0.28251 0 0 0 0 0 0 0 0 0 0 0.12176 -0.081582 -0.24152 -0.0075141 -0.048589 0.012624 0 0
0 0 0.20886 0 0 0 0 0 0 0 0 0 0 -0.09002 0.060313 0.17856 -0.0027406 0.035073 -0.013229 0 0
-0 -0 -0.24461 0 0 0 0 0 0 0 0 0 0 0.10543 -0.070635 -0.20911 -0.0057681 -0.042113 0.011317 0 0
0 0 0.015537 0 0 0 0 0 0 0 0 0 0 -0.0066965 0.0044867 0.013283 3.9846e-05 0.0026594 -0.00087822 0 0
0 0 0.02048 0 0 0 0 0 0 0 0 0 0 -0.0088269 0.005914 0.017508 4.429e-05 0.0035043 -0.0011614 0 0
-0 -0 -0.093647 0 0 0 0 0 0 0 0 0 0 0.040362 -0.027042 -0.080058 -0.0010705 -0.016113 0.0049029 0 0
0 0 0.1641 0 0 0 0 0 0 0 0 0 0 -0.070729 0.047388 0.14029 -0.0015595 0.02771 -0.010146 0 0
-0 -0 -0.11129 0 0 0 0 0 0 0 0 0 0 0.047966 -0.032137 -0.09514 -0.0014312 -0.019157 0.0057494 0 0
0 0 0.34875 0 0 0 0 0 0 0 0 0 0 -0.15031 0.10071 0.29815 -0.0084822 0.057295 -0.02363 0 0
0 0 0.34802 0 0 0 0 0 0 0 0 0 0 -0.15 0.1005 0.29752 -0.0084441 0.057182 -0.023572 0 0
-0 -0 -0.27365 0 0 0 0 0 0 0 0 0 0 0.11794 -0.079021 -0.23394 -0.0070857 -0.047078 0.01233 0 0
0 0 0.056109 0 0 0 0 0 0 0 0 0 0 -0.024183 0.016203 0.047968 -4.1251e-05 0.0095756 -0.0032553 0 0
-0 -0 -0.0085228 0 0 0 0 0 0 0 0 0 0 0.0036733 -0.0024611 -0.0072861 -3.8532e-05 -0.001461 0.00047407 0 0
-0 -0 -0.11266 0 0 0 0 0 0 0 0 0 0 0.048558 -0.032534 -0.096316 -0.0014614 -0.019395 0.0058144 0 0
0 0 0.01107 0 0 0 0 0 0 0 0 0 0 -0.0047714 0.0031968 0.0094641 3.2413e-05 0.0018954 -0.0006239 0 0
-0 -0 -0.33929 0 0 0 0 0 0 0 0 0 0 0.14623 -0.097976 -0.29005 -0.010545 -0.05821 0.014346 0 0
0 0 0.32141 0 0 0 0 0 0 0 0 0 0 -0.13853 0.092813 0.27477 -0.0071186 0.053058 -0.021511 0 0
-0 -0 -0.11943 0 0 0 0 0 0 0 0 0 0 0.051476 -0.034489 -0.1021 -0.0016146 -0.020563 0.0061318 0 0
-0 -0 -0.18201 0 0 0 0 0 0 0 0 0 0 0.078446 -0.052559 -0.1556 -0.0033792 -0.031357 0.0088882 0 0
-0 -0 -0.055784 0 0 0 0 0 0 0 0 0 0 0.024043 -0.016109 -0.04769 -0.00046641 -0.0095852 0.0030026 0 0
-0 -0 -0.10684 0 0 0 0 0 0 0 0 0 0 0.046049 -0.030853 -0.091339 -0.0013356 -0.01839 0.0055384 0 0
0 0 0.25351 0 0 0 0 0 0 0 0 0 0 -0.10926 0.073206 0.21672 -0.0042378 0.042305 -0.016427 0 0
0 0 0.28835 0 0 0 0 0 0 0 0 0 0 -0.12428 0.083268 0.24651 -0.0056258 0.047863 -0.019004 0 0
0 0 0.23474 0 0 0 0 0 0 0 0 0 0 -0.10117 0.067787 0.20068 -0.0035698 0.03928 -0.015068 0 0
-0 -0 -0.20956 0 0 0 0 0 0 0 0 0 0 0.09032 -0.060514 -0.17915 -0.0043542 -0.036098 0.0099982 0 0
0 0 0.1862 0 0 0 0 0 0 0 0 0 0 -0.080254 0.05377 0.15918 -0.0021025 0.031359 -0.011652 0 0
-0 -0 -0.014782 0 0 0 0 0 0 0 0 0 0 0.0063711 -0.0042686 -0.012637 -7.4353e-05 -0.0025349 0.00081875 0 0
-0 -0 -0.22994 0 0 0 0 0 0 0 0 0 0 0.099106 -0.066401 -0.19658 -0.005153 -0.0396 0.010778 0 0
0 0 0.10107 0 0 0 0 0 0 0 0 0 0 -0.04356 0.029185 0.086402 -0.00044365 0.017181 -0.006027 0 0
-0 -0 -0.083756 0 0 0 0 0 0 0 0 0 0 0.036099 -0.024186 -0.071603 -0.00089034 -0.014407 0.0044174 0 0
0 0 0.34548 0 0 0 0 0 0 0 0 0 0 -0.1489 0.099763 0.29535 -0.0083127 0.05679 -0.023374 0 0
-0 -0 -0.19973 0 0 0 0 0 0 0 0 0 0 0.086084 -0.057676 -0.17075 -0.0039925 -0.034408 0.0096095 0 0
-0 -0 -0.32418 0 0 0 0 0 0 0 0 0 0 0.13972 -0.093613 -0.27714 -0.0096902 -0.055661 0.013916 0 0
-0 -0 -0.32811 0 0 0 0 0 0 0 0 0 0 0.14142 -0.094749 -0.2805 -0.0099094 -0.056325 0.01403 0 0
0 0 0.17474 0 0 0 0 0 0 0 0 0 0 -0.075314 0.050461 0.14939 -0.0018111 0.02947 -0.010868 0 0
-0 -0 -0.099085 0 0 0 0 0 0 0 0 0 0 0.042706 -0.028613 -0.084708 -0.0011764 -0.017051 0.0051665 0 0
0 0 0.010124 0 0 0 0 0 0 0 0 0 0 -0.0043635 0.0029236 0.0086551 3.0421e-05 0.0017335 -0.00057022 0 0
-0 -0 -0.082463 0 0 0 0 0 0 0 0 0 0 0.035542 -0.023813 -0.070497 -0.00086796 -0.014184 0.0043534 0 0
0 0 0.26007 0 0 0 0 0 0 0 0 0 0 -0.11209 0.075099 0.22233 -0.0044843 0.043357 -0.016906 0 0
-0 -0 -0.25664 0 0 0 0 0 0 0 0 0 0 0.11061 -0.074109 -0.2194 -0.006298 -0.044172 0.011746 0 0
-0 -0 -0.34619 0 0 0 0 0 0 0 0 0 0 0.14921 -0.099971 -0.29596 -0.010948 -0.059374 0.014536 0 0
0 0 0.073399 0 0 0 0 0 0 0 0 0 0 -0.031635 0.021195 0.062749 -0.00015715 0.012508 -0.0043044 0 0
-0 -0 -0.28889 0 0 0 0 0 0 0 0 0 0 0.12451 -0.083422 -0.24697 -0.0078296 -0.049674 0.012832 0 0
-0 -0 -0.014578 0 0 0 0 0 0 0 0 0 0 0.0062834 -0.0042098 -0.012463 -7.3088e-05 -0.0024999 0.00080759 0 0
0 0 0.25328 0 0 0 0 0 0 0 0 0 0 -0.10916 0.073139 0.21653 -0.0042293 0.042268 -0.01641 0 0
0 0 0.10067 0 0 0 0 0 0 0 0 0 0 -0.04339 0.029071 0.086064 -0.00043868 0.017114 -0.006002 0 0
0 0 0.096754 0 0 0 0 0 0 0 0 0 0 -0.041701 0.02794 0.082714 -0.00039081 0.016454 -0.0057549 0 0
0 0 0.023705 0 0 0 0 0 0 0 0 0 0 -0.010217 0.0068454 0.020266 4.5046e-05 0.0040553 -0.0013471 0 0
0 0 0.1911 0 0 0 0 0 0 0 0 0 0 -0.082365 0.055184 0.16337 -0.0022334 0.032164 -0.01199 0 0
0 0 0.20599 0 0 0 0 0 0 0 0 0 0 -0.088782 0.059484 0.1761 -0.0026551 0.034604 -0.013027 0 0
0 0 0.010993 0 0 0 0 0 0 0 0 0 0 -0.004738 0.0031745 0.0093979 3.2255e-05 0.0018822 -0.00061951 0 0
0 0 0.30527 0 0 0 0 0 0 0 0 0 0 -0.13157 0.088152 0.26097 -0.0063683 0.050531 -0.020279 0 0
0 0 0.051035 0 0 0 0 0 0 0 0 0 0 -0.021996 0.014738 0.04363 -1.6462e-05 0.0087132 -0.0029515 0 0
-0 -0 -0.3405 0 0 0 0 0 0 0 0 0 0 0.14675 -0.098325 -0.29109 -0.010615 -0.058414 0.01438 0 0
-0 -0 -0.22736 0 0 0 0 0 0 0 0 0 0 0.097993 -0.065655 -0.19437 -0.0050481 -0.039156 0.010681 0 0
0 0 0.21188 0 0 0 0 0 0 0 0 0 0 -0.091322 0.061186 0.18114 -0.0028319 0.035566 -0.013441 0 0
0 0 0.30699 0 0 0 0 0 0 0 0 0 0 -0.13232 0.088651 0.26245 -0.0064467 0.050802 -0.02041 0 0
-0 -0 -0.321 0 0 0 0 0 0 0 0 0 0 0.13835 -0.092695 -0.27442 -0.0095148 -0.055123 0.013823 0 0
-0 -0 -0.060822 0 0 0 0 0 0 0 0 0 0 0.026214 -0.017563 -0.051996 -0.0005334 -0.010453 0.0032619 0 0
-0 -0 -0.00050295 0 0 0 0 0 0 0 0 0 0 0.00021677 -0.00014524 -0.00042997 -1.9459e-06 -8.6176e-05 2.8128e-05 0 0
-0 -0 -0.15047 0 0 0 0 0 0 0 0 0 0 0.064853 -0.043451 -0.12864 -0.0024114 -0.025919 0.0075393 0 0
0 0 0.21547 0 0 0 0 0 0 0 0 0 0 -0.092867 0.062221 0.1842 -0.0029421 0.03615 -0.013694 0 0
-0 -0 -0.045615 0 0 0 0 0 0 0 0 0 0 0.01966 -0.013172 -0.038996 -0.00034373 -0.0078345 0.0024731 0 0
-0 -0 -0.29014 0 0 0 0 0 0 0 0 0 0 0.12505 -0.083784 -0.24804 -0.0078925 -0.049888 0.012872 0 0
0 0 0.010327 0 0 0 0 0 0 0 0 0 0 -0.004451 0.0029822 0.0088287 3.0861e-05 0.0017683 -0.00058173 0 0
0 0 0.23578 0 0 0 0 0 0 0 0 0 0 -0.10162 0.068087 0.20157 -0.0036054 0.039448 -0.015143 0 0
-0 -0 -0.056672 0 0 0 0 0 0 0 0 0 0 0.024426 -0.016365 -0.048448 -0.00047791 -0.0097381 0.0030484 0 0
0 0 0.0026974 0 0 0 0 0 0 0 0 0 0 -0.0011626 0.00077892 0.002306 9.7342e-06 0.00046208 -0.00015117 0 0
-0 -0 -0.16954 0 0 0 0 0 0 0 0 0 0 0.073074 -0.048959 -0.14494 -0.0029777 -0.029209 0.0083649 0 0
-0 -0 -0.31615 0 0 0 0 0 0 0 0 0 0 0.13626 -0.091294 -0.27027 -0.00925 -0.054302 0.013679 0 0
0 0 0.037081 0 0 0 0 0 0 0 0 0 0 -0.015982 0.010708 0.0317 3.0124e-05 0.0063374 -0.0021255 0 0
0 0 0.33281 0 0 0 0 0 0 0 0 0 0 -0.14344 0.096106 0.28452 -0.0076731 0.054832 -0.02239 0 0
-0 -0 -0.19829 0 0 0 0 0 0 0 0 0 0 0.085465 -0.057261 -0.16952 -0.003941 -0.034161 0.0095521 0 0
-0 -0 -0.19903 0 0 0 0 0 0 0 0 0 0 0.085783 -0.057474 -0.17015 -0.0039674 -0.034288 0.0095816 0 0
0 0 0.27234 0 0 0 0 0 0 0 0 0 0 -0.11738 0.078645 0.23283 -0.0049643 0.045319 -0.017811 0 0
-0 -0 -0.16679 0 0 0 0 0 0 0 0 0 0 0.071888 -0.048165 -0.14259 -0.0028925 -0.028734 0.0082478 0 0
-0 -0 -0.0088348 0 0 0 0 0 0 0 0 0 0 0.0038078 -0.0025512 -0.0075528 -4.0167e-05 -0.0015145 0.00049132 0 0
0 0 0.097517 0 0 0 0 0 0 0 0 0 0 -0.04203 0.02816 0.083367 -0.00039994 0.016583 -0.005803 0 0
0 0 0.21148 0 0 0 0 0 0 0 0 0 0 -0.091149 0.06107 0.1808 -0.0028197 0.035501 -0.013413 0 0
0 0 0.055295 0 0 0 0 0 0 0 0 0 0 -0.023832 0.015968 0.047272 -3.6993e-05 0.0094374 -0.0032064 0 0
-0 -0 -0.29525 0 0 0 0 0 0 0 0 0 0 0.12725 -0.085259 -0.25241 -0.0081508 -0.050756 0.013035 0 0
-0 -0 -0.0047374 0 0 0 0 0 0 0 0 0 0 0.0020418 -0.001368 -0.00405 -1.996e-05 -0.00081191 0.00026419 0 0
-0 -0 -0.11696 0 0 0 0 0 0 0 0 0 0 0.050409 -0.033774 -0.099986 -0.0015577 -0.020135 0.0060161 0 0
0 0 0.22645 0 0 0 0 0 0 0 0 0 0 -0.097603 0.065393 0.1936 -0.0032927 0.037937 -0.014474 0 0
0 0 0.017156 0 0 0 0 0 0 0 0 0 0 -0.0073941 0.004954 0.014666 4.1739e-05 0.0029361 -0.00097074 0 0
0 0 0.25867 0 0 0 0 0 0 0 0 0 0 -0.11149 0.074696 0.22114 -0.0044312 0.043133 -0.016804 0 0
0 0 0.029261 0 0 0 0 0 0 0 0 0 0 -0.012612 0.0084498 0.025015 4.2381e-05 0.0050038 -0.0016688 0 0
-0 -0 -0.20919 0 0 0 0 0 0 0 0 0 0 0.090161 -0.060407 -0.17883 -0.0043403 -0.036035 0.0099838 0 0
-0 -0 -0.099002 0 0 0 0 0 0 0 0 0 0 0.04267 -0.028589 -0.084637 -0.0011747 -0.017037 0.0051625 0 0
-0 -0 -0.23956 0 0 0 0 0 0 0 0 0 0 0.10325 -0.069179 -0.2048 -0.0055528 -0.041249 0.011134 0 0
0 0 0.10306 0 0 0 0 0 0 0 0 0 0 -0.04442 0.029761 0.088107 -0.0004691 0.017516 -0.0061532 0 0
-0 -0 -0.20906 0 0 0 0 0 0 0 0 0 0 0.090107 -0.060372 -0.17873 -0.0043357 -0.036013 0.0099789 0 0
0 0 0.31715 0 0 0 0 0 0 0 0 0 0 -0.13669 0.091583 0.27113 -0.0069167 0.052393 -0.021185 0 0
-0 -0 -0.2194 0 0 0 0 0 0 0 0 0 0 0.094563 -0.063357 -0.18757 -0.0047318 -0.03779 0.010379 0 0
0 0 0.27774 0 0 0 0 0 0 0 0 0 0 -0.11971 0.080202 0.23744 -0.0051826 0.046178 -0.018211 0 0
0 0 0.17495 0 0 0 0 0 0 0 0 0 0 -0.075403 0.05052 0.14956 -0.0018161 0.029504 -0.010882 0 0
-0 -0 -0.001214 0 0 0 0 0 0 0 0 0 0 0.00052323 -0.00035056 -0.0010378 -4.7671e-06 -0.00020801 6.786e-05 0 0
0 0 0.32085 0 0 0 0 0 0 0 0 0 0 -0.13829 0.092651 0.27429 -0.0070919 0.052971 -0.021468 0 0
