0 0 0.23682 0 0 0 0 0 0 0 0 0 0 -0.10841 0.059341 0.20201 -0.013612 0.02652 -0.015095 0 0
0 0 0.34041 0 0 0 0 0 0 0 0 0 0 -0.15583 0.085297 0.29038 -0.021451 0.036599 -0.022263 0 0
-0 -0 -0.059954 0 0 0 0 0 0 0 0 0 0 0.027445 -0.015023 -0.051142 0.0024252 -0.0073493 0.0034603 0 0
-0 -0 -0.15839 0 0 0 0 0 0 0 0 0 0 0.072509 -0.039689 -0.13511 0.0054669 -0.01985 0.0087646 0 0
-0 -0 -0.044431 0 0 0 0 0 0 0 0 0 0 0.020339 -0.011133 -0.037901 0.0018384 -0.0054257 0.0025803 0 0
-0 -0 -0.127 0 0 0 0 0 0 0 0 0 0 0.058136 -0.031822 -0.10833 0.0046252 -0.01581 0.0071262 0 0
-0 -0 -0.046254 0 0 0 0 0 0 0 0 0 0 0.021174 -0.01159 -0.039456 0.0019088 -0.0056508 0.0026842 0 0
-0 -0 -0.20417 0 0 0 0 0 0 0 0 0 0 0.093466 -0.05116 -0.17417 0.0064763 -0.025818 0.01106 0 0
0 0 0.26738 0 0 0 0 0 0 0 0 0 0 -0.1224 0.066999 0.22808 -0.015812 0.0296 -0.01718 0 0
-0 -0 -0.056294 0 0 0 0 0 0 0 0 0 0 0.02577 -0.014106 -0.04802 0.0022894 -0.0068945 0.0032538 0 0
0 0 0.043908 0 0 0 0 0 0 0 0 0 0 -0.0201 0.011002 0.037454 -0.0020451 0.0052366 -0.0026357 0 0
0 0 0.14662 0 0 0 0 0 0 0 0 0 0 -0.067121 0.03674 0.12507 -0.0076931 0.016944 -0.0091058 0 0
0 0 0.2893 0 0 0 0 0 0 0 0 0 0 -0.13244 0.072491 0.24678 -0.017449 0.031756 -0.018692 0 0
-0 -0 -0.2612 0 0 0 0 0 0 0 0 0 0 0.11957 -0.06545 -0.22281 0.0073692 -0.033365 0.013756 0 0
-0 -0 -0.11319 0 0 0 0 0 0 0 0 0 0 0.051814 -0.028362 -0.096552 0.0042167 -0.014048 0.0063895 0 0
0 0 0.33277 0 0 0 0 0 0 0 0 0 0 -0.15233 0.083383 0.28386 -0.020836 0.035892 -0.021725 0 0
0 0 0.23417 0 0 0 0 0 0 0 0 0 0 -0.1072 0.058678 0.19976 -0.013426 0.026249 -0.014916 0 0
-0 -0 -0.19124 0 0 0 0 0 0 0 0 0 0 0.087546 -0.04792 -0.16313 0.0062174 -0.024124 0.010423 0 0
-0 -0 -0.1931 0 0 0 0 0 0 0 0 0 0 0.088397 -0.048386 -0.16472 0.0062559 -0.024367 0.010515 0 0
0 0 0.13843 0 0 0 0 0 0 0 0 0 0 -0.063368 0.034686 0.11808 -0.0071989 0.01604 -0.0085749 0 0
-0 -0 -0.038149 0 0 0 0 0 0 0 0 0 0 0.017464 -0.0095591 -0.032542 0.0015927 -0.0046512 0.002221 0 0
-0 -0 -0.20081 0 0 0 0 0 0 0 0 0 0 0.091926 -0.050318 -0.1713 0.006411 -0.025377 0.010895 0 0
-0 -0 -0.25703 0 0 0 0 0 0 0 0 0 0 0.11766 -0.064405 -0.21926 0.0073177 -0.03281 0.013565 0 0
-0 -0 -0.33016 0 0 0 0 0 0 0 0 0 0 0.15114 -0.08273 -0.28164 0.0079054 -0.042626 0.016763 0 0
-0 -0 -0.011778 0 0 0 0 0 0 0 0 0 0 0.0053919 -0.0029514 -0.010047 0.00051015 -0.0014263 0.00069275 0 0
-0 -0 -0.088726 0 0 0 0 0 0 0 0 0 0 0.040616 -0.022232 -0.075686 0.0034361 -0.010951 0.0050608 0 0
0 0 0.090851 0 0 0 0 0 0 0 0 0 0 -0.041589 0.022765 0.077499 -0.0044783 0.010686 -0.0055423 0 0
-0 -0 -0.14216 0 0 0 0 0 0 0 0 0 0 0.065075 -0.03562 -0.12126 0.0050467 -0.017755 0.0079236 0 0
0 0 0.26962 0 0 0 0 0 0 0 0 0 0 -0.12342 0.067559 0.22999 -0.015977 0.029822 -0.017334 0 0
0 0 0.30244 0 0 0 0 0 0 0 0 0 0 -0.13845 0.075784 0.25799 -0.018453 0.033026 -0.019604 0 0
-0 -0 -0.1708 0 0 0 0 0 0 0 0 0 0 0.078186 -0.042797 -0.14569 0.0057659 -0.021458 0.0093975 0 0
0 0 0.10641 0 0 0 0 0 0 0 0 0 0 -0.048711 0.026663 0.09077 -0.0053401 0.012456 -0.0065247 0 0
-0 -0 -0.10967 0 0 0 0 0 0 0 0 0 0 0.050206 -0.027481 -0.093554 0.004109 -0.013601 0.0062004 0 0
-0 -0 -0.024192 0 0 0 0 0 0 0 0 0 0 0.011075 -0.0060619 -0.020637 0.00103 -0.0029391 0.0014161 0 0
0 0 0.052687 0 0 0 0 0 0 0 0 0 0 -0.024119 0.013202 0.044944 -0.0024809 0.0062678 -0.0031725 0 0
-0 -0 -0.3346 0 0 0 0 0 0 0 0 0 0 0.15317 -0.083842 -0.28543 0.0079195 -0.043225 0.016947 0 0
-0 -0 -0.015159 0 0 0 0 0 0 0 0 0 0 0.0069392 -0.0037983 -0.012931 0.00065352 -0.0018373 0.0008904 0 0
-0 -0 -0.3378 0 0 0 0 0 0 0 0 0 0 0.15464 -0.084644 -0.28816 0.0079281 -0.043658 0.017079 0 0
0 0 0.27354 0 0 0 0 0 0 0 0 0 0 -0.12522 0.068542 0.23334 -0.016267 0.03021 -0.017604 0 0
0 0 0.31606 0 0 0 0 0 0 0 0 0 0 -0.14469 0.079197 0.26961 -0.019513 0.034324 -0.020554 0 0
-0 -0 -0.12281 0 0 0 0 0 0 0 0 0 0 0.05622 -0.030773 -0.10476 0.0045039 -0.015275 0.006904 0 0
-0 -0 -0.25268 0 0 0 0 0 0 0 0 0 0 0.11567 -0.063316 -0.21555 0.0072617 -0.032231 0.013365 0 0
-0 -0 -0.10635 0 0 0 0 0 0 0 0 0 0 0.048683 -0.026648 -0.090717 0.0040057 -0.013179 0.0060209 0 0
-0 -0 -0.31013 0 0 0 0 0 0 0 0 0 0 0.14197 -0.07771 -0.26455 0.0078112 -0.039923 0.015919 0 0
0 0 0.0014601 0 0 0 0 0 0 0 0 0 0 -0.00066838 0.00036585 0.0012455 -6.4378e-05 0.00017619 -8.6303e-05 0 0
0 0 0.18481 0 0 0 0 0 0 0 0 0 0 -0.084603 0.046309 0.15765 -0.010093 0.021084 -0.01161 0 0
0 0 0.18261 0 0 0 0 0 0 0 0 0 0 -0.083593 0.045757 0.15577 -0.0099496 0.020848 -0.011464 0 0
-0 -0 -0.29499 0 0 0 0 0 0 0 0 0 0 0.13504 -0.073916 -0.25163 0.0077065 -0.037886 0.015265 0 0
-0 -0 -0.069519 0 0 0 0 0 0 0 0 0 0 0.031824 -0.017419 -0.059301 0.0027723 -0.0085415 0.0039968 0 0
-0 -0 -0.031091 0 0 0 0 0 0 0 0 0 0 0.014232 -0.0077904 -0.026521 0.001311 -0.0037839 0.0018151 0 0
0 0 0.054713 0 0 0 0 0 0 0 0 0 0 -0.025046 0.01371 0.046672 -0.0025828 0.006505 -0.0032968 0 0
-0 -0 -0.20565 0 0 0 0 0 0 0 0 0 0 0.094141 -0.05153 -0.17542 0.0065044 -0.026012 0.011132 0 0
-0 -0 -0.17512 0 0 0 0 0 0 0 0 0 0 0.080167 -0.043881 -0.14939 0.0058658 -0.022021 0.0096164 0 0
0 0 0.29542 0 0 0 0 0 0 0 0 0 0 -0.13523 0.074023 0.252 -0.017914 0.032349 -0.019116 0 0
-0 -0 -0.11449 0 0 0 0 0 0 0 0 0 0 0.05241 -0.028688 -0.097662 0.0042562 -0.014214 0.0064593 0 0
-0 -0 -0.075162 0 0 0 0 0 0 0 0 0 0 0.034407 -0.018833 -0.064115 0.002972 -0.0092473 0.0043112 0 0
-0 -0 -0.30278 0 0 0 0 0 0 0 0 0 0 0.13861 -0.07587 -0.25828 0.007764 -0.038934 0.015603 0 0
-0 -0 -0.13909 0 0 0 0 0 0 0 0 0 0 0.063672 -0.034852 -0.11865 0.0049637 -0.017361 0.0077633 0 0
-0 -0 -0.28197 0 0 0 0 0 0 0 0 0 0 0.12908 -0.070655 -0.24053 0.0075935 -0.036141 0.014691 0 0
0 0 0.20738 0 0 0 0 0 0 0 0 0 0 -0.094931 0.051963 0.1769 -0.011584 0.023472 -0.013111 0 0
-0 -0 -0.039856 0 0 0 0 0 0 0 0 0 0 0.018245 -0.0099867 -0.033998 0.0016599 -0.0048614 0.0023188 0 0
0 0 0.14892 0 0 0 0 0 0 0 0 0 0 -0.06817 0.037314 0.12703 -0.0078326 0.017196 -0.0092546 0 0
-0 -0 -0.13052 0 0 0 0 0 0 0 0 0 0 0.05975 -0.032706 -0.11134 0.0047257 -0.016261 0.0073128 0 0
-0 -0 -0.20159 0 0 0 0 0 0 0 0 0 0 0.09228 -0.050512 -0.17196 0.0064261 -0.025479 0.010933 0 0
0 0 0.25898 0 0 0 0 0 0 0 0 0 0 -0.11856 0.064894 0.22092 -0.015198 0.028762 -0.016605 0 0
-0 -0 -0.15482 0 0 0 0 0 0 0 0 0 0 0.070871 -0.038793 -0.13206 0.0053771 -0.019387 0.0085805 0 0
-0 -0 -0.10422 0 0 0 0 0 0 0 0 0 0 0.047709 -0.026114 -0.088902 0.003939 -0.012909 0.0059058 0 0
-0 -0 -0.18361 0 0 0 0 0 0 0 0 0 0 0.084054 -0.046009 -0.15663 0.006055 -0.023127 0.010043 0 0
0 0 0.20004 0 0 0 0 0 0 0 0 0 0 -0.091573 0.050124 0.17064 -0.011093 0.0227 -0.012621 0 0
-0 -0 -0.18633 0 0 0 0 0 0 0 0 0 0 0.085297 -0.046689 -0.15894 0.0061137 -0.023482 0.010178 0 0
-0 -0 -0.079976 0 0 0 0 0 0 0 0 0 0 0.036611 -0.02004 -0.068222 0.0031392 -0.0098508 0.0045783 0 0
0 0 0.24474 0 0 0 0 0 0 0 0 0 0 -0.11204 0.061325 0.20877 -0.014173 0.027326 -0.015633 0 0
0 0 0.21934 0 0 0 0 0 0 0 0 0 0 -0.10041 0.054962 0.18711 -0.012397 0.02472 -0.013914 0 0
-0 -0 -0.34604 0 0 0 0 0 0 0 0 0 0 0.15841 -0.086708 -0.29518 0.0079443 -0.044774 0.017415 0 0
-0 -0 -0.34565 0 0 0 0 0 0 0 0 0 0 0.15823 -0.086611 -0.29485 0.0079437 -0.044721 0.0174 0 0
0 0 0.0096047 0 0 0 0 0 0 0 0 0 0 -0.0043968 0.0024067 0.0081931 -0.00042809 0.0011565 -0.00056945 0 0
0 0 0.30073 0 0 0 0 0 0 0 0 0 0 -0.13767 0.075356 0.25654 -0.018322 0.032861 -0.019485 0 0
0 0 0.33125 0 0 0 0 0 0 0 0 0 0 -0.15164 0.083002 0.28257 -0.020715 0.03575 -0.021618 0 0
0 0 0.22414 0 0 0 0 0 0 0 0 0 0 -0.1026 0.056163 0.1912 -0.012727 0.025217 -0.014237 0 0
-0 -0 -0.044547 0 0 0 0 0 0 0 0 0 0 0.020392 -0.011162 -0.037999 0.0018428 -0.00544 0.0025869 0 0
0 0 0.23811 0 0 0 0 0 0 0 0 0 0 -0.109 0.059663 0.20311 -0.013703 0.026651 -0.015182 0 0
-0 -0 -0.24031 0 0 0 0 0 0 0 0 0 0 0.11001 -0.060216 -0.20499 0.0070892 -0.030588 0.012789 0 0
0 0 0.32555 0 0 0 0 0 0 0 0 0 0 -0.14903 0.081574 0.2777 -0.020261 0.035218 -0.021218 0 0
-0 -0 -0.141 0 0 0 0 0 0 0 0 0 0 0.064546 -0.03533 -0.12028 0.0050155 -0.017606 0.0078632 0 0
-0 -0 -0.19173 0 0 0 0 0 0 0 0 0 0 0.087767 -0.048041 -0.16355 0.0062275 -0.024187 0.010447 0 0
0 0 0.012922 0 0 0 0 0 0 0 0 0 0 -0.0059152 0.0032378 0.011023 -0.00057845 0.0015545 -0.00076704 0 0
0 0 0.20982 0 0 0 0 0 0 0 0 0 0 -0.096052 0.052576 0.17899 -0.011749 0.023728 -0.013275 0 0
-0 -0 -0.0028791 0 0 0 0 0 0 0 0 0 0 0.001318 -0.00072142 -0.002456 0.00012621 -0.00034783 0.0001699 0 0
-0 -0 -0.16769 0 0 0 0 0 0 0 0 0 0 0.076766 -0.04202 -0.14305 0.0056929 -0.021055 0.00924 0 0
0 0 0.34759 0 0 0 0 0 0 0 0 0 0 -0.15912 0.087096 0.2965 -0.022034 0.037259 -0.022769 0 0
-0 -0 -0.082966 0 0 0 0 0 0 0 0 0 0 0.03798 -0.020789 -0.070772 0.0032417 -0.010226 0.0047436 0 0
0 0 0.27592 0 0 0 0 0 0 0 0 0 0 -0.12631 0.069139 0.23537 -0.016444 0.030446 -0.017768 0 0
0 0 0.18751 0 0 0 0 0 0 0 0 0 0 -0.085837 0.046985 0.15995 -0.010268 0.021372 -0.011788 0 0
-0 -0 -0.28432 0 0 0 0 0 0 0 0 0 0 0.13016 -0.071244 -0.24254 0.0076155 -0.036456 0.014796 0 0
-0 -0 -0.11766 0 0 0 0 0 0 0 0 0 0 0.05386 -0.029481 -0.10036 0.0043514 -0.014617 0.0066289 0 0
-0 -0 -0.13998 0 0 0 0 0 0 0 0 0 0 0.064077 -0.035074 -0.1194 0.0049878 -0.017474 0.0078097 0 0
0 0 0.075528 0 0 0 0 0 0 0 0 0 0 -0.034575 0.018925 0.064427 -0.0036563 0.0089249 -0.0045838 0 0
-0 -0 -0.26151 0 0 0 0 0 0 0 0 0 0 0.11971 -0.065527 -0.22307 0.0073729 -0.033406 0.01377 0 0
0 0 0.049865 0 0 0 0 0 0 0 0 0 0 -0.022827 0.012495 0.042536 -0.0023399 0.0059369 -0.0029996 0 0
0 0 0.27293 0 0 0 0 0 0 0 0 0 0 -0.12494 0.068389 0.23282 -0.016222 0.03015 -0.017562 0 0
