0 0 0 0.15858 0 0 0 0 0 0 0 0.12828 -0.044511 0.081916 0 0
0 0 0 0.11434 0 0 0 0 0 0 0 0.092496 -0.032095 0.059065 0 0
0 0 0 0.0012572 0 0 0 0 0 0 0 0.001017 -0.00035289 0.00064943 0 0
0 0 0 0.059386 0 0 0 0 0 0 0 0.04804 -0.016669 0.030677 0 0
-0 -0 -0 0.085829 0 0 0 0 0 0 0 0.06943 -0.024091 0.044336 0 0
0 0 0 0.18237 0 0 0 0 0 0 0 0.14753 -0.05119 0.094207 0 0
0 0 0 0.0011157 0 0 0 0 0 0 0 0.00090255 -0.00031317 0.00057634 0 0
0 0 0 0.11516 0 0 0 0 0 0 0 0.093155 -0.032323 0.059486 0 0
-0 -0 -0 0.16166 0 0 0 0 0 0 0 0.13077 -0.045375 0.083506 0 0
-0 -0 -0 0.19078 0 0 0 0 0 0 0 0.15433 -0.053549 0.098549 0 0
0 0 0 0.054668 0 0 0 0 0 0 0 0.044223 -0.015345 0.02824 0 0
0 0 0 0.077579 0 0 0 0 0 0 0 0.062757 -0.021775 0.040074 0 0
-0 -0 -0 0.073118 0 0 0 0 0 0 0 0.059148 -0.020523 0.03777 0 0
0 0 0 0.0085789 0 0 0 0 0 0 0 0.0069398 -0.002408 0.0044316 0 0
0 0 0 0.11426 0 0 0 0 0 0 0 0.09243 -0.032072 0.059023 0 0
-0 -0 -0 0.12819 0 0 0 0 0 0 0 0.1037 -0.035981 0.066217 0 0
0 0 0 0.075782 0 0 0 0 0 0 0 0.061302 -0.021271 0.039146 0 0
0 0 0 0.12019 0 0 0 0 0 0 0 0.097222 -0.033734 0.062083 0 0
0 0 0 0.027094 0 0 0 0 0 0 0 0.021918 -0.0076051 0.013996 0 0
0 0 0 0.018494 0 0 0 0 0 0 0 0.01496 -0.005191 0.0095533 0 0
-0 -0 -0 0.071001 0 0 0 0 0 0 0 0.057435 -0.019929 0.036677 0 0
-0 -0 -0 0.13898 0 0 0 0 0 0 0 0.11242 -0.039009 0.071791 0 0
-0 -0 -0 0.034495 0 0 0 0 0 0 0 0.027904 -0.0096823 0.017819 0 0
-0 -0 -0 0.16335 0 0 0 0 0 0 0 0.13214 -0.045851 0.084382 0 0
0 0 0 0.11726 0 0 0 0 0 0 0 0.094855 -0.032913 0.060572 0 0
0 0 0 0.17635 0 0 0 0 0 0 0 0.14266 -0.0495 0.091096 0 0
-0 -0 -0 0.12538 0 0 0 0 0 0 0 0.10142 -0.035192 0.064765 0 0
0 0 0 0.065927 0 0 0 0 0 0 0 0.053331 -0.018505 0.034055 0 0
-0 -0 -0 0.0033759 0 0 0 0 0 0 0 0.0027309 -0.00094756 0.0017438 0 0
0 0 0 0.09776 0 0 0 0 0 0 0 0.079081 -0.02744 0.050499 0 0
0 0 0 0.045478 0 0 0 0 0 0 0 0.036789 -0.012765 0.023492 0 0
-0 -0 -0 0.13247 0 0 0 0 0 0 0 0.10716 -0.037184 0.068432 0 0
-0 -0 -0 0.081026 0 0 0 0 0 0 0 0.065545 -0.022743 0.041855 0 0
0 0 0 0.012402 0 0 0 0 0 0 0 0.010032 -0.003481 0.0064062 0 0
-0 -0 -0 0.10314 0 0 0 0 0 0 0 0.083436 -0.028951 0.05328 0 0
0 0 0 0.045861 0 0 0 0 0 0 0 0.037098 -0.012872 0.02369 0 0
-0 -0 -0 0.077256 0 0 0 0 0 0 0 0.062495 -0.021685 0.039908 0 0
0 0 0 0.13549 0 0 0 0 0 0 0 0.1096 -0.038029 0.069987 0 0
-0 -0 -0 0.090673 0 0 0 0 0 0 0 0.073348 -0.025451 0.046838 0 0
0 0 0 0.10824 0 0 0 0 0 0 0 0.087556 -0.03038 0.055911 0 0
-0 -0 -0 0.16834 0 0 0 0 0 0 0 0.13618 -0.047252 0.08696 0 0
-0 -0 -0 0.027986 0 0 0 0 0 0 0 0.022639 -0.0078552 0.014456 0 0
0 0 0 0.14321 0 0 0 0 0 0 0 0.11585 -0.040198 0.073978 0 0
-0 -0 -0 0.023076 0 0 0 0 0 0 0 0.018667 -0.0064772 0.01192 0 0
0 0 0 0.083627 0 0 0 0 0 0 0 0.067649 -0.023473 0.043199 0 0
-0 -0 -0 0.004913 0 0 0 0 0 0 0 0.0039743 -0.001379 0.0025379 0 0
-0 -0 -0 0.13367 0 0 0 0 0 0 0 0.10813 -0.037521 0.069051 0 0
-0 -0 -0 0.10345 0 0 0 0 0 0 0 0.083688 -0.029038 0.053441 0 0
0 0 0 0.0021273 0 0 0 0 0 0 0 0.0017209 -0.00059711 0.0010989 0 0
0 0 0 0.12031 0 0 0 0 0 0 0 0.097321 -0.033769 0.062146 0 0
-0 -0 -0 0.10721 0 0 0 0 0 0 0 0.086722 -0.030091 0.055378 0 0
0 0 0 0.0045396 0 0 0 0 0 0 0 0.0036722 -0.0012742 0.002345 0 0
0 0 0 0.064609 0 0 0 0 0 0 0 0.052264 -0.018135 0.033374 0 0
0 0 0 0.03383 0 0 0 0 0 0 0 0.027366 -0.0094956 0.017475 0 0
-0 -0 -0 0.10549 0 0 0 0 0 0 0 0.085335 -0.02961 0.054492 0 0
-0 -0 -0 0.043056 0 0 0 0 0 0 0 0.03483 -0.012085 0.022241 0 0
0 0 0 0.16497 0 0 0 0 0 0 0 0.13345 -0.046306 0.085219 0 0
-0 -0 -0 0.088748 0 0 0 0 0 0 0 0.071792 -0.02491 0.045844 0 0
0 0 0 0.078688 0 0 0 0 0 0 0 0.063654 -0.022087 0.040647 0 0
-0 -0 -0 0.15142 0 0 0 0 0 0 0 0.12249 -0.042502 0.078218 0 0
0 0 0 0.015077 0 0 0 0 0 0 0 0.012197 -0.004232 0.0077884 0 0
-0 -0 -0 0.072335 0 0 0 0 0 0 0 0.058515 -0.020304 0.037366 0 0
0 0 0 0.11894 0 0 0 0 0 0 0 0.096211 -0.033384 0.061438 0 0
0 0 0 0.047752 0 0 0 0 0 0 0 0.038628 -0.013403 0.024667 0 0
-0 -0 -0 0.17955 0 0 0 0 0 0 0 0.14525 -0.050398 0.092751 0 0
0 0 0 0.10946 0 0 0 0 0 0 0 0.088545 -0.030724 0.056542 0 0
-0 -0 -0 0.1633 0 0 0 0 0 0 0 0.1321 -0.045836 0.084353 0 0
-0 -0 -0 0.099849 0 0 0 0 0 0 0 0.080772 -0.028026 0.051578 0 0
-0 -0 -0 0.19682 0 0 0 0 0 0 0 0.15922 -0.055245 0.10167 0 0
0 0 0 0.090446 0 0 0 0 0 0 0 0.073165 -0.025387 0.046721 0 0
0 0 0 0.13173 0 0 0 0 0 0 0 0.10656 -0.036976 0.068048 0 0
-0 -0 -0 0.075062 0 0 0 0 0 0 0 0.060721 -0.021069 0.038774 0 0
-0 -0 -0 0.040955 0 0 0 0 0 0 0 0.03313 -0.011496 0.021156 0 0
-0 -0 -0 0.11834 0 0 0 0 0 0 0 0.095732 -0.033217 0.061132 0 0
-0 -0 -0 0.14926 0 0 0 0 0 0 0 0.12074 -0.041896 0.077104 0 0
0 0 0 0.1957 0 0 0 0 0 0 0 0.15831 -0.05493 0.10109 0 0
0 0 0 0.19482 0 0 0 0 0 0 0 0.1576 -0.054683 0.10064 0 0
-0 -0 -0 0.18294 0 0 0 0 0 0 0 0.14799 -0.051349 0.0945 0 0
0 0 0 0.018192 0 0 0 0 0 0 0 0.014716 -0.0051062 0.0093971 0 0
0 0 0 0.14777 0 0 0 0 0 0 0 0.11954 -0.041477 0.076333 0 0
-0 -0 -0 0.099006 0 0 0 0 0 0 0 0.080089 -0.02779 0.051143 0 0
-0 -0 -0 0.0043427 0 0 0 0 0 0 0 0.0035129 -0.0012189 0.0022433 0 0
0 0 0 0.14847 0 0 0 0 0 0 0 0.1201 -0.041674 0.076695 0 0
-0 -0 -0 0.14839 0 0 0 0 0 0 0 0.12004 -0.041652 0.076655 0 0
-0 -0 -0 0.16972 0 0 0 0 0 0 0 0.13729 -0.047638 0.087671 0 0
-0 -0 -0 0.088413 0 0 0 0 0 0 0 0.071521 -0.024816 0.045671 0 0
0 0 0 0.068975 0 0 0 0 0 0 0 0.055796 -0.01936 0.03563 0 0
0 0 0 0.10495 0 0 0 0 0 0 0 0.084895 -0.029457 0.054212 0 0
-0 -0 -0 0.14851 0 0 0 0 0 0 0 0.12013 -0.041685 0.076715 0 0
-0 -0 -0 0.050049 0 0 0 0 0 0 0 0.040487 -0.014048 0.025854 0 0
-0 -0 -0 0.017256 0 0 0 0 0 0 0 0.013959 -0.0048436 0.0089139 0 0
-0 -0 -0 0.083621 0 0 0 0 0 0 0 0.067644 -0.023471 0.043195 0 0
0 0 0 0.18952 0 0 0 0 0 0 0 0.15331 -0.053196 0.097899 0 0
0 0 0 0.019828 0 0 0 0 0 0 0 0.01604 -0.0055655 0.010243 0 0
-0 -0 -0 0.040119 0 0 0 0 0 0 0 0.032454 -0.011261 0.020724 0 0
-0 -0 -0 0.10413 0 0 0 0 0 0 0 0.084234 -0.029228 0.053789 0 0
0 0 0 0.0096343 0 0 0 0 0 0 0 0.0077935 -0.0027042 0.0049767 0 0
-0 -0 -0 0.095889 0 0 0 0 0 0 0 0.077568 -0.026915 0.049533 0 0
-0 -0 -0 0.055755 0 0 0 0 0 0 0 0.045103 -0.01565 0.028801 0 0
0 0 0 0.18093 0 0 0 0 0 0 0 0.14636 -0.050784 0.093461 0 0
