0 0 0 0.14271 0 0 0 0 0 0 0 0.12364 0.0063568 0.070985 0 0
-0 -0 -0 0.081208 0 0 0 0 0 0 0 0.070356 0.0036174 0.040394 0 0
0 0 0 0.063745 0 0 0 0 0 0 0 0.055227 0.0028395 0.031708 0 0
-0 -0 -0 0.017251 0 0 0 0 0 0 0 0.014946 0.00076846 0.0085812 0 0
0 0 0 0.14082 0 0 0 0 0 0 0 0.122 0.0062725 0.070044 0 0
-0 -0 -0 0.035124 0 0 0 0 0 0 0 0.030431 0.0015646 0.017471 0 0
-0 -0 -0 0.005545 0 0 0 0 0 0 0 0.004804 0.000247 0.0027582 0 0
0 0 0 0.046953 0 0 0 0 0 0 0 0.040678 0.0020915 0.023355 0 0
0 0 0 0.11061 0 0 0 0 0 0 0 0.095829 0.0049271 0.055019 0 0
-0 -0 -0 0.15082 0 0 0 0 0 0 0 0.13066 0.006718 0.075019 0 0
0 0 0 0.099591 0 0 0 0 0 0 0 0.086282 0.0044362 0.049538 0 0
0 0 0 0.17659 0 0 0 0 0 0 0 0.15299 0.0078661 0.087839 0 0
0 0 0 0.14419 0 0 0 0 0 0 0 0.12492 0.0064229 0.071723 0 0
-0 -0 -0 0.17566 0 0 0 0 0 0 0 0.15219 0.0078248 0.087378 0 0
0 0 0 0.15957 0 0 0 0 0 0 0 0.13824 0.0071078 0.079372 0 0
-0 -0 -0 0.18291 0 0 0 0 0 0 0 0.15847 0.0081478 0.090985 0 0
0 0 0 0.070889 0 0 0 0 0 0 0 0.061416 0.0031577 0.035261 0 0
0 0 0 0.015519 0 0 0 0 0 0 0 0.013445 0.0006913 0.0077196 0 0
-0 -0 -0 0.014027 0 0 0 0 0 0 0 0.012153 0.00062484 0.0069774 0 0
-0 -0 -0 0.093825 0 0 0 0 0 0 0 0.081287 0.0041794 0.04667 0 0
-0 -0 -0 0.089013 0 0 0 0 0 0 0 0.077118 0.003965 0.044277 0 0
0 0 0 0.018387 0 0 0 0 0 0 0 0.01593 0.00081906 0.0091463 0 0
-0 -0 -0 0.13451 0 0 0 0 0 0 0 0.11653 0.0059915 0.066905 0 0
0 0 0 0.051989 0 0 0 0 0 0 0 0.045041 0.0023158 0.02586 0 0
0 0 0 0.13057 0 0 0 0 0 0 0 0.11312 0.0058162 0.064948 0 0
0 0 0 0.14819 0 0 0 0 0 0 0 0.12839 0.006601 0.073712 0 0
0 0 0 0.045959 0 0 0 0 0 0 0 0.039817 0.0020472 0.022861 0 0
-0 -0 -0 0.12464 0 0 0 0 0 0 0 0.10799 0.0055522 0.062 0 0
0 0 0 0.10105 0 0 0 0 0 0 0 0.087547 0.0045012 0.050264 0 0
-0 -0 -0 0.14893 0 0 0 0 0 0 0 0.12903 0.006634 0.074081 0 0
0 0 0 0.12527 0 0 0 0 0 0 0 0.10853 0.0055799 0.06231 0 0
0 0 0 0.071071 0 0 0 0 0 0 0 0.061574 0.0031658 0.035352 0 0
0 0 0 0.17252 0 0 0 0 0 0 0 0.14946 0.0076847 0.085814 0 0
-0 -0 -0 0.021891 0 0 0 0 0 0 0 0.018965 0.00097511 0.010889 0 0
0 0 0 0.072508 0 0 0 0 0 0 0 0.062819 0.0032298 0.036067 0 0
-0 -0 -0 0.043588 0 0 0 0 0 0 0 0.037763 0.0019416 0.021681 0 0
-0 -0 -0 0.19802 0 0 0 0 0 0 0 0.17156 0.0088208 0.0985 0 0
-0 -0 -0 0.13406 0 0 0 0 0 0 0 0.11615 0.0059717 0.066684 0 0
0 0 0 0.063387 0 0 0 0 0 0 0 0.054917 0.0028236 0.03153 0 0
0 0 0 0.10244 0 0 0 0 0 0 0 0.08875 0.0045631 0.050955 0 0
0 0 0 0.059 0 0 0 0 0 0 0 0.051116 0.0026281 0.029348 0 0
-0 -0 -0 0.15244 0 0 0 0 0 0 0 0.13207 0.0067903 0.075826 0 0
-0 -0 -0 0.13764 0 0 0 0 0 0 0 0.11925 0.0061313 0.068467 0 0
-0 -0 -0 0.10914 0 0 0 0 0 0 0 0.094557 0.0048617 0.054289 0 0
0 0 0 0.13479 0 0 0 0 0 0 0 0.11678 0.0060043 0.067049 0 0
0 0 0 0.082471 0 0 0 0 0 0 0 0.07145 0.0036736 0.041022 0 0
0 0 0 0.075022 0 0 0 0 0 0 0 0.064996 0.0033418 0.037317 0 0
-0 -0 -0 0.069789 0 0 0 0 0 0 0 0.060463 0.0031087 0.034714 0 0
-0 -0 -0 0.12409 0 0 0 0 0 0 0 0.10751 0.0055277 0.061726 0 0
-0 -0 -0 0.15705 0 0 0 0 0 0 0 0.13607 0.0069959 0.078122 0 0
-0 -0 -0 0.11204 0 0 0 0 0 0 0 0.09707 0.0049909 0.055732 0 0
0 0 0 0.18889 0 0 0 0 0 0 0 0.16365 0.0084139 0.093956 0 0
-0 -0 -0 0.1929 0 0 0 0 0 0 0 0.16712 0.0085926 0.095952 0 0
0 0 0 0.1865 0 0 0 0 0 0 0 0.16158 0.0083075 0.092769 0 0
0 0 0 0.04311 0 0 0 0 0 0 0 0.037349 0.0019203 0.021444 0 0
-0 -0 -0 0.062349 0 0 0 0 0 0 0 0.054017 0.0027773 0.031013 0 0
0 0 0 0.14587 0 0 0 0 0 0 0 0.12638 0.0064978 0.072559 0 0
0 0 0 0.1365 0 0 0 0 0 0 0 0.11826 0.0060802 0.067896 0 0
0 0 0 0.075871 0 0 0 0 0 0 0 0.065732 0.0033796 0.037739 0 0
-0 -0 -0 0.0081599 0 0 0 0 0 0 0 0.0070695 0.00036348 0.0040589 0 0
-0 -0 -0 0.022029 0 0 0 0 0 0 0 0.019085 0.00098126 0.010957 0 0
0 0 0 0.18296 0 0 0 0 0 0 0 0.15851 0.0081497 0.091006 0 0
0 0 0 0.0063853 0 0 0 0 0 0 0 0.005532 0.00028443 0.0031762 0 0
-0 -0 -0 0.15284 0 0 0 0 0 0 0 0.13242 0.0068084 0.076028 0 0
-0 -0 -0 0.18169 0 0 0 0 0 0 0 0.15741 0.0080932 0.090375 0 0
0 0 0 0.021309 0 0 0 0 0 0 0 0.018461 0.00094919 0.010599 0 0
0 0 0 0.18132 0 0 0 0 0 0 0 0.15709 0.0080769 0.090193 0 0
0 0 0 0.19482 0 0 0 0 0 0 0 0.16879 0.0086782 0.096907 0 0
-0 -0 -0 0.056104 0 0 0 0 0 0 0 0.048607 0.0024991 0.027907 0 0
-0 -0 -0 0.14945 0 0 0 0 0 0 0 0.12948 0.0066573 0.074341 0 0
0 0 0 0.011275 0 0 0 0 0 0 0 0.0097679 0.00050222 0.0056081 0 0
0 0 0 0.1427 0 0 0 0 0 0 0 0.12363 0.0063566 0.070983 0 0
0 0 0 0.037583 0 0 0 0 0 0 0 0.032561 0.0016741 0.018694 0 0
0 0 0 0.17145 0 0 0 0 0 0 0 0.14853 0.007637 0.08528 0 0
0 0 0 0.011976 0 0 0 0 0 0 0 0.010376 0.00053349 0.0059573 0 0
-0 -0 -0 0.020529 0 0 0 0 0 0 0 0.017786 0.00091445 0.010211 0 0
-0 -0 -0 0.03242 0 0 0 0 0 0 0 0.028088 0.0014441 0.016126 0 0
-0 -0 -0 0.19944 0 0 0 0 0 0 0 0.17279 0.008884 0.099206 0 0
0 0 0 0.12461 0 0 0 0 0 0 0 0.10796 0.0055507 0.061983 0 0
-0 -0 -0 0.12949 0 0 0 0 0 0 0 0.11219 0.0057681 0.064412 0 0
0 0 0 0.16703 0 0 0 0 0 0 0 0.14471 0.0074402 0.083083 0 0
-0 -0 -0 0.086144 0 0 0 0 0 0 0 0.074632 0.0038372 0.042849 0 0
-0 -0 -0 0.11406 0 0 0 0 0 0 0 0.098816 0.0050807 0.056735 0 0
0 0 0 0.10265 0 0 0 0 0 0 0 0.08893 0.0045724 0.051059 0 0
-0 -0 -0 0.17502 0 0 0 0 0 0 0 0.15163 0.0077961 0.087057 0 0
-0 -0 -0 0.12861 0 0 0 0 0 0 0 0.11142 0.0057288 0.063973 0 0
-0 -0 -0 0.09224 0 0 0 0 0 0 0 0.079914 0.0041088 0.045882 0 0
-0 -0 -0 0.13161 0 0 0 0 0 0 0 0.11402 0.0058625 0.065466 0 0
0 0 0 0.13975 0 0 0 0 0 0 0 0.12107 0.0062249 0.069512 0 0
0 0 0 0.17206 0 0 0 0 0 0 0 0.14906 0.0076642 0.085584 0 0
-0 -0 -0 0.13187 0 0 0 0 0 0 0 0.11425 0.0058742 0.065596 0 0
-0 -0 -0 0.1505 0 0 0 0 0 0 0 0.13039 0.0067039 0.074861 0 0
0 0 0 0.096005 0 0 0 0 0 0 0 0.083176 0.0042765 0.047755 0 0
-0 -0 -0 0.10732 0 0 0 0 0 0 0 0.092977 0.0047804 0.053382 0 0
0 0 0 0.12766 0 0 0 0 0 0 0 0.1106 0.0056863 0.063498 0 0
0 0 0 0.15601 0 0 0 0 0 0 0 0.13516 0.0069494 0.077603 0 0
-0 -0 -0 0.051137 0 0 0 0 0 0 0 0.044303 0.0022779 0.025436 0 0
-0 -0 -0 0.16673 0 0 0 0 0 0 0 0.14445 0.0074267 0.082933 0 0
0 0 0 0.029606 0 0 0 0 0 0 0 0.02565 0.0013188 0.014727 0 0
-0 -0 -0 0.002665 0 0 0 0 0 0 0 0.0023089 0.00011871 0.0013256 0 0
