0 0 0 0.06463 0 0 0 0 0 -0 -0 0.047749 -0.027855 0.033482 0 0
0 0 0 0.019731 0 0 0 0 0 -0 -0 0.014578 -0.0085043 0.010222 0 0
-0 -0 -0 0.08717 0 0 0 0 0 -0 -0 0.064403 -0.037571 0.04516 0 0
-0 -0 -0 0.16792 0 0 0 0 0 -0 -0 0.12406 -0.072374 0.086993 0 0
0 0 0 0.13287 0 0 0 0 0 -0 -0 0.098165 -0.057267 0.068834 0 0
-0 -0 -0 0.11258 0 0 0 0 0 -0 -0 0.083179 -0.048524 0.058326 0 0
0 0 0 0.041505 0 0 0 0 0 -0 -0 0.030664 -0.017889 0.021502 0 0
-0 -0 -0 0.19965 0 0 0 0 0 -0 -0 0.1475 -0.086048 0.10343 0 0
-0 -0 -0 0.19043 0 0 0 0 0 -0 -0 0.1407 -0.082078 0.098657 0 0
-0 -0 -0 0.15025 0 0 0 0 0 -0 -0 0.11101 -0.064759 0.077841 0 0
-0 -0 -0 0.078753 0 0 0 0 0 -0 -0 0.058184 -0.033943 0.040799 0 0
0 0 0 0.040565 0 0 0 0 0 -0 -0 0.02997 -0.017484 0.021015 0 0
0 0 0 0.1861 0 0 0 0 0 -0 -0 0.13749 -0.08021 0.096412 0 0
0 0 0 0.095215 0 0 0 0 0 -0 -0 0.070346 -0.041038 0.049327 0 0
-0 -0 -0 0.15795 0 0 0 0 0 -0 -0 0.1167 -0.068077 0.081829 0 0
0 0 0 0.16163 0 0 0 0 0 -0 -0 0.11942 -0.069664 0.083736 0 0
-0 -0 -0 0.062616 0 0 0 0 0 -0 -0 0.046261 -0.026987 0.032439 0 0
-0 -0 -0 0.1189 0 0 0 0 0 -0 -0 0.087847 -0.051247 0.061599 0 0
0 0 0 0.16032 0 0 0 0 0 -0 -0 0.11845 -0.069099 0.083057 0 0
0 0 0 0.17701 0 0 0 0 0 -0 -0 0.13078 -0.076291 0.091701 0 0
0 0 0 0.039073 0 0 0 0 0 -0 -0 0.028868 -0.016841 0.020242 0 0
-0 -0 -0 0.12459 0 0 0 0 0 -0 -0 0.092046 -0.053697 0.064543 0 0
-0 -0 -0 0.16102 0 0 0 0 0 -0 -0 0.11897 -0.069402 0.083421 0 0
-0 -0 -0 0.16226 0 0 0 0 0 -0 -0 0.11988 -0.069934 0.08406 0 0
0 0 0 0.035159 0 0 0 0 0 -0 -0 0.025976 -0.015154 0.018215 0 0
-0 -0 -0 0.13612 0 0 0 0 0 -0 -0 0.10056 -0.058666 0.070517 0 0
-0 -0 -0 0.17445 0 0 0 0 0 -0 -0 0.12888 -0.075187 0.090374 0 0
-0 -0 -0 0.15621 0 0 0 0 0 -0 -0 0.11541 -0.067328 0.080928 0 0
-0 -0 -0 0.1569 0 0 0 0 0 -0 -0 0.11592 -0.067623 0.081282 0 0
0 0 0 0.032305 0 0 0 0 0 -0 -0 0.023867 -0.013924 0.016736 0 0
0 0 0 0.15383 0 0 0 0 0 -0 -0 0.11365 -0.066301 0.079693 0 0
0 0 0 0.017986 0 0 0 0 0 -0 -0 0.013289 -0.0077522 0.0093181 0 0
-0 -0 -0 0.18371 0 0 0 0 0 -0 -0 0.13573 -0.079178 0.095172 0 0
0 0 0 0.14294 0 0 0 0 0 -0 -0 0.10561 -0.061607 0.074051 0 0
-0 -0 -0 0.050867 0 0 0 0 0 -0 -0 0.037582 -0.021924 0.026353 0 0
0 0 0 0.19988 0 0 0 0 0 -0 -0 0.14768 -0.086149 0.10355 0 0
-0 -0 -0 0.15991 0 0 0 0 0 -0 -0 0.11814 -0.068919 0.082841 0 0
-0 -0 -0 0.13687 0 0 0 0 0 -0 -0 0.10112 -0.058991 0.070907 0 0
-0 -0 -0 0.055263 0 0 0 0 0 -0 -0 0.040829 -0.023819 0.02863 0 0
0 0 0 0.069962 0 0 0 0 0 -0 -0 0.051689 -0.030154 0.036245 0 0
0 0 0 0.036371 0 0 0 0 0 -0 -0 0.026871 -0.015676 0.018842 0 0
-0 -0 -0 0.059521 0 0 0 0 0 -0 -0 0.043975 -0.025653 0.030835 0 0
-0 -0 -0 0.10886 0 0 0 0 0 -0 -0 0.080428 -0.046919 0.056397 0 0
0 0 0 0.11978 0 0 0 0 0 -0 -0 0.088492 -0.051624 0.062052 0 0
-0 -0 -0 0.10342 0 0 0 0 0 -0 -0 0.076405 -0.044572 0.053576 0 0
0 0 0 0.11722 0 0 0 0 0 -0 -0 0.086604 -0.050522 0.060727 0 0
-0 -0 -0 0.014591 0 0 0 0 0 -0 -0 0.01078 -0.0062886 0.0075589 0 0
0 0 0 0.10832 0 0 0 0 0 -0 -0 0.080029 -0.046686 0.056117 0 0
-0 -0 -0 0.071089 0 0 0 0 0 -0 -0 0.052522 -0.03064 0.036829 0 0
-0 -0 -0 0.14756 0 0 0 0 0 -0 -0 0.10902 -0.0636 0.076448 0 0
-0 -0 -0 0.10151 0 0 0 0 0 -0 -0 0.074999 -0.043752 0.05259 0 0
0 0 0 0.066568 0 0 0 0 0 -0 -0 0.049182 -0.028691 0.034487 0 0
-0 -0 -0 0.06823 0 0 0 0 0 -0 -0 0.05041 -0.029407 0.035348 0 0
0 0 0 0.19053 0 0 0 0 0 -0 -0 0.14077 -0.08212 0.098708 0 0
-0 -0 -0 0.0907 0 0 0 0 0 -0 -0 0.067011 -0.039092 0.046988 0 0
-0 -0 -0 0.1089 0 0 0 0 0 -0 -0 0.080455 -0.046935 0.056416 0 0
-0 -0 -0 0.057539 0 0 0 0 0 -0 -0 0.042511 -0.0248 0.029809 0 0
-0 -0 -0 0.12213 0 0 0 0 0 -0 -0 0.090233 -0.052639 0.063272 0 0
-0 -0 -0 0.056595 0 0 0 0 0 -0 -0 0.041813 -0.024393 0.02932 0 0
-0 -0 -0 0.042259 0 0 0 0 0 -0 -0 0.031221 -0.018214 0.021893 0 0
0 0 0 0.019264 0 0 0 0 0 -0 -0 0.014232 -0.0083026 0.0099798 0 0
-0 -0 -0 0.15922 0 0 0 0 0 -0 -0 0.11763 -0.068624 0.082486 0 0
-0 -0 -0 0.061375 0 0 0 0 0 -0 -0 0.045345 -0.026453 0.031796 0 0
0 0 0 0.15943 0 0 0 0 0 -0 -0 0.11779 -0.068715 0.082595 0 0
0 0 0 0.034496 0 0 0 0 0 -0 -0 0.025486 -0.014868 0.017871 0 0
-0 -0 -0 0.16283 0 0 0 0 0 -0 -0 0.1203 -0.070179 0.084355 0 0
-0 -0 -0 0.10355 0 0 0 0 0 -0 -0 0.076501 -0.044628 0.053643 0 0
-0 -0 -0 0.19678 0 0 0 0 0 -0 -0 0.14538 -0.084812 0.10194 0 0
0 0 0 0.10766 0 0 0 0 0 -0 -0 0.079537 -0.0464 0.055772 0 0
0 0 0 0.089154 0 0 0 0 0 -0 -0 0.065868 -0.038426 0.046188 0 0
0 0 0 0.17054 0 0 0 0 0 -0 -0 0.12599 -0.073502 0.088349 0 0
-0 -0 -0 0.11153 0 0 0 0 0 -0 -0 0.082397 -0.048068 0.057778 0 0
0 0 0 0.18337 0 0 0 0 0 -0 -0 0.13548 -0.079034 0.094999 0 0
0 0 0 0.060586 0 0 0 0 0 -0 -0 0.044762 -0.026113 0.031387 0 0
0 0 0 0.00085641 0 0 0 0 0 -0 -0 0.00063273 -0.00036912 0.00044368 0 0
0 0 0 0.19172 0 0 0 0 0 -0 -0 0.14165 -0.082632 0.099324 0 0
0 0 0 0.16415 0 0 0 0 0 -0 -0 0.12127 -0.070747 0.085038 0 0
0 0 0 0.029497 0 0 0 0 0 -0 -0 0.021793 -0.012713 0.015282 0 0
-0 -0 -0 0.075348 0 0 0 0 0 -0 -0 0.055668 -0.032475 0.039035 0 0
0 0 0 0.089236 0 0 0 0 0 -0 -0 0.065929 -0.038461 0.04623 0 0
0 0 0 0.015299 0 0 0 0 0 -0 -0 0.011303 -0.006594 0.0079259 0 0
-0 -0 -0 0.06922 0 0 0 0 0 -0 -0 0.05114 -0.029834 0.03586 0 0
-0 -0 -0 0.0097069 0 0 0 0 0 -0 -0 0.0071716 -0.0041837 0.0050288 0 0
-0 -0 -0 0.10312 0 0 0 0 0 -0 -0 0.076186 -0.044444 0.053422 0 0
-0 -0 -0 0.11434 0 0 0 0 0 -0 -0 0.084476 -0.049281 0.059235 0 0
-0 -0 -0 0.10435 0 0 0 0 0 -0 -0 0.077097 -0.044976 0.054061 0 0
-0 -0 -0 0.044304 0 0 0 0 0 -0 -0 0.032732 -0.019095 0.022952 0 0
-0 -0 -0 0.12612 0 0 0 0 0 -0 -0 0.093177 -0.054356 0.065336 0 0
-0 -0 -0 0.15761 0 0 0 0 0 -0 -0 0.11644 -0.06793 0.081652 0 0
0 0 0 0.02342 0 0 0 0 0 -0 -0 0.017303 -0.010094 0.012133 0 0
0 0 0 0.14296 0 0 0 0 0 -0 -0 0.10562 -0.061615 0.074062 0 0
-0 -0 -0 0.18765 0 0 0 0 0 -0 -0 0.13864 -0.08088 0.097217 0 0
0 0 0 0.16927 0 0 0 0 0 -0 -0 0.12506 -0.072957 0.087694 0 0
-0 -0 -0 0.16304 0 0 0 0 0 -0 -0 0.12046 -0.07027 0.084465 0 0
0 0 0 0.18639 0 0 0 0 0 -0 -0 0.13771 -0.080335 0.096562 0 0
0 0 0 0.12329 0 0 0 0 0 -0 -0 0.091085 -0.053136 0.06387 0 0
0 0 0 0.16802 0 0 0 0 0 -0 -0 0.12413 -0.072415 0.087043 0 0
-0 -0 -0 0.19251 0 0 0 0 0 -0 -0 0.14223 -0.082974 0.099734 0 0
-0 -0 -0 0.16583 0 0 0 0 0 -0 -0 0.12252 -0.071473 0.08591 0 0
-0 -0 -0 0.15432 0 0 0 0 0 -0 -0 0.11402 -0.066514 0.079949 0 0
