0 0 0 0.050598 0 0 0 0 0 0 0 0.043836 0.0022539 0.025168 0 0
0 0 0 0.01513 0 0 0 0 0 0 0 0.013108 0.00067397 0.0075261 0 0
-0 -0 -0 0.034781 0 0 0 0 0 0 0 0.030133 0.0015493 0.017301 0 0
-0 -0 -0 0.10974 0 0 0 0 0 0 0 0.095078 0.0048885 0.054589 0 0
0 0 0 0.12514 0 0 0 0 0 0 0 0.10842 0.0055742 0.062246 0 0
0 0 0 0.12872 0 0 0 0 0 0 0 0.11152 0.0057336 0.064026 0 0
-0 -0 -0 0.025943 0 0 0 0 0 0 0 0.022477 0.0011556 0.012905 0 0
-0 -0 -0 0.19955 0 0 0 0 0 0 0 0.17288 0.0088887 0.099258 0 0
0 0 0 0.19227 0 0 0 0 0 0 0 0.16657 0.0085645 0.095638 0 0
-0 -0 -0 0.041356 0 0 0 0 0 0 0 0.035829 0.0018422 0.020571 0 0
0 0 0 0.16743 0 0 0 0 0 0 0 0.14506 0.0074582 0.083285 0 0
0 0 0 0.07771 0 0 0 0 0 0 0 0.067326 0.0034616 0.038654 0 0
0 0 0 0.16245 0 0 0 0 0 0 0 0.14074 0.0072362 0.080805 0 0
0 0 0 0.047966 0 0 0 0 0 0 0 0.041556 0.0021366 0.023859 0 0
0 0 0 0.11321 0 0 0 0 0 0 0 0.098081 0.0050428 0.056312 0 0
0 0 0 0.094106 0 0 0 0 0 0 0 0.08153 0.0041919 0.04681 0 0
0 0 0 0.056576 0 0 0 0 0 0 0 0.049015 0.0025201 0.028142 0 0
-0 -0 -0 0.1094 0 0 0 0 0 0 0 0.094784 0.0048733 0.054419 0 0
-0 -0 -0 0.16775 0 0 0 0 0 0 0 0.14533 0.0074721 0.08344 0 0
-0 -0 -0 0.16854 0 0 0 0 0 0 0 0.14602 0.0075077 0.083837 0 0
-0 -0 -0 0.15909 0 0 0 0 0 0 0 0.13783 0.0070864 0.079132 0 0
-0 -0 -0 0.1584 0 0 0 0 0 0 0 0.13723 0.0070558 0.078791 0 0
-0 -0 -0 0.15103 0 0 0 0 0 0 0 0.13085 0.0067275 0.075125 0 0
0 0 0 0.16776 0 0 0 0 0 0 0 0.14534 0.0074728 0.083447 0 0
0 0 0 0.18574 0 0 0 0 0 0 0 0.16092 0.0082737 0.09239 0 0
-0 -0 -0 0.015444 0 0 0 0 0 0 0 0.01338 0.00068794 0.007682 0 0
-0 -0 -0 0.11632 0 0 0 0 0 0 0 0.10078 0.0051815 0.05786 0 0
0 0 0 0.12694 0 0 0 0 0 0 0 0.10998 0.0056546 0.063143 0 0
0 0 0 0.10138 0 0 0 0 0 0 0 0.087835 0.004516 0.05043 0 0
0 0 0 0.088788 0 0 0 0 0 0 0 0.076923 0.003955 0.044165 0 0
-0 -0 -0 0.029783 0 0 0 0 0 0 0 0.025803 0.0013267 0.014815 0 0
-0 -0 -0 0.16248 0 0 0 0 0 0 0 0.14076 0.0072374 0.080818 0 0
-0 -0 -0 0.069449 0 0 0 0 0 0 0 0.060168 0.0030936 0.034545 0 0
-0 -0 -0 0.16579 0 0 0 0 0 0 0 0.14364 0.0073852 0.082468 0 0
-0 -0 -0 0.025662 0 0 0 0 0 0 0 0.022233 0.0011431 0.012765 0 0
-0 -0 -0 0.13607 0 0 0 0 0 0 0 0.11789 0.0060611 0.067683 0 0
-0 -0 -0 0.017101 0 0 0 0 0 0 0 0.014816 0.00076177 0.0085065 0 0
-0 -0 -0 0.18708 0 0 0 0 0 0 0 0.16208 0.0083335 0.093058 0 0
0 0 0 0.15144 0 0 0 0 0 0 0 0.13121 0.0067459 0.07533 0 0
-0 -0 -0 0.13628 0 0 0 0 0 0 0 0.11807 0.0060706 0.067789 0 0
0 0 0 0.19114 0 0 0 0 0 0 0 0.1656 0.0085141 0.095076 0 0
0 0 0 0.14332 0 0 0 0 0 0 0 0.12417 0.0063842 0.07129 0 0
0 0 0 0.049868 0 0 0 0 0 0 0 0.043204 0.0022213 0.024805 0 0
0 0 0 0.11666 0 0 0 0 0 0 0 0.10107 0.0051966 0.058029 0 0
-0 -0 -0 0.19025 0 0 0 0 0 0 0 0.16483 0.0084747 0.094635 0 0
0 0 0 0.063628 0 0 0 0 0 0 0 0.055125 0.0028343 0.03165 0 0
0 0 0 0.0058182 0 0 0 0 0 0 0 0.0050407 0.00025917 0.0028941 0 0
-0 -0 -0 0.016407 0 0 0 0 0 0 0 0.014214 0.00073082 0.0081609 0 0
0 0 0 0.019109 0 0 0 0 0 0 0 0.016556 0.00085121 0.0095053 0 0
0 0 0 0.17804 0 0 0 0 0 0 0 0.15425 0.0079306 0.088559 0 0
0 0 0 0.026169 0 0 0 0 0 0 0 0.022672 0.0011657 0.013017 0 0
0 0 0 0.064007 0 0 0 0 0 0 0 0.055453 0.0028511 0.031838 0 0
-0 -0 -0 0.16578 0 0 0 0 0 0 0 0.14362 0.0073844 0.08246 0 0
-0 -0 -0 0.19109 0 0 0 0 0 0 0 0.16556 0.0085122 0.095054 0 0
0 0 0 0.094797 0 0 0 0 0 0 0 0.082129 0.0042227 0.047154 0 0
-0 -0 -0 0.1491 0 0 0 0 0 0 0 0.12917 0.0066414 0.074163 0 0
-0 -0 -0 0.041156 0 0 0 0 0 0 0 0.035656 0.0018333 0.020472 0 0
0 0 0 0.10757 0 0 0 0 0 0 0 0.093197 0.0047918 0.053508 0 0
-0 -0 -0 0.17855 0 0 0 0 0 0 0 0.15469 0.0079534 0.088814 0 0
-0 -0 -0 0.10994 0 0 0 0 0 0 0 0.095247 0.0048972 0.054686 0 0
-0 -0 -0 0.16038 0 0 0 0 0 0 0 0.13894 0.0071439 0.079774 0 0
0 0 0 0.090636 0 0 0 0 0 0 0 0.078524 0.0040373 0.045084 0 0
0 0 0 0.076992 0 0 0 0 0 0 0 0.066703 0.0034296 0.038297 0 0
0 0 0 0.040189 0 0 0 0 0 0 0 0.034818 0.0017902 0.019991 0 0
0 0 0 0.076728 0 0 0 0 0 0 0 0.066474 0.0034178 0.038166 0 0
0 0 0 0.13043 0 0 0 0 0 0 0 0.113 0.0058097 0.064876 0 0
-0 -0 -0 0.072428 0 0 0 0 0 0 0 0.062749 0.0032262 0.036027 0 0
0 0 0 0.0495 0 0 0 0 0 0 0 0.042885 0.0022049 0.024622 0 0
-0 -0 -0 0.182 0 0 0 0 0 0 0 0.15768 0.0081073 0.090532 0 0
-0 -0 -0 0.16345 0 0 0 0 0 0 0 0.14161 0.0072807 0.081302 0 0
-0 -0 -0 0.11643 0 0 0 0 0 0 0 0.10087 0.0051865 0.057916 0 0
-0 -0 -0 0.11369 0 0 0 0 0 0 0 0.098494 0.0050641 0.05655 0 0
0 0 0 0.17326 0 0 0 0 0 0 0 0.15011 0.0077178 0.086183 0 0
-0 -0 -0 0.022835 0 0 0 0 0 0 0 0.019784 0.0010172 0.011359 0 0
-0 -0 -0 0.096068 0 0 0 0 0 0 0 0.08323 0.0042793 0.047786 0 0
-0 -0 -0 0.18859 0 0 0 0 0 0 0 0.16339 0.0084005 0.093807 0 0
0 0 0 0.082558 0 0 0 0 0 0 0 0.071525 0.0036775 0.041066 0 0
0 0 0 0.15461 0 0 0 0 0 0 0 0.13395 0.006887 0.076905 0 0
0 0 0 0.067635 0 0 0 0 0 0 0 0.058597 0.0030128 0.033643 0 0
0 0 0 0.12443 0 0 0 0 0 0 0 0.1078 0.0055426 0.061893 0 0
-0 -0 -0 0.01161 0 0 0 0 0 0 0 0.010058 0.00051715 0.0057749 0 0
-0 -0 -0 0.19072 0 0 0 0 0 0 0 0.16524 0.0084956 0.094868 0 0
-0 -0 -0 0.053061 0 0 0 0 0 0 0 0.04597 0.0023636 0.026393 0 0
0 0 0 0.12648 0 0 0 0 0 0 0 0.10958 0.0056341 0.062915 0 0
0 0 0 0.041676 0 0 0 0 0 0 0 0.036107 0.0018565 0.020731 0 0
-0 -0 -0 0.050307 0 0 0 0 0 0 0 0.043584 0.0022409 0.025024 0 0
0 0 0 0.10741 0 0 0 0 0 0 0 0.093057 0.0047845 0.053428 0 0
-0 -0 -0 0.17802 0 0 0 0 0 0 0 0.15423 0.0079298 0.08855 0 0
0 0 0 0.024629 0 0 0 0 0 0 0 0.021338 0.0010971 0.012251 0 0
0 0 0 0.022251 0 0 0 0 0 0 0 0.019277 0.00099115 0.011068 0 0
-0 -0 -0 0.18655 0 0 0 0 0 0 0 0.16162 0.0083099 0.092795 0 0
-0 -0 -0 0.040242 0 0 0 0 0 0 0 0.034864 0.0017926 0.020017 0 0
-0 -0 -0 0.14814 0 0 0 0 0 0 0 0.12835 0.006599 0.073689 0 0
-0 -0 -0 0.17693 0 0 0 0 0 0 0 0.15328 0.0078811 0.088006 0 0
0 0 0 0.18304 0 0 0 0 0 0 0 0.15858 0.0081532 0.091045 0 0
-0 -0 -0 0.1292 0 0 0 0 0 0 0 0.11194 0.0057553 0.064268 0 0
0 0 0 0.15625 0 0 0 0 0 0 0 0.13537 0.00696 0.077721 0 0
0 0 0 0.093548 0 0 0 0 0 0 0 0.081046 0.004167 0.046532 0 0
-0 -0 -0 0.16932 0 0 0 0 0 0 0 0.1467 0.0075425 0.084225 0 0
0 0 0 0.14241 0 0 0 0 0 0 0 0.12338 0.0063437 0.070839 0 0
