-0 -0 -0 0.0089508 0 0 0 0 0 0 0 0.0077547 0.00039871 0.0044523 0 0
-0 -0 -0 0.037661 0 0 0 0 0 0 0 0.032628 0.0016776 0.018733 0 0
-0 -0 -0 0.081919 0 0 0 0 0 0 0 0.070972 0.003649 0.040748 0 0
-0 -0 -0 0.16582 0 0 0 0 0 0 0 0.14366 0.0073864 0.082482 0 0
0 0 0 0.19663 0 0 0 0 0 0 0 0.17035 0.0087586 0.097806 0 0
0 0 0 0.030022 0 0 0 0 0 0 0 0.02601 0.0013373 0.014933 0 0
0 0 0 0.14595 0 0 0 0 0 0 0 0.12645 0.0065014 0.0726 0 0
0 0 0 0.053689 0 0 0 0 0 0 0 0.046514 0.0023915 0.026706 0 0
-0 -0 -0 0.013324 0 0 0 0 0 0 0 0.011543 0.00059351 0.0066276 0 0
0 0 0 0.17508 0 0 0 0 0 0 0 0.15168 0.0077989 0.087089 0 0
0 0 0 0.079959 0 0 0 0 0 0 0 0.069273 0.0035617 0.039773 0 0
-0 -0 -0 0.13636 0 0 0 0 0 0 0 0.11814 0.006074 0.067827 0 0
-0 -0 -0 0.1789 0 0 0 0 0 0 0 0.155 0.0079692 0.08899 0 0
0 0 0 0.0048234 0 0 0 0 0 0 0 0.0041789 0.00021486 0.0023993 0 0
-0 -0 -0 0.12605 0 0 0 0 0 0 0 0.10921 0.0056148 0.0627 0 0
0 0 0 0.049444 0 0 0 0 0 0 0 0.042836 0.0022024 0.024594 0 0
0 0 0 0.1563 0 0 0 0 0 0 0 0.13542 0.0069624 0.077748 0 0
0 0 0 0.14686 0 0 0 0 0 0 0 0.12723 0.0065416 0.073048 0 0
0 0 0 0.024733 0 0 0 0 0 0 0 0.021428 0.0011017 0.012303 0 0
-0 -0 -0 0.089916 0 0 0 0 0 0 0 0.0779 0.0040052 0.044726 0 0
0 0 0 0.049909 0 0 0 0 0 0 0 0.04324 0.0022232 0.024826 0 0
0 0 0 0.13901 0 0 0 0 0 0 0 0.12043 0.0061922 0.069147 0 0
-0 -0 -0 0.078491 0 0 0 0 0 0 0 0.068002 0.0034964 0.039043 0 0
-0 -0 -0 0.033473 0 0 0 0 0 0 0 0.029 0.001491 0.01665 0 0
0 0 0 0.097232 0 0 0 0 0 0 0 0.084239 0.0043311 0.048365 0 0
-0 -0 -0 0.064808 0 0 0 0 0 0 0 0.056148 0.0028869 0.032237 0 0
0 0 0 0.19292 0 0 0 0 0 0 0 0.16714 0.0085933 0.095959 0 0
-0 -0 -0 0.015763 0 0 0 0 0 0 0 0.013657 0.00070216 0.0078409 0 0
0 0 0 0.11982 0 0 0 0 0 0 0 0.10381 0.0053373 0.059601 0 0
-0 -0 -0 0.13879 0 0 0 0 0 0 0 0.12024 0.0061821 0.069034 0 0
0 0 0 0.088467 0 0 0 0 0 0 0 0.076645 0.0039407 0.044005 0 0
0 0 0 0.083423 0 0 0 0 0 0 0 0.072275 0.003716 0.041496 0 0
0 0 0 0.14335 0 0 0 0 0 0 0 0.12419 0.0063855 0.071305 0 0
0 0 0 0.069456 0 0 0 0 0 0 0 0.060175 0.0030939 0.034549 0 0
-0 -0 -0 0.16597 0 0 0 0 0 0 0 0.14379 0.0073932 0.082559 0 0
-0 -0 -0 0.074881 0 0 0 0 0 0 0 0.064874 0.0033355 0.037247 0 0
-0 -0 -0 0.14008 0 0 0 0 0 0 0 0.12136 0.00624 0.06968 0 0
-0 -0 -0 0.19852 0 0 0 0 0 0 0 0.17199 0.0088431 0.098749 0 0
0 0 0 0.11256 0 0 0 0 0 0 0 0.097516 0.0050138 0.055988 0 0
0 0 0 0.16702 0 0 0 0 0 0 0 0.1447 0.0074397 0.083077 0 0
-0 -0 -0 0.048285 0 0 0 0 0 0 0 0.041833 0.0021508 0.024018 0 0
0 0 0 0.017674 0 0 0 0 0 0 0 0.015312 0.00078728 0.0087914 0 0
-0 -0 -0 0.12123 0 0 0 0 0 0 0 0.10503 0.0054001 0.060302 0 0
0 0 0 0.15344 0 0 0 0 0 0 0 0.13294 0.0068349 0.076324 0 0
-0 -0 -0 0.16166 0 0 0 0 0 0 0 0.14006 0.0072012 0.080415 0 0
-0 -0 -0 0.14684 0 0 0 0 0 0 0 0.12722 0.006541 0.073041 0 0
0 0 0 0.0006125 0 0 0 0 0 0 0 0.00053065 2.7284e-05 0.00030467 0 0
0 0 0 0.18501 0 0 0 0 0 0 0 0.16029 0.0082413 0.092029 0 0
0 0 0 0.077095 0 0 0 0 0 0 0 0.066792 0.0034341 0.038348 0 0
0 0 0 0.16074 0 0 0 0 0 0 0 0.13926 0.0071599 0.079953 0 0
0 0 0 0.061053 0 0 0 0 0 0 0 0.052894 0.0027196 0.030369 0 0
0 0 0 0.088598 0 0 0 0 0 0 0 0.076758 0.0039465 0.04407 0 0
0 0 0 0.058464 0 0 0 0 0 0 0 0.050651 0.0026042 0.029081 0 0
0 0 0 0.10998 0 0 0 0 0 0 0 0.095287 0.0048992 0.054708 0 0
-0 -0 -0 0.085849 0 0 0 0 0 0 0 0.074376 0.0038241 0.042703 0 0
0 0 0 0.14764 0 0 0 0 0 0 0 0.12791 0.0065764 0.073438 0 0
0 0 0 0.097607 0 0 0 0 0 0 0 0.084564 0.0043479 0.048552 0 0
-0 -0 -0 0.034172 0 0 0 0 0 0 0 0.029605 0.0015222 0.016998 0 0
0 0 0 0.18767 0 0 0 0 0 0 0 0.16259 0.0083595 0.093349 0 0
0 0 0 0.026204 0 0 0 0 0 0 0 0.022702 0.0011672 0.013034 0 0
-0 -0 -0 0.16433 0 0 0 0 0 0 0 0.14237 0.0073199 0.08174 0 0
-0 -0 -0 0.019186 0 0 0 0 0 0 0 0.016622 0.00085462 0.0095433 0 0
-0 -0 -0 0.18076 0 0 0 0 0 0 0 0.15661 0.0080521 0.089916 0 0
-0 -0 -0 0.18584 0 0 0 0 0 0 0 0.161 0.0082779 0.092438 0 0
0 0 0 0.067852 0 0 0 0 0 0 0 0.058785 0.0030224 0.033751 0 0
-0 -0 -0 0.1272 0 0 0 0 0 0 0 0.1102 0.005666 0.063271 0 0
-0 -0 -0 0.020891 0 0 0 0 0 0 0 0.0181 0.00093059 0.010392 0 0
-0 -0 -0 0.015706 0 0 0 0 0 0 0 0.013607 0.0006996 0.0078123 0 0
0 0 0 0.15912 0 0 0 0 0 0 0 0.13786 0.0070879 0.079149 0 0
0 0 0 0.085406 0 0 0 0 0 0 0 0.073993 0.0038043 0.042482 0 0
-0 -0 -0 0.021871 0 0 0 0 0 0 0 0.018948 0.00097421 0.010879 0 0
0 0 0 0.054596 0 0 0 0 0 0 0 0.0473 0.0024319 0.027157 0 0
0 0 0 0.03227 0 0 0 0 0 0 0 0.027958 0.0014375 0.016052 0 0
0 0 0 0.082717 0 0 0 0 0 0 0 0.071663 0.0036846 0.041145 0 0
-0 -0 -0 0.030859 0 0 0 0 0 0 0 0.026735 0.0013746 0.01535 0 0
0 0 0 0.15836 0 0 0 0 0 0 0 0.1372 0.0070539 0.07877 0 0
0 0 0 0.056961 0 0 0 0 0 0 0 0.049349 0.0025373 0.028334 0 0
0 0 0 0.104 0 0 0 0 0 0 0 0.090103 0.0046327 0.051732 0 0
-0 -0 -0 0.1594 0 0 0 0 0 0 0 0.1381 0.0071004 0.079289 0 0
0 0 0 0.19638 0 0 0 0 0 0 0 0.17014 0.0087478 0.097684 0 0
-0 -0 -0 0.013453 0 0 0 0 0 0 0 0.011655 0.00059923 0.0066915 0 0
-0 -0 -0 0.058164 0 0 0 0 0 0 0 0.050391 0.0025909 0.028932 0 0
-0 -0 -0 0.10581 0 0 0 0 0 0 0 0.091675 0.0047135 0.052634 0 0
-0 -0 -0 0.19229 0 0 0 0 0 0 0 0.1666 0.0085656 0.095651 0 0
0 0 0 0.14269 0 0 0 0 0 0 0 0.12362 0.0063559 0.070974 0 0
0 0 0 0.05541 0 0 0 0 0 0 0 0.048006 0.0024682 0.027562 0 0
0 0 0 0.12907 0 0 0 0 0 0 0 0.11183 0.0057495 0.064204 0 0
0 0 0 0.084102 0 0 0 0 0 0 0 0.072863 0.0037463 0.041834 0 0
0 0 0 0.055575 0 0 0 0 0 0 0 0.048148 0.0024756 0.027644 0 0
-0 -0 -0 0.029439 0 0 0 0 0 0 0 0.025505 0.0013114 0.014644 0 0
0 0 0 0.16422 0 0 0 0 0 0 0 0.14228 0.0073153 0.081688 0 0
0 0 0 0.18669 0 0 0 0 0 0 0 0.16174 0.0083158 0.092861 0 0
0 0 0 0.031206 0 0 0 0 0 0 0 0.027036 0.0013901 0.015523 0 0
0 0 0 0.15679 0 0 0 0 0 0 0 0.13584 0.0069841 0.07799 0 0
0 0 0 0.097354 0 0 0 0 0 0 0 0.084344 0.0043366 0.048425 0 0
0 0 0 0.13219 0 0 0 0 0 0 0 0.11452 0.0058881 0.065752 0 0
0 0 0 0.080852 0 0 0 0 0 0 0 0.070048 0.0036015 0.040217 0 0
-0 -0 -0 0.17427 0 0 0 0 0 0 0 0.15098 0.0077627 0.086685 0 0
0 0 0 0.12431 0 0 0 0 0 0 0 0.10769 0.0055372 0.061832 0 0
0 0 0 0.055611 0 0 0 0 0 0 0 0.04818 0.0024772 0.027662 0 0
