0 0 0 0.19002 0 0 0 0 0 -0 -0 0.14039 -0.081898 0.098442 0 0
-0 -0 -0 0.16522 0 0 0 0 0 -0 -0 0.12207 -0.07121 0.085595 0 0
-0 -0 -0 0.14119 0 0 0 0 0 -0 -0 0.10431 -0.060851 0.073143 0 0
0 0 0 0.071485 0 0 0 0 0 -0 -0 0.052814 -0.03081 0.037034 0 0
-0 -0 -0 0.19531 0 0 0 0 0 -0 -0 0.1443 -0.08418 0.10118 0 0
0 0 0 0.19563 0 0 0 0 0 -0 -0 0.14453 -0.084317 0.10135 0 0
0 0 0 0.18224 0 0 0 0 0 -0 -0 0.13465 -0.078548 0.094414 0 0
-0 -0 -0 0.10848 0 0 0 0 0 -0 -0 0.080144 -0.046753 0.056197 0 0
0 0 0 0.044746 0 0 0 0 0 -0 -0 0.033059 -0.019285 0.023181 0 0
-0 -0 -0 0.15584 0 0 0 0 0 -0 -0 0.11514 -0.067169 0.080737 0 0
-0 -0 -0 0.092953 0 0 0 0 0 -0 -0 0.068675 -0.040063 0.048156 0 0
0 0 0 0.14965 0 0 0 0 0 -0 -0 0.11057 -0.064501 0.07753 0 0
-0 -0 -0 0.02503 0 0 0 0 0 -0 -0 0.018493 -0.010788 0.012967 0 0
-0 -0 -0 0.1795 0 0 0 0 0 -0 -0 0.13261 -0.077363 0.092991 0 0
0 0 0 0.16125 0 0 0 0 0 -0 -0 0.11914 -0.0695 0.083539 0 0
0 0 0 0.14505 0 0 0 0 0 -0 -0 0.10716 -0.062516 0.075144 0 0
-0 -0 -0 0.16765 0 0 0 0 0 -0 -0 0.12386 -0.072257 0.086853 0 0
-0 -0 -0 0.025208 0 0 0 0 0 -0 -0 0.018624 -0.010865 0.013059 0 0
0 0 0 0.12639 0 0 0 0 0 -0 -0 0.09338 -0.054475 0.065479 0 0
0 0 0 0.18955 0 0 0 0 0 -0 -0 0.14004 -0.081695 0.098198 0 0
0 0 0 0.19174 0 0 0 0 0 -0 -0 0.14166 -0.082641 0.099334 0 0
-0 -0 -0 0.13849 0 0 0 0 0 -0 -0 0.10232 -0.05969 0.071747 0 0
0 0 0 0.15713 0 0 0 0 0 -0 -0 0.11609 -0.067725 0.081406 0 0
0 0 0 0.18298 0 0 0 0 0 -0 -0 0.13519 -0.078866 0.094797 0 0
-0 -0 -0 0.13121 0 0 0 0 0 -0 -0 0.096941 -0.056553 0.067976 0 0
-0 -0 -0 0.062349 0 0 0 0 0 -0 -0 0.046064 -0.026873 0.032301 0 0
0 0 0 0.022507 0 0 0 0 0 -0 -0 0.016629 -0.0097006 0.01166 0 0
0 0 0 0.13543 0 0 0 0 0 -0 -0 0.10006 -0.058372 0.070163 0 0
0 0 0 0.18378 0 0 0 0 0 -0 -0 0.13578 -0.079211 0.095212 0 0
-0 -0 -0 0.19023 0 0 0 0 0 -0 -0 0.14055 -0.081991 0.098553 0 0
-0 -0 -0 0.021425 0 0 0 0 0 -0 -0 0.015829 -0.0092343 0.0111 0 0
0 0 0 0.054965 0 0 0 0 0 -0 -0 0.040609 -0.02369 0.028475 0 0
0 0 0 0.18088 0 0 0 0 0 -0 -0 0.13364 -0.077959 0.093707 0 0
-0 -0 -0 0.083477 0 0 0 0 0 -0 -0 0.061674 -0.035979 0.043246 0 0
0 0 0 0.063402 0 0 0 0 0 -0 -0 0.046842 -0.027326 0.032846 0 0
0 0 0 0.15273 0 0 0 0 0 -0 -0 0.11284 -0.065827 0.079124 0 0
-0 -0 -0 0.023094 0 0 0 0 0 -0 -0 0.017063 -0.0099538 0.011964 0 0
0 0 0 0.033954 0 0 0 0 0 -0 -0 0.025086 -0.014634 0.01759 0 0
0 0 0 0.16755 0 0 0 0 0 -0 -0 0.12379 -0.072216 0.086804 0 0
-0 -0 -0 0.12936 0 0 0 0 0 -0 -0 0.095576 -0.055756 0.067019 0 0
-0 -0 -0 0.097033 0 0 0 0 0 -0 -0 0.07169 -0.041822 0.05027 0 0
-0 -0 -0 0.035555 0 0 0 0 0 -0 -0 0.026269 -0.015324 0.01842 0 0
0 0 0 0.15781 0 0 0 0 0 -0 -0 0.11659 -0.068017 0.081756 0 0
-0 -0 -0 0.079579 0 0 0 0 0 -0 -0 0.058794 -0.034299 0.041227 0 0
-0 -0 -0 0.049083 0 0 0 0 0 -0 -0 0.036263 -0.021155 0.025428 0 0
0 0 0 0.17134 0 0 0 0 0 -0 -0 0.12659 -0.073847 0.088764 0 0
-0 -0 -0 0.1781 0 0 0 0 0 -0 -0 0.13159 -0.076763 0.092269 0 0
0 0 0 0.043924 0 0 0 0 0 -0 -0 0.032452 -0.018931 0.022755 0 0
-0 -0 -0 0.14927 0 0 0 0 0 -0 -0 0.11028 -0.064336 0.077332 0 0
-0 -0 -0 0.10506 0 0 0 0 0 -0 -0 0.07762 -0.045281 0.054428 0 0
0 0 0 0.077397 0 0 0 0 0 -0 -0 0.057182 -0.033358 0.040096 0 0
0 0 0 0.091108 0 0 0 0 0 -0 -0 0.067312 -0.039268 0.0472 0 0
-0 -0 -0 0.19801 0 0 0 0 0 -0 -0 0.14629 -0.085344 0.10258 0 0
0 0 0 0.064731 0 0 0 0 0 -0 -0 0.047824 -0.027899 0.033535 0 0
0 0 0 0.13241 0 0 0 0 0 -0 -0 0.097828 -0.05707 0.068598 0 0
-0 -0 -0 0.19495 0 0 0 0 0 -0 -0 0.14403 -0.084024 0.101 0 0
-0 -0 -0 0.011838 0 0 0 0 0 -0 -0 0.0087459 -0.0051021 0.0061327 0 0
0 0 0 0.1496 0 0 0 0 0 -0 -0 0.11053 -0.064477 0.077502 0 0
-0 -0 -0 0.009963 0 0 0 0 0 -0 -0 0.0073608 -0.0042941 0.0051615 0 0
0 0 0 0.034588 0 0 0 0 0 -0 -0 0.025554 -0.014907 0.017919 0 0
0 0 0 0.038226 0 0 0 0 0 -0 -0 0.028242 -0.016476 0.019804 0 0
-0 -0 -0 0.18697 0 0 0 0 0 -0 -0 0.13814 -0.080584 0.096862 0 0
-0 -0 -0 0.14162 0 0 0 0 0 -0 -0 0.10463 -0.06104 0.07337 0 0
0 0 0 0.17667 0 0 0 0 0 -0 -0 0.13053 -0.076146 0.091527 0 0
0 0 0 0.14149 0 0 0 0 0 -0 -0 0.10454 -0.060983 0.073301 0 0
0 0 0 0.13809 0 0 0 0 0 -0 -0 0.10202 -0.059518 0.071541 0 0
-0 -0 -0 0.021277 0 0 0 0 0 -0 -0 0.01572 -0.0091704 0.011023 0 0
0 0 0 0.11823 0 0 0 0 0 -0 -0 0.087351 -0.050958 0.061251 0 0
0 0 0 0.16502 0 0 0 0 0 -0 -0 0.12192 -0.071124 0.08549 0 0
0 0 0 0.10533 0 0 0 0 0 -0 -0 0.077818 -0.045397 0.054567 0 0
0 0 0 0.13273 0 0 0 0 0 -0 -0 0.098064 -0.057208 0.068763 0 0
-0 -0 -0 0.16194 0 0 0 0 0 -0 -0 0.11965 -0.069798 0.083898 0 0
-0 -0 -0 0.025671 0 0 0 0 0 -0 -0 0.018966 -0.011064 0.013299 0 0
0 0 0 0.15951 0 0 0 0 0 -0 -0 0.11784 -0.068747 0.082634 0 0
-0 -0 -0 0.19191 0 0 0 0 0 -0 -0 0.14178 -0.082713 0.099421 0 0
0 0 0 0.037134 0 0 0 0 0 -0 -0 0.027435 -0.016005 0.019238 0 0
-0 -0 -0 0.17252 0 0 0 0 0 -0 -0 0.12746 -0.074357 0.089377 0 0
0 0 0 0.091486 0 0 0 0 0 -0 -0 0.067591 -0.03943 0.047395 0 0
-0 -0 -0 0.028317 0 0 0 0 0 -0 -0 0.020921 -0.012205 0.01467 0 0
-0 -0 -0 0.060578 0 0 0 0 0 -0 -0 0.044756 -0.026109 0.031383 0 0
-0 -0 -0 0.11685 0 0 0 0 0 -0 -0 0.086328 -0.050361 0.060534 0 0
0 0 0 0.16008 0 0 0 0 0 -0 -0 0.11827 -0.068993 0.082929 0 0
0 0 0 0.061344 0 0 0 0 0 -0 -0 0.045322 -0.02644 0.03178 0 0
-0 -0 -0 0.065901 0 0 0 0 0 -0 -0 0.048689 -0.028403 0.034141 0 0
-0 -0 -0 0.133 0 0 0 0 0 -0 -0 0.098262 -0.057323 0.068903 0 0
-0 -0 -0 0.14134 0 0 0 0 0 -0 -0 0.10443 -0.06092 0.073226 0 0
-0 -0 -0 0.061184 0 0 0 0 0 -0 -0 0.045204 -0.026371 0.031697 0 0
0 0 0 0.055513 0 0 0 0 0 -0 -0 0.041014 -0.023926 0.028759 0 0
0 0 0 0.11301 0 0 0 0 0 -0 -0 0.083492 -0.048707 0.058546 0 0
-0 -0 -0 0.05538 0 0 0 0 0 -0 -0 0.040915 -0.023869 0.02869 0 0
-0 -0 -0 0.049439 0 0 0 0 0 -0 -0 0.036526 -0.021308 0.025612 0 0
0 0 0 0.17668 0 0 0 0 0 -0 -0 0.13053 -0.076149 0.091531 0 0
0 0 0 0.1712 0 0 0 0 0 -0 -0 0.12649 -0.073788 0.088694 0 0
-0 -0 -0 0.078801 0 0 0 0 0 -0 -0 0.058219 -0.033963 0.040824 0 0
-0 -0 -0 0.11486 0 0 0 0 0 -0 -0 0.08486 -0.049505 0.059505 0 0
0 0 0 0.17616 0 0 0 0 0 -0 -0 0.13015 -0.075924 0.09126 0 0
0 0 0 0.19051 0 0 0 0 0 -0 -0 0.14075 -0.082111 0.098697 0 0
-0 -0 -0 0.048928 0 0 0 0 0 -0 -0 0.036149 -0.021088 0.025348 0 0
-0 -0 -0 0.14553 0 0 0 0 0 -0 -0 0.10752 -0.062725 0.075395 0 0
-0 -0 -0 0.1291 0 0 0 0 0 -0 -0 0.095385 -0.055644 0.066885 0 0
