-0 -0 -0 0.16046 0 0 0 0 0 0 0 0.1298 -0.045039 0.082887 0 0
0 0 0 0.018468 0 0 0 0 0 0 0 0.014939 -0.0051837 0.0095399 0 0
-0 -0 -0 0.085125 0 0 0 0 0 0 0 0.068861 -0.023894 0.043973 0 0
-0 -0 -0 0.072479 0 0 0 0 0 0 0 0.058631 -0.020344 0.03744 0 0
0 0 0 0.054957 0 0 0 0 0 0 0 0.044457 -0.015426 0.028389 0 0
0 0 0 0.016584 0 0 0 0 0 0 0 0.013415 -0.0046549 0.0085667 0 0
-0 -0 -0 0.10288 0 0 0 0 0 0 0 0.083223 -0.028877 0.053144 0 0
-0 -0 -0 0.028212 0 0 0 0 0 0 0 0.022822 -0.0079187 0.014573 0 0
0 0 0 0.050263 0 0 0 0 0 0 0 0.040659 -0.014108 0.025964 0 0
0 0 0 0.16845 0 0 0 0 0 0 0 0.13627 -0.047282 0.087015 0 0
0 0 0 0.026041 0 0 0 0 0 0 0 0.021065 -0.0073094 0.013452 0 0
0 0 0 0.06343 0 0 0 0 0 0 0 0.051311 -0.017804 0.032766 0 0
-0 -0 -0 0.15087 0 0 0 0 0 0 0 0.12204 -0.042347 0.077933 0 0
0 0 0 0.1363 0 0 0 0 0 0 0 0.11026 -0.038258 0.070409 0 0
-0 -0 -0 0.028121 0 0 0 0 0 0 0 0.022748 -0.0078931 0.014526 0 0
0 0 0 0.19793 0 0 0 0 0 0 0 0.16012 -0.055557 0.10224 0 0
0 0 0 0.1271 0 0 0 0 0 0 0 0.10281 -0.035675 0.065654 0 0
0 0 0 0.053931 0 0 0 0 0 0 0 0.043626 -0.015138 0.027858 0 0
-0 -0 -0 0.038892 0 0 0 0 0 0 0 0.031461 -0.010916 0.02009 0 0
0 0 0 0.13877 0 0 0 0 0 0 0 0.11225 -0.03895 0.071683 0 0
-0 -0 -0 0.18407 0 0 0 0 0 0 0 0.1489 -0.051665 0.095082 0 0
0 0 0 0.051896 0 0 0 0 0 0 0 0.04198 -0.014566 0.026807 0 0
0 0 0 0.12368 0 0 0 0 0 0 0 0.10005 -0.034714 0.063887 0 0
0 0 0 0.12844 0 0 0 0 0 0 0 0.1039 -0.036051 0.066346 0 0
-0 -0 -0 0.092119 0 0 0 0 0 0 0 0.074518 -0.025857 0.047585 0 0
0 0 0 0.19047 0 0 0 0 0 0 0 0.15408 -0.053462 0.098389 0 0
0 0 0 0.15256 0 0 0 0 0 0 0 0.12341 -0.042822 0.078808 0 0
-0 -0 -0 0.0073155 0 0 0 0 0 0 0 0.0059178 -0.0020534 0.0037789 0 0
0 0 0 0.1527 0 0 0 0 0 0 0 0.12352 -0.04286 0.078878 0 0
-0 -0 -0 0.17633 0 0 0 0 0 0 0 0.14264 -0.049493 0.091085 0 0
-0 -0 -0 0.032428 0 0 0 0 0 0 0 0.026232 -0.0091021 0.016751 0 0
-0 -0 -0 0.12212 0 0 0 0 0 0 0 0.098786 -0.034277 0.063082 0 0
-0 -0 -0 0.094263 0 0 0 0 0 0 0 0.076253 -0.026458 0.048693 0 0
-0 -0 -0 0.015789 0 0 0 0 0 0 0 0.012772 -0.0044317 0.0081559 0 0
-0 -0 -0 0.19043 0 0 0 0 0 0 0 0.15405 -0.053452 0.09837 0 0
-0 -0 -0 0.017529 0 0 0 0 0 0 0 0.01418 -0.0049201 0.0090546 0 0
0 0 0 0.08634 0 0 0 0 0 0 0 0.069844 -0.024235 0.0446 0 0
0 0 0 0.067643 0 0 0 0 0 0 0 0.054719 -0.018987 0.034942 0 0
0 0 0 0.14235 0 0 0 0 0 0 0 0.11515 -0.039957 0.073534 0 0
0 0 0 0.16833 0 0 0 0 0 0 0 0.13617 -0.047247 0.086951 0 0
0 0 0 0.0084855 0 0 0 0 0 0 0 0.0068642 -0.0023818 0.0043833 0 0
-0 -0 -0 0.073484 0 0 0 0 0 0 0 0.059444 -0.020626 0.037959 0 0
0 0 0 0.17376 0 0 0 0 0 0 0 0.14056 -0.048774 0.08976 0 0
0 0 0 0.11883 0 0 0 0 0 0 0 0.096126 -0.033354 0.061383 0 0
0 0 0 0.16663 0 0 0 0 0 0 0 0.1348 -0.046772 0.086077 0 0
0 0 0 0.10789 0 0 0 0 0 0 0 0.087276 -0.030283 0.055732 0 0
-0 -0 -0 0.081099 0 0 0 0 0 0 0 0.065604 -0.022764 0.041893 0 0
-0 -0 -0 0.02509 0 0 0 0 0 0 0 0.020296 -0.0070425 0.012961 0 0
-0 -0 -0 0.1728 0 0 0 0 0 0 0 0.13978 -0.048502 0.089261 0 0
0 0 0 0.080919 0 0 0 0 0 0 0 0.065459 -0.022713 0.0418 0 0
0 0 0 0.13496 0 0 0 0 0 0 0 0.10918 -0.037883 0.069717 0 0
-0 -0 -0 0.10513 0 0 0 0 0 0 0 0.085047 -0.02951 0.054308 0 0
0 0 0 0.13691 0 0 0 0 0 0 0 0.11075 -0.038428 0.070721 0 0
-0 -0 -0 0.025784 0 0 0 0 0 0 0 0.020857 -0.0072372 0.013319 0 0
-0 -0 -0 0.11915 0 0 0 0 0 0 0 0.096383 -0.033443 0.061548 0 0
0 0 0 0.097526 0 0 0 0 0 0 0 0.078893 -0.027374 0.050378 0 0
0 0 0 0.13247 0 0 0 0 0 0 0 0.10716 -0.037183 0.06843 0 0
0 0 0 0.19797 0 0 0 0 0 0 0 0.16014 -0.055567 0.10226 0 0
0 0 0 0.11597 0 0 0 0 0 0 0 0.093809 -0.03255 0.059904 0 0
0 0 0 0.053925 0 0 0 0 0 0 0 0.043622 -0.015136 0.027856 0 0
-0 -0 -0 0.15136 0 0 0 0 0 0 0 0.12244 -0.042485 0.078187 0 0
0 0 0 0.16247 0 0 0 0 0 0 0 0.13143 -0.045604 0.083928 0 0
0 0 0 0.087204 0 0 0 0 0 0 0 0.070542 -0.024477 0.045046 0 0
0 0 0 0.076364 0 0 0 0 0 0 0 0.061774 -0.021434 0.039447 0 0
0 0 0 0.074379 0 0 0 0 0 0 0 0.060168 -0.020877 0.038421 0 0
0 0 0 0.19666 0 0 0 0 0 0 0 0.15909 -0.055201 0.10159 0 0
0 0 0 0.045954 0 0 0 0 0 0 0 0.037174 -0.012899 0.023738 0 0
-0 -0 -0 0.12855 0 0 0 0 0 0 0 0.10399 -0.036083 0.066405 0 0
0 0 0 0.053169 0 0 0 0 0 0 0 0.04301 -0.014924 0.027465 0 0
-0 -0 -0 0.072191 0 0 0 0 0 0 0 0.058398 -0.020263 0.037291 0 0
0 0 0 0.042051 0 0 0 0 0 0 0 0.034017 -0.011803 0.021722 0 0
-0 -0 -0 0.060102 0 0 0 0 0 0 0 0.048619 -0.01687 0.031047 0 0
-0 -0 -0 0.074941 0 0 0 0 0 0 0 0.060623 -0.021035 0.038712 0 0
-0 -0 -0 0.17881 0 0 0 0 0 0 0 0.14465 -0.05019 0.092367 0 0
-0 -0 -0 0.19691 0 0 0 0 0 0 0 0.15928 -0.055269 0.10171 0 0
-0 -0 -0 0.096895 0 0 0 0 0 0 0 0.078382 -0.027197 0.050052 0 0
0 0 0 0.067925 0 0 0 0 0 0 0 0.054947 -0.019066 0.035088 0 0
0 0 0 0.033511 0 0 0 0 0 0 0 0.027109 -0.0094062 0.017311 0 0
0 0 0 0.075451 0 0 0 0 0 0 0 0.061035 -0.021178 0.038975 0 0
-0 -0 -0 0.19113 0 0 0 0 0 0 0 0.15461 -0.053648 0.098731 0 0
-0 -0 -0 0.057319 0 0 0 0 0 0 0 0.046367 -0.016089 0.029609 0 0
0 0 0 0.12236 0 0 0 0 0 0 0 0.098979 -0.034344 0.063205 0 0
0 0 0 0.11801 0 0 0 0 0 0 0 0.09546 -0.033123 0.060958 0 0
-0 -0 -0 0.079739 0 0 0 0 0 0 0 0.064504 -0.022382 0.04119 0 0
0 0 0 0.1081 0 0 0 0 0 0 0 0.087442 -0.030341 0.055838 0 0
0 0 0 0.068771 0 0 0 0 0 0 0 0.055631 -0.019303 0.035524 0 0
0 0 0 0.18041 0 0 0 0 0 0 0 0.14594 -0.05064 0.093195 0 0
0 0 0 0.12916 0 0 0 0 0 0 0 0.10449 -0.036255 0.066721 0 0
0 0 0 0.17091 0 0 0 0 0 0 0 0.13825 -0.047972 0.088285 0 0
-0 -0 -0 0.1367 0 0 0 0 0 0 0 0.11059 -0.038371 0.070616 0 0
0 0 0 0.16673 0 0 0 0 0 0 0 0.13488 -0.046799 0.086127 0 0
0 0 0 0.13028 0 0 0 0 0 0 0 0.10539 -0.036569 0.067299 0 0
0 0 0 0.0065777 0 0 0 0 0 0 0 0.0053209 -0.0018463 0.0033978 0 0
-0 -0 -0 0.045349 0 0 0 0 0 0 0 0.036685 -0.012729 0.023426 0 0
0 0 0 0.13878 0 0 0 0 0 0 0 0.11226 -0.038953 0.071687 0 0
-0 -0 -0 0.052685 0 0 0 0 0 0 0 0.042619 -0.014788 0.027215 0 0
0 0 0 0.066304 0 0 0 0 0 0 0 0.053636 -0.018611 0.03425 0 0
0 0 0 0.18598 0 0 0 0 0 0 0 0.15045 -0.052203 0.096072 0 0
-0 -0 -0 0.056591 0 0 0 0 0 0 0 0.045778 -0.015884 0.029233 0 0
-0 -0 -0 0.096297 0 0 0 0 0 0 0 0.077898 -0.027029 0.049743 0 0
