0 0 0 0.022185 0 0 0 0 0 0 0 0.01922 0.00098821 0.011035 0 0
-0 -0 -0 0.17243 0 0 0 0 0 0 0 0.14939 0.0076809 0.085771 0 0
-0 -0 -0 0.094065 0 0 0 0 0 0 0 0.081495 0.0041901 0.04679 0 0
-0 -0 -0 0.079059 0 0 0 0 0 0 0 0.068494 0.0035216 0.039325 0 0
-0 -0 -0 0.080227 0 0 0 0 0 0 0 0.069506 0.0035736 0.039906 0 0
0 0 0 0.14516 0 0 0 0 0 0 0 0.12576 0.0064659 0.072203 0 0
0 0 0 0.056571 0 0 0 0 0 0 0 0.049011 0.0025199 0.028139 0 0
-0 -0 -0 0.061614 0 0 0 0 0 0 0 0.05338 0.0027446 0.030648 0 0
0 0 0 0.192 0 0 0 0 0 0 0 0.16634 0.0085524 0.095502 0 0
0 0 0 0.043246 0 0 0 0 0 0 0 0.037467 0.0019264 0.021511 0 0
0 0 0 0.10326 0 0 0 0 0 0 0 0.089463 0.0045998 0.051365 0 0
-0 -0 -0 0.0095117 0 0 0 0 0 0 0 0.0082407 0.0004237 0.0047313 0 0
0 0 0 0.066298 0 0 0 0 0 0 0 0.057438 0.0029532 0.032978 0 0
0 0 0 0.078254 0 0 0 0 0 0 0 0.067797 0.0034858 0.038925 0 0
0 0 0 0.066329 0 0 0 0 0 0 0 0.057465 0.0029546 0.032993 0 0
0 0 0 0.037428 0 0 0 0 0 0 0 0.032427 0.0016672 0.018618 0 0
-0 -0 -0 0.026263 0 0 0 0 0 0 0 0.022753 0.0011699 0.013064 0 0
0 0 0 0.1577 0 0 0 0 0 0 0 0.13662 0.0070245 0.078441 0 0
0 0 0 0.18981 0 0 0 0 0 0 0 0.16445 0.008455 0.094415 0 0
0 0 0 0.063953 0 0 0 0 0 0 0 0.055407 0.0028487 0.031811 0 0
0 0 0 0.14962 0 0 0 0 0 0 0 0.12963 0.0066649 0.074426 0 0
0 0 0 0.16708 0 0 0 0 0 0 0 0.14476 0.0074426 0.08311 0 0
0 0 0 0.16631 0 0 0 0 0 0 0 0.14408 0.0074081 0.082725 0 0
-0 -0 -0 0.13793 0 0 0 0 0 0 0 0.1195 0.0061442 0.068611 0 0
0 0 0 0.029185 0 0 0 0 0 0 0 0.025285 0.0013 0.014517 0 0
0 0 0 0.02 0 0 0 0 0 0 0 0.017328 0.0008909 0.0099485 0 0
0 0 0 0.036314 0 0 0 0 0 0 0 0.031461 0.0016176 0.018063 0 0
-0 -0 -0 0.074988 0 0 0 0 0 0 0 0.064967 0.0033403 0.037301 0 0
0 0 0 0.061967 0 0 0 0 0 0 0 0.053686 0.0027603 0.030823 0 0
0 0 0 0.092401 0 0 0 0 0 0 0 0.080053 0.0041159 0.045962 0 0
-0 -0 -0 0.01876 0 0 0 0 0 0 0 0.016253 0.00083564 0.0093314 0 0
0 0 0 0.15591 0 0 0 0 0 0 0 0.13507 0.0069449 0.077552 0 0
-0 -0 -0 0.031605 0 0 0 0 0 0 0 0.027381 0.0014078 0.015721 0 0
-0 -0 -0 0.090846 0 0 0 0 0 0 0 0.078706 0.0040467 0.045189 0 0
0 0 0 0.091282 0 0 0 0 0 0 0 0.079083 0.0040661 0.045405 0 0
-0 -0 -0 0.13141 0 0 0 0 0 0 0 0.11385 0.0058537 0.065367 0 0
-0 -0 -0 0.15023 0 0 0 0 0 0 0 0.13015 0.0066919 0.074727 0 0
-0 -0 -0 0.17086 0 0 0 0 0 0 0 0.14802 0.0076107 0.084987 0 0
-0 -0 -0 0.090611 0 0 0 0 0 0 0 0.078502 0.0040362 0.045071 0 0
-0 -0 -0 0.064037 0 0 0 0 0 0 0 0.05548 0.0028525 0.031853 0 0
-0 -0 -0 0.020026 0 0 0 0 0 0 0 0.01735 0.00089204 0.0099612 0 0
-0 -0 -0 0.094164 0 0 0 0 0 0 0 0.08158 0.0041945 0.046839 0 0
-0 -0 -0 0.095258 0 0 0 0 0 0 0 0.082529 0.0042432 0.047383 0 0
0 0 0 0.14861 0 0 0 0 0 0 0 0.12875 0.0066198 0.073922 0 0
-0 -0 -0 0.153 0 0 0 0 0 0 0 0.13255 0.0068152 0.076104 0 0
0 0 0 0.048893 0 0 0 0 0 0 0 0.042359 0.0021779 0.02432 0 0
0 0 0 0.069331 0 0 0 0 0 0 0 0.060066 0.0030883 0.034486 0 0
0 0 0 0.024534 0 0 0 0 0 0 0 0.021255 0.0010928 0.012203 0 0
0 0 0 0.15926 0 0 0 0 0 0 0 0.13797 0.0070939 0.079216 0 0
-0 -0 -0 0.084719 0 0 0 0 0 0 0 0.073398 0.0037738 0.042141 0 0
-0 -0 -0 0.13858 0 0 0 0 0 0 0 0.12006 0.0061729 0.068932 0 0
-0 -0 -0 0.15824 0 0 0 0 0 0 0 0.1371 0.0070488 0.078713 0 0
-0 -0 -0 0.04179 0 0 0 0 0 0 0 0.036205 0.0018615 0.020787 0 0
0 0 0 0.1556 0 0 0 0 0 0 0 0.13481 0.0069312 0.077399 0 0
-0 -0 -0 0.1671 0 0 0 0 0 0 0 0.14477 0.0074434 0.083118 0 0
0 0 0 0.055792 0 0 0 0 0 0 0 0.048336 0.0024852 0.027752 0 0
0 0 0 0.053832 0 0 0 0 0 0 0 0.046638 0.0023979 0.026777 0 0
0 0 0 0.061222 0 0 0 0 0 0 0 0.053041 0.0027271 0.030453 0 0
0 0 0 0.18786 0 0 0 0 0 0 0 0.16276 0.0083681 0.093445 0 0
-0 -0 -0 0.12798 0 0 0 0 0 0 0 0.11088 0.0057008 0.063659 0 0
0 0 0 0.11887 0 0 0 0 0 0 0 0.10298 0.0052948 0.059126 0 0
0 0 0 0.027921 0 0 0 0 0 0 0 0.02419 0.0012437 0.013888 0 0
-0 -0 -0 0.0074344 0 0 0 0 0 0 0 0.0064409 0.00033116 0.003698 0 0
0 0 0 0.086646 0 0 0 0 0 0 0 0.075067 0.0038596 0.043099 0 0
0 0 0 0.099142 0 0 0 0 0 0 0 0.085893 0.0044162 0.049315 0 0
-0 -0 -0 0.089948 0 0 0 0 0 0 0 0.077928 0.0040067 0.044742 0 0
-0 -0 -0 0.13314 0 0 0 0 0 0 0 0.11535 0.0059307 0.066227 0 0
0 0 0 0.045869 0 0 0 0 0 0 0 0.03974 0.0020432 0.022816 0 0
0 0 0 0.0353 0 0 0 0 0 0 0 0.030583 0.0015724 0.017559 0 0
-0 -0 -0 0.056827 0 0 0 0 0 0 0 0.049233 0.0025313 0.028267 0 0
-0 -0 -0 0.1393 0 0 0 0 0 0 0 0.12069 0.0062051 0.069291 0 0
0 0 0 0.11187 0 0 0 0 0 0 0 0.096918 0.0049831 0.055645 0 0
-0 -0 -0 0.095037 0 0 0 0 0 0 0 0.082337 0.0042334 0.047273 0 0
0 0 0 0.17673 0 0 0 0 0 0 0 0.15311 0.0078723 0.087908 0 0
0 0 0 0.042473 0 0 0 0 0 0 0 0.036797 0.0018919 0.021127 0 0
-0 -0 -0 0.19668 0 0 0 0 0 0 0 0.1704 0.0087612 0.097834 0 0
0 0 0 0.055658 0 0 0 0 0 0 0 0.04822 0.0024792 0.027685 0 0
0 0 0 0.14219 0 0 0 0 0 0 0 0.12319 0.006334 0.07073 0 0
-0 -0 -0 0.11131 0 0 0 0 0 0 0 0.096432 0.0049581 0.055366 0 0
-0 -0 -0 0.029673 0 0 0 0 0 0 0 0.025708 0.0013218 0.01476 0 0
-0 -0 -0 0.088862 0 0 0 0 0 0 0 0.076987 0.0039583 0.044202 0 0
-0 -0 -0 0.0037922 0 0 0 0 0 0 0 0.0032854 0.00016892 0.0018863 0 0
0 0 0 0.0079646 0 0 0 0 0 0 0 0.0069003 0.00035478 0.0039617 0 0
-0 -0 -0 0.016811 0 0 0 0 0 0 0 0.014565 0.00074884 0.0083622 0 0
-0 -0 -0 0.046232 0 0 0 0 0 0 0 0.040054 0.0020594 0.022997 0 0
-0 -0 -0 0.07159 0 0 0 0 0 0 0 0.062023 0.0031889 0.03561 0 0
-0 -0 -0 0.18538 0 0 0 0 0 0 0 0.16061 0.0082575 0.09221 0 0
-0 -0 -0 0.078999 0 0 0 0 0 0 0 0.068442 0.003519 0.039296 0 0
0 0 0 0.17196 0 0 0 0 0 0 0 0.14898 0.0076597 0.085534 0 0
-0 -0 -0 0.17407 0 0 0 0 0 0 0 0.15081 0.007754 0.086587 0 0
-0 -0 -0 0.067089 0 0 0 0 0 0 0 0.058123 0.0029884 0.033371 0 0
-0 -0 -0 0.18598 0 0 0 0 0 0 0 0.16113 0.0082845 0.092512 0 0
0 0 0 0.19883 0 0 0 0 0 0 0 0.17226 0.0088566 0.0989 0 0
-0 -0 -0 0.078846 0 0 0 0 0 0 0 0.068309 0.0035121 0.039219 0 0
0 0 0 0.091075 0 0 0 0 0 0 0 0.078904 0.0040569 0.045302 0 0
0 0 0 0.099031 0 0 0 0 0 0 0 0.085797 0.0044113 0.04926 0 0
-0 -0 -0 0.19226 0 0 0 0 0 0 0 0.16657 0.008564 0.095633 0 0
0 0 0 0.16358 0 0 0 0 0 0 0 0.14172 0.0072867 0.081369 0 0
-0 -0 -0 0.031717 0 0 0 0 0 0 0 0.027478 0.0014128 0.015776 0 0
-0 -0 -0 0.05081 0 0 0 0 0 0 0 0.04402 0.0022633 0.025274 0 0
