0 0 0 0.17632 0 0 0 0 0 0 0 0.14263 -0.04949 0.091078 0 0
0 0 0 0.039849 0 0 0 0 0 0 0 0.032235 -0.011185 0.020585 0 0
-0 -0 -0 0.13699 0 0 0 0 0 0 0 0.11081 -0.038451 0.070763 0 0
0 0 0 0.023502 0 0 0 0 0 0 0 0.019012 -0.0065968 0.01214 0 0
-0 -0 -0 0.040948 0 0 0 0 0 0 0 0.033125 -0.011494 0.021152 0 0
0 0 0 0.024276 0 0 0 0 0 0 0 0.019638 -0.006814 0.01254 0 0
-0 -0 -0 0.067928 0 0 0 0 0 0 0 0.05495 -0.019067 0.035089 0 0
0 0 0 0.16897 0 0 0 0 0 0 0 0.13668 -0.047426 0.087281 0 0
-0 -0 -0 0.031069 0 0 0 0 0 0 0 0.025133 -0.0087208 0.016049 0 0
-0 -0 -0 0.17821 0 0 0 0 0 0 0 0.14416 -0.05002 0.092055 0 0
-0 -0 -0 0.10789 0 0 0 0 0 0 0 0.087277 -0.030284 0.055733 0 0
0 0 0 0.0049922 0 0 0 0 0 0 0 0.0040384 -0.0014013 0.0025788 0 0
-0 -0 -0 0.12111 0 0 0 0 0 0 0 0.097973 -0.033995 0.062563 0 0
0 0 0 0.015874 0 0 0 0 0 0 0 0.012841 -0.0044557 0.0082 0 0
0 0 0 0.096168 0 0 0 0 0 0 0 0.077793 -0.026993 0.049677 0 0
-0 -0 -0 0.0057231 0 0 0 0 0 0 0 0.0046296 -0.0016064 0.0029563 0 0
0 0 0 0.10232 0 0 0 0 0 0 0 0.082773 -0.028721 0.052856 0 0
0 0 0 0.087065 0 0 0 0 0 0 0 0.07043 -0.024438 0.044974 0 0
-0 -0 -0 0.015476 0 0 0 0 0 0 0 0.012519 -0.0043439 0.0079944 0 0
0 0 0 0.18933 0 0 0 0 0 0 0 0.15316 -0.053143 0.097802 0 0
0 0 0 0.19092 0 0 0 0 0 0 0 0.15444 -0.053589 0.098623 0 0
0 0 0 0.096326 0 0 0 0 0 0 0 0.077922 -0.027038 0.049759 0 0
0 0 0 0.042563 0 0 0 0 0 0 0 0.034431 -0.011947 0.021987 0 0
0 0 0 0.17327 0 0 0 0 0 0 0 0.14016 -0.048634 0.089503 0 0
0 0 0 0.13962 0 0 0 0 0 0 0 0.11294 -0.039189 0.072121 0 0
-0 -0 -0 0.056147 0 0 0 0 0 0 0 0.045419 -0.01576 0.029003 0 0
-0 -0 -0 0.14584 0 0 0 0 0 0 0 0.11798 -0.040936 0.075336 0 0
-0 -0 -0 0.096344 0 0 0 0 0 0 0 0.077936 -0.027042 0.049767 0 0
-0 -0 -0 0.082546 0 0 0 0 0 0 0 0.066774 -0.02317 0.04264 0 0
0 0 0 0.079022 0 0 0 0 0 0 0 0.063923 -0.02218 0.04082 0 0
0 0 0 0.15159 0 0 0 0 0 0 0 0.12263 -0.042551 0.078308 0 0
0 0 0 0.053681 0 0 0 0 0 0 0 0.043424 -0.015068 0.02773 0 0
-0 -0 -0 0.13286 0 0 0 0 0 0 0 0.10747 -0.037291 0.068629 0 0
0 0 0 0.17723 0 0 0 0 0 0 0 0.14337 -0.049748 0.091553 0 0
0 0 0 0.088273 0 0 0 0 0 0 0 0.071407 -0.024777 0.045599 0 0
-0 -0 -0 0.17279 0 0 0 0 0 0 0 0.13978 -0.048501 0.089258 0 0
-0 -0 -0 0.14575 0 0 0 0 0 0 0 0.1179 -0.040909 0.075287 0 0
-0 -0 -0 0.067404 0 0 0 0 0 0 0 0.054525 -0.018919 0.034818 0 0
0 0 0 0.032359 0 0 0 0 0 0 0 0.026177 -0.0090829 0.016716 0 0
0 0 0 0.10117 0 0 0 0 0 0 0 0.08184 -0.028397 0.05226 0 0
0 0 0 0.15306 0 0 0 0 0 0 0 0.12382 -0.042962 0.079065 0 0
-0 -0 -0 0.1232 0 0 0 0 0 0 0 0.099663 -0.034581 0.063642 0 0
-0 -0 -0 0.052633 0 0 0 0 0 0 0 0.042577 -0.014773 0.027188 0 0
0 0 0 0.13208 0 0 0 0 0 0 0 0.10684 -0.037073 0.068227 0 0
-0 -0 -0 0.0073204 0 0 0 0 0 0 0 0.0059218 -0.0020547 0.0037815 0 0
0 0 0 0.081815 0 0 0 0 0 0 0 0.066183 -0.022965 0.042263 0 0
-0 -0 -0 0.034605 0 0 0 0 0 0 0 0.027993 -0.0097132 0.017876 0 0
0 0 0 0.073443 0 0 0 0 0 0 0 0.05941 -0.020614 0.037938 0 0
0 0 0 0.089486 0 0 0 0 0 0 0 0.072389 -0.025118 0.046225 0 0
0 0 0 0.13788 0 0 0 0 0 0 0 0.11154 -0.038701 0.071223 0 0
0 0 0 0.19101 0 0 0 0 0 0 0 0.15451 -0.053613 0.098667 0 0
-0 -0 -0 0.0054383 0 0 0 0 0 0 0 0.0043992 -0.0015265 0.0028092 0 0
0 0 0 0.095901 0 0 0 0 0 0 0 0.077578 -0.026918 0.049539 0 0
0 0 0 0.1964 0 0 0 0 0 0 0 0.15887 -0.055126 0.10145 0 0
0 0 0 0.13418 0 0 0 0 0 0 0 0.10854 -0.037662 0.069311 0 0
0 0 0 0.1062 0 0 0 0 0 0 0 0.085909 -0.029809 0.054859 0 0
0 0 0 0.024362 0 0 0 0 0 0 0 0.019707 -0.0068381 0.012585 0 0
0 0 0 0.16241 0 0 0 0 0 0 0 0.13138 -0.045587 0.083897 0 0
-0 -0 -0 0.0078425 0 0 0 0 0 0 0 0.0063441 -0.0022013 0.0040512 0 0
0 0 0 0.073382 0 0 0 0 0 0 0 0.059361 -0.020597 0.037906 0 0
-0 -0 -0 0.16133 0 0 0 0 0 0 0 0.13051 -0.045284 0.083338 0 0
0 0 0 0.1823 0 0 0 0 0 0 0 0.14747 -0.051169 0.09417 0 0
-0 -0 -0 0.051477 0 0 0 0 0 0 0 0.041642 -0.014449 0.026591 0 0
-0 -0 -0 0.17642 0 0 0 0 0 0 0 0.14272 -0.04952 0.091134 0 0
0 0 0 0.12534 0 0 0 0 0 0 0 0.10139 -0.035181 0.064745 0 0
-0 -0 -0 0.1012 0 0 0 0 0 0 0 0.081863 -0.028405 0.052275 0 0
-0 -0 -0 0.19089 0 0 0 0 0 0 0 0.15442 -0.05358 0.098606 0 0
0 0 0 0.065906 0 0 0 0 0 0 0 0.053314 -0.018499 0.034045 0 0
0 0 0 0.16153 0 0 0 0 0 0 0 0.13066 -0.045338 0.083438 0 0
-0 -0 -0 0.0059759 0 0 0 0 0 0 0 0.0048341 -0.0016774 0.0030869 0 0
-0 -0 -0 0.053627 0 0 0 0 0 0 0 0.043381 -0.015052 0.027702 0 0
0 0 0 0.051556 0 0 0 0 0 0 0 0.041706 -0.014471 0.026632 0 0
0 0 0 0.10192 0 0 0 0 0 0 0 0.082447 -0.028608 0.052648 0 0
-0 -0 -0 0.17577 0 0 0 0 0 0 0 0.14219 -0.049336 0.090795 0 0
-0 -0 -0 0.06653 0 0 0 0 0 0 0 0.053818 -0.018674 0.034367 0 0
-0 -0 -0 0.15621 0 0 0 0 0 0 0 0.12636 -0.043845 0.080691 0 0
0 0 0 0.13536 0 0 0 0 0 0 0 0.1095 -0.037994 0.069922 0 0
-0 -0 -0 0.069375 0 0 0 0 0 0 0 0.05612 -0.019473 0.035837 0 0
0 0 0 0.19417 0 0 0 0 0 0 0 0.15708 -0.054502 0.1003 0 0
-0 -0 -0 0.026369 0 0 0 0 0 0 0 0.021331 -0.0074013 0.013621 0 0
0 0 0 0.056108 0 0 0 0 0 0 0 0.045387 -0.015749 0.028983 0 0
0 0 0 0.014187 0 0 0 0 0 0 0 0.011476 -0.003982 0.0073282 0 0
0 0 0 0.009449 0 0 0 0 0 0 0 0.0076436 -0.0026522 0.004881 0 0
0 0 0 0.10637 0 0 0 0 0 0 0 0.086048 -0.029857 0.054948 0 0
0 0 0 0.077585 0 0 0 0 0 0 0 0.062761 -0.021777 0.040078 0 0
0 0 0 0.172 0 0 0 0 0 0 0 0.13914 -0.048278 0.088849 0 0
0 0 0 0.051121 0 0 0 0 0 0 0 0.041354 -0.014349 0.026407 0 0
0 0 0 0.12398 0 0 0 0 0 0 0 0.10029 -0.034799 0.064043 0 0
0 0 0 0.13482 0 0 0 0 0 0 0 0.10906 -0.037842 0.069643 0 0
-0 -0 -0 0.13224 0 0 0 0 0 0 0 0.10697 -0.037118 0.068309 0 0
-0 -0 -0 0.048421 0 0 0 0 0 0 0 0.03917 -0.013591 0.025013 0 0
-0 -0 -0 0.031108 0 0 0 0 0 0 0 0.025165 -0.0087317 0.016069 0 0
0 0 0 0.12716 0 0 0 0 0 0 0 0.10286 -0.035692 0.065685 0 0
0 0 0 0.080759 0 0 0 0 0 0 0 0.065329 -0.022668 0.041717 0 0
-0 -0 -0 0.12899 0 0 0 0 0 0 0 0.10434 -0.036205 0.06663 0 0
-0 -0 -0 0.019613 0 0 0 0 0 0 0 0.015866 -0.0055051 0.010131 0 0
-0 -0 -0 0.15123 0 0 0 0 0 0 0 0.12234 -0.04245 0.078122 0 0
-0 -0 -0 0.09291 0 0 0 0 0 0 0 0.075158 -0.026079 0.047994 0 0
-0 -0 -0 0.0032612 0 0 0 0 0 0 0 0.0026381 -0.00091536 0.0016846 0 0
0 0 0 0.10654 0 0 0 0 0 0 0 0.08618 -0.029903 0.055032 0 0
