0 0 0 0.01772 0 0 0 0 0 0 0 0.014335 -0.0049739 0.0091537 0 0
0 0 0 0.095583 0 0 0 0 0 0 0 0.077321 -0.026829 0.049375 0 0
-0 -0 -0 0.1879 0 0 0 0 0 0 0 0.152 -0.052742 0.097064 0 0
0 0 0 0.16907 0 0 0 0 0 0 0 0.13677 -0.047456 0.087337 0 0
0 0 0 0.0039087 0 0 0 0 0 0 0 0.0031619 -0.0010971 0.0020191 0 0
-0 -0 -0 0.17887 0 0 0 0 0 0 0 0.14469 -0.050206 0.092397 0 0
-0 -0 -0 0.13683 0 0 0 0 0 0 0 0.11068 -0.038405 0.070679 0 0
-0 -0 -0 0.076656 0 0 0 0 0 0 0 0.062009 -0.021516 0.039597 0 0
-0 -0 -0 0.165 0 0 0 0 0 0 0 0.13347 -0.046312 0.085231 0 0
0 0 0 0.11325 0 0 0 0 0 0 0 0.091614 -0.031788 0.058502 0 0
0 0 0 0.15023 0 0 0 0 0 0 0 0.12152 -0.042166 0.077601 0 0
-0 -0 -0 0.068605 0 0 0 0 0 0 0 0.055497 -0.019257 0.035439 0 0
0 0 0 0.012035 0 0 0 0 0 0 0 0.0097352 -0.0033779 0.0062166 0 0
0 0 0 0.068735 0 0 0 0 0 0 0 0.055602 -0.019293 0.035506 0 0
-0 -0 -0 0.098128 0 0 0 0 0 0 0 0.07938 -0.027543 0.05069 0 0
0 0 0 0.10014 0 0 0 0 0 0 0 0.081006 -0.028108 0.051728 0 0
-0 -0 -0 0.19007 0 0 0 0 0 0 0 0.15376 -0.053351 0.098185 0 0
-0 -0 -0 0.13951 0 0 0 0 0 0 0 0.11285 -0.039159 0.072065 0 0
-0 -0 -0 0.097655 0 0 0 0 0 0 0 0.078997 -0.027411 0.050445 0 0
-0 -0 -0 0.029158 0 0 0 0 0 0 0 0.023587 -0.0081844 0.015062 0 0
-0 -0 -0 0.15064 0 0 0 0 0 0 0 0.12186 -0.042284 0.077816 0 0
-0 -0 -0 0.19454 0 0 0 0 0 0 0 0.15737 -0.054606 0.10049 0 0
-0 -0 -0 0.0050759 0 0 0 0 0 0 0 0.0041061 -0.0014247 0.002622 0 0
0 0 0 0.10779 0 0 0 0 0 0 0 0.087198 -0.030256 0.055682 0 0
0 0 0 0.029064 0 0 0 0 0 0 0 0.023511 -0.008158 0.015014 0 0
0 0 0 0.1645 0 0 0 0 0 0 0 0.13307 -0.046173 0.084974 0 0
0 0 0 0.01973 0 0 0 0 0 0 0 0.01596 -0.005538 0.010192 0 0
-0 -0 -0 0.15286 0 0 0 0 0 0 0 0.12365 -0.042905 0.078961 0 0
-0 -0 -0 0.025374 0 0 0 0 0 0 0 0.020526 -0.007122 0.013107 0 0
-0 -0 -0 0.11514 0 0 0 0 0 0 0 0.093139 -0.032318 0.059476 0 0
-0 -0 -0 0.19669 0 0 0 0 0 0 0 0.15911 -0.055208 0.1016 0 0
-0 -0 -0 0.03448 0 0 0 0 0 0 0 0.027892 -0.009678 0.017811 0 0
0 0 0 0.053767 0 0 0 0 0 0 0 0.043494 -0.015092 0.027774 0 0
0 0 0 0.14574 0 0 0 0 0 0 0 0.11789 -0.040907 0.075284 0 0
0 0 0 0.15034 0 0 0 0 0 0 0 0.12162 -0.042199 0.07766 0 0
-0 -0 -0 0.18555 0 0 0 0 0 0 0 0.1501 -0.052081 0.095848 0 0
0 0 0 0.014257 0 0 0 0 0 0 0 0.011533 -0.0040018 0.0073648 0 0
-0 -0 -0 0.14482 0 0 0 0 0 0 0 0.11715 -0.04065 0.07481 0 0
-0 -0 -0 0.15547 0 0 0 0 0 0 0 0.12576 -0.043638 0.080309 0 0
0 0 0 0.15332 0 0 0 0 0 0 0 0.12402 -0.043034 0.079197 0 0
0 0 0 0.13357 0 0 0 0 0 0 0 0.10805 -0.03749 0.068995 0 0
-0 -0 -0 0.040884 0 0 0 0 0 0 0 0.033072 -0.011476 0.021119 0 0
0 0 0 0.11404 0 0 0 0 0 0 0 0.092255 -0.032011 0.058911 0 0
-0 -0 -0 0.15938 0 0 0 0 0 0 0 0.12893 -0.044735 0.082328 0 0
0 0 0 0.12963 0 0 0 0 0 0 0 0.10487 -0.036387 0.066964 0 0
0 0 0 0.1149 0 0 0 0 0 0 0 0.092943 -0.03225 0.059351 0 0
0 0 0 0.15945 0 0 0 0 0 0 0 0.12898 -0.044755 0.082365 0 0
-0 -0 -0 0.18695 0 0 0 0 0 0 0 0.15123 -0.052474 0.096571 0 0
-0 -0 -0 0.073457 0 0 0 0 0 0 0 0.059422 -0.020619 0.037945 0 0
0 0 0 0.041044 0 0 0 0 0 0 0 0.033202 -0.011521 0.021202 0 0
-0 -0 -0 0.092831 0 0 0 0 0 0 0 0.075094 -0.026056 0.047953 0 0
0 0 0 0.12969 0 0 0 0 0 0 0 0.10491 -0.036403 0.066994 0 0
-0 -0 -0 0.15932 0 0 0 0 0 0 0 0.12888 -0.044718 0.082297 0 0
0 0 0 0.11352 0 0 0 0 0 0 0 0.09183 -0.031863 0.05864 0 0
0 0 0 0.10495 0 0 0 0 0 0 0 0.084902 -0.029459 0.054216 0 0
0 0 0 0.13851 0 0 0 0 0 0 0 0.11204 -0.038877 0.071548 0 0
0 0 0 0.19829 0 0 0 0 0 0 0 0.1604 -0.055658 0.10243 0 0
-0 -0 -0 0.091438 0 0 0 0 0 0 0 0.073968 -0.025666 0.047234 0 0
-0 -0 -0 0.02691 0 0 0 0 0 0 0 0.021768 -0.0075533 0.013901 0 0
0 0 0 0.016 0 0 0 0 0 0 0 0.012943 -0.004491 0.0082651 0 0
-0 -0 -0 0.058217 0 0 0 0 0 0 0 0.047094 -0.016341 0.030073 0 0
0 0 0 0.093612 0 0 0 0 0 0 0 0.075726 -0.026276 0.048357 0 0
0 0 0 0.18184 0 0 0 0 0 0 0 0.1471 -0.051041 0.093933 0 0
-0 -0 -0 0.054767 0 0 0 0 0 0 0 0.044303 -0.015372 0.02829 0 0
0 0 0 0.14496 0 0 0 0 0 0 0 0.11727 -0.040689 0.074883 0 0
-0 -0 -0 0.027047 0 0 0 0 0 0 0 0.02188 -0.0075919 0.013972 0 0
-0 -0 -0 0.059403 0 0 0 0 0 0 0 0.048053 -0.016674 0.030685 0 0
-0 -0 -0 0.053782 0 0 0 0 0 0 0 0.043507 -0.015096 0.027782 0 0
0 0 0 0.12581 0 0 0 0 0 0 0 0.10177 -0.035313 0.064989 0 0
0 0 0 0.02285 0 0 0 0 0 0 0 0.018484 -0.0064138 0.011804 0 0
0 0 0 0.017412 0 0 0 0 0 0 0 0.014086 -0.0048874 0.0089946 0 0
0 0 0 0.090442 0 0 0 0 0 0 0 0.073162 -0.025386 0.046719 0 0
-0 -0 -0 0.0058297 0 0 0 0 0 0 0 0.0047159 -0.0016363 0.0030114 0 0
-0 -0 -0 0.0036642 0 0 0 0 0 0 0 0.0029641 -0.0010285 0.0018928 0 0
-0 -0 -0 0.0079592 0 0 0 0 0 0 0 0.0064385 -0.0022341 0.0041114 0 0
-0 -0 -0 0.14836 0 0 0 0 0 0 0 0.12001 -0.041642 0.076636 0 0
-0 -0 -0 0.15631 0 0 0 0 0 0 0 0.12644 -0.043873 0.080742 0 0
0 0 0 0.1568 0 0 0 0 0 0 0 0.12684 -0.044012 0.080998 0 0
-0 -0 -0 0.16721 0 0 0 0 0 0 0 0.13526 -0.046934 0.086375 0 0
-0 -0 -0 0.13776 0 0 0 0 0 0 0 0.11144 -0.038668 0.071163 0 0
-0 -0 -0 0.052365 0 0 0 0 0 0 0 0.04236 -0.014698 0.02705 0 0
-0 -0 -0 0.16207 0 0 0 0 0 0 0 0.1311 -0.04549 0.083718 0 0
0 0 0 0.066713 0 0 0 0 0 0 0 0.053967 -0.018726 0.034462 0 0
-0 -0 -0 0.16713 0 0 0 0 0 0 0 0.1352 -0.04691 0.086332 0 0
0 0 0 0.099069 0 0 0 0 0 0 0 0.08014 -0.027807 0.051175 0 0
0 0 0 0.064285 0 0 0 0 0 0 0 0.052003 -0.018044 0.033207 0 0
0 0 0 0.16885 0 0 0 0 0 0 0 0.13659 -0.047393 0.08722 0 0
0 0 0 0.037991 0 0 0 0 0 0 0 0.030732 -0.010664 0.019625 0 0
0 0 0 0.1915 0 0 0 0 0 0 0 0.15491 -0.053752 0.098922 0 0
0 0 0 0.076766 0 0 0 0 0 0 0 0.062099 -0.021547 0.039655 0 0
0 0 0 0.0090906 0 0 0 0 0 0 0 0.0073537 -0.0025516 0.0046959 0 0
-0 -0 -0 0.029942 0 0 0 0 0 0 0 0.024222 -0.0084045 0.015467 0 0
0 0 0 0.017623 0 0 0 0 0 0 0 0.014256 -0.0049465 0.0091034 0 0
-0 -0 -0 0.11627 0 0 0 0 0 0 0 0.094053 -0.032635 0.060059 0 0
-0 -0 -0 0.1992 0 0 0 0 0 0 0 0.16114 -0.055912 0.1029 0 0
0 0 0 0.10929 0 0 0 0 0 0 0 0.088412 -0.030677 0.056457 0 0
0 0 0 0.11943 0 0 0 0 0 0 0 0.096612 -0.033523 0.061693 0 0
0 0 0 0.083773 0 0 0 0 0 0 0 0.067767 -0.023514 0.043274 0 0
-0 -0 -0 0.11285 0 0 0 0 0 0 0 0.091291 -0.031676 0.058295 0 0
-0 -0 -0 0.083443 0 0 0 0 0 0 0 0.0675 -0.023421 0.043103 0 0
