0 0 0 0.19594 0 0 0 0 0 -0 -0 0.14476 -0.084449 0.10151 0 0
-0 -0 -0 0.098098 0 0 0 0 0 -0 -0 0.072476 -0.042281 0.050821 0 0
0 0 0 0.087459 0 0 0 0 0 -0 -0 0.064616 -0.037695 0.045309 0 0
0 0 0 0.14639 0 0 0 0 0 -0 -0 0.10816 -0.063095 0.07584 0 0
-0 -0 -0 0.18991 0 0 0 0 0 -0 -0 0.14031 -0.081852 0.098386 0 0
0 0 0 0.17445 0 0 0 0 0 -0 -0 0.12889 -0.07519 0.090379 0 0
0 0 0 0.024319 0 0 0 0 0 -0 -0 0.017967 -0.010481 0.012599 0 0
-0 -0 -0 0.14082 0 0 0 0 0 -0 -0 0.10404 -0.060694 0.072954 0 0
-0 -0 -0 0.12054 0 0 0 0 0 -0 -0 0.089056 -0.051953 0.062447 0 0
0 0 0 0.019017 0 0 0 0 0 -0 -0 0.01405 -0.0081962 0.0098518 0 0
-0 -0 -0 0.16952 0 0 0 0 0 -0 -0 0.12524 -0.073063 0.087821 0 0
-0 -0 -0 0.05969 0 0 0 0 0 -0 -0 0.0441 -0.025727 0.030923 0 0
-0 -0 -0 0.1884 0 0 0 0 0 -0 -0 0.13919 -0.081201 0.097604 0 0
0 0 0 0.077655 0 0 0 0 0 -0 -0 0.057373 -0.03347 0.04023 0 0
-0 -0 -0 0.11383 0 0 0 0 0 -0 -0 0.084099 -0.049061 0.058971 0 0
-0 -0 -0 0.023867 0 0 0 0 0 -0 -0 0.017633 -0.010287 0.012364 0 0
0 0 0 0.050764 0 0 0 0 0 -0 -0 0.037506 -0.02188 0.026299 0 0
-0 -0 -0 0.18826 0 0 0 0 0 -0 -0 0.13909 -0.081139 0.097529 0 0
0 0 0 0.007143 0 0 0 0 0 -0 -0 0.0052774 -0.0030786 0.0037005 0 0
-0 -0 -0 0.055307 0 0 0 0 0 -0 -0 0.040861 -0.023837 0.028652 0 0
0 0 0 0.146 0 0 0 0 0 -0 -0 0.10787 -0.062928 0.075639 0 0
-0 -0 -0 0.14955 0 0 0 0 0 -0 -0 0.11049 -0.064456 0.077476 0 0
0 0 0 0.1641 0 0 0 0 0 -0 -0 0.12124 -0.070729 0.085016 0 0
0 0 0 0.16353 0 0 0 0 0 -0 -0 0.12082 -0.070481 0.084718 0 0
-0 -0 -0 0.11769 0 0 0 0 0 -0 -0 0.086954 -0.050726 0.060973 0 0
0 0 0 0.13459 0 0 0 0 0 -0 -0 0.099437 -0.058009 0.069726 0 0
0 0 0 0.12758 0 0 0 0 0 -0 -0 0.09426 -0.054989 0.066096 0 0
-0 -0 -0 0.056669 0 0 0 0 0 -0 -0 0.041868 -0.024424 0.029358 0 0
-0 -0 -0 0.053126 0 0 0 0 0 -0 -0 0.039251 -0.022898 0.027523 0 0
0 0 0 0.020106 0 0 0 0 0 -0 -0 0.014855 -0.0086657 0.010416 0 0
0 0 0 0.14834 0 0 0 0 0 -0 -0 0.1096 -0.063935 0.07685 0 0
-0 -0 -0 0.15126 0 0 0 0 0 -0 -0 0.11176 -0.065195 0.078364 0 0
0 0 0 0.14222 0 0 0 0 0 -0 -0 0.10507 -0.061296 0.073677 0 0
0 0 0 0.054377 0 0 0 0 0 -0 -0 0.040175 -0.023437 0.028171 0 0
-0 -0 -0 0.026416 0 0 0 0 0 -0 -0 0.019517 -0.011385 0.013685 0 0
-0 -0 -0 0.14025 0 0 0 0 0 -0 -0 0.10362 -0.060446 0.072656 0 0
-0 -0 -0 0.027256 0 0 0 0 0 -0 -0 0.020137 -0.011747 0.01412 0 0
0 0 0 0.13852 0 0 0 0 0 -0 -0 0.10234 -0.059703 0.071763 0 0
-0 -0 -0 0.099123 0 0 0 0 0 -0 -0 0.073234 -0.042722 0.051352 0 0
-0 -0 -0 0.15652 0 0 0 0 0 -0 -0 0.11564 -0.067461 0.081087 0 0
-0 -0 -0 0.12725 0 0 0 0 0 -0 -0 0.094011 -0.054843 0.065921 0 0
0 0 0 0.079165 0 0 0 0 0 -0 -0 0.058488 -0.03412 0.041013 0 0
-0 -0 -0 0.016953 0 0 0 0 0 -0 -0 0.012525 -0.0073069 0.0087828 0 0
0 0 0 0.13824 0 0 0 0 0 -0 -0 0.10213 -0.059581 0.071617 0 0
0 0 0 0.15176 0 0 0 0 0 -0 -0 0.11212 -0.065407 0.078619 0 0
-0 -0 -0 0.18032 0 0 0 0 0 -0 -0 0.13322 -0.077717 0.093416 0 0
-0 -0 -0 0.048672 0 0 0 0 0 -0 -0 0.03596 -0.020978 0.025215 0 0
-0 -0 -0 0.18777 0 0 0 0 0 -0 -0 0.13873 -0.080931 0.097279 0 0
-0 -0 -0 0.12863 0 0 0 0 0 -0 -0 0.095035 -0.05544 0.066639 0 0
0 0 0 0.17114 0 0 0 0 0 -0 -0 0.12644 -0.07376 0.08866 0 0
-0 -0 -0 0.11932 0 0 0 0 0 -0 -0 0.088155 -0.051427 0.061815 0 0
-0 -0 -0 0.034676 0 0 0 0 0 -0 -0 0.025619 -0.014945 0.017964 0 0
-0 -0 -0 0.039629 0 0 0 0 0 -0 -0 0.029279 -0.01708 0.020531 0 0
0 0 0 0.16685 0 0 0 0 0 -0 -0 0.12327 -0.071913 0.086439 0 0
0 0 0 0.12991 0 0 0 0 0 -0 -0 0.095982 -0.055993 0.067304 0 0
-0 -0 -0 0.12005 0 0 0 0 0 -0 -0 0.088692 -0.05174 0.062192 0 0
-0 -0 -0 0.15133 0 0 0 0 0 -0 -0 0.1118 -0.065223 0.078397 0 0
0 0 0 0.18363 0 0 0 0 0 -0 -0 0.13567 -0.079146 0.095133 0 0
-0 -0 -0 0.0042802 0 0 0 0 0 -0 -0 0.0031623 -0.0018448 0.0022174 0 0
0 0 0 0.16168 0 0 0 0 0 -0 -0 0.11945 -0.069684 0.08376 0 0
-0 -0 -0 0.087035 0 0 0 0 0 -0 -0 0.064303 -0.037512 0.04509 0 0
0 0 0 0.1862 0 0 0 0 0 -0 -0 0.13757 -0.080255 0.096466 0 0
0 0 0 0.038117 0 0 0 0 0 -0 -0 0.028161 -0.016428 0.019747 0 0
0 0 0 0.028577 0 0 0 0 0 -0 -0 0.021113 -0.012317 0.014805 0 0
0 0 0 0.073584 0 0 0 0 0 -0 -0 0.054365 -0.031715 0.038121 0 0
0 0 0 0.11799 0 0 0 0 0 -0 -0 0.087171 -0.050853 0.061125 0 0
0 0 0 0.18248 0 0 0 0 0 -0 -0 0.13482 -0.07865 0.094538 0 0
-0 -0 -0 0.09432 0 0 0 0 0 -0 -0 0.069685 -0.040652 0.048864 0 0
-0 -0 -0 0.12885 0 0 0 0 0 -0 -0 0.095195 -0.055534 0.066751 0 0
0 0 0 0.18417 0 0 0 0 0 -0 -0 0.13607 -0.079379 0.095414 0 0
-0 -0 -0 0.06068 0 0 0 0 0 -0 -0 0.044831 -0.026153 0.031436 0 0
-0 -0 -0 0.017082 0 0 0 0 0 -0 -0 0.01262 -0.0073623 0.0088494 0 0
0 0 0 0.16624 0 0 0 0 0 -0 -0 0.12282 -0.071651 0.086124 0 0
0 0 0 0.16025 0 0 0 0 0 -0 -0 0.11839 -0.069067 0.083018 0 0
0 0 0 0.051086 0 0 0 0 0 -0 -0 0.037743 -0.022018 0.026466 0 0
0 0 0 0.14943 0 0 0 0 0 -0 -0 0.1104 -0.064407 0.077417 0 0
0 0 0 0.041597 0 0 0 0 0 -0 -0 0.030732 -0.017928 0.02155 0 0
0 0 0 0.078947 0 0 0 0 0 -0 -0 0.058327 -0.034026 0.0409 0 0
-0 -0 -0 0.095449 0 0 0 0 0 -0 -0 0.070519 -0.041139 0.049449 0 0
-0 -0 -0 0.017903 0 0 0 0 0 -0 -0 0.013227 -0.0077162 0.0092749 0 0
-0 -0 -0 0.1063 0 0 0 0 0 -0 -0 0.078534 -0.045815 0.055069 0 0
-0 -0 -0 0.05667 0 0 0 0 0 -0 -0 0.041869 -0.024425 0.029359 0 0
-0 -0 -0 0.029709 0 0 0 0 0 -0 -0 0.02195 -0.012805 0.015391 0 0
-0 -0 -0 0.17244 0 0 0 0 0 -0 -0 0.1274 -0.074322 0.089334 0 0
0 0 0 0.060572 0 0 0 0 0 -0 -0 0.044752 -0.026107 0.03138 0 0
-0 -0 -0 0.19599 0 0 0 0 0 -0 -0 0.1448 -0.084473 0.10154 0 0
-0 -0 -0 0.11151 0 0 0 0 0 -0 -0 0.082382 -0.048059 0.057767 0 0
-0 -0 -0 0.18572 0 0 0 0 0 -0 -0 0.13721 -0.080046 0.096215 0 0
-0 -0 -0 0.15477 0 0 0 0 0 -0 -0 0.11435 -0.066708 0.080183 0 0
0 0 0 0.12678 0 0 0 0 0 -0 -0 0.09367 -0.054644 0.065682 0 0
0 0 0 0.11171 0 0 0 0 0 -0 -0 0.082537 -0.048149 0.057875 0 0
0 0 0 0.093629 0 0 0 0 0 -0 -0 0.069174 -0.040354 0.048506 0 0
-0 -0 -0 0.086262 0 0 0 0 0 -0 -0 0.063732 -0.037179 0.044689 0 0
-0 -0 -0 0.19366 0 0 0 0 0 -0 -0 0.14308 -0.083469 0.10033 0 0
-0 -0 -0 0.14054 0 0 0 0 0 -0 -0 0.10384 -0.060574 0.07281 0 0
-0 -0 -0 0.033889 0 0 0 0 0 -0 -0 0.025038 -0.014606 0.017557 0 0
0 0 0 0.14563 0 0 0 0 0 -0 -0 0.10759 -0.062767 0.075446 0 0
0 0 0 0.16075 0 0 0 0 0 -0 -0 0.11876 -0.069284 0.083279 0 0
0 0 0 0.088742 0 0 0 0 0 -0 -0 0.065564 -0.038248 0.045974 0 0
0 0 0 0.16115 0 0 0 0 0 -0 -0 0.11906 -0.069454 0.083484 0 0
