0 0 0.264 0 0 0 0 0 0 0 0 0 0 -0.11378 0.076235 0.22569 0.016438 0.035702 -0.003772 0 0
-0 -0 -0.29578 0 0 0 0 0 0 0 0 0 0 0.12748 -0.085413 -0.25286 -0.027464 -0.034571 -0.0021685 0 0
0 0 0.22776 0 0 0 0 0 0 0 0 0 0 -0.098165 0.06577 0.19471 0.014684 0.030624 -0.0029412 0 0
0 0 0.24737 0 0 0 0 0 0 0 0 0 0 -0.10661 0.071432 0.21147 0.015654 0.033366 -0.0033785 0 0
0 0 0.16976 0 0 0 0 0 0 0 0 0 0 -0.073166 0.049021 0.14513 0.011536 0.022594 -0.0018161 0 0
0 0 0.34588 0 0 0 0 0 0 0 0 0 0 -0.14907 0.099879 0.29569 0.019782 0.047303 -0.0060049 0 0
-0 -0 -0.049066 0 0 0 0 0 0 0 0 0 0 0.021147 -0.014169 -0.041946 -0.0039447 -0.0062116 0.00010942 0 0
-0 -0 -0.023709 0 0 0 0 0 0 0 0 0 0 0.010219 -0.0068464 -0.020269 -0.0018734 -0.0030218 7.6252e-05 0 0
0 0 0.33031 0 0 0 0 0 0 0 0 0 0 -0.14237 0.095385 0.28238 0.019213 0.045087 -0.005543 0 0
-0 -0 -0.085253 0 0 0 0 0 0 0 0 0 0 0.036744 -0.024618 -0.072882 -0.0070194 -0.010684 7.0101e-05 0 0
-0 -0 -0.33313 0 0 0 0 0 0 0 0 0 0 0.14358 -0.096197 -0.28479 -0.031503 -0.038378 -0.002919 0 0
0 0 0.043067 0 0 0 0 0 0 0 0 0 0 -0.018562 0.012437 0.036818 0.0032429 0.0055809 -0.0002502 0 0
0 0 0.0077797 0 0 0 0 0 0 0 0 0 0 -0.003353 0.0022465 0.0066508 0.00060119 0.00099957 -3.4542e-05 0 0
-0 -0 -0.28311 0 0 0 0 0 0 0 0 0 0 0.12202 -0.081754 -0.24203 -0.026119 -0.033248 -0.0019377 0 0
0 0 0.080751 0 0 0 0 0 0 0 0 0 0 -0.034804 0.023319 0.069034 0.0059072 0.010555 -0.00058699 0 0
0 0 0.19227 0 0 0 0 0 0 0 0 0 0 -0.082868 0.055521 0.16437 0.012807 0.025695 -0.0022226 0 0
0 0 0.20313 0 0 0 0 0 0 0 0 0 0 -0.087551 0.058659 0.17366 0.013398 0.027199 -0.0024325 0 0
-0 -0 -0.19823 0 0 0 0 0 0 0 0 0 0 0.085436 -0.057242 -0.16946 -0.017474 -0.023987 -0.00070692 0 0
-0 -0 -0.32854 0 0 0 0 0 0 0 0 0 0 0.1416 -0.094874 -0.28087 -0.031002 -0.037919 -0.0028213 0 0
0 0 0.19781 0 0 0 0 0 0 0 0 0 0 -0.085256 0.057122 0.16911 0.013111 0.026462 -0.0023285 0 0
0 0 0.21391 0 0 0 0 0 0 0 0 0 0 -0.092196 0.061771 0.18287 0.013971 0.028696 -0.0026495 0 0
0 0 0.25097 0 0 0 0 0 0 0 0 0 0 -0.10817 0.072473 0.21455 0.015827 0.033872 -0.0034621 0 0
-0 -0 -0.26409 0 0 0 0 0 0 0 0 0 0 0.11382 -0.076261 -0.22577 -0.024127 -0.031232 -0.0016141 0 0
-0 -0 -0.13864 0 0 0 0 0 0 0 0 0 0 0.059756 -0.040036 -0.11853 -0.011803 -0.017102 -0.00017384 0 0
-0 -0 -0.33625 0 0 0 0 0 0 0 0 0 0 0.14492 -0.097098 -0.28746 -0.031846 -0.03869 -0.0029865 0 0
0 0 0.29894 0 0 0 0 0 0 0 0 0 0 -0.12884 0.086326 0.25557 0.017971 0.040634 -0.0046651 0 0
-0 -0 -0.18635 0 0 0 0 0 0 0 0 0 0 0.080316 -0.053812 -0.15931 -0.016316 -0.022639 -0.00057875 0 0
0 0 0.19986 0 0 0 0 0 0 0 0 0 0 -0.086142 0.057715 0.17086 0.013222 0.026746 -0.0023684 0 0
-0 -0 -0.29228 0 0 0 0 0 0 0 0 0 0 0.12597 -0.084402 -0.24987 -0.027091 -0.034207 -0.0021035 0 0
-0 -0 -0.24686 0 0 0 0 0 0 0 0 0 0 0.1064 -0.071285 -0.21104 -0.022349 -0.029375 -0.0013447 0 0
-0 -0 -0.15832 0 0 0 0 0 0 0 0 0 0 0.068235 -0.045717 -0.13534 -0.013637 -0.019409 -0.00031949 0 0
-0 -0 -0.17925 0 0 0 0 0 0 0 0 0 0 0.077256 -0.051761 -0.15324 -0.01563 -0.021827 -0.00050733 0 0
-0 -0 -0.018889 0 0 0 0 0 0 0 0 0 0 0.0081413 -0.0054547 -0.016148 -0.0014876 -0.0024106 6.4291e-05 0 0
-0 -0 -0.065496 0 0 0 0 0 0 0 0 0 0 0.028229 -0.018913 -0.055992 -0.0053237 -0.0082542 0.0001042 0 0
-0 -0 -0.27515 0 0 0 0 0 0 0 0 0 0 0.11859 -0.079455 -0.23523 -0.025282 -0.032408 -0.0017989 0 0
-0 -0 -0.11303 0 0 0 0 0 0 0 0 0 0 0.048715 -0.032639 -0.096627 -0.0094718 -0.014051 -2.9167e-05 0 0
-0 -0 -0.33315 0 0 0 0 0 0 0 0 0 0 0.14359 -0.096205 -0.28481 -0.031506 -0.038381 -0.0029197 0 0
0 0 0.23956 0 0 0 0 0 0 0 0 0 0 -0.10325 0.069177 0.2048 0.015274 0.032273 -0.0032009 0 0
-0 -0 -0.10733 0 0 0 0 0 0 0 0 0 0 0.046259 -0.030993 -0.091755 -0.0089622 -0.013365 -3.9103e-06 0 0
-0 -0 -0.068077 0 0 0 0 0 0 0 0 0 0 0.029341 -0.019659 -0.058199 -0.0055429 -0.0085734 0.00010147 0 0
-0 -0 -0.10263 0 0 0 0 0 0 0 0 0 0 0.044236 -0.029638 -0.087742 -0.0085449 -0.012798 1.5e-05 0 0
0 0 0.051829 0 0 0 0 0 0 0 0 0 0 -0.022339 0.014967 0.044309 0.003877 0.0067301 -0.00031871 0 0
-0 -0 -0.14266 0 0 0 0 0 0 0 0 0 0 0.061487 -0.041196 -0.12196 -0.012174 -0.017575 -0.00020113 0 0
-0 -0 -0.2307 0 0 0 0 0 0 0 0 0 0 0.099432 -0.066619 -0.19722 -0.020705 -0.027609 -0.0011126 0 0
-0 -0 -0.12176 0 0 0 0 0 0 0 0 0 0 0.052479 -0.035161 -0.10409 -0.010259 -0.015097 -7.2767e-05 0 0
0 0 0.33654 0 0 0 0 0 0 0 0 0 0 -0.14505 0.097181 0.2877 0.019445 0.045972 -0.0057255 0 0
0 0 0.10723 0 0 0 0 0 0 0 0 0 0 -0.046215 0.030964 0.091668 0.0076801 0.014095 -0.00088913 0 0
-0 -0 -0.2596 0 0 0 0 0 0 0 0 0 0 0.11189 -0.074964 -0.22193 -0.023661 -0.030751 -0.0015417 0 0
-0 -0 -0.076129 0 0 0 0 0 0 0 0 0 0 0.032812 -0.021984 -0.065083 -0.0062312 -0.0095657 8.9619e-05 0 0
0 0 0.15783 0 0 0 0 0 0 0 0 0 0 -0.068026 0.045577 0.13493 0.010837 0.020959 -0.0016163 0 0
0 0 0.15196 0 0 0 0 0 0 0 0 0 0 -0.065493 0.04388 0.12991 0.010486 0.020156 -0.0015218 0 0
0 0 0.091064 0 0 0 0 0 0 0 0 0 0 -0.039249 0.026297 0.077851 0.0066076 0.011929 -0.00069827 0 0
0 0 0.20145 0 0 0 0 0 0 0 0 0 0 -0.086824 0.058172 0.17222 0.013308 0.026966 -0.0023994 0 0
0 0 0.14463 0 0 0 0 0 0 0 0 0 0 -0.062337 0.041766 0.12365 0.010043 0.019157 -0.0014078 0 0
-0 -0 -0.31833 0 0 0 0 0 0 0 0 0 0 0.1372 -0.091923 -0.27214 -0.029889 -0.036887 -0.0026091 0 0
-0 -0 -0.046313 0 0 0 0 0 0 0 0 0 0 0.019961 -0.013374 -0.039593 -0.0037165 -0.0058675 0.00010824 0 0
0 0 0.30443 0 0 0 0 0 0 0 0 0 0 -0.13121 0.087911 0.26026 0.018198 0.041411 -0.0048136 0 0
-0 -0 -0.060251 0 0 0 0 0 0 0 0 0 0 0.025968 -0.017399 -0.051509 -0.0048804 -0.0076043 0.00010815 0 0
0 0 0.21902 0 0 0 0 0 0 0 0 0 0 -0.094399 0.063247 0.18724 0.014237 0.029407 -0.0027555 0 0
0 0 0.015785 0 0 0 0 0 0 0 0 0 0 -0.0068032 0.0045581 0.013494 0.0012128 0.0020321 -7.4991e-05 0 0
-0 -0 -0.25711 0 0 0 0 0 0 0 0 0 0 0.11081 -0.074244 -0.2198 -0.023403 -0.030483 -0.0015022 0 0
0 0 0.033492 0 0 0 0 0 0 0 0 0 0 -0.014435 0.0096716 0.028632 0.00254 0.0043303 -0.00018214 0 0
0 0 0.29338 0 0 0 0 0 0 0 0 0 0 -0.12645 0.084721 0.25081 0.017738 0.039847 -0.0045171 0 0
0 0 0.18878 0 0 0 0 0 0 0 0 0 0 -0.081366 0.054515 0.16139 0.012614 0.025214 -0.0021571 0 0
0 0 0.33761 0 0 0 0 0 0 0 0 0 0 -0.14551 0.097493 0.28862 0.019484 0.046126 -0.0057574 0 0
0 0 0.19094 0 0 0 0 0 0 0 0 0 0 -0.082295 0.055137 0.16323 0.012734 0.025511 -0.0021975 0 0
0 0 0.10393 0 0 0 0 0 0 0 0 0 0 -0.044796 0.030013 0.088853 0.0074641 0.013653 -0.00084863 0 0
-0 -0 -0.31011 0 0 0 0 0 0 0 0 0 0 0.13366 -0.089551 -0.26511 -0.029 -0.036049 -0.0024441 0 0
-0 -0 -0.10555 0 0 0 0 0 0 0 0 0 0 0.045493 -0.03048 -0.090236 -0.0088039 -0.01315 3.4514e-06 0 0
0 0 0.028484 0 0 0 0 0 0 0 0 0 0 -0.012277 0.0082254 0.024351 0.0021682 0.0036784 -0.00014937 0 0
0 0 0.317 0 0 0 0 0 0 0 0 0 0 -0.13663 0.091539 0.271 0.018702 0.043194 -0.0051616 0 0
0 0 0.23701 0 0 0 0 0 0 0 0 0 0 -0.10215 0.068442 0.20262 0.015148 0.031917 -0.003144 0 0
-0 -0 -0.33969 0 0 0 0 0 0 0 0 0 0 0.14641 -0.098094 -0.2904 -0.032225 -0.039033 -0.0030619 0 0
0 0 0.0013486 0 0 0 0 0 0 0 0 0 0 -0.00058123 0.00038942 0.0011529 0.00010469 0.00017299 -5.6506e-06 0 0
-0 -0 -0.11849 0 0 0 0 0 0 0 0 0 0 0.051069 -0.034216 -0.1013 -0.0099633 -0.014706 -5.5742e-05 0 0
0 0 0.11518 0 0 0 0 0 0 0 0 0 0 -0.049643 0.03326 0.098467 0.0081965 0.015166 -0.00099042 0 0
0 0 0.16446 0 0 0 0 0 0 0 0 0 0 -0.070882 0.047491 0.1406 0.011227 0.021867 -0.001726 0 0
0 0 0.18198 0 0 0 0 0 0 0 0 0 0 -0.078434 0.052551 0.15557 0.012234 0.024275 -0.002032 0 0
-0 -0 -0.26468 0 0 0 0 0 0 0 0 0 0 0.11408 -0.076432 -0.22627 -0.024188 -0.031295 -0.0016237 0 0
-0 -0 -0.26874 0 0 0 0 0 0 0 0 0 0 0.11583 -0.077605 -0.22975 -0.024611 -0.031728 -0.0016907 0 0
-0 -0 -0.27453 0 0 0 0 0 0 0 0 0 0 0.11832 -0.079277 -0.2347 -0.025217 -0.032343 -0.0017883 0 0
0 0 0.040553 0 0 0 0 0 0 0 0 0 0 -0.017478 0.01171 0.034668 0.0030594 0.005252 -0.00023164 0 0
0 0 0.10661 0 0 0 0 0 0 0 0 0 0 -0.045949 0.030786 0.091141 0.0076398 0.014012 -0.00088149 0 0
0 0 0.23182 0 0 0 0 0 0 0 0 0 0 -0.099913 0.066941 0.19818 0.014889 0.03119 -0.0030293 0 0
0 0 0.19644 0 0 0 0 0 0 0 0 0 0 -0.084668 0.056727 0.16794 0.013036 0.026273 -0.0023022 0 0
-0 -0 -0.28856 0 0 0 0 0 0 0 0 0 0 0.12437 -0.083327 -0.24669 -0.026696 -0.033819 -0.0020354 0 0
-0 -0 -0.33715 0 0 0 0 0 0 0 0 0 0 0.14531 -0.097359 -0.28823 -0.031945 -0.03878 -0.0030062 0 0
-0 -0 -0.22758 0 0 0 0 0 0 0 0 0 0 0.098087 -0.065718 -0.19456 -0.02039 -0.027265 -0.0010702 0 0
0 0 0.044714 0 0 0 0 0 0 0 0 0 0 -0.019272 0.012912 0.038226 0.0033628 0.0057966 -0.00026263 0 0
0 0 0.32029 0 0 0 0 0 0 0 0 0 0 -0.13804 0.092489 0.27381 0.01883 0.043661 -0.0052546 0 0
-0 -0 -0.077456 0 0 0 0 0 0 0 0 0 0 0.033384 -0.022367 -0.066217 -0.0063453 -0.0097288 8.7183e-05 0 0
0 0 0.17491 0 0 0 0 0 0 0 0 0 0 -0.075388 0.05051 0.14953 0.011832 0.023302 -0.0019058 0 0
-0 -0 -0.15835 0 0 0 0 0 0 0 0 0 0 0.06825 -0.045728 -0.13538 -0.013641 -0.019413 -0.00031979 0 0
0 0 0.0055024 0 0 0 0 0 0 0 0 0 0 -0.0023716 0.0015889 0.004704 0.00042591 0.00070657 -2.3944e-05 0 0
-0 -0 -0.20209 0 0 0 0 0 0 0 0 0 0 0.0871 -0.058357 -0.17276 -0.017853 -0.024423 -0.00075091 0 0
0 0 0.1131 0 0 0 0 0 0 0 0 0 0 -0.048746 0.03266 0.096689 0.0080622 0.014885 -0.00096346 0 0
0 0 0.083289 0 0 0 0 0 0 0 0 0 0 -0.035898 0.024051 0.071203 0.0060807 0.010892 -0.00061361 0 0
0 0 0.23783 0 0 0 0 0 0 0 0 0 0 -0.10251 0.068679 0.20332 0.015189 0.032031 -0.0031623 0 0
-0 -0 -0.077902 0 0 0 0 0 0 0 0 0 0 0.033576 -0.022496 -0.066598 -0.0063837 -0.0097836 8.6333e-05 0 0
0 0 0.31038 0 0 0 0 0 0 0 0 0 0 -0.13378 0.08963 0.26535 0.018439 0.042255 -0.004977 0 0
