-0 -0 -0.0037961 0 0 0 0 0 0 0 0 0 0 0.0016361 -0.0010962 -0.0032453 -0.00029579 -0.00048633 1.5147e-05 0 0
-0 -0 -0.10078 0 0 0 0 0 0 0 0 0 0 0.043436 -0.029102 -0.086157 -0.0083806 -0.012574 2.1997e-05 0 0
-0 -0 -0.17655 0 0 0 0 0 0 0 0 0 0 0.076094 -0.050983 -0.15093 -0.015371 -0.021517 -0.00048123 0 0
-0 -0 -0.037944 0 0 0 0 0 0 0 0 0 0 0.016354 -0.010957 -0.032439 -0.0030277 -0.0048181 0.00010103 0 0
0 0 0.1001 0 0 0 0 0 0 0 0 0 0 -0.043142 0.028905 0.085573 0.0072108 0.013138 -0.00080247 0 0
0 0 0.21667 0 0 0 0 0 0 0 0 0 0 -0.093387 0.062569 0.18523 0.014115 0.02908 -0.0027066 0 0
0 0 0.18933 0 0 0 0 0 0 0 0 0 0 -0.081601 0.054672 0.16186 0.012645 0.025289 -0.0021673 0 0
-0 -0 -0.30273 0 0 0 0 0 0 0 0 0 0 0.13048 -0.087419 -0.2588 -0.028207 -0.03529 -0.0023002 0 0
0 0 0.32457 0 0 0 0 0 0 0 0 0 0 -0.13989 0.093727 0.27748 0.018995 0.04427 -0.005377 0 0
0 0 0.19501 0 0 0 0 0 0 0 0 0 0 -0.08405 0.056314 0.16671 0.012958 0.026074 -0.0022748 0 0
-0 -0 -0.21006 0 0 0 0 0 0 0 0 0 0 0.090538 -0.06066 -0.17958 -0.01864 -0.025319 -0.00084543 0 0
-0 -0 -0.0098069 0 0 0 0 0 0 0 0 0 0 0.0042268 -0.002832 -0.0083839 -0.00076741 -0.0012545 3.6841e-05 0 0
0 0 0.24451 0 0 0 0 0 0 0 0 0 0 -0.10539 0.070608 0.20903 0.015516 0.032967 -0.0033131 0 0
-0 -0 -0.21381 0 0 0 0 0 0 0 0 0 0 0.092153 -0.061743 -0.18279 -0.019012 -0.025738 -0.00089154 0 0
-0 -0 -0.19917 0 0 0 0 0 0 0 0 0 0 0.085843 -0.057514 -0.17027 -0.017566 -0.024094 -0.00071755 0 0
-0 -0 -0.13079 0 0 0 0 0 0 0 0 0 0 0.056372 -0.037769 -0.11182 -0.011082 -0.016172 -0.00012409 0 0
0 0 0.32558 0 0 0 0 0 0 0 0 0 0 -0.14032 0.094017 0.27833 0.019034 0.044413 -0.0054058 0 0
-0 -0 -0.17998 0 0 0 0 0 0 0 0 0 0 0.077574 -0.051974 -0.15387 -0.015701 -0.021911 -0.00051456 0 0
0 0 0.11407 0 0 0 0 0 0 0 0 0 0 -0.049166 0.032941 0.097521 0.0081251 0.015017 -0.00097604 0 0
-0 -0 -0.10489 0 0 0 0 0 0 0 0 0 0 0.045207 -0.030289 -0.089669 -0.008745 -0.01307 6.133e-06 0 0
0 0 0.24551 0 0 0 0 0 0 0 0 0 0 -0.10581 0.070895 0.20988 0.015564 0.033106 -0.0033359 0 0
-0 -0 -0.086116 0 0 0 0 0 0 0 0 0 0 0.037116 -0.024868 -0.07362 -0.0070945 -0.01079 6.7918e-05 0 0
-0 -0 -0.24869 0 0 0 0 0 0 0 0 0 0 0.10719 -0.071815 -0.21261 -0.022537 -0.029574 -0.0013723 0 0
0 0 0.2415 0 0 0 0 0 0 0 0 0 0 -0.10409 0.069739 0.20646 0.015369 0.032545 -0.0032447 0 0
0 0 0.27228 0 0 0 0 0 0 0 0 0 0 -0.11735 0.078625 0.23277 0.016815 0.036867 -0.0039755 0 0
0 0 0.057876 0 0 0 0 0 0 0 0 0 0 -0.024945 0.016713 0.049478 0.0043094 0.0075258 -0.00036945 0 0
0 0 0.050578 0 0 0 0 0 0 0 0 0 0 -0.021799 0.014605 0.043239 0.003787 0.0065657 -0.00030856 0 0
-0 -0 -0.16689 0 0 0 0 0 0 0 0 0 0 0.071932 -0.048194 -0.14268 -0.014449 -0.020404 -0.00039237 0 0
-0 -0 -0.092994 0 0 0 0 0 0 0 0 0 0 0.040081 -0.026854 -0.0795 -0.007695 -0.011629 4.8461e-05 0 0
0 0 0.092634 0 0 0 0 0 0 0 0 0 0 -0.039926 0.02675 0.079193 0.0067131 0.012139 -0.00071593 0 0
-0 -0 -0.28181 0 0 0 0 0 0 0 0 0 0 0.12146 -0.081377 -0.24091 -0.025982 -0.033111 -0.0019146 0 0
0 0 0.32844 0 0 0 0 0 0 0 0 0 0 -0.14156 0.094844 0.28078 0.019143 0.04482 -0.0054885 0 0
0 0 0.23507 0 0 0 0 0 0 0 0 0 0 -0.10132 0.067881 0.20096 0.015052 0.031645 -0.0031009 0 0
-0 -0 -0.32752 0 0 0 0 0 0 0 0 0 0 0.14116 -0.094577 -0.27999 -0.030889 -0.037816 -0.0027996 0 0
-0 -0 -0.1001 0 0 0 0 0 0 0 0 0 0 0.043143 -0.028906 -0.085576 -0.0083205 -0.012491 2.4495e-05 0 0
0 0 0.041945 0 0 0 0 0 0 0 0 0 0 -0.018079 0.012113 0.035859 0.0031611 0.0054341 -0.00024186 0 0
-0 -0 -0.24981 0 0 0 0 0 0 0 0 0 0 0.10767 -0.072138 -0.21356 -0.022651 -0.029696 -0.0013892 0 0
0 0 0.075432 0 0 0 0 0 0 0 0 0 0 -0.032511 0.021783 0.064487 0.0055411 0.0098477 -0.0005328 0 0
-0 -0 -0.011625 0 0 0 0 0 0 0 0 0 0 0.0050102 -0.0033568 -0.0099378 -0.00091081 -0.0014863 4.2848e-05 0 0
-0 -0 -0.12213 0 0 0 0 0 0 0 0 0 0 0.052639 -0.035268 -0.10441 -0.010293 -0.015141 -7.4749e-05 0 0
-0 -0 -0.064974 0 0 0 0 0 0 0 0 0 0 0.028004 -0.018762 -0.055546 -0.0052794 -0.0081896 0.00010468 0 0
0 0 0.15723 0 0 0 0 0 0 0 0 0 0 -0.067768 0.045404 0.13442 0.010801 0.020877 -0.0016065 0 0
-0 -0 -0.32459 0 0 0 0 0 0 0 0 0 0 0.1399 -0.093733 -0.27749 -0.03057 -0.037521 -0.0027383 0 0
-0 -0 -0.099921 0 0 0 0 0 0 0 0 0 0 0.043066 -0.028854 -0.085422 -0.0083047 -0.01247 2.5147e-05 0 0
0 0 0.12935 0 0 0 0 0 0 0 0 0 0 -0.05575 0.037352 0.11058 0.0090978 0.017081 -0.0011829 0 0
0 0 0.31722 0 0 0 0 0 0 0 0 0 0 -0.13672 0.091605 0.27119 0.018711 0.043226 -0.005168 0 0
-0 -0 -0.3092 0 0 0 0 0 0 0 0 0 0 0.13327 -0.089289 -0.26434 -0.028903 -0.035956 -0.0024262 0 0
0 0 0.17738 0 0 0 0 0 0 0 0 0 0 -0.076449 0.051221 0.15164 0.011973 0.023641 -0.0019493 0 0
-0 -0 -0.11428 0 0 0 0 0 0 0 0 0 0 0.049255 -0.033001 -0.097698 -0.0095843 -0.014201 -3.5059e-05 0 0
0 0 0.19822 0 0 0 0 0 0 0 0 0 0 -0.085435 0.057241 0.16946 0.013133 0.026519 -0.0023366 0 0
-0 -0 -0.27803 0 0 0 0 0 0 0 0 0 0 0.11983 -0.080286 -0.23768 -0.025584 -0.032712 -0.0018485 0 0
0 0 0.0037898 0 0 0 0 0 0 0 0 0 0 -0.0016334 0.0010944 0.0032399 0.00029371 0.00048645 -1.6239e-05 0 0
-0 -0 -0.33927 0 0 0 0 0 0 0 0 0 0 0.14623 -0.097971 -0.29004 -0.032179 -0.038991 -0.0030526 0 0
-0 -0 -0.1055 0 0 0 0 0 0 0 0 0 0 0.045472 -0.030466 -0.090194 -0.0087995 -0.013144 3.6509e-06 0 0
-0 -0 -0.23657 0 0 0 0 0 0 0 0 0 0 0.10196 -0.068316 -0.20225 -0.0213 -0.028254 -0.0011947 0 0
0 0 0.039049 0 0 0 0 0 0 0 0 0 0 -0.01683 0.011276 0.033383 0.0029492 0.0050554 -0.00022077 0 0
0 0 0.031449 0 0 0 0 0 0 0 0 0 0 -0.013554 0.0090814 0.026885 0.0023887 0.0040641 -0.00016853 0 0
-0 -0 -0.091074 0 0 0 0 0 0 0 0 0 0 0.039253 -0.026299 -0.077859 -0.0075268 -0.011395 5.4264e-05 0 0
0 0 0.14752 0 0 0 0 0 0 0 0 0 0 -0.063582 0.0426 0.12612 0.010219 0.019551 -0.0014522 0 0
0 0 0.26894 0 0 0 0 0 0 0 0 0 0 -0.11591 0.077663 0.22992 0.016665 0.036397 -0.0038929 0 0
0 0 0.17226 0 0 0 0 0 0 0 0 0 0 -0.074243 0.049742 0.14726 0.01168 0.022937 -0.0018593 0 0
-0 -0 -0.27154 0 0 0 0 0 0 0 0 0 0 0.11703 -0.078413 -0.23214 -0.024904 -0.032026 -0.0017376 0 0
-0 -0 -0.17302 0 0 0 0 0 0 0 0 0 0 0.07457 -0.049962 -0.14791 -0.015033 -0.021111 -0.00044787 0 0
0 0 0.24732 0 0 0 0 0 0 0 0 0 0 -0.10659 0.071418 0.21143 0.015652 0.033359 -0.0033774 0 0
0 0 0.19212 0 0 0 0 0 0 0 0 0 0 -0.082805 0.055479 0.16424 0.012799 0.025675 -0.0022198 0 0
-0 -0 -0.09584 0 0 0 0 0 0 0 0 0 0 0.041307 -0.027676 -0.081933 -0.0079448 -0.011974 3.9336e-05 0 0
-0 -0 -0.031549 0 0 0 0 0 0 0 0 0 0 0.013598 -0.0091104 -0.026971 -0.0025064 -0.0040128 9.185e-05 0 0
0 0 0.012405 0 0 0 0 0 0 0 0 0 0 -0.0053468 0.0035823 0.010605 0.00095547 0.0015957 -5.7309e-05 0 0
0 0 0.11418 0 0 0 0 0 0 0 0 0 0 -0.049213 0.032972 0.097614 0.0081321 0.015031 -0.00097745 0 0
-0 -0 -0.015299 0 0 0 0 0 0 0 0 0 0 0.0065939 -0.0044179 -0.013079 -0.0012018 -0.0019542 5.4207e-05 0 0
-0 -0 -0.287 0 0 0 0 0 0 0 0 0 0 0.1237 -0.082879 -0.24536 -0.026531 -0.033656 -0.0020073 0 0
-0 -0 -0.081923 0 0 0 0 0 0 0 0 0 0 0.035309 -0.023657 -0.070036 -0.0067308 -0.010277 7.7974e-05 0 0
0 0 0.060905 0 0 0 0 0 0 0 0 0 0 -0.02625 0.017588 0.052067 0.0045245 0.0079252 -0.00039594 0 0
0 0 0.077446 0 0 0 0 0 0 0 0 0 0 -0.033379 0.022364 0.066208 0.0056801 0.010115 -0.00055306 0 0
-0 -0 -0.034741 0 0 0 0 0 0 0 0 0 0 0.014973 -0.010032 -0.0297 -0.002766 -0.0044151 9.683e-05 0 0
0 0 0.10285 0 0 0 0 0 0 0 0 0 0 -0.04433 0.029701 0.087929 0.007393 0.013508 -0.00083551 0 0
0 0 0.26973 0 0 0 0 0 0 0 0 0 0 -0.11625 0.07789 0.23059 0.0167 0.036508 -0.0039124 0 0
0 0 0.22524 0 0 0 0 0 0 0 0 0 0 -0.097077 0.065041 0.19255 0.014556 0.030272 -0.0028869 0 0
-0 -0 -0.24865 0 0 0 0 0 0 0 0 0 0 0.10717 -0.071802 -0.21257 -0.022532 -0.029569 -0.0013716 0 0
-0 -0 -0.046875 0 0 0 0 0 0 0 0 0 0 0.020203 -0.013536 -0.040073 -0.003763 -0.0059378 0.00010853 0 0
-0 -0 -0.34348 0 0 0 0 0 0 0 0 0 0 0.14804 -0.099187 -0.29364 -0.032643 -0.039409 -0.0031457 0 0
-0 -0 -0.11055 0 0 0 0 0 0 0 0 0 0 0.047649 -0.031925 -0.094512 -0.0092501 -0.013753 -1.7892e-05 0 0
0 0 0.15017 0 0 0 0 0 0 0 0 0 0 -0.064723 0.043364 0.12838 0.010379 0.019912 -0.0014936 0 0
0 0 0.136 0 0 0 0 0 0 0 0 0 0 -0.058618 0.039274 0.11627 0.0095129 0.017984 -0.0012786 0 0
-0 -0 -0.32322 0 0 0 0 0 0 0 0 0 0 0.13931 -0.093336 -0.27632 -0.030421 -0.037382 -0.0027097 0 0
-0 -0 -0.087422 0 0 0 0 0 0 0 0 0 0 0.037679 -0.025245 -0.074737 -0.0072081 -0.010949 6.4507e-05 0 0
0 0 0.316 0 0 0 0 0 0 0 0 0 0 -0.1362 0.091252 0.27015 0.018662 0.043052 -0.0051336 0 0
-0 -0 -0.013405 0 0 0 0 0 0 0 0 0 0 0.0057776 -0.003871 -0.01146 -0.0010516 -0.0017131 4.8483e-05 0 0
-0 -0 -0.29531 0 0 0 0 0 0 0 0 0 0 0.12728 -0.085276 -0.25246 -0.027413 -0.034522 -0.0021596 0 0
-0 -0 -0.28974 0 0 0 0 0 0 0 0 0 0 0.12488 -0.083669 -0.2477 -0.026821 -0.033942 -0.0020569 0 0
-0 -0 -0.11994 0 0 0 0 0 0 0 0 0 0 0.051696 -0.034636 -0.10254 -0.010095 -0.01488 -6.3203e-05 0 0
0 0 0.31556 0 0 0 0 0 0 0 0 0 0 -0.13601 0.091124 0.26977 0.018645 0.04299 -0.0051212 0 0
0 0 0.23488 0 0 0 0 0 0 0 0 0 0 -0.10123 0.067825 0.2008 0.015042 0.031618 -0.0030966 0 0
0 0 0.14069 0 0 0 0 0 0 0 0 0 0 -0.060636 0.040626 0.12027 0.0098017 0.01862 -0.001348 0 0
-0 -0 -0.10229 0 0 0 0 0 0 0 0 0 0 0.044088 -0.029539 -0.08745 -0.0085146 -0.012757 1.6309e-05 0 0
-0 -0 -0.33771 0 0 0 0 0 0 0 0 0 0 0.14555 -0.09752 -0.28871 -0.032007 -0.038836 -0.0030184 0 0
-0 -0 -0.16671 0 0 0 0 0 0 0 0 0 0 0.071854 -0.048142 -0.14252 -0.014432 -0.020383 -0.00039079 0 0
-0 -0 -0.030855 0 0 0 0 0 0 0 0 0 0 0.013299 -0.0089102 -0.026378 -0.0024501 -0.0039253 9.0663e-05 0 0
0 0 0.27883 0 0 0 0 0 0 0 0 0 0 -0.12018 0.080518 0.23837 0.017108 0.037791 -0.0041402 0 0
-0 -0 -0.07793 0 0 0 0 0 0 0 0 0 0 0.033588 -0.022504 -0.066622 -0.0063861 -0.009787 8.6279e-05 0 0
