0 0 0.10212 0 0 0 0 0 0 0 0 0 0 -0.049023 0.021382 0.086999 0 0 0 0 0
0 0 0.020811 0 0 0 0 0 0 0 0 0 0 -0.0099902 0.0043575 0.017729 0 0 0 0 0
0 0 0.14926 0 0 0 0 0 0 0 0 0 0 -0.071649 0.031252 0.12715 0 0 0 0 0
-0 -0 -0.15847 0 0 0 0 0 0 0 0 0 0 0.076069 -0.033179 -0.135 0 0 0 0 0
0 0 0.083285 0 0 0 0 0 0 0 0 0 0 -0.039979 0.017438 0.07095 0 0 0 0 0
-0 -0 -0.068532 0 0 0 0 0 0 0 0 0 0 0.032898 -0.014349 -0.058382 0 0 0 0 0
-0 -0 -0.038532 0 0 0 0 0 0 0 0 0 0 0.018497 -0.0080679 -0.032826 0 0 0 0 0
-0 -0 -0.19785 0 0 0 0 0 0 0 0 0 0 0.094974 -0.041425 -0.16855 0 0 0 0 0
0 0 0.047727 0 0 0 0 0 0 0 0 0 0 -0.022911 0.0099931 0.040659 0 0 0 0 0
0 0 0.3146 0 0 0 0 0 0 0 0 0 0 -0.15102 0.065871 0.26801 0 0 0 0 0
0 0 0.10325 0 0 0 0 0 0 0 0 0 0 -0.049563 0.021618 0.087958 0 0 0 0 0
-0 -0 -0.26031 0 0 0 0 0 0 0 0 0 0 0.12496 -0.054504 -0.22176 0 0 0 0 0
0 0 0.012454 0 0 0 0 0 0 0 0 0 0 -0.0059782 0.0026076 0.010609 0 0 0 0 0
0 0 0.074778 0 0 0 0 0 0 0 0 0 0 -0.035896 0.015657 0.063703 0 0 0 0 0
-0 -0 -0.23928 0 0 0 0 0 0 0 0 0 0 0.11486 -0.050101 -0.20384 0 0 0 0 0
0 0 0.26854 0 0 0 0 0 0 0 0 0 0 -0.12891 0.056227 0.22877 0 0 0 0 0
-0 -0 -0.027801 0 0 0 0 0 0 0 0 0 0 0.013345 -0.0058209 -0.023684 0 0 0 0 0
0 0 0.20211 0 0 0 0 0 0 0 0 0 0 -0.09702 0.042318 0.17218 0 0 0 0 0
0 0 0.11232 0 0 0 0 0 0 0 0 0 0 -0.053917 0.023517 0.095685 0 0 0 0 0
-0 -0 -0.29739 0 0 0 0 0 0 0 0 0 0 0.14276 -0.062268 -0.25335 0 0 0 0 0
0 0 0.058933 0 0 0 0 0 0 0 0 0 0 -0.02829 0.012339 0.050205 0 0 0 0 0
-0 -0 -0.13143 0 0 0 0 0 0 0 0 0 0 0.06309 -0.027518 -0.11196 0 0 0 0 0
0 0 0.20804 0 0 0 0 0 0 0 0 0 0 -0.099867 0.04356 0.17723 0 0 0 0 0
0 0 0.2859 0 0 0 0 0 0 0 0 0 0 -0.13724 0.05986 0.24355 0 0 0 0 0
0 0 0.20096 0 0 0 0 0 0 0 0 0 0 -0.096466 0.042076 0.1712 0 0 0 0 0
0 0 0.091298 0 0 0 0 0 0 0 0 0 0 -0.043826 0.019116 0.077776 0 0 0 0 0
0 0 0.070479 0 0 0 0 0 0 0 0 0 0 -0.033832 0.014757 0.060041 0 0 0 0 0
-0 -0 -0.2237 0 0 0 0 0 0 0 0 0 0 0.10738 -0.046838 -0.19057 0 0 0 0 0
-0 -0 -0.099396 0 0 0 0 0 0 0 0 0 0 0.047713 -0.020811 -0.084675 0 0 0 0 0
0 0 0.11888 0 0 0 0 0 0 0 0 0 0 -0.057066 0.024891 0.10127 0 0 0 0 0
0 0 0.18444 0 0 0 0 0 0 0 0 0 0 -0.088538 0.038618 0.15712 0 0 0 0 0
0 0 0.11964 0 0 0 0 0 0 0 0 0 0 -0.057432 0.025051 0.10192 0 0 0 0 0
-0 -0 -0.27953 0 0 0 0 0 0 0 0 0 0 0.13418 -0.058527 -0.23813 0 0 0 0 0
0 0 0.027697 0 0 0 0 0 0 0 0 0 0 -0.013295 0.0057991 0.023595 0 0 0 0 0
0 0 0.018337 0 0 0 0 0 0 0 0 0 0 -0.0088024 0.0038394 0.015621 0 0 0 0 0
-0 -0 -0.30593 0 0 0 0 0 0 0 0 0 0 0.14686 -0.064056 -0.26062 0 0 0 0 0
-0 -0 -0.12814 0 0 0 0 0 0 0 0 0 0 0.061512 -0.02683 -0.10916 0 0 0 0 0
0 0 0.27636 0 0 0 0 0 0 0 0 0 0 -0.13266 0.057864 0.23543 0 0 0 0 0
-0 -0 -0.14776 0 0 0 0 0 0 0 0 0 0 0.070929 -0.030938 -0.12588 0 0 0 0 0
-0 -0 -0.2099 0 0 0 0 0 0 0 0 0 0 0.10076 -0.043949 -0.17882 0 0 0 0 0
0 0 0.052024 0 0 0 0 0 0 0 0 0 0 -0.024973 0.010893 0.044319 0 0 0 0 0
-0 -0 -0.27054 0 0 0 0 0 0 0 0 0 0 0.12987 -0.056645 -0.23047 0 0 0 0 0
-0 -0 -0.16312 0 0 0 0 0 0 0 0 0 0 0.078304 -0.034154 -0.13896 0 0 0 0 0
0 0 0.21196 0 0 0 0 0 0 0 0 0 0 -0.10175 0.04438 0.18057 0 0 0 0 0
0 0 0.080537 0 0 0 0 0 0 0 0 0 0 -0.03866 0.016863 0.068609 0 0 0 0 0
0 0 0.15476 0 0 0 0 0 0 0 0 0 0 -0.074289 0.032403 0.13184 0 0 0 0 0
0 0 0.10049 0 0 0 0 0 0 0 0 0 0 -0.048241 0.021041 0.085611 0 0 0 0 0
0 0 0.027835 0 0 0 0 0 0 0 0 0 0 -0.013362 0.0058282 0.023713 0 0 0 0 0
-0 -0 -0.19601 0 0 0 0 0 0 0 0 0 0 0.094091 -0.04104 -0.16698 0 0 0 0 0
-0 -0 -0.18034 0 0 0 0 0 0 0 0 0 0 0.08657 -0.03776 -0.15363 0 0 0 0 0
0 0 0.032275 0 0 0 0 0 0 0 0 0 0 -0.015493 0.0067576 0.027495 0 0 0 0 0
-0 -0 -0.10326 0 0 0 0 0 0 0 0 0 0 0.049569 -0.021621 -0.087968 0 0 0 0 0
-0 -0 -0.3152 0 0 0 0 0 0 0 0 0 0 0.15131 -0.065997 -0.26852 0 0 0 0 0
0 0 0.11896 0 0 0 0 0 0 0 0 0 0 -0.057106 0.024908 0.10134 0 0 0 0 0
0 0 0.27364 0 0 0 0 0 0 0 0 0 0 -0.13136 0.057294 0.23311 0 0 0 0 0
0 0 0.11041 0 0 0 0 0 0 0 0 0 0 -0.052998 0.023117 0.094054 0 0 0 0 0
0 0 0.074418 0 0 0 0 0 0 0 0 0 0 -0.035723 0.015582 0.063397 0 0 0 0 0
0 0 0.32487 0 0 0 0 0 0 0 0 0 0 -0.15595 0.068021 0.27676 0 0 0 0 0
-0 -0 -0.18111 0 0 0 0 0 0 0 0 0 0 0.08694 -0.037921 -0.15429 0 0 0 0 0
0 0 0.052768 0 0 0 0 0 0 0 0 0 0 -0.02533 0.011049 0.044953 0 0 0 0 0
0 0 0.26684 0 0 0 0 0 0 0 0 0 0 -0.12809 0.05587 0.22732 0 0 0 0 0
-0 -0 -0.053096 0 0 0 0 0 0 0 0 0 0 0.025488 -0.011117 -0.045233 0 0 0 0 0
-0 -0 -0.30306 0 0 0 0 0 0 0 0 0 0 0.14548 -0.063455 -0.25818 0 0 0 0 0
-0 -0 -0.084649 0 0 0 0 0 0 0 0 0 0 0.040634 -0.017724 -0.072112 0 0 0 0 0
0 0 0.17333 0 0 0 0 0 0 0 0 0 0 -0.083203 0.036291 0.14766 0 0 0 0 0
-0 -0 -0.13121 0 0 0 0 0 0 0 0 0 0 0.062985 -0.027473 -0.11178 0 0 0 0 0
0 0 0.093536 0 0 0 0 0 0 0 0 0 0 -0.0449 0.019584 0.079683 0 0 0 0 0
0 0 0.17881 0 0 0 0 0 0 0 0 0 0 -0.085834 0.037439 0.15233 0 0 0 0 0
0 0 0.17697 0 0 0 0 0 0 0 0 0 0 -0.084952 0.037054 0.15076 0 0 0 0 0
0 0 0.10725 0 0 0 0 0 0 0 0 0 0 -0.051485 0.022457 0.091369 0 0 0 0 0
-0 -0 -0.2188 0 0 0 0 0 0 0 0 0 0 0.10503 -0.045813 -0.1864 0 0 0 0 0
-0 -0 -0.0087433 0 0 0 0 0 0 0 0 0 0 0.0041971 -0.0018307 -0.0074484 0 0 0 0 0
0 0 0.33624 0 0 0 0 0 0 0 0 0 0 -0.16141 0.070402 0.28644 0 0 0 0 0
-0 -0 -0.24971 0 0 0 0 0 0 0 0 0 0 0.11987 -0.052285 -0.21273 0 0 0 0 0
0 0 0.28514 0 0 0 0 0 0 0 0 0 0 -0.13688 0.059702 0.24291 0 0 0 0 0
-0 -0 -0.31702 0 0 0 0 0 0 0 0 0 0 0.15218 -0.066377 -0.27007 0 0 0 0 0
-0 -0 -0.13725 0 0 0 0 0 0 0 0 0 0 0.065884 -0.028737 -0.11692 0 0 0 0 0
-0 -0 -0.026162 0 0 0 0 0 0 0 0 0 0 0.012558 -0.0054777 -0.022287 0 0 0 0 0
0 0 0.34776 0 0 0 0 0 0 0 0 0 0 -0.16693 0.072813 0.29625 0 0 0 0 0
-0 -0 -0.057413 0 0 0 0 0 0 0 0 0 0 0.02756 -0.012021 -0.04891 0 0 0 0 0
0 0 0.1195 0 0 0 0 0 0 0 0 0 0 -0.057364 0.025021 0.1018 0 0 0 0 0
0 0 0.25894 0 0 0 0 0 0 0 0 0 0 -0.1243 0.054216 0.22059 0 0 0 0 0
0 0 0.038597 0 0 0 0 0 0 0 0 0 0 -0.018528 0.0080813 0.03288 0 0 0 0 0
-0 -0 -0.12267 0 0 0 0 0 0 0 0 0 0 0.058887 -0.025685 -0.1045 0 0 0 0 0
-0 -0 -0.28366 0 0 0 0 0 0 0 0 0 0 0.13617 -0.059392 -0.24165 0 0 0 0 0
0 0 0.00063517 0 0 0 0 0 0 0 0 0 0 -0.0003049 0.00013299 0.0005411 0 0 0 0 0
-0 -0 -0.29655 0 0 0 0 0 0 0 0 0 0 0.14235 -0.062092 -0.25263 0 0 0 0 0
0 0 0.047488 0 0 0 0 0 0 0 0 0 0 -0.022796 0.0099429 0.040455 0 0 0 0 0
-0 -0 -0.21964 0 0 0 0 0 0 0 0 0 0 0.10544 -0.045988 -0.18711 0 0 0 0 0
-0 -0 -0.3262 0 0 0 0 0 0 0 0 0 0 0.15659 -0.0683 -0.27789 0 0 0 0 0
-0 -0 -0.094174 0 0 0 0 0 0 0 0 0 0 0.045207 -0.019718 -0.080226 0 0 0 0 0
0 0 0.077993 0 0 0 0 0 0 0 0 0 0 -0.037439 0.01633 0.066442 0 0 0 0 0
0 0 0.20606 0 0 0 0 0 0 0 0 0 0 -0.098915 0.043144 0.17554 0 0 0 0 0
-0 -0 -0.21255 0 0 0 0 0 0 0 0 0 0 0.10203 -0.044503 -0.18107 0 0 0 0 0
-0 -0 -0.07852 0 0 0 0 0 0 0 0 0 0 0.037692 -0.01644 -0.066891 0 0 0 0 0
0 0 0.24791 0 0 0 0 0 0 0 0 0 0 -0.119 0.051907 0.21119 0 0 0 0 0
-0 -0 -0.061547 0 0 0 0 0 0 0 0 0 0 0.029545 -0.012887 -0.052432 0 0 0 0 0
0 0 0.01777 0 0 0 0 0 0 0 0 0 0 -0.0085303 0.0037207 0.015138 0 0 0 0 0
-0 -0 -0.32251 0 0 0 0 0 0 0 0 0 0 0.15482 -0.067527 -0.27475 0 0 0 0 0
-0 -0 -0.34754 0 0 0 0 0 0 0 0 0 0 0.16683 -0.072768 -0.29607 0 0 0 0 0
