-0 -0 -0.21686 0 0 0 0 0 0 0 0 0 0 0.099273 -0.05434 -0.18499 0.0017942 -0.037126 0.011869 0 0
0 0 0.22181 0 0 0 0 0 0 0 0 0 0 -0.10154 0.055578 0.18921 -0.0094999 0.03551 -0.015529 0 0
-0 -0 -0.18102 0 0 0 0 0 0 0 0 0 0 0.082865 -0.045358 -0.15441 0.0020169 -0.030899 0.010159 0 0
-0 -0 -0.29405 0 0 0 0 0 0 0 0 0 0 0.13461 -0.073682 -0.25084 0.00061742 -0.050585 0.015191 0 0
-0 -0 -0.049569 0 0 0 0 0 0 0 0 0 0 0.022691 -0.012421 -0.042283 0.0010723 -0.0083389 0.0030249 0 0
-0 -0 -0.034008 0 0 0 0 0 0 0 0 0 0 0.015568 -0.0085214 -0.02901 0.00077769 -0.005709 0.0020943 0 0
0 0 0.32398 0 0 0 0 0 0 0 0 0 0 -0.14831 0.081181 0.27636 -0.01637 0.050548 -0.023633 0 0
0 0 0.0079351 0 0 0 0 0 0 0 0 0 0 -0.0036325 0.0019883 0.0067689 -0.00020782 0.0013239 -0.00050042 0 0
-0 -0 -0.031514 0 0 0 0 0 0 0 0 0 0 0.014426 -0.0078966 -0.026882 0.0007269 -0.0052885 0.0019436 0 0
-0 -0 -0.28299 0 0 0 0 0 0 0 0 0 0 0.12955 -0.070911 -0.2414 0.00084431 -0.048655 0.014745 0 0
-0 -0 -0.1325 0 0 0 0 0 0 0 0 0 0 0.060655 -0.033201 -0.11303 0.0019903 -0.022512 0.0076809 0 0
-0 -0 -0.23185 0 0 0 0 0 0 0 0 0 0 0.10614 -0.058096 -0.19778 0.0016401 -0.039737 0.012553 0 0
0 0 0.28332 0 0 0 0 0 0 0 0 0 0 -0.1297 0.070992 0.24168 -0.013454 0.044682 -0.020345 0 0
-0 -0 -0.29114 0 0 0 0 0 0 0 0 0 0 0.13328 -0.072953 -0.24835 0.00067899 -0.050078 0.015074 0 0
0 0 0.18026 0 0 0 0 0 0 0 0 0 0 -0.08252 0.045169 0.15377 -0.007147 0.02913 -0.012392 0 0
0 0 0.10346 0 0 0 0 0 0 0 0 0 0 -0.04736 0.025924 0.088252 -0.003486 0.016981 -0.0068589 0 0
0 0 0.093188 0 0 0 0 0 0 0 0 0 0 -0.042659 0.02335 0.079492 -0.0030653 0.015325 -0.0061466 0 0
0 0 0.0362 0 0 0 0 0 0 0 0 0 0 -0.016571 0.0090706 0.030879 -0.0010288 0.0060126 -0.0023183 0 0
-0 -0 -0.01129 0 0 0 0 0 0 0 0 0 0 0.0051681 -0.0028289 -0.0096305 0.00027851 -0.0018891 0.00070437 0 0
-0 -0 -0.15561 0 0 0 0 0 0 0 0 0 0 0.071234 -0.038991 -0.13274 0.00205 -0.0265 0.0088843 0 0
-0 -0 -0.18926 0 0 0 0 0 0 0 0 0 0 0.086638 -0.047423 -0.16144 0.0019839 -0.032329 0.010561 0 0
-0 -0 -0.055548 0 0 0 0 0 0 0 0 0 0 0.025429 -0.013919 -0.047384 0.0011752 -0.0093523 0.0033779 0 0
0 0 0.25504 0 0 0 0 0 0 0 0 0 0 -0.11675 0.063905 0.21755 -0.011567 0.040507 -0.018106 0 0
0 0 0.12902 0 0 0 0 0 0 0 0 0 0 -0.05906 0.032328 0.11005 -0.0046039 0.021072 -0.0086604 0 0
-0 -0 -0.045388 0 0 0 0 0 0 0 0 0 0 0.020778 -0.011373 -0.038717 0.00099691 -0.0076314 0.0027767 0 0
0 0 0.32043 0 0 0 0 0 0 0 0 0 0 -0.14669 0.080291 0.27334 -0.016106 0.050042 -0.023343 0 0
0 0 0.32087 0 0 0 0 0 0 0 0 0 0 -0.14689 0.080401 0.27371 -0.016138 0.050105 -0.023378 0 0
0 0 0.10951 0 0 0 0 0 0 0 0 0 0 -0.050129 0.027439 0.093411 -0.0037414 0.017953 -0.0072815 0 0
-0 -0 -0.030602 0 0 0 0 0 0 0 0 0 0 0.014009 -0.0076681 -0.026105 0.00070808 -0.0051349 0.0018883 0 0
0 0 0.25782 0 0 0 0 0 0 0 0 0 0 -0.11802 0.064602 0.21993 -0.011747 0.040921 -0.018325 0 0
0 0 0.27121 0 0 0 0 0 0 0 0 0 0 -0.12415 0.067957 0.23135 -0.012632 0.042903 -0.019381 0 0
0 0 0.067044 0 0 0 0 0 0 0 0 0 0 -0.030691 0.016799 0.05719 -0.002068 0.011077 -0.0043637 0 0
0 0 0.27839 0 0 0 0 0 0 0 0 0 0 -0.12744 0.069758 0.23748 -0.013117 0.04396 -0.019952 0 0
-0 -0 -0.030047 0 0 0 0 0 0 0 0 0 0 0.013755 -0.007529 -0.025631 0.00069656 -0.0050413 0.0018547 0 0
-0 -0 -0.14954 0 0 0 0 0 0 0 0 0 0 0.068458 -0.037472 -0.12757 0.0020426 -0.025452 0.0085726 0 0
-0 -0 -0.1726 0 0 0 0 0 0 0 0 0 0 0.07901 -0.043248 -0.14723 0.0020393 -0.02944 0.0097422 0 0
0 0 0.20554 0 0 0 0 0 0 0 0 0 0 -0.09409 0.051502 0.17533 -0.0085477 0.033029 -0.014289 0 0
-0 -0 -0.25398 0 0 0 0 0 0 0 0 0 0 0.11626 -0.06364 -0.21665 0.0013471 -0.043593 0.013528 0 0
-0 -0 -0.039655 0 0 0 0 0 0 0 0 0 0 0.018153 -0.0099364 -0.033827 0.00088904 -0.0066622 0.0024341 0 0
0 0 0.29843 0 0 0 0 0 0 0 0 0 0 -0.13661 0.074779 0.25457 -0.01451 0.046881 -0.021558 0 0
0 0 0.055079 0 0 0 0 0 0 0 0 0 0 -0.025214 0.013801 0.046984 -0.0016472 0.0091194 -0.0035627 0 0
-0 -0 -0.32372 0 0 0 0 0 0 0 0 0 0 0.14819 -0.081115 -0.27614 -8.704e-05 -0.055762 0.016333 0 0
-0 -0 -0.20512 0 0 0 0 0 0 0 0 0 0 0.093897 -0.051396 -0.17497 0.0018898 -0.035084 0.01132 0 0
-0 -0 -0.23285 0 0 0 0 0 0 0 0 0 0 0.10659 -0.058347 -0.19863 0.0016285 -0.039911 0.012598 0 0
0 0 0.13569 0 0 0 0 0 0 0 0 0 0 -0.062117 0.034001 0.11575 -0.0049126 0.022133 -0.0091378 0 0
0 0 0.22024 0 0 0 0 0 0 0 0 0 0 -0.10082 0.055186 0.18787 -0.0094065 0.035272 -0.015409 0 0
0 0 0.096396 0 0 0 0 0 0 0 0 0 0 -0.044127 0.024154 0.082228 -0.0031949 0.015843 -0.0063683 0 0
-0 -0 -0.30888 0 0 0 0 0 0 0 0 0 0 0.1414 -0.077397 -0.26348 0.00028274 -0.053173 0.015771 0 0
0 0 0.065146 0 0 0 0 0 0 0 0 0 0 -0.029822 0.016324 0.055571 -0.0019998 0.010767 -0.004236 0 0
0 0 0.10667 0 0 0 0 0 0 0 0 0 0 -0.048833 0.02673 0.090996 -0.0036212 0.017498 -0.0070834 0 0
-0 -0 -0.099322 0 0 0 0 0 0 0 0 0 0 0.045467 -0.024887 -0.084724 0.001755 -0.016813 0.0058806 0 0
0 0 0.21067 0 0 0 0 0 0 0 0 0 0 -0.096441 0.052789 0.17971 -0.0088441 0.033815 -0.014679 0 0
-0 -0 -0.32435 0 0 0 0 0 0 0 0 0 0 0.14848 -0.081273 -0.27668 -0.00010346 -0.055872 0.016356 0 0
0 0 0.051156 0 0 0 0 0 0 0 0 0 0 -0.023418 0.012818 0.043638 -0.0015141 0.0084756 -0.0033022 0 0
-0 -0 -0.17674 0 0 0 0 0 0 0 0 0 0 0.080908 -0.044287 -0.15077 0.0020297 -0.030158 0.009948 0 0
0 0 0.059369 0 0 0 0 0 0 0 0 0 0 -0.027178 0.014876 0.050644 -0.0017955 0.0098225 -0.0038489 0 0
-0 -0 -0.11754 0 0 0 0 0 0 0 0 0 0 0.053805 -0.029452 -0.10026 0.001906 -0.019938 0.0068794 0 0
-0 -0 -0.098075 0 0 0 0 0 0 0 0 0 0 0.044896 -0.024575 -0.08366 0.0017427 -0.0166 0.0058113 0 0
0 0 0.069793 0 0 0 0 0 0 0 0 0 0 -0.031949 0.017488 0.059535 -0.0021679 0.011526 -0.0045491 0 0
-0 -0 -0.15957 0 0 0 0 0 0 0 0 0 0 0.073048 -0.039984 -0.13612 0.0020516 -0.027185 0.0090865 0 0
-0 -0 -0.17764 0 0 0 0 0 0 0 0 0 0 0.081318 -0.044511 -0.15153 0.0020272 -0.030313 0.0099922 0 0
-0 -0 -0.07066 0 0 0 0 0 0 0 0 0 0 0.032346 -0.017705 -0.060275 0.0014099 -0.01192 0.004258 0 0
0 0 0.27402 0 0 0 0 0 0 0 0 0 0 -0.12544 0.068662 0.23375 -0.012821 0.043317 -0.019604 0 0
0 0 0.042467 0 0 0 0 0 0 0 0 0 0 -0.01944 0.010641 0.036226 -0.0012279 0.0070463 -0.0027288 0 0
-0 -0 -0.003308 0 0 0 0 0 0 0 0 0 0 0.0015143 -0.00082889 -0.0028218 8.3696e-05 -0.00055286 0.00020732 0 0
-0 -0 -0.27663 0 0 0 0 0 0 0 0 0 0 0.12663 -0.069315 -0.23597 0.00096612 -0.047544 0.014484 0 0
0 0 0.0093319 0 0 0 0 0 0 0 0 0 0 -0.0042719 0.0023383 0.0079604 -0.00024544 0.0015566 -0.00058897 0 0
-0 -0 -0.022642 0 0 0 0 0 0 0 0 0 0 0.010365 -0.0056734 -0.019314 0.00053819 -0.0037949 0.0014035 0 0
-0 -0 -0.32066 0 0 0 0 0 0 0 0 0 0 0.14679 -0.080349 -0.27353 -7.981e-06 -0.055228 0.016219 0 0
-0 -0 -0.013902 0 0 0 0 0 0 0 0 0 0 0.0063641 -0.0034835 -0.011859 0.00034008 -0.0023271 0.00086608 0 0
-0 -0 -0.064654 0 0 0 0 0 0 0 0 0 0 0.029597 -0.016201 -0.055152 0.001321 -0.010898 0.0039102 0 0
0 0 0.33851 0 0 0 0 0 0 0 0 0 0 -0.15496 0.084821 0.28876 -0.017468 0.052604 -0.024826 0 0
0 0 0.28249 0 0 0 0 0 0 0 0 0 0 -0.12932 0.070784 0.24097 -0.013397 0.04456 -0.020279 0 0
0 0 0.24984 0 0 0 0 0 0 0 0 0 0 -0.11437 0.062602 0.21312 -0.011233 0.039732 -0.017699 0 0
0 0 0.017795 0 0 0 0 0 0 0 0 0 0 -0.0081462 0.004459 0.01518 -0.00047993 0.0029645 -0.0011284 0 0
-0 -0 -0.063205 0 0 0 0 0 0 0 0 0 0 0.028933 -0.015837 -0.053915 0.0012987 -0.010652 0.0038259 0 0
-0 -0 -0.29104 0 0 0 0 0 0 0 0 0 0 0.13323 -0.072927 -0.24827 0.00068112 -0.05006 0.01507 0 0
0 0 0.016255 0 0 0 0 0 0 0 0 0 0 -0.0074413 0.0040732 0.013866 -0.00043642 0.0027086 -0.0010298 0 0
-0 -0 -0.023138 0 0 0 0 0 0 0 0 0 0 0.010592 -0.0057976 -0.019737 0.00054906 -0.0038782 0.0014339 0 0
-0 -0 -0.073477 0 0 0 0 0 0 0 0 0 0 0.033636 -0.018411 -0.062678 0.0014497 -0.012399 0.0044202 0 0
0 0 0.10098 0 0 0 0 0 0 0 0 0 0 -0.046225 0.025302 0.086138 -0.0033829 0.016582 -0.0066863 0 0
-0 -0 -0.11854 0 0 0 0 0 0 0 0 0 0 0.054265 -0.029703 -0.10112 0.0019128 -0.02011 0.0069338 0 0
0 0 0.28341 0 0 0 0 0 0 0 0 0 0 -0.12974 0.071016 0.24176 -0.013461 0.044695 -0.020353 0 0
-0 -0 -0.016535 0 0 0 0 0 0 0 0 0 0 0.0075691 -0.0041431 -0.014104 0.00040103 -0.0027688 0.0010285 0 0
-0 -0 -0.01923 0 0 0 0 0 0 0 0 0 0 0.0088031 -0.0048186 -0.016404 0.0004623 -0.0032215 0.0011944 0 0
-0 -0 -0.14783 0 0 0 0 0 0 0 0 0 0 0.067671 -0.037041 -0.1261 0.0020394 -0.025155 0.0084837 0 0
0 0 0.18594 0 0 0 0 0 0 0 0 0 0 -0.08512 0.046592 0.15861 -0.0074534 0.030011 -0.012815 0 0
0 0 0.25009 0 0 0 0 0 0 0 0 0 0 -0.11448 0.062666 0.21333 -0.011249 0.03977 -0.017719 0 0
-0 -0 -0.10033 0 0 0 0 0 0 0 0 0 0 0.045927 -0.025139 -0.085582 0.0017647 -0.016985 0.0059364 0 0
0 0 0.088513 0 0 0 0 0 0 0 0 0 0 -0.040519 0.022179 0.075504 -0.0028791 0.014568 -0.0058245 0 0
0 0 0.055825 0 0 0 0 0 0 0 0 0 0 -0.025555 0.013988 0.04762 -0.0016728 0.0092418 -0.0036124 0 0
0 0 0.16376 0 0 0 0 0 0 0 0 0 0 -0.074965 0.041034 0.13969 -0.0062844 0.026557 -0.011174 0 0
0 0 0.028528 0 0 0 0 0 0 0 0 0 0 -0.013059 0.0071483 0.024335 -0.00079354 0.0047443 -0.0018195 0 0
0 0 0.18288 0 0 0 0 0 0 0 0 0 0 -0.08372 0.045826 0.15601 -0.0072878 0.029537 -0.012587 0 0
0 0 0.26866 0 0 0 0 0 0 0 0 0 0 -0.12299 0.067319 0.22917 -0.012461 0.042527 -0.01918 0 0
-0 -0 -0.048633 0 0 0 0 0 0 0 0 0 0 0.022263 -0.012186 -0.041485 0.0010556 -0.0081804 0.0029695 0 0
0 0 0.14679 0 0 0 0 0 0 0 0 0 0 -0.067196 0.036781 0.12521 -0.0054405 0.023889 -0.0099368 0 0
-0 -0 -0.17939 0 0 0 0 0 0 0 0 0 0 0.082118 -0.044949 -0.15302 0.0020221 -0.030616 0.010079 0 0
-0 -0 -0.25092 0 0 0 0 0 0 0 0 0 0 0.11487 -0.062874 -0.21404 0.0013922 -0.04306 0.013396 0 0
0 0 0.024215 0 0 0 0 0 0 0 0 0 0 -0.011085 0.0060675 0.020656 -0.00066532 0.0040297 -0.0015408 0 0
