-0 -0 -0.27671 0 0 0 0 0 0 0 0 0 0 0.11926 -0.079907 -0.23656 -0.0078572 -0.029229 0.0059119 0 0
-0 -0 -0.069664 0 0 0 0 0 0 0 0 0 0 0.030025 -0.020117 -0.059555 -0.0012768 -0.0074499 0.0018728 0 0
0 0 0.0037806 0 0 0 0 0 0 0 0 0 0 -0.0016294 0.0010917 0.003232 5.5488e-05 0.00040468 -0.00010872 0 0
0 0 0.092876 0 0 0 0 0 0 0 0 0 0 -0.04003 0.02682 0.0794 0.00094862 0.0099287 -0.0028755 0 0
0 0 0.0036361 0 0 0 0 0 0 0 0 0 0 -0.0015672 0.00105 0.0031085 5.3393e-05 0.00038921 -0.00010455 0 0
0 0 0.32262 0 0 0 0 0 0 0 0 0 0 -0.13905 0.093163 0.27581 -0.00043491 0.033956 -0.011689 0 0
-0 -0 -0.26478 0 0 0 0 0 0 0 0 0 0 0.11412 -0.076461 -0.22636 -0.0073678 -0.028 0.0057433 0 0
-0 -0 -0.090565 0 0 0 0 0 0 0 0 0 0 0.039034 -0.026153 -0.077424 -0.0017534 -0.0096794 0.0023855 0 0
-0 -0 -0.27846 0 0 0 0 0 0 0 0 0 0 0.12002 -0.080412 -0.23806 -0.0079301 -0.029409 0.005936 0 0
0 0 0.016961 0 0 0 0 0 0 0 0 0 0 -0.0073104 0.004898 0.0145 0.00023778 0.0018155 -0.00049337 0 0
-0 -0 -0.14123 0 0 0 0 0 0 0 0 0 0 0.060871 -0.040784 -0.12074 -0.0030861 -0.015064 0.0035324 0 0
0 0 0.2601 0 0 0 0 0 0 0 0 0 0 -0.1121 0.075109 0.22236 0.00046679 0.02754 -0.0090672 0 0
-0 -0 -0.043749 0 0 0 0 0 0 0 0 0 0 0.018856 -0.012634 -0.037401 -0.00074564 -0.0046811 0.0012053 0 0
-0 -0 -0.30041 0 0 0 0 0 0 0 0 0 0 0.12948 -0.086749 -0.25682 -0.0088677 -0.031658 0.0062229 0 0
0 0 0.066502 0 0 0 0 0 0 0 0 0 0 -0.028663 0.019204 0.056852 0.0007673 0.0071139 -0.0020161 0 0
0 0 0.056656 0 0 0 0 0 0 0 0 0 0 -0.024419 0.01636 0.048435 0.00068167 0.0060617 -0.0017039 0 0
-0 -0 -0.22981 0 0 0 0 0 0 0 0 0 0 0.099049 -0.066362 -0.19646 -0.0060097 -0.024374 0.0052032 0 0
0 0 0.15981 0 0 0 0 0 0 0 0 0 0 -0.068878 0.046148 0.13662 0.0010941 0.017038 -0.0052035 0 0
0 0 0.25699 0 0 0 0 0 0 0 0 0 0 -0.11076 0.07421 0.2197 0.00050148 0.027218 -0.0089408 0 0
0 0 0.32236 0 0 0 0 0 0 0 0 0 0 -0.13894 0.093089 0.27559 -0.00043042 0.03393 -0.011678 0 0
0 0 0.3078 0 0 0 0 0 0 0 0 0 0 -0.13266 0.088884 0.26314 -0.00018595 0.032446 -0.011054 0 0
-0 -0 -0.23058 0 0 0 0 0 0 0 0 0 0 0.099382 -0.066586 -0.19713 -0.0060385 -0.024454 0.0052159 0 0
0 0 0.056605 0 0 0 0 0 0 0 0 0 0 -0.024397 0.016346 0.048391 0.0006812 0.0060563 -0.0017023 0 0
-0 -0 -0.25894 0 0 0 0 0 0 0 0 0 0 0.1116 -0.074774 -0.22137 -0.007133 -0.027396 0.0056578 0 0
0 0 0.2813 0 0 0 0 0 0 0 0 0 0 -0.12124 0.081232 0.24048 0.00020475 0.029729 -0.0099387 0 0
-0 -0 -0.091654 0 0 0 0 0 0 0 0 0 0 0.039503 -0.026467 -0.078355 -0.0017794 -0.0097955 0.0024116 0 0
-0 -0 -0.27272 0 0 0 0 0 0 0 0 0 0 0.11754 -0.078753 -0.23315 -0.0076919 -0.028818 0.0058564 0 0
0 0 0.32883 0 0 0 0 0 0 0 0 0 0 -0.14173 0.094957 0.28112 -0.0005458 0.034586 -0.011958 0 0
0 0 0.28288 0 0 0 0 0 0 0 0 0 0 -0.12192 0.081686 0.24183 0.0001835 0.029891 -0.010004 0 0
-0 -0 -0.26756 0 0 0 0 0 0 0 0 0 0 0.11532 -0.077265 -0.22874 -0.0074808 -0.028287 0.0057834 0 0
0 0 0.2846 0 0 0 0 0 0 0 0 0 0 -0.12266 0.082184 0.2433 0.00015995 0.030068 -0.010076 0 0
0 0 0.10346 0 0 0 0 0 0 0 0 0 0 -0.044591 0.029876 0.088448 0.0010017 0.011056 -0.0032297 0 0
0 0 0.082767 0 0 0 0 0 0 0 0 0 0 -0.035673 0.023901 0.070757 0.00088739 0.0088504 -0.0025422 0 0
0 0 0.32148 0 0 0 0 0 0 0 0 0 0 -0.13856 0.092833 0.27483 -0.00041494 0.03384 -0.01164 0 0
0 0 0.01034 0 0 0 0 0 0 0 0 0 0 -0.0044567 0.002986 0.0088399 0.00014838 0.0011068 -0.00029906 0 0
0 0 0.025928 0 0 0 0 0 0 0 0 0 0 -0.011175 0.0074871 0.022165 0.00035185 0.0027751 -0.00076 0 0
-0 -0 -0.27371 0 0 0 0 0 0 0 0 0 0 0.11797 -0.07904 -0.234 -0.0077329 -0.02892 0.0058703 0 0
-0 -0 -0.054911 0 0 0 0 0 0 0 0 0 0 0.023667 -0.015857 -0.046943 -0.00096627 -0.0058742 0.001497 0 0
-0 -0 -0.094139 0 0 0 0 0 0 0 0 0 0 0.040574 -0.027185 -0.08048 -0.0018392 -0.01006 0.0024709 0 0
-0 -0 -0.046307 0 0 0 0 0 0 0 0 0 0 0.019959 -0.013372 -0.039588 -0.00079511 -0.0049546 0.0012727 0 0
-0 -0 -0.27267 0 0 0 0 0 0 0 0 0 0 0.11752 -0.078738 -0.2331 -0.0076897 -0.028813 0.0058556 0 0
0 0 0.23186 0 0 0 0 0 0 0 0 0 0 -0.099932 0.066954 0.19822 0.00074579 0.024606 -0.0079355 0 0
0 0 0.02968 0 0 0 0 0 0 0 0 0 0 -0.012792 0.0085708 0.025374 0.0003972 0.0031767 -0.00087277 0 0
0 0 0.29012 0 0 0 0 0 0 0 0 0 0 -0.12504 0.083779 0.24803 8.2481e-05 0.030636 -0.010307 0 0
-0 -0 -0.20789 0 0 0 0 0 0 0 0 0 0 0.089602 -0.060033 -0.17773 -0.0052168 -0.022085 0.0048299 0 0
-0 -0 -0.26277 0 0 0 0 0 0 0 0 0 0 0.11325 -0.07588 -0.22464 -0.0072866 -0.027792 0.0057141 0 0
0 0 0.33743 0 0 0 0 0 0 0 0 0 0 -0.14543 0.097441 0.28847 -0.00070558 0.035457 -0.012333 0 0
0 0 0.27729 0 0 0 0 0 0 0 0 0 0 -0.11951 0.080074 0.23706 0.00025774 0.029316 -0.0097726 0 0
0 0 0.1368 0 0 0 0 0 0 0 0 0 0 -0.05896 0.039503 0.11695 0.001095 0.0146 -0.0043797 0 0
0 0 0.052449 0 0 0 0 0 0 0 0 0 0 -0.022606 0.015146 0.044839 0.00064212 0.0056121 -0.0015719 0 0
-0 -0 -0.2351 0 0 0 0 0 0 0 0 0 0 0.10133 -0.067891 -0.20099 -0.0062079 -0.024925 0.0052893 0 0
-0 -0 -0.30868 0 0 0 0 0 0 0 0 0 0 0.13304 -0.089138 -0.26389 -0.0092325 -0.032502 0.0063241 0 0
0 0 0.11851 0 0 0 0 0 0 0 0 0 0 -0.051077 0.034222 0.10131 0.0010577 0.012658 -0.0037424 0 0
0 0 0.064394 0 0 0 0 0 0 0 0 0 0 -0.027754 0.018595 0.055051 0.00074979 0.0068887 -0.0019489 0 0
0 0 0.30419 0 0 0 0 0 0 0 0 0 0 -0.13111 0.08784 0.26005 -0.00012853 0.032077 -0.0109 0 0
-0 -0 -0.11856 0 0 0 0 0 0 0 0 0 0 0.051101 -0.034237 -0.10136 -0.0024589 -0.012659 0.0030362 0 0
0 0 0.19242 0 0 0 0 0 0 0 0 0 0 -0.082935 0.055566 0.1645 0.0010012 0.020477 -0.0064119 0 0
-0 -0 -0.15692 0 0 0 0 0 0 0 0 0 0 0.067632 -0.045313 -0.13415 -0.0035491 -0.016723 0.0038595 0 0
0 0 0.087537 0 0 0 0 0 0 0 0 0 0 -0.037728 0.025278 0.074835 0.00091756 0.0093593 -0.0026988 0 0
-0 -0 -0.26276 0 0 0 0 0 0 0 0 0 0 0.11325 -0.075876 -0.22463 -0.0072861 -0.027791 0.0057139 0 0
0 0 0.046312 0 0 0 0 0 0 0 0 0 0 -0.019961 0.013374 0.039592 0.00058123 0.0049559 -0.001381 0 0
0 0 0.074773 0 0 0 0 0 0 0 0 0 0 -0.032227 0.021592 0.063923 0.00083169 0.0079972 -0.002282 0 0
0 0 0.31787 0 0 0 0 0 0 0 0 0 0 -0.137 0.091792 0.27175 -0.00035275 0.033473 -0.011484 0 0
-0 -0 -0.17142 0 0 0 0 0 0 0 0 0 0 0.073884 -0.049502 -0.14655 -0.0039984 -0.018254 0.0041502 0 0
-0 -0 -0.1883 0 0 0 0 0 0 0 0 0 0 0.08116 -0.054377 -0.16098 -0.0045467 -0.020031 0.0044739 0 0
-0 -0 -0.2604 0 0 0 0 0 0 0 0 0 0 0.11223 -0.075195 -0.22261 -0.0071914 -0.027547 0.0056794 0 0
0 0 0.33483 0 0 0 0 0 0 0 0 0 0 -0.14431 0.096689 0.28624 -0.00065641 0.035194 -0.012219 0 0
0 0 0.15704 0 0 0 0 0 0 0 0 0 0 -0.067683 0.045347 0.13425 0.001097 0.016744 -0.0051029 0 0
-0 -0 -0.21892 0 0 0 0 0 0 0 0 0 0 0.094357 -0.063219 -0.18716 -0.0056102 -0.023238 0.0050211 0 0
-0 -0 -0.25016 0 0 0 0 0 0 0 0 0 0 0.10782 -0.072239 -0.21386 -0.0067861 -0.026488 0.0055258 0 0
0 0 0.12752 0 0 0 0 0 0 0 0 0 0 -0.05496 0.036823 0.10901 0.0010803 0.013615 -0.0040544 0 0
0 0 0.26699 0 0 0 0 0 0 0 0 0 0 -0.11507 0.077098 0.22825 0.00038661 0.028252 -0.0093483 0 0
-0 -0 -0.25992 0 0 0 0 0 0 0 0 0 0 0.11203 -0.075057 -0.2222 -0.0071722 -0.027497 0.0056723 0 0
-0 -0 -0.17026 0 0 0 0 0 0 0 0 0 0 0.073382 -0.049166 -0.14555 -0.0039616 -0.018132 0.0041273 0 0
-0 -0 -0.25557 0 0 0 0 0 0 0 0 0 0 0.11015 -0.0738 -0.21848 -0.0069989 -0.027047 0.0056076 0 0
0 0 0.056111 0 0 0 0 0 0 0 0 0 0 -0.024184 0.016203 0.047969 0.00067665 0.0060035 -0.0016868 0 0
0 0 0.27489 0 0 0 0 0 0 0 0 0 0 -0.11848 0.079379 0.235 0.00028879 0.029068 -0.0096731 0 0
-0 -0 -0.053051 0 0 0 0 0 0 0 0 0 0 0.022865 -0.01532 -0.045353 -0.00092865 -0.0056754 0.0014489 0 0
0 0 0.023189 0 0 0 0 0 0 0 0 0 0 -0.0099946 0.0066963 0.019824 0.00031786 0.002482 -0.00067814 0 0
0 0 0.10608 0 0 0 0 0 0 0 0 0 0 -0.045721 0.030633 0.090688 0.0010131 0.011336 -0.0033182 0 0
0 0 0.10712 0 0 0 0 0 0 0 0 0 0 -0.046168 0.030932 0.091574 0.0010174 0.011446 -0.0033533 0 0
-0 -0 -0.32467 0 0 0 0 0 0 0 0 0 0 0.13993 -0.093755 -0.27756 -0.0099553 -0.034127 0.0065085 0 0
-0 -0 -0.27838 0 0 0 0 0 0 0 0 0 0 0.11998 -0.080388 -0.23799 -0.0079266 -0.029401 0.0059349 0 0
0 0 0.14271 0 0 0 0 0 0 0 0 0 0 -0.06151 0.041212 0.12201 0.0010999 0.015228 -0.0045892 0 0
0 0 0.12985 0 0 0 0 0 0 0 0 0 0 -0.055966 0.037497 0.11101 0.0010848 0.013863 -0.0041358 0 0
-0 -0 -0.31113 0 0 0 0 0 0 0 0 0 0 0.1341 -0.089845 -0.26598 -0.0093417 -0.032751 0.0063532 0 0
-0 -0 -0.30185 0 0 0 0 0 0 0 0 0 0 0.1301 -0.087166 -0.25805 -0.0089309 -0.031806 0.0062409 0 0
-0 -0 -0.24831 0 0 0 0 0 0 0 0 0 0 0.10702 -0.071705 -0.21228 -0.006714 -0.026296 0.0054974 0 0
0 0 0.16546 0 0 0 0 0 0 0 0 0 0 -0.071312 0.047779 0.14145 0.0010857 0.017634 -0.0054093 0 0
-0 -0 -0.025332 0 0 0 0 0 0 0 0 0 0 0.010918 -0.007315 -0.021656 -0.00040854 -0.0027111 0.00070979 0 0
0 0 0.10658 0 0 0 0 0 0 0 0 0 0 -0.045936 0.030777 0.091115 0.0010152 0.011389 -0.0033351 0 0
-0 -0 -0.015139 0 0 0 0 0 0 0 0 0 0 0.0065248 -0.0043716 -0.012942 -0.00023647 -0.0016203 0.0004281 0 0
-0 -0 -0.30208 0 0 0 0 0 0 0 0 0 0 0.1302 -0.087233 -0.25825 -0.0089411 -0.031829 0.0062437 0 0
-0 -0 -0.15137 0 0 0 0 0 0 0 0 0 0 0.065242 -0.043712 -0.12941 -0.0033827 -0.016137 0.0037454 0 0
0 0 0.12887 0 0 0 0 0 0 0 0 0 0 -0.055541 0.037213 0.11017 0.001083 0.013759 -0.0041014 0 0
0 0 0.2692 0 0 0 0 0 0 0 0 0 0 -0.11603 0.077738 0.23014 0.00035977 0.028482 -0.0094393 0 0
-0 -0 -0.20742 0 0 0 0 0 0 0 0 0 0 0.089398 -0.059897 -0.17732 -0.0052002 -0.022036 0.0048216 0 0
-0 -0 -0.11332 0 0 0 0 0 0 0 0 0 0 0.048842 -0.032724 -0.096878 -0.002321 -0.012102 0.0029176 0 0
-0 -0 -0.074872 0 0 0 0 0 0 0 0 0 0 0.03227 -0.021621 -0.064008 -0.0013915 -0.0080058 0.0020027 0 0
0 0 0.22765 0 0 0 0 0 0 0 0 0 0 -0.098118 0.065739 0.19462 0.0007805 0.024167 -0.0077697 0 0
