-0 -0 -0 0.11938 0 0 0 0 0 -0 -0 0.0882 -0.051453 0.061847 0 0
-0 -0 -0 0.1349 0 0 0 0 0 -0 -0 0.099663 -0.05814 0.069885 0 0
-0 -0 -0 0.1069 0 0 0 0 0 -0 -0 0.078978 -0.046073 0.05538 0 0
-0 -0 -0 0.087325 0 0 0 0 0 -0 -0 0.064517 -0.037637 0.04524 0 0
-0 -0 -0 0.0088788 0 0 0 0 0 -0 -0 0.0065598 -0.0038268 0.0045998 0 0
0 0 0 0.064926 0 0 0 0 0 -0 -0 0.047968 -0.027983 0.033636 0 0
-0 -0 -0 0.10153 0 0 0 0 0 -0 -0 0.075012 -0.04376 0.052599 0 0
0 0 0 0.16478 0 0 0 0 0 -0 -0 0.12174 -0.071019 0.085364 0 0
-0 -0 -0 0.15407 0 0 0 0 0 -0 -0 0.11383 -0.066405 0.079819 0 0
0 0 0 0.1914 0 0 0 0 0 -0 -0 0.14141 -0.082493 0.099156 0 0
0 0 0 0.10561 0 0 0 0 0 -0 -0 0.078025 -0.045517 0.054712 0 0
0 0 0 0.046546 0 0 0 0 0 -0 -0 0.034389 -0.020061 0.024114 0 0
-0 -0 -0 0.023483 0 0 0 0 0 -0 -0 0.01735 -0.010121 0.012166 0 0
-0 -0 -0 0.012778 0 0 0 0 0 -0 -0 0.0094403 -0.0055072 0.0066196 0 0
-0 -0 -0 0.086567 0 0 0 0 0 -0 -0 0.063957 -0.037311 0.044847 0 0
0 0 0 0.083651 0 0 0 0 0 -0 -0 0.061803 -0.036054 0.043337 0 0
-0 -0 -0 0.069569 0 0 0 0 0 -0 -0 0.051399 -0.029985 0.036041 0 0
-0 -0 -0 0.15386 0 0 0 0 0 -0 -0 0.11367 -0.066314 0.079709 0 0
0 0 0 0.10722 0 0 0 0 0 -0 -0 0.079215 -0.046212 0.055546 0 0
-0 -0 -0 0.00042686 0 0 0 0 0 -0 -0 0.00031537 -0.00018398 0.00022114 0 0
-0 -0 -0 0.02578 0 0 0 0 0 -0 -0 0.019047 -0.011111 0.013356 0 0
0 0 0 0.14772 0 0 0 0 0 -0 -0 0.10914 -0.063667 0.076527 0 0
-0 -0 -0 0.11919 0 0 0 0 0 -0 -0 0.088063 -0.051373 0.06175 0 0
0 0 0 0.15495 0 0 0 0 0 -0 -0 0.11448 -0.066783 0.080273 0 0
0 0 0 0.19952 0 0 0 0 0 -0 -0 0.14741 -0.085993 0.10336 0 0
-0 -0 -0 0.19585 0 0 0 0 0 -0 -0 0.1447 -0.084414 0.10146 0 0
-0 -0 -0 0.16399 0 0 0 0 0 -0 -0 0.12116 -0.070678 0.084955 0 0
0 0 0 0.15346 0 0 0 0 0 -0 -0 0.11338 -0.066141 0.079501 0 0
-0 -0 -0 0.052221 0 0 0 0 0 -0 -0 0.038582 -0.022507 0.027054 0 0
-0 -0 -0 0.17392 0 0 0 0 0 -0 -0 0.1285 -0.074961 0.090103 0 0
0 0 0 0.11412 0 0 0 0 0 -0 -0 0.084313 -0.049186 0.059121 0 0
0 0 0 0.14859 0 0 0 0 0 -0 -0 0.10978 -0.064045 0.076981 0 0
-0 -0 -0 0.086144 0 0 0 0 0 -0 -0 0.063645 -0.037128 0.044628 0 0
-0 -0 -0 0.087594 0 0 0 0 0 -0 -0 0.064716 -0.037753 0.045379 0 0
0 0 0 0.19754 0 0 0 0 0 -0 -0 0.14594 -0.085138 0.10234 0 0
0 0 0 0.073635 0 0 0 0 0 -0 -0 0.054403 -0.031737 0.038148 0 0
-0 -0 -0 0.068363 0 0 0 0 0 -0 -0 0.050508 -0.029465 0.035417 0 0
0 0 0 0.16544 0 0 0 0 0 -0 -0 0.12223 -0.071304 0.085708 0 0
0 0 0 0.1674 0 0 0 0 0 -0 -0 0.12368 -0.072151 0.086725 0 0
-0 -0 -0 0.1516 0 0 0 0 0 -0 -0 0.11201 -0.065341 0.07854 0 0
-0 -0 -0 0.00048 0 0 0 0 0 -0 -0 0.00035463 -0.00020688 0.00024867 0 0
0 0 0 0.15006 0 0 0 0 0 -0 -0 0.11087 -0.064678 0.077743 0 0
-0 -0 -0 0.074445 0 0 0 0 0 -0 -0 0.055001 -0.032086 0.038567 0 0
0 0 0 0.17184 0 0 0 0 0 -0 -0 0.12696 -0.074064 0.089025 0 0
-0 -0 -0 0.14856 0 0 0 0 0 -0 -0 0.10975 -0.064028 0.076961 0 0
-0 -0 -0 0.16901 0 0 0 0 0 -0 -0 0.12487 -0.072844 0.087559 0 0
-0 -0 -0 0.11877 0 0 0 0 0 -0 -0 0.087752 -0.051192 0.061532 0 0
-0 -0 -0 0.13722 0 0 0 0 0 -0 -0 0.10138 -0.059141 0.071087 0 0
-0 -0 -0 0.0085473 0 0 0 0 0 -0 -0 0.0063149 -0.0036839 0.0044281 0 0
0 0 0 0.16885 0 0 0 0 0 -0 -0 0.12475 -0.072777 0.087477 0 0
-0 -0 -0 0.048884 0 0 0 0 0 -0 -0 0.036117 -0.021069 0.025325 0 0
0 0 0 0.082815 0 0 0 0 0 -0 -0 0.061185 -0.035694 0.042904 0 0
-0 -0 -0 0.17066 0 0 0 0 0 -0 -0 0.12609 -0.073556 0.088414 0 0
-0 -0 -0 0.1621 0 0 0 0 0 -0 -0 0.11976 -0.069864 0.083976 0 0
0 0 0 0.13885 0 0 0 0 0 -0 -0 0.10258 -0.059845 0.071933 0 0
-0 -0 -0 0.012377 0 0 0 0 0 -0 -0 0.009144 -0.0053343 0.0064118 0 0
0 0 0 0.14895 0 0 0 0 0 -0 -0 0.11005 -0.064198 0.077166 0 0
-0 -0 -0 0.16622 0 0 0 0 0 -0 -0 0.12281 -0.071643 0.086115 0 0
-0 -0 -0 0.042544 0 0 0 0 0 -0 -0 0.031432 -0.018337 0.022041 0 0
0 0 0 0.12343 0 0 0 0 0 -0 -0 0.091192 -0.053199 0.063945 0 0
0 0 0 0.083904 0 0 0 0 0 -0 -0 0.061989 -0.036163 0.043467 0 0
0 0 0 0.13924 0 0 0 0 0 -0 -0 0.10287 -0.060012 0.072134 0 0
-0 -0 -0 0.10276 0 0 0 0 0 -0 -0 0.075918 -0.044288 0.053234 0 0
0 0 0 0.1055 0 0 0 0 0 -0 -0 0.077947 -0.045472 0.054657 0 0
-0 -0 -0 0.19524 0 0 0 0 0 -0 -0 0.14425 -0.084151 0.10115 0 0
-0 -0 -0 0.1903 0 0 0 0 0 -0 -0 0.1406 -0.082021 0.098589 0 0
-0 -0 -0 0.024549 0 0 0 0 0 -0 -0 0.018137 -0.01058 0.012718 0 0
0 0 0 0.17847 0 0 0 0 0 -0 -0 0.13186 -0.076922 0.09246 0 0
0 0 0 0.10054 0 0 0 0 0 -0 -0 0.074279 -0.043332 0.052085 0 0
-0 -0 -0 0.084789 0 0 0 0 0 -0 -0 0.062644 -0.036544 0.043926 0 0
0 0 0 0.010503 0 0 0 0 0 -0 -0 0.0077601 -0.004527 0.0054414 0 0
-0 -0 -0 0.02769 0 0 0 0 0 -0 -0 0.020458 -0.011934 0.014345 0 0
0 0 0 0.18672 0 0 0 0 0 -0 -0 0.13795 -0.080475 0.096731 0 0
-0 -0 -0 0.011902 0 0 0 0 0 -0 -0 0.0087931 -0.0051296 0.0061658 0 0
-0 -0 -0 0.061039 0 0 0 0 0 -0 -0 0.045097 -0.026308 0.031622 0 0
-0 -0 -0 0.17514 0 0 0 0 0 -0 -0 0.12939 -0.075484 0.090732 0 0
0 0 0 0.17851 0 0 0 0 0 -0 -0 0.13189 -0.076938 0.09248 0 0
0 0 0 0.111 0 0 0 0 0 -0 -0 0.08201 -0.047842 0.057506 0 0
0 0 0 0.10004 0 0 0 0 0 -0 -0 0.073913 -0.043118 0.051828 0 0
0 0 0 0.14503 0 0 0 0 0 -0 -0 0.10715 -0.062507 0.075133 0 0
0 0 0 0.17355 0 0 0 0 0 -0 -0 0.12822 -0.074802 0.089912 0 0
-0 -0 -0 0.042416 0 0 0 0 0 -0 -0 0.031338 -0.018281 0.021974 0 0
-0 -0 -0 0.17805 0 0 0 0 0 -0 -0 0.13155 -0.076741 0.092242 0 0
-0 -0 -0 0.16591 0 0 0 0 0 -0 -0 0.12258 -0.071507 0.085952 0 0
0 0 0 0.14794 0 0 0 0 0 -0 -0 0.1093 -0.063761 0.07664 0 0
0 0 0 0.12824 0 0 0 0 0 -0 -0 0.094747 -0.055273 0.066438 0 0
0 0 0 0.1128 0 0 0 0 0 -0 -0 0.08334 -0.048618 0.058439 0 0
-0 -0 -0 0.017206 0 0 0 0 0 -0 -0 0.012712 -0.0074158 0.0089138 0 0
-0 -0 -0 0.16658 0 0 0 0 0 -0 -0 0.12307 -0.071795 0.086297 0 0
-0 -0 -0 0.062119 0 0 0 0 0 -0 -0 0.045894 -0.026773 0.032182 0 0
0 0 0 0.11712 0 0 0 0 0 -0 -0 0.086528 -0.050478 0.060674 0 0
0 0 0 0.11913 0 0 0 0 0 -0 -0 0.088018 -0.051347 0.061719 0 0
0 0 0 0.01547 0 0 0 0 0 -0 -0 0.011429 -0.0066674 0.0080142 0 0
0 0 0 0.094557 0 0 0 0 0 -0 -0 0.06986 -0.040754 0.048986 0 0
0 0 0 0.0020299 0 0 0 0 0 -0 -0 0.0014997 -0.00087491 0.0010516 0 0
-0 -0 -0 0.034675 0 0 0 0 0 -0 -0 0.025618 -0.014945 0.017964 0 0
-0 -0 -0 0.076066 0 0 0 0 0 -0 -0 0.056199 -0.032785 0.039407 0 0
-0 -0 -0 0.056957 0 0 0 0 0 -0 -0 0.04208 -0.024548 0.029507 0 0
-0 -0 -0 0.092963 0 0 0 0 0 -0 -0 0.068683 -0.040067 0.048161 0 0
-0 -0 -0 0.13268 0 0 0 0 0 -0 -0 0.098029 -0.057187 0.068739 0 0
