0 0 0.043132 0 0 0 0 0 0 0 0 0 0 -0.019745 0.010808 0.036793 0.00051176 0.0065937 -0.0016622 0 0
-0 -0 -0.1344 0 0 0 0 0 0 0 0 0 0 0.061524 -0.033677 -0.11465 -0.0032549 -0.020541 0.004287 0 0
-0 -0 -0.15668 0 0 0 0 0 0 0 0 0 0 0.071725 -0.03926 -0.13365 -0.0040347 -0.023928 0.0048634 0 0
0 0 0.15766 0 0 0 0 0 0 0 0 0 0 -0.072171 0.039505 0.13449 0.0006032 0.023971 -0.0067177 0 0
-0 -0 -0.25036 0 0 0 0 0 0 0 0 0 0 0.11461 -0.062733 -0.21356 -0.0080455 -0.038041 0.0068567 0 0
-0 -0 -0.21414 0 0 0 0 0 0 0 0 0 0 0.098027 -0.053657 -0.18267 -0.0063556 -0.032612 0.006169 0 0
-0 -0 -0.12201 0 0 0 0 0 0 0 0 0 0 0.055854 -0.030573 -0.10408 -0.0028507 -0.018654 0.0039498 0 0
-0 -0 -0.072806 0 0 0 0 0 0 0 0 0 0 0.033329 -0.018243 -0.062106 -0.001453 -0.011142 0.002493 0 0
-0 -0 -0.28836 0 0 0 0 0 0 0 0 0 0 0.132 -0.072255 -0.24598 -0.010004 -0.043688 0.0074644 0 0
0 0 0.069345 0 0 0 0 0 0 0 0 0 0 -0.031744 0.017376 0.059153 0.00069533 0.010592 -0.0027382 0 0
0 0 0.22477 0 0 0 0 0 0 0 0 0 0 -0.10289 0.056321 0.19174 -0.00019888 0.033997 -0.010093 0 0
-0 -0 -0.083559 0 0 0 0 0 0 0 0 0 0 0.038251 -0.020938 -0.071278 -0.0017299 -0.012785 0.0028273 0 0
-0 -0 -0.3189 0 0 0 0 0 0 0 0 0 0 0.14598 -0.079908 -0.27203 -0.011714 -0.048186 0.0078679 0 0
0 0 0.21612 0 0 0 0 0 0 0 0 0 0 -0.098935 0.054155 0.18436 -6.0163e-05 0.032714 -0.0096419 0 0
-0 -0 -0.19231 0 0 0 0 0 0 0 0 0 0 0.088034 -0.048187 -0.16405 -0.0054215 -0.029322 0.0057038 0 0
0 0 0.02073 0 0 0 0 0 0 0 0 0 0 -0.0094898 0.0051945 0.017684 0.00027849 0.0031708 -0.00078197 0 0
0 0 0.11672 0 0 0 0 0 0 0 0 0 0 -0.053429 0.029246 0.099561 0.0007822 0.017789 -0.0048058 0 0
0 0 0.30279 0 0 0 0 0 0 0 0 0 0 -0.13861 0.075872 0.25829 -0.001921 0.045434 -0.014377 0 0
-0 -0 -0.30963 0 0 0 0 0 0 0 0 0 0 0.14174 -0.077585 -0.26412 -0.011183 -0.046825 0.0077535 0 0
0 0 0.099007 0 0 0 0 0 0 0 0 0 0 -0.045323 0.024808 0.084455 0.00078664 0.015104 -0.0040145 0 0
0 0 0.28281 0 0 0 0 0 0 0 0 0 0 -0.12946 0.070865 0.24125 -0.0013996 0.042531 -0.013244 0 0
-0 -0 -0.15898 0 0 0 0 0 0 0 0 0 0 0.072776 -0.039836 -0.13561 -0.004119 -0.024277 0.0049207 0 0
0 0 0.1407 0 0 0 0 0 0 0 0 0 0 -0.06441 0.035256 0.12002 0.0007059 0.021416 -0.0059121 0 0
0 0 0.20782 0 0 0 0 0 0 0 0 0 0 -0.095134 0.052074 0.17728 6.3216e-05 0.031479 -0.009213 0 0
0 0 0.12682 0 0 0 0 0 0 0 0 0 0 -0.058057 0.031779 0.10818 0.0007599 0.01932 -0.0052672 0 0
0 0 0.036738 0 0 0 0 0 0 0 0 0 0 -0.016818 0.0092056 0.031339 0.00045236 0.0056173 -0.0014073 0 0
-0 -0 -0.062174 0 0 0 0 0 0 0 0 0 0 0.028462 -0.015579 -0.053036 -0.0011949 -0.0095154 0.0021539 0 0
-0 -0 -0.1951 0 0 0 0 0 0 0 0 0 0 0.089311 -0.048886 -0.16642 -0.0055373 -0.029743 0.0057654 0 0
-0 -0 -0.15027 0 0 0 0 0 0 0 0 0 0 0.068788 -0.037653 -0.12818 -0.0038033 -0.022954 0.0047015 0 0
-0 -0 -0.09376 0 0 0 0 0 0 0 0 0 0 0.042921 -0.023494 -0.07998 -0.0020074 -0.014344 0.0031362 0 0
-0 -0 -0.057912 0 0 0 0 0 0 0 0 0 0 0.02651 -0.014511 -0.0494 -0.0010958 -0.0088633 0.0020155 0 0
-0 -0 -0.066161 0 0 0 0 0 0 0 0 0 0 0.030287 -0.016578 -0.056438 -0.0012898 -0.010125 0.0022821 0 0
0 0 0.036038 0 0 0 0 0 0 0 0 0 0 -0.016497 0.0090302 0.030742 0.00044551 0.0055103 -0.0013796 0 0
0 0 0.20684 0 0 0 0 0 0 0 0 0 0 -0.094685 0.051828 0.17644 7.7164e-05 0.031333 -0.0091626 0 0
-0 -0 -0.32096 0 0 0 0 0 0 0 0 0 0 0.14693 -0.080425 -0.27379 -0.011834 -0.048488 0.0078924 0 0
-0 -0 -0.20459 0 0 0 0 0 0 0 0 0 0 0.093654 -0.051264 -0.17452 -0.005939 -0.031174 0.0059701 0 0
0 0 0.29993 0 0 0 0 0 0 0 0 0 0 -0.1373 0.075154 0.25585 -0.0018429 0.045019 -0.014213 0 0
0 0 0.18303 0 0 0 0 0 0 0 0 0 0 -0.083787 0.045863 0.15613 0.00037413 0.027779 -0.0079592 0 0
-0 -0 -0.33091 0 0 0 0 0 0 0 0 0 0 0.15148 -0.082918 -0.28228 -0.01242 -0.049944 0.0080057 0 0
-0 -0 -0.0001001 0 0 0 0 0 0 0 0 0 0 4.5824e-05 -2.5083e-05 -8.539e-05 -1.4906e-06 -1.5317e-05 3.6993e-06 0 0
-0 -0 -0.036195 0 0 0 0 0 0 0 0 0 0 0.016569 -0.0090695 -0.030875 -0.00063016 -0.0055398 0.0012891 0 0
0 0 0.11881 0 0 0 0 0 0 0 0 0 0 -0.054387 0.02977 0.10135 0.00077877 0.018106 -0.0049008 0 0
-0 -0 -0.21549 0 0 0 0 0 0 0 0 0 0 0.098647 -0.053997 -0.18382 -0.0064156 -0.032816 0.0061966 0 0
-0 -0 -0.27703 0 0 0 0 0 0 0 0 0 0 0.12682 -0.069416 -0.23631 -0.0094003 -0.042009 0.0072954 0 0
0 0 0.097216 0 0 0 0 0 0 0 0 0 0 -0.044503 0.02436 0.082928 0.00078464 0.014832 -0.0039357 0 0
-0 -0 -0.24376 0 0 0 0 0 0 0 0 0 0 0.11159 -0.06108 -0.20794 -0.0077247 -0.037055 0.0067392 0 0
-0 -0 -0.12574 0 0 0 0 0 0 0 0 0 0 0.05756 -0.031507 -0.10726 -0.0029701 -0.019222 0.0040525 0 0
-0 -0 -0.25063 0 0 0 0 0 0 0 0 0 0 0.11473 -0.062802 -0.2138 -0.008059 -0.038082 0.0068615 0 0
-0 -0 -0.1035 0 0 0 0 0 0 0 0 0 0 0.047378 -0.025933 -0.088286 -0.0022857 -0.015831 0.0034236 0 0
-0 -0 -0.048798 0 0 0 0 0 0 0 0 0 0 0.022338 -0.012227 -0.041626 -0.00089241 -0.0074687 0.001715 0 0
0 0 0.30984 0 0 0 0 0 0 0 0 0 0 -0.14184 0.077638 0.2643 -0.0021181 0.046453 -0.014782 0 0
0 0 0.13261 0 0 0 0 0 0 0 0 0 0 -0.060705 0.033228 0.11312 0.00074068 0.020194 -0.0055345 0 0
0 0 0.051195 0 0 0 0 0 0 0 0 0 0 -0.023436 0.012828 0.043671 0.0005785 0.0078245 -0.0019879 0 0
0 0 0.2582 0 0 0 0 0 0 0 0 0 0 -0.1182 0.064697 0.22025 -0.00083317 0.03893 -0.011882 0 0
0 0 0.084158 0 0 0 0 0 0 0 0 0 0 -0.038525 0.021088 0.071789 0.00075639 0.012847 -0.0033678 0 0
0 0 0.32985 0 0 0 0 0 0 0 0 0 0 -0.151 0.082653 0.28138 -0.0027149 0.049334 -0.015948 0 0
0 0 0.30491 0 0 0 0 0 0 0 0 0 0 -0.13958 0.076402 0.2601 -0.0019794 0.04574 -0.014498 0 0
-0 -0 -0.27746 0 0 0 0 0 0 0 0 0 0 0.12701 -0.069523 -0.23668 -0.0094229 -0.042073 0.007302 0 0
-0 -0 -0.042486 0 0 0 0 0 0 0 0 0 0 0.019449 -0.010646 -0.036242 -0.0007583 -0.0065027 0.0015032 0 0
-0 -0 -0.25116 0 0 0 0 0 0 0 0 0 0 0.11498 -0.062935 -0.21425 -0.008085 -0.038161 0.0068707 0 0
0 0 0.065717 0 0 0 0 0 0 0 0 0 0 -0.030083 0.016467 0.056058 0.00067568 0.010039 -0.0025863 0 0
-0 -0 -0.24858 0 0 0 0 0 0 0 0 0 0 0.11379 -0.062287 -0.21204 -0.0079582 -0.037774 0.0068253 0 0
-0 -0 -0.20625 0 0 0 0 0 0 0 0 0 0 0.094416 -0.05168 -0.17594 -0.0060107 -0.031425 0.0060053 0 0
-0 -0 -0.19474 0 0 0 0 0 0 0 0 0 0 0.089147 -0.048796 -0.16612 -0.0055223 -0.029689 0.0057575 0 0
-0 -0 -0.12926 0 0 0 0 0 0 0 0 0 0 0.059173 -0.03239 -0.11026 -0.0030847 -0.019759 0.0041486 0 0
0 0 0.28891 0 0 0 0 0 0 0 0 0 0 -0.13225 0.072393 0.24645 -0.0015528 0.043419 -0.013587 0 0
0 0 0.20989 0 0 0 0 0 0 0 0 0 0 -0.096081 0.052592 0.17904 3.3383e-05 0.031787 -0.0093194 0 0
-0 -0 -0.086604 0 0 0 0 0 0 0 0 0 0 0.039645 -0.021701 -0.073876 -0.0018113 -0.013251 0.0029203 0 0
-0 -0 -0.27842 0 0 0 0 0 0 0 0 0 0 0.12745 -0.069764 -0.2375 -0.0094734 -0.042215 0.0073167 0 0
0 0 0.14532 0 0 0 0 0 0 0 0 0 0 -0.066522 0.036413 0.12396 0.00068194 0.022113 -0.0061295 0 0
0 0 0.20664 0 0 0 0 0 0 0 0 0 0 -0.094593 0.051778 0.17627 7.9988e-05 0.031304 -0.0091523 0 0
0 0 0.18623 0 0 0 0 0 0 0 0 0 0 -0.085253 0.046665 0.15886 0.0003388 0.028258 -0.008119 0 0
0 0 0.19621 0 0 0 0 0 0 0 0 0 0 -0.089821 0.049166 0.16738 0.00021949 0.02975 -0.008621 0 0
0 0 0.23346 0 0 0 0 0 0 0 0 0 0 -0.10687 0.058499 0.19915 -0.0003488 0.035284 -0.010552 0 0
0 0 0.03105 0 0 0 0 0 0 0 0 0 0 -0.014214 0.0077803 0.026486 0.00039469 0.0047482 -0.001183 0 0
-0 -0 -0.06241 0 0 0 0 0 0 0 0 0 0 0.02857 -0.015638 -0.053238 -0.0012004 -0.0095515 0.0021615 0 0
0 0 0.18539 0 0 0 0 0 0 0 0 0 0 -0.084868 0.046455 0.15815 0.0003482 0.028133 -0.008077 0 0
0 0 0.083948 0 0 0 0 0 0 0 0 0 0 -0.038429 0.021035 0.07161 0.00075574 0.012815 -0.0033588 0 0
-0 -0 -0.17902 0 0 0 0 0 0 0 0 0 0 0.081948 -0.044856 -0.1527 -0.004884 -0.027313 0.005402 0 0
0 0 0.27386 0 0 0 0 0 0 0 0 0 0 -0.12537 0.068623 0.23361 -0.0011839 0.041225 -0.012745 0 0
0 0 0.25298 0 0 0 0 0 0 0 0 0 0 -0.11581 0.06339 0.2158 -0.00072393 0.038163 -0.011599 0 0
0 0 0.3085 0 0 0 0 0 0 0 0 0 0 -0.14122 0.077302 0.26316 -0.00208 0.04626 -0.014705 0 0
-0 -0 -0.22786 0 0 0 0 0 0 0 0 0 0 0.10431 -0.057096 -0.19437 -0.0069755 -0.034674 0.006442 0 0
0 0 0.01232 0 0 0 0 0 0 0 0 0 0 -0.0056396 0.003087 0.010509 0.00017275 0.0018847 -0.00046091 0 0
0 0 0.30587 0 0 0 0 0 0 0 0 0 0 -0.14002 0.076642 0.26091 -0.0020061 0.045879 -0.014553 0 0
-0 -0 -0.16171 0 0 0 0 0 0 0 0 0 0 0.074027 -0.04052 -0.13794 -0.0042201 -0.024691 0.0049881 0 0
-0 -0 -0.0044541 0 0 0 0 0 0 0 0 0 0 0.002039 -0.0011161 -0.0037994 -6.768e-05 -0.00068156 0.00016389 0 0
-0 -0 -0.078749 0 0 0 0 0 0 0 0 0 0 0.036049 -0.019732 -0.067175 -0.0016041 -0.01205 0.0026789 0 0
-0 -0 -0.21169 0 0 0 0 0 0 0 0 0 0 0.096908 -0.053045 -0.18058 -0.0062478 -0.032244 0.0061188 0 0
-0 -0 -0.29195 0 0 0 0 0 0 0 0 0 0 0.13365 -0.073156 -0.24905 -0.010199 -0.044219 0.0075158 0 0
-0 -0 -0.33021 0 0 0 0 0 0 0 0 0 0 0.15116 -0.082742 -0.28168 -0.012378 -0.049841 0.007998 0 0
-0 -0 -0.16118 0 0 0 0 0 0 0 0 0 0 0.073785 -0.040388 -0.13749 -0.0042004 -0.024611 0.0049751 0 0
-0 -0 -0.12996 0 0 0 0 0 0 0 0 0 0 0.059494 -0.032565 -0.11086 -0.0031078 -0.019866 0.0041676 0 0
-0 -0 -0.051379 0 0 0 0 0 0 0 0 0 0 0.02352 -0.012874 -0.043828 -0.00094884 -0.0078637 0.0018007 0 0
0 0 0.1483 0 0 0 0 0 0 0 0 0 0 -0.067888 0.03716 0.1265 0.00066487 0.022562 -0.0062707 0 0
0 0 0.19208 0 0 0 0 0 0 0 0 0 0 -0.087928 0.048129 0.16385 0.00027064 0.029132 -0.0084121 0 0
0 0 0.20747 0 0 0 0 0 0 0 0 0 0 -0.094976 0.051987 0.17698 6.8153e-05 0.031428 -0.0091952 0 0
0 0 0.33628 0 0 0 0 0 0 0 0 0 0 -0.15394 0.084262 0.28686 -0.0029181 0.050254 -0.016328 0 0
0 0 0.31466 0 0 0 0 0 0 0 0 0 0 -0.14404 0.078844 0.26841 -0.0022566 0.047148 -0.015061 0 0
-0 -0 -0.017109 0 0 0 0 0 0 0 0 0 0 0.0078321 -0.0042871 -0.014595 -0.00027509 -0.0026184 0.00062151 0 0
