-0 -0 -0.33725 0 0 0 0 0 0 0 0 0 0 0.14536 -0.097389 -0.28832 0.021641 -0.041547 0.024944 0 0
0 0 0.31226 0 0 0 0 0 0 0 0 0 0 -0.13459 0.090172 0.26695 -0.031633 0.027834 -0.02535 0 0
-0 -0 -0.07182 0 0 0 0 0 0 0 0 0 0 0.030955 -0.02074 -0.061399 0.0057981 -0.0079815 0.0056192 0 0
-0 -0 -0.25892 0 0 0 0 0 0 0 0 0 0 0.1116 -0.074769 -0.22135 0.017921 -0.031054 0.019524 0 0
-0 -0 -0.081979 0 0 0 0 0 0 0 0 0 0 0.035333 -0.023673 -0.070084 0.0065688 -0.0091526 0.0064033 0 0
-0 -0 -0.25293 0 0 0 0 0 0 0 0 0 0 0.10901 -0.073037 -0.21623 0.017602 -0.030269 0.019099 0 0
0 0 0.15586 0 0 0 0 0 0 0 0 0 0 -0.067177 0.045009 0.13325 -0.014572 0.015378 -0.012541 0 0
-0 -0 -0.20614 0 0 0 0 0 0 0 0 0 0 0.088849 -0.059528 -0.17623 0.014954 -0.024241 0.015728 0 0
0 0 0.11725 0 0 0 0 0 0 0 0 0 0 -0.050533 0.033857 0.10023 -0.010721 0.01183 -0.009401 0 0
-0 -0 -0.028831 0 0 0 0 0 0 0 0 0 0 0.012426 -0.0083256 -0.024648 0.0024003 -0.0031402 0.0022709 0 0
-0 -0 -0.17309 0 0 0 0 0 0 0 0 0 0 0.074601 -0.049982 -0.14797 0.012912 -0.02009 0.013296 0 0
0 0 0.12009 0 0 0 0 0 0 0 0 0 0 -0.051759 0.034679 0.10267 -0.010999 0.012098 -0.0096318 0 0
-0 -0 -0.27533 0 0 0 0 0 0 0 0 0 0 0.11867 -0.079506 -0.23538 0.018768 -0.033215 0.020681 0 0
-0 -0 -0.23085 0 0 0 0 0 0 0 0 0 0 0.099498 -0.066664 -0.19736 0.016389 -0.027403 0.017519 0 0
0 0 0.025953 0 0 0 0 0 0 0 0 0 0 -0.011186 0.0074945 0.022187 -0.0022423 0.002751 -0.0020597 0 0
0 0 0.28949 0 0 0 0 0 0 0 0 0 0 -0.12477 0.083595 0.24748 -0.029011 0.026218 -0.023482 0 0
0 0 0.011953 0 0 0 0 0 0 0 0 0 0 -0.0051519 0.0034518 0.010219 -0.0010232 0.0012761 -0.00094691 0 0
-0 -0 -0.035602 0 0 0 0 0 0 0 0 0 0 0.015344 -0.010281 -0.030436 0.00295 -0.0038903 0.0028013 0 0
0 0 0.085743 0 0 0 0 0 0 0 0 0 0 -0.036956 0.02476 0.073302 -0.0076935 0.0088052 -0.006853 0 0
0 0 0.034597 0 0 0 0 0 0 0 0 0 0 -0.014911 0.0099905 0.029577 -0.0030059 0.0036509 -0.0027487 0 0
0 0 0.34193 0 0 0 0 0 0 0 0 0 0 -0.14737 0.09874 0.29232 -0.035111 0.029834 -0.027779 0 0
-0 -0 -0.048823 0 0 0 0 0 0 0 0 0 0 0.021043 -0.014099 -0.041739 0.0040077 -0.0053684 0.0038339 0 0
-0 -0 -0.24136 0 0 0 0 0 0 0 0 0 0 0.10403 -0.069699 -0.20634 0.016975 -0.028763 0.018273 0 0
0 0 0.22028 0 0 0 0 0 0 0 0 0 0 -0.09494 0.063609 0.18831 -0.021325 0.020888 -0.017807 0 0
0 0 0.2175 0 0 0 0 0 0 0 0 0 0 -0.093741 0.062807 0.18594 -0.021025 0.020661 -0.017579 0 0
-0 -0 -0.066752 0 0 0 0 0 0 0 0 0 0 0.02877 -0.019276 -0.057066 0.0054089 -0.0074011 0.0052269 0 0
0 0 0.31372 0 0 0 0 0 0 0 0 0 0 -0.13521 0.090592 0.2682 -0.031801 0.027935 -0.025469 0 0
-0 -0 -0.34606 0 0 0 0 0 0 0 0 0 0 0.14915 -0.099933 -0.29585 0.022007 -0.042753 0.025536 0 0
-0 -0 -0.015594 0 0 0 0 0 0 0 0 0 0 0.0067212 -0.0045032 -0.013332 0.0013103 -0.0016877 0.0012306 0 0
0 0 0.14315 0 0 0 0 0 0 0 0 0 0 -0.061698 0.041337 0.12238 -0.013287 0.01423 -0.011506 0 0
0 0 0.097984 0 0 0 0 0 0 0 0 0 0 -0.042231 0.028295 0.083766 -0.0088573 0.0099945 -0.0078414 0 0
0 0 0.15159 0 0 0 0 0 0 0 0 0 0 -0.065334 0.043773 0.12959 -0.014138 0.014994 -0.012192 0 0
0 0 0.027263 0 0 0 0 0 0 0 0 0 0 -0.01175 0.0078727 0.023307 -0.0023574 0.0028879 -0.002164 0 0
-0 -0 -0.122 0 0 0 0 0 0 0 0 0 0 0.05258 -0.035229 -0.10429 0.0094819 -0.013862 0.0094628 0 0
-0 -0 -0.064318 0 0 0 0 0 0 0 0 0 0 0.027721 -0.018573 -0.054986 0.005221 -0.0071233 0.0050383 0 0
-0 -0 -0.12349 0 0 0 0 0 0 0 0 0 0 0.053227 -0.035662 -0.10558 0.0095873 -0.014042 0.0095765 0 0
-0 -0 -0.13175 0 0 0 0 0 0 0 0 0 0 0.056785 -0.038046 -0.11263 0.010162 -0.015033 0.010201 0 0
0 0 0.06748 0 0 0 0 0 0 0 0 0 0 -0.029084 0.019486 0.057689 -0.0059869 0.0069987 -0.0053824 0 0
-0 -0 -0.16239 0 0 0 0 0 0 0 0 0 0 0.069991 -0.046894 -0.13883 0.012221 -0.018767 0.012501 0 0
0 0 0.30189 0 0 0 0 0 0 0 0 0 0 -0.13012 0.087178 0.25809 -0.030434 0.027107 -0.0245 0 0
-0 -0 -0.10661 0 0 0 0 0 0 0 0 0 0 0.045949 -0.030786 -0.091141 0.0083852 -0.012033 0.0082922 0 0
-0 -0 -0.13164 0 0 0 0 0 0 0 0 0 0 0.056739 -0.038015 -0.11254 0.010155 -0.01502 0.010193 0 0
-0 -0 -0.086507 0 0 0 0 0 0 0 0 0 0 0.037285 -0.024981 -0.073955 0.0069082 -0.0096778 0.0067518 0 0
0 0 0.19212 0 0 0 0 0 0 0 0 0 0 -0.082802 0.055477 0.16424 -0.018323 0.018543 -0.015501 0 0
0 0 0.29082 0 0 0 0 0 0 0 0 0 0 -0.12534 0.083979 0.24862 -0.029163 0.026314 -0.023591 0 0
0 0 0.11081 0 0 0 0 0 0 0 0 0 0 -0.04776 0.031999 0.094733 -0.010094 0.011222 -0.0088796 0 0
0 0 0.22974 0 0 0 0 0 0 0 0 0 0 -0.099017 0.066341 0.1964 -0.02235 0.021653 -0.018582 0 0
-0 -0 -0.029202 0 0 0 0 0 0 0 0 0 0 0.012586 -0.0084326 -0.024964 0.0024305 -0.0031812 0.0022999 0 0
-0 -0 -0.076284 0 0 0 0 0 0 0 0 0 0 0.032879 -0.022029 -0.065215 0.0061383 -0.0084949 0.0059641 0 0
0 0 0.093469 0 0 0 0 0 0 0 0 0 0 -0.040286 0.026991 0.079907 -0.0084262 0.0095579 -0.0074766 0 0
-0 -0 -0.21223 0 0 0 0 0 0 0 0 0 0 0.09147 -0.061285 -0.18143 0.015315 -0.025015 0.016171 0 0
0 0 0.30491 0 0 0 0 0 0 0 0 0 0 -0.13142 0.088048 0.26066 -0.030781 0.02732 -0.024747 0 0
-0 -0 -0.10863 0 0 0 0 0 0 0 0 0 0 0.046821 -0.03137 -0.09287 0.0085311 -0.012273 0.0084465 0 0
0 0 0.12426 0 0 0 0 0 0 0 0 0 0 -0.053555 0.035882 0.10623 -0.011409 0.012488 -0.00997 0 0
0 0 0.016786 0 0 0 0 0 0 0 0 0 0 -0.0072348 0.0048473 0.01435 -0.0014415 0.0017876 -0.0013306 0 0
-0 -0 -0.21426 0 0 0 0 0 0 0 0 0 0 0.092345 -0.061871 -0.18317 0.015434 -0.025274 0.016318 0 0
-0 -0 -0.088415 0 0 0 0 0 0 0 0 0 0 0.038107 -0.025532 -0.075586 0.0070505 -0.0098997 0.0068985 0 0
0 0 0.27599 0 0 0 0 0 0 0 0 0 0 -0.11895 0.079697 0.23594 -0.027479 0.025227 -0.022375 0 0
-0 -0 -0.10562 0 0 0 0 0 0 0 0 0 0 0.045522 -0.0305 -0.090294 0.0083135 -0.011916 0.0082165 0 0
-0 -0 -0.098437 0 0 0 0 0 0 0 0 0 0 0.042426 -0.028426 -0.084153 0.0077906 -0.011071 0.0076673 0 0
-0 -0 -0.13992 0 0 0 0 0 0 0 0 0 0 0.060306 -0.040405 -0.11962 0.010723 -0.01602 0.010817 0 0
0 0 0.29618 0 0 0 0 0 0 0 0 0 0 -0.12765 0.085528 0.2532 -0.029777 0.0267 -0.024031 0 0
-0 -0 -0.005097 0 0 0 0 0 0 0 0 0 0 0.0021968 -0.0014719 -0.0043574 0.00043134 -0.00054877 0.00040283 0 0
0 0 0.11032 0 0 0 0 0 0 0 0 0 0 -0.047547 0.031856 0.09431 -0.010046 0.011175 -0.0088395 0 0
-0 -0 -0.31846 0 0 0 0 0 0 0 0 0 0 0.13726 -0.091962 -0.27225 0.020824 -0.03899 0.023669 0 0
0 0 0.30284 0 0 0 0 0 0 0 0 0 0 -0.13052 0.087451 0.2589 -0.030543 0.027174 -0.024577 0 0
0 0 0.31079 0 0 0 0 0 0 0 0 0 0 -0.13395 0.089746 0.26569 -0.031461 0.027731 -0.025229 0 0
-0 -0 -0.33347 0 0 0 0 0 0 0 0 0 0 0.14373 -0.096296 -0.28508 0.02148 -0.04103 0.024689 0 0
-0 -0 -0.14814 0 0 0 0 0 0 0 0 0 0 0.06385 -0.04278 -0.12665 0.011278 -0.01702 0.011435 0 0
0 0 0.0011175 0 0 0 0 0 0 0 0 0 0 -0.00048164 0.0003227 0.00095534 -9.4968e-05 0.00011995 -8.8395e-05 0 0
-0 -0 -0.027017 0 0 0 0 0 0 0 0 0 0 0.011644 -0.0078016 -0.023097 0.0022521 -0.0029401 0.0021285 0 0
0 0 0.30003 0 0 0 0 0 0 0 0 0 0 -0.12931 0.086638 0.25649 -0.030219 0.026974 -0.024347 0 0
-0 -0 -0.16129 0 0 0 0 0 0 0 0 0 0 0.069515 -0.046575 -0.13788 0.012149 -0.018631 0.012418 0 0
-0 -0 -0.20863 0 0 0 0 0 0 0 0 0 0 0.089918 -0.060245 -0.17835 0.015102 -0.024557 0.015909 0 0
0 0 0.022065 0 0 0 0 0 0 0 0 0 0 -0.0095099 0.0063716 0.018863 -0.0019015 0.0023435 -0.0017502 0 0
-0 -0 -0.14732 0 0 0 0 0 0 0 0 0 0 0.063494 -0.042541 -0.12594 0.011223 -0.01692 0.011373 0 0
-0 -0 -0.34001 0 0 0 0 0 0 0 0 0 0 0.14655 -0.098185 -0.29067 0.021757 -0.041924 0.02513 0 0
-0 -0 -0.29252 0 0 0 0 0 0 0 0 0 0 0.12608 -0.084473 -0.25008 0.019618 -0.035502 0.021882 0 0
0 0 0.15867 0 0 0 0 0 0 0 0 0 0 -0.068388 0.04582 0.13565 -0.014858 0.015629 -0.01277 0 0
-0 -0 -0.06089 0 0 0 0 0 0 0 0 0 0 0.026244 -0.017583 -0.052055 0.0049551 -0.006733 0.0047724 0 0
-0 -0 -0.2877 0 0 0 0 0 0 0 0 0 0 0.124 -0.083079 -0.24595 0.019383 -0.034858 0.021547 0 0
-0 -0 -0.21314 0 0 0 0 0 0 0 0 0 0 0.091865 -0.061549 -0.18222 0.015369 -0.025132 0.016237 0 0
0 0 0.084977 0 0 0 0 0 0 0 0 0 0 -0.036625 0.024539 0.072647 -0.0076212 0.0087302 -0.0067912 0 0
-0 -0 -0.016009 0 0 0 0 0 0 0 0 0 0 0.0068998 -0.0046228 -0.013686 0.0013447 -0.0017329 0.0012633 0 0
-0 -0 -0.076881 0 0 0 0 0 0 0 0 0 0 0.033136 -0.022201 -0.065726 0.0061836 -0.0085637 0.0060102 0 0
-0 -0 -0.25368 0 0 0 0 0 0 0 0 0 0 0.10934 -0.073255 -0.21687 0.017643 -0.030367 0.019152 0 0
0 0 0.043836 0 0 0 0 0 0 0 0 0 0 -0.018893 0.012659 0.037475 -0.0038315 0.0046038 -0.0034867 0 0
0 0 0.013887 0 0 0 0 0 0 0 0 0 0 -0.0059855 0.0040103 0.011872 -0.0011903 0.0014811 -0.0011004 0 0
0 0 0.34734 0 0 0 0 0 0 0 0 0 0 -0.1497 0.1003 0.29694 -0.035753 0.030186 -0.028221 0 0
0 0 0.28868 0 0 0 0 0 0 0 0 0 0 -0.12442 0.083363 0.24679 -0.02892 0.02616 -0.023416 0 0
0 0 0.071914 0 0 0 0 0 0 0 0 0 0 -0.030995 0.020767 0.061479 -0.0063979 0.0074408 -0.005739 0 0
0 0 0.0057528 0 0 0 0 0 0 0 0 0 0 -0.0024795 0.0016613 0.0049181 -0.00049042 0.00061606 -0.00045534 0 0
-0 -0 -0.010111 0 0 0 0 0 0 0 0 0 0 0.0043577 -0.0029197 -0.0086436 0.00085271 -0.0010913 0.00079851 0 0
-0 -0 -0.059088 0 0 0 0 0 0 0 0 0 0 0.025467 -0.017063 -0.050514 0.0048147 -0.0065282 0.0046325 0 0
-0 -0 -0.17828 0 0 0 0 0 0 0 0 0 0 0.076837 -0.051481 -0.15241 0.013242 -0.020736 0.01368 0 0
-0 -0 -0.32832 0 0 0 0 0 0 0 0 0 0 0.14151 -0.09481 -0.28068 0.021259 -0.040329 0.02434 0 0
0 0 0.10367 0 0 0 0 0 0 0 0 0 0 -0.04468 0.029936 0.088624 -0.0094029 0.010541 -0.008301 0 0
-0 -0 -0.31024 0 0 0 0 0 0 0 0 0 0 0.13371 -0.089588 -0.26522 0.020451 -0.037879 0.023106 0 0
-0 -0 -0.037208 0 0 0 0 0 0 0 0 0 0 0.016037 -0.010745 -0.031809 0.0030796 -0.0040689 0.002927 0 0
0 0 0.0059849 0 0 0 0 0 0 0 0 0 0 -0.0025795 0.0017283 0.0051164 -0.00051028 0.00064083 -0.00047372 0 0
