0 0 0.31881 0 0 0 0 0 0 0 0 0 0 -0.14594 0.079885 0.27195 -0.040821 0.0061935 -0.023726 0 0
-0 -0 -0.16407 0 0 0 0 0 0 0 0 0 0 0.075108 -0.041112 -0.13996 0.019076 -0.0087434 0.012806 0 0
-0 -0 -0.048188 0 0 0 0 0 0 0 0 0 0 0.022059 -0.012075 -0.041106 0.0057807 -0.0021894 0.0037453 0 0
-0 -0 -0.2842 0 0 0 0 0 0 0 0 0 0 0.1301 -0.071213 -0.24243 0.031803 -0.01738 0.022172 0 0
-0 -0 -0.30441 0 0 0 0 0 0 0 0 0 0 0.13935 -0.076277 -0.25967 0.033825 -0.019009 0.023736 0 0
0 0 0.34003 0 0 0 0 0 0 0 0 0 0 -0.15566 0.085201 0.29005 -0.043636 0.0060849 -0.025205 0 0
-0 -0 -0.33677 0 0 0 0 0 0 0 0 0 0 0.15417 -0.084386 -0.28728 0.036988 -0.02172 0.02623 0 0
-0 -0 -0.11914 0 0 0 0 0 0 0 0 0 0 0.054541 -0.029854 -0.10163 0.014031 -0.0059897 0.0092889 0 0
-0 -0 -0.16556 0 0 0 0 0 0 0 0 0 0 0.075791 -0.041486 -0.14123 0.019241 -0.0088394 0.012922 0 0
-0 -0 -0.31324 0 0 0 0 0 0 0 0 0 0 0.14339 -0.07849 -0.2672 0.034698 -0.019737 0.024418 0 0
0 0 0.23606 0 0 0 0 0 0 0 0 0 0 -0.10806 0.05915 0.20136 -0.029912 0.0059925 -0.017813 0 0
0 0 0.10115 0 0 0 0 0 0 0 0 0 0 -0.046302 0.025344 0.08628 -0.012535 0.003541 -0.007767 0 0
-0 -0 -0.029371 0 0 0 0 0 0 0 0 0 0 0.013445 -0.0073596 -0.025054 0.0035395 -0.0012964 0.0022803 0 0
-0 -0 -0.032051 0 0 0 0 0 0 0 0 0 0 0.014672 -0.0080312 -0.027341 0.00386 -0.0014206 0.0024888 0 0
-0 -0 -0.21587 0 0 0 0 0 0 0 0 0 0 0.098821 -0.054092 -0.18415 0.024707 -0.012244 0.016856 0 0
-0 -0 -0.24879 0 0 0 0 0 0 0 0 0 0 0.11389 -0.062341 -0.21223 0.028175 -0.014646 0.019422 0 0
-0 -0 -0.19394 0 0 0 0 0 0 0 0 0 0 0.088783 -0.048597 -0.16544 0.022349 -0.01072 0.015142 0 0
0 0 0.21894 0 0 0 0 0 0 0 0 0 0 -0.10023 0.054862 0.18677 -0.027676 0.005827 -0.016564 0 0
0 0 0.26354 0 0 0 0 0 0 0 0 0 0 -0.12064 0.066036 0.22481 -0.03352 0.0061695 -0.0198 0 0
0 0 0.011655 0 0 0 0 0 0 0 0 0 0 -0.0053354 0.0029205 0.0099422 -0.001418 0.00048127 -0.00090231 0 0
-0 -0 -0.081839 0 0 0 0 0 0 0 0 0 0 0.037464 -0.020507 -0.069811 0.0097341 -0.003907 0.0063714 0 0
0 0 0.3038 0 0 0 0 0 0 0 0 0 0 -0.13907 0.076125 0.25915 -0.038833 0.0062308 -0.02267 0 0
0 0 0.010132 0 0 0 0 0 0 0 0 0 0 -0.0046383 0.0025389 0.0086432 -0.0012323 0.00041946 -0.00078452 0 0
0 0 0.080062 0 0 0 0 0 0 0 0 0 0 -0.03665 0.020061 0.068295 -0.0098817 0.0029221 -0.0061613 0 0
0 0 0.068447 0 0 0 0 0 0 0 0 0 0 -0.031333 0.017151 0.058387 -0.0084284 0.0025541 -0.0052733 0 0
0 0 0.34197 0 0 0 0 0 0 0 0 0 0 -0.15654 0.085687 0.29171 -0.043894 0.0060717 -0.025339 0 0
-0 -0 -0.30722 0 0 0 0 0 0 0 0 0 0 0.14064 -0.07698 -0.26206 0.034103 -0.019239 0.023953 0 0
0 0 0.29923 0 0 0 0 0 0 0 0 0 0 -0.13698 0.07498 0.25525 -0.038228 0.0062357 -0.022347 0 0
0 0 0.17498 0 0 0 0 0 0 0 0 0 0 -0.0801 0.043845 0.14926 -0.021969 0.0052074 -0.013319 0 0
-0 -0 -0.23844 0 0 0 0 0 0 0 0 0 0 0.10915 -0.059746 -0.2034 0.027094 -0.013876 0.018616 0 0
-0 -0 -0.23677 0 0 0 0 0 0 0 0 0 0 0.10839 -0.059329 -0.20197 0.026919 -0.013753 0.018486 0 0
-0 -0 -0.18479 0 0 0 0 0 0 0 0 0 0 0.084592 -0.046303 -0.15763 0.021353 -0.010102 0.014427 0 0
-0 -0 -0.14508 0 0 0 0 0 0 0 0 0 0 0.066415 -0.036354 -0.12376 0.016961 -0.0075471 0.011319 0 0
0 0 0.010193 0 0 0 0 0 0 0 0 0 0 -0.0046659 0.002554 0.0086946 -0.0012396 0.00042192 -0.00078918 0 0
0 0 0.17729 0 0 0 0 0 0 0 0 0 0 -0.081159 0.044424 0.15123 -0.022267 0.005247 -0.013491 0 0
0 0 0.26921 0 0 0 0 0 0 0 0 0 0 -0.12324 0.067457 0.22964 -0.034266 0.0061924 -0.020208 0 0
-0 -0 -0.29083 0 0 0 0 0 0 0 0 0 0 0.13313 -0.072873 -0.24808 0.03247 -0.017909 0.022686 0 0
-0 -0 -0.24528 0 0 0 0 0 0 0 0 0 0 0.11228 -0.06146 -0.20923 0.027809 -0.014383 0.019148 0 0
0 0 0.012811 0 0 0 0 0 0 0 0 0 0 -0.0058645 0.0032101 0.010928 -0.001559 0.00052796 -0.00099171 0 0
-0 -0 -0.24076 0 0 0 0 0 0 0 0 0 0 0.11021 -0.060328 -0.20538 0.027337 -0.014048 0.018797 0 0
-0 -0 -0.1779 0 0 0 0 0 0 0 0 0 0 0.081437 -0.044576 -0.15175 0.020599 -0.0096439 0.013887 0 0
-0 -0 -0.20695 0 0 0 0 0 0 0 0 0 0 0.094738 -0.051857 -0.17654 0.023752 -0.011617 0.016159 0 0
0 0 0.29798 0 0 0 0 0 0 0 0 0 0 -0.13641 0.074665 0.25418 -0.038063 0.0062365 -0.022258 0 0
0 0 0.22788 0 0 0 0 0 0 0 0 0 0 -0.10432 0.057099 0.19438 -0.028842 0.0059187 -0.017217 0 0
-0 -0 -0.12916 0 0 0 0 0 0 0 0 0 0 0.059124 -0.032363 -0.11017 0.015167 -0.0065803 0.010072 0 0
0 0 0.31129 0 0 0 0 0 0 0 0 0 0 -0.1425 0.078002 0.26554 -0.039825 0.0062163 -0.023198 0 0
0 0 0.30264 0 0 0 0 0 0 0 0 0 0 -0.13854 0.075833 0.25816 -0.038679 0.0062324 -0.022587 0 0
-0 -0 -0.214 0 0 0 0 0 0 0 0 0 0 0.097962 -0.053622 -0.18255 0.024507 -0.012111 0.016709 0 0
-0 -0 -0.23922 0 0 0 0 0 0 0 0 0 0 0.10951 -0.059942 -0.20406 0.027175 -0.013934 0.018676 0 0
-0 -0 -0.056353 0 0 0 0 0 0 0 0 0 0 0.025797 -0.01412 -0.04807 0.0067464 -0.002592 0.0043818 0 0
0 0 0.14398 0 0 0 0 0 0 0 0 0 0 -0.065909 0.036077 0.12282 -0.017982 0.004603 -0.011002 0 0
0 0 0.26254 0 0 0 0 0 0 0 0 0 0 -0.12018 0.065786 0.22396 -0.033388 0.006165 -0.019729 0 0
0 0 0.21233 0 0 0 0 0 0 0 0 0 0 -0.0972 0.053205 0.18113 -0.026814 0.0057517 -0.016079 0 0
-0 -0 -0.18615 0 0 0 0 0 0 0 0 0 0 0.085216 -0.046645 -0.15879 0.021502 -0.010193 0.014533 0 0
0 0 0.12279 0 0 0 0 0 0 0 0 0 0 -0.056209 0.030767 0.10474 -0.015278 0.0041104 -0.0094065 0 0
-0 -0 -0.17183 0 0 0 0 0 0 0 0 0 0 0.078661 -0.043057 -0.14658 0.019933 -0.009246 0.013413 0 0
0 0 0.10165 0 0 0 0 0 0 0 0 0 0 -0.046533 0.025471 0.086712 -0.012599 0.0035551 -0.0078054 0 0
0 0 0.1546 0 0 0 0 0 0 0 0 0 0 -0.070771 0.038738 0.13188 -0.019344 0.0048256 -0.011798 0 0
-0 -0 -0.13553 0 0 0 0 0 0 0 0 0 0 0.062043 -0.033961 -0.11561 0.015888 -0.0069633 0.010572 0 0
-0 -0 -0.19355 0 0 0 0 0 0 0 0 0 0 0.088604 -0.048499 -0.16511 0.022306 -0.010694 0.015112 0 0
0 0 0.13997 0 0 0 0 0 0 0 0 0 0 -0.064076 0.035073 0.1194 -0.01747 0.0045148 -0.010702 0 0
0 0 0.019979 0 0 0 0 0 0 0 0 0 0 -0.0091457 0.0050061 0.017042 -0.0024351 0.00081337 -0.0015457 0 0
0 0 0.27601 0 0 0 0 0 0 0 0 0 0 -0.12635 0.06916 0.23544 -0.035161 0.0062137 -0.020694 0 0
0 0 0.32668 0 0 0 0 0 0 0 0 0 0 -0.14955 0.081858 0.27867 -0.041865 0.0061608 -0.024276 0 0
-0 -0 -0.26105 0 0 0 0 0 0 0 0 0 0 0.1195 -0.065413 -0.22269 0.029443 -0.015576 0.020376 0 0
0 0 0.24374 0 0 0 0 0 0 0 0 0 0 -0.11158 0.061076 0.20792 -0.03092 0.0060531 -0.018371 0 0
0 0 0.33181 0 0 0 0 0 0 0 0 0 0 -0.1519 0.083144 0.28305 -0.042546 0.0061347 -0.024634 0 0
-0 -0 -0.034851 0 0 0 0 0 0 0 0 0 0 0.015954 -0.0087328 -0.029729 0.0041944 -0.0015514 0.0027066 0 0
-0 -0 -0.036731 0 0 0 0 0 0 0 0 0 0 0.016815 -0.0092039 -0.031333 0.0044187 -0.0016399 0.002853 0 0
0 0 0.21378 0 0 0 0 0 0 0 0 0 0 -0.097861 0.053566 0.18236 -0.027002 0.0057687 -0.016185 0 0
0 0 0.14483 0 0 0 0 0 0 0 0 0 0 -0.0663 0.036291 0.12354 -0.018092 0.0046215 -0.011066 0 0
-0 -0 -0.33338 0 0 0 0 0 0 0 0 0 0 0.15261 -0.083535 -0.28438 0.036661 -0.021429 0.025969 0 0
-0 -0 -0.28511 0 0 0 0 0 0 0 0 0 0 0.13051 -0.07144 -0.2432 0.031895 -0.017452 0.022243 0 0
0 0 0.22599 0 0 0 0 0 0 0 0 0 0 -0.10345 0.056626 0.19277 -0.028595 0.0059002 -0.017079 0 0
-0 -0 -0.2483 0 0 0 0 0 0 0 0 0 0 0.11367 -0.062218 -0.21181 0.028124 -0.01461 0.019384 0 0
0 0 0.024852 0 0 0 0 0 0 0 0 0 0 -0.011377 0.0062272 0.021199 -0.0030323 0.0010033 -0.001922 0 0
0 0 0.12759 0 0 0 0 0 0 0 0 0 0 -0.058407 0.03197 0.10884 -0.01589 0.0042277 -0.0097689 0 0
-0 -0 -0.014363 0 0 0 0 0 0 0 0 0 0 0.0065751 -0.003599 -0.012252 0.0017371 -0.00061905 0.001114 0 0
0 0 0.34182 0 0 0 0 0 0 0 0 0 0 -0.15648 0.085651 0.29158 -0.043875 0.0060727 -0.025329 0 0
-0 -0 -0.043329 0 0 0 0 0 0 0 0 0 0 0.019835 -0.010857 -0.036961 0.005204 -0.0019541 0.0033667 0 0
0 0 0.17787 0 0 0 0 0 0 0 0 0 0 -0.081422 0.044568 0.15172 -0.022342 0.0052567 -0.013534 0 0
-0 -0 -0.20295 0 0 0 0 0 0 0 0 0 0 0.092905 -0.050854 -0.17312 0.023322 -0.011339 0.015846 0 0
-0 -0 -0.07473 0 0 0 0 0 0 0 0 0 0 0.034209 -0.018725 -0.063747 0.0089049 -0.0035313 0.0058161 0 0
0 0 0.0066392 0 0 0 0 0 0 0 0 0 0 -0.0030392 0.0016636 0.0056634 -0.00080681 0.00027646 -0.00051418 0 0
-0 -0 -0.28003 0 0 0 0 0 0 0 0 0 0 0.12819 -0.070169 -0.23888 0.031382 -0.017051 0.021849 0 0
0 0 0.22479 0 0 0 0 0 0 0 0 0 0 -0.1029 0.056326 0.19175 -0.028439 0.0058883 -0.016991 0 0
-0 -0 -0.2396 0 0 0 0 0 0 0 0 0 0 0.10968 -0.060037 -0.20438 0.027215 -0.013962 0.018706 0 0
-0 -0 -0.19695 0 0 0 0 0 0 0 0 0 0 0.090157 -0.049349 -0.168 0.022674 -0.010925 0.015377 0 0
-0 -0 -0.0085348 0 0 0 0 0 0 0 0 0 0 0.003907 -0.0021386 -0.0072805 0.0010336 -0.0003644 0.00066171 0 0
0 0 0.19678 0 0 0 0 0 0 0 0 0 0 -0.090081 0.049308 0.16786 -0.024792 0.0055496 -0.014934 0 0
-0 -0 -0.30538 0 0 0 0 0 0 0 0 0 0 0.13979 -0.07652 -0.2605 0.033922 -0.019088 0.023811 0 0
-0 -0 -0.022313 0 0 0 0 0 0 0 0 0 0 0.010214 -0.005591 -0.019033 0.0026934 -0.00097395 0.0017315 0 0
0 0 0.098024 0 0 0 0 0 0 0 0 0 0 -0.044873 0.024562 0.083617 -0.012141 0.0034533 -0.0075297 0 0
0 0 0.13712 0 0 0 0 0 0 0 0 0 0 -0.06277 0.034358 0.11697 -0.017105 0.0044506 -0.010487 0 0
-0 -0 -0.038445 0 0 0 0 0 0 0 0 0 0 0.017599 -0.0096334 -0.032795 0.0046229 -0.001721 0.0029864 0 0
-0 -0 -0.017537 0 0 0 0 0 0 0 0 0 0 0.008028 -0.0043943 -0.01496 0.0021193 -0.00075969 0.0013605 0 0
0 0 0.045384 0 0 0 0 0 0 0 0 0 0 -0.020776 0.011372 0.038714 -0.005562 0.0017671 -0.0035039 0 0
0 0 0.041203 0 0 0 0 0 0 0 0 0 0 -0.018862 0.010324 0.035148 -0.0050452 0.0016163 -0.0031823 0 0
-0 -0 -0.11696 0 0 0 0 0 0 0 0 0 0 0.053542 -0.029308 -0.099772 0.013782 -0.0058628 0.0091182 0 0
0 0 0.23813 0 0 0 0 0 0 0 0 0 0 -0.10901 0.059669 0.20313 -0.030184 0.0060097 -0.017963 0 0
