-0 -0 -0.12682 0 0 0 0 0 0 0 0 0 0 0.054659 -0.036621 -0.10842 0 0 0 0 0
-0 -0 -0.066905 0 0 0 0 0 0 0 0 0 0 0.028836 -0.01932 -0.057197 0 0 0 0 0
0 0 0.22597 0 0 0 0 0 0 0 0 0 0 -0.097392 0.065253 0.19318 0 0 0 0 0
-0 -0 -0.34216 0 0 0 0 0 0 0 0 0 0 0.14747 -0.098805 -0.29251 0 0 0 0 0
0 0 0.32509 0 0 0 0 0 0 0 0 0 0 -0.14011 0.093875 0.27791 0 0 0 0 0
0 0 0.27064 0 0 0 0 0 0 0 0 0 0 -0.11665 0.078153 0.23137 0 0 0 0 0
0 0 0.29062 0 0 0 0 0 0 0 0 0 0 -0.12526 0.083922 0.24845 0 0 0 0 0
-0 -0 -0.080943 0 0 0 0 0 0 0 0 0 0 0.034887 -0.023374 -0.069198 0 0 0 0 0
0 0 0.31265 0 0 0 0 0 0 0 0 0 0 -0.13475 0.090284 0.26728 0 0 0 0 0
0 0 0.077101 0 0 0 0 0 0 0 0 0 0 -0.033231 0.022265 0.065914 0 0 0 0 0
-0 -0 -0.23605 0 0 0 0 0 0 0 0 0 0 0.10174 -0.068164 -0.2018 0 0 0 0 0
-0 -0 -0.13029 0 0 0 0 0 0 0 0 0 0 0.056156 -0.037624 -0.11139 0 0 0 0 0
-0 -0 -0.22683 0 0 0 0 0 0 0 0 0 0 0.097762 -0.065501 -0.19391 0 0 0 0 0
0 0 0.25125 0 0 0 0 0 0 0 0 0 0 -0.10829 0.072553 0.21479 0 0 0 0 0
0 0 0.078646 0 0 0 0 0 0 0 0 0 0 -0.033897 0.022711 0.067234 0 0 0 0 0
-0 -0 -0.10542 0 0 0 0 0 0 0 0 0 0 0.045437 -0.030442 -0.090124 0 0 0 0 0
-0 -0 -0.31863 0 0 0 0 0 0 0 0 0 0 0.13733 -0.092012 -0.2724 0 0 0 0 0
-0 -0 -0.11118 0 0 0 0 0 0 0 0 0 0 0.047921 -0.032107 -0.095051 0 0 0 0 0
0 0 0.14993 0 0 0 0 0 0 0 0 0 0 -0.06462 0.043295 0.12817 0 0 0 0 0
0 0 0.12977 0 0 0 0 0 0 0 0 0 0 -0.055933 0.037475 0.11094 0 0 0 0 0
-0 -0 -0.20586 0 0 0 0 0 0 0 0 0 0 0.088725 -0.059446 -0.17599 0 0 0 0 0
0 0 0.33017 0 0 0 0 0 0 0 0 0 0 -0.1423 0.095342 0.28226 0 0 0 0 0
0 0 0.23057 0 0 0 0 0 0 0 0 0 0 -0.099376 0.066582 0.19711 0 0 0 0 0
0 0 0.28293 0 0 0 0 0 0 0 0 0 0 -0.12194 0.081701 0.24187 0 0 0 0 0
0 0 0.26348 0 0 0 0 0 0 0 0 0 0 -0.11356 0.076084 0.22525 0 0 0 0 0
0 0 0.32063 0 0 0 0 0 0 0 0 0 0 -0.13819 0.092588 0.2741 0 0 0 0 0
0 0 0.1018 0 0 0 0 0 0 0 0 0 0 -0.043877 0.029397 0.08703 0 0 0 0 0
0 0 0.31031 0 0 0 0 0 0 0 0 0 0 -0.13374 0.089608 0.26528 0 0 0 0 0
-0 -0 -0.087855 0 0 0 0 0 0 0 0 0 0 0.037866 -0.02537 -0.075107 0 0 0 0 0
-0 -0 -0.0055244 0 0 0 0 0 0 0 0 0 0 0.002381 -0.0015953 -0.0047228 0 0 0 0 0
-0 -0 -0.21342 0 0 0 0 0 0 0 0 0 0 0.091986 -0.06163 -0.18245 0 0 0 0 0
-0 -0 -0.12044 0 0 0 0 0 0 0 0 0 0 0.051909 -0.034779 -0.10296 0 0 0 0 0
-0 -0 -0.23667 0 0 0 0 0 0 0 0 0 0 0.102 -0.068343 -0.20233 0 0 0 0 0
0 0 0.10619 0 0 0 0 0 0 0 0 0 0 -0.045768 0.030665 0.090782 0 0 0 0 0
0 0 0.21443 0 0 0 0 0 0 0 0 0 0 -0.092419 0.061921 0.18331 0 0 0 0 0
-0 -0 -0.25781 0 0 0 0 0 0 0 0 0 0 0.11112 -0.074449 -0.2204 0 0 0 0 0
0 0 0.09046 0 0 0 0 0 0 0 0 0 0 -0.038988 0.026122 0.077334 0 0 0 0 0
-0 -0 -0.17047 0 0 0 0 0 0 0 0 0 0 0.073474 -0.049227 -0.14574 0 0 0 0 0
-0 -0 -0.22306 0 0 0 0 0 0 0 0 0 0 0.09614 -0.064413 -0.19069 0 0 0 0 0
0 0 0.019418 0 0 0 0 0 0 0 0 0 0 -0.0083694 0.0056075 0.016601 0 0 0 0 0
0 0 0.23589 0 0 0 0 0 0 0 0 0 0 -0.10167 0.068119 0.20166 0 0 0 0 0
-0 -0 -0.23484 0 0 0 0 0 0 0 0 0 0 0.10122 -0.067815 -0.20077 0 0 0 0 0
0 0 0.005331 0 0 0 0 0 0 0 0 0 0 -0.0022977 0.0015394 0.0045574 0 0 0 0 0
0 0 0.047721 0 0 0 0 0 0 0 0 0 0 -0.020568 0.01378 0.040797 0 0 0 0 0
0 0 0.26505 0 0 0 0 0 0 0 0 0 0 -0.11424 0.076539 0.22659 0 0 0 0 0
0 0 0.080878 0 0 0 0 0 0 0 0 0 0 -0.034859 0.023355 0.069142 0 0 0 0 0
-0 -0 -0.12528 0 0 0 0 0 0 0 0 0 0 0.053994 -0.036176 -0.1071 0 0 0 0 0
-0 -0 -0.0013468 0 0 0 0 0 0 0 0 0 0 0.00058049 -0.00038893 -0.0011514 0 0 0 0 0
-0 -0 -0.052938 0 0 0 0 0 0 0 0 0 0 0.022816 -0.015287 -0.045256 0 0 0 0 0
0 0 0.16392 0 0 0 0 0 0 0 0 0 0 -0.070648 0.047334 0.14013 0 0 0 0 0
0 0 0.047783 0 0 0 0 0 0 0 0 0 0 -0.020595 0.013798 0.04085 0 0 0 0 0
-0 -0 -0.0044018 0 0 0 0 0 0 0 0 0 0 0.0018972 -0.0012711 -0.0037631 0 0 0 0 0
0 0 0.056401 0 0 0 0 0 0 0 0 0 0 -0.024309 0.016287 0.048217 0 0 0 0 0
-0 -0 -0.015138 0 0 0 0 0 0 0 0 0 0 0.0065246 -0.0043715 -0.012942 0 0 0 0 0
-0 -0 -0.3441 0 0 0 0 0 0 0 0 0 0 0.14831 -0.099366 -0.29417 0 0 0 0 0
-0 -0 -0.2168 0 0 0 0 0 0 0 0 0 0 0.093443 -0.062607 -0.18535 0 0 0 0 0
-0 -0 -0.087612 0 0 0 0 0 0 0 0 0 0 0.037761 -0.0253 -0.0749 0 0 0 0 0
0 0 0.16314 0 0 0 0 0 0 0 0 0 0 -0.070312 0.047109 0.13946 0 0 0 0 0
0 0 0.039474 0 0 0 0 0 0 0 0 0 0 -0.017014 0.011399 0.033746 0 0 0 0 0
0 0 0.12468 0 0 0 0 0 0 0 0 0 0 -0.053737 0.036004 0.10659 0 0 0 0 0
0 0 0.17427 0 0 0 0 0 0 0 0 0 0 -0.075112 0.050325 0.14899 0 0 0 0 0
0 0 0.26575 0 0 0 0 0 0 0 0 0 0 -0.11454 0.076742 0.22719 0 0 0 0 0
-0 -0 -0.090471 0 0 0 0 0 0 0 0 0 0 0.038993 -0.026125 -0.077344 0 0 0 0 0
0 0 0.057553 0 0 0 0 0 0 0 0 0 0 -0.024806 0.01662 0.049202 0 0 0 0 0
0 0 0.078339 0 0 0 0 0 0 0 0 0 0 -0.033764 0.022622 0.066971 0 0 0 0 0
-0 -0 -0.14008 0 0 0 0 0 0 0 0 0 0 0.060376 -0.040452 -0.11976 0 0 0 0 0
-0 -0 -0.30947 0 0 0 0 0 0 0 0 0 0 0.13338 -0.089365 -0.26456 0 0 0 0 0
0 0 0.15486 0 0 0 0 0 0 0 0 0 0 -0.066743 0.044718 0.13239 0 0 0 0 0
-0 -0 -0.1819 0 0 0 0 0 0 0 0 0 0 0.078399 -0.052527 -0.1555 0 0 0 0 0
0 0 0.31659 0 0 0 0 0 0 0 0 0 0 -0.13645 0.091421 0.27065 0 0 0 0 0
-0 -0 -0.27063 0 0 0 0 0 0 0 0 0 0 0.11664 -0.078151 -0.23136 0 0 0 0 0
-0 -0 -0.17453 0 0 0 0 0 0 0 0 0 0 0.075221 -0.050398 -0.1492 0 0 0 0 0
0 0 0.20856 0 0 0 0 0 0 0 0 0 0 -0.089889 0.060226 0.1783 0 0 0 0 0
0 0 0.12973 0 0 0 0 0 0 0 0 0 0 -0.055912 0.037461 0.1109 0 0 0 0 0
-0 -0 -0.031833 0 0 0 0 0 0 0 0 0 0 0.01372 -0.0091923 -0.027214 0 0 0 0 0
0 0 0.054175 0 0 0 0 0 0 0 0 0 0 -0.023349 0.015644 0.046314 0 0 0 0 0
0 0 0.053647 0 0 0 0 0 0 0 0 0 0 -0.023122 0.015492 0.045863 0 0 0 0 0
0 0 0.12836 0 0 0 0 0 0 0 0 0 0 -0.055322 0.037066 0.10973 0 0 0 0 0
0 0 0.14792 0 0 0 0 0 0 0 0 0 0 -0.063754 0.042715 0.12646 0 0 0 0 0
0 0 0.12791 0 0 0 0 0 0 0 0 0 0 -0.055131 0.036938 0.10935 0 0 0 0 0
0 0 0.29931 0 0 0 0 0 0 0 0 0 0 -0.129 0.086433 0.25588 0 0 0 0 0
0 0 0.087435 0 0 0 0 0 0 0 0 0 0 -0.037685 0.025249 0.074748 0 0 0 0 0
-0 -0 -0.27421 0 0 0 0 0 0 0 0 0 0 0.11819 -0.079185 -0.23442 0 0 0 0 0
-0 -0 -0.10557 0 0 0 0 0 0 0 0 0 0 0.0455 -0.030485 -0.09025 0 0 0 0 0
0 0 0.32251 0 0 0 0 0 0 0 0 0 0 -0.139 0.093131 0.27571 0 0 0 0 0
-0 -0 -0.066863 0 0 0 0 0 0 0 0 0 0 0.028818 -0.019308 -0.057161 0 0 0 0 0
0 0 0.058411 0 0 0 0 0 0 0 0 0 0 -0.025175 0.016867 0.049935 0 0 0 0 0
-0 -0 -0.05733 0 0 0 0 0 0 0 0 0 0 0.024709 -0.016555 -0.049011 0 0 0 0 0
-0 -0 -0.29129 0 0 0 0 0 0 0 0 0 0 0.12555 -0.084116 -0.24902 0 0 0 0 0
0 0 0.16628 0 0 0 0 0 0 0 0 0 0 -0.071665 0.048015 0.14215 0 0 0 0 0
0 0 0.037174 0 0 0 0 0 0 0 0 0 0 -0.016022 0.010735 0.03178 0 0 0 0 0
0 0 0.039811 0 0 0 0 0 0 0 0 0 0 -0.017159 0.011496 0.034035 0 0 0 0 0
-0 -0 -0.25136 0 0 0 0 0 0 0 0 0 0 0.10834 -0.072585 -0.21489 0 0 0 0 0
0 0 0.0099951 0 0 0 0 0 0 0 0 0 0 -0.0043079 0.0028863 0.0085448 0 0 0 0 0
0 0 0.15027 0 0 0 0 0 0 0 0 0 0 -0.064766 0.043393 0.12846 0 0 0 0 0
0 0 0.25942 0 0 0 0 0 0 0 0 0 0 -0.11181 0.074911 0.22177 0 0 0 0 0
-0 -0 -0.17393 0 0 0 0 0 0 0 0 0 0 0.074966 -0.050227 -0.1487 0 0 0 0 0
-0 -0 -0.27538 0 0 0 0 0 0 0 0 0 0 0.11869 -0.079523 -0.23542 0 0 0 0 0
-0 -0 -0.052003 0 0 0 0 0 0 0 0 0 0 0.022413 -0.015017 -0.044457 0 0 0 0 0
-0 -0 -0.17413 0 0 0 0 0 0 0 0 0 0 0.075049 -0.050282 -0.14886 0 0 0 0 0
