0 0 0.11455 0 0 0 0 0 0 0 0 0 0 -0.05698 0.018993 0.097543 -0.0050246 0.010654 -0.0050097 0 0
-0 -0 -0.30999 0 0 0 0 0 0 0 0 0 0 0.15419 -0.051398 -0.26396 0.0076198 -0.031932 0.010669 0 0
0 0 0.31171 0 0 0 0 0 0 0 0 0 0 -0.15505 0.051683 0.26542 -0.016201 0.026942 -0.01471 0 0
0 0 0.065739 0 0 0 0 0 0 0 0 0 0 -0.0327 0.0109 0.055978 -0.002745 0.0062093 -0.0028126 0 0
0 0 0.098711 0 0 0 0 0 0 0 0 0 0 -0.0491 0.016367 0.084054 -0.0042626 0.0092278 -0.0042868 0 0
-0 -0 -0.015206 0 0 0 0 0 0 0 0 0 0 0.0075637 -0.0025212 -0.012948 0.00058067 -0.0014703 0.00062549 0 0
0 0 0.21627 0 0 0 0 0 0 0 0 0 0 -0.10757 0.035858 0.18415 -0.01041 0.019411 -0.0098604 0 0
-0 -0 -0.017647 0 0 0 0 0 0 0 0 0 0 0.0087781 -0.002926 -0.015027 0.00067197 -0.0017075 0.00072502 0 0
-0 -0 -0.12349 0 0 0 0 0 0 0 0 0 0 0.061429 -0.020476 -0.10516 0.0041105 -0.01227 0.0047904 0 0
-0 -0 -0.34456 0 0 0 0 0 0 0 0 0 0 0.17139 -0.05713 -0.2934 0.0079045 -0.035682 0.011565 0 0
-0 -0 -0.18976 0 0 0 0 0 0 0 0 0 0 0.094388 -0.031463 -0.16158 0.0057354 -0.019126 0.0070745 0 0
0 0 0.33069 0 0 0 0 0 0 0 0 0 0 -0.16449 0.054831 0.28159 -0.017434 0.028354 -0.015705 0 0
0 0 0.17561 0 0 0 0 0 0 0 0 0 0 -0.087351 0.029117 0.14953 -0.0081565 0.015996 -0.0078794 0 0
0 0 0.21477 0 0 0 0 0 0 0 0 0 0 -0.10683 0.035611 0.18288 -0.010325 0.019287 -0.0097867 0 0
-0 -0 -0.055309 0 0 0 0 0 0 0 0 0 0 0.027512 -0.0091706 -0.047097 0.0020126 -0.0054051 0.0022281 0 0
0 0 0.16421 0 0 0 0 0 0 0 0 0 0 -0.081681 0.027227 0.13983 -0.0075487 0.015018 -0.0073339 0 0
-0 -0 -0.25867 0 0 0 0 0 0 0 0 0 0 0.12867 -0.042888 -0.22026 0.0069847 -0.026417 0.0092239 0 0
-0 -0 -0.050645 0 0 0 0 0 0 0 0 0 0 0.025192 -0.0083972 -0.043125 0.0018535 -0.0049433 0.0020453 0 0
0 0 0.069994 0 0 0 0 0 0 0 0 0 0 -0.034816 0.011605 0.059601 -0.0029356 0.0066026 -0.0030005 0 0
0 0 0.095058 0 0 0 0 0 0 0 0 0 0 -0.047284 0.015761 0.080944 -0.00409 0.0088967 -0.0041215 0 0
-0 -0 -0.014506 0 0 0 0 0 0 0 0 0 0 0.0072158 -0.0024053 -0.012353 0.00055441 -0.0014024 0.00059693 0 0
0 0 0.027842 0 0 0 0 0 0 0 0 0 0 -0.013849 0.0046164 0.023708 -0.0011164 0.0026597 -0.00117 0 0
0 0 0.29668 0 0 0 0 0 0 0 0 0 0 -0.14757 0.049191 0.25263 -0.015244 0.025803 -0.013929 0 0
-0 -0 -0.19868 0 0 0 0 0 0 0 0 0 0 0.098825 -0.032942 -0.16918 0.0059226 -0.020061 0.007366 0 0
0 0 0.29192 0 0 0 0 0 0 0 0 0 0 -0.1452 0.048402 0.24857 -0.014944 0.025438 -0.013683 0 0
0 0 0.051651 0 0 0 0 0 0 0 0 0 0 -0.025692 0.0085641 0.043982 -0.002125 0.0048995 -0.0021953 0 0
0 0 0.11224 0 0 0 0 0 0 0 0 0 0 -0.055833 0.018611 0.095579 -0.0049123 0.010447 -0.0049038 0 0
-0 -0 -0.13921 0 0 0 0 0 0 0 0 0 0 0.069246 -0.023082 -0.11854 0.0045331 -0.013881 0.0053509 0 0
-0 -0 -0.10485 0 0 0 0 0 0 0 0 0 0 0.052154 -0.017385 -0.089282 0.0035794 -0.010372 0.0041106 0 0
-0 -0 -0.25219 0 0 0 0 0 0 0 0 0 0 0.12544 -0.041814 -0.21474 0.0068865 -0.025725 0.0090319 0 0
-0 -0 -0.23316 0 0 0 0 0 0 0 0 0 0 0.11598 -0.03866 -0.19854 0.0065751 -0.023701 0.008456 0 0
-0 -0 -0.12457 0 0 0 0 0 0 0 0 0 0 0.061961 -0.020654 -0.10607 0.0041401 -0.012379 0.0048289 0 0
0 0 0.26045 0 0 0 0 0 0 0 0 0 0 -0.12955 0.043184 0.22178 -0.013005 0.022984 -0.012072 0 0
-0 -0 -0.10973 0 0 0 0 0 0 0 0 0 0 0.054584 -0.018195 -0.093441 0.0037217 -0.010868 0.0042902 0 0
0 0 0.16521 0 0 0 0 0 0 0 0 0 0 -0.082178 0.027393 0.14068 -0.0076015 0.015104 -0.0073814 0 0
-0 -0 -0.014859 0 0 0 0 0 0 0 0 0 0 0.0073913 -0.0024638 -0.012653 0.00056766 -0.0014367 0.00061135 0 0
0 0 0.016194 0 0 0 0 0 0 0 0 0 0 -0.0080551 0.002685 0.013789 -0.00064098 0.0015522 -0.00067666 0 0
0 0 0.091427 0 0 0 0 0 0 0 0 0 0 -0.045477 0.015159 0.077852 -0.0039194 0.0085667 -0.0039576 0 0
-0 -0 -0.18337 0 0 0 0 0 0 0 0 0 0 0.091213 -0.030404 -0.15615 0.0055969 -0.018458 0.0068636 0 0
0 0 0.28991 0 0 0 0 0 0 0 0 0 0 -0.1442 0.048068 0.24686 -0.014818 0.025284 -0.013579 0 0
-0 -0 -0.068412 0 0 0 0 0 0 0 0 0 0 0.034029 -0.011343 -0.058254 0.0024488 -0.0067077 0.0027366 0 0
0 0 0.1065 0 0 0 0 0 0 0 0 0 0 -0.052973 0.017658 0.090684 -0.0046345 0.0099306 -0.0046409 0 0
-0 -0 -0.093247 0 0 0 0 0 0 0 0 0 0 0.046383 -0.015461 -0.079402 0.0032326 -0.0091989 0.0036796 0 0
0 0 0.010431 0 0 0 0 0 0 0 0 0 0 -0.0051887 0.0017296 0.0088824 -0.00041022 0.0010015 -0.00043464 0 0
-0 -0 -0.1531 0 0 0 0 0 0 0 0 0 0 0.076155 -0.025385 -0.13037 0.0048874 -0.015312 0.0058366 0 0
-0 -0 -0.26057 0 0 0 0 0 0 0 0 0 0 0.12961 -0.043205 -0.22188 0.0070129 -0.02662 0.0092801 0 0
-0 -0 -0.29347 0 0 0 0 0 0 0 0 0 0 0.14597 -0.048658 -0.24989 0.007443 -0.03015 0.010219 0 0
-0 -0 -0.21612 0 0 0 0 0 0 0 0 0 0 0.1075 -0.035834 -0.18403 0.0062668 -0.021898 0.0079246 0 0
0 0 0.18116 0 0 0 0 0 0 0 0 0 0 -0.090112 0.030037 0.15426 -0.0084563 0.016469 -0.0081467 0 0
-0 -0 -0.20464 0 0 0 0 0 0 0 0 0 0 0.10179 -0.03393 -0.17425 0.0060434 -0.020688 0.0075585 0 0
0 0 0.081616 0 0 0 0 0 0 0 0 0 0 -0.040597 0.013532 0.069498 -0.0034642 0.0076712 -0.0035174 0 0
0 0 0.0020026 0 0 0 0 0 0 0 0 0 0 -0.00099614 0.00033205 0.0017053 -7.8008e-05 0.00019272 -8.3094e-05 0 0
-0 -0 -0.0088424 0 0 0 0 0 0 0 0 0 0 0.0043984 -0.0014661 -0.0075295 0.00034017 -0.00085351 0.00036491 0 0
-0 -0 -0.30294 0 0 0 0 0 0 0 0 0 0 0.15069 -0.050229 -0.25796 0.0075476 -0.031171 0.010479 0 0
-0 -0 -0.30131 0 0 0 0 0 0 0 0 0 0 0.14988 -0.04996 -0.25657 0.0075303 -0.030996 0.010434 0 0
-0 -0 -0.27322 0 0 0 0 0 0 0 0 0 0 0.13591 -0.045302 -0.23266 0.0071906 -0.027975 0.0096476 0 0
-0 -0 -0.10354 0 0 0 0 0 0 0 0 0 0 0.051502 -0.017167 -0.088165 0.0035408 -0.010239 0.0040622 0 0
0 0 0.34726 0 0 0 0 0 0 0 0 0 0 -0.17274 0.057579 0.2957 -0.018531 0.029563 -0.016581 0 0
-0 -0 -0.09739 0 0 0 0 0 0 0 0 0 0 0.048443 -0.016148 -0.082929 0.0033579 -0.0096171 0.0038341 0 0
-0 -0 -0.045141 0 0 0 0 0 0 0 0 0 0 0.022454 -0.0074846 -0.038438 0.0016632 -0.0043997 0.0018283 0 0
-0 -0 -0.11986 0 0 0 0 0 0 0 0 0 0 0.05962 -0.019873 -0.10206 0.0040095 -0.011899 0.0046591 0 0
-0 -0 -0.14328 0 0 0 0 0 0 0 0 0 0 0.071269 -0.023756 -0.122 0.0046388 -0.014299 0.0054941 0 0
-0 -0 -0.29119 0 0 0 0 0 0 0 0 0 0 0.14485 -0.048282 -0.24796 0.0074167 -0.029905 0.010156 0 0
0 0 0.10303 0 0 0 0 0 0 0 0 0 0 -0.051248 0.017083 0.08773 -0.0044682 0.009618 -0.0044829 0 0
0 0 0.065212 0 0 0 0 0 0 0 0 0 0 -0.032438 0.010813 0.055529 -0.0027215 0.0061605 -0.0027893 0 0
-0 -0 -0.20532 0 0 0 0 0 0 0 0 0 0 0.10213 -0.034044 -0.17484 0.0060571 -0.02076 0.0075806 0 0
-0 -0 -0.25768 0 0 0 0 0 0 0 0 0 0 0.12818 -0.042725 -0.21942 0.0069701 -0.026312 0.0091949 0 0
0 0 0.03994 0 0 0 0 0 0 0 0 0 0 -0.019867 0.0066222 0.034009 -0.0016227 0.0038018 -0.0016882 0 0
-0 -0 -0.13474 0 0 0 0 0 0 0 0 0 0 0.067023 -0.022341 -0.11473 0.0044153 -0.013422 0.0051926 0 0
-0 -0 -0.073754 0 0 0 0 0 0 0 0 0 0 0.036687 -0.012229 -0.062803 0.0026222 -0.0072412 0.0029418 0 0
-0 -0 -0.15794 0 0 0 0 0 0 0 0 0 0 0.078562 -0.026187 -0.13449 0.0050066 -0.015813 0.0060037 0 0
0 0 0.043367 0 0 0 0 0 0 0 0 0 0 -0.021572 0.0071905 0.036928 -0.0017684 0.0041239 -0.001836 0 0
-0 -0 -0.30352 0 0 0 0 0 0 0 0 0 0 0.15098 -0.050325 -0.25845 0.0075537 -0.031234 0.010494 0 0
0 0 0.25073 0 0 0 0 0 0 0 0 0 0 -0.12472 0.041573 0.2135 -0.012421 0.022211 -0.011581 0 0
0 0 0.1964 0 0 0 0 0 0 0 0 0 0 -0.097692 0.032564 0.16724 -0.0092922 0.017757 -0.0088856 0 0
-0 -0 -0.15678 0 0 0 0 0 0 0 0 0 0 0.077987 -0.025996 -0.1335 0.0049784 -0.015694 0.0059639 0 0
0 0 0.064611 0 0 0 0 0 0 0 0 0 0 -0.032139 0.010713 0.055018 -0.0026947 0.0061049 -0.0027629 0 0
0 0 0.14173 0 0 0 0 0 0 0 0 0 0 -0.070498 0.023499 0.12068 -0.0063807 0.013063 -0.0062708 0 0
-0 -0 -0.016268 0 0 0 0 0 0 0 0 0 0 0.0080922 -0.0026974 -0.013853 0.00062047 -0.0015735 0.00066883 0 0
0 0 0.29762 0 0 0 0 0 0 0 0 0 0 -0.14804 0.049347 0.25343 -0.015303 0.025875 -0.013978 0 0
0 0 0.31592 0 0 0 0 0 0 0 0 0 0 -0.15714 0.052381 0.26901 -0.016472 0.027258 -0.01493 0 0
0 0 0.12803 0 0 0 0 0 0 0 0 0 0 -0.063685 0.021228 0.10902 -0.0056895 0.011855 -0.0056319 0 0
0 0 0.28289 0 0 0 0 0 0 0 0 0 0 -0.14071 0.046905 0.24089 -0.01438 0.024742 -0.013218 0 0
-0 -0 -0.099076 0 0 0 0 0 0 0 0 0 0 0.049282 -0.016427 -0.084365 0.0034084 -0.0097876 0.0038969 0 0
0 0 0.26987 0 0 0 0 0 0 0 0 0 0 -0.13424 0.044746 0.2298 -0.013578 0.023727 -0.012552 0 0
0 0 0.17656 0 0 0 0 0 0 0 0 0 0 -0.087826 0.029275 0.15035 -0.0082079 0.016078 -0.0079253 0 0
0 0 0.13318 0 0 0 0 0 0 0 0 0 0 -0.066244 0.022081 0.1134 -0.0059473 0.01231 -0.0058711 0 0
-0 -0 -0.33864 0 0 0 0 0 0 0 0 0 0 0.16845 -0.056149 -0.28836 0.007864 -0.035038 0.011416 0 0
-0 -0 -0.068017 0 0 0 0 0 0 0 0 0 0 0.033833 -0.011278 -0.057918 0.0024359 -0.0066683 0.0027214 0 0
-0 -0 -0.2786 0 0 0 0 0 0 0 0 0 0 0.13858 -0.046194 -0.23724 0.0072615 -0.028551 0.0098013 0 0
0 0 0.21238 0 0 0 0 0 0 0 0 0 0 -0.10564 0.035214 0.18084 -0.010188 0.019089 -0.0096687 0 0
0 0 0.28471 0 0 0 0 0 0 0 0 0 0 -0.14162 0.047206 0.24243 -0.014493 0.024883 -0.013311 0 0
0 0 0.25227 0 0 0 0 0 0 0 0 0 0 -0.12549 0.041828 0.21482 -0.012513 0.022334 -0.011659 0 0
-0 -0 -0.23494 0 0 0 0 0 0 0 0 0 0 0.11686 -0.038954 -0.20006 0.0066057 -0.02389 0.0085105 0 0
0 0 0.22726 0 0 0 0 0 0 0 0 0 0 -0.11304 0.037681 0.19352 -0.011041 0.020314 -0.010405 0 0
0 0 0.11702 0 0 0 0 0 0 0 0 0 0 -0.058208 0.019403 0.099645 -0.0051452 0.010875 -0.0051231 0 0
-0 -0 -0.050698 0 0 0 0 0 0 0 0 0 0 0.025218 -0.008406 -0.04317 0.0018553 -0.0049485 0.0020473 0 0
-0 -0 -0.23473 0 0 0 0 0 0 0 0 0 0 0.11676 -0.038919 -0.19987 0.006602 -0.023867 0.008504 0 0
-0 -0 -0.084207 0 0 0 0 0 0 0 0 0 0 0.041886 -0.013962 -0.071703 0.0029539 -0.0082888 0.0033395 0 0
0 0 0.3371 0 0 0 0 0 0 0 0 0 0 -0.16768 0.055893 0.28705 -0.017856 0.028824 -0.016043 0 0
