0 0 0 0.021063 0 0 0 0 0 0 0 0.018248 0.00093823 0.010477 0 0
-0 -0 -0 0.16483 0 0 0 0 0 0 0 0.1428 0.0073423 0.08199 0 0
0 0 0 0.18323 0 0 0 0 0 0 0 0.15874 0.0081617 0.09114 0 0
-0 -0 -0 0.061527 0 0 0 0 0 0 0 0.053305 0.0027407 0.030605 0 0
0 0 0 0.12167 0 0 0 0 0 0 0 0.10541 0.0054196 0.06052 0 0
0 0 0 0.062082 0 0 0 0 0 0 0 0.053786 0.0027654 0.030881 0 0
-0 -0 -0 0.051139 0 0 0 0 0 0 0 0.044305 0.002278 0.025438 0 0
-0 -0 -0 0.13756 0 0 0 0 0 0 0 0.11918 0.0061277 0.068426 0 0
0 0 0 0.17226 0 0 0 0 0 0 0 0.14924 0.007673 0.085683 0 0
-0 -0 -0 0.025539 0 0 0 0 0 0 0 0.022126 0.0011376 0.012704 0 0
-0 -0 -0 0.014834 0 0 0 0 0 0 0 0.012852 0.00066078 0.0073788 0 0
0 0 0 0.0381 0 0 0 0 0 0 0 0.033008 0.0016971 0.018951 0 0
0 0 0 0.039463 0 0 0 0 0 0 0 0.034189 0.0017578 0.019629 0 0
0 0 0 0.04267 0 0 0 0 0 0 0 0.036968 0.0019007 0.021225 0 0
0 0 0 0.085616 0 0 0 0 0 0 0 0.074175 0.0038137 0.042587 0 0
-0 -0 -0 0.086963 0 0 0 0 0 0 0 0.075342 0.0038737 0.043257 0 0
-0 -0 -0 0.17942 0 0 0 0 0 0 0 0.15544 0.0079922 0.089247 0 0
0 0 0 0.052263 0 0 0 0 0 0 0 0.045279 0.002328 0.025997 0 0
0 0 0 0.11808 0 0 0 0 0 0 0 0.1023 0.0052599 0.058736 0 0
0 0 0 0.043067 0 0 0 0 0 0 0 0.037312 0.0019184 0.021422 0 0
0 0 0 0.0028707 0 0 0 0 0 0 0 0.0024871 0.00012787 0.0014279 0 0
0 0 0 0.1913 0 0 0 0 0 0 0 0.16574 0.0085213 0.095156 0 0
0 0 0 0.13219 0 0 0 0 0 0 0 0.11453 0.0058883 0.065754 0 0
0 0 0 0.050193 0 0 0 0 0 0 0 0.043486 0.0022358 0.024967 0 0
0 0 0 0.011303 0 0 0 0 0 0 0 0.0097929 0.0005035 0.0056225 0 0
0 0 0 0.0826 0 0 0 0 0 0 0 0.071562 0.0036794 0.041087 0 0
0 0 0 0.08358 0 0 0 0 0 0 0 0.072411 0.003723 0.041574 0 0
-0 -0 -0 0.026474 0 0 0 0 0 0 0 0.022936 0.0011793 0.013169 0 0
0 0 0 0.054322 0 0 0 0 0 0 0 0.047063 0.0024198 0.027021 0 0
-0 -0 -0 0.1909 0 0 0 0 0 0 0 0.16539 0.0085033 0.094955 0 0
0 0 0 0.133 0 0 0 0 0 0 0 0.11523 0.0059245 0.066158 0 0
-0 -0 -0 0.10362 0 0 0 0 0 0 0 0.08977 0.0046155 0.051541 0 0
-0 -0 -0 0.097919 0 0 0 0 0 0 0 0.084834 0.0043617 0.048707 0 0
-0 -0 -0 0.16556 0 0 0 0 0 0 0 0.14344 0.0073749 0.082354 0 0
0 0 0 0.030831 0 0 0 0 0 0 0 0.026711 0.0013733 0.015336 0 0
0 0 0 0.15671 0 0 0 0 0 0 0 0.13576 0.0069803 0.077948 0 0
0 0 0 0.19997 0 0 0 0 0 0 0 0.17325 0.0089074 0.099467 0 0
-0 -0 -0 0.18761 0 0 0 0 0 0 0 0.16254 0.0083572 0.093323 0 0
-0 -0 -0 0.14997 0 0 0 0 0 0 0 0.12993 0.0066801 0.074596 0 0
0 0 0 0.19775 0 0 0 0 0 0 0 0.17132 0.0088085 0.098363 0 0
-0 -0 -0 0.19258 0 0 0 0 0 0 0 0.16685 0.0085785 0.095794 0 0
0 0 0 0.17709 0 0 0 0 0 0 0 0.15342 0.0078882 0.088086 0 0
-0 -0 -0 0.080902 0 0 0 0 0 0 0 0.070091 0.0036037 0.040242 0 0
-0 -0 -0 0.043611 0 0 0 0 0 0 0 0.037783 0.0019426 0.021693 0 0
0 0 0 0.037721 0 0 0 0 0 0 0 0.03268 0.0016802 0.018763 0 0
0 0 0 0.15903 0 0 0 0 0 0 0 0.13778 0.0070838 0.079103 0 0
-0 -0 -0 0.11181 0 0 0 0 0 0 0 0.096871 0.0049806 0.055618 0 0
-0 -0 -0 0.094479 0 0 0 0 0 0 0 0.081854 0.0042085 0.046996 0 0
0 0 0 0.18951 0 0 0 0 0 0 0 0.16419 0.0084416 0.094266 0 0
-0 -0 -0 0.14194 0 0 0 0 0 0 0 0.12297 0.0063225 0.070602 0 0
-0 -0 -0 0.082407 0 0 0 0 0 0 0 0.071395 0.0036708 0.040991 0 0
0 0 0 0.056134 0 0 0 0 0 0 0 0.048633 0.0025005 0.027922 0 0
0 0 0 0.19605 0 0 0 0 0 0 0 0.16985 0.0087329 0.097518 0 0
-0 -0 -0 0.059883 0 0 0 0 0 0 0 0.051881 0.0026675 0.029787 0 0
-0 -0 -0 0.14923 0 0 0 0 0 0 0 0.12929 0.0066475 0.074231 0 0
0 0 0 0.072255 0 0 0 0 0 0 0 0.0626 0.0032186 0.035941 0 0
0 0 0 0.11746 0 0 0 0 0 0 0 0.10176 0.0052322 0.058427 0 0
-0 -0 -0 0.12936 0 0 0 0 0 0 0 0.11207 0.0057621 0.064344 0 0
0 0 0 0.12093 0 0 0 0 0 0 0 0.10477 0.0053868 0.060153 0 0
-0 -0 -0 0.032434 0 0 0 0 0 0 0 0.0281 0.0014447 0.016133 0 0
0 0 0 0.074999 0 0 0 0 0 0 0 0.064977 0.0033408 0.037306 0 0
0 0 0 0.19672 0 0 0 0 0 0 0 0.17043 0.0087629 0.097854 0 0
-0 -0 -0 0.15608 0 0 0 0 0 0 0 0.13522 0.0069526 0.077638 0 0
0 0 0 0.15184 0 0 0 0 0 0 0 0.13155 0.0067637 0.075529 0 0
0 0 0 0.024789 0 0 0 0 0 0 0 0.021477 0.0011042 0.012331 0 0
0 0 0 0.064714 0 0 0 0 0 0 0 0.056066 0.0028827 0.03219 0 0
0 0 0 0.026361 0 0 0 0 0 0 0 0.022838 0.0011742 0.013112 0 0
-0 -0 -0 0.098696 0 0 0 0 0 0 0 0.085507 0.0043963 0.049093 0 0
-0 -0 -0 0.030572 0 0 0 0 0 0 0 0.026486 0.0013618 0.015207 0 0
0 0 0 0.050415 0 0 0 0 0 0 0 0.043678 0.0022457 0.025077 0 0
0 0 0 0.044112 0 0 0 0 0 0 0 0.038217 0.0019649 0.021942 0 0
-0 -0 -0 0.19423 0 0 0 0 0 0 0 0.16828 0.008652 0.096615 0 0
-0 -0 -0 0.12598 0 0 0 0 0 0 0 0.10915 0.0056119 0.062667 0 0
-0 -0 -0 0.11831 0 0 0 0 0 0 0 0.1025 0.0052701 0.058851 0 0
-0 -0 -0 0.019129 0 0 0 0 0 0 0 0.016573 0.00085209 0.0095151 0 0
0 0 0 0.11613 0 0 0 0 0 0 0 0.10061 0.0051729 0.057765 0 0
0 0 0 0.048142 0 0 0 0 0 0 0 0.041709 0.0021445 0.023947 0 0
-0 -0 -0 0.1509 0 0 0 0 0 0 0 0.13073 0.0067217 0.07506 0 0
-0 -0 -0 0.13271 0 0 0 0 0 0 0 0.11498 0.0059116 0.066013 0 0
0 0 0 0.12727 0 0 0 0 0 0 0 0.11026 0.0056691 0.063306 0 0
0 0 0 0.16172 0 0 0 0 0 0 0 0.14011 0.0072038 0.080443 0 0
0 0 0 0.0019347 0 0 0 0 0 0 0 0.0016762 8.6181e-05 0.00096236 0 0
0 0 0 0.16045 0 0 0 0 0 0 0 0.13901 0.007147 0.079809 0 0
-0 -0 -0 0.035725 0 0 0 0 0 0 0 0.030951 0.0015913 0.01777 0 0
-0 -0 -0 0.08186 0 0 0 0 0 0 0 0.070921 0.0036464 0.040719 0 0
0 0 0 0.14954 0 0 0 0 0 0 0 0.12955 0.006661 0.074382 0 0
0 0 0 0.14168 0 0 0 0 0 0 0 0.12275 0.0063111 0.070475 0 0
-0 -0 -0 0.038424 0 0 0 0 0 0 0 0.033289 0.0017116 0.019113 0 0
0 0 0 0.11 0 0 0 0 0 0 0 0.095304 0.0049001 0.054718 0 0
0 0 0 0.12519 0 0 0 0 0 0 0 0.10846 0.0055765 0.062271 0 0
-0 -0 -0 0.15116 0 0 0 0 0 0 0 0.13096 0.0067335 0.075191 0 0
-0 -0 -0 0.030464 0 0 0 0 0 0 0 0.026393 0.001357 0.015153 0 0
-0 -0 -0 0.18361 0 0 0 0 0 0 0 0.15907 0.0081789 0.091332 0 0
-0 -0 -0 0.17489 0 0 0 0 0 0 0 0.15152 0.0077903 0.086993 0 0
-0 -0 -0 0.0094393 0 0 0 0 0 0 0 0.0081779 0.00042047 0.0046953 0 0
0 0 0 0.012806 0 0 0 0 0 0 0 0.011095 0.00057044 0.00637 0 0
-0 -0 -0 0.1269 0 0 0 0 0 0 0 0.10994 0.0056528 0.063124 0 0
-0 -0 -0 0.18315 0 0 0 0 0 0 0 0.15867 0.0081581 0.0911 0 0
0 0 0 0.069805 0 0 0 0 0 0 0 0.060476 0.0031094 0.034722 0 0
-0 -0 -0 0.10311 0 0 0 0 0 0 0 0.089335 0.0045932 0.051291 0 0
