0 0 0.24361 0 0 0 0 0 0 0 0 0 0 0.014543 0.081625 0.22907 -0.011835 0.0027409 -0.0002253 0 0
-0 -0 -0.0015999 0 0 0 0 0 0 0 0 0 0 -9.5508e-05 -0.00053606 -0.0015044 7.5198e-05 -2.686e-05 4.7969e-06 0 0
-0 -0 -0.072059 0 0 0 0 0 0 0 0 0 0 -0.0043016 -0.024144 -0.067757 0.0033414 -0.0013204 0.00025837 0 0
-0 -0 -0.063374 0 0 0 0 0 0 0 0 0 0 -0.0037832 -0.021234 -0.059591 0.0029439 -0.0011494 0.00022266 0 0
0 0 0.34685 0 0 0 0 0 0 0 0 0 0 0.020705 0.11621 0.32614 -0.01698 0.0030729 -1.6987e-05 0 0
0 0 0.18233 0 0 0 0 0 0 0 0 0 0 0.010884 0.061092 0.17145 -0.0088026 0.0023078 -0.00026351 0 0
-0 -0 -0.22052 0 0 0 0 0 0 0 0 0 0 -0.013164 -0.073888 -0.20736 0.0098784 -0.0047308 0.0010586 0 0
0 0 0.029218 0 0 0 0 0 0 0 0 0 0 0.0017442 0.0097897 0.027474 -0.0013806 0.00047062 -8.0047e-05 0 0
-0 -0 -0.010315 0 0 0 0 0 0 0 0 0 0 -0.00061579 -0.0034563 -0.0096996 0.00048408 -0.00017515 3.168e-05 0 0
-0 -0 -0.3391 0 0 0 0 0 0 0 0 0 0 -0.020243 -0.11362 -0.31885 0.014685 -0.0080799 0.0019468 0 0
-0 -0 -0.039759 0 0 0 0 0 0 0 0 0 0 -0.0023735 -0.013322 -0.037385 0.0018555 -0.0007007 0.00013188 0 0
0 0 0.16113 0 0 0 0 0 0 0 0 0 0 0.0096187 0.053987 0.15151 -0.0077597 0.0021174 -0.00026186 0 0
-0 -0 -0.026314 0 0 0 0 0 0 0 0 0 0 -0.0015708 -0.0088166 -0.024743 0.0012312 -0.00045602 8.4332e-05 0 0
-0 -0 -0.10708 0 0 0 0 0 0 0 0 0 0 -0.0063922 -0.035878 -0.10069 0.0049287 -0.0020426 0.00041495 0 0
-0 -0 -0.11797 0 0 0 0 0 0 0 0 0 0 -0.0070423 -0.039527 -0.11093 0.005417 -0.0022778 0.00046774 0 0
0 0 0.040492 0 0 0 0 0 0 0 0 0 0 0.0024172 0.013567 0.038075 -0.001917 0.00064209 -0.0001071 0 0
-0 -0 -0.17406 0 0 0 0 0 0 0 0 0 0 -0.010391 -0.058322 -0.16367 0.0078893 -0.0035667 0.00077008 0 0
-0 -0 -0.24921 0 0 0 0 0 0 0 0 0 0 -0.014877 -0.0835 -0.23433 0.011078 -0.0054921 0.0012537 0 0
-0 -0 -0.073265 0 0 0 0 0 0 0 0 0 0 -0.0043736 -0.024548 -0.068891 0.0033965 -0.0013444 0.00026343 0 0
-0 -0 -0.21139 0 0 0 0 0 0 0 0 0 0 -0.012619 -0.070828 -0.19877 0.0094917 -0.0044952 0.00099918 0 0
0 0 0.02287 0 0 0 0 0 0 0 0 0 0 0.0013653 0.0076628 0.021505 -0.0010795 0.00037159 -6.3876e-05 0 0
0 0 0.042317 0 0 0 0 0 0 0 0 0 0 0.0025261 0.014179 0.03979 -0.0020039 0.0006693 -0.00011127 0 0
0 0 0.01323 0 0 0 0 0 0 0 0 0 0 0.00078978 0.0044328 0.01244 -0.00062346 0.00021778 -3.8022e-05 0 0
0 0 0.27738 0 0 0 0 0 0 0 0 0 0 0.016558 0.092938 0.26082 -0.013515 0.0029046 -0.00017699 0 0
-0 -0 -0.14002 0 0 0 0 0 0 0 0 0 0 -0.0083588 -0.046916 -0.13166 0.0063977 -0.002769 0.00058053 0 0
0 0 0.23063 0 0 0 0 0 0 0 0 0 0 0.013768 0.077276 0.21687 -0.011191 0.0026638 -0.00023872 0 0
0 0 0.12127 0 0 0 0 0 0 0 0 0 0 0.0072396 0.040634 0.11403 -0.0058108 0.0017033 -0.00023805 0 0
0 0 0.30649 0 0 0 0 0 0 0 0 0 0 0.018296 0.10269 0.28819 -0.014966 0.0030027 -0.00011985 0 0
0 0 0.27823 0 0 0 0 0 0 0 0 0 0 0.016609 0.093222 0.26162 -0.013557 0.002908 -0.00017553 0 0
0 0 0.22335 0 0 0 0 0 0 0 0 0 0 0.013333 0.074834 0.21001 -0.01083 0.0026171 -0.000245 0 0
-0 -0 -0.047669 0 0 0 0 0 0 0 0 0 0 -0.0028457 -0.015972 -0.044823 0.0022213 -0.00084831 0.00016126 0 0
-0 -0 -0.027394 0 0 0 0 0 0 0 0 0 0 -0.0016353 -0.0091787 -0.025759 0.0012815 -0.0004754 8.8042e-05 0 0
-0 -0 -0.046473 0 0 0 0 0 0 0 0 0 0 -0.0027742 -0.015571 -0.043698 0.002166 -0.00082581 0.00015675 0 0
-0 -0 -0.11468 0 0 0 0 0 0 0 0 0 0 -0.0068459 -0.038424 -0.10783 0.0052698 -0.0022062 0.00045159 0 0
0 0 0.31966 0 0 0 0 0 0 0 0 0 0 0.019083 0.10711 0.30058 -0.015623 0.0030341 -8.9289e-05 0 0
-0 -0 -0.022955 0 0 0 0 0 0 0 0 0 0 -0.0013703 -0.0076913 -0.021585 0.0010747 -0.00039613 7.2924e-05 0 0
0 0 0.085284 0 0 0 0 0 0 0 0 0 0 0.0050912 0.028575 0.080193 -0.0040657 0.001267 -0.00019336 0 0
0 0 0.32218 0 0 0 0 0 0 0 0 0 0 0.019233 0.10795 0.30295 -0.015749 0.0030391 -8.3104e-05 0 0
0 0 0.05237 0 0 0 0 0 0 0 0 0 0 0.0031263 0.017547 0.049243 -0.002484 0.00081658 -0.00013327 0 0
-0 -0 -0.26748 0 0 0 0 0 0 0 0 0 0 -0.015967 -0.089621 -0.25151 0.01183 -0.0059935 0.0013846 0 0
-0 -0 -0.32411 0 0 0 0 0 0 0 0 0 0 -0.019348 -0.1086 -0.30476 0.0141 -0.0076276 0.0018228 0 0
-0 -0 -0.2551 0 0 0 0 0 0 0 0 0 0 -0.015229 -0.085475 -0.23987 0.011322 -0.0056525 0.0012954 0 0
0 0 0.099332 0 0 0 0 0 0 0 0 0 0 0.0059298 0.033282 0.093403 -0.004745 0.0014443 -0.00021342 0 0
-0 -0 -0.073732 0 0 0 0 0 0 0 0 0 0 -0.0044015 -0.024705 -0.069331 0.0034179 -0.0013537 0.00026539 0 0
0 0 0.034811 0 0 0 0 0 0 0 0 0 0 0.0020781 0.011664 0.032733 -0.0016465 0.00055639 -9.3733e-05 0 0
0 0 0.27318 0 0 0 0 0 0 0 0 0 0 0.016308 0.091531 0.25687 -0.013306 0.0028871 -0.00018405 0 0
-0 -0 -0.022698 0 0 0 0 0 0 0 0 0 0 -0.001355 -0.0076053 -0.021343 0.0010628 -0.00039158 7.206e-05 0 0
-0 -0 -0.25847 0 0 0 0 0 0 0 0 0 0 -0.01543 -0.086605 -0.24304 0.011461 -0.0057448 0.0013195 0 0
-0 -0 -0.17615 0 0 0 0 0 0 0 0 0 0 -0.010516 -0.059021 -0.16564 0.0079798 -0.0036172 0.00078231 0 0
0 0 0.12375 0 0 0 0 0 0 0 0 0 0 0.0073874 0.041463 0.11636 -0.0059314 0.0017312 -0.00024031 0 0
0 0 0.14729 0 0 0 0 0 0 0 0 0 0 0.0087928 0.049352 0.1385 -0.0070814 0.0019819 -0.00025665 0 0
0 0 0.16317 0 0 0 0 0 0 0 0 0 0 0.0097408 0.054673 0.15343 -0.0078601 0.0021367 -0.00026235 0 0
0 0 0.069598 0 0 0 0 0 0 0 0 0 0 0.0041547 0.02332 0.065443 -0.0033101 0.0010584 -0.00016701 0 0
-0 -0 -0.17632 0 0 0 0 0 0 0 0 0 0 -0.010526 -0.059077 -0.16579 0.007987 -0.0036212 0.00078329 0 0
0 0 0.10115 0 0 0 0 0 0 0 0 0 0 0.0060385 0.033893 0.095115 -0.0048333 0.0014667 -0.00021577 0 0
0 0 0.033669 0 0 0 0 0 0 0 0 0 0 0.0020099 0.011281 0.031659 -0.0015922 0.000539 -9.0983e-05 0 0
-0 -0 -0.079131 0 0 0 0 0 0 0 0 0 0 -0.0047238 -0.026514 -0.074407 0.003664 -0.0014621 0.00028837 0 0
0 0 0.15361 0 0 0 0 0 0 0 0 0 0 0.0091701 0.051469 0.14444 -0.007391 0.0020449 -0.00025943 0 0
-0 -0 -0.23779 0 0 0 0 0 0 0 0 0 0 -0.014195 -0.079675 -0.2236 0.010603 -0.0051853 0.0011745 0 0
-0 -0 -0.14144 0 0 0 0 0 0 0 0 0 0 -0.0084434 -0.047391 -0.133 0.0064603 -0.0028013 0.00058806 0 0
-0 -0 -0.072493 0 0 0 0 0 0 0 0 0 0 -0.0043276 -0.02429 -0.068165 0.0033613 -0.0013291 0.00026019 0 0
-0 -0 -0.23857 0 0 0 0 0 0 0 0 0 0 -0.014242 -0.079935 -0.22433 0.010636 -0.005206 0.0011798 0 0
-0 -0 -0.29441 0 0 0 0 0 0 0 0 0 0 -0.017575 -0.098643 -0.27683 0.012922 -0.0067556 0.0015869 0 0
-0 -0 -0.098354 0 0 0 0 0 0 0 0 0 0 -0.0058714 -0.032954 -0.092483 0.0045357 -0.0018579 0.00037406 0 0
-0 -0 -0.30891 0 0 0 0 0 0 0 0 0 0 -0.018441 -0.1035 -0.29047 0.0135 -0.0071773 0.0017004 0 0
0 0 0.19334 0 0 0 0 0 0 0 0 0 0 0.011542 0.064782 0.1818 -0.0093457 0.0023985 -0.00026135 0 0
0 0 0.092105 0 0 0 0 0 0 0 0 0 0 0.0054983 0.030861 0.086607 -0.0043952 0.0013542 -0.00020352 0 0
0 0 0.32024 0 0 0 0 0 0 0 0 0 0 0.019117 0.1073 0.30112 -0.015652 0.0030352 -8.7882e-05 0 0
0 0 0.24537 0 0 0 0 0 0 0 0 0 0 0.014648 0.082213 0.23072 -0.011922 0.0027507 -0.00022327 0 0
0 0 0.25707 0 0 0 0 0 0 0 0 0 0 0.015346 0.086135 0.24173 -0.012504 0.0028126 -0.00020836 0 0
0 0 0.18342 0 0 0 0 0 0 0 0 0 0 0.010949 0.061456 0.17247 -0.0088562 0.002317 -0.00026339 0 0
0 0 0.048483 0 0 0 0 0 0 0 0 0 0 0.0028943 0.016245 0.045589 -0.0022982 0.00076018 -0.00012497 0 0
-0 -0 -0.1488 0 0 0 0 0 0 0 0 0 0 -0.008883 -0.049858 -0.13992 0.0067851 -0.0029703 0.00062765 0 0
0 0 0.17159 0 0 0 0 0 0 0 0 0 0 0.010243 0.057492 0.16135 -0.0082737 0.0022139 -0.00026363 0 0
-0 -0 -0.071928 0 0 0 0 0 0 0 0 0 0 -0.0042938 -0.0241 -0.067634 0.0033355 -0.0013178 0.00025782 0 0
0 0 0.21153 0 0 0 0 0 0 0 0 0 0 0.012628 0.070876 0.1989 -0.010245 0.002536 -0.00025327 0 0
0 0 0.32155 0 0 0 0 0 0 0 0 0 0 0.019195 0.10774 0.30236 -0.015717 0.0030379 -8.4661e-05 0 0
0 0 0.091296 0 0 0 0 0 0 0 0 0 0 0.00545 0.03059 0.085846 -0.0043561 0.001344 -0.00020235 0 0
-0 -0 -0.084596 0 0 0 0 0 0 0 0 0 0 -0.00505 -0.028345 -0.079546 0.0039126 -0.001573 0.00031211 0 0
0 0 0.29008 0 0 0 0 0 0 0 0 0 0 0.017317 0.097196 0.27277 -0.014148 0.0029523 -0.00015381 0 0
0 0 0.32028 0 0 0 0 0 0 0 0 0 0 0.019119 0.10731 0.30116 -0.015654 0.0030353 -8.7792e-05 0 0
0 0 0.31168 0 0 0 0 0 0 0 0 0 0 0.018606 0.10443 0.29307 -0.015225 0.003016 -0.00010815 0 0
-0 -0 -0.1045 0 0 0 0 0 0 0 0 0 0 -0.0062381 -0.035013 -0.098259 0.0048126 -0.0019876 0.00040272 0 0
-0 -0 -0.30867 0 0 0 0 0 0 0 0 0 0 -0.018426 -0.10342 -0.29024 0.013491 -0.0071703 0.0016985 0 0
-0 -0 -0.067707 0 0 0 0 0 0 0 0 0 0 -0.0040419 -0.022686 -0.063666 0.0031425 -0.0012343 0.00024033 0 0
0 0 0.078773 0 0 0 0 0 0 0 0 0 0 0.0047024 0.026394 0.07407 -0.0037516 0.0011818 -0.00018293 0 0
0 0 0.023935 0 0 0 0 0 0 0 0 0 0 0.0014288 0.0080197 0.022506 -0.00113 0.00038834 -6.6637e-05 0 0
-0 -0 -0.078014 0 0 0 0 0 0 0 0 0 0 -0.0046571 -0.026139 -0.073356 0.0036131 -0.0014396 0.00028357 0 0
0 0 0.18679 0 0 0 0 0 0 0 0 0 0 0.011151 0.062585 0.17564 -0.0090223 0.0023452 -0.00026289 0 0
-0 -0 -0.23613 0 0 0 0 0 0 0 0 0 0 -0.014096 -0.079118 -0.22204 0.010534 -0.0051411 0.0011632 0 0
-0 -0 -0.31994 0 0 0 0 0 0 0 0 0 0 -0.019099 -0.1072 -0.30084 0.013937 -0.0075033 0.0017889 0 0
0 0 0.014164 0 0 0 0 0 0 0 0 0 0 0.00084551 0.0047456 0.013318 -0.00066756 0.00023286 -4.0594e-05 0 0
0 0 0.2124 0 0 0 0 0 0 0 0 0 0 0.012679 0.071165 0.19972 -0.010287 0.0025422 -0.00025274 0 0
0 0 0.064984 0 0 0 0 0 0 0 0 0 0 0.0038793 0.021774 0.061105 -0.0030884 0.00099498 -0.00015847 0 0
-0 -0 -0.024271 0 0 0 0 0 0 0 0 0 0 -0.0014489 -0.0081322 -0.022822 0.0011361 -0.00041954 7.7371e-05 0 0
-0 -0 -0.010989 0 0 0 0 0 0 0 0 0 0 -0.000656 -0.003682 -0.010333 0.00051563 -0.00018675 3.3811e-05 0 0
-0 -0 -0.10997 0 0 0 0 0 0 0 0 0 0 -0.0065647 -0.036846 -0.1034 0.0050586 -0.0021046 0.00042877 0 0
-0 -0 -0.27418 0 0 0 0 0 0 0 0 0 0 -0.016368 -0.091867 -0.25781 0.012104 -0.0061806 0.0014339 0 0
-0 -0 -0.30702 0 0 0 0 0 0 0 0 0 0 -0.018328 -0.10287 -0.28869 0.013425 -0.007122 0.0016854 0 0
0 0 0.13283 0 0 0 0 0 0 0 0 0 0 0.0079295 0.044507 0.1249 -0.0063743 0.0018309 -0.00024773 0 0
