0 0 0 0.16394 0 0 0 0 0 0 0 0.15415 -0.054929 0.0097865 0 0
-0 -0 -0 0.013307 0 0 0 0 0 0 0 0.012513 -0.0044587 0.00079439 0 0
0 0 0 0.11145 0 0 0 0 0 0 0 0.1048 -0.037343 0.0066533 0 0
0 0 0 0.03036 0 0 0 0 0 0 0 0.028548 -0.010172 0.0018124 0 0
0 0 0 0.023566 0 0 0 0 0 0 0 0.022159 -0.0078961 0.0014068 0 0
0 0 0 0.1596 0 0 0 0 0 0 0 0.15008 -0.053477 0.0095278 0 0
0 0 0 0.16027 0 0 0 0 0 0 0 0.1507 -0.053701 0.0095676 0 0
-0 -0 -0 0.1026 0 0 0 0 0 0 0 0.096479 -0.034379 0.0061251 0 0
-0 -0 -0 0.10687 0 0 0 0 0 0 0 0.10049 -0.035809 0.0063799 0 0
-0 -0 -0 0.1002 0 0 0 0 0 0 0 0.094214 -0.033571 0.0059813 0 0
-0 -0 -0 0.063129 0 0 0 0 0 0 0 0.05936 -0.021152 0.0037686 0 0
-0 -0 -0 0.11595 0 0 0 0 0 0 0 0.10903 -0.038849 0.0069216 0 0
0 0 0 0.17208 0 0 0 0 0 0 0 0.16181 -0.057657 0.010273 0 0
-0 -0 -0 0.13266 0 0 0 0 0 0 0 0.12474 -0.044449 0.0079193 0 0
-0 -0 -0 0.13426 0 0 0 0 0 0 0 0.12624 -0.044984 0.0080147 0 0
0 0 0 0.16735 0 0 0 0 0 0 0 0.15736 -0.056074 0.0099904 0 0
-0 -0 -0 0.13696 0 0 0 0 0 0 0 0.12878 -0.045889 0.0081759 0 0
0 0 0 0.13371 0 0 0 0 0 0 0 0.12573 -0.044802 0.0079821 0 0
0 0 0 0.19077 0 0 0 0 0 0 0 0.17938 -0.063919 0.011388 0 0
0 0 0 0.15274 0 0 0 0 0 0 0 0.14362 -0.051176 0.0091178 0 0
-0 -0 -0 0.19697 0 0 0 0 0 0 0 0.18521 -0.065997 0.011758 0 0
0 0 0 0.16309 0 0 0 0 0 0 0 0.15336 -0.054647 0.0097362 0 0
-0 -0 -0 0.097656 0 0 0 0 0 0 0 0.091826 -0.032721 0.0058297 0 0
-0 -0 -0 0.016606 0 0 0 0 0 0 0 0.015615 -0.0055642 0.00099135 0 0
0 0 0 0.11817 0 0 0 0 0 0 0 0.11112 -0.039594 0.0070543 0 0
-0 -0 -0 0.11146 0 0 0 0 0 0 0 0.10481 -0.037345 0.0066537 0 0
0 0 0 0.1111 0 0 0 0 0 0 0 0.10447 -0.037225 0.0066322 0 0
-0 -0 -0 0.17105 0 0 0 0 0 0 0 0.16084 -0.057312 0.010211 0 0
-0 -0 -0 0.10246 0 0 0 0 0 0 0 0.096345 -0.034331 0.0061166 0 0
0 0 0 0.067516 0 0 0 0 0 0 0 0.063486 -0.022622 0.0040305 0 0
0 0 0 0.183 0 0 0 0 0 0 0 0.17207 -0.061315 0.010924 0 0
0 0 0 0.097527 0 0 0 0 0 0 0 0.091705 -0.032677 0.005822 0 0
0 0 0 0.15803 0 0 0 0 0 0 0 0.1486 -0.052951 0.009434 0 0
-0 -0 -0 0.036373 0 0 0 0 0 0 0 0.034202 -0.012187 0.0021714 0 0
0 0 0 0.07123 0 0 0 0 0 0 0 0.066977 -0.023866 0.0042521 0 0
0 0 0 0.049925 0 0 0 0 0 0 0 0.046945 -0.016728 0.0029804 0 0
-0 -0 -0 0.083831 0 0 0 0 0 0 0 0.078826 -0.028088 0.0050044 0 0
-0 -0 -0 0.036037 0 0 0 0 0 0 0 0.033886 -0.012074 0.0021513 0 0
0 0 0 0.071779 0 0 0 0 0 0 0 0.067494 -0.02405 0.0042849 0 0
0 0 0 0.12991 0 0 0 0 0 0 0 0.12216 -0.043528 0.0077552 0 0
0 0 0 0.14596 0 0 0 0 0 0 0 0.13724 -0.048904 0.008713 0 0
0 0 0 0.010685 0 0 0 0 0 0 0 0.010047 -0.0035802 0.00063787 0 0
-0 -0 -0 0.17603 0 0 0 0 0 0 0 0.16552 -0.058979 0.010508 0 0
-0 -0 -0 0.1672 0 0 0 0 0 0 0 0.15722 -0.056023 0.0099814 0 0
-0 -0 -0 0.14794 0 0 0 0 0 0 0 0.13911 -0.049569 0.0088316 0 0
0 0 0 0.14512 0 0 0 0 0 0 0 0.13645 -0.048623 0.0086629 0 0
0 0 0 0.013991 0 0 0 0 0 0 0 0.013156 -0.0046878 0.0008352 0 0
-0 -0 -0 0.11111 0 0 0 0 0 0 0 0.10448 -0.037228 0.0066327 0 0
0 0 0 0.18173 0 0 0 0 0 0 0 0.17088 -0.06089 0.010848 0 0
-0 -0 -0 0.18885 0 0 0 0 0 0 0 0.17758 -0.063276 0.011274 0 0
-0 -0 -0 0.070961 0 0 0 0 0 0 0 0.066725 -0.023776 0.0042361 0 0
-0 -0 -0 0.10149 0 0 0 0 0 0 0 0.095429 -0.034004 0.0060584 0 0
-0 -0 -0 0.031816 0 0 0 0 0 0 0 0.029916 -0.01066 0.0018993 0 0
0 0 0 0.030477 0 0 0 0 0 0 0 0.028657 -0.010211 0.0018193 0 0
0 0 0 0.19108 0 0 0 0 0 0 0 0.17967 -0.064022 0.011407 0 0
-0 -0 -0 0.1358 0 0 0 0 0 0 0 0.1277 -0.045502 0.0081069 0 0
0 0 0 0.030239 0 0 0 0 0 0 0 0.028434 -0.010132 0.0018052 0 0
-0 -0 -0 0.19396 0 0 0 0 0 0 0 0.18238 -0.064987 0.011579 0 0
-0 -0 -0 0.01984 0 0 0 0 0 0 0 0.018656 -0.0066476 0.0011844 0 0
-0 -0 -0 0.1624 0 0 0 0 0 0 0 0.15271 -0.054414 0.0096947 0 0
-0 -0 -0 0.18796 0 0 0 0 0 0 0 0.17674 -0.062977 0.01122 0 0
0 0 0 0.044444 0 0 0 0 0 0 0 0.041791 -0.014891 0.0026531 0 0
0 0 0 0.076482 0 0 0 0 0 0 0 0.071916 -0.025626 0.0045657 0 0
-0 -0 -0 0.022572 0 0 0 0 0 0 0 0.021225 -0.0075631 0.0013475 0 0
-0 -0 -0 0.030424 0 0 0 0 0 0 0 0.028608 -0.010194 0.0018162 0 0
0 0 0 0.15969 0 0 0 0 0 0 0 0.15015 -0.053505 0.0095327 0 0
0 0 0 0.18893 0 0 0 0 0 0 0 0.17765 -0.063302 0.011278 0 0
0 0 0 0.023657 0 0 0 0 0 0 0 0.022245 -0.0079266 0.0014122 0 0
-0 -0 -0 0.14521 0 0 0 0 0 0 0 0.13654 -0.048653 0.0086682 0 0
-0 -0 -0 0.1492 0 0 0 0 0 0 0 0.14029 -0.04999 0.0089065 0 0
-0 -0 -0 0.088412 0 0 0 0 0 0 0 0.083134 -0.029623 0.0052779 0 0
-0 -0 -0 0.0043794 0 0 0 0 0 0 0 0.004118 -0.0014674 0.00026144 0 0
-0 -0 -0 0.18361 0 0 0 0 0 0 0 0.17265 -0.061522 0.010961 0 0
-0 -0 -0 0.1461 0 0 0 0 0 0 0 0.13738 -0.048952 0.0087215 0 0
0 0 0 0.1311 0 0 0 0 0 0 0 0.12327 -0.043925 0.0078259 0 0
0 0 0 0.079068 0 0 0 0 0 0 0 0.074348 -0.026492 0.00472 0 0
0 0 0 0.063382 0 0 0 0 0 0 0 0.059598 -0.021237 0.0037836 0 0
0 0 0 0.08691 0 0 0 0 0 0 0 0.081721 -0.02912 0.0051882 0 0
0 0 0 0.1609 0 0 0 0 0 0 0 0.1513 -0.053912 0.0096053 0 0
0 0 0 0.16037 0 0 0 0 0 0 0 0.1508 -0.053734 0.0095736 0 0
-0 -0 -0 0.1508 0 0 0 0 0 0 0 0.14179 -0.050526 0.009002 0 0
-0 -0 -0 0.056369 0 0 0 0 0 0 0 0.053004 -0.018887 0.003365 0 0
0 0 0 0.1974 0 0 0 0 0 0 0 0.18561 -0.06614 0.011784 0 0
-0 -0 -0 0.15301 0 0 0 0 0 0 0 0.14387 -0.051266 0.0091339 0 0
0 0 0 0.014403 0 0 0 0 0 0 0 0.013543 -0.0048257 0.00085978 0 0
0 0 0 0.10069 0 0 0 0 0 0 0 0.09468 -0.033738 0.0060109 0 0
0 0 0 0.11239 0 0 0 0 0 0 0 0.10568 -0.037658 0.0067094 0 0
-0 -0 -0 0.10247 0 0 0 0 0 0 0 0.096351 -0.034333 0.0061169 0 0
-0 -0 -0 0.00084264 0 0 0 0 0 0 0 0.00079234 -0.00028234 5.0303e-05 0 0
-0 -0 -0 0.17018 0 0 0 0 0 0 0 0.16002 -0.057021 0.010159 0 0
-0 -0 -0 0.085656 0 0 0 0 0 0 0 0.080543 -0.0287 0.0051134 0 0
-0 -0 -0 0.06992 0 0 0 0 0 0 0 0.065746 -0.023427 0.004174 0 0
0 0 0 0.12937 0 0 0 0 0 0 0 0.12164 -0.043345 0.0077227 0 0
-0 -0 -0 0.01945 0 0 0 0 0 0 0 0.018289 -0.0065169 0.0011611 0 0
0 0 0 0.1817 0 0 0 0 0 0 0 0.17086 -0.060882 0.010847 0 0
-0 -0 -0 0.0079504 0 0 0 0 0 0 0 0.0074758 -0.0026639 0.00047461 0 0
-0 -0 -0 0.16173 0 0 0 0 0 0 0 0.15207 -0.054189 0.0096546 0 0
0 0 0 0.17657 0 0 0 0 0 0 0 0.16603 -0.059163 0.010541 0 0
0 0 0 0.11123 0 0 0 0 0 0 0 0.10459 -0.037269 0.0066401 0 0
0 0 0 0.097769 0 0 0 0 0 0 0 0.091933 -0.032759 0.0058365 0 0
