0 0 0.089706 0 0 0 0 0 0 0 0 0 0 2.6164e-17 0.030681 0.084296 -0.0050824 0.012438 -0.0045272 0 0
0 0 0.084983 0 0 0 0 0 0 0 0 0 0 5.395e-17 0.029066 0.079858 -0.0047854 0.011795 -0.0042929 0 0
-0 -0 -0.11914 0 0 0 0 0 0 0 0 0 0 2.6083e-17 -0.04075 -0.11196 0.0048797 -0.017087 0.0062192 0 0
-0 -0 -0.096626 0 0 0 0 0 0 0 0 0 0 5.3969e-17 -0.033048 -0.090799 0.0041241 -0.013818 0.0050293 0 0
0 0 0.22801 0 0 0 0 0 0 0 0 0 0 5.4245e-17 0.077984 0.21426 -0.015184 0.030645 -0.011154 0 0
0 0 0.28127 0 0 0 0 0 0 0 0 0 0 5.4492e-17 0.0962 0.26431 -0.019773 0.037279 -0.013568 0 0
0 0 0.3165 0 0 0 0 0 0 0 0 0 0 2.646e-17 0.10825 0.29742 -0.023013 0.041538 -0.015118 0 0
-0 -0 -0.29844 0 0 0 0 0 0 0 0 0 0 2.6411e-17 -0.10207 -0.28044 0.0080709 -0.043522 0.015841 0 0
0 0 0.18613 0 0 0 0 0 0 0 0 0 0 5.4088e-17 0.063659 0.1749 -0.011843 0.025273 -0.0091985 0 0
-0 -0 -0.075244 0 0 0 0 0 0 0 0 0 0 5.3881e-17 -0.025735 -0.070707 0.0033342 -0.010729 0.003905 0 0
-0 -0 -0.12734 0 0 0 0 0 0 0 0 0 0 5.3922e-17 -0.043552 -0.11966 0.0051353 -0.018281 0.0066537 0 0
0 0 0.19309 0 0 0 0 0 0 0 0 0 0 5.4112e-17 0.066042 0.18145 -0.012382 0.026175 -0.009527 0 0
0 0 0.32807 0 0 0 0 0 0 0 0 0 0 5.4753e-17 0.11221 0.30828 -0.024111 0.042911 -0.015618 0 0
0 0 0.33459 0 0 0 0 0 0 0 0 0 0 2.6513e-17 0.11444 0.31442 -0.024738 0.043682 -0.015899 0 0
0 0 0.16588 0 0 0 0 0 0 0 0 0 0 5.4024e-17 0.056735 0.15588 -0.010315 0.02263 -0.0082365 0 0
-0 -0 -0.11137 0 0 0 0 0 0 0 0 0 0 5.3888e-17 -0.038091 -0.10465 0.0046277 -0.015957 0.0058078 0 0
0 0 0.06562 0 0 0 0 0 0 0 0 0 0 5.3869e-17 0.022443 0.061663 -0.0036015 0.0091417 -0.0033273 0 0
-0 -0 -0.24041 0 0 0 0 0 0 0 0 0 0 2.6273e-17 -0.082225 -0.22591 0.0075911 -0.034912 0.012707 0 0
-0 -0 -0.073418 0 0 0 0 0 0 0 0 0 0 5.3879e-17 -0.02511 -0.06899 0.0032635 -0.010466 0.0038093 0 0
0 0 0.019683 0 0 0 0 0 0 0 0 0 0 5.3841e-17 0.0067321 0.018496 -0.0010132 0.0027652 -0.0010064 0 0
-0 -0 -0.30843 0 0 0 0 0 0 0 0 0 0 5.4639e-17 -0.10549 -0.28983 0.0080999 -0.045006 0.016381 0 0
-0 -0 -0.067123 0 0 0 0 0 0 0 0 0 0 5.3871e-17 -0.022958 -0.063075 0.0030159 -0.00956 0.0034796 0 0
0 0 0.15791 0 0 0 0 0 0 0 0 0 0 5.4001e-17 0.05401 0.14839 -0.0097293 0.021582 -0.0078551 0 0
-0 -0 -0.18399 0 0 0 0 0 0 0 0 0 0 5.4081e-17 -0.062929 -0.1729 0.0066159 -0.026581 0.0096748 0 0
-0 -0 -0.034262 0 0 0 0 0 0 0 0 0 0 5.3855e-17 -0.011718 -0.032196 0.0016247 -0.004856 0.0017674 0 0
0 0 0.29623 0 0 0 0 0 0 0 0 0 0 5.4571e-17 0.10132 0.27836 -0.021129 0.0391 -0.014231 0 0
0 0 0.019977 0 0 0 0 0 0 0 0 0 0 2.6084e-17 0.0068326 0.018772 -0.0010287 0.0028063 -0.0010214 0 0
-0 -0 -0.3429 0 0 0 0 0 0 0 0 0 0 5.4845e-17 -0.11728 -0.32222 0.0080785 -0.050126 0.018244 0 0
0 0 0.27194 0 0 0 0 0 0 0 0 0 0 8.2546e-17 0.093007 0.25554 -0.018942 0.036133 -0.013151 0 0
-0 -0 -0.32708 0 0 0 0 0 0 0 0 0 0 5.4747e-17 -0.11187 -0.30735 0.0081116 -0.047776 0.017389 0 0
0 0 0.16153 0 0 0 0 0 0 0 0 0 0 5.4011e-17 0.055247 0.15179 -0.0099941 0.022058 -0.0080284 0 0
0 0 0.32961 0 0 0 0 0 0 0 0 0 0 2.6498e-17 0.11273 0.30973 -0.024258 0.043094 -0.015685 0 0
-0 -0 -0.18351 0 0 0 0 0 0 0 0 0 0 5.4079e-17 -0.062764 -0.17244 0.0066055 -0.02651 0.009649 0 0
0 0 0.10355 0 0 0 0 0 0 0 0 0 0 5.3981e-17 0.035415 0.097302 -0.0059715 0.014318 -0.0052112 0 0
-0 -0 -0.12251 0 0 0 0 0 0 0 0 0 0 5.3911e-17 -0.041901 -0.11512 0.004986 -0.017577 0.0063976 0 0
-0 -0 -0.26041 0 0 0 0 0 0 0 0 0 0 5.4389e-17 -0.089064 -0.2447 0.0078165 -0.037876 0.013786 0 0
-0 -0 -0.051065 0 0 0 0 0 0 0 0 0 0 5.3854e-17 -0.017465 -0.047985 0.0023566 -0.0072559 0.0026409 0 0
-0 -0 -0.32199 0 0 0 0 0 0 0 0 0 0 5.4717e-17 -0.11013 -0.30257 0.0081139 -0.047021 0.017114 0 0
0 0 0.067825 0 0 0 0 0 0 0 0 0 0 2.6095e-17 0.023198 0.063735 -0.0037336 0.0094449 -0.0034377 0 0
0 0 0.13819 0 0 0 0 0 0 0 0 0 0 5.3948e-17 0.047264 0.12986 -0.0083175 0.018969 -0.006904 0 0
0 0 0.24789 0 0 0 0 0 0 0 0 0 0 5.4331e-17 0.084783 0.23294 -0.016853 0.033148 -0.012065 0 0
0 0 0.07474 0 0 0 0 0 0 0 0 0 0 2.6099e-17 0.025563 0.070232 -0.0041523 0.010394 -0.0037831 0 0
-0 -0 -0.22247 0 0 0 0 0 0 0 0 0 0 2.6237e-17 -0.076091 -0.20906 0.0073354 -0.032259 0.011741 0 0
-0 -0 -0.26155 0 0 0 0 0 0 0 0 0 0 2.632e-17 -0.089454 -0.24577 0.0078274 -0.038045 0.013847 0 0
0 0 0.31311 0 0 0 0 0 0 0 0 0 0 5.4665e-17 0.10709 0.29423 -0.022694 0.041132 -0.014971 0 0
0 0 0.30057 0 0 0 0 0 0 0 0 0 0 5.4595e-17 0.1028 0.28244 -0.021528 0.039625 -0.014422 0 0
0 0 0.021852 0 0 0 0 0 0 0 0 0 0 5.3842e-17 0.0074738 0.020534 -0.0011283 0.0030686 -0.0011169 0 0
0 0 0.29886 0 0 0 0 0 0 0 0 0 0 5.4585e-17 0.10221 0.28083 -0.02137 0.039418 -0.014347 0 0
0 0 0.19661 0 0 0 0 0 0 0 0 0 0 5.4124e-17 0.067244 0.18475 -0.012657 0.02663 -0.0096924 0 0
-0 -0 -0.11231 0 0 0 0 0 0 0 0 0 0 5.389e-17 -0.038413 -0.10554 0.0046588 -0.016094 0.0058576 0 0
0 0 0.07602 0 0 0 0 0 0 0 0 0 0 5.3883e-17 0.026 0.071436 -0.0042306 0.010569 -0.0038469 0 0
-0 -0 -0.14172 0 0 0 0 0 0 0 0 0 0 5.3957e-17 -0.04847 -0.13317 0.0055584 -0.02038 0.0074177 0 0
0 0 0.31977 0 0 0 0 0 0 0 0 0 0 8.2938e-17 0.10937 0.30049 -0.023321 0.041927 -0.01526 0 0
-0 -0 -0.054774 0 0 0 0 0 0 0 0 0 0 8.1627e-17 -0.018734 -0.051471 0.0025124 -0.0077873 0.0028343 0 0
0 0 0.30191 0 0 0 0 0 0 0 0 0 0 5.4602e-17 0.10326 0.2837 -0.021651 0.039786 -0.014481 0 0
0 0 0.0046262 0 0 0 0 0 0 0 0 0 0 5.3838e-17 0.0015823 0.0043472 -0.00023292 0.00065158 -0.00023716 0 0
0 0 0.34663 0 0 0 0 0 0 0 0 0 0 5.4869e-17 0.11855 0.32572 -0.025908 0.045092 -0.016412 0 0
0 0 0.20926 0 0 0 0 0 0 0 0 0 0 5.4171e-17 0.07157 0.19664 -0.013659 0.028256 -0.010284 0 0
0 0 0.18307 0 0 0 0 0 0 0 0 0 0 5.4078e-17 0.062612 0.17203 -0.011609 0.024875 -0.0090537 0 0
0 0 0.084065 0 0 0 0 0 0 0 0 0 0 5.3948e-17 0.028752 0.078996 -0.004728 0.011669 -0.0042473 0 0
0 0 0.054579 0 0 0 0 0 0 0 0 0 0 5.3857e-17 0.018667 0.051288 -0.002951 0.0076194 -0.0027732 0 0
0 0 0.13844 0 0 0 0 0 0 0 0 0 0 2.6104e-17 0.047351 0.1301 -0.0083354 0.019002 -0.0069163 0 0
0 0 0.12243 0 0 0 0 0 0 0 0 0 0 5.3911e-17 0.041875 0.11505 -0.0072293 0.016863 -0.0061375 0 0
-0 -0 -0.18702 0 0 0 0 0 0 0 0 0 0 5.4091e-17 -0.063965 -0.17574 0.006681 -0.027027 0.0098372 0 0
-0 -0 -0.16238 0 0 0 0 0 0 0 0 0 0 5.4013e-17 -0.055538 -0.15259 0.0061102 -0.023406 0.0085191 0 0
0 0 0.19398 0 0 0 0 0 0 0 0 0 0 5.4115e-17 0.066347 0.18229 -0.012452 0.026291 -0.009569 0 0
-0 -0 -0.30346 0 0 0 0 0 0 0 0 0 0 2.6425e-17 -0.10379 -0.28516 0.0080874 -0.044268 0.016112 0 0
-0 -0 -0.23864 0 0 0 0 0 0 0 0 0 0 5.429e-17 -0.081619 -0.22424 0.0075681 -0.03465 0.012612 0 0
-0 -0 -0.21325 0 0 0 0 0 0 0 0 0 0 2.6219e-17 -0.072935 -0.20039 0.0071841 -0.030895 0.011245 0 0
-0 -0 -0.22162 0 0 0 0 0 0 0 0 0 0 8.2203e-17 -0.075799 -0.20826 0.0073219 -0.032133 0.011695 0 0
-0 -0 -0.075317 0 0 0 0 0 0 0 0 0 0 2.61e-17 -0.02576 -0.070775 0.0033371 -0.010739 0.0039088 0 0
0 0 0.15375 0 0 0 0 0 0 0 0 0 0 5.3989e-17 0.052584 0.14447 -0.0094264 0.021032 -0.0076549 0 0
0 0 0.11943 0 0 0 0 0 0 0 0 0 0 2.6083e-17 0.040847 0.11223 -0.0070257 0.016459 -0.0059907 0 0
-0 -0 -0.094687 0 0 0 0 0 0 0 0 0 0 5.3965e-17 -0.032385 -0.088976 0.0040553 -0.013537 0.0049271 0 0
-0 -0 -0.34602 0 0 0 0 0 0 0 0 0 0 5.4865e-17 -0.11835 -0.32515 0.0080673 -0.050591 0.018413 0 0
0 0 0.18962 0 0 0 0 0 0 0 0 0 0 5.41e-17 0.064854 0.17818 -0.012113 0.025726 -0.0093634 0 0
-0 -0 -0.18134 0 0 0 0 0 0 0 0 0 0 5.4072e-17 -0.06202 -0.1704 0.0065577 -0.02619 0.0095325 0 0
-0 -0 -0.25165 0 0 0 0 0 0 0 0 0 0 5.4348e-17 -0.086069 -0.23647 0.0077255 -0.036578 0.013313 0 0
0 0 0.24009 0 0 0 0 0 0 0 0 0 0 5.4297e-17 0.082117 0.22562 -0.016192 0.03217 -0.011709 0 0
-0 -0 -0.2855 0 0 0 0 0 0 0 0 0 0 5.4514e-17 -0.097648 -0.26828 0.00801 -0.0416 0.015141 0 0
-0 -0 -0.27423 0 0 0 0 0 0 0 0 0 0 5.4456e-17 -0.093794 -0.2577 0.0079354 -0.039927 0.014532 0 0
0 0 0.14576 0 0 0 0 0 0 0 0 0 0 5.3967e-17 0.049854 0.13697 -0.0088531 0.019975 -0.0072703 0 0
-0 -0 -0.24981 0 0 0 0 0 0 0 0 0 0 5.434e-17 -0.08544 -0.23474 0.0077049 -0.036305 0.013214 0 0
0 0 0.10131 0 0 0 0 0 0 0 0 0 0 8.178e-17 0.034649 0.095198 -0.0058258 0.014014 -0.0051008 0 0
0 0 0.052318 0 0 0 0 0 0 0 0 0 0 2.6087e-17 0.017894 0.049163 -0.00282 0.0073068 -0.0026595 0 0
0 0 0.10054 0 0 0 0 0 0 0 0 0 0 5.3976e-17 0.034385 0.094472 -0.0057757 0.01391 -0.0050627 0 0
-0 -0 -0.020195 0 0 0 0 0 0 0 0 0 0 5.3841e-17 -0.0069072 -0.018977 0.0009791 -0.002856 0.0010395 0 0
-0 -0 -0.060102 0 0 0 0 0 0 0 0 0 0 5.3863e-17 -0.020556 -0.056477 0.0027324 -0.0085513 0.0031124 0 0
-0 -0 -0.11849 0 0 0 0 0 0 0 0 0 0 5.3902e-17 -0.040525 -0.11134 0.0048588 -0.016992 0.0061845 0 0
0 0 0.076694 0 0 0 0 0 0 0 0 0 0 5.3883e-17 0.026231 0.072069 -0.0042719 0.010662 -0.0038805 0 0
-0 -0 -0.23522 0 0 0 0 0 0 0 0 0 0 5.4276e-17 -0.080449 -0.22103 0.0075223 -0.034144 0.012427 0 0
0 0 0.060887 0 0 0 0 0 0 0 0 0 0 8.1637e-17 0.020825 0.057215 -0.0033204 0.0084899 -0.0030901 0 0
0 0 0.30561 0 0 0 0 0 0 0 0 0 0 5.4623e-17 0.10452 0.28718 -0.021994 0.040232 -0.014643 0 0
0 0 0.044712 0 0 0 0 0 0 0 0 0 0 5.3849e-17 0.015292 0.042016 -0.0023848 0.0062533 -0.002276 0 0
-0 -0 -0.057485 0 0 0 0 0 0 0 0 0 0 5.386e-17 -0.019661 -0.054018 0.0026249 -0.0081759 0.0029758 0 0
-0 -0 -0.15184 0 0 0 0 0 0 0 0 0 0 5.3984e-17 -0.051931 -0.14268 0.0058369 -0.02186 0.0079565 0 0
-0 -0 -0.23075 0 0 0 0 0 0 0 0 0 0 5.4257e-17 -0.078921 -0.21683 0.0074597 -0.033483 0.012187 0 0
-0 -0 -0.13083 0 0 0 0 0 0 0 0 0 0 5.393e-17 -0.044748 -0.12294 0.0052411 -0.018791 0.0068393 0 0
-0 -0 -0.31106 0 0 0 0 0 0 0 0 0 0 8.2862e-17 -0.10639 -0.2923 0.0081048 -0.045396 0.016523 0 0
-0 -0 -0.12127 0 0 0 0 0 0 0 0 0 0 8.1732e-17 -0.041475 -0.11395 0.0049469 -0.017396 0.0063317 0 0
