0 0 0.15941 0 0 0 0 0 0 0 0 0 0 0.0095164 0.053413 0.1499 -0.023027 0.0063032 -0.00078416 0 0
0 0 0.22607 0 0 0 0 0 0 0 0 0 0 0.013496 0.075748 0.21258 -0.032894 0.0079045 -0.00072828 0 0
-0 -0 -0.045083 0 0 0 0 0 0 0 0 0 0 -0.0026913 -0.015106 -0.042392 0.0063056 -0.0023993 0.00045463 0 0
0 0 0.061642 0 0 0 0 0 0 0 0 0 0 0.0036798 0.020654 0.057962 -0.0087843 0.0028452 -0.00045616 0 0
0 0 0.055837 0 0 0 0 0 0 0 0 0 0 0.0033333 0.018709 0.052504 -0.0079498 0.002599 -0.0004214 0 0
0 0 0.27299 0 0 0 0 0 0 0 0 0 0 0.016296 0.091468 0.25669 -0.039889 0.008659 -0.00055309 0 0
0 0 0.31003 0 0 0 0 0 0 0 0 0 0 0.018507 0.10388 0.29152 -0.045427 0.0090358 -0.00033577 0 0
0 0 0.038662 0 0 0 0 0 0 0 0 0 0 0.002308 0.012954 0.036354 -0.0054893 0.0018439 -0.00030855 0 0
0 0 0.30952 0 0 0 0 0 0 0 0 0 0 0.018477 0.10371 0.29105 -0.045351 0.009032 -0.0003392 0 0
-0 -0 -0.13397 0 0 0 0 0 0 0 0 0 0 -0.0079974 -0.044887 -0.12597 0.018389 -0.0078966 0.0016464 0 0
0 0 0.017944 0 0 0 0 0 0 0 0 0 0 0.0010712 0.0060124 0.016873 -0.0025389 0.00088055 -0.00015258 0 0
0 0 0.33279 0 0 0 0 0 0 0 0 0 0 0.019866 0.1115 0.31292 -0.048834 0.0091714 -0.00016779 0 0
-0 -0 -0.0031362 0 0 0 0 0 0 0 0 0 0 -0.00018722 -0.0010508 -0.002949 0.0004421 -0.00015827 2.833e-05 0 0
0 0 0.24164 0 0 0 0 0 0 0 0 0 0 0.014425 0.080964 0.22722 -0.035212 0.0081891 -0.00068257 0 0
0 0 0.12822 0 0 0 0 0 0 0 0 0 0 0.0076541 0.042961 0.12056 -0.018448 0.0053422 -0.00073242 0 0
-0 -0 -0.17173 0 0 0 0 0 0 0 0 0 0 -0.010252 -0.057541 -0.16148 0.023364 -0.010532 0.0022696 0 0
-0 -0 -0.1329 0 0 0 0 0 0 0 0 0 0 -0.0079336 -0.044529 -0.12497 0.018247 -0.0078245 0.0016297 0 0
-0 -0 -0.054319 0 0 0 0 0 0 0 0 0 0 -0.0032427 -0.0182 -0.051077 0.0075836 -0.0029235 0.00056029 0 0
0 0 0.038725 0 0 0 0 0 0 0 0 0 0 0.0023117 0.012975 0.036413 -0.0054983 0.0018467 -0.00030899 0 0
-0 -0 -0.18449 0 0 0 0 0 0 0 0 0 0 -0.011013 -0.061816 -0.17348 0.025021 -0.011461 0.0024956 0 0
0 0 0.12649 0 0 0 0 0 0 0 0 0 0 0.0075508 0.042381 0.11894 -0.018194 0.0052849 -0.00072809 0 0
0 0 0.11637 0 0 0 0 0 0 0 0 0 0 0.0069469 0.038991 0.10942 -0.016717 0.0049421 -0.00069976 0 0
0 0 0.30484 0 0 0 0 0 0 0 0 0 0 0.018198 0.10214 0.28664 -0.044651 0.0089947 -0.0003704 0 0
-0 -0 -0.20147 0 0 0 0 0 0 0 0 0 0 -0.012027 -0.067505 -0.18945 0.027208 -0.012729 0.0028085 0 0
0 0 0.23844 0 0 0 0 0 0 0 0 0 0 0.014234 0.07989 0.2242 -0.034734 0.0081333 -0.00069299 0 0
0 0 0.00027483 0 0 0 0 0 0 0 0 0 0 1.6406e-05 9.2085e-05 0.00025842 -3.8765e-05 1.3808e-05 -2.4591e-06 0 0
0 0 0.25704 0 0 0 0 0 0 0 0 0 0 0.015344 0.086123 0.24169 -0.037507 0.0084371 -0.00062522 0 0
-0 -0 -0.064783 0 0 0 0 0 0 0 0 0 0 -0.0038673 -0.021706 -0.060916 0.0090256 -0.0035308 0.00068512 0 0
0 0 0.088053 0 0 0 0 0 0 0 0 0 0 0.0052564 0.029503 0.082796 -0.012598 0.003908 -0.00059273 0 0
-0 -0 -0.34439 0 0 0 0 0 0 0 0 0 0 -0.020559 -0.11539 -0.32383 0.044669 -0.024725 0.0059744 0 0
0 0 0.29487 0 0 0 0 0 0 0 0 0 0 0.017603 0.098801 0.27727 -0.04316 0.008905 -0.00043309 0 0
-0 -0 -0.055742 0 0 0 0 0 0 0 0 0 0 -0.0033276 -0.018677 -0.052414 0.00778 -0.0030052 0.00057694 0 0
0 0 0.15856 0 0 0 0 0 0 0 0 0 0 0.0094653 0.053126 0.14909 -0.022901 0.0062787 -0.00078341 0 0
0 0 0.052484 0 0 0 0 0 0 0 0 0 0 0.0031331 0.017585 0.049351 -0.0074685 0.0024547 -0.00040055 0 0
-0 -0 -0.25413 0 0 0 0 0 0 0 0 0 0 -0.01517 -0.085148 -0.23896 0.033845 -0.016878 0.0038653 0 0
0 0 0.03033 0 0 0 0 0 0 0 0 0 0 0.0018106 0.010162 0.028519 -0.0043004 0.0014634 -0.00024843 0 0
-0 -0 -0.28582 0 0 0 0 0 0 0 0 0 0 -0.017062 -0.095766 -0.26876 0.037728 -0.019529 0.0045636 0 0
-0 -0 -0.27395 0 0 0 0 0 0 0 0 0 0 -0.016354 -0.09179 -0.2576 0.036284 -0.018523 0.0042967 0 0
-0 -0 -0.17059 0 0 0 0 0 0 0 0 0 0 -0.010183 -0.057157 -0.1604 0.023214 -0.010449 0.0022496 0 0
-0 -0 -0.33325 0 0 0 0 0 0 0 0 0 0 -0.019894 -0.11166 -0.31336 0.043374 -0.023708 0.0056943 0 0
-0 -0 -0.21835 0 0 0 0 0 0 0 0 0 0 -0.013034 -0.073159 -0.20531 0.029359 -0.014023 0.003133 0 0
-0 -0 -0.28832 0 0 0 0 0 0 0 0 0 0 -0.017212 -0.096606 -0.27111 0.038031 -0.019743 0.0046207 0 0
-0 -0 -0.021305 0 0 0 0 0 0 0 0 0 0 -0.0012718 -0.0071384 -0.020033 0.0029933 -0.0011007 0.00020216 0 0
-0 -0 -0.20846 0 0 0 0 0 0 0 0 0 0 -0.012444 -0.069846 -0.19601 0.028102 -0.013261 0.0029412 0 0
0 0 0.2534 0 0 0 0 0 0 0 0 0 0 0.015127 0.084903 0.23827 -0.036964 0.0083815 -0.00063987 0 0
0 0 0.12616 0 0 0 0 0 0 0 0 0 0 0.0075315 0.042272 0.11863 -0.018147 0.0052742 -0.00072727 0 0
0 0 0.21203 0 0 0 0 0 0 0 0 0 0 0.012657 0.071042 0.19937 -0.030808 0.0076186 -0.0007589 0 0
-0 -0 -0.3084 0 0 0 0 0 0 0 0 0 0 -0.01841 -0.10333 -0.28999 0.040441 -0.021487 0.0050892 0 0
0 0 0.30612 0 0 0 0 0 0 0 0 0 0 0.018274 0.10257 0.28785 -0.044843 0.0090052 -0.00036197 0 0
0 0 0.24796 0 0 0 0 0 0 0 0 0 0 0.014802 0.083083 0.23316 -0.036154 0.008295 -0.00066048 0 0
0 0 0.31388 0 0 0 0 0 0 0 0 0 0 0.018738 0.10517 0.29515 -0.046004 0.009064 -0.00030916 0 0
-0 -0 -0.31307 0 0 0 0 0 0 0 0 0 0 -0.018689 -0.1049 -0.29438 0.040997 -0.0219 0.0052009 0 0
-0 -0 -0.17633 0 0 0 0 0 0 0 0 0 0 -0.010526 -0.05908 -0.1658 0.023962 -0.010864 0.00235 0 0
0 0 0.30939 0 0 0 0 0 0 0 0 0 0 0.018469 0.10366 0.29092 -0.045332 0.009031 -0.0003401 0 0
-0 -0 -0.10187 0 0 0 0 0 0 0 0 0 0 -0.006081 -0.034131 -0.095785 0.014082 -0.0057956 0.0011711 0 0
0 0 0.2841 0 0 0 0 0 0 0 0 0 0 0.01696 0.095191 0.26714 -0.041549 0.0087923 -0.0004952 0 0
0 0 0.24267 0 0 0 0 0 0 0 0 0 0 0.014486 0.081307 0.22818 -0.035364 0.0082066 -0.00067913 0 0
-0 -0 -0.19973 0 0 0 0 0 0 0 0 0 0 -0.011923 -0.066921 -0.18781 0.026985 -0.012597 0.0027757 0 0
0 0 0.24088 0 0 0 0 0 0 0 0 0 0 0.01438 0.08071 0.2265 -0.035099 0.008176 -0.00068508 0 0
0 0 0.23522 0 0 0 0 0 0 0 0 0 0 0.014042 0.078813 0.22118 -0.034256 0.0080759 -0.00070291 0 0
0 0 0.28463 0 0 0 0 0 0 0 0 0 0 0.016992 0.095369 0.26764 -0.041629 0.0087983 -0.00049227 0 0
0 0 0.15551 0 0 0 0 0 0 0 0 0 0 0.0092835 0.052106 0.14623 -0.022452 0.0061904 -0.00078041 0 0
0 0 0.28499 0 0 0 0 0 0 0 0 0 0 0.017013 0.095489 0.26798 -0.041682 0.0088022 -0.0004903 0 0
-0 -0 -0.002659 0 0 0 0 0 0 0 0 0 0 -0.00015873 -0.00089094 -0.0025003 0.00037487 -0.00013411 2.3988e-05 0 0
-0 -0 -0.15826 0 0 0 0 0 0 0 0 0 0 -0.0094475 -0.053026 -0.14881 0.021601 -0.0095715 0.0020393 0 0
-0 -0 -0.014167 0 0 0 0 0 0 0 0 0 0 -0.00084569 -0.0047466 -0.013321 0.001993 -0.00072523 0.00013189 0 0
-0 -0 -0.32173 0 0 0 0 0 0 0 0 0 0 -0.019206 -0.1078 -0.30252 0.042021 -0.02267 0.0054102 0 0
-0 -0 -0.22972 0 0 0 0 0 0 0 0 0 0 -0.013713 -0.076968 -0.216 0.030796 -0.014914 0.0033592 0 0
-0 -0 -0.21374 0 0 0 0 0 0 0 0 0 0 -0.01276 -0.071617 -0.20098 0.028775 -0.013667 0.0030431 0 0
-0 -0 -0.22667 0 0 0 0 0 0 0 0 0 0 -0.013531 -0.075948 -0.21314 0.030412 -0.014674 0.003298 0 0
-0 -0 -0.081304 0 0 0 0 0 0 0 0 0 0 -0.0048536 -0.027242 -0.076451 0.011289 -0.0045181 0.00089326 0 0
0 0 0.17321 0 0 0 0 0 0 0 0 0 0 0.01034 0.058037 0.16287 -0.025061 0.0066855 -0.00079121 0 0
0 0 0.21535 0 0 0 0 0 0 0 0 0 0 0.012856 0.072155 0.20249 -0.031301 0.0076887 -0.00075257 0 0
-0 -0 -0.34354 0 0 0 0 0 0 0 0 0 0 -0.020508 -0.11511 -0.32303 0.044571 -0.024647 0.0059529 0 0
0 0 0.27906 0 0 0 0 0 0 0 0 0 0 0.016659 0.093503 0.26241 -0.040796 0.008734 -0.00052222 0 0
-0 -0 -0.09619 0 0 0 0 0 0 0 0 0 0 -0.0057422 -0.03223 -0.090448 0.013314 -0.0054376 0.0010923 0 0
0 0 0.089008 0 0 0 0 0 0 0 0 0 0 0.0053134 0.029823 0.083694 -0.012737 0.0039446 -0.00059701 0 0
0 0 0.27366 0 0 0 0 0 0 0 0 0 0 0.016337 0.091694 0.25733 -0.039989 0.0086675 -0.00054976 0 0
0 0 0.13774 0 0 0 0 0 0 0 0 0 0 0.0082226 0.046151 0.12952 -0.019842 0.0056497 -0.00075348 0 0
-0 -0 -0.14861 0 0 0 0 0 0 0 0 0 0 -0.0088716 -0.049794 -0.13974 0.02033 -0.0088976 0.0018798 0 0
0 0 0.31277 0 0 0 0 0 0 0 0 0 0 0.018671 0.1048 0.29409 -0.045837 0.009056 -0.00031695 0 0
0 0 0.19867 0 0 0 0 0 0 0 0 0 0 0.01186 0.066565 0.18681 -0.028826 0.0073211 -0.0007787 0 0
0 0 0.027877 0 0 0 0 0 0 0 0 0 0 0.0016641 0.0093403 0.026212 -0.0039509 0.0013495 -0.00023006 0 0
0 0 0.019542 0 0 0 0 0 0 0 0 0 0 0.0011666 0.0065476 0.018375 -0.0027657 0.00095686 -0.00016538 0 0
-0 -0 -0.33186 0 0 0 0 0 0 0 0 0 0 -0.019811 -0.11119 -0.31205 0.043211 -0.023582 0.0056597 0 0
-0 -0 -0.33806 0 0 0 0 0 0 0 0 0 0 -0.020181 -0.11327 -0.31788 0.043934 -0.024145 0.0058145 0 0
-0 -0 -0.19663 0 0 0 0 0 0 0 0 0 0 -0.011738 -0.065884 -0.1849 0.026587 -0.012364 0.0027179 0 0
0 0 0.33388 0 0 0 0 0 0 0 0 0 0 0.019931 0.11187 0.31395 -0.048998 0.0091761 -0.00015906 0 0
-0 -0 -0.15697 0 0 0 0 0 0 0 0 0 0 -0.0093703 -0.052593 -0.1476 0.021431 -0.0094805 0.0020177 0 0
0 0 0.16807 0 0 0 0 0 0 0 0 0 0 0.010033 0.056315 0.15804 -0.024303 0.0065462 -0.00078972 0 0
-0 -0 -0.17544 0 0 0 0 0 0 0 0 0 0 -0.010473 -0.058784 -0.16497 0.023847 -0.0108 0.0023345 0 0
0 0 0.28133 0 0 0 0 0 0 0 0 0 0 0.016795 0.094264 0.26454 -0.041135 0.0087607 -0.0005102 0 0
0 0 0.22125 0 0 0 0 0 0 0 0 0 0 0.013208 0.074133 0.20804 -0.032178 0.0078095 -0.00073992 0 0
-0 -0 -0.21223 0 0 0 0 0 0 0 0 0 0 -0.012669 -0.07111 -0.19956 0.028582 -0.01355 0.0030138 0 0
-0 -0 -0.013963 0 0 0 0 0 0 0 0 0 0 -0.00083354 -0.0046784 -0.013129 0.0019644 -0.00071462 0.00012993 0 0
-0 -0 -0.17284 0 0 0 0 0 0 0 0 0 0 -0.010318 -0.057911 -0.16252 0.023508 -0.010611 0.0022888 0 0
-0 -0 -0.1013 0 0 0 0 0 0 0 0 0 0 -0.006047 -0.03394 -0.09525 0.014005 -0.0057595 0.0011631 0 0
0 0 0.099883 0 0 0 0 0 0 0 0 0 0 0.0059627 0.033467 0.093921 -0.014315 0.0043533 -0.00064241 0 0
-0 -0 -0.26729 0 0 0 0 0 0 0 0 0 0 -0.015956 -0.089557 -0.25133 0.035468 -0.017965 0.0041497 0 0
-0 -0 -0.29141 0 0 0 0 0 0 0 0 0 0 -0.017396 -0.097641 -0.27402 0.038404 -0.020009 0.0046916 0 0
