-0 -0 -0 0.15658 0 0 0 0 0 0 0 0.14723 -0.052463 0.009347 0 0
0 0 0 0.16498 0 0 0 0 0 0 0 0.15513 -0.055277 0.0098485 0 0
-0 -0 -0 0.11437 0 0 0 0 0 0 0 0.10755 -0.038322 0.0068277 0 0
0 0 0 0.057436 0 0 0 0 0 0 0 0.054007 -0.019244 0.0034287 0 0
-0 -0 -0 0.10785 0 0 0 0 0 0 0 0.10141 -0.036135 0.0064381 0 0
0 0 0 0.091806 0 0 0 0 0 0 0 0.086326 -0.030761 0.0054805 0 0
-0 -0 -0 0.044548 0 0 0 0 0 0 0 0.041888 -0.014926 0.0026593 0 0
0 0 0 0.16356 0 0 0 0 0 0 0 0.1538 -0.054803 0.009764 0 0
-0 -0 -0 0.023696 0 0 0 0 0 0 0 0.022282 -0.0079397 0.0014146 0 0
0 0 0 0.19903 0 0 0 0 0 0 0 0.18714 -0.066685 0.011881 0 0
-0 -0 -0 0.17597 0 0 0 0 0 0 0 0.16546 -0.05896 0.010505 0 0
-0 -0 -0 0.055435 0 0 0 0 0 0 0 0.052126 -0.018574 0.0033093 0 0
0 0 0 0.17101 0 0 0 0 0 0 0 0.1608 -0.057297 0.010208 0 0
0 0 0 0.19969 0 0 0 0 0 0 0 0.18777 -0.066909 0.011921 0 0
-0 -0 -0 0.19889 0 0 0 0 0 0 0 0.18702 -0.066641 0.011873 0 0
0 0 0 0.19543 0 0 0 0 0 0 0 0.18376 -0.065481 0.011667 0 0
-0 -0 -0 0.014383 0 0 0 0 0 0 0 0.013524 -0.0048191 0.0008586 0 0
0 0 0 0.096056 0 0 0 0 0 0 0 0.090322 -0.032184 0.0057342 0 0
-0 -0 -0 0.15428 0 0 0 0 0 0 0 0.14507 -0.051694 0.0092101 0 0
0 0 0 0.053079 0 0 0 0 0 0 0 0.049911 -0.017785 0.0031686 0 0
-0 -0 -0 0.07239 0 0 0 0 0 0 0 0.068069 -0.024255 0.0043214 0 0
-0 -0 -0 0.11407 0 0 0 0 0 0 0 0.10726 -0.03822 0.0068095 0 0
0 0 0 0.074003 0 0 0 0 0 0 0 0.069585 -0.024795 0.0044177 0 0
0 0 0 0.12441 0 0 0 0 0 0 0 0.11698 -0.041685 0.0074268 0 0
0 0 0 0.19036 0 0 0 0 0 0 0 0.179 -0.063782 0.011364 0 0
-0 -0 -0 0.15392 0 0 0 0 0 0 0 0.14473 -0.051573 0.0091886 0 0
-0 -0 -0 0.0057373 0 0 0 0 0 0 0 0.0053948 -0.0019223 0.00034249 0 0
0 0 0 0.069803 0 0 0 0 0 0 0 0.065636 -0.023388 0.004167 0 0
0 0 0 0.16079 0 0 0 0 0 0 0 0.15119 -0.053873 0.0095983 0 0
-0 -0 -0 0.0016051 0 0 0 0 0 0 0 0.0015093 -0.00053781 9.5819e-05 0 0
-0 -0 -0 0.017444 0 0 0 0 0 0 0 0.016402 -0.0058446 0.0010413 0 0
-0 -0 -0 0.1438 0 0 0 0 0 0 0 0.13521 -0.048181 0.0085842 0 0
-0 -0 -0 0.19139 0 0 0 0 0 0 0 0.17996 -0.064126 0.011425 0 0
0 0 0 0.1272 0 0 0 0 0 0 0 0.1196 -0.042618 0.0075931 0 0
-0 -0 -0 0.08745 0 0 0 0 0 0 0 0.08223 -0.029301 0.0052205 0 0
-0 -0 -0 0.18491 0 0 0 0 0 0 0 0.17387 -0.061955 0.011038 0 0
0 0 0 0.028398 0 0 0 0 0 0 0 0.026703 -0.0095152 0.0016953 0 0
-0 -0 -0 0.027524 0 0 0 0 0 0 0 0.02588 -0.009222 0.0016431 0 0
0 0 0 0.076666 0 0 0 0 0 0 0 0.072089 -0.025688 0.0045766 0 0
-0 -0 -0 0.17056 0 0 0 0 0 0 0 0.16038 -0.057149 0.010182 0 0
-0 -0 -0 0.16027 0 0 0 0 0 0 0 0.15071 -0.053701 0.0095678 0 0
0 0 0 0.14113 0 0 0 0 0 0 0 0.13271 -0.047287 0.008425 0 0
-0 -0 -0 0.056634 0 0 0 0 0 0 0 0.053254 -0.018976 0.0033809 0 0
-0 -0 -0 0.091873 0 0 0 0 0 0 0 0.086388 -0.030783 0.0054845 0 0
0 0 0 0.11405 0 0 0 0 0 0 0 0.10724 -0.038213 0.0068083 0 0
-0 -0 -0 0.094514 0 0 0 0 0 0 0 0.088872 -0.031668 0.0056421 0 0
-0 -0 -0 0.15158 0 0 0 0 0 0 0 0.14253 -0.050788 0.0090486 0 0
-0 -0 -0 0.047444 0 0 0 0 0 0 0 0.044611 -0.015896 0.0028322 0 0
-0 -0 -0 0.056554 0 0 0 0 0 0 0 0.053178 -0.018949 0.0033761 0 0
-0 -0 -0 0.19167 0 0 0 0 0 0 0 0.18023 -0.064222 0.011442 0 0
0 0 0 0.025011 0 0 0 0 0 0 0 0.023518 -0.00838 0.001493 0 0
-0 -0 -0 0.034717 0 0 0 0 0 0 0 0.032645 -0.011632 0.0020725 0 0
-0 -0 -0 0.086964 0 0 0 0 0 0 0 0.081772 -0.029138 0.0051914 0 0
0 0 0 0.14604 0 0 0 0 0 0 0 0.13732 -0.048933 0.0087182 0 0
-0 -0 -0 0.11488 0 0 0 0 0 0 0 0.10802 -0.038492 0.0068579 0 0
0 0 0 0.0050937 0 0 0 0 0 0 0 0.0047897 -0.0017067 0.00030408 0 0
0 0 0 0.10284 0 0 0 0 0 0 0 0.0967 -0.034457 0.0061391 0 0
0 0 0 0.086182 0 0 0 0 0 0 0 0.081037 -0.028876 0.0051447 0 0
0 0 0 0.060981 0 0 0 0 0 0 0 0.05734 -0.020432 0.0036403 0 0
0 0 0 0.013404 0 0 0 0 0 0 0 0.012604 -0.0044913 0.00080019 0 0
0 0 0 0.041978 0 0 0 0 0 0 0 0.039472 -0.014065 0.002506 0 0
-0 -0 -0 0.015265 0 0 0 0 0 0 0 0.014354 -0.0051147 0.00091126 0 0
-0 -0 -0 0.11204 0 0 0 0 0 0 0 0.10535 -0.037539 0.0066881 0 0
-0 -0 -0 0.15924 0 0 0 0 0 0 0 0.14974 -0.053356 0.0095063 0 0
-0 -0 -0 0.035869 0 0 0 0 0 0 0 0.033727 -0.012018 0.0021412 0 0
0 0 0 0.095088 0 0 0 0 0 0 0 0.089412 -0.03186 0.0056764 0 0
0 0 0 0.16883 0 0 0 0 0 0 0 0.15875 -0.056567 0.010078 0 0
0 0 0 0.10014 0 0 0 0 0 0 0 0.094162 -0.033553 0.005978 0 0
0 0 0 0.19285 0 0 0 0 0 0 0 0.18133 -0.064615 0.011512 0 0
-0 -0 -0 0.10638 0 0 0 0 0 0 0 0.10003 -0.035644 0.0063506 0 0
0 0 0 0.1048 0 0 0 0 0 0 0 0.098544 -0.035114 0.0062562 0 0
0 0 0 0.092408 0 0 0 0 0 0 0 0.086891 -0.030962 0.0055164 0 0
0 0 0 0.12493 0 0 0 0 0 0 0 0.11747 -0.041859 0.0074578 0 0
0 0 0 0.081626 0 0 0 0 0 0 0 0.076753 -0.027349 0.0048727 0 0
-0 -0 -0 0.062878 0 0 0 0 0 0 0 0.059124 -0.021068 0.0037536 0 0
0 0 0 0.1855 0 0 0 0 0 0 0 0.17443 -0.062153 0.011074 0 0
0 0 0 0.16472 0 0 0 0 0 0 0 0.15489 -0.055192 0.0098334 0 0
-0 -0 -0 0.084076 0 0 0 0 0 0 0 0.079057 -0.02817 0.005019 0 0
-0 -0 -0 0.089562 0 0 0 0 0 0 0 0.084215 -0.030009 0.0053465 0 0
-0 -0 -0 0.13538 0 0 0 0 0 0 0 0.1273 -0.045361 0.0080818 0 0
-0 -0 -0 0.17136 0 0 0 0 0 0 0 0.16113 -0.057417 0.01023 0 0
-0 -0 -0 0.045652 0 0 0 0 0 0 0 0.042927 -0.015296 0.0027253 0 0
-0 -0 -0 0.099132 0 0 0 0 0 0 0 0.093214 -0.033215 0.0059178 0 0
0 0 0 0.0098634 0 0 0 0 0 0 0 0.0092746 -0.0033048 0.00058881 0 0
-0 -0 -0 0.076639 0 0 0 0 0 0 0 0.072064 -0.025679 0.004575 0 0
-0 -0 -0 0.10014 0 0 0 0 0 0 0 0.094159 -0.033552 0.0059778 0 0
0 0 0 0.015855 0 0 0 0 0 0 0 0.014909 -0.0053125 0.0009465 0 0
0 0 0 0.11807 0 0 0 0 0 0 0 0.11102 -0.039561 0.0070484 0 0
0 0 0 0.10039 0 0 0 0 0 0 0 0.094395 -0.033636 0.0059928 0 0
-0 -0 -0 0.11029 0 0 0 0 0 0 0 0.1037 -0.036953 0.0065838 0 0
0 0 0 0.14298 0 0 0 0 0 0 0 0.13444 -0.047907 0.0085353 0 0
0 0 0 0.041874 0 0 0 0 0 0 0 0.039374 -0.01403 0.0024997 0 0
-0 -0 -0 0.16429 0 0 0 0 0 0 0 0.15448 -0.055046 0.0098073 0 0
-0 -0 -0 0.18076 0 0 0 0 0 0 0 0.16997 -0.060565 0.010791 0 0
0 0 0 0.1821 0 0 0 0 0 0 0 0.17123 -0.061015 0.010871 0 0
-0 -0 -0 0.064044 0 0 0 0 0 0 0 0.06022 -0.021458 0.0038232 0 0
-0 -0 -0 0.0028676 0 0 0 0 0 0 0 0.0026964 -0.00096081 0.00017118 0 0
0 0 0 0.15388 0 0 0 0 0 0 0 0.14469 -0.051559 0.0091861 0 0
-0 -0 -0 0.059388 0 0 0 0 0 0 0 0.055842 -0.019898 0.0035452 0 0
-0 -0 -0 0.15558 0 0 0 0 0 0 0 0.14629 -0.052128 0.0092875 0 0
