-0 -0 -0 0.10031 0 0 0 0 0 0 0 0.087006 -0.049123 0.0088681 0 0
0 0 0 0.054116 0 0 0 0 0 0 0 0.04694 -0.026502 0.0047844 0 0
-0 -0 -0 0.12829 0 0 0 0 0 0 0 0.11128 -0.062827 0.011342 0 0
0 0 0 0.17645 0 0 0 0 0 0 0 0.15305 -0.086412 0.0156 0 0
0 0 0 0.1941 0 0 0 0 0 0 0 0.16836 -0.095053 0.01716 0 0
0 0 0 0.15566 0 0 0 0 0 0 0 0.13502 -0.07623 0.013762 0 0
0 0 0 0.03788 0 0 0 0 0 0 0 0.032856 -0.01855 0.0033489 0 0
-0 -0 -0 0.031945 0 0 0 0 0 0 0 0.027708 -0.015644 0.0028242 0 0
0 0 0 0.1394 0 0 0 0 0 0 0 0.12091 -0.068265 0.012324 0 0
-0 -0 -0 0.0060154 0 0 0 0 0 0 0 0.0052177 -0.0029459 0.00053182 0 0
0 0 0 0.073161 0 0 0 0 0 0 0 0.063459 -0.035828 0.0064681 0 0
-0 -0 -0 0.19352 0 0 0 0 0 0 0 0.16786 -0.09477 0.017109 0 0
0 0 0 0.021408 0 0 0 0 0 0 0 0.018569 -0.010484 0.0018927 0 0
0 0 0 0.14198 0 0 0 0 0 0 0 0.12315 -0.069531 0.012552 0 0
-0 -0 -0 0.059976 0 0 0 0 0 0 0 0.052022 -0.029371 0.0053024 0 0
0 0 0 0.11562 0 0 0 0 0 0 0 0.10029 -0.05662 0.010222 0 0
-0 -0 -0 0.11545 0 0 0 0 0 0 0 0.10014 -0.056538 0.010207 0 0
0 0 0 0.026173 0 0 0 0 0 0 0 0.022702 -0.012818 0.002314 0 0
0 0 0 0.030052 0 0 0 0 0 0 0 0.026066 -0.014717 0.0026568 0 0
0 0 0 0.11926 0 0 0 0 0 0 0 0.10344 -0.058402 0.010543 0 0
-0 -0 -0 0.13423 0 0 0 0 0 0 0 0.11643 -0.065737 0.011868 0 0
0 0 0 0.090698 0 0 0 0 0 0 0 0.07867 -0.044417 0.0080185 0 0
-0 -0 -0 0.044658 0 0 0 0 0 0 0 0.038736 -0.02187 0.0039482 0 0
0 0 0 0.15923 0 0 0 0 0 0 0 0.13811 -0.077977 0.014077 0 0
0 0 0 0.11035 0 0 0 0 0 0 0 0.095717 -0.054041 0.009756 0 0
-0 -0 -0 0.15212 0 0 0 0 0 0 0 0.13195 -0.074498 0.013449 0 0
-0 -0 -0 0.072043 0 0 0 0 0 0 0 0.062489 -0.035281 0.0063693 0 0
0 0 0 0.083049 0 0 0 0 0 0 0 0.072035 -0.040671 0.0073423 0 0
0 0 0 0.082603 0 0 0 0 0 0 0 0.071649 -0.040452 0.0073029 0 0
0 0 0 0.032625 0 0 0 0 0 0 0 0.028298 -0.015977 0.0028843 0 0
0 0 0 0.069225 0 0 0 0 0 0 0 0.060044 -0.033901 0.0061201 0 0
-0 -0 -0 0.10612 0 0 0 0 0 0 0 0.092048 -0.051969 0.009382 0 0
0 0 0 0.1843 0 0 0 0 0 0 0 0.15986 -0.090258 0.016294 0 0
0 0 0 0.01694 0 0 0 0 0 0 0 0.014694 -0.0082958 0.0014976 0 0
0 0 0 0.18892 0 0 0 0 0 0 0 0.16386 -0.092516 0.016702 0 0
-0 -0 -0 0.16733 0 0 0 0 0 0 0 0.14514 -0.081945 0.014794 0 0
-0 -0 -0 0.067404 0 0 0 0 0 0 0 0.058466 -0.033009 0.0059591 0 0
0 0 0 0.090075 0 0 0 0 0 0 0 0.07813 -0.044111 0.0079635 0 0
0 0 0 0.067152 0 0 0 0 0 0 0 0.058247 -0.032886 0.0059369 0 0
-0 -0 -0 0.044635 0 0 0 0 0 0 0 0.038716 -0.021859 0.0039462 0 0
-0 -0 -0 0.097893 0 0 0 0 0 0 0 0.084911 -0.04794 0.0086546 0 0
-0 -0 -0 0.05983 0 0 0 0 0 0 0 0.051896 -0.0293 0.0052895 0 0
-0 -0 -0 0.16644 0 0 0 0 0 0 0 0.14437 -0.081508 0.014715 0 0
-0 -0 -0 0.18313 0 0 0 0 0 0 0 0.15884 -0.089682 0.01619 0 0
-0 -0 -0 0.091514 0 0 0 0 0 0 0 0.079378 -0.044816 0.0080907 0 0
0 0 0 0.050952 0 0 0 0 0 0 0 0.044195 -0.024952 0.0045046 0 0
-0 -0 -0 0.1639 0 0 0 0 0 0 0 0.14216 -0.080265 0.01449 0 0
-0 -0 -0 0.07849 0 0 0 0 0 0 0 0.068081 -0.038438 0.0069392 0 0
-0 -0 -0 0.00086372 0 0 0 0 0 0 0 0.00074918 -0.00042298 7.6361e-05 0 0
-0 -0 -0 0.11499 0 0 0 0 0 0 0 0.099744 -0.056315 0.010166 0 0
-0 -0 -0 0.11741 0 0 0 0 0 0 0 0.10184 -0.057499 0.01038 0 0
-0 -0 -0 0.15792 0 0 0 0 0 0 0 0.13698 -0.077337 0.013962 0 0
-0 -0 -0 0.1928 0 0 0 0 0 0 0 0.16723 -0.094417 0.017045 0 0
0 0 0 0.072927 0 0 0 0 0 0 0 0.063256 -0.035714 0.0064474 0 0
0 0 0 0.038336 0 0 0 0 0 0 0 0.033252 -0.018774 0.0033893 0 0
-0 -0 -0 0.037698 0 0 0 0 0 0 0 0.032698 -0.018461 0.0033328 0 0
-0 -0 -0 0.0031833 0 0 0 0 0 0 0 0.0027611 -0.0015589 0.00028143 0 0
0 0 0 0.10497 0 0 0 0 0 0 0 0.09105 -0.051406 0.0092804 0 0
0 0 0 0.19291 0 0 0 0 0 0 0 0.16732 -0.094469 0.017055 0 0
0 0 0 0.040946 0 0 0 0 0 0 0 0.035516 -0.020052 0.00362 0 0
0 0 0 0.05775 0 0 0 0 0 0 0 0.050092 -0.028281 0.0051057 0 0
-0 -0 -0 0.12954 0 0 0 0 0 0 0 0.11236 -0.063439 0.011453 0 0
0 0 0 0.073192 0 0 0 0 0 0 0 0.063485 -0.035843 0.0064708 0 0
0 0 0 0.085412 0 0 0 0 0 0 0 0.074086 -0.041828 0.0075512 0 0
0 0 0 0.014887 0 0 0 0 0 0 0 0.012912 -0.0072902 0.0013161 0 0
-0 -0 -0 0.18381 0 0 0 0 0 0 0 0.15943 -0.090013 0.01625 0 0
0 0 0 0.13242 0 0 0 0 0 0 0 0.11486 -0.064851 0.011708 0 0
-0 -0 -0 0.10405 0 0 0 0 0 0 0 0.090249 -0.050954 0.0091987 0 0
-0 -0 -0 0.048053 0 0 0 0 0 0 0 0.04168 -0.023532 0.0042483 0 0
0 0 0 0.059971 0 0 0 0 0 0 0 0.052018 -0.029369 0.005302 0 0
0 0 0 0.19021 0 0 0 0 0 0 0 0.16498 -0.093148 0.016816 0 0
-0 -0 -0 0.12216 0 0 0 0 0 0 0 0.10596 -0.059824 0.0108 0 0
-0 -0 -0 0.061765 0 0 0 0 0 0 0 0.053574 -0.030248 0.0054606 0 0
-0 -0 -0 0.01076 0 0 0 0 0 0 0 0.0093335 -0.0052696 0.00095132 0 0
-0 -0 -0 0.087849 0 0 0 0 0 0 0 0.076199 -0.043022 0.0077667 0 0
-0 -0 -0 0.1315 0 0 0 0 0 0 0 0.11406 -0.064399 0.011626 0 0
-0 -0 -0 0.13173 0 0 0 0 0 0 0 0.11426 -0.064512 0.011646 0 0
-0 -0 -0 0.1248 0 0 0 0 0 0 0 0.10825 -0.061117 0.011033 0 0
0 0 0 0.17926 0 0 0 0 0 0 0 0.15548 -0.087785 0.015848 0 0
0 0 0 0.14794 0 0 0 0 0 0 0 0.12832 -0.072451 0.01308 0 0
0 0 0 0.11627 0 0 0 0 0 0 0 0.10085 -0.056942 0.01028 0 0
-0 -0 -0 0.038557 0 0 0 0 0 0 0 0.033444 -0.018882 0.0034088 0 0
-0 -0 -0 0.14209 0 0 0 0 0 0 0 0.12324 -0.069582 0.012562 0 0
0 0 0 0.0087011 0 0 0 0 0 0 0 0.0075472 -0.0042611 0.00076925 0 0
-0 -0 -0 0.017611 0 0 0 0 0 0 0 0.015276 -0.0086246 0.001557 0 0
-0 -0 -0 0.10929 0 0 0 0 0 0 0 0.094798 -0.053522 0.0096624 0 0
0 0 0 0.056971 0 0 0 0 0 0 0 0.049416 -0.0279 0.0050368 0 0
-0 -0 -0 0.07829 0 0 0 0 0 0 0 0.067908 -0.03834 0.0069216 0 0
0 0 0 0.11262 0 0 0 0 0 0 0 0.097683 -0.055151 0.0099564 0 0
-0 -0 -0 0.023478 0 0 0 0 0 0 0 0.020364 -0.011498 0.0020757 0 0
-0 -0 -0 0.071132 0 0 0 0 0 0 0 0.061699 -0.034835 0.0062887 0 0
0 0 0 0.19075 0 0 0 0 0 0 0 0.16545 -0.093411 0.016864 0 0
-0 -0 -0 0.13301 0 0 0 0 0 0 0 0.11537 -0.065136 0.011759 0 0
0 0 0 0.11116 0 0 0 0 0 0 0 0.096421 -0.054439 0.0098278 0 0
-0 -0 -0 0.025211 0 0 0 0 0 0 0 0.021868 -0.012346 0.0022289 0 0
0 0 0 0.10686 0 0 0 0 0 0 0 0.092691 -0.052333 0.0094476 0 0
0 0 0 0.16186 0 0 0 0 0 0 0 0.14039 -0.079265 0.01431 0 0
0 0 0 0.1945 0 0 0 0 0 0 0 0.16871 -0.09525 0.017195 0 0
-0 -0 -0 0.0098651 0 0 0 0 0 0 0 0.0085569 -0.0048311 0.00087217 0 0
-0 -0 -0 0.094001 0 0 0 0 0 0 0 0.081535 -0.046034 0.0083106 0 0
