0 0 0 0.15885 0 0 0 0 -0 0 0 0.15646 -0.027026 0.0047778 0 0
-0 -0 -0 0.0015829 0 0 0 0 -0 0 0 0.0015591 -0.0002693 4.7608e-05 0 0
0 0 0 0.15761 0 0 0 0 -0 0 0 0.15524 -0.026816 0.0047405 0 0
0 0 0 0.12186 0 0 0 0 -0 0 0 0.12003 -0.020733 0.0036653 0 0
0 0 0 0.19092 0 0 0 0 -0 0 0 0.18805 -0.032483 0.0057424 0 0
0 0 0 0.014677 0 0 0 0 -0 0 0 0.014456 -0.002497 0.00044143 0 0
-0 -0 -0 0.1967 0 0 0 0 -0 0 0 0.19374 -0.033465 0.0059161 0 0
0 0 0 0.031243 0 0 0 0 -0 0 0 0.030773 -0.0053156 0.00093971 0 0
0 0 0 0.00045921 0 0 0 0 -0 0 0 0.00045231 -7.8129e-05 1.3812e-05 0 0
-0 -0 -0 0.13942 0 0 0 0 -0 0 0 0.13733 -0.023721 0.0041935 0 0
-0 -0 -0 0.10468 0 0 0 0 -0 0 0 0.10311 -0.017811 0.0031486 0 0
-0 -0 -0 0.053725 0 0 0 0 -0 0 0 0.052917 -0.0091406 0.0016159 0 0
-0 -0 -0 0.051981 0 0 0 0 -0 0 0 0.0512 -0.0088439 0.0015634 0 0
0 0 0 0.18224 0 0 0 0 -0 0 0 0.1795 -0.031005 0.0054812 0 0
0 0 0 0.0011229 0 0 0 0 -0 0 0 0.001106 -0.00019104 3.3773e-05 0 0
0 0 0 0.14115 0 0 0 0 -0 0 0 0.13903 -0.024015 0.0042455 0 0
-0 -0 -0 0.13449 0 0 0 0 -0 0 0 0.13247 -0.022882 0.0040452 0 0
0 0 0 0.099183 0 0 0 0 -0 0 0 0.097691 -0.016875 0.0029831 0 0
0 0 0 0.070516 0 0 0 0 -0 0 0 0.069455 -0.011997 0.0021209 0 0
0 0 0 0.061405 0 0 0 0 -0 0 0 0.060481 -0.010447 0.0018469 0 0
0 0 0 0.19566 0 0 0 0 -0 0 0 0.19271 -0.033288 0.0058848 0 0
-0 -0 -0 0.016168 0 0 0 0 -0 0 0 0.015925 -0.0027507 0.00048628 0 0
-0 -0 -0 0.16183 0 0 0 0 -0 0 0 0.1594 -0.027534 0.0048675 0 0
-0 -0 -0 0.17264 0 0 0 0 -0 0 0 0.17005 -0.029373 0.0051926 0 0
-0 -0 -0 0.19598 0 0 0 0 -0 0 0 0.19304 -0.033344 0.0058946 0 0
0 0 0 0.004469 0 0 0 0 -0 0 0 0.0044018 -0.00076033 0.00013441 0 0
0 0 0 0.016764 0 0 0 0 -0 0 0 0.016511 -0.0028521 0.0005042 0 0
0 0 0 0.094354 0 0 0 0 -0 0 0 0.092935 -0.016053 0.0028379 0 0
-0 -0 -0 0.18886 0 0 0 0 -0 0 0 0.18602 -0.032132 0.0056804 0 0
0 0 0 0.18225 0 0 0 0 -0 0 0 0.17951 -0.031008 0.0054817 0 0
0 0 0 0.14513 0 0 0 0 -0 0 0 0.14295 -0.024691 0.004365 0 0
0 0 0 0.041656 0 0 0 0 -0 0 0 0.041029 -0.0070871 0.0012529 0 0
0 0 0 0.098979 0 0 0 0 -0 0 0 0.09749 -0.01684 0.002977 0 0
0 0 0 0.079345 0 0 0 0 -0 0 0 0.078151 -0.013499 0.0023865 0 0
0 0 0 0.014106 0 0 0 0 -0 0 0 0.013894 -0.0023999 0.00042426 0 0
-0 -0 -0 0.10154 0 0 0 0 -0 0 0 0.10001 -0.017275 0.0030539 0 0
-0 -0 -0 0.11431 0 0 0 0 -0 0 0 0.11259 -0.019448 0.0034381 0 0
-0 -0 -0 0.056677 0 0 0 0 -0 0 0 0.055825 -0.0096428 0.0017047 0 0
-0 -0 -0 0.18787 0 0 0 0 -0 0 0 0.18505 -0.031964 0.0056507 0 0
-0 -0 -0 0.066513 0 0 0 0 -0 0 0 0.065513 -0.011316 0.0020005 0 0
-0 -0 -0 0.098508 0 0 0 0 -0 0 0 0.097027 -0.01676 0.0029628 0 0
-0 -0 -0 0.16621 0 0 0 0 -0 0 0 0.16371 -0.028279 0.0049992 0 0
0 0 0 0.18534 0 0 0 0 -0 0 0 0.18255 -0.031533 0.0055746 0 0
0 0 0 0.06654 0 0 0 0 -0 0 0 0.06554 -0.011321 0.0020013 0 0
0 0 0 0.17884 0 0 0 0 -0 0 0 0.17615 -0.030427 0.0053789 0 0
0 0 0 0.017927 0 0 0 0 -0 0 0 0.017657 -0.00305 0.00053919 0 0
0 0 0 0.16119 0 0 0 0 -0 0 0 0.15877 -0.027425 0.0048482 0 0
-0 -0 -0 0.16922 0 0 0 0 -0 0 0 0.16668 -0.028791 0.0050898 0 0
-0 -0 -0 0.1563 0 0 0 0 -0 0 0 0.15395 -0.026592 0.0047011 0 0
-0 -0 -0 0.18952 0 0 0 0 -0 0 0 0.18667 -0.032244 0.0057002 0 0
-0 -0 -0 0.15505 0 0 0 0 -0 0 0 0.15272 -0.02638 0.0046635 0 0
0 0 0 0.075064 0 0 0 0 -0 0 0 0.073936 -0.012771 0.0022577 0 0
-0 -0 -0 0.017618 0 0 0 0 -0 0 0 0.017353 -0.0029975 0.0005299 0 0
0 0 0 0.14696 0 0 0 0 -0 0 0 0.14475 -0.025004 0.0044202 0 0
0 0 0 0.073619 0 0 0 0 -0 0 0 0.072512 -0.012525 0.0022143 0 0
-0 -0 -0 0.088156 0 0 0 0 -0 0 0 0.08683 -0.014998 0.0026515 0 0
-0 -0 -0 0.098894 0 0 0 0 -0 0 0 0.097407 -0.016826 0.0029745 0 0
-0 -0 -0 0.15049 0 0 0 0 -0 0 0 0.14823 -0.025604 0.0045263 0 0
-0 -0 -0 0.12883 0 0 0 0 -0 0 0 0.12689 -0.021918 0.0038747 0 0
0 0 0 0.03145 0 0 0 0 -0 0 0 0.030977 -0.0053508 0.00094592 0 0
-0 -0 -0 0.020809 0 0 0 0 -0 0 0 0.020496 -0.0035403 0.00062587 0 0
0 0 0 0.036158 0 0 0 0 -0 0 0 0.035615 -0.0061519 0.0010875 0 0
0 0 0 0.10721 0 0 0 0 -0 0 0 0.10559 -0.018239 0.0032244 0 0
-0 -0 -0 0.011105 0 0 0 0 -0 0 0 0.010938 -0.0018894 0.00033402 0 0
0 0 0 0.1138 0 0 0 0 -0 0 0 0.11209 -0.019361 0.0034228 0 0
0 0 0 0.17519 0 0 0 0 -0 0 0 0.17255 -0.029805 0.0052691 0 0
0 0 0 0.15944 0 0 0 0 -0 0 0 0.15704 -0.027126 0.0047954 0 0
-0 -0 -0 0.020406 0 0 0 0 -0 0 0 0.020099 -0.0034717 0.00061374 0 0
-0 -0 -0 0.065886 0 0 0 0 -0 0 0 0.064895 -0.01121 0.0019817 0 0
0 0 0 0.12785 0 0 0 0 -0 0 0 0.12593 -0.021752 0.0038454 0 0
-0 -0 -0 0.17562 0 0 0 0 -0 0 0 0.17298 -0.02988 0.0052823 0 0
-0 -0 -0 0.074897 0 0 0 0 -0 0 0 0.073771 -0.012743 0.0022527 0 0
-0 -0 -0 0.1351 0 0 0 0 -0 0 0 0.13306 -0.022985 0.0040633 0 0
0 0 0 0.0065333 0 0 0 0 -0 0 0 0.0064351 -0.0011116 0.0001965 0 0
-0 -0 -0 0.14059 0 0 0 0 -0 0 0 0.13848 -0.02392 0.0042286 0 0
-0 -0 -0 0.17059 0 0 0 0 -0 0 0 0.16802 -0.029023 0.0051308 0 0
0 0 0 0.036418 0 0 0 0 -0 0 0 0.035871 -0.006196 0.0010954 0 0
0 0 0 0.092147 0 0 0 0 -0 0 0 0.090762 -0.015678 0.0027715 0 0
0 0 0 0.19633 0 0 0 0 -0 0 0 0.19338 -0.033403 0.0059051 0 0
-0 -0 -0 0.056224 0 0 0 0 -0 0 0 0.055379 -0.0095658 0.0016911 0 0
-0 -0 -0 0.085987 0 0 0 0 -0 0 0 0.084694 -0.014629 0.0025862 0 0
-0 -0 -0 0.1273 0 0 0 0 -0 0 0 0.12538 -0.021657 0.0038287 0 0
-0 -0 -0 0.076442 0 0 0 0 -0 0 0 0.075292 -0.013006 0.0022991 0 0
-0 -0 -0 0.11302 0 0 0 0 -0 0 0 0.11132 -0.019228 0.0033992 0 0
0 0 0 0.041771 0 0 0 0 -0 0 0 0.041142 -0.0071067 0.0012563 0 0
0 0 0 0.15896 0 0 0 0 -0 0 0 0.15657 -0.027045 0.0047811 0 0
0 0 0 0.01545 0 0 0 0 -0 0 0 0.015217 -0.0026286 0.00046469 0 0
0 0 0 0.065111 0 0 0 0 -0 0 0 0.064132 -0.011078 0.0019584 0 0
-0 -0 -0 0.14655 0 0 0 0 -0 0 0 0.14434 -0.024933 0.0044077 0 0
0 0 0 0.00039635 0 0 0 0 -0 0 0 0.00039039 -6.7433e-05 1.1921e-05 0 0
0 0 0 0.097883 0 0 0 0 -0 0 0 0.096411 -0.016654 0.002944 0 0
-0 -0 -0 0.086736 0 0 0 0 -0 0 0 0.085431 -0.014757 0.0026088 0 0
0 0 0 0.0725 0 0 0 0 -0 0 0 0.071409 -0.012335 0.0021806 0 0
-0 -0 -0 0.087809 0 0 0 0 -0 0 0 0.086488 -0.014939 0.002641 0 0
0 0 0 0.02806 0 0 0 0 -0 0 0 0.027638 -0.004774 0.00084396 0 0
-0 -0 -0 0.0011337 0 0 0 0 -0 0 0 0.0011166 -0.00019288 3.4098e-05 0 0
0 0 0 0.1869 0 0 0 0 -0 0 0 0.18409 -0.031799 0.0056215 0 0
0 0 0 0.024465 0 0 0 0 -0 0 0 0.024097 -0.0041624 0.00073584 0 0
-0 -0 -0 0.13357 0 0 0 0 -0 0 0 0.13156 -0.022725 0.0040174 0 0
-0 -0 -0 0.060601 0 0 0 0 -0 0 0 0.05969 -0.01031 0.0018227 0 0
