0 0 0 0.13487 0 0 0 0 0 0 0 0.13487 0 0 0 0
-0 -0 -0 0.031021 0 0 0 0 0 0 0 0.031021 0 0 0 0
-0 -0 -0 0.024381 0 0 0 0 0 0 0 0.024381 0 0 0 0
-0 -0 -0 0.0025201 0 0 0 0 0 0 0 0.0025201 0 0 0 0
-0 -0 -0 0.065601 0 0 0 0 0 0 0 0.065601 0 0 0 0
-0 -0 -0 0.010452 0 0 0 0 0 0 0 0.010452 0 0 0 0
-0 -0 -0 0.033657 0 0 0 0 0 0 0 0.033657 0 0 0 0
0 0 0 0.18906 0 0 0 0 0 0 0 0.18906 0 0 0 0
0 0 0 0.12754 0 0 0 0 0 0 0 0.12754 0 0 0 0
0 0 0 0.091114 0 0 0 0 0 0 0 0.091114 0 0 0 0
-0 -0 -0 0.1 0 0 0 0 0 0 0 0.1 0 0 0 0
-0 -0 -0 0.10862 0 0 0 0 0 0 0 0.10862 0 0 0 0
-0 -0 -0 0.1493 0 0 0 0 0 0 0 0.1493 0 0 0 0
0 0 0 0.085208 0 0 0 0 0 0 0 0.085208 0 0 0 0
0 0 0 0.0094492 0 0 0 0 0 0 0 0.0094492 0 0 0 0
0 0 0 0.052432 0 0 0 0 0 0 0 0.052432 0 0 0 0
0 0 0 0.19769 0 0 0 0 0 0 0 0.19769 0 0 0 0
-0 -0 -0 0.1645 0 0 0 0 0 0 0 0.1645 0 0 0 0
0 0 0 0.17428 0 0 0 0 0 0 0 0.17428 0 0 0 0
-0 -0 -0 0.093141 0 0 0 0 0 0 0 0.093141 0 0 0 0
0 0 0 0.17103 0 0 0 0 0 0 0 0.17103 0 0 0 0
0 0 0 0.1405 0 0 0 0 0 0 0 0.1405 0 0 0 0
-0 -0 -0 0.17858 0 0 0 0 0 0 0 0.17858 0 0 0 0
-0 -0 -0 0.076988 0 0 0 0 0 0 0 0.076988 0 0 0 0
-0 -0 -0 0.11425 0 0 0 0 0 0 0 0.11425 0 0 0 0
0 0 0 0.17554 0 0 0 0 0 0 0 0.17554 0 0 0 0
-0 -0 -0 0.13959 0 0 0 0 0 0 0 0.13959 0 0 0 0
0 0 0 0.15659 0 0 0 0 0 0 0 0.15659 0 0 0 0
0 0 0 0.11988 0 0 0 0 0 0 0 0.11988 0 0 0 0
0 0 0 0.074931 0 0 0 0 0 0 0 0.074931 0 0 0 0
0 0 0 0.081184 0 0 0 0 0 0 0 0.081184 0 0 0 0
0 0 0 0.14872 0 0 0 0 0 0 0 0.14872 0 0 0 0
0 0 0 0.14604 0 0 0 0 0 0 0 0.14604 0 0 0 0
-0 -0 -0 0.0095338 0 0 0 0 0 0 0 0.0095338 0 0 0 0
-0 -0 -0 0.15086 0 0 0 0 0 0 0 0.15086 0 0 0 0
0 0 0 0.034709 0 0 0 0 0 0 0 0.034709 0 0 0 0
-0 -0 -0 0.15541 0 0 0 0 0 0 0 0.15541 0 0 0 0
-0 -0 -0 0.051575 0 0 0 0 0 0 0 0.051575 0 0 0 0
-0 -0 -0 0.12849 0 0 0 0 0 0 0 0.12849 0 0 0 0
-0 -0 -0 0.05927 0 0 0 0 0 0 0 0.05927 0 0 0 0
-0 -0 -0 0.12231 0 0 0 0 0 0 0 0.12231 0 0 0 0
-0 -0 -0 0.12041 0 0 0 0 0 0 0 0.12041 0 0 0 0
-0 -0 -0 0.15197 0 0 0 0 0 0 0 0.15197 0 0 0 0
0 0 0 0.11487 0 0 0 0 0 0 0 0.11487 0 0 0 0
-0 -0 -0 0.15169 0 0 0 0 0 0 0 0.15169 0 0 0 0
-0 -0 -0 0.077741 0 0 0 0 0 0 0 0.077741 0 0 0 0
0 0 0 0.057466 0 0 0 0 0 0 0 0.057466 0 0 0 0
0 0 0 0.05926 0 0 0 0 0 0 0 0.05926 0 0 0 0
0 0 0 0.029848 0 0 0 0 0 0 0 0.029848 0 0 0 0
-0 -0 -0 0.10177 0 0 0 0 0 0 0 0.10177 0 0 0 0
-0 -0 -0 0.18397 0 0 0 0 0 0 0 0.18397 0 0 0 0
0 0 0 0.06024 0 0 0 0 0 0 0 0.06024 0 0 0 0
-0 -0 -0 0.023666 0 0 0 0 0 0 0 0.023666 0 0 0 0
-0 -0 -0 0.049574 0 0 0 0 0 0 0 0.049574 0 0 0 0
0 0 0 0.029634 0 0 0 0 0 0 0 0.029634 0 0 0 0
-0 -0 -0 0.13755 0 0 0 0 0 0 0 0.13755 0 0 0 0
0 0 0 0.18962 0 0 0 0 0 0 0 0.18962 0 0 0 0
-0 -0 -0 0.11297 0 0 0 0 0 0 0 0.11297 0 0 0 0
0 0 0 0.1445 0 0 0 0 0 0 0 0.1445 0 0 0 0
0 0 0 0.099079 0 0 0 0 0 0 0 0.099079 0 0 0 0
-0 -0 -0 0.017259 0 0 0 0 0 0 0 0.017259 0 0 0 0
-0 -0 -0 0.10911 0 0 0 0 0 0 0 0.10911 0 0 0 0
-0 -0 -0 0.15566 0 0 0 0 0 0 0 0.15566 0 0 0 0
-0 -0 -0 0.037017 0 0 0 0 0 0 0 0.037017 0 0 0 0
0 0 0 0.036793 0 0 0 0 0 0 0 0.036793 0 0 0 0
0 0 0 0.1012 0 0 0 0 0 0 0 0.1012 0 0 0 0
0 0 0 0.022671 0 0 0 0 0 0 0 0.022671 0 0 0 0
0 0 0 0.15126 0 0 0 0 0 0 0 0.15126 0 0 0 0
-0 -0 -0 0.18278 0 0 0 0 0 0 0 0.18278 0 0 0 0
0 0 0 0.15324 0 0 0 0 0 0 0 0.15324 0 0 0 0
0 0 0 0.070535 0 0 0 0 0 0 0 0.070535 0 0 0 0
0 0 0 0.12119 0 0 0 0 0 0 0 0.12119 0 0 0 0
-0 -0 -0 0.10955 0 0 0 0 0 0 0 0.10955 0 0 0 0
0 0 0 0.13181 0 0 0 0 0 0 0 0.13181 0 0 0 0
0 0 0 0.17257 0 0 0 0 0 0 0 0.17257 0 0 0 0
0 0 0 0.066465 0 0 0 0 0 0 0 0.066465 0 0 0 0
0 0 0 0.048886 0 0 0 0 0 0 0 0.048886 0 0 0 0
-0 -0 -0 0.12728 0 0 0 0 0 0 0 0.12728 0 0 0 0
-0 -0 -0 0.16675 0 0 0 0 0 0 0 0.16675 0 0 0 0
-0 -0 -0 0.16341 0 0 0 0 0 0 0 0.16341 0 0 0 0
0 0 0 0.13037 0 0 0 0 0 0 0 0.13037 0 0 0 0
-0 -0 -0 0.1731 0 0 0 0 0 0 0 0.1731 0 0 0 0
0 0 0 0.05495 0 0 0 0 0 0 0 0.05495 0 0 0 0
-0 -0 -0 0.092653 0 0 0 0 0 0 0 0.092653 0 0 0 0
-0 -0 -0 0.053071 0 0 0 0 0 0 0 0.053071 0 0 0 0
-0 -0 -0 0.029356 0 0 0 0 0 0 0 0.029356 0 0 0 0
-0 -0 -0 0.049484 0 0 0 0 0 0 0 0.049484 0 0 0 0
-0 -0 -0 0.091147 0 0 0 0 0 0 0 0.091147 0 0 0 0
-0 -0 -0 0.082826 0 0 0 0 0 0 0 0.082826 0 0 0 0
0 0 0 0.18237 0 0 0 0 0 0 0 0.18237 0 0 0 0
-0 -0 -0 0.046954 0 0 0 0 0 0 0 0.046954 0 0 0 0
-0 -0 -0 0.0065251 0 0 0 0 0 0 0 0.0065251 0 0 0 0
0 0 0 0.12324 0 0 0 0 0 0 0 0.12324 0 0 0 0
-0 -0 -0 0.17354 0 0 0 0 0 0 0 0.17354 0 0 0 0
-0 -0 -0 0.10483 0 0 0 0 0 0 0 0.10483 0 0 0 0
-0 -0 -0 0.075653 0 0 0 0 0 0 0 0.075653 0 0 0 0
-0 -0 -0 0.049912 0 0 0 0 0 0 0 0.049912 0 0 0 0
0 0 0 0.011838 0 0 0 0 0 0 0 0.011838 0 0 0 0
-0 -0 -0 0.19604 0 0 0 0 0 0 0 0.19604 0 0 0 0
0 0 0 0.12453 0 0 0 0 0 0 0 0.12453 0 0 0 0
