0 0 0.023918 0 0 0 0 0 0 0 0 0 0 0.0014278 0.008014 0.02249 -0.00035477 0.0025037 -0.00086962 0 0
0 0 0.099386 0 0 0 0 0 0 0 0 0 0 0.0059329 0.0333 0.093453 -0.0018871 0.010348 -0.0035675 0 0
-0 -0 -0.25606 0 0 0 0 0 0 0 0 0 0 -0.015286 -0.085794 -0.24077 -0.0001905 -0.026889 0.0095935 0 0
0 0 0.24159 0 0 0 0 0 0 0 0 0 0 0.014422 0.080946 0.22717 -0.0064492 0.02477 -0.0084171 0 0
0 0 0.32855 0 0 0 0 0 0 0 0 0 0 0.019613 0.11008 0.30894 -0.010285 0.033257 -0.011198 0 0
0 0 0.018109 0 0 0 0 0 0 0 0 0 0 0.001081 0.0060675 0.017028 -0.00026279 0.0018962 -0.000659 0 0
0 0 0.18057 0 0 0 0 0 0 0 0 0 0 0.010779 0.060502 0.16979 -0.0042274 0.018653 -0.0063781 0 0
-0 -0 -0.061679 0 0 0 0 0 0 0 0 0 0 -0.003682 -0.020666 -0.057997 0.00062205 -0.0064807 0.0022698 0 0
0 0 0.31721 0 0 0 0 0 0 0 0 0 0 0.018936 0.10628 0.29828 -0.0097409 0.032168 -0.010844 0 0
-0 -0 -0.024679 0 0 0 0 0 0 0 0 0 0 -0.0014732 -0.0082689 -0.023206 0.00029962 -0.0025896 0.00090375 0 0
0 0 0.23511 0 0 0 0 0 0 0 0 0 0 0.014035 0.078776 0.22107 -0.0061948 0.024127 -0.0082039 0 0
0 0 0.34369 0 0 0 0 0 0 0 0 0 0 0.020517 0.11516 0.32317 -0.011031 0.034703 -0.011665 0 0
-0 -0 -0.32482 0 0 0 0 0 0 0 0 0 0 -0.01939 -0.10883 -0.30543 -0.0014817 -0.034 0.012209 0 0
0 0 0.18892 0 0 0 0 0 0 0 0 0 0 0.011278 0.063299 0.17764 -0.004508 0.019496 -0.006661 0 0
-0 -0 -0.07074 0 0 0 0 0 0 0 0 0 0 -0.0042229 -0.023702 -0.066517 0.00067777 -0.0074347 0.0026062 0 0
0 0 0.16575 0 0 0 0 0 0 0 0 0 0 0.0098946 0.055536 0.15585 -0.0037472 0.017149 -0.0058729 0 0
-0 -0 -0.0048088 0 0 0 0 0 0 0 0 0 0 -0.00028707 -0.0016113 -0.0045218 6.3682e-05 -0.00050415 0.0001756 0 0
-0 -0 -0.10223 0 0 0 0 0 0 0 0 0 0 -0.0061026 -0.034252 -0.096125 0.00080024 -0.010751 0.0037802 0 0
-0 -0 -0.014589 0 0 0 0 0 0 0 0 0 0 -0.00087091 -0.0048882 -0.013718 0.00018529 -0.0015302 0.00053349 0 0
-0 -0 -0.044238 0 0 0 0 0 0 0 0 0 0 -0.0026409 -0.014822 -0.041597 0.00048904 -0.0046456 0.0016243 0 0
0 0 0.24649 0 0 0 0 0 0 0 0 0 0 0.014714 0.082587 0.23177 -0.0066445 0.025256 -0.0085777 0 0
-0 -0 -0.24417 0 0 0 0 0 0 0 0 0 0 -0.014576 -0.081813 -0.2296 -2.0225e-05 -0.025651 0.0091417 0 0
-0 -0 -0.32192 0 0 0 0 0 0 0 0 0 0 -0.019218 -0.10786 -0.30271 -0.0014169 -0.033703 0.012099 0 0
-0 -0 -0.13825 0 0 0 0 0 0 0 0 0 0 -0.0082533 -0.046324 -0.13 0.00080467 -0.014545 0.0051319 0 0
-0 -0 -0.052842 0 0 0 0 0 0 0 0 0 0 -0.0031545 -0.017705 -0.049687 0.00055889 -0.0055507 0.0019424 0 0
0 0 0.057461 0 0 0 0 0 0 0 0 0 0 0.0034302 0.019253 0.054031 -0.00095867 0.0060021 -0.0020779 0 0
0 0 0.29532 0 0 0 0 0 0 0 0 0 0 0.017629 0.098949 0.27769 -0.0087276 0.03005 -0.010154 0 0
0 0 0.018397 0 0 0 0 0 0 0 0 0 0 0.0010982 0.006164 0.017299 -0.00026726 0.0019263 -0.00066945 0 0
0 0 0.34634 0 0 0 0 0 0 0 0 0 0 0.020675 0.11604 0.32566 -0.011164 0.034955 -0.011747 0 0
-0 -0 -0.081421 0 0 0 0 0 0 0 0 0 0 -0.0048605 -0.027281 -0.076561 0.00073171 -0.0085595 0.0030036 0 0
-0 -0 -0.11816 0 0 0 0 0 0 0 0 0 0 -0.0070537 -0.039591 -0.11111 0.00082007 -0.012429 0.0043769 0 0
0 0 0.056173 0 0 0 0 0 0 0 0 0 0 0.0033533 0.018821 0.05282 -0.00093319 0.005868 -0.0020317 0 0
0 0 0.31068 0 0 0 0 0 0 0 0 0 0 0.018546 0.1041 0.29213 -0.0094334 0.031538 -0.010639 0 0
-0 -0 -0.24571 0 0 0 0 0 0 0 0 0 0 -0.014668 -0.082326 -0.23104 -4.1292e-05 -0.025811 0.0091999 0 0
-0 -0 -0.24933 0 0 0 0 0 0 0 0 0 0 -0.014884 -0.08354 -0.23444 -9.2166e-05 -0.026189 0.0093377 0 0
-0 -0 -0.26828 0 0 0 0 0 0 0 0 0 0 -0.016015 -0.089891 -0.25227 -0.00038203 -0.02816 0.010059 0 0
0 0 0.27169 0 0 0 0 0 0 0 0 0 0 0.016219 0.091031 0.25547 -0.0076889 0.027741 -0.009397 0 0
-0 -0 -0.34583 0 0 0 0 0 0 0 0 0 0 -0.020645 -0.11587 -0.32519 -0.0019797 -0.036153 0.013008 0 0
-0 -0 -0.082449 0 0 0 0 0 0 0 0 0 0 -0.0049219 -0.027626 -0.077528 0.00073623 -0.0086678 0.0030419 0 0
-0 -0 -0.032589 0 0 0 0 0 0 0 0 0 0 -0.0019454 -0.010919 -0.030644 0.00038135 -0.0034208 0.0011947 0 0
-0 -0 -0.27923 0 0 0 0 0 0 0 0 0 0 -0.016669 -0.093558 -0.26256 -0.00056749 -0.029296 0.010475 0 0
-0 -0 -0.022954 0 0 0 0 0 0 0 0 0 0 -0.0013703 -0.0076911 -0.021584 0.00028088 -0.0024085 0.00084039 0 0
-0 -0 -0.11337 0 0 0 0 0 0 0 0 0 0 -0.0067679 -0.037986 -0.1066 0.00081708 -0.011925 0.0041974 0 0
0 0 0.097709 0 0 0 0 0 0 0 0 0 0 0.0058328 0.032738 0.091876 -0.0018463 0.010175 -0.0035084 0 0
0 0 0.29862 0 0 0 0 0 0 0 0 0 0 0.017826 0.10006 0.28079 -0.0088773 0.03037 -0.010258 0 0
-0 -0 -0.30897 0 0 0 0 0 0 0 0 0 0 -0.018444 -0.10352 -0.29052 -0.001138 -0.03237 0.011607 0 0
0 0 0.29245 0 0 0 0 0 0 0 0 0 0 0.017458 0.097987 0.27499 -0.0085983 0.02977 -0.010062 0 0
0 0 0.18003 0 0 0 0 0 0 0 0 0 0 0.010747 0.060322 0.16929 -0.0042095 0.018598 -0.0063598 0 0
0 0 0.17448 0 0 0 0 0 0 0 0 0 0 0.010416 0.058461 0.16406 -0.0040271 0.018035 -0.0061709 0 0
-0 -0 -0.16932 0 0 0 0 0 0 0 0 0 0 -0.010108 -0.056733 -0.15921 0.00069221 -0.017813 0.0063034 0 0
-0 -0 -0.17284 0 0 0 0 0 0 0 0 0 0 -0.010318 -0.057913 -0.16253 0.00067266 -0.018183 0.0064365 0 0
0 0 0.23571 0 0 0 0 0 0 0 0 0 0 0.014071 0.078976 0.22164 -0.006218 0.024186 -0.0082236 0 0
0 0 0.041516 0 0 0 0 0 0 0 0 0 0 0.0024783 0.01391 0.039037 -0.00065614 0.0043411 -0.0015052 0 0
0 0 0.16427 0 0 0 0 0 0 0 0 0 0 0.0098062 0.055039 0.15446 -0.0037005 0.016998 -0.0058222 0 0
0 0 0.25064 0 0 0 0 0 0 0 0 0 0 0.014963 0.083981 0.23568 -0.0068123 0.025668 -0.0087138 0 0
-0 -0 -0.065174 0 0 0 0 0 0 0 0 0 0 -0.0038906 -0.021837 -0.061283 0.00064462 -0.0068486 0.0023994 0 0
-0 -0 -0.092326 0 0 0 0 0 0 0 0 0 0 -0.0055115 -0.030935 -0.086814 0.00077365 -0.0097081 0.0034102 0 0
-0 -0 -0.2112 0 0 0 0 0 0 0 0 0 0 -0.012608 -0.070765 -0.19859 0.00037037 -0.022206 0.0078893 0 0
0 0 0.19833 0 0 0 0 0 0 0 0 0 0 0.01184 0.066452 0.18649 -0.0048334 0.020445 -0.0069785 0 0
-0 -0 -0.29935 0 0 0 0 0 0 0 0 0 0 -0.01787 -0.1003 -0.28148 -0.00094296 -0.031378 0.011241 0 0
-0 -0 -0.20424 0 0 0 0 0 0 0 0 0 0 -0.012192 -0.068432 -0.19205 0.0004374 -0.021477 0.0076252 0 0
-0 -0 -0.32245 0 0 0 0 0 0 0 0 0 0 -0.019249 -0.10804 -0.3032 -0.0014286 -0.033757 0.012119 0 0
0 0 0.040919 0 0 0 0 0 0 0 0 0 0 0.0024427 0.01371 0.038477 -0.00064537 0.0042789 -0.0014837 0 0
-0 -0 -0.01757 0 0 0 0 0 0 0 0 0 0 -0.0010489 -0.0058872 -0.016522 0.00022025 -0.0018432 0.00064279 0 0
-0 -0 -0.083119 0 0 0 0 0 0 0 0 0 0 -0.0049619 -0.02785 -0.078157 0.00073911 -0.0087383 0.0030668 0 0
-0 -0 -0.20916 0 0 0 0 0 0 0 0 0 0 -0.012486 -0.070082 -0.19668 0.00039054 -0.021993 0.0078121 0 0
0 0 0.30478 0 0 0 0 0 0 0 0 0 0 0.018194 0.10212 0.28659 -0.0091597 0.030968 -0.010453 0 0
-0 -0 -0.22691 0 0 0 0 0 0 0 0 0 0 -0.013546 -0.07603 -0.21337 0.00019929 -0.02385 0.0084858 0 0
-0 -0 -0.23515 0 0 0 0 0 0 0 0 0 0 -0.014038 -0.078789 -0.22111 9.8666e-05 -0.02471 0.0087987 0 0
-0 -0 -0.19614 0 0 0 0 0 0 0 0 0 0 -0.011709 -0.065719 -0.18443 0.00050859 -0.020628 0.0073183 0 0
-0 -0 -0.10841 0 0 0 0 0 0 0 0 0 0 -0.0064717 -0.036324 -0.10194 0.0008113 -0.011403 0.0040116 0 0
-0 -0 -0.099929 0 0 0 0 0 0 0 0 0 0 -0.0059654 -0.033482 -0.093964 0.00079504 -0.010509 0.0036942 0 0
0 0 0.029478 0 0 0 0 0 0 0 0 0 0 0.0017597 0.0098769 0.027718 -0.00044629 0.0030847 -0.0010708 0 0
0 0 0.23353 0 0 0 0 0 0 0 0 0 0 0.013941 0.078246 0.21959 -0.0061333 0.023969 -0.0081517 0 0
-0 -0 -0.25425 0 0 0 0 0 0 0 0 0 0 -0.015178 -0.085189 -0.23907 -0.0001636 -0.026701 0.0095248 0 0
0 0 0.22326 0 0 0 0 0 0 0 0 0 0 0.013328 0.074805 0.20993 -0.0057405 0.022945 -0.0078117 0 0
0 0 0.26362 0 0 0 0 0 0 0 0 0 0 0.015737 0.088328 0.24788 -0.0073473 0.026948 -0.0091361 0 0
-0 -0 -0.06145 0 0 0 0 0 0 0 0 0 0 -0.0036683 -0.020589 -0.057782 0.00062052 -0.0064566 0.0022613 0 0
-0 -0 -0.24087 0 0 0 0 0 0 0 0 0 0 -0.014379 -0.080707 -0.2265 2.4293e-05 -0.025307 0.0090163 0 0
-0 -0 -0.17984 0 0 0 0 0 0 0 0 0 0 -0.010736 -0.060258 -0.16911 0.00062973 -0.018918 0.0067012 0 0
0 0 0.27674 0 0 0 0 0 0 0 0 0 0 0.01652 0.092723 0.26022 -0.007906 0.028236 -0.0095596 0 0
0 0 0.029445 0 0 0 0 0 0 0 0 0 0 0.0017578 0.0098659 0.027687 -0.00044575 0.0030813 -0.0010697 0 0
-0 -0 -0.17784 0 0 0 0 0 0 0 0 0 0 -0.010616 -0.059586 -0.16722 0.00064258 -0.018708 0.0066254 0 0
-0 -0 -0.25504 0 0 0 0 0 0 0 0 0 0 -0.015225 -0.085455 -0.23982 -0.00017541 -0.026784 0.009555 0 0
0 0 0.15909 0 0 0 0 0 0 0 0 0 0 0.0094974 0.053306 0.1496 -0.0035393 0.016472 -0.0056449 0 0
0 0 0.079707 0 0 0 0 0 0 0 0 0 0 0.0047582 0.026707 0.074949 -0.0014274 0.0083121 -0.0028713 0 0
-0 -0 -0.33123 0 0 0 0 0 0 0 0 0 0 -0.019773 -0.11098 -0.31146 -0.0016287 -0.034659 0.012453 0 0
-0 -0 -0.25376 0 0 0 0 0 0 0 0 0 0 -0.015149 -0.085026 -0.23861 -0.00015642 -0.02665 0.0095063 0 0
-0 -0 -0.33255 0 0 0 0 0 0 0 0 0 0 -0.019852 -0.11143 -0.3127 -0.0016594 -0.034794 0.012503 0 0
0 0 0.27543 0 0 0 0 0 0 0 0 0 0 0.016442 0.092286 0.25899 -0.0078496 0.028109 -0.0095176 0 0
-0 -0 -0.2634 0 0 0 0 0 0 0 0 0 0 -0.015724 -0.088256 -0.24768 -0.00030364 -0.027653 0.009873 0 0
-0 -0 -0.24099 0 0 0 0 0 0 0 0 0 0 -0.014386 -0.080747 -0.22661 2.2739e-05 -0.02532 0.0090207 0 0
-0 -0 -0.22174 0 0 0 0 0 0 0 0 0 0 -0.013237 -0.074296 -0.2085 0.00025866 -0.023309 0.0082893 0 0
0 0 0.05509 0 0 0 0 0 0 0 0 0 0 0.0032887 0.018459 0.051802 -0.00091192 0.0057554 -0.0019929 0 0
-0 -0 -0.29218 0 0 0 0 0 0 0 0 0 0 -0.017442 -0.097896 -0.27473 -0.00080391 -0.030636 0.010968 0 0
-0 -0 -0.093215 0 0 0 0 0 0 0 0 0 0 -0.0055646 -0.031233 -0.08765 0.00077648 -0.0098018 0.0034434 0 0
-0 -0 -0.25168 0 0 0 0 0 0 0 0 0 0 -0.015024 -0.084328 -0.23666 -0.00012598 -0.026434 0.0094271 0 0
0 0 0.062913 0 0 0 0 0 0 0 0 0 0 0.0037557 0.02108 0.059158 -0.0010685 0.006569 -0.0022729 0 0
0 0 0.114 0 0 0 0 0 0 0 0 0 0 0.0068055 0.038198 0.1072 -0.0022559 0.011855 -0.0040811 0 0
0 0 0.052247 0 0 0 0 0 0 0 0 0 0 0.003119 0.017506 0.049128 -0.00085667 0.0054594 -0.001891 0 0
