0 0 0 0.14407 0 0 0 0 -0 0 0 0.14191 -0.024512 0.0043333 0 0
0 0 0 0.059795 0 0 0 0 -0 0 0 0.058896 -0.010173 0.0017985 0 0
0 0 0 0.047578 0 0 0 0 -0 0 0 0.046863 -0.0080948 0.001431 0 0
0 0 0 0.035744 0 0 0 0 -0 0 0 0.035206 -0.0060813 0.0010751 0 0
0 0 0 0.07166 0 0 0 0 -0 0 0 0.070582 -0.012192 0.0021553 0 0
-0 -0 -0 0.15465 0 0 0 0 -0 0 0 0.15232 -0.026312 0.0046514 0 0
-0 -0 -0 0.039032 0 0 0 0 -0 0 0 0.038445 -0.0066408 0.001174 0 0
0 0 0 0.073342 0 0 0 0 -0 0 0 0.072239 -0.012478 0.0022059 0 0
0 0 0 0.11269 0 0 0 0 -0 0 0 0.111 -0.019173 0.0033895 0 0
-0 -0 -0 0.13526 0 0 0 0 -0 0 0 0.13323 -0.023013 0.0040682 0 0
0 0 0 0.053683 0 0 0 0 -0 0 0 0.052876 -0.0091335 0.0016146 0 0
0 0 0 0.12417 0 0 0 0 -0 0 0 0.1223 -0.021125 0.0037345 0 0
0 0 0 0.039112 0 0 0 0 -0 0 0 0.038524 -0.0066544 0.0011764 0 0
0 0 0 0.19781 0 0 0 0 -0 0 0 0.19484 -0.033655 0.0059497 0 0
-0 -0 -0 0.11714 0 0 0 0 -0 0 0 0.11538 -0.01993 0.0035232 0 0
-0 -0 -0 0.041872 0 0 0 0 -0 0 0 0.041242 -0.007124 0.0012594 0 0
-0 -0 -0 0.037841 0 0 0 0 -0 0 0 0.037272 -0.0064382 0.0011382 0 0
0 0 0 0.19461 0 0 0 0 -0 0 0 0.19168 -0.03311 0.0058533 0 0
-0 -0 -0 0.088057 0 0 0 0 -0 0 0 0.086733 -0.014982 0.0026485 0 0
0 0 0 0.011924 0 0 0 0 -0 0 0 0.011745 -0.0020288 0.00035865 0 0
-0 -0 -0 0.17425 0 0 0 0 -0 0 0 0.17163 -0.029647 0.005241 0 0
-0 -0 -0 0.086401 0 0 0 0 -0 0 0 0.085102 -0.0147 0.0025987 0 0
0 0 0 0.090675 0 0 0 0 -0 0 0 0.089311 -0.015427 0.0027272 0 0
-0 -0 -0 0.10739 0 0 0 0 -0 0 0 0.10577 -0.018271 0.00323 0 0
-0 -0 -0 0.10677 0 0 0 0 -0 0 0 0.10517 -0.018166 0.0032114 0 0
0 0 0 0.031306 0 0 0 0 -0 0 0 0.030835 -0.0053262 0.00094158 0 0
0 0 0 0.19129 0 0 0 0 -0 0 0 0.18841 -0.032545 0.0057534 0 0
0 0 0 0.13839 0 0 0 0 -0 0 0 0.13631 -0.023545 0.0041624 0 0
-0 -0 -0 0.14576 0 0 0 0 -0 0 0 0.14357 -0.0248 0.0043841 0 0
0 0 0 0.17238 0 0 0 0 -0 0 0 0.16978 -0.029328 0.0051846 0 0
0 0 0 0.12468 0 0 0 0 -0 0 0 0.1228 -0.021212 0.0037499 0 0
-0 -0 -0 0.029755 0 0 0 0 -0 0 0 0.029308 -0.0050624 0.00089495 0 0
0 0 0 0.00032675 0 0 0 0 -0 0 0 0.00032184 -5.5592e-05 9.8277e-06 0 0
0 0 0 0.1545 0 0 0 0 -0 0 0 0.15218 -0.026287 0.004647 0 0
-0 -0 -0 0.049764 0 0 0 0 -0 0 0 0.049016 -0.0084667 0.0014968 0 0
-0 -0 -0 0.032568 0 0 0 0 -0 0 0 0.032079 -0.0055411 0.00097956 0 0
0 0 0 0.16375 0 0 0 0 -0 0 0 0.16129 -0.02786 0.0049251 0 0
0 0 0 0.14997 0 0 0 0 -0 0 0 0.14771 -0.025515 0.0045106 0 0
-0 -0 -0 0.14724 0 0 0 0 -0 0 0 0.14503 -0.025051 0.0044286 0 0
0 0 0 0.1341 0 0 0 0 -0 0 0 0.13209 -0.022816 0.0040335 0 0
-0 -0 -0 0.050009 0 0 0 0 -0 0 0 0.049257 -0.0085083 0.0015041 0 0
-0 -0 -0 0.11839 0 0 0 0 -0 0 0 0.11661 -0.020143 0.0035609 0 0
0 0 0 0.18437 0 0 0 0 -0 0 0 0.1816 -0.031369 0.0055454 0 0
-0 -0 -0 0.13941 0 0 0 0 -0 0 0 0.13732 -0.023719 0.0041932 0 0
-0 -0 -0 0.10437 0 0 0 0 -0 0 0 0.1028 -0.017757 0.0031391 0 0
0 0 0 0.17217 0 0 0 0 -0 0 0 0.16958 -0.029293 0.0051785 0 0
0 0 0 0.14963 0 0 0 0 -0 0 0 0.14738 -0.025457 0.0045003 0 0
0 0 0 0.1443 0 0 0 0 -0 0 0 0.14213 -0.024551 0.0043401 0 0
0 0 0 0.14353 0 0 0 0 -0 0 0 0.14138 -0.02442 0.0043171 0 0
0 0 0 0.050029 0 0 0 0 -0 0 0 0.049276 -0.0085117 0.0015047 0 0
-0 -0 -0 0.12515 0 0 0 0 -0 0 0 0.12326 -0.021292 0.0037641 0 0
-0 -0 -0 0.12014 0 0 0 0 -0 0 0 0.11833 -0.020439 0.0036133 0 0
-0 -0 -0 0.10371 0 0 0 0 -0 0 0 0.10215 -0.017645 0.0031194 0 0
-0 -0 -0 0.15758 0 0 0 0 -0 0 0 0.15521 -0.026811 0.0047397 0 0
0 0 0 0.17222 0 0 0 0 -0 0 0 0.16963 -0.029301 0.0051799 0 0
-0 -0 -0 0.031558 0 0 0 0 -0 0 0 0.031084 -0.0053692 0.00094919 0 0
0 0 0 0.19247 0 0 0 0 -0 0 0 0.18958 -0.032746 0.005789 0 0
-0 -0 -0 0.059494 0 0 0 0 -0 0 0 0.058599 -0.010122 0.0017894 0 0
0 0 0 0.10233 0 0 0 0 -0 0 0 0.10079 -0.017409 0.0030776 0 0
-0 -0 -0 0.0098731 0 0 0 0 -0 0 0 0.0097247 -0.0016798 0.00029696 0 0
-0 -0 -0 0.19816 0 0 0 0 -0 0 0 0.19518 -0.033714 0.0059601 0 0
0 0 0 0.12259 0 0 0 0 -0 0 0 0.12075 -0.020857 0.0036871 0 0
-0 -0 -0 0.19986 0 0 0 0 -0 0 0 0.19685 -0.034003 0.0060111 0 0
0 0 0 0.047565 0 0 0 0 -0 0 0 0.04685 -0.0080925 0.0014306 0 0
-0 -0 -0 0.18573 0 0 0 0 -0 0 0 0.18294 -0.0316 0.0055864 0 0
-0 -0 -0 0.16195 0 0 0 0 -0 0 0 0.15951 -0.027553 0.0048709 0 0
0 0 0 0.19427 0 0 0 0 -0 0 0 0.19135 -0.033052 0.005843 0 0
0 0 0 0.058002 0 0 0 0 -0 0 0 0.05713 -0.0098682 0.0017445 0 0
0 0 0 0.018905 0 0 0 0 -0 0 0 0.018621 -0.0032164 0.00056861 0 0
0 0 0 0.1706 0 0 0 0 -0 0 0 0.16804 -0.029026 0.0051313 0 0
0 0 0 0.17362 0 0 0 0 -0 0 0 0.17101 -0.029539 0.0052219 0 0
-0 -0 -0 0.16544 0 0 0 0 -0 0 0 0.16295 -0.028147 0.0049759 0 0
-0 -0 -0 0.1961 0 0 0 0 -0 0 0 0.19315 -0.033364 0.0058982 0 0
-0 -0 -0 0.088547 0 0 0 0 -0 0 0 0.087215 -0.015065 0.0026632 0 0
0 0 0 0.1286 0 0 0 0 -0 0 0 0.12667 -0.02188 0.003868 0 0
-0 -0 -0 0.049942 0 0 0 0 -0 0 0 0.049191 -0.008497 0.0015021 0 0
0 0 0 0.015239 0 0 0 0 -0 0 0 0.01501 -0.0025928 0.00045836 0 0
0 0 0 0.039768 0 0 0 0 -0 0 0 0.03917 -0.006766 0.0011961 0 0
-0 -0 -0 0.17711 0 0 0 0 -0 0 0 0.17445 -0.030133 0.005327 0 0
0 0 0 0.018665 0 0 0 0 -0 0 0 0.018384 -0.0031756 0.00056139 0 0
0 0 0 0.0062448 0 0 0 0 -0 0 0 0.0061509 -0.0010625 0.00018783 0 0
0 0 0 0.016513 0 0 0 0 -0 0 0 0.016264 -0.0028094 0.00049665 0 0
-0 -0 -0 0.010396 0 0 0 0 -0 0 0 0.01024 -0.0017688 0.00031269 0 0
0 0 0 0.0080536 0 0 0 0 -0 0 0 0.0079324 -0.0013702 0.00024223 0 0
0 0 0 0.10983 0 0 0 0 -0 0 0 0.10818 -0.018686 0.0033033 0 0
-0 -0 -0 0.050203 0 0 0 0 -0 0 0 0.049448 -0.0085414 0.00151 0 0
-0 -0 -0 0.12556 0 0 0 0 -0 0 0 0.12367 -0.021362 0.0037764 0 0
0 0 0 0.027024 0 0 0 0 -0 0 0 0.026618 -0.0045978 0.00081281 0 0
-0 -0 -0 0.13425 0 0 0 0 -0 0 0 0.13223 -0.022841 0.004038 0 0
-0 -0 -0 0.056251 0 0 0 0 -0 0 0 0.055405 -0.0095703 0.0016919 0 0
0 0 0 0.061035 0 0 0 0 -0 0 0 0.060117 -0.010384 0.0018357 0 0
-0 -0 -0 0.17551 0 0 0 0 -0 0 0 0.17287 -0.029861 0.0052789 0 0
0 0 0 0.022275 0 0 0 0 -0 0 0 0.02194 -0.0037898 0.00066997 0 0
-0 -0 -0 0.033185 0 0 0 0 -0 0 0 0.032686 -0.005646 0.00099812 0 0
0 0 0 0.032829 0 0 0 0 -0 0 0 0.032335 -0.0055854 0.0009874 0 0
0 0 0 0.0586 0 0 0 0 -0 0 0 0.057719 -0.00997 0.0017625 0 0
-0 -0 -0 0.02367 0 0 0 0 -0 0 0 0.023314 -0.0040272 0.00071193 0 0
0 0 0 0.13766 0 0 0 0 -0 0 0 0.13559 -0.023421 0.0041404 0 0
-0 -0 -0 0.083704 0 0 0 0 -0 0 0 0.082445 -0.014241 0.0025176 0 0
-0 -0 -0 0.10223 0 0 0 0 -0 0 0 0.10069 -0.017392 0.0030746 0 0
