-0 -0 -0.31209 0 0 0 0 0 0 0 0 0 0 -0.018631 -0.10457 -0.29346 -0.0012036 -0.032691 0.011725 0 0
-0 -0 -0.34289 0 0 0 0 0 0 0 0 0 0 -0.02047 -0.11489 -0.32242 -0.0019072 -0.035853 0.012896 0 0
0 0 0.0095081 0 0 0 0 0 0 0 0 0 0 0.0005676 0.0031858 0.0089405 -0.00013345 0.00099609 -0.00034646 0 0
-0 -0 -0.20116 0 0 0 0 0 0 0 0 0 0 -0.012008 -0.0674 -0.18915 0.00046534 -0.021154 0.0075085 0 0
0 0 0.033505 0 0 0 0 0 0 0 0 0 0 0.0020001 0.011226 0.031505 -0.00051471 0.0035052 -0.0012163 0 0
0 0 0.28299 0 0 0 0 0 0 0 0 0 0 0.016894 0.094819 0.2661 -0.0081787 0.028849 -0.0097604 0 0
-0 -0 -0.0055556 0 0 0 0 0 0 0 0 0 0 -0.00033165 -0.0018615 -0.005224 7.3342e-05 -0.00058247 0.0002029 0 0
-0 -0 -0.30975 0 0 0 0 0 0 0 0 0 0 -0.018491 -0.10379 -0.29126 -0.0011544 -0.032451 0.011636 0 0
0 0 0.10202 0 0 0 0 0 0 0 0 0 0 0.0060903 0.034183 0.095931 -0.0019519 0.01062 -0.0036603 0 0
-0 -0 -0.223 0 0 0 0 0 0 0 0 0 0 -0.013312 -0.074718 -0.20969 0.00024449 -0.023441 0.0083371 0 0
0 0 0.34555 0 0 0 0 0 0 0 0 0 0 0.020628 0.11578 0.32492 -0.011124 0.03488 -0.011723 0 0
0 0 0.31747 0 0 0 0 0 0 0 0 0 0 0.018952 0.10637 0.29852 -0.009753 0.032193 -0.010852 0 0
-0 -0 -0.14857 0 0 0 0 0 0 0 0 0 0 -0.0088692 -0.049781 -0.1397 0.00077926 -0.015631 0.0055204 0 0
-0 -0 -0.042761 0 0 0 0 0 0 0 0 0 0 -0.0025527 -0.014327 -0.040208 0.00047622 -0.0044902 0.0015698 0 0
0 0 0.2149 0 0 0 0 0 0 0 0 0 0 0.012829 0.072004 0.20207 -0.0054291 0.022109 -0.0075336 0 0
0 0 0.29311 0 0 0 0 0 0 0 0 0 0 0.017498 0.09821 0.27561 -0.0086283 0.029835 -0.010084 0 0
-0 -0 -0.17614 0 0 0 0 0 0 0 0 0 0 -0.010515 -0.059019 -0.16563 0.00065309 -0.01853 0.0065613 0 0
0 0 0.23408 0 0 0 0 0 0 0 0 0 0 0.013974 0.07843 0.2201 -0.0061546 0.024024 -0.0081698 0 0
-0 -0 -0.18373 0 0 0 0 0 0 0 0 0 0 -0.010968 -0.061561 -0.17276 0.0006035 -0.019327 0.0068484 0 0
-0 -0 -0.019795 0 0 0 0 0 0 0 0 0 0 -0.0011817 -0.0066325 -0.018613 0.00024569 -0.0020767 0.0007244 0 0
-0 -0 -0.19902 0 0 0 0 0 0 0 0 0 0 -0.011881 -0.066684 -0.18714 0.00048409 -0.020931 0.0074275 0 0
-0 -0 -0.01212 0 0 0 0 0 0 0 0 0 0 -0.00072355 -0.0040611 -0.011397 0.0001556 -0.0012711 0.00044307 0 0
0 0 0.17406 0 0 0 0 0 0 0 0 0 0 0.010391 0.058321 0.16367 -0.0040135 0.017993 -0.0061567 0 0
-0 -0 -0.27299 0 0 0 0 0 0 0 0 0 0 -0.016297 -0.09147 -0.2567 -0.00046025 -0.028649 0.010238 0 0
-0 -0 -0.255 0 0 0 0 0 0 0 0 0 0 -0.015223 -0.08544 -0.23978 -0.00017474 -0.026779 0.0095533 0 0
-0 -0 -0.047308 0 0 0 0 0 0 0 0 0 0 -0.0028241 -0.015851 -0.044484 0.0005149 -0.0049684 0.0017377 0 0
0 0 0.0063551 0 0 0 0 0 0 0 0 0 0 0.00037938 0.0021294 0.0059758 -8.8089e-05 0.00066589 -0.00023168 0 0
0 0 0.15338 0 0 0 0 0 0 0 0 0 0 0.0091565 0.051393 0.14423 -0.0033646 0.01589 -0.0054486 0 0
-0 -0 -0.23449 0 0 0 0 0 0 0 0 0 0 -0.013998 -0.07857 -0.2205 0.00010695 -0.024642 0.0087738 0 0
-0 -0 -0.043727 0 0 0 0 0 0 0 0 0 0 -0.0026103 -0.014651 -0.041117 0.00048463 -0.0045918 0.0016054 0 0
0 0 0.23611 0 0 0 0 0 0 0 0 0 0 0.014095 0.07911 0.22201 -0.0062337 0.024226 -0.0082368 0 0
-0 -0 -0.048177 0 0 0 0 0 0 0 0 0 0 -0.002876 -0.016142 -0.045301 0.00052204 -0.0050598 0.0017698 0 0
0 0 0.10018 0 0 0 0 0 0 0 0 0 0 0.0059804 0.033566 0.094199 -0.0019065 0.01043 -0.0035955 0 0
-0 -0 -0.19042 0 0 0 0 0 0 0 0 0 0 -0.011367 -0.063802 -0.17905 0.00055448 -0.020028 0.0071016 0 0
-0 -0 -0.12657 0 0 0 0 0 0 0 0 0 0 -0.0075559 -0.042409 -0.11902 0.0008191 -0.013315 0.0046927 0 0
-0 -0 -0.21387 0 0 0 0 0 0 0 0 0 0 -0.012767 -0.07166 -0.2011 0.00034323 -0.022486 0.0079906 0 0
0 0 0.014844 0 0 0 0 0 0 0 0 0 0 0.00088615 0.0049737 0.013958 -0.00021273 0.0015547 -0.00054047 0 0
0 0 0.14115 0 0 0 0 0 0 0 0 0 0 0.0084262 0.047294 0.13272 -0.0030023 0.014641 -0.0050264 0 0
-0 -0 -0.20211 0 0 0 0 0 0 0 0 0 0 -0.012065 -0.067719 -0.19004 0.00045683 -0.021254 0.0075445 0 0
-0 -0 -0.12067 0 0 0 0 0 0 0 0 0 0 -0.0072038 -0.040433 -0.11347 0.00082061 -0.012694 0.0044712 0 0
0 0 0.28768 0 0 0 0 0 0 0 0 0 0 0.017173 0.09639 0.27051 -0.0083856 0.029306 -0.0099103 0 0
-0 -0 -0.30963 0 0 0 0 0 0 0 0 0 0 -0.018484 -0.10374 -0.29114 -0.0011518 -0.032438 0.011632 0 0
0 0 0.044817 0 0 0 0 0 0 0 0 0 0 0.0026754 0.015016 0.042141 -0.00071647 0.0046853 -0.001624 0 0
0 0 0.017612 0 0 0 0 0 0 0 0 0 0 0.0010514 0.005901 0.01656 -0.00025509 0.0018442 -0.00064096 0 0
-0 -0 -0.054221 0 0 0 0 0 0 0 0 0 0 -0.0032368 -0.018167 -0.050984 0.00056932 -0.0056958 0.0019935 0 0
-0 -0 -0.17392 0 0 0 0 0 0 0 0 0 0 -0.010382 -0.058273 -0.16354 0.00066642 -0.018296 0.0064772 0 0
-0 -0 -0.19667 0 0 0 0 0 0 0 0 0 0 -0.011741 -0.065897 -0.18493 0.00050414 -0.020684 0.0073384 0 0
0 0 0.25139 0 0 0 0 0 0 0 0 0 0 0.015007 0.084232 0.23639 -0.0068428 0.025742 -0.0087383 0 0
0 0 0.17168 0 0 0 0 0 0 0 0 0 0 0.010248 0.057521 0.16143 -0.0039363 0.017751 -0.0060753 0 0
-0 -0 -0.069282 0 0 0 0 0 0 0 0 0 0 -0.0041359 -0.023214 -0.065146 0.00066942 -0.0072812 0.002552 0 0
0 0 0.052027 0 0 0 0 0 0 0 0 0 0 0.0031058 0.017432 0.048921 -0.00085242 0.0054364 -0.001883 0 0
-0 -0 -0.33003 0 0 0 0 0 0 0 0 0 0 -0.019702 -0.11058 -0.31033 -0.0016008 -0.034536 0.012408 0 0
0 0 0.31803 0 0 0 0 0 0 0 0 0 0 0.018985 0.10656 0.29905 -0.0097797 0.032247 -0.01087 0 0
0 0 0.30623 0 0 0 0 0 0 0 0 0 0 0.018281 0.1026 0.28795 -0.0092264 0.031108 -0.010499 0 0
0 0 0.23678 0 0 0 0 0 0 0 0 0 0 0.014135 0.079335 0.22264 -0.0062598 0.024293 -0.0082588 0 0
0 0 0.054404 0 0 0 0 0 0 0 0 0 0 0.0032477 0.018229 0.051157 -0.00089851 0.005684 -0.0019683 0 0
0 0 0.27838 0 0 0 0 0 0 0 0 0 0 0.016619 0.093275 0.26177 -0.0079774 0.028398 -0.0096126 0 0
-0 -0 -0.19872 0 0 0 0 0 0 0 0 0 0 -0.011863 -0.066583 -0.18686 0.0004867 -0.020899 0.007416 0 0
0 0 0.22341 0 0 0 0 0 0 0 0 0 0 0.013337 0.074857 0.21008 -0.0057464 0.022961 -0.0078169 0 0
-0 -0 -0.24519 0 0 0 0 0 0 0 0 0 0 -0.014637 -0.082153 -0.23055 -3.415e-05 -0.025757 0.0091803 0 0
-0 -0 -0.107 0 0 0 0 0 0 0 0 0 0 -0.0063877 -0.035853 -0.10062 0.00080916 -0.011254 0.0039589 0 0
-0 -0 -0.19031 0 0 0 0 0 0 0 0 0 0 -0.011361 -0.063764 -0.17895 0.00055534 -0.020017 0.0070973 0 0
-0 -0 -0.23398 0 0 0 0 0 0 0 0 0 0 -0.013968 -0.078396 -0.22001 0.00011345 -0.024588 0.0087542 0 0
-0 -0 -0.12728 0 0 0 0 0 0 0 0 0 0 -0.0075983 -0.042647 -0.11968 0.00081866 -0.01339 0.0047194 0 0
-0 -0 -0.15654 0 0 0 0 0 0 0 0 0 0 -0.0093451 -0.052452 -0.1472 0.00075149 -0.01647 0.005821 0 0
0 0 0.1086 0 0 0 0 0 0 0 0 0 0 0.0064829 0.036387 0.10211 -0.0021168 0.011298 -0.0038915 0 0
-0 -0 -0.057823 0 0 0 0 0 0 0 0 0 0 -0.0034518 -0.019374 -0.054371 0.00059555 -0.0060748 0.0021268 0 0
-0 -0 -0.2741 0 0 0 0 0 0 0 0 0 0 -0.016363 -0.091841 -0.25774 -0.00047899 -0.028764 0.01028 0 0
0 0 0.16622 0 0 0 0 0 0 0 0 0 0 0.009923 0.055695 0.1563 -0.0037622 0.017197 -0.0058891 0 0
0 0 0.3233 0 0 0 0 0 0 0 0 0 0 0.0193 0.10833 0.304 -0.010031 0.032754 -0.011034 0 0
-0 -0 -0.048653 0 0 0 0 0 0 0 0 0 0 -0.0029044 -0.016302 -0.045749 0.00052591 -0.00511 0.0017875 0 0
0 0 0.0054703 0 0 0 0 0 0 0 0 0 0 0.00032656 0.0018329 0.0051438 -7.5557e-05 0.0005732 -0.00019945 0 0
0 0 0.22844 0 0 0 0 0 0 0 0 0 0 0.013637 0.076542 0.21481 -0.0059375 0.023463 -0.0079836 0 0
0 0 0.19263 0 0 0 0 0 0 0 0 0 0 0.011499 0.064543 0.18113 -0.0046353 0.019871 -0.0067865 0 0
-0 -0 -0.089417 0 0 0 0 0 0 0 0 0 0 -0.0053378 -0.02996 -0.084079 0.00076376 -0.0094017 0.0033016 0 0
-0 -0 -0.33129 0 0 0 0 0 0 0 0 0 0 -0.019777 -0.111 -0.31151 -0.00163 -0.034664 0.012455 0 0
0 0 0.32237 0 0 0 0 0 0 0 0 0 0 0.019244 0.10801 0.30313 -0.0099867 0.032664 -0.011005 0 0
0 0 0.18481 0 0 0 0 0 0 0 0 0 0 0.011032 0.061921 0.17377 -0.0043688 0.019081 -0.0065218 0 0
0 0 0.048677 0 0 0 0 0 0 0 0 0 0 0.0029058 0.01631 0.045771 -0.00078854 0.0050875 -0.0017628 0 0
-0 -0 -0.29443 0 0 0 0 0 0 0 0 0 0 -0.017577 -0.098653 -0.27686 -0.00084704 -0.03087 0.011054 0 0
0 0 0.20714 0 0 0 0 0 0 0 0 0 0 0.012366 0.069405 0.19478 -0.0051466 0.021331 -0.0072743 0 0
-0 -0 -0.074478 0 0 0 0 0 0 0 0 0 0 -0.0044461 -0.024955 -0.070032 0.00069809 -0.0078283 0.0027452 0 0
-0 -0 -0.32031 0 0 0 0 0 0 0 0 0 0 -0.019121 -0.10732 -0.30118 -0.0013811 -0.033537 0.012038 0 0
-0 -0 -0.32681 0 0 0 0 0 0 0 0 0 0 -0.019509 -0.1095 -0.3073 -0.0015268 -0.034204 0.012285 0 0
-0 -0 -0.31442 0 0 0 0 0 0 0 0 0 0 -0.01877 -0.10535 -0.29565 -0.0012532 -0.032932 0.011814 0 0
-0 -0 -0.26592 0 0 0 0 0 0 0 0 0 0 -0.015874 -0.089098 -0.25004 -0.00034368 -0.027914 0.0099686 0 0
-0 -0 -0.027799 0 0 0 0 0 0 0 0 0 0 -0.0016595 -0.0093143 -0.026139 0.00033269 -0.0029174 0.0010184 0 0
-0 -0 -0.31371 0 0 0 0 0 0 0 0 0 0 -0.018727 -0.10511 -0.29498 -0.0012379 -0.032858 0.011787 0 0
-0 -0 -0.21815 0 0 0 0 0 0 0 0 0 0 -0.013023 -0.073092 -0.20512 0.00029812 -0.022933 0.0081529 0 0
-0 -0 -0.17272 0 0 0 0 0 0 0 0 0 0 -0.010311 -0.057873 -0.16241 0.00067334 -0.018171 0.006432 0 0
0 0 0.016439 0 0 0 0 0 0 0 0 0 0 0.00098135 0.0055081 0.015458 -0.00023704 0.0017215 -0.00059839 0 0
-0 -0 -0.32897 0 0 0 0 0 0 0 0 0 0 -0.019639 -0.11023 -0.30934 -0.0015764 -0.034427 0.012367 0 0
0 0 0.099127 0 0 0 0 0 0 0 0 0 0 0.0059175 0.033214 0.09321 -0.0018808 0.010321 -0.0035584 0 0
0 0 0.24707 0 0 0 0 0 0 0 0 0 0 0.014749 0.082782 0.23232 -0.0066678 0.025314 -0.0085968 0 0
-0 -0 -0.0034818 0 0 0 0 0 0 0 0 0 0 -0.00020785 -0.0011666 -0.0032739 4.6364e-05 -0.000365 0.00012712 0 0
-0 -0 -0.22946 0 0 0 0 0 0 0 0 0 0 -0.013698 -0.076883 -0.21576 0.00016899 -0.024116 0.0085825 0 0
-0 -0 -0.277 0 0 0 0 0 0 0 0 0 0 -0.016536 -0.09281 -0.26046 -0.00052859 -0.029064 0.01039 0 0
0 0 0.29495 0 0 0 0 0 0 0 0 0 0 0.017608 0.098828 0.27735 -0.0087112 0.030014 -0.010142 0 0
-0 -0 -0.3019 0 0 0 0 0 0 0 0 0 0 -0.018022 -0.10115 -0.28387 -0.00099352 -0.03164 0.011337 0 0
0 0 0.30806 0 0 0 0 0 0 0 0 0 0 0.01839 0.10322 0.28967 -0.0093116 0.031286 -0.010557 0 0
