-0 -0 -0.21963 0 0 0 0 0 0 0 0 0 0 -0.013111 -0.073588 -0.20652 -0.0044973 -0.032278 0.011787 0 0
0 0 0.0045243 0 0 0 0 0 0 0 0 0 0 0.00027008 0.0015159 0.0042542 1.3061e-05 0.00067347 -0.00024081 0 0
0 0 0.22874 0 0 0 0 0 0 0 0 0 0 0.013655 0.076642 0.21509 -0.0033747 0.033913 -0.01187 0 0
-0 -0 -0.065076 0 0 0 0 0 0 0 0 0 0 -0.0038848 -0.021804 -0.061191 -0.00054495 -0.0096661 0.0034789 0 0
-0 -0 -0.14738 0 0 0 0 0 0 0 0 0 0 -0.0087979 -0.04938 -0.13858 -0.0021869 -0.021789 0.0079031 0 0
-0 -0 -0.34735 0 0 0 0 0 0 0 0 0 0 -0.020735 -0.11638 -0.32661 -0.010528 -0.050295 0.01859 0 0
0 0 0.31925 0 0 0 0 0 0 0 0 0 0 0.019058 0.10697 0.30019 -0.0069553 0.04703 -0.016317 0 0
-0 -0 -0.095516 0 0 0 0 0 0 0 0 0 0 -0.005702 -0.032004 -0.089814 -0.0010286 -0.014167 0.0051135 0 0
-0 -0 -0.15287 0 0 0 0 0 0 0 0 0 0 -0.0091255 -0.051219 -0.14374 -0.0023341 -0.022592 0.0081984 0 0
0 0 0.33744 0 0 0 0 0 0 0 0 0 0 0.020144 0.11306 0.3173 -0.007825 0.049629 -0.017188 0 0
-0 -0 -0.011696 0 0 0 0 0 0 0 0 0 0 -0.00069823 -0.003919 -0.010998 -4.8733e-05 -0.0017405 0.00062327 0 0
-0 -0 -0.20705 0 0 0 0 0 0 0 0 0 0 -0.01236 -0.069373 -0.19469 -0.004037 -0.030465 0.011112 0 0
0 0 0.083273 0 0 0 0 0 0 0 0 0 0 0.0049711 0.027901 0.078302 -0.00027699 0.012402 -0.0044016 0 0
-0 -0 -0.16114 0 0 0 0 0 0 0 0 0 0 -0.0096192 -0.05399 -0.15152 -0.0025646 -0.0238 0.0086434 0 0
-0 -0 -0.2242 0 0 0 0 0 0 0 0 0 0 -0.013384 -0.07512 -0.21081 -0.0046704 -0.032936 0.012033 0 0
0 0 0.32564 0 0 0 0 0 0 0 0 0 0 0.01944 0.10911 0.30621 -0.0072554 0.047946 -0.016624 0 0
0 0 0.034153 0 0 0 0 0 0 0 0 0 0 0.0020388 0.011443 0.032115 1.8742e-05 0.0050862 -0.0018136 0 0
-0 -0 -0.14658 0 0 0 0 0 0 0 0 0 0 -0.0087504 -0.049114 -0.13783 -0.002166 -0.021673 0.0078603 0 0
-0 -0 -0.18097 0 0 0 0 0 0 0 0 0 0 -0.010803 -0.060634 -0.17016 -0.0031606 -0.026687 0.0097101 0 0
0 0 0.30148 0 0 0 0 0 0 0 0 0 0 0.017997 0.10101 0.28348 -0.0061537 0.044478 -0.015458 0 0
-0 -0 -0.095102 0 0 0 0 0 0 0 0 0 0 -0.0056772 -0.031865 -0.089425 -0.0010211 -0.014106 0.0050912 0 0
0 0 0.27315 0 0 0 0 0 0 0 0 0 0 0.016306 0.091523 0.25685 -0.0049753 0.040384 -0.014074 0 0
0 0 0.042888 0 0 0 0 0 0 0 0 0 0 0.0025603 0.01437 0.040328 -6.0255e-06 0.0063874 -0.0022757 0 0
0 0 0.12095 0 0 0 0 0 0 0 0 0 0 0.00722 0.040524 0.11373 -0.00076135 0.018004 -0.006367 0 0
-0 -0 -0.32788 0 0 0 0 0 0 0 0 0 0 -0.019573 -0.10986 -0.30831 -0.0094512 -0.047602 0.017562 0 0
-0 -0 -0.023924 0 0 0 0 0 0 0 0 0 0 -0.0014282 -0.008016 -0.022496 -0.00012275 -0.0035588 0.0012759 0 0
-0 -0 -0.2275 0 0 0 0 0 0 0 0 0 0 -0.013581 -0.076227 -0.21392 -0.0047976 -0.033411 0.01221 0 0
-0 -0 -0.088394 0 0 0 0 0 0 0 0 0 0 -0.0052768 -0.029617 -0.083117 -0.00090243 -0.013115 0.0047307 0 0
0 0 0.058914 0 0 0 0 0 0 0 0 0 0 0.0035169 0.01974 0.055397 -8.2772e-05 0.0087747 -0.0031215 0 0
-0 -0 -0.035756 0 0 0 0 0 0 0 0 0 0 -0.0021345 -0.01198 -0.033621 -0.00021682 -0.0053169 0.0019084 0 0
0 0 0.30909 0 0 0 0 0 0 0 0 0 0 0.018452 0.10356 0.29064 -0.0064912 0.045572 -0.015827 0 0
-0 -0 -0.22571 0 0 0 0 0 0 0 0 0 0 -0.013474 -0.075628 -0.21224 -0.0047286 -0.033154 0.012114 0 0
0 0 0.20906 0 0 0 0 0 0 0 0 0 0 0.01248 0.070047 0.19658 -0.0027626 0.031027 -0.01088 0 0
-0 -0 -0.19959 0 0 0 0 0 0 0 0 0 0 -0.011915 -0.066873 -0.18767 -0.0037756 -0.029387 0.010711 0 0
-0 -0 -0.077088 0 0 0 0 0 0 0 0 0 0 -0.0046018 -0.025829 -0.072486 -0.00071844 -0.011444 0.0041235 0 0
-0 -0 -0.078592 0 0 0 0 0 0 0 0 0 0 -0.0046916 -0.026333 -0.0739 -0.00074176 -0.011667 0.0042043 0 0
-0 -0 -0.0065766 0 0 0 0 0 0 0 0 0 0 -0.0003926 -0.0022036 -0.006184 -2.4746e-05 -0.00097874 0.00035033 0 0
-0 -0 -0.070892 0 0 0 0 0 0 0 0 0 0 -0.004232 -0.023753 -0.06666 -0.00062612 -0.010527 0.003791 0 0
0 0 0.098547 0 0 0 0 0 0 0 0 0 0 0.0058829 0.033019 0.092664 -0.00044646 0.014675 -0.0052007 0 0
0 0 0.09866 0 0 0 0 0 0 0 0 0 0 0.0058896 0.033057 0.09277 -0.00044785 0.014691 -0.0052066 0 0
0 0 0.064585 0 0 0 0 0 0 0 0 0 0 0.0038555 0.02164 0.06073 -0.00011964 0.0096194 -0.0034201 0 0
0 0 0.3229 0 0 0 0 0 0 0 0 0 0 0.019276 0.10819 0.30362 -0.0071257 0.047552 -0.016492 0 0
0 0 0.14238 0 0 0 0 0 0 0 0 0 0 0.0084997 0.047707 0.13388 -0.0011365 0.021184 -0.0074765 0 0
0 0 0.1551 0 0 0 0 0 0 0 0 0 0 0.0092592 0.051969 0.14585 -0.0013932 0.023069 -0.0081317 0 0
-0 -0 -0.17752 0 0 0 0 0 0 0 0 0 0 -0.010597 -0.05948 -0.16692 -0.0030527 -0.026186 0.0095248 0 0
-0 -0 -0.10569 0 0 0 0 0 0 0 0 0 0 -0.0063094 -0.035413 -0.099382 -0.0012227 -0.015667 0.0056605 0 0
-0 -0 -0.093373 0 0 0 0 0 0 0 0 0 0 -0.005574 -0.031285 -0.087799 -0.00098983 -0.013851 0.0049983 0 0
0 0 0.21016 0 0 0 0 0 0 0 0 0 0 0.012546 0.070416 0.19761 -0.0027952 0.031188 -0.010936 0 0
0 0 0.14333 0 0 0 0 0 0 0 0 0 0 0.0085564 0.048025 0.13478 -0.0011548 0.021325 -0.0075255 0 0
-0 -0 -0.18291 0 0 0 0 0 0 0 0 0 0 -0.010919 -0.061285 -0.17199 -0.0032223 -0.026969 0.0098146 0 0
0 0 0.2473 0 0 0 0 0 0 0 0 0 0 0.014763 0.082862 0.23254 -0.0040068 0.036625 -0.012796 0 0
0 0 0.17665 0 0 0 0 0 0 0 0 0 0 0.010545 0.059188 0.1661 -0.0018856 0.026254 -0.0092353 0 0
-0 -0 -0.12081 0 0 0 0 0 0 0 0 0 0 -0.0072122 -0.04048 -0.1136 -0.0015412 -0.017893 0.0064738 0 0
0 0 0.10968 0 0 0 0 0 0 0 0 0 0 0.0065472 0.036748 0.10313 -0.00059305 0.016329 -0.005781 0 0
-0 -0 -0.20527 0 0 0 0 0 0 0 0 0 0 -0.012254 -0.068778 -0.19302 -0.003974 -0.030208 0.011016 0 0
-0 -0 -0.31498 0 0 0 0 0 0 0 0 0 0 -0.018803 -0.10554 -0.29617 -0.0087681 -0.045805 0.016878 0 0
0 0 0.34052 0 0 0 0 0 0 0 0 0 0 0.020328 0.1141 0.32019 -0.0079774 0.050068 -0.017335 0 0
-0 -0 -0.29775 0 0 0 0 0 0 0 0 0 0 -0.017775 -0.099764 -0.27998 -0.0078949 -0.043392 0.015963 0 0
-0 -0 -0.25196 0 0 0 0 0 0 0 0 0 0 -0.015041 -0.08442 -0.23691 -0.0057909 -0.03691 0.01352 0 0
0 0 0.33011 0 0 0 0 0 0 0 0 0 0 0.019706 0.11061 0.3104 -0.0074687 0.048584 -0.016838 0 0
0 0 0.17747 0 0 0 0 0 0 0 0 0 0 0.010594 0.059463 0.16687 -0.0019058 0.026375 -0.0092771 0 0
-0 -0 -0.056091 0 0 0 0 0 0 0 0 0 0 -0.0033484 -0.018794 -0.052742 -0.00043002 -0.0083346 0.0029972 0 0
-0 -0 -0.34245 0 0 0 0 0 0 0 0 0 0 -0.020443 -0.11474 -0.32201 -0.010252 -0.049619 0.018332 0 0
0 0 0.002348 0 0 0 0 0 0 0 0 0 0 0.00014017 0.00078672 0.0022078 7.1815e-06 0.0003495 -0.000125 0 0
-0 -0 -0.33672 0 0 0 0 0 0 0 0 0 0 -0.020101 -0.11282 -0.31662 -0.0099332 -0.048827 0.018029 0 0
0 0 0.12386 0 0 0 0 0 0 0 0 0 0 0.0073941 0.041501 0.11647 -0.00080815 0.018437 -0.0065183 0 0
0 0 0.13942 0 0 0 0 0 0 0 0 0 0 0.0083228 0.046714 0.1311 -0.0010804 0.020745 -0.0073235 0 0
0 0 0.14378 0 0 0 0 0 0 0 0 0 0 0.008583 0.048174 0.1352 -0.0011634 0.021391 -0.0075485 0 0
-0 -0 -0.28573 0 0 0 0 0 0 0 0 0 0 -0.017057 -0.095736 -0.26867 -0.0073119 -0.0417 0.015323 0 0
0 0 0.1263 0 0 0 0 0 0 0 0 0 0 0.0075396 0.042318 0.11876 -0.0008483 0.018799 -0.0066447 0 0
-0 -0 -0.30187 0 0 0 0 0 0 0 0 0 0 -0.018021 -0.10115 -0.28385 -0.0080998 -0.043971 0.016182 0 0
0 0 0.26816 0 0 0 0 0 0 0 0 0 0 0.016008 0.08985 0.25215 -0.0047803 0.03966 -0.013829 0 0
-0 -0 -0.31152 0 0 0 0 0 0 0 0 0 0 -0.018597 -0.10438 -0.29293 -0.0085894 -0.045322 0.016695 0 0
0 0 0.10785 0 0 0 0 0 0 0 0 0 0 0.0064385 0.036138 0.10142 -0.00056774 0.016059 -0.0056862 0 0
-0 -0 -0.10897 0 0 0 0 0 0 0 0 0 0 -0.0065052 -0.036512 -0.10247 -0.0012888 -0.016151 0.0058369 0 0
-0 -0 -0.11086 0 0 0 0 0 0 0 0 0 0 -0.0066178 -0.037144 -0.10424 -0.0013275 -0.016428 0.0059383 0 0
0 0 0.061956 0 0 0 0 0 0 0 0 0 0 0.0036985 0.020759 0.058257 -0.00010191 0.0092278 -0.0032817 0 0
-0 -0 -0.041055 0 0 0 0 0 0 0 0 0 0 -0.0024508 -0.013756 -0.038604 -0.0002661 -0.0061038 0.0021919 0 0
-0 -0 -0.34017 0 0 0 0 0 0 0 0 0 0 -0.020307 -0.11398 -0.31986 -0.010125 -0.049305 0.018212 0 0
-0 -0 -0.15783 0 0 0 0 0 0 0 0 0 0 -0.0094219 -0.052883 -0.14841 -0.0024712 -0.023317 0.0084656 0 0
-0 -0 -0.070598 0 0 0 0 0 0 0 0 0 0 -0.0042145 -0.023655 -0.066384 -0.0006219 -0.010484 0.0037752 0 0
0 0 0.20368 0 0 0 0 0 0 0 0 0 0 0.012159 0.068246 0.19152 -0.0026058 0.030237 -0.010609 0 0
0 0 0.34244 0 0 0 0 0 0 0 0 0 0 0.020442 0.11474 0.322 -0.0080727 0.050341 -0.017426 0 0
0 0 0.0050226 0 0 0 0 0 0 0 0 0 0 0.00029983 0.0016829 0.0047228 1.4302e-05 0.00074766 -0.00026732 0 0
-0 -0 -0.11969 0 0 0 0 0 0 0 0 0 0 -0.0071449 -0.040103 -0.11254 -0.0015162 -0.017728 0.0064132 0 0
-0 -0 -0.06659 0 0 0 0 0 0 0 0 0 0 -0.0039752 -0.022312 -0.062615 -0.00056557 -0.0098904 0.0035602 0 0
0 0 0.075227 0 0 0 0 0 0 0 0 0 0 0.0044908 0.025205 0.070736 -0.00020249 0.011204 -0.0039795 0 0
0 0 0.23112 0 0 0 0 0 0 0 0 0 0 0.013797 0.077439 0.21732 -0.0034527 0.034261 -0.011989 0 0
-0 -0 -0.068051 0 0 0 0 0 0 0 0 0 0 -0.0040624 -0.022801 -0.063989 -0.00058582 -0.010107 0.0036386 0 0
0 0 0.066909 0 0 0 0 0 0 0 0 0 0 0.0039942 0.022419 0.062915 -0.00013621 0.0099655 -0.0035424 0 0
-0 -0 -0.22868 0 0 0 0 0 0 0 0 0 0 -0.013652 -0.076623 -0.21503 -0.0048436 -0.03358 0.012273 0 0
0 0 0.032005 0 0 0 0 0 0 0 0 0 0 0.0019106 0.010724 0.030094 2.299e-05 0.0047661 -0.0016998 0 0
-0 -0 -0.27421 0 0 0 0 0 0 0 0 0 0 -0.016369 -0.091876 -0.25784 -0.0067737 -0.040072 0.014709 0 0
-0 -0 -0.17828 0 0 0 0 0 0 0 0 0 0 -0.010643 -0.059735 -0.16764 -0.0030763 -0.026297 0.0095657 0 0
0 0 0.043133 0 0 0 0 0 0 0 0 0 0 0.0025749 0.014452 0.040558 -6.8924e-06 0.0064239 -0.0022886 0 0
0 0 0.16467 0 0 0 0 0 0 0 0 0 0 0.0098302 0.055175 0.15484 -0.0016029 0.024484 -0.0086226 0 0
-0 -0 -0.039408 0 0 0 0 0 0 0 0 0 0 -0.0023525 -0.013204 -0.037056 -0.00025032 -0.0058594 0.0021038 0 0
-0 -0 -0.034151 0 0 0 0 0 0 0 0 0 0 -0.0020387 -0.011443 -0.032112 -0.00020277 -0.0050785 0.0018225 0 0
-0 -0 -0.3331 0 0 0 0 0 0 0 0 0 0 -0.019885 -0.11161 -0.31321 -0.0097342 -0.048325 0.017838 0 0
-0 -0 -0.12257 0 0 0 0 0 0 0 0 0 0 -0.0073171 -0.041069 -0.11526 -0.0015805 -0.018152 0.0065684 0 0
