0 0 0 0.11918 0 0 0 0 0 0 0 0.10338 -0.058366 0.010537 0 0
0 0 0 0.12219 0 0 0 0 0 0 0 0.10598 -0.059838 0.010803 0 0
-0 -0 -0 0.17653 0 0 0 0 0 0 0 0.15312 -0.086449 0.015607 0 0
0 0 0 0.016876 0 0 0 0 0 0 0 0.014638 -0.0082644 0.001492 0 0
-0 -0 -0 0.040679 0 0 0 0 0 0 0 0.035284 -0.019921 0.0035964 0 0
0 0 0 0.1491 0 0 0 0 0 0 0 0.12932 -0.073015 0.013181 0 0
-0 -0 -0 0.054474 0 0 0 0 0 0 0 0.04725 -0.026677 0.004816 0 0
0 0 0 0.016801 0 0 0 0 0 0 0 0.014573 -0.0082279 0.0014854 0 0
0 0 0 0.068413 0 0 0 0 0 0 0 0.059341 -0.033503 0.0060484 0 0
-0 -0 -0 0.0040663 0 0 0 0 0 0 0 0.003527 -0.0019913 0.0003595 0 0
0 0 0 0.083504 0 0 0 0 0 0 0 0.07243 -0.040894 0.0073825 0 0
0 0 0 0.073816 0 0 0 0 0 0 0 0.064027 -0.036149 0.006526 0 0
-0 -0 -0 0.19067 0 0 0 0 0 0 0 0.16539 -0.093376 0.016857 0 0
0 0 0 0.12458 0 0 0 0 0 0 0 0.10806 -0.06101 0.011014 0 0
-0 -0 -0 0.074045 0 0 0 0 0 0 0 0.064225 -0.036261 0.0065462 0 0
0 0 0 0.043793 0 0 0 0 0 0 0 0.037985 -0.021446 0.0038717 0 0
0 0 0 0.19387 0 0 0 0 0 0 0 0.16816 -0.094942 0.01714 0 0
0 0 0 0.13289 0 0 0 0 0 0 0 0.11527 -0.065079 0.011749 0 0
0 0 0 0.13414 0 0 0 0 0 0 0 0.11636 -0.065693 0.01186 0 0
-0 -0 -0 0.11295 0 0 0 0 0 0 0 0.097969 -0.055313 0.0099856 0 0
-0 -0 -0 0.082962 0 0 0 0 0 0 0 0.07196 -0.040628 0.0073346 0 0
0 0 0 0.1863 0 0 0 0 0 0 0 0.16159 -0.091233 0.01647 0 0
0 0 0 0.028887 0 0 0 0 0 0 0 0.025056 -0.014147 0.0025539 0 0
-0 -0 -0 0.019838 0 0 0 0 0 0 0 0.017207 -0.0097149 0.0017538 0 0
-0 -0 -0 0.17307 0 0 0 0 0 0 0 0.15011 -0.084753 0.015301 0 0
-0 -0 -0 0.027716 0 0 0 0 0 0 0 0.024041 -0.013573 0.0024504 0 0
0 0 0 0.030886 0 0 0 0 0 0 0 0.02679 -0.015126 0.0027306 0 0
-0 -0 -0 0.17181 0 0 0 0 0 0 0 0.14902 -0.084137 0.015189 0 0
-0 -0 -0 0.16205 0 0 0 0 0 0 0 0.14056 -0.079357 0.014326 0 0
0 0 0 0.13927 0 0 0 0 0 0 0 0.1208 -0.068203 0.012313 0 0
0 0 0 0.099617 0 0 0 0 0 0 0 0.086406 -0.048784 0.008807 0 0
-0 -0 -0 0.15683 0 0 0 0 0 0 0 0.13604 -0.076805 0.013866 0 0
0 0 0 0.086361 0 0 0 0 0 0 0 0.074908 -0.042292 0.0076351 0 0
0 0 0 0.012046 0 0 0 0 0 0 0 0.010449 -0.0058994 0.001065 0 0
0 0 0 0.065994 0 0 0 0 0 0 0 0.057242 -0.032319 0.0058345 0 0
-0 -0 -0 0.11687 0 0 0 0 0 0 0 0.10137 -0.057234 0.010332 0 0
-0 -0 -0 0.18115 0 0 0 0 0 0 0 0.15713 -0.088713 0.016015 0 0
0 0 0 0.050984 0 0 0 0 0 0 0 0.044222 -0.024968 0.0045074 0 0
0 0 0 0.033051 0 0 0 0 0 0 0 0.028668 -0.016186 0.002922 0 0
0 0 0 0.12491 0 0 0 0 0 0 0 0.10834 -0.061169 0.011043 0 0
0 0 0 0.13986 0 0 0 0 0 0 0 0.12131 -0.068492 0.012365 0 0
0 0 0 0.090423 0 0 0 0 0 0 0 0.078431 -0.044282 0.0079942 0 0
0 0 0 0.024155 0 0 0 0 0 0 0 0.020952 -0.011829 0.0021356 0 0
-0 -0 -0 0.041092 0 0 0 0 0 0 0 0.035643 -0.020124 0.0036329 0 0
-0 -0 -0 0.19277 0 0 0 0 0 0 0 0.16721 -0.094404 0.017043 0 0
0 0 0 0.063867 0 0 0 0 0 0 0 0.055397 -0.031277 0.0056464 0 0
0 0 0 0.1541 0 0 0 0 0 0 0 0.13367 -0.075468 0.013624 0 0
-0 -0 -0 0.11566 0 0 0 0 0 0 0 0.10033 -0.056643 0.010226 0 0
-0 -0 -0 0.1952 0 0 0 0 0 0 0 0.16931 -0.095591 0.017257 0 0
0 0 0 0.072947 0 0 0 0 0 0 0 0.063273 -0.035724 0.0064492 0 0
-0 -0 -0 0.13553 0 0 0 0 0 0 0 0.11756 -0.066372 0.011982 0 0
-0 -0 -0 0.043228 0 0 0 0 0 0 0 0.037495 -0.021169 0.0038217 0 0
0 0 0 0.14352 0 0 0 0 0 0 0 0.12449 -0.070286 0.012689 0 0
0 0 0 0.10951 0 0 0 0 0 0 0 0.094987 -0.053629 0.0096817 0 0
-0 -0 -0 0.080632 0 0 0 0 0 0 0 0.069939 -0.039487 0.0071286 0 0
-0 -0 -0 0.17311 0 0 0 0 0 0 0 0.15016 -0.084777 0.015305 0 0
-0 -0 -0 0.085762 0 0 0 0 0 0 0 0.074389 -0.041999 0.0075821 0 0
-0 -0 -0 0.15867 0 0 0 0 0 0 0 0.13763 -0.077706 0.014028 0 0
-0 -0 -0 0.0050653 0 0 0 0 0 0 0 0.0043936 -0.0024806 0.00044782 0 0
-0 -0 -0 0.10077 0 0 0 0 0 0 0 0.087407 -0.049349 0.008909 0 0
0 0 0 0.13995 0 0 0 0 0 0 0 0.12139 -0.068535 0.012373 0 0
0 0 0 0.096057 0 0 0 0 0 0 0 0.083318 -0.047041 0.0084923 0 0
0 0 0 0.070355 0 0 0 0 0 0 0 0.061025 -0.034454 0.00622 0 0
-0 -0 -0 0.18877 0 0 0 0 0 0 0 0.16373 -0.092442 0.016689 0 0
-0 -0 -0 0.05922 0 0 0 0 0 0 0 0.051367 -0.029001 0.0052356 0 0
0 0 0 0.17889 0 0 0 0 0 0 0 0.15517 -0.087608 0.015816 0 0
-0 -0 -0 0.12038 0 0 0 0 0 0 0 0.10442 -0.058954 0.010643 0 0
0 0 0 0.051317 0 0 0 0 0 0 0 0.044512 -0.025131 0.0045369 0 0
-0 -0 -0 0.010752 0 0 0 0 0 0 0 0.0093264 -0.0052656 0.0009506 0 0
-0 -0 -0 0.032082 0 0 0 0 0 0 0 0.027828 -0.015711 0.0028364 0 0
0 0 0 0.12703 0 0 0 0 0 0 0 0.11019 -0.062211 0.011231 0 0
0 0 0 0.081929 0 0 0 0 0 0 0 0.071064 -0.040122 0.0072433 0 0
-0 -0 -0 0.015088 0 0 0 0 0 0 0 0.013087 -0.0073889 0.0013339 0 0
-0 -0 -0 0.086057 0 0 0 0 0 0 0 0.074645 -0.042144 0.0076082 0 0
-0 -0 -0 0.16896 0 0 0 0 0 0 0 0.14655 -0.082742 0.014937 0 0
-0 -0 -0 0.17167 0 0 0 0 0 0 0 0.14891 -0.084071 0.015177 0 0
0 0 0 0.17017 0 0 0 0 0 0 0 0.14761 -0.083338 0.015045 0 0
0 0 0 0.0075658 0 0 0 0 0 0 0 0.0065625 -0.0037051 0.00066889 0 0
-0 -0 -0 0.13947 0 0 0 0 0 0 0 0.12097 -0.068301 0.01233 0 0
-0 -0 -0 0.17565 0 0 0 0 0 0 0 0.15235 -0.086017 0.015529 0 0
-0 -0 -0 0.17328 0 0 0 0 0 0 0 0.1503 -0.084856 0.015319 0 0
0 0 0 0.1493 0 0 0 0 0 0 0 0.1295 -0.073116 0.0132 0 0
-0 -0 -0 0.15104 0 0 0 0 0 0 0 0.13101 -0.073965 0.013353 0 0
0 0 0 0.13089 0 0 0 0 0 0 0 0.11353 -0.064098 0.011572 0 0
-0 -0 -0 0.091797 0 0 0 0 0 0 0 0.079623 -0.044955 0.0081157 0 0
-0 -0 -0 0.11678 0 0 0 0 0 0 0 0.10129 -0.05719 0.010324 0 0
0 0 0 0.11418 0 0 0 0 0 0 0 0.099042 -0.055918 0.010095 0 0
-0 -0 -0 0.19417 0 0 0 0 0 0 0 0.16842 -0.095088 0.017166 0 0
0 0 0 0.10325 0 0 0 0 0 0 0 0.08956 -0.050565 0.0091285 0 0
0 0 0 0.055761 0 0 0 0 0 0 0 0.048366 -0.027307 0.0049298 0 0
-0 -0 -0 0.011393 0 0 0 0 0 0 0 0.0098817 -0.0055791 0.0010072 0 0
-0 -0 -0 0.10636 0 0 0 0 0 0 0 0.092253 -0.052085 0.0094029 0 0
0 0 0 0.0032682 0 0 0 0 0 0 0 0.0028348 -0.0016005 0.00028894 0 0
0 0 0 0.1245 0 0 0 0 0 0 0 0.10799 -0.060968 0.011007 0 0
-0 -0 -0 0.17447 0 0 0 0 0 0 0 0.15133 -0.085439 0.015424 0 0
0 0 0 0.18449 0 0 0 0 0 0 0 0.16002 -0.090346 0.01631 0 0
-0 -0 -0 0.041001 0 0 0 0 0 0 0 0.035564 -0.020079 0.0036249 0 0
-0 -0 -0 0.059045 0 0 0 0 0 0 0 0.051215 -0.028915 0.0052201 0 0
0 0 0 0.16797 0 0 0 0 0 0 0 0.1457 -0.082259 0.01485 0 0
0 0 0 0.090161 0 0 0 0 0 0 0 0.078204 -0.044153 0.007971 0 0
