-0 -0 -0.093029 0 0 0 0 0 0 0 0 0 0 -0.0082246 -0.030372 -0.087546 0.0078458 -0.0048988 0.00096244 0 0
-0 -0 -0.16092 0 0 0 0 0 0 0 0 0 0 -0.014226 -0.052536 -0.15143 0.013265 -0.0088908 0.0018383 0 0
-0 -0 -0.13612 0 0 0 0 0 0 0 0 0 0 -0.012034 -0.04444 -0.1281 0.011317 -0.0073933 0.0015017 0 0
0 0 0.14109 0 0 0 0 0 0 0 0 0 0 0.012474 0.046064 0.13278 -0.012684 0.0060833 -0.00091882 0 0
-0 -0 -0.26039 0 0 0 0 0 0 0 0 0 0 -0.02302 -0.08501 -0.24504 0.02068 -0.015333 0.0033766 0 0
0 0 0.053615 0 0 0 0 0 0 0 0 0 0 0.0047401 0.017504 0.050455 -0.0047186 0.0025082 -0.00042687 0 0
-0 -0 -0.31201 0 0 0 0 0 0 0 0 0 0 -0.027584 -0.10186 -0.29362 0.024262 -0.018936 0.0042901 0 0
0 0 0.16768 0 0 0 0 0 0 0 0 0 0 0.014825 0.054745 0.1578 -0.015164 0.0070395 -0.0010176 0 0
-0 -0 -0.30614 0 0 0 0 0 0 0 0 0 0 -0.027066 -0.09995 -0.2881 0.023865 -0.018518 0.0041826 0 0
-0 -0 -0.32863 0 0 0 0 0 0 0 0 0 0 -0.029054 -0.10729 -0.30927 0.025374 -0.020132 0.0046006 0 0
0 0 0.14564 0 0 0 0 0 0 0 0 0 0 0.012876 0.047547 0.13705 -0.013106 0.0062511 -0.00093739 0 0
-0 -0 -0.2292 0 0 0 0 0 0 0 0 0 0 -0.020263 -0.074829 -0.21569 0.018426 -0.01324 0.0028624 0 0
0 0 0.2357 0 0 0 0 0 0 0 0 0 0 0.020838 0.07695 0.22181 -0.021609 0.0092008 -0.0011619 0 0
-0 -0 -0.18557 0 0 0 0 0 0 0 0 0 0 -0.016406 -0.060583 -0.17463 0.015163 -0.010423 0.0021917 0 0
0 0 0.075237 0 0 0 0 0 0 0 0 0 0 0.0066516 0.024563 0.070802 -0.0066583 0.0034523 -0.00057218 0 0
-0 -0 -0.2457 0 0 0 0 0 0 0 0 0 0 -0.021722 -0.080214 -0.23121 0.019627 -0.014339 0.0031308 0 0
-0 -0 -0.056367 0 0 0 0 0 0 0 0 0 0 -0.0049834 -0.018403 -0.053045 0.0048089 -0.0028873 0.00054993 0 0
0 0 0.25232 0 0 0 0 0 0 0 0 0 0 0.022307 0.082377 0.23745 -0.023205 0.009666 -0.0011734 0 0
-0 -0 -0.29207 0 0 0 0 0 0 0 0 0 0 -0.025822 -0.095355 -0.27486 0.022901 -0.017525 0.0039283 0 0
0 0 0.17163 0 0 0 0 0 0 0 0 0 0 0.015174 0.056034 0.16151 -0.015534 0.0071761 -0.0010303 0 0
0 0 0.095933 0 0 0 0 0 0 0 0 0 0 0.0084814 0.03132 0.090279 -0.0085336 0.0043191 -0.00069672 0 0
-0 -0 -0.090371 0 0 0 0 0 0 0 0 0 0 -0.0079896 -0.029504 -0.085044 0.0076281 -0.0047495 0.0009311 0 0
-0 -0 -0.33836 0 0 0 0 0 0 0 0 0 0 -0.029914 -0.11047 -0.31842 0.026016 -0.02084 0.0047858 0 0
0 0 0.24555 0 0 0 0 0 0 0 0 0 0 0.021709 0.080166 0.23107 -0.022554 0.0094794 -0.0011698 0 0
-0 -0 -0.32788 0 0 0 0 0 0 0 0 0 0 -0.028988 -0.10705 -0.30855 0.025324 -0.020078 0.0045863 0 0
0 0 0.3204 0 0 0 0 0 0 0 0 0 0 0.028327 0.10461 0.30152 -0.029811 0.011309 -0.0011229 0 0
0 0 0.27269 0 0 0 0 0 0 0 0 0 0 0.024108 0.089026 0.25661 -0.02517 0.010202 -0.0011747 0 0
-0 -0 -0.17465 0 0 0 0 0 0 0 0 0 0 -0.015441 -0.05702 -0.16436 0.014327 -0.0097394 0.0020329 0 0
0 0 0.31106 0 0 0 0 0 0 0 0 0 0 0.0275 0.10155 0.29272 -0.028898 0.011109 -0.0011391 0 0
0 0 0.28511 0 0 0 0 0 0 0 0 0 0 0.025206 0.093082 0.2683 -0.026373 0.01051 -0.0011686 0 0
-0 -0 -0.15208 0 0 0 0 0 0 0 0 0 0 -0.013445 -0.04965 -0.14311 0.012575 -0.008352 0.0017161 0 0
-0 -0 -0.087065 0 0 0 0 0 0 0 0 0 0 -0.0076973 -0.028425 -0.081933 0.0073569 -0.0045646 0.00089242 0 0
-0 -0 -0.32258 0 0 0 0 0 0 0 0 0 0 -0.028519 -0.10532 -0.30357 0.024972 -0.019695 0.0044867 0 0
-0 -0 -0.27753 0 0 0 0 0 0 0 0 0 0 -0.024536 -0.090608 -0.26117 0.021891 -0.016511 0.0036715 0 0
0 0 0.013158 0 0 0 0 0 0 0 0 0 0 0.0011633 0.0042957 0.012382 -0.0011455 0.00063734 -0.0001135 0 0
0 0 0.23134 0 0 0 0 0 0 0 0 0 0 0.020452 0.075527 0.2177 -0.021192 0.0090746 -0.0011573 0 0
-0 -0 -0.09779 0 0 0 0 0 0 0 0 0 0 -0.0086455 -0.031926 -0.092026 0.0082347 -0.0051676 0.0010192 0 0
0 0 0.072456 0 0 0 0 0 0 0 0 0 0 0.0064057 0.023655 0.068185 -0.0064077 0.0033331 -0.00055435 0 0
0 0 0.1809 0 0 0 0 0 0 0 0 0 0 0.015993 0.059059 0.17023 -0.016404 0.0074914 -0.0010579 0 0
0 0 0.25932 0 0 0 0 0 0 0 0 0 0 0.022926 0.084663 0.24404 -0.023879 0.0098545 -0.0011754 0 0
-0 -0 -0.27849 0 0 0 0 0 0 0 0 0 0 -0.024621 -0.090922 -0.26208 0.021958 -0.016578 0.0036883 0 0
0 0 0.0013046 0 0 0 0 0 0 0 0 0 0 0.00011534 0.00042591 0.0012277 -0.0001132 6.3818e-05 -1.1506e-05 0 0
-0 -0 -0.32409 0 0 0 0 0 0 0 0 0 0 -0.028652 -0.10581 -0.30499 0.025072 -0.019803 0.0045149 0 0
0 0 0.17747 0 0 0 0 0 0 0 0 0 0 0.01569 0.05794 0.16701 -0.016082 0.0073757 -0.001048 0 0
0 0 0.064624 0 0 0 0 0 0 0 0 0 0 0.0057133 0.021098 0.060815 -0.0057037 0.0029938 -0.00050279 0 0
0 0 0.23565 0 0 0 0 0 0 0 0 0 0 0.020833 0.076934 0.22176 -0.021604 0.0091993 -0.0011618 0 0
0 0 0.19457 0 0 0 0 0 0 0 0 0 0 0.017201 0.063522 0.1831 -0.017694 0.0079429 -0.0010933 0 0
0 0 0.03275 0 0 0 0 0 0 0 0 0 0 0.0028954 0.010692 0.03082 -0.0028665 0.0015602 -0.00027198 0 0
0 0 0.034221 0 0 0 0 0 0 0 0 0 0 0.0030255 0.011173 0.032204 -0.0029964 0.0016282 -0.00028337 0 0
0 0 0.036177 0 0 0 0 0 0 0 0 0 0 0.0031983 0.011811 0.034045 -0.0031693 0.0017184 -0.0002984 0 0
0 0 0.28542 0 0 0 0 0 0 0 0 0 0 0.025234 0.093183 0.2686 -0.026403 0.010518 -0.0011684 0 0
0 0 0.094881 0 0 0 0 0 0 0 0 0 0 0.0083883 0.030977 0.089289 -0.0084378 0.0042759 -0.00069073 0 0
-0 -0 -0.29994 0 0 0 0 0 0 0 0 0 0 -0.026518 -0.097926 -0.28227 0.023442 -0.018079 0.0040698 0 0
0 0 0.032335 0 0 0 0 0 0 0 0 0 0 0.0028587 0.010557 0.030429 -0.0028298 0.001541 -0.00026876 0 0
0 0 0.13156 0 0 0 0 0 0 0 0 0 0 0.011631 0.042952 0.12381 -0.011802 0.0057256 -0.00087764 0 0
-0 -0 -0.31632 0 0 0 0 0 0 0 0 0 0 -0.027965 -0.10327 -0.29767 0.024552 -0.019245 0.0043699 0 0
0 0 0.28521 0 0 0 0 0 0 0 0 0 0 0.025215 0.093116 0.2684 -0.026383 0.010513 -0.0011686 0 0
0 0 0.34647 0 0 0 0 0 0 0 0 0 0 0.030631 0.11312 0.32605 -0.032365 0.011826 -0.0010622 0 0
0 0 0.12856 0 0 0 0 0 0 0 0 0 0 0.011366 0.041972 0.12098 -0.011525 0.0056113 -0.00086403 0 0
0 0 0.23311 0 0 0 0 0 0 0 0 0 0 0.020609 0.076105 0.21937 -0.021361 0.009126 -0.0011592 0 0
0 0 0.29429 0 0 0 0 0 0 0 0 0 0 0.026018 0.096079 0.27694 -0.027265 0.010729 -0.0011608 0 0
-0 -0 -0.13554 0 0 0 0 0 0 0 0 0 0 -0.011983 -0.044252 -0.12756 0.011272 -0.0073591 0.0014941 0 0
-0 -0 -0.30344 0 0 0 0 0 0 0 0 0 0 -0.026827 -0.099067 -0.28556 0.023681 -0.018327 0.0041333 0 0
-0 -0 -0.32325 0 0 0 0 0 0 0 0 0 0 -0.028578 -0.10553 -0.3042 0.025016 -0.019743 0.0044992 0 0
-0 -0 -0.29674 0 0 0 0 0 0 0 0 0 0 -0.026235 -0.09688 -0.27925 0.023223 -0.017853 0.004012 0 0
0 0 0.04898 0 0 0 0 0 0 0 0 0 0 0.0043302 0.015991 0.046093 -0.0043055 0.0023007 -0.0003937 0 0
-0 -0 -0.3303 0 0 0 0 0 0 0 0 0 0 -0.029201 -0.10784 -0.31083 0.025484 -0.020253 0.0046321 0 0
0 0 0.27803 0 0 0 0 0 0 0 0 0 0 0.024581 0.090772 0.26165 -0.025687 0.010336 -0.0011727 0 0
0 0 0.23254 0 0 0 0 0 0 0 0 0 0 0.020558 0.075919 0.21883 -0.021307 0.0091095 -0.0011586 0 0
0 0 0.32853 0 0 0 0 0 0 0 0 0 0 0.029045 0.10726 0.30916 -0.030605 0.011477 -0.0011065 0 0
0 0 0.14756 0 0 0 0 0 0 0 0 0 0 0.013045 0.048174 0.13886 -0.013285 0.0063214 -0.00094502 0 0
0 0 0.12978 0 0 0 0 0 0 0 0 0 0 0.011474 0.04237 0.12213 -0.011637 0.0056579 -0.0008696 0 0
-0 -0 -0.14583 0 0 0 0 0 0 0 0 0 0 -0.012892 -0.047609 -0.13723 0.012084 -0.0079741 0.0016312 0 0
0 0 0.20121 0 0 0 0 0 0 0 0 0 0 0.017789 0.06569 0.18935 -0.018323 0.0081562 -0.0011082 0 0
-0 -0 -0.18254 0 0 0 0 0 0 0 0 0 0 -0.016138 -0.059597 -0.17178 0.014932 -0.010233 0.0021473 0 0
-0 -0 -0.18743 0 0 0 0 0 0 0 0 0 0 -0.01657 -0.061192 -0.17638 0.015305 -0.010541 0.0022191 0 0
0 0 0.27518 0 0 0 0 0 0 0 0 0 0 0.024329 0.089842 0.25896 -0.025411 0.010265 -0.0011739 0 0
0 0 0.26005 0 0 0 0 0 0 0 0 0 0 0.022991 0.084901 0.24472 -0.02395 0.0098739 -0.0011755 0 0
-0 -0 -0.023507 0 0 0 0 0 0 0 0 0 0 -0.0020782 -0.0076746 -0.022122 0.0020253 -0.0011734 0.00021683 0 0
-0 -0 -0.11609 0 0 0 0 0 0 0 0 0 0 -0.010263 -0.0379 -0.10925 0.0097171 -0.0062164 0.0012438 0 0
0 0 0.33785 0 0 0 0 0 0 0 0 0 0 0.029869 0.1103 0.31794 -0.031519 0.011662 -0.0010848 0 0
0 0 0.32516 0 0 0 0 0 0 0 0 0 0 0.028747 0.10616 0.30599 -0.030276 0.011408 -0.0011136 0 0
-0 -0 -0.023904 0 0 0 0 0 0 0 0 0 0 -0.0021133 -0.007804 -0.022495 0.0020592 -0.0011936 0.00022064 0 0
-0 -0 -0.31642 0 0 0 0 0 0 0 0 0 0 -0.027974 -0.1033 -0.29777 0.024559 -0.019252 0.0043718 0 0
-0 -0 -0.18767 0 0 0 0 0 0 0 0 0 0 -0.016592 -0.061271 -0.17661 0.015323 -0.010556 0.0022227 0 0
0 0 0.16319 0 0 0 0 0 0 0 0 0 0 0.014427 0.053278 0.15357 -0.014743 0.0068822 -0.0010026 0 0
-0 -0 -0.1008 0 0 0 0 0 0 0 0 0 0 -0.008912 -0.03291 -0.094863 0.0084802 -0.0053386 0.0010554 0 0
0 0 0.29018 0 0 0 0 0 0 0 0 0 0 0.025654 0.094737 0.27307 -0.026865 0.010632 -0.0011647 0 0
-0 -0 -0.22515 0 0 0 0 0 0 0 0 0 0 -0.019905 -0.073506 -0.21188 0.018128 -0.012973 0.0027977 0 0
-0 -0 -0.13908 0 0 0 0 0 0 0 0 0 0 -0.012296 -0.045407 -0.13088 0.011552 -0.0075697 0.0015409 0 0
0 0 0.17542 0 0 0 0 0 0 0 0 0 0 0.015508 0.05727 0.16508 -0.015889 0.0073058 -0.0010419 0 0
-0 -0 -0.10058 0 0 0 0 0 0 0 0 0 0 -0.0088924 -0.032838 -0.094654 0.0084622 -0.005326 0.0010527 0 0
-0 -0 -0.19012 0 0 0 0 0 0 0 0 0 0 -0.016809 -0.062072 -0.17892 0.01551 -0.010712 0.0022591 0 0
0 0 0.15428 0 0 0 0 0 0 0 0 0 0 0.013639 0.050368 0.14518 -0.01391 0.0065651 -0.00097078 0 0
-0 -0 -0.12441 0 0 0 0 0 0 0 0 0 0 -0.010999 -0.040616 -0.11707 0.010384 -0.0067015 0.0013493 0 0
0 0 0.060941 0 0 0 0 0 0 0 0 0 0 0.0053878 0.019896 0.05735 -0.0053736 0.0028325 -0.00047784 0 0
-0 -0 -0.31806 0 0 0 0 0 0 0 0 0 0 -0.02812 -0.10384 -0.29932 0.024669 -0.01937 0.0044024 0 0
-0 -0 -0.080226 0 0 0 0 0 0 0 0 0 0 -0.0070927 -0.026192 -0.075498 0.0067937 -0.0041846 0.00081352 0 0
0 0 0.16015 0 0 0 0 0 0 0 0 0 0 0.014159 0.052286 0.15071 -0.014459 0.0067748 -0.00099204 0 0
0 0 0.30363 0 0 0 0 0 0 0 0 0 0 0.026843 0.099128 0.28573 -0.028173 0.010944 -0.0011499 0 0
