0 0 0.12501 0 0 0 0 0 0 0 0 0 0 0.00376 0.042538 0.11749 -0.017945 0.0079315 -0.0022973 0 0
-0 -0 -0.049965 0 0 0 0 0 0 0 0 0 0 -0.0015028 -0.017002 -0.046959 0.0068608 -0.0037465 0.0011369 0 0
-0 -0 -0.143 0 0 0 0 0 0 0 0 0 0 -0.004301 -0.048659 -0.1344 0.01908 -0.011556 0.0035732 0 0
-0 -0 -0.047711 0 0 0 0 0 0 0 0 0 0 -0.001435 -0.016235 -0.044841 0.0065555 -0.0035706 0.001083 0 0
-0 -0 -0.0003305 0 0 0 0 0 0 0 0 0 0 -9.9405e-06 -0.00011246 -0.00031062 4.6014e-05 -2.3724e-05 7.1168e-06 0 0
-0 -0 -0.1521 0 0 0 0 0 0 0 0 0 0 -0.0045746 -0.051754 -0.14295 0.020233 -0.012376 0.0038332 0 0
0 0 0.26649 0 0 0 0 0 0 0 0 0 0 0.0080153 0.09068 0.25046 -0.039307 0.014302 -0.00392 0 0
-0 -0 -0.14841 0 0 0 0 0 0 0 0 0 0 -0.0044637 -0.0505 -0.13948 0.019767 -0.012042 0.0037274 0 0
-0 -0 -0.0784 0 0 0 0 0 0 0 0 0 0 -0.0023581 -0.026677 -0.073684 0.010675 -0.0060203 0.001838 0 0
0 0 0.17466 0 0 0 0 0 0 0 0 0 0 0.0052533 0.059432 0.16415 -0.025333 0.010489 -0.0029868 0 0
0 0 0.14916 0 0 0 0 0 0 0 0 0 0 0.0044863 0.050755 0.14019 -0.021522 0.0092183 -0.0026487 0 0
-0 -0 -0.25977 0 0 0 0 0 0 0 0 0 0 -0.0078131 -0.088392 -0.24414 0.033256 -0.022801 0.0071909 0 0
0 0 0.23858 0 0 0 0 0 0 0 0 0 0 0.0071759 0.081184 0.22423 -0.035024 0.013271 -0.0036838 0 0
-0 -0 -0.33013 0 0 0 0 0 0 0 0 0 0 -0.0099293 -0.11233 -0.31027 0.041098 -0.030294 0.0096527 0 0
0 0 0.078383 0 0 0 0 0 0 0 0 0 0 0.0023575 0.026671 0.073668 -0.011132 0.0052192 -0.0015334 0 0
-0 -0 -0.32648 0 0 0 0 0 0 0 0 0 0 -0.0098196 -0.11109 -0.30684 0.040706 -0.029893 0.0095201 0 0
-0 -0 -0.22018 0 0 0 0 0 0 0 0 0 0 -0.0066225 -0.074923 -0.20694 0.028606 -0.018817 0.0058973 0 0
0 0 0.075742 0 0 0 0 0 0 0 0 0 0 0.0022781 0.025773 0.071186 -0.01075 0.0050568 -0.0014868 0 0
0 0 0.10317 0 0 0 0 0 0 0 0 0 0 0.0031031 0.035106 0.096964 -0.014737 0.0066981 -0.0019534 0 0
-0 -0 -0.30237 0 0 0 0 0 0 0 0 0 0 -0.0090945 -0.10289 -0.28418 0.038071 -0.027277 0.0086572 0 0
-0 -0 -0.051691 0 0 0 0 0 0 0 0 0 0 -0.0015547 -0.017589 -0.048581 0.0070942 -0.0038816 0.0011783 0 0
0 0 0.1129 0 0 0 0 0 0 0 0 0 0 0.0033958 0.038417 0.10611 -0.016163 0.0072557 -0.0021097 0 0
-0 -0 -0.27219 0 0 0 0 0 0 0 0 0 0 -0.0081866 -0.092618 -0.25581 0.03468 -0.024086 0.0076105 0 0
-0 -0 -0.25825 0 0 0 0 0 0 0 0 0 0 -0.0077673 -0.087874 -0.24271 0.03308 -0.022645 0.0071399 0 0
-0 -0 -0.13834 0 0 0 0 0 0 0 0 0 0 -0.0041607 -0.047072 -0.13001 0.018486 -0.011139 0.0034414 0 0
-0 -0 -0.20512 0 0 0 0 0 0 0 0 0 0 -0.0061694 -0.069797 -0.19278 0.026793 -0.017346 0.0054229 0 0
-0 -0 -0.041213 0 0 0 0 0 0 0 0 0 0 -0.0012396 -0.014024 -0.038734 0.0056733 -0.0030672 0.00092893 0 0
0 0 0.14145 0 0 0 0 0 0 0 0 0 0 0.0042543 0.048131 0.13294 -0.020376 0.0088161 -0.0025398 0 0
0 0 0.12872 0 0 0 0 0 0 0 0 0 0 0.0038716 0.043801 0.12098 -0.018492 0.0081345 -0.0023533 0 0
-0 -0 -0.26745 0 0 0 0 0 0 0 0 0 0 -0.0080442 -0.091006 -0.25136 0.034139 -0.023594 0.0074497 0 0
0 0 0.10046 0 0 0 0 0 0 0 0 0 0 0.0030217 0.034185 0.094421 -0.014342 0.0065407 -0.0019091 0 0
0 0 0.13149 0 0 0 0 0 0 0 0 0 0 0.0039549 0.044744 0.12358 -0.018902 0.0082848 -0.0023946 0 0
-0 -0 -0.051389 0 0 0 0 0 0 0 0 0 0 -0.0015456 -0.017486 -0.048298 0.0070535 -0.003858 0.0011711 0 0
0 0 0.069071 0 0 0 0 0 0 0 0 0 0 0.0020775 0.023503 0.064916 -0.0097879 0.0046422 -0.0013675 0 0
-0 -0 -0.041474 0 0 0 0 0 0 0 0 0 0 -0.0012474 -0.014112 -0.038979 0.0057087 -0.0030873 0.00093507 0 0
0 0 0.25531 0 0 0 0 0 0 0 0 0 0 0.0076791 0.086876 0.23996 -0.037588 0.013902 -0.0038304 0 0
-0 -0 -0.069643 0 0 0 0 0 0 0 0 0 0 -0.0020947 -0.023698 -0.065454 0.0095078 -0.0053092 0.0016179 0 0
0 0 0.15239 0 0 0 0 0 0 0 0 0 0 0.0045836 0.051855 0.14323 -0.022003 0.0093845 -0.0026935 0 0
0 0 0.23512 0 0 0 0 0 0 0 0 0 0 0.0070717 0.080005 0.22098 -0.034494 0.013135 -0.0036516 0 0
-0 -0 -0.07743 0 0 0 0 0 0 0 0 0 0 -0.0023289 -0.026347 -0.072772 0.010546 -0.005941 0.0018134 0 0
-0 -0 -0.158 0 0 0 0 0 0 0 0 0 0 -0.0047522 -0.053763 -0.1485 0.020977 -0.012913 0.0040039 0 0
-0 -0 -0.24145 0 0 0 0 0 0 0 0 0 0 -0.0072621 -0.082159 -0.22693 0.031124 -0.020936 0.0065839 0 0
0 0 0.14778 0 0 0 0 0 0 0 0 0 0 0.0044447 0.050284 0.13889 -0.021316 0.0091468 -0.0026294 0 0
0 0 0.28373 0 0 0 0 0 0 0 0 0 0 0.0085339 0.096547 0.26667 -0.041968 0.014883 -0.0040452 0 0
-0 -0 -0.26212 0 0 0 0 0 0 0 0 0 0 -0.0078837 -0.089191 -0.24635 0.033526 -0.023043 0.0072697 0 0
-0 -0 -0.18696 0 0 0 0 0 0 0 0 0 0 -0.0056231 -0.063616 -0.17571 0.024577 -0.015607 0.0048641 0 0
0 0 0.021724 0 0 0 0 0 0 0 0 0 0 0.0006534 0.0073921 0.020417 -0.0030422 0.0015281 -0.00045589 0 0
-0 -0 -0.30544 0 0 0 0 0 0 0 0 0 0 -0.0091868 -0.10393 -0.28707 0.03841 -0.027606 0.0087658 0 0
0 0 0.2715 0 0 0 0 0 0 0 0 0 0 0.0081659 0.092383 0.25517 -0.040079 0.014475 -0.003958 0 0
-0 -0 -0.18678 0 0 0 0 0 0 0 0 0 0 -0.0056179 -0.063557 -0.17555 0.024556 -0.015591 0.0048588 0 0
-0 -0 -0.221 0 0 0 0 0 0 0 0 0 0 -0.0066471 -0.075201 -0.20771 0.028704 -0.018898 0.0059233 0 0
-0 -0 -0.19907 0 0 0 0 0 0 0 0 0 0 -0.0059874 -0.067738 -0.18709 0.026059 -0.016763 0.0052351 0 0
0 0 0.23089 0 0 0 0 0 0 0 0 0 0 0.0069443 0.078564 0.217 -0.033847 0.012966 -0.0036113 0 0
0 0 0.13755 0 0 0 0 0 0 0 0 0 0 0.004137 0.046803 0.12927 -0.019798 0.0086095 -0.0024835 0 0
-0 -0 -0.04554 0 0 0 0 0 0 0 0 0 0 -0.0013697 -0.015496 -0.042801 0.0062612 -0.0034019 0.0010313 0 0
-0 -0 -0.010827 0 0 0 0 0 0 0 0 0 0 -0.00032564 -0.0036841 -0.010176 0.0015031 -0.00078456 0.00023595 0 0
-0 -0 -0.034189 0 0 0 0 0 0 0 0 0 0 -0.0010283 -0.011634 -0.032132 0.0047158 -0.0025291 0.00076473 0 0
0 0 0.039752 0 0 0 0 0 0 0 0 0 0 0.0011956 0.013527 0.037361 -0.0055926 0.002749 -0.00081632 0 0
-0 -0 -0.16664 0 0 0 0 0 0 0 0 0 0 -0.0050121 -0.056704 -0.15662 0.02206 -0.013707 0.0042566 0 0
0 0 0.21305 0 0 0 0 0 0 0 0 0 0 0.006408 0.072496 0.20024 -0.031132 0.012229 -0.0034314 0 0
-0 -0 -0.17613 0 0 0 0 0 0 0 0 0 0 -0.0052975 -0.059933 -0.16554 0.023241 -0.014589 0.0045381 0 0
0 0 0.19919 0 0 0 0 0 0 0 0 0 0 0.005991 0.067778 0.18721 -0.02903 0.011625 -0.0032798 0 0
0 0 0.21726 0 0 0 0 0 0 0 0 0 0 0.0065345 0.073927 0.20419 -0.031771 0.012407 -0.0034753 0 0
-0 -0 -0.30177 0 0 0 0 0 0 0 0 0 0 -0.0090762 -0.10268 -0.28361 0.038004 -0.027212 0.0086358 0 0
0 0 0.074238 0 0 0 0 0 0 0 0 0 0 0.0022328 0.025261 0.069772 -0.010533 0.0049638 -0.0014601 0 0
-0 -0 -0.28243 0 0 0 0 0 0 0 0 0 0 -0.0084947 -0.096104 -0.26544 0.035842 -0.025158 0.0079615 0 0
-0 -0 -0.27117 0 0 0 0 0 0 0 0 0 0 -0.0081559 -0.09227 -0.25485 0.034563 -0.02398 0.0075758 0 0
0 0 0.18636 0 0 0 0 0 0 0 0 0 0 0.0056051 0.063412 0.17515 -0.027093 0.011041 -0.0031305 0 0
0 0 0.32212 0 0 0 0 0 0 0 0 0 0 0.0096883 0.10961 0.30274 -0.047925 0.01602 -0.0042665 0 0
0 0 0.28025 0 0 0 0 0 0 0 0 0 0 0.0084291 0.095361 0.26339 -0.041429 0.014769 -0.0040211 0 0
0 0 0.15787 0 0 0 0 0 0 0 0 0 0 0.0047482 0.053718 0.14837 -0.02282 0.0096624 -0.002768 0 0
-0 -0 -0.15724 0 0 0 0 0 0 0 0 0 0 -0.0047293 -0.053505 -0.14778 0.020881 -0.012844 0.0039818 0 0
0 0 0.073211 0 0 0 0 0 0 0 0 0 0 0.002202 0.024912 0.068807 -0.010385 0.0049002 -0.0014418 0 0
-0 -0 -0.013183 0 0 0 0 0 0 0 0 0 0 -0.00039652 -0.0044859 -0.01239 0.0018291 -0.00095734 0.00028807 0 0
-0 -0 -0.25128 0 0 0 0 0 0 0 0 0 0 -0.0075578 -0.085504 -0.23617 0.032273 -0.021932 0.0069079 0 0
-0 -0 -0.1809 0 0 0 0 0 0 0 0 0 0 -0.0054409 -0.061555 -0.17002 0.023831 -0.015035 0.004681 0 0
0 0 0.060539 0 0 0 0 0 0 0 0 0 0 0.0018208 0.0206 0.056897 -0.0085611 0.0041031 -0.0012116 0 0
0 0 0.33344 0 0 0 0 0 0 0 0 0 0 0.010029 0.11346 0.31338 -0.049689 0.016315 -0.0043167 0 0
-0 -0 -0.11952 0 0 0 0 0 0 0 0 0 0 -0.0035947 -0.040668 -0.11233 0.016068 -0.0094852 0.0029199 0 0
-0 -0 -0.056593 0 0 0 0 0 0 0 0 0 0 -0.0017021 -0.019257 -0.053189 0.0077559 -0.0042674 0.0012968 0 0
-0 -0 -0.13923 0 0 0 0 0 0 0 0 0 0 -0.0041876 -0.047376 -0.13086 0.0186 -0.011219 0.0034666 0 0
0 0 0.028899 0 0 0 0 0 0 0 0 0 0 0.00086919 0.0098335 0.02716 -0.0040545 0.0020191 -0.00060128 0 0
0 0 0.32997 0 0 0 0 0 0 0 0 0 0 0.0099245 0.11228 0.31012 -0.049148 0.016227 -0.004302 0 0
-0 -0 -0.12403 0 0 0 0 0 0 0 0 0 0 -0.0037305 -0.042205 -0.11657 0.016651 -0.0098782 0.0030435 0 0
0 0 0.25051 0 0 0 0 0 0 0 0 0 0 0.0075346 0.085242 0.23544 -0.03685 0.013725 -0.0037898 0 0
-0 -0 -0.32081 0 0 0 0 0 0 0 0 0 0 -0.009649 -0.10916 -0.30151 0.040092 -0.029272 0.009315 0 0
0 0 0.13445 0 0 0 0 0 0 0 0 0 0 0.004044 0.045751 0.12637 -0.019339 0.0084442 -0.0024383 0 0
-0 -0 -0.032732 0 0 0 0 0 0 0 0 0 0 -0.00098448 -0.011138 -0.030763 0.0045167 -0.0024182 0.00073097 0 0
0 0 0.12883 0 0 0 0 0 0 0 0 0 0 0.0038747 0.043836 0.12108 -0.018507 0.00814 -0.0023548 0 0
-0 -0 -0.022249 0 0 0 0 0 0 0 0 0 0 -0.00066918 -0.0075706 -0.02091 0.0030791 -0.0016287 0.00049113 0 0
-0 -0 -0.10326 0 0 0 0 0 0 0 0 0 0 -0.0031057 -0.035136 -0.097048 0.013954 -0.0080904 0.0024826 0 0
-0 -0 -0.14229 0 0 0 0 0 0 0 0 0 0 -0.0042796 -0.048417 -0.13373 0.018989 -0.011492 0.0035531 0 0
-0 -0 -0.066618 0 0 0 0 0 0 0 0 0 0 -0.0020037 -0.022668 -0.06261 0.009103 -0.0050658 0.0015428 0 0
0 0 0.13575 0 0 0 0 0 0 0 0 0 0 0.0040829 0.046192 0.12758 -0.019531 0.0085136 -0.0024573 0 0
-0 -0 -0.31195 0 0 0 0 0 0 0 0 0 0 -0.0093826 -0.10615 -0.29319 0.039126 -0.028309 0.0089973 0 0
0 0 0.034732 0 0 0 0 0 0 0 0 0 0 0.0010446 0.011818 0.032642 -0.0048801 0.0024133 -0.00071758 0 0
-0 -0 -0.073574 0 0 0 0 0 0 0 0 0 0 -0.0022129 -0.025035 -0.069148 0.010033 -0.0056272 0.0017163 0 0
-0 -0 -0.17756 0 0 0 0 0 0 0 0 0 0 -0.0053405 -0.060419 -0.16688 0.023418 -0.014722 0.0045808 0 0
-0 -0 -0.21608 0 0 0 0 0 0 0 0 0 0 -0.0064992 -0.073527 -0.20309 0.028115 -0.018414 0.0057671 0 0
-0 -0 -0.040287 0 0 0 0 0 0 0 0 0 0 -0.0012117 -0.013709 -0.037864 0.0055473 -0.0029959 0.00090715 0 0
