0 0 0 0.087512 0 0 0 0 -0 0 0 0.086196 -0.014889 0.0026321 0 0
-0 -0 -0 0.15005 0 0 0 0 -0 0 0 0.14779 -0.025528 0.004513 0 0
-0 -0 -0 0.044696 0 0 0 0 -0 0 0 0.044024 -0.0076045 0.0013443 0 0
-0 -0 -0 0.017037 0 0 0 0 -0 0 0 0.01678 -0.0028985 0.00051241 0 0
0 0 0 0.19922 0 0 0 0 -0 0 0 0.19623 -0.033895 0.0059921 0 0
0 0 0 0.088793 0 0 0 0 -0 0 0 0.087458 -0.015107 0.0026706 0 0
0 0 0 0.089572 0 0 0 0 -0 0 0 0.088225 -0.015239 0.0026941 0 0
-0 -0 -0 0.088251 0 0 0 0 -0 0 0 0.086924 -0.015015 0.0026543 0 0
-0 -0 -0 0.17368 0 0 0 0 -0 0 0 0.17106 -0.029549 0.0052237 0 0
0 0 0 0.024107 0 0 0 0 -0 0 0 0.023744 -0.0041014 0.00072506 0 0
-0 -0 -0 0.079601 0 0 0 0 -0 0 0 0.078404 -0.013543 0.0023942 0 0
-0 -0 -0 0.14533 0 0 0 0 -0 0 0 0.14314 -0.024725 0.004371 0 0
0 0 0 0.066002 0 0 0 0 -0 0 0 0.065009 -0.011229 0.0019851 0 0
-0 -0 -0 0.18924 0 0 0 0 -0 0 0 0.1864 -0.032197 0.0056919 0 0
0 0 0 0.10183 0 0 0 0 -0 0 0 0.10029 -0.017324 0.0030626 0 0
0 0 0 0.022148 0 0 0 0 -0 0 0 0.021815 -0.0037681 0.00066614 0 0
-0 -0 -0 0.054593 0 0 0 0 -0 0 0 0.053772 -0.0092882 0.001642 0 0
-0 -0 -0 0.023591 0 0 0 0 -0 0 0 0.023236 -0.0040137 0.00070955 0 0
0 0 0 0.1342 0 0 0 0 -0 0 0 0.13219 -0.022833 0.0040365 0 0
-0 -0 -0 0.13279 0 0 0 0 -0 0 0 0.13079 -0.022593 0.003994 0 0
0 0 0 0.023599 0 0 0 0 -0 0 0 0.023244 -0.0040151 0.0007098 0 0
-0 -0 -0 0.01497 0 0 0 0 -0 0 0 0.014745 -0.0025469 0.00045025 0 0
0 0 0 0.04861 0 0 0 0 -0 0 0 0.047879 -0.0082703 0.001462 0 0
-0 -0 -0 0.14813 0 0 0 0 -0 0 0 0.1459 -0.025202 0.0044552 0 0
-0 -0 -0 0.047098 0 0 0 0 -0 0 0 0.04639 -0.0080131 0.0014166 0 0
-0 -0 -0 0.077554 0 0 0 0 -0 0 0 0.076388 -0.013195 0.0023326 0 0
-0 -0 -0 0.048745 0 0 0 0 -0 0 0 0.048012 -0.0082933 0.0014661 0 0
-0 -0 -0 0.081429 0 0 0 0 -0 0 0 0.080204 -0.013854 0.0024491 0 0
-0 -0 -0 0.12979 0 0 0 0 -0 0 0 0.12783 -0.022081 0.0039036 0 0
-0 -0 -0 0.024164 0 0 0 0 -0 0 0 0.023801 -0.0041112 0.00072678 0 0
0 0 0 0.16998 0 0 0 0 -0 0 0 0.16743 -0.02892 0.0051126 0 0
0 0 0 0.027759 0 0 0 0 -0 0 0 0.027342 -0.0047228 0.00083491 0 0
-0 -0 -0 0.11969 0 0 0 0 -0 0 0 0.11789 -0.020364 0.0036 0 0
-0 -0 -0 0.16742 0 0 0 0 -0 0 0 0.1649 -0.028484 0.0050354 0 0
-0 -0 -0 0.020299 0 0 0 0 -0 0 0 0.019994 -0.0034536 0.00061054 0 0
-0 -0 -0 0.14019 0 0 0 0 -0 0 0 0.13808 -0.023851 0.0042165 0 0
-0 -0 -0 0.062377 0 0 0 0 -0 0 0 0.061439 -0.010613 0.0018761 0 0
0 0 0 0.07433 0 0 0 0 -0 0 0 0.073212 -0.012646 0.0022356 0 0
0 0 0 0.075085 0 0 0 0 -0 0 0 0.073956 -0.012775 0.0022583 0 0
0 0 0 0.17908 0 0 0 0 -0 0 0 0.17639 -0.030469 0.0053863 0 0
-0 -0 -0 0.15534 0 0 0 0 -0 0 0 0.153 -0.026429 0.0046722 0 0
0 0 0 0.077041 0 0 0 0 -0 0 0 0.075882 -0.013107 0.0023172 0 0
0 0 0 0.12434 0 0 0 0 -0 0 0 0.12247 -0.021155 0.0037399 0 0
-0 -0 -0 0.061775 0 0 0 0 -0 0 0 0.060846 -0.01051 0.001858 0 0
0 0 0 0.17961 0 0 0 0 -0 0 0 0.17691 -0.030558 0.0054022 0 0
0 0 0 0.1619 0 0 0 0 -0 0 0 0.15946 -0.027545 0.0048694 0 0
0 0 0 0.035034 0 0 0 0 -0 0 0 0.034507 -0.0059606 0.0010537 0 0
-0 -0 -0 0.11166 0 0 0 0 -0 0 0 0.10998 -0.018997 0.0033584 0 0
0 0 0 0.0084581 0 0 0 0 -0 0 0 0.0083309 -0.001439 0.00025439 0 0
-0 -0 -0 0.13063 0 0 0 0 -0 0 0 0.12867 -0.022225 0.003929 0 0
-0 -0 -0 0.068985 0 0 0 0 -0 0 0 0.067947 -0.011737 0.0020749 0 0
-0 -0 -0 0.045717 0 0 0 0 -0 0 0 0.04503 -0.0077782 0.001375 0 0
0 0 0 0.19432 0 0 0 0 -0 0 0 0.19139 -0.03306 0.0058445 0 0
-0 -0 -0 0.11183 0 0 0 0 -0 0 0 0.11015 -0.019026 0.0033635 0 0
-0 -0 -0 0.17364 0 0 0 0 -0 0 0 0.17103 -0.029542 0.0052225 0 0
0 0 0 0.18537 0 0 0 0 -0 0 0 0.18258 -0.031539 0.0055755 0 0
0 0 0 0.065912 0 0 0 0 -0 0 0 0.064921 -0.011214 0.0019824 0 0
-0 -0 -0 0.17104 0 0 0 0 -0 0 0 0.16846 -0.0291 0.0051443 0 0
0 0 0 0.10171 0 0 0 0 -0 0 0 0.10018 -0.017304 0.0030591 0 0
0 0 0 0.12632 0 0 0 0 -0 0 0 0.12442 -0.021492 0.0037994 0 0
-0 -0 -0 0.095503 0 0 0 0 -0 0 0 0.094067 -0.016249 0.0028725 0 0
0 0 0 0.067193 0 0 0 0 -0 0 0 0.066183 -0.011432 0.002021 0 0
-0 -0 -0 0.063953 0 0 0 0 -0 0 0 0.062991 -0.010881 0.0019235 0 0
0 0 0 0.012153 0 0 0 0 -0 0 0 0.011971 -0.0020677 0.00036554 0 0
0 0 0 0.058034 0 0 0 0 -0 0 0 0.057162 -0.0098737 0.0017455 0 0
-0 -0 -0 0.10815 0 0 0 0 -0 0 0 0.10652 -0.0184 0.0032528 0 0
0 0 0 0.18465 0 0 0 0 -0 0 0 0.18188 -0.031416 0.0055538 0 0
0 0 0 0.059738 0 0 0 0 -0 0 0 0.058839 -0.010164 0.0017967 0 0
-0 -0 -0 0.16534 0 0 0 0 -0 0 0 0.16285 -0.02813 0.0049729 0 0
0 0 0 0.067274 0 0 0 0 -0 0 0 0.066263 -0.011446 0.0020234 0 0
-0 -0 -0 0.09075 0 0 0 0 -0 0 0 0.089385 -0.01544 0.0027295 0 0
0 0 0 0.14331 0 0 0 0 -0 0 0 0.14116 -0.024383 0.0043104 0 0
0 0 0 0.16252 0 0 0 0 -0 0 0 0.16008 -0.02765 0.0048881 0 0
-0 -0 -0 0.10654 0 0 0 0 -0 0 0 0.10494 -0.018126 0.0032044 0 0
0 0 0 0.026263 0 0 0 0 -0 0 0 0.025868 -0.0044682 0.00078991 0 0
-0 -0 -0 0.17772 0 0 0 0 -0 0 0 0.17505 -0.030237 0.0053454 0 0
0 0 0 0.045433 0 0 0 0 -0 0 0 0.04475 -0.0077298 0.0013665 0 0
-0 -0 -0 0.10282 0 0 0 0 -0 0 0 0.10128 -0.017494 0.0030926 0 0
0 0 0 0.037005 0 0 0 0 -0 0 0 0.036448 -0.0062959 0.001113 0 0
0 0 0 0.15324 0 0 0 0 -0 0 0 0.15093 -0.026071 0.004609 0 0
-0 -0 -0 0.05983 0 0 0 0 -0 0 0 0.05893 -0.010179 0.0017995 0 0
-0 -0 -0 0.062853 0 0 0 0 -0 0 0 0.061908 -0.010694 0.0018904 0 0
-0 -0 -0 0.021796 0 0 0 0 -0 0 0 0.021468 -0.0037082 0.00065555 0 0
-0 -0 -0 0.050951 0 0 0 0 -0 0 0 0.050185 -0.0086687 0.0015325 0 0
0 0 0 0.034922 0 0 0 0 -0 0 0 0.034397 -0.0059415 0.0010504 0 0
-0 -0 -0 0.034241 0 0 0 0 -0 0 0 0.033726 -0.0058257 0.0010299 0 0
-0 -0 -0 0.17393 0 0 0 0 -0 0 0 0.17131 -0.029591 0.0052312 0 0
-0 -0 -0 0.19994 0 0 0 0 -0 0 0 0.19693 -0.034017 0.0060136 0 0
0 0 0 0.057773 0 0 0 0 -0 0 0 0.056904 -0.0098293 0.0017376 0 0
0 0 0 0.026067 0 0 0 0 -0 0 0 0.025675 -0.0044349 0.00078402 0 0
0 0 0 0.11903 0 0 0 0 -0 0 0 0.11724 -0.020251 0.00358 0 0
0 0 0 0.13233 0 0 0 0 -0 0 0 0.13034 -0.022514 0.0039801 0 0
-0 -0 -0 0.17394 0 0 0 0 -0 0 0 0.17132 -0.029593 0.0052315 0 0
-0 -0 -0 0.12651 0 0 0 0 -0 0 0 0.12461 -0.021524 0.003805 0 0
0 0 0 0.16767 0 0 0 0 -0 0 0 0.16515 -0.028526 0.0050429 0 0
-0 -0 -0 0.07773 0 0 0 0 -0 0 0 0.076561 -0.013225 0.0023379 0 0
0 0 0 0.027314 0 0 0 0 -0 0 0 0.026903 -0.0046471 0.00082153 0 0
-0 -0 -0 0.022291 0 0 0 0 -0 0 0 0.021955 -0.0037924 0.00067044 0 0
-0 -0 -0 0.029445 0 0 0 0 -0 0 0 0.029003 -0.0050097 0.00088563 0 0
-0 -0 -0 0.17542 0 0 0 0 -0 0 0 0.17278 -0.029846 0.0052762 0 0
