0 0 0 0.05431 0 0 0 0 0 0 0 0.051068 -0.018197 0.0032421 0 0
0 0 0 0.15811 0 0 0 0 0 0 0 0.14867 -0.052976 0.0094385 0 0
-0 -0 -0 0.10675 0 0 0 0 0 0 0 0.10038 -0.035767 0.0063724 0 0
0 0 0 0.15503 0 0 0 0 0 0 0 0.14578 -0.051946 0.0092549 0 0
0 0 0 0.049828 0 0 0 0 0 0 0 0.046853 -0.016695 0.0029745 0 0
-0 -0 -0 0.18063 0 0 0 0 0 0 0 0.16985 -0.060522 0.010783 0 0
0 0 0 0.070586 0 0 0 0 0 0 0 0.066372 -0.02365 0.0042137 0 0
0 0 0 0.011968 0 0 0 0 0 0 0 0.011254 -0.0040101 0.00071446 0 0
-0 -0 -0 0.0025079 0 0 0 0 0 0 0 0.0023582 -0.0008403 0.00014971 0 0
-0 -0 -0 0.07733 0 0 0 0 0 0 0 0.072714 -0.02591 0.0046163 0 0
-0 -0 -0 0.1073 0 0 0 0 0 0 0 0.1009 -0.035953 0.0064056 0 0
0 0 0 0.024873 0 0 0 0 0 0 0 0.023388 -0.008334 0.0014848 0 0
-0 -0 -0 0.1137 0 0 0 0 0 0 0 0.10692 -0.038098 0.0067877 0 0
-0 -0 -0 0.15829 0 0 0 0 0 0 0 0.14884 -0.053035 0.0094491 0 0
-0 -0 -0 0.17995 0 0 0 0 0 0 0 0.16921 -0.060295 0.010742 0 0
-0 -0 -0 0.0045956 0 0 0 0 0 0 0 0.0043213 -0.0015398 0.00027434 0 0
-0 -0 -0 0.090832 0 0 0 0 0 0 0 0.08541 -0.030434 0.0054223 0 0
-0 -0 -0 0.020281 0 0 0 0 0 0 0 0.019071 -0.0067954 0.0012107 0 0
0 0 0 0.077544 0 0 0 0 0 0 0 0.072915 -0.025982 0.0046291 0 0
-0 -0 -0 0.1434 0 0 0 0 0 0 0 0.13484 -0.048048 0.0085606 0 0
0 0 0 0.17653 0 0 0 0 0 0 0 0.16599 -0.059148 0.010538 0 0
-0 -0 -0 0.1786 0 0 0 0 0 0 0 0.16794 -0.059842 0.010662 0 0
-0 -0 -0 0.011662 0 0 0 0 0 0 0 0.010966 -0.0039075 0.00069618 0 0
-0 -0 -0 0.04719 0 0 0 0 0 0 0 0.044373 -0.015811 0.0028171 0 0
0 0 0 0.074809 0 0 0 0 0 0 0 0.070343 -0.025066 0.0044658 0 0
0 0 0 0.022968 0 0 0 0 0 0 0 0.021597 -0.0076956 0.0013711 0 0
0 0 0 0.066959 0 0 0 0 0 0 0 0.062962 -0.022435 0.0039972 0 0
0 0 0 0.15113 0 0 0 0 0 0 0 0.14211 -0.050638 0.009022 0 0
-0 -0 -0 0.084634 0 0 0 0 0 0 0 0.079582 -0.028358 0.0050524 0 0
0 0 0 0.08225 0 0 0 0 0 0 0 0.07734 -0.027559 0.00491 0 0
0 0 0 0.072167 0 0 0 0 0 0 0 0.067859 -0.02418 0.0043081 0 0
0 0 0 0.093558 0 0 0 0 0 0 0 0.087973 -0.031348 0.0055851 0 0
0 0 0 0.075212 0 0 0 0 0 0 0 0.070722 -0.0252 0.0044899 0 0
-0 -0 -0 0.051493 0 0 0 0 0 0 0 0.048419 -0.017253 0.003074 0 0
0 0 0 0.039174 0 0 0 0 0 0 0 0.036836 -0.013126 0.0023386 0 0
-0 -0 -0 0.09299 0 0 0 0 0 0 0 0.087439 -0.031157 0.0055512 0 0
0 0 0 0.097248 0 0 0 0 0 0 0 0.091443 -0.032584 0.0058054 0 0
-0 -0 -0 0.11113 0 0 0 0 0 0 0 0.10449 -0.037234 0.0066339 0 0
-0 -0 -0 0.053833 0 0 0 0 0 0 0 0.050619 -0.018037 0.0032136 0 0
-0 -0 -0 0.16823 0 0 0 0 0 0 0 0.15819 -0.056367 0.010043 0 0
0 0 0 0.046998 0 0 0 0 0 0 0 0.044192 -0.015747 0.0028056 0 0
0 0 0 0.1411 0 0 0 0 0 0 0 0.13268 -0.047278 0.0084234 0 0
0 0 0 0.11006 0 0 0 0 0 0 0 0.10349 -0.036876 0.00657 0 0
0 0 0 0.10291 0 0 0 0 0 0 0 0.096767 -0.034481 0.0061434 0 0
-0 -0 -0 0.022001 0 0 0 0 0 0 0 0.020688 -0.0073716 0.0013134 0 0
0 0 0 0.11658 0 0 0 0 0 0 0 0.10962 -0.039062 0.0069595 0 0
0 0 0 0.10722 0 0 0 0 0 0 0 0.10082 -0.035926 0.0064009 0 0
-0 -0 -0 0.15113 0 0 0 0 0 0 0 0.14211 -0.050638 0.009022 0 0
0 0 0 0.16816 0 0 0 0 0 0 0 0.15813 -0.056345 0.010039 0 0
0 0 0 0.055728 0 0 0 0 0 0 0 0.052402 -0.018672 0.0033268 0 0
0 0 0 0.060062 0 0 0 0 0 0 0 0.056476 -0.020124 0.0035855 0 0
0 0 0 0.148 0 0 0 0 0 0 0 0.13916 -0.049588 0.0088349 0 0
-0 -0 -0 0.1006 0 0 0 0 0 0 0 0.094596 -0.033708 0.0060056 0 0
-0 -0 -0 0.18838 0 0 0 0 0 0 0 0.17713 -0.063118 0.011246 0 0
-0 -0 -0 0.17752 0 0 0 0 0 0 0 0.16692 -0.059479 0.010597 0 0
-0 -0 -0 0.085148 0 0 0 0 0 0 0 0.080065 -0.02853 0.005083 0 0
0 0 0 0.022801 0 0 0 0 0 0 0 0.02144 -0.0076396 0.0013611 0 0
0 0 0 0.050179 0 0 0 0 0 0 0 0.047184 -0.016813 0.0029955 0 0
0 0 0 0.075271 0 0 0 0 0 0 0 0.070778 -0.02522 0.0044934 0 0
0 0 0 0.17136 0 0 0 0 0 0 0 0.16113 -0.057416 0.01023 0 0
-0 -0 -0 0.078812 0 0 0 0 0 0 0 0.074107 -0.026407 0.0047048 0 0
0 0 0 0.10996 0 0 0 0 0 0 0 0.10339 -0.036842 0.0065639 0 0
-0 -0 -0 0.047617 0 0 0 0 0 0 0 0.044774 -0.015955 0.0028426 0 0
-0 -0 -0 0.10801 0 0 0 0 0 0 0 0.10156 -0.03619 0.0064479 0 0
-0 -0 -0 0.1855 0 0 0 0 0 0 0 0.17443 -0.062154 0.011074 0 0
-0 -0 -0 0.13468 0 0 0 0 0 0 0 0.12664 -0.045127 0.0080401 0 0
0 0 0 0.038443 0 0 0 0 0 0 0 0.036148 -0.012881 0.0022949 0 0
0 0 0 0.1865 0 0 0 0 0 0 0 0.17537 -0.06249 0.011134 0 0
-0 -0 -0 0.12631 0 0 0 0 0 0 0 0.11877 -0.042321 0.0075401 0 0
-0 -0 -0 0.073715 0 0 0 0 0 0 0 0.069315 -0.024699 0.0044005 0 0
0 0 0 0.12442 0 0 0 0 0 0 0 0.11699 -0.041688 0.0074273 0 0
-0 -0 -0 0.02175 0 0 0 0 0 0 0 0.020451 -0.0072875 0.0012984 0 0
-0 -0 -0 0.036119 0 0 0 0 0 0 0 0.033963 -0.012102 0.0021562 0 0
-0 -0 -0 0.14381 0 0 0 0 0 0 0 0.13522 -0.048184 0.0085847 0 0
0 0 0 0.19507 0 0 0 0 0 0 0 0.18343 -0.06536 0.011645 0 0
0 0 0 0.092118 0 0 0 0 0 0 0 0.086619 -0.030865 0.0054991 0 0
0 0 0 0.0068935 0 0 0 0 0 0 0 0.006482 -0.0023097 0.00041152 0 0
0 0 0 0.063571 0 0 0 0 0 0 0 0.059776 -0.0213 0.0037949 0 0
-0 -0 -0 0.18692 0 0 0 0 0 0 0 0.17576 -0.06263 0.011159 0 0
0 0 0 0.043121 0 0 0 0 0 0 0 0.040547 -0.014448 0.0025742 0 0
0 0 0 0.1426 0 0 0 0 0 0 0 0.13409 -0.047781 0.0085129 0 0
0 0 0 0.099597 0 0 0 0 0 0 0 0.093651 -0.033371 0.0059456 0 0
-0 -0 -0 0.17097 0 0 0 0 0 0 0 0.16077 -0.057286 0.010206 0 0
-0 -0 -0 0.13655 0 0 0 0 0 0 0 0.1284 -0.045753 0.0081516 0 0
0 0 0 0.091204 0 0 0 0 0 0 0 0.08576 -0.030559 0.0054445 0 0
-0 -0 -0 0.037993 0 0 0 0 0 0 0 0.035725 -0.01273 0.0022681 0 0
0 0 0 0.1264 0 0 0 0 0 0 0 0.11885 -0.042351 0.0075454 0 0
-0 -0 -0 0.17267 0 0 0 0 0 0 0 0.16236 -0.057855 0.010308 0 0
0 0 0 0.12283 0 0 0 0 0 0 0 0.1155 -0.041156 0.0073325 0 0
-0 -0 -0 0.10298 0 0 0 0 0 0 0 0.096834 -0.034505 0.0061476 0 0
-0 -0 -0 0.09955 0 0 0 0 0 0 0 0.093607 -0.033355 0.0059427 0 0
-0 -0 -0 0.078357 0 0 0 0 0 0 0 0.073679 -0.026254 0.0046776 0 0
0 0 0 0.134 0 0 0 0 0 0 0 0.126 -0.044897 0.0079992 0 0
-0 -0 -0 0.15325 0 0 0 0 0 0 0 0.1441 -0.051347 0.0091483 0 0
-0 -0 -0 0.09408 0 0 0 0 0 0 0 0.088464 -0.031522 0.0056162 0 0
-0 -0 -0 0.050229 0 0 0 0 0 0 0 0.04723 -0.01683 0.0029985 0 0
-0 -0 -0 0.1217 0 0 0 0 0 0 0 0.11444 -0.040777 0.0072651 0 0
0 0 0 0.04757 0 0 0 0 0 0 0 0.04473 -0.015939 0.0028397 0 0
-0 -0 -0 0.11471 0 0 0 0 0 0 0 0.10786 -0.038435 0.0068477 0 0
0 0 0 0.11761 0 0 0 0 0 0 0 0.11059 -0.039408 0.0070211 0 0
