-0 -0 -0 0.040003 0 0 0 0 0 0 0 0.040003 0 0 0 0
-0 -0 -0 0.13431 0 0 0 0 0 0 0 0.13431 0 0 0 0
-0 -0 -0 0.097428 0 0 0 0 0 0 0 0.097428 0 0 0 0
0 0 0 0.070564 0 0 0 0 0 0 0 0.070564 0 0 0 0
-0 -0 -0 0.0020451 0 0 0 0 0 0 0 0.0020451 0 0 0 0
-0 -0 -0 0.023696 0 0 0 0 0 0 0 0.023696 0 0 0 0
0 0 0 0.15439 0 0 0 0 0 0 0 0.15439 0 0 0 0
0 0 0 0.078594 0 0 0 0 0 0 0 0.078594 0 0 0 0
0 0 0 0.15192 0 0 0 0 0 0 0 0.15192 0 0 0 0
-0 -0 -0 0.038613 0 0 0 0 0 0 0 0.038613 0 0 0 0
-0 -0 -0 0.0059345 0 0 0 0 0 0 0 0.0059345 0 0 0 0
-0 -0 -0 0.15455 0 0 0 0 0 0 0 0.15455 0 0 0 0
-0 -0 -0 0.09738 0 0 0 0 0 0 0 0.09738 0 0 0 0
-0 -0 -0 0.014207 0 0 0 0 0 0 0 0.014207 0 0 0 0
0 0 0 0.16959 0 0 0 0 0 0 0 0.16959 0 0 0 0
-0 -0 -0 0.043213 0 0 0 0 0 0 0 0.043213 0 0 0 0
-0 -0 -0 0.073001 0 0 0 0 0 0 0 0.073001 0 0 0 0
0 0 0 0.19434 0 0 0 0 0 0 0 0.19434 0 0 0 0
-0 -0 -0 0.16606 0 0 0 0 0 0 0 0.16606 0 0 0 0
0 0 0 0.11804 0 0 0 0 0 0 0 0.11804 0 0 0 0
-0 -0 -0 0.025075 0 0 0 0 0 0 0 0.025075 0 0 0 0
-0 -0 -0 0.023133 0 0 0 0 0 0 0 0.023133 0 0 0 0
-0 -0 -0 0.18884 0 0 0 0 0 0 0 0.18884 0 0 0 0
0 0 0 0.16366 0 0 0 0 0 0 0 0.16366 0 0 0 0
0 0 0 0.092735 0 0 0 0 0 0 0 0.092735 0 0 0 0
0 0 0 0.080133 0 0 0 0 0 0 0 0.080133 0 0 0 0
-0 -0 -0 0.16403 0 0 0 0 0 0 0 0.16403 0 0 0 0
0 0 0 0.025826 0 0 0 0 0 0 0 0.025826 0 0 0 0
-0 -0 -0 0.16181 0 0 0 0 0 0 0 0.16181 0 0 0 0
0 0 0 0.17177 0 0 0 0 0 0 0 0.17177 0 0 0 0
-0 -0 -0 0.13277 0 0 0 0 0 0 0 0.13277 0 0 0 0
0 0 0 0.089951 0 0 0 0 0 0 0 0.089951 0 0 0 0
0 0 0 0.016229 0 0 0 0 0 0 0 0.016229 0 0 0 0
-0 -0 -0 0.1993 0 0 0 0 0 0 0 0.1993 0 0 0 0
-0 -0 -0 0.018378 0 0 0 0 0 0 0 0.018378 0 0 0 0
0 0 0 0.1748 0 0 0 0 0 0 0 0.1748 0 0 0 0
-0 -0 -0 0.16156 0 0 0 0 0 0 0 0.16156 0 0 0 0
-0 -0 -0 0.18594 0 0 0 0 0 0 0 0.18594 0 0 0 0
0 0 0 0.18384 0 0 0 0 0 0 0 0.18384 0 0 0 0
0 0 0 0.042319 0 0 0 0 0 0 0 0.042319 0 0 0 0
0 0 0 0.13314 0 0 0 0 0 0 0 0.13314 0 0 0 0
-0 -0 -0 0.072408 0 0 0 0 0 0 0 0.072408 0 0 0 0
-0 -0 -0 0.042337 0 0 0 0 0 0 0 0.042337 0 0 0 0
-0 -0 -0 0.18634 0 0 0 0 0 0 0 0.18634 0 0 0 0
0 0 0 0.16167 0 0 0 0 0 0 0 0.16167 0 0 0 0
0 0 0 0.13473 0 0 0 0 0 0 0 0.13473 0 0 0 0
0 0 0 0.1229 0 0 0 0 0 0 0 0.1229 0 0 0 0
0 0 0 0.1866 0 0 0 0 0 0 0 0.1866 0 0 0 0
-0 -0 -0 0.19338 0 0 0 0 0 0 0 0.19338 0 0 0 0
0 0 0 0.017687 0 0 0 0 0 0 0 0.017687 0 0 0 0
-0 -0 -0 0.01537 0 0 0 0 0 0 0 0.01537 0 0 0 0
0 0 0 0.12855 0 0 0 0 0 0 0 0.12855 0 0 0 0
-0 -0 -0 0.19444 0 0 0 0 0 0 0 0.19444 0 0 0 0
-0 -0 -0 0.0028609 0 0 0 0 0 0 0 0.0028609 0 0 0 0
0 0 0 0.070853 0 0 0 0 0 0 0 0.070853 0 0 0 0
0 0 0 0.091873 0 0 0 0 0 0 0 0.091873 0 0 0 0
0 0 0 0.15887 0 0 0 0 0 0 0 0.15887 0 0 0 0
-0 -0 -0 0.096584 0 0 0 0 0 0 0 0.096584 0 0 0 0
0 0 0 0.18918 0 0 0 0 0 0 0 0.18918 0 0 0 0
0 0 0 0.1362 0 0 0 0 0 0 0 0.1362 0 0 0 0
-0 -0 -0 0.037199 0 0 0 0 0 0 0 0.037199 0 0 0 0
0 0 0 0.17998 0 0 0 0 0 0 0 0.17998 0 0 0 0
0 0 0 0.1853 0 0 0 0 0 0 0 0.1853 0 0 0 0
-0 -0 -0 0.16611 0 0 0 0 0 0 0 0.16611 0 0 0 0
0 0 0 0.16743 0 0 0 0 0 0 0 0.16743 0 0 0 0
0 0 0 0.1583 0 0 0 0 0 0 0 0.1583 0 0 0 0
-0 -0 -0 0.17929 0 0 0 0 0 0 0 0.17929 0 0 0 0
-0 -0 -0 0.021297 0 0 0 0 0 0 0 0.021297 0 0 0 0
-0 -0 -0 0.042073 0 0 0 0 0 0 0 0.042073 0 0 0 0
-0 -0 -0 0.093561 0 0 0 0 0 0 0 0.093561 0 0 0 0
-0 -0 -0 0.16788 0 0 0 0 0 0 0 0.16788 0 0 0 0
0 0 0 0.10598 0 0 0 0 0 0 0 0.10598 0 0 0 0
-0 -0 -0 0.15981 0 0 0 0 0 0 0 0.15981 0 0 0 0
-0 -0 -0 0.055727 0 0 0 0 0 0 0 0.055727 0 0 0 0
0 0 0 0.033375 0 0 0 0 0 0 0 0.033375 0 0 0 0
0 0 0 0.14677 0 0 0 0 0 0 0 0.14677 0 0 0 0
-0 -0 -0 0.090379 0 0 0 0 0 0 0 0.090379 0 0 0 0
-0 -0 -0 0.17435 0 0 0 0 0 0 0 0.17435 0 0 0 0
0 0 0 0.053844 0 0 0 0 0 0 0 0.053844 0 0 0 0
0 0 0 0.088682 0 0 0 0 0 0 0 0.088682 0 0 0 0
-0 -0 -0 0.18913 0 0 0 0 0 0 0 0.18913 0 0 0 0
-0 -0 -0 0.14762 0 0 0 0 0 0 0 0.14762 0 0 0 0
-0 -0 -0 0.019025 0 0 0 0 0 0 0 0.019025 0 0 0 0
-0 -0 -0 0.0032369 0 0 0 0 0 0 0 0.0032369 0 0 0 0
-0 -0 -0 0.15407 0 0 0 0 0 0 0 0.15407 0 0 0 0
-0 -0 -0 0.018207 0 0 0 0 0 0 0 0.018207 0 0 0 0
0 0 0 0.019272 0 0 0 0 0 0 0 0.019272 0 0 0 0
-0 -0 -0 0.054375 0 0 0 0 0 0 0 0.054375 0 0 0 0
-0 -0 -0 0.082948 0 0 0 0 0 0 0 0.082948 0 0 0 0
0 0 0 0.012279 0 0 0 0 0 0 0 0.012279 0 0 0 0
0 0 0 0.15558 0 0 0 0 0 0 0 0.15558 0 0 0 0
0 0 0 0.072697 0 0 0 0 0 0 0 0.072697 0 0 0 0
-0 -0 -0 0.054352 0 0 0 0 0 0 0 0.054352 0 0 0 0
-0 -0 -0 0.026864 0 0 0 0 0 0 0 0.026864 0 0 0 0
-0 -0 -0 0.10418 0 0 0 0 0 0 0 0.10418 0 0 0 0
-0 -0 -0 0.088554 0 0 0 0 0 0 0 0.088554 0 0 0 0
-0 -0 -0 0.0080684 0 0 0 0 0 0 0 0.0080684 0 0 0 0
0 0 0 0.1029 0 0 0 0 0 0 0 0.1029 0 0 0 0
0 0 0 0.029166 0 0 0 0 0 0 0 0.029166 0 0 0 0
-0 -0 -0 0.16543 0 0 0 0 0 0 0 0.16543 0 0 0 0
