0 0 0 0.077478 0 0 0 0 0 0 0 0.067203 -0.037942 0.0068497 0 0
-0 -0 -0 0.063048 0 0 0 0 0 0 0 0.054687 -0.030876 0.005574 0 0
0 0 0 0.1018 0 0 0 0 0 0 0 0.0883 -0.049853 0.0090001 0 0
0 0 0 0.052862 0 0 0 0 0 0 0 0.045851 -0.025887 0.0046734 0 0
0 0 0 0.058599 0 0 0 0 0 0 0 0.050828 -0.028697 0.0051807 0 0
0 0 0 0.047265 0 0 0 0 0 0 0 0.040997 -0.023146 0.0041786 0 0
0 0 0 0.11742 0 0 0 0 0 0 0 0.10184 -0.057501 0.010381 0 0
-0 -0 -0 0.045598 0 0 0 0 0 0 0 0.039551 -0.02233 0.0040313 0 0
0 0 0 0.065532 0 0 0 0 0 0 0 0.056841 -0.032092 0.0057936 0 0
0 0 0 0.070607 0 0 0 0 0 0 0 0.061244 -0.034578 0.0062423 0 0
0 0 0 0.019646 0 0 0 0 0 0 0 0.017041 -0.0096209 0.0017369 0 0
-0 -0 -0 0.14132 0 0 0 0 0 0 0 0.12258 -0.069206 0.012494 0 0
0 0 0 0.14772 0 0 0 0 0 0 0 0.12813 -0.072342 0.01306 0 0
-0 -0 -0 0.024245 0 0 0 0 0 0 0 0.021029 -0.011873 0.0021434 0 0
-0 -0 -0 0.090759 0 0 0 0 0 0 0 0.078723 -0.044446 0.0080239 0 0
0 0 0 0.19437 0 0 0 0 0 0 0 0.1686 -0.095189 0.017184 0 0
-0 -0 -0 0.030725 0 0 0 0 0 0 0 0.02665 -0.015047 0.0027164 0 0
-0 -0 -0 0.058931 0 0 0 0 0 0 0 0.051116 -0.02886 0.00521 0 0
0 0 0 0.17146 0 0 0 0 0 0 0 0.14872 -0.083966 0.015158 0 0
0 0 0 0.12124 0 0 0 0 0 0 0 0.10516 -0.059374 0.010719 0 0
-0 -0 -0 0.087975 0 0 0 0 0 0 0 0.076309 -0.043083 0.0077778 0 0
0 0 0 0.089806 0 0 0 0 0 0 0 0.077897 -0.04398 0.0079397 0 0
0 0 0 0.13445 0 0 0 0 0 0 0 0.11662 -0.065841 0.011886 0 0
-0 -0 -0 0.11314 0 0 0 0 0 0 0 0.098136 -0.055407 0.010003 0 0
0 0 0 0.025479 0 0 0 0 0 0 0 0.0221 -0.012477 0.0022525 0 0
0 0 0 0.17743 0 0 0 0 0 0 0 0.1539 -0.086892 0.015687 0 0
-0 -0 -0 0.12123 0 0 0 0 0 0 0 0.10515 -0.059367 0.010718 0 0
0 0 0 0.12283 0 0 0 0 0 0 0 0.10654 -0.060151 0.010859 0 0
-0 -0 -0 0.12268 0 0 0 0 0 0 0 0.10641 -0.060079 0.010846 0 0
0 0 0 0.1444 0 0 0 0 0 0 0 0.12525 -0.070717 0.012767 0 0
0 0 0 0.039507 0 0 0 0 0 0 0 0.034267 -0.019347 0.0034927 0 0
0 0 0 0.099947 0 0 0 0 0 0 0 0.086693 -0.048946 0.0088362 0 0
-0 -0 -0 0.035932 0 0 0 0 0 0 0 0.031167 -0.017596 0.0031767 0 0
-0 -0 -0 0.062308 0 0 0 0 0 0 0 0.054045 -0.030514 0.0055086 0 0
-0 -0 -0 0.032143 0 0 0 0 0 0 0 0.02788 -0.015741 0.0028417 0 0
-0 -0 -0 0.024568 0 0 0 0 0 0 0 0.02131 -0.012031 0.002172 0 0
0 0 0 0.16818 0 0 0 0 0 0 0 0.14588 -0.082363 0.014869 0 0
-0 -0 -0 0.15762 0 0 0 0 0 0 0 0.13671 -0.077188 0.013935 0 0
-0 -0 -0 0.012682 0 0 0 0 0 0 0 0.011 -0.0062107 0.0011212 0 0
-0 -0 -0 0.11699 0 0 0 0 0 0 0 0.10147 -0.057292 0.010343 0 0
0 0 0 0.16875 0 0 0 0 0 0 0 0.14637 -0.082639 0.014919 0 0
-0 -0 -0 0.10754 0 0 0 0 0 0 0 0.09328 -0.052665 0.0095077 0 0
-0 -0 -0 0.010698 0 0 0 0 0 0 0 0.0092795 -0.0052391 0.00094582 0 0
-0 -0 -0 0.15761 0 0 0 0 0 0 0 0.13671 -0.077183 0.013934 0 0
-0 -0 -0 0.15528 0 0 0 0 0 0 0 0.13469 -0.076042 0.013728 0 0
-0 -0 -0 0.060386 0 0 0 0 0 0 0 0.052378 -0.029572 0.0053387 0 0
0 0 0 0.10804 0 0 0 0 0 0 0 0.093711 -0.052909 0.0095516 0 0
-0 -0 -0 0.19727 0 0 0 0 0 0 0 0.17111 -0.096606 0.01744 0 0
0 0 0 0.10247 0 0 0 0 0 0 0 0.088879 -0.05018 0.009059 0 0
-0 -0 -0 0.054118 0 0 0 0 0 0 0 0.046941 -0.026502 0.0047845 0 0
-0 -0 -0 0.17872 0 0 0 0 0 0 0 0.15502 -0.087523 0.015801 0 0
0 0 0 0.086514 0 0 0 0 0 0 0 0.075041 -0.042368 0.0076486 0 0
-0 -0 -0 0.036629 0 0 0 0 0 0 0 0.031772 -0.017938 0.0032384 0 0
0 0 0 0.12917 0 0 0 0 0 0 0 0.11204 -0.063256 0.01142 0 0
0 0 0 0.16551 0 0 0 0 0 0 0 0.14356 -0.081052 0.014632 0 0
0 0 0 0.035323 0 0 0 0 0 0 0 0.030638 -0.017298 0.0031229 0 0
0 0 0 0.011792 0 0 0 0 0 0 0 0.010229 -0.005775 0.0010426 0 0
-0 -0 -0 0.071828 0 0 0 0 0 0 0 0.062303 -0.035176 0.0063503 0 0
-0 -0 -0 0.10852 0 0 0 0 0 0 0 0.09413 -0.053145 0.0095943 0 0
0 0 0 0.14069 0 0 0 0 0 0 0 0.12203 -0.068897 0.012438 0 0
-0 -0 -0 0.071007 0 0 0 0 0 0 0 0.061591 -0.034774 0.0062777 0 0
-0 -0 -0 0.185 0 0 0 0 0 0 0 0.16046 -0.090596 0.016355 0 0
0 0 0 0.19715 0 0 0 0 0 0 0 0.17101 -0.096548 0.01743 0 0
0 0 0 0.15879 0 0 0 0 0 0 0 0.13773 -0.077763 0.014039 0 0
0 0 0 0.15135 0 0 0 0 0 0 0 0.13128 -0.074118 0.01338 0 0
-0 -0 -0 0.13166 0 0 0 0 0 0 0 0.1142 -0.064477 0.01164 0 0
-0 -0 -0 0.1161 0 0 0 0 0 0 0 0.10071 -0.056859 0.010265 0 0
-0 -0 -0 0.098148 0 0 0 0 0 0 0 0.085132 -0.048065 0.0086772 0 0
0 0 0 0.17011 0 0 0 0 0 0 0 0.14755 -0.083308 0.01504 0 0
-0 -0 -0 0.066188 0 0 0 0 0 0 0 0.05741 -0.032413 0.0058516 0 0
-0 -0 -0 0.17159 0 0 0 0 0 0 0 0.14883 -0.08403 0.01517 0 0
-0 -0 -0 0.10852 0 0 0 0 0 0 0 0.094126 -0.053143 0.0095939 0 0
0 0 0 0.18664 0 0 0 0 0 0 0 0.16189 -0.091403 0.016501 0 0
0 0 0 0.17368 0 0 0 0 0 0 0 0.15064 -0.085052 0.015354 0 0
0 0 0 0.11736 0 0 0 0 0 0 0 0.1018 -0.057473 0.010376 0 0
-0 -0 -0 0.16151 0 0 0 0 0 0 0 0.14009 -0.079096 0.014279 0 0
-0 -0 -0 0.095764 0 0 0 0 0 0 0 0.083064 -0.046897 0.0084664 0 0
0 0 0 0.046107 0 0 0 0 0 0 0 0.039992 -0.022579 0.0040763 0 0
0 0 0 0.07359 0 0 0 0 0 0 0 0.063831 -0.036039 0.006506 0 0
0 0 0 0.12849 0 0 0 0 0 0 0 0.11145 -0.062924 0.01136 0 0
-0 -0 -0 0.14917 0 0 0 0 0 0 0 0.12939 -0.073053 0.013188 0 0
0 0 0 0.15223 0 0 0 0 0 0 0 0.13204 -0.074548 0.013458 0 0
0 0 0 0.046579 0 0 0 0 0 0 0 0.040402 -0.022811 0.004118 0 0
-0 -0 -0 0.089718 0 0 0 0 0 0 0 0.07782 -0.043937 0.0079319 0 0
0 0 0 0.003963 0 0 0 0 0 0 0 0.0034374 -0.0019407 0.00035036 0 0
0 0 0 0.043105 0 0 0 0 0 0 0 0.037389 -0.021109 0.0038109 0 0
-0 -0 -0 0.14448 0 0 0 0 0 0 0 0.12532 -0.070756 0.012774 0 0
0 0 0 0.045264 0 0 0 0 0 0 0 0.039262 -0.022167 0.0040018 0 0
-0 -0 -0 0.18163 0 0 0 0 0 0 0 0.15754 -0.088947 0.016058 0 0
-0 -0 -0 0.13901 0 0 0 0 0 0 0 0.12058 -0.068077 0.01229 0 0
-0 -0 -0 0.090511 0 0 0 0 0 0 0 0.078508 -0.044325 0.008002 0 0
0 0 0 0.068856 0 0 0 0 0 0 0 0.059724 -0.03372 0.0060875 0 0
-0 -0 -0 0.045902 0 0 0 0 0 0 0 0.039815 -0.022479 0.0040581 0 0
0 0 0 0.15404 0 0 0 0 0 0 0 0.13361 -0.075436 0.013618 0 0
0 0 0 0.051891 0 0 0 0 0 0 0 0.04501 -0.025412 0.0045877 0 0
-0 -0 -0 0.12715 0 0 0 0 0 0 0 0.11029 -0.062269 0.011241 0 0
0 0 0 0.029659 0 0 0 0 0 0 0 0.025725 -0.014524 0.0026221 0 0
0 0 0 0.008547 0 0 0 0 0 0 0 0.0074136 -0.0041856 0.00075564 0 0
-0 -0 -0 0.030775 0 0 0 0 0 0 0 0.026693 -0.015071 0.0027207 0 0
0 0 0 0.14647 0 0 0 0 0 0 0 0.12705 -0.071731 0.01295 0 0
