0 0 0 0.09675 0 0 0 0 0 0 0 0.08392 -0.04738 0.0085536 0 0
0 0 0 0.15274 0 0 0 0 0 0 0 0.13249 -0.0748 0.013504 0 0
0 0 0 0.059596 0 0 0 0 0 0 0 0.051693 -0.029185 0.0052688 0 0
-0 -0 -0 0.054013 0 0 0 0 0 0 0 0.04685 -0.026451 0.0047752 0 0
0 0 0 0.068815 0 0 0 0 0 0 0 0.059689 -0.0337 0.0060838 0 0
-0 -0 -0 0.01473 0 0 0 0 0 0 0 0.012776 -0.0072133 0.0013022 0 0
0 0 0 0.034706 0 0 0 0 0 0 0 0.030104 -0.016996 0.0030683 0 0
-0 -0 -0 0.14156 0 0 0 0 0 0 0 0.12279 -0.069327 0.012516 0 0
0 0 0 0.12791 0 0 0 0 0 0 0 0.11095 -0.06264 0.011308 0 0
-0 -0 -0 0.12127 0 0 0 0 0 0 0 0.10519 -0.059389 0.010721 0 0
-0 -0 -0 0.16858 0 0 0 0 0 0 0 0.14622 -0.082556 0.014904 0 0
-0 -0 -0 0.18293 0 0 0 0 0 0 0 0.15867 -0.089585 0.016173 0 0
0 0 0 0.12047 0 0 0 0 0 0 0 0.10449 -0.058997 0.010651 0 0
0 0 0 0.19791 0 0 0 0 0 0 0 0.17167 -0.096921 0.017497 0 0
0 0 0 0.070617 0 0 0 0 0 0 0 0.061253 -0.034583 0.0062432 0 0
-0 -0 -0 0.13942 0 0 0 0 0 0 0 0.12093 -0.068275 0.012326 0 0
0 0 0 0.19539 0 0 0 0 0 0 0 0.16948 -0.095685 0.017274 0 0
-0 -0 -0 0.069775 0 0 0 0 0 0 0 0.060522 -0.03417 0.0061687 0 0
-0 -0 -0 0.017511 0 0 0 0 0 0 0 0.015189 -0.0085754 0.0015481 0 0
-0 -0 -0 0.10087 0 0 0 0 0 0 0 0.087496 -0.049399 0.0089181 0 0
-0 -0 -0 0.11946 0 0 0 0 0 0 0 0.10362 -0.058501 0.010561 0 0
-0 -0 -0 0.097725 0 0 0 0 0 0 0 0.084765 -0.047858 0.0086398 0 0
0 0 0 0.16466 0 0 0 0 0 0 0 0.14283 -0.080639 0.014558 0 0
0 0 0 0.037621 0 0 0 0 0 0 0 0.032632 -0.018424 0.003326 0 0
0 0 0 0.00077509 0 0 0 0 0 0 0 0.0006723 -0.00037958 6.8525e-05 0 0
0 0 0 0.10919 0 0 0 0 0 0 0 0.09471 -0.053472 0.0096533 0 0
-0 -0 -0 0.13781 0 0 0 0 0 0 0 0.11953 -0.067486 0.012183 0 0
-0 -0 -0 0.12871 0 0 0 0 0 0 0 0.11165 -0.063034 0.01138 0 0
-0 -0 -0 0.072148 0 0 0 0 0 0 0 0.06258 -0.035332 0.0063785 0 0
-0 -0 -0 0.044709 0 0 0 0 0 0 0 0.03878 -0.021895 0.0039527 0 0
-0 -0 -0 0.18698 0 0 0 0 0 0 0 0.16219 -0.091569 0.016531 0 0
-0 -0 -0 0.057133 0 0 0 0 0 0 0 0.049556 -0.027979 0.0050511 0 0
-0 -0 -0 0.016037 0 0 0 0 0 0 0 0.01391 -0.0078536 0.0014178 0 0
-0 -0 -0 0.11471 0 0 0 0 0 0 0 0.099499 -0.056176 0.010142 0 0
0 0 0 0.0029985 0 0 0 0 0 0 0 0.0026009 -0.0014684 0.0002651 0 0
0 0 0 0.14256 0 0 0 0 0 0 0 0.12365 -0.069814 0.012604 0 0
0 0 0 0.058212 0 0 0 0 0 0 0 0.050493 -0.028508 0.0051465 0 0
-0 -0 -0 0.049452 0 0 0 0 0 0 0 0.042894 -0.024218 0.004372 0 0
0 0 0 0.041966 0 0 0 0 0 0 0 0.036401 -0.020552 0.0037102 0 0
-0 -0 -0 0.0086735 0 0 0 0 0 0 0 0.0075233 -0.0042476 0.00076681 0 0
-0 -0 -0 0.13075 0 0 0 0 0 0 0 0.11341 -0.06403 0.011559 0 0
-0 -0 -0 0.061534 0 0 0 0 0 0 0 0.053374 -0.030135 0.0054402 0 0
-0 -0 -0 0.087997 0 0 0 0 0 0 0 0.076327 -0.043094 0.0077797 0 0
-0 -0 -0 0.15474 0 0 0 0 0 0 0 0.13422 -0.075778 0.01368 0 0
0 0 0 0.1522 0 0 0 0 0 0 0 0.13202 -0.074535 0.013456 0 0
0 0 0 0.048196 0 0 0 0 0 0 0 0.041805 -0.023603 0.004261 0 0
-0 -0 -0 0.17904 0 0 0 0 0 0 0 0.15529 -0.087677 0.015828 0 0
-0 -0 -0 0.030897 0 0 0 0 0 0 0 0.0268 -0.015131 0.0027316 0 0
0 0 0 0.026472 0 0 0 0 0 0 0 0.022962 -0.012964 0.0023404 0 0
-0 -0 -0 0.058629 0 0 0 0 0 0 0 0.050854 -0.028712 0.0051834 0 0
-0 -0 -0 0.18401 0 0 0 0 0 0 0 0.15961 -0.090114 0.016268 0 0
0 0 0 0.10411 0 0 0 0 0 0 0 0.090303 -0.050984 0.0092042 0 0
-0 -0 -0 0.13339 0 0 0 0 0 0 0 0.1157 -0.065322 0.011793 0 0
0 0 0 0.10664 0 0 0 0 0 0 0 0.092495 -0.052222 0.0094276 0 0
0 0 0 0.13457 0 0 0 0 0 0 0 0.11673 -0.065903 0.011898 0 0
-0 -0 -0 0.0074175 0 0 0 0 0 0 0 0.0064338 -0.0036325 0.00065577 0 0
0 0 0 0.12439 0 0 0 0 0 0 0 0.10789 -0.060915 0.010997 0 0
0 0 0 0.12497 0 0 0 0 0 0 0 0.1084 -0.061201 0.011049 0 0
-0 -0 -0 0.10587 0 0 0 0 0 0 0 0.091833 -0.051848 0.0093601 0 0
0 0 0 0.18782 0 0 0 0 0 0 0 0.16291 -0.09198 0.016605 0 0
-0 -0 -0 0.10942 0 0 0 0 0 0 0 0.094913 -0.053587 0.0096741 0 0
0 0 0 0.055445 0 0 0 0 0 0 0 0.048092 -0.027152 0.0049018 0 0
0 0 0 0.12838 0 0 0 0 0 0 0 0.11135 -0.062869 0.01135 0 0
0 0 0 0.17475 0 0 0 0 0 0 0 0.15157 -0.085577 0.015449 0 0
-0 -0 -0 0.059481 0 0 0 0 0 0 0 0.051593 -0.029129 0.0052587 0 0
0 0 0 0.18133 0 0 0 0 0 0 0 0.15729 -0.088802 0.016031 0 0
0 0 0 0.081806 0 0 0 0 0 0 0 0.070958 -0.040062 0.0072324 0 0
0 0 0 0.035688 0 0 0 0 0 0 0 0.030955 -0.017477 0.0031551 0 0
0 0 0 0.17997 0 0 0 0 0 0 0 0.15611 -0.088136 0.015911 0 0
0 0 0 0.19399 0 0 0 0 0 0 0 0.16827 -0.095002 0.017151 0 0
-0 -0 -0 0.14898 0 0 0 0 0 0 0 0.12923 -0.07296 0.013171 0 0
0 0 0 0.083895 0 0 0 0 0 0 0 0.07277 -0.041085 0.0074171 0 0
-0 -0 -0 0.1157 0 0 0 0 0 0 0 0.10035 -0.056659 0.010229 0 0
0 0 0 0.10246 0 0 0 0 0 0 0 0.088876 -0.050179 0.0090587 0 0
0 0 0 0.16903 0 0 0 0 0 0 0 0.14662 -0.082779 0.014944 0 0
-0 -0 -0 0.11814 0 0 0 0 0 0 0 0.10247 -0.057855 0.010444 0 0
-0 -0 -0 0.12463 0 0 0 0 0 0 0 0.1081 -0.061033 0.011018 0 0
0 0 0 0.1825 0 0 0 0 0 0 0 0.1583 -0.089374 0.016135 0 0
-0 -0 -0 0.074282 0 0 0 0 0 0 0 0.064432 -0.036377 0.0065672 0 0
0 0 0 0.19379 0 0 0 0 0 0 0 0.16809 -0.094904 0.017133 0 0
-0 -0 -0 0.1274 0 0 0 0 0 0 0 0.1105 -0.06239 0.011263 0 0
0 0 0 0.14016 0 0 0 0 0 0 0 0.12157 -0.068639 0.012391 0 0
-0 -0 -0 0.017991 0 0 0 0 0 0 0 0.015605 -0.0088103 0.0015905 0 0
0 0 0 0.04688 0 0 0 0 0 0 0 0.040663 -0.022958 0.0041447 0 0
-0 -0 -0 0.15863 0 0 0 0 0 0 0 0.13759 -0.077684 0.014024 0 0
0 0 0 0.13019 0 0 0 0 0 0 0 0.11293 -0.063757 0.01151 0 0
0 0 0 0.011884 0 0 0 0 0 0 0 0.010308 -0.0058198 0.0010506 0 0
-0 -0 -0 0.049071 0 0 0 0 0 0 0 0.042563 -0.024031 0.0043383 0 0
-0 -0 -0 0.0033928 0 0 0 0 0 0 0 0.0029429 -0.0016615 0.00029996 0 0
-0 -0 -0 0.017798 0 0 0 0 0 0 0 0.015437 -0.0087158 0.0015735 0 0
0 0 0 0.039332 0 0 0 0 0 0 0 0.034116 -0.019262 0.0034773 0 0
-0 -0 -0 0.09852 0 0 0 0 0 0 0 0.085455 -0.048247 0.0087101 0 0
-0 -0 -0 0.11987 0 0 0 0 0 0 0 0.10397 -0.058703 0.010598 0 0
0 0 0 0.0087253 0 0 0 0 0 0 0 0.0075682 -0.004273 0.0007714 0 0
-0 -0 -0 0.12464 0 0 0 0 0 0 0 0.10811 -0.061037 0.011019 0 0
-0 -0 -0 0.13237 0 0 0 0 0 0 0 0.11482 -0.064826 0.011703 0 0
-0 -0 -0 0.091279 0 0 0 0 0 0 0 0.079174 -0.044701 0.0080699 0 0
-0 -0 -0 0.062305 0 0 0 0 0 0 0 0.054042 -0.030512 0.0055083 0 0
-0 -0 -0 0.044774 0 0 0 0 0 0 0 0.038837 -0.021927 0.0039585 0 0
0 0 0 0.12843 0 0 0 0 0 0 0 0.1114 -0.062893 0.011354 0 0
