-0 -0 -0 0.1202 0 0 0 0 0 0 0 0.1202 0 0 0 0
-0 -0 -0 0.13261 0 0 0 0 0 0 0 0.13261 0 0 0 0
0 0 0 0.0038992 0 0 0 0 0 0 0 0.0038992 0 0 0 0
-0 -0 -0 0.045416 0 0 0 0 0 0 0 0.045416 0 0 0 0
0 0 0 0.19147 0 0 0 0 0 0 0 0.19147 0 0 0 0
-0 -0 -0 0.19613 0 0 0 0 0 0 0 0.19613 0 0 0 0
0 0 0 0.15487 0 0 0 0 0 0 0 0.15487 0 0 0 0
-0 -0 -0 0.17636 0 0 0 0 0 0 0 0.17636 0 0 0 0
-0 -0 -0 0.15814 0 0 0 0 0 0 0 0.15814 0 0 0 0
-0 -0 -0 0.084954 0 0 0 0 0 0 0 0.084954 0 0 0 0
0 0 0 0.0083917 0 0 0 0 0 0 0 0.0083917 0 0 0 0
0 0 0 0.067328 0 0 0 0 0 0 0 0.067328 0 0 0 0
0 0 0 0.056196 0 0 0 0 0 0 0 0.056196 0 0 0 0
-0 -0 -0 0.15256 0 0 0 0 0 0 0 0.15256 0 0 0 0
0 0 0 0.017539 0 0 0 0 0 0 0 0.017539 0 0 0 0
0 0 0 0.1262 0 0 0 0 0 0 0 0.1262 0 0 0 0
-0 -0 -0 0.073311 0 0 0 0 0 0 0 0.073311 0 0 0 0
-0 -0 -0 0.013478 0 0 0 0 0 0 0 0.013478 0 0 0 0
-0 -0 -0 0.091754 0 0 0 0 0 0 0 0.091754 0 0 0 0
-0 -0 -0 0.14784 0 0 0 0 0 0 0 0.14784 0 0 0 0
-0 -0 -0 0.090267 0 0 0 0 0 0 0 0.090267 0 0 0 0
-0 -0 -0 0.069945 0 0 0 0 0 0 0 0.069945 0 0 0 0
-0 -0 -0 0.016165 0 0 0 0 0 0 0 0.016165 0 0 0 0
-0 -0 -0 0.03541 0 0 0 0 0 0 0 0.03541 0 0 0 0
-0 -0 -0 0.18979 0 0 0 0 0 0 0 0.18979 0 0 0 0
0 0 0 0.11425 0 0 0 0 0 0 0 0.11425 0 0 0 0
-0 -0 -0 0.18681 0 0 0 0 0 0 0 0.18681 0 0 0 0
0 0 0 0.022847 0 0 0 0 0 0 0 0.022847 0 0 0 0
0 0 0 0.1244 0 0 0 0 0 0 0 0.1244 0 0 0 0
-0 -0 -0 0.14978 0 0 0 0 0 0 0 0.14978 0 0 0 0
0 0 0 0.068355 0 0 0 0 0 0 0 0.068355 0 0 0 0
0 0 0 0.0070369 0 0 0 0 0 0 0 0.0070369 0 0 0 0
0 0 0 0.11962 0 0 0 0 0 0 0 0.11962 0 0 0 0
0 0 0 0.13787 0 0 0 0 0 0 0 0.13787 0 0 0 0
0 0 0 0.070821 0 0 0 0 0 0 0 0.070821 0 0 0 0
-0 -0 -0 0.033386 0 0 0 0 0 0 0 0.033386 0 0 0 0
-0 -0 -0 0.17075 0 0 0 0 0 0 0 0.17075 0 0 0 0
0 0 0 0.015066 0 0 0 0 0 0 0 0.015066 0 0 0 0
-0 -0 -0 0.15122 0 0 0 0 0 0 0 0.15122 0 0 0 0
0 0 0 0.036181 0 0 0 0 0 0 0 0.036181 0 0 0 0
-0 -0 -0 0.11662 0 0 0 0 0 0 0 0.11662 0 0 0 0
-0 -0 -0 0.0064733 0 0 0 0 0 0 0 0.0064733 0 0 0 0
-0 -0 -0 0.13453 0 0 0 0 0 0 0 0.13453 0 0 0 0
-0 -0 -0 0.072421 0 0 0 0 0 0 0 0.072421 0 0 0 0
-0 -0 -0 0.12019 0 0 0 0 0 0 0 0.12019 0 0 0 0
-0 -0 -0 0.17972 0 0 0 0 0 0 0 0.17972 0 0 0 0
-0 -0 -0 0.032132 0 0 0 0 0 0 0 0.032132 0 0 0 0
-0 -0 -0 0.13824 0 0 0 0 0 0 0 0.13824 0 0 0 0
0 0 0 0.19475 0 0 0 0 0 0 0 0.19475 0 0 0 0
-0 -0 -0 0.14243 0 0 0 0 0 0 0 0.14243 0 0 0 0
-0 -0 -0 0.046818 0 0 0 0 0 0 0 0.046818 0 0 0 0
-0 -0 -0 0.068524 0 0 0 0 0 0 0 0.068524 0 0 0 0
-0 -0 -0 0.085616 0 0 0 0 0 0 0 0.085616 0 0 0 0
-0 -0 -0 0.11484 0 0 0 0 0 0 0 0.11484 0 0 0 0
0 0 0 0.16107 0 0 0 0 0 0 0 0.16107 0 0 0 0
-0 -0 -0 0.020634 0 0 0 0 0 0 0 0.020634 0 0 0 0
0 0 0 0.18781 0 0 0 0 0 0 0 0.18781 0 0 0 0
0 0 0 0.17592 0 0 0 0 0 0 0 0.17592 0 0 0 0
-0 -0 -0 0.020852 0 0 0 0 0 0 0 0.020852 0 0 0 0
-0 -0 -0 0.14939 0 0 0 0 0 0 0 0.14939 0 0 0 0
0 0 0 0.0060173 0 0 0 0 0 0 0 0.0060173 0 0 0 0
0 0 0 0.045279 0 0 0 0 0 0 0 0.045279 0 0 0 0
0 0 0 0.01595 0 0 0 0 0 0 0 0.01595 0 0 0 0
-0 -0 -0 0.051215 0 0 0 0 0 0 0 0.051215 0 0 0 0
0 0 0 0.057951 0 0 0 0 0 0 0 0.057951 0 0 0 0
-0 -0 -0 0.019624 0 0 0 0 0 0 0 0.019624 0 0 0 0
-0 -0 -0 0.13504 0 0 0 0 0 0 0 0.13504 0 0 0 0
0 0 0 0.12996 0 0 0 0 0 0 0 0.12996 0 0 0 0
-0 -0 -0 0.13896 0 0 0 0 0 0 0 0.13896 0 0 0 0
0 0 0 0.16866 0 0 0 0 0 0 0 0.16866 0 0 0 0
-0 -0 -0 0.021858 0 0 0 0 0 0 0 0.021858 0 0 0 0
0 0 0 0.10546 0 0 0 0 0 0 0 0.10546 0 0 0 0
-0 -0 -0 0.094848 0 0 0 0 0 0 0 0.094848 0 0 0 0
0 0 0 0.022415 0 0 0 0 0 0 0 0.022415 0 0 0 0
-0 -0 -0 0.035827 0 0 0 0 0 0 0 0.035827 0 0 0 0
-0 -0 -0 0.02647 0 0 0 0 0 0 0 0.02647 0 0 0 0
-0 -0 -0 0.020742 0 0 0 0 0 0 0 0.020742 0 0 0 0
0 0 0 0.049084 0 0 0 0 0 0 0 0.049084 0 0 0 0
0 0 0 0.028947 0 0 0 0 0 0 0 0.028947 0 0 0 0
0 0 0 0.10455 0 0 0 0 0 0 0 0.10455 0 0 0 0
0 0 0 0.13464 0 0 0 0 0 0 0 0.13464 0 0 0 0
0 0 0 0.012496 0 0 0 0 0 0 0 0.012496 0 0 0 0
0 0 0 0.031732 0 0 0 0 0 0 0 0.031732 0 0 0 0
-0 -0 -0 0.011389 0 0 0 0 0 0 0 0.011389 0 0 0 0
0 0 0 0.18304 0 0 0 0 0 0 0 0.18304 0 0 0 0
0 0 0 0.14966 0 0 0 0 0 0 0 0.14966 0 0 0 0
0 0 0 0.17336 0 0 0 0 0 0 0 0.17336 0 0 0 0
-0 -0 -0 0.12367 0 0 0 0 0 0 0 0.12367 0 0 0 0
-0 -0 -0 0.053504 0 0 0 0 0 0 0 0.053504 0 0 0 0
-0 -0 -0 0.11977 0 0 0 0 0 0 0 0.11977 0 0 0 0
-0 -0 -0 0.14726 0 0 0 0 0 0 0 0.14726 0 0 0 0
0 0 0 0.066969 0 0 0 0 0 0 0 0.066969 0 0 0 0
0 0 0 0.1236 0 0 0 0 0 0 0 0.1236 0 0 0 0
-0 -0 -0 0.059259 0 0 0 0 0 0 0 0.059259 0 0 0 0
0 0 0 0.090389 0 0 0 0 0 0 0 0.090389 0 0 0 0
0 0 0 0.1933 0 0 0 0 0 0 0 0.1933 0 0 0 0
-0 -0 -0 0.16113 0 0 0 0 0 0 0 0.16113 0 0 0 0
0 0 0 0.10134 0 0 0 0 0 0 0 0.10134 0 0 0 0
-0 -0 -0 0.17463 0 0 0 0 0 0 0 0.17463 0 0 0 0
-0 -0 -0 0.1291 0 0 0 0 0 0 0 0.1291 0 0 0 0
