0 0 0 0.088687 0 0 0 0 0 0 0 0.088687 0 0 0 0
-0 -0 -0 0.0036837 0 0 0 0 0 0 0 0.0036837 0 0 0 0
-0 -0 -0 0.026055 0 0 0 0 0 0 0 0.026055 0 0 0 0
-0 -0 -0 0.014622 0 0 0 0 0 0 0 0.014622 0 0 0 0
-0 -0 -0 0.067021 0 0 0 0 0 0 0 0.067021 0 0 0 0
-0 -0 -0 0.19063 0 0 0 0 0 0 0 0.19063 0 0 0 0
-0 -0 -0 0.074401 0 0 0 0 0 0 0 0.074401 0 0 0 0
0 0 0 0.057915 0 0 0 0 0 0 0 0.057915 0 0 0 0
0 0 0 0.10089 0 0 0 0 0 0 0 0.10089 0 0 0 0
0 0 0 0.095893 0 0 0 0 0 0 0 0.095893 0 0 0 0
-0 -0 -0 0.021955 0 0 0 0 0 0 0 0.021955 0 0 0 0
0 0 0 0.076263 0 0 0 0 0 0 0 0.076263 0 0 0 0
0 0 0 0.16808 0 0 0 0 0 0 0 0.16808 0 0 0 0
-0 -0 -0 0.095892 0 0 0 0 0 0 0 0.095892 0 0 0 0
-0 -0 -0 0.024304 0 0 0 0 0 0 0 0.024304 0 0 0 0
-0 -0 -0 0.047324 0 0 0 0 0 0 0 0.047324 0 0 0 0
-0 -0 -0 0.084246 0 0 0 0 0 0 0 0.084246 0 0 0 0
-0 -0 -0 0.042388 0 0 0 0 0 0 0 0.042388 0 0 0 0
-0 -0 -0 0.16994 0 0 0 0 0 0 0 0.16994 0 0 0 0
-0 -0 -0 0.04403 0 0 0 0 0 0 0 0.04403 0 0 0 0
-0 -0 -0 0.16872 0 0 0 0 0 0 0 0.16872 0 0 0 0
0 0 0 0.009376 0 0 0 0 0 0 0 0.009376 0 0 0 0
0 0 0 0.092129 0 0 0 0 0 0 0 0.092129 0 0 0 0
-0 -0 -0 0.17772 0 0 0 0 0 0 0 0.17772 0 0 0 0
-0 -0 -0 0.034393 0 0 0 0 0 0 0 0.034393 0 0 0 0
0 0 0 0.077544 0 0 0 0 0 0 0 0.077544 0 0 0 0
-0 -0 -0 0.097634 0 0 0 0 0 0 0 0.097634 0 0 0 0
0 0 0 0.013569 0 0 0 0 0 0 0 0.013569 0 0 0 0
-0 -0 -0 0.17506 0 0 0 0 0 0 0 0.17506 0 0 0 0
-0 -0 -0 0.11402 0 0 0 0 0 0 0 0.11402 0 0 0 0
-0 -0 -0 0.054836 0 0 0 0 0 0 0 0.054836 0 0 0 0
-0 -0 -0 0.14463 0 0 0 0 0 0 0 0.14463 0 0 0 0
-0 -0 -0 0.079104 0 0 0 0 0 0 0 0.079104 0 0 0 0
-0 -0 -0 0.14862 0 0 0 0 0 0 0 0.14862 0 0 0 0
0 0 0 0.072687 0 0 0 0 0 0 0 0.072687 0 0 0 0
-0 -0 -0 0.18629 0 0 0 0 0 0 0 0.18629 0 0 0 0
-0 -0 -0 0.16753 0 0 0 0 0 0 0 0.16753 0 0 0 0
-0 -0 -0 0.12915 0 0 0 0 0 0 0 0.12915 0 0 0 0
0 0 0 0.17403 0 0 0 0 0 0 0 0.17403 0 0 0 0
-0 -0 -0 0.011023 0 0 0 0 0 0 0 0.011023 0 0 0 0
-0 -0 -0 0.12071 0 0 0 0 0 0 0 0.12071 0 0 0 0
-0 -0 -0 0.16011 0 0 0 0 0 0 0 0.16011 0 0 0 0
-0 -0 -0 0.16808 0 0 0 0 0 0 0 0.16808 0 0 0 0
0 0 0 0.020048 0 0 0 0 0 0 0 0.020048 0 0 0 0
-0 -0 -0 0.17073 0 0 0 0 0 0 0 0.17073 0 0 0 0
0 0 0 0.19876 0 0 0 0 0 0 0 0.19876 0 0 0 0
-0 -0 -0 0.03482 0 0 0 0 0 0 0 0.03482 0 0 0 0
-0 -0 -0 0.026062 0 0 0 0 0 0 0 0.026062 0 0 0 0
0 0 0 0.013685 0 0 0 0 0 0 0 0.013685 0 0 0 0
-0 -0 -0 0.18273 0 0 0 0 0 0 0 0.18273 0 0 0 0
-0 -0 -0 0.034896 0 0 0 0 0 0 0 0.034896 0 0 0 0
-0 -0 -0 0.16145 0 0 0 0 0 0 0 0.16145 0 0 0 0
-0 -0 -0 0.19758 0 0 0 0 0 0 0 0.19758 0 0 0 0
0 0 0 0.14885 0 0 0 0 0 0 0 0.14885 0 0 0 0
-0 -0 -0 0.075959 0 0 0 0 0 0 0 0.075959 0 0 0 0
-0 -0 -0 0.010059 0 0 0 0 0 0 0 0.010059 0 0 0 0
0 0 0 0.095177 0 0 0 0 0 0 0 0.095177 0 0 0 0
-0 -0 -0 0.17393 0 0 0 0 0 0 0 0.17393 0 0 0 0
0 0 0 0.012602 0 0 0 0 0 0 0 0.012602 0 0 0 0
-0 -0 -0 0.057619 0 0 0 0 0 0 0 0.057619 0 0 0 0
-0 -0 -0 0.046942 0 0 0 0 0 0 0 0.046942 0 0 0 0
-0 -0 -0 0.022962 0 0 0 0 0 0 0 0.022962 0 0 0 0
-0 -0 -0 0.16621 0 0 0 0 0 0 0 0.16621 0 0 0 0
0 0 0 0.089528 0 0 0 0 0 0 0 0.089528 0 0 0 0
0 0 0 0.012104 0 0 0 0 0 0 0 0.012104 0 0 0 0
-0 -0 -0 0.044287 0 0 0 0 0 0 0 0.044287 0 0 0 0
-0 -0 -0 0.077479 0 0 0 0 0 0 0 0.077479 0 0 0 0
-0 -0 -0 0.12152 0 0 0 0 0 0 0 0.12152 0 0 0 0
-0 -0 -0 0.010693 0 0 0 0 0 0 0 0.010693 0 0 0 0
-0 -0 -0 0.11188 0 0 0 0 0 0 0 0.11188 0 0 0 0
0 0 0 0.18473 0 0 0 0 0 0 0 0.18473 0 0 0 0
-0 -0 -0 0.07894 0 0 0 0 0 0 0 0.07894 0 0 0 0
0 0 0 0.066024 0 0 0 0 0 0 0 0.066024 0 0 0 0
0 0 0 0.14494 0 0 0 0 0 0 0 0.14494 0 0 0 0
-0 -0 -0 0.19971 0 0 0 0 0 0 0 0.19971 0 0 0 0
0 0 0 0.057719 0 0 0 0 0 0 0 0.057719 0 0 0 0
0 0 0 0.08954 0 0 0 0 0 0 0 0.08954 0 0 0 0
0 0 0 0.15596 0 0 0 0 0 0 0 0.15596 0 0 0 0
0 0 0 0.12394 0 0 0 0 0 0 0 0.12394 0 0 0 0
0 0 0 0.17187 0 0 0 0 0 0 0 0.17187 0 0 0 0
0 0 0 0.13744 0 0 0 0 0 0 0 0.13744 0 0 0 0
0 0 0 0.070507 0 0 0 0 0 0 0 0.070507 0 0 0 0
0 0 0 0.14555 0 0 0 0 0 0 0 0.14555 0 0 0 0
-0 -0 -0 0.048423 0 0 0 0 0 0 0 0.048423 0 0 0 0
0 0 0 0.021079 0 0 0 0 0 0 0 0.021079 0 0 0 0
-0 -0 -0 0.062695 0 0 0 0 0 0 0 0.062695 0 0 0 0
0 0 0 0.13779 0 0 0 0 0 0 0 0.13779 0 0 0 0
0 0 0 0.17528 0 0 0 0 0 0 0 0.17528 0 0 0 0
0 0 0 0.12861 0 0 0 0 0 0 0 0.12861 0 0 0 0
0 0 0 0.0537 0 0 0 0 0 0 0 0.0537 0 0 0 0
-0 -0 -0 0.023001 0 0 0 0 0 0 0 0.023001 0 0 0 0
-0 -0 -0 0.088635 0 0 0 0 0 0 0 0.088635 0 0 0 0
0 0 0 0.18288 0 0 0 0 0 0 0 0.18288 0 0 0 0
0 0 0 0.012507 0 0 0 0 0 0 0 0.012507 0 0 0 0
-0 -0 -0 0.011251 0 0 0 0 0 0 0 0.011251 0 0 0 0
0 0 0 0.024824 0 0 0 0 0 0 0 0.024824 0 0 0 0
0 0 0 0.176 0 0 0 0 0 0 0 0.176 0 0 0 0
0 0 0 0.18557 0 0 0 0 0 0 0 0.18557 0 0 0 0
-0 -0 -0 0.074074 0 0 0 0 0 0 0 0.074074 0 0 0 0
-0 -0 -0 0.080003 0 0 0 0 0 0 0 0.080003 0 0 0 0
