0 0 0 0.13216 0 0 0 0 0 0 0 0.12427 -0.044282 0.0078895 0 0
0 0 0 0.17387 0 0 0 0 0 0 0 0.16349 -0.058256 0.010379 0 0
0 0 0 0.15603 0 0 0 0 0 0 0 0.14671 -0.052279 0.0093143 0 0
0 0 0 0.049716 0 0 0 0 0 0 0 0.046748 -0.016658 0.0029678 0 0
0 0 0 0.072984 0 0 0 0 0 0 0 0.068627 -0.024454 0.0043568 0 0
-0 -0 -0 0.05716 0 0 0 0 0 0 0 0.053747 -0.019152 0.0034122 0 0
0 0 0 0.050333 0 0 0 0 0 0 0 0.047328 -0.016864 0.0030047 0 0
0 0 0 0.11587 0 0 0 0 0 0 0 0.10895 -0.038822 0.0069168 0 0
0 0 0 0.04657 0 0 0 0 0 0 0 0.04379 -0.015604 0.0027801 0 0
-0 -0 -0 0.15282 0 0 0 0 0 0 0 0.14369 -0.051202 0.0091225 0 0
0 0 0 0.071571 0 0 0 0 0 0 0 0.067299 -0.023981 0.0042725 0 0
-0 -0 -0 0.083781 0 0 0 0 0 0 0 0.078779 -0.028072 0.0050014 0 0
-0 -0 -0 0.11365 0 0 0 0 0 0 0 0.10687 -0.03808 0.0067846 0 0
0 0 0 0.063269 0 0 0 0 0 0 0 0.059492 -0.021199 0.0037769 0 0
-0 -0 -0 0.012631 0 0 0 0 0 0 0 0.011877 -0.004232 0.00075399 0 0
-0 -0 -0 0.010085 0 0 0 0 0 0 0 0.0094827 -0.003379 0.00060202 0 0
0 0 0 0.11522 0 0 0 0 0 0 0 0.10834 -0.038606 0.0068783 0 0
-0 -0 -0 0.16568 0 0 0 0 0 0 0 0.15579 -0.055513 0.0098905 0 0
-0 -0 -0 0.15278 0 0 0 0 0 0 0 0.14366 -0.05119 0.0091204 0 0
-0 -0 -0 0.14564 0 0 0 0 0 0 0 0.13694 -0.048797 0.0086939 0 0
0 0 0 0.00073751 0 0 0 0 0 0 0 0.00069349 -0.00024711 4.4027e-05 0 0
-0 -0 -0 0.11082 0 0 0 0 0 0 0 0.1042 -0.037131 0.0066154 0 0
-0 -0 -0 0.13375 0 0 0 0 0 0 0 0.12577 -0.044815 0.0079845 0 0
0 0 0 0.00048391 0 0 0 0 0 0 0 0.00045502 -0.00016214 2.8888e-05 0 0
0 0 0 0.17267 0 0 0 0 0 0 0 0.16236 -0.057856 0.010308 0 0
0 0 0 0.19737 0 0 0 0 0 0 0 0.18559 -0.066132 0.011782 0 0
-0 -0 -0 0.1878 0 0 0 0 0 0 0 0.17659 -0.062924 0.011211 0 0
-0 -0 -0 0.066061 0 0 0 0 0 0 0 0.062117 -0.022134 0.0039436 0 0
-0 -0 -0 0.19097 0 0 0 0 0 0 0 0.17957 -0.063988 0.0114 0 0
0 0 0 0.00070444 0 0 0 0 0 0 0 0.00066239 -0.00023603 4.2053e-05 0 0
0 0 0 0.080209 0 0 0 0 0 0 0 0.07542 -0.026875 0.0047882 0 0
-0 -0 -0 0.16446 0 0 0 0 0 0 0 0.15464 -0.055103 0.0098175 0 0
-0 -0 -0 0.12302 0 0 0 0 0 0 0 0.11568 -0.04122 0.0073439 0 0
-0 -0 -0 0.14064 0 0 0 0 0 0 0 0.13225 -0.047124 0.0083958 0 0
0 0 0 0.16518 0 0 0 0 0 0 0 0.15532 -0.055344 0.0098604 0 0
-0 -0 -0 0.021154 0 0 0 0 0 0 0 0.019891 -0.0070878 0.0012628 0 0
0 0 0 0.075821 0 0 0 0 0 0 0 0.071295 -0.025405 0.0045262 0 0
-0 -0 -0 0.1492 0 0 0 0 0 0 0 0.1403 -0.049992 0.0089069 0 0
-0 -0 -0 0.084793 0 0 0 0 0 0 0 0.079732 -0.028411 0.0050618 0 0
-0 -0 -0 0.036229 0 0 0 0 0 0 0 0.034066 -0.012139 0.0021627 0 0
-0 -0 -0 0.12267 0 0 0 0 0 0 0 0.11535 -0.041102 0.0073231 0 0
-0 -0 -0 0.10332 0 0 0 0 0 0 0 0.097148 -0.034617 0.0061676 0 0
-0 -0 -0 0.068702 0 0 0 0 0 0 0 0.064601 -0.023019 0.0041013 0 0
0 0 0 0.042728 0 0 0 0 0 0 0 0.040177 -0.014316 0.0025507 0 0
-0 -0 -0 0.18028 0 0 0 0 0 0 0 0.16952 -0.060404 0.010762 0 0
0 0 0 0.13095 0 0 0 0 0 0 0 0.12313 -0.043875 0.0078171 0 0
-0 -0 -0 0.15429 0 0 0 0 0 0 0 0.14508 -0.051698 0.0092107 0 0
-0 -0 -0 0.16362 0 0 0 0 0 0 0 0.15386 -0.054824 0.0097678 0 0
-0 -0 -0 0.052883 0 0 0 0 0 0 0 0.049726 -0.017719 0.0031569 0 0
-0 -0 -0 0.089643 0 0 0 0 0 0 0 0.084291 -0.030036 0.0053513 0 0
0 0 0 0.13055 0 0 0 0 0 0 0 0.12276 -0.043743 0.0077935 0 0
-0 -0 -0 0.021145 0 0 0 0 0 0 0 0.019883 -0.0070849 0.0012623 0 0
-0 -0 -0 0.12223 0 0 0 0 0 0 0 0.11493 -0.040954 0.0072966 0 0
-0 -0 -0 0.058219 0 0 0 0 0 0 0 0.054744 -0.019507 0.0034755 0 0
-0 -0 -0 0.045781 0 0 0 0 0 0 0 0.043048 -0.015339 0.002733 0 0
-0 -0 -0 0.14157 0 0 0 0 0 0 0 0.13312 -0.047434 0.0084511 0 0
-0 -0 -0 0.016608 0 0 0 0 0 0 0 0.015617 -0.0055648 0.00099146 0 0
0 0 0 0.1356 0 0 0 0 0 0 0 0.12751 -0.045435 0.0080949 0 0
0 0 0 0.10659 0 0 0 0 0 0 0 0.10023 -0.035715 0.0063632 0 0
-0 -0 -0 0.090827 0 0 0 0 0 0 0 0.085405 -0.030433 0.0054221 0 0
-0 -0 -0 0.034064 0 0 0 0 0 0 0 0.03203 -0.011413 0.0020335 0 0
-0 -0 -0 0.10499 0 0 0 0 0 0 0 0.098722 -0.035178 0.0062675 0 0
-0 -0 -0 0.15921 0 0 0 0 0 0 0 0.1497 -0.053343 0.009504 0 0
-0 -0 -0 0.12221 0 0 0 0 0 0 0 0.11491 -0.040946 0.0072952 0 0
0 0 0 0.16976 0 0 0 0 0 0 0 0.15963 -0.056881 0.010134 0 0
0 0 0 0.12815 0 0 0 0 0 0 0 0.1205 -0.042937 0.0076498 0 0
-0 -0 -0 0.10871 0 0 0 0 0 0 0 0.10222 -0.036424 0.0064896 0 0
0 0 0 0.17028 0 0 0 0 0 0 0 0.16011 -0.057053 0.010165 0 0
0 0 0 0.025608 0 0 0 0 0 0 0 0.024079 -0.0085803 0.0015287 0 0
-0 -0 -0 0.15009 0 0 0 0 0 0 0 0.14113 -0.05029 0.0089599 0 0
-0 -0 -0 0.06594 0 0 0 0 0 0 0 0.062004 -0.022094 0.0039364 0 0
0 0 0 0.0081615 0 0 0 0 0 0 0 0.0076742 -0.0027346 0.00048721 0 0
0 0 0 0.089273 0 0 0 0 0 0 0 0.083944 -0.029912 0.0053293 0 0
-0 -0 -0 0.099919 0 0 0 0 0 0 0 0.093954 -0.033479 0.0059648 0 0
-0 -0 -0 0.023608 0 0 0 0 0 0 0 0.022198 -0.00791 0.0014093 0 0
-0 -0 -0 0.17686 0 0 0 0 0 0 0 0.1663 -0.059258 0.010558 0 0
-0 -0 -0 0.10114 0 0 0 0 0 0 0 0.095105 -0.033889 0.0060378 0 0
0 0 0 0.18806 0 0 0 0 0 0 0 0.17683 -0.063012 0.011227 0 0
0 0 0 0.1276 0 0 0 0 0 0 0 0.11999 -0.042755 0.0076174 0 0
0 0 0 0.07563 0 0 0 0 0 0 0 0.071115 -0.02534 0.0045148 0 0
-0 -0 -0 0.075063 0 0 0 0 0 0 0 0.070582 -0.025151 0.004481 0 0
-0 -0 -0 0.16851 0 0 0 0 0 0 0 0.15845 -0.056462 0.01006 0 0
-0 -0 -0 0.16033 0 0 0 0 0 0 0 0.15076 -0.05372 0.0095711 0 0
-0 -0 -0 0.1042 0 0 0 0 0 0 0 0.097983 -0.034915 0.0062206 0 0
-0 -0 -0 0.012959 0 0 0 0 0 0 0 0.012186 -0.0043421 0.00077362 0 0
-0 -0 -0 0.058627 0 0 0 0 0 0 0 0.055127 -0.019644 0.0034998 0 0
-0 -0 -0 0.0092094 0 0 0 0 0 0 0 0.0086597 -0.0030857 0.00054977 0 0
0 0 0 0.056316 0 0 0 0 0 0 0 0.052955 -0.018869 0.0033619 0 0
0 0 0 0.11807 0 0 0 0 0 0 0 0.11102 -0.039559 0.0070481 0 0
-0 -0 -0 0.19717 0 0 0 0 0 0 0 0.1854 -0.066062 0.01177 0 0
0 0 0 0.18229 0 0 0 0 0 0 0 0.17141 -0.061077 0.010882 0 0
0 0 0 0.17824 0 0 0 0 0 0 0 0.1676 -0.059722 0.010641 0 0
0 0 0 0.083072 0 0 0 0 0 0 0 0.078113 -0.027834 0.0049591 0 0
-0 -0 -0 0.19461 0 0 0 0 0 0 0 0.18299 -0.065205 0.011617 0 0
0 0 0 0.073459 0 0 0 0 0 0 0 0.069074 -0.024613 0.0043852 0 0
0 0 0 0.16342 0 0 0 0 0 0 0 0.15367 -0.054757 0.0097558 0 0
0 0 0 0.12242 0 0 0 0 0 0 0 0.11511 -0.041018 0.0073081 0 0
-0 -0 -0 0.07162 0 0 0 0 0 0 0 0.067344 -0.023997 0.0042754 0 0
-0 -0 -0 0.046576 0 0 0 0 0 0 0 0.043796 -0.015606 0.0027804 0 0
-0 -0 -0 0.17815 0 0 0 0 0 0 0 0.16752 -0.059691 0.010635 0 0
