0 0 0 0.19407 0 0 0 0 0 0 0 0.19407 0 0 0 0
-0 -0 -0 0.12327 0 0 0 0 0 0 0 0.12327 0 0 0 0
-0 -0 -0 0.0086801 0 0 0 0 0 0 0 0.0086801 0 0 0 0
0 0 0 0.10628 0 0 0 0 0 0 0 0.10628 0 0 0 0
0 0 0 0.19158 0 0 0 0 0 0 0 0.19158 0 0 0 0
-0 -0 -0 0.12499 0 0 0 0 0 0 0 0.12499 0 0 0 0
-0 -0 -0 0.018399 0 0 0 0 0 0 0 0.018399 0 0 0 0
0 0 0 0.069437 0 0 0 0 0 0 0 0.069437 0 0 0 0
-0 -0 -0 0.011643 0 0 0 0 0 0 0 0.011643 0 0 0 0
-0 -0 -0 0.10223 0 0 0 0 0 0 0 0.10223 0 0 0 0
0 0 0 0.19825 0 0 0 0 0 0 0 0.19825 0 0 0 0
0 0 0 0.048459 0 0 0 0 0 0 0 0.048459 0 0 0 0
0 0 0 0.088437 0 0 0 0 0 0 0 0.088437 0 0 0 0
0 0 0 0.12212 0 0 0 0 0 0 0 0.12212 0 0 0 0
-0 -0 -0 0.12009 0 0 0 0 0 0 0 0.12009 0 0 0 0
-0 -0 -0 0.069365 0 0 0 0 0 0 0 0.069365 0 0 0 0
0 0 0 0.085083 0 0 0 0 0 0 0 0.085083 0 0 0 0
-0 -0 -0 0.14526 0 0 0 0 0 0 0 0.14526 0 0 0 0
-0 -0 -0 0.13173 0 0 0 0 0 0 0 0.13173 0 0 0 0
-0 -0 -0 0.1435 0 0 0 0 0 0 0 0.1435 0 0 0 0
-0 -0 -0 0.03864 0 0 0 0 0 0 0 0.03864 0 0 0 0
0 0 0 0.030353 0 0 0 0 0 0 0 0.030353 0 0 0 0
0 0 0 0.17576 0 0 0 0 0 0 0 0.17576 0 0 0 0
0 0 0 0.070684 0 0 0 0 0 0 0 0.070684 0 0 0 0
0 0 0 0.17998 0 0 0 0 0 0 0 0.17998 0 0 0 0
0 0 0 0.1413 0 0 0 0 0 0 0 0.1413 0 0 0 0
0 0 0 0.18584 0 0 0 0 0 0 0 0.18584 0 0 0 0
-0 -0 -0 0.025066 0 0 0 0 0 0 0 0.025066 0 0 0 0
-0 -0 -0 0.19445 0 0 0 0 0 0 0 0.19445 0 0 0 0
0 0 0 0.09436 0 0 0 0 0 0 0 0.09436 0 0 0 0
-0 -0 -0 0.10577 0 0 0 0 0 0 0 0.10577 0 0 0 0
0 0 0 0.018477 0 0 0 0 0 0 0 0.018477 0 0 0 0
0 0 0 0.18051 0 0 0 0 0 0 0 0.18051 0 0 0 0
-0 -0 -0 0.036738 0 0 0 0 0 0 0 0.036738 0 0 0 0
0 0 0 0.0071468 0 0 0 0 0 0 0 0.0071468 0 0 0 0
-0 -0 -0 0.040463 0 0 0 0 0 0 0 0.040463 0 0 0 0
-0 -0 -0 0.047714 0 0 0 0 0 0 0 0.047714 0 0 0 0
-0 -0 -0 0.057254 0 0 0 0 0 0 0 0.057254 0 0 0 0
0 0 0 0.17485 0 0 0 0 0 0 0 0.17485 0 0 0 0
0 0 0 0.18284 0 0 0 0 0 0 0 0.18284 0 0 0 0
0 0 0 0.13553 0 0 0 0 0 0 0 0.13553 0 0 0 0
0 0 0 0.13722 0 0 0 0 0 0 0 0.13722 0 0 0 0
-0 -0 -0 0.18702 0 0 0 0 0 0 0 0.18702 0 0 0 0
0 0 0 0.12012 0 0 0 0 0 0 0 0.12012 0 0 0 0
-0 -0 -0 0.15762 0 0 0 0 0 0 0 0.15762 0 0 0 0
-0 -0 -0 0.054264 0 0 0 0 0 0 0 0.054264 0 0 0 0
-0 -0 -0 0.064729 0 0 0 0 0 0 0 0.064729 0 0 0 0
0 0 0 0.10249 0 0 0 0 0 0 0 0.10249 0 0 0 0
0 0 0 0.12467 0 0 0 0 0 0 0 0.12467 0 0 0 0
-0 -0 -0 0.088732 0 0 0 0 0 0 0 0.088732 0 0 0 0
0 0 0 0.013023 0 0 0 0 0 0 0 0.013023 0 0 0 0
-0 -0 -0 0.098464 0 0 0 0 0 0 0 0.098464 0 0 0 0
0 0 0 0.18895 0 0 0 0 0 0 0 0.18895 0 0 0 0
0 0 0 0.0091393 0 0 0 0 0 0 0 0.0091393 0 0 0 0
-0 -0 -0 0.15989 0 0 0 0 0 0 0 0.15989 0 0 0 0
-0 -0 -0 0.17214 0 0 0 0 0 0 0 0.17214 0 0 0 0
0 0 0 0.14905 0 0 0 0 0 0 0 0.14905 0 0 0 0
0 0 0 0.10631 0 0 0 0 0 0 0 0.10631 0 0 0 0
-0 -0 -0 0.10498 0 0 0 0 0 0 0 0.10498 0 0 0 0
0 0 0 0.1115 0 0 0 0 0 0 0 0.1115 0 0 0 0
0 0 0 0.071664 0 0 0 0 0 0 0 0.071664 0 0 0 0
0 0 0 0.17517 0 0 0 0 0 0 0 0.17517 0 0 0 0
-0 -0 -0 0.057249 0 0 0 0 0 0 0 0.057249 0 0 0 0
0 0 0 0.15144 0 0 0 0 0 0 0 0.15144 0 0 0 0
-0 -0 -0 0.0072445 0 0 0 0 0 0 0 0.0072445 0 0 0 0
0 0 0 0.11257 0 0 0 0 0 0 0 0.11257 0 0 0 0
-0 -0 -0 0.076924 0 0 0 0 0 0 0 0.076924 0 0 0 0
-0 -0 -0 0.11587 0 0 0 0 0 0 0 0.11587 0 0 0 0
-0 -0 -0 0.18309 0 0 0 0 0 0 0 0.18309 0 0 0 0
0 0 0 0.13197 0 0 0 0 0 0 0 0.13197 0 0 0 0
0 0 0 0.077205 0 0 0 0 0 0 0 0.077205 0 0 0 0
-0 -0 -0 0.072866 0 0 0 0 0 0 0 0.072866 0 0 0 0
-0 -0 -0 0.016672 0 0 0 0 0 0 0 0.016672 0 0 0 0
0 0 0 0.10891 0 0 0 0 0 0 0 0.10891 0 0 0 0
-0 -0 -0 0.14715 0 0 0 0 0 0 0 0.14715 0 0 0 0
0 0 0 0.16522 0 0 0 0 0 0 0 0.16522 0 0 0 0
-0 -0 -0 0.020973 0 0 0 0 0 0 0 0.020973 0 0 0 0
0 0 0 0.11305 0 0 0 0 0 0 0 0.11305 0 0 0 0
0 0 0 0.19943 0 0 0 0 0 0 0 0.19943 0 0 0 0
-0 -0 -0 0.063181 0 0 0 0 0 0 0 0.063181 0 0 0 0
-0 -0 -0 0.1067 0 0 0 0 0 0 0 0.1067 0 0 0 0
-0 -0 -0 0.03632 0 0 0 0 0 0 0 0.03632 0 0 0 0
-0 -0 -0 0.11056 0 0 0 0 0 0 0 0.11056 0 0 0 0
-0 -0 -0 0.13248 0 0 0 0 0 0 0 0.13248 0 0 0 0
0 0 0 0.074425 0 0 0 0 0 0 0 0.074425 0 0 0 0
0 0 0 0.0088475 0 0 0 0 0 0 0 0.0088475 0 0 0 0
-0 -0 -0 0.1001 0 0 0 0 0 0 0 0.1001 0 0 0 0
0 0 0 0.14515 0 0 0 0 0 0 0 0.14515 0 0 0 0
-0 -0 -0 0.087783 0 0 0 0 0 0 0 0.087783 0 0 0 0
0 0 0 0.10776 0 0 0 0 0 0 0 0.10776 0 0 0 0
-0 -0 -0 0.14404 0 0 0 0 0 0 0 0.14404 0 0 0 0
-0 -0 -0 0.12955 0 0 0 0 0 0 0 0.12955 0 0 0 0
-0 -0 -0 0.062825 0 0 0 0 0 0 0 0.062825 0 0 0 0
-0 -0 -0 0.11326 0 0 0 0 0 0 0 0.11326 0 0 0 0
0 0 0 0.080135 0 0 0 0 0 0 0 0.080135 0 0 0 0
-0 -0 -0 0.14968 0 0 0 0 0 0 0 0.14968 0 0 0 0
-0 -0 -0 0.055498 0 0 0 0 0 0 0 0.055498 0 0 0 0
-0 -0 -0 0.00056894 0 0 0 0 0 0 0 0.00056894 0 0 0 0
0 0 0 0.19849 0 0 0 0 0 0 0 0.19849 0 0 0 0
-0 -0 -0 0.19827 0 0 0 0 0 0 0 0.19827 0 0 0 0
