0 0 0 0.1914 0 0 0 0 -0 -0 0 0.17716 -0.058103 0.043298 0 0
-0 -0 -0 0.012511 0 0 0 0 -0 -0 0 0.011579 -0.0037977 0.00283 0 0
-0 -0 -0 0.10069 0 0 0 0 -0 -0 0 0.093192 -0.030564 0.022776 0 0
-0 -0 -0 0.14584 0 0 0 0 -0 -0 0 0.13499 -0.044272 0.032991 0 0
-0 -0 -0 0.10457 0 0 0 0 -0 -0 0 0.096783 -0.031742 0.023654 0 0
0 0 0 0.0034462 0 0 0 0 -0 -0 0 0.0031897 -0.0010461 0.00077956 0 0
0 0 0 0.18306 0 0 0 0 -0 -0 0 0.16943 -0.055569 0.04141 0 0
-0 -0 -0 0.0068614 0 0 0 0 -0 -0 0 0.0063507 -0.0020829 0.0015521 0 0
-0 -0 -0 0.18266 0 0 0 0 -0 -0 0 0.16906 -0.055448 0.04132 0 0
0 0 0 0.0059026 0 0 0 0 -0 -0 0 0.0054633 -0.0017918 0.0013352 0 0
-0 -0 -0 0.0043898 0 0 0 0 -0 -0 0 0.0040631 -0.0013326 0.00099302 0 0
0 0 0 0.15447 0 0 0 0 -0 -0 0 0.14297 -0.046891 0.034942 0 0
-0 -0 -0 0.17364 0 0 0 0 -0 -0 0 0.16071 -0.05271 0.039279 0 0
-0 -0 -0 0.15881 0 0 0 0 -0 -0 0 0.14699 -0.04821 0.035926 0 0
0 0 0 0.046848 0 0 0 0 -0 -0 0 0.043361 -0.014221 0.010597 0 0
0 0 0 0.047057 0 0 0 0 -0 -0 0 0.043555 -0.014285 0.010645 0 0
0 0 0 0.13988 0 0 0 0 -0 -0 0 0.12947 -0.042461 0.031642 0 0
0 0 0 0.11664 0 0 0 0 -0 -0 0 0.10796 -0.035407 0.026385 0 0
-0 -0 -0 0.11772 0 0 0 0 -0 -0 0 0.10896 -0.035735 0.026629 0 0
-0 -0 -0 0.067045 0 0 0 0 -0 -0 0 0.062055 -0.020352 0.015166 0 0
0 0 0 0.11812 0 0 0 0 -0 -0 0 0.10932 -0.035855 0.026719 0 0
-0 -0 -0 0.1475 0 0 0 0 -0 -0 0 0.13652 -0.044775 0.033366 0 0
-0 -0 -0 0.033177 0 0 0 0 -0 -0 0 0.030708 -0.010071 0.007505 0 0
0 0 0 0.18609 0 0 0 0 -0 -0 0 0.17224 -0.056491 0.042097 0 0
0 0 0 0.19936 0 0 0 0 -0 -0 0 0.18452 -0.060517 0.045096 0 0
0 0 0 0.069794 0 0 0 0 -0 -0 0 0.064599 -0.021187 0.015788 0 0
0 0 0 0.041377 0 0 0 0 -0 -0 0 0.038297 -0.01256 0.0093599 0 0
-0 -0 -0 0.15281 0 0 0 0 -0 -0 0 0.14143 -0.046386 0.034566 0 0
0 0 0 0.18682 0 0 0 0 -0 -0 0 0.17292 -0.056712 0.042262 0 0
0 0 0 0.16324 0 0 0 0 -0 -0 0 0.15109 -0.049553 0.036926 0 0
-0 -0 -0 0.11148 0 0 0 0 -0 -0 0 0.10318 -0.033841 0.025218 0 0
-0 -0 -0 0.15259 0 0 0 0 -0 -0 0 0.14123 -0.046319 0.034516 0 0
-0 -0 -0 0.16016 0 0 0 0 -0 -0 0 0.14824 -0.048619 0.036231 0 0
0 0 0 0.11157 0 0 0 0 -0 -0 0 0.10326 -0.033867 0.025238 0 0
0 0 0 0.097001 0 0 0 0 -0 -0 0 0.089781 -0.029446 0.021943 0 0
-0 -0 -0 0.085349 0 0 0 0 -0 -0 0 0.078996 -0.025909 0.019307 0 0
-0 -0 -0 0.17409 0 0 0 0 -0 -0 0 0.16114 -0.052848 0.039382 0 0
-0 -0 -0 0.075197 0 0 0 0 -0 -0 0 0.0696 -0.022827 0.01701 0 0
0 0 0 0.10493 0 0 0 0 -0 -0 0 0.097118 -0.031852 0.023736 0 0
0 0 0 0.067926 0 0 0 0 -0 -0 0 0.06287 -0.02062 0.015366 0 0
-0 -0 -0 0.17033 0 0 0 0 -0 -0 0 0.15765 -0.051706 0.038531 0 0
0 0 0 0.10564 0 0 0 0 -0 -0 0 0.097778 -0.032068 0.023897 0 0
0 0 0 0.026062 0 0 0 0 -0 -0 0 0.024122 -0.0079115 0.0058955 0 0
0 0 0 0.041882 0 0 0 0 -0 -0 0 0.038764 -0.012714 0.0094741 0 0
-0 -0 -0 0.16008 0 0 0 0 -0 -0 0 0.14816 -0.048593 0.036211 0 0
-0 -0 -0 0.097159 0 0 0 0 -0 -0 0 0.089928 -0.029494 0.021978 0 0
-0 -0 -0 0.05127 0 0 0 0 -0 -0 0 0.047454 -0.015564 0.011598 0 0
-0 -0 -0 0.17059 0 0 0 0 -0 -0 0 0.15789 -0.051785 0.03859 0 0
0 0 0 0.070935 0 0 0 0 -0 -0 0 0.065655 -0.021533 0.016046 0 0
-0 -0 -0 0.091972 0 0 0 0 -0 -0 0 0.085127 -0.027919 0.020805 0 0
-0 -0 -0 0.16562 0 0 0 0 -0 -0 0 0.15329 -0.050275 0.037465 0 0
-0 -0 -0 0.13747 0 0 0 0 -0 -0 0 0.12724 -0.04173 0.031097 0 0
-0 -0 -0 0.095945 0 0 0 0 -0 -0 0 0.088804 -0.029125 0.021704 0 0
0 0 0 0.043134 0 0 0 0 -0 -0 0 0.039924 -0.013094 0.0097575 0 0
-0 -0 -0 0.11316 0 0 0 0 -0 -0 0 0.10474 -0.034351 0.025598 0 0
-0 -0 -0 0.065335 0 0 0 0 -0 -0 0 0.060472 -0.019833 0.014779 0 0
0 0 0 0.13836 0 0 0 0 -0 -0 0 0.12806 -0.042002 0.031299 0 0
-0 -0 -0 0.1931 0 0 0 0 -0 -0 0 0.17873 -0.058618 0.043682 0 0
0 0 0 0.15187 0 0 0 0 -0 -0 0 0.14057 -0.046102 0.034355 0 0
0 0 0 0.18913 0 0 0 0 -0 -0 0 0.17505 -0.057413 0.042783 0 0
0 0 0 0.16965 0 0 0 0 -0 -0 0 0.15702 -0.051499 0.038376 0 0
0 0 0 0.19611 0 0 0 0 -0 -0 0 0.18152 -0.059532 0.044363 0 0
-0 -0 -0 0.11944 0 0 0 0 -0 -0 0 0.11055 -0.036257 0.027018 0 0
-0 -0 -0 0.11453 0 0 0 0 -0 -0 0 0.10601 -0.034767 0.025908 0 0
-0 -0 -0 0.12025 0 0 0 0 -0 -0 0 0.1113 -0.036502 0.027201 0 0
-0 -0 -0 0.07311 0 0 0 0 -0 -0 0 0.067669 -0.022193 0.016538 0 0
0 0 0 0.11394 0 0 0 0 -0 -0 0 0.10546 -0.034587 0.025774 0 0
0 0 0 0.044333 0 0 0 0 -0 -0 0 0.041033 -0.013458 0.010029 0 0
0 0 0 0.041632 0 0 0 0 -0 -0 0 0.038533 -0.012638 0.0094175 0 0
0 0 0 0.011386 0 0 0 0 -0 -0 0 0.010539 -0.0034565 0.0025757 0 0
0 0 0 0.14053 0 0 0 0 -0 -0 0 0.13007 -0.042658 0.031789 0 0
-0 -0 -0 0.15127 0 0 0 0 -0 -0 0 0.14001 -0.04592 0.034219 0 0
-0 -0 -0 0.1464 0 0 0 0 -0 -0 0 0.1355 -0.044442 0.033118 0 0
-0 -0 -0 0.18468 0 0 0 0 -0 -0 0 0.17093 -0.05606 0.041776 0 0
-0 -0 -0 0.14965 0 0 0 0 -0 -0 0 0.13852 -0.045429 0.033854 0 0
-0 -0 -0 0.15191 0 0 0 0 -0 -0 0 0.1406 -0.046113 0.034363 0 0
-0 -0 -0 0.12078 0 0 0 0 -0 -0 0 0.11179 -0.036663 0.027321 0 0
0 0 0 0.0016977 0 0 0 0 -0 -0 0 0.0015714 -0.00051537 0.00038405 0 0
-0 -0 -0 0.080779 0 0 0 0 -0 -0 0 0.074767 -0.024521 0.018273 0 0
0 0 0 0.16718 0 0 0 0 -0 -0 0 0.15473 -0.050749 0.037817 0 0
-0 -0 -0 0.092347 0 0 0 0 -0 -0 0 0.085473 -0.028033 0.02089 0 0
0 0 0 0.13971 0 0 0 0 -0 -0 0 0.12931 -0.042412 0.031605 0 0
-0 -0 -0 0.10036 0 0 0 0 -0 -0 0 0.092891 -0.030466 0.022703 0 0
-0 -0 -0 0.10113 0 0 0 0 -0 -0 0 0.093601 -0.030699 0.022876 0 0
0 0 0 0.089395 0 0 0 0 -0 -0 0 0.082741 -0.027137 0.020222 0 0
-0 -0 -0 0.082717 0 0 0 0 -0 -0 0 0.07656 -0.02511 0.018711 0 0
0 0 0 0.19009 0 0 0 0 -0 -0 0 0.17594 -0.057704 0.043 0 0
-0 -0 -0 0.074964 0 0 0 0 -0 -0 0 0.069384 -0.022756 0.016958 0 0
-0 -0 -0 0.1493 0 0 0 0 -0 -0 0 0.13819 -0.045323 0.033774 0 0
-0 -0 -0 0.10747 0 0 0 0 -0 -0 0 0.099469 -0.032623 0.02431 0 0
0 0 0 0.051101 0 0 0 0 -0 -0 0 0.047297 -0.015512 0.01156 0 0
-0 -0 -0 0.13113 0 0 0 0 -0 -0 0 0.12137 -0.039806 0.029663 0 0
0 0 0 0.12177 0 0 0 0 -0 -0 0 0.11271 -0.036964 0.027545 0 0
-0 -0 -0 0.11504 0 0 0 0 -0 -0 0 0.10648 -0.034921 0.026023 0 0
0 0 0 0.16383 0 0 0 0 -0 -0 0 0.15163 -0.049732 0.03706 0 0
0 0 0 0.17786 0 0 0 0 -0 -0 0 0.16462 -0.053992 0.040234 0 0
-0 -0 -0 0.027416 0 0 0 0 -0 -0 0 0.025376 -0.0083225 0.0062019 0 0
-0 -0 -0 0.14559 0 0 0 0 -0 -0 0 0.13476 -0.044196 0.032934 0 0
-0 -0 -0 0.19566 0 0 0 0 -0 -0 0 0.18109 -0.059394 0.04426 0 0
0 0 0 0.077804 0 0 0 0 -0 -0 0 0.072013 -0.023618 0.0176 0 0
