0 0 0.10534 0 0 0 0 0 0 0 0 0 0 -0.011284 0.038249 0.097498 -0.0049759 0.016849 -0.0071859 0 0
0 0 0.14875 0 0 0 0 0 0 0 0 0 0 -0.015934 0.054012 0.13768 -0.0075793 0.023612 -0.01014 0 0
-0 -0 -0.22798 0 0 0 0 0 0 0 0 0 0 0.024421 -0.082779 -0.21101 0.0040771 -0.037825 0.015311 0 0
-0 -0 -0.1136 0 0 0 0 0 0 0 0 0 0 0.012169 -0.04125 -0.10515 0.003189 -0.018694 0.007703 0 0
0 0 0.16003 0 0 0 0 0 0 0 0 0 0 -0.017143 0.058108 0.14812 -0.0083078 0.025349 -0.010906 0 0
-0 -0 -0.25842 0 0 0 0 0 0 0 0 0 0 0.027683 -0.093835 -0.23919 0.0039186 -0.042939 0.017299 0 0
0 0 0.18022 0 0 0 0 0 0 0 0 0 0 -0.019306 0.06544 0.16681 -0.0096645 0.028437 -0.012275 0 0
-0 -0 -0.3338 0 0 0 0 0 0 0 0 0 0 0.035758 -0.12121 -0.30896 0.0028126 -0.055588 0.022133 0 0
-0 -0 -0.32664 0 0 0 0 0 0 0 0 0 0 0.03499 -0.1186 -0.30232 0.0029614 -0.054387 0.021679 0 0
0 0 0.25298 0 0 0 0 0 0 0 0 0 0 -0.027099 0.091857 0.23415 -0.015108 0.039315 -0.017172 0 0
0 0 0.33344 0 0 0 0 0 0 0 0 0 0 -0.035718 0.12107 0.30862 -0.022113 0.050839 -0.022504 0 0
0 0 0.12696 0 0 0 0 0 0 0 0 0 0 -0.0136 0.046099 0.11751 -0.0062326 0.020232 -0.0086583 0 0
-0 -0 -0.12626 0 0 0 0 0 0 0 0 0 0 0.013525 -0.045844 -0.11686 0.0034023 -0.0208 0.0085536 0 0
-0 -0 -0.33186 0 0 0 0 0 0 0 0 0 0 0.03555 -0.1205 -0.30716 0.0028538 -0.055263 0.02201 0 0
-0 -0 -0.34678 0 0 0 0 0 0 0 0 0 0 0.037147 -0.12592 -0.32097 0.0025201 -0.057759 0.022951 0 0
-0 -0 -0.24648 0 0 0 0 0 0 0 0 0 0 0.026403 -0.089498 -0.22813 0.0040005 -0.040933 0.016521 0 0
-0 -0 -0.23277 0 0 0 0 0 0 0 0 0 0 0.024935 -0.08452 -0.21544 0.0040631 -0.03863 0.015625 0 0
0 0 0.067089 0 0 0 0 0 0 0 0 0 0 -0.0071868 0.02436 0.062096 -0.0029476 0.010798 -0.0045771 0 0
-0 -0 -0.0094094 0 0 0 0 0 0 0 0 0 0 0.001008 -0.0034166 -0.0087091 0.00035066 -0.0015308 0.00064113 0 0
-0 -0 -0.33763 0 0 0 0 0 0 0 0 0 0 0.036168 -0.1226 -0.3125 0.0027293 -0.056229 0.022375 0 0
0 0 0.33411 0 0 0 0 0 0 0 0 0 0 -0.035791 0.12132 0.30924 -0.022176 0.050933 -0.022548 0 0
-0 -0 -0.069511 0 0 0 0 0 0 0 0 0 0 0.0074462 -0.02524 -0.064337 0.0022227 -0.011389 0.0047251 0 0
-0 -0 -0.060241 0 0 0 0 0 0 0 0 0 0 0.0064531 -0.021874 -0.055757 0.0019756 -0.00986 0.0040968 0 0
-0 -0 -0.092076 0 0 0 0 0 0 0 0 0 0 0.0098634 -0.033433 -0.085222 0.0027604 -0.015121 0.0062514 0 0
-0 -0 -0.26831 0 0 0 0 0 0 0 0 0 0 0.028742 -0.097424 -0.24834 0.0038314 -0.044599 0.01794 0 0
-0 -0 -0.088172 0 0 0 0 0 0 0 0 0 0 0.0094452 -0.032016 -0.081609 0.0026738 -0.014474 0.0059877 0 0
-0 -0 -0.0067762 0 0 0 0 0 0 0 0 0 0 0.00072588 -0.0024605 -0.0062718 0.00025409 -0.001102 0.00046175 0 0
0 0 0.27854 0 0 0 0 0 0 0 0 0 0 -0.029838 0.10114 0.25781 -0.017224 0.043038 -0.018877 0 0
0 0 0.14292 0 0 0 0 0 0 0 0 0 0 -0.01531 0.051895 0.13228 -0.0072112 0.022711 -0.009744 0 0
-0 -0 -0.2583 0 0 0 0 0 0 0 0 0 0 0.02767 -0.09379 -0.23908 0.0039195 -0.042919 0.017291 0 0
-0 -0 -0.063733 0 0 0 0 0 0 0 0 0 0 0.0068272 -0.023142 -0.058989 0.0020704 -0.010436 0.0043335 0 0
0 0 0.29892 0 0 0 0 0 0 0 0 0 0 -0.032021 0.10854 0.27667 -0.018984 0.045965 -0.02023 0 0
0 0 0.13657 0 0 0 0 0 0 0 0 0 0 -0.014629 0.049588 0.1264 -0.0068166 0.021726 -0.0093122 0 0
0 0 0.021385 0 0 0 0 0 0 0 0 0 0 -0.0022908 0.007765 0.019793 -0.00085457 0.0034649 -0.0014582 0 0
-0 -0 -0.19516 0 0 0 0 0 0 0 0 0 0 0.020906 -0.070863 -0.18063 0.0040619 -0.032319 0.013149 0 0
0 0 0.34289 0 0 0 0 0 0 0 0 0 0 -0.036731 0.12451 0.31737 -0.023003 0.052155 -0.023123 0 0
0 0 0.28885 0 0 0 0 0 0 0 0 0 0 -0.030942 0.10488 0.26735 -0.018106 0.044523 -0.019562 0 0
-0 -0 -0.31149 0 0 0 0 0 0 0 0 0 0 0.033368 -0.1131 -0.28831 0.0032457 -0.051848 0.020716 0 0
-0 -0 -0.043004 0 0 0 0 0 0 0 0 0 0 0.0046066 -0.015615 -0.039803 0.0014756 -0.007025 0.0029267 0 0
0 0 0.12823 0 0 0 0 0 0 0 0 0 0 -0.013737 0.046562 0.11869 -0.0063092 0.020431 -0.0087452 0 0
0 0 0.13925 0 0 0 0 0 0 0 0 0 0 -0.014917 0.050562 0.12888 -0.0069824 0.022142 -0.0094945 0 0
-0 -0 -0.077016 0 0 0 0 0 0 0 0 0 0 0.0082501 -0.027965 -0.071284 0.0024115 -0.012628 0.0052332 0 0
-0 -0 -0.17804 0 0 0 0 0 0 0 0 0 0 0.019072 -0.064648 -0.16479 0.0039774 -0.029451 0.012014 0 0
-0 -0 -0.23744 0 0 0 0 0 0 0 0 0 0 0.025435 -0.086215 -0.21977 0.0040456 -0.039414 0.015931 0 0
-0 -0 -0.26137 0 0 0 0 0 0 0 0 0 0 0.027998 -0.094903 -0.24191 0.0038945 -0.043433 0.01749 0 0
0 0 0.26936 0 0 0 0 0 0 0 0 0 0 -0.028855 0.097806 0.24931 -0.016452 0.041707 -0.018266 0 0
0 0 0.2346 0 0 0 0 0 0 0 0 0 0 -0.025131 0.085185 0.21714 -0.013652 0.036607 -0.015941 0 0
-0 -0 -0.078678 0 0 0 0 0 0 0 0 0 0 0.0084282 -0.028568 -0.072822 0.002452 -0.012903 0.0053457 0 0
-0 -0 -0.19865 0 0 0 0 0 0 0 0 0 0 0.02128 -0.072131 -0.18387 0.0040727 -0.032904 0.01338 0 0
0 0 0.17781 0 0 0 0 0 0 0 0 0 0 -0.019047 0.064562 0.16457 -0.0094985 0.028069 -0.012111 0 0
0 0 0.14037 0 0 0 0 0 0 0 0 0 0 -0.015037 0.050969 0.12992 -0.007052 0.022316 -0.0095708 0 0
-0 -0 -0.21738 0 0 0 0 0 0 0 0 0 0 0.023286 -0.078931 -0.2012 0.0040933 -0.036046 0.014615 0 0
0 0 0.28492 0 0 0 0 0 0 0 0 0 0 -0.030521 0.10346 0.26371 -0.017768 0.043958 -0.019301 0 0
0 0 0.13639 0 0 0 0 0 0 0 0 0 0 -0.01461 0.049523 0.12623 -0.0068054 0.021698 -0.0092998 0 0
-0 -0 -0.0055865 0 0 0 0 0 0 0 0 0 0 0.00059844 -0.0020285 -0.0051707 0.00021006 -0.00090843 0.00038069 0 0
0 0 0.25657 0 0 0 0 0 0 0 0 0 0 -0.027485 0.093163 0.23747 -0.0154 0.039842 -0.017413 0 0
0 0 0.30507 0 0 0 0 0 0 0 0 0 0 -0.03268 0.11077 0.28236 -0.019528 0.046841 -0.020636 0 0
-0 -0 -0.23082 0 0 0 0 0 0 0 0 0 0 0.024726 -0.083813 -0.21364 0.0040693 -0.038304 0.015498 0 0
0 0 0.091817 0 0 0 0 0 0 0 0 0 0 -0.0098357 0.033339 0.084983 -0.0042303 0.014719 -0.0062641 0 0
0 0 0.24287 0 0 0 0 0 0 0 0 0 0 -0.026017 0.088188 0.22479 -0.014301 0.037829 -0.016496 0 0
-0 -0 -0.033493 0 0 0 0 0 0 0 0 0 0 0.0035878 -0.012161 -0.031 0.0011773 -0.0054652 0.0022803 0 0
-0 -0 -0.29189 0 0 0 0 0 0 0 0 0 0 0.031268 -0.10599 -0.27016 0.0035529 -0.048559 0.019461 0 0
-0 -0 -0.080228 0 0 0 0 0 0 0 0 0 0 0.0085942 -0.029131 -0.074257 0.0024893 -0.013159 0.0054506 0 0
0 0 0.062214 0 0 0 0 0 0 0 0 0 0 -0.0066645 0.02259 0.057583 -0.0027071 0.01002 -0.0042444 0 0
0 0 0.16969 0 0 0 0 0 0 0 0 0 0 -0.018177 0.061615 0.15706 -0.0089482 0.02683 -0.011561 0 0
0 0 0.035757 0 0 0 0 0 0 0 0 0 0 -0.0038304 0.012984 0.033095 -0.0014737 0.0057818 -0.0024388 0 0
-0 -0 -0.19807 0 0 0 0 0 0 0 0 0 0 0.021217 -0.071919 -0.18333 0.004071 -0.032807 0.013341 0 0
-0 -0 -0.075545 0 0 0 0 0 0 0 0 0 0 0.0080926 -0.027431 -0.069922 0.0023753 -0.012385 0.0051337 0 0
-0 -0 -0.043589 0 0 0 0 0 0 0 0 0 0 0.0046694 -0.015827 -0.040345 0.0014935 -0.0071211 0.0029665 0 0
-0 -0 -0.30988 0 0 0 0 0 0 0 0 0 0 0.033195 -0.11252 -0.28681 0.0032736 -0.051578 0.020613 0 0
-0 -0 -0.086703 0 0 0 0 0 0 0 0 0 0 0.0092878 -0.031482 -0.080249 0.0026406 -0.014231 0.0058884 0 0
0 0 0.10415 0 0 0 0 0 0 0 0 0 0 -0.011157 0.037819 0.096402 -0.0049094 0.016663 -0.0071052 0 0
-0 -0 -0.16148 0 0 0 0 0 0 0 0 0 0 0.017299 -0.058636 -0.14947 0.0038457 -0.02668 0.010912 0 0
0 0 0.057342 0 0 0 0 0 0 0 0 0 0 -0.0061426 0.020821 0.053074 -0.0024709 0.0092426 -0.0039119 0 0
-0 -0 -0.048014 0 0 0 0 0 0 0 0 0 0 0.0051434 -0.017434 -0.04444 0.0016264 -0.007848 0.003267 0 0
0 0 0.096126 0 0 0 0 0 0 0 0 0 0 -0.010297 0.034904 0.088971 -0.0044645 0.015399 -0.0065579 0 0
-0 -0 -0.01254 0 0 0 0 0 0 0 0 0 0 0.0013434 -0.0045535 -0.011607 0.00046389 -0.002041 0.00085439 0 0
0 0 0.045055 0 0 0 0 0 0 0 0 0 0 -0.0048263 0.01636 0.041701 -0.0018933 0.0072754 -0.0030733 0 0
0 0 0.17086 0 0 0 0 0 0 0 0 0 0 -0.018303 0.06204 0.15814 -0.009027 0.027009 -0.011641 0 0
-0 -0 -0.28947 0 0 0 0 0 0 0 0 0 0 0.031008 -0.10511 -0.26792 0.0035861 -0.048153 0.019306 0 0
0 0 0.15364 0 0 0 0 0 0 0 0 0 0 -0.016458 0.055786 0.1422 -0.0078922 0.024365 -0.010472 0 0
0 0 0.15202 0 0 0 0 0 0 0 0 0 0 -0.016285 0.055199 0.14071 -0.0077883 0.024116 -0.010362 0 0
-0 -0 -0.044753 0 0 0 0 0 0 0 0 0 0 0.004794 -0.01625 -0.041422 0.0015288 -0.0073122 0.0030455 0 0
0 0 0.13638 0 0 0 0 0 0 0 0 0 0 -0.01461 0.049522 0.12623 -0.0068053 0.021698 -0.0092997 0 0
-0 -0 -0.14915 0 0 0 0 0 0 0 0 0 0 0.015977 -0.054156 -0.13805 0.0037157 -0.024618 0.010088 0 0
-0 -0 -0.32559 0 0 0 0 0 0 0 0 0 0 0.034878 -0.11822 -0.30135 0.0029824 -0.054211 0.021613 0 0
0 0 0.10924 0 0 0 0 0 0 0 0 0 0 -0.011702 0.039665 0.10111 -0.0051967 0.017462 -0.0074517 0 0
0 0 0.093685 0 0 0 0 0 0 0 0 0 0 -0.010036 0.034018 0.086712 -0.0043314 0.015014 -0.0063915 0 0
-0 -0 -0.0479 0 0 0 0 0 0 0 0 0 0 0.0051312 -0.017393 -0.044335 0.001623 -0.0078292 0.0032593 0 0
-0 -0 -0.064136 0 0 0 0 0 0 0 0 0 0 0.0068704 -0.023288 -0.059362 0.0020812 -0.010502 0.0043608 0 0
0 0 0.2043 0 0 0 0 0 0 0 0 0 0 -0.021885 0.074182 0.18909 -0.01137 0.032081 -0.013902 0 0
-0 -0 -0.1422 0 0 0 0 0 0 0 0 0 0 0.015232 -0.051632 -0.13161 0.0036304 -0.023457 0.0096227 0 0
-0 -0 -0.32987 0 0 0 0 0 0 0 0 0 0 0.035336 -0.11978 -0.30531 0.0028955 -0.054928 0.021884 0 0
-0 -0 -0.046192 0 0 0 0 0 0 0 0 0 0 0.0049482 -0.016772 -0.042754 0.001572 -0.0075485 0.0031433 0 0
0 0 0.046287 0 0 0 0 0 0 0 0 0 0 -0.0049583 0.016807 0.042841 -0.0019501 0.007473 -0.0031574 0 0
-0 -0 -0.062542 0 0 0 0 0 0 0 0 0 0 0.0066996 -0.022709 -0.057887 0.0020383 -0.010239 0.0042528 0 0
-0 -0 -0.26574 0 0 0 0 0 0 0 0 0 0 0.028467 -0.096493 -0.24596 0.0038557 -0.044169 0.017774 0 0
-0 -0 -0.096321 0 0 0 0 0 0 0 0 0 0 0.010318 -0.034975 -0.089151 0.0028514 -0.015824 0.006538 0 0
-0 -0 -0.089966 0 0 0 0 0 0 0 0 0 0 0.0096374 -0.032667 -0.08327 0.002714 -0.014771 0.0061089 0 0
-0 -0 -0.25481 0 0 0 0 0 0 0 0 0 0 0.027296 -0.092522 -0.23584 0.0039461 -0.042332 0.017064 0 0
