-0 -0 -0.10737 0 0 0 0 0 0 0 0 0 0 0.0079678 -0.039607 -0.099483 -0.0090407 -0.012608 0.0042956 0 0
0 0 0.15234 0 0 0 0 0 0 0 0 0 0 -0.011305 0.056194 0.14115 0.010276 0.019209 -0.0068245 0 0
-0 -0 -0.20627 0 0 0 0 0 0 0 0 0 0 0.015307 -0.076088 -0.19112 -0.018582 -0.023397 0.0078265 0 0
0 0 0.083392 0 0 0 0 0 0 0 0 0 0 -0.0061882 0.030761 0.077264 0.0060094 0.010346 -0.0036376 0 0
0 0 0.045176 0 0 0 0 0 0 0 0 0 0 -0.0033523 0.016664 0.041856 0.0033687 0.0055498 -0.0019397 0 0
0 0 0.25605 0 0 0 0 0 0 0 0 0 0 -0.019001 0.09445 0.23724 0.015452 0.03297 -0.011889 0 0
-0 -0 -0.21835 0 0 0 0 0 0 0 0 0 0 0.016203 -0.080542 -0.2023 -0.019822 -0.024654 0.0082278 0 0
-0 -0 -0.099975 0 0 0 0 0 0 0 0 0 0 0.0074188 -0.036878 -0.092628 -0.0083725 -0.011768 0.0040146 0 0
-0 -0 -0.0035486 0 0 0 0 0 0 0 0 0 0 0.00026332 -0.001309 -0.0032878 -0.00027576 -0.00043015 0.00014917 0 0
-0 -0 -0.063796 0 0 0 0 0 0 0 0 0 0 0.0047341 -0.023533 -0.059108 -0.0052002 -0.0075961 0.0026077 0 0
-0 -0 -0.03764 0 0 0 0 0 0 0 0 0 0 0.0027931 -0.013884 -0.034874 -0.0030065 -0.0045175 0.0015578 0 0
0 0 0.0013285 0 0 0 0 0 0 0 0 0 0 -9.8586e-05 0.00049006 0.0012309 0.00010283 0.00016127 -5.5969e-05 0 0
-0 -0 -0.044033 0 0 0 0 0 0 0 0 0 0 0.0032675 -0.016242 -0.040797 -0.0035348 -0.0052747 0.0018169 0 0
-0 -0 -0.19105 0 0 0 0 0 0 0 0 0 0 0.014177 -0.070474 -0.17701 -0.017042 -0.021792 0.0073112 0 0
-0 -0 -0.2304 0 0 0 0 0 0 0 0 0 0 0.017097 -0.084989 -0.21347 -0.021076 -0.025896 0.0086218 0 0
-0 -0 -0.071161 0 0 0 0 0 0 0 0 0 0 0.0052806 -0.026249 -0.065932 -0.0058331 -0.0084537 0.0028985 0 0
-0 -0 -0.1039 0 0 0 0 0 0 0 0 0 0 0.00771 -0.038326 -0.096265 -0.0087262 -0.012214 0.004164 0 0
0 0 0.11914 0 0 0 0 0 0 0 0 0 0 -0.0088411 0.043948 0.11039 0.0083028 0.014909 -0.0052709 0 0
0 0 0.027786 0 0 0 0 0 0 0 0 0 0 -0.0020619 0.010249 0.025744 0.0021033 0.0033976 -0.0011842 0 0
-0 -0 -0.29144 0 0 0 0 0 0 0 0 0 0 0.021627 -0.1075 -0.27002 -0.027659 -0.031969 0.010513 0 0
-0 -0 -0.33809 0 0 0 0 0 0 0 0 0 0 0.025088 -0.12471 -0.31324 -0.032943 -0.036359 0.011837 0 0
0 0 0.027516 0 0 0 0 0 0 0 0 0 0 -0.0020418 0.01015 0.025494 0.0020834 0.0033644 -0.0011726 0 0
0 0 0.23716 0 0 0 0 0 0 0 0 0 0 -0.017599 0.087481 0.21973 0.014623 0.03043 -0.010944 0 0
0 0 0.15139 0 0 0 0 0 0 0 0 0 0 -0.011234 0.055845 0.14027 0.010222 0.019086 -0.0067797 0 0
-0 -0 -0.015507 0 0 0 0 0 0 0 0 0 0 0.0011507 -0.0057202 -0.014368 -0.0012169 -0.0018733 0.00064836 0 0
-0 -0 -0.039778 0 0 0 0 0 0 0 0 0 0 0.0029518 -0.014673 -0.036855 -0.0031826 -0.0047711 0.0016446 0 0
-0 -0 -0.021801 0 0 0 0 0 0 0 0 0 0 0.0016178 -0.0080419 -0.020199 -0.0017195 -0.0026289 0.0009089 0 0
0 0 0.014615 0 0 0 0 0 0 0 0 0 0 -0.0010845 0.0053911 0.013541 0.0011187 0.0017807 -0.00061933 0 0
0 0 0.14054 0 0 0 0 0 0 0 0 0 0 -0.010429 0.051843 0.13022 0.0095925 0.017675 -0.0062685 0 0
0 0 0.25636 0 0 0 0 0 0 0 0 0 0 -0.019024 0.094565 0.23753 0.015466 0.033012 -0.011904 0 0
-0 -0 -0.22365 0 0 0 0 0 0 0 0 0 0 0.016596 -0.082498 -0.20721 -0.020372 -0.025202 0.0084019 0 0
-0 -0 -0.12065 0 0 0 0 0 0 0 0 0 0 0.0089528 -0.044503 -0.11178 -0.010256 -0.014105 0.0047941 0 0
0 0 0.29389 0 0 0 0 0 0 0 0 0 0 -0.021808 0.10841 0.27229 0.016959 0.038093 -0.013808 0 0
-0 -0 -0.3093 0 0 0 0 0 0 0 0 0 0 0.022952 -0.11409 -0.28657 -0.029657 -0.033676 0.011032 0 0
0 0 0.34125 0 0 0 0 0 0 0 0 0 0 -0.025323 0.12588 0.31617 0.018553 0.044568 -0.016258 0 0
-0 -0 -0.08025 0 0 0 0 0 0 0 0 0 0 0.005955 -0.029602 -0.074352 -0.0066232 -0.0095061 0.0032542 0 0
0 0 0.26913 0 0 0 0 0 0 0 0 0 0 -0.019971 0.099274 0.24935 0.015996 0.034735 -0.012548 0 0
0 0 0.33096 0 0 0 0 0 0 0 0 0 0 -0.024559 0.12208 0.30664 0.018235 0.043157 -0.015721 0 0
-0 -0 -0.022749 0 0 0 0 0 0 0 0 0 0 0.0016881 -0.0083914 -0.021077 -0.0017957 -0.0027424 0.000948 0 0
-0 -0 -0.21829 0 0 0 0 0 0 0 0 0 0 0.016198 -0.080519 -0.20225 -0.019816 -0.024648 0.0082258 0 0
0 0 0.11161 0 0 0 0 0 0 0 0 0 0 -0.0082823 0.04117 0.10341 0.0078341 0.013942 -0.0049233 0 0
-0 -0 -0.023074 0 0 0 0 0 0 0 0 0 0 0.0017122 -0.0085112 -0.021378 -0.0018217 -0.0027812 0.00096138 0 0
0 0 0.073219 0 0 0 0 0 0 0 0 0 0 -0.0054333 0.027008 0.067838 0.0053254 0.0090605 -0.0031807 0 0
0 0 0.31414 0 0 0 0 0 0 0 0 0 0 -0.023311 0.11588 0.29106 0.017681 0.040855 -0.014849 0 0
0 0 0.20257 0 0 0 0 0 0 0 0 0 0 -0.015032 0.074721 0.18768 0.012972 0.025816 -0.009239 0 0
-0 -0 -0.32009 0 0 0 0 0 0 0 0 0 0 0.023752 -0.11807 -0.29656 -0.030879 -0.034692 0.011339 0 0
-0 -0 -0.27586 0 0 0 0 0 0 0 0 0 0 0.02047 -0.10176 -0.25559 -0.025942 -0.030454 0.010047 0 0
0 0 0.33554 0 0 0 0 0 0 0 0 0 0 -0.024899 0.12377 0.31089 0.018378 0.043785 -0.01596 0 0
-0 -0 -0.075433 0 0 0 0 0 0 0 0 0 0 0.0055976 -0.027825 -0.069889 -0.0062032 -0.0089491 0.0030661 0 0
-0 -0 -0.21596 0 0 0 0 0 0 0 0 0 0 0.016025 -0.079661 -0.20009 -0.019576 -0.024406 0.0081489 0 0
0 0 0.085461 0 0 0 0 0 0 0 0 0 0 -0.0063417 0.031524 0.079181 0.0061469 0.010608 -0.003731 0 0
0 0 0.10786 0 0 0 0 0 0 0 0 0 0 -0.0080041 0.039787 0.099936 0.0075979 0.013462 -0.004751 0 0
-0 -0 -0.2809 0 0 0 0 0 0 0 0 0 0 0.020844 -0.10362 -0.26026 -0.026495 -0.030947 0.010199 0 0
-0 -0 -0.11079 0 0 0 0 0 0 0 0 0 0 0.0082211 -0.040866 -0.10265 -0.0093512 -0.012995 0.0044245 0 0
0 0 0.20396 0 0 0 0 0 0 0 0 0 0 -0.015135 0.075236 0.18898 0.013042 0.026001 -0.0093072 0 0
-0 -0 -0.051055 0 0 0 0 0 0 0 0 0 0 0.0037886 -0.018833 -0.047303 -0.004121 -0.0061029 0.0020997 0 0
0 0 0.2266 0 0 0 0 0 0 0 0 0 0 -0.016815 0.083586 0.20995 0.014137 0.029016 -0.01042 0 0
0 0 0.25487 0 0 0 0 0 0 0 0 0 0 -0.018913 0.094015 0.23614 0.015402 0.032811 -0.011829 0 0
-0 -0 -0.054125 0 0 0 0 0 0 0 0 0 0 0.0040164 -0.019965 -0.050148 -0.0043792 -0.0064638 0.0022227 0 0
-0 -0 -0.11106 0 0 0 0 0 0 0 0 0 0 0.0082414 -0.040967 -0.1029 -0.0093761 -0.013025 0.0044348 0 0
0 0 0.066006 0 0 0 0 0 0 0 0 0 0 -0.0048981 0.024348 0.061156 0.0048321 0.0081529 -0.0028589 0 0
-0 -0 -0.21148 0 0 0 0 0 0 0 0 0 0 0.015693 -0.078008 -0.19594 -0.019115 -0.02394 0.0080003 0 0
-0 -0 -0.28967 0 0 0 0 0 0 0 0 0 0 0.021495 -0.10685 -0.26838 -0.027463 -0.031798 0.01046 0 0
0 0 0.065791 0 0 0 0 0 0 0 0 0 0 -0.0048821 0.024268 0.060956 0.0048173 0.0081259 -0.0028493 0 0
0 0 0.11968 0 0 0 0 0 0 0 0 0 0 -0.0088813 0.044148 0.11089 0.0083362 0.014979 -0.005296 0 0
-0 -0 -0.31351 0 0 0 0 0 0 0 0 0 0 0.023264 -0.11564 -0.29047 -0.030133 -0.034074 0.011152 0 0
0 0 0.29531 0 0 0 0 0 0 0 0 0 0 -0.021914 0.10893 0.27361 0.017012 0.038287 -0.013881 0 0
0 0 0.040155 0 0 0 0 0 0 0 0 0 0 -0.0029797 0.014812 0.037204 0.0030074 0.0049264 -0.0017205 0 0
0 0 0.2951 0 0 0 0 0 0 0 0 0 0 -0.021898 0.10885 0.27342 0.017004 0.038259 -0.01387 0 0
-0 -0 -0.066242 0 0 0 0 0 0 0 0 0 0 0.0049155 -0.024435 -0.061374 -0.0054096 -0.0078813 0.0027045 0 0
0 0 0.07484 0 0 0 0 0 0 0 0 0 0 -0.0055536 0.027606 0.06934 0.0054353 0.0092648 -0.0032533 0 0
0 0 0.31336 0 0 0 0 0 0 0 0 0 0 -0.023253 0.11559 0.29033 0.017654 0.040747 -0.014809 0 0
0 0 0.26227 0 0 0 0 0 0 0 0 0 0 -0.019462 0.096743 0.243 0.015714 0.033808 -0.012201 0 0
-0 -0 -0.32681 0 0 0 0 0 0 0 0 0 0 0.024251 -0.12055 -0.30279 -0.031647 -0.035319 0.011527 0 0
0 0 0.23732 0 0 0 0 0 0 0 0 0 0 -0.017611 0.08754 0.21988 0.01463 0.030451 -0.010952 0 0
0 0 0.14396 0 0 0 0 0 0 0 0 0 0 -0.010683 0.053104 0.13338 0.0097928 0.018119 -0.0064292 0 0
0 0 0.1145 0 0 0 0 0 0 0 0 0 0 -0.0084968 0.042237 0.10609 0.0080149 0.014313 -0.0050565 0 0
-0 -0 -0.15554 0 0 0 0 0 0 0 0 0 0 0.011542 -0.057374 -0.14411 -0.013548 -0.017968 0.0060686 0 0
-0 -0 -0.24123 0 0 0 0 0 0 0 0 0 0 0.017901 -0.088984 -0.22351 -0.022216 -0.027 0.0089701 0 0
0 0 0.25195 0 0 0 0 0 0 0 0 0 0 -0.018696 0.092937 0.23343 0.015277 0.032417 -0.011683 0 0
-0 -0 -0.050866 0 0 0 0 0 0 0 0 0 0 0.0037746 -0.018763 -0.047128 -0.0041051 -0.0060807 0.0020921 0 0
0 0 0.15167 0 0 0 0 0 0 0 0 0 0 -0.011255 0.055945 0.14052 0.010238 0.019121 -0.0067927 0 0
0 0 0.3293 0 0 0 0 0 0 0 0 0 0 -0.024436 0.12147 0.3051 0.018182 0.042928 -0.015635 0 0
0 0 0.30476 0 0 0 0 0 0 0 0 0 0 -0.022615 0.11242 0.28236 0.017354 0.039574 -0.014366 0 0
0 0 0.10499 0 0 0 0 0 0 0 0 0 0 -0.0077911 0.038729 0.097277 0.0074158 0.013095 -0.0046194 0 0
0 0 0.030691 0 0 0 0 0 0 0 0 0 0 -0.0022774 0.011321 0.028435 0.0023174 0.0037558 -0.0013097 0 0
0 0 0.20882 0 0 0 0 0 0 0 0 0 0 -0.015496 0.077029 0.19348 0.013284 0.026647 -0.0095449 0 0
0 0 0.004248 0 0 0 0 0 0 0 0 0 0 -0.00031523 0.001567 0.0039358 0.000328 0.00051607 -0.00017919 0 0
0 0 0.3074 0 0 0 0 0 0 0 0 0 0 -0.022811 0.11339 0.28481 0.017447 0.039934 -0.014501 0 0
-0 -0 -0.2629 0 0 0 0 0 0 0 0 0 0 0.019508 -0.096974 -0.24358 -0.024533 -0.029174 0.0096503 0 0
-0 -0 -0.20289 0 0 0 0 0 0 0 0 0 0 0.015055 -0.074838 -0.18798 -0.018237 -0.023041 0.0077127 0 0
-0 -0 -0.22108 0 0 0 0 0 0 0 0 0 0 0.016406 -0.08155 -0.20483 -0.020105 -0.024937 0.0083178 0 0
-0 -0 -0.2737 0 0 0 0 0 0 0 0 0 0 0.020311 -0.10096 -0.25359 -0.025707 -0.030242 0.0099814 0 0
0 0 0.34256 0 0 0 0 0 0 0 0 0 0 -0.02542 0.12636 0.31739 0.018593 0.044748 -0.016326 0 0
0 0 0.10153 0 0 0 0 0 0 0 0 0 0 -0.0075344 0.037452 0.094072 0.0071947 0.012653 -0.0044611 0 0
0 0 0.289 0 0 0 0 0 0 0 0 0 0 -0.021446 0.1066 0.26776 0.016776 0.037429 -0.013558 0 0
-0 -0 -0.11205 0 0 0 0 0 0 0 0 0 0 0.0083151 -0.041333 -0.10382 -0.0094667 -0.013138 0.0044722 0 0
-0 -0 -0.20311 0 0 0 0 0 0 0 0 0 0 0.015072 -0.074922 -0.18819 -0.01826 -0.023065 0.0077204 0 0
0 0 0.24466 0 0 0 0 0 0 0 0 0 0 -0.018155 0.090248 0.22668 0.014958 0.031437 -0.011318 0 0
0 0 0.16292 0 0 0 0 0 0 0 0 0 0 -0.012089 0.060095 0.15094 0.010873 0.02059 -0.0073266 0 0
