0 0 0.23738 0 0 0 0 0 0 0 0 0 0 -0.040387 0.080775 0.21953 -0.0030823 0.033026 -0.012718 0 0
0 0 0.12737 0 0 0 0 0 0 0 0 0 0 -0.021671 0.043342 0.1178 -0.00062378 0.017872 -0.0066904 0 0
-0 -0 -0.29785 0 0 0 0 0 0 0 0 0 0 0.050675 -0.10135 -0.27546 -0.0078293 -0.041571 0.013855 0 0
0 0 0.29342 0 0 0 0 0 0 0 0 0 0 -0.049922 0.099844 0.27136 -0.0050099 0.040582 -0.015853 0 0
-0 -0 -0.079324 0 0 0 0 0 0 0 0 0 0 0.013496 -0.026992 -0.073359 -0.00082207 -0.011185 0.0039642 0 0
-0 -0 -0.27867 0 0 0 0 0 0 0 0 0 0 0.047412 -0.094823 -0.25772 -0.0069407 -0.038954 0.013056 0 0
-0 -0 -0.28599 0 0 0 0 0 0 0 0 0 0 0.048657 -0.097314 -0.26448 -0.0072736 -0.039954 0.013362 0 0
0 0 0.19528 0 0 0 0 0 0 0 0 0 0 -0.033224 0.066448 0.1806 -0.0019327 0.02727 -0.010389 0 0
-0 -0 -0.17322 0 0 0 0 0 0 0 0 0 0 0.029471 -0.058942 -0.16019 -0.0029886 -0.024365 0.0084152 0 0
0 0 0.054704 0 0 0 0 0 0 0 0 0 0 -0.0093071 0.018614 0.05059 2.5669e-05 0.0077014 -0.0028289 0 0
-0 -0 -0.12376 0 0 0 0 0 0 0 0 0 0 0.021055 -0.042111 -0.11445 -0.0016869 -0.017437 0.0061053 0 0
-0 -0 -0.071833 0 0 0 0 0 0 0 0 0 0 0.012221 -0.024443 -0.066431 -0.00070481 -0.01013 0.0035974 0 0
-0 -0 -0.069737 0 0 0 0 0 0 0 0 0 0 0.011865 -0.02373 -0.064494 -0.00067349 -0.0098344 0.0034945 0 0
-0 -0 -0.30002 0 0 0 0 0 0 0 0 0 0 0.051044 -0.10209 -0.27746 -0.0079328 -0.041865 0.013944 0 0
-0 -0 -0.18901 0 0 0 0 0 0 0 0 0 0 0.032158 -0.064316 -0.1748 -0.003479 -0.026568 0.0091355 0 0
0 0 0.10789 0 0 0 0 0 0 0 0 0 0 -0.018355 0.03671 0.099773 -0.00037319 0.015154 -0.0056443 0 0
-0 -0 -0.066794 0 0 0 0 0 0 0 0 0 0 0.011364 -0.022728 -0.061772 -0.00063058 -0.0094195 0.0033498 0 0
-0 -0 -0.1283 0 0 0 0 0 0 0 0 0 0 0.021828 -0.043655 -0.11865 -0.0017915 -0.018074 0.0063206 0 0
0 0 0.26942 0 0 0 0 0 0 0 0 0 0 -0.045838 0.091677 0.24916 -0.004129 0.037362 -0.014506 0 0
0 0 0.23101 0 0 0 0 0 0 0 0 0 0 -0.039304 0.078608 0.21364 -0.0028919 0.032159 -0.012364 0 0
0 0 0.20691 0 0 0 0 0 0 0 0 0 0 -0.035202 0.070404 0.19135 -0.0022244 0.028865 -0.01103 0 0
-0 -0 -0.28464 0 0 0 0 0 0 0 0 0 0 0.048428 -0.096855 -0.26324 -0.0072117 -0.03977 0.013306 0 0
0 0 0.076872 0 0 0 0 0 0 0 0 0 0 -0.013079 0.026158 0.071092 -8.9849e-05 0.010813 -0.0039951 0 0
-0 -0 -0.10034 0 0 0 0 0 0 0 0 0 0 0.017071 -0.034143 -0.092794 -0.001195 -0.014144 0.0049844 0 0
0 0 0.094906 0 0 0 0 0 0 0 0 0 0 -0.016147 0.032294 0.08777 -0.00023735 0.013339 -0.0049517 0 0
-0 -0 -0.17036 0 0 0 0 0 0 0 0 0 0 0.028985 -0.05797 -0.15755 -0.0029038 -0.023967 0.0082841 0 0
0 0 0.18043 0 0 0 0 0 0 0 0 0 0 -0.030698 0.061396 0.16687 -0.0015888 0.025226 -0.0095738 0 0
-0 -0 -0.022992 0 0 0 0 0 0 0 0 0 0 0.0039118 -0.0078235 -0.021263 -0.00014277 -0.0032422 0.0011667 0 0
0 0 0.34011 0 0 0 0 0 0 0 0 0 0 -0.057865 0.11573 0.31454 -0.0069582 0.04677 -0.018489 0 0
-0 -0 -0.32904 0 0 0 0 0 0 0 0 0 0 0.055981 -0.11196 -0.3043 -0.0093838 -0.045796 0.015124 0 0
0 0 0.092556 0 0 0 0 0 0 0 0 0 0 -0.015747 0.031494 0.085597 -0.00021541 0.01301 -0.0048266 0 0
-0 -0 -0.17685 0 0 0 0 0 0 0 0 0 0 0.030088 -0.060176 -0.16355 -0.003098 -0.024872 0.0085814 0 0
-0 -0 -0.20904 0 0 0 0 0 0 0 0 0 0 0.035564 -0.071129 -0.19332 -0.0041524 -0.029353 0.010036 0 0
-0 -0 -0.028689 0 0 0 0 0 0 0 0 0 0 0.004881 -0.0097619 -0.026531 -0.00019021 -0.0040457 0.0014536 0 0
0 0 0.18366 0 0 0 0 0 0 0 0 0 0 -0.031247 0.062495 0.16985 -0.0016609 0.025671 -0.0097508 0 0
0 0 0.1155 0 0 0 0 0 0 0 0 0 0 -0.01965 0.0393 0.10681 -0.00046441 0.016216 -0.006052 0 0
-0 -0 -0.32636 0 0 0 0 0 0 0 0 0 0 0.055526 -0.11105 -0.30182 -0.009245 -0.045435 0.015016 0 0
-0 -0 -0.1894 0 0 0 0 0 0 0 0 0 0 0.032223 -0.064446 -0.17516 -0.0034913 -0.026622 0.0091529 0 0
0 0 0.060479 0 0 0 0 0 0 0 0 0 0 -0.01029 0.020579 0.055931 2.5685e-06 0.0085127 -0.0031317 0 0
0 0 0.34744 0 0 0 0 0 0 0 0 0 0 -0.059113 0.11823 0.32132 -0.0072921 0.047732 -0.018904 0 0
-0 -0 -0.057947 0 0 0 0 0 0 0 0 0 0 0.0098588 -0.019718 -0.053589 -0.00050926 -0.0081721 0.0029132 0 0
-0 -0 -0.19708 0 0 0 0 0 0 0 0 0 0 0.033531 -0.067062 -0.18226 -0.0037435 -0.027692 0.0095003 0 0
0 0 0.17774 0 0 0 0 0 0 0 0 0 0 -0.030241 0.060482 0.16438 -0.00153 0.024855 -0.0094266 0 0
0 0 0.30543 0 0 0 0 0 0 0 0 0 0 -0.051965 0.10393 0.28247 -0.0054814 0.042184 -0.016529 0 0
-0 -0 -0.20015 0 0 0 0 0 0 0 0 0 0 0.034053 -0.068106 -0.1851 -0.0038465 -0.028119 0.0096384 0 0
0 0 0.05935 0 0 0 0 0 0 0 0 0 0 -0.010098 0.020195 0.054887 7.4718e-06 0.0083541 -0.0030724 0 0
0 0 0.26193 0 0 0 0 0 0 0 0 0 0 -0.044563 0.089127 0.24223 -0.0038709 0.036351 -0.014087 0 0
0 0 0.22296 0 0 0 0 0 0 0 0 0 0 -0.037933 0.075866 0.20619 -0.0026594 0.03106 -0.011918 0 0
-0 -0 -0.022589 0 0 0 0 0 0 0 0 0 0 0.0038432 -0.0076863 -0.02089 -0.00013959 -0.0031854 0.0011463 0 0
0 0 0.08559 0 0 0 0 0 0 0 0 0 0 -0.014562 0.029124 0.079154 -0.00015516 0.012035 -0.0044567 0 0
0 0 0.19328 0 0 0 0 0 0 0 0 0 0 -0.032884 0.065768 0.17875 -0.0018845 0.026995 -0.010279 0 0
0 0 0.25626 0 0 0 0 0 0 0 0 0 0 -0.043599 0.087198 0.23699 -0.0036811 0.035585 -0.01377 0 0
-0 -0 -0.16358 0 0 0 0 0 0 0 0 0 0 0.027831 -0.055661 -0.15128 -0.002707 -0.023018 0.0079713 0 0
-0 -0 -0.22797 0 0 0 0 0 0 0 0 0 0 0.038786 -0.077573 -0.21083 -0.0048423 -0.031978 0.010875 0 0
-0 -0 -0.26894 0 0 0 0 0 0 0 0 0 0 0.045756 -0.091512 -0.24872 -0.0065096 -0.037621 0.012645 0 0
-0 -0 -0.31161 0 0 0 0 0 0 0 0 0 0 0.053016 -0.10603 -0.28818 -0.0084983 -0.043439 0.01442 0 0
-0 -0 -0.2005 0 0 0 0 0 0 0 0 0 0 0.034112 -0.068224 -0.18542 -0.0038582 -0.028167 0.009654 0 0
0 0 0.15793 0 0 0 0 0 0 0 0 0 0 -0.026869 0.053738 0.14605 -0.0011291 0.022115 -0.0083448 0 0
0 0 0.13563 0 0 0 0 0 0 0 0 0 0 -0.023076 0.046152 0.12543 -0.00074683 0.019021 -0.0071359 0 0
-0 -0 -0.16288 0 0 0 0 0 0 0 0 0 0 0.027712 -0.055424 -0.15063 -0.0026871 -0.022921 0.0079391 0 0
0 0 0.059938 0 0 0 0 0 0 0 0 0 0 -0.010198 0.020395 0.055431 4.9404e-06 0.0084367 -0.0031033 0 0
-0 -0 -0.25497 0 0 0 0 0 0 0 0 0 0 0.043379 -0.086758 -0.23579 -0.0059142 -0.035702 0.012048 0 0
0 0 0.28325 0 0 0 0 0 0 0 0 0 0 -0.04819 0.096381 0.26195 -0.0046262 0.03922 -0.015281 0 0
-0 -0 -0.33793 0 0 0 0 0 0 0 0 0 0 0.057494 -0.11499 -0.31252 -0.0098517 -0.046994 0.015478 0 0
0 0 0.34756 0 0 0 0 0 0 0 0 0 0 -0.059132 0.11826 0.32142 -0.0072974 0.047747 -0.018911 0 0
0 0 0.26544 0 0 0 0 0 0 0 0 0 0 -0.04516 0.090321 0.24548 -0.0039908 0.036825 -0.014283 0 0
-0 -0 -0.0036935 0 0 0 0 0 0 0 0 0 0 0.0006284 -0.0012568 -0.0034158 -1.7671e-05 -0.00052073 0.00018835 0 0
0 0 0.23771 0 0 0 0 0 0 0 0 0 0 -0.040443 0.080887 0.21984 -0.0030923 0.03307 -0.012737 0 0
0 0 0.0258 0 0 0 0 0 0 0 0 0 0 -0.0043896 0.0087791 0.02386 6.7216e-05 0.0036353 -0.0013252 0 0
0 0 0.2515 0 0 0 0 0 0 0 0 0 0 -0.04279 0.08558 0.23259 -0.0035254 0.034942 -0.013505 0 0
-0 -0 -0.1965 0 0 0 0 0 0 0 0 0 0 0.033433 -0.066865 -0.18173 -0.0037242 -0.027612 0.0094742 0 0
0 0 0.22836 0 0 0 0 0 0 0 0 0 0 -0.038852 0.077703 0.21119 -0.0028142 0.031797 -0.012217 0 0
-0 -0 -0.1263 0 0 0 0 0 0 0 0 0 0 0.021489 -0.042978 -0.11681 -0.0017452 -0.017795 0.0062262 0 0
-0 -0 -0.17518 0 0 0 0 0 0 0 0 0 0 0.029805 -0.05961 -0.16201 -0.0030476 -0.02464 0.0085052 0 0
0 0 0.32637 0 0 0 0 0 0 0 0 0 0 -0.055527 0.11105 0.30183 -0.0063527 0.04496 -0.017711 0 0
-0 -0 -0.049814 0 0 0 0 0 0 0 0 0 0 0.0084751 -0.01695 -0.046068 -0.00040791 -0.0070253 0.0025098 0 0
-0 -0 -0.32358 0 0 0 0 0 0 0 0 0 0 0.055052 -0.1101 -0.29925 -0.0091018 -0.045059 0.014905 0 0
-0 -0 -0.042903 0 0 0 0 0 0 0 0 0 0 0.0072994 -0.014599 -0.039677 -0.00032946 -0.0060507 0.0021657 0 0
-0 -0 -0.19313 0 0 0 0 0 0 0 0 0 0 0.032858 -0.065717 -0.17861 -0.0036127 -0.027142 0.0093219 0 0
-0 -0 -0.16216 0 0 0 0 0 0 0 0 0 0 0.027589 -0.055179 -0.14997 -0.0026667 -0.02282 0.0079058 0 0
-0 -0 -0.10648 0 0 0 0 0 0 0 0 0 0 0.018116 -0.036233 -0.098474 -0.0013163 -0.015009 0.0052801 0 0
0 0 0.22718 0 0 0 0 0 0 0 0 0 0 -0.038651 0.077302 0.21009 -0.00278 0.031636 -0.012151 0 0
-0 -0 -0.22467 0 0 0 0 0 0 0 0 0 0 0.038224 -0.076448 -0.20777 -0.0047181 -0.03152 0.01073 0 0
-0 -0 -0.17977 0 0 0 0 0 0 0 0 0 0 0.030585 -0.061169 -0.16625 -0.0031875 -0.025279 0.0087148 0 0
-0 -0 -0.09878 0 0 0 0 0 0 0 0 0 0 0.016806 -0.033612 -0.091352 -0.0011651 -0.013925 0.0049092 0 0
-0 -0 -0.29042 0 0 0 0 0 0 0 0 0 0 0.049411 -0.098821 -0.26858 -0.0074788 -0.040558 0.013547 0 0
-0 -0 -0.14044 0 0 0 0 0 0 0 0 0 0 0.023893 -0.047787 -0.12988 -0.0020861 -0.019778 0.0068932 0 0
0 0 0.31548 0 0 0 0 0 0 0 0 0 0 -0.053675 0.10735 0.29176 -0.0058918 0.043519 -0.017096 0 0
0 0 0.15017 0 0 0 0 0 0 0 0 0 0 -0.025549 0.051098 0.13888 -0.00098776 0.02104 -0.0079231 0 0
0 0 0.34061 0 0 0 0 0 0 0 0 0 0 -0.05795 0.1159 0.315 -0.0069807 0.046836 -0.018517 0 0
-0 -0 -0.23419 0 0 0 0 0 0 0 0 0 0 0.039844 -0.079689 -0.21658 -0.00508 -0.032838 0.011148 0 0
0 0 0.28773 0 0 0 0 0 0 0 0 0 0 -0.048954 0.097907 0.2661 -0.0047935 0.039821 -0.015533 0 0
0 0 0.21894 0 0 0 0 0 0 0 0 0 0 -0.03725 0.0745 0.20248 -0.0025471 0.030512 -0.011695 0 0
0 0 0.087932 0 0 0 0 0 0 0 0 0 0 -0.01496 0.029921 0.08132 -0.00017461 0.012363 -0.0045809 0 0
0 0 0.15401 0 0 0 0 0 0 0 0 0 0 -0.026202 0.052405 0.14243 -0.0010566 0.021572 -0.0081317 0 0
-0 -0 -0.25952 0 0 0 0 0 0 0 0 0 0 0.044153 -0.088307 -0.24 -0.0061051 -0.036328 0.012243 0 0
-0 -0 -0.089905 0 0 0 0 0 0 0 0 0 0 0.015296 -0.030592 -0.083144 -0.0010018 -0.012676 0.0044796 0 0
-0 -0 -0.16775 0 0 0 0 0 0 0 0 0 0 0.02854 -0.057081 -0.15514 -0.0028272 -0.023602 0.0081638 0 0
-0 -0 -0.063793 0 0 0 0 0 0 0 0 0 0 0.010854 -0.021707 -0.058996 -0.00058814 -0.0089964 0.0032019 0 0
-0 -0 -0.043319 0 0 0 0 0 0 0 0 0 0 0.0073701 -0.01474 -0.040062 -0.00033398 -0.0061093 0.0021864 0 0
