-0 -0 -0 0.043455 0 0 0 0 -0 -0 -0 0.042801 0.001307 0.0073932 0 0
-0 -0 -0 0.19092 0 0 0 0 -0 -0 -0 0.18805 0.0057423 0.032482 0 0
-0 -0 -0 0.18313 0 0 0 0 -0 -0 -0 0.18038 0.0055081 0.031158 0 0
-0 -0 -0 0.10618 0 0 0 0 -0 -0 -0 0.10459 0.0031937 0.018065 0 0
-0 -0 -0 0.12089 0 0 0 0 -0 -0 -0 0.11907 0.003636 0.020568 0 0
0 0 0 0.11028 0 0 0 0 -0 -0 -0 0.10863 0.003317 0.018763 0 0
0 0 0 0.097325 0 0 0 0 -0 -0 -0 0.095862 0.0029273 0.016559 0 0
0 0 0 0.13085 0 0 0 0 -0 -0 -0 0.12889 0.0039357 0.022263 0 0
0 0 0 0.10572 0 0 0 0 -0 -0 -0 0.10413 0.0031797 0.017986 0 0
-0 -0 -0 0.074816 0 0 0 0 -0 -0 -0 0.073691 0.0022502 0.012729 0 0
-0 -0 -0 0.079445 0 0 0 0 -0 -0 -0 0.078251 0.0023895 0.013517 0 0
0 0 0 0.057887 0 0 0 0 -0 -0 -0 0.057017 0.0017411 0.0098487 0 0
0 0 0 0.17004 0 0 0 0 -0 -0 -0 0.16748 0.0051142 0.028929 0 0
0 0 0 0.13438 0 0 0 0 -0 -0 -0 0.13236 0.0040416 0.022862 0 0
-0 -0 -0 0.088868 0 0 0 0 -0 -0 -0 0.087531 0.0026729 0.01512 0 0
0 0 0 0.015122 0 0 0 0 -0 -0 -0 0.014895 0.00045484 0.0025729 0 0
-0 -0 -0 0.022799 0 0 0 0 -0 -0 -0 0.022456 0.00068573 0.0038789 0 0
0 0 0 0.17135 0 0 0 0 -0 -0 -0 0.16877 0.0051537 0.029153 0 0
-0 -0 -0 0.094678 0 0 0 0 -0 -0 -0 0.093254 0.0028476 0.016108 0 0
-0 -0 -0 0.13674 0 0 0 0 -0 -0 -0 0.13468 0.0041126 0.023264 0 0
0 0 0 0.15641 0 0 0 0 -0 -0 -0 0.15406 0.0047043 0.026611 0 0
-0 -0 -0 0.082927 0 0 0 0 -0 -0 -0 0.08168 0.0024942 0.014109 0 0
-0 -0 -0 0.017871 0 0 0 0 -0 -0 -0 0.017602 0.0005375 0.0030405 0 0
0 0 0 0.12134 0 0 0 0 -0 -0 -0 0.11951 0.0036494 0.020644 0 0
0 0 0 0.02001 0 0 0 0 -0 -0 -0 0.019709 0.00060184 0.0034044 0 0
0 0 0 0.14905 0 0 0 0 -0 -0 -0 0.14681 0.004483 0.025359 0 0
0 0 0 0.06575 0 0 0 0 -0 -0 -0 0.064762 0.0019776 0.011187 0 0
0 0 0 0.13741 0 0 0 0 -0 -0 -0 0.13535 0.004133 0.023379 0 0
-0 -0 -0 0.18152 0 0 0 0 -0 -0 -0 0.17879 0.0054597 0.030884 0 0
0 0 0 0.13874 0 0 0 0 -0 -0 -0 0.13666 0.004173 0.023605 0 0
-0 -0 -0 0.060717 0 0 0 0 -0 -0 -0 0.059803 0.0018262 0.01033 0 0
-0 -0 -0 0.076458 0 0 0 0 -0 -0 -0 0.075308 0.0022996 0.013008 0 0
0 0 0 0.13765 0 0 0 0 -0 -0 -0 0.13558 0.00414 0.023419 0 0
0 0 0 0.16777 0 0 0 0 -0 -0 -0 0.16524 0.005046 0.028543 0 0
-0 -0 -0 0.13795 0 0 0 0 -0 -0 -0 0.13588 0.0041492 0.023471 0 0
-0 -0 -0 0.048744 0 0 0 0 -0 -0 -0 0.048011 0.0014661 0.0082932 0 0
-0 -0 -0 0.0096045 0 0 0 0 -0 -0 -0 0.0094601 0.00028888 0.0016341 0 0
0 0 0 0.00027836 0 0 0 0 -0 -0 -0 0.00027418 8.3723e-06 4.7359e-05 0 0
-0 -0 -0 0.17862 0 0 0 0 -0 -0 -0 0.17594 0.0053725 0.03039 0 0
0 0 0 0.035254 0 0 0 0 -0 -0 -0 0.034724 0.0010603 0.005998 0 0
-0 -0 -0 0.10165 0 0 0 0 -0 -0 -0 0.10012 0.0030573 0.017294 0 0
-0 -0 -0 0.048473 0 0 0 0 -0 -0 -0 0.047744 0.0014579 0.0082469 0 0
0 0 0 0.026577 0 0 0 0 -0 -0 -0 0.026177 0.00079935 0.0045217 0 0
0 0 0 0.18252 0 0 0 0 -0 -0 -0 0.17977 0.0054895 0.031052 0 0
-0 -0 -0 0.09538 0 0 0 0 -0 -0 -0 0.093945 0.0028687 0.016228 0 0
0 0 0 0.18374 0 0 0 0 -0 -0 -0 0.18098 0.0055264 0.031261 0 0
-0 -0 -0 0.12968 0 0 0 0 -0 -0 -0 0.12773 0.0039005 0.022064 0 0
0 0 0 0.026512 0 0 0 0 -0 -0 -0 0.026113 0.00079741 0.0045107 0 0
-0 -0 -0 0.11627 0 0 0 0 -0 -0 -0 0.11453 0.0034972 0.019783 0 0
0 0 0 0.1558 0 0 0 0 -0 -0 -0 0.15345 0.0046859 0.026507 0 0
0 0 0 0.19076 0 0 0 0 -0 -0 -0 0.18789 0.0057375 0.032455 0 0
0 0 0 0.11443 0 0 0 0 -0 -0 -0 0.11271 0.0034419 0.019469 0 0
0 0 0 0.081642 0 0 0 0 -0 -0 -0 0.080414 0.0024555 0.01389 0 0
0 0 0 0.18762 0 0 0 0 -0 -0 -0 0.1848 0.0056432 0.031922 0 0
-0 -0 -0 0.14763 0 0 0 0 -0 -0 -0 0.14541 0.0044404 0.025118 0 0
-0 -0 -0 0.16543 0 0 0 0 -0 -0 -0 0.16294 0.0049757 0.028146 0 0
0 0 0 0.033745 0 0 0 0 -0 -0 -0 0.033237 0.0010149 0.0057412 0 0
0 0 0 0.15713 0 0 0 0 -0 -0 -0 0.15477 0.0047261 0.026734 0 0
0 0 0 0.13359 0 0 0 0 -0 -0 -0 0.13158 0.004018 0.022728 0 0
0 0 0 0.010198 0 0 0 0 -0 -0 -0 0.010045 0.00030673 0.0017351 0 0
-0 -0 -0 0.11218 0 0 0 0 -0 -0 -0 0.11049 0.0033741 0.019086 0 0
0 0 0 0.045973 0 0 0 0 -0 -0 -0 0.045282 0.0013827 0.0078217 0 0
0 0 0 0.049988 0 0 0 0 -0 -0 -0 0.049237 0.0015035 0.0085048 0 0
-0 -0 -0 0.14894 0 0 0 0 -0 -0 -0 0.1467 0.0044796 0.025339 0 0
0 0 0 0.10597 0 0 0 0 -0 -0 -0 0.10438 0.0031873 0.01803 0 0
0 0 0 0.13133 0 0 0 0 -0 -0 -0 0.12936 0.0039501 0.022345 0 0
0 0 0 0.14081 0 0 0 0 -0 -0 -0 0.13869 0.0042351 0.023956 0 0
-0 -0 -0 0.046768 0 0 0 0 -0 -0 -0 0.046065 0.0014067 0.007957 0 0
0 0 0 0.19397 0 0 0 0 -0 -0 -0 0.19106 0.0058341 0.033002 0 0
0 0 0 0.0948 0 0 0 0 -0 -0 -0 0.093375 0.0028513 0.016129 0 0
-0 -0 -0 0.17211 0 0 0 0 -0 -0 -0 0.16953 0.0051767 0.029283 0 0
0 0 0 0.0016348 0 0 0 0 -0 -0 -0 0.0016102 4.9169e-05 0.00027813 0 0
0 0 0 0.16404 0 0 0 0 -0 -0 -0 0.16158 0.004934 0.02791 0 0
-0 -0 -0 0.090236 0 0 0 0 -0 -0 -0 0.088879 0.002714 0.015352 0 0
0 0 0 0.014393 0 0 0 0 -0 -0 -0 0.014176 0.00043289 0.0024487 0 0
0 0 0 0.12451 0 0 0 0 -0 -0 -0 0.12264 0.0037449 0.021184 0 0
0 0 0 0.19743 0 0 0 0 -0 -0 -0 0.19446 0.0059381 0.03359 0 0
-0 -0 -0 0.098065 0 0 0 0 -0 -0 -0 0.09659 0.0029495 0.016684 0 0
-0 -0 -0 0.034617 0 0 0 0 -0 -0 -0 0.034097 0.0010412 0.0058896 0 0
0 0 0 0.16771 0 0 0 0 -0 -0 -0 0.16519 0.0050442 0.028533 0 0
0 0 0 0.047068 0 0 0 0 -0 -0 -0 0.046361 0.0014157 0.008008 0 0
-0 -0 -0 0.086369 0 0 0 0 -0 -0 -0 0.08507 0.0025977 0.014695 0 0
-0 -0 -0 0.060177 0 0 0 0 -0 -0 -0 0.059272 0.0018099 0.010238 0 0
0 0 0 0.055547 0 0 0 0 -0 -0 -0 0.054711 0.0016707 0.0094505 0 0
-0 -0 -0 0.028599 0 0 0 0 -0 -0 -0 0.028169 0.00086017 0.0048657 0 0
0 0 0 0.17349 0 0 0 0 -0 -0 -0 0.17088 0.0052179 0.029516 0 0
-0 -0 -0 0.042254 0 0 0 0 -0 -0 -0 0.041619 0.0012709 0.007189 0 0
-0 -0 -0 0.1261 0 0 0 0 -0 -0 -0 0.12421 0.0037928 0.021455 0 0
-0 -0 -0 0.18842 0 0 0 0 -0 -0 -0 0.18559 0.0056672 0.032057 0 0
0 0 0 0.15926 0 0 0 0 -0 -0 -0 0.15686 0.0047901 0.027096 0 0
-0 -0 -0 0.19173 0 0 0 0 -0 -0 -0 0.18885 0.0057667 0.03262 0 0
0 0 0 0.19798 0 0 0 0 -0 -0 -0 0.19501 0.0059548 0.033684 0 0
0 0 0 0.0065226 0 0 0 0 -0 -0 -0 0.0064245 0.00019618 0.0011097 0 0
0 0 0 0.0027812 0 0 0 0 -0 -0 -0 0.0027394 8.3652e-05 0.00047319 0 0
0 0 0 0.10878 0 0 0 0 -0 -0 -0 0.10714 0.0032718 0.018507 0 0
-0 -0 -0 0.17449 0 0 0 0 -0 -0 -0 0.17187 0.0052482 0.029687 0 0
-0 -0 -0 0.19849 0 0 0 0 -0 -0 -0 0.19551 0.0059701 0.033771 0 0
-0 -0 -0 0.085737 0 0 0 0 -0 -0 -0 0.084448 0.0025787 0.014587 0 0
0 0 0 0.15868 0 0 0 0 -0 -0 -0 0.15629 0.0047726 0.026997 0 0
0 0 0 0.16556 0 0 0 0 -0 -0 -0 0.16307 0.0049796 0.028168 0 0
