0 0 0 0.038877 0 0 0 0 -0 -0 -0 0.038292 0.0011693 0.0066143 0 0
-0 -0 -0 0.13906 0 0 0 0 -0 -0 -0 0.13697 0.0041826 0.02366 0 0
0 0 0 0.074505 0 0 0 0 -0 -0 -0 0.073384 0.0022409 0.012676 0 0
-0 -0 -0 0.060052 0 0 0 0 -0 -0 -0 0.059148 0.0018062 0.010217 0 0
-0 -0 -0 0.15112 0 0 0 0 -0 -0 -0 0.14884 0.0045451 0.02571 0 0
0 0 0 0.031738 0 0 0 0 -0 -0 -0 0.03126 0.00095458 0.0053997 0 0
0 0 0 0.093661 0 0 0 0 -0 -0 -0 0.092252 0.002817 0.015935 0 0
-0 -0 -0 0.11398 0 0 0 0 -0 -0 -0 0.11226 0.003428 0.019391 0 0
-0 -0 -0 0.054247 0 0 0 0 -0 -0 -0 0.053431 0.0016316 0.0092294 0 0
0 0 0 0.19941 0 0 0 0 -0 -0 -0 0.19641 0.0059976 0.033926 0 0
0 0 0 0.029 0 0 0 0 -0 -0 -0 0.028564 0.00087223 0.0049339 0 0
0 0 0 0.0034862 0 0 0 0 -0 -0 -0 0.0034338 0.00010486 0.00059313 0 0
0 0 0 0.1828 0 0 0 0 -0 -0 -0 0.18005 0.0054982 0.031101 0 0
0 0 0 0.15764 0 0 0 0 -0 -0 -0 0.15527 0.0047414 0.026821 0 0
0 0 0 0.041538 0 0 0 0 -0 -0 -0 0.040913 0.0012493 0.007067 0 0
-0 -0 -0 0.10981 0 0 0 0 -0 -0 -0 0.10816 0.0033028 0.018683 0 0
0 0 0 0.083736 0 0 0 0 -0 -0 -0 0.082477 0.0025185 0.014247 0 0
0 0 0 0.14357 0 0 0 0 -0 -0 -0 0.14141 0.0043183 0.024427 0 0
-0 -0 -0 0.088917 0 0 0 0 -0 -0 -0 0.08758 0.0026744 0.015128 0 0
0 0 0 0.17489 0 0 0 0 -0 -0 -0 0.17226 0.0052601 0.029755 0 0
0 0 0 0.065553 0 0 0 0 -0 -0 -0 0.064567 0.0019716 0.011153 0 0
-0 -0 -0 0.092434 0 0 0 0 -0 -0 -0 0.091044 0.0027801 0.015726 0 0
0 0 0 0.097424 0 0 0 0 -0 -0 -0 0.095959 0.0029302 0.016575 0 0
-0 -0 -0 0.11948 0 0 0 0 -0 -0 -0 0.11768 0.0035936 0.020328 0 0
-0 -0 -0 0.10532 0 0 0 0 -0 -0 -0 0.10373 0.0031676 0.017918 0 0
0 0 0 0.002449 0 0 0 0 -0 -0 -0 0.0024121 7.3658e-05 0.00041666 0 0
-0 -0 -0 0.1704 0 0 0 0 -0 -0 -0 0.16783 0.005125 0.02899 0 0
-0 -0 -0 0.055223 0 0 0 0 -0 -0 -0 0.054392 0.0016609 0.0093954 0 0
-0 -0 -0 0.10019 0 0 0 0 -0 -0 -0 0.09868 0.0030133 0.017045 0 0
-0 -0 -0 0.15859 0 0 0 0 -0 -0 -0 0.1562 0.0047698 0.026981 0 0
0 0 0 0.026199 0 0 0 0 -0 -0 -0 0.025805 0.00078798 0.0044573 0 0
0 0 0 0.0010138 0 0 0 0 -0 -0 -0 0.00099851 3.0491e-05 0.00017248 0 0
-0 -0 -0 0.07369 0 0 0 0 -0 -0 -0 0.072581 0.0022164 0.012537 0 0
-0 -0 -0 0.19886 0 0 0 0 -0 -0 -0 0.19587 0.005981 0.033833 0 0
-0 -0 -0 0.16089 0 0 0 0 -0 -0 -0 0.15848 0.0048392 0.027374 0 0
-0 -0 -0 0.05823 0 0 0 0 -0 -0 -0 0.057354 0.0017514 0.009907 0 0
0 0 0 0.063027 0 0 0 0 -0 -0 -0 0.06208 0.0018957 0.010723 0 0
-0 -0 -0 0.049964 0 0 0 0 -0 -0 -0 0.049212 0.0015028 0.0085006 0 0
0 0 0 0.032896 0 0 0 0 -0 -0 -0 0.032401 0.00098942 0.0055968 0 0
-0 -0 -0 0.022045 0 0 0 0 -0 -0 -0 0.021713 0.00066305 0.0037506 0 0
0 0 0 0.10401 0 0 0 0 -0 -0 -0 0.10244 0.0031282 0.017695 0 0
-0 -0 -0 0.057197 0 0 0 0 -0 -0 -0 0.056337 0.0017203 0.0097313 0 0
-0 -0 -0 0.081785 0 0 0 0 -0 -0 -0 0.080555 0.0024598 0.013915 0 0
0 0 0 0.055416 0 0 0 0 -0 -0 -0 0.054582 0.0016667 0.0094282 0 0
0 0 0 0.055964 0 0 0 0 -0 -0 -0 0.055122 0.0016832 0.0095215 0 0
0 0 0 0.13437 0 0 0 0 -0 -0 -0 0.13235 0.0040415 0.022861 0 0
0 0 0 0.19682 0 0 0 0 -0 -0 -0 0.19386 0.0059197 0.033486 0 0
-0 -0 -0 0.04582 0 0 0 0 -0 -0 -0 0.045131 0.0013781 0.0077956 0 0
0 0 0 0.16548 0 0 0 0 -0 -0 -0 0.16299 0.004977 0.028153 0 0
0 0 0 0.058272 0 0 0 0 -0 -0 -0 0.057396 0.0017527 0.0099142 0 0
-0 -0 -0 0.1897 0 0 0 0 -0 -0 -0 0.18685 0.0057056 0.032275 0 0
0 0 0 0.080823 0 0 0 0 -0 -0 -0 0.079608 0.0024309 0.013751 0 0
-0 -0 -0 0.083616 0 0 0 0 -0 -0 -0 0.082358 0.0025149 0.014226 0 0
-0 -0 -0 0.19507 0 0 0 0 -0 -0 -0 0.19214 0.0058672 0.033189 0 0
-0 -0 -0 0.14696 0 0 0 0 -0 -0 -0 0.14475 0.0044201 0.025003 0 0
-0 -0 -0 0.12241 0 0 0 0 -0 -0 -0 0.12057 0.0036817 0.020826 0 0
0 0 0 0.15716 0 0 0 0 -0 -0 -0 0.15479 0.0047268 0.026738 0 0
-0 -0 -0 0.19718 0 0 0 0 -0 -0 -0 0.19421 0.0059305 0.033547 0 0
-0 -0 -0 0.11424 0 0 0 0 -0 -0 -0 0.11252 0.0034361 0.019437 0 0
-0 -0 -0 0.0080886 0 0 0 0 -0 -0 -0 0.0079669 0.00024328 0.0013762 0 0
-0 -0 -0 0.046808 0 0 0 0 -0 -0 -0 0.046104 0.0014078 0.0079637 0 0
0 0 0 0.026491 0 0 0 0 -0 -0 -0 0.026093 0.00079678 0.0045071 0 0
0 0 0 0.15409 0 0 0 0 -0 -0 -0 0.15177 0.0046346 0.026216 0 0
-0 -0 -0 0.18701 0 0 0 0 -0 -0 -0 0.1842 0.0056247 0.031817 0 0
0 0 0 0.034008 0 0 0 0 -0 -0 -0 0.033496 0.0010229 0.005786 0 0
-0 -0 -0 0.096318 0 0 0 0 -0 -0 -0 0.094869 0.002897 0.016387 0 0
0 0 0 0.030653 0 0 0 0 -0 -0 -0 0.030192 0.00092196 0.0052152 0 0
0 0 0 0.19991 0 0 0 0 -0 -0 -0 0.19691 0.0060128 0.034012 0 0
0 0 0 0.041011 0 0 0 0 -0 -0 -0 0.040394 0.0012335 0.0069774 0 0
-0 -0 -0 0.044564 0 0 0 0 -0 -0 -0 0.043894 0.0013403 0.0075819 0 0
0 0 0 0.18329 0 0 0 0 -0 -0 -0 0.18053 0.0055127 0.031183 0 0
0 0 0 0.10961 0 0 0 0 -0 -0 -0 0.10796 0.0032966 0.018648 0 0
0 0 0 0.08657 0 0 0 0 -0 -0 -0 0.085268 0.0026038 0.014729 0 0
-0 -0 -0 0.018161 0 0 0 0 -0 -0 -0 0.017887 0.00054622 0.0030898 0 0
0 0 0 0.16593 0 0 0 0 -0 -0 -0 0.16343 0.0049906 0.02823 0 0
-0 -0 -0 0.16795 0 0 0 0 -0 -0 -0 0.16543 0.0050516 0.028575 0 0
-0 -0 -0 0.057379 0 0 0 0 -0 -0 -0 0.056516 0.0017258 0.0097622 0 0
-0 -0 -0 0.030599 0 0 0 0 -0 -0 -0 0.030139 0.00092033 0.005206 0 0
-0 -0 -0 0.039545 0 0 0 0 -0 -0 -0 0.038951 0.0011894 0.0067281 0 0
0 0 0 0.020671 0 0 0 0 -0 -0 -0 0.02036 0.00062171 0.0035168 0 0
0 0 0 0.096326 0 0 0 0 -0 -0 -0 0.094877 0.0028972 0.016389 0 0
0 0 0 0.19478 0 0 0 0 -0 -0 -0 0.19185 0.0058584 0.033139 0 0
-0 -0 -0 0.15834 0 0 0 0 -0 -0 -0 0.15596 0.0047624 0.026939 0 0
-0 -0 -0 0.10503 0 0 0 0 -0 -0 -0 0.10345 0.0031589 0.017869 0 0
0 0 0 0.079244 0 0 0 0 -0 -0 -0 0.078052 0.0023834 0.013482 0 0
0 0 0 0.066222 0 0 0 0 -0 -0 -0 0.065226 0.0019918 0.011267 0 0
0 0 0 0.021629 0 0 0 0 -0 -0 -0 0.021303 0.00065052 0.0036798 0 0
0 0 0 0.15537 0 0 0 0 -0 -0 -0 0.15303 0.0046731 0.026434 0 0
-0 -0 -0 0.05196 0 0 0 0 -0 -0 -0 0.051178 0.0015628 0.0088402 0 0
-0 -0 -0 0.042999 0 0 0 0 -0 -0 -0 0.042353 0.0012933 0.0073157 0 0
0 0 0 0.17093 0 0 0 0 -0 -0 -0 0.16836 0.0051411 0.029081 0 0
0 0 0 0.096288 0 0 0 0 -0 -0 -0 0.09484 0.0028961 0.016382 0 0
-0 -0 -0 0.058202 0 0 0 0 -0 -0 -0 0.057327 0.0017505 0.0099023 0 0
0 0 0 0.05187 0 0 0 0 -0 -0 -0 0.05109 0.0015601 0.0088249 0 0
-0 -0 -0 0.1283 0 0 0 0 -0 -0 -0 0.12637 0.0038588 0.021828 0 0
-0 -0 -0 0.0051121 0 0 0 0 -0 -0 -0 0.0050352 0.00015376 0.00086976 0 0
-0 -0 -0 0.15443 0 0 0 0 -0 -0 -0 0.15211 0.0046448 0.026274 0 0
-0 -0 -0 0.089905 0 0 0 0 -0 -0 -0 0.088553 0.0027041 0.015296 0 0
-0 -0 -0 0.079747 0 0 0 0 -0 -0 -0 0.078548 0.0023986 0.013568 0 0
-0 -0 -0 0.12115 0 0 0 0 -0 -0 -0 0.11933 0.003644 0.020613 0 0
