0 0 0.26987 0 0 0 0 0 0 0 0 0 0 -0.02891 0.097993 0.24979 -0.01966 0.029489 -0.013844 0 0
0 0 0.23954 0 0 0 0 0 0 0 0 0 0 -0.02566 0.086979 0.22171 -0.017025 0.026454 -0.012348 0 0
0 0 0.26865 0 0 0 0 0 0 0 0 0 0 -0.028778 0.097547 0.24865 -0.019552 0.029368 -0.013784 0 0
0 0 0.080071 0 0 0 0 0 0 0 0 0 0 -0.0085774 0.029074 0.074112 -0.0049118 0.0092891 -0.0042126 0 0
-0 -0 -0.32834 0 0 0 0 0 0 0 0 0 0 0.035172 -0.11922 -0.3039 0.011254 -0.04128 0.017497 0 0
0 0 0.32996 0 0 0 0 0 0 0 0 0 0 -0.035346 0.11981 0.3054 -0.025176 0.035263 -0.016748 0 0
0 0 0.30162 0 0 0 0 0 0 0 0 0 0 -0.03231 0.10952 0.27917 -0.022526 0.03258 -0.015389 0 0
-0 -0 -0.04513 0 0 0 0 0 0 0 0 0 0 0.0048345 -0.016387 -0.041771 0.0024063 -0.0054025 0.0023979 0 0
-0 -0 -0.2685 0 0 0 0 0 0 0 0 0 0 0.028763 -0.097495 -0.24852 0.010304 -0.033491 0.014331 0 0
-0 -0 -0.18475 0 0 0 0 0 0 0 0 0 0 0.019791 -0.067083 -0.171 0.0081394 -0.022741 0.0098634 0 0
0 0 0.19951 0 0 0 0 0 0 0 0 0 0 -0.021372 0.072442 0.18466 -0.013704 0.022329 -0.010346 0 0
0 0 0.3308 0 0 0 0 0 0 0 0 0 0 -0.035436 0.12011 0.30618 -0.025255 0.035341 -0.016787 0 0
-0 -0 -0.22402 0 0 0 0 0 0 0 0 0 0 0.023997 -0.081341 -0.20734 0.009275 -0.027755 0.011962 0 0
0 0 0.34186 0 0 0 0 0 0 0 0 0 0 -0.03662 0.12413 0.31641 -0.026313 0.036367 -0.017312 0 0
-0 -0 -0.084776 0 0 0 0 0 0 0 0 0 0 0.0090814 -0.030783 -0.078466 0.0042998 -0.010237 0.0045136 0 0
-0 -0 -0.15962 0 0 0 0 0 0 0 0 0 0 0.017098 -0.057957 -0.14774 0.0073016 -0.01956 0.0085185 0 0
-0 -0 -0.082527 0 0 0 0 0 0 0 0 0 0 0.0088405 -0.029966 -0.076384 0.004198 -0.0099605 0.0043934 0 0
0 0 0.18291 0 0 0 0 0 0 0 0 0 0 -0.019594 0.066417 0.1693 -0.012381 0.020582 -0.0095073 0 0
0 0 0.14135 0 0 0 0 0 0 0 0 0 0 -0.015142 0.051325 0.13083 -0.0092092 0.016111 -0.0073863 0 0
-0 -0 -0.21003 0 0 0 0 0 0 0 0 0 0 0.022499 -0.076263 -0.1944 0.0088948 -0.025964 0.011215 0 0
0 0 0.34236 0 0 0 0 0 0 0 0 0 0 -0.036674 0.12431 0.31688 -0.026361 0.036413 -0.017336 0 0
-0 -0 -0.091574 0 0 0 0 0 0 0 0 0 0 0.0098096 -0.033251 -0.084758 0.0046036 -0.011073 0.004877 0 0
0 0 0.14865 0 0 0 0 0 0 0 0 0 0 -0.015924 0.053977 0.13759 -0.0097517 0.016906 -0.0077609 0 0
0 0 0.027427 0 0 0 0 0 0 0 0 0 0 -0.002938 0.0099587 0.025385 -0.0015909 0.0032265 -0.0014499 0 0
-0 -0 -0.32686 0 0 0 0 0 0 0 0 0 0 0.035014 -0.11868 -0.30253 0.011236 -0.041087 0.017419 0 0
0 0 0.11993 0 0 0 0 0 0 0 0 0 0 -0.012847 0.043548 0.111 -0.0076552 0.013757 -0.0062828 0 0
-0 -0 -0.19708 0 0 0 0 0 0 0 0 0 0 0.021111 -0.07156 -0.18241 0.0085188 -0.02431 0.010523 0 0
0 0 0.27425 0 0 0 0 0 0 0 0 0 0 -0.029379 0.099583 0.25384 -0.020049 0.029921 -0.014059 0 0
-0 -0 -0.315 0 0 0 0 0 0 0 0 0 0 0.033744 -0.11438 -0.29156 0.011085 -0.039538 0.016794 0 0
-0 -0 -0.2588 0 0 0 0 0 0 0 0 0 0 0.027723 -0.093971 -0.23954 0.010103 -0.032235 0.013815 0 0
0 0 0.25995 0 0 0 0 0 0 0 0 0 0 -0.027847 0.094391 0.24061 -0.018787 0.028505 -0.013357 0 0
0 0 0.28795 0 0 0 0 0 0 0 0 0 0 -0.030846 0.10456 0.26652 -0.021279 0.031261 -0.014727 0 0
-0 -0 -0.0078865 0 0 0 0 0 0 0 0 0 0 0.00084483 -0.0028636 -0.0072996 0.00043958 -0.00093593 0.00041804 0 0
-0 -0 -0.12531 0 0 0 0 0 0 0 0 0 0 0.013424 -0.045502 -0.11599 0.0060195 -0.015257 0.0066821 0 0
0 0 0.24871 0 0 0 0 0 0 0 0 0 0 -0.026643 0.090309 0.2302 -0.017811 0.02738 -0.012803 0 0
0 0 0.23994 0 0 0 0 0 0 0 0 0 0 -0.025703 0.087122 0.22208 -0.017058 0.026494 -0.012368 0 0
-0 -0 -0.21212 0 0 0 0 0 0 0 0 0 0 0.022723 -0.077022 -0.19633 0.0089534 -0.026231 0.011327 0 0
-0 -0 -0.19198 0 0 0 0 0 0 0 0 0 0 0.020566 -0.06971 -0.17769 0.0083646 -0.023661 0.01025 0 0
-0 -0 -0.25302 0 0 0 0 0 0 0 0 0 0 0.027104 -0.091872 -0.23418 0.009977 -0.031489 0.013508 0 0
-0 -0 -0.040669 0 0 0 0 0 0 0 0 0 0 0.0043566 -0.014767 -0.037642 0.0021803 -0.0048636 0.0021603 0 0
-0 -0 -0.17248 0 0 0 0 0 0 0 0 0 0 0.018476 -0.062627 -0.15964 0.0077411 -0.021185 0.0092069 0 0
0 0 0.017585 0 0 0 0 0 0 0 0 0 0 -0.0018837 0.0063851 0.016276 -0.001009 0.0020738 -0.00093035 0 0
0 0 0.27772 0 0 0 0 0 0 0 0 0 0 -0.02975 0.10084 0.25705 -0.020359 0.030262 -0.014228 0 0
-0 -0 -0.23137 0 0 0 0 0 0 0 0 0 0 0.024785 -0.084011 -0.21415 0.009464 -0.0287 0.012354 0 0
0 0 0.21613 0 0 0 0 0 0 0 0 0 0 -0.023153 0.078478 0.20004 -0.01506 0.024058 -0.011181 0 0
-0 -0 -0.17552 0 0 0 0 0 0 0 0 0 0 0.018802 -0.063731 -0.16245 0.0078417 -0.02157 0.0093696 0 0
0 0 0.030012 0 0 0 0 0 0 0 0 0 0 -0.0032149 0.010897 0.027778 -0.0017458 0.0035283 -0.0015862 0 0
0 0 0.14229 0 0 0 0 0 0 0 0 0 0 -0.015242 0.051666 0.1317 -0.0092786 0.016213 -0.0074345 0 0
0 0 0.20342 0 0 0 0 0 0 0 0 0 0 -0.021791 0.073863 0.18828 -0.01402 0.022738 -0.010543 0 0
-0 -0 -0.050342 0 0 0 0 0 0 0 0 0 0 0.0053927 -0.018279 -0.046595 0.0026671 -0.0060334 0.0026756 0 0
-0 -0 -0.2981 0 0 0 0 0 0 0 0 0 0 0.031933 -0.10824 -0.27591 0.010836 -0.037335 0.015901 0 0
-0 -0 -0.12507 0 0 0 0 0 0 0 0 0 0 0.013398 -0.045414 -0.11576 0.0060099 -0.015227 0.0066691 0 0
0 0 0.21782 0 0 0 0 0 0 0 0 0 0 -0.023333 0.07909 0.2016 -0.0152 0.024232 -0.011265 0 0
-0 -0 -0.11175 0 0 0 0 0 0 0 0 0 0 0.01197 -0.040575 -0.10343 0.0054684 -0.013568 0.0059559 0 0
0 0 0.20528 0 0 0 0 0 0 0 0 0 0 -0.02199 0.074537 0.19 -0.014171 0.022932 -0.010636 0 0
-0 -0 -0.3075 0 0 0 0 0 0 0 0 0 0 0.03294 -0.11165 -0.28461 0.01098 -0.038559 0.016398 0 0
-0 -0 -0.0024779 0 0 0 0 0 0 0 0 0 0 0.00026544 -0.00089974 -0.0022935 0.00013898 -0.00029368 0.0001313 0 0
-0 -0 -0.297 0 0 0 0 0 0 0 0 0 0 0.031815 -0.10784 -0.27489 0.010819 -0.037191 0.015842 0 0
0 0 0.065534 0 0 0 0 0 0 0 0 0 0 -0.0070201 0.023796 0.060656 -0.00396 0.0076328 -0.0034527 0 0
-0 -0 -0.20935 0 0 0 0 0 0 0 0 0 0 0.022426 -0.076015 -0.19377 0.0088756 -0.025876 0.011179 0 0
0 0 0.048894 0 0 0 0 0 0 0 0 0 0 -0.0052376 0.017754 0.045255 -0.002903 0.00572 -0.00258 0 0
-0 -0 -0.30751 0 0 0 0 0 0 0 0 0 0 0.032941 -0.11166 -0.28462 0.01098 -0.038561 0.016398 0 0
-0 -0 -0.17512 0 0 0 0 0 0 0 0 0 0 0.018759 -0.063586 -0.16208 0.0078286 -0.021519 0.0093482 0 0
0 0 0.089857 0 0 0 0 0 0 0 0 0 0 -0.0096257 0.032627 0.083169 -0.0055672 0.010396 -0.0047228 0 0
-0 -0 -0.055641 0 0 0 0 0 0 0 0 0 0 0.0059603 -0.020203 -0.051499 0.0029285 -0.0066764 0.0029581 0 0
-0 -0 -0.084676 0 0 0 0 0 0 0 0 0 0 0.0090707 -0.030746 -0.078373 0.0042953 -0.010224 0.0045082 0 0
0 0 0.01182 0 0 0 0 0 0 0 0 0 0 -0.0012661 0.0042918 0.01094 -0.0006738 0.0013959 -0.00062562 0 0
-0 -0 -0.27199 0 0 0 0 0 0 0 0 0 0 0.029137 -0.098763 -0.25175 0.010373 -0.033944 0.014517 0 0
-0 -0 -0.23711 0 0 0 0 0 0 0 0 0 0 0.0254 -0.086097 -0.21947 0.0096065 -0.029438 0.012661 0 0
0 0 0.24809 0 0 0 0 0 0 0 0 0 0 -0.026576 0.090083 0.22963 -0.017757 0.027318 -0.012772 0 0
-0 -0 -0.32397 0 0 0 0 0 0 0 0 0 0 0.034704 -0.11763 -0.29986 0.011201 -0.040709 0.017267 0 0
-0 -0 -0.029185 0 0 0 0 0 0 0 0 0 0 0.0031264 -0.010597 -0.027013 0.0015864 -0.003481 0.0015492 0 0
0 0 0.22678 0 0 0 0 0 0 0 0 0 0 -0.024293 0.082346 0.2099 -0.015946 0.025154 -0.011714 0 0
-0 -0 -0.090215 0 0 0 0 0 0 0 0 0 0 0.009664 -0.032757 -0.0835 0.0045433 -0.010906 0.0048043 0 0
-0 -0 -0.30399 0 0 0 0 0 0 0 0 0 0 0.032564 -0.11038 -0.28137 0.010928 -0.038102 0.016212 0 0
-0 -0 -0.09743 0 0 0 0 0 0 0 0 0 0 0.010437 -0.035378 -0.090179 0.0048603 -0.011796 0.0051901 0 0
-0 -0 -0.12279 0 0 0 0 0 0 0 0 0 0 0.013153 -0.044585 -0.11365 0.0059188 -0.014942 0.0065468 0 0
-0 -0 -0.16653 0 0 0 0 0 0 0 0 0 0 0.017839 -0.060468 -0.15414 0.0075408 -0.020433 0.0088887 0 0
0 0 0.080149 0 0 0 0 0 0 0 0 0 0 -0.0085858 0.029103 0.074184 -0.004917 0.009298 -0.0042167 0 0
-0 -0 -0.31619 0 0 0 0 0 0 0 0 0 0 0.033871 -0.11481 -0.29265 0.011101 -0.039693 0.016856 0 0
0 0 0.044382 0 0 0 0 0 0 0 0 0 0 -0.0047543 0.016115 0.041079 -0.0026224 0.0051983 -0.0023428 0 0
-0 -0 -0.17926 0 0 0 0 0 0 0 0 0 0 0.019203 -0.065092 -0.16592 0.007964 -0.022045 0.0095701 0 0
-0 -0 -0.17127 0 0 0 0 0 0 0 0 0 0 0.018347 -0.062189 -0.15852 0.0077009 -0.021032 0.0091423 0 0
0 0 0.2606 0 0 0 0 0 0 0 0 0 0 -0.027916 0.094624 0.2412 -0.018843 0.02857 -0.013389 0 0
-0 -0 -0.31921 0 0 0 0 0 0 0 0 0 0 0.034195 -0.11591 -0.29545 0.011141 -0.040088 0.017016 0 0
-0 -0 -0.02939 0 0 0 0 0 0 0 0 0 0 0.0031483 -0.010672 -0.027202 0.0015972 -0.0035055 0.0015601 0 0
-0 -0 -0.23873 0 0 0 0 0 0 0 0 0 0 0.025573 -0.086682 -0.22096 0.0096456 -0.029646 0.012747 0 0
0 0 0.30773 0 0 0 0 0 0 0 0 0 0 -0.032964 0.11174 0.28482 -0.02309 0.033165 -0.015683 0 0
-0 -0 -0.031339 0 0 0 0 0 0 0 0 0 0 0.0033571 -0.011379 -0.029007 0.0016991 -0.0037398 0.0016638 0 0
0 0 0.21347 0 0 0 0 0 0 0 0 0 0 -0.022868 0.077513 0.19758 -0.014841 0.023783 -0.011048 0 0
0 0 0.23488 0 0 0 0 0 0 0 0 0 0 -0.02516 0.085285 0.21739 -0.016628 0.02598 -0.012117 0 0
0 0 0.27659 0 0 0 0 0 0 0 0 0 0 -0.029629 0.10043 0.25601 -0.020258 0.030151 -0.014173 0 0
0 0 0.24575 0 0 0 0 0 0 0 0 0 0 -0.026325 0.089233 0.22746 -0.017556 0.027082 -0.012656 0 0
0 0 0.19614 0 0 0 0 0 0 0 0 0 0 -0.021011 0.07122 0.18154 -0.013433 0.021977 -0.010176 0 0
0 0 0.27137 0 0 0 0 0 0 0 0 0 0 -0.029069 0.098535 0.25117 -0.019793 0.029637 -0.013917 0 0
-0 -0 -0.11371 0 0 0 0 0 0 0 0 0 0 0.012181 -0.04129 -0.10525 0.00555 -0.013813 0.0060613 0 0
0 0 0.34541 0 0 0 0 0 0 0 0 0 0 -0.037001 0.12542 0.3197 -0.026656 0.036694 -0.01748 0 0
-0 -0 -0.17747 0 0 0 0 0 0 0 0 0 0 0.019011 -0.064441 -0.16426 0.0079057 -0.021818 0.0094741 0 0
0 0 0.095311 0 0 0 0 0 0 0 0 0 0 -0.01021 0.034608 0.088217 -0.0059377 0.01101 -0.0050066 0 0
-0 -0 -0.22435 0 0 0 0 0 0 0 0 0 0 0.024032 -0.081461 -0.20765 0.0092836 -0.027798 0.01198 0 0
