-0 -0 -0.23962 0 0 0 0 0 0 0 0 0 0 0.017781 -0.088388 -0.22201 -0.0053123 -0.024478 0.0093201 0 0
0 0 0.058482 0 0 0 0 0 0 0 0 0 0 -0.0043397 0.021572 0.054184 0.00033634 0.006075 -0.0023917 0 0
0 0 0.23315 0 0 0 0 0 0 0 0 0 0 -0.017302 0.086004 0.21602 -0.00092638 0.024123 -0.0096782 0 0
0 0 0.22909 0 0 0 0 0 0 0 0 0 0 -0.017 0.084504 0.21225 -0.0008585 0.023707 -0.0095072 0 0
0 0 0.011554 0 0 0 0 0 0 0 0 0 0 -0.00085737 0.0042619 0.010705 9.6621e-05 0.0011994 -0.00046978 0 0
0 0 0.24131 0 0 0 0 0 0 0 0 0 0 -0.017906 0.089011 0.22357 -0.001068 0.024956 -0.010021 0 0
-0 -0 -0.12046 0 0 0 0 0 0 0 0 0 0 0.0089387 -0.044433 -0.11161 -0.0018874 -0.012433 0.0047986 0 0
-0 -0 -0.025351 0 0 0 0 0 0 0 0 0 0 0.0018812 -0.0093511 -0.023488 -0.00026396 -0.002629 0.0010255 0 0
0 0 0.05466 0 0 0 0 0 0 0 0 0 0 -0.0040561 0.020163 0.050644 0.00032599 0.0056779 -0.0022344 0 0
0 0 0.11062 0 0 0 0 0 0 0 0 0 0 -0.0082086 0.040804 0.10249 0.00031484 0.011489 -0.0045491 0 0
-0 -0 -0.15107 0 0 0 0 0 0 0 0 0 0 0.01121 -0.055725 -0.13997 -0.0026209 -0.015558 0.0059841 0 0
-0 -0 -0.01896 0 0 0 0 0 0 0 0 0 0 0.0014069 -0.0069937 -0.017566 -0.00019069 -0.0019666 0.00076769 0 0
-0 -0 -0.14298 0 0 0 0 0 0 0 0 0 0 0.01061 -0.05274 -0.13247 -0.0024171 -0.014734 0.0056723 0 0
-0 -0 -0.047767 0 0 0 0 0 0 0 0 0 0 0.0035446 -0.01762 -0.044257 -0.00055673 -0.0049494 0.0019259 0 0
-0 -0 -0.33054 0 0 0 0 0 0 0 0 0 0 0.024528 -0.12193 -0.30625 -0.0089385 -0.033395 0.012579 0 0
0 0 0.24769 0 0 0 0 0 0 0 0 0 0 -0.01838 0.091367 0.22949 -0.0011839 0.025607 -0.01029 0 0
-0 -0 -0.33526 0 0 0 0 0 0 0 0 0 0 0.024879 -0.12367 -0.31063 -0.0091502 -0.03385 0.012744 0 0
0 0 0.16328 0 0 0 0 0 0 0 0 0 0 -0.012116 0.060228 0.15128 -1.4282e-05 0.016941 -0.0067458 0 0
0 0 0.076856 0 0 0 0 0 0 0 0 0 0 -0.0057032 0.02835 0.071208 0.00036334 0.0079842 -0.0031496 0 0
0 0 0.24809 0 0 0 0 0 0 0 0 0 0 -0.01841 0.091512 0.22986 -0.0011913 0.025647 -0.010306 0 0
0 0 0.059389 0 0 0 0 0 0 0 0 0 0 -0.004407 0.021907 0.055024 0.00033855 0.0061693 -0.002429 0 0
-0 -0 -0.31277 0 0 0 0 0 0 0 0 0 0 0.02321 -0.11537 -0.28979 -0.0081625 -0.031675 0.011957 0 0
0 0 0.1705 0 0 0 0 0 0 0 0 0 0 -0.012652 0.062892 0.15797 -8.3487e-05 0.017687 -0.0070482 0 0
-0 -0 -0.27268 0 0 0 0 0 0 0 0 0 0 0.020234 -0.10058 -0.25264 -0.006531 -0.027753 0.010526 0 0
-0 -0 -0.085677 0 0 0 0 0 0 0 0 0 0 0.0063577 -0.031604 -0.079381 -0.0011782 -0.0088613 0.0034336 0 0
-0 -0 -0.051133 0 0 0 0 0 0 0 0 0 0 0.0037944 -0.018861 -0.047375 -0.00060549 -0.0052974 0.0020605 0 0
0 0 0.32553 0 0 0 0 0 0 0 0 0 0 -0.024156 0.12008 0.3016 -0.0029565 0.03347 -0.013562 0 0
0 0 0.11937 0 0 0 0 0 0 0 0 0 0 -0.008858 0.044032 0.1106 0.00028154 0.012397 -0.0049131 0 0
-0 -0 -0.17374 0 0 0 0 0 0 0 0 0 0 0.012893 -0.064089 -0.16098 -0.0032298 -0.017861 0.0068522 0 0
-0 -0 -0.050513 0 0 0 0 0 0 0 0 0 0 0.0037484 -0.018633 -0.046801 -0.00059642 -0.0052333 0.0020358 0 0
0 0 0.24393 0 0 0 0 0 0 0 0 0 0 -0.018101 0.08998 0.22601 -0.0011151 0.025224 -0.010132 0 0
0 0 0.00095247 0 0 0 0 0 0 0 0 0 0 -7.0679e-05 0.00035134 0.00088248 8.5265e-06 9.8852e-05 -3.8673e-05 0 0
0 0 0.23528 0 0 0 0 0 0 0 0 0 0 -0.017459 0.086789 0.21799 -0.00096261 0.02434 -0.0097676 0 0
-0 -0 -0.20043 0 0 0 0 0 0 0 0 0 0 0.014873 -0.073931 -0.1857 -0.0040174 -0.020555 0.0078618 0 0
-0 -0 -0.19981 0 0 0 0 0 0 0 0 0 0 0.014827 -0.073703 -0.18512 -0.0039983 -0.020493 0.0078385 0 0
-0 -0 -0.0098507 0 0 0 0 0 0 0 0 0 0 0.00073098 -0.0036336 -0.0091268 -9.4095e-05 -0.0010221 0.00039937 0 0
-0 -0 -0.011203 0 0 0 0 0 0 0 0 0 0 0.00083133 -0.0041325 -0.01038 -0.00010785 -0.0011623 0.00045411 0 0
0 0 0.22666 0 0 0 0 0 0 0 0 0 0 -0.01682 0.083609 0.21001 -0.0008189 0.023459 -0.0094053 0 0
0 0 0.28919 0 0 0 0 0 0 0 0 0 0 -0.02146 0.10667 0.26794 -0.0020468 0.029818 -0.012035 0 0
0 0 0.26 0 0 0 0 0 0 0 0 0 0 -0.019294 0.095907 0.24089 -0.0014202 0.02686 -0.010807 0 0
-0 -0 -0.074991 0 0 0 0 0 0 0 0 0 0 0.0055648 -0.027662 -0.069481 -0.00098699 -0.0077605 0.0030106 0 0
-0 -0 -0.08039 0 0 0 0 0 0 0 0 0 0 0.0059654 -0.029654 -0.074483 -0.001082 -0.0083169 0.0032245 0 0
0 0 0.11223 0 0 0 0 0 0 0 0 0 0 -0.0083279 0.041397 0.10398 0.00030936 0.011656 -0.0046159 0 0
-0 -0 -0.3405 0 0 0 0 0 0 0 0 0 0 0.025267 -0.1256 -0.31548 -0.0093875 -0.034353 0.012925 0 0
-0 -0 -0.20069 0 0 0 0 0 0 0 0 0 0 0.014893 -0.07403 -0.18595 -0.0040257 -0.020582 0.0078718 0 0
0 0 0.013792 0 0 0 0 0 0 0 0 0 0 -0.0010234 0.0050873 0.012778 0.00011362 0.0014318 -0.00056093 0 0
0 0 0.2752 0 0 0 0 0 0 0 0 0 0 -0.020422 0.10151 0.25498 -0.0017348 0.028402 -0.011447 0 0
0 0 0.15314 0 0 0 0 0 0 0 0 0 0 -0.011364 0.05649 0.14189 7.3022e-05 0.015894 -0.006322 0 0
0 0 0.20342 0 0 0 0 0 0 0 0 0 0 -0.015095 0.075035 0.18847 -0.00047218 0.021076 -0.0084287 0 0
-0 -0 -0.0090793 0 0 0 0 0 0 0 0 0 0 0.00067374 -0.0033491 -0.0084121 -8.6337e-05 -0.00094204 0.00036814 0 0
0 0 0.31944 0 0 0 0 0 0 0 0 0 0 -0.023704 0.11783 0.29597 -0.0027941 0.032861 -0.013307 0 0
0 0 0.2089 0 0 0 0 0 0 0 0 0 0 -0.015502 0.077057 0.19355 -0.00054856 0.021639 -0.0086589 0 0
-0 -0 -0.068302 0 0 0 0 0 0 0 0 0 0 0.0050684 -0.025195 -0.063283 -0.0008737 -0.0070706 0.002745 0 0
-0 -0 -0.04506 0 0 0 0 0 0 0 0 0 0 0.0033438 -0.016621 -0.041749 -0.00051843 -0.0046695 0.0018175 0 0
0 0 0.13074 0 0 0 0 0 0 0 0 0 0 -0.009702 0.048228 0.12114 0.0002255 0.013576 -0.0053868 0 0
-0 -0 -0.049565 0 0 0 0 0 0 0 0 0 0 0.003678 -0.018283 -0.045923 -0.00058263 -0.0051353 0.0019979 0 0
-0 -0 -0.22417 0 0 0 0 0 0 0 0 0 0 0.016634 -0.082688 -0.20769 -0.0047822 -0.022937 0.0087487 0 0
-0 -0 -0.1636 0 0 0 0 0 0 0 0 0 0 0.01214 -0.060346 -0.15157 -0.0029504 -0.016832 0.0064648 0 0
0 0 0.096723 0 0 0 0 0 0 0 0 0 0 -0.0071774 0.035678 0.089615 0.00035019 0.010047 -0.0039721 0 0
-0 -0 -0.046169 0 0 0 0 0 0 0 0 0 0 0.003426 -0.017031 -0.042777 -0.00053403 -0.0047842 0.0018619 0 0
-0 -0 -0.16036 0 0 0 0 0 0 0 0 0 0 0.0119 -0.059154 -0.14858 -0.0028638 -0.016503 0.0063411 0 0
-0 -0 -0.22715 0 0 0 0 0 0 0 0 0 0 0.016856 -0.083788 -0.21046 -0.0048826 -0.023235 0.0088594 0 0
-0 -0 -0.34541 0 0 0 0 0 0 0 0 0 0 0.025632 -0.12741 -0.32003 -0.0096128 -0.034824 0.013095 0 0
-0 -0 -0.22859 0 0 0 0 0 0 0 0 0 0 0.016963 -0.084319 -0.21179 -0.0049313 -0.023379 0.0089127 0 0
-0 -0 -0.3007 0 0 0 0 0 0 0 0 0 0 0.022314 -0.11092 -0.27861 -0.0076538 -0.0305 0.01153 0 0
0 0 0.16076 0 0 0 0 0 0 0 0 0 0 -0.011929 0.059299 0.14895 8.4784e-06 0.016681 -0.0066404 0 0
-0 -0 -0.060147 0 0 0 0 0 0 0 0 0 0 0.0044632 -0.022186 -0.055727 -0.00074224 -0.0062288 0.0024204 0 0
-0 -0 -0.052955 0 0 0 0 0 0 0 0 0 0 0.0039296 -0.019534 -0.049064 -0.00063242 -0.0054858 0.0021334 0 0
0 0 0.14428 0 0 0 0 0 0 0 0 0 0 -0.010707 0.053222 0.13368 0.00014001 0.014978 -0.0059518 0 0
-0 -0 -0.012982 0 0 0 0 0 0 0 0 0 0 0.00096331 -0.0047885 -0.012028 -0.00012626 -0.0013468 0.00052607 0 0
0 0 0.20954 0 0 0 0 0 0 0 0 0 0 -0.015549 0.077294 0.19414 -0.00055773 0.021705 -0.0086859 0 0
-0 -0 -0.12104 0 0 0 0 0 0 0 0 0 0 0.008982 -0.044648 -0.11215 -0.0019004 -0.012492 0.0048213 0 0
-0 -0 -0.34726 0 0 0 0 0 0 0 0 0 0 0.025769 -0.12809 -0.32174 -0.0096982 -0.035002 0.013158 0 0
-0 -0 -0.019861 0 0 0 0 0 0 0 0 0 0 0.0014738 -0.0073263 -0.018402 -0.00020076 -0.0020601 0.0008041 0 0
-0 -0 -0.16613 0 0 0 0 0 0 0 0 0 0 0.012328 -0.06128 -0.15392 -0.0030191 -0.017089 0.0065616 0 0
-0 -0 -0.052712 0 0 0 0 0 0 0 0 0 0 0.0039115 -0.019444 -0.048838 -0.0006288 -0.0054606 0.0021237 0 0
-0 -0 -0.047281 0 0 0 0 0 0 0 0 0 0 0.0035085 -0.017441 -0.043807 -0.0005498 -0.0048992 0.0019065 0 0
0 0 0.1308 0 0 0 0 0 0 0 0 0 0 -0.009706 0.048248 0.12119 0.0002252 0.013581 -0.0053891 0 0
0 0 0.27497 0 0 0 0 0 0 0 0 0 0 -0.020404 0.10143 0.25476 -0.0017297 0.028379 -0.011437 0 0
0 0 0.28197 0 0 0 0 0 0 0 0 0 0 -0.020924 0.10401 0.26125 -0.0018831 0.029088 -0.011731 0 0
-0 -0 -0.27642 0 0 0 0 0 0 0 0 0 0 0.020512 -0.10196 -0.25611 -0.0066763 -0.028121 0.010661 0 0
0 0 0.26151 0 0 0 0 0 0 0 0 0 0 -0.019405 0.096462 0.24229 -0.0014502 0.027013 -0.010871 0 0
0 0 0.25318 0 0 0 0 0 0 0 0 0 0 -0.018788 0.093391 0.23458 -0.0012872 0.026166 -0.01052 0 0
-0 -0 -0.14897 0 0 0 0 0 0 0 0 0 0 0.011055 -0.054951 -0.13802 -0.0025674 -0.015344 0.0059034 0 0
0 0 0.2746 0 0 0 0 0 0 0 0 0 0 -0.020377 0.10129 0.25442 -0.0017219 0.028342 -0.011421 0 0
0 0 0.34892 0 0 0 0 0 0 0 0 0 0 -0.025892 0.12871 0.32328 -0.0036178 0.035803 -0.014544 0 0
-0 -0 -0.27436 0 0 0 0 0 0 0 0 0 0 0.020359 -0.1012 -0.2542 -0.0065961 -0.027919 0.010587 0 0
0 0 0.10287 0 0 0 0 0 0 0 0 0 0 -0.0076335 0.037945 0.09531 0.00033721 0.010685 -0.0042271 0 0
-0 -0 -0.31313 0 0 0 0 0 0 0 0 0 0 0.023236 -0.1155 -0.29012 -0.0081775 -0.031709 0.011969 0 0
-0 -0 -0.018235 0 0 0 0 0 0 0 0 0 0 0.0013532 -0.0067264 -0.016895 -0.00018267 -0.0018915 0.00073842 0 0
-0 -0 -0.2107 0 0 0 0 0 0 0 0 0 0 0.015635 -0.077721 -0.19522 -0.004341 -0.021588 0.008247 0 0
0 0 0.30664 0 0 0 0 0 0 0 0 0 0 -0.022755 0.11311 0.28411 -0.0024658 0.031576 -0.012769 0 0
0 0 0.29428 0 0 0 0 0 0 0 0 0 0 -0.021837 0.10855 0.27265 -0.0021655 0.030331 -0.012249 0 0
-0 -0 -0.13526 0 0 0 0 0 0 0 0 0 0 0.010037 -0.049893 -0.12532 -0.0022293 -0.013946 0.0053738 0 0
-0 -0 -0.32317 0 0 0 0 0 0 0 0 0 0 0.023981 -0.11921 -0.29942 -0.0086124 -0.032682 0.012322 0 0
-0 -0 -0.065158 0 0 0 0 0 0 0 0 0 0 0.0048351 -0.024035 -0.06037 -0.00082215 -0.0067462 0.00262 0 0
0 0 0.088076 0 0 0 0 0 0 0 0 0 0 -0.0065357 0.032488 0.081603 0.00036133 0.0091495 -0.0036137 0 0
-0 -0 -0.069388 0 0 0 0 0 0 0 0 0 0 0.005149 -0.025595 -0.064289 -0.00089175 -0.0071826 0.0027882 0 0
0 0 0.28199 0 0 0 0 0 0 0 0 0 0 -0.020925 0.10402 0.26126 -0.0018834 0.029089 -0.011732 0 0
0 0 0.18363 0 0 0 0 0 0 0 0 0 0 -0.013626 0.067734 0.17013 -0.00022406 0.01904 -0.0075982 0 0
