-0 -0 -0 0.16521 0 0 0 0 -0 -0 -0 0.16272 0.004969 0.028108 0 0
0 0 0 0.099099 0 0 0 0 -0 -0 -0 0.097608 0.0029806 0.01686 0 0
-0 -0 -0 0.15441 0 0 0 0 -0 -0 -0 0.15208 0.0046441 0.02627 0 0
-0 -0 -0 0.19351 0 0 0 0 -0 -0 -0 0.19059 0.0058201 0.032922 0 0
0 0 0 0.012147 0 0 0 0 -0 -0 -0 0.011964 0.00036534 0.0020666 0 0
0 0 0 0.12075 0 0 0 0 -0 -0 -0 0.11893 0.0036317 0.020544 0 0
0 0 0 0.006927 0 0 0 0 -0 -0 -0 0.0068229 0.00020835 0.0011785 0 0
0 0 0 0.19007 0 0 0 0 -0 -0 -0 0.18721 0.0057168 0.032338 0 0
0 0 0 0.15741 0 0 0 0 -0 -0 -0 0.15504 0.0047343 0.02678 0 0
0 0 0 0.18066 0 0 0 0 -0 -0 -0 0.17794 0.0054337 0.030737 0 0
0 0 0 0.083855 0 0 0 0 -0 -0 -0 0.082593 0.0025221 0.014267 0 0
0 0 0 0.089471 0 0 0 0 -0 -0 -0 0.088125 0.002691 0.015222 0 0
-0 -0 -0 0.023906 0 0 0 0 -0 -0 -0 0.023547 0.00071904 0.0040674 0 0
-0 -0 -0 0.042614 0 0 0 0 -0 -0 -0 0.041973 0.0012817 0.0072502 0 0
-0 -0 -0 0.13719 0 0 0 0 -0 -0 -0 0.13512 0.0041262 0.02334 0 0
-0 -0 -0 0.059476 0 0 0 0 -0 -0 -0 0.058582 0.0017889 0.010119 0 0
0 0 0 0.11271 0 0 0 0 -0 -0 -0 0.11101 0.0033899 0.019176 0 0
-0 -0 -0 0.017154 0 0 0 0 -0 -0 -0 0.016896 0.00051593 0.0029184 0 0
-0 -0 -0 0.049963 0 0 0 0 -0 -0 -0 0.049211 0.0015027 0.0085004 0 0
-0 -0 -0 0.036979 0 0 0 0 -0 -0 -0 0.036423 0.0011122 0.0062915 0 0
-0 -0 -0 0.17845 0 0 0 0 -0 -0 -0 0.17577 0.0053674 0.030361 0 0
0 0 0 0.085713 0 0 0 0 -0 -0 -0 0.084424 0.002578 0.014583 0 0
-0 -0 -0 0.095235 0 0 0 0 -0 -0 -0 0.093802 0.0028644 0.016203 0 0
-0 -0 -0 0.16035 0 0 0 0 -0 -0 -0 0.15794 0.004823 0.027282 0 0
-0 -0 -0 0.10586 0 0 0 0 -0 -0 -0 0.10427 0.0031839 0.01801 0 0
0 0 0 0.1563 0 0 0 0 -0 -0 -0 0.15395 0.0047009 0.026592 0 0
0 0 0 0.098125 0 0 0 0 -0 -0 -0 0.096649 0.0029513 0.016695 0 0
0 0 0 0.1508 0 0 0 0 -0 -0 -0 0.14853 0.0045355 0.025656 0 0
0 0 0 0.018001 0 0 0 0 -0 -0 -0 0.01773 0.00054142 0.0030626 0 0
0 0 0 0.10921 0 0 0 0 -0 -0 -0 0.10757 0.0032847 0.01858 0 0
0 0 0 0.082565 0 0 0 0 -0 -0 -0 0.081323 0.0024833 0.014047 0 0
-0 -0 -0 0.072825 0 0 0 0 -0 -0 -0 0.07173 0.0021904 0.01239 0 0
-0 -0 -0 0.036159 0 0 0 0 -0 -0 -0 0.035615 0.0010876 0.0061519 0 0
-0 -0 -0 0.0079634 0 0 0 0 -0 -0 -0 0.0078437 0.00023952 0.0013549 0 0
0 0 0 0.035713 0 0 0 0 -0 -0 -0 0.035176 0.0010741 0.006076 0 0
0 0 0 0.15572 0 0 0 0 -0 -0 -0 0.15338 0.0046836 0.026494 0 0
0 0 0 0.13427 0 0 0 0 -0 -0 -0 0.13225 0.0040383 0.022843 0 0
0 0 0 0.032325 0 0 0 0 -0 -0 -0 0.031839 0.00097223 0.0054996 0 0
-0 -0 -0 0.016579 0 0 0 0 -0 -0 -0 0.01633 0.00049866 0.0028207 0 0
0 0 0 0.1538 0 0 0 0 -0 -0 -0 0.15148 0.0046257 0.026166 0 0
-0 -0 -0 0.080117 0 0 0 0 -0 -0 -0 0.078912 0.0024097 0.013631 0 0
-0 -0 -0 0.0094245 0 0 0 0 -0 -0 -0 0.0092828 0.00028346 0.0016035 0 0
-0 -0 -0 0.14982 0 0 0 0 -0 -0 -0 0.14756 0.004506 0.025489 0 0
-0 -0 -0 0.022884 0 0 0 0 -0 -0 -0 0.02254 0.0006883 0.0038935 0 0
-0 -0 -0 0.11275 0 0 0 0 -0 -0 -0 0.11106 0.0033912 0.019183 0 0
-0 -0 -0 0.060735 0 0 0 0 -0 -0 -0 0.059822 0.0018267 0.010333 0 0
0 0 0 0.02022 0 0 0 0 -0 -0 -0 0.019916 0.00060816 0.0034402 0 0
-0 -0 -0 0.13805 0 0 0 0 -0 -0 -0 0.13597 0.004152 0.023487 0 0
-0 -0 -0 0.080784 0 0 0 0 -0 -0 -0 0.079569 0.0024297 0.013744 0 0
-0 -0 -0 0.057208 0 0 0 0 -0 -0 -0 0.056348 0.0017207 0.0097332 0 0
-0 -0 -0 0.15859 0 0 0 0 -0 -0 -0 0.15621 0.00477 0.026982 0 0
0 0 0 0.17495 0 0 0 0 -0 -0 -0 0.17232 0.0052621 0.029766 0 0
0 0 0 0.16086 0 0 0 0 -0 -0 -0 0.15844 0.0048382 0.027368 0 0
0 0 0 0.10746 0 0 0 0 -0 -0 -0 0.10584 0.003232 0.018282 0 0
-0 -0 -0 0.048929 0 0 0 0 -0 -0 -0 0.048193 0.0014716 0.0083246 0 0
-0 -0 -0 0.017097 0 0 0 0 -0 -0 -0 0.01684 0.00051423 0.0029088 0 0
-0 -0 -0 0.060241 0 0 0 0 -0 -0 -0 0.059335 0.0018119 0.010249 0 0
0 0 0 0.097449 0 0 0 0 -0 -0 -0 0.095983 0.002931 0.01658 0 0
-0 -0 -0 0.12301 0 0 0 0 -0 -0 -0 0.12116 0.0036997 0.020928 0 0
-0 -0 -0 0.065069 0 0 0 0 -0 -0 -0 0.06409 0.0019571 0.011071 0 0
-0 -0 -0 0.076527 0 0 0 0 -0 -0 -0 0.075377 0.0023017 0.01302 0 0
0 0 0 0.054027 0 0 0 0 -0 -0 -0 0.053215 0.001625 0.009192 0 0
-0 -0 -0 0.198 0 0 0 0 -0 -0 -0 0.19503 0.0059554 0.033688 0 0
-0 -0 -0 0.19776 0 0 0 0 -0 -0 -0 0.19478 0.005948 0.033646 0 0
0 0 0 0.13549 0 0 0 0 -0 -0 -0 0.13345 0.0040751 0.023051 0 0
-0 -0 -0 0.13999 0 0 0 0 -0 -0 -0 0.13789 0.0042106 0.023818 0 0
0 0 0 0.19601 0 0 0 0 -0 -0 -0 0.19306 0.0058955 0.033349 0 0
-0 -0 -0 0.065346 0 0 0 0 -0 -0 -0 0.064363 0.0019654 0.011118 0 0
-0 -0 -0 0.10029 0 0 0 0 -0 -0 -0 0.09878 0.0030164 0.017063 0 0
0 0 0 0.10042 0 0 0 0 -0 -0 -0 0.098907 0.0030202 0.017085 0 0
-0 -0 -0 0.072153 0 0 0 0 -0 -0 -0 0.071068 0.0021701 0.012276 0 0
-0 -0 -0 0.19296 0 0 0 0 -0 -0 -0 0.19006 0.0058037 0.03283 0 0
0 0 0 0.14057 0 0 0 0 -0 -0 -0 0.13846 0.004228 0.023917 0 0
0 0 0 0.083103 0 0 0 0 -0 -0 -0 0.081853 0.0024995 0.014139 0 0
-0 -0 -0 0.017863 0 0 0 0 -0 -0 -0 0.017595 0.00053727 0.0030392 0 0
-0 -0 -0 0.01945 0 0 0 0 -0 -0 -0 0.019157 0.00058499 0.0033091 0 0
-0 -0 -0 0.010107 0 0 0 0 -0 -0 -0 0.009955 0.00030399 0.0017196 0 0
0 0 0 0.14957 0 0 0 0 -0 -0 -0 0.14732 0.0044987 0.025447 0 0
0 0 0 0.059569 0 0 0 0 -0 -0 -0 0.058673 0.0017917 0.010135 0 0
-0 -0 -0 0.12375 0 0 0 0 -0 -0 -0 0.12189 0.0037222 0.021055 0 0
0 0 0 0.074066 0 0 0 0 -0 -0 -0 0.072952 0.0022277 0.012601 0 0
0 0 0 0.11537 0 0 0 0 -0 -0 -0 0.11364 0.00347 0.019629 0 0
-0 -0 -0 0.12296 0 0 0 0 -0 -0 -0 0.12111 0.0036982 0.02092 0 0
-0 -0 -0 0.15109 0 0 0 0 -0 -0 -0 0.14882 0.0045443 0.025706 0 0
-0 -0 -0 0.031418 0 0 0 0 -0 -0 -0 0.030946 0.00094496 0.0053453 0 0
0 0 0 0.17395 0 0 0 0 -0 -0 -0 0.17133 0.0052319 0.029595 0 0
0 0 0 0.010033 0 0 0 0 -0 -0 -0 0.0098823 0.00030177 0.001707 0 0
0 0 0 0.088162 0 0 0 0 -0 -0 -0 0.086836 0.0026517 0.015 0 0
-0 -0 -0 0.16466 0 0 0 0 -0 -0 -0 0.16218 0.0049524 0.028014 0 0
0 0 0 0.11005 0 0 0 0 -0 -0 -0 0.10839 0.0033099 0.018723 0 0
0 0 0 0.11808 0 0 0 0 -0 -0 -0 0.1163 0.0035514 0.020089 0 0
-0 -0 -0 0.052184 0 0 0 0 -0 -0 -0 0.0514 0.0015696 0.0088784 0 0
0 0 0 0.17723 0 0 0 0 -0 -0 -0 0.17457 0.0053307 0.030154 0 0
0 0 0 0.18129 0 0 0 0 -0 -0 -0 0.17856 0.0054527 0.030844 0 0
-0 -0 -0 0.18155 0 0 0 0 -0 -0 -0 0.17882 0.0054605 0.030888 0 0
-0 -0 -0 0.17653 0 0 0 0 -0 -0 -0 0.17388 0.0053096 0.030035 0 0
0 0 0 0.18631 0 0 0 0 -0 -0 -0 0.18351 0.0056038 0.031699 0 0
0 0 0 0.131 0 0 0 0 -0 -0 -0 0.12903 0.00394 0.022287 0 0
-0 -0 -0 0.0021456 0 0 0 0 -0 -0 -0 0.0021133 6.4533e-05 0.00036504 0 0
0 0 0 0.045881 0 0 0 0 -0 -0 -0 0.045191 0.00138 0.0078061 0 0
