0 0 0.32719 0 0 0 0 0 0 0 0 0 0 -0.055667 0.11133 0.30259 0 0 0 0 0
-0 -0 -0.0022718 0 0 0 0 0 0 0 0 0 0 0.00038651 -0.00077303 -0.002101 0 0 0 0 0
-0 -0 -0.0055474 0 0 0 0 0 0 0 0 0 0 0.00094382 -0.0018876 -0.0051303 0 0 0 0 0
-0 -0 -0.28629 0 0 0 0 0 0 0 0 0 0 0.048708 -0.097417 -0.26476 0 0 0 0 0
0 0 0.084197 0 0 0 0 0 0 0 0 0 0 -0.014325 0.02865 0.077866 0 0 0 0 0
0 0 0.083169 0 0 0 0 0 0 0 0 0 0 -0.01415 0.0283 0.076915 0 0 0 0 0
0 0 0.070858 0 0 0 0 0 0 0 0 0 0 -0.012056 0.024111 0.06553 0 0 0 0 0
-0 -0 -0.3467 0 0 0 0 0 0 0 0 0 0 0.058986 -0.11797 -0.32063 0 0 0 0 0
0 0 0.32602 0 0 0 0 0 0 0 0 0 0 -0.055469 0.11094 0.30151 0 0 0 0 0
-0 -0 -0.2606 0 0 0 0 0 0 0 0 0 0 0.044338 -0.088675 -0.24101 0 0 0 0 0
-0 -0 -0.21775 0 0 0 0 0 0 0 0 0 0 0.037047 -0.074093 -0.20137 0 0 0 0 0
0 0 0.29859 0 0 0 0 0 0 0 0 0 0 -0.0508 0.1016 0.27613 0 0 0 0 0
0 0 0.015061 0 0 0 0 0 0 0 0 0 0 -0.0025624 0.0051248 0.013928 0 0 0 0 0
0 0 0.22766 0 0 0 0 0 0 0 0 0 0 -0.038733 0.077466 0.21054 0 0 0 0 0
-0 -0 -0.076789 0 0 0 0 0 0 0 0 0 0 0.013065 -0.026129 -0.071015 0 0 0 0 0
-0 -0 -0.2622 0 0 0 0 0 0 0 0 0 0 0.04461 -0.08922 -0.24249 0 0 0 0 0
0 0 0.25789 0 0 0 0 0 0 0 0 0 0 -0.043877 0.087753 0.2385 0 0 0 0 0
0 0 0.25077 0 0 0 0 0 0 0 0 0 0 -0.042666 0.085332 0.23192 0 0 0 0 0
0 0 0.087082 0 0 0 0 0 0 0 0 0 0 -0.014816 0.029632 0.080534 0 0 0 0 0
0 0 0.28442 0 0 0 0 0 0 0 0 0 0 -0.04839 0.09678 0.26303 0 0 0 0 0
0 0 0.17279 0 0 0 0 0 0 0 0 0 0 -0.029398 0.058797 0.1598 0 0 0 0 0
0 0 0.15171 0 0 0 0 0 0 0 0 0 0 -0.025811 0.051622 0.1403 0 0 0 0 0
0 0 0.12733 0 0 0 0 0 0 0 0 0 0 -0.021663 0.043326 0.11775 0 0 0 0 0
-0 -0 -0.29899 0 0 0 0 0 0 0 0 0 0 0.050869 -0.10174 -0.27651 0 0 0 0 0
0 0 0.23634 0 0 0 0 0 0 0 0 0 0 -0.04021 0.08042 0.21857 0 0 0 0 0
0 0 0.23996 0 0 0 0 0 0 0 0 0 0 -0.040827 0.081653 0.22192 0 0 0 0 0
-0 -0 -0.061413 0 0 0 0 0 0 0 0 0 0 0.010448 -0.020897 -0.056795 0 0 0 0 0
0 0 0.09976 0 0 0 0 0 0 0 0 0 0 -0.016973 0.033946 0.092259 0 0 0 0 0
-0 -0 -0.13659 0 0 0 0 0 0 0 0 0 0 0.023239 -0.046478 -0.12632 0 0 0 0 0
0 0 0.24179 0 0 0 0 0 0 0 0 0 0 -0.041137 0.082274 0.22361 0 0 0 0 0
-0 -0 -0.019817 0 0 0 0 0 0 0 0 0 0 0.0033715 -0.006743 -0.018326 0 0 0 0 0
-0 -0 -0.21006 0 0 0 0 0 0 0 0 0 0 0.03574 -0.071479 -0.19427 0 0 0 0 0
-0 -0 -0.28812 0 0 0 0 0 0 0 0 0 0 0.049019 -0.098038 -0.26645 0 0 0 0 0
0 0 0.32135 0 0 0 0 0 0 0 0 0 0 -0.054674 0.10935 0.29719 0 0 0 0 0
0 0 0.16212 0 0 0 0 0 0 0 0 0 0 -0.027582 0.055164 0.14993 0 0 0 0 0
0 0 0.12601 0 0 0 0 0 0 0 0 0 0 -0.021439 0.042878 0.11654 0 0 0 0 0
0 0 0.12039 0 0 0 0 0 0 0 0 0 0 -0.020482 0.040964 0.11133 0 0 0 0 0
-0 -0 -0.21077 0 0 0 0 0 0 0 0 0 0 0.03586 -0.07172 -0.19492 0 0 0 0 0
0 0 0.13964 0 0 0 0 0 0 0 0 0 0 -0.023758 0.047516 0.12914 0 0 0 0 0
0 0 0.14294 0 0 0 0 0 0 0 0 0 0 -0.024319 0.048638 0.13219 0 0 0 0 0
0 0 0.32689 0 0 0 0 0 0 0 0 0 0 -0.055615 0.11123 0.30231 0 0 0 0 0
-0 -0 -0.2828 0 0 0 0 0 0 0 0 0 0 0.048115 -0.096229 -0.26154 0 0 0 0 0
-0 -0 -0.24575 0 0 0 0 0 0 0 0 0 0 0.041811 -0.083623 -0.22727 0 0 0 0 0
0 0 0.23229 0 0 0 0 0 0 0 0 0 0 -0.03952 0.07904 0.21482 0 0 0 0 0
-0 -0 -0.13895 0 0 0 0 0 0 0 0 0 0 0.02364 -0.04728 -0.1285 0 0 0 0 0
-0 -0 -0.0069766 0 0 0 0 0 0 0 0 0 0 0.001187 -0.002374 -0.006452 0 0 0 0 0
-0 -0 -0.18449 0 0 0 0 0 0 0 0 0 0 0.031388 -0.062775 -0.17061 0 0 0 0 0
-0 -0 -0.17999 0 0 0 0 0 0 0 0 0 0 0.030622 -0.061244 -0.16645 0 0 0 0 0
-0 -0 -0.3422 0 0 0 0 0 0 0 0 0 0 0.05822 -0.11644 -0.31647 0 0 0 0 0
0 0 0.064944 0 0 0 0 0 0 0 0 0 0 -0.011049 0.022099 0.060061 0 0 0 0 0
0 0 0.23583 0 0 0 0 0 0 0 0 0 0 -0.040122 0.080245 0.21809 0 0 0 0 0
0 0 0.14055 0 0 0 0 0 0 0 0 0 0 -0.023913 0.047826 0.12998 0 0 0 0 0
-0 -0 -0.099529 0 0 0 0 0 0 0 0 0 0 0.016933 -0.033867 -0.092045 0 0 0 0 0
-0 -0 -0.10298 0 0 0 0 0 0 0 0 0 0 0.01752 -0.03504 -0.095234 0 0 0 0 0
-0 -0 -0.042624 0 0 0 0 0 0 0 0 0 0 0.0072519 -0.014504 -0.039419 0 0 0 0 0
0 0 0.037552 0 0 0 0 0 0 0 0 0 0 -0.0063889 0.012778 0.034728 0 0 0 0 0
0 0 0.13521 0 0 0 0 0 0 0 0 0 0 -0.023003 0.046007 0.12504 0 0 0 0 0
0 0 0.30187 0 0 0 0 0 0 0 0 0 0 -0.051358 0.10272 0.27917 0 0 0 0 0
0 0 0.12355 0 0 0 0 0 0 0 0 0 0 -0.02102 0.04204 0.11426 0 0 0 0 0
-0 -0 -0.22896 0 0 0 0 0 0 0 0 0 0 0.038955 -0.07791 -0.21175 0 0 0 0 0
0 0 0.18069 0 0 0 0 0 0 0 0 0 0 -0.030741 0.061483 0.1671 0 0 0 0 0
0 0 0.2574 0 0 0 0 0 0 0 0 0 0 -0.043792 0.087585 0.23804 0 0 0 0 0
0 0 0.34251 0 0 0 0 0 0 0 0 0 0 -0.058274 0.11655 0.31676 0 0 0 0 0
-0 -0 -0.30301 0 0 0 0 0 0 0 0 0 0 0.051553 -0.10311 -0.28023 0 0 0 0 0
-0 -0 -0.14257 0 0 0 0 0 0 0 0 0 0 0.024256 -0.048513 -0.13185 0 0 0 0 0
-0 -0 -0.223 0 0 0 0 0 0 0 0 0 0 0.03794 -0.07588 -0.20623 0 0 0 0 0
-0 -0 -0.26521 0 0 0 0 0 0 0 0 0 0 0.045122 -0.090243 -0.24527 0 0 0 0 0
0 0 0.097733 0 0 0 0 0 0 0 0 0 0 -0.016628 0.033256 0.090384 0 0 0 0 0
-0 -0 -0.0019554 0 0 0 0 0 0 0 0 0 0 0.00033268 -0.00066537 -0.0018084 0 0 0 0 0
0 0 0.21654 0 0 0 0 0 0 0 0 0 0 -0.036841 0.073682 0.20026 0 0 0 0 0
0 0 0.18736 0 0 0 0 0 0 0 0 0 0 -0.031876 0.063752 0.17327 0 0 0 0 0
0 0 0.28099 0 0 0 0 0 0 0 0 0 0 -0.047806 0.095612 0.25986 0 0 0 0 0
-0 -0 -0.28721 0 0 0 0 0 0 0 0 0 0 0.048864 -0.097729 -0.26561 0 0 0 0 0
-0 -0 -0.098955 0 0 0 0 0 0 0 0 0 0 0.016836 -0.033672 -0.091514 0 0 0 0 0
-0 -0 -0.099074 0 0 0 0 0 0 0 0 0 0 0.016856 -0.033712 -0.091625 0 0 0 0 0
0 0 0.30711 0 0 0 0 0 0 0 0 0 0 -0.052251 0.1045 0.28402 0 0 0 0 0
-0 -0 -0.22223 0 0 0 0 0 0 0 0 0 0 0.037809 -0.075619 -0.20552 0 0 0 0 0
0 0 0.093376 0 0 0 0 0 0 0 0 0 0 -0.015887 0.031773 0.086355 0 0 0 0 0
0 0 0.20899 0 0 0 0 0 0 0 0 0 0 -0.035556 0.071112 0.19327 0 0 0 0 0
0 0 0.12319 0 0 0 0 0 0 0 0 0 0 -0.020959 0.041918 0.11393 0 0 0 0 0
-0 -0 -0.34467 0 0 0 0 0 0 0 0 0 0 0.058641 -0.11728 -0.31876 0 0 0 0 0
0 0 0.15929 0 0 0 0 0 0 0 0 0 0 -0.027101 0.054203 0.14731 0 0 0 0 0
0 0 0.12647 0 0 0 0 0 0 0 0 0 0 -0.021516 0.043033 0.11696 0 0 0 0 0
0 0 0.14834 0 0 0 0 0 0 0 0 0 0 -0.025239 0.050478 0.13719 0 0 0 0 0
-0 -0 -0.26072 0 0 0 0 0 0 0 0 0 0 0.044358 -0.088715 -0.24111 0 0 0 0 0
-0 -0 -0.18888 0 0 0 0 0 0 0 0 0 0 0.032136 -0.064271 -0.17468 0 0 0 0 0
0 0 0.082174 0 0 0 0 0 0 0 0 0 0 -0.013981 0.027961 0.075995 0 0 0 0 0
-0 -0 -0.33928 0 0 0 0 0 0 0 0 0 0 0.057724 -0.11545 -0.31377 0 0 0 0 0
-0 -0 -0.21222 0 0 0 0 0 0 0 0 0 0 0.036106 -0.072212 -0.19626 0 0 0 0 0
0 0 0.17642 0 0 0 0 0 0 0 0 0 0 -0.030016 0.060032 0.16316 0 0 0 0 0
0 0 0.31753 0 0 0 0 0 0 0 0 0 0 -0.054023 0.10805 0.29365 0 0 0 0 0
0 0 0.22342 0 0 0 0 0 0 0 0 0 0 -0.038012 0.076024 0.20662 0 0 0 0 0
0 0 0.082112 0 0 0 0 0 0 0 0 0 0 -0.01397 0.02794 0.075938 0 0 0 0 0
0 0 0.1777 0 0 0 0 0 0 0 0 0 0 -0.030232 0.060465 0.16433 0 0 0 0 0
-0 -0 -0.040864 0 0 0 0 0 0 0 0 0 0 0.0069524 -0.013905 -0.037791 0 0 0 0 0
0 0 0.075735 0 0 0 0 0 0 0 0 0 0 -0.012885 0.025771 0.070041 0 0 0 0 0
0 0 0.33539 0 0 0 0 0 0 0 0 0 0 -0.057062 0.11412 0.31017 0 0 0 0 0
0 0 0.2376 0 0 0 0 0 0 0 0 0 0 -0.040425 0.08085 0.21974 0 0 0 0 0
0 0 0.10649 0 0 0 0 0 0 0 0 0 0 -0.018118 0.036236 0.098485 0 0 0 0 0
0 0 0.27326 0 0 0 0 0 0 0 0 0 0 -0.046492 0.092984 0.25272 0 0 0 0 0
