-0 -0 -0 0.093713 0 0 0 0 -0 -0 0 0.086738 -0.028448 0.021199 0 0
0 0 0 0.042498 0 0 0 0 -0 -0 0 0.039334 -0.012901 0.0096134 0 0
0 0 0 0.16379 0 0 0 0 -0 -0 0 0.1516 -0.049719 0.03705 0 0
-0 -0 -0 0.16541 0 0 0 0 -0 -0 0 0.15309 -0.050211 0.037416 0 0
-0 -0 -0 0.023084 0 0 0 0 -0 -0 0 0.021365 -0.0070073 0.0052218 0 0
-0 -0 -0 0.19547 0 0 0 0 -0 -0 0 0.18092 -0.059336 0.044217 0 0
-0 -0 -0 0.18525 0 0 0 0 -0 -0 0 0.17146 -0.056235 0.041906 0 0
-0 -0 -0 0.076345 0 0 0 0 -0 -0 0 0.070663 -0.023175 0.01727 0 0
0 0 0 0.17244 0 0 0 0 -0 -0 0 0.15961 -0.052347 0.039008 0 0
-0 -0 -0 0.087725 0 0 0 0 -0 -0 0 0.081195 -0.02663 0.019844 0 0
0 0 0 0.092293 0 0 0 0 -0 -0 0 0.085423 -0.028016 0.020878 0 0
0 0 0 0.168 0 0 0 0 -0 -0 0 0.15549 -0.050998 0.038003 0 0
0 0 0 0.061693 0 0 0 0 -0 -0 0 0.057101 -0.018728 0.013956 0 0
0 0 0 0.18638 0 0 0 0 -0 -0 0 0.17251 -0.056578 0.042161 0 0
-0 -0 -0 0.13434 0 0 0 0 -0 -0 0 0.12434 -0.040779 0.030388 0 0
0 0 0 0.095471 0 0 0 0 -0 -0 0 0.088365 -0.028981 0.021597 0 0
0 0 0 0.00818 0 0 0 0 -0 -0 0 0.0075712 -0.0024831 0.0018504 0 0
-0 -0 -0 0.15348 0 0 0 0 -0 -0 0 0.14206 -0.046592 0.03472 0 0
-0 -0 -0 0.068251 0 0 0 0 -0 -0 0 0.063171 -0.020718 0.015439 0 0
-0 -0 -0 0.19665 0 0 0 0 -0 -0 0 0.18201 -0.059694 0.044483 0 0
0 0 0 0.080005 0 0 0 0 -0 -0 0 0.07405 -0.024286 0.018098 0 0
0 0 0 0.13381 0 0 0 0 -0 -0 0 0.12385 -0.040619 0.030269 0 0
-0 -0 -0 0.095216 0 0 0 0 -0 -0 0 0.088129 -0.028904 0.021539 0 0
-0 -0 -0 0.017807 0 0 0 0 -0 -0 0 0.016482 -0.0054056 0.0040282 0 0
0 0 0 0.052013 0 0 0 0 -0 -0 0 0.048141 -0.015789 0.011766 0 0
0 0 0 0.023869 0 0 0 0 -0 -0 0 0.022092 -0.0072457 0.0053994 0 0
0 0 0 0.035702 0 0 0 0 -0 -0 0 0.033044 -0.010838 0.0080761 0 0
-0 -0 -0 0.17416 0 0 0 0 -0 -0 0 0.1612 -0.052869 0.039398 0 0
0 0 0 0.079635 0 0 0 0 -0 -0 0 0.073707 -0.024174 0.018014 0 0
-0 -0 -0 0.043216 0 0 0 0 -0 -0 0 0.04 -0.013119 0.009776 0 0
-0 -0 -0 0.18816 0 0 0 0 -0 -0 0 0.17415 -0.057117 0.042563 0 0
-0 -0 -0 0.18456 0 0 0 0 -0 -0 0 0.17082 -0.056026 0.04175 0 0
0 0 0 0.070458 0 0 0 0 -0 -0 0 0.065214 -0.021388 0.015938 0 0
-0 -0 -0 0.012368 0 0 0 0 -0 -0 0 0.011447 -0.0037543 0.0027977 0 0
-0 -0 -0 0.01947 0 0 0 0 -0 -0 0 0.01802 -0.0059102 0.0044042 0 0
0 0 0 0.072247 0 0 0 0 -0 -0 0 0.06687 -0.021931 0.016343 0 0
-0 -0 -0 0.19357 0 0 0 0 -0 -0 0 0.17916 -0.05876 0.043787 0 0
0 0 0 0.019839 0 0 0 0 -0 -0 0 0.018362 -0.0060224 0.0044878 0 0
0 0 0 0.040056 0 0 0 0 -0 -0 0 0.037075 -0.012159 0.0090611 0 0
-0 -0 -0 0.1724 0 0 0 0 -0 -0 0 0.15957 -0.052333 0.038998 0 0
0 0 0 0.073756 0 0 0 0 -0 -0 0 0.068266 -0.022389 0.016684 0 0
0 0 0 0.040229 0 0 0 0 -0 -0 0 0.037235 -0.012212 0.0091003 0 0
0 0 0 0.093289 0 0 0 0 -0 -0 0 0.086346 -0.028319 0.021103 0 0
-0 -0 -0 0.10775 0 0 0 0 -0 -0 0 0.09973 -0.032709 0.024374 0 0
0 0 0 0.096408 0 0 0 0 -0 -0 0 0.089232 -0.029266 0.021809 0 0
0 0 0 0.002872 0 0 0 0 -0 -0 0 0.0026583 -0.00087184 0.00064969 0 0
-0 -0 -0 0.040964 0 0 0 0 -0 -0 0 0.037915 -0.012435 0.0092665 0 0
0 0 0 0.091746 0 0 0 0 -0 -0 0 0.084918 -0.027851 0.020754 0 0
-0 -0 -0 0.082487 0 0 0 0 -0 -0 0 0.076348 -0.02504 0.01866 0 0
-0 -0 -0 0.13348 0 0 0 0 -0 -0 0 0.12355 -0.040521 0.030196 0 0
-0 -0 -0 0.038311 0 0 0 0 -0 -0 0 0.035459 -0.01163 0.0086663 0 0
0 0 0 0.19189 0 0 0 0 -0 -0 0 0.17761 -0.05825 0.043407 0 0
0 0 0 0.043655 0 0 0 0 -0 -0 0 0.040406 -0.013252 0.0098753 0 0
0 0 0 0.17774 0 0 0 0 -0 -0 0 0.16451 -0.053955 0.040207 0 0
-0 -0 -0 0.18461 0 0 0 0 -0 -0 0 0.17087 -0.05604 0.041761 0 0
-0 -0 -0 0.12401 0 0 0 0 -0 -0 0 0.11478 -0.037645 0.028053 0 0
0 0 0 0.086566 0 0 0 0 -0 -0 0 0.080123 -0.026278 0.019582 0 0
0 0 0 0.16553 0 0 0 0 -0 -0 0 0.15321 -0.050249 0.037445 0 0
0 0 0 0.066235 0 0 0 0 -0 -0 0 0.061305 -0.020106 0.014983 0 0
-0 -0 -0 0.078967 0 0 0 0 -0 -0 0 0.073089 -0.023971 0.017863 0 0
-0 -0 -0 0.19245 0 0 0 0 -0 -0 0 0.17813 -0.058422 0.043535 0 0
0 0 0 0.14253 0 0 0 0 -0 -0 0 0.13192 -0.043266 0.032241 0 0
0 0 0 0.018537 0 0 0 0 -0 -0 0 0.017157 -0.0056272 0.0041933 0 0
-0 -0 -0 0.044692 0 0 0 0 -0 -0 0 0.041366 -0.013567 0.01011 0 0
0 0 0 0.18272 0 0 0 0 -0 -0 0 0.16912 -0.055467 0.041333 0 0
0 0 0 0.13237 0 0 0 0 -0 -0 0 0.12252 -0.040182 0.029944 0 0
0 0 0 0.13481 0 0 0 0 -0 -0 0 0.12478 -0.040924 0.030496 0 0
0 0 0 0.081768 0 0 0 0 -0 -0 0 0.075682 -0.024822 0.018497 0 0
-0 -0 -0 0.16217 0 0 0 0 -0 -0 0 0.1501 -0.049228 0.036684 0 0
-0 -0 -0 0.11542 0 0 0 0 -0 -0 0 0.10683 -0.035036 0.026109 0 0
0 0 0 0.042255 0 0 0 0 -0 -0 0 0.03911 -0.012827 0.0095586 0 0
-0 -0 -0 0.019334 0 0 0 0 -0 -0 0 0.017895 -0.0058691 0.0043736 0 0
0 0 0 0.17223 0 0 0 0 -0 -0 0 0.15941 -0.052282 0.03896 0 0
0 0 0 0.18997 0 0 0 0 -0 -0 0 0.17583 -0.057668 0.042974 0 0
-0 -0 -0 0.051043 0 0 0 0 -0 -0 0 0.047244 -0.015495 0.011547 0 0
0 0 0 0.12896 0 0 0 0 -0 -0 0 0.11936 -0.039146 0.029171 0 0
0 0 0 0.15514 0 0 0 0 -0 -0 0 0.14359 -0.047095 0.035095 0 0
0 0 0 0.12902 0 0 0 0 -0 -0 0 0.11942 -0.039166 0.029186 0 0
-0 -0 -0 0.17103 0 0 0 0 -0 -0 0 0.1583 -0.051917 0.038688 0 0
-0 -0 -0 0.16247 0 0 0 0 -0 -0 0 0.15038 -0.04932 0.036753 0 0
0 0 0 0.11712 0 0 0 0 -0 -0 0 0.1084 -0.035553 0.026494 0 0
-0 -0 -0 0.16806 0 0 0 0 -0 -0 0 0.15555 -0.051015 0.038016 0 0
-0 -0 -0 0.067558 0 0 0 0 -0 -0 0 0.062529 -0.020508 0.015282 0 0
-0 -0 -0 0.084195 0 0 0 0 -0 -0 0 0.077928 -0.025558 0.019046 0 0
0 0 0 0.0052158 0 0 0 0 -0 -0 0 0.0048275 -0.0015833 0.0011799 0 0
0 0 0 0.016449 0 0 0 0 -0 -0 0 0.015224 -0.0049932 0.0037209 0 0
0 0 0 0.0035837 0 0 0 0 -0 -0 0 0.0033169 -0.0010879 0.00081067 0 0
0 0 0 0.15628 0 0 0 0 -0 -0 0 0.14465 -0.04744 0.035352 0 0
0 0 0 0.16417 0 0 0 0 -0 -0 0 0.15195 -0.049836 0.037137 0 0
0 0 0 0.10127 0 0 0 0 -0 -0 0 0.093728 -0.03074 0.022907 0 0
-0 -0 -0 0.00064886 0 0 0 0 -0 -0 0 0.00060057 -0.00019697 0.00014678 0 0
0 0 0 0.12892 0 0 0 0 -0 -0 0 0.11933 -0.039136 0.029164 0 0
-0 -0 -0 0.034989 0 0 0 0 -0 -0 0 0.032385 -0.010621 0.0079149 0 0
-0 -0 -0 0.19633 0 0 0 0 -0 -0 0 0.18171 -0.059597 0.044411 0 0
-0 -0 -0 0.0014773 0 0 0 0 -0 -0 0 0.0013673 -0.00044844 0.00033418 0 0
-0 -0 -0 0.10223 0 0 0 0 -0 -0 0 0.094622 -0.031033 0.023126 0 0
0 0 0 0.18612 0 0 0 0 -0 -0 0 0.17227 -0.0565 0.042103 0 0
-0 -0 -0 0.10953 0 0 0 0 -0 -0 0 0.10138 -0.033248 0.024776 0 0
-0 -0 -0 0.12747 0 0 0 0 -0 -0 0 0.11798 -0.038696 0.028836 0 0
-0 -0 -0 0.002897 0 0 0 0 -0 -0 0 0.0026814 -0.00087943 0.00065534 0 0
