-0 -0 -0 0.16874 0 0 0 0 0 0 -0 0.14394 -0.077245 0.042282 0 0
0 0 0 0.074857 0 0 0 0 0 0 -0 0.063855 -0.034268 0.018757 0 0
0 0 0 0.012806 0 0 0 0 0 0 -0 0.010924 -0.0058622 0.0032088 0 0
0 0 0 0.15004 0 0 0 0 0 0 -0 0.12799 -0.068683 0.037595 0 0
-0 -0 -0 0.0056274 0 0 0 0 0 0 -0 0.0048003 -0.0025761 0.0014101 0 0
0 0 0 0.13414 0 0 0 0 0 0 -0 0.11442 -0.061405 0.033611 0 0
0 0 0 0.066692 0 0 0 0 0 0 -0 0.05689 -0.03053 0.016711 0 0
-0 -0 -0 0.14467 0 0 0 0 0 0 -0 0.12341 -0.066228 0.036251 0 0
-0 -0 -0 0.084321 0 0 0 0 0 0 -0 0.071928 -0.0386 0.021128 0 0
-0 -0 -0 0.19024 0 0 0 0 0 0 -0 0.16228 -0.087086 0.047669 0 0
-0 -0 -0 0.17618 0 0 0 0 0 0 -0 0.15028 -0.08065 0.044145 0 0
0 0 0 0.11689 0 0 0 0 0 0 -0 0.099714 -0.053511 0.029291 0 0
-0 -0 -0 0.053632 0 0 0 0 0 0 -0 0.045749 -0.024551 0.013439 0 0
-0 -0 -0 0.072097 0 0 0 0 0 0 -0 0.061501 -0.033004 0.018065 0 0
0 0 0 0.093698 0 0 0 0 0 0 -0 0.079927 -0.042892 0.023478 0 0
0 0 0 0.02962 0 0 0 0 0 0 -0 0.025267 -0.013559 0.0074221 0 0
-0 -0 -0 0.011971 0 0 0 0 0 0 -0 0.010212 -0.0054802 0.0029997 0 0
0 0 0 0.13549 0 0 0 0 0 0 -0 0.11558 -0.062025 0.033951 0 0
0 0 0 0.06 0 0 0 0 0 0 -0 0.051182 -0.027466 0.015034 0 0
-0 -0 -0 0.038029 0 0 0 0 0 0 -0 0.03244 -0.017409 0.0095292 0 0
0 0 0 0.002213 0 0 0 0 0 0 -0 0.0018877 -0.001013 0.00055451 0 0
0 0 0 0.065654 0 0 0 0 0 0 -0 0.056005 -0.030055 0.016451 0 0
-0 -0 -0 0.13726 0 0 0 0 0 0 -0 0.11708 -0.062832 0.034393 0 0
-0 -0 -0 0.12459 0 0 0 0 0 0 -0 0.10628 -0.057035 0.031219 0 0
0 0 0 0.088996 0 0 0 0 0 0 -0 0.075916 -0.04074 0.0223 0 0
0 0 0 0.1758 0 0 0 0 0 0 -0 0.14996 -0.080475 0.04405 0 0
-0 -0 -0 0.099715 0 0 0 0 0 0 -0 0.08506 -0.045647 0.024986 0 0
-0 -0 -0 0.014208 0 0 0 0 0 0 -0 0.01212 -0.0065042 0.0035602 0 0
-0 -0 -0 0.16542 0 0 0 0 0 0 -0 0.1411 -0.075723 0.041449 0 0
-0 -0 -0 0.020567 0 0 0 0 0 0 -0 0.017544 -0.009415 0.0051535 0 0
-0 -0 -0 0.19955 0 0 0 0 0 0 -0 0.17022 -0.091347 0.050001 0 0
0 0 0 0.040372 0 0 0 0 0 0 -0 0.034438 -0.018481 0.010116 0 0
-0 -0 -0 0.057207 0 0 0 0 0 0 -0 0.048799 -0.026188 0.014335 0 0
-0 -0 -0 0.085867 0 0 0 0 0 0 -0 0.073247 -0.039308 0.021516 0 0
0 0 0 0.19275 0 0 0 0 0 0 -0 0.16442 -0.088237 0.048298 0 0
0 0 0 0.045178 0 0 0 0 0 0 -0 0.038538 -0.020681 0.01132 0 0
-0 -0 -0 0.16817 0 0 0 0 0 0 -0 0.14346 -0.076985 0.04214 0 0
-0 -0 -0 0.16147 0 0 0 0 0 0 -0 0.13774 -0.073915 0.040459 0 0
0 0 0 0.10836 0 0 0 0 0 0 -0 0.092436 -0.049606 0.027153 0 0
-0 -0 -0 0.007608 0 0 0 0 0 0 -0 0.0064898 -0.0034827 0.0019064 0 0
-0 -0 -0 0.12993 0 0 0 0 0 0 -0 0.11084 -0.05948 0.032557 0 0
0 0 0 0.099694 0 0 0 0 0 0 -0 0.085042 -0.045637 0.024981 0 0
0 0 0 0.1599 0 0 0 0 0 0 -0 0.1364 -0.0732 0.040067 0 0
-0 -0 -0 0.088334 0 0 0 0 0 0 -0 0.075351 -0.040437 0.022134 0 0
-0 -0 -0 0.10204 0 0 0 0 0 0 -0 0.087042 -0.046711 0.025568 0 0
-0 -0 -0 0.086698 0 0 0 0 0 0 -0 0.073956 -0.039688 0.021724 0 0
-0 -0 -0 0.1786 0 0 0 0 0 0 -0 0.15235 -0.081759 0.044753 0 0
-0 -0 -0 0.088941 0 0 0 0 0 0 -0 0.075869 -0.040715 0.022286 0 0
-0 -0 -0 0.17426 0 0 0 0 0 0 -0 0.14865 -0.079773 0.043665 0 0
-0 -0 -0 0.027177 0 0 0 0 0 0 -0 0.023183 -0.012441 0.0068099 0 0
0 0 0 0.17697 0 0 0 0 0 0 -0 0.15096 -0.081014 0.044345 0 0
0 0 0 0.088108 0 0 0 0 0 0 -0 0.075159 -0.040334 0.022078 0 0
-0 -0 -0 0.044933 0 0 0 0 0 0 -0 0.038329 -0.020569 0.011259 0 0
-0 -0 -0 0.034608 0 0 0 0 0 0 -0 0.029522 -0.015843 0.0086719 0 0
0 0 0 0.1597 0 0 0 0 0 0 -0 0.13623 -0.073106 0.040016 0 0
0 0 0 0.086686 0 0 0 0 0 0 -0 0.073946 -0.039683 0.021721 0 0
-0 -0 -0 0.17811 0 0 0 0 0 0 -0 0.15193 -0.081533 0.044629 0 0
-0 -0 -0 0.042642 0 0 0 0 0 0 -0 0.036375 -0.01952 0.010685 0 0
-0 -0 -0 0.073693 0 0 0 0 0 0 -0 0.062862 -0.033735 0.018466 0 0
-0 -0 -0 0.09175 0 0 0 0 0 0 -0 0.078265 -0.042001 0.02299 0 0
-0 -0 -0 0.083419 0 0 0 0 0 0 -0 0.071159 -0.038187 0.020903 0 0
0 0 0 0.14123 0 0 0 0 0 0 -0 0.12047 -0.064651 0.035388 0 0
-0 -0 -0 0.036594 0 0 0 0 0 0 -0 0.031215 -0.016752 0.0091693 0 0
0 0 0 0.010219 0 0 0 0 0 0 -0 0.0087175 -0.0046782 0.0025607 0 0
0 0 0 0.066711 0 0 0 0 0 0 -0 0.056906 -0.030539 0.016716 0 0
0 0 0 0.076875 0 0 0 0 0 0 -0 0.065577 -0.035192 0.019263 0 0
0 0 0 0.12878 0 0 0 0 0 0 -0 0.10985 -0.058951 0.032268 0 0
-0 -0 -0 0.12549 0 0 0 0 0 0 -0 0.10704 -0.057444 0.031443 0 0
0 0 0 0.11016 0 0 0 0 0 0 -0 0.09397 -0.050428 0.027603 0 0
0 0 0 0.13562 0 0 0 0 0 0 -0 0.11569 -0.062085 0.033984 0 0
0 0 0 0.10503 0 0 0 0 0 0 -0 0.089598 -0.048082 0.026319 0 0
0 0 0 0.19085 0 0 0 0 0 0 -0 0.1628 -0.087368 0.047823 0 0
0 0 0 0.18181 0 0 0 0 0 0 -0 0.15509 -0.083229 0.045557 0 0
-0 -0 -0 0.10308 0 0 0 0 0 0 -0 0.08793 -0.047187 0.025829 0 0
-0 -0 -0 0.034882 0 0 0 0 0 0 -0 0.029755 -0.015968 0.0087405 0 0
0 0 0 0.040818 0 0 0 0 0 0 -0 0.034819 -0.018686 0.010228 0 0
0 0 0 0.0081836 0 0 0 0 0 0 -0 0.0069808 -0.0037462 0.0020506 0 0
0 0 0 0.069452 0 0 0 0 0 0 -0 0.059244 -0.031793 0.017403 0 0
0 0 0 0.12518 0 0 0 0 0 0 -0 0.10678 -0.057303 0.031366 0 0
-0 -0 -0 0.19273 0 0 0 0 0 0 -0 0.16441 -0.088228 0.048293 0 0
0 0 0 0.1484 0 0 0 0 0 0 -0 0.12659 -0.067932 0.037184 0 0
-0 -0 -0 0.14869 0 0 0 0 0 0 -0 0.12683 -0.068064 0.037257 0 0
-0 -0 -0 0.0034222 0 0 0 0 0 0 -0 0.0029193 -0.0015666 0.00085752 0 0
0 0 0 0.17515 0 0 0 0 0 0 -0 0.14941 -0.08018 0.043889 0 0
-0 -0 -0 0.11969 0 0 0 0 0 0 -0 0.1021 -0.054792 0.029992 0 0
-0 -0 -0 0.17931 0 0 0 0 0 0 -0 0.15296 -0.082085 0.044931 0 0
0 0 0 0.026964 0 0 0 0 0 0 -0 0.023001 -0.012344 0.0067565 0 0
-0 -0 -0 0.087564 0 0 0 0 0 0 -0 0.074694 -0.040084 0.021941 0 0
0 0 0 0.038118 0 0 0 0 0 0 -0 0.032516 -0.017449 0.0095513 0 0
0 0 0 0.15543 0 0 0 0 0 0 -0 0.13259 -0.071152 0.038946 0 0
-0 -0 -0 0.047888 0 0 0 0 0 0 -0 0.04085 -0.021922 0.012 0 0
-0 -0 -0 0.17048 0 0 0 0 0 0 -0 0.14543 -0.078043 0.042719 0 0
-0 -0 -0 0.17979 0 0 0 0 0 0 -0 0.15336 -0.082301 0.04505 0 0
0 0 0 0.030845 0 0 0 0 0 0 -0 0.026311 -0.01412 0.0077288 0 0
-0 -0 -0 0.13802 0 0 0 0 0 0 -0 0.11773 -0.06318 0.034583 0 0
0 0 0 0.13191 0 0 0 0 0 0 -0 0.11252 -0.060384 0.033053 0 0
0 0 0 0.15684 0 0 0 0 0 0 -0 0.13378 -0.071795 0.039299 0 0
-0 -0 -0 0.04496 0 0 0 0 0 0 -0 0.038352 -0.020582 0.011266 0 0
0 0 0 0.095016 0 0 0 0 0 0 -0 0.081051 -0.043496 0.023808 0 0
-0 -0 -0 0.13188 0 0 0 0 0 0 -0 0.11249 -0.060369 0.033044 0 0
