-0 -0 -0 0.14215 0 0 0 0 -0 -0 -0 0.14001 0.0042754 0.024185 0 0
-0 -0 -0 0.16414 0 0 0 0 -0 -0 -0 0.16167 0.0049367 0.027926 0 0
-0 -0 -0 0.14722 0 0 0 0 -0 -0 -0 0.14501 0.004428 0.025048 0 0
0 0 0 0.10138 0 0 0 0 -0 -0 -0 0.099854 0.0030492 0.017248 0 0
0 0 0 0.015002 0 0 0 0 -0 -0 -0 0.014776 0.00045121 0.0025523 0 0
0 0 0 0.018686 0 0 0 0 -0 -0 -0 0.018405 0.00056201 0.0031791 0 0
0 0 0 0.11933 0 0 0 0 -0 -0 -0 0.11754 0.0035891 0.020302 0 0
0 0 0 0.11057 0 0 0 0 -0 -0 -0 0.10891 0.0033256 0.018812 0 0
-0 -0 -0 0.032226 0 0 0 0 -0 -0 -0 0.031741 0.00096925 0.0054827 0 0
0 0 0 0.020574 0 0 0 0 -0 -0 -0 0.020265 0.00061881 0.0035004 0 0
-0 -0 -0 0.011099 0 0 0 0 -0 -0 -0 0.010932 0.00033383 0.0018884 0 0
0 0 0 0.17593 0 0 0 0 -0 -0 -0 0.17329 0.0052916 0.029933 0 0
0 0 0 0.18947 0 0 0 0 -0 -0 -0 0.18662 0.0056986 0.032235 0 0
0 0 0 0.050846 0 0 0 0 -0 -0 -0 0.050081 0.0015293 0.0086507 0 0
-0 -0 -0 0.088035 0 0 0 0 -0 -0 -0 0.086711 0.0026478 0.014978 0 0
-0 -0 -0 0.11701 0 0 0 0 -0 -0 -0 0.11525 0.0035192 0.019907 0 0
0 0 0 0.17916 0 0 0 0 -0 -0 -0 0.17646 0.0053886 0.030481 0 0
0 0 0 0.068357 0 0 0 0 -0 -0 -0 0.067329 0.002056 0.01163 0 0
0 0 0 0.18876 0 0 0 0 -0 -0 -0 0.18592 0.0056773 0.032114 0 0
0 0 0 0.12011 0 0 0 0 -0 -0 -0 0.1183 0.0036125 0.020435 0 0
-0 -0 -0 0.13428 0 0 0 0 -0 -0 -0 0.13226 0.0040387 0.022846 0 0
0 0 0 0.17221 0 0 0 0 -0 -0 -0 0.16962 0.0051795 0.029299 0 0
-0 -0 -0 0.18586 0 0 0 0 -0 -0 -0 0.18307 0.0055902 0.031622 0 0
0 0 0 0.015105 0 0 0 0 -0 -0 -0 0.014878 0.00045433 0.00257 0 0
0 0 0 0.12202 0 0 0 0 -0 -0 -0 0.12019 0.0036701 0.02076 0 0
0 0 0 0.16147 0 0 0 0 -0 -0 -0 0.15904 0.0048566 0.027472 0 0
0 0 0 0.1496 0 0 0 0 -0 -0 -0 0.14735 0.0044994 0.025452 0 0
0 0 0 0.16872 0 0 0 0 -0 -0 -0 0.16618 0.0050746 0.028705 0 0
0 0 0 0.15752 0 0 0 0 -0 -0 -0 0.15515 0.0047377 0.026799 0 0
0 0 0 0.011762 0 0 0 0 -0 -0 -0 0.011585 0.00035376 0.0020011 0 0
-0 -0 -0 0.19422 0 0 0 0 -0 -0 -0 0.1913 0.0058415 0.033044 0 0
0 0 0 0.14668 0 0 0 0 -0 -0 -0 0.14448 0.0044117 0.024956 0 0
-0 -0 -0 0.0018399 0 0 0 0 -0 -0 -0 0.0018122 5.5339e-05 0.00031303 0 0
-0 -0 -0 0.067121 0 0 0 0 -0 -0 -0 0.066112 0.0020188 0.01142 0 0
-0 -0 -0 0.050279 0 0 0 0 -0 -0 -0 0.049523 0.0015122 0.0085543 0 0
-0 -0 -0 0.15094 0 0 0 0 -0 -0 -0 0.14867 0.0045398 0.02568 0 0
-0 -0 -0 0.051509 0 0 0 0 -0 -0 -0 0.050734 0.0015492 0.0087635 0 0
0 0 0 0.030723 0 0 0 0 -0 -0 -0 0.030261 0.00092406 0.0052271 0 0
-0 -0 -0 0.18997 0 0 0 0 -0 -0 -0 0.18712 0.0057139 0.032322 0 0
-0 -0 -0 0.069877 0 0 0 0 -0 -0 -0 0.068826 0.0021017 0.011889 0 0
-0 -0 -0 0.0040553 0 0 0 0 -0 -0 -0 0.0039943 0.00012197 0.00068995 0 0
0 0 0 0.11448 0 0 0 0 -0 -0 -0 0.11276 0.0034432 0.019477 0 0
-0 -0 -0 0.14001 0 0 0 0 -0 -0 -0 0.13791 0.0042111 0.023821 0 0
-0 -0 -0 0.027753 0 0 0 0 -0 -0 -0 0.027336 0.00083474 0.0047219 0 0
-0 -0 -0 0.095187 0 0 0 0 -0 -0 -0 0.093756 0.002863 0.016195 0 0
-0 -0 -0 0.051259 0 0 0 0 -0 -0 -0 0.050488 0.0015417 0.0087209 0 0
0 0 0 0.14722 0 0 0 0 -0 -0 -0 0.14501 0.0044281 0.025048 0 0
0 0 0 0.059796 0 0 0 0 -0 -0 -0 0.058896 0.0017985 0.010173 0 0
-0 -0 -0 0.15956 0 0 0 0 -0 -0 -0 0.15716 0.0047991 0.027147 0 0
0 0 0 0.11781 0 0 0 0 -0 -0 -0 0.11603 0.0035432 0.020043 0 0
-0 -0 -0 0.15118 0 0 0 0 -0 -0 -0 0.14891 0.0045471 0.025722 0 0
0 0 0 0.074058 0 0 0 0 -0 -0 -0 0.072944 0.0022274 0.0126 0 0
0 0 0 0.034304 0 0 0 0 -0 -0 -0 0.033788 0.0010318 0.0058364 0 0
0 0 0 0.047293 0 0 0 0 -0 -0 -0 0.046582 0.0014224 0.0080463 0 0
-0 -0 -0 0.17475 0 0 0 0 -0 -0 -0 0.17212 0.005256 0.029732 0 0
0 0 0 0.014715 0 0 0 0 -0 -0 -0 0.014494 0.00044258 0.0025035 0 0
-0 -0 -0 0.11309 0 0 0 0 -0 -0 -0 0.11139 0.0034013 0.01924 0 0
-0 -0 -0 0.026363 0 0 0 0 -0 -0 -0 0.025966 0.00079292 0.0044853 0 0
-0 -0 -0 0.10887 0 0 0 0 -0 -0 -0 0.10723 0.0032746 0.018523 0 0
-0 -0 -0 0.042318 0 0 0 0 -0 -0 -0 0.041681 0.0012728 0.0071998 0 0
0 0 0 0.058551 0 0 0 0 -0 -0 -0 0.057671 0.0017611 0.0099617 0 0
-0 -0 -0 0.082991 0 0 0 0 -0 -0 -0 0.081743 0.0024961 0.01412 0 0
-0 -0 -0 0.093578 0 0 0 0 -0 -0 -0 0.092171 0.0028146 0.015921 0 0
-0 -0 -0 0.12887 0 0 0 0 -0 -0 -0 0.12693 0.003876 0.021925 0 0
0 0 0 0.027775 0 0 0 0 -0 -0 -0 0.027357 0.00083538 0.0047255 0 0
-0 -0 -0 0.14807 0 0 0 0 -0 -0 -0 0.14585 0.0044537 0.025193 0 0
-0 -0 -0 0.011011 0 0 0 0 -0 -0 -0 0.010846 0.00033119 0.0018735 0 0
-0 -0 -0 0.087778 0 0 0 0 -0 -0 -0 0.086458 0.0026401 0.014934 0 0
0 0 0 0.037485 0 0 0 0 -0 -0 -0 0.036922 0.0011275 0.0063776 0 0
-0 -0 -0 0.17305 0 0 0 0 -0 -0 -0 0.17045 0.0052048 0.029442 0 0
-0 -0 -0 0.050333 0 0 0 0 -0 -0 -0 0.049576 0.0015139 0.0085635 0 0
0 0 0 0.028023 0 0 0 0 -0 -0 -0 0.027602 0.00084285 0.0047677 0 0
0 0 0 0.090181 0 0 0 0 -0 -0 -0 0.088825 0.0027124 0.015343 0 0
0 0 0 0.17423 0 0 0 0 -0 -0 -0 0.17161 0.0052403 0.029643 0 0
-0 -0 -0 0.058357 0 0 0 0 -0 -0 -0 0.057479 0.0017552 0.0099286 0 0
-0 -0 -0 0.12431 0 0 0 0 -0 -0 -0 0.12244 0.0037388 0.021149 0 0
-0 -0 -0 0.082686 0 0 0 0 -0 -0 -0 0.081443 0.002487 0.014068 0 0
-0 -0 -0 0.10899 0 0 0 0 -0 -0 -0 0.10735 0.003278 0.018542 0 0
0 0 0 0.015657 0 0 0 0 -0 -0 -0 0.015421 0.0004709 0.0026637 0 0
0 0 0 0.065583 0 0 0 0 -0 -0 -0 0.064596 0.0019725 0.011158 0 0
0 0 0 0.050298 0 0 0 0 -0 -0 -0 0.049542 0.0015128 0.0085575 0 0
-0 -0 -0 0.13067 0 0 0 0 -0 -0 -0 0.12871 0.0039303 0.022232 0 0
0 0 0 0.14232 0 0 0 0 -0 -0 -0 0.14018 0.0042807 0.024215 0 0
-0 -0 -0 0.19418 0 0 0 0 -0 -0 -0 0.19126 0.0058402 0.033036 0 0
0 0 0 0.1474 0 0 0 0 -0 -0 -0 0.14519 0.0044334 0.025078 0 0
-0 -0 -0 0.15671 0 0 0 0 -0 -0 -0 0.15436 0.0047135 0.026663 0 0
-0 -0 -0 0.026021 0 0 0 0 -0 -0 -0 0.02563 0.00078265 0.0044272 0 0
-0 -0 -0 0.12964 0 0 0 0 -0 -0 -0 0.12769 0.0038991 0.022056 0 0
-0 -0 -0 0.12643 0 0 0 0 -0 -0 -0 0.12452 0.0038025 0.02151 0 0
-0 -0 -0 0.15918 0 0 0 0 -0 -0 -0 0.15679 0.0047877 0.027082 0 0
-0 -0 -0 0.11186 0 0 0 0 -0 -0 -0 0.11018 0.0033645 0.019032 0 0
-0 -0 -0 0.0067033 0 0 0 0 -0 -0 -0 0.0066025 0.00020162 0.0011405 0 0
0 0 0 0.064828 0 0 0 0 -0 -0 -0 0.063853 0.0019498 0.01103 0 0
0 0 0 0.17338 0 0 0 0 -0 -0 -0 0.17077 0.0052148 0.029499 0 0
-0 -0 -0 0.05704 0 0 0 0 -0 -0 -0 0.056183 0.0017156 0.0097046 0 0
-0 -0 -0 0.065357 0 0 0 0 -0 -0 -0 0.064374 0.0019657 0.01112 0 0
-0 -0 -0 0.057593 0 0 0 0 -0 -0 -0 0.056727 0.0017322 0.0097986 0 0
-0 -0 -0 0.11415 0 0 0 0 -0 -0 -0 0.11243 0.0034333 0.019421 0 0
0 0 0 0.19094 0 0 0 0 -0 -0 -0 0.18807 0.005743 0.032486 0 0
-0 -0 -0 0.046311 0 0 0 0 -0 -0 -0 0.045615 0.0013929 0.0078792 0 0
