0 0 0 0.085843 0 0 0 0 0 -0 0 0.083268 -0.011955 0.017106 0 0
0 0 0 0.067285 0 0 0 0 0 -0 0 0.065267 -0.0093704 0.013408 0 0
-0 -0 -0 0.13254 0 0 0 0 0 -0 0 0.12856 -0.018458 0.02641 0 0
-0 -0 -0 0.15262 0 0 0 0 0 -0 0 0.14804 -0.021254 0.030412 0 0
-0 -0 -0 0.13356 0 0 0 0 0 -0 0 0.12955 -0.0186 0.026614 0 0
0 0 0 0.11571 0 0 0 0 0 -0 0 0.11224 -0.016115 0.023058 0 0
-0 -0 -0 0.19802 0 0 0 0 0 -0 0 0.19207 -0.027576 0.039458 0 0
0 0 0 0.10928 0 0 0 0 0 -0 0 0.10601 -0.015219 0.021777 0 0
0 0 0 0.071603 0 0 0 0 0 -0 0 0.069455 -0.0099717 0.014268 0 0
0 0 0 0.10844 0 0 0 0 0 -0 0 0.10519 -0.015102 0.021608 0 0
0 0 0 0.12023 0 0 0 0 0 -0 0 0.11662 -0.016743 0.023957 0 0
-0 -0 -0 0.141 0 0 0 0 0 -0 0 0.13677 -0.019636 0.028095 0 0
0 0 0 0.18552 0 0 0 0 0 -0 0 0.17996 -0.025836 0.036968 0 0
-0 -0 -0 0.15525 0 0 0 0 0 -0 0 0.15059 -0.021621 0.030936 0 0
0 0 0 0.11926 0 0 0 0 0 -0 0 0.11568 -0.016609 0.023764 0 0
0 0 0 0.19601 0 0 0 0 0 -0 0 0.19013 -0.027297 0.039058 0 0
-0 -0 -0 0.18917 0 0 0 0 0 -0 0 0.1835 -0.026345 0.037695 0 0
0 0 0 0.010503 0 0 0 0 0 -0 0 0.010188 -0.0014627 0.0020929 0 0
-0 -0 -0 0.032456 0 0 0 0 0 -0 0 0.031482 -0.00452 0.0064674 0 0
0 0 0 0.15951 0 0 0 0 0 -0 0 0.15473 -0.022215 0.031786 0 0
-0 -0 -0 0.11901 0 0 0 0 0 -0 0 0.11544 -0.016574 0.023714 0 0
-0 -0 -0 0.13036 0 0 0 0 0 -0 0 0.12645 -0.018155 0.025977 0 0
-0 -0 -0 0.13865 0 0 0 0 0 -0 0 0.13449 -0.019308 0.027627 0 0
0 0 0 0.12943 0 0 0 0 0 -0 0 0.12555 -0.018025 0.025791 0 0
0 0 0 0.094172 0 0 0 0 0 -0 0 0.091346 -0.013115 0.018765 0 0
0 0 0 0.17332 0 0 0 0 0 -0 0 0.16812 -0.024138 0.034537 0 0
0 0 0 0.1314 0 0 0 0 0 -0 0 0.12745 -0.018299 0.026183 0 0
-0 -0 -0 0.047519 0 0 0 0 0 -0 0 0.046093 -0.0066177 0.0094688 0 0
-0 -0 -0 0.19955 0 0 0 0 0 -0 0 0.19357 -0.02779 0.039764 0 0
-0 -0 -0 0.15187 0 0 0 0 0 -0 0 0.14732 -0.02115 0.030263 0 0
-0 -0 -0 0.17798 0 0 0 0 0 -0 0 0.17264 -0.024786 0.035465 0 0
-0 -0 -0 0.14064 0 0 0 0 0 -0 0 0.13642 -0.019586 0.028024 0 0
0 0 0 0.10833 0 0 0 0 0 -0 0 0.10508 -0.015086 0.021586 0 0
-0 -0 -0 0.11386 0 0 0 0 0 -0 0 0.11045 -0.015857 0.022689 0 0
-0 -0 -0 0.16871 0 0 0 0 0 -0 0 0.16364 -0.023495 0.033617 0 0
0 0 0 0.15076 0 0 0 0 0 -0 0 0.14624 -0.020995 0.030041 0 0
-0 -0 -0 0.13267 0 0 0 0 0 -0 0 0.12869 -0.018476 0.026437 0 0
-0 -0 -0 0.021126 0 0 0 0 0 -0 0 0.020493 -0.0029422 0.0042098 0 0
0 0 0 0.13906 0 0 0 0 0 -0 0 0.13489 -0.019367 0.027711 0 0
0 0 0 0.057938 0 0 0 0 0 -0 0 0.0562 -0.0080687 0.011545 0 0
0 0 0 0.06333 0 0 0 0 0 -0 0 0.06143 -0.0088196 0.012619 0 0
-0 -0 -0 0.096729 0 0 0 0 0 -0 0 0.093827 -0.013471 0.019275 0 0
-0 -0 -0 0.00012128 0 0 0 0 0 -0 0 0.00011764 -1.689e-05 2.4167e-05 0 0
0 0 0 0.058094 0 0 0 0 0 -0 0 0.056351 -0.0080903 0.011576 0 0
0 0 0 0.10758 0 0 0 0 0 -0 0 0.10436 -0.014983 0.021438 0 0
0 0 0 0.026711 0 0 0 0 0 -0 0 0.025909 -0.0037198 0.0053225 0 0
-0 -0 -0 0.0022501 0 0 0 0 0 -0 0 0.0021826 -0.00031335 0.00044836 0 0
0 0 0 0.080447 0 0 0 0 0 -0 0 0.078034 -0.011203 0.01603 0 0
-0 -0 -0 0.14584 0 0 0 0 0 -0 0 0.14147 -0.020311 0.029062 0 0
0 0 0 0.019936 0 0 0 0 0 -0 0 0.019338 -0.0027764 0.0039726 0 0
-0 -0 -0 0.15356 0 0 0 0 0 -0 0 0.14896 -0.021386 0.0306 0 0
-0 -0 -0 0.11173 0 0 0 0 0 -0 0 0.10838 -0.015561 0.022265 0 0
-0 -0 -0 0.0096298 0 0 0 0 0 -0 0 0.0093409 -0.0013411 0.0019189 0 0
-0 -0 -0 0.15188 0 0 0 0 0 -0 0 0.14733 -0.021152 0.030265 0 0
-0 -0 -0 0.063377 0 0 0 0 0 -0 0 0.061476 -0.0088262 0.012629 0 0
0 0 0 0.07248 0 0 0 0 0 -0 0 0.070306 -0.010094 0.014443 0 0
0 0 0 0.029292 0 0 0 0 0 -0 0 0.028413 -0.0040793 0.0058369 0 0
0 0 0 0.19833 0 0 0 0 0 -0 0 0.19238 -0.02762 0.03952 0 0
0 0 0 0.0033642 0 0 0 0 0 -0 0 0.0032633 -0.00046851 0.00067037 0 0
0 0 0 0.044644 0 0 0 0 0 -0 0 0.043305 -0.0062173 0.008896 0 0
-0 -0 -0 0.13538 0 0 0 0 0 -0 0 0.13132 -0.018854 0.026977 0 0
-0 -0 -0 0.019003 0 0 0 0 0 -0 0 0.018432 -0.0026464 0.0037865 0 0
0 0 0 0.035071 0 0 0 0 0 -0 0 0.034019 -0.0048842 0.0069885 0 0
-0 -0 -0 0.16948 0 0 0 0 0 -0 0 0.16439 -0.023602 0.033771 0 0
0 0 0 0.09498 0 0 0 0 0 -0 0 0.09213 -0.013227 0.018926 0 0
-0 -0 -0 0.087521 0 0 0 0 0 -0 0 0.084895 -0.012188 0.01744 0 0
0 0 0 0.16083 0 0 0 0 0 -0 0 0.15601 -0.022398 0.032048 0 0
-0 -0 -0 0.19084 0 0 0 0 0 -0 0 0.18511 -0.026577 0.038027 0 0
0 0 0 0.0714 0 0 0 0 0 -0 0 0.069258 -0.0099434 0.014227 0 0
-0 -0 -0 0.10478 0 0 0 0 0 -0 0 0.10164 -0.014592 0.020879 0 0
-0 -0 -0 0.044571 0 0 0 0 0 -0 0 0.043234 -0.0062072 0.0088815 0 0
-0 -0 -0 0.095689 0 0 0 0 0 -0 0 0.092819 -0.013326 0.019068 0 0
0 0 0 0.046191 0 0 0 0 0 -0 0 0.044805 -0.0064327 0.0092042 0 0
0 0 0 0.14342 0 0 0 0 0 -0 0 0.13912 -0.019973 0.028579 0 0
-0 -0 -0 0.18685 0 0 0 0 0 -0 0 0.18125 -0.026022 0.037233 0 0
-0 -0 -0 0.070724 0 0 0 0 0 -0 0 0.068603 -0.0098494 0.014093 0 0
0 0 0 0.16202 0 0 0 0 0 -0 0 0.15716 -0.022564 0.032285 0 0
-0 -0 -0 0.090792 0 0 0 0 0 -0 0 0.088068 -0.012644 0.018092 0 0
0 0 0 0.033299 0 0 0 0 0 -0 0 0.0323 -0.0046373 0.0066353 0 0
-0 -0 -0 0.18181 0 0 0 0 0 -0 0 0.17636 -0.02532 0.036229 0 0
0 0 0 0.06875 0 0 0 0 0 -0 0 0.066687 -0.0095744 0.013699 0 0
-0 -0 -0 0.1329 0 0 0 0 0 -0 0 0.12891 -0.018508 0.026482 0 0
-0 -0 -0 0.028798 0 0 0 0 0 -0 0 0.027934 -0.0040106 0.0057385 0 0
0 0 0 0.073232 0 0 0 0 0 -0 0 0.071035 -0.010199 0.014593 0 0
0 0 0 0.012023 0 0 0 0 0 -0 0 0.011663 -0.0016744 0.0023958 0 0
-0 -0 -0 0.083629 0 0 0 0 0 -0 0 0.08112 -0.011646 0.016664 0 0
0 0 0 0.12513 0 0 0 0 0 -0 0 0.12138 -0.017426 0.024934 0 0
-0 -0 -0 0.086959 0 0 0 0 0 -0 0 0.08435 -0.01211 0.017328 0 0
-0 -0 -0 0.18105 0 0 0 0 0 -0 0 0.17562 -0.025214 0.036078 0 0
-0 -0 -0 0.10176 0 0 0 0 0 -0 0 0.098704 -0.014171 0.020277 0 0
0 0 0 0.16381 0 0 0 0 0 -0 0 0.15889 -0.022812 0.032641 0 0
-0 -0 -0 0.11546 0 0 0 0 0 -0 0 0.112 -0.016079 0.023007 0 0
0 0 0 0.065285 0 0 0 0 0 -0 0 0.063327 -0.0090919 0.013009 0 0
-0 -0 -0 0.058532 0 0 0 0 0 -0 0 0.056776 -0.0081514 0.011663 0 0
-0 -0 -0 0.10654 0 0 0 0 0 -0 0 0.10335 -0.014838 0.02123 0 0
-0 -0 -0 0.041125 0 0 0 0 0 -0 0 0.039891 -0.0057273 0.0081948 0 0
-0 -0 -0 0.13651 0 0 0 0 0 -0 0 0.13242 -0.019011 0.027202 0 0
-0 -0 -0 0.095494 0 0 0 0 0 -0 0 0.092629 -0.013299 0.019029 0 0
-0 -0 -0 0.07122 0 0 0 0 0 -0 0 0.069083 -0.0099183 0.014192 0 0
0 0 0 0.14264 0 0 0 0 0 -0 0 0.13836 -0.019865 0.028424 0 0
