-0 -0 -0.32856 0 0 0 0 0 0 0 0 0 0 0.045757 -0.11616 -0.30392 0.039542 -0.028715 0.016928 0 0
-0 -0 -0.14165 0 0 0 0 0 0 0 0 0 0 0.019727 -0.050078 -0.13103 0.01835 -0.010799 0.0068899 0 0
0 0 0.041225 0 0 0 0 0 0 0 0 0 0 -0.0057412 0.014574 0.038133 -0.0056526 0.0026551 -0.0018658 0 0
-0 -0 -0.21447 0 0 0 0 0 0 0 0 0 0 0.029869 -0.075823 -0.19839 0.027051 -0.017309 0.010688 0 0
0 0 0.32715 0 0 0 0 0 0 0 0 0 0 -0.045561 0.11566 0.30262 -0.047712 0.014585 -0.012758 0 0
0 0 0.29159 0 0 0 0 0 0 0 0 0 0 -0.040608 0.10309 0.26972 -0.042273 0.013738 -0.011615 0 0
0 0 0.13671 0 0 0 0 0 0 0 0 0 0 -0.019039 0.048332 0.12646 -0.019203 0.0079206 -0.0059184 0 0
0 0 0.23318 0 0 0 0 0 0 0 0 0 0 -0.032474 0.082438 0.21569 -0.033441 0.011948 -0.0096011 0 0
0 0 0.10492 0 0 0 0 0 0 0 0 0 0 -0.014611 0.037092 0.097049 -0.014625 0.0063065 -0.0046122 0 0
0 0 0.28013 0 0 0 0 0 0 0 0 0 0 -0.039012 0.099034 0.25912 -0.040529 0.013426 -0.011233 0 0
-0 -0 -0.0020618 0 0 0 0 0 0 0 0 0 0 0.00028714 -0.00072891 -0.0019072 0.00027929 -0.00013871 9.5062e-05 0 0
-0 -0 -0.30354 0 0 0 0 0 0 0 0 0 0 0.042273 -0.10731 -0.28078 0.036929 -0.026093 0.015532 0 0
0 0 0.17 0 0 0 0 0 0 0 0 0 0 -0.023674 0.060098 0.15725 -0.02406 0.0094589 -0.0072375 0 0
0 0 0.34545 0 0 0 0 0 0 0 0 0 0 -0.048109 0.12213 0.31954 -0.050526 0.014949 -0.013321 0 0
0 0 0.28065 0 0 0 0 0 0 0 0 0 0 -0.039084 0.099218 0.2596 -0.040608 0.01344 -0.011251 0 0
0 0 0.027141 0 0 0 0 0 0 0 0 0 0 -0.0037798 0.0095953 0.025106 -0.0037071 0.0017735 -0.0012359 0 0
-0 -0 -0.11852 0 0 0 0 0 0 0 0 0 0 0.016505 -0.0419 -0.10963 0.015476 -0.0088631 0.0057175 0 0
0 0 0.25545 0 0 0 0 0 0 0 0 0 0 -0.035575 0.09031 0.23629 -0.036792 0.012688 -0.010389 0 0
0 0 0.0054682 0 0 0 0 0 0 0 0 0 0 -0.00076152 0.0019332 0.0050581 -0.00074231 0.00036516 -0.00025132 0 0
-0 -0 -0.27766 0 0 0 0 0 0 0 0 0 0 0.038668 -0.098161 -0.25683 0.034149 -0.023451 0.014104 0 0
-0 -0 -0.19712 0 0 0 0 0 0 0 0 0 0 0.027452 -0.069688 -0.18234 0.025026 -0.015701 0.0097687 0 0
0 0 0.3385 0 0 0 0 0 0 0 0 0 0 -0.047141 0.11967 0.31311 -0.049457 0.014817 -0.013109 0 0
0 0 0.01189 0 0 0 0 0 0 0 0 0 0 -0.0016559 0.0042036 0.010998 -0.0016171 0.00078897 -0.000545 0 0
-0 -0 -0.047863 0 0 0 0 0 0 0 0 0 0 0.0066656 -0.016921 -0.044273 0.006395 -0.0033632 0.0022482 0 0
0 0 0.31201 0 0 0 0 0 0 0 0 0 0 -0.043452 0.11031 0.28861 -0.045391 0.014247 -0.012279 0 0
0 0 0.16658 0 0 0 0 0 0 0 0 0 0 -0.023198 0.05889 0.15408 -0.023558 0.0093081 -0.0071043 0 0
-0 -0 -0.22216 0 0 0 0 0 0 0 0 0 0 0.030939 -0.078541 -0.2055 0.027937 -0.018032 0.011098 0 0
0 0 0.070588 0 0 0 0 0 0 0 0 0 0 -0.0098304 0.024955 0.065294 -0.0097546 0.0044071 -0.003153 0 0
0 0 0.2792 0 0 0 0 0 0 0 0 0 0 -0.038882 0.098705 0.25826 -0.040387 0.013399 -0.011202 0 0
-0 -0 -0.1302 0 0 0 0 0 0 0 0 0 0 0.018132 -0.04603 -0.12044 0.016934 -0.0098325 0.0063074 0 0
-0 -0 -0.32213 0 0 0 0 0 0 0 0 0 0 0.044861 -0.11388 -0.29797 0.038877 -0.028034 0.016568 0 0
-0 -0 -0.12429 0 0 0 0 0 0 0 0 0 0 0.017309 -0.043939 -0.11497 0.016197 -0.0093397 0.0060082 0 0
0 0 0.011787 0 0 0 0 0 0 0 0 0 0 -0.0016415 0.004167 0.010903 -0.001603 0.00078219 -0.00054028 0 0
-0 -0 -0.26046 0 0 0 0 0 0 0 0 0 0 0.036273 -0.092081 -0.24093 0.03226 -0.021735 0.013164 0 0
-0 -0 -0.22745 0 0 0 0 0 0 0 0 0 0 0.031676 -0.080412 -0.2104 0.028544 -0.018534 0.011381 0 0
-0 -0 -0.15345 0 0 0 0 0 0 0 0 0 0 0.02137 -0.054249 -0.14194 0.019795 -0.011811 0.0074942 0 0
-0 -0 -0.23887 0 0 0 0 0 0 0 0 0 0 0.033266 -0.084447 -0.22095 0.029843 -0.019627 0.011994 0 0
0 0 0.060496 0 0 0 0 0 0 0 0 0 0 -0.0084249 0.021387 0.055958 -0.0083378 0.0038181 -0.0027146 0 0
-0 -0 -0.28072 0 0 0 0 0 0 0 0 0 0 0.039094 -0.099241 -0.25966 0.034481 -0.023759 0.014272 0 0
0 0 0.08251 0 0 0 0 0 0 0 0 0 0 -0.011491 0.02917 0.076321 -0.011437 0.0050851 -0.0036654 0 0
0 0 0.24915 0 0 0 0 0 0 0 0 0 0 -0.034698 0.088083 0.23047 -0.035842 0.012486 -0.010168 0 0
-0 -0 -0.037337 0 0 0 0 0 0 0 0 0 0 0.0051997 -0.0132 -0.034537 0.0050047 -0.0025981 0.0017465 0 0
-0 -0 -0.01921 0 0 0 0 0 0 0 0 0 0 0.0026752 -0.0067912 -0.017769 0.002589 -0.001314 0.00089199 0 0
-0 -0 -0.17931 0 0 0 0 0 0 0 0 0 0 0.024972 -0.063392 -0.16586 0.022917 -0.014088 0.0088344 0 0
0 0 0.18168 0 0 0 0 0 0 0 0 0 0 -0.025302 0.06423 0.16806 -0.02578 0.009962 -0.0076887 0 0
-0 -0 -0.27679 0 0 0 0 0 0 0 0 0 0 0.038547 -0.097854 -0.25603 0.034054 -0.023363 0.014056 0 0
-0 -0 -0.012605 0 0 0 0 0 0 0 0 0 0 0.0017554 -0.0044561 -0.011659 0.0017021 -0.00085672 0.0005837 0 0
-0 -0 -0.25802 0 0 0 0 0 0 0 0 0 0 0.035933 -0.091218 -0.23867 0.031989 -0.021494 0.013031 0 0
0 0 0.078012 0 0 0 0 0 0 0 0 0 0 -0.010864 0.027579 0.072161 -0.010801 0.0048315 -0.0034728 0 0
0 0 0.31349 0 0 0 0 0 0 0 0 0 0 -0.043657 0.11083 0.28997 -0.045617 0.014282 -0.012326 0 0
-0 -0 -0.069473 0 0 0 0 0 0 0 0 0 0 0.009675 -0.024561 -0.064262 0.0092194 -0.0049785 0.0032908 0 0
0 0 0.20352 0 0 0 0 0 0 0 0 0 0 -0.028343 0.071949 0.18825 -0.029012 0.01085 -0.0085147 0 0
0 0 0.070153 0 0 0 0 0 0 0 0 0 0 -0.0097698 0.024801 0.064892 -0.0096934 0.004382 -0.0031342 0 0
-0 -0 -0.041304 0 0 0 0 0 0 0 0 0 0 0.0057522 -0.014602 -0.038207 0.0055298 -0.0028848 0.0019351 0 0
-0 -0 -0.29036 0 0 0 0 0 0 0 0 0 0 0.040436 -0.10265 -0.26858 0.035522 -0.024738 0.014803 0 0
-0 -0 -0.019362 0 0 0 0 0 0 0 0 0 0 0.0026965 -0.0068452 -0.01791 0.0026095 -0.0013246 0.00089913 0 0
-0 -0 -0.31025 0 0 0 0 0 0 0 0 0 0 0.043206 -0.10968 -0.28698 0.037636 -0.026789 0.015905 0 0
0 0 0.3265 0 0 0 0 0 0 0 0 0 0 -0.04547 0.11543 0.30201 -0.047612 0.014571 -0.012737 0 0
-0 -0 -0.061622 0 0 0 0 0 0 0 0 0 0 0.0085817 -0.021785 -0.057 0.0081979 -0.0043848 0.0029101 0 0
0 0 0.29193 0 0 0 0 0 0 0 0 0 0 -0.040656 0.10321 0.27004 -0.042325 0.013747 -0.011626 0 0
0 0 0.23161 0 0 0 0 0 0 0 0 0 0 -0.032255 0.081881 0.21424 -0.033205 0.011893 -0.0095444 0 0
-0 -0 -0.28004 0 0 0 0 0 0 0 0 0 0 0.039 -0.099004 -0.25904 0.034408 -0.023691 0.014235 0 0
0 0 0.22839 0 0 0 0 0 0 0 0 0 0 -0.031806 0.080742 0.21126 -0.032722 0.011779 -0.0094283 0 0
-0 -0 -0.085958 0 0 0 0 0 0 0 0 0 0 0.011971 -0.030389 -0.079511 0.011347 -0.0062506 0.0040973 0 0
0 0 0.10691 0 0 0 0 0 0 0 0 0 0 -0.014889 0.037795 0.098891 -0.01491 0.0064117 -0.0046953 0 0
0 0 0.0044791 0 0 0 0 0 0 0 0 0 0 -0.00062378 0.0015835 0.0041432 -0.00060787 0.0002994 -0.00020595 0 0
-0 -0 -0.26106 0 0 0 0 0 0 0 0 0 0 0.036357 -0.092293 -0.24148 0.032327 -0.021795 0.013197 0 0
-0 -0 -0.036893 0 0 0 0 0 0 0 0 0 0 0.0051378 -0.013043 -0.034126 0.0049459 -0.0025661 0.0017254 0 0
-0 -0 -0.083189 0 0 0 0 0 0 0 0 0 0 0.011585 -0.02941 -0.07695 0.010991 -0.0060346 0.0039612 0 0
-0 -0 -0.021489 0 0 0 0 0 0 0 0 0 0 0.0029926 -0.0075969 -0.019877 0.0028942 -0.0014731 0.00099873 0 0
-0 -0 -0.038758 0 0 0 0 0 0 0 0 0 0 0.0053976 -0.013702 -0.035851 0.0051929 -0.0027005 0.001814 0 0
-0 -0 -0.30659 0 0 0 0 0 0 0 0 0 0 0.042697 -0.10839 -0.28359 0.03725 -0.026408 0.015701 0 0
0 0 0.19437 0 0 0 0 0 0 0 0 0 0 -0.027068 0.068714 0.17979 -0.027654 0.010486 -0.0081712 0 0
-0 -0 -0.27124 0 0 0 0 0 0 0 0 0 0 0.037774 -0.095892 -0.2509 0.033448 -0.022807 0.013752 0 0
0 0 0.063738 0 0 0 0 0 0 0 0 0 0 -0.0088764 0.022533 0.058957 -0.0087921 0.0040088 -0.0028559 0 0
-0 -0 -0.2366 0 0 0 0 0 0 0 0 0 0 0.03295 -0.083646 -0.21886 0.029586 -0.019409 0.011872 0 0
-0 -0 -0.034066 0 0 0 0 0 0 0 0 0 0 0.0047442 -0.012043 -0.031511 0.0045709 -0.0023632 0.0015914 0 0
0 0 0.1113 0 0 0 0 0 0 0 0 0 0 -0.0155 0.039347 0.10295 -0.015539 0.0066416 -0.0048779 0 0
0 0 0.15316 0 0 0 0 0 0 0 0 0 0 -0.02133 0.054148 0.14168 -0.021596 0.0087005 -0.0065767 0 0
0 0 0.34233 0 0 0 0 0 0 0 0 0 0 -0.047674 0.12102 0.31665 -0.050045 0.014891 -0.013226 0 0
0 0 0.27557 0 0 0 0 0 0 0 0 0 0 -0.038377 0.097423 0.2549 -0.039837 0.013296 -0.011079 0 0
0 0 0.015226 0 0 0 0 0 0 0 0 0 0 -0.0021205 0.005383 0.014084 -0.0020727 0.001007 -0.00069692 0 0
0 0 0.18604 0 0 0 0 0 0 0 0 0 0 -0.025909 0.06577 0.17209 -0.026423 0.010145 -0.0078553 0 0
-0 -0 -0.22682 0 0 0 0 0 0 0 0 0 0 0.031588 -0.080188 -0.20981 0.028472 -0.018474 0.011347 0 0
-0 -0 -0.33382 0 0 0 0 0 0 0 0 0 0 0.046489 -0.11801 -0.30878 0.040082 -0.029273 0.017223 0 0
-0 -0 -0.091642 0 0 0 0 0 0 0 0 0 0 0.012762 -0.032398 -0.084768 0.012074 -0.0066972 0.0043775 0 0
0 0 0.010245 0 0 0 0 0 0 0 0 0 0 -0.0014267 0.0036217 0.0094762 -0.0013926 0.00068088 -0.00046989 0 0
0 0 0.33347 0 0 0 0 0 0 0 0 0 0 -0.04644 0.11789 0.30846 -0.048682 0.014716 -0.012954 0 0
-0 -0 -0.27824 0 0 0 0 0 0 0 0 0 0 0.038748 -0.098365 -0.25737 0.034212 -0.023509 0.014136 0 0
0 0 0.053142 0 0 0 0 0 0 0 0 0 0 -0.0074008 0.018787 0.049156 -0.00731 0.0033802 -0.0023925 0 0
0 0 0.25404 0 0 0 0 0 0 0 0 0 0 -0.035379 0.089812 0.23499 -0.036579 0.012644 -0.01034 0 0
0 0 0.12285 0 0 0 0 0 0 0 0 0 0 -0.017108 0.04343 0.11363 -0.017199 0.0072339 -0.0053542 0 0
0 0 0.34526 0 0 0 0 0 0 0 0 0 0 -0.048082 0.12206 0.31936 -0.050497 0.014946 -0.013315 0 0
-0 -0 -0.17181 0 0 0 0 0 0 0 0 0 0 0.023927 -0.06074 -0.15893 0.022018 -0.013419 0.0084436 0 0
0 0 0.2375 0 0 0 0 0 0 0 0 0 0 -0.033076 0.083965 0.21969 -0.034089 0.012097 -0.0097557 0 0
0 0 0.12675 0 0 0 0 0 0 0 0 0 0 -0.017652 0.044812 0.11725 -0.017763 0.0074302 -0.0055141 0 0
0 0 0.19183 0 0 0 0 0 0 0 0 0 0 -0.026715 0.067818 0.17744 -0.027279 0.010383 -0.0080754 0 0
-0 -0 -0.1982 0 0 0 0 0 0 0 0 0 0 0.027602 -0.07007 -0.18334 0.025153 -0.0158 0.0098258 0 0
-0 -0 -0.23571 0 0 0 0 0 0 0 0 0 0 0.032825 -0.083329 -0.21803 0.029484 -0.019323 0.011824 0 0
0 0 0.26213 0 0 0 0 0 0 0 0 0 0 -0.036506 0.092671 0.24247 -0.037801 0.012897 -0.01062 0 0
