0 0 0.2629 0 0 0 0 0 0 0 0 0 0 -0.036613 0.092944 0.24318 -0.010178 0.036997 -0.015673 0 0
0 0 0.24248 0 0 0 0 0 0 0 0 0 0 -0.033769 0.085725 0.2243 -0.0090166 0.034246 -0.014446 0 0
0 0 0.0052414 0 0 0 0 0 0 0 0 0 0 -0.00072994 0.001853 0.0048483 -9.9678e-05 0.00076339 -0.00030677 0 0
0 0 0.2063 0 0 0 0 0 0 0 0 0 0 -0.02873 0.072934 0.19083 -0.0071087 0.02931 -0.012273 0 0
0 0 0.072052 0 0 0 0 0 0 0 0 0 0 -0.010034 0.025472 0.066648 -0.0017431 0.010424 -0.0042464 0 0
0 0 0.26919 0 0 0 0 0 0 0 0 0 0 -0.037489 0.095167 0.249 -0.010548 0.037839 -0.01605 0 0
0 0 0.0013627 0 0 0 0 0 0 0 0 0 0 -0.00018977 0.00048174 0.0012605 -2.5504e-05 0.00019853 -7.9719e-05 0 0
-0 -0 -0.17386 0 0 0 0 0 0 0 0 0 0 0.024212 -0.061465 -0.16082 0.00087558 -0.025589 0.0099116 0 0
0 0 0.13706 0 0 0 0 0 0 0 0 0 0 -0.019088 0.048456 0.12678 -0.0040008 0.019671 -0.0081207 0 0
-0 -0 -0.08671 0 0 0 0 0 0 0 0 0 0 0.012076 -0.030655 -0.080206 0.0010276 -0.012714 0.005014 0 0
0 0 0.077651 0 0 0 0 0 0 0 0 0 0 -0.010814 0.027452 0.071827 -0.0019121 0.011227 -0.0045788 0 0
0 0 0.0057579 0 0 0 0 0 0 0 0 0 0 -0.00080187 0.0020356 0.0053261 -0.00010973 0.00083858 -0.00033702 0 0
0 0 0.061944 0 0 0 0 0 0 0 0 0 0 -0.0086266 0.021899 0.057298 -0.0014502 0.0089716 -0.0036472 0 0
-0 -0 -0.10331 0 0 0 0 0 0 0 0 0 0 0.014388 -0.036524 -0.095564 0.0010903 -0.015162 0.0059591 0 0
0 0 0.16866 0 0 0 0 0 0 0 0 0 0 -0.023488 0.059625 0.15601 -0.0053297 0.024099 -0.010013 0 0
-0 -0 -0.23309 0 0 0 0 0 0 0 0 0 0 0.032461 -0.082405 -0.21561 9.4489e-05 -0.034344 0.01314 0 0
0 0 0.052973 0 0 0 0 0 0 0 0 0 0 -0.0073772 0.018727 0.049 -0.0012034 0.0076796 -0.0031163 0 0
0 0 0.2292 0 0 0 0 0 0 0 0 0 0 -0.03192 0.081031 0.21201 -0.0082941 0.032443 -0.013648 0 0
-0 -0 -0.08349 0 0 0 0 0 0 0 0 0 0 0.011627 -0.029516 -0.077228 0.0010104 -0.01224 0.0048301 0 0
0 0 0.045281 0 0 0 0 0 0 0 0 0 0 -0.006306 0.016008 0.041885 -0.0010018 0.0065698 -0.0026618 0 0
0 0 0.29809 0 0 0 0 0 0 0 0 0 0 -0.041513 0.10538 0.27573 -0.012322 0.041677 -0.017784 0 0
-0 -0 -0.16614 0 0 0 0 0 0 0 0 0 0 0.023137 -0.058735 -0.15368 0.00093703 -0.024447 0.0094845 0 0
-0 -0 -0.031168 0 0 0 0 0 0 0 0 0 0 0.0043406 -0.011019 -0.02883 0.00050444 -0.0045531 0.0018161 0 0
0 0 0.26596 0 0 0 0 0 0 0 0 0 0 -0.037039 0.094026 0.24601 -0.010358 0.037407 -0.015856 0 0
-0 -0 -0.25482 0 0 0 0 0 0 0 0 0 0 0.035488 -0.090088 -0.23571 -0.00032913 -0.03755 0.014302 0 0
-0 -0 -0.34509 0 0 0 0 0 0 0 0 0 0 0.048058 -0.122 -0.3192 -0.0028697 -0.050786 0.018978 0 0
0 0 0.17141 0 0 0 0 0 0 0 0 0 0 -0.023872 0.0606 0.15856 -0.0054528 0.024483 -0.010178 0 0
-0 -0 -0.075462 0 0 0 0 0 0 0 0 0 0 0.010509 -0.026678 -0.069802 0.00096059 -0.011058 0.0043707 0 0
-0 -0 -0.21787 0 0 0 0 0 0 0 0 0 0 0.030342 -0.077025 -0.20153 0.00034739 -0.032096 0.012319 0 0
0 0 0.075294 0 0 0 0 0 0 0 0 0 0 -0.010486 0.026619 0.069647 -0.0018404 0.010889 -0.0044388 0 0
0 0 0.32491 0 0 0 0 0 0 0 0 0 0 -0.045248 0.11486 0.30054 -0.014074 0.045188 -0.01939 0 0
-0 -0 -0.24743 0 0 0 0 0 0 0 0 0 0 0.034458 -0.087474 -0.22887 -0.00017678 -0.03646 0.013908 0 0
-0 -0 -0.32916 0 0 0 0 0 0 0 0 0 0 0.04584 -0.11637 -0.30447 -0.0023304 -0.048463 0.018171 0 0
0 0 0.23135 0 0 0 0 0 0 0 0 0 0 -0.032218 0.081788 0.214 -0.0084089 0.032735 -0.013777 0 0
-0 -0 -0.23973 0 0 0 0 0 0 0 0 0 0 0.033386 -0.084752 -0.22175 -2.7112e-05 -0.035323 0.013496 0 0
0 0 0.29498 0 0 0 0 0 0 0 0 0 0 -0.041081 0.10429 0.27286 -0.012125 0.041267 -0.017598 0 0
-0 -0 -0.34572 0 0 0 0 0 0 0 0 0 0 0.048147 -0.12222 -0.31979 -0.002892 -0.050879 0.01901 0 0
-0 -0 -0.29308 0 0 0 0 0 0 0 0 0 0 0.040815 -0.10361 -0.27109 -0.0012525 -0.043178 0.016314 0 0
0 0 0.0082687 0 0 0 0 0 0 0 0 0 0 -0.0011515 0.0029232 0.0076486 -0.0001592 0.001204 -0.00048412 0 0
-0 -0 -0.32807 0 0 0 0 0 0 0 0 0 0 0.045688 -0.11598 -0.30346 -0.002295 -0.048304 0.018116 0 0
-0 -0 -0.28001 0 0 0 0 0 0 0 0 0 0 0.038995 -0.098991 -0.25901 -0.00091161 -0.041257 0.015631 0 0
-0 -0 -0.13011 0 0 0 0 0 0 0 0 0 0 0.018119 -0.045997 -0.12035 0.0011005 -0.019119 0.007473 0 0
0 0 0.12852 0 0 0 0 0 0 0 0 0 0 -0.017898 0.045435 0.11888 -0.0036673 0.018466 -0.0076098 0 0
-0 -0 -0.31009 0 0 0 0 0 0 0 0 0 0 0.043184 -0.10963 -0.28683 -0.0017358 -0.045673 0.017195 0 0
-0 -0 -0.24655 0 0 0 0 0 0 0 0 0 0 0.034336 -0.087164 -0.22806 -0.00015924 -0.03633 0.013861 0 0
0 0 0.15783 0 0 0 0 0 0 0 0 0 0 -0.02198 0.055798 0.14599 -0.0048574 0.022587 -0.0093641 0 0
0 0 0.013563 0 0 0 0 0 0 0 0 0 0 -0.0018888 0.0047949 0.012546 -0.0002667 0.0019739 -0.00079457 0 0
-0 -0 -0.11494 0 0 0 0 0 0 0 0 0 0 0.016007 -0.040635 -0.10632 0.0011085 -0.016879 0.0066179 0 0
0 0 0.31799 0 0 0 0 0 0 0 0 0 0 -0.044284 0.11242 0.29414 -0.013612 0.044286 -0.018975 0 0
0 0 0.26619 0 0 0 0 0 0 0 0 0 0 -0.03707 0.094105 0.24622 -0.010371 0.037437 -0.01587 0 0
0 0 0.019846 0 0 0 0 0 0 0 0 0 0 -0.0027638 0.0070162 0.018358 -0.00039993 0.0028866 -0.0011635 0 0
0 0 0.0097126 0 0 0 0 0 0 0 0 0 0 -0.0013526 0.0034337 0.0089842 -0.00018808 0.001414 -0.00056875 0 0
0 0 0.27111 0 0 0 0 0 0 0 0 0 0 -0.037756 0.095845 0.25077 -0.010662 0.038096 -0.016165 0 0
-0 -0 -0.1719 0 0 0 0 0 0 0 0 0 0 0.02394 -0.060772 -0.15901 0.00089206 -0.025299 0.0098034 0 0
-0 -0 -0.34255 0 0 0 0 0 0 0 0 0 0 0.047705 -0.1211 -0.31686 -0.0027814 -0.050417 0.018851 0 0
-0 -0 -0.045968 0 0 0 0 0 0 0 0 0 0 0.0064017 -0.016251 -0.042521 0.00069095 -0.0067226 0.0026734 0 0
0 0 0.31267 0 0 0 0 0 0 0 0 0 0 -0.043543 0.11054 0.28922 -0.013262 0.043591 -0.018657 0 0
-0 -0 -0.25022 0 0 0 0 0 0 0 0 0 0 0.034846 -0.088459 -0.23145 -0.00023315 -0.03687 0.014056 0 0
-0 -0 -0.12771 0 0 0 0 0 0 0 0 0 0 0.017786 -0.04515 -0.11813 0.0011042 -0.018765 0.0073382 0 0
0 0 0.18325 0 0 0 0 0 0 0 0 0 0 -0.02552 0.064784 0.16951 -0.0059942 0.026128 -0.010888 0 0
-0 -0 -0.021017 0 0 0 0 0 0 0 0 0 0 0.002927 -0.0074302 -0.019441 0.00035677 -0.0030679 0.0012262 0 0
-0 -0 -0.34306 0 0 0 0 0 0 0 0 0 0 0.047775 -0.12128 -0.31733 -0.0027988 -0.050491 0.018876 0 0
-0 -0 -0.1436 0 0 0 0 0 0 0 0 0 0 0.019999 -0.050768 -0.13283 0.0010631 -0.021114 0.0082297 0 0
0 0 0.33167 0 0 0 0 0 0 0 0 0 0 -0.046189 0.11725 0.30679 -0.014532 0.046065 -0.019794 0 0
-0 -0 -0.16376 0 0 0 0 0 0 0 0 0 0 0.022806 -0.057894 -0.15148 0.00095409 -0.024095 0.0093526 0 0
-0 -0 -0.30836 0 0 0 0 0 0 0 0 0 0 0.042944 -0.10902 -0.28524 -0.0016848 -0.04542 0.017106 0 0
0 0 0.18839 0 0 0 0 0 0 0 0 0 0 -0.026237 0.066603 0.17426 -0.0062361 0.026841 -0.011197 0 0
0 0 0.045743 0 0 0 0 0 0 0 0 0 0 -0.0063704 0.016172 0.042312 -0.0010136 0.0066365 -0.002689 0 0
-0 -0 -0.28394 0 0 0 0 0 0 0 0 0 0 0.039542 -0.10038 -0.26264 -0.0010113 -0.041835 0.015837 0 0
-0 -0 -0.31245 0 0 0 0 0 0 0 0 0 0 0.043514 -0.11046 -0.28902 -0.0018065 -0.046019 0.017316 0 0
0 0 0.11117 0 0 0 0 0 0 0 0 0 0 -0.015483 0.039303 0.10284 -0.0030245 0.01601 -0.0065741 0 0
-0 -0 -0.08562 0 0 0 0 0 0 0 0 0 0 0.011924 -0.030269 -0.079198 0.001022 -0.012554 0.0049518 0 0
-0 -0 -0.12943 0 0 0 0 0 0 0 0 0 0 0.018025 -0.045758 -0.11972 0.0011016 -0.019019 0.0074349 0 0
-0 -0 -0.20296 0 0 0 0 0 0 0 0 0 0 0.028266 -0.071754 -0.18774 0.00056018 -0.029893 0.011509 0 0
0 0 0.15529 0 0 0 0 0 0 0 0 0 0 -0.021626 0.0549 0.14364 -0.0047491 0.022232 -0.0092119 0 0
0 0 0.21101 0 0 0 0 0 0 0 0 0 0 -0.029386 0.074597 0.19518 -0.0073459 0.029956 -0.012555 0 0
0 0 0.22145 0 0 0 0 0 0 0 0 0 0 -0.030841 0.07829 0.20484 -0.0078842 0.031386 -0.013183 0 0
-0 -0 -0.21867 0 0 0 0 0 0 0 0 0 0 0.030452 -0.077305 -0.20227 0.00033511 -0.032213 0.012362 0 0
0 0 0.22013 0 0 0 0 0 0 0 0 0 0 -0.030656 0.077823 0.20362 -0.0078152 0.031206 -0.013103 0 0
-0 -0 -0.11357 0 0 0 0 0 0 0 0 0 0 0.015816 -0.040149 -0.10505 0.0011075 -0.016676 0.0065401 0 0
-0 -0 -0.17302 0 0 0 0 0 0 0 0 0 0 0.024096 -0.061168 -0.16005 0.00088271 -0.025465 0.0098653 0 0
-0 -0 -0.16297 0 0 0 0 0 0 0 0 0 0 0.022696 -0.057614 -0.15075 0.00095958 -0.023978 0.0093086 0 0
0 0 0.15419 0 0 0 0 0 0 0 0 0 0 -0.021473 0.054511 0.14263 -0.0047026 0.022078 -0.0091461 0 0
-0 -0 -0.033873 0 0 0 0 0 0 0 0 0 0 0.0047173 -0.011975 -0.031332 0.00054108 -0.0049493 0.0019731 0 0
-0 -0 -0.17233 0 0 0 0 0 0 0 0 0 0 0.024 -0.060925 -0.15941 0.00088847 -0.025363 0.0098273 0 0
0 0 0.31879 0 0 0 0 0 0 0 0 0 0 -0.044396 0.1127 0.29488 -0.013666 0.044392 -0.019024 0 0
-0 -0 -0.12993 0 0 0 0 0 0 0 0 0 0 0.018095 -0.045936 -0.12019 0.0011008 -0.019094 0.0074632 0 0
-0 -0 -0.20755 0 0 0 0 0 0 0 0 0 0 0.028904 -0.073374 -0.19198 0.00049846 -0.03057 0.011759 0 0
-0 -0 -0.16228 0 0 0 0 0 0 0 0 0 0 0.0226 -0.057371 -0.15011 0.00096426 -0.023876 0.0092705 0 0
-0 -0 -0.11784 0 0 0 0 0 0 0 0 0 0 0.016411 -0.04166 -0.109 0.0011098 -0.017307 0.0067818 0 0
-0 -0 -0.17165 0 0 0 0 0 0 0 0 0 0 0.023905 -0.060684 -0.15878 0.0008941 -0.025262 0.0097897 0 0
0 0 0.3414 0 0 0 0 0 0 0 0 0 0 -0.047545 0.1207 0.3158 -0.015203 0.047323 -0.020375 0 0
0 0 0.34045 0 0 0 0 0 0 0 0 0 0 -0.047413 0.12036 0.31492 -0.015137 0.0472 -0.020319 0 0
-0 -0 -0.24912 0 0 0 0 0 0 0 0 0 0 0.034694 -0.088071 -0.23044 -0.00021083 -0.036709 0.013998 0 0
0 0 0.011336 0 0 0 0 0 0 0 0 0 0 -0.0015787 0.0040076 0.010486 -0.00022095 0.0016501 -0.00066394 0 0
0 0 0.033591 0 0 0 0 0 0 0 0 0 0 -0.004678 0.011875 0.031072 -0.00071272 0.0048794 -0.0019722 0 0
0 0 0.29825 0 0 0 0 0 0 0 0 0 0 -0.041535 0.10544 0.27588 -0.012332 0.041697 -0.017793 0 0
0 0 0.0046324 0 0 0 0 0 0 0 0 0 0 -0.00064513 0.0016377 0.004285 -8.7878e-05 0.00067473 -0.00027111 0 0
-0 -0 -0.23111 0 0 0 0 0 0 0 0 0 0 0.032185 -0.081705 -0.21378 0.00012946 -0.034051 0.013034 0 0
0 0 0.28197 0 0 0 0 0 0 0 0 0 0 -0.039269 0.099686 0.26082 -0.011318 0.039543 -0.016817 0 0
