-0 -0 -0 0.084246 0 0 0 0 -0 -0 -0 0.082979 0.0025339 0.014333 0 0
-0 -0 -0 0.14364 0 0 0 0 -0 -0 -0 0.14148 0.0043201 0.024438 0 0
0 0 0 0.02395 0 0 0 0 -0 -0 -0 0.02359 0.00072036 0.0040748 0 0
0 0 0 0.15015 0 0 0 0 -0 -0 -0 0.1479 0.0045162 0.025547 0 0
0 0 0 0.00033337 0 0 0 0 -0 -0 -0 0.00032836 1.0027e-05 5.6719e-05 0 0
0 0 0 0.091781 0 0 0 0 -0 -0 -0 0.090401 0.0027605 0.015615 0 0
-0 -0 -0 0.088655 0 0 0 0 -0 -0 -0 0.087322 0.0026665 0.015083 0 0
0 0 0 0.14491 0 0 0 0 -0 -0 -0 0.14273 0.0043584 0.024654 0 0
-0 -0 -0 0.11149 0 0 0 0 -0 -0 -0 0.10981 0.0033532 0.018968 0 0
0 0 0 0.10146 0 0 0 0 -0 -0 -0 0.099933 0.0030516 0.017262 0 0
-0 -0 -0 0.076536 0 0 0 0 -0 -0 -0 0.075385 0.002302 0.013022 0 0
-0 -0 -0 0.17758 0 0 0 0 -0 -0 -0 0.17491 0.0053412 0.030214 0 0
-0 -0 -0 0.00099524 0 0 0 0 -0 -0 -0 0.00098028 2.9934e-05 0.00016933 0 0
0 0 0 0.090946 0 0 0 0 -0 -0 -0 0.089578 0.0027354 0.015473 0 0
0 0 0 0.087779 0 0 0 0 -0 -0 -0 0.086459 0.0026401 0.014934 0 0
0 0 0 0.018078 0 0 0 0 -0 -0 -0 0.017806 0.00054374 0.0030757 0 0
-0 -0 -0 0.1512 0 0 0 0 -0 -0 -0 0.14892 0.0045476 0.025724 0 0
-0 -0 -0 0.16848 0 0 0 0 -0 -0 -0 0.16595 0.0050674 0.028665 0 0
-0 -0 -0 0.03153 0 0 0 0 -0 -0 -0 0.031056 0.00094833 0.0053644 0 0
-0 -0 -0 0.03029 0 0 0 0 -0 -0 -0 0.029835 0.00091104 0.0051535 0 0
-0 -0 -0 0.10636 0 0 0 0 -0 -0 -0 0.10476 0.003199 0.018096 0 0
-0 -0 -0 0.015091 0 0 0 0 -0 -0 -0 0.014864 0.0004539 0.0025676 0 0
0 0 0 0.016847 0 0 0 0 -0 -0 -0 0.016593 0.0005067 0.0028663 0 0
0 0 0 0.021565 0 0 0 0 -0 -0 -0 0.021241 0.00064863 0.0036691 0 0
-0 -0 -0 0.039299 0 0 0 0 -0 -0 -0 0.038708 0.001182 0.0066862 0 0
0 0 0 0.11941 0 0 0 0 -0 -0 -0 0.11761 0.0035914 0.020316 0 0
-0 -0 -0 0.12788 0 0 0 0 -0 -0 -0 0.12596 0.0038462 0.021757 0 0
0 0 0 0.11459 0 0 0 0 -0 -0 -0 0.11287 0.0034467 0.019497 0 0
-0 -0 -0 0.011503 0 0 0 0 -0 -0 -0 0.01133 0.00034597 0.001957 0 0
0 0 0 0.01727 0 0 0 0 -0 -0 -0 0.01701 0.00051943 0.0029383 0 0
-0 -0 -0 0.19813 0 0 0 0 -0 -0 -0 0.19515 0.0059591 0.033709 0 0
0 0 0 0.055266 0 0 0 0 -0 -0 -0 0.054435 0.0016622 0.0094028 0 0
0 0 0 0.19998 0 0 0 0 -0 -0 -0 0.19697 0.0060149 0.034024 0 0
-0 -0 -0 0.13502 0 0 0 0 -0 -0 -0 0.13299 0.004061 0.022972 0 0
-0 -0 -0 0.1405 0 0 0 0 -0 -0 -0 0.13839 0.0042259 0.023904 0 0
-0 -0 -0 0.11383 0 0 0 0 -0 -0 -0 0.11211 0.0034235 0.019366 0 0
-0 -0 -0 0.061932 0 0 0 0 -0 -0 -0 0.061001 0.0018627 0.010537 0 0
0 0 0 0.15964 0 0 0 0 -0 -0 -0 0.15724 0.0048014 0.02716 0 0
-0 -0 -0 0.14117 0 0 0 0 -0 -0 -0 0.13904 0.0042459 0.024018 0 0
0 0 0 0.12358 0 0 0 0 -0 -0 -0 0.12172 0.0037169 0.021026 0 0
-0 -0 -0 0.044918 0 0 0 0 -0 -0 -0 0.044243 0.001351 0.0076422 0 0
0 0 0 0.11041 0 0 0 0 -0 -0 -0 0.10875 0.0033209 0.018785 0 0
0 0 0 0.17641 0 0 0 0 -0 -0 -0 0.17376 0.005306 0.030015 0 0
-0 -0 -0 0.088634 0 0 0 0 -0 -0 -0 0.087301 0.0026658 0.01508 0 0
0 0 0 0.029824 0 0 0 0 -0 -0 -0 0.029376 0.00089703 0.0050742 0 0
-0 -0 -0 0.08294 0 0 0 0 -0 -0 -0 0.081693 0.0024946 0.014111 0 0
0 0 0 0.12803 0 0 0 0 -0 -0 -0 0.1261 0.0038507 0.021782 0 0
-0 -0 -0 0.029115 0 0 0 0 -0 -0 -0 0.028677 0.0008757 0.0049536 0 0
-0 -0 -0 0.079738 0 0 0 0 -0 -0 -0 0.078538 0.0023983 0.013566 0 0
-0 -0 -0 0.10912 0 0 0 0 -0 -0 -0 0.10748 0.003282 0.018565 0 0
0 0 0 0.086282 0 0 0 0 -0 -0 -0 0.084984 0.0025951 0.01468 0 0
0 0 0 0.16625 0 0 0 0 -0 -0 -0 0.16375 0.0050002 0.028285 0 0
0 0 0 0.074911 0 0 0 0 -0 -0 -0 0.073784 0.0022531 0.012745 0 0
-0 -0 -0 0.1427 0 0 0 0 -0 -0 -0 0.14056 0.0042921 0.024279 0 0
-0 -0 -0 0.1427 0 0 0 0 -0 -0 -0 0.14056 0.0042921 0.024279 0 0
-0 -0 -0 0.079632 0 0 0 0 -0 -0 -0 0.078435 0.0023951 0.013548 0 0
0 0 0 0.00723 0 0 0 0 -0 -0 -0 0.0071213 0.00021746 0.0012301 0 0
0 0 0 0.16254 0 0 0 0 -0 -0 -0 0.1601 0.0048888 0.027654 0 0
-0 -0 -0 0.098619 0 0 0 0 -0 -0 -0 0.097136 0.0029662 0.016779 0 0
-0 -0 -0 0.12139 0 0 0 0 -0 -0 -0 0.11956 0.003651 0.020653 0 0
0 0 0 0.18427 0 0 0 0 -0 -0 -0 0.1815 0.0055422 0.03135 0 0
0 0 0 0.022586 0 0 0 0 -0 -0 -0 0.022247 0.00067933 0.0038428 0 0
-0 -0 -0 0.067093 0 0 0 0 -0 -0 -0 0.066084 0.002018 0.011415 0 0
0 0 0 0.058311 0 0 0 0 -0 -0 -0 0.057435 0.0017538 0.0099209 0 0
0 0 0 0.044234 0 0 0 0 -0 -0 -0 0.043569 0.0013304 0.0075258 0 0
0 0 0 0.086928 0 0 0 0 -0 -0 -0 0.085621 0.0026145 0.01479 0 0
0 0 0 0.072066 0 0 0 0 -0 -0 -0 0.070982 0.0021675 0.012261 0 0
0 0 0 0.10354 0 0 0 0 -0 -0 -0 0.10198 0.003114 0.017615 0 0
-0 -0 -0 0.19221 0 0 0 0 -0 -0 -0 0.18932 0.0057811 0.032702 0 0
-0 -0 -0 0.18671 0 0 0 0 -0 -0 -0 0.1839 0.0056156 0.031766 0 0
0 0 0 0.16517 0 0 0 0 -0 -0 -0 0.16268 0.0049677 0.028101 0 0
-0 -0 -0 0.19202 0 0 0 0 -0 -0 -0 0.18914 0.0057755 0.03267 0 0
0 0 0 0.069766 0 0 0 0 -0 -0 -0 0.068717 0.0020984 0.01187 0 0
-0 -0 -0 0.082069 0 0 0 0 -0 -0 -0 0.080835 0.0024684 0.013963 0 0
0 0 0 0.0018864 0 0 0 0 -0 -0 -0 0.0018581 5.6739e-05 0.00032095 0 0
-0 -0 -0 0.12923 0 0 0 0 -0 -0 -0 0.12729 0.0038869 0.021987 0 0
0 0 0 0.11261 0 0 0 0 -0 -0 -0 0.11092 0.003387 0.019159 0 0
-0 -0 -0 0.067938 0 0 0 0 -0 -0 -0 0.066916 0.0020434 0.011559 0 0
-0 -0 -0 0.0070262 0 0 0 0 -0 -0 -0 0.0069205 0.00021133 0.0011954 0 0
-0 -0 -0 0.0083182 0 0 0 0 -0 -0 -0 0.0081931 0.00025019 0.0014152 0 0
0 0 0 0.13135 0 0 0 0 -0 -0 -0 0.12938 0.0039507 0.022348 0 0
-0 -0 -0 0.17088 0 0 0 0 -0 -0 -0 0.16831 0.0051395 0.029072 0 0
-0 -0 -0 0.16113 0 0 0 0 -0 -0 -0 0.15871 0.0048463 0.027414 0 0
-0 -0 -0 0.18906 0 0 0 0 -0 -0 -0 0.18622 0.0056865 0.032166 0 0
-0 -0 -0 0.10225 0 0 0 0 -0 -0 -0 0.10071 0.0030754 0.017397 0 0
0 0 0 0.18407 0 0 0 0 -0 -0 -0 0.1813 0.0055363 0.031317 0 0
-0 -0 -0 0.116 0 0 0 0 -0 -0 -0 0.11426 0.003489 0.019736 0 0
0 0 0 0.16272 0 0 0 0 -0 -0 -0 0.16028 0.0048943 0.027685 0 0
-0 -0 -0 0.04586 0 0 0 0 -0 -0 -0 0.045171 0.0013793 0.0078025 0 0
-0 -0 -0 0.094539 0 0 0 0 -0 -0 -0 0.093118 0.0028435 0.016085 0 0
0 0 0 0.14388 0 0 0 0 -0 -0 -0 0.14172 0.0043276 0.02448 0 0
0 0 0 0.01994 0 0 0 0 -0 -0 -0 0.01964 0.00059975 0.0033926 0 0
0 0 0 0.17499 0 0 0 0 -0 -0 -0 0.17236 0.0052631 0.029772 0 0
0 0 0 0.1155 0 0 0 0 -0 -0 -0 0.11376 0.0034738 0.01965 0 0
0 0 0 0.19376 0 0 0 0 -0 -0 -0 0.19085 0.0058278 0.032966 0 0
-0 -0 -0 0.17404 0 0 0 0 -0 -0 -0 0.17142 0.0052345 0.02961 0 0
-0 -0 -0 0.098373 0 0 0 0 -0 -0 -0 0.096894 0.0029588 0.016737 0 0
-0 -0 -0 0.019296 0 0 0 0 -0 -0 -0 0.019006 0.00058036 0.0032829 0 0
0 0 0 0.048797 0 0 0 0 -0 -0 -0 0.048064 0.0014677 0.0083022 0 0
-0 -0 -0 0.19421 0 0 0 0 -0 -0 -0 0.19129 0.0058413 0.033042 0 0
