0 0 0 0.027958 0 0 0 0 0 0 -0 0.023849 -0.012799 0.0070056 0 0
-0 -0 -0 0.067878 0 0 0 0 0 0 -0 0.057902 -0.031073 0.017008 0 0
-0 -0 -0 0.010679 0 0 0 0 0 0 -0 0.0091094 -0.0048885 0.0026758 0 0
0 0 0 0.02344 0 0 0 0 0 0 -0 0.019995 -0.01073 0.0058735 0 0
0 0 0 0.080972 0 0 0 0 0 0 -0 0.069071 -0.037067 0.020289 0 0
-0 -0 -0 0.1743 0 0 0 0 0 0 -0 0.14868 -0.07979 0.043675 0 0
0 0 0 0.15842 0 0 0 0 0 0 -0 0.13514 -0.072521 0.039696 0 0
0 0 0 0.14159 0 0 0 0 0 0 -0 0.12078 -0.064816 0.035478 0 0
0 0 0 0.081983 0 0 0 0 0 0 -0 0.069934 -0.03753 0.020543 0 0
0 0 0 0.14827 0 0 0 0 0 0 -0 0.12648 -0.067875 0.037153 0 0
-0 -0 -0 0.16184 0 0 0 0 0 0 -0 0.13806 -0.074088 0.040554 0 0
0 0 0 0.1295 0 0 0 0 0 0 -0 0.11046 -0.05928 0.032448 0 0
0 0 0 0.079437 0 0 0 0 0 0 -0 0.067762 -0.036364 0.019905 0 0
0 0 0 0.07235 0 0 0 0 0 0 -0 0.061716 -0.03312 0.018129 0 0
-0 -0 -0 0.19102 0 0 0 0 0 0 -0 0.16294 -0.087442 0.047863 0 0
0 0 0 0.074797 0 0 0 0 0 0 -0 0.063804 -0.03424 0.018742 0 0
-0 -0 -0 0.18428 0 0 0 0 0 0 -0 0.1572 -0.084359 0.046176 0 0
-0 -0 -0 0.053718 0 0 0 0 0 0 -0 0.045823 -0.024591 0.01346 0 0
0 0 0 0.065599 0 0 0 0 0 0 -0 0.055958 -0.03003 0.016437 0 0
0 0 0 0.094989 0 0 0 0 0 0 -0 0.081028 -0.043483 0.023802 0 0
-0 -0 -0 0.060546 0 0 0 0 0 0 -0 0.051648 -0.027717 0.015171 0 0
0 0 0 0.15103 0 0 0 0 0 0 -0 0.12883 -0.069138 0.037844 0 0
-0 -0 -0 0.1592 0 0 0 0 0 0 -0 0.1358 -0.072876 0.03989 0 0
0 0 0 0.062688 0 0 0 0 0 0 -0 0.053475 -0.028697 0.015708 0 0
0 0 0 0.060376 0 0 0 0 0 0 -0 0.051502 -0.027638 0.015129 0 0
-0 -0 -0 0.15288 0 0 0 0 0 0 -0 0.13041 -0.069982 0.038306 0 0
-0 -0 -0 0.072462 0 0 0 0 0 0 -0 0.061812 -0.033171 0.018157 0 0
-0 -0 -0 0.067801 0 0 0 0 0 0 -0 0.057836 -0.031038 0.016989 0 0
-0 -0 -0 0.07268 0 0 0 0 0 0 -0 0.061998 -0.033271 0.018212 0 0
-0 -0 -0 0.12849 0 0 0 0 0 0 -0 0.1096 -0.058817 0.032195 0 0
0 0 0 0.14525 0 0 0 0 0 0 -0 0.1239 -0.06649 0.036395 0 0
-0 -0 -0 0.053738 0 0 0 0 0 0 -0 0.04584 -0.0246 0.013465 0 0
-0 -0 -0 0.19052 0 0 0 0 0 0 -0 0.16252 -0.087213 0.047738 0 0
-0 -0 -0 0.13733 0 0 0 0 0 0 -0 0.11714 -0.062865 0.03441 0 0
-0 -0 -0 0.017147 0 0 0 0 0 0 -0 0.014627 -0.0078497 0.0042967 0 0
0 0 0 0.18904 0 0 0 0 0 0 -0 0.16126 -0.086538 0.047369 0 0
-0 -0 -0 0.041634 0 0 0 0 0 0 -0 0.035515 -0.019059 0.010432 0 0
-0 -0 -0 0.19737 0 0 0 0 0 0 -0 0.16836 -0.09035 0.049455 0 0
-0 -0 -0 0.10085 0 0 0 0 0 0 -0 0.086026 -0.046165 0.02527 0 0
-0 -0 -0 0.10927 0 0 0 0 0 0 -0 0.09321 -0.050021 0.02738 0 0
0 0 0 0.18056 0 0 0 0 0 0 -0 0.15403 -0.082657 0.045244 0 0
0 0 0 0.17617 0 0 0 0 0 0 -0 0.15027 -0.080644 0.044142 0 0
0 0 0 0.19861 0 0 0 0 0 0 -0 0.16942 -0.090919 0.049766 0 0
-0 -0 -0 0.017594 0 0 0 0 0 0 -0 0.015008 -0.0080542 0.0044086 0 0
-0 -0 -0 0.006905 0 0 0 0 0 0 -0 0.0058901 -0.0031609 0.0017302 0 0
0 0 0 0.173 0 0 0 0 0 0 -0 0.14757 -0.079195 0.043349 0 0
0 0 0 0.10566 0 0 0 0 0 0 -0 0.090127 -0.048366 0.026474 0 0
0 0 0 0.047945 0 0 0 0 0 0 -0 0.040899 -0.021948 0.012014 0 0
0 0 0 0.030869 0 0 0 0 0 0 -0 0.026332 -0.014131 0.007735 0 0
0 0 0 0.019709 0 0 0 0 0 0 -0 0.016813 -0.0090225 0.0049386 0 0
-0 -0 -0 0.11761 0 0 0 0 0 0 -0 0.10032 -0.053837 0.029469 0 0
-0 -0 -0 0.11961 0 0 0 0 0 0 -0 0.10203 -0.054756 0.029972 0 0
-0 -0 -0 0.13222 0 0 0 0 0 0 -0 0.11279 -0.060528 0.033132 0 0
-0 -0 -0 0.012274 0 0 0 0 0 0 -0 0.01047 -0.0056186 0.0030755 0 0
0 0 0 0.04864 0 0 0 0 0 0 -0 0.041492 -0.022266 0.012188 0 0
0 0 0 0.10205 0 0 0 0 0 0 -0 0.087052 -0.046716 0.025571 0 0
0 0 0 0.067053 0 0 0 0 0 0 -0 0.057198 -0.030695 0.016802 0 0
-0 -0 -0 0.085371 0 0 0 0 0 0 -0 0.072824 -0.039081 0.021392 0 0
0 0 0 0.021848 0 0 0 0 0 0 -0 0.018637 -0.010002 0.0054746 0 0
0 0 0 0.088854 0 0 0 0 0 0 -0 0.075795 -0.040675 0.022264 0 0
0 0 0 0.088618 0 0 0 0 0 0 -0 0.075594 -0.040567 0.022205 0 0
0 0 0 0.10316 0 0 0 0 0 0 -0 0.087999 -0.047225 0.025849 0 0
0 0 0 0.060542 0 0 0 0 0 0 -0 0.051644 -0.027714 0.01517 0 0
0 0 0 0.075614 0 0 0 0 0 0 -0 0.064501 -0.034614 0.018947 0 0
-0 -0 -0 0.085372 0 0 0 0 0 0 -0 0.072825 -0.039081 0.021392 0 0
-0 -0 -0 0.18949 0 0 0 0 0 0 -0 0.16164 -0.086744 0.047481 0 0
-0 -0 -0 0.064792 0 0 0 0 0 0 -0 0.055269 -0.02966 0.016235 0 0
0 0 0 0.14944 0 0 0 0 0 0 -0 0.12747 -0.068408 0.037445 0 0
0 0 0 0.13289 0 0 0 0 0 0 -0 0.11336 -0.060834 0.033299 0 0
-0 -0 -0 0.18921 0 0 0 0 0 0 -0 0.1614 -0.086616 0.047411 0 0
0 0 0 0.079455 0 0 0 0 0 0 -0 0.067777 -0.036372 0.019909 0 0
0 0 0 0.040551 0 0 0 0 0 0 -0 0.034591 -0.018563 0.010161 0 0
-0 -0 -0 0.054516 0 0 0 0 0 0 -0 0.046504 -0.024956 0.01366 0 0
-0 -0 -0 0.14982 0 0 0 0 0 0 -0 0.1278 -0.068583 0.03754 0 0
-0 -0 -0 0.125 0 0 0 0 0 0 -0 0.10663 -0.057224 0.031323 0 0
-0 -0 -0 0.066651 0 0 0 0 0 0 -0 0.056855 -0.030511 0.016701 0 0
0 0 0 0.16402 0 0 0 0 0 0 -0 0.13992 -0.075086 0.0411 0 0
0 0 0 0.13213 0 0 0 0 0 0 -0 0.11271 -0.060485 0.033108 0 0
0 0 0 0.17289 0 0 0 0 0 0 -0 0.14748 -0.079143 0.043321 0 0
-0 -0 -0 0.036366 0 0 0 0 0 0 -0 0.031021 -0.016647 0.0091123 0 0
0 0 0 0.19829 0 0 0 0 0 0 -0 0.16915 -0.090771 0.049686 0 0
-0 -0 -0 0.18724 0 0 0 0 0 0 -0 0.15972 -0.085712 0.046916 0 0
0 0 0 0.19384 0 0 0 0 0 0 -0 0.16535 -0.088735 0.048571 0 0
0 0 0 0.19107 0 0 0 0 0 0 -0 0.16299 -0.087465 0.047876 0 0
0 0 0 0.073082 0 0 0 0 0 0 -0 0.062341 -0.033455 0.018312 0 0
-0 -0 -0 0.13114 0 0 0 0 0 0 -0 0.11186 -0.060032 0.03286 0 0
-0 -0 -0 0.13954 0 0 0 0 0 0 -0 0.11903 -0.063877 0.034964 0 0
-0 -0 -0 0.0067613 0 0 0 0 0 0 -0 0.0057675 -0.0030951 0.0016942 0 0
-0 -0 -0 0.012028 0 0 0 0 0 0 -0 0.01026 -0.0055061 0.0030139 0 0
0 0 0 0.099454 0 0 0 0 0 0 -0 0.084837 -0.045528 0.024921 0 0
0 0 0 0.006571 0 0 0 0 0 0 -0 0.0056052 -0.003008 0.0016465 0 0
0 0 0 0.11477 0 0 0 0 0 0 -0 0.097901 -0.052538 0.028758 0 0
-0 -0 -0 0.095065 0 0 0 0 0 0 -0 0.081093 -0.043518 0.023821 0 0
-0 -0 -0 0.19509 0 0 0 0 0 0 -0 0.16642 -0.089306 0.048884 0 0
0 0 0 0.048163 0 0 0 0 0 0 -0 0.041084 -0.022048 0.012068 0 0
0 0 0 0.083628 0 0 0 0 0 0 -0 0.071337 -0.038283 0.020955 0 0
0 0 0 0.19836 0 0 0 0 0 0 -0 0.16921 -0.090805 0.049704 0 0
0 0 0 0.13551 0 0 0 0 0 0 -0 0.11559 -0.062031 0.033954 0 0
-0 -0 -0 0.18701 0 0 0 0 0 0 -0 0.15952 -0.085607 0.046859 0 0
-0 -0 -0 0.18073 0 0 0 0 0 0 -0 0.15417 -0.082733 0.045286 0 0
