0 0 0.15919 0 0 0 0 0 0 0 0 0 0 -0.027084 0.054168 0.14722 -0.0078257 -0.00083255 -0.0011334 0 0
0 0 0.1943 0 0 0 0 0 0 0 0 0 0 -0.033057 0.066115 0.17969 -0.0095371 -0.0011746 -0.0013223 0 0
0 0 0.13198 0 0 0 0 0 0 0 0 0 0 -0.022454 0.044907 0.12205 -0.0064938 -0.00060655 -0.00097148 0 0
-0 -0 -0.29992 0 0 0 0 0 0 0 0 0 0 0.051027 -0.10205 -0.27737 0.014483 -0.0016534 0.0032727 0 0
0 0 0.16133 0 0 0 0 0 0 0 0 0 0 -0.027447 0.054895 0.14919 -0.0079301 -0.00085174 -0.0011455 0 0
-0 -0 -0.22255 0 0 0 0 0 0 0 0 0 0 0.037864 -0.075728 -0.20582 0.010833 -0.00082703 0.0022972 0 0
0 0 0.34249 0 0 0 0 0 0 0 0 0 0 -0.05827 0.11654 0.31674 -0.016626 -0.0032343 -0.0018687 0 0
-0 -0 -0.1786 0 0 0 0 0 0 0 0 0 0 0.030387 -0.060774 -0.16517 0.0087252 -0.00048035 0.0017819 0 0
-0 -0 -0.0024018 0 0 0 0 0 0 0 0 0 0 0.00040863 -0.00081725 -0.0022212 0.00011828 3.4764e-06 2.048e-05 0 0
-0 -0 -0.11149 0 0 0 0 0 0 0 0 0 0 0.018969 -0.037938 -0.10311 0.0054701 -0.00012445 0.0010521 0 0
0 0 0.34779 0 0 0 0 0 0 0 0 0 0 -0.059171 0.11834 0.32163 -0.016875 -0.003326 -0.0018807 0 0
-0 -0 -0.34494 0 0 0 0 0 0 0 0 0 0 0.058688 -0.11738 -0.31901 0.016564 -0.0022596 0.0038787 0 0
-0 -0 -0.055848 0 0 0 0 0 0 0 0 0 0 0.0095017 -0.019003 -0.051649 0.0027466 1.0678e-05 0.00050137 0 0
-0 -0 -0.10909 0 0 0 0 0 0 0 0 0 0 0.018559 -0.037119 -0.10088 0.0053526 -0.00011559 0.0010273 0 0
-0 -0 -0.065648 0 0 0 0 0 0 0 0 0 0 0.011169 -0.022338 -0.060712 0.0032275 -2.5699e-06 0.0005947 0 0
-0 -0 -0.020857 0 0 0 0 0 0 0 0 0 0 0.0035485 -0.007097 -0.019289 0.0010268 2.1143e-05 0.00018111 0 0
-0 -0 -0.33725 0 0 0 0 0 0 0 0 0 0 0.057378 -0.11476 -0.31189 0.016211 -0.0021495 0.0037732 0 0
-0 -0 -0.027683 0 0 0 0 0 0 0 0 0 0 0.0047099 -0.0094198 -0.025602 0.0013626 2.3621e-05 0.00024198 0 0
0 0 0.059832 0 0 0 0 0 0 0 0 0 0 -0.01018 0.020359 0.055333 -0.0029475 -0.00017401 -0.00047823 0 0
0 0 0.039451 0 0 0 0 0 0 0 0 0 0 -0.0067121 0.013424 0.036485 -0.0019436 -9.5878e-05 -0.00032228 0 0
-0 -0 -0.013241 0 0 0 0 0 0 0 0 0 0 0.0022527 -0.0045054 -0.012245 0.00065192 1.5792e-05 0.00011412 0 0
0 0 0.15788 0 0 0 0 0 0 0 0 0 0 -0.026862 0.053724 0.14601 -0.007762 -0.00082094 -0.0011259 0 0
-0 -0 -0.19062 0 0 0 0 0 0 0 0 0 0 0.032431 -0.064862 -0.17628 0.0093036 -0.00056622 0.0019199 0 0
0 0 0.15792 0 0 0 0 0 0 0 0 0 0 -0.026867 0.053735 0.14604 -0.0077635 -0.00082122 -0.0011261 0 0
0 0 0.32904 0 0 0 0 0 0 0 0 0 0 -0.055981 0.11196 0.3043 -0.015994 -0.0030069 -0.0018361 0 0
0 0 0.21962 0 0 0 0 0 0 0 0 0 0 -0.037366 0.074731 0.20311 -0.010765 -0.0014564 -0.0014446 0 0
-0 -0 -0.15883 0 0 0 0 0 0 0 0 0 0 0.027023 -0.054047 -0.14689 0.0077705 -0.00035366 0.0015596 0 0
0 0 0.27297 0 0 0 0 0 0 0 0 0 0 -0.046442 0.092883 0.25244 -0.013332 -0.0021453 -0.0016634 0 0
0 0 0.30725 0 0 0 0 0 0 0 0 0 0 -0.052274 0.10455 0.28415 -0.014965 -0.0026555 -0.001776 0 0
0 0 0.18612 0 0 0 0 0 0 0 0 0 0 -0.031666 0.063332 0.17213 -0.0091393 -0.0010899 -0.0012803 0 0
-0 -0 -0.34679 0 0 0 0 0 0 0 0 0 0 0.059001 -0.118 -0.32071 0.016649 -0.0022864 0.0039041 0 0
0 0 0.1507 0 0 0 0 0 0 0 0 0 0 -0.02564 0.051281 0.13937 -0.0074109 -0.00075842 -0.0010843 0 0
0 0 0.25054 0 0 0 0 0 0 0 0 0 0 -0.042625 0.085251 0.2317 -0.012257 -0.00184 -0.0015779 0 0
-0 -0 -0.28868 0 0 0 0 0 0 0 0 0 0 0.049115 -0.09823 -0.26697 0.013958 -0.0015164 0.0031258 0 0
0 0 0.0066133 0 0 0 0 0 0 0 0 0 0 -0.0011252 0.0022503 0.006116 -0.00032572 -1.0973e-05 -5.5886e-05 0 0
0 0 0.17053 0 0 0 0 0 0 0 0 0 0 -0.029014 0.058028 0.15771 -0.0083796 -0.00093687 -0.0011969 0 0
-0 -0 -0.3311 0 0 0 0 0 0 0 0 0 0 0.056332 -0.11266 -0.3062 0.015928 -0.0020635 0.0036895 0 0
0 0 0.0056409 0 0 0 0 0 0 0 0 0 0 -0.00095972 0.0019194 0.0052168 -0.00027783 -9.2307e-06 -4.7715e-05 0 0
-0 -0 -0.08565 0 0 0 0 0 0 0 0 0 0 0.014572 -0.029144 -0.07921 0.0042074 -4.3613e-05 0.00079008 0 0
0 0 0.27995 0 0 0 0 0 0 0 0 0 0 -0.04763 0.09526 0.2589 -0.013666 -0.002245 -0.0016881 0 0
-0 -0 -0.26864 0 0 0 0 0 0 0 0 0 0 0.045705 -0.091409 -0.24844 0.013017 -0.0012863 0.0028681 0 0
0 0 0.11979 0 0 0 0 0 0 0 0 0 0 -0.020381 0.040762 0.11078 -0.0058962 -0.00051648 -0.00089468 0 0
0 0 0.062728 0 0 0 0 0 0 0 0 0 0 -0.010672 0.021345 0.058012 -0.0030902 -0.0001867 -0.00049981 0 0
-0 -0 -0.31755 0 0 0 0 0 0 0 0 0 0 0.054027 -0.10805 -0.29367 0.015302 -0.0018799 0.0035068 0 0
-0 -0 -0.18855 0 0 0 0 0 0 0 0 0 0 0.03208 -0.064159 -0.17437 0.0092043 -0.00055098 0.001896 0 0
0 0 0.30968 0 0 0 0 0 0 0 0 0 0 -0.052687 0.10537 0.28639 -0.01508 -0.0026936 -0.0017832 0 0
-0 -0 -0.2132 0 0 0 0 0 0 0 0 0 0 0.036272 -0.072544 -0.19716 0.010386 -0.00074572 0.0021851 0 0
0 0 0.30342 0 0 0 0 0 0 0 0 0 0 -0.051623 0.10325 0.28061 -0.014784 -0.002596 -0.0017645 0 0
-0 -0 -0.066044 0 0 0 0 0 0 0 0 0 0 0.011237 -0.022473 -0.061078 0.0032469 -3.2009e-06 0.00059851 0 0
0 0 0.22735 0 0 0 0 0 0 0 0 0 0 -0.038681 0.077362 0.21026 -0.011139 -0.0015483 -0.0014796 0 0
0 0 0.063976 0 0 0 0 0 0 0 0 0 0 -0.010885 0.021769 0.059166 -0.0031516 -0.00019228 -0.00050906 0 0
-0 -0 -0.11902 0 0 0 0 0 0 0 0 0 0 0.020249 -0.040498 -0.11007 0.0058369 -0.00015387 0.0011304 0 0
0 0 0.13608 0 0 0 0 0 0 0 0 0 0 -0.023152 0.046304 0.12585 -0.0066949 -0.00063844 -0.00099675 0 0
-0 -0 -0.22984 0 0 0 0 0 0 0 0 0 0 0.039104 -0.078209 -0.21256 0.01118 -0.00089317 0.0023855 0 0
0 0 0.0087375 0 0 0 0 0 0 0 0 0 0 -0.0014866 0.0029731 0.0080805 -0.00043036 -1.4934e-05 -7.3678e-05 0 0
0 0 0.16803 0 0 0 0 0 0 0 0 0 0 -0.028587 0.057175 0.15539 -0.0082572 -0.0009133 -0.001183 0 0
-0 -0 -0.25721 0 0 0 0 0 0 0 0 0 0 0.043761 -0.087522 -0.23787 0.012479 -0.0011633 0.0027237 0 0
-0 -0 -0.30164 0 0 0 0 0 0 0 0 0 0 0.05132 -0.10264 -0.27896 0.014563 -0.0016749 0.0032954 0 0
0 0 0.29366 0 0 0 0 0 0 0 0 0 0 -0.049963 0.099925 0.27158 -0.01432 -0.0024471 -0.001734 0 0
0 0 0.22742 0 0 0 0 0 0 0 0 0 0 -0.038693 0.077386 0.21032 -0.011143 -0.0015491 -0.0014799 0 0
0 0 0.23178 0 0 0 0 0 0 0 0 0 0 -0.039434 0.078868 0.21435 -0.011353 -0.0016021 -0.0014991 0 0
-0 -0 -0.1916 0 0 0 0 0 0 0 0 0 0 0.032597 -0.065195 -0.17719 0.0093506 -0.00057351 0.0019312 0 0
0 0 0.233 0 0 0 0 0 0 0 0 0 0 -0.039641 0.079282 0.21548 -0.011412 -0.001617 -0.0015044 0 0
0 0 0.26366 0 0 0 0 0 0 0 0 0 0 -0.044857 0.089715 0.24383 -0.012887 -0.0020158 -0.001629 0 0
-0 -0 -0.069645 0 0 0 0 0 0 0 0 0 0 0.011849 -0.023698 -0.064408 0.0034235 -9.2691e-06 0.00063322 0 0
-0 -0 -0.17787 0 0 0 0 0 0 0 0 0 0 0.030261 -0.060523 -0.16449 0.0086897 -0.0004753 0.0017735 0 0
0 0 0.2026 0 0 0 0 0 0 0 0 0 0 -0.03447 0.06894 0.18737 -0.0099404 -0.0012638 -0.0013637 0 0
0 0 0.27582 0 0 0 0 0 0 0 0 0 0 -0.046927 0.093854 0.25508 -0.013469 -0.0021858 -0.0016736 0 0
0 0 0.34636 0 0 0 0 0 0 0 0 0 0 -0.058928 0.11786 0.32032 -0.016808 -0.0033012 -0.0018775 0 0
-0 -0 -0.14023 0 0 0 0 0 0 0 0 0 0 0.023859 -0.047718 -0.12969 0.0068689 -0.0002511 0.001356 0 0
0 0 0.088914 0 0 0 0 0 0 0 0 0 0 -0.015127 0.030255 0.082228 -0.004379 -0.00031917 -0.00068817 0 0
-0 -0 -0.0097415 0 0 0 0 0 0 0 0 0 0 0.0016574 -0.0033147 -0.009009 0.00047967 1.242e-05 8.3675e-05 0 0
0 0 0.01084 0 0 0 0 0 0 0 0 0 0 -0.0018442 0.0036884 0.010025 -0.00053391 -1.9062e-05 -9.1209e-05 0 0
0 0 0.22502 0 0 0 0 0 0 0 0 0 0 -0.038284 0.076567 0.2081 -0.011026 -0.0015202 -0.0014692 0 0
-0 -0 -0.11677 0 0 0 0 0 0 0 0 0 0 0.019867 -0.039733 -0.10799 0.0057274 -0.0001448 0.0011069 0 0
0 0 0.30773 0 0 0 0 0 0 0 0 0 0 -0.052355 0.10471 0.28459 -0.014988 -0.002663 -0.0017774 0 0
0 0 0.31641 0 0 0 0 0 0 0 0 0 0 -0.053832 0.10766 0.29262 -0.015398 -0.0028006 -0.0018024 0 0
0 0 0.028631 0 0 0 0 0 0 0 0 0 0 -0.0048711 0.0097422 0.026478 -0.0014104 -6.2309e-05 -0.00023655 0 0
-0 -0 -0.34019 0 0 0 0 0 0 0 0 0 0 0.057878 -0.11576 -0.31461 0.016346 -0.0021912 0.0038134 0 0
0 0 0.071695 0 0 0 0 0 0 0 0 0 0 -0.012198 0.024396 0.066304 -0.0035317 -0.00022845 -0.00056566 0 0
0 0 0.061978 0 0 0 0 0 0 0 0 0 0 -0.010545 0.021089 0.057317 -0.0030532 -0.00018337 -0.00049423 0 0
-0 -0 -0.048535 0 0 0 0 0 0 0 0 0 0 0.0082575 -0.016515 -0.044885 0.0023875 1.7623e-05 0.00043275 0 0
-0 -0 -0.12616 0 0 0 0 0 0 0 0 0 0 0.021465 -0.042929 -0.11667 0.0061848 -0.00018426 0.0012056 0 0
-0 -0 -0.056738 0 0 0 0 0 0 0 0 0 0 0.0096533 -0.019307 -0.052472 0.0027903 9.6608e-06 0.00050978 0 0
-0 -0 -0.00344 0 0 0 0 0 0 0 0 0 0 0.00058528 -0.0011706 -0.0031814 0.00016941 4.8953e-06 2.9364e-05 0 0
-0 -0 -0.034088 0 0 0 0 0 0 0 0 0 0 0.0057996 -0.011599 -0.031525 0.0016776 2.3954e-05 0.00029981 0 0
-0 -0 -0.068299 0 0 0 0 0 0 0 0 0 0 0.01162 -0.02324 -0.063163 0.0033575 -6.9292e-06 0.00062022 0 0
-0 -0 -0.22593 0 0 0 0 0 0 0 0 0 0 0.038438 -0.076877 -0.20894 0.010994 -0.00085735 0.002338 0 0
-0 -0 -0.068453 0 0 0 0 0 0 0 0 0 0 0.011646 -0.023293 -0.063306 0.003365 -7.1928e-06 0.00062171 0 0
0 0 0.15526 0 0 0 0 0 0 0 0 0 0 -0.026415 0.05283 0.14358 -0.0076336 -0.00079779 -0.0011108 0 0
0 0 0.097949 0 0 0 0 0 0 0 0 0 0 -0.016665 0.033329 0.090584 -0.0048233 -0.00037231 -0.00075035 0 0
0 0 0.019357 0 0 0 0 0 0 0 0 0 0 -0.0032934 0.0065867 0.017902 -0.00095353 -3.7912e-05 -0.00016147 0 0
0 0 0.018843 0 0 0 0 0 0 0 0 0 0 -0.0032058 0.0064116 0.017426 -0.00092818 -3.6677e-05 -0.00015726 0 0
0 0 0.34832 0 0 0 0 0 0 0 0 0 0 -0.059262 0.11852 0.32213 -0.0169 -0.0033353 -0.0018818 0 0
0 0 0.20387 0 0 0 0 0 0 0 0 0 0 -0.034686 0.069372 0.18854 -0.010002 -0.0012777 -0.00137 0 0
0 0 0.20029 0 0 0 0 0 0 0 0 0 0 -0.034076 0.068152 0.18523 -0.009828 -0.0012386 -0.0013523 0 0
-0 -0 -0.2653 0 0 0 0 0 0 0 0 0 0 0.045137 -0.090274 -0.24535 0.01286 -0.0012498 0.0028257 0 0
0 0 0.19653 0 0 0 0 0 0 0 0 0 0 -0.033437 0.066874 0.18175 -0.0096455 -0.0011983 -0.0013336 0 0
0 0 0.11729 0 0 0 0 0 0 0 0 0 0 -0.019955 0.03991 0.10847 -0.0057733 -0.00049884 -0.00087857 0 0
-0 -0 -0.080276 0 0 0 0 0 0 0 0 0 0 0.013658 -0.027316 -0.07424 0.0039443 -3.0739e-05 0.00073695 0 0
