-0 -0 -0 0.14798 0 0 0 0 -0 -0 0 0.13697 -0.044921 0.033475 0 0
0 0 0 0.043914 0 0 0 0 -0 -0 0 0.040646 -0.013331 0.0099339 0 0
0 0 0 0.14089 0 0 0 0 -0 -0 0 0.1304 -0.042767 0.03187 0 0
-0 -0 -0 0.11816 0 0 0 0 -0 -0 0 0.10937 -0.035869 0.026729 0 0
-0 -0 -0 0.15157 0 0 0 0 -0 -0 0 0.14028 -0.04601 0.034286 0 0
-0 -0 -0 0.12162 0 0 0 0 -0 -0 0 0.11256 -0.036918 0.027511 0 0
0 0 0 0.042415 0 0 0 0 -0 -0 0 0.039258 -0.012875 0.0095947 0 0
-0 -0 -0 0.020101 0 0 0 0 -0 -0 0 0.018605 -0.0061018 0.004547 0 0
0 0 0 0.15251 0 0 0 0 -0 -0 0 0.14116 -0.046296 0.0345 0 0
-0 -0 -0 0.16906 0 0 0 0 -0 -0 0 0.15648 -0.051321 0.038244 0 0
0 0 0 0.038461 0 0 0 0 -0 -0 0 0.035599 -0.011675 0.0087004 0 0
-0 -0 -0 0.11519 0 0 0 0 -0 -0 0 0.10662 -0.034969 0.026058 0 0
-0 -0 -0 0.0010517 0 0 0 0 -0 -0 0 0.00097344 -0.00031926 0.00023791 0 0
-0 -0 -0 0.026682 0 0 0 0 -0 -0 0 0.024696 -0.0080995 0.0060357 0 0
0 0 0 0.050307 0 0 0 0 -0 -0 0 0.046563 -0.015271 0.01138 0 0
0 0 0 0.12252 0 0 0 0 -0 -0 0 0.1134 -0.037193 0.027716 0 0
0 0 0 0.16841 0 0 0 0 -0 -0 0 0.15587 -0.051122 0.038096 0 0
0 0 0 0.087671 0 0 0 0 -0 -0 0 0.081145 -0.026613 0.019832 0 0
-0 -0 -0 0.0082411 0 0 0 0 -0 -0 0 0.0076277 -0.0025017 0.0018642 0 0
-0 -0 -0 0.19588 0 0 0 0 -0 -0 0 0.1813 -0.059462 0.04431 0 0
0 0 0 0.18475 0 0 0 0 -0 -0 0 0.171 -0.056084 0.041793 0 0
-0 -0 -0 0.11428 0 0 0 0 -0 -0 0 0.10578 -0.034692 0.025852 0 0
0 0 0 0.032869 0 0 0 0 -0 -0 0 0.030422 -0.0099776 0.0074352 0 0
-0 -0 -0 0.08567 0 0 0 0 -0 -0 0 0.079293 -0.026006 0.019379 0 0
0 0 0 0.19966 0 0 0 0 -0 -0 0 0.1848 -0.06061 0.045166 0 0
0 0 0 0.1628 0 0 0 0 -0 -0 0 0.15068 -0.04942 0.036827 0 0
-0 -0 -0 0.19903 0 0 0 0 -0 -0 0 0.18422 -0.060418 0.045023 0 0
0 0 0 0.15418 0 0 0 0 -0 -0 0 0.14271 -0.046804 0.034878 0 0
-0 -0 -0 0.1007 0 0 0 0 -0 -0 0 0.093205 -0.030569 0.02278 0 0
0 0 0 0.12133 0 0 0 0 -0 -0 0 0.1123 -0.03683 0.027445 0 0
-0 -0 -0 0.029574 0 0 0 0 -0 -0 0 0.027372 -0.0089774 0.0066899 0 0
-0 -0 -0 0.11046 0 0 0 0 -0 -0 0 0.10223 -0.03353 0.024986 0 0
-0 -0 -0 0.026415 0 0 0 0 -0 -0 0 0.024449 -0.0080186 0.0059754 0 0
-0 -0 -0 0.12054 0 0 0 0 -0 -0 0 0.11157 -0.036593 0.027269 0 0
0 0 0 0.19408 0 0 0 0 -0 -0 0 0.17963 -0.058914 0.043902 0 0
-0 -0 -0 0.14563 0 0 0 0 -0 -0 0 0.13479 -0.044207 0.032942 0 0
-0 -0 -0 0.16251 0 0 0 0 -0 -0 0 0.15042 -0.049333 0.036762 0 0
-0 -0 -0 0.08755 0 0 0 0 -0 -0 0 0.081033 -0.026577 0.019805 0 0
0 0 0 0.057293 0 0 0 0 -0 -0 0 0.053029 -0.017392 0.01296 0 0
-0 -0 -0 0.12337 0 0 0 0 -0 -0 0 0.11419 -0.037451 0.027908 0 0
0 0 0 0.069254 0 0 0 0 -0 -0 0 0.0641 -0.021023 0.015666 0 0
-0 -0 -0 0.13613 0 0 0 0 -0 -0 0 0.126 -0.041324 0.030794 0 0
0 0 0 0.10886 0 0 0 0 -0 -0 0 0.10076 -0.033047 0.024626 0 0
0 0 0 0.19529 0 0 0 0 -0 -0 0 0.18075 -0.059282 0.044176 0 0
-0 -0 -0 0.1716 0 0 0 0 -0 -0 0 0.15883 -0.05209 0.038817 0 0
-0 -0 -0 0.185 0 0 0 0 -0 -0 0 0.17123 -0.056159 0.041849 0 0
0 0 0 0.067863 0 0 0 0 -0 -0 0 0.062812 -0.020601 0.015351 0 0
-0 -0 -0 0.047819 0 0 0 0 -0 -0 0 0.04426 -0.014516 0.010817 0 0
-0 -0 -0 0.14821 0 0 0 0 -0 -0 0 0.13718 -0.044991 0.033527 0 0
-0 -0 -0 0.032429 0 0 0 0 -0 -0 0 0.030016 -0.0098443 0.0073359 0 0
-0 -0 -0 0.080661 0 0 0 0 -0 -0 0 0.074658 -0.024486 0.018246 0 0
0 0 0 0.1206 0 0 0 0 -0 -0 0 0.11162 -0.036608 0.02728 0 0
-0 -0 -0 0.088567 0 0 0 0 -0 -0 0 0.081975 -0.026885 0.020035 0 0
-0 -0 -0 0.0625 0 0 0 0 -0 -0 0 0.057848 -0.018973 0.014138 0 0
0 0 0 0.18796 0 0 0 0 -0 -0 0 0.17397 -0.057058 0.042519 0 0
-0 -0 -0 0.18043 0 0 0 0 -0 -0 0 0.167 -0.05477 0.040814 0 0
0 0 0 0.02076 0 0 0 0 -0 -0 0 0.019215 -0.006302 0.0046962 0 0
0 0 0 0.0098835 0 0 0 0 -0 -0 0 0.0091478 -0.0030002 0.0022357 0 0
-0 -0 -0 0.0028722 0 0 0 0 -0 -0 0 0.0026584 -0.00087187 0.00064971 0 0
0 0 0 0.039993 0 0 0 0 -0 -0 0 0.037016 -0.01214 0.0090469 0 0
-0 -0 -0 0.029525 0 0 0 0 -0 -0 0 0.027328 -0.0089627 0.0066789 0 0
-0 -0 -0 0.046588 0 0 0 0 -0 -0 0 0.04312 -0.014142 0.010539 0 0
-0 -0 -0 0.070379 0 0 0 0 -0 -0 0 0.06514 -0.021364 0.01592 0 0
0 0 0 0.11021 0 0 0 0 -0 -0 0 0.10201 -0.033456 0.024931 0 0
0 0 0 0.13029 0 0 0 0 -0 -0 0 0.12059 -0.03955 0.029472 0 0
-0 -0 -0 0.18401 0 0 0 0 -0 -0 0 0.17031 -0.055857 0.041624 0 0
-0 -0 -0 0.16698 0 0 0 0 -0 -0 0 0.15455 -0.050689 0.037773 0 0
0 0 0 0.080205 0 0 0 0 -0 -0 0 0.074236 -0.024347 0.018143 0 0
0 0 0 0.095594 0 0 0 0 -0 -0 0 0.088478 -0.029018 0.021624 0 0
-0 -0 -0 0.19779 0 0 0 0 -0 -0 0 0.18307 -0.06004 0.044742 0 0
0 0 0 0.079535 0 0 0 0 -0 -0 0 0.073615 -0.024144 0.017992 0 0
-0 -0 -0 0.0017727 0 0 0 0 -0 -0 0 0.0016408 -0.00053813 0.00040101 0 0
-0 -0 -0 0.1499 0 0 0 0 -0 -0 0 0.13874 -0.045504 0.033909 0 0
-0 -0 -0 0.12774 0 0 0 0 -0 -0 0 0.11823 -0.038777 0.028896 0 0
-0 -0 -0 0.018174 0 0 0 0 -0 -0 0 0.016822 -0.005517 0.0041112 0 0
0 0 0 0.035335 0 0 0 0 -0 -0 0 0.032705 -0.010726 0.0079931 0 0
0 0 0 0.11199 0 0 0 0 -0 -0 0 0.10366 -0.033996 0.025334 0 0
0 0 0 0.059267 0 0 0 0 -0 -0 0 0.054856 -0.017991 0.013407 0 0
0 0 0 0.14092 0 0 0 0 -0 -0 0 0.13043 -0.042777 0.031877 0 0
0 0 0 0.024341 0 0 0 0 -0 -0 0 0.02253 -0.0073891 0.0055063 0 0
-0 -0 -0 0.076795 0 0 0 0 -0 -0 0 0.07108 -0.023312 0.017372 0 0
0 0 0 0.12692 0 0 0 0 -0 -0 0 0.11747 -0.038527 0.02871 0 0
0 0 0 0.1791 0 0 0 0 -0 -0 0 0.16577 -0.054368 0.040515 0 0
-0 -0 -0 0.0051587 0 0 0 0 -0 -0 0 0.0047747 -0.001566 0.001167 0 0
-0 -0 -0 0.10012 0 0 0 0 -0 -0 0 0.092667 -0.030392 0.022648 0 0
-0 -0 -0 0.17968 0 0 0 0 -0 -0 0 0.1663 -0.054543 0.040645 0 0
0 0 0 0.12205 0 0 0 0 -0 -0 0 0.11297 -0.037049 0.027609 0 0
0 0 0 0.12085 0 0 0 0 -0 -0 0 0.11186 -0.036686 0.027338 0 0
-0 -0 -0 0.15027 0 0 0 0 -0 -0 0 0.13908 -0.045615 0.033992 0 0
-0 -0 -0 0.12304 0 0 0 0 -0 -0 0 0.11388 -0.037351 0.027833 0 0
0 0 0 0.044119 0 0 0 0 -0 -0 0 0.040835 -0.013393 0.0099802 0 0
0 0 0 0.10273 0 0 0 0 -0 -0 0 0.095086 -0.031186 0.023239 0 0
0 0 0 0.14515 0 0 0 0 -0 -0 0 0.13435 -0.044062 0.032835 0 0
0 0 0 0.097275 0 0 0 0 -0 -0 0 0.090035 -0.029529 0.022005 0 0
-0 -0 -0 0.0062577 0 0 0 0 -0 -0 0 0.0057919 -0.0018996 0.0014156 0 0
-0 -0 -0 0.18821 0 0 0 0 -0 -0 0 0.1742 -0.057133 0.042575 0 0
-0 -0 -0 0.072868 0 0 0 0 -0 -0 0 0.067444 -0.02212 0.016483 0 0
-0 -0 -0 0.14685 0 0 0 0 -0 -0 0 0.13592 -0.044577 0.033218 0 0
-0 -0 -0 0.057298 0 0 0 0 -0 -0 0 0.053033 -0.017393 0.012961 0 0
-0 -0 -0 0.027783 0 0 0 0 -0 -0 0 0.025715 -0.0084337 0.0062847 0 0
