-0 -0 -0.028091 0 0 0 0 0 0 0 0 0 0 0.0030091 -0.0102 -0.026 0.0033498 -0.0025622 0.0013928 0 0
-0 -0 -0.16539 0 0 0 0 0 0 0 0 0 0 0.017717 -0.060055 -0.15308 0.018494 -0.016344 0.0085524 0 0
-0 -0 -0.23552 0 0 0 0 0 0 0 0 0 0 0.025229 -0.085518 -0.21799 0.025379 -0.024132 0.012404 0 0
0 0 0.21184 0 0 0 0 0 0 0 0 0 0 -0.022693 0.07692 0.19607 -0.027626 0.01622 -0.0095607 0 0
-0 -0 -0.17199 0 0 0 0 0 0 0 0 0 0 0.018424 -0.062451 -0.15919 0.019167 -0.017057 0.0089098 0 0
-0 -0 -0.29145 0 0 0 0 0 0 0 0 0 0 0.03122 -0.10583 -0.26975 0.030427 -0.030672 0.015554 0 0
0 0 0.085937 0 0 0 0 0 0 0 0 0 0 -0.0092058 0.031204 0.079541 -0.01073 0.0072571 -0.0040888 0 0
-0 -0 -0.2442 0 0 0 0 0 0 0 0 0 0 0.026159 -0.088669 -0.22602 0.026189 -0.025128 0.012889 0 0
0 0 0.10012 0 0 0 0 0 0 0 0 0 0 -0.010725 0.036354 0.092669 -0.012567 0.0083681 -0.0047373 0 0
0 0 0.22059 0 0 0 0 0 0 0 0 0 0 -0.02363 0.080098 0.20417 -0.028847 0.016767 -0.0099163 0 0
-0 -0 -0.23376 0 0 0 0 0 0 0 0 0 0 0.025041 -0.084881 -0.21636 0.025214 -0.023931 0.012307 0 0
0 0 0.12082 0 0 0 0 0 0 0 0 0 0 -0.012942 0.04387 0.11183 -0.015279 0.0099441 -0.0056695 0 0
-0 -0 -0.10943 0 0 0 0 0 0 0 0 0 0 0.011722 -0.039734 -0.10128 0.012577 -0.010483 0.005568 0 0
-0 -0 -0.13955 0 0 0 0 0 0 0 0 0 0 0.014949 -0.050672 -0.12917 0.015807 -0.013598 0.0071639 0 0
-0 -0 -0.021717 0 0 0 0 0 0 0 0 0 0 0.0023263 -0.0078855 -0.0201 0.0025968 -0.0019728 0.0010745 0 0
0 0 0.29241 0 0 0 0 0 0 0 0 0 0 -0.031324 0.10618 0.27064 -0.039064 0.020858 -0.012704 0 0
0 0 0.22179 0 0 0 0 0 0 0 0 0 0 -0.023759 0.080533 0.20528 -0.029014 0.016841 -0.0099647 0 0
0 0 0.30719 0 0 0 0 0 0 0 0 0 0 -0.032907 0.11154 0.28433 -0.041208 0.021612 -0.013248 0 0
0 0 0.28796 0 0 0 0 0 0 0 0 0 0 -0.030847 0.10456 0.26653 -0.038421 0.020625 -0.012538 0 0
-0 -0 -0.31652 0 0 0 0 0 0 0 0 0 0 0.033907 -0.11493 -0.29297 0.032559 -0.033693 0.016986 0 0
0 0 0.2043 0 0 0 0 0 0 0 0 0 0 -0.021886 0.074184 0.1891 -0.02658 0.015742 -0.0092519 0 0
-0 -0 -0.097645 0 0 0 0 0 0 0 0 0 0 0.01046 -0.035455 -0.090377 0.011285 -0.0092903 0.0049507 0 0
-0 -0 -0.015341 0 0 0 0 0 0 0 0 0 0 0.0016434 -0.0055704 -0.014199 0.0018394 -0.001388 0.00075739 0 0
-0 -0 -0.23302 0 0 0 0 0 0 0 0 0 0 0.024961 -0.08461 -0.21567 0.025144 -0.023846 0.012265 0 0
-0 -0 -0.032323 0 0 0 0 0 0 0 0 0 0 0.0034625 -0.011737 -0.029917 0.0038474 -0.002956 0.001605 0 0
-0 -0 -0.25244 0 0 0 0 0 0 0 0 0 0 0.027042 -0.091662 -0.23365 0.026949 -0.026081 0.013351 0 0
-0 -0 -0.09683 0 0 0 0 0 0 0 0 0 0 0.010373 -0.03516 -0.089623 0.011195 -0.0092084 0.0049082 0 0
0 0 0.17106 0 0 0 0 0 0 0 0 0 0 -0.018324 0.062112 0.15833 -0.022013 0.013542 -0.0078602 0 0
0 0 0.098594 0 0 0 0 0 0 0 0 0 0 -0.010562 0.0358 0.091256 -0.012368 0.0082497 -0.0046679 0 0
-0 -0 -0.047307 0 0 0 0 0 0 0 0 0 0 0.0050676 -0.017177 -0.043786 0.0055942 -0.004367 0.0023606 0 0
-0 -0 -0.22223 0 0 0 0 0 0 0 0 0 0 0.023806 -0.080692 -0.20569 0.024121 -0.02262 0.011666 0 0
-0 -0 -0.2548 0 0 0 0 0 0 0 0 0 0 0.027295 -0.092521 -0.23584 0.027165 -0.026355 0.013483 0 0
-0 -0 -0.051217 0 0 0 0 0 0 0 0 0 0 0.0054865 -0.018597 -0.047405 0.0060461 -0.0047394 0.002559 0 0
-0 -0 -0.081028 0 0 0 0 0 0 0 0 0 0 0.0086799 -0.029422 -0.074997 0.0094372 -0.0076342 0.0040872 0 0
-0 -0 -0.097047 0 0 0 0 0 0 0 0 0 0 0.010396 -0.035238 -0.089824 0.011219 -0.0092302 0.0049195 0 0
0 0 0.10222 0 0 0 0 0 0 0 0 0 0 -0.01095 0.037118 0.094615 -0.012841 0.0085306 -0.0048328 0 0
-0 -0 -0.17557 0 0 0 0 0 0 0 0 0 0 0.018807 -0.06375 -0.1625 0.01953 -0.017445 0.0091041 0 0
0 0 0.095341 0 0 0 0 0 0 0 0 0 0 -0.010213 0.034619 0.088244 -0.011946 0.0079965 -0.0045196 0 0
0 0 0.1166 0 0 0 0 0 0 0 0 0 0 -0.012491 0.04234 0.10793 -0.014724 0.0096275 -0.0054811 0 0
-0 -0 -0.20987 0 0 0 0 0 0 0 0 0 0 0.022482 -0.076205 -0.19425 0.022931 -0.021229 0.010982 0 0
-0 -0 -0.056361 0 0 0 0 0 0 0 0 0 0 0.0060376 -0.020465 -0.052166 0.0066381 -0.0052319 0.0028208 0 0
0 0 0.056109 0 0 0 0 0 0 0 0 0 0 -0.0060106 0.020374 0.051933 -0.0069263 0.0048396 -0.0027002 0 0
-0 -0 -0.16478 0 0 0 0 0 0 0 0 0 0 0.017651 -0.059831 -0.15251 0.018431 -0.016278 0.0085191 0 0
-0 -0 -0.24944 0 0 0 0 0 0 0 0 0 0 0.02672 -0.090572 -0.23087 0.026673 -0.025733 0.013182 0 0
0 0 0.075351 0 0 0 0 0 0 0 0 0 0 -0.0080718 0.02736 0.069743 -0.0093707 0.0064117 -0.0035999 0 0
0 0 0.33194 0 0 0 0 0 0 0 0 0 0 -0.035559 0.12053 0.30724 -0.044827 0.022808 -0.014136 0 0
-0 -0 -0.22479 0 0 0 0 0 0 0 0 0 0 0.024081 -0.081624 -0.20806 0.024366 -0.022911 0.011808 0 0
0 0 0.20099 0 0 0 0 0 0 0 0 0 0 -0.02153 0.072979 0.18603 -0.02612 0.015529 -0.0091151 0 0
0 0 0.062551 0 0 0 0 0 0 0 0 0 0 -0.0067006 0.022713 0.057896 -0.0077408 0.0053709 -0.0030029 0 0
-0 -0 -0.06749 0 0 0 0 0 0 0 0 0 0 0.0072297 -0.024506 -0.062467 0.0079092 -0.0063074 0.0033898 0 0
0 0 0.15807 0 0 0 0 0 0 0 0 0 0 -0.016933 0.057395 0.1463 -0.020252 0.012643 -0.0073037 0 0
-0 -0 -0.23667 0 0 0 0 0 0 0 0 0 0 0.025353 -0.085938 -0.21906 0.025488 -0.024264 0.012469 0 0
-0 -0 -0.0809 0 0 0 0 0 0 0 0 0 0 0.0086662 -0.029375 -0.074879 0.0094229 -0.0076217 0.0040806 0 0
-0 -0 -0.16025 0 0 0 0 0 0 0 0 0 0 0.017167 -0.058189 -0.14833 0.017966 -0.015793 0.0082749 0 0
-0 -0 -0.12384 0 0 0 0 0 0 0 0 0 0 0.013266 -0.044969 -0.11463 0.014136 -0.011961 0.0063285 0 0
0 0 0.15321 0 0 0 0 0 0 0 0 0 0 -0.016412 0.05563 0.1418 -0.019597 0.012301 -0.0070937 0 0
0 0 0.25475 0 0 0 0 0 0 0 0 0 0 -0.027289 0.0925 0.23579 -0.033663 0.0188 -0.011271 0 0
0 0 0.02629 0 0 0 0 0 0 0 0 0 0 -0.0028163 0.0095462 0.024334 -0.0032072 0.0023144 -0.0012791 0 0
-0 -0 -0.33034 0 0 0 0 0 0 0 0 0 0 0.035387 -0.11995 -0.30575 0.033697 -0.03538 0.01778 0 0
-0 -0 -0.30054 0 0 0 0 0 0 0 0 0 0 0.032194 -0.10913 -0.27817 0.03121 -0.031761 0.016072 0 0
0 0 0.17502 0 0 0 0 0 0 0 0 0 0 -0.018749 0.063552 0.162 -0.022554 0.013812 -0.0080287 0 0
0 0 0.27765 0 0 0 0 0 0 0 0 0 0 -0.029743 0.10082 0.25699 -0.036937 0.020074 -0.01215 0 0
0 0 0.16629 0 0 0 0 0 0 0 0 0 0 -0.017813 0.060381 0.15391 -0.021365 0.013214 -0.0076568 0 0
-0 -0 -0.047538 0 0 0 0 0 0 0 0 0 0 0.0050924 -0.017261 -0.044 0.0056209 -0.004389 0.0023724 0 0
0 0 0.0051881 0 0 0 0 0 0 0 0 0 0 -0.00055576 0.0018838 0.004802 -0.00062746 0.00046317 -0.00025433 0 0
0 0 0.34374 0 0 0 0 0 0 0 0 0 0 -0.036822 0.12481 0.31815 -0.046563 0.023347 -0.014548 0 0
-0 -0 -0.032204 0 0 0 0 0 0 0 0 0 0 0.0034498 -0.011694 -0.029807 0.0038335 -0.002945 0.001599 0 0
0 0 0.31054 0 0 0 0 0 0 0 0 0 0 -0.033266 0.11276 0.28743 -0.041695 0.021779 -0.01337 0 0
-0 -0 -0.21367 0 0 0 0 0 0 0 0 0 0 0.022888 -0.077583 -0.19776 0.023299 -0.021654 0.011192 0 0
-0 -0 -0.011487 0 0 0 0 0 0 0 0 0 0 0.0012305 -0.0041709 -0.010632 0.0013795 -0.0010367 0.00056636 0 0
-0 -0 -0.26078 0 0 0 0 0 0 0 0 0 0 0.027935 -0.09469 -0.24137 0.027709 -0.027051 0.013819 0 0
-0 -0 -0.14894 0 0 0 0 0 0 0 0 0 0 0.015955 -0.054082 -0.13786 0.016793 -0.014588 0.0076664 0 0
0 0 0.23567 0 0 0 0 0 0 0 0 0 0 -0.025246 0.085574 0.21813 -0.030963 0.017684 -0.010521 0 0
-0 -0 -0.18405 0 0 0 0 0 0 0 0 0 0 0.019716 -0.066829 -0.17035 0.020384 -0.018369 0.0095656 0 0
0 0 0.32592 0 0 0 0 0 0 0 0 0 0 -0.034913 0.11834 0.30166 -0.043943 0.022525 -0.013922 0 0
0 0 0.3041 0 0 0 0 0 0 0 0 0 0 -0.032576 0.11042 0.28147 -0.040758 0.021457 -0.013135 0 0
0 0 0.28047 0 0 0 0 0 0 0 0 0 0 -0.030045 0.10184 0.2596 -0.037342 0.020226 -0.012257 0 0
-0 -0 -0.021954 0 0 0 0 0 0 0 0 0 0 0.0023518 -0.0079717 -0.02032 0.002625 -0.0019947 0.0010863 0 0
-0 -0 -0.34147 0 0 0 0 0 0 0 0 0 0 0.036579 -0.12399 -0.31605 0.034596 -0.036751 0.018421 0 0
0 0 0.033247 0 0 0 0 0 0 0 0 0 0 -0.0035615 0.012072 0.030773 -0.0040672 0.0029131 -0.0016135 0 0
0 0 0.22882 0 0 0 0 0 0 0 0 0 0 -0.024512 0.083086 0.21179 -0.03 0.017271 -0.010247 0 0
-0 -0 -0.31846 0 0 0 0 0 0 0 0 0 0 0.034114 -0.11563 -0.29475 0.03272 -0.033928 0.017097 0 0
-0 -0 -0.16721 0 0 0 0 0 0 0 0 0 0 0.017912 -0.060714 -0.15476 0.01868 -0.01654 0.0086507 0 0
-0 -0 -0.27486 0 0 0 0 0 0 0 0 0 0 0.029444 -0.099805 -0.25441 0.028973 -0.028704 0.014614 0 0
-0 -0 -0.23367 0 0 0 0 0 0 0 0 0 0 0.025031 -0.084848 -0.21628 0.025206 -0.023921 0.012302 0 0
0 0 0.021265 0 0 0 0 0 0 0 0 0 0 -0.002278 0.0077215 0.019682 -0.0025889 0.0018783 -0.0010365 0 0
-0 -0 -0.1552 0 0 0 0 0 0 0 0 0 0 0.016625 -0.056354 -0.14365 0.017444 -0.015253 0.0080026 0 0
0 0 0.06779 0 0 0 0 0 0 0 0 0 0 -0.0072618 0.024615 0.062744 -0.008406 0.0057993 -0.003248 0 0
0 0 0.10683 0 0 0 0 0 0 0 0 0 0 -0.011444 0.038792 0.098882 -0.013443 0.0088851 -0.0050415 0 0
0 0 0.10574 0 0 0 0 0 0 0 0 0 0 -0.011327 0.038394 0.097867 -0.013299 0.008801 -0.0049919 0 0
-0 -0 -0.24814 0 0 0 0 0 0 0 0 0 0 0.026581 -0.090101 -0.22967 0.026554 -0.025583 0.01311 0 0
0 0 0.0031815 0 0 0 0 0 0 0 0 0 0 -0.00034081 0.0011552 0.0029447 -0.00038445 0.00028441 -0.00015607 0 0
0 0 0.10478 0 0 0 0 0 0 0 0 0 0 -0.011224 0.038045 0.096979 -0.013174 0.0087274 -0.0049485 0 0
-0 -0 -0.050922 0 0 0 0 0 0 0 0 0 0 0.0054549 -0.01849 -0.047132 0.006012 -0.0047112 0.002544 0 0
-0 -0 -0.33052 0 0 0 0 0 0 0 0 0 0 0.035406 -0.12001 -0.30592 0.033712 -0.035402 0.01779 0 0
0 0 0.023367 0 0 0 0 0 0 0 0 0 0 -0.0025031 0.0084847 0.021628 -0.0028472 0.0020611 -0.0011381 0 0
-0 -0 -0.31188 0 0 0 0 0 0 0 0 0 0 0.033409 -0.11324 -0.28866 0.03217 -0.033129 0.01672 0 0
-0 -0 -0.19393 0 0 0 0 0 0 0 0 0 0 0.020774 -0.070416 -0.17949 0.021368 -0.019456 0.010106 0 0
-0 -0 -0.33873 0 0 0 0 0 0 0 0 0 0 0.036285 -0.12299 -0.31351 0.034376 -0.036412 0.018263 0 0
0 0 0.21276 0 0 0 0 0 0 0 0 0 0 -0.022791 0.077254 0.19692 -0.027754 0.016278 -0.0095983 0 0
