0 0 0 0.061002 0 0 0 0 -0 -0 0 0.056461 -0.018518 0.013799 0 0
0 0 0 0.10348 0 0 0 0 -0 -0 0 0.095779 -0.031413 0.023409 0 0
0 0 0 0.07935 0 0 0 0 -0 -0 0 0.073444 -0.024088 0.01795 0 0
-0 -0 -0 0.10445 0 0 0 0 -0 -0 0 0.096674 -0.031706 0.023627 0 0
-0 -0 -0 0.087057 0 0 0 0 -0 -0 0 0.080578 -0.026427 0.019693 0 0
0 0 0 0.19647 0 0 0 0 -0 -0 0 0.18185 -0.059642 0.044445 0 0
0 0 0 0.038982 0 0 0 0 -0 -0 0 0.036081 -0.011833 0.0088182 0 0
0 0 0 0.18364 0 0 0 0 -0 -0 0 0.16997 -0.055745 0.04154 0 0
0 0 0 0.14207 0 0 0 0 -0 -0 0 0.1315 -0.043127 0.032138 0 0
-0 -0 -0 0.16085 0 0 0 0 -0 -0 0 0.14888 -0.048828 0.036386 0 0
0 0 0 0.099636 0 0 0 0 -0 -0 0 0.09222 -0.030246 0.022539 0 0
0 0 0 0.17328 0 0 0 0 -0 -0 0 0.16039 -0.052602 0.039199 0 0
0 0 0 0.17305 0 0 0 0 -0 -0 0 0.16017 -0.052533 0.039147 0 0
0 0 0 0.10048 0 0 0 0 -0 -0 0 0.092999 -0.030501 0.022729 0 0
0 0 0 0.18474 0 0 0 0 -0 -0 0 0.17099 -0.056079 0.04179 0 0
-0 -0 -0 0.096868 0 0 0 0 -0 -0 0 0.089658 -0.029405 0.021913 0 0
-0 -0 -0 0.079535 0 0 0 0 -0 -0 0 0.073615 -0.024144 0.017992 0 0
-0 -0 -0 0.15097 0 0 0 0 -0 -0 0 0.13973 -0.045829 0.034151 0 0
-0 -0 -0 0.065885 0 0 0 0 -0 -0 0 0.060981 -0.02 0.014904 0 0
0 0 0 0.12154 0 0 0 0 -0 -0 0 0.11249 -0.036895 0.027494 0 0
-0 -0 -0 0.11295 0 0 0 0 -0 -0 0 0.10455 -0.034288 0.025551 0 0
-0 -0 -0 0.054598 0 0 0 0 -0 -0 0 0.050534 -0.016574 0.012351 0 0
-0 -0 -0 0.089069 0 0 0 0 -0 -0 0 0.08244 -0.027038 0.020148 0 0
0 0 0 0.090571 0 0 0 0 -0 -0 0 0.08383 -0.027494 0.020488 0 0
0 0 0 0.063166 0 0 0 0 -0 -0 0 0.058464 -0.019175 0.014289 0 0
-0 -0 -0 0.10871 0 0 0 0 -0 -0 0 0.10062 -0.033 0.024591 0 0
0 0 0 0.071773 0 0 0 0 -0 -0 0 0.066431 -0.021787 0.016236 0 0
-0 -0 -0 0.16312 0 0 0 0 -0 -0 0 0.15098 -0.049516 0.036899 0 0
-0 -0 -0 0.12155 0 0 0 0 -0 -0 0 0.1125 -0.036898 0.027496 0 0
0 0 0 0.1203 0 0 0 0 -0 -0 0 0.11134 -0.036517 0.027212 0 0
0 0 0 0.04001 0 0 0 0 -0 -0 0 0.037032 -0.012145 0.0090507 0 0
-0 -0 -0 0.14471 0 0 0 0 -0 -0 0 0.13394 -0.043929 0.032735 0 0
-0 -0 -0 0.0052109 0 0 0 0 -0 -0 0 0.004823 -0.0015818 0.0011788 0 0
-0 -0 -0 0.01031 0 0 0 0 -0 -0 0 0.0095423 -0.0031296 0.0023321 0 0
-0 -0 -0 0.12025 0 0 0 0 -0 -0 0 0.1113 -0.036504 0.027202 0 0
0 0 0 0.030233 0 0 0 0 -0 -0 0 0.027983 -0.0091777 0.0068391 0 0
0 0 0 0.18937 0 0 0 0 -0 -0 0 0.17528 -0.057487 0.042839 0 0
0 0 0 0.14874 0 0 0 0 -0 -0 0 0.13766 -0.04515 0.033646 0 0
0 0 0 0.05255 0 0 0 0 -0 -0 0 0.048639 -0.015952 0.011887 0 0
0 0 0 0.07926 0 0 0 0 -0 -0 0 0.073361 -0.02406 0.01793 0 0
-0 -0 -0 0.11691 0 0 0 0 -0 -0 0 0.10821 -0.035491 0.026447 0 0
0 0 0 0.0084771 0 0 0 0 -0 -0 0 0.0078462 -0.0025733 0.0019176 0 0
0 0 0 0.18656 0 0 0 0 -0 -0 0 0.17267 -0.056632 0.042202 0 0
-0 -0 -0 0.023952 0 0 0 0 -0 -0 0 0.022169 -0.0072709 0.0054182 0 0
0 0 0 0.1265 0 0 0 0 -0 -0 0 0.11708 -0.038399 0.028615 0 0
-0 -0 -0 0.011564 0 0 0 0 -0 -0 0 0.010704 -0.0035105 0.002616 0 0
0 0 0 0.15453 0 0 0 0 -0 -0 0 0.14303 -0.046908 0.034956 0 0
0 0 0 0.11247 0 0 0 0 -0 -0 0 0.1041 -0.034141 0.025442 0 0
-0 -0 -0 0.19402 0 0 0 0 -0 -0 0 0.17958 -0.058896 0.043889 0 0
-0 -0 -0 0.0015502 0 0 0 0 -0 -0 0 0.0014348 -0.00047058 0.00035067 0 0
-0 -0 -0 0.18027 0 0 0 0 -0 -0 0 0.16685 -0.054722 0.040779 0 0
0 0 0 0.19475 0 0 0 0 -0 -0 0 0.18025 -0.059118 0.044055 0 0
-0 -0 -0 0.1068 0 0 0 0 -0 -0 0 0.09885 -0.03242 0.024159 0 0
-0 -0 -0 0.079834 0 0 0 0 -0 -0 0 0.073892 -0.024235 0.018059 0 0
-0 -0 -0 0.043474 0 0 0 0 -0 -0 0 0.040238 -0.013197 0.0098343 0 0
0 0 0 0.026405 0 0 0 0 -0 -0 0 0.02444 -0.0080157 0.0059732 0 0
0 0 0 0.08079 0 0 0 0 -0 -0 0 0.074777 -0.024525 0.018276 0 0
0 0 0 0.098628 0 0 0 0 -0 -0 0 0.091287 -0.02994 0.022311 0 0
-0 -0 -0 0.044713 0 0 0 0 -0 -0 0 0.041385 -0.013573 0.010115 0 0
-0 -0 -0 0.17851 0 0 0 0 -0 -0 0 0.16522 -0.054189 0.040381 0 0
-0 -0 -0 0.14602 0 0 0 0 -0 -0 0 0.13515 -0.044327 0.033032 0 0
0 0 0 0.073273 0 0 0 0 -0 -0 0 0.067819 -0.022243 0.016575 0 0
-0 -0 -0 0.0049675 0 0 0 0 -0 -0 0 0.0045978 -0.0015079 0.0011237 0 0
0 0 0 0.11257 0 0 0 0 -0 -0 0 0.10419 -0.034172 0.025465 0 0
-0 -0 -0 0.19743 0 0 0 0 -0 -0 0 0.18273 -0.059931 0.04466 0 0
0 0 0 0.12426 0 0 0 0 -0 -0 0 0.11501 -0.03772 0.028109 0 0
-0 -0 -0 0.06165 0 0 0 0 -0 -0 0 0.057062 -0.018715 0.013946 0 0
-0 -0 -0 0.05711 0 0 0 0 -0 -0 0 0.05286 -0.017336 0.012919 0 0
0 0 0 0.091792 0 0 0 0 -0 -0 0 0.08496 -0.027864 0.020764 0 0
-0 -0 -0 0.19171 0 0 0 0 -0 -0 0 0.17744 -0.058196 0.043367 0 0
-0 -0 -0 0.18283 0 0 0 0 -0 -0 0 0.16923 -0.055501 0.041359 0 0
0 0 0 0.18317 0 0 0 0 -0 -0 0 0.16954 -0.055604 0.041436 0 0
-0 -0 -0 0.14439 0 0 0 0 -0 -0 0 0.13364 -0.04383 0.032662 0 0
-0 -0 -0 0.0065089 0 0 0 0 -0 -0 0 0.0060245 -0.0019759 0.0014724 0 0
0 0 0 0.031191 0 0 0 0 -0 -0 0 0.02887 -0.0094685 0.0070558 0 0
0 0 0 0.12622 0 0 0 0 -0 -0 0 0.11682 -0.038315 0.028552 0 0
-0 -0 -0 0.069432 0 0 0 0 -0 -0 0 0.064264 -0.021077 0.015706 0 0
0 0 0 0.08621 0 0 0 0 -0 -0 0 0.079793 -0.02617 0.019502 0 0
-0 -0 -0 0.09539 0 0 0 0 -0 -0 0 0.08829 -0.028957 0.021578 0 0
-0 -0 -0 0.01965 0 0 0 0 -0 -0 0 0.018187 -0.0059648 0.0044449 0 0
0 0 0 0.085193 0 0 0 0 -0 -0 0 0.078852 -0.025861 0.019272 0 0
0 0 0 0.079397 0 0 0 0 -0 -0 0 0.073488 -0.024102 0.017961 0 0
-0 -0 -0 0.031944 0 0 0 0 -0 -0 0 0.029566 -0.009697 0.0072261 0 0
-0 -0 -0 0.14254 0 0 0 0 -0 -0 0 0.13193 -0.043271 0.032245 0 0
0 0 0 0.12625 0 0 0 0 -0 -0 0 0.11685 -0.038324 0.028558 0 0
-0 -0 -0 0.0030198 0 0 0 0 -0 -0 0 0.002795 -0.00091669 0.00068311 0 0
0 0 0 0.17767 0 0 0 0 -0 -0 0 0.16445 -0.053935 0.040191 0 0
0 0 0 0.068615 0 0 0 0 -0 -0 0 0.063508 -0.020829 0.015522 0 0
-0 -0 -0 0.023042 0 0 0 0 -0 -0 0 0.021327 -0.0069948 0.0052125 0 0
0 0 0 0.042004 0 0 0 0 -0 -0 0 0.038878 -0.012751 0.0095018 0 0
-0 -0 -0 0.040375 0 0 0 0 -0 -0 0 0.03737 -0.012256 0.0091332 0 0
0 0 0 0.0092599 0 0 0 0 -0 -0 0 0.0085707 -0.0028109 0.0020947 0 0
0 0 0 0.091507 0 0 0 0 -0 -0 0 0.084696 -0.027778 0.0207 0 0
0 0 0 0.085876 0 0 0 0 -0 -0 0 0.079485 -0.026069 0.019426 0 0
-0 -0 -0 0.11975 0 0 0 0 -0 -0 0 0.11084 -0.036352 0.027089 0 0
0 0 0 0.11672 0 0 0 0 -0 -0 0 0.10803 -0.035431 0.026403 0 0
-0 -0 -0 0.11327 0 0 0 0 -0 -0 0 0.10484 -0.034383 0.025622 0 0
-0 -0 -0 0.13137 0 0 0 0 -0 -0 0 0.1216 -0.03988 0.029718 0 0
0 0 0 0.017085 0 0 0 0 -0 -0 0 0.015813 -0.0051862 0.0038647 0 0
0 0 0 0.0031767 0 0 0 0 -0 -0 0 0.0029402 -0.00096432 0.0007186 0 0
