-0 -0 -0 0.11941 0 0 0 0 -0 -0 -0 0.11762 0.0035916 0.020317 0 0
0 0 0 0.14479 0 0 0 0 -0 -0 -0 0.14261 0.0043549 0.024634 0 0
-0 -0 -0 0.051695 0 0 0 0 -0 -0 -0 0.050917 0.0015548 0.0087951 0 0
-0 -0 -0 0.12321 0 0 0 0 -0 -0 -0 0.12136 0.0037059 0.020963 0 0
-0 -0 -0 0.11718 0 0 0 0 -0 -0 -0 0.11541 0.0035243 0.019936 0 0
-0 -0 -0 0.097346 0 0 0 0 -0 -0 -0 0.095882 0.0029279 0.016562 0 0
0 0 0 0.19239 0 0 0 0 -0 -0 -0 0.1895 0.0057867 0.032733 0 0
-0 -0 -0 0.062384 0 0 0 0 -0 -0 -0 0.061446 0.0018763 0.010614 0 0
-0 -0 -0 0.080105 0 0 0 0 -0 -0 -0 0.078901 0.0024093 0.013629 0 0
-0 -0 -0 0.082944 0 0 0 0 -0 -0 -0 0.081697 0.0024947 0.014112 0 0
0 0 0 0.19675 0 0 0 0 -0 -0 -0 0.19379 0.0059175 0.033474 0 0
0 0 0 0.03768 0 0 0 0 -0 -0 -0 0.037114 0.0011333 0.0064108 0 0
0 0 0 0.19425 0 0 0 0 -0 -0 -0 0.19133 0.0058424 0.033049 0 0
0 0 0 0.18387 0 0 0 0 -0 -0 -0 0.18111 0.0055304 0.031284 0 0
-0 -0 -0 0.020953 0 0 0 0 -0 -0 -0 0.020638 0.00063019 0.0035648 0 0
0 0 0 0.053849 0 0 0 0 -0 -0 -0 0.053039 0.0016196 0.0091617 0 0
-0 -0 -0 0.00025906 0 0 0 0 -0 -0 -0 0.00025516 7.7918e-06 4.4075e-05 0 0
-0 -0 -0 0.028083 0 0 0 0 -0 -0 -0 0.027661 0.00084467 0.004778 0 0
0 0 0 0.091909 0 0 0 0 -0 -0 -0 0.090526 0.0027643 0.015637 0 0
0 0 0 0.10365 0 0 0 0 -0 -0 -0 0.10209 0.0031176 0.017635 0 0
-0 -0 -0 0.12065 0 0 0 0 -0 -0 -0 0.11884 0.0036288 0.020527 0 0
0 0 0 0.095403 0 0 0 0 -0 -0 -0 0.093968 0.0028694 0.016231 0 0
0 0 0 0.14018 0 0 0 0 -0 -0 -0 0.13807 0.0042161 0.023849 0 0
0 0 0 0.052681 0 0 0 0 -0 -0 -0 0.051889 0.0015845 0.0089629 0 0
-0 -0 -0 0.12697 0 0 0 0 -0 -0 -0 0.12506 0.003819 0.021603 0 0
0 0 0 0.12538 0 0 0 0 -0 -0 -0 0.1235 0.0037711 0.021332 0 0
-0 -0 -0 0.0069888 0 0 0 0 -0 -0 -0 0.0068837 0.0002102 0.001189 0 0
-0 -0 -0 0.12568 0 0 0 0 -0 -0 -0 0.12379 0.00378 0.021382 0 0
0 0 0 0.15795 0 0 0 0 -0 -0 -0 0.15558 0.0047508 0.026874 0 0
-0 -0 -0 0.0053637 0 0 0 0 -0 -0 -0 0.005283 0.00016132 0.00091256 0 0
0 0 0 0.1979 0 0 0 0 -0 -0 -0 0.19492 0.0059521 0.033669 0 0
-0 -0 -0 0.090158 0 0 0 0 -0 -0 -0 0.088802 0.0027117 0.015339 0 0
0 0 0 0.098674 0 0 0 0 -0 -0 -0 0.09719 0.0029678 0.016788 0 0
-0 -0 -0 0.1722 0 0 0 0 -0 -0 -0 0.16961 0.0051791 0.029297 0 0
0 0 0 0.015347 0 0 0 0 -0 -0 -0 0.015116 0.0004616 0.0026111 0 0
-0 -0 -0 0.072271 0 0 0 0 -0 -0 -0 0.071184 0.0021737 0.012296 0 0
0 0 0 0.017458 0 0 0 0 -0 -0 -0 0.017195 0.00052508 0.0029702 0 0
0 0 0 0.091013 0 0 0 0 -0 -0 -0 0.089644 0.0027374 0.015485 0 0
-0 -0 -0 0.098868 0 0 0 0 -0 -0 -0 0.097382 0.0029737 0.016821 0 0
-0 -0 -0 0.13495 0 0 0 0 -0 -0 -0 0.13292 0.0040589 0.02296 0 0
-0 -0 -0 0.032332 0 0 0 0 -0 -0 -0 0.031846 0.00097245 0.0055008 0 0
0 0 0 0.14707 0 0 0 0 -0 -0 -0 0.14486 0.0044234 0.025022 0 0
-0 -0 -0 0.038227 0 0 0 0 -0 -0 -0 0.037652 0.0011497 0.0065037 0 0
0 0 0 0.059564 0 0 0 0 -0 -0 -0 0.058668 0.0017915 0.010134 0 0
-0 -0 -0 0.17141 0 0 0 0 -0 -0 -0 0.16884 0.0051556 0.029164 0 0
0 0 0 0.096956 0 0 0 0 -0 -0 -0 0.095498 0.0029162 0.016496 0 0
-0 -0 -0 0.1902 0 0 0 0 -0 -0 -0 0.18734 0.0057206 0.03236 0 0
-0 -0 -0 0.10367 0 0 0 0 -0 -0 -0 0.10211 0.003118 0.017637 0 0
-0 -0 -0 0.19478 0 0 0 0 -0 -0 -0 0.19185 0.0058585 0.03314 0 0
0 0 0 0.13413 0 0 0 0 -0 -0 -0 0.13211 0.0040343 0.02282 0 0
0 0 0 0.0088206 0 0 0 0 -0 -0 -0 0.008688 0.0002653 0.0015007 0 0
-0 -0 -0 0.12406 0 0 0 0 -0 -0 -0 0.12219 0.0037313 0.021107 0 0
-0 -0 -0 0.030538 0 0 0 0 -0 -0 -0 0.030079 0.00091849 0.0051956 0 0
-0 -0 -0 0.12473 0 0 0 0 -0 -0 -0 0.12285 0.0037515 0.021221 0 0
-0 -0 -0 0.043223 0 0 0 0 -0 -0 -0 0.042573 0.0013 0.0073537 0 0
0 0 0 0.060396 0 0 0 0 -0 -0 -0 0.059488 0.0018165 0.010276 0 0
0 0 0 0.18794 0 0 0 0 -0 -0 -0 0.18512 0.0056528 0.031976 0 0
-0 -0 -0 0.1039 0 0 0 0 -0 -0 -0 0.10234 0.0031251 0.017678 0 0
-0 -0 -0 0.05777 0 0 0 0 -0 -0 -0 0.056901 0.0017376 0.0098288 0 0
-0 -0 -0 0.10961 0 0 0 0 -0 -0 -0 0.10796 0.0032967 0.018648 0 0
-0 -0 -0 0.007297 0 0 0 0 -0 -0 -0 0.0071872 0.00021947 0.0012415 0 0
0 0 0 0.081748 0 0 0 0 -0 -0 -0 0.080519 0.0024587 0.013908 0 0
0 0 0 0.056348 0 0 0 0 -0 -0 -0 0.0555 0.0016948 0.0095868 0 0
-0 -0 -0 0.047151 0 0 0 0 -0 -0 -0 0.046442 0.0014182 0.0080221 0 0
-0 -0 -0 0.1977 0 0 0 0 -0 -0 -0 0.19473 0.0059464 0.033637 0 0
-0 -0 -0 0.11739 0 0 0 0 -0 -0 -0 0.11562 0.0035306 0.019971 0 0
-0 -0 -0 0.15705 0 0 0 0 -0 -0 -0 0.15469 0.0047235 0.026719 0 0
0 0 0 0.14192 0 0 0 0 -0 -0 -0 0.13979 0.0042686 0.024146 0 0
-0 -0 -0 0.15181 0 0 0 0 -0 -0 -0 0.14953 0.0045661 0.025829 0 0
0 0 0 0.11441 0 0 0 0 -0 -0 -0 0.11269 0.0034411 0.019465 0 0
0 0 0 0.025268 0 0 0 0 -0 -0 -0 0.024888 0.00075999 0.004299 0 0
-0 -0 -0 0.088808 0 0 0 0 -0 -0 -0 0.087472 0.0026711 0.015109 0 0
0 0 0 0.040191 0 0 0 0 -0 -0 -0 0.039586 0.0012088 0.0068379 0 0
0 0 0 0.047253 0 0 0 0 -0 -0 -0 0.046542 0.0014212 0.0080394 0 0
0 0 0 0.17432 0 0 0 0 -0 -0 -0 0.1717 0.0052431 0.029658 0 0
0 0 0 0.051147 0 0 0 0 -0 -0 -0 0.050378 0.0015384 0.008702 0 0
0 0 0 0.18462 0 0 0 0 -0 -0 -0 0.18185 0.0055529 0.031411 0 0
-0 -0 -0 0.079748 0 0 0 0 -0 -0 -0 0.078549 0.0023986 0.013568 0 0
-0 -0 -0 0.0052679 0 0 0 0 -0 -0 -0 0.0051886 0.00015844 0.00089625 0 0
0 0 0 0.045816 0 0 0 0 -0 -0 -0 0.045127 0.001378 0.007795 0 0
0 0 0 0.00029193 0 0 0 0 -0 -0 -0 0.00028754 8.7805e-06 4.9668e-05 0 0
0 0 0 0.037879 0 0 0 0 -0 -0 -0 0.037309 0.0011393 0.0064445 0 0
-0 -0 -0 0.019602 0 0 0 0 -0 -0 -0 0.019307 0.00058956 0.003335 0 0
0 0 0 0.017932 0 0 0 0 -0 -0 -0 0.017662 0.00053933 0.0030508 0 0
0 0 0 0.15992 0 0 0 0 -0 -0 -0 0.15751 0.0048098 0.027208 0 0
0 0 0 0.15207 0 0 0 0 -0 -0 -0 0.14978 0.0045737 0.025872 0 0
0 0 0 0.059898 0 0 0 0 -0 -0 -0 0.058997 0.0018015 0.010191 0 0
-0 -0 -0 0.02334 0 0 0 0 -0 -0 -0 0.022989 0.00070198 0.0039709 0 0
-0 -0 -0 0.15319 0 0 0 0 -0 -0 -0 0.15088 0.0046074 0.026063 0 0
0 0 0 0.19143 0 0 0 0 -0 -0 -0 0.18855 0.0057577 0.032569 0 0
-0 -0 -0 0.05335 0 0 0 0 -0 -0 -0 0.052548 0.0016046 0.0090768 0 0
-0 -0 -0 0.16913 0 0 0 0 -0 -0 -0 0.16659 0.005087 0.028775 0 0
0 0 0 0.053322 0 0 0 0 -0 -0 -0 0.052521 0.0016038 0.0090721 0 0
0 0 0 0.02716 0 0 0 0 -0 -0 -0 0.026751 0.00081688 0.0046208 0 0
-0 -0 -0 0.1562 0 0 0 0 -0 -0 -0 0.15385 0.0046981 0.026576 0 0
0 0 0 0.1908 0 0 0 0 -0 -0 -0 0.18793 0.0057386 0.032461 0 0
0 0 0 0.083203 0 0 0 0 -0 -0 -0 0.081952 0.0025025 0.014156 0 0
0 0 0 0.038407 0 0 0 0 -0 -0 -0 0.03783 0.0011552 0.0065345 0 0
-0 -0 -0 0.063437 0 0 0 0 -0 -0 -0 0.062483 0.001908 0.010793 0 0
-0 -0 -0 0.18623 0 0 0 0 -0 -0 -0 0.18343 0.0056011 0.031684 0 0
