0 0 0 0.10802 0 0 0 0 -0 -0 0 0.09998 -0.032791 0.024435 0 0
-0 -0 -0 0.16579 0 0 0 0 -0 -0 0 0.15345 -0.050327 0.037503 0 0
0 0 0 0.10746 0 0 0 0 -0 -0 0 0.099461 -0.032621 0.024309 0 0
0 0 0 0.17759 0 0 0 0 -0 -0 0 0.16437 -0.053909 0.040173 0 0
-0 -0 -0 0.0053965 0 0 0 0 -0 -0 0 0.0049948 -0.0016382 0.0012207 0 0
0 0 0 0.0042571 0 0 0 0 -0 -0 0 0.0039403 -0.0012923 0.00096301 0 0
0 0 0 0.071781 0 0 0 0 -0 -0 0 0.066438 -0.02179 0.016238 0 0
-0 -0 -0 0.17952 0 0 0 0 -0 -0 0 0.16616 -0.054496 0.04061 0 0
0 0 0 0.10603 0 0 0 0 -0 -0 0 0.098139 -0.032187 0.023985 0 0
0 0 0 0.048056 0 0 0 0 -0 -0 0 0.044479 -0.014588 0.010871 0 0
-0 -0 -0 0.13514 0 0 0 0 -0 -0 0 0.12508 -0.041024 0.03057 0 0
-0 -0 -0 0.10316 0 0 0 0 -0 -0 0 0.095481 -0.031315 0.023336 0 0
-0 -0 -0 0.19179 0 0 0 0 -0 -0 0 0.17751 -0.058219 0.043384 0 0
0 0 0 0.10837 0 0 0 0 -0 -0 0 0.1003 -0.032897 0.024515 0 0
0 0 0 0.1287 0 0 0 0 -0 -0 0 0.11912 -0.03907 0.029114 0 0
-0 -0 -0 0.056556 0 0 0 0 -0 -0 0 0.052347 -0.017168 0.012794 0 0
-0 -0 -0 0.023897 0 0 0 0 -0 -0 0 0.022118 -0.0072542 0.0054057 0 0
-0 -0 -0 0.14947 0 0 0 0 -0 -0 0 0.13834 -0.045373 0.033811 0 0
-0 -0 -0 0.073002 0 0 0 0 -0 -0 0 0.067569 -0.022161 0.016514 0 0
-0 -0 -0 0.012994 0 0 0 0 -0 -0 0 0.012027 -0.0039445 0.0029394 0 0
0 0 0 0.055819 0 0 0 0 -0 -0 0 0.051664 -0.016944 0.012627 0 0
0 0 0 0.12602 0 0 0 0 -0 -0 0 0.11664 -0.038255 0.028507 0 0
-0 -0 -0 0.01735 0 0 0 0 -0 -0 0 0.016059 -0.0052668 0.0039248 0 0
0 0 0 0.19091 0 0 0 0 -0 -0 0 0.1767 -0.057954 0.043187 0 0
-0 -0 -0 0.17873 0 0 0 0 -0 -0 0 0.16543 -0.054256 0.040431 0 0
0 0 0 0.067862 0 0 0 0 -0 -0 0 0.062811 -0.0206 0.015351 0 0
-0 -0 -0 0.097556 0 0 0 0 -0 -0 0 0.090295 -0.029614 0.022068 0 0
0 0 0 0.11802 0 0 0 0 -0 -0 0 0.10923 -0.035826 0.026697 0 0
0 0 0 0.16104 0 0 0 0 -0 -0 0 0.14905 -0.048885 0.036429 0 0
0 0 0 0.062505 0 0 0 0 -0 -0 0 0.057853 -0.018974 0.014139 0 0
-0 -0 -0 0.17075 0 0 0 0 -0 -0 0 0.15805 -0.051835 0.038627 0 0
-0 -0 -0 0.070002 0 0 0 0 -0 -0 0 0.064792 -0.02125 0.015835 0 0
0 0 0 0.052031 0 0 0 0 -0 -0 0 0.048158 -0.015795 0.01177 0 0
-0 -0 -0 0.037326 0 0 0 0 -0 -0 0 0.034547 -0.011331 0.0084434 0 0
-0 -0 -0 0.0072045 0 0 0 0 -0 -0 0 0.0066682 -0.002187 0.0016297 0 0
0 0 0 0.12345 0 0 0 0 -0 -0 0 0.11426 -0.037474 0.027925 0 0
-0 -0 -0 0.041731 0 0 0 0 -0 -0 0 0.038625 -0.012668 0.00944 0 0
-0 -0 -0 0.068669 0 0 0 0 -0 -0 0 0.063558 -0.020845 0.015534 0 0
0 0 0 0.11278 0 0 0 0 -0 -0 0 0.10439 -0.034237 0.025513 0 0
0 0 0 0.10539 0 0 0 0 -0 -0 0 0.097545 -0.031992 0.02384 0 0
-0 -0 -0 0.11472 0 0 0 0 -0 -0 0 0.10618 -0.034824 0.025951 0 0
-0 -0 -0 0.13137 0 0 0 0 -0 -0 0 0.12159 -0.039879 0.029717 0 0
0 0 0 0.10476 0 0 0 0 -0 -0 0 0.096962 -0.031801 0.023698 0 0
0 0 0 0.15491 0 0 0 0 -0 -0 0 0.14338 -0.047025 0.035042 0 0
-0 -0 -0 0.068414 0 0 0 0 -0 -0 0 0.063322 -0.020768 0.015476 0 0
-0 -0 -0 0.15947 0 0 0 0 -0 -0 0 0.1476 -0.048408 0.036073 0 0
-0 -0 -0 0.19986 0 0 0 0 -0 -0 0 0.18498 -0.060668 0.045209 0 0
0 0 0 0.069428 0 0 0 0 -0 -0 0 0.06426 -0.021076 0.015705 0 0
-0 -0 -0 0.088032 0 0 0 0 -0 -0 0 0.08148 -0.026723 0.019914 0 0
-0 -0 -0 0.15299 0 0 0 0 -0 -0 0 0.1416 -0.046442 0.034608 0 0
-0 -0 -0 0.020943 0 0 0 0 -0 -0 0 0.019384 -0.0063575 0.0047375 0 0
-0 -0 -0 0.075885 0 0 0 0 -0 -0 0 0.070236 -0.023036 0.017166 0 0
0 0 0 0.10553 0 0 0 0 -0 -0 0 0.097677 -0.032035 0.023873 0 0
0 0 0 0.11283 0 0 0 0 -0 -0 0 0.10444 -0.034252 0.025524 0 0
-0 -0 -0 0.040987 0 0 0 0 -0 -0 0 0.037937 -0.012442 0.0092718 0 0
-0 -0 -0 0.1654 0 0 0 0 -0 -0 0 0.15309 -0.050209 0.037415 0 0
-0 -0 -0 0.05254 0 0 0 0 -0 -0 0 0.04863 -0.015949 0.011885 0 0
0 0 0 0.1731 0 0 0 0 -0 -0 0 0.16021 -0.052546 0.039157 0 0
0 0 0 0.18454 0 0 0 0 -0 -0 0 0.17081 -0.056021 0.041746 0 0
-0 -0 -0 0.1158 0 0 0 0 -0 -0 0 0.10718 -0.035151 0.026194 0 0
0 0 0 0.07801 0 0 0 0 -0 -0 0 0.072204 -0.023681 0.017647 0 0
-0 -0 -0 0.13712 0 0 0 0 -0 -0 0 0.12691 -0.041625 0.031018 0 0
0 0 0 0.15786 0 0 0 0 -0 -0 0 0.14611 -0.047919 0.035709 0 0
-0 -0 -0 0.010679 0 0 0 0 -0 -0 0 0.0098846 -0.0032419 0.0024158 0 0
0 0 0 0.14584 0 0 0 0 -0 -0 0 0.13499 -0.044272 0.032991 0 0
-0 -0 -0 0.07985 0 0 0 0 -0 -0 0 0.073907 -0.024239 0.018063 0 0
-0 -0 -0 0.012521 0 0 0 0 -0 -0 0 0.011589 -0.0038008 0.0028323 0 0
0 0 0 0.090627 0 0 0 0 -0 -0 0 0.083882 -0.027511 0.020501 0 0
-0 -0 -0 0.086337 0 0 0 0 -0 -0 0 0.079911 -0.026209 0.01953 0 0
-0 -0 -0 0.027215 0 0 0 0 -0 -0 0 0.02519 -0.0082616 0.0061564 0 0
-0 -0 -0 0.1276 0 0 0 0 -0 -0 0 0.1181 -0.038733 0.028863 0 0
0 0 0 0.013416 0 0 0 0 -0 -0 0 0.012417 -0.0040726 0.0030349 0 0
-0 -0 -0 0.032826 0 0 0 0 -0 -0 0 0.030383 -0.0099648 0.0074257 0 0
0 0 0 0.10736 0 0 0 0 -0 -0 0 0.099368 -0.03259 0.024286 0 0
0 0 0 0.096544 0 0 0 0 -0 -0 0 0.089358 -0.029307 0.021839 0 0
0 0 0 0.10631 0 0 0 0 -0 -0 0 0.098395 -0.032271 0.024048 0 0
0 0 0 0.02354 0 0 0 0 -0 -0 0 0.021788 -0.007146 0.0053251 0 0
0 0 0 0.19237 0 0 0 0 -0 -0 0 0.17805 -0.058397 0.043517 0 0
0 0 0 0.093083 0 0 0 0 -0 -0 0 0.086155 -0.028256 0.021056 0 0
-0 -0 -0 0.1864 0 0 0 0 -0 -0 0 0.17253 -0.056585 0.042167 0 0
0 0 0 0.071171 0 0 0 0 -0 -0 0 0.065874 -0.021605 0.0161 0 0
-0 -0 -0 0.17038 0 0 0 0 -0 -0 0 0.1577 -0.051722 0.038543 0 0
0 0 0 0.038742 0 0 0 0 -0 -0 0 0.035858 -0.01176 0.0087638 0 0
0 0 0 0.10409 0 0 0 0 -0 -0 0 0.096345 -0.031598 0.023547 0 0
0 0 0 0.14345 0 0 0 0 -0 -0 0 0.13277 -0.043546 0.03245 0 0
-0 -0 -0 0.068977 0 0 0 0 -0 -0 0 0.063843 -0.020939 0.015603 0 0
-0 -0 -0 0.11946 0 0 0 0 -0 -0 0 0.11057 -0.036263 0.027023 0 0
-0 -0 -0 0.18181 0 0 0 0 -0 -0 0 0.16828 -0.055191 0.041127 0 0
-0 -0 -0 0.069549 0 0 0 0 -0 -0 0 0.064373 -0.021112 0.015733 0 0
0 0 0 0.018736 0 0 0 0 -0 -0 0 0.017341 -0.0056875 0.0042383 0 0
-0 -0 -0 0.037779 0 0 0 0 -0 -0 0 0.034967 -0.011468 0.0085459 0 0
-0 -0 -0 0.027567 0 0 0 0 -0 -0 0 0.025515 -0.0083681 0.0062359 0 0
-0 -0 -0 0.0039045 0 0 0 0 -0 -0 0 0.0036139 -0.0011853 0.00088325 0 0
0 0 0 0.048145 0 0 0 0 -0 -0 0 0.044561 -0.014615 0.010891 0 0
0 0 0 0.144 0 0 0 0 -0 -0 0 0.13328 -0.043713 0.032574 0 0
0 0 0 0.059454 0 0 0 0 -0 -0 0 0.055029 -0.018048 0.013449 0 0
0 0 0 0.14223 0 0 0 0 -0 -0 0 0.13165 -0.043177 0.032175 0 0
-0 -0 -0 0.11741 0 0 0 0 -0 -0 0 0.10867 -0.035641 0.026559 0 0
0 0 0 0.13756 0 0 0 0 -0 -0 0 0.12732 -0.041757 0.031117 0 0
-0 -0 -0 0.16451 0 0 0 0 -0 -0 0 0.15226 -0.049938 0.037214 0 0
