-0 -0 -0.24693 0 0 0 0 0 0 0 0 0 0 0.026452 -0.089663 -0.22855 0.0049197 -0.015352 0.006592 0 0
0 0 0.30977 0 0 0 0 0 0 0 0 0 0 -0.033183 0.11248 0.28671 -0.01164 0.01668 -0.0078907 0 0
0 0 0.20883 0 0 0 0 0 0 0 0 0 0 -0.02237 0.075827 0.19329 -0.0072302 0.011651 -0.0054075 0 0
0 0 0.25533 0 0 0 0 0 0 0 0 0 0 -0.027352 0.092713 0.23633 -0.009192 0.014022 -0.0065648 0 0
0 0 0.25513 0 0 0 0 0 0 0 0 0 0 -0.02733 0.09264 0.23614 -0.0091833 0.014012 -0.0065598 0 0
-0 -0 -0.21381 0 0 0 0 0 0 0 0 0 0 0.022904 -0.077637 -0.1979 0.0045002 -0.013224 0.0057087 0 0
0 0 0.21328 0 0 0 0 0 0 0 0 0 0 -0.022847 0.077442 0.1974 -0.0074126 0.011881 -0.0055191 0 0
-0 -0 -0.21112 0 0 0 0 0 0 0 0 0 0 0.022616 -0.076659 -0.19541 0.0044627 -0.013052 0.0056367 0 0
0 0 0.043412 0 0 0 0 0 0 0 0 0 0 -0.0046504 0.015763 0.04018 -0.0012812 0.002543 -0.0011459 0 0
0 0 0.13328 0 0 0 0 0 0 0 0 0 0 -0.014278 0.048396 0.12336 -0.0043087 0.0076141 -0.0034857 0 0
0 0 0.27289 0 0 0 0 0 0 0 0 0 0 -0.029232 0.099086 0.25257 -0.0099638 0.014893 -0.0069959 0 0
-0 -0 -0.072627 0 0 0 0 0 0 0 0 0 0 0.00778 -0.026371 -0.067221 0.0018708 -0.0043735 0.0019323 0 0
-0 -0 -0.1461 0 0 0 0 0 0 0 0 0 0 0.01565 -0.053048 -0.13522 0.0034077 -0.0089291 0.0038973 0 0
-0 -0 -0.007688 0 0 0 0 0 0 0 0 0 0 0.00082355 -0.0027915 -0.0071157 0.0002143 -0.00045616 0.00020376 0 0
-0 -0 -0.23947 0 0 0 0 0 0 0 0 0 0 0.025653 -0.086954 -0.22165 0.0048318 -0.014871 0.0063932 0 0
-0 -0 -0.30535 0 0 0 0 0 0 0 0 0 0 0.032709 -0.11087 -0.28262 0.005474 -0.019139 0.008142 0 0
0 0 0.26429 0 0 0 0 0 0 0 0 0 0 -0.028311 0.095965 0.24462 -0.0095837 0.014468 -0.0067852 0 0
0 0 0.011381 0 0 0 0 0 0 0 0 0 0 -0.0012192 0.0041325 0.010534 -0.00032424 0.00067214 -0.00030121 0 0
0 0 0.24409 0 0 0 0 0 0 0 0 0 0 -0.026148 0.088631 0.22592 -0.0087067 0.013457 -0.006287 0 0
-0 -0 -0.18212 0 0 0 0 0 0 0 0 0 0 0.019509 -0.066129 -0.16856 0.0040279 -0.011204 0.0048614 0 0
0 0 0.33611 0 0 0 0 0 0 0 0 0 0 -0.036005 0.12204 0.3111 -0.012881 0.017918 -0.0085201 0 0
-0 -0 -0.092741 0 0 0 0 0 0 0 0 0 0 0.0099346 -0.033675 -0.085838 0.0023275 -0.0056086 0.0024697 0 0
-0 -0 -0.14377 0 0 0 0 0 0 0 0 0 0 0.015401 -0.052205 -0.13307 0.0033647 -0.0087834 0.0038352 0 0
0 0 0.33691 0 0 0 0 0 0 0 0 0 0 -0.036091 0.12233 0.31183 -0.012919 0.017955 -0.008539 0 0
-0 -0 -0.31726 0 0 0 0 0 0 0 0 0 0 0.033986 -0.1152 -0.29365 0.0055578 -0.019916 0.0084566 0 0
0 0 0.27627 0 0 0 0 0 0 0 0 0 0 -0.029594 0.10031 0.2557 -0.010114 0.015059 -0.0070785 0 0
-0 -0 -0.20079 0 0 0 0 0 0 0 0 0 0 0.021509 -0.072908 -0.18584 0.0043145 -0.012392 0.0053607 0 0
-0 -0 -0.038895 0 0 0 0 0 0 0 0 0 0 0.0041665 -0.014123 -0.036 0.0010448 -0.0023247 0.0010329 0 0
-0 -0 -0.28035 0 0 0 0 0 0 0 0 0 0 0.030032 -0.1018 -0.25948 0.0052659 -0.017514 0.0074802 0 0
-0 -0 -0.10074 0 0 0 0 0 0 0 0 0 0 0.010791 -0.036578 -0.093239 0.0025016 -0.0061022 0.0026835 0 0
-0 -0 -0.021416 0 0 0 0 0 0 0 0 0 0 0.0022941 -0.0077763 -0.019822 0.00058747 -0.0012749 0.00056812 0 0
0 0 0.031291 0 0 0 0 0 0 0 0 0 0 -0.003352 0.011362 0.028962 -0.0009114 0.0018387 -0.00082682 0 0
-0 -0 -0.0025982 0 0 0 0 0 0 0 0 0 0 0.00027833 -0.00094342 -0.0024048 7.2852e-05 -0.00015397 6.8836e-05 0 0
-0 -0 -0.079929 0 0 0 0 0 0 0 0 0 0 0.0085622 -0.029023 -0.07398 0.0020398 -0.0048208 0.0021273 0 0
0 0 0.2977 0 0 0 0 0 0 0 0 0 0 -0.03189 0.1081 0.27554 -0.011083 0.016102 -0.0075995 0 0
0 0 0.11523 0 0 0 0 0 0 0 0 0 0 -0.012344 0.041842 0.10666 -0.0036609 0.006618 -0.00302 0 0
0 0 0.19002 0 0 0 0 0 0 0 0 0 0 -0.020356 0.068998 0.17588 -0.0064718 0.010667 -0.0049336 0 0
-0 -0 -0.23476 0 0 0 0 0 0 0 0 0 0 0.025148 -0.085242 -0.21728 0.0047743 -0.014568 0.0062675 0 0
-0 -0 -0.024722 0 0 0 0 0 0 0 0 0 0 0.0026483 -0.0089768 -0.022882 0.00067551 -0.0014728 0.00065598 0 0
-0 -0 -0.12133 0 0 0 0 0 0 0 0 0 0 0.012997 -0.044056 -0.1123 0.0029302 -0.0073803 0.0032345 0 0
-0 -0 -0.14611 0 0 0 0 0 0 0 0 0 0 0.015652 -0.053054 -0.13524 0.003408 -0.0089301 0.0038977 0 0
-0 -0 -0.23502 0 0 0 0 0 0 0 0 0 0 0.025176 -0.085337 -0.21753 0.0047775 -0.014584 0.0062745 0 0
0 0 0.34364 0 0 0 0 0 0 0 0 0 0 -0.036811 0.12478 0.31806 -0.013242 0.018266 -0.0086983 0 0
0 0 0.032251 0 0 0 0 0 0 0 0 0 0 -0.0034548 0.011711 0.029851 -0.00094036 0.0018947 -0.00085213 0 0
-0 -0 -0.08536 0 0 0 0 0 0 0 0 0 0 0.009144 -0.030995 -0.079007 0.0021631 -0.0051543 0.0022724 0 0
-0 -0 -0.11869 0 0 0 0 0 0 0 0 0 0 0.012715 -0.043099 -0.10986 0.0028769 -0.0072162 0.0031639 0 0
-0 -0 -0.17962 0 0 0 0 0 0 0 0 0 0 0.019241 -0.06522 -0.16625 0.0039877 -0.011045 0.0047945 0 0
-0 -0 -0.0091059 0 0 0 0 0 0 0 0 0 0 0.00097545 -0.0033064 -0.0084282 0.00025341 -0.00054048 0.00024136 0 0
-0 -0 -0.2721 0 0 0 0 0 0 0 0 0 0 0.029148 -0.0988 -0.25184 0.0051876 -0.016979 0.0072611 0 0
0 0 0.18852 0 0 0 0 0 0 0 0 0 0 -0.020194 0.068452 0.17449 -0.0064119 0.010587 -0.0048955 0 0
0 0 0.22709 0 0 0 0 0 0 0 0 0 0 -0.024327 0.082459 0.21019 -0.0079862 0.012593 -0.0058645 0 0
0 0 0.14399 0 0 0 0 0 0 0 0 0 0 -0.015424 0.052282 0.13327 -0.0047022 0.0081992 -0.0037608 0 0
0 0 0.23353 0 0 0 0 0 0 0 0 0 0 -0.025017 0.084797 0.21615 -0.0082572 0.012922 -0.0060249 0 0
0 0 0.047723 0 0 0 0 0 0 0 0 0 0 -0.0051122 0.017329 0.044171 -0.001415 0.0027924 -0.0012592 0 0
0 0 0.073616 0 0 0 0 0 0 0 0 0 0 -0.0078859 0.02673 0.068137 -0.002243 0.0042777 -0.0019378 0 0
-0 -0 -0.065056 0 0 0 0 0 0 0 0 0 0 0.006969 -0.023622 -0.060214 0.001692 -0.0039112 0.0017302 0 0
0 0 0.26866 0 0 0 0 0 0 0 0 0 0 -0.028779 0.097552 0.24866 -0.0097764 0.014685 -0.0068924 0 0
0 0 0.1507 0 0 0 0 0 0 0 0 0 0 -0.016144 0.054721 0.13949 -0.0049526 0.0085643 -0.003933 0 0
-0 -0 -0.29637 0 0 0 0 0 0 0 0 0 0 0.031748 -0.10761 -0.27431 0.0054043 -0.018555 0.0079047 0 0
-0 -0 -0.31925 0 0 0 0 0 0 0 0 0 0 0.034199 -0.11592 -0.29549 0.0055708 -0.020046 0.0085089 0 0
0 0 0.097634 0 0 0 0 0 0 0 0 0 0 -0.010459 0.035451 0.090367 -0.0030483 0.0056356 -0.0025637 0 0
0 0 0.14232 0 0 0 0 0 0 0 0 0 0 -0.015246 0.051677 0.13173 -0.0046405 0.0081084 -0.003718 0 0
0 0 0.039258 0 0 0 0 0 0 0 0 0 0 -0.0042054 0.014255 0.036336 -0.0011534 0.0023021 -0.0010366 0 0
-0 -0 -0.15654 0 0 0 0 0 0 0 0 0 0 0.016769 -0.05684 -0.14489 0.0035966 -0.0095859 0.0041769 0 0
0 0 0.017103 0 0 0 0 0 0 0 0 0 0 -0.0018322 0.0062103 0.01583 -0.0004904 0.0010087 -0.00045246 0 0
0 0 0.024516 0 0 0 0 0 0 0 0 0 0 -0.0026262 0.0089017 0.022691 -0.00070875 0.0014431 -0.00064816 0 0
-0 -0 -0.062679 0 0 0 0 0 0 0 0 0 0 0.0067143 -0.022759 -0.058013 0.001635 -0.0037663 0.0016668 0 0
-0 -0 -0.16205 0 0 0 0 0 0 0 0 0 0 0.017359 -0.058842 -0.14999 0.0036933 -0.0099336 0.0043245 0 0
0 0 0.11806 0 0 0 0 0 0 0 0 0 0 -0.012647 0.042868 0.10927 -0.003761 0.0067748 -0.0030931 0 0
-0 -0 -0.030408 0 0 0 0 0 0 0 0 0 0 0.0032574 -0.011041 -0.028145 0.00082525 -0.0018139 0.00080713 0 0
-0 -0 -0.34686 0 0 0 0 0 0 0 0 0 0 0.037157 -0.12595 -0.32104 0.005723 -0.021852 0.0092351 0 0
0 0 0.20104 0 0 0 0 0 0 0 0 0 0 -0.021536 0.073 0.18608 -0.0069137 0.011245 -0.0052116 0 0
0 0 0.20555 0 0 0 0 0 0 0 0 0 0 -0.022019 0.074635 0.19025 -0.0070964 0.01148 -0.005325 0 0
-0 -0 -0.33242 0 0 0 0 0 0 0 0 0 0 0.035609 -0.1207 -0.30767 0.0056501 -0.020907 0.0088557 0 0
0 0 0.11954 0 0 0 0 0 0 0 0 0 0 -0.012806 0.043407 0.11065 -0.0038138 0.0068569 -0.0031314 0 0
0 0 0.14293 0 0 0 0 0 0 0 0 0 0 -0.015311 0.0519 0.1323 -0.0046632 0.0081419 -0.0037338 0 0
-0 -0 -0.22114 0 0 0 0 0 0 0 0 0 0 0.023689 -0.080298 -0.20468 0.0045995 -0.013693 0.0059043 0 0
0 0 0.057004 0 0 0 0 0 0 0 0 0 0 -0.0061064 0.020699 0.052761 -0.0017069 0.0033273 -0.0015029 0 0
-0 -0 -0.024968 0 0 0 0 0 0 0 0 0 0 0.0026747 -0.0090661 -0.02311 0.00068203 -0.0014876 0.00066251 0 0
-0 -0 -0.1882 0 0 0 0 0 0 0 0 0 0 0.020161 -0.068338 -0.1742 0.0041239 -0.01159 0.0050242 0 0
0 0 0.13897 0 0 0 0 0 0 0 0 0 0 -0.014887 0.05046 0.12863 -0.0045169 0.0079255 -0.003632 0 0
-0 -0 -0.051633 0 0 0 0 0 0 0 0 0 0 0.0055311 -0.018748 -0.04779 0.0013656 -0.003095 0.0013722 0 0
0 0 0.20095 0 0 0 0 0 0 0 0 0 0 -0.021527 0.072967 0.186 -0.0069101 0.01124 -0.0052094 0 0
-0 -0 -0.082397 0 0 0 0 0 0 0 0 0 0 0.0088265 -0.029919 -0.076264 0.002096 -0.0049723 0.0021932 0 0
0 0 0.15872 0 0 0 0 0 0 0 0 0 0 -0.017002 0.057631 0.1469 -0.0052547 0.0089975 -0.0041379 0 0
0 0 0.18903 0 0 0 0 0 0 0 0 0 0 -0.020249 0.068637 0.17496 -0.0064322 0.010614 -0.0049084 0 0
0 0 0.17356 0 0 0 0 0 0 0 0 0 0 -0.018592 0.063021 0.16064 -0.0058247 0.0097937 -0.0045163 0 0
0 0 0.0074868 0 0 0 0 0 0 0 0 0 0 -0.000802 0.0027185 0.0069296 -0.00021236 0.00044258 -0.0001982 0 0
-0 -0 -0.08499 0 0 0 0 0 0 0 0 0 0 0.0091044 -0.03086 -0.078664 0.0021547 -0.0051316 0.0022625 0 0
0 0 0.3322 0 0 0 0 0 0 0 0 0 0 -0.035586 0.12062 0.30748 -0.012695 0.017736 -0.0084272 0 0
0 0 0.067305 0 0 0 0 0 0 0 0 0 0 -0.0072099 0.024439 0.062296 -0.0020373 0.0039177 -0.0017727 0 0
-0 -0 -0.12503 0 0 0 0 0 0 0 0 0 0 0.013394 -0.0454 -0.11573 0.0030041 -0.0076109 0.0033335 0 0
0 0 0.19304 0 0 0 0 0 0 0 0 0 0 -0.020678 0.070092 0.17867 -0.0065919 0.010825 -0.0050097 0 0
0 0 0.086593 0 0 0 0 0 0 0 0 0 0 -0.0092761 0.031442 0.080148 -0.0026737 0.0050138 -0.0022764 0 0
-0 -0 -0.29127 0 0 0 0 0 0 0 0 0 0 0.031201 -0.10576 -0.26959 0.0053621 -0.018223 0.0077695 0 0
-0 -0 -0.12586 0 0 0 0 0 0 0 0 0 0 0.013483 -0.045701 -0.11649 0.0030206 -0.0076627 0.0033557 0 0
0 0 0.31518 0 0 0 0 0 0 0 0 0 0 -0.033763 0.11444 0.29172 -0.011892 0.016937 -0.0080206 0 0
-0 -0 -0.035369 0 0 0 0 0 0 0 0 0 0 0.0037889 -0.012843 -0.032737 0.0009542 -0.0021123 0.00093911 0 0
0 0 0.14981 0 0 0 0 0 0 0 0 0 0 -0.016048 0.054396 0.13866 -0.004919 0.0085156 -0.00391 0 0
-0 -0 -0.19401 0 0 0 0 0 0 0 0 0 0 0.020783 -0.070448 -0.17957 0.0042133 -0.01196 0.0051796 0 0
