-0 -0 -0.062596 0 0 0 0 0 0 0 0 0 0 0.01065 -0.0213 -0.057889 -0.00038105 -0.0058851 0.0020953 0 0
0 0 0.26567 0 0 0 0 0 0 0 0 0 0 -0.0452 0.090399 0.24569 -0.0026658 0.02457 -0.0095308 0 0
0 0 0.28484 0 0 0 0 0 0 0 0 0 0 -0.048462 0.096925 0.26343 -0.0031237 0.026289 -0.010247 0 0
0 0 0.21048 0 0 0 0 0 0 0 0 0 0 -0.03581 0.07162 0.19465 -0.0015453 0.01957 -0.0074847 0 0
0 0 0.15944 0 0 0 0 0 0 0 0 0 0 -0.027127 0.054254 0.14745 -0.00077182 0.014884 -0.0056183 0 0
-0 -0 -0.13537 0 0 0 0 0 0 0 0 0 0 0.023031 -0.046062 -0.12519 -0.001307 -0.012711 0.0044365 0 0
-0 -0 -0.14509 0 0 0 0 0 0 0 0 0 0 0.024686 -0.049371 -0.13418 -0.0014698 -0.01362 0.004741 0 0
-0 -0 -0.28118 0 0 0 0 0 0 0 0 0 0 0.047839 -0.095678 -0.26004 -0.0047027 -0.026198 0.008774 0 0
-0 -0 -0.00050121 0 0 0 0 0 0 0 0 0 0 8.5274e-05 -0.00017055 -0.00046353 -1.5199e-06 -4.7107e-05 1.7053e-05 0 0
-0 -0 -0.25383 0 0 0 0 0 0 0 0 0 0 0.043186 -0.086372 -0.23474 -0.0039113 -0.023697 0.0079995 0 0
0 0 0.34374 0 0 0 0 0 0 0 0 0 0 -0.058483 0.11697 0.31789 -0.0047484 0.031498 -0.012463 0 0
0 0 0.088756 0 0 0 0 0 0 0 0 0 0 -0.015101 0.030201 0.082082 -0.0001211 0.0083189 -0.0030831 0 0
0 0 0.13657 0 0 0 0 0 0 0 0 0 0 -0.023235 0.04647 0.1263 -0.0005076 0.012767 -0.004791 0 0
0 0 0.18206 0 0 0 0 0 0 0 0 0 0 -0.030975 0.06195 0.16837 -0.0010833 0.016967 -0.006442 0 0
0 0 0.3457 0 0 0 0 0 0 0 0 0 0 -0.058816 0.11763 0.31971 -0.004808 0.031669 -0.012537 0 0
-0 -0 -0.12297 0 0 0 0 0 0 0 0 0 0 0.020921 -0.041842 -0.11372 -0.0011126 -0.011551 0.0040452 0 0
0 0 0.074746 0 0 0 0 0 0 0 0 0 0 -0.012717 0.025434 0.069125 -5.0413e-05 0.00701 -0.0025885 0 0
0 0 0.20379 0 0 0 0 0 0 0 0 0 0 -0.034673 0.069345 0.18847 -0.0014296 0.018959 -0.0072387 0 0
0 0 0.20071 0 0 0 0 0 0 0 0 0 0 -0.034148 0.068295 0.18562 -0.0013776 0.018677 -0.0071253 0 0
-0 -0 -0.11442 0 0 0 0 0 0 0 0 0 0 0.019467 -0.038933 -0.10581 -0.00098741 -0.01075 0.0037736 0 0
-0 -0 -0.086909 0 0 0 0 0 0 0 0 0 0 0.014786 -0.029573 -0.080374 -0.00063282 -0.0081692 0.0028893 0 0
0 0 0.25412 0 0 0 0 0 0 0 0 0 0 -0.043235 0.08647 0.23501 -0.0024071 0.023531 -0.0091006 0 0
-0 -0 -0.22688 0 0 0 0 0 0 0 0 0 0 0.0386 -0.0772 -0.20982 -0.0032007 -0.021218 0.007218 0 0
0 0 0.25035 0 0 0 0 0 0 0 0 0 0 -0.042594 0.085189 0.23153 -0.0023255 0.023191 -0.0089605 0 0
-0 -0 -0.19015 0 0 0 0 0 0 0 0 0 0 0.032352 -0.064704 -0.17586 -0.0023439 -0.017818 0.0061248 0 0
0 0 0.15047 0 0 0 0 0 0 0 0 0 0 -0.025601 0.051201 0.13916 -0.00066208 0.014055 -0.0052931 0 0
-0 -0 -0.30219 0 0 0 0 0 0 0 0 0 0 0.051413 -0.10283 -0.27946 -0.0053581 -0.028107 0.0093558 0 0
-0 -0 -0.29879 0 0 0 0 0 0 0 0 0 0 0.050835 -0.10167 -0.27632 -0.0052493 -0.027799 0.0092625 0 0
0 0 0.10673 0 0 0 0 0 0 0 0 0 0 -0.018159 0.036317 0.098705 -0.00024007 0.0099949 -0.0037217 0 0
-0 -0 -0.0563 0 0 0 0 0 0 0 0 0 0 0.0095786 -0.019157 -0.052066 -0.0003253 -0.0052933 0.0018878 0 0
-0 -0 -0.024434 0 0 0 0 0 0 0 0 0 0 0.0041572 -0.0083143 -0.022597 -0.00010289 -0.0022971 0.00082627 0 0
-0 -0 -0.14024 0 0 0 0 0 0 0 0 0 0 0.02386 -0.04772 -0.1297 -0.0013874 -0.013167 0.0045893 0 0
0 0 0.053601 0 0 0 0 0 0 0 0 0 0 -0.0091194 0.018239 0.04957 1.9681e-05 0.0050309 -0.0018474 0 0
-0 -0 -0.032861 0 0 0 0 0 0 0 0 0 0 0.0055909 -0.011182 -0.030391 -0.000152 -0.0030895 0.0011088 0 0
0 0 0.18959 0 0 0 0 0 0 0 0 0 0 -0.032256 0.064513 0.17534 -0.0011981 0.017658 -0.0067176 0 0
0 0 0.044602 0 0 0 0 0 0 0 0 0 0 -0.0075885 0.015177 0.041249 3.615e-05 0.0041876 -0.0015341 0 0
0 0 0.096965 0 0 0 0 0 0 0 0 0 0 -0.016497 0.032994 0.089674 -0.00017149 0.0090848 -0.0033742 0 0
0 0 0.24657 0 0 0 0 0 0 0 0 0 0 -0.04195 0.0839 0.22803 -0.0022448 0.022849 -0.0088198 0 0
-0 -0 -0.15745 0 0 0 0 0 0 0 0 0 0 0.026787 -0.053575 -0.14561 -0.0016899 -0.014774 0.0051249 0 0
-0 -0 -0.11991 0 0 0 0 0 0 0 0 0 0 0.020402 -0.040804 -0.1109 -0.0010671 -0.011265 0.0039484 0 0
-0 -0 -0.29223 0 0 0 0 0 0 0 0 0 0 0.04972 -0.099439 -0.27026 -0.0050425 -0.027204 0.0090817 0 0
-0 -0 -0.16396 0 0 0 0 0 0 0 0 0 0 0.027895 -0.05579 -0.15163 -0.0018119 -0.015381 0.0053259 0 0
-0 -0 -0.16836 0 0 0 0 0 0 0 0 0 0 0.028645 -0.057289 -0.1557 -0.0018967 -0.015791 0.0054613 0 0
0 0 0.017595 0 0 0 0 0 0 0 0 0 0 -0.0029936 0.0059872 0.016272 3.7672e-05 0.0016531 -0.00060132 0 0
0 0 0.087835 0 0 0 0 0 0 0 0 0 0 -0.014944 0.029888 0.08123 -0.00011586 0.0082329 -0.0030505 0 0
-0 -0 -0.027883 0 0 0 0 0 0 0 0 0 0 0.0047439 -0.0094878 -0.025786 -0.00012214 -0.0026214 0.00094205 0 0
0 0 0.043414 0 0 0 0 0 0 0 0 0 0 -0.0073863 0.014773 0.040149 3.7729e-05 0.0040761 -0.0014928 0 0
-0 -0 -0.17184 0 0 0 0 0 0 0 0 0 0 0.029237 -0.058474 -0.15892 -0.0019651 -0.016116 0.005568 0 0
0 0 0.34096 0 0 0 0 0 0 0 0 0 0 -0.058009 0.11602 0.31532 -0.0046642 0.031254 -0.012358 0 0
-0 -0 -0.089078 0 0 0 0 0 0 0 0 0 0 0.015155 -0.030311 -0.08238 -0.00065808 -0.0083728 0.0029596 0 0
-0 -0 -0.01576 0 0 0 0 0 0 0 0 0 0 0.0026813 -0.0053626 -0.014575 -5.963e-05 -0.0014815 0.00053412 0 0
-0 -0 -0.015777 0 0 0 0 0 0 0 0 0 0 0.0026842 -0.0053684 -0.01459 -5.9707e-05 -0.0014831 0.0005347 0 0
0 0 0.28025 0 0 0 0 0 0 0 0 0 0 -0.047681 0.095362 0.25918 -0.0030108 0.025879 -0.010076 0 0
-0 -0 -0.20485 0 0 0 0 0 0 0 0 0 0 0.034853 -0.069706 -0.18945 -0.0026713 -0.019182 0.0065662 0 0
0 0 0.089191 0 0 0 0 0 0 0 0 0 0 -0.015175 0.030349 0.082484 -0.0001236 0.0083595 -0.0030985 0 0
0 0 0.22604 0 0 0 0 0 0 0 0 0 0 -0.038457 0.076914 0.20904 -0.0018314 0.020987 -0.0080588 0 0
-0 -0 -0.0063675 0 0 0 0 0 0 0 0 0 0 0.0010833 -0.0021667 -0.0058887 -2.1148e-05 -0.00059851 0.00021632 0 0
0 0 0.032374 0 0 0 0 0 0 0 0 0 0 -0.005508 0.011016 0.02994 4.5743e-05 0.0030406 -0.0011103 0 0
-0 -0 -0.082234 0 0 0 0 0 0 0 0 0 0 0.013991 -0.027982 -0.076051 -0.00057991 -0.0077302 0.0027376 0 0
0 0 0.26795 0 0 0 0 0 0 0 0 0 0 -0.045588 0.091177 0.2478 -0.0027185 0.024776 -0.0096161 0 0
-0 -0 -0.0053443 0 0 0 0 0 0 0 0 0 0 0.00090926 -0.0018185 -0.0049424 -1.7481e-05 -0.00050232 0.00018161 0 0
-0 -0 -0.31263 0 0 0 0 0 0 0 0 0 0 0.053189 -0.10638 -0.28912 -0.0056992 -0.029052 0.0096407 0 0
0 0 0.1587 0 0 0 0 0 0 0 0 0 0 -0.027 0.054 0.14676 -0.00076238 0.014815 -0.0055912 0 0
-0 -0 -0.075655 0 0 0 0 0 0 0 0 0 0 0.012872 -0.025743 -0.069966 -0.00050908 -0.0071122 0.0025232 0 0
-0 -0 -0.18942 0 0 0 0 0 0 0 0 0 0 0.032228 -0.064455 -0.17518 -0.0023281 -0.01775 0.0061027 0 0
0 0 0.044264 0 0 0 0 0 0 0 0 0 0 -0.0075309 0.015062 0.040935 3.6614e-05 0.0041558 -0.0015223 0 0
0 0 0.18658 0 0 0 0 0 0 0 0 0 0 -0.031744 0.063489 0.17255 -0.0011516 0.017382 -0.0066074 0 0
0 0 0.20705 0 0 0 0 0 0 0 0 0 0 -0.035227 0.070453 0.19148 -0.0014854 0.019257 -0.0073585 0 0
0 0 0.02925 0 0 0 0 0 0 0 0 0 0 -0.0049765 0.0099529 0.027051 4.5831e-05 0.0027474 -0.0010024 0 0
0 0 0.083491 0 0 0 0 0 0 0 0 0 0 -0.014205 0.02841 0.077213 -9.2272e-05 0.0078273 -0.0028969 0 0
-0 -0 -0.065835 0 0 0 0 0 0 0 0 0 0 0.011201 -0.022402 -0.060885 -0.00041124 -0.0061895 0.0022017 0 0
0 0 0.27161 0 0 0 0 0 0 0 0 0 0 -0.046211 0.092422 0.25119 -0.002804 0.025104 -0.0097527 0 0
-0 -0 -0.33985 0 0 0 0 0 0 0 0 0 0 0.05782 -0.11564 -0.31429 -0.006636 -0.031501 0.01037 0 0
0 0 0.16525 0 0 0 0 0 0 0 0 0 0 -0.028115 0.05623 0.15283 -0.00084703 0.015419 -0.0058292 0 0
0 0 0.22207 0 0 0 0 0 0 0 0 0 0 -0.037782 0.075563 0.20537 -0.0017562 0.020626 -0.0079122 0 0
-0 -0 -0.3016 0 0 0 0 0 0 0 0 0 0 0.051313 -0.10263 -0.27892 -0.0053392 -0.028053 0.0093397 0 0
0 0 0.26429 0 0 0 0 0 0 0 0 0 0 -0.044965 0.089929 0.24441 -0.0026342 0.024446 -0.0094794 0 0
0 0 0.24438 0 0 0 0 0 0 0 0 0 0 -0.041578 0.083155 0.226 -0.0021988 0.022651 -0.0087385 0 0
0 0 0.15255 0 0 0 0 0 0 0 0 0 0 -0.025954 0.051908 0.14108 -0.00068677 0.014247 -0.0053682 0 0
0 0 0.13364 0 0 0 0 0 0 0 0 0 0 -0.022737 0.045475 0.12359 -0.00047751 0.012496 -0.0046857 0 0
-0 -0 -0.1601 0 0 0 0 0 0 0 0 0 0 0.027238 -0.054476 -0.14806 -0.001739 -0.015021 0.0052068 0 0
-0 -0 -0.10815 0 0 0 0 0 0 0 0 0 0 0.0184 -0.036799 -0.10002 -0.00090007 -0.010162 0.0035734 0 0
-0 -0 -0.32982 0 0 0 0 0 0 0 0 0 0 0.056115 -0.11223 -0.30502 -0.0062831 -0.030601 0.010104 0 0
0 0 0.21002 0 0 0 0 0 0 0 0 0 0 -0.035731 0.071462 0.19422 -0.0015372 0.019527 -0.0074677 0 0
-0 -0 -0.06469 0 0 0 0 0 0 0 0 0 0 0.011006 -0.022012 -0.059826 -0.00040046 -0.0060819 0.0021641 0 0
-0 -0 -0.29632 0 0 0 0 0 0 0 0 0 0 0.050415 -0.10083 -0.27404 -0.0051711 -0.027575 0.0091946 0 0
0 0 0.064319 0 0 0 0 0 0 0 0 0 0 -0.010943 0.021886 0.059483 -1.0346e-05 0.0060346 -0.0022223 0 0
0 0 0.12657 0 0 0 0 0 0 0 0 0 0 -0.021534 0.043067 0.11705 -0.00040821 0.01184 -0.0044313 0 0
0 0 0.11412 0 0 0 0 0 0 0 0 0 0 -0.019416 0.038832 0.10554 -0.00029819 0.010683 -0.0039854 0 0
0 0 0.019734 0 0 0 0 0 0 0 0 0 0 -0.0033575 0.0067149 0.01825 4.0172e-05 0.001854 -0.00067476 0 0
-0 -0 -0.31288 0 0 0 0 0 0 0 0 0 0 0.053233 -0.10647 -0.28936 -0.0057078 -0.029075 0.0096477 0 0
-0 -0 -0.28315 0 0 0 0 0 0 0 0 0 0 0.048174 -0.096348 -0.26186 -0.0047624 -0.026377 0.0088291 0 0
-0 -0 -0.12677 0 0 0 0 0 0 0 0 0 0 0.021568 -0.043136 -0.11724 -0.0011706 -0.011907 0.0041655 0 0
-0 -0 -0.28145 0 0 0 0 0 0 0 0 0 0 0.047886 -0.095771 -0.26029 -0.004711 -0.026223 0.0087817 0 0
-0 -0 -0.078595 0 0 0 0 0 0 0 0 0 0 0.013372 -0.026744 -0.072685 -0.0005402 -0.0073884 0.0026191 0 0
-0 -0 -0.1079 0 0 0 0 0 0 0 0 0 0 0.018357 -0.036714 -0.099782 -0.00089665 -0.010138 0.0035653 0 0
-0 -0 -0.22597 0 0 0 0 0 0 0 0 0 0 0.038446 -0.076891 -0.20898 -0.0031779 -0.021134 0.0071913 0 0
-0 -0 -0.33836 0 0 0 0 0 0 0 0 0 0 0.057567 -0.11513 -0.31291 -0.0065829 -0.031367 0.01033 0 0
0 0 0.0074557 0 0 0 0 0 0 0 0 0 0 -0.0012685 0.002537 0.0068951 1.9687e-05 0.00070063 -0.00025417 0 0
0 0 0.29047 0 0 0 0 0 0 0 0 0 0 -0.049419 0.098839 0.26863 -0.0032646 0.026791 -0.010458 0 0
