-0 -0 -0 0.091376 0 0 0 0 -0 -0 -0 0.090002 0.0027483 0.015546 0 0
0 0 0 0.11978 0 0 0 0 -0 -0 -0 0.11798 0.0036027 0.020379 0 0
0 0 0 0.099515 0 0 0 0 -0 -0 -0 0.098018 0.0029931 0.016931 0 0
0 0 0 0.1243 0 0 0 0 -0 -0 -0 0.12243 0.0037386 0.021148 0 0
0 0 0 0.034018 0 0 0 0 -0 -0 -0 0.033506 0.0010232 0.0057877 0 0
0 0 0 0.15934 0 0 0 0 -0 -0 -0 0.15694 0.0047924 0.027109 0 0
-0 -0 -0 0.10602 0 0 0 0 -0 -0 -0 0.10443 0.0031888 0.018038 0 0
0 0 0 0.18018 0 0 0 0 -0 -0 -0 0.17747 0.0054192 0.030655 0 0
-0 -0 -0 0.13419 0 0 0 0 -0 -0 -0 0.13217 0.0040361 0.022831 0 0
0 0 0 0.082022 0 0 0 0 -0 -0 -0 0.080789 0.002467 0.013955 0 0
0 0 0 0.065826 0 0 0 0 -0 -0 -0 0.064836 0.0019798 0.011199 0 0
-0 -0 -0 0.11256 0 0 0 0 -0 -0 -0 0.11087 0.0033854 0.01915 0 0
-0 -0 -0 0.060978 0 0 0 0 -0 -0 -0 0.060061 0.001834 0.010375 0 0
0 0 0 0.0050425 0 0 0 0 -0 -0 -0 0.0049667 0.00015166 0.00085791 0 0
0 0 0 0.10196 0 0 0 0 -0 -0 -0 0.10042 0.0030666 0.017347 0 0
0 0 0 0.15698 0 0 0 0 -0 -0 -0 0.15462 0.0047215 0.026708 0 0
0 0 0 0.18024 0 0 0 0 -0 -0 -0 0.17753 0.0054211 0.030665 0 0
-0 -0 -0 0.078405 0 0 0 0 -0 -0 -0 0.077226 0.0023582 0.01334 0 0
-0 -0 -0 0.035513 0 0 0 0 -0 -0 -0 0.034979 0.0010681 0.0060421 0 0
0 0 0 0.14308 0 0 0 0 -0 -0 -0 0.14093 0.0043035 0.024344 0 0
-0 -0 -0 0.076268 0 0 0 0 -0 -0 -0 0.075121 0.0022939 0.012976 0 0
-0 -0 -0 0.072468 0 0 0 0 -0 -0 -0 0.071379 0.0021796 0.012329 0 0
-0 -0 -0 0.17164 0 0 0 0 -0 -0 -0 0.16906 0.0051623 0.029202 0 0
0 0 0 0.12468 0 0 0 0 -0 -0 -0 0.1228 0.0037499 0.021212 0 0
-0 -0 -0 0.13606 0 0 0 0 -0 -0 -0 0.13402 0.0040923 0.023149 0 0
-0 -0 -0 0.073603 0 0 0 0 -0 -0 -0 0.072496 0.0022138 0.012523 0 0
-0 -0 -0 0.15404 0 0 0 0 -0 -0 -0 0.15172 0.0046329 0.026207 0 0
-0 -0 -0 0.021219 0 0 0 0 -0 -0 -0 0.0209 0.00063821 0.0036102 0 0
0 0 0 0.13675 0 0 0 0 -0 -0 -0 0.13469 0.004113 0.023266 0 0
0 0 0 0.13318 0 0 0 0 -0 -0 -0 0.13118 0.0040058 0.022659 0 0
0 0 0 0.062826 0 0 0 0 -0 -0 -0 0.061881 0.0018896 0.010689 0 0
0 0 0 0.068206 0 0 0 0 -0 -0 -0 0.06718 0.0020514 0.011604 0 0
0 0 0 0.078935 0 0 0 0 -0 -0 -0 0.077748 0.0023741 0.01343 0 0
0 0 0 0.034266 0 0 0 0 -0 -0 -0 0.033751 0.0010306 0.00583 0 0
0 0 0 0.14656 0 0 0 0 -0 -0 -0 0.14436 0.0044082 0.024936 0 0
0 0 0 0.049379 0 0 0 0 -0 -0 -0 0.048637 0.0014852 0.0084012 0 0
0 0 0 0.10147 0 0 0 0 -0 -0 -0 0.099947 0.003052 0.017264 0 0
-0 -0 -0 0.19176 0 0 0 0 -0 -0 -0 0.18888 0.0057676 0.032625 0 0
0 0 0 0.044679 0 0 0 0 -0 -0 -0 0.044007 0.0013438 0.0076015 0 0
-0 -0 -0 0.15628 0 0 0 0 -0 -0 -0 0.15393 0.0047006 0.02659 0 0
-0 -0 -0 0.035218 0 0 0 0 -0 -0 -0 0.034688 0.0010593 0.0059919 0 0
0 0 0 0.11601 0 0 0 0 -0 -0 -0 0.11427 0.0034893 0.019738 0 0
-0 -0 -0 0.019835 0 0 0 0 -0 -0 -0 0.019536 0.00059657 0.0033746 0 0
-0 -0 -0 0.19497 0 0 0 0 -0 -0 -0 0.19204 0.0058642 0.033172 0 0
0 0 0 0.075595 0 0 0 0 -0 -0 -0 0.074458 0.0022737 0.012861 0 0
-0 -0 -0 0.016184 0 0 0 0 -0 -0 -0 0.015941 0.00048677 0.0027535 0 0
0 0 0 0.016064 0 0 0 0 -0 -0 -0 0.015823 0.00048317 0.0027331 0 0
0 0 0 0.10888 0 0 0 0 -0 -0 -0 0.10725 0.0032749 0.018525 0 0
0 0 0 0.12777 0 0 0 0 -0 -0 -0 0.12585 0.0038431 0.021739 0 0
-0 -0 -0 0.10507 0 0 0 0 -0 -0 -0 0.10349 0.0031601 0.017876 0 0
0 0 0 0.0041947 0 0 0 0 -0 -0 -0 0.0041316 0.00012616 0.00071367 0 0
0 0 0 0.050396 0 0 0 0 -0 -0 -0 0.049638 0.0015158 0.0085742 0 0
-0 -0 -0 0.16517 0 0 0 0 -0 -0 -0 0.16269 0.0049679 0.028102 0 0
-0 -0 -0 0.1722 0 0 0 0 -0 -0 -0 0.16962 0.0051794 0.029298 0 0
-0 -0 -0 0.025452 0 0 0 0 -0 -0 -0 0.02507 0.00076553 0.0043304 0 0
0 0 0 0.11192 0 0 0 0 -0 -0 -0 0.11024 0.0033663 0.019042 0 0
0 0 0 0.063386 0 0 0 0 -0 -0 -0 0.062433 0.0019065 0.010784 0 0
0 0 0 0.058861 0 0 0 0 -0 -0 -0 0.057975 0.0017704 0.010014 0 0
-0 -0 -0 0.046258 0 0 0 0 -0 -0 -0 0.045562 0.0013913 0.0078701 0 0
0 0 0 0.088258 0 0 0 0 -0 -0 -0 0.08693 0.0026545 0.015016 0 0
0 0 0 0.0099806 0 0 0 0 -0 -0 -0 0.0098305 0.00030019 0.0016981 0 0
-0 -0 -0 0.053099 0 0 0 0 -0 -0 -0 0.052301 0.0015971 0.0090341 0 0
-0 -0 -0 0.10549 0 0 0 0 -0 -0 -0 0.1039 0.0031729 0.017948 0 0
0 0 0 0.1272 0 0 0 0 -0 -0 -0 0.12529 0.0038258 0.021641 0 0
-0 -0 -0 0.10416 0 0 0 0 -0 -0 -0 0.1026 0.0031329 0.017722 0 0
0 0 0 0.069029 0 0 0 0 -0 -0 -0 0.067991 0.0020762 0.011744 0 0
0 0 0 0.039404 0 0 0 0 -0 -0 -0 0.038811 0.0011852 0.006704 0 0
0 0 0 0.17933 0 0 0 0 -0 -0 -0 0.17664 0.0053938 0.030511 0 0
-0 -0 -0 0.078107 0 0 0 0 -0 -0 -0 0.076932 0.0023492 0.013289 0 0
-0 -0 -0 0.061086 0 0 0 0 -0 -0 -0 0.060167 0.0018373 0.010393 0 0
-0 -0 -0 0.03786 0 0 0 0 -0 -0 -0 0.037291 0.0011387 0.0064414 0 0
-0 -0 -0 0.032791 0 0 0 0 -0 -0 -0 0.032298 0.00098627 0.005579 0 0
0 0 0 0.082072 0 0 0 0 -0 -0 -0 0.080838 0.0024685 0.013963 0 0
-0 -0 -0 0.098746 0 0 0 0 -0 -0 -0 0.097261 0.00297 0.0168 0 0
0 0 0 0.088356 0 0 0 0 -0 -0 -0 0.087027 0.0026575 0.015032 0 0
-0 -0 -0 0.072852 0 0 0 0 -0 -0 -0 0.071757 0.0021912 0.012395 0 0
-0 -0 -0 0.16017 0 0 0 0 -0 -0 -0 0.15776 0.0048174 0.02725 0 0
0 0 0 0.13089 0 0 0 0 -0 -0 -0 0.12892 0.0039368 0.022269 0 0
-0 -0 -0 0.16664 0 0 0 0 -0 -0 -0 0.16413 0.0050121 0.028352 0 0
0 0 0 0.084263 0 0 0 0 -0 -0 -0 0.082996 0.0025344 0.014336 0 0
-0 -0 -0 0.17534 0 0 0 0 -0 -0 -0 0.1727 0.0052737 0.029831 0 0
0 0 0 0.029486 0 0 0 0 -0 -0 -0 0.029042 0.00088684 0.0050166 0 0
-0 -0 -0 0.064826 0 0 0 0 -0 -0 -0 0.063851 0.0019498 0.011029 0 0
-0 -0 -0 0.01128 0 0 0 0 -0 -0 -0 0.01111 0.00033927 0.0019191 0 0
0 0 0 0.18805 0 0 0 0 -0 -0 -0 0.18522 0.005656 0.031994 0 0
0 0 0 0.14755 0 0 0 0 -0 -0 -0 0.14533 0.0044378 0.025103 0 0
-0 -0 -0 0.15918 0 0 0 0 -0 -0 -0 0.15678 0.0047876 0.027082 0 0
-0 -0 -0 0.12033 0 0 0 0 -0 -0 -0 0.11852 0.0036192 0.020473 0 0
-0 -0 -0 0.090815 0 0 0 0 -0 -0 -0 0.089449 0.0027315 0.015451 0 0
-0 -0 -0 0.11053 0 0 0 0 -0 -0 -0 0.10887 0.0033244 0.018805 0 0
-0 -0 -0 0.051977 0 0 0 0 -0 -0 -0 0.051196 0.0015633 0.0088432 0 0
-0 -0 -0 0.096586 0 0 0 0 -0 -0 -0 0.095133 0.002905 0.016433 0 0
0 0 0 0.050694 0 0 0 0 -0 -0 -0 0.049931 0.0015247 0.0086248 0 0
-0 -0 -0 0.020795 0 0 0 0 -0 -0 -0 0.020482 0.00062546 0.003538 0 0
0 0 0 0.059561 0 0 0 0 -0 -0 -0 0.058665 0.0017914 0.010133 0 0
0 0 0 0.097059 0 0 0 0 -0 -0 -0 0.0956 0.0029193 0.016513 0 0
0 0 0 0.0072667 0 0 0 0 -0 -0 -0 0.0071574 0.00021856 0.0012363 0 0
-0 -0 -0 0.19478 0 0 0 0 -0 -0 -0 0.19185 0.0058583 0.033138 0 0
-0 -0 -0 0.07707 0 0 0 0 -0 -0 -0 0.075911 0.002318 0.013112 0 0
0 0 0 0.19785 0 0 0 0 -0 -0 -0 0.19488 0.0059508 0.033662 0 0
