0 0 0 0.14975 0 0 0 0 0 0 -0 0.12774 -0.068553 0.037524 0 0
0 0 0 0.10587 0 0 0 0 0 0 -0 0.090313 -0.048466 0.026529 0 0
0 0 0 0.0094732 0 0 0 0 0 0 -0 0.0080809 -0.0043366 0.0023737 0 0
0 0 0 0.025339 0 0 0 0 0 0 -0 0.021615 -0.0116 0.0063493 0 0
0 0 0 0.057203 0 0 0 0 0 0 -0 0.048796 -0.026186 0.014334 0 0
0 0 0 0.10255 0 0 0 0 0 0 -0 0.087477 -0.046944 0.025696 0 0
-0 -0 -0 0.1031 0 0 0 0 0 0 -0 0.087944 -0.047195 0.025833 0 0
-0 -0 -0 0.11888 0 0 0 0 0 0 -0 0.10141 -0.054421 0.029789 0 0
-0 -0 -0 0.11181 0 0 0 0 0 0 -0 0.095378 -0.051184 0.028017 0 0
-0 -0 -0 0.052704 0 0 0 0 0 0 -0 0.044958 -0.024126 0.013206 0 0
-0 -0 -0 0.045597 0 0 0 0 0 0 -0 0.038896 -0.020873 0.011425 0 0
0 0 0 0.14322 0 0 0 0 0 0 -0 0.12217 -0.065563 0.035887 0 0
0 0 0 0.1548 0 0 0 0 0 0 -0 0.13205 -0.070865 0.038789 0 0
0 0 0 0.10278 0 0 0 0 0 0 -0 0.087671 -0.047048 0.025753 0 0
0 0 0 0.025414 0 0 0 0 0 0 -0 0.021679 -0.011634 0.006368 0 0
-0 -0 -0 0.16726 0 0 0 0 0 0 -0 0.14268 -0.076568 0.041911 0 0
0 0 0 0.036582 0 0 0 0 0 0 -0 0.031206 -0.016746 0.0091665 0 0
-0 -0 -0 0.16127 0 0 0 0 0 0 -0 0.13757 -0.073824 0.040409 0 0
0 0 0 0.0069789 0 0 0 0 0 0 -0 0.0059532 -0.0031947 0.0017487 0 0
-0 -0 -0 0.15871 0 0 0 0 0 0 -0 0.13538 -0.072652 0.039768 0 0
0 0 0 0.050453 0 0 0 0 0 0 -0 0.043038 -0.023096 0.012642 0 0
0 0 0 0.17559 0 0 0 0 0 0 -0 0.14978 -0.08038 0.043998 0 0
0 0 0 0.089066 0 0 0 0 0 0 -0 0.075976 -0.040772 0.022317 0 0
0 0 0 0.098449 0 0 0 0 0 0 -0 0.08398 -0.045067 0.024669 0 0
-0 -0 -0 0.18132 0 0 0 0 0 0 -0 0.15467 -0.083003 0.045433 0 0
0 0 0 0.046019 0 0 0 0 0 0 -0 0.039256 -0.021066 0.011531 0 0
-0 -0 -0 0.10497 0 0 0 0 0 0 -0 0.089542 -0.048052 0.026302 0 0
-0 -0 -0 0.061731 0 0 0 0 0 0 -0 0.052658 -0.028259 0.015468 0 0
-0 -0 -0 0.070824 0 0 0 0 0 0 -0 0.060415 -0.032421 0.017747 0 0
-0 -0 -0 0.13321 0 0 0 0 0 0 -0 0.11363 -0.06098 0.033379 0 0
0 0 0 0.014055 0 0 0 0 0 0 -0 0.011989 -0.006434 0.0035218 0 0
-0 -0 -0 0.1719 0 0 0 0 0 0 -0 0.14663 -0.07869 0.043073 0 0
-0 -0 -0 0.031951 0 0 0 0 0 0 -0 0.027255 -0.014626 0.0080061 0 0
0 0 0 0.15962 0 0 0 0 0 0 -0 0.13616 -0.073071 0.039997 0 0
-0 -0 -0 0.16788 0 0 0 0 0 0 -0 0.1432 -0.07685 0.042065 0 0
-0 -0 -0 0.084845 0 0 0 0 0 0 -0 0.072375 -0.03884 0.02126 0 0
0 0 0 0.00034056 0 0 0 0 0 0 -0 0.00029051 -0.0001559 8.5334e-05 0 0
0 0 0 0.089495 0 0 0 0 0 0 -0 0.076342 -0.040968 0.022425 0 0
-0 -0 -0 0.18389 0 0 0 0 0 0 -0 0.15686 -0.08418 0.046078 0 0
0 0 0 0.11207 0 0 0 0 0 0 -0 0.095599 -0.051303 0.028082 0 0
-0 -0 -0 0.11953 0 0 0 0 0 0 -0 0.10196 -0.054716 0.02995 0 0
-0 -0 -0 0.0053233 0 0 0 0 0 0 -0 0.0045409 -0.0024369 0.0013339 0 0
0 0 0 0.14903 0 0 0 0 0 0 -0 0.12712 -0.06822 0.037342 0 0
0 0 0 0.18323 0 0 0 0 0 0 -0 0.1563 -0.083879 0.045913 0 0
-0 -0 -0 0.037194 0 0 0 0 0 0 -0 0.031727 -0.017026 0.0093197 0 0
0 0 0 0.16522 0 0 0 0 0 0 -0 0.14094 -0.075632 0.041399 0 0
0 0 0 0.085354 0 0 0 0 0 0 -0 0.07281 -0.039073 0.021387 0 0
-0 -0 -0 0.19222 0 0 0 0 0 0 -0 0.16397 -0.087994 0.048166 0 0
-0 -0 -0 0.064407 0 0 0 0 0 0 -0 0.054941 -0.029484 0.016139 0 0
-0 -0 -0 0.16422 0 0 0 0 0 0 -0 0.14008 -0.075174 0.041148 0 0
0 0 0 0.053729 0 0 0 0 0 0 -0 0.045832 -0.024596 0.013463 0 0
0 0 0 0.052399 0 0 0 0 0 0 -0 0.044698 -0.023987 0.01313 0 0
-0 -0 -0 0.1306 0 0 0 0 0 0 -0 0.1114 -0.059785 0.032724 0 0
0 0 0 0.12647 0 0 0 0 0 0 -0 0.10788 -0.057894 0.03169 0 0
0 0 0 0.0013154 0 0 0 0 0 0 -0 0.001122 -0.00060214 0.00032959 0 0
-0 -0 -0 0.04974 0 0 0 0 0 0 -0 0.04243 -0.02277 0.012464 0 0
0 0 0 0.13116 0 0 0 0 0 0 -0 0.11188 -0.06004 0.032864 0 0
0 0 0 0.12411 0 0 0 0 0 0 -0 0.10587 -0.056815 0.031099 0 0
0 0 0 0.046656 0 0 0 0 0 0 -0 0.039799 -0.021358 0.011691 0 0
-0 -0 -0 0.15505 0 0 0 0 0 0 -0 0.13226 -0.070977 0.038851 0 0
0 0 0 0.1284 0 0 0 0 0 0 -0 0.10953 -0.05878 0.032175 0 0
-0 -0 -0 0.060413 0 0 0 0 0 0 -0 0.051534 -0.027656 0.015138 0 0
0 0 0 0.17109 0 0 0 0 0 0 -0 0.14594 -0.078319 0.04287 0 0
0 0 0 0.1335 0 0 0 0 0 0 -0 0.11388 -0.061115 0.033453 0 0
-0 -0 -0 0.10886 0 0 0 0 0 0 -0 0.092861 -0.049833 0.027277 0 0
0 0 0 0.158 0 0 0 0 0 0 -0 0.13477 -0.072326 0.039589 0 0
0 0 0 0.039133 0 0 0 0 0 0 -0 0.033381 -0.017914 0.0098056 0 0
0 0 0 0.081106 0 0 0 0 0 0 -0 0.069186 -0.037128 0.020323 0 0
0 0 0 0.0057857 0 0 0 0 0 0 -0 0.0049354 -0.0026486 0.0014497 0 0
0 0 0 0.0056229 0 0 0 0 0 0 -0 0.0047965 -0.002574 0.001409 0 0
0 0 0 0.12276 0 0 0 0 0 0 -0 0.10472 -0.056198 0.030761 0 0
0 0 0 0.038609 0 0 0 0 0 0 -0 0.032934 -0.017674 0.0096743 0 0
0 0 0 0.11228 0 0 0 0 0 0 -0 0.095777 -0.051398 0.028134 0 0
-0 -0 -0 0.074375 0 0 0 0 0 0 -0 0.063444 -0.034047 0.018636 0 0
0 0 0 0.057387 0 0 0 0 0 0 -0 0.048953 -0.02627 0.01438 0 0
0 0 0 0.18587 0 0 0 0 0 0 -0 0.15855 -0.085085 0.046573 0 0
0 0 0 0.028256 0 0 0 0 0 0 -0 0.024103 -0.012935 0.0070802 0 0
-0 -0 -0 0.11295 0 0 0 0 0 0 -0 0.096352 -0.051707 0.028303 0 0
-0 -0 -0 0.10867 0 0 0 0 0 0 -0 0.0927 -0.049747 0.02723 0 0
0 0 0 0.13724 0 0 0 0 0 0 -0 0.11707 -0.062826 0.034389 0 0
-0 -0 -0 0.12684 0 0 0 0 0 0 -0 0.1082 -0.058065 0.031783 0 0
0 0 0 0.14874 0 0 0 0 0 0 -0 0.12688 -0.068088 0.03727 0 0
0 0 0 0.084427 0 0 0 0 0 0 -0 0.072019 -0.038649 0.021155 0 0
-0 -0 -0 0.14155 0 0 0 0 0 0 -0 0.12074 -0.064797 0.035468 0 0
-0 -0 -0 0.15067 0 0 0 0 0 0 -0 0.12853 -0.068975 0.037755 0 0
0 0 0 0.096342 0 0 0 0 0 0 -0 0.082182 -0.044103 0.024141 0 0
-0 -0 -0 0.12195 0 0 0 0 0 0 -0 0.10403 -0.055825 0.030557 0 0
-0 -0 -0 0.12042 0 0 0 0 0 0 -0 0.10272 -0.055126 0.030175 0 0
0 0 0 0.063611 0 0 0 0 0 0 -0 0.054262 -0.029119 0.015939 0 0
-0 -0 -0 0.067975 0 0 0 0 0 0 -0 0.057985 -0.031117 0.017033 0 0
-0 -0 -0 0.086309 0 0 0 0 0 0 -0 0.073624 -0.03951 0.021627 0 0
0 0 0 0.16713 0 0 0 0 0 0 -0 0.14257 -0.076508 0.041878 0 0
0 0 0 0.030328 0 0 0 0 0 0 -0 0.02587 -0.013883 0.0075993 0 0
0 0 0 0.067947 0 0 0 0 0 0 -0 0.05796 -0.031104 0.017026 0 0
-0 -0 -0 0.12466 0 0 0 0 0 0 -0 0.10634 -0.057064 0.031235 0 0
0 0 0 0.15576 0 0 0 0 0 0 -0 0.13287 -0.071302 0.039029 0 0
0 0 0 0.14094 0 0 0 0 0 0 -0 0.12022 -0.064518 0.035315 0 0
-0 -0 -0 0.0585 0 0 0 0 0 0 -0 0.049902 -0.02678 0.014659 0 0
0 0 0 0.11546 0 0 0 0 0 0 -0 0.098494 -0.052856 0.028932 0 0
0 0 0 0.024332 0 0 0 0 0 0 -0 0.020756 -0.011139 0.006097 0 0
