0 0 0 0.029488 0 0 0 0 0 0 -0 0.025154 -0.013499 0.0073889 0 0
-0 -0 -0 0.1288 0 0 0 0 0 0 -0 0.10987 -0.058961 0.032274 0 0
0 0 0 0.15296 0 0 0 0 0 0 -0 0.13048 -0.070023 0.038329 0 0
0 0 0 0.14685 0 0 0 0 0 0 -0 0.12526 -0.067222 0.036795 0 0
-0 -0 -0 0.082369 0 0 0 0 0 0 -0 0.070263 -0.037706 0.020639 0 0
-0 -0 -0 0.12387 0 0 0 0 0 0 -0 0.10567 -0.056706 0.031039 0 0
0 0 0 0.042802 0 0 0 0 0 0 -0 0.036512 -0.019594 0.010725 0 0
-0 -0 -0 0.19439 0 0 0 0 0 0 -0 0.16582 -0.088985 0.048708 0 0
-0 -0 -0 0.18901 0 0 0 0 0 0 -0 0.16123 -0.086522 0.04736 0 0
0 0 0 0.080763 0 0 0 0 0 0 -0 0.068893 -0.036971 0.020237 0 0
-0 -0 -0 0.1422 0 0 0 0 0 0 -0 0.1213 -0.065096 0.035632 0 0
-0 -0 -0 0.10122 0 0 0 0 0 0 -0 0.086346 -0.046337 0.025364 0 0
0 0 0 0.049512 0 0 0 0 0 0 -0 0.042235 -0.022665 0.012406 0 0
0 0 0 0.045469 0 0 0 0 0 0 -0 0.038786 -0.020815 0.011393 0 0
-0 -0 -0 0.038163 0 0 0 0 0 0 -0 0.032554 -0.01747 0.0095625 0 0
0 0 0 0.18368 0 0 0 0 0 0 -0 0.15669 -0.084085 0.046026 0 0
-0 -0 -0 0.12517 0 0 0 0 0 0 -0 0.10677 -0.057299 0.031364 0 0
0 0 0 0.044913 0 0 0 0 0 0 -0 0.038312 -0.02056 0.011254 0 0
0 0 0 0.11099 0 0 0 0 0 0 -0 0.094675 -0.050807 0.02781 0 0
0 0 0 0.19295 0 0 0 0 0 0 -0 0.16459 -0.088328 0.048349 0 0
-0 -0 -0 0.15111 0 0 0 0 0 0 -0 0.1289 -0.069172 0.037863 0 0
-0 -0 -0 0.017045 0 0 0 0 0 0 -0 0.01454 -0.0078029 0.0042711 0 0
0 0 0 0.1601 0 0 0 0 0 0 -0 0.13657 -0.073289 0.040116 0 0
-0 -0 -0 0.1454 0 0 0 0 0 0 -0 0.12403 -0.066562 0.036434 0 0
-0 -0 -0 0.16904 0 0 0 0 0 0 -0 0.1442 -0.077382 0.042357 0 0
0 0 0 0.083792 0 0 0 0 0 0 -0 0.071477 -0.038358 0.020996 0 0
-0 -0 -0 0.15425 0 0 0 0 0 0 -0 0.13158 -0.070613 0.038651 0 0
0 0 0 0.095392 0 0 0 0 0 0 -0 0.081372 -0.043668 0.023903 0 0
0 0 0 0.13182 0 0 0 0 0 0 -0 0.11245 -0.060345 0.033031 0 0
0 0 0 0.071288 0 0 0 0 0 0 -0 0.060811 -0.032634 0.017863 0 0
0 0 0 0.012402 0 0 0 0 0 0 -0 0.010579 -0.0056773 0.0031076 0 0
-0 -0 -0 0.13234 0 0 0 0 0 0 -0 0.11289 -0.060581 0.033161 0 0
0 0 0 0.060689 0 0 0 0 0 0 -0 0.051769 -0.027782 0.015207 0 0
0 0 0 0.094714 0 0 0 0 0 0 -0 0.080794 -0.043358 0.023733 0 0
-0 -0 -0 0.073205 0 0 0 0 0 0 -0 0.062446 -0.033511 0.018343 0 0
0 0 0 0.12542 0 0 0 0 0 0 -0 0.10699 -0.057414 0.031427 0 0
-0 -0 -0 0.19187 0 0 0 0 0 0 -0 0.16367 -0.087834 0.048078 0 0
0 0 0 0.14797 0 0 0 0 0 0 -0 0.12622 -0.067736 0.037077 0 0
0 0 0 0.13092 0 0 0 0 0 0 -0 0.11168 -0.059933 0.032806 0 0
0 0 0 0.026447 0 0 0 0 0 0 -0 0.02256 -0.012107 0.006627 0 0
0 0 0 0.017819 0 0 0 0 0 0 -0 0.015201 -0.0081573 0.0044651 0 0
0 0 0 0.12146 0 0 0 0 0 0 -0 0.10361 -0.055601 0.030434 0 0
0 0 0 0.13691 0 0 0 0 0 0 -0 0.11679 -0.062674 0.034306 0 0
-0 -0 -0 0.08796 0 0 0 0 0 0 -0 0.075032 -0.040266 0.02204 0 0
-0 -0 -0 0.096809 0 0 0 0 0 0 -0 0.082581 -0.044316 0.024258 0 0
0 0 0 0.15284 0 0 0 0 0 0 -0 0.13037 -0.069965 0.038297 0 0
0 0 0 0.052415 0 0 0 0 0 0 -0 0.044711 -0.023994 0.013134 0 0
-0 -0 -0 0.046442 0 0 0 0 0 0 -0 0.039616 -0.02126 0.011637 0 0
0 0 0 0.096326 0 0 0 0 0 0 -0 0.082168 -0.044095 0.024137 0 0
-0 -0 -0 0.19544 0 0 0 0 0 0 -0 0.16671 -0.089466 0.048971 0 0
0 0 0 0.18566 0 0 0 0 0 0 -0 0.15837 -0.084991 0.046522 0 0
-0 -0 -0 0.038633 0 0 0 0 0 0 -0 0.032955 -0.017685 0.0096803 0 0
0 0 0 0.13277 0 0 0 0 0 0 -0 0.11326 -0.06078 0.033269 0 0
-0 -0 -0 0.10083 0 0 0 0 0 0 -0 0.086009 -0.046156 0.025265 0 0
-0 -0 -0 0.0017981 0 0 0 0 0 0 -0 0.0015338 -0.00082312 0.00045055 0 0
0 0 0 0.020879 0 0 0 0 0 0 -0 0.017811 -0.009558 0.0052318 0 0
-0 -0 -0 0.14988 0 0 0 0 0 0 -0 0.12785 -0.068609 0.037555 0 0
0 0 0 0.090747 0 0 0 0 0 0 -0 0.07741 -0.041542 0.022739 0 0
0 0 0 0.059091 0 0 0 0 0 0 -0 0.050406 -0.02705 0.014807 0 0
-0 -0 -0 0.19995 0 0 0 0 0 0 -0 0.17056 -0.09153 0.050101 0 0
0 0 0 0.010264 0 0 0 0 0 0 -0 0.0087556 -0.0046987 0.0025719 0 0
-0 -0 -0 0.0053878 0 0 0 0 0 0 -0 0.0045959 -0.0024664 0.00135 0 0
-0 -0 -0 0.035317 0 0 0 0 0 0 -0 0.030127 -0.016167 0.0088496 0 0
0 0 0 0.10442 0 0 0 0 0 0 -0 0.089072 -0.0478 0.026164 0 0
-0 -0 -0 0.17468 0 0 0 0 0 0 -0 0.14901 -0.079964 0.04377 0 0
0 0 0 0.0084535 0 0 0 0 0 0 -0 0.0072111 -0.0038698 0.0021182 0 0
0 0 0 0.00085985 0 0 0 0 0 0 -0 0.00073347 -0.00039362 0.00021545 0 0
0 0 0 0.14769 0 0 0 0 0 0 -0 0.12598 -0.067608 0.037007 0 0
0 0 0 0.10562 0 0 0 0 0 0 -0 0.0901 -0.048352 0.026466 0 0
-0 -0 -0 0.096803 0 0 0 0 0 0 -0 0.082576 -0.044314 0.024256 0 0
0 0 0 0.10918 0 0 0 0 0 0 -0 0.093138 -0.049982 0.027359 0 0
0 0 0 0.042425 0 0 0 0 0 0 -0 0.03619 -0.019421 0.010631 0 0
-0 -0 -0 0.055441 0 0 0 0 0 0 -0 0.047293 -0.025379 0.013892 0 0
-0 -0 -0 0.11509 0 0 0 0 0 0 -0 0.098175 -0.052685 0.028838 0 0
-0 -0 -0 0.11008 0 0 0 0 0 0 -0 0.093898 -0.05039 0.027582 0 0
0 0 0 0.1123 0 0 0 0 0 0 -0 0.095798 -0.05141 0.02814 0 0
-0 -0 -0 0.1421 0 0 0 0 0 0 -0 0.12121 -0.065048 0.035605 0 0
0 0 0 0.0584 0 0 0 0 0 0 -0 0.049817 -0.026734 0.014634 0 0
0 0 0 0.15959 0 0 0 0 0 0 -0 0.13613 -0.073055 0.039988 0 0
0 0 0 0.042945 0 0 0 0 0 0 -0 0.036634 -0.019659 0.010761 0 0
-0 -0 -0 0.071076 0 0 0 0 0 0 -0 0.06063 -0.032537 0.01781 0 0
-0 -0 -0 0.1975 0 0 0 0 0 0 -0 0.16847 -0.090411 0.049488 0 0
0 0 0 0.13216 0 0 0 0 0 0 -0 0.11274 -0.060501 0.033116 0 0
-0 -0 -0 0.063566 0 0 0 0 0 0 -0 0.054223 -0.029099 0.015928 0 0
0 0 0 0.056551 0 0 0 0 0 0 -0 0.04824 -0.025888 0.01417 0 0
-0 -0 -0 0.18585 0 0 0 0 0 0 -0 0.15854 -0.085078 0.046569 0 0
0 0 0 0.13338 0 0 0 0 0 0 -0 0.11378 -0.061059 0.033422 0 0
0 0 0 0.010916 0 0 0 0 0 0 -0 0.0093119 -0.0049972 0.0027353 0 0
0 0 0 0.14448 0 0 0 0 0 0 -0 0.12324 -0.066138 0.036202 0 0
0 0 0 0.16482 0 0 0 0 0 0 -0 0.1406 -0.07545 0.041299 0 0
0 0 0 0.15628 0 0 0 0 0 0 -0 0.13331 -0.071542 0.03916 0 0
0 0 0 0.030527 0 0 0 0 0 0 -0 0.02604 -0.013975 0.0076493 0 0
-0 -0 -0 0.016205 0 0 0 0 0 0 -0 0.013823 -0.0074183 0.0040606 0 0
0 0 0 0.19802 0 0 0 0 0 0 -0 0.16891 -0.090647 0.049618 0 0
-0 -0 -0 0.046111 0 0 0 0 0 0 -0 0.039334 -0.021108 0.011554 0 0
0 0 0 0.17982 0 0 0 0 0 0 -0 0.1534 -0.082319 0.045059 0 0
-0 -0 -0 0.14278 0 0 0 0 0 0 -0 0.12179 -0.065359 0.035776 0 0
0 0 0 0.11939 0 0 0 0 0 0 -0 0.10184 -0.054652 0.029915 0 0
0 0 0 0.025863 0 0 0 0 0 0 -0 0.022062 -0.011839 0.0064806 0 0
0 0 0 0.11172 0 0 0 0 0 0 -0 0.095303 -0.051144 0.027995 0 0
