0 0 0.18305 0 0 0 0 0 0 0 0 0 0 -0.031144 0.062288 0.16929 -0.018529 0.0064112 -0.0057677 0 0
0 0 0.144 0 0 0 0 0 0 0 0 0 0 -0.0245 0.049 0.13317 -0.01446 0.0053236 -0.0046189 0 0
-0 -0 -0.05638 0 0 0 0 0 0 0 0 0 0 0.0095922 -0.019184 -0.05214 0.0053825 -0.0026303 0.001958 0 0
0 0 0.093341 0 0 0 0 0 0 0 0 0 0 -0.015881 0.031761 0.086323 -0.0092677 0.0036839 -0.0030604 0 0
-0 -0 -0.29836 0 0 0 0 0 0 0 0 0 0 0.050762 -0.10152 -0.27593 0.026203 -0.017148 0.01113 0 0
-0 -0 -0.19883 0 0 0 0 0 0 0 0 0 0 0.033828 -0.067656 -0.18388 0.018129 -0.010569 0.0072239 0 0
-0 -0 -0.27629 0 0 0 0 0 0 0 0 0 0 0.047007 -0.094014 -0.25552 0.024477 -0.01562 0.01025 0 0
-0 -0 -0.22184 0 0 0 0 0 0 0 0 0 0 0.037744 -0.075488 -0.20516 0.020061 -0.012018 0.0081124 0 0
0 0 0.33567 0 0 0 0 0 0 0 0 0 0 -0.05711 0.11422 0.31043 -0.034866 0.0091594 -0.0097843 0 0
0 0 0.31179 0 0 0 0 0 0 0 0 0 0 -0.053046 0.10609 0.28834 -0.032273 0.0088889 -0.0092078 0 0
-0 -0 -0.32295 0 0 0 0 0 0 0 0 0 0 0.054946 -0.10989 -0.29867 0.028081 -0.018896 0.012118 0 0
0 0 0.30697 0 0 0 0 0 0 0 0 0 0 -0.052226 0.10445 0.28389 -0.031751 0.0088271 -0.009089 0 0
0 0 0.023063 0 0 0 0 0 0 0 0 0 0 -0.0039239 0.0078478 0.021329 -0.0022507 0.00098894 -0.00077792 0 0
-0 -0 -0.087352 0 0 0 0 0 0 0 0 0 0 0.014862 -0.029723 -0.080784 0.0082625 -0.0042013 0.0030659 0 0
-0 -0 -0.28537 0 0 0 0 0 0 0 0 0 0 0.048552 -0.097104 -0.26391 0.025191 -0.016244 0.010611 0 0
0 0 0.33482 0 0 0 0 0 0 0 0 0 0 -0.056964 0.11393 0.30964 -0.034773 0.0091507 -0.0097641 0 0
-0 -0 -0.24462 0 0 0 0 0 0 0 0 0 0 0.041618 -0.083237 -0.22622 0.021935 -0.013495 0.0090007 0 0
-0 -0 -0.27231 0 0 0 0 0 0 0 0 0 0 0.04633 -0.09266 -0.25184 0.024161 -0.015349 0.010092 0 0
0 0 0.24717 0 0 0 0 0 0 0 0 0 0 -0.042053 0.084106 0.22859 -0.025319 0.0078594 -0.0075496 0 0
-0 -0 -0.34203 0 0 0 0 0 0 0 0 0 0 0.058192 -0.11638 -0.31631 0.029504 -0.020284 0.012891 0 0
0 0 0.040061 0 0 0 0 0 0 0 0 0 0 -0.0068158 0.013632 0.037049 -0.0039265 0.001685 -0.0013423 0 0
-0 -0 -0.29245 0 0 0 0 0 0 0 0 0 0 0.049756 -0.099512 -0.27046 0.025744 -0.016735 0.010893 0 0
0 0 0.28599 0 0 0 0 0 0 0 0 0 0 -0.048657 0.097313 0.26448 -0.029484 0.0085298 -0.0085627 0 0
-0 -0 -0.34425 0 0 0 0 0 0 0 0 0 0 0.058569 -0.11714 -0.31836 0.029668 -0.020447 0.012981 0 0
0 0 0.089287 0 0 0 0 0 0 0 0 0 0 -0.015191 0.030382 0.082573 -0.0088568 0.0035416 -0.0029325 0 0
0 0 0.036805 0 0 0 0 0 0 0 0 0 0 -0.0062619 0.012524 0.034037 -0.0036044 0.0015538 -0.0012348 0 0
-0 -0 -0.27389 0 0 0 0 0 0 0 0 0 0 0.046598 -0.093196 -0.25329 0.024286 -0.015456 0.010155 0 0
0 0 0.27137 0 0 0 0 0 0 0 0 0 0 -0.046171 0.092341 0.25097 -0.027912 0.0082958 -0.0081872 0 0
0 0 0.16201 0 0 0 0 0 0 0 0 0 0 -0.027564 0.055128 0.14983 -0.01633 0.0058445 -0.0051545 0 0
-0 -0 -0.025853 0 0 0 0 0 0 0 0 0 0 0.0043985 -0.008797 -0.023909 0.0024898 -0.0011689 0.00088814 0 0
0 0 0.19305 0 0 0 0 0 0 0 0 0 0 -0.032845 0.06569 0.17854 -0.019579 0.0066648 -0.0060542 0 0
0 0 0.27035 0 0 0 0 0 0 0 0 0 0 -0.045997 0.091994 0.25003 -0.027802 0.0082786 -0.0081607 0 0
-0 -0 -0.11945 0 0 0 0 0 0 0 0 0 0 0.020324 -0.040647 -0.11047 0.011186 -0.0059221 0.0042369 0 0
0 0 0.038703 0 0 0 0 0 0 0 0 0 0 -0.0065849 0.01317 0.035793 -0.0037921 0.0016304 -0.0012975 0 0
-0 -0 -0.26698 0 0 0 0 0 0 0 0 0 0 0.045423 -0.090847 -0.24691 0.023737 -0.014987 0.0098813 0 0
0 0 0.31104 0 0 0 0 0 0 0 0 0 0 -0.05292 0.10584 0.28766 -0.032192 0.0088796 -0.0091895 0 0
0 0 0.080731 0 0 0 0 0 0 0 0 0 0 -0.013735 0.02747 0.07466 -0.007992 0.0032361 -0.0026609 0 0
0 0 0.012627 0 0 0 0 0 0 0 0 0 0 -0.0021482 0.0042965 0.011677 -0.0012288 0.00054775 -0.0004276 0 0
-0 -0 -0.14365 0 0 0 0 0 0 0 0 0 0 0.024439 -0.048879 -0.13284 0.013346 -0.00728 0.0051339 0 0
-0 -0 -0.20283 0 0 0 0 0 0 0 0 0 0 0.034509 -0.069018 -0.18758 0.018467 -0.010818 0.0073777 0 0
-0 -0 -0.15461 0 0 0 0 0 0 0 0 0 0 0.026305 -0.052609 -0.14298 0.014313 -0.0079124 0.0055444 0 0
-0 -0 -0.22562 0 0 0 0 0 0 0 0 0 0 0.038386 -0.076771 -0.20865 0.020374 -0.01226 0.0082589 0 0
-0 -0 -0.20835 0 0 0 0 0 0 0 0 0 0 0.035448 -0.070895 -0.19268 0.018932 -0.011163 0.0075902 0 0
-0 -0 -0.32155 0 0 0 0 0 0 0 0 0 0 0.054707 -0.10941 -0.29737 0.027975 -0.018795 0.012062 0 0
0 0 0.24512 0 0 0 0 0 0 0 0 0 0 -0.041704 0.083409 0.22669 -0.0251 0.0078196 -0.0074947 0 0
0 0 0.050179 0 0 0 0 0 0 0 0 0 0 -0.0085372 0.017074 0.046406 -0.0049307 0.002086 -0.0016746 0 0
-0 -0 -0.32463 0 0 0 0 0 0 0 0 0 0 0.055231 -0.11046 -0.30022 0.028207 -0.019017 0.012186 0 0
-0 -0 -0.29698 0 0 0 0 0 0 0 0 0 0 0.050528 -0.10106 -0.27465 0.026096 -0.017052 0.011075 0 0
-0 -0 -0.11753 0 0 0 0 0 0 0 0 0 0 0.019995 -0.039991 -0.10869 0.011012 -0.0058162 0.0041659 0 0
-0 -0 -0.34071 0 0 0 0 0 0 0 0 0 0 0.057967 -0.11593 -0.31509 0.029407 -0.020187 0.012837 0 0
0 0 0.19008 0 0 0 0 0 0 0 0 0 0 -0.032339 0.064679 0.17579 -0.019267 0.0065905 -0.0059694 0 0
0 0 0.010097 0 0 0 0 0 0 0 0 0 0 -0.0017178 0.0034357 0.0093376 -0.00098196 0.00043923 -0.00034226 0 0
-0 -0 -0.091084 0 0 0 0 0 0 0 0 0 0 0.015497 -0.030993 -0.084235 0.0086056 -0.0043966 0.0032008 0 0
-0 -0 -0.2443 0 0 0 0 0 0 0 0 0 0 0.041564 -0.083128 -0.22593 0.021908 -0.013474 0.0089881 0 0
0 0 0.070869 0 0 0 0 0 0 0 0 0 0 -0.012057 0.024115 0.06554 -0.0069992 0.0028749 -0.0023454 0 0
-0 -0 -0.23417 0 0 0 0 0 0 0 0 0 0 0.03984 -0.079681 -0.21656 0.021079 -0.012812 0.0085919 0 0
-0 -0 -0.31383 0 0 0 0 0 0 0 0 0 0 0.053394 -0.10679 -0.29023 0.02739 -0.018242 0.011751 0 0
0 0 0.1721 0 0 0 0 0 0 0 0 0 0 -0.02928 0.05856 0.15916 -0.017382 0.0061217 -0.0054501 0 0
0 0 0.10096 0 0 0 0 0 0 0 0 0 0 -0.017177 0.034353 0.093367 -0.010042 0.0039468 -0.0032995 0 0
0 0 0.10233 0 0 0 0 0 0 0 0 0 0 -0.017411 0.034822 0.09464 -0.010182 0.0039937 -0.0033426 0 0
-0 -0 -0.14332 0 0 0 0 0 0 0 0 0 0 0.024383 -0.048767 -0.13254 0.013317 -0.0072612 0.0051217 0 0
0 0 0.25757 0 0 0 0 0 0 0 0 0 0 -0.043823 0.087645 0.23821 -0.026431 0.0080543 -0.007826 0 0
-0 -0 -0.0075588 0 0 0 0 0 0 0 0 0 0 0.001286 -0.002572 -0.0069904 0.00073164 -0.00033519 0.00025793 0 0
0 0 0.10347 0 0 0 0 0 0 0 0 0 0 -0.017604 0.035208 0.095689 -0.010297 0.0040323 -0.003378 0 0
-0 -0 -0.24144 0 0 0 0 0 0 0 0 0 0 0.041078 -0.082156 -0.22329 0.021675 -0.013286 0.0088762 0 0
0 0 0.31949 0 0 0 0 0 0 0 0 0 0 -0.054356 0.10871 0.29546 -0.033108 0.0089826 -0.0093958 0 0
0 0 0.30956 0 0 0 0 0 0 0 0 0 0 -0.052667 0.10533 0.28628 -0.032032 0.0088607 -0.009153 0 0
0 0 0.12552 0 0 0 0 0 0 0 0 0 0 -0.021356 0.042711 0.11608 -0.012554 0.0047552 -0.0040591 0 0
0 0 0.030591 0 0 0 0 0 0 0 0 0 0 -0.0052046 0.010409 0.02829 -0.002991 0.0013006 -0.0010288 0 0
0 0 0.071179 0 0 0 0 0 0 0 0 0 0 -0.01211 0.02422 0.065827 -0.0070303 0.0028863 -0.0023554 0 0
-0 -0 -0.2256 0 0 0 0 0 0 0 0 0 0 0.038382 -0.076764 -0.20863 0.020372 -0.012258 0.0082581 0 0
0 0 0.032195 0 0 0 0 0 0 0 0 0 0 -0.0054775 0.010955 0.029774 -0.0031492 0.0013664 -0.0010821 0 0
-0 -0 -0.17886 0 0 0 0 0 0 0 0 0 0 0.03043 -0.060861 -0.16541 0.016422 -0.0093485 0.0064608 0 0
-0 -0 -0.13376 0 0 0 0 0 0 0 0 0 0 0.022758 -0.045516 -0.12371 0.012469 -0.0067191 0.0047661 0 0
-0 -0 -0.26887 0 0 0 0 0 0 0 0 0 0 0.045745 -0.091489 -0.24865 0.023888 -0.015115 0.009956 0 0
0 0 0.083385 0 0 0 0 0 0 0 0 0 0 -0.014187 0.028374 0.077115 -0.0082599 0.0033316 -0.0027454 0 0
0 0 0.26342 0 0 0 0 0 0 0 0 0 0 -0.044818 0.089636 0.24362 -0.027058 0.0081591 -0.0079799 0 0
0 0 0.24144 0 0 0 0 0 0 0 0 0 0 -0.041078 0.082157 0.22329 -0.024707 0.0077472 -0.0073958 0 0
-0 -0 -0.30229 0 0 0 0 0 0 0 0 0 0 0.05143 -0.10286 -0.27956 0.026506 -0.017424 0.011287 0 0
0 0 0.31219 0 0 0 0 0 0 0 0 0 0 -0.053116 0.10623 0.28872 -0.032317 0.008894 -0.0092178 0 0
0 0 0.077654 0 0 0 0 0 0 0 0 0 0 -0.013212 0.026423 0.071815 -0.0076817 0.0031244 -0.0025628 0 0
0 0 0.21179 0 0 0 0 0 0 0 0 0 0 -0.036034 0.072067 0.19587 -0.021557 0.0071125 -0.0065827 0 0
-0 -0 -0.27848 0 0 0 0 0 0 0 0 0 0 0.04738 -0.09476 -0.25754 0.02465 -0.01577 0.010337 0 0
-0 -0 -0.31719 0 0 0 0 0 0 0 0 0 0 0.053965 -0.10793 -0.29334 0.027645 -0.018482 0.011886 0 0
-0 -0 -0.072063 0 0 0 0 0 0 0 0 0 0 0.012261 -0.024521 -0.066645 0.0068479 -0.0034148 0.0025162 0 0
0 0 0.0096666 0 0 0 0 0 0 0 0 0 0 -0.0016446 0.0032893 0.0089398 -0.00094001 0.00042071 -0.00032773 0 0
0 0 0.16021 0 0 0 0 0 0 0 0 0 0 -0.027258 0.054515 0.14816 -0.016142 0.0057939 -0.0051014 0 0
0 0 0.060735 0 0 0 0 0 0 0 0 0 0 -0.010333 0.020666 0.056168 -0.0059835 0.0024937 -0.0020183 0 0
-0 -0 -0.24909 0 0 0 0 0 0 0 0 0 0 0.042379 -0.084757 -0.23036 0.022298 -0.01379 0.009176 0 0
0 0 0.17205 0 0 0 0 0 0 0 0 0 0 -0.029272 0.058544 0.15911 -0.017377 0.0061204 -0.0054487 0 0
0 0 0.32255 0 0 0 0 0 0 0 0 0 0 -0.054877 0.10975 0.2983 -0.03344 0.0090182 -0.0094701 0 0
-0 -0 -0.34098 0 0 0 0 0 0 0 0 0 0 0.058013 -0.11603 -0.31534 0.029427 -0.020206 0.012848 0 0
-0 -0 -0.082137 0 0 0 0 0 0 0 0 0 0 0.013975 -0.027949 -0.075961 0.0077816 -0.0039306 0.0028778 0 0
-0 -0 -0.27289 0 0 0 0 0 0 0 0 0 0 0.046428 -0.092856 -0.25237 0.024207 -0.015388 0.010115 0 0
-0 -0 -0.057605 0 0 0 0 0 0 0 0 0 0 0.0098008 -0.019602 -0.053274 0.0054975 -0.0026907 0.0020014 0 0
0 0 0.22383 0 0 0 0 0 0 0 0 0 0 -0.038081 0.076162 0.207 -0.022832 0.007381 -0.0069162 0 0
0 0 0.13028 0 0 0 0 0 0 0 0 0 0 -0.022165 0.044331 0.12048 -0.013043 0.0049049 -0.0042043 0 0
-0 -0 -0.29682 0 0 0 0 0 0 0 0 0 0 0.050499 -0.101 -0.2745 0.026083 -0.01704 0.011068 0 0
-0 -0 -0.14889 0 0 0 0 0 0 0 0 0 0 0.025331 -0.050662 -0.13769 0.013809 -0.007581 0.0053299 0 0
0 0 0.21925 0 0 0 0 0 0 0 0 0 0 -0.037303 0.074606 0.20277 -0.022347 0.0072807 -0.00679 0 0
