-0 -0 -0 0.12449 0 0 0 0 -0 -0 0 0.11522 -0.037789 0.02816 0 0
0 0 0 0.14443 0 0 0 0 -0 -0 0 0.13368 -0.043845 0.032673 0 0
0 0 0 0.094198 0 0 0 0 -0 -0 0 0.087187 -0.028595 0.021309 0 0
-0 -0 -0 0.032561 0 0 0 0 -0 -0 0 0.030138 -0.0098843 0.0073657 0 0
-0 -0 -0 0.10264 0 0 0 0 -0 -0 0 0.095002 -0.031158 0.023219 0 0
0 0 0 0.065248 0 0 0 0 -0 -0 0 0.060392 -0.019807 0.01476 0 0
0 0 0 0.17419 0 0 0 0 -0 -0 0 0.16122 -0.052876 0.039403 0 0
-0 -0 -0 0.0011483 0 0 0 0 -0 -0 0 0.0010629 -0.00034859 0.00025977 0 0
0 0 0 0.025535 0 0 0 0 -0 -0 0 0.023635 -0.0077516 0.0057764 0 0
-0 -0 -0 0.15115 0 0 0 0 -0 -0 0 0.1399 -0.045883 0.034192 0 0
0 0 0 0.1145 0 0 0 0 -0 -0 0 0.10598 -0.034758 0.025902 0 0
-0 -0 -0 0.053998 0 0 0 0 -0 -0 0 0.049979 -0.016392 0.012215 0 0
-0 -0 -0 0.0061695 0 0 0 0 -0 -0 0 0.0057103 -0.0018728 0.0013956 0 0
0 0 0 0.015538 0 0 0 0 -0 -0 0 0.014381 -0.0047167 0.0035148 0 0
-0 -0 -0 0.057161 0 0 0 0 -0 -0 0 0.052907 -0.017352 0.012931 0 0
-0 -0 -0 0.094256 0 0 0 0 -0 -0 0 0.087241 -0.028613 0.021322 0 0
-0 -0 -0 0.051494 0 0 0 0 -0 -0 0 0.047661 -0.015632 0.011648 0 0
-0 -0 -0 0.14244 0 0 0 0 -0 -0 0 0.13184 -0.04324 0.032222 0 0
-0 -0 -0 0.13266 0 0 0 0 -0 -0 0 0.12278 -0.04027 0.030009 0 0
-0 -0 -0 0.07128 0 0 0 0 -0 -0 0 0.065974 -0.021638 0.016124 0 0
0 0 0 0.17213 0 0 0 0 -0 -0 0 0.15932 -0.052252 0.038938 0 0
0 0 0 0.19013 0 0 0 0 -0 -0 0 0.17598 -0.057717 0.04301 0 0
0 0 0 0.17141 0 0 0 0 -0 -0 0 0.15865 -0.052034 0.038775 0 0
0 0 0 0.026574 0 0 0 0 -0 -0 0 0.024596 -0.0080668 0.0060113 0 0
-0 -0 -0 0.093631 0 0 0 0 -0 -0 0 0.086662 -0.028423 0.02118 0 0
0 0 0 0.051337 0 0 0 0 -0 -0 0 0.047516 -0.015584 0.011613 0 0
-0 -0 -0 0.18107 0 0 0 0 -0 -0 0 0.16759 -0.054965 0.04096 0 0
-0 -0 -0 0.18158 0 0 0 0 -0 -0 0 0.16806 -0.05512 0.041075 0 0
-0 -0 -0 0.15958 0 0 0 0 -0 -0 0 0.1477 -0.048441 0.036098 0 0
-0 -0 -0 0.14141 0 0 0 0 -0 -0 0 0.13088 -0.042926 0.031988 0 0
0 0 0 0.034382 0 0 0 0 -0 -0 0 0.031823 -0.010437 0.0077776 0 0
-0 -0 -0 0.094543 0 0 0 0 -0 -0 0 0.087507 -0.0287 0.021387 0 0
0 0 0 0.12062 0 0 0 0 -0 -0 0 0.11164 -0.036614 0.027285 0 0
-0 -0 -0 0.13533 0 0 0 0 -0 -0 0 0.12526 -0.041081 0.030613 0 0
-0 -0 -0 0.15081 0 0 0 0 -0 -0 0 0.13959 -0.045781 0.034116 0 0
-0 -0 -0 0.15084 0 0 0 0 -0 -0 0 0.13961 -0.045788 0.034121 0 0
0 0 0 0.11912 0 0 0 0 -0 -0 0 0.11025 -0.03616 0.026946 0 0
-0 -0 -0 0.11072 0 0 0 0 -0 -0 0 0.10248 -0.03361 0.025046 0 0
0 0 0 0.18767 0 0 0 0 -0 -0 0 0.1737 -0.056969 0.042453 0 0
0 0 0 0.040242 0 0 0 0 -0 -0 0 0.037247 -0.012216 0.0091032 0 0
-0 -0 -0 0.14652 0 0 0 0 -0 -0 0 0.13562 -0.044478 0.033145 0 0
-0 -0 -0 0.19781 0 0 0 0 -0 -0 0 0.18309 -0.060049 0.044748 0 0
-0 -0 -0 0.18494 0 0 0 0 -0 -0 0 0.17117 -0.05614 0.041835 0 0
-0 -0 -0 0.0020746 0 0 0 0 -0 -0 0 0.0019202 -0.00062976 0.00046929 0 0
-0 -0 -0 0.14776 0 0 0 0 -0 -0 0 0.13676 -0.044854 0.033425 0 0
0 0 0 0.14046 0 0 0 0 -0 -0 0 0.13 -0.042638 0.031773 0 0
-0 -0 -0 0.19101 0 0 0 0 -0 -0 0 0.17679 -0.057982 0.043208 0 0
-0 -0 -0 0.027802 0 0 0 0 -0 -0 0 0.025732 -0.0084395 0.006289 0 0
-0 -0 -0 0.043513 0 0 0 0 -0 -0 0 0.040274 -0.013209 0.0098431 0 0
-0 -0 -0 0.13316 0 0 0 0 -0 -0 0 0.12325 -0.040422 0.030122 0 0
0 0 0 0.0043978 0 0 0 0 -0 -0 0 0.0040705 -0.001335 0.00099484 0 0
-0 -0 -0 0.11566 0 0 0 0 -0 -0 0 0.10705 -0.03511 0.026163 0 0
0 0 0 0.046924 0 0 0 0 -0 -0 0 0.043432 -0.014244 0.010615 0 0
0 0 0 0.12997 0 0 0 0 -0 -0 0 0.1203 -0.039454 0.029401 0 0
-0 -0 -0 0.17159 0 0 0 0 -0 -0 0 0.15882 -0.052088 0.038815 0 0
0 0 0 0.12622 0 0 0 0 -0 -0 0 0.11682 -0.038315 0.028552 0 0
0 0 0 0.083872 0 0 0 0 -0 -0 0 0.07763 -0.02546 0.018973 0 0
-0 -0 -0 0.1084 0 0 0 0 -0 -0 0 0.10033 -0.032906 0.024521 0 0
-0 -0 -0 0.073625 0 0 0 0 -0 -0 0 0.068145 -0.02235 0.016655 0 0
-0 -0 -0 0.051456 0 0 0 0 -0 -0 0 0.047626 -0.01562 0.01164 0 0
-0 -0 -0 0.071417 0 0 0 0 -0 -0 0 0.066101 -0.021679 0.016155 0 0
-0 -0 -0 0.064456 0 0 0 0 -0 -0 0 0.059659 -0.019566 0.014581 0 0
-0 -0 -0 0.10915 0 0 0 0 -0 -0 0 0.10102 -0.033132 0.02469 0 0
-0 -0 -0 0.068467 0 0 0 0 -0 -0 0 0.063371 -0.020784 0.015488 0 0
0 0 0 0.1468 0 0 0 0 -0 -0 0 0.13587 -0.044562 0.033207 0 0
0 0 0 0.00027147 0 0 0 0 -0 -0 0 0.00025127 -8.2409e-05 6.141e-05 0 0
0 0 0 0.17286 0 0 0 0 -0 -0 0 0.16 -0.052475 0.039104 0 0
0 0 0 0.13983 0 0 0 0 -0 -0 0 0.12942 -0.042446 0.03163 0 0
-0 -0 -0 0.095491 0 0 0 0 -0 -0 0 0.088383 -0.028987 0.021601 0 0
-0 -0 -0 0.14001 0 0 0 0 -0 -0 0 0.12958 -0.0425 0.031671 0 0
-0 -0 -0 0.14523 0 0 0 0 -0 -0 0 0.13442 -0.044086 0.032852 0 0
-0 -0 -0 0.11211 0 0 0 0 -0 -0 0 0.10376 -0.034032 0.02536 0 0
-0 -0 -0 0.12402 0 0 0 0 -0 -0 0 0.11479 -0.037648 0.028055 0 0
0 0 0 0.08193 0 0 0 0 -0 -0 0 0.075832 -0.024871 0.018534 0 0
-0 -0 -0 0.1339 0 0 0 0 -0 -0 0 0.12393 -0.040646 0.030289 0 0
0 0 0 0.040929 0 0 0 0 -0 -0 0 0.037883 -0.012425 0.0092587 0 0
0 0 0 0.021206 0 0 0 0 -0 -0 0 0.019628 -0.0064373 0.004797 0 0
0 0 0 0.024447 0 0 0 0 -0 -0 0 0.022628 -0.0074213 0.0055303 0 0
-0 -0 -0 0.050956 0 0 0 0 -0 -0 0 0.047163 -0.015468 0.011527 0 0
-0 -0 -0 0.015974 0 0 0 0 -0 -0 0 0.014785 -0.0048492 0.0036136 0 0
-0 -0 -0 0.041625 0 0 0 0 -0 -0 0 0.038527 -0.012636 0.0094161 0 0
0 0 0 0.10537 0 0 0 0 -0 -0 0 0.097523 -0.031985 0.023835 0 0
0 0 0 0.027887 0 0 0 0 -0 -0 0 0.025811 -0.0084653 0.0063083 0 0
-0 -0 -0 0.16211 0 0 0 0 -0 -0 0 0.15004 -0.049209 0.03667 0 0
0 0 0 0.15231 0 0 0 0 -0 -0 0 0.14097 -0.046236 0.034454 0 0
0 0 0 0.1598 0 0 0 0 -0 -0 0 0.1479 -0.048509 0.036148 0 0
0 0 0 0.033625 0 0 0 0 -0 -0 0 0.031122 -0.010207 0.0076063 0 0
-0 -0 -0 0.00067032 0 0 0 0 -0 -0 0 0.00062043 -0.00020348 0.00015163 0 0
-0 -0 -0 0.061496 0 0 0 0 -0 -0 0 0.056919 -0.018668 0.013911 0 0
-0 -0 -0 0.060757 0 0 0 0 -0 -0 0 0.056234 -0.018443 0.013744 0 0
0 0 0 0.031289 0 0 0 0 -0 -0 0 0.02896 -0.0094981 0.0070779 0 0
-0 -0 -0 0.11806 0 0 0 0 -0 -0 0 0.10927 -0.035839 0.026707 0 0
0 0 0 0.018585 0 0 0 0 -0 -0 0 0.017201 -0.0056416 0.004204 0 0
0 0 0 0.090999 0 0 0 0 -0 -0 0 0.084225 -0.027624 0.020585 0 0
-0 -0 -0 0.019653 0 0 0 0 -0 -0 0 0.01819 -0.0059659 0.0044457 0 0
0 0 0 0.055295 0 0 0 0 -0 -0 0 0.051179 -0.016785 0.012508 0 0
-0 -0 -0 1.0566e-05 0 0 0 0 -0 -0 0 9.7793e-06 -3.2074e-06 2.3901e-06 0 0
-0 -0 -0 0.12062 0 0 0 0 -0 -0 0 0.11164 -0.036615 0.027285 0 0
-0 -0 -0 0.068496 0 0 0 0 -0 -0 0 0.063398 -0.020793 0.015494 0 0
0 0 0 0.057098 0 0 0 0 -0 -0 0 0.052848 -0.017333 0.012916 0 0
