0 0 0.091162 0 0 0 0 0 0 0 0 0 0 -0.0067647 0.033627 0.084462 -0.0018159 0.0056929 -0.0024119 0 0
-0 -0 -0.24706 0 0 0 0 0 0 0 0 0 0 0.018334 -0.091135 -0.22891 0.0020349 -0.016022 0.0065419 0 0
0 0 0.2525 0 0 0 0 0 0 0 0 0 0 -0.018737 0.093141 0.23395 -0.0063744 0.015266 -0.0065884 0 0
0 0 0.26764 0 0 0 0 0 0 0 0 0 0 -0.019861 0.098725 0.24797 -0.0068871 0.016124 -0.0069712 0 0
0 0 0.24122 0 0 0 0 0 0 0 0 0 0 -0.0179 0.088979 0.22349 -0.0060016 0.014622 -0.006302 0 0
0 0 0.23805 0 0 0 0 0 0 0 0 0 0 -0.017665 0.08781 0.22056 -0.0058982 0.01444 -0.0062213 0 0
0 0 0.051861 0 0 0 0 0 0 0 0 0 0 -0.0038484 0.01913 0.04805 -0.00096416 0.0032596 -0.001375 0 0
-0 -0 -0.18168 0 0 0 0 0 0 0 0 0 0 0.013482 -0.067016 -0.16833 0.0019126 -0.011732 0.0048242 0 0
-0 -0 -0.03183 0 0 0 0 0 0 0 0 0 0 0.002362 -0.011741 -0.029491 0.00050071 -0.0020245 0.00084612 0 0
0 0 0.047276 0 0 0 0 0 0 0 0 0 0 -0.0035081 0.017439 0.043801 -0.00087154 0.0029735 -0.0012536 0 0
-0 -0 -0.2265 0 0 0 0 0 0 0 0 0 0 0.016807 -0.083548 -0.20985 0.0020289 -0.014671 0.0060036 0 0
0 0 0.18506 0 0 0 0 0 0 0 0 0 0 -0.013733 0.068263 0.17146 -0.0042649 0.011354 -0.004862 0 0
-0 -0 -0.22036 0 0 0 0 0 0 0 0 0 0 0.016352 -0.081283 -0.20416 0.0020213 -0.014268 0.0058425 0 0
-0 -0 -0.14312 0 0 0 0 0 0 0 0 0 0 0.01062 -0.052792 -0.1326 0.0016994 -0.0092131 0.0038041 0 0
-0 -0 -0.29815 0 0 0 0 0 0 0 0 0 0 0.022124 -0.10998 -0.27624 0.0019207 -0.01938 0.0078693 0 0
-0 -0 -0.066405 0 0 0 0 0 0 0 0 0 0 0.0049276 -0.024495 -0.061525 0.0009654 -0.0042414 0.0017659 0 0
0 0 0.17137 0 0 0 0 0 0 0 0 0 0 -0.012717 0.063214 0.15878 -0.003872 0.010544 -0.0045078 0 0
-0 -0 -0.34861 0 0 0 0 0 0 0 0 0 0 0.025869 -0.12859 -0.32299 0.0016275 -0.022691 0.0091643 0 0
0 0 0.030307 0 0 0 0 0 0 0 0 0 0 -0.0022489 0.011179 0.028079 -0.00054122 0.0019111 -0.00080422 0 0
0 0 0.2091 0 0 0 0 0 0 0 0 0 0 -0.015517 0.077132 0.19374 -0.0049839 0.012765 -0.0054812 0 0
-0 -0 -0.040482 0 0 0 0 0 0 0 0 0 0 0.003004 -0.014933 -0.037508 0.00062475 -0.0025777 0.0010763 0 0
-0 -0 -0.072389 0 0 0 0 0 0 0 0 0 0 0.0053717 -0.026702 -0.06707 0.0010374 -0.0046268 0.0019251 0 0
-0 -0 -0.32939 0 0 0 0 0 0 0 0 0 0 0.024443 -0.1215 -0.30519 0.0017603 -0.021431 0.0086732 0 0
0 0 0.071542 0 0 0 0 0 0 0 0 0 0 -0.0053089 0.02639 0.066285 -0.0013777 0.0044824 -0.0018949 0 0
0 0 0.18524 0 0 0 0 0 0 0 0 0 0 -0.013746 0.068329 0.17163 -0.00427 0.011365 -0.0048666 0 0
0 0 0.063728 0 0 0 0 0 0 0 0 0 0 -0.004729 0.023507 0.059045 -0.0012104 0.0039979 -0.0016886 0 0
-0 -0 -0.27389 0 0 0 0 0 0 0 0 0 0 0.020324 -0.10103 -0.25376 0.0019978 -0.017785 0.0072407 0 0
-0 -0 -0.1237 0 0 0 0 0 0 0 0 0 0 0.009179 -0.045628 -0.11461 0.0015524 -0.0079486 0.0032889 0 0
0 0 0.10958 0 0 0 0 0 0 0 0 0 0 -0.0081316 0.040421 0.10153 -0.0022506 0.0068212 -0.002896 0 0
0 0 0.27223 0 0 0 0 0 0 0 0 0 0 -0.020201 0.10042 0.25223 -0.0070453 0.016383 -0.0070868 0 0
-0 -0 -0.14372 0 0 0 0 0 0 0 0 0 0 0.010665 -0.053015 -0.13316 0.0017035 -0.0092524 0.0038201 0 0
-0 -0 -0.075368 0 0 0 0 0 0 0 0 0 0 0.0055928 -0.027801 -0.06983 0.0010723 -0.0048188 0.0020044 0 0
-0 -0 -0.3001 0 0 0 0 0 0 0 0 0 0 0.022269 -0.1107 -0.27804 0.0019127 -0.019507 0.0079196 0 0
-0 -0 -0.32507 0 0 0 0 0 0 0 0 0 0 0.024122 -0.11991 -0.30118 0.0017866 -0.021147 0.0085623 0 0
0 0 0.09148 0 0 0 0 0 0 0 0 0 0 -0.0067884 0.033744 0.084758 -0.0018232 0.0057124 -0.0024203 0 0
0 0 0.12521 0 0 0 0 0 0 0 0 0 0 -0.0092914 0.046187 0.11601 -0.0026371 0.0077721 -0.0033055 0 0
-0 -0 -0.34494 0 0 0 0 0 0 0 0 0 0 0.025596 -0.12724 -0.31959 0.0016549 -0.02245 0.0090706 0 0
-0 -0 -0.25613 0 0 0 0 0 0 0 0 0 0 0.019007 -0.09448 -0.23731 0.002028 -0.016618 0.0067786 0 0
-0 -0 -0.10752 0 0 0 0 0 0 0 0 0 0 0.0079789 -0.039662 -0.099622 0.0014099 -0.0068983 0.0028593 0 0
-0 -0 -0.053966 0 0 0 0 0 0 0 0 0 0 0.0040046 -0.019906 -0.05 0.00080774 -0.0034418 0.001435 0 0
-0 -0 -0.24675 0 0 0 0 0 0 0 0 0 0 0.018311 -0.09102 -0.22862 0.002035 -0.016002 0.0065338 0 0
-0 -0 -0.32014 0 0 0 0 0 0 0 0 0 0 0.023757 -0.11809 -0.29662 0.0018149 -0.020824 0.008436 0 0
-0 -0 -0.1823 0 0 0 0 0 0 0 0 0 0 0.013528 -0.067244 -0.1689 0.0019152 -0.011773 0.0048405 0 0
-0 -0 -0.044197 0 0 0 0 0 0 0 0 0 0 0.0032797 -0.016303 -0.040949 0.00067642 -0.0028154 0.0011751 0 0
0 0 0.051773 0 0 0 0 0 0 0 0 0 0 -0.0038418 0.019097 0.047968 -0.00096235 0.0032541 -0.0013726 0 0
0 0 0.1614 0 0 0 0 0 0 0 0 0 0 -0.011977 0.059536 0.14954 -0.0035935 0.0099498 -0.0042491 0 0
-0 -0 -0.038241 0 0 0 0 0 0 0 0 0 0 0.0028377 -0.014106 -0.035431 0.00059312 -0.0024343 0.0010167 0 0
0 0 0.3167 0 0 0 0 0 0 0 0 0 0 -0.023501 0.11682 0.29342 -0.0086448 0.018851 -0.0081976 0 0
-0 -0 -0.059937 0 0 0 0 0 0 0 0 0 0 0.0044477 -0.022109 -0.055532 0.00088476 -0.0038254 0.0015938 0 0
0 0 0.011186 0 0 0 0 0 0 0 0 0 0 -0.0008301 0.0041263 0.010364 -0.00019247 0.00070738 -0.00029704 0 0
0 0 0.17312 0 0 0 0 0 0 0 0 0 0 -0.012846 0.063858 0.1604 -0.0039215 0.010647 -0.0045531 0 0
-0 -0 -0.21586 0 0 0 0 0 0 0 0 0 0 0.016018 -0.079625 -0.2 0.0020141 -0.013973 0.0057244 0 0
0 0 0.23003 0 0 0 0 0 0 0 0 0 0 -0.01707 0.084852 0.21313 -0.0056397 0.013979 -0.0060169 0 0
0 0 0.21797 0 0 0 0 0 0 0 0 0 0 -0.016175 0.080404 0.20196 -0.0052584 0.013281 -0.0057087 0 0
0 0 0.049323 0 0 0 0 0 0 0 0 0 0 -0.0036601 0.018194 0.045698 -0.00091272 0.0031013 -0.0013078 0 0
-0 -0 -0.077687 0 0 0 0 0 0 0 0 0 0 0.0057648 -0.028656 -0.071978 0.0010991 -0.0049683 0.0020661 0 0
0 0 0.13679 0 0 0 0 0 0 0 0 0 0 -0.010151 0.050459 0.12674 -0.0029338 0.0084728 -0.0036082 0 0
-0 -0 -0.0053413 0 0 0 0 0 0 0 0 0 0 0.00039636 -0.0019703 -0.0049488 8.8881e-05 -0.00033854 0.0001419 0 0
0 0 0.33296 0 0 0 0 0 0 0 0 0 0 -0.024708 0.12282 0.3085 -0.0092597 0.019737 -0.0085993 0 0
0 0 0.046512 0 0 0 0 0 0 0 0 0 0 -0.0034515 0.017157 0.043094 -0.00085626 0.0029258 -0.0012334 0 0
-0 -0 -0.25695 0 0 0 0 0 0 0 0 0 0 0.019068 -0.094783 -0.23807 0.0020271 -0.016672 0.0068 0 0
0 0 0.12254 0 0 0 0 0 0 0 0 0 0 -0.0090929 0.0452 0.11353 -0.0025698 0.0076098 -0.0032355 0 0
0 0 0.25081 0 0 0 0 0 0 0 0 0 0 -0.018611 0.092515 0.23238 -0.0063179 0.01517 -0.0065455 0 0
-0 -0 -0.19323 0 0 0 0 0 0 0 0 0 0 0.014339 -0.071275 -0.17903 0.0019561 -0.012489 0.0051288 0 0
0 0 0.11876 0 0 0 0 0 0 0 0 0 0 -0.0088128 0.043807 0.11003 -0.0024756 0.0073804 -0.0031366 0 0
0 0 0.17328 0 0 0 0 0 0 0 0 0 0 -0.012858 0.063917 0.16055 -0.003926 0.010657 -0.0045573 0 0
-0 -0 -0.26928 0 0 0 0 0 0 0 0 0 0 0.019982 -0.09933 -0.24949 0.0020078 -0.017482 0.0071211 0 0
-0 -0 -0.19905 0 0 0 0 0 0 0 0 0 0 0.01477 -0.073422 -0.18442 0.0019744 -0.01287 0.0052821 0 0
0 0 0.27835 0 0 0 0 0 0 0 0 0 0 -0.020655 0.10267 0.25789 -0.0072582 0.016727 -0.0072407 0 0
-0 -0 -0.29018 0 0 0 0 0 0 0 0 0 0 0.021533 -0.10704 -0.26885 0.0019506 -0.018856 0.0076632 0 0
-0 -0 -0.22643 0 0 0 0 0 0 0 0 0 0 0.016802 -0.083522 -0.20979 0.0020288 -0.014667 0.0060018 0 0
-0 -0 -0.19275 0 0 0 0 0 0 0 0 0 0 0.014304 -0.071101 -0.17859 0.0019545 -0.012458 0.0051164 0 0
-0 -0 -0.33574 0 0 0 0 0 0 0 0 0 0 0.024914 -0.12385 -0.31107 0.0017193 -0.021848 0.0088358 0 0
-0 -0 -0.017641 0 0 0 0 0 0 0 0 0 0 0.0013091 -0.0065074 -0.016345 0.00028611 -0.00112 0.00046882 0 0
0 0 0.15335 0 0 0 0 0 0 0 0 0 0 -0.011379 0.056566 0.14208 -0.0033733 0.0094684 -0.0040398 0 0
0 0 0.15299 0 0 0 0 0 0 0 0 0 0 -0.011353 0.056435 0.14175 -0.0033637 0.0094471 -0.0040305 0 0
-0 -0 -0.12056 0 0 0 0 0 0 0 0 0 0 0.0089461 -0.04447 -0.1117 0.0015262 -0.0077446 0.0032056 0 0
-0 -0 -0.29624 0 0 0 0 0 0 0 0 0 0 0.021982 -0.10927 -0.27447 0.0019283 -0.019254 0.0078199 0 0
-0 -0 -0.050038 0 0 0 0 0 0 0 0 0 0 0.0037132 -0.018458 -0.046361 0.00075574 -0.0031899 0.0013305 0 0
0 0 0.18652 0 0 0 0 0 0 0 0 0 0 -0.013841 0.068801 0.17281 -0.0043074 0.01144 -0.0048997 0 0
0 0 0.30067 0 0 0 0 0 0 0 0 0 0 -0.022311 0.11091 0.27857 -0.0080545 0.01797 -0.0077993 0 0
-0 -0 -0.047076 0 0 0 0 0 0 0 0 0 0 0.0034933 -0.017365 -0.043617 0.00071582 -0.0029999 0.0012517 0 0
0 0 0.30751 0 0 0 0 0 0 0 0 0 0 -0.022819 0.11343 0.28491 -0.0083046 0.018347 -0.0079697 0 0
-0 -0 -0.33898 0 0 0 0 0 0 0 0 0 0 0.025154 -0.12504 -0.31407 0.0016973 -0.02206 0.0089185 0 0
-0 -0 -0.21324 0 0 0 0 0 0 0 0 0 0 0.015824 -0.078658 -0.19757 0.0020092 -0.013801 0.0056556 0 0
0 0 0.26898 0 0 0 0 0 0 0 0 0 0 -0.01996 0.099218 0.24921 -0.0069331 0.0162 -0.0070049 0 0
0 0 0.19565 0 0 0 0 0 0 0 0 0 0 -0.014519 0.07217 0.18127 -0.004577 0.011978 -0.0051353 0 0
-0 -0 -0.11714 0 0 0 0 0 0 0 0 0 0 0.0086923 -0.043209 -0.10853 0.0014969 -0.0075223 0.0031147 0 0
-0 -0 -0.29844 0 0 0 0 0 0 0 0 0 0 0.022146 -0.11009 -0.27651 0.0019195 -0.019399 0.0078769 0 0
-0 -0 -0.1968 0 0 0 0 0 0 0 0 0 0 0.014604 -0.072595 -0.18234 0.0019677 -0.012723 0.0052231 0 0
-0 -0 -0.17111 0 0 0 0 0 0 0 0 0 0 0.012697 -0.063118 -0.15854 0.0018646 -0.011041 0.0045451 0 0
0 0 0.1978 0 0 0 0 0 0 0 0 0 0 -0.014678 0.072962 0.18326 -0.0046412 0.012104 -0.0051906 0 0
-0 -0 -0.22319 0 0 0 0 0 0 0 0 0 0 0.016562 -0.082327 -0.20679 0.0020251 -0.014454 0.0059167 0 0
0 0 0.18528 0 0 0 0 0 0 0 0 0 0 -0.013749 0.068344 0.17166 -0.0042712 0.011367 -0.0048677 0 0
0 0 0.052382 0 0 0 0 0 0 0 0 0 0 -0.0038871 0.019322 0.048533 -0.00097476 0.003292 -0.0013887 0 0
-0 -0 -0.31584 0 0 0 0 0 0 0 0 0 0 0.023438 -0.11651 -0.29263 0.0018383 -0.020542 0.0083254 0 0
0 0 0.2423 0 0 0 0 0 0 0 0 0 0 -0.01798 0.089377 0.22449 -0.0060369 0.014684 -0.0063294 0 0
-0 -0 -0.32316 0 0 0 0 0 0 0 0 0 0 0.023981 -0.11921 -0.29942 0.0017977 -0.021022 0.0085135 0 0
0 0 0.33507 0 0 0 0 0 0 0 0 0 0 -0.024864 0.1236 0.31045 -0.0093404 0.01985 -0.0086511 0 0
-0 -0 -0.038531 0 0 0 0 0 0 0 0 0 0 0.0028592 -0.014213 -0.035699 0.00059722 -0.0024528 0.0010244 0 0
