0 0 0 0.017501 0 0 0 0 -0 -0 0 0.016199 -0.0053128 0.003959 0 0
-0 -0 -0 0.18567 0 0 0 0 -0 -0 0 0.17185 -0.056362 0.042 0 0
0 0 0 0.032451 0 0 0 0 -0 -0 0 0.030036 -0.009851 0.0073409 0 0
0 0 0 0.0030337 0 0 0 0 -0 -0 0 0.0028079 -0.00092092 0.00068626 0 0
-0 -0 -0 0.15407 0 0 0 0 -0 -0 0 0.1426 -0.046769 0.034852 0 0
0 0 0 0.078419 0 0 0 0 -0 -0 0 0.072582 -0.023805 0.017739 0 0
0 0 0 0.053454 0 0 0 0 -0 -0 0 0.049475 -0.016227 0.012092 0 0
-0 -0 -0 0.16901 0 0 0 0 -0 -0 0 0.15643 -0.051306 0.038233 0 0
0 0 0 0.04614 0 0 0 0 -0 -0 0 0.042706 -0.014006 0.010437 0 0
-0 -0 -0 0.1403 0 0 0 0 -0 -0 0 0.12986 -0.04259 0.031738 0 0
-0 -0 -0 0.15406 0 0 0 0 -0 -0 0 0.1426 -0.046768 0.034851 0 0
-0 -0 -0 0.12823 0 0 0 0 -0 -0 0 0.11869 -0.038926 0.029007 0 0
-0 -0 -0 0.11659 0 0 0 0 -0 -0 0 0.10792 -0.035394 0.026375 0 0
-0 -0 -0 0.10104 0 0 0 0 -0 -0 0 0.093524 -0.030673 0.022857 0 0
-0 -0 -0 0.060062 0 0 0 0 -0 -0 0 0.055591 -0.018232 0.013587 0 0
0 0 0 0.01244 0 0 0 0 -0 -0 0 0.011514 -0.0037763 0.0028141 0 0
0 0 0 0.12038 0 0 0 0 -0 -0 0 0.11142 -0.036541 0.02723 0 0
-0 -0 -0 0.082562 0 0 0 0 -0 -0 0 0.076417 -0.025063 0.018676 0 0
-0 -0 -0 0.14958 0 0 0 0 -0 -0 0 0.13845 -0.045407 0.033837 0 0
0 0 0 0.0059523 0 0 0 0 -0 -0 0 0.0055093 -0.0018069 0.0013465 0 0
0 0 0 0.031379 0 0 0 0 -0 -0 0 0.029044 -0.0095255 0.0070983 0 0
0 0 0 0.049342 0 0 0 0 -0 -0 0 0.04567 -0.014978 0.011162 0 0
0 0 0 0.14444 0 0 0 0 -0 -0 0 0.13369 -0.043845 0.032673 0 0
0 0 0 0.1027 0 0 0 0 -0 -0 0 0.095059 -0.031177 0.023233 0 0
-0 -0 -0 0.082706 0 0 0 0 -0 -0 0 0.076551 -0.025106 0.018709 0 0
-0 -0 -0 0.1024 0 0 0 0 -0 -0 0 0.094774 -0.031083 0.023163 0 0
-0 -0 -0 0.053688 0 0 0 0 -0 -0 0 0.049692 -0.016297 0.012145 0 0
0 0 0 0.12318 0 0 0 0 -0 -0 0 0.11401 -0.037393 0.027865 0 0
0 0 0 0.11557 0 0 0 0 -0 -0 0 0.10697 -0.035083 0.026144 0 0
0 0 0 0.15031 0 0 0 0 -0 -0 0 0.13912 -0.045629 0.034002 0 0
-0 -0 -0 0.1724 0 0 0 0 -0 -0 0 0.15957 -0.052335 0.039 0 0
-0 -0 -0 0.007166 0 0 0 0 -0 -0 0 0.0066326 -0.0021753 0.001621 0 0
-0 -0 -0 0.0043877 0 0 0 0 -0 -0 0 0.0040611 -0.0013319 0.00099254 0 0
0 0 0 0.1583 0 0 0 0 -0 -0 0 0.14652 -0.048054 0.035809 0 0
-0 -0 -0 0.1244 0 0 0 0 -0 -0 0 0.11514 -0.037763 0.028141 0 0
0 0 0 0.10023 0 0 0 0 -0 -0 0 0.092773 -0.030427 0.022674 0 0
0 0 0 0.039537 0 0 0 0 -0 -0 0 0.036594 -0.012002 0.0089436 0 0
0 0 0 0.079973 0 0 0 0 -0 -0 0 0.074021 -0.024277 0.018091 0 0
-0 -0 -0 0.12987 0 0 0 0 -0 -0 0 0.1202 -0.039423 0.029377 0 0
0 0 0 0.14565 0 0 0 0 -0 -0 0 0.13481 -0.044215 0.032949 0 0
0 0 0 0.020069 0 0 0 0 -0 -0 0 0.018576 -0.0060923 0.0045399 0 0
0 0 0 0.13376 0 0 0 0 -0 -0 0 0.12381 -0.040606 0.030259 0 0
0 0 0 0.17301 0 0 0 0 -0 -0 0 0.16013 -0.052518 0.039136 0 0
-0 -0 -0 0.0081953 0 0 0 0 -0 -0 0 0.0075853 -0.0024878 0.0018539 0 0
0 0 0 0.077793 0 0 0 0 -0 -0 0 0.072003 -0.023615 0.017598 0 0
0 0 0 0.19262 0 0 0 0 -0 -0 0 0.17828 -0.058472 0.043573 0 0
-0 -0 -0 0.12993 0 0 0 0 -0 -0 0 0.12026 -0.039441 0.029391 0 0
-0 -0 -0 0.087913 0 0 0 0 -0 -0 0 0.081369 -0.026687 0.019887 0 0
0 0 0 0.077587 0 0 0 0 -0 -0 0 0.071812 -0.023552 0.017551 0 0
0 0 0 0.013832 0 0 0 0 -0 -0 0 0.012802 -0.0041988 0.0031289 0 0
-0 -0 -0 0.044272 0 0 0 0 -0 -0 0 0.040977 -0.013439 0.010015 0 0
0 0 0 0.17774 0 0 0 0 -0 -0 0 0.16451 -0.053955 0.040207 0 0
-0 -0 -0 0.11283 0 0 0 0 -0 -0 0 0.10443 -0.034251 0.025523 0 0
-0 -0 -0 0.19294 0 0 0 0 -0 -0 0 0.17858 -0.058569 0.043645 0 0
-0 -0 -0 0.076345 0 0 0 0 -0 -0 0 0.070663 -0.023175 0.01727 0 0
-0 -0 -0 0.030573 0 0 0 0 -0 -0 0 0.028297 -0.0092807 0.0069159 0 0
-0 -0 -0 0.18196 0 0 0 0 -0 -0 0 0.16841 -0.055235 0.041161 0 0
0 0 0 0.13392 0 0 0 0 -0 -0 0 0.12395 -0.040653 0.030294 0 0
-0 -0 -0 0.12288 0 0 0 0 -0 -0 0 0.11373 -0.0373 0.027796 0 0
-0 -0 -0 0.079538 0 0 0 0 -0 -0 0 0.073618 -0.024145 0.017992 0 0
0 0 0 0.18168 0 0 0 0 -0 -0 0 0.16815 -0.05515 0.041097 0 0
-0 -0 -0 0.14751 0 0 0 0 -0 -0 0 0.13653 -0.044777 0.033368 0 0
-0 -0 -0 0.17543 0 0 0 0 -0 -0 0 0.16237 -0.053253 0.039684 0 0
-0 -0 -0 0.06743 0 0 0 0 -0 -0 0 0.062411 -0.020469 0.015253 0 0
0 0 0 0.0494 0 0 0 0 -0 -0 0 0.045724 -0.014996 0.011175 0 0
-0 -0 -0 0.091763 0 0 0 0 -0 -0 0 0.084933 -0.027856 0.020758 0 0
0 0 0 0.16559 0 0 0 0 -0 -0 0 0.15327 -0.050268 0.037459 0 0
-0 -0 -0 0.036714 0 0 0 0 -0 -0 0 0.033982 -0.011145 0.0083051 0 0
0 0 0 0.069575 0 0 0 0 -0 -0 0 0.064396 -0.02112 0.015739 0 0
-0 -0 -0 0.058955 0 0 0 0 -0 -0 0 0.054567 -0.017896 0.013336 0 0
0 0 0 0.0025416 0 0 0 0 -0 -0 0 0.0023525 -0.00077154 0.00057494 0 0
-0 -0 -0 0.14975 0 0 0 0 -0 -0 0 0.1386 -0.045457 0.033874 0 0
0 0 0 0.058861 0 0 0 0 -0 -0 0 0.05448 -0.017868 0.013315 0 0
0 0 0 0.19627 0 0 0 0 -0 -0 0 0.18167 -0.059581 0.044399 0 0
-0 -0 -0 0.15223 0 0 0 0 -0 -0 0 0.1409 -0.04621 0.034436 0 0
-0 -0 -0 0.053376 0 0 0 0 -0 -0 0 0.049403 -0.016203 0.012074 0 0
0 0 0 0.13148 0 0 0 0 -0 -0 0 0.12169 -0.039912 0.029742 0 0
-0 -0 -0 0.12489 0 0 0 0 -0 -0 0 0.11559 -0.037911 0.028251 0 0
0 0 0 0.054146 0 0 0 0 -0 -0 0 0.050116 -0.016437 0.012248 0 0
0 0 0 0.18815 0 0 0 0 -0 -0 0 0.17415 -0.057116 0.042562 0 0
-0 -0 -0 0.18246 0 0 0 0 -0 -0 0 0.16888 -0.055389 0.041275 0 0
0 0 0 0.047925 0 0 0 0 -0 -0 0 0.044358 -0.014548 0.010841 0 0
0 0 0 0.11014 0 0 0 0 -0 -0 0 0.10194 -0.033435 0.024915 0 0
0 0 0 0.12238 0 0 0 0 -0 -0 0 0.11327 -0.037149 0.027683 0 0
0 0 0 0.15021 0 0 0 0 -0 -0 0 0.13903 -0.045598 0.033979 0 0
-0 -0 -0 0.036615 0 0 0 0 -0 -0 0 0.03389 -0.011115 0.0082828 0 0
-0 -0 -0 0.055238 0 0 0 0 -0 -0 0 0.051126 -0.016768 0.012495 0 0
0 0 0 0.041162 0 0 0 0 -0 -0 0 0.038098 -0.012495 0.0093112 0 0
0 0 0 0.15412 0 0 0 0 -0 -0 0 0.14265 -0.046786 0.034865 0 0
-0 -0 -0 0.032165 0 0 0 0 -0 -0 0 0.029771 -0.0097642 0.0072762 0 0
-0 -0 -0 0.1139 0 0 0 0 -0 -0 0 0.10542 -0.034576 0.025766 0 0
-0 -0 -0 0.049925 0 0 0 0 -0 -0 0 0.046209 -0.015155 0.011294 0 0
-0 -0 -0 0.09027 0 0 0 0 -0 -0 0 0.083551 -0.027403 0.02042 0 0
-0 -0 -0 0.16583 0 0 0 0 -0 -0 0 0.15349 -0.050341 0.037513 0 0
0 0 0 0.13796 0 0 0 0 -0 -0 0 0.12769 -0.04188 0.031209 0 0
-0 -0 -0 0.10096 0 0 0 0 -0 -0 0 0.093447 -0.030648 0.022839 0 0
0 0 0 0.10598 0 0 0 0 -0 -0 0 0.098093 -0.032172 0.023974 0 0
0 0 0 0.17881 0 0 0 0 -0 -0 0 0.1655 -0.054279 0.040448 0 0
0 0 0 0.17939 0 0 0 0 -0 -0 0 0.16603 -0.054454 0.040579 0 0
-0 -0 -0 0.12301 0 0 0 0 -0 -0 0 0.11386 -0.037342 0.027827 0 0
