-0 -0 -0 0.048226 0 0 0 0 -0 -0 0 0.044637 -0.01464 0.010909 0 0
-0 -0 -0 0.14254 0 0 0 0 -0 -0 0 0.13193 -0.043268 0.032243 0 0
-0 -0 -0 0.13875 0 0 0 0 -0 -0 0 0.12842 -0.042119 0.031387 0 0
0 0 0 0.1111 0 0 0 0 -0 -0 0 0.10283 -0.033727 0.025133 0 0
-0 -0 -0 0.19972 0 0 0 0 -0 -0 0 0.18486 -0.060627 0.045179 0 0
-0 -0 -0 0.013635 0 0 0 0 -0 -0 0 0.01262 -0.0041391 0.0030844 0 0
0 0 0 0.043631 0 0 0 0 -0 -0 0 0.040383 -0.013245 0.0098697 0 0
0 0 0 0.10715 0 0 0 0 -0 -0 0 0.099172 -0.032526 0.024238 0 0
-0 -0 -0 0.082148 0 0 0 0 -0 -0 0 0.076033 -0.024937 0.018583 0 0
-0 -0 -0 0.19563 0 0 0 0 -0 -0 0 0.18107 -0.059387 0.044255 0 0
-0 -0 -0 0.044135 0 0 0 0 -0 -0 0 0.04085 -0.013398 0.0099838 0 0
0 0 0 0.14715 0 0 0 0 -0 -0 0 0.1362 -0.044669 0.033287 0 0
0 0 0 0.16784 0 0 0 0 -0 -0 0 0.15535 -0.05095 0.037968 0 0
0 0 0 0.034978 0 0 0 0 -0 -0 0 0.032375 -0.010618 0.0079124 0 0
-0 -0 -0 0.16868 0 0 0 0 -0 -0 0 0.15613 -0.051205 0.038158 0 0
-0 -0 -0 0.14762 0 0 0 0 -0 -0 0 0.13663 -0.044812 0.033393 0 0
0 0 0 0.16528 0 0 0 0 -0 -0 0 0.15298 -0.050174 0.037389 0 0
-0 -0 -0 0.099769 0 0 0 0 -0 -0 0 0.092343 -0.030286 0.022569 0 0
0 0 0 0.13492 0 0 0 0 -0 -0 0 0.12488 -0.040957 0.030521 0 0
0 0 0 0.1092 0 0 0 0 -0 -0 0 0.10107 -0.033149 0.024702 0 0
-0 -0 -0 0.073362 0 0 0 0 -0 -0 0 0.067901 -0.02227 0.016595 0 0
-0 -0 -0 0.10747 0 0 0 0 -0 -0 0 0.099472 -0.032624 0.024311 0 0
-0 -0 -0 0.086251 0 0 0 0 -0 -0 0 0.079832 -0.026183 0.019511 0 0
-0 -0 -0 0.14457 0 0 0 0 -0 -0 0 0.13381 -0.043885 0.032702 0 0
0 0 0 0.15514 0 0 0 0 -0 -0 0 0.14359 -0.047094 0.035094 0 0
0 0 0 0.1769 0 0 0 0 -0 -0 0 0.16374 -0.053701 0.040018 0 0
0 0 0 0.0016372 0 0 0 0 -0 -0 0 0.0015153 -0.00049699 0.00037035 0 0
0 0 0 0.081284 0 0 0 0 -0 -0 0 0.075234 -0.024675 0.018387 0 0
0 0 0 0.098791 0 0 0 0 -0 -0 0 0.091438 -0.029989 0.022348 0 0
-0 -0 -0 0.10681 0 0 0 0 -0 -0 0 0.098857 -0.032422 0.024161 0 0
0 0 0 0.040645 0 0 0 0 -0 -0 0 0.03762 -0.012338 0.0091944 0 0
0 0 0 0.070369 0 0 0 0 -0 -0 0 0.065131 -0.021361 0.015918 0 0
-0 -0 -0 0.12335 0 0 0 0 -0 -0 0 0.11417 -0.037444 0.027903 0 0
0 0 0 0.052274 0 0 0 0 -0 -0 0 0.048383 -0.015868 0.011825 0 0
0 0 0 0.18332 0 0 0 0 -0 -0 0 0.16968 -0.05565 0.04147 0 0
0 0 0 0.10422 0 0 0 0 -0 -0 0 0.096463 -0.031637 0.023576 0 0
0 0 0 0.020903 0 0 0 0 -0 -0 0 0.019348 -0.0063455 0.0047286 0 0
0 0 0 0.18916 0 0 0 0 -0 -0 0 0.17508 -0.057422 0.04279 0 0
0 0 0 0.15227 0 0 0 0 -0 -0 0 0.14093 -0.046222 0.034445 0 0
0 0 0 0.065236 0 0 0 0 -0 -0 0 0.06038 -0.019803 0.014757 0 0
-0 -0 -0 0.067958 0 0 0 0 -0 -0 0 0.0629 -0.02063 0.015373 0 0
-0 -0 -0 0.19005 0 0 0 0 -0 -0 0 0.1759 -0.057691 0.042991 0 0
0 0 0 0.1267 0 0 0 0 -0 -0 0 0.11727 -0.038461 0.028661 0 0
-0 -0 -0 0.021144 0 0 0 0 -0 -0 0 0.01957 -0.0064185 0.004783 0 0
-0 -0 -0 0.14948 0 0 0 0 -0 -0 0 0.13836 -0.045377 0.033814 0 0
0 0 0 0.098451 0 0 0 0 -0 -0 0 0.091123 -0.029886 0.022271 0 0
0 0 0 0.19365 0 0 0 0 -0 -0 0 0.17923 -0.058784 0.043805 0 0
-0 -0 -0 0.17842 0 0 0 0 -0 -0 0 0.16514 -0.05416 0.04036 0 0
0 0 0 0.033397 0 0 0 0 -0 -0 0 0.030911 -0.010138 0.0075547 0 0
-0 -0 -0 0.071805 0 0 0 0 -0 -0 0 0.06646 -0.021797 0.016243 0 0
-0 -0 -0 0.11605 0 0 0 0 -0 -0 0 0.10741 -0.035227 0.026251 0 0
0 0 0 0.17903 0 0 0 0 -0 -0 0 0.16571 -0.054347 0.040499 0 0
-0 -0 -0 0.071085 0 0 0 0 -0 -0 0 0.065794 -0.021579 0.01608 0 0
-0 -0 -0 0.080463 0 0 0 0 -0 -0 0 0.074474 -0.024426 0.018202 0 0
0 0 0 0.1208 0 0 0 0 -0 -0 0 0.11181 -0.036669 0.027326 0 0
0 0 0 0.013868 0 0 0 0 -0 -0 0 0.012836 -0.0042098 0.0031371 0 0
-0 -0 -0 0.16999 0 0 0 0 -0 -0 0 0.15734 -0.051603 0.038454 0 0
-0 -0 -0 0.09591 0 0 0 0 -0 -0 0 0.088771 -0.029115 0.021696 0 0
0 0 0 0.18121 0 0 0 0 -0 -0 0 0.16772 -0.055007 0.040991 0 0
0 0 0 0.022386 0 0 0 0 -0 -0 0 0.02072 -0.0067955 0.0050639 0 0
-0 -0 -0 0.17569 0 0 0 0 -0 -0 0 0.16261 -0.053332 0.039742 0 0
-0 -0 -0 0.17863 0 0 0 0 -0 -0 0 0.16533 -0.054225 0.040408 0 0
0 0 0 0.0014083 0 0 0 0 -0 -0 0 0.0013035 -0.0004275 0.00031857 0 0
0 0 0 0.057576 0 0 0 0 -0 -0 0 0.053291 -0.017478 0.013024 0 0
0 0 0 0.17585 0 0 0 0 -0 -0 0 0.16276 -0.053382 0.039779 0 0
-0 -0 -0 0.036097 0 0 0 0 -0 -0 0 0.033411 -0.010958 0.0081656 0 0
0 0 0 0.10825 0 0 0 0 -0 -0 0 0.10019 -0.032861 0.024488 0 0
-0 -0 -0 0.13184 0 0 0 0 -0 -0 0 0.12202 -0.04002 0.029823 0 0
0 0 0 0.11308 0 0 0 0 -0 -0 0 0.10466 -0.034326 0.025579 0 0
0 0 0 0.08563 0 0 0 0 -0 -0 0 0.079257 -0.025994 0.01937 0 0
0 0 0 0.095608 0 0 0 0 -0 -0 0 0.088492 -0.029023 0.021628 0 0
0 0 0 0.10064 0 0 0 0 -0 -0 0 0.093153 -0.030552 0.022767 0 0
-0 -0 -0 0.030933 0 0 0 0 -0 -0 0 0.028631 -0.0093901 0.0069974 0 0
0 0 0 0.044945 0 0 0 0 -0 -0 0 0.0416 -0.013644 0.010167 0 0
-0 -0 -0 0.038097 0 0 0 0 -0 -0 0 0.035262 -0.011565 0.0086181 0 0
0 0 0 0.16198 0 0 0 0 -0 -0 0 0.14992 -0.04917 0.036641 0 0
-0 -0 -0 0.063796 0 0 0 0 -0 -0 0 0.059048 -0.019366 0.014431 0 0
0 0 0 0.0093317 0 0 0 0 -0 -0 0 0.0086372 -0.0028327 0.0021109 0 0
0 0 0 0.17689 0 0 0 0 -0 -0 0 0.16373 -0.053698 0.040015 0 0
0 0 0 0.084452 0 0 0 0 -0 -0 0 0.078166 -0.025636 0.019104 0 0
-0 -0 -0 0.031474 0 0 0 0 -0 -0 0 0.029132 -0.0095543 0.0071198 0 0
0 0 0 0.067399 0 0 0 0 -0 -0 0 0.062382 -0.02046 0.015246 0 0
0 0 0 0.15325 0 0 0 0 -0 -0 0 0.14185 -0.046522 0.034668 0 0
0 0 0 0.032304 0 0 0 0 -0 -0 0 0.0299 -0.0098062 0.0073075 0 0
-0 -0 -0 0.1181 0 0 0 0 -0 -0 0 0.10931 -0.035851 0.026716 0 0
0 0 0 0.10964 0 0 0 0 -0 -0 0 0.10148 -0.033281 0.024801 0 0
-0 -0 -0 0.036897 0 0 0 0 -0 -0 0 0.034151 -0.011201 0.0083466 0 0
0 0 0 0.18883 0 0 0 0 -0 -0 0 0.17478 -0.057322 0.042716 0 0
0 0 0 0.18514 0 0 0 0 -0 -0 0 0.17136 -0.056202 0.041881 0 0
0 0 0 0.11926 0 0 0 0 -0 -0 0 0.11038 -0.036203 0.026978 0 0
-0 -0 -0 0.015494 0 0 0 0 -0 -0 0 0.014341 -0.0047034 0.003505 0 0
-0 -0 -0 0.022231 0 0 0 0 -0 -0 0 0.020576 -0.0067484 0.0050289 0 0
-0 -0 -0 0.080105 0 0 0 0 -0 -0 0 0.074142 -0.024317 0.018121 0 0
-0 -0 -0 0.11348 0 0 0 0 -0 -0 0 0.10503 -0.034447 0.02567 0 0
-0 -0 -0 0.041804 0 0 0 0 -0 -0 0 0.038693 -0.01269 0.0094566 0 0
0 0 0 0.052387 0 0 0 0 -0 -0 0 0.048487 -0.015903 0.01185 0 0
-0 -0 -0 0.076607 0 0 0 0 -0 -0 0 0.070905 -0.023255 0.017329 0 0
-0 -0 -0 0.15221 0 0 0 0 -0 -0 0 0.14088 -0.046204 0.034431 0 0
-0 -0 -0 0.020695 0 0 0 0 -0 -0 0 0.019155 -0.0062822 0.0046814 0 0
0 0 0 0.13123 0 0 0 0 -0 -0 0 0.12146 -0.039835 0.029685 0 0
