0 0 0.06851 0 0 0 0 0 0 0 0 0 0 -0.0073389 0.024876 0.063411 0.00019219 0.010088 -0.0039354 0 0
-0 -0 -0.0064049 0 0 0 0 0 0 0 0 0 0 0.00068611 -0.0023256 -0.0059282 -5.5659e-05 -0.0009435 0.0003637 0 0
0 0 0.2494 0 0 0 0 0 0 0 0 0 0 -0.026717 0.09056 0.23084 -0.0028365 0.036407 -0.014611 0 0
-0 -0 -0.086029 0 0 0 0 0 0 0 0 0 0 0.0092156 -0.031237 -0.079626 -0.0012841 -0.012652 0.0048149 0 0
-0 -0 -0.30334 0 0 0 0 0 0 0 0 0 0 0.032494 -0.11014 -0.28076 -0.0096131 -0.043936 0.016124 0 0
0 0 0.01971 0 0 0 0 0 0 0 0 0 0 -0.0021114 0.0071569 0.018243 0.00013087 0.0029037 -0.001124 0 0
0 0 0.17374 0 0 0 0 0 0 0 0 0 0 -0.018611 0.063086 0.16081 -0.00094814 0.025488 -0.010109 0 0
-0 -0 -0.008622 0 0 0 0 0 0 0 0 0 0 0.00092361 -0.0031307 -0.0079803 -7.6426e-05 -0.0012701 0.00048941 0 0
0 0 0.20417 0 0 0 0 0 0 0 0 0 0 -0.021871 0.074135 0.18897 -0.0016007 0.0299 -0.011915 0 0
0 0 0.11569 0 0 0 0 0 0 0 0 0 0 -0.012393 0.042009 0.10708 -0.00010437 0.017015 -0.0066872 0 0
-0 -0 -0.34445 0 0 0 0 0 0 0 0 0 0 0.036899 -0.12507 -0.31882 -0.011986 -0.049658 0.018094 0 0
0 0 0.13131 0 0 0 0 0 0 0 0 0 0 -0.014066 0.047678 0.12153 -0.00027946 0.019301 -0.0076041 0 0
0 0 0.0062719 0 0 0 0 0 0 0 0 0 0 -0.00067186 0.0022774 0.0058051 4.8262e-05 0.00092397 -0.00035689 0 0
0 0 0.092559 0 0 0 0 0 0 0 0 0 0 -0.0099152 0.033609 0.08567 8.4726e-05 0.013622 -0.0053343 0 0
0 0 0.25516 0 0 0 0 0 0 0 0 0 0 -0.027333 0.092648 0.23616 -0.0030163 0.03723 -0.014955 0 0
-0 -0 -0.20545 0 0 0 0 0 0 0 0 0 0 0.022008 -0.0746 -0.19016 -0.0049719 -0.030022 0.011202 0 0
-0 -0 -0.28276 0 0 0 0 0 0 0 0 0 0 0.03029 -0.10267 -0.26172 -0.0085188 -0.041043 0.015116 0 0
-0 -0 -0.027188 0 0 0 0 0 0 0 0 0 0 0.0029124 -0.0098721 -0.025164 -0.00028059 -0.0040042 0.0015384 0 0
0 0 0.3199 0 0 0 0 0 0 0 0 0 0 -0.034268 0.11616 0.29609 -0.0053899 0.046402 -0.018827 0 0
0 0 0.33711 0 0 0 0 0 0 0 0 0 0 -0.036112 0.12241 0.31202 -0.0061281 0.048809 -0.019857 0 0
0 0 0.1767 0 0 0 0 0 0 0 0 0 0 -0.018929 0.064162 0.16355 -0.0010054 0.025919 -0.010285 0 0
0 0 0.070714 0 0 0 0 0 0 0 0 0 0 -0.007575 0.025677 0.065451 0.00018613 0.010412 -0.0040632 0 0
0 0 0.16452 0 0 0 0 0 0 0 0 0 0 -0.017623 0.059737 0.15227 -0.00077885 0.024147 -0.009563 0 0
-0 -0 -0.21949 0 0 0 0 0 0 0 0 0 0 0.023513 -0.079699 -0.20316 -0.0055492 -0.03204 0.011927 0 0
0 0 0.23779 0 0 0 0 0 0 0 0 0 0 -0.025473 0.086343 0.22009 -0.002489 0.034743 -0.013918 0 0
0 0 0.12314 0 0 0 0 0 0 0 0 0 0 -0.013191 0.044712 0.11397 -0.00018308 0.018105 -0.007124 0 0
-0 -0 -0.031916 0 0 0 0 0 0 0 0 0 0 0.003419 -0.011589 -0.029541 -0.00034122 -0.0047002 0.0018044 0 0
0 0 0.2018 0 0 0 0 0 0 0 0 0 0 -0.021617 0.073273 0.18678 -0.0015446 0.029556 -0.011774 0 0
-0 -0 -0.2396 0 0 0 0 0 0 0 0 0 0 0.025667 -0.087002 -0.22177 -0.0064279 -0.034918 0.012955 0 0
-0 -0 -0.052898 0 0 0 0 0 0 0 0 0 0 0.0056666 -0.019208 -0.048961 -0.00065249 -0.007787 0.0029793 0 0
-0 -0 -0.2738 0 0 0 0 0 0 0 0 0 0 0.02933 -0.099419 -0.25342 -0.0080618 -0.039778 0.014672 0 0
0 0 0.034867 0 0 0 0 0 0 0 0 0 0 -0.003735 0.01266 0.032272 0.00018999 0.0051363 -0.001993 0 0
-0 -0 -0.26098 0 0 0 0 0 0 0 0 0 0 0.027957 -0.094763 -0.24155 -0.0074286 -0.037961 0.014032 0 0
0 0 0.066401 0 0 0 0 0 0 0 0 0 0 -0.007113 0.02411 0.061458 0.00019728 0.0097779 -0.0038131 0 0
-0 -0 -0.30377 0 0 0 0 0 0 0 0 0 0 0.03254 -0.1103 -0.28116 -0.0096366 -0.043996 0.016145 0 0
0 0 0.10489 0 0 0 0 0 0 0 0 0 0 -0.011236 0.038086 0.097083 -5.6139e-06 0.015432 -0.0060546 0 0
0 0 0.29467 0 0 0 0 0 0 0 0 0 0 -0.031566 0.107 0.27274 -0.0043889 0.042848 -0.017317 0 0
0 0 0.12438 0 0 0 0 0 0 0 0 0 0 -0.013324 0.045164 0.11512 -0.0001971 0.018288 -0.0071971 0 0
-0 -0 -0.1725 0 0 0 0 0 0 0 0 0 0 0.018479 -0.062636 -0.15966 -0.0037353 -0.025264 0.0094789 0 0
0 0 0.29147 0 0 0 0 0 0 0 0 0 0 -0.031223 0.10583 0.26977 -0.0042687 0.042395 -0.017126 0 0
-0 -0 -0.05772 0 0 0 0 0 0 0 0 0 0 0.0061832 -0.020959 -0.053424 -0.00073376 -0.0084959 0.003248 0 0
-0 -0 -0.24605 0 0 0 0 0 0 0 0 0 0 0.026357 -0.089342 -0.22774 -0.0067224 -0.035837 0.013281 0 0
0 0 0.17794 0 0 0 0 0 0 0 0 0 0 -0.019062 0.064612 0.1647 -0.0010297 0.026099 -0.010358 0 0
0 0 0.28791 0 0 0 0 0 0 0 0 0 0 -0.030842 0.10454 0.26648 -0.0041372 0.041892 -0.016913 0 0
-0 -0 -0.31722 0 0 0 0 0 0 0 0 0 0 0.033981 -0.11518 -0.29361 -0.010387 -0.045877 0.016796 0 0
0 0 0.22897 0 0 0 0 0 0 0 0 0 0 -0.024528 0.08314 0.21193 -0.002239 0.033476 -0.013392 0 0
0 0 0.19095 0 0 0 0 0 0 0 0 0 0 -0.020455 0.069335 0.17674 -0.0012995 0.027986 -0.01113 0 0
-0 -0 -0.18801 0 0 0 0 0 0 0 0 0 0 0.02014 -0.068269 -0.17402 -0.0042968 -0.027508 0.010294 0 0
-0 -0 -0.19441 0 0 0 0 0 0 0 0 0 0 0.020826 -0.070592 -0.17994 -0.0045391 -0.028431 0.010628 0 0
-0 -0 -0.1925 0 0 0 0 0 0 0 0 0 0 0.020621 -0.069899 -0.17818 -0.0044663 -0.028156 0.010529 0 0
-0 -0 -0.072358 0 0 0 0 0 0 0 0 0 0 0.0077512 -0.026274 -0.066973 -0.0010027 -0.010646 0.0040605 0 0
-0 -0 -0.075367 0 0 0 0 0 0 0 0 0 0 0.0080735 -0.027366 -0.069758 -0.0010621 -0.011088 0.0042269 0 0
0 0 0.29188 0 0 0 0 0 0 0 0 0 0 -0.031267 0.10598 0.27015 -0.004284 0.042453 -0.01715 0 0
0 0 0.080571 0 0 0 0 0 0 0 0 0 0 -0.0086309 0.029256 0.074574 0.00014966 0.011861 -0.0046359 0 0
0 0 0.2498 0 0 0 0 0 0 0 0 0 0 -0.026759 0.090702 0.2312 -0.0028486 0.036463 -0.014634 0 0
-0 -0 -0.14855 0 0 0 0 0 0 0 0 0 0 0.015913 -0.053938 -0.13749 -0.0029406 -0.021786 0.0082065 0 0
0 0 0.24641 0 0 0 0 0 0 0 0 0 0 -0.026396 0.089471 0.22807 -0.0027448 0.035978 -0.014432 0 0
0 0 0.12331 0 0 0 0 0 0 0 0 0 0 -0.01321 0.044775 0.11413 -0.00018504 0.018131 -0.0071343 0 0
0 0 0.3339 0 0 0 0 0 0 0 0 0 0 -0.035768 0.12124 0.30905 -0.0059872 0.048362 -0.019666 0 0
0 0 0.34647 0 0 0 0 0 0 0 0 0 0 -0.037115 0.12581 0.32069 -0.0065488 0.050114 -0.020418 0 0
0 0 0.32906 0 0 0 0 0 0 0 0 0 0 -0.03525 0.11948 0.30457 -0.0057774 0.047685 -0.019376 0 0
0 0 0.34148 0 0 0 0 0 0 0 0 0 0 -0.03658 0.12399 0.31606 -0.0063229 0.049419 -0.020119 0 0
0 0 0.18938 0 0 0 0 0 0 0 0 0 0 -0.020287 0.068766 0.17529 -0.0012656 0.027759 -0.011037 0 0
0 0 0.20575 0 0 0 0 0 0 0 0 0 0 -0.022041 0.07471 0.19044 -0.0016386 0.030129 -0.012009 0 0
0 0 0.25363 0 0 0 0 0 0 0 0 0 0 -0.027169 0.092093 0.23475 -0.002968 0.037011 -0.014863 0 0
-0 -0 -0.34302 0 0 0 0 0 0 0 0 0 0 0.036745 -0.12455 -0.31749 -0.011899 -0.04946 0.018026 0 0
-0 -0 -0.12085 0 0 0 0 0 0 0 0 0 0 0.012946 -0.043881 -0.11185 -0.002132 -0.017749 0.0067161 0 0
0 0 0.0029983 0 0 0 0 0 0 0 0 0 0 -0.00032119 0.0010887 0.0027751 2.3842e-05 0.0004417 -0.00017052 0 0
-0 -0 -0.050091 0 0 0 0 0 0 0 0 0 0 0.0053658 -0.018188 -0.046362 -0.00060684 -0.0073741 0.0028227 0 0
0 0 0.019074 0 0 0 0 0 0 0 0 0 0 -0.0020433 0.006926 0.017655 0.0001276 0.00281 -0.0010876 0 0
0 0 0.11947 0 0 0 0 0 0 0 0 0 0 -0.012798 0.043381 0.11058 -0.00014324 0.017569 -0.0069089 0 0
-0 -0 -0.27509 0 0 0 0 0 0 0 0 0 0 0.029468 -0.099887 -0.25462 -0.0081267 -0.03996 0.014736 0 0
-0 -0 -0.34471 0 0 0 0 0 0 0 0 0 0 0.036926 -0.12517 -0.31905 -0.012002 -0.049694 0.018106 0 0
0 0 0.20623 0 0 0 0 0 0 0 0 0 0 -0.022092 0.074884 0.19088 -0.0016502 0.030198 -0.012038 0 0
0 0 0.065469 0 0 0 0 0 0 0 0 0 0 -0.0070132 0.023772 0.060596 0.00019931 0.0096408 -0.0037591 0 0
-0 -0 -0.16403 0 0 0 0 0 0 0 0 0 0 0.017571 -0.05956 -0.15182 -0.0034442 -0.024036 0.0090307 0 0
-0 -0 -0.041478 0 0 0 0 0 0 0 0 0 0 0.0044432 -0.015061 -0.038391 -0.00047453 -0.0061073 0.002341 0 0
0 0 0.17942 0 0 0 0 0 0 0 0 0 0 -0.01922 0.06515 0.16607 -0.0010591 0.026314 -0.010446 0 0
-0 -0 -0.057715 0 0 0 0 0 0 0 0 0 0 0.0061826 -0.020957 -0.05342 -0.00073367 -0.0084951 0.0032478 0 0
-0 -0 -0.24421 0 0 0 0 0 0 0 0 0 0 0.02616 -0.088674 -0.22603 -0.0066378 -0.035575 0.013188 0 0
0 0 0.1897 0 0 0 0 0 0 0 0 0 0 -0.020321 0.068881 0.17558 -0.0012724 0.027805 -0.011055 0 0
-0 -0 -0.19458 0 0 0 0 0 0 0 0 0 0 0.020844 -0.070655 -0.1801 -0.0045458 -0.028456 0.010638 0 0
0 0 0.227 0 0 0 0 0 0 0 0 0 0 -0.024316 0.082423 0.2101 -0.0021847 0.033192 -0.013274 0 0
0 0 0.16842 0 0 0 0 0 0 0 0 0 0 -0.018041 0.061153 0.15588 -0.00084881 0.024714 -0.0097937 0 0
0 0 0.32517 0 0 0 0 0 0 0 0 0 0 -0.034833 0.11807 0.30097 -0.0056113 0.047141 -0.019143 0 0
0 0 0.11133 0 0 0 0 0 0 0 0 0 0 -0.011926 0.040425 0.10305 -6.2303e-05 0.016376 -0.0064317 0 0
0 0 0.15208 0 0 0 0 0 0 0 0 0 0 -0.016291 0.05522 0.14076 -0.00057161 0.022334 -0.008828 0 0
-0 -0 -0.2049 0 0 0 0 0 0 0 0 0 0 0.02195 -0.074401 -0.18965 -0.00495 -0.029943 0.011174 0 0
0 0 0.12925 0 0 0 0 0 0 0 0 0 0 -0.013846 0.046932 0.11963 -0.00025422 0.019 -0.0074832 0 0
-0 -0 -0.0094906 0 0 0 0 0 0 0 0 0 0 0.0010167 -0.0034461 -0.0087842 -8.4771e-05 -0.001398 0.00053864 0 0
0 0 0.12578 0 0 0 0 0 0 0 0 0 0 -0.013474 0.045672 0.11642 -0.00021314 0.018492 -0.0072793 0 0
-0 -0 -0.17599 0 0 0 0 0 0 0 0 0 0 0.018853 -0.063904 -0.16289 -0.0038585 -0.02577 0.0096631 0 0
0 0 0.30238 0 0 0 0 0 0 0 0 0 0 -0.032392 0.1098 0.27987 -0.0046845 0.043937 -0.017779 0 0
0 0 0.029848 0 0 0 0 0 0 0 0 0 0 -0.0031974 0.010838 0.027627 0.00017441 0.0043971 -0.0017048 0 0
-0 -0 -0.018009 0 0 0 0 0 0 0 0 0 0 0.0019292 -0.0065391 -0.016669 -0.00017289 -0.0026526 0.0010206 0 0
0 0 0.20102 0 0 0 0 0 0 0 0 0 0 -0.021533 0.07299 0.18605 -0.0015264 0.029443 -0.011727 0 0
-0 -0 -0.10518 0 0 0 0 0 0 0 0 0 0 0.011267 -0.03819 -0.097349 -0.0017271 -0.015457 0.0058641 0 0
0 0 0.15844 0 0 0 0 0 0 0 0 0 0 -0.016972 0.057529 0.14664 -0.00067453 0.023261 -0.0092035 0 0
0 0 0.10946 0 0 0 0 0 0 0 0 0 0 -0.011726 0.039746 0.10131 -4.517e-05 0.016102 -0.0063221 0 0
-0 -0 -0.070179 0 0 0 0 0 0 0 0 0 0 0.0075177 -0.025482 -0.064955 -0.00096054 -0.010326 0.0039399 0 0
