0 0 0.024847 0 0 0 0 0 0 0 0 0 0 -0.0057695 0.010118 0.021948 0.0019671 0.0030396 -0.00088419 0 0
0 0 0.063493 0 0 0 0 0 0 0 0 0 0 -0.014743 0.025855 0.056085 0.0048746 0.0078403 -0.0023331 0 0
-0 -0 -0.077216 0 0 0 0 0 0 0 0 0 0 0.01793 -0.031444 -0.068206 -0.0065862 -0.0091887 0.0025048 0 0
-0 -0 -0.10751 0 0 0 0 0 0 0 0 0 0 0.024964 -0.043781 -0.094967 -0.0093597 -0.012679 0.0033847 0 0
-0 -0 -0.00091737 0 0 0 0 0 0 0 0 0 0 0.00021301 -0.00037357 -0.00081033 -7.407e-05 -0.00011149 3.1926e-05 0 0
0 0 0.25177 0 0 0 0 0 0 0 0 0 0 -0.05846 0.10252 0.22239 0.016268 0.032274 -0.010602 0 0
0 0 0.063072 0 0 0 0 0 0 0 0 0 0 -0.014645 0.025684 0.055713 0.0048439 0.0077875 -0.0023168 0 0
0 0 0.068993 0 0 0 0 0 0 0 0 0 0 -0.01602 0.028095 0.060943 0.0052731 0.0085305 -0.0025465 0 0
0 0 0.18013 0 0 0 0 0 0 0 0 0 0 -0.041826 0.073352 0.15911 0.012489 0.0228 -0.0072283 0 0
0 0 0.25243 0 0 0 0 0 0 0 0 0 0 -0.058614 0.10279 0.22298 0.016299 0.032363 -0.010635 0 0
0 0 0.075575 0 0 0 0 0 0 0 0 0 0 -0.017549 0.030776 0.066757 0.005745 0.0093585 -0.0028041 0 0
-0 -0 -0.33954 0 0 0 0 0 0 0 0 0 0 0.07884 -0.13827 -0.29992 -0.033812 -0.036878 0.0081129 0 0
0 0 0.080213 0 0 0 0 0 0 0 0 0 0 -0.018625 0.032664 0.070854 0.0060742 0.0099433 -0.0029872 0 0
-0 -0 -0.25876 0 0 0 0 0 0 0 0 0 0 0.060084 -0.10537 -0.22857 -0.024693 -0.029001 0.0068788 0 0
-0 -0 -0.33811 0 0 0 0 0 0 0 0 0 0 0.078509 -0.13768 -0.29866 -0.033646 -0.036745 0.008095 0 0
0 0 0.16512 0 0 0 0 0 0 0 0 0 0 -0.038341 0.06724 0.14585 0.011609 0.02084 -0.0065559 0 0
0 0 0.27515 0 0 0 0 0 0 0 0 0 0 -0.063889 0.11204 0.24304 0.017349 0.035403 -0.011761 0 0
-0 -0 -0.2179 0 0 0 0 0 0 0 0 0 0 0.050596 -0.088733 -0.19248 -0.020317 -0.024785 0.0060852 0 0
0 0 0.14416 0 0 0 0 0 0 0 0 0 0 -0.033474 0.058704 0.12734 0.01033 0.018119 -0.0056373 0 0
0 0 0.07559 0 0 0 0 0 0 0 0 0 0 -0.017552 0.030781 0.06677 0.0057461 0.0093603 -0.0028047 0 0
0 0 0.098917 0 0 0 0 0 0 0 0 0 0 -0.022969 0.040281 0.087375 0.0073739 0.012314 -0.0037383 0 0
-0 -0 -0.26085 0 0 0 0 0 0 0 0 0 0 0.06057 -0.10622 -0.23042 -0.024921 -0.029213 0.0069164 0 0
0 0 0.32861 0 0 0 0 0 0 0 0 0 0 -0.076303 0.13382 0.29027 0.019535 0.042611 -0.014509 0 0
0 0 0.32435 0 0 0 0 0 0 0 0 0 0 -0.075315 0.13208 0.28651 0.019376 0.042035 -0.014285 0 0
-0 -0 -0.12963 0 0 0 0 0 0 0 0 0 0 0.0301 -0.052788 -0.11451 -0.01145 -0.015184 0.0039899 0 0
-0 -0 -0.27188 0 0 0 0 0 0 0 0 0 0 0.06313 -0.11071 -0.24016 -0.026133 -0.030323 0.0071096 0 0
-0 -0 -0.079689 0 0 0 0 0 0 0 0 0 0 0.018504 -0.032451 -0.070391 -0.0068087 -0.0094762 0.0025788 0 0
0 0 0.3002 0 0 0 0 0 0 0 0 0 0 -0.069706 0.12225 0.26517 0.018423 0.038772 -0.013031 0 0
-0 -0 -0.048441 0 0 0 0 0 0 0 0 0 0 0.011248 -0.019726 -0.042789 -0.0040495 -0.005812 0.0016149 0 0
0 0 0.21531 0 0 0 0 0 0 0 0 0 0 -0.049996 0.08768 0.19019 0.014432 0.027431 -0.008852 0 0
0 0 0.11968 0 0 0 0 0 0 0 0 0 0 -0.027791 0.048737 0.10572 0.0087641 0.014966 -0.0045956 0 0
-0 -0 -0.071692 0 0 0 0 0 0 0 0 0 0 0.016647 -0.029194 -0.063327 -0.0060918 -0.008545 0.002338 0 0
-0 -0 -0.21856 0 0 0 0 0 0 0 0 0 0 0.05075 -0.089001 -0.19306 -0.020386 -0.024854 0.0060989 0 0
-0 -0 -0.15006 0 0 0 0 0 0 0 0 0 0 0.034845 -0.061109 -0.13255 -0.013429 -0.017463 0.0045207 0 0
0 0 0.28771 0 0 0 0 0 0 0 0 0 0 -0.066805 0.11716 0.25414 0.017898 0.03709 -0.012394 0 0
-0 -0 -0.26316 0 0 0 0 0 0 0 0 0 0 0.061106 -0.10716 -0.23245 -0.025174 -0.029446 0.0069575 0 0
0 0 0.20466 0 0 0 0 0 0 0 0 0 0 -0.047523 0.083343 0.18078 0.013861 0.026024 -0.0083536 0 0
-0 -0 -0.28966 0 0 0 0 0 0 0 0 0 0 0.06726 -0.11796 -0.25587 -0.02811 -0.032089 0.0074038 0 0
0 0 0.095388 0 0 0 0 0 0 0 0 0 0 -0.022149 0.038844 0.084258 0.0071321 0.011865 -0.003595 0 0
0 0 0.2974 0 0 0 0 0 0 0 0 0 0 -0.069057 0.12111 0.2627 0.018308 0.038395 -0.012888 0 0
0 0 0.33096 0 0 0 0 0 0 0 0 0 0 -0.076849 0.13477 0.29234 0.019622 0.04293 -0.014633 0 0
0 0 0.10179 0 0 0 0 0 0 0 0 0 0 -0.023636 0.041451 0.089915 0.0075697 0.012679 -0.0038555 0 0
0 0 0.14912 0 0 0 0 0 0 0 0 0 0 -0.034625 0.060723 0.13172 0.010638 0.018761 -0.0058524 0 0
-0 -0 -0.025176 0 0 0 0 0 0 0 0 0 0 0.0058459 -0.010252 -0.022239 -0.0020697 -0.00304 0.00085743 0 0
-0 -0 -0.34712 0 0 0 0 0 0 0 0 0 0 0.080602 -0.14135 -0.30662 -0.034699 -0.037585 0.0082057 0 0
0 0 0.19647 0 0 0 0 0 0 0 0 0 0 -0.045621 0.080008 0.17355 0.013412 0.024946 -0.0079745 0 0
0 0 0.06352 0 0 0 0 0 0 0 0 0 0 -0.014749 0.025866 0.056109 0.0048765 0.0078437 -0.0023341 0 0
0 0 0.092327 0 0 0 0 0 0 0 0 0 0 -0.021438 0.037597 0.081554 0.0069211 0.011476 -0.0034713 0 0
-0 -0 -0.15941 0 0 0 0 0 0 0 0 0 0 0.037014 -0.064913 -0.14081 -0.014349 -0.018494 0.0047542 0 0
-0 -0 -0.089673 0 0 0 0 0 0 0 0 0 0 0.020822 -0.036516 -0.07921 -0.007714 -0.010632 0.0028737 0 0
-0 -0 -0.13432 0 0 0 0 0 0 0 0 0 0 0.031188 -0.054696 -0.11864 -0.0119 -0.015709 0.004114 0 0
-0 -0 -0.27116 0 0 0 0 0 0 0 0 0 0 0.062962 -0.11042 -0.23952 -0.026053 -0.03025 0.0070972 0 0
-0 -0 -0.028618 0 0 0 0 0 0 0 0 0 0 0.006645 -0.011654 -0.025279 -0.0023585 -0.0034524 0.0009716 0 0
-0 -0 -0.19386 0 0 0 0 0 0 0 0 0 0 0.045014 -0.078943 -0.17124 -0.017821 -0.022235 0.0055657 0 0
0 0 0.066431 0 0 0 0 0 0 0 0 0 0 -0.015425 0.027052 0.05868 0.005088 0.0082088 -0.0024468 0 0
-0 -0 -0.19085 0 0 0 0 0 0 0 0 0 0 0.044315 -0.077716 -0.16858 -0.017512 -0.021911 0.0054979 0 0
0 0 0.059392 0 0 0 0 0 0 0 0 0 0 -0.013791 0.024186 0.052462 0.0045749 0.0073269 -0.0021751 0 0
0 0 0.068857 0 0 0 0 0 0 0 0 0 0 -0.015989 0.02804 0.060823 0.0052633 0.0085133 -0.0025411 0 0
0 0 0.21298 0 0 0 0 0 0 0 0 0 0 -0.049454 0.08673 0.18813 0.014308 0.027122 -0.0087423 0 0
0 0 0.030514 0 0 0 0 0 0 0 0 0 0 -0.0070854 0.012426 0.026954 0.0024051 0.0037381 -0.0010911 0 0
0 0 0.2406 0 0 0 0 0 0 0 0 0 0 -0.055868 0.097978 0.21253 0.015725 0.030786 -0.010059 0 0
0 0 0.2368 0 0 0 0 0 0 0 0 0 0 -0.054986 0.096431 0.20917 0.015536 0.030281 -0.0098757 0 0
0 0 0.1061 0 0 0 0 0 0 0 0 0 0 -0.024637 0.043207 0.093723 0.0078613 0.013229 -0.0040321 0 0
0 0 0.34569 0 0 0 0 0 0 0 0 0 0 -0.080269 0.14077 0.30536 0.020149 0.044928 -0.015416 0 0
0 0 0.12941 0 0 0 0 0 0 0 0 0 0 -0.030049 0.052699 0.11431 0.009396 0.016216 -0.0050056 0 0
-0 -0 -0.27438 0 0 0 0 0 0 0 0 0 0 0.063712 -0.11173 -0.24237 -0.026409 -0.030574 0.0071524 0 0
-0 -0 -0.037179 0 0 0 0 0 0 0 0 0 0 0.008633 -0.01514 -0.032841 -0.0030831 -0.0044748 0.0012524 0 0
-0 -0 -0.23353 0 0 0 0 0 0 0 0 0 0 0.054226 -0.095099 -0.20628 -0.021972 -0.026416 0.0064021 0 0
-0 -0 -0.046099 0 0 0 0 0 0 0 0 0 0 0.010704 -0.018772 -0.04072 -0.0038473 -0.0055347 0.0015402 0 0
-0 -0 -0.2176 0 0 0 0 0 0 0 0 0 0 0.050527 -0.088611 -0.19221 -0.020286 -0.024753 0.0060789 0 0
-0 -0 -0.24665 0 0 0 0 0 0 0 0 0 0 0.057273 -0.10044 -0.21787 -0.023379 -0.027768 0.0066554 0 0
0 0 0.32343 0 0 0 0 0 0 0 0 0 0 -0.0751 0.13171 0.28569 0.019341 0.04191 -0.014237 0 0
0 0 0.24987 0 0 0 0 0 0 0 0 0 0 -0.05802 0.10175 0.22072 0.016177 0.032022 -0.01051 0 0
-0 -0 -0.28706 0 0 0 0 0 0 0 0 0 0 0.066655 -0.1169 -0.25356 -0.027819 -0.031832 0.0073621 0 0
0 0 0.020393 0 0 0 0 0 0 0 0 0 0 -0.0047352 0.0083043 0.018013 0.00162 0.0024919 -0.00072294 0 0
0 0 0.29673 0 0 0 0 0 0 0 0 0 0 -0.0689 0.12083 0.2621 0.018279 0.038304 -0.012853 0 0
-0 -0 -0.21325 0 0 0 0 0 0 0 0 0 0 0.049518 -0.086841 -0.18837 -0.01983 -0.024296 0.0059878 0 0
0 0 0.30862 0 0 0 0 0 0 0 0 0 0 -0.071662 0.12568 0.27261 0.018765 0.039908 -0.013465 0 0
-0 -0 -0.22297 0 0 0 0 0 0 0 0 0 0 0.051775 -0.090799 -0.19696 -0.020851 -0.025316 0.0061898 0 0
-0 -0 -0.18668 0 0 0 0 0 0 0 0 0 0 0.043347 -0.076019 -0.1649 -0.017087 -0.021463 0.0054031 0 0
0 0 0.11252 0 0 0 0 0 0 0 0 0 0 -0.026128 0.045822 0.099395 0.0082912 0.014049 -0.0042973 0 0
-0 -0 -0.25154 0 0 0 0 0 0 0 0 0 0 0.058408 -0.10243 -0.22219 -0.023908 -0.028267 0.0067468 0 0
0 0 0.23603 0 0 0 0 0 0 0 0 0 0 -0.054806 0.096115 0.20849 0.015497 0.030178 -0.0098383 0 0
0 0 0.34695 0 0 0 0 0 0 0 0 0 0 -0.080562 0.14128 0.30647 0.020192 0.045099 -0.015483 0 0
-0 -0 -0.085644 0 0 0 0 0 0 0 0 0 0 0.019887 -0.034876 -0.075651 -0.0073473 -0.010167 0.0027555 0 0
0 0 0.31429 0 0 0 0 0 0 0 0 0 0 -0.072979 0.12799 0.27762 0.018989 0.040675 -0.01376 0 0
-0 -0 -0.13096 0 0 0 0 0 0 0 0 0 0 0.030409 -0.053329 -0.11568 -0.011577 -0.015333 0.0040252 0 0
-0 -0 -0.1332 0 0 0 0 0 0 0 0 0 0 0.030929 -0.054242 -0.11766 -0.011792 -0.015584 0.0040846 0 0
-0 -0 -0.23724 0 0 0 0 0 0 0 0 0 0 0.055087 -0.096609 -0.20956 -0.022368 -0.026799 0.0064749 0 0
-0 -0 -0.29963 0 0 0 0 0 0 0 0 0 0 0.069574 -0.12201 -0.26467 -0.029232 -0.033065 0.0075592 0 0
-0 -0 -0.21332 0 0 0 0 0 0 0 0 0 0 0.049532 -0.086867 -0.18843 -0.019837 -0.024302 0.0059891 0 0
-0 -0 -0.20509 0 0 0 0 0 0 0 0 0 0 0.047622 -0.083517 -0.18116 -0.01898 -0.023432 0.0058132 0 0
0 0 0.17719 0 0 0 0 0 0 0 0 0 0 -0.041143 0.072155 0.15652 0.012319 0.022416 -0.0070957 0 0
-0 -0 -0.23586 0 0 0 0 0 0 0 0 0 0 0.054766 -0.096046 -0.20834 -0.02222 -0.026656 0.0064479 0 0
0 0 0.063857 0 0 0 0 0 0 0 0 0 0 -0.014828 0.026004 0.056406 0.0049011 0.0078859 -0.0023471 0 0
-0 -0 -0.33327 0 0 0 0 0 0 0 0 0 0 0.077385 -0.13571 -0.29438 -0.033083 -0.03629 0.0080332 0 0
-0 -0 -0.28451 0 0 0 0 0 0 0 0 0 0 0.066063 -0.11586 -0.25131 -0.027534 -0.03158 0.0073208 0 0
-0 -0 -0.19195 0 0 0 0 0 0 0 0 0 0 0.044572 -0.078167 -0.16956 -0.017626 -0.02203 0.0055229 0 0
-0 -0 -0.0612 0 0 0 0 0 0 0 0 0 0 0.014211 -0.024922 -0.054059 -0.0051625 -0.0073165 0.0020159 0 0
0 0 0.10282 0 0 0 0 0 0 0 0 0 0 -0.023875 0.041871 0.090825 0.0076396 0.012811 -0.0038976 0 0
