0 0 0 0.078066 0 0 0 0 0 -0 -0 0.06884 -0.021007 0.030233 0 0
-0 -0 -0 0.0032297 0 0 0 0 0 -0 -0 0.002848 -0.00086909 0.0012508 0 0
0 0 0 0.047313 0 0 0 0 0 -0 -0 0.041721 -0.012732 0.018323 0 0
-0 -0 -0 0.18449 0 0 0 0 0 -0 -0 0.16269 -0.049645 0.071448 0 0
0 0 0 0.065249 0 0 0 0 0 -0 -0 0.057538 -0.017558 0.025269 0 0
-0 -0 -0 0.12664 0 0 0 0 0 -0 -0 0.11168 -0.034079 0.049046 0 0
-0 -0 -0 0.1598 0 0 0 0 0 -0 -0 0.14091 -0.043001 0.061887 0 0
0 0 0 0.1835 0 0 0 0 0 -0 -0 0.16181 -0.049378 0.071064 0 0
0 0 0 0.058107 0 0 0 0 0 -0 -0 0.05124 -0.015636 0.022503 0 0
0 0 0 0.15469 0 0 0 0 0 -0 -0 0.13641 -0.041626 0.059907 0 0
0 0 0 0.19854 0 0 0 0 0 -0 -0 0.17508 -0.053426 0.076889 0 0
0 0 0 0.17512 0 0 0 0 0 -0 -0 0.15443 -0.047125 0.067821 0 0
0 0 0 0.0059858 0 0 0 0 0 -0 -0 0.0052784 -0.0016107 0.0023181 0 0
-0 -0 -0 0.013075 0 0 0 0 0 -0 -0 0.01153 -0.0035185 0.0050637 0 0
0 0 0 0.15316 0 0 0 0 0 -0 -0 0.13506 -0.041215 0.059315 0 0
0 0 0 0.13141 0 0 0 0 0 -0 -0 0.11588 -0.035361 0.050891 0 0
0 0 0 0.072978 0 0 0 0 0 -0 -0 0.064354 -0.019638 0.028263 0 0
-0 -0 -0 0.048568 0 0 0 0 0 -0 -0 0.042828 -0.013069 0.018809 0 0
0 0 0 0.078207 0 0 0 0 0 -0 -0 0.068965 -0.021045 0.030288 0 0
-0 -0 -0 0.10368 0 0 0 0 0 -0 -0 0.09143 -0.027901 0.040154 0 0
-0 -0 -0 0.18097 0 0 0 0 0 -0 -0 0.15958 -0.048697 0.070083 0 0
-0 -0 -0 0.11975 0 0 0 0 0 -0 -0 0.1056 -0.032225 0.046378 0 0
-0 -0 -0 0.14801 0 0 0 0 0 -0 -0 0.13052 -0.039828 0.057319 0 0
0 0 0 0.08517 0 0 0 0 0 -0 -0 0.075104 -0.022919 0.032984 0 0
0 0 0 0.14536 0 0 0 0 0 -0 -0 0.12818 -0.039115 0.056293 0 0
-0 -0 -0 0.1069 0 0 0 0 0 -0 -0 0.09427 -0.028767 0.041401 0 0
0 0 0 0.064658 0 0 0 0 0 -0 -0 0.057016 -0.017399 0.02504 0 0
0 0 0 0.15296 0 0 0 0 0 -0 -0 0.13488 -0.041161 0.059238 0 0
0 0 0 0.032929 0 0 0 0 0 -0 -0 0.029037 -0.008861 0.012753 0 0
-0 -0 -0 0.07231 0 0 0 0 0 -0 -0 0.063765 -0.019458 0.028004 0 0
0 0 0 0.17466 0 0 0 0 0 -0 -0 0.15402 -0.046999 0.06764 0 0
0 0 0 0.1057 0 0 0 0 0 -0 -0 0.093209 -0.028444 0.040935 0 0
-0 -0 -0 0.12117 0 0 0 0 0 -0 -0 0.10685 -0.032607 0.046927 0 0
0 0 0 0.081715 0 0 0 0 0 -0 -0 0.072058 -0.021989 0.031646 0 0
0 0 0 0.19201 0 0 0 0 0 -0 -0 0.16932 -0.05167 0.074362 0 0
0 0 0 0.068716 0 0 0 0 0 -0 -0 0.060595 -0.018491 0.026612 0 0
-0 -0 -0 0.15733 0 0 0 0 0 -0 -0 0.13873 -0.042336 0.060929 0 0
0 0 0 0.10097 0 0 0 0 0 -0 -0 0.089036 -0.02717 0.039103 0 0
0 0 0 0.13224 0 0 0 0 0 -0 -0 0.11662 -0.035586 0.051215 0 0
-0 -0 -0 0.19143 0 0 0 0 0 -0 -0 0.16881 -0.051513 0.074136 0 0
-0 -0 -0 0.1134 0 0 0 0 0 -0 -0 0.1 -0.030516 0.043918 0 0
0 0 0 0.094503 0 0 0 0 0 -0 -0 0.083335 -0.02543 0.036599 0 0
0 0 0 0.19567 0 0 0 0 0 -0 -0 0.17255 -0.052654 0.075778 0 0
-0 -0 -0 0.060984 0 0 0 0 0 -0 -0 0.053777 -0.01641 0.023618 0 0
-0 -0 -0 0.089978 0 0 0 0 0 -0 -0 0.079345 -0.024213 0.034846 0 0
-0 -0 -0 0.13491 0 0 0 0 0 -0 -0 0.11897 -0.036304 0.052248 0 0
-0 -0 -0 0.026463 0 0 0 0 0 -0 -0 0.023336 -0.0071212 0.010249 0 0
0 0 0 0.1668 0 0 0 0 0 -0 -0 0.14709 -0.044885 0.064598 0 0
-0 -0 -0 0.13435 0 0 0 0 0 -0 -0 0.11847 -0.036152 0.052029 0 0
-0 -0 -0 0.10537 0 0 0 0 0 -0 -0 0.092918 -0.028355 0.040808 0 0
0 0 0 0.066664 0 0 0 0 0 -0 -0 0.058786 -0.017939 0.025817 0 0
-0 -0 -0 0.1659 0 0 0 0 0 -0 -0 0.1463 -0.044644 0.06425 0 0
0 0 0 0.15209 0 0 0 0 0 -0 -0 0.13411 -0.040926 0.0589 0 0
0 0 0 0.069003 0 0 0 0 0 -0 -0 0.060848 -0.018568 0.026723 0 0
0 0 0 0.19102 0 0 0 0 0 -0 -0 0.16845 -0.051403 0.073978 0 0
-0 -0 -0 0.095349 0 0 0 0 0 -0 -0 0.084081 -0.025658 0.036926 0 0
-0 -0 -0 0.022516 0 0 0 0 0 -0 -0 0.019855 -0.006059 0.00872 0 0
0 0 0 0.18582 0 0 0 0 0 -0 -0 0.16386 -0.050002 0.071962 0 0
0 0 0 0.1281 0 0 0 0 0 -0 -0 0.11296 -0.034471 0.04961 0 0
0 0 0 0.14912 0 0 0 0 0 -0 -0 0.1315 -0.040128 0.057751 0 0
-0 -0 -0 0.051571 0 0 0 0 0 -0 -0 0.045476 -0.013878 0.019972 0 0
-0 -0 -0 0.17265 0 0 0 0 0 -0 -0 0.15225 -0.04646 0.066864 0 0
-0 -0 -0 0.025203 0 0 0 0 0 -0 -0 0.022225 -0.006782 0.0097606 0 0
0 0 0 0.179 0 0 0 0 0 -0 -0 0.15785 -0.048168 0.069322 0 0
-0 -0 -0 0.052972 0 0 0 0 0 -0 -0 0.046711 -0.014254 0.020515 0 0
0 0 0 0.073329 0 0 0 0 0 -0 -0 0.064663 -0.019732 0.028398 0 0
-0 -0 -0 0.11122 0 0 0 0 0 -0 -0 0.098072 -0.029927 0.043071 0 0
0 0 0 0.056948 0 0 0 0 0 -0 -0 0.050218 -0.015324 0.022054 0 0
-0 -0 -0 0.070185 0 0 0 0 0 -0 -0 0.06189 -0.018886 0.027181 0 0
0 0 0 0.15917 0 0 0 0 0 -0 -0 0.14036 -0.042832 0.061643 0 0
-0 -0 -0 0.11911 0 0 0 0 0 -0 -0 0.10503 -0.032051 0.046127 0 0
0 0 0 0.16571 0 0 0 0 0 -0 -0 0.14613 -0.044592 0.064176 0 0
-0 -0 -0 0.08826 0 0 0 0 0 -0 -0 0.077829 -0.02375 0.034181 0 0
0 0 0 0.009188 0 0 0 0 0 -0 -0 0.0081022 -0.0024724 0.0035583 0 0
-0 -0 -0 0.072623 0 0 0 0 0 -0 -0 0.06404 -0.019542 0.028125 0 0
-0 -0 -0 0.10482 0 0 0 0 0 -0 -0 0.092434 -0.028207 0.040595 0 0
0 0 0 0.0062105 0 0 0 0 0 -0 -0 0.0054765 -0.0016712 0.0024052 0 0
-0 -0 -0 0.19085 0 0 0 0 0 -0 -0 0.1683 -0.051357 0.073912 0 0
-0 -0 -0 0.084059 0 0 0 0 0 -0 -0 0.074125 -0.02262 0.032554 0 0
-0 -0 -0 0.18855 0 0 0 0 0 -0 -0 0.16627 -0.050739 0.073022 0 0
-0 -0 -0 0.15803 0 0 0 0 0 -0 -0 0.13935 -0.042524 0.061199 0 0
-0 -0 -0 0.035892 0 0 0 0 0 -0 -0 0.03165 -0.0096583 0.0139 0 0
-0 -0 -0 0.12938 0 0 0 0 0 -0 -0 0.11409 -0.034814 0.050104 0 0
0 0 0 0.044098 0 0 0 0 0 -0 -0 0.038887 -0.011867 0.017078 0 0
-0 -0 -0 0.15189 0 0 0 0 0 -0 -0 0.13394 -0.040873 0.058824 0 0
-0 -0 -0 0.036978 0 0 0 0 0 -0 -0 0.032608 -0.0099506 0.014321 0 0
-0 -0 -0 0.13909 0 0 0 0 0 -0 -0 0.12265 -0.037428 0.053865 0 0
-0 -0 -0 0.12558 0 0 0 0 0 -0 -0 0.11074 -0.033792 0.048633 0 0
0 0 0 0.17703 0 0 0 0 0 -0 -0 0.15611 -0.047638 0.068559 0 0
-0 -0 -0 0.15148 0 0 0 0 0 -0 -0 0.13358 -0.040762 0.058664 0 0
0 0 0 0.18972 0 0 0 0 0 -0 -0 0.1673 -0.051052 0.073474 0 0
-0 -0 -0 0.1334 0 0 0 0 0 -0 -0 0.11764 -0.035898 0.051664 0 0
0 0 0 0.081225 0 0 0 0 0 -0 -0 0.071626 -0.021857 0.031456 0 0
-0 -0 -0 0.072302 0 0 0 0 0 -0 -0 0.063758 -0.019456 0.028001 0 0
0 0 0 0.00037452 0 0 0 0 0 -0 -0 0.00033026 -0.00010078 0.00014504 0 0
0 0 0 0.083304 0 0 0 0 0 -0 -0 0.073459 -0.022417 0.032261 0 0
0 0 0 0.14299 0 0 0 0 0 -0 -0 0.12609 -0.038477 0.055376 0 0
0 0 0 0.18792 0 0 0 0 0 -0 -0 0.16571 -0.050568 0.072776 0 0
0 0 0 0.057869 0 0 0 0 0 -0 -0 0.05103 -0.015572 0.022411 0 0
0 0 0 0.13209 0 0 0 0 0 -0 -0 0.11648 -0.035544 0.051154 0 0
