-0 -0 -0.063937 0 0 0 0 0 0 0 0 0 0 0.019409 -0.023216 -0.056323 0.0079841 -0.0042563 0.0045057 0 0
-0 -0 -0.079364 0 0 0 0 0 0 0 0 0 0 0.024092 -0.028817 -0.069912 0.0098578 -0.005363 0.0056076 0 0
0 0 0.021346 0 0 0 0 0 0 0 0 0 0 -0.0064798 0.0077508 0.018804 -0.0027402 0.0013003 -0.0014803 0 0
-0 -0 -0.044488 0 0 0 0 0 0 0 0 0 0 0.013505 -0.016154 -0.03919 0.0055921 -0.0029048 0.0031244 0 0
0 0 0.059897 0 0 0 0 0 0 0 0 0 0 -0.018182 0.021749 0.052764 -0.0077776 0.0034928 -0.0041198 0 0
0 0 0.31711 0 0 0 0 0 0 0 0 0 0 -0.096263 0.11515 0.27935 -0.043765 0.012786 -0.020352 0 0
-0 -0 -0.26115 0 0 0 0 0 0 0 0 0 0 0.079275 -0.094825 -0.23005 0.030206 -0.020623 0.01891 0 0
0 0 0.19339 0 0 0 0 0 0 0 0 0 0 -0.058705 0.070221 0.17036 -0.026004 0.0094939 -0.012874 0 0
-0 -0 -0.25222 0 0 0 0 0 0 0 0 0 0 0.076563 -0.091581 -0.22218 0.029286 -0.019782 0.018246 0 0
0 0 0.28314 0 0 0 0 0 0 0 0 0 0 -0.08595 0.10281 0.24942 -0.03882 0.012103 -0.018366 0 0
0 0 0.16234 0 0 0 0 0 0 0 0 0 0 -0.049281 0.058947 0.14301 -0.021666 0.008322 -0.010896 0 0
0 0 0.28191 0 0 0 0 0 0 0 0 0 0 -0.085577 0.10236 0.24834 -0.038642 0.012075 -0.018293 0 0
0 0 0.22374 0 0 0 0 0 0 0 0 0 0 -0.067918 0.08124 0.19709 -0.030294 0.010506 -0.01477 0 0
0 0 0.2534 0 0 0 0 0 0 0 0 0 0 -0.076921 0.092009 0.22322 -0.034531 0.011367 -0.016585 0 0
0 0 0.1308 0 0 0 0 0 0 0 0 0 0 -0.039706 0.047494 0.11522 -0.017318 0.0069915 -0.0088496 0 0
-0 -0 -0.32065 0 0 0 0 0 0 0 0 0 0 0.097338 -0.11643 -0.28247 0.036106 -0.026454 0.023346 0 0
0 0 0.3161 0 0 0 0 0 0 0 0 0 0 -0.095956 0.11478 0.27846 -0.043617 0.012768 -0.020293 0 0
-0 -0 -0.33657 0 0 0 0 0 0 0 0 0 0 0.10217 -0.12221 -0.29649 0.037615 -0.028079 0.024536 0 0
0 0 0.25276 0 0 0 0 0 0 0 0 0 0 -0.076729 0.09178 0.22266 -0.03444 0.01135 -0.016547 0 0
0 0 0.17114 0 0 0 0 0 0 0 0 0 0 -0.051951 0.062142 0.15076 -0.02289 0.0086681 -0.011461 0 0
-0 -0 -0.34355 0 0 0 0 0 0 0 0 0 0 0.10429 -0.12475 -0.30264 0.038268 -0.028801 0.025058 0 0
0 0 0.025003 0 0 0 0 0 0 0 0 0 0 -0.00759 0.0090788 0.022026 -0.0032133 0.001517 -0.0017326 0 0
0 0 0.29107 0 0 0 0 0 0 0 0 0 0 -0.088356 0.10569 0.2564 -0.03997 0.012278 -0.018834 0 0
-0 -0 -0.25406 0 0 0 0 0 0 0 0 0 0 0.077123 -0.092251 -0.22381 0.029477 -0.019955 0.018383 0 0
0 0 0.10011 0 0 0 0 0 0 0 0 0 0 -0.030389 0.03635 0.088186 -0.013147 0.0055627 -0.0068232 0 0
0 0 0.30403 0 0 0 0 0 0 0 0 0 0 -0.092293 0.1104 0.26783 -0.041856 0.012543 -0.019594 0 0
0 0 0.31007 0 0 0 0 0 0 0 0 0 0 -0.094125 0.11259 0.27314 -0.042736 0.012658 -0.019944 0 0
0 0 0.29062 0 0 0 0 0 0 0 0 0 0 -0.08822 0.10552 0.25601 -0.039905 0.012268 -0.018808 0 0
-0 -0 -0.30683 0 0 0 0 0 0 0 0 0 0 0.093141 -0.11141 -0.27029 0.034771 -0.025065 0.022314 0 0
0 0 0.080687 0 0 0 0 0 0 0 0 0 0 -0.024494 0.029298 0.071078 -0.010539 0.0045909 -0.0055242 0 0
-0 -0 -0.34364 0 0 0 0 0 0 0 0 0 0 0.10432 -0.12478 -0.30271 0.038276 -0.028809 0.025065 0 0
-0 -0 -0.012513 0 0 0 0 0 0 0 0 0 0 0.0037983 -0.0045434 -0.011022 0.0015893 -0.00079055 0.00087354 0 0
0 0 0.16688 0 0 0 0 0 0 0 0 0 0 -0.050658 0.060595 0.14701 -0.022297 0.0085018 -0.011188 0 0
-0 -0 -0.26787 0 0 0 0 0 0 0 0 0 0 0.081314 -0.097264 -0.23597 0.030892 -0.021262 0.019409 0 0
0 0 0.31938 0 0 0 0 0 0 0 0 0 0 -0.096953 0.11597 0.28135 -0.044097 0.012826 -0.020482 0 0
0 0 0.28924 0 0 0 0 0 0 0 0 0 0 -0.087801 0.10502 0.25479 -0.039704 0.012238 -0.018727 0 0
0 0 0.22915 0 0 0 0 0 0 0 0 0 0 -0.069563 0.083207 0.20187 -0.031065 0.010673 -0.015104 0 0
-0 -0 -0.1964 0 0 0 0 0 0 0 0 0 0 0.05962 -0.071314 -0.17301 0.023343 -0.014732 0.014117 0 0
-0 -0 -0.010063 0 0 0 0 0 0 0 0 0 0 0.0030547 -0.0036539 -0.0088646 0.0012792 -0.00063414 0.0007022 0 0
0 0 0.32622 0 0 0 0 0 0 0 0 0 0 -0.099028 0.11845 0.28737 -0.045098 0.01294 -0.020875 0 0
-0 -0 -0.31041 0 0 0 0 0 0 0 0 0 0 0.094229 -0.11271 -0.27344 0.035119 -0.025423 0.022581 0 0
0 0 0.30887 0 0 0 0 0 0 0 0 0 0 -0.093762 0.11215 0.27209 -0.042562 0.012636 -0.019875 0 0
0 0 0.27539 0 0 0 0 0 0 0 0 0 0 -0.083598 0.099996 0.2426 -0.0377 0.011924 -0.017906 0 0
0 0 0.059725 0 0 0 0 0 0 0 0 0 0 -0.01813 0.021686 0.052612 -0.0077549 0.0034834 -0.0041082 0 0
0 0 0.095449 0 0 0 0 0 0 0 0 0 0 -0.028975 0.034658 0.084082 -0.012519 0.0053343 -0.0065127 0 0
0 0 0.008323 0 0 0 0 0 0 0 0 0 0 -0.0025265 0.0030221 0.0073318 -0.0010642 0.00051428 -0.00057869 0 0
0 0 0.33355 0 0 0 0 0 0 0 0 0 0 -0.10125 0.12111 0.29382 -0.046172 0.013056 -0.021292 0 0
-0 -0 -0.15578 0 0 0 0 0 0 0 0 0 0 0.04729 -0.056566 -0.13723 0.018815 -0.01129 0.011137 0 0
0 0 0.02211 0 0 0 0 0 0 0 0 0 0 -0.0067118 0.0080284 0.019477 -0.002839 0.0013458 -0.001533 0 0
0 0 0.33219 0 0 0 0 0 0 0 0 0 0 -0.10084 0.12062 0.29263 -0.045973 0.013035 -0.021215 0 0
-0 -0 -0.12038 0 0 0 0 0 0 0 0 0 0 0.036543 -0.043711 -0.10604 0.014734 -0.0084532 0.0085617 0 0
-0 -0 -0.16849 0 0 0 0 0 0 0 0 0 0 0.051148 -0.06118 -0.14843 0.02025 -0.012346 0.012067 0 0
-0 -0 -0.28016 0 0 0 0 0 0 0 0 0 0 0.085044 -0.10173 -0.24679 0.032134 -0.022443 0.020324 0 0
0 0 0.0060946 0 0 0 0 0 0 0 0 0 0 -0.0018501 0.002213 0.0053688 -0.00077869 0.0003775 -0.00042394 0 0
-0 -0 -0.32559 0 0 0 0 0 0 0 0 0 0 0.098838 -0.11823 -0.28682 0.036578 -0.026956 0.023716 0 0
0 0 0.083616 0 0 0 0 0 0 0 0 0 0 -0.025383 0.030361 0.073658 -0.010931 0.0047408 -0.0057209 0 0
0 0 0.27524 0 0 0 0 0 0 0 0 0 0 -0.083552 0.099941 0.24246 -0.037677 0.01192 -0.017897 0 0
-0 -0 -0.11285 0 0 0 0 0 0 0 0 0 0 0.034256 -0.040975 -0.099408 0.01385 -0.0078697 0.0080165 0 0
-0 -0 -0.30773 0 0 0 0 0 0 0 0 0 0 0.093416 -0.11174 -0.27108 0.034859 -0.025155 0.022381 0 0
-0 -0 -0.17529 0 0 0 0 0 0 0 0 0 0 0.053211 -0.063648 -0.15441 0.02101 -0.012918 0.012565 0 0
-0 -0 -0.10222 0 0 0 0 0 0 0 0 0 0 0.03103 -0.037117 -0.090047 0.012594 -0.0070587 0.0072495 0 0
0 0 0.28309 0 0 0 0 0 0 0 0 0 0 -0.085935 0.10279 0.24938 -0.038813 0.012102 -0.018363 0 0
-0 -0 -0.13739 0 0 0 0 0 0 0 0 0 0 0.041705 -0.049886 -0.12103 0.016709 -0.0097964 0.009796 0 0
0 0 0.13155 0 0 0 0 0 0 0 0 0 0 -0.039933 0.047766 0.11588 -0.017421 0.0070248 -0.0088987 0 0
-0 -0 -0.19721 0 0 0 0 0 0 0 0 0 0 0.059866 -0.071609 -0.17373 0.023432 -0.014803 0.014177 0 0
-0 -0 -0.24638 0 0 0 0 0 0 0 0 0 0 0.07479 -0.08946 -0.21704 0.02868 -0.019237 0.017812 0 0
0 0 0.28835 0 0 0 0 0 0 0 0 0 0 -0.087531 0.1047 0.25401 -0.039575 0.012219 -0.018674 0 0
-0 -0 -0.066089 0 0 0 0 0 0 0 0 0 0 0.020062 -0.023997 -0.058219 0.0082468 -0.0044089 0.0046591 0 0
-0 -0 -0.18202 0 0 0 0 0 0 0 0 0 0 0.055255 -0.066094 -0.16035 0.021759 -0.013491 0.013059 0 0
-0 -0 -0.33354 0 0 0 0 0 0 0 0 0 0 0.10125 -0.12111 -0.29382 0.03733 -0.027768 0.02431 0 0
-0 -0 -0.018575 0 0 0 0 0 0 0 0 0 0 0.0056387 -0.0067447 -0.016363 0.0023548 -0.0011811 0.0012983 0 0
0 0 0.14559 0 0 0 0 0 0 0 0 0 0 -0.044196 0.052865 0.12825 -0.01935 0.007633 -0.0098142 0 0
0 0 0.22093 0 0 0 0 0 0 0 0 0 0 -0.067066 0.080221 0.19462 -0.029895 0.010418 -0.014596 0 0
0 0 0.17645 0 0 0 0 0 0 0 0 0 0 -0.053565 0.064071 0.15544 -0.023631 0.0088717 -0.0118 0 0
-0 -0 -0.19377 0 0 0 0 0 0 0 0 0 0 0.05882 -0.070358 -0.17069 0.023055 -0.014503 0.013923 0 0
-0 -0 -0.3425 0 0 0 0 0 0 0 0 0 0 0.10397 -0.12436 -0.30171 0.03817 -0.028692 0.02498 0 0
-0 -0 -0.25445 0 0 0 0 0 0 0 0 0 0 0.077243 -0.092394 -0.22415 0.029518 -0.019992 0.018412 0 0
-0 -0 -0.32284 0 0 0 0 0 0 0 0 0 0 0.098003 -0.11723 -0.2844 0.036315 -0.026677 0.02351 0 0
-0 -0 -0.28996 0 0 0 0 0 0 0 0 0 0 0.088019 -0.10528 -0.25543 0.033112 -0.023398 0.021055 0 0
-0 -0 -0.18718 0 0 0 0 0 0 0 0 0 0 0.05682 -0.067965 -0.16489 0.02233 -0.013933 0.013438 0 0
0 0 0.34898 0 0 0 0 0 0 0 0 0 0 -0.10594 0.12672 0.30742 -0.048441 0.013273 -0.022164 0 0
0 0 0.22123 0 0 0 0 0 0 0 0 0 0 -0.067157 0.08033 0.19489 -0.029938 0.010428 -0.014615 0 0
0 0 0.16352 0 0 0 0 0 0 0 0 0 0 -0.049639 0.059375 0.14405 -0.02183 0.0083691 -0.010972 0 0
0 0 0.29771 0 0 0 0 0 0 0 0 0 0 -0.090374 0.1081 0.26226 -0.040936 0.012417 -0.019225 0 0
0 0 0.077127 0 0 0 0 0 0 0 0 0 0 -0.023413 0.028005 0.067942 -0.010064 0.0044071 -0.0052847 0 0
0 0 0.043083 0 0 0 0 0 0 0 0 0 0 -0.013078 0.015644 0.037952 -0.0055668 0.0025614 -0.0029741 0 0
0 0 0.16769 0 0 0 0 0 0 0 0 0 0 -0.050903 0.060888 0.14772 -0.022409 0.0085336 -0.01124 0 0
0 0 0.14504 0 0 0 0 0 0 0 0 0 0 -0.044027 0.052663 0.12776 -0.019273 0.0076094 -0.009778 0 0
0 0 0.16426 0 0 0 0 0 0 0 0 0 0 -0.049863 0.059644 0.1447 -0.021933 0.0083984 -0.01102 0 0
0 0 0.3315 0 0 0 0 0 0 0 0 0 0 -0.10063 0.12037 0.29202 -0.045871 0.013024 -0.021176 0 0
-0 -0 -0.12764 0 0 0 0 0 0 0 0 0 0 0.038748 -0.046348 -0.11244 0.015581 -0.0090226 0.0090883 0 0
-0 -0 -0.13291 0 0 0 0 0 0 0 0 0 0 0.040346 -0.048259 -0.11708 0.016192 -0.0094392 0.0094704 0 0
0 0 0.33011 0 0 0 0 0 0 0 0 0 0 -0.10021 0.11987 0.2908 -0.045668 0.013003 -0.021097 0 0
-0 -0 -0.13363 0 0 0 0 0 0 0 0 0 0 0.040565 -0.048522 -0.11772 0.016275 -0.0094967 0.009523 0 0
-0 -0 -0.072982 0 0 0 0 0 0 0 0 0 0 0.022155 -0.0265 -0.064291 0.0090853 -0.0049015 0.0051512 0 0
-0 -0 -0.06734 0 0 0 0 0 0 0 0 0 0 0.020442 -0.024452 -0.059321 0.0083993 -0.0044978 0.0047484 0 0
-0 -0 -0.14344 0 0 0 0 0 0 0 0 0 0 0.043543 -0.052084 -0.12636 0.017406 -0.010283 0.010237 0 0
0 0 0.24597 0 0 0 0 0 0 0 0 0 0 -0.074668 0.089314 0.21668 -0.033467 0.011164 -0.016134 0 0
0 0 0.16462 0 0 0 0 0 0 0 0 0 0 -0.049973 0.059775 0.14502 -0.021983 0.0084128 -0.011043 0 0
0 0 0.13069 0 0 0 0 0 0 0 0 0 0 -0.039671 0.047453 0.11512 -0.017302 0.0069864 -0.0088421 0 0
