0 0 0.15632 0 0 0 0 0 0 0 0 0 0 -0.052377 0.052377 0.13766 0 0 0 0 0
0 0 0.3365 0 0 0 0 0 0 0 0 0 0 -0.11275 0.11275 0.29633 0 0 0 0 0
0 0 0.035747 0 0 0 0 0 0 0 0 0 0 -0.011978 0.011978 0.031479 0 0 0 0 0
-0 -0 -0.12339 0 0 0 0 0 0 0 0 0 0 0.041344 -0.041344 -0.10866 0 0 0 0 0
-0 -0 -0.082833 0 0 0 0 0 0 0 0 0 0 0.027754 -0.027754 -0.072943 0 0 0 0 0
-0 -0 -0.31298 0 0 0 0 0 0 0 0 0 0 0.10487 -0.10487 -0.27561 0 0 0 0 0
0 0 0.19625 0 0 0 0 0 0 0 0 0 0 -0.065757 0.065757 0.17282 0 0 0 0 0
-0 -0 -0.23638 0 0 0 0 0 0 0 0 0 0 0.079201 -0.079201 -0.20816 0 0 0 0 0
0 0 0.23775 0 0 0 0 0 0 0 0 0 0 -0.079662 0.079662 0.20937 0 0 0 0 0
-0 -0 -0.2464 0 0 0 0 0 0 0 0 0 0 0.08256 -0.08256 -0.21698 0 0 0 0 0
-0 -0 -0.17717 0 0 0 0 0 0 0 0 0 0 0.059362 -0.059362 -0.15602 0 0 0 0 0
0 0 0.30714 0 0 0 0 0 0 0 0 0 0 -0.10291 0.10291 0.27047 0 0 0 0 0
0 0 0.23205 0 0 0 0 0 0 0 0 0 0 -0.07775 0.07775 0.20434 0 0 0 0 0
-0 -0 -0.073984 0 0 0 0 0 0 0 0 0 0 0.024789 -0.024789 -0.065151 0 0 0 0 0
-0 -0 -0.33 0 0 0 0 0 0 0 0 0 0 0.11057 -0.11057 -0.2906 0 0 0 0 0
-0 -0 -0.043016 0 0 0 0 0 0 0 0 0 0 0.014413 -0.014413 -0.03788 0 0 0 0 0
-0 -0 -0.026218 0 0 0 0 0 0 0 0 0 0 0.0087845 -0.0087845 -0.023088 0 0 0 0 0
0 0 0.14693 0 0 0 0 0 0 0 0 0 0 -0.049231 0.049231 0.12939 0 0 0 0 0
-0 -0 -0.29477 0 0 0 0 0 0 0 0 0 0 0.098766 -0.098766 -0.25958 0 0 0 0 0
-0 -0 -0.22643 0 0 0 0 0 0 0 0 0 0 0.075866 -0.075866 -0.19939 0 0 0 0 0
-0 -0 -0.17274 0 0 0 0 0 0 0 0 0 0 0.057879 -0.057879 -0.15212 0 0 0 0 0
0 0 0.21904 0 0 0 0 0 0 0 0 0 0 -0.07339 0.07339 0.19289 0 0 0 0 0
-0 -0 -0.2401 0 0 0 0 0 0 0 0 0 0 0.080447 -0.080447 -0.21143 0 0 0 0 0
-0 -0 -0.067848 0 0 0 0 0 0 0 0 0 0 0.022733 -0.022733 -0.059748 0 0 0 0 0
-0 -0 -0.041346 0 0 0 0 0 0 0 0 0 0 0.013853 -0.013853 -0.03641 0 0 0 0 0
-0 -0 -0.026736 0 0 0 0 0 0 0 0 0 0 0.008958 -0.008958 -0.023543 0 0 0 0 0
0 0 0.099934 0 0 0 0 0 0 0 0 0 0 -0.033484 0.033484 0.088002 0 0 0 0 0
0 0 0.16558 0 0 0 0 0 0 0 0 0 0 -0.055479 0.055479 0.14581 0 0 0 0 0
0 0 0.079952 0 0 0 0 0 0 0 0 0 0 -0.026789 0.026789 0.070407 0 0 0 0 0
-0 -0 -0.072814 0 0 0 0 0 0 0 0 0 0 0.024397 -0.024397 -0.064121 0 0 0 0 0
0 0 0.073377 0 0 0 0 0 0 0 0 0 0 -0.024586 0.024586 0.064616 0 0 0 0 0
-0 -0 -0.30439 0 0 0 0 0 0 0 0 0 0 0.10199 -0.10199 -0.26805 0 0 0 0 0
0 0 0.27518 0 0 0 0 0 0 0 0 0 0 -0.092202 0.092202 0.24233 0 0 0 0 0
-0 -0 -0.02144 0 0 0 0 0 0 0 0 0 0 0.0071836 -0.0071836 -0.01888 0 0 0 0 0
0 0 0.26463 0 0 0 0 0 0 0 0 0 0 -0.088668 0.088668 0.23304 0 0 0 0 0
-0 -0 -0.16336 0 0 0 0 0 0 0 0 0 0 0.054735 -0.054735 -0.14385 0 0 0 0 0
-0 -0 -0.14482 0 0 0 0 0 0 0 0 0 0 0.048523 -0.048523 -0.12753 0 0 0 0 0
0 0 0.12705 0 0 0 0 0 0 0 0 0 0 -0.042568 0.042568 0.11188 0 0 0 0 0
0 0 0.017314 0 0 0 0 0 0 0 0 0 0 -0.0058012 0.0058012 0.015247 0 0 0 0 0
-0 -0 -0.32757 0 0 0 0 0 0 0 0 0 0 0.10976 -0.10976 -0.28846 0 0 0 0 0
-0 -0 -0.25745 0 0 0 0 0 0 0 0 0 0 0.086262 -0.086262 -0.22672 0 0 0 0 0
0 0 0.1215 0 0 0 0 0 0 0 0 0 0 -0.040711 0.040711 0.107 0 0 0 0 0
0 0 0.089964 0 0 0 0 0 0 0 0 0 0 -0.030143 0.030143 0.079223 0 0 0 0 0
0 0 0.14109 0 0 0 0 0 0 0 0 0 0 -0.047274 0.047274 0.12425 0 0 0 0 0
-0 -0 -0.079379 0 0 0 0 0 0 0 0 0 0 0.026597 -0.026597 -0.069902 0 0 0 0 0
0 0 0.29317 0 0 0 0 0 0 0 0 0 0 -0.098228 0.098228 0.25816 0 0 0 0 0
-0 -0 -0.33085 0 0 0 0 0 0 0 0 0 0 0.11085 -0.11085 -0.29135 0 0 0 0 0
-0 -0 -0.038073 0 0 0 0 0 0 0 0 0 0 0.012757 -0.012757 -0.033527 0 0 0 0 0
0 0 0.12555 0 0 0 0 0 0 0 0 0 0 -0.042068 0.042068 0.11056 0 0 0 0 0
0 0 0.029894 0 0 0 0 0 0 0 0 0 0 -0.010016 0.010016 0.026325 0 0 0 0 0
0 0 0.32055 0 0 0 0 0 0 0 0 0 0 -0.1074 0.1074 0.28228 0 0 0 0 0
-0 -0 -0.15011 0 0 0 0 0 0 0 0 0 0 0.050296 -0.050296 -0.13219 0 0 0 0 0
-0 -0 -0.11228 0 0 0 0 0 0 0 0 0 0 0.037621 -0.037621 -0.098876 0 0 0 0 0
-0 -0 -0.1945 0 0 0 0 0 0 0 0 0 0 0.065169 -0.065169 -0.17128 0 0 0 0 0
-0 -0 -0.32488 0 0 0 0 0 0 0 0 0 0 0.10885 -0.10885 -0.28609 0 0 0 0 0
-0 -0 -0.32026 0 0 0 0 0 0 0 0 0 0 0.10731 -0.10731 -0.28202 0 0 0 0 0
0 0 0.091588 0 0 0 0 0 0 0 0 0 0 -0.030688 0.030688 0.080653 0 0 0 0 0
-0 -0 -0.32497 0 0 0 0 0 0 0 0 0 0 0.10888 -0.10888 -0.28617 0 0 0 0 0
0 0 0.16233 0 0 0 0 0 0 0 0 0 0 -0.054391 0.054391 0.14295 0 0 0 0 0
0 0 0.15536 0 0 0 0 0 0 0 0 0 0 -0.052056 0.052056 0.13681 0 0 0 0 0
-0 -0 -0.22742 0 0 0 0 0 0 0 0 0 0 0.076199 -0.076199 -0.20027 0 0 0 0 0
-0 -0 -0.15849 0 0 0 0 0 0 0 0 0 0 0.053103 -0.053103 -0.13956 0 0 0 0 0
-0 -0 -0.06376 0 0 0 0 0 0 0 0 0 0 0.021364 -0.021364 -0.056148 0 0 0 0 0
0 0 0.13562 0 0 0 0 0 0 0 0 0 0 -0.045442 0.045442 0.11943 0 0 0 0 0
0 0 0.31961 0 0 0 0 0 0 0 0 0 0 -0.10709 0.10709 0.28145 0 0 0 0 0
-0 -0 -0.092523 0 0 0 0 0 0 0 0 0 0 0.031001 -0.031001 -0.081476 0 0 0 0 0
0 0 0.085423 0 0 0 0 0 0 0 0 0 0 -0.028622 0.028622 0.075224 0 0 0 0 0
-0 -0 -0.16856 0 0 0 0 0 0 0 0 0 0 0.056479 -0.056479 -0.14844 0 0 0 0 0
-0 -0 -0.16901 0 0 0 0 0 0 0 0 0 0 0.056628 -0.056628 -0.14883 0 0 0 0 0
0 0 0.20041 0 0 0 0 0 0 0 0 0 0 -0.067148 0.067148 0.17648 0 0 0 0 0
-0 -0 -0.26569 0 0 0 0 0 0 0 0 0 0 0.089022 -0.089022 -0.23397 0 0 0 0 0
-0 -0 -0.20349 0 0 0 0 0 0 0 0 0 0 0.06818 -0.06818 -0.17919 0 0 0 0 0
0 0 0.30122 0 0 0 0 0 0 0 0 0 0 -0.10093 0.10093 0.26525 0 0 0 0 0
0 0 0.28211 0 0 0 0 0 0 0 0 0 0 -0.094522 0.094522 0.24842 0 0 0 0 0
-0 -0 -0.095769 0 0 0 0 0 0 0 0 0 0 0.032088 -0.032088 -0.084335 0 0 0 0 0
-0 -0 -0.25371 0 0 0 0 0 0 0 0 0 0 0.085009 -0.085009 -0.22342 0 0 0 0 0
0 0 0.17926 0 0 0 0 0 0 0 0 0 0 -0.060063 0.060063 0.15786 0 0 0 0 0
-0 -0 -0.31793 0 0 0 0 0 0 0 0 0 0 0.10653 -0.10653 -0.27997 0 0 0 0 0
-0 -0 -0.15449 0 0 0 0 0 0 0 0 0 0 0.051763 -0.051763 -0.13604 0 0 0 0 0
-0 -0 -0.25084 0 0 0 0 0 0 0 0 0 0 0.084046 -0.084046 -0.22089 0 0 0 0 0
0 0 0.06471 0 0 0 0 0 0 0 0 0 0 -0.021682 0.021682 0.056984 0 0 0 0 0
0 0 0.20096 0 0 0 0 0 0 0 0 0 0 -0.067334 0.067334 0.17697 0 0 0 0 0
-0 -0 -0.068245 0 0 0 0 0 0 0 0 0 0 0.022866 -0.022866 -0.060097 0 0 0 0 0
0 0 0.048161 0 0 0 0 0 0 0 0 0 0 -0.016137 0.016137 0.042411 0 0 0 0 0
-0 -0 -0.24687 0 0 0 0 0 0 0 0 0 0 0.082717 -0.082717 -0.2174 0 0 0 0 0
0 0 0.32643 0 0 0 0 0 0 0 0 0 0 -0.10937 0.10937 0.28746 0 0 0 0 0
-0 -0 -0.033973 0 0 0 0 0 0 0 0 0 0 0.011383 -0.011383 -0.029917 0 0 0 0 0
0 0 0.33673 0 0 0 0 0 0 0 0 0 0 -0.11282 0.11282 0.29653 0 0 0 0 0
0 0 0.027555 0 0 0 0 0 0 0 0 0 0 -0.0092326 0.0092326 0.024265 0 0 0 0 0
0 0 0.31165 0 0 0 0 0 0 0 0 0 0 -0.10442 0.10442 0.27444 0 0 0 0 0
-0 -0 -0.30895 0 0 0 0 0 0 0 0 0 0 0.10352 -0.10352 -0.27206 0 0 0 0 0
0 0 0.25182 0 0 0 0 0 0 0 0 0 0 -0.084374 0.084374 0.22175 0 0 0 0 0
-0 -0 -0.055851 0 0 0 0 0 0 0 0 0 0 0.018714 -0.018714 -0.049183 0 0 0 0 0
0 0 0.15966 0 0 0 0 0 0 0 0 0 0 -0.053496 0.053496 0.1406 0 0 0 0 0
0 0 0.014932 0 0 0 0 0 0 0 0 0 0 -0.0050031 0.0050031 0.013149 0 0 0 0 0
0 0 0.19673 0 0 0 0 0 0 0 0 0 0 -0.065915 0.065915 0.17324 0 0 0 0 0
0 0 0.12795 0 0 0 0 0 0 0 0 0 0 -0.042871 0.042871 0.11268 0 0 0 0 0
-0 -0 -0.30737 0 0 0 0 0 0 0 0 0 0 0.10299 -0.10299 -0.27067 0 0 0 0 0
0 0 0.096812 0 0 0 0 0 0 0 0 0 0 -0.032438 0.032438 0.085254 0 0 0 0 0
0 0 0.32644 0 0 0 0 0 0 0 0 0 0 -0.10938 0.10938 0.28746 0 0 0 0 0
