0 0 0.097248 0 0 0 0 0 0 0 0 0 0 -0.029521 0.035311 0.085667 -0.006455 0.014159 -0.0080606 0 0
0 0 0.19536 0 0 0 0 0 0 0 0 0 0 -0.059303 0.070936 0.17209 -0.014451 0.027575 -0.016346 0 0
-0 -0 -0.31116 0 0 0 0 0 0 0 0 0 0 0.094457 -0.11298 -0.27411 0.010196 -0.04946 0.0239 0 0
-0 -0 -0.0033028 0 0 0 0 0 0 0 0 0 0 0.0010026 -0.0011993 -0.0029095 0.00019275 -0.00049435 0.00027019 0 0
-0 -0 -0.12223 0 0 0 0 0 0 0 0 0 0 0.037104 -0.044382 -0.10767 0.0059433 -0.018804 0.009799 0 0
-0 -0 -0.024964 0 0 0 0 0 0 0 0 0 0 0.0075782 -0.0090647 -0.021991 0.0014131 -0.0037568 0.0020355 0 0
-0 -0 -0.26653 0 0 0 0 0 0 0 0 0 0 0.080907 -0.096777 -0.23478 0.0097401 -0.042089 0.020705 0 0
-0 -0 -0.11599 0 0 0 0 0 0 0 0 0 0 0.035211 -0.042118 -0.10218 0.0057 -0.017822 0.0093102 0 0
0 0 0.049507 0 0 0 0 0 0 0 0 0 0 -0.015028 0.017976 0.043611 -0.003099 0.0073069 -0.0040797 0 0
-0 -0 -0.17788 0 0 0 0 0 0 0 0 0 0 0.053998 -0.06459 -0.1567 0.0078258 -0.027669 0.014102 0 0
0 0 0.10337 0 0 0 0 0 0 0 0 0 0 -0.031378 0.037533 0.091058 -0.006911 0.015023 -0.0085737 0 0
0 0 0.03685 0 0 0 0 0 0 0 0 0 0 -0.011186 0.01338 0.032461 -0.0022695 0.0054576 -0.0030316 0 0
0 0 0.092093 0 0 0 0 0 0 0 0 0 0 -0.027956 0.033439 0.081125 -0.0060755 0.013429 -0.0076288 0 0
0 0 0.12116 0 0 0 0 0 0 0 0 0 0 -0.036779 0.043993 0.10673 -0.0082691 0.017514 -0.010069 0 0
-0 -0 -0.00045996 0 0 0 0 0 0 0 0 0 0 0.00013963 -0.00016702 -0.00040519 2.6949e-05 -6.8795e-05 3.7643e-05 0 0
0 0 0.26832 0 0 0 0 0 0 0 0 0 0 -0.081453 0.09743 0.23637 -0.02132 0.03691 -0.022561 0 0
0 0 0.33842 0 0 0 0 0 0 0 0 0 0 -0.10273 0.12288 0.29811 -0.028621 0.04531 -0.028539 0 0
-0 -0 -0.13059 0 0 0 0 0 0 0 0 0 0 0.039641 -0.047416 -0.11503 0.0062592 -0.020125 0.010452 0 0
0 0 0.044903 0 0 0 0 0 0 0 0 0 0 -0.013631 0.016304 0.039555 -0.0027943 0.0066357 -0.0036981 0 0
0 0 0.12822 0 0 0 0 0 0 0 0 0 0 -0.038922 0.046556 0.11295 -0.0088215 0.018494 -0.010663 0 0
0 0 0.22828 0 0 0 0 0 0 0 0 0 0 -0.069297 0.08289 0.20109 -0.017456 0.031859 -0.019147 0 0
-0 -0 -0.16406 0 0 0 0 0 0 0 0 0 0 0.049803 -0.059571 -0.14452 0.007407 -0.025452 0.013044 0 0
-0 -0 -0.17545 0 0 0 0 0 0 0 0 0 0 0.053258 -0.063705 -0.15455 0.0077543 -0.027277 0.013916 0 0
0 0 0.066448 0 0 0 0 0 0 0 0 0 0 -0.020171 0.024128 0.058535 -0.004249 0.0097611 -0.0054877 0 0
-0 -0 -0.14956 0 0 0 0 0 0 0 0 0 0 0.045401 -0.054306 -0.13175 0.006933 -0.023137 0.011926 0 0
0 0 0.10045 0 0 0 0 0 0 0 0 0 0 -0.030491 0.036472 0.088484 -0.0066926 0.014611 -0.0083287 0 0
-0 -0 -0.34577 0 0 0 0 0 0 0 0 0 0 0.10496 -0.12555 -0.30459 0.010314 -0.055212 0.026312 0 0
-0 -0 -0.331 0 0 0 0 0 0 0 0 0 0 0.10048 -0.12019 -0.29158 0.010288 -0.052753 0.02529 0 0
0 0 0.054152 0 0 0 0 0 0 0 0 0 0 -0.016438 0.019663 0.047703 -0.0034098 0.0079822 -0.0044652 0 0
-0 -0 -0.21608 0 0 0 0 0 0 0 0 0 0 0.065593 -0.078459 -0.19034 0.0088147 -0.033842 0.016987 0 0
0 0 0.29621 0 0 0 0 0 0 0 0 0 0 -0.089918 0.10756 0.26094 -0.024144 0.040322 -0.02494 0 0
0 0 0.29893 0 0 0 0 0 0 0 0 0 0 -0.090742 0.10854 0.26333 -0.024425 0.040649 -0.025172 0 0
0 0 0.24399 0 0 0 0 0 0 0 0 0 0 -0.074066 0.088594 0.21493 -0.018945 0.033862 -0.020486 0 0
0 0 0.13978 0 0 0 0 0 0 0 0 0 0 -0.042431 0.050754 0.12313 -0.0097425 0.020089 -0.011638 0 0
0 0 0.14838 0 0 0 0 0 0 0 0 0 0 -0.045041 0.053876 0.13071 -0.010441 0.021267 -0.012364 0 0
-0 -0 -0.20772 0 0 0 0 0 0 0 0 0 0 0.063057 -0.075426 -0.18299 0.0086197 -0.032486 0.016361 0 0
-0 -0 -0.12811 0 0 0 0 0 0 0 0 0 0 0.038888 -0.046516 -0.11285 0.0061667 -0.019732 0.010259 0 0
-0 -0 -0.056353 0 0 0 0 0 0 0 0 0 0 0.017107 -0.020462 -0.049642 0.0030457 -0.0085444 0.0045715 0 0
-0 -0 -0.30355 0 0 0 0 0 0 0 0 0 0 0.092147 -0.11022 -0.2674 0.010142 -0.048199 0.023362 0 0
-0 -0 -0.15755 0 0 0 0 0 0 0 0 0 0 0.047826 -0.057207 -0.13879 0.0071985 -0.024411 0.012543 0 0
-0 -0 -0.23779 0 0 0 0 0 0 0 0 0 0 0.072184 -0.086343 -0.20947 0.0092663 -0.037379 0.018601 0 0
-0 -0 -0.04424 0 0 0 0 0 0 0 0 0 0 0.01343 -0.016064 -0.038972 0.0024348 -0.0066887 0.003596 0 0
-0 -0 -0.23699 0 0 0 0 0 0 0 0 0 0 0.071941 -0.086053 -0.20877 0.0092511 -0.037249 0.018542 0 0
0 0 0.0080718 0 0 0 0 0 0 0 0 0 0 -0.0024503 0.0029309 0.0071106 -0.00047847 0.0012046 -0.00066141 0 0
-0 -0 -0.035335 0 0 0 0 0 0 0 0 0 0 0.010726 -0.01283 -0.031127 0.0019703 -0.0053309 0.0028763 0 0
-0 -0 -0.26792 0 0 0 0 0 0 0 0 0 0 0.081329 -0.097282 -0.23601 0.0097594 -0.042317 0.020806 0 0
0 0 0.16537 0 0 0 0 0 0 0 0 0 0 -0.050201 0.060048 0.14568 -0.011854 0.023575 -0.013802 0 0
-0 -0 -0.19199 0 0 0 0 0 0 0 0 0 0 0.058279 -0.069711 -0.16912 0.0082198 -0.02994 0.015174 0 0
-0 -0 -0.25519 0 0 0 0 0 0 0 0 0 0 0.077465 -0.09266 -0.2248 0.00957 -0.040227 0.019879 0 0
-0 -0 -0.061508 0 0 0 0 0 0 0 0 0 0 0.018672 -0.022334 -0.054183 0.0032984 -0.0093373 0.0049854 0 0
0 0 0.048306 0 0 0 0 0 0 0 0 0 0 -0.014664 0.01754 0.042553 -0.0030192 0.007132 -0.0039802 0 0
-0 -0 -0.029793 0 0 0 0 0 0 0 0 0 0 0.0090441 -0.010818 -0.026245 0.0016747 -0.0044888 0.0024274 0 0
-0 -0 -0.10655 0 0 0 0 0 0 0 0 0 0 0.032346 -0.038691 -0.093865 0.0053193 -0.016339 0.0085677 0 0
-0 -0 -0.18308 0 0 0 0 0 0 0 0 0 0 0.055576 -0.066477 -0.16128 0.0079749 -0.028505 0.014498 0 0
0 0 0.16967 0 0 0 0 0 0 0 0 0 0 -0.051504 0.061607 0.14946 -0.012217 0.024153 -0.014166 0 0
0 0 0.208 0 0 0 0 0 0 0 0 0 0 -0.06314 0.075525 0.18323 -0.015586 0.029233 -0.017421 0 0
0 0 0.29867 0 0 0 0 0 0 0 0 0 0 -0.090665 0.10845 0.2631 -0.024399 0.040618 -0.02515 0 0
-0 -0 -0.27048 0 0 0 0 0 0 0 0 0 0 0.082108 -0.098214 -0.23827 0.0097943 -0.04274 0.020992 0 0
-0 -0 -0.19945 0 0 0 0 0 0 0 0 0 0 0.060546 -0.072422 -0.1757 0.0084148 -0.031147 0.015738 0 0
0 0 0.32611 0 0 0 0 0 0 0 0 0 0 -0.098995 0.11841 0.28728 -0.027291 0.043878 -0.027491 0 0
-0 -0 -0.056387 0 0 0 0 0 0 0 0 0 0 0.017117 -0.020474 -0.049672 0.0030474 -0.0085497 0.0045742 0 0
-0 -0 -0.30348 0 0 0 0 0 0 0 0 0 0 0.092124 -0.11019 -0.26734 0.010142 -0.048186 0.023357 0 0
-0 -0 -0.32689 0 0 0 0 0 0 0 0 0 0 0.09923 -0.11869 -0.28796 0.010275 -0.05207 0.025003 0 0
0 0 0.14884 0 0 0 0 0 0 0 0 0 0 -0.045183 0.054045 0.13112 -0.010479 0.021331 -0.012404 0 0
0 0 0.091073 0 0 0 0 0 0 0 0 0 0 -0.027646 0.033069 0.080227 -0.0060009 0.013284 -0.0075434 0 0
-0 -0 -0.033813 0 0 0 0 0 0 0 0 0 0 0.010264 -0.012278 -0.029787 0.0018897 -0.0050995 0.0027531 0 0
0 0 0.32759 0 0 0 0 0 0 0 0 0 0 -0.099444 0.11895 0.28858 -0.02745 0.044051 -0.027617 0 0
-0 -0 -0.10008 0 0 0 0 0 0 0 0 0 0 0.03038 -0.036339 -0.088161 0.0050495 -0.015324 0.0080566 0 0
-0 -0 -0.13733 0 0 0 0 0 0 0 0 0 0 0.041687 -0.049864 -0.12097 0.0065055 -0.021192 0.010977 0 0
0 0 0.094702 0 0 0 0 0 0 0 0 0 0 -0.028748 0.034387 0.083424 -0.0062671 0.013799 -0.0078473 0 0
0 0 0.0033344 0 0 0 0 0 0 0 0 0 0 -0.0010122 0.0012108 0.0029373 -0.00019638 0.00049823 -0.00027304 0 0
-0 -0 -0.28212 0 0 0 0 0 0 0 0 0 0 0.085641 -0.10244 -0.24852 0.0099381 -0.044657 0.021832 0 0
-0 -0 -0.15267 0 0 0 0 0 0 0 0 0 0 0.046344 -0.055435 -0.13449 0.0070376 -0.023632 0.012166 0 0
-0 -0 -0.29051 0 0 0 0 0 0 0 0 0 0 0.088187 -0.10548 -0.25591 0.010027 -0.046041 0.022433 0 0
-0 -0 -0.079753 0 0 0 0 0 0 0 0 0 0 0.02421 -0.028959 -0.070256 0.0041574 -0.012157 0.0064438 0 0
-0 -0 -0.28453 0 0 0 0 0 0 0 0 0 0 0.086373 -0.10332 -0.25065 0.009965 -0.045055 0.022005 0 0
-0 -0 -0.27796 0 0 0 0 0 0 0 0 0 0 0.084378 -0.10093 -0.24486 0.0098893 -0.043971 0.021532 0 0
-0 -0 -0.020386 0 0 0 0 0 0 0 0 0 0 0.0061884 -0.0074023 -0.017958 0.0011615 -0.0030644 0.0016634 0 0
0 0 0.32269 0 0 0 0 0 0 0 0 0 0 -0.097957 0.11717 0.28426 -0.026925 0.043477 -0.027199 0 0
0 0 0.23549 0 0 0 0 0 0 0 0 0 0 -0.071485 0.085507 0.20744 -0.018134 0.032781 -0.019761 0 0
0 0 0.31018 0 0 0 0 0 0 0 0 0 0 -0.094159 0.11263 0.27324 -0.025599 0.041996 -0.026132 0 0
-0 -0 -0.32013 0 0 0 0 0 0 0 0 0 0 0.097178 -0.11624 -0.282 0.010246 -0.050947 0.024531 0 0
0 0 0.034745 0 0 0 0 0 0 0 0 0 0 -0.010547 0.012616 0.030607 -0.002134 0.0051488 -0.0028576 0 0
-0 -0 -0.12805 0 0 0 0 0 0 0 0 0 0 0.038872 -0.046497 -0.1128 0.0061648 -0.019724 0.010255 0 0
0 0 0.24527 0 0 0 0 0 0 0 0 0 0 -0.074453 0.089058 0.21606 -0.019067 0.034023 -0.020595 0 0
0 0 0.15718 0 0 0 0 0 0 0 0 0 0 -0.047713 0.057072 0.13846 -0.011167 0.022466 -0.013108 0 0
0 0 0.11986 0 0 0 0 0 0 0 0 0 0 -0.036384 0.043521 0.10558 -0.0081683 0.017333 -0.0099592 0 0
-0 -0 -0.18624 0 0 0 0 0 0 0 0 0 0 0.056537 -0.067626 -0.16406 0.0080635 -0.029014 0.014738 0 0
-0 -0 -0.082027 0 0 0 0 0 0 0 0 0 0 0.0249 -0.029785 -0.072259 0.0042606 -0.01251 0.0066249 0 0
0 0 0.020999 0 0 0 0 0 0 0 0 0 0 -0.0063746 0.007625 0.018499 -0.0012666 0.0031233 -0.0017239 0 0
-0 -0 -0.038784 0 0 0 0 0 0 0 0 0 0 0.011773 -0.014083 -0.034166 0.0021518 -0.0058562 0.0031554 0 0
-0 -0 -0.10089 0 0 0 0 0 0 0 0 0 0 0.030626 -0.036634 -0.088875 0.0050837 -0.015451 0.0081207 0 0
0 0 0.0059819 0 0 0 0 0 0 0 0 0 0 -0.0018159 0.0021721 0.0052695 -0.00035358 0.00089321 -0.00049002 0 0
-0 -0 -0.0059219 0 0 0 0 0 0 0 0 0 0 0.0017976 -0.0021503 -0.0052166 0.00034434 -0.00088694 0.00048425 0 0
0 0 0.23337 0 0 0 0 0 0 0 0 0 0 -0.070843 0.084739 0.20558 -0.017934 0.032511 -0.019581 0 0
-0 -0 -0.067307 0 0 0 0 0 0 0 0 0 0 0.020432 -0.02444 -0.059292 0.0035773 -0.010231 0.00545 0 0
0 0 0.10276 0 0 0 0 0 0 0 0 0 0 -0.031192 0.037311 0.090518 -0.0068651 0.014936 -0.0085223 0 0
-0 -0 -0.18642 0 0 0 0 0 0 0 0 0 0 0.056588 -0.067688 -0.16422 0.0080682 -0.029042 0.014751 0 0
-0 -0 -0.071551 0 0 0 0 0 0 0 0 0 0 0.02172 -0.025981 -0.063031 0.003778 -0.010887 0.0057894 0 0
-0 -0 -0.20881 0 0 0 0 0 0 0 0 0 0 0.063386 -0.07582 -0.18394 0.0086457 -0.032662 0.016442 0 0
