0 0 0.33153 0 0 0 0 0 0 0 0 0 0 -0.11108 0.11108 0.29194 -0.030931 -0.0070633 -0.0090812 0 0
-0 -0 -0.29452 0 0 0 0 0 0 0 0 0 0 0.098682 -0.098682 -0.25936 0.027038 -0.0023159 0.011169 0 0
0 0 0.11257 0 0 0 0 0 0 0 0 0 0 -0.037718 0.037718 0.09913 -0.0106 -0.0012657 -0.0035517 0 0
0 0 0.31599 0 0 0 0 0 0 0 0 0 0 -0.10588 0.10588 0.27826 -0.029516 -0.0065106 -0.0087533 0 0
-0 -0 -0.0063625 0 0 0 0 0 0 0 0 0 0 0.0021318 -0.0021318 -0.0056029 0.00059815 3.6078e-05 0.00021386 0 0
0 0 0.26427 0 0 0 0 0 0 0 0 0 0 -0.088547 0.088547 0.23272 -0.024769 -0.0048238 -0.0075888 0 0
0 0 0.30308 0 0 0 0 0 0 0 0 0 0 -0.10155 0.10155 0.26689 -0.028336 -0.0060673 -0.008473 0 0
0 0 0.3378 0 0 0 0 0 0 0 0 0 0 -0.11318 0.11318 0.29747 -0.0315 -0.0072924 -0.0092107 0 0
-0 -0 -0.19688 0 0 0 0 0 0 0 0 0 0 0.065966 -0.065966 -0.17337 0.018278 -0.00064878 0.0072014 0 0
-0 -0 -0.1447 0 0 0 0 0 0 0 0 0 0 0.048482 -0.048482 -0.12742 0.013496 -0.00012186 0.0051814 0 0
0 0 0.079666 0 0 0 0 0 0 0 0 0 0 -0.026693 0.026693 0.070155 -0.007502 -0.00077331 -0.0025602 0 0
0 0 0.0046956 0 0 0 0 0 0 0 0 0 0 -0.0015733 0.0015733 0.004135 -0.00044159 -2.9068e-05 -0.00015696 0 0
-0 -0 -0.29185 0 0 0 0 0 0 0 0 0 0 0.097787 -0.097787 -0.25701 0.026802 -0.0022586 0.011057 0 0
-0 -0 -0.20829 0 0 0 0 0 0 0 0 0 0 0.069789 -0.069789 -0.18342 0.019315 -0.0007979 0.0076527 0 0
0 0 0.25329 0 0 0 0 0 0 0 0 0 0 -0.084866 0.084866 0.22305 -0.023753 -0.004496 -0.0073271 0 0
0 0 0.059851 0 0 0 0 0 0 0 0 0 0 -0.020054 0.020054 0.052706 -0.0056352 -0.00052544 -0.0019442 0 0
-0 -0 -0.15636 0 0 0 0 0 0 0 0 0 0 0.052389 -0.052389 -0.13769 0.01457 -0.00021746 0.0056263 0 0
0 0 0.087993 0 0 0 0 0 0 0 0 0 0 -0.029483 0.029483 0.077487 -0.0082864 -0.00088839 -0.0028148 0 0
-0 -0 -0.011005 0 0 0 0 0 0 0 0 0 0 0.0036872 -0.0036872 -0.0096908 0.0010344 5.9999e-05 0.00037075 0 0
0 0 0.30491 0 0 0 0 0 0 0 0 0 0 -0.10216 0.10216 0.2685 -0.028504 -0.0061293 -0.0085132 0 0
-0 -0 -0.27663 0 0 0 0 0 0 0 0 0 0 0.092689 -0.092689 -0.24361 0.025454 -0.0019446 0.010425 0 0
0 0 0.32545 0 0 0 0 0 0 0 0 0 0 -0.10904 0.10904 0.28659 -0.030378 -0.0068446 -0.0089542 0 0
-0 -0 -0.054271 0 0 0 0 0 0 0 0 0 0 0.018184 -0.018184 -0.047791 0.0050918 0.00018538 0.0018668 0 0
-0 -0 -0.32812 0 0 0 0 0 0 0 0 0 0 0.10994 -0.10994 -0.28895 0.029985 -0.0030929 0.012586 0 0
0 0 0.057401 0 0 0 0 0 0 0 0 0 0 -0.019233 0.019233 0.050547 -0.0054043 -0.00049734 -0.001867 0 0
0 0 0.072597 0 0 0 0 0 0 0 0 0 0 -0.024324 0.024324 0.06393 -0.0068361 -0.00068068 -0.0023421 0 0
0 0 0.061257 0 0 0 0 0 0 0 0 0 0 -0.020525 0.020525 0.053944 -0.0057676 -0.00054182 -0.0019884 0 0
-0 -0 -0.2671 0 0 0 0 0 0 0 0 0 0 0.089495 -0.089495 -0.23521 0.024606 -0.0017587 0.010032 0 0
0 0 0.33598 0 0 0 0 0 0 0 0 0 0 -0.11257 0.11257 0.29587 -0.031335 -0.0072257 -0.0091734 0 0
-0 -0 -0.32157 0 0 0 0 0 0 0 0 0 0 0.10775 -0.10775 -0.28318 0.029413 -0.0029333 0.012307 0 0
-0 -0 -0.10706 0 0 0 0 0 0 0 0 0 0 0.035873 -0.035873 -0.094281 0.010014 9.9508e-05 0.0037723 0 0
-0 -0 -0.21358 0 0 0 0 0 0 0 0 0 0 0.071561 -0.071561 -0.18808 0.019795 -0.00087115 0.0078631 0 0
0 0 0.205 0 0 0 0 0 0 0 0 0 0 -0.068687 0.068687 0.18052 -0.019266 -0.0031841 -0.0061191 0 0
0 0 0.22951 0 0 0 0 0 0 0 0 0 0 -0.076899 0.076899 0.20211 -0.021548 -0.0038237 -0.006744 0 0
-0 -0 -0.070253 0 0 0 0 0 0 0 0 0 0 0.023539 -0.023539 -0.061865 0.0065858 0.00018709 0.0024346 0 0
-0 -0 -0.040357 0 0 0 0 0 0 0 0 0 0 0.013522 -0.013522 -0.035538 0.0037889 0.00016429 0.0013791 0 0
0 0 0.21712 0 0 0 0 0 0 0 0 0 0 -0.072747 0.072747 0.19119 -0.020396 -0.0034935 -0.006431 0 0
0 0 0.10415 0 0 0 0 0 0 0 0 0 0 -0.034896 0.034896 0.091714 -0.0098078 -0.0011301 -0.0033017 0 0
0 0 0.020494 0 0 0 0 0 0 0 0 0 0 -0.0068666 0.0068666 0.018047 -0.0019282 -0.00014208 -0.00067958 0 0
-0 -0 -0.32231 0 0 0 0 0 0 0 0 0 0 0.10799 -0.10799 -0.28383 0.029478 -0.0029512 0.012339 0 0
0 0 0.30435 0 0 0 0 0 0 0 0 0 0 -0.10197 0.10197 0.26801 -0.028452 -0.0061102 -0.0085009 0 0
-0 -0 -0.33573 0 0 0 0 0 0 0 0 0 0 0.11249 -0.11249 -0.29565 0.030646 -0.0032831 0.01291 0 0
0 0 0.34809 0 0 0 0 0 0 0 0 0 0 -0.11663 0.11663 0.30653 -0.032432 -0.0076756 -0.0094195 0 0
0 0 0.083889 0 0 0 0 0 0 0 0 0 0 -0.028108 0.028108 0.073873 -0.0078999 -0.00083087 -0.0026897 0 0
0 0 0.1426 0 0 0 0 0 0 0 0 0 0 -0.04778 0.04778 0.12558 -0.013424 -0.0018028 -0.0044217 0 0
-0 -0 -0.29848 0 0 0 0 0 0 0 0 0 0 0.10001 -0.10001 -0.26284 0.027387 -0.002402 0.011334 0 0
0 0 0.20962 0 0 0 0 0 0 0 0 0 0 -0.070234 0.070234 0.18459 -0.019697 -0.0033005 -0.0062387 0 0
-0 -0 -0.21874 0 0 0 0 0 0 0 0 0 0 0.07329 -0.07329 -0.19262 0.020262 -0.00094515 0.0080691 0 0
0 0 0.10449 0 0 0 0 0 0 0 0 0 0 -0.035009 0.035009 0.092011 -0.0098396 -0.0011354 -0.0033118 0 0
0 0 0.25251 0 0 0 0 0 0 0 0 0 0 -0.084605 0.084605 0.22236 -0.023681 -0.0044731 -0.0073083 0 0
-0 -0 -0.16059 0 0 0 0 0 0 0 0 0 0 0.053808 -0.053808 -0.14142 0.014959 -0.00025534 0.0057888 0 0
-0 -0 -0.30917 0 0 0 0 0 0 0 0 0 0 0.10359 -0.10359 -0.27226 0.028328 -0.002642 0.011784 0 0
0 0 0.11625 0 0 0 0 0 0 0 0 0 0 -0.038952 0.038952 0.10237 -0.010947 -0.0013271 -0.0036602 0 0
-0 -0 -0.23661 0 0 0 0 0 0 0 0 0 0 0.079277 -0.079277 -0.20836 0.021875 -0.0012205 0.0087875 0 0
0 0 0.042538 0 0 0 0 0 0 0 0 0 0 -0.014253 0.014253 0.03746 -0.0040041 -0.00033892 -0.0013945 0 0
0 0 0.24661 0 0 0 0 0 0 0 0 0 0 -0.082628 0.082628 0.21716 -0.023135 -0.0043021 -0.0071657 0 0
0 0 0.25168 0 0 0 0 0 0 0 0 0 0 -0.084329 0.084329 0.22163 -0.023605 -0.0044491 -0.0072885 0 0
0 0 0.098178 0 0 0 0 0 0 0 0 0 0 -0.032895 0.032895 0.086456 -0.0092456 -0.001038 -0.0031229 0 0
-0 -0 -0.16863 0 0 0 0 0 0 0 0 0 0 0.056501 -0.056501 -0.1485 0.015696 -0.00033185 0.0060986 0 0
0 0 0.26314 0 0 0 0 0 0 0 0 0 0 -0.088169 0.088169 0.23173 -0.024664 -0.0047896 -0.0075621 0 0
-0 -0 -0.29588 0 0 0 0 0 0 0 0 0 0 0.099138 -0.099138 -0.26056 0.027158 -0.0023454 0.011226 0 0
-0 -0 -0.24587 0 0 0 0 0 0 0 0 0 0 0.082383 -0.082383 -0.21652 0.022708 -0.0013749 0.0091632 0 0
0 0 0.31051 0 0 0 0 0 0 0 0 0 0 -0.10404 0.10404 0.27344 -0.029016 -0.0063207 -0.0086352 0 0
0 0 0.10815 0 0 0 0 0 0 0 0 0 0 -0.036238 0.036238 0.09524 -0.010185 -0.0011938 -0.0034209 0 0
0 0 0.29368 0 0 0 0 0 0 0 0 0 0 -0.0984 0.0984 0.25861 -0.027475 -0.0057539 -0.0082646 0 0
-0 -0 -0.10174 0 0 0 0 0 0 0 0 0 0 0.034091 -0.034091 -0.089597 0.0095197 0.00012005 0.0035765 0 0
-0 -0 -0.33958 0 0 0 0 0 0 0 0 0 0 0.11378 -0.11378 -0.29903 0.03098 -0.0033811 0.013074 0 0
-0 -0 -0.071186 0 0 0 0 0 0 0 0 0 0 0.023851 -0.023851 -0.062687 0.0066728 0.00018645 0.002468 0 0
-0 -0 -0.2647 0 0 0 0 0 0 0 0 0 0 0.08869 -0.08869 -0.2331 0.024392 -0.0017132 0.0099328 0 0
0 0 0.26403 0 0 0 0 0 0 0 0 0 0 -0.088465 0.088465 0.23251 -0.024746 -0.0048164 -0.007583 0 0
-0 -0 -0.17767 0 0 0 0 0 0 0 0 0 0 0.05953 -0.05953 -0.15646 0.016525 -0.00042516 0.0064492 0 0
0 0 0.20031 0 0 0 0 0 0 0 0 0 0 -0.067115 0.067115 0.17639 -0.018829 -0.0030679 -0.0059968 0 0
-0 -0 -0.24316 0 0 0 0 0 0 0 0 0 0 0.081472 -0.081472 -0.21413 0.022464 -0.0013288 0.0090529 0 0
0 0 0.11554 0 0 0 0 0 0 0 0 0 0 -0.038712 0.038712 0.10174 -0.01088 -0.0013151 -0.0036392 0 0
-0 -0 -0.33657 0 0 0 0 0 0 0 0 0 0 0.11277 -0.11277 -0.29639 0.030719 -0.0033044 0.012945 0 0
-0 -0 -0.28014 0 0 0 0 0 0 0 0 0 0 0.093863 -0.093863 -0.24669 0.025766 -0.002015 0.01057 0 0
0 0 0.29508 0 0 0 0 0 0 0 0 0 0 -0.098869 0.098869 0.25985 -0.027603 -0.0058001 -0.0082959 0 0
-0 -0 -0.34228 0 0 0 0 0 0 0 0 0 0 0.11468 -0.11468 -0.30141 0.031213 -0.0034508 0.013189 0 0
-0 -0 -0.091666 0 0 0 0 0 0 0 0 0 0 0.030714 -0.030714 -0.080722 0.0085823 0.00015167 0.0032077 0 0
0 0 0.30428 0 0 0 0 0 0 0 0 0 0 -0.10195 0.10195 0.26795 -0.028447 -0.0061082 -0.0084995 0 0
0 0 0.26273 0 0 0 0 0 0 0 0 0 0 -0.088031 0.088031 0.23136 -0.024626 -0.0047772 -0.0075524 0 0
-0 -0 -0.30948 0 0 0 0 0 0 0 0 0 0 0.10369 -0.10369 -0.27253 0.028354 -0.002649 0.011796 0 0
0 0 0.18195 0 0 0 0 0 0 0 0 0 0 -0.060964 0.060964 0.16023 -0.017113 -0.0026324 -0.0055097 0 0
0 0 0.33863 0 0 0 0 0 0 0 0 0 0 -0.11346 0.11346 0.2982 -0.031575 -0.0073229 -0.0092277 0 0
-0 -0 -0.18935 0 0 0 0 0 0 0 0 0 0 0.063443 -0.063443 -0.16674 0.017592 -0.000557 0.0069053 0 0
0 0 0.26728 0 0 0 0 0 0 0 0 0 0 -0.089555 0.089555 0.23537 -0.025046 -0.0049154 -0.0076596 0 0
0 0 0.045485 0 0 0 0 0 0 0 0 0 0 -0.01524 0.01524 0.040054 -0.0042817 -0.00036869 -0.0014888 0 0
0 0 0.089923 0 0 0 0 0 0 0 0 0 0 -0.03013 0.03013 0.079187 -0.0084682 -0.000916 -0.0028735 0 0
0 0 0.34554 0 0 0 0 0 0 0 0 0 0 -0.11578 0.11578 0.30429 -0.032202 -0.0075799 -0.0093682 0 0
-0 -0 -0.19034 0 0 0 0 0 0 0 0 0 0 0.063774 -0.063774 -0.16761 0.017682 -0.00056875 0.0069441 0 0
0 0 0.035387 0 0 0 0 0 0 0 0 0 0 -0.011857 0.011857 0.031162 -0.0033305 -0.00027007 -0.0011645 0 0
0 0 0.22686 0 0 0 0 0 0 0 0 0 0 -0.076012 0.076012 0.19978 -0.021302 -0.003752 -0.0066777 0 0
-0 -0 -0.20703 0 0 0 0 0 0 0 0 0 0 0.069368 -0.069368 -0.18231 0.019201 -0.00078088 0.0076028 0 0
0 0 0.34195 0 0 0 0 0 0 0 0 0 0 -0.11458 0.11458 0.30113 -0.031877 -0.0074461 -0.0092956 0 0
0 0 0.2077 0 0 0 0 0 0 0 0 0 0 -0.069593 0.069593 0.1829 -0.019518 -0.003252 -0.0061892 0 0
-0 -0 -0.030245 0 0 0 0 0 0 0 0 0 0 0.010134 -0.010134 -0.026634 0.0028408 0.00013752 0.0010285 0 0
-0 -0 -0.035543 0 0 0 0 0 0 0 0 0 0 0.011909 -0.011909 -0.031299 0.0033377 0.00015275 0.0012118 0 0
0 0 0.021411 0 0 0 0 0 0 0 0 0 0 -0.0071739 0.0071739 0.018854 -0.0020145 -0.00014936 -0.00070965 0 0
0 0 0.051824 0 0 0 0 0 0 0 0 0 0 -0.017364 0.017364 0.045637 -0.0048789 -0.00043547 -0.0016907 0 0
-0 -0 -0.32626 0 0 0 0 0 0 0 0 0 0 0.10932 -0.10932 -0.28731 0.029822 -0.003047 0.012506 0 0
