0 0 0 0.17794 0 0 0 0 -0 -0 0 0.16732 0.010622 0.05962 0 0
-0 -0 -0 0.099179 0 0 0 0 -0 -0 0 0.093259 0.0059206 0.033231 0 0
0 0 0 0.016517 0 0 0 0 -0 -0 0 0.015531 0.000986 0.0055342 0 0
-0 -0 -0 0.14617 0 0 0 0 -0 -0 0 0.13744 0.0087258 0.048976 0 0
-0 -0 -0 0.0083267 0 0 0 0 -0 -0 0 0.0078297 0.00049707 0.00279 0 0
-0 -0 -0 0.11649 0 0 0 0 -0 -0 0 0.10954 0.0069542 0.039032 0 0
0 0 0 0.16443 0 0 0 0 -0 -0 0 0.15462 0.0098161 0.055095 0 0
0 0 0 0.0085211 0 0 0 0 -0 -0 0 0.0080124 0.00050868 0.0028551 0 0
-0 -0 -0 0.18387 0 0 0 0 -0 -0 0 0.17289 0.010976 0.061606 0 0
-0 -0 -0 0.029586 0 0 0 0 -0 -0 0 0.02782 0.0017662 0.0099131 0 0
0 0 0 0.1105 0 0 0 0 -0 -0 0 0.1039 0.0065963 0.037023 0 0
-0 -0 -0 0.10046 0 0 0 0 -0 -0 0 0.094462 0.005997 0.03366 0 0
-0 -0 -0 0.13594 0 0 0 0 -0 -0 0 0.12783 0.0081153 0.045549 0 0
-0 -0 -0 0.065858 0 0 0 0 -0 -0 0 0.061927 0.0039315 0.022067 0 0
0 0 0 0.12573 0 0 0 0 -0 -0 0 0.11823 0.0075057 0.042128 0 0
-0 -0 -0 0.13296 0 0 0 0 -0 -0 0 0.12502 0.0079372 0.044549 0 0
0 0 0 0.13894 0 0 0 0 -0 -0 0 0.13064 0.008294 0.046552 0 0
0 0 0 0.1481 0 0 0 0 -0 -0 0 0.13926 0.008841 0.049622 0 0
0 0 0 0.14867 0 0 0 0 -0 -0 0 0.1398 0.0088753 0.049815 0 0
-0 -0 -0 0.12684 0 0 0 0 -0 -0 0 0.11927 0.0075722 0.042501 0 0
0 0 0 0.093523 0 0 0 0 -0 -0 0 0.08794 0.005583 0.031336 0 0
0 0 0 0.055293 0 0 0 0 -0 -0 0 0.051992 0.0033008 0.018526 0 0
0 0 0 0.053194 0 0 0 0 -0 -0 0 0.050018 0.0031755 0.017823 0 0
0 0 0 0.047567 0 0 0 0 -0 -0 0 0.044727 0.0028396 0.015938 0 0
-0 -0 -0 0.061652 0 0 0 0 -0 -0 0 0.057971 0.0036804 0.020657 0 0
0 0 0 0.086329 0 0 0 0 -0 -0 0 0.081176 0.0051535 0.028925 0 0
0 0 0 0.15901 0 0 0 0 -0 -0 0 0.14952 0.0094924 0.053279 0 0
-0 -0 -0 0.18524 0 0 0 0 -0 -0 0 0.17418 0.011058 0.062066 0 0
0 0 0 0.18602 0 0 0 0 -0 -0 0 0.17492 0.011105 0.062329 0 0
0 0 0 0.089815 0 0 0 0 -0 -0 0 0.084454 0.0053616 0.030094 0 0
0 0 0 0.08589 0 0 0 0 -0 -0 0 0.080763 0.0051273 0.028778 0 0
0 0 0 0.19916 0 0 0 0 -0 -0 0 0.18727 0.011889 0.06673 0 0
0 0 0 0.0035064 0 0 0 0 -0 -0 0 0.003297 0.00020932 0.0011748 0 0
-0 -0 -0 0.10773 0 0 0 0 -0 -0 0 0.1013 0.006431 0.036095 0 0
0 0 0 0.071643 0 0 0 0 -0 -0 0 0.067366 0.0042768 0.024005 0 0
-0 -0 -0 0.12473 0 0 0 0 -0 -0 0 0.11729 0.0074461 0.041793 0 0
0 0 0 0.14212 0 0 0 0 -0 -0 0 0.13363 0.0084838 0.047617 0 0
-0 -0 -0 0.19974 0 0 0 0 -0 -0 0 0.18782 0.011924 0.066926 0 0
-0 -0 -0 0.18622 0 0 0 0 -0 -0 0 0.1751 0.011117 0.062395 0 0
0 0 0 0.18187 0 0 0 0 -0 -0 0 0.17101 0.010857 0.060938 0 0
0 0 0 0.18118 0 0 0 0 -0 -0 0 0.17037 0.010816 0.060708 0 0
0 0 0 0.098792 0 0 0 0 -0 -0 0 0.092894 0.0058975 0.033101 0 0
0 0 0 0.027892 0 0 0 0 -0 -0 0 0.026227 0.001665 0.0093453 0 0
0 0 0 0.10763 0 0 0 0 -0 -0 0 0.10121 0.0064252 0.036063 0 0
0 0 0 0.041473 0 0 0 0 -0 -0 0 0.038997 0.0024758 0.013896 0 0
0 0 0 0.081948 0 0 0 0 -0 -0 0 0.077056 0.004892 0.027457 0 0
-0 -0 -0 0.13261 0 0 0 0 -0 -0 0 0.1247 0.0079165 0.044433 0 0
-0 -0 -0 0.064538 0 0 0 0 -0 -0 0 0.060686 0.0038527 0.021624 0 0
0 0 0 0.02736 0 0 0 0 -0 -0 0 0.025727 0.0016333 0.0091672 0 0
0 0 0 0.11382 0 0 0 0 -0 -0 0 0.10703 0.0067947 0.038137 0 0
0 0 0 0.1818 0 0 0 0 -0 -0 0 0.17095 0.010853 0.060914 0 0
-0 -0 -0 0.11511 0 0 0 0 -0 -0 0 0.10824 0.0068715 0.038568 0 0
0 0 0 0.12664 0 0 0 0 -0 -0 0 0.11908 0.0075599 0.042432 0 0
0 0 0 0.065057 0 0 0 0 -0 -0 0 0.061173 0.0038836 0.021798 0 0
-0 -0 -0 0.036194 0 0 0 0 -0 -0 0 0.034033 0.0021606 0.012127 0 0
0 0 0 0.10075 0 0 0 0 -0 -0 0 0.094732 0.0060142 0.033756 0 0
-0 -0 -0 0.07595 0 0 0 0 -0 -0 0 0.071416 0.004534 0.025448 0 0
-0 -0 -0 0.032498 0 0 0 0 -0 -0 0 0.030558 0.00194 0.010889 0 0
0 0 0 0.14132 0 0 0 0 -0 -0 0 0.13288 0.0084361 0.04735 0 0
-0 -0 -0 0.013049 0 0 0 0 -0 -0 0 0.01227 0.00077897 0.0043722 0 0
0 0 0 0.12056 0 0 0 0 -0 -0 0 0.11337 0.0071972 0.040396 0 0
-0 -0 -0 0.10202 0 0 0 0 -0 -0 0 0.095926 0.00609 0.034182 0 0
0 0 0 0.10129 0 0 0 0 -0 -0 0 0.095242 0.0060466 0.033938 0 0
-0 -0 -0 0.0067418 0 0 0 0 -0 -0 0 0.0063393 0.00040246 0.0022589 0 0
-0 -0 -0 0.089045 0 0 0 0 -0 -0 0 0.083729 0.0053157 0.029835 0 0
-0 -0 -0 0.065051 0 0 0 0 -0 -0 0 0.061168 0.0038833 0.021796 0 0
-0 -0 -0 0.1745 0 0 0 0 -0 -0 0 0.16408 0.010417 0.058466 0 0
0 0 0 0.15834 0 0 0 0 -0 -0 0 0.14888 0.0094521 0.053052 0 0
-0 -0 -0 0.027125 0 0 0 0 -0 -0 0 0.025506 0.0016193 0.0090886 0 0
0 0 0 0.12934 0 0 0 0 -0 -0 0 0.12162 0.0077212 0.043337 0 0
0 0 0 0.11462 0 0 0 0 -0 -0 0 0.10777 0.0068421 0.038403 0 0
-0 -0 -0 0.12731 0 0 0 0 -0 -0 0 0.11971 0.0075998 0.042656 0 0
-0 -0 -0 0.1161 0 0 0 0 -0 -0 0 0.10917 0.0069305 0.038899 0 0
0 0 0 0.010809 0 0 0 0 -0 -0 0 0.010164 0.00064528 0.0036218 0 0
0 0 0 0.17964 0 0 0 0 -0 -0 0 0.16892 0.010724 0.060191 0 0
-0 -0 -0 0.05471 0 0 0 0 -0 -0 0 0.051444 0.003266 0.018331 0 0
0 0 0 0.067556 0 0 0 0 -0 -0 0 0.063523 0.0040328 0.022635 0 0
0 0 0 0.044696 0 0 0 0 -0 -0 0 0.042027 0.0026682 0.014976 0 0
0 0 0 0.14292 0 0 0 0 -0 -0 0 0.13438 0.0085315 0.047885 0 0
-0 -0 -0 0.10901 0 0 0 0 -0 -0 0 0.1025 0.0065074 0.036524 0 0
-0 -0 -0 0.11785 0 0 0 0 -0 -0 0 0.11082 0.0070353 0.039488 0 0
0 0 0 0.11757 0 0 0 0 -0 -0 0 0.11055 0.0070186 0.039394 0 0
-0 -0 -0 0.043319 0 0 0 0 -0 -0 0 0.040733 0.002586 0.014514 0 0
-0 -0 -0 0.07481 0 0 0 0 -0 -0 0 0.070345 0.0044659 0.025066 0 0
-0 -0 -0 0.12179 0 0 0 0 -0 -0 0 0.11452 0.0072706 0.040808 0 0
-0 -0 -0 0.037418 0 0 0 0 -0 -0 0 0.035184 0.0022337 0.012537 0 0
0 0 0 0.058756 0 0 0 0 -0 -0 0 0.055249 0.0035075 0.019687 0 0
-0 -0 -0 0.1576 0 0 0 0 -0 -0 0 0.14819 0.0094081 0.052805 0 0
-0 -0 -0 0.14725 0 0 0 0 -0 -0 0 0.13846 0.0087901 0.049337 0 0
-0 -0 -0 0.13933 0 0 0 0 -0 -0 0 0.13101 0.0083176 0.046685 0 0
-0 -0 -0 0.067237 0 0 0 0 -0 -0 0 0.063223 0.0040138 0.022528 0 0
-0 -0 -0 0.19955 0 0 0 0 -0 -0 0 0.18764 0.011912 0.066861 0 0
-0 -0 -0 0.10118 0 0 0 0 -0 -0 0 0.095144 0.0060403 0.033903 0 0
0 0 0 0.19126 0 0 0 0 -0 -0 0 0.17984 0.011417 0.064083 0 0
-0 -0 -0 0.11715 0 0 0 0 -0 -0 0 0.11015 0.0069932 0.039251 0 0
0 0 0 0.05175 0 0 0 0 -0 -0 0 0.048661 0.0030893 0.017339 0 0
0 0 0 0.12308 0 0 0 0 -0 -0 0 0.11573 0.0073475 0.041239 0 0
-0 -0 -0 0.19062 0 0 0 0 -0 -0 0 0.17924 0.011379 0.063868 0 0
0 0 0 0.046473 0 0 0 0 -0 -0 0 0.043699 0.0027743 0.015571 0 0
-0 -0 -0 0.15298 0 0 0 0 -0 -0 0 0.14385 0.0091323 0.051257 0 0
