0 0 0 0.15182 0 0 0 0 0 -0 -0 0.13387 -0.040853 0.058794 0 0
-0 -0 -0 0.17376 0 0 0 0 0 -0 -0 0.15323 -0.046758 0.067293 0 0
-0 -0 -0 0.16407 0 0 0 0 0 -0 -0 0.14468 -0.044149 0.063539 0 0
0 0 0 0.0043326 0 0 0 0 0 -0 -0 0.0038206 -0.0011659 0.0016779 0 0
-0 -0 -0 0.042112 0 0 0 0 0 -0 -0 0.037135 -0.011332 0.016309 0 0
0 0 0 0.033177 0 0 0 0 0 -0 -0 0.029256 -0.0089278 0.012849 0 0
0 0 0 0.10399 0 0 0 0 0 -0 -0 0.091697 -0.027982 0.040271 0 0
-0 -0 -0 0.1212 0 0 0 0 0 -0 -0 0.10688 -0.032614 0.046937 0 0
0 0 0 0.081372 0 0 0 0 0 -0 -0 0.071755 -0.021897 0.031513 0 0
0 0 0 0.080685 0 0 0 0 0 -0 -0 0.071149 -0.021712 0.031247 0 0
-0 -0 -0 0.097875 0 0 0 0 0 -0 -0 0.086308 -0.026338 0.037904 0 0
0 0 0 0.028857 0 0 0 0 0 -0 -0 0.025447 -0.0077653 0.011176 0 0
-0 -0 -0 0.13354 0 0 0 0 0 -0 -0 0.11776 -0.035934 0.051716 0 0
0 0 0 0.12872 0 0 0 0 0 -0 -0 0.11351 -0.034639 0.049851 0 0
0 0 0 0.13383 0 0 0 0 0 -0 -0 0.11802 -0.036013 0.05183 0 0
0 0 0 0.14705 0 0 0 0 0 -0 -0 0.12967 -0.039571 0.056949 0 0
-0 -0 -0 0.17905 0 0 0 0 0 -0 -0 0.15789 -0.04818 0.06934 0 0
0 0 0 0.17708 0 0 0 0 0 -0 -0 0.15615 -0.047651 0.068579 0 0
0 0 0 0.10839 0 0 0 0 0 -0 -0 0.095583 -0.029168 0.041978 0 0
-0 -0 -0 0.022582 0 0 0 0 0 -0 -0 0.019914 -0.0060768 0.0087456 0 0
-0 -0 -0 0.0088271 0 0 0 0 0 -0 -0 0.0077839 -0.0023753 0.0034185 0 0
0 0 0 0.18166 0 0 0 0 0 -0 -0 0.16019 -0.048883 0.070352 0 0
-0 -0 -0 0.11096 0 0 0 0 0 -0 -0 0.097843 -0.029858 0.04297 0 0
-0 -0 -0 0.023758 0 0 0 0 0 -0 -0 0.02095 -0.0063931 0.0092009 0 0
-0 -0 -0 0.16517 0 0 0 0 0 -0 -0 0.14565 -0.044446 0.063966 0 0
0 0 0 0.095134 0 0 0 0 0 -0 -0 0.083891 -0.0256 0.036843 0 0
0 0 0 0.0052908 0 0 0 0 0 -0 -0 0.0046655 -0.0014237 0.002049 0 0
-0 -0 -0 0.066605 0 0 0 0 0 -0 -0 0.058733 -0.017923 0.025794 0 0
-0 -0 -0 0.10279 0 0 0 0 0 -0 -0 0.090644 -0.027661 0.039809 0 0
0 0 0 0.063756 0 0 0 0 0 -0 -0 0.056222 -0.017156 0.024691 0 0
0 0 0 0.16896 0 0 0 0 0 -0 -0 0.149 -0.045467 0.065435 0 0
0 0 0 0.18149 0 0 0 0 0 -0 -0 0.16004 -0.048839 0.070288 0 0
-0 -0 -0 0.084301 0 0 0 0 0 -0 -0 0.074338 -0.022685 0.032648 0 0
0 0 0 0.036338 0 0 0 0 0 -0 -0 0.032043 -0.0097783 0.014073 0 0
-0 -0 -0 0.12775 0 0 0 0 0 -0 -0 0.11266 -0.034378 0.049476 0 0
-0 -0 -0 0.059879 0 0 0 0 0 -0 -0 0.052803 -0.016113 0.02319 0 0
0 0 0 0.18719 0 0 0 0 0 -0 -0 0.16507 -0.050371 0.072493 0 0
-0 -0 -0 0.081796 0 0 0 0 0 -0 -0 0.072129 -0.022011 0.031678 0 0
-0 -0 -0 0.081685 0 0 0 0 0 -0 -0 0.072031 -0.021981 0.031634 0 0
0 0 0 0.055633 0 0 0 0 0 -0 -0 0.049058 -0.014971 0.021545 0 0
-0 -0 -0 0.12736 0 0 0 0 0 -0 -0 0.1123 -0.034271 0.049322 0 0
-0 -0 -0 0.029926 0 0 0 0 0 -0 -0 0.026389 -0.0080528 0.011589 0 0
-0 -0 -0 0.15309 0 0 0 0 0 -0 -0 0.135 -0.041195 0.059287 0 0
0 0 0 0.18251 0 0 0 0 0 -0 -0 0.16094 -0.049111 0.07068 0 0
-0 -0 -0 0.040015 0 0 0 0 0 -0 -0 0.035286 -0.010768 0.015497 0 0
0 0 0 0.028351 0 0 0 0 0 -0 -0 0.025 -0.007629 0.010979 0 0
-0 -0 -0 0.19991 0 0 0 0 0 -0 -0 0.17628 -0.053794 0.077419 0 0
0 0 0 0.015372 0 0 0 0 0 -0 -0 0.013556 -0.0041366 0.0059533 0 0
-0 -0 -0 0.01371 0 0 0 0 0 -0 -0 0.012089 -0.0036892 0.0053094 0 0
-0 -0 -0 0.18172 0 0 0 0 0 -0 -0 0.16024 -0.048899 0.070374 0 0
-0 -0 -0 0.050498 0 0 0 0 0 -0 -0 0.04453 -0.013589 0.019557 0 0
-0 -0 -0 0.031933 0 0 0 0 0 -0 -0 0.02816 -0.0085931 0.012367 0 0
0 0 0 0.024501 0 0 0 0 0 -0 -0 0.021606 -0.0065931 0.0094887 0 0
-0 -0 -0 0.055651 0 0 0 0 0 -0 -0 0.049074 -0.014975 0.021552 0 0
-0 -0 -0 0.19929 0 0 0 0 0 -0 -0 0.17574 -0.053629 0.077181 0 0
-0 -0 -0 0.13381 0 0 0 0 0 -0 -0 0.11799 -0.036006 0.051819 0 0
0 0 0 0.038135 0 0 0 0 0 -0 -0 0.033628 -0.010262 0.014769 0 0
-0 -0 -0 0.19791 0 0 0 0 0 -0 -0 0.17452 -0.053256 0.076644 0 0
0 0 0 0.14064 0 0 0 0 0 -0 -0 0.12402 -0.037846 0.054467 0 0
0 0 0 0.096368 0 0 0 0 0 -0 -0 0.084979 -0.025932 0.037321 0 0
0 0 0 0.19384 0 0 0 0 0 -0 -0 0.17093 -0.052162 0.075071 0 0
0 0 0 0.089154 0 0 0 0 0 -0 -0 0.078618 -0.023991 0.034527 0 0
0 0 0 0.18454 0 0 0 0 0 -0 -0 0.16273 -0.04966 0.071469 0 0
0 0 0 0.11024 0 0 0 0 0 -0 -0 0.097208 -0.029664 0.042691 0 0
-0 -0 -0 0.067904 0 0 0 0 0 -0 -0 0.059879 -0.018272 0.026297 0 0
0 0 0 0.037554 0 0 0 0 0 -0 -0 0.033116 -0.010106 0.014544 0 0
-0 -0 -0 0.1279 0 0 0 0 0 -0 -0 0.11279 -0.034418 0.049533 0 0
-0 -0 -0 0.031024 0 0 0 0 0 -0 -0 0.027357 -0.0083483 0.012015 0 0
-0 -0 -0 0.026438 0 0 0 0 0 -0 -0 0.023313 -0.0071143 0.010239 0 0
-0 -0 -0 0.1954 0 0 0 0 0 -0 -0 0.17231 -0.052582 0.075675 0 0
0 0 0 0.14984 0 0 0 0 0 -0 -0 0.13213 -0.040321 0.05803 0 0
-0 -0 -0 0.013607 0 0 0 0 0 -0 -0 0.011999 -0.0036615 0.0052695 0 0
0 0 0 0.17577 0 0 0 0 0 -0 -0 0.15499 -0.047298 0.068069 0 0
-0 -0 -0 0.14468 0 0 0 0 0 -0 -0 0.12758 -0.038932 0.056029 0 0
-0 -0 -0 0.17716 0 0 0 0 0 -0 -0 0.15622 -0.047672 0.068608 0 0
-0 -0 -0 0.14446 0 0 0 0 0 -0 -0 0.12739 -0.038874 0.055947 0 0
-0 -0 -0 0.12815 0 0 0 0 0 -0 -0 0.11301 -0.034485 0.049631 0 0
-0 -0 -0 0.0096092 0 0 0 0 0 -0 -0 0.0084735 -0.0025858 0.0037214 0 0
0 0 0 0.18802 0 0 0 0 0 -0 -0 0.1658 -0.050594 0.072814 0 0
0 0 0 0.14219 0 0 0 0 0 -0 -0 0.12539 -0.038263 0.055067 0 0
-0 -0 -0 0.15819 0 0 0 0 0 -0 -0 0.1395 -0.042569 0.061265 0 0
-0 -0 -0 0.14705 0 0 0 0 0 -0 -0 0.12967 -0.039571 0.05695 0 0
0 0 0 0.028291 0 0 0 0 0 -0 -0 0.024948 -0.007613 0.010956 0 0
0 0 0 0.0046429 0 0 0 0 0 -0 -0 0.0040942 -0.0012494 0.0017981 0 0
0 0 0 0.18429 0 0 0 0 0 -0 -0 0.16251 -0.049592 0.071372 0 0
-0 -0 -0 0.089705 0 0 0 0 0 -0 -0 0.079104 -0.024139 0.034741 0 0
-0 -0 -0 0.12633 0 0 0 0 0 -0 -0 0.1114 -0.033994 0.048923 0 0
0 0 0 0.050342 0 0 0 0 0 -0 -0 0.044393 -0.013547 0.019496 0 0
-0 -0 -0 0.15072 0 0 0 0 0 -0 -0 0.13291 -0.040557 0.058369 0 0
0 0 0 0.17955 0 0 0 0 0 -0 -0 0.15833 -0.048317 0.069537 0 0
-0 -0 -0 0.064205 0 0 0 0 0 -0 -0 0.056617 -0.017277 0.024865 0 0
-0 -0 -0 0.18013 0 0 0 0 0 -0 -0 0.15884 -0.048472 0.06976 0 0
0 0 0 0.061063 0 0 0 0 0 -0 -0 0.053846 -0.016432 0.023648 0 0
-0 -0 -0 0.092376 0 0 0 0 0 -0 -0 0.081459 -0.024858 0.035775 0 0
0 0 0 0.10635 0 0 0 0 0 -0 -0 0.093785 -0.028619 0.041188 0 0
-0 -0 -0 0.19754 0 0 0 0 0 -0 -0 0.17419 -0.053156 0.0765 0 0
-0 -0 -0 0.029161 0 0 0 0 0 -0 -0 0.025714 -0.0078469 0.011293 0 0
0 0 0 0.14605 0 0 0 0 0 -0 -0 0.12879 -0.039302 0.056562 0 0
-0 -0 -0 0.038534 0 0 0 0 0 -0 -0 0.03398 -0.010369 0.014923 0 0
-0 -0 -0 0.17785 0 0 0 0 0 -0 -0 0.15683 -0.047859 0.068877 0 0
