-0 -0 -0.29691 0 0 0 0 0 0 0 0 0 0 0.079898 -0.11499 -0.26182 0.024105 -0.011731 0.012508 0 0
0 0 0.21278 0 0 0 0 0 0 0 0 0 0 -0.057258 0.082405 0.18763 -0.019496 0.003694 -0.0075716 0 0
-0 -0 -0.28791 0 0 0 0 0 0 0 0 0 0 0.077475 -0.1115 -0.25388 0.023445 -0.01127 0.012104 0 0
0 0 0.089573 0 0 0 0 0 0 0 0 0 0 -0.024104 0.034689 0.078987 -0.0080434 0.0020536 -0.0033564 0 0
-0 -0 -0.10828 0 0 0 0 0 0 0 0 0 0 0.029137 -0.041934 -0.095483 0.0093028 -0.0034245 0.0043428 0 0
-0 -0 -0.33502 0 0 0 0 0 0 0 0 0 0 0.090153 -0.12975 -0.29543 0.02684 -0.01375 0.014229 0 0
0 0 0.038402 0 0 0 0 0 0 0 0 0 0 -0.010334 0.014872 0.033863 -0.0034141 0.0009681 -0.001467 0 0
-0 -0 -0.27466 0 0 0 0 0 0 0 0 0 0 0.073909 -0.10637 -0.2422 0.022465 -0.010604 0.011512 0 0
-0 -0 -0.15003 0 0 0 0 0 0 0 0 0 0 0.040372 -0.058103 -0.1323 0.012745 -0.0050127 0.0060908 0 0
-0 -0 -0.058298 0 0 0 0 0 0 0 0 0 0 0.015688 -0.022577 -0.051408 0.0050721 -0.0017177 0.0023022 0 0
0 0 0.33046 0 0 0 0 0 0 0 0 0 0 -0.088924 0.12798 0.2914 -0.030708 0.0039603 -0.01111 0 0
-0 -0 -0.32941 0 0 0 0 0 0 0 0 0 0 0.088641 -0.12757 -0.29048 0.026443 -0.013446 0.013974 0 0
-0 -0 -0.13876 0 0 0 0 0 0 0 0 0 0 0.03734 -0.053739 -0.12236 0.011825 -0.0045696 0.0056153 0 0
-0 -0 -0.043562 0 0 0 0 0 0 0 0 0 0 0.011722 -0.01687 -0.038414 0.0038034 -0.0012555 0.001712 0 0
-0 -0 -0.002042 0 0 0 0 0 0 0 0 0 0 0.00054948 -0.0007908 -0.0018006 0.00017998 -5.5132e-05 7.9136e-05 0 0
0 0 0.10613 0 0 0 0 0 0 0 0 0 0 -0.02856 0.041103 0.093591 -0.0095595 0.0023545 -0.0039512 0 0
-0 -0 -0.070684 0 0 0 0 0 0 0 0 0 0 0.019021 -0.027374 -0.062331 0.0061312 -0.0021207 0.0028023 0 0
0 0 0.13528 0 0 0 0 0 0 0 0 0 0 -0.036403 0.052391 0.11929 -0.012247 0.0028236 -0.0049772 0 0
-0 -0 -0.28732 0 0 0 0 0 0 0 0 0 0 0.077316 -0.11127 -0.25336 0.023402 -0.011241 0.012078 0 0
0 0 0.23188 0 0 0 0 0 0 0 0 0 0 -0.062399 0.089803 0.20448 -0.021302 0.0038239 -0.0081798 0 0
0 0 0.25337 0 0 0 0 0 0 0 0 0 0 -0.06818 0.098123 0.22343 -0.023341 0.00393 -0.0088486 0 0
0 0 0.27562 0 0 0 0 0 0 0 0 0 0 -0.074169 0.10674 0.24305 -0.02546 0.003995 -0.0095239 0 0
-0 -0 -0.11508 0 0 0 0 0 0 0 0 0 0 0.030966 -0.044566 -0.10148 0.0098691 -0.003673 0.0046247 0 0
0 0 0.093002 0 0 0 0 0 0 0 0 0 0 -0.025026 0.036017 0.082011 -0.0083567 0.0021179 -0.0034803 0 0
-0 -0 -0.29673 0 0 0 0 0 0 0 0 0 0 0.079848 -0.11492 -0.26166 0.024091 -0.011722 0.0125 0 0
0 0 0.15441 0 0 0 0 0 0 0 0 0 0 -0.041551 0.059799 0.13616 -0.014023 0.0030895 -0.0056361 0 0
-0 -0 -0.12702 0 0 0 0 0 0 0 0 0 0 0.034182 -0.049193 -0.11201 0.010859 -0.0041194 0.0051229 0 0
-0 -0 -0.33345 0 0 0 0 0 0 0 0 0 0 0.08973 -0.12914 -0.29404 0.026729 -0.013665 0.014158 0 0
0 0 0.23353 0 0 0 0 0 0 0 0 0 0 -0.062843 0.090442 0.20594 -0.021458 0.0038336 -0.0082318 0 0
0 0 0.19616 0 0 0 0 0 0 0 0 0 0 -0.052785 0.075967 0.17298 -0.01793 0.0035536 -0.007032 0 0
0 0 0.18516 0 0 0 0 0 0 0 0 0 0 -0.049826 0.071708 0.16328 -0.016897 0.0034468 -0.00667 0 0
0 0 0.28469 0 0 0 0 0 0 0 0 0 0 -0.076608 0.11025 0.25104 -0.026326 0.0040084 -0.0097938 0 0
-0 -0 -0.00019791 0 0 0 0 0 0 0 0 0 0 5.3255e-05 -7.6644e-05 -0.00017452 1.7451e-05 -5.3273e-06 7.6649e-06 0 0
0 0 0.15516 0 0 0 0 0 0 0 0 0 0 -0.041752 0.060089 0.13682 -0.014092 0.0030992 -0.0056615 0 0
0 0 0.15951 0 0 0 0 0 0 0 0 0 0 -0.042923 0.061773 0.14066 -0.014498 0.0031547 -0.0058096 0 0
0 0 0.10776 0 0 0 0 0 0 0 0 0 0 -0.028997 0.041732 0.095024 -0.0097086 0.0023826 -0.0040091 0 0
-0 -0 -0.19096 0 0 0 0 0 0 0 0 0 0 0.051385 -0.073953 -0.16839 0.016033 -0.0067102 0.0078395 0 0
-0 -0 -0.3213 0 0 0 0 0 0 0 0 0 0 0.086461 -0.12443 -0.28333 0.025866 -0.013011 0.013607 0 0
-0 -0 -0.30736 0 0 0 0 0 0 0 0 0 0 0.08271 -0.11903 -0.27104 0.024864 -0.012274 0.012978 0 0
-0 -0 -0.27152 0 0 0 0 0 0 0 0 0 0 0.073066 -0.10515 -0.23944 0.022232 -0.010448 0.011373 0 0
-0 -0 -0.33524 0 0 0 0 0 0 0 0 0 0 0.09021 -0.12983 -0.29562 0.026855 -0.013762 0.014239 0 0
0 0 0.32499 0 0 0 0 0 0 0 0 0 0 -0.087453 0.12586 0.28658 -0.030184 0.0039762 -0.010957 0 0
-0 -0 -0.32237 0 0 0 0 0 0 0 0 0 0 0.086748 -0.12485 -0.28427 0.025942 -0.013068 0.013656 0 0
0 0 0.052684 0 0 0 0 0 0 0 0 0 0 -0.014177 0.020403 0.046457 -0.0046973 0.0012947 -0.002002 0 0
0 0 0.0089154 0 0 0 0 0 0 0 0 0 0 -0.0023991 0.0034527 0.0078617 -0.0007877 0.0002364 -0.0003442 0 0
0 0 0.074526 0 0 0 0 0 0 0 0 0 0 -0.020055 0.028862 0.065718 -0.0066733 0.0017588 -0.0028088 0 0
0 0 0.23723 0 0 0 0 0 0 0 0 0 0 -0.063838 0.091875 0.2092 -0.021809 0.0038543 -0.0083479 0 0
-0 -0 -0.2049 0 0 0 0 0 0 0 0 0 0 0.055137 -0.079352 -0.18068 0.017132 -0.0073198 0.0084427 0 0
-0 -0 -0.062988 0 0 0 0 0 0 0 0 0 0 0.01695 -0.024394 -0.055544 0.0054739 -0.0018687 0.0024911 0 0
-0 -0 -0.024006 0 0 0 0 0 0 0 0 0 0 0.0064598 -0.0092968 -0.021169 0.0021055 -0.00067132 0.00093734 0 0
-0 -0 -0.28612 0 0 0 0 0 0 0 0 0 0 0.076994 -0.11081 -0.25231 0.023314 -0.01118 0.012024 0 0
0 0 0.20928 0 0 0 0 0 0 0 0 0 0 -0.056317 0.08105 0.18455 -0.019166 0.0036666 -0.0074588 0 0
-0 -0 -0.33761 0 0 0 0 0 0 0 0 0 0 0.090848 -0.13075 -0.29771 0.027022 -0.013891 0.014347 0 0
-0 -0 -0.029737 0 0 0 0 0 0 0 0 0 0 0.0080021 -0.011516 -0.026223 0.0026048 -0.00083908 0.0011634 0 0
-0 -0 -0.052874 0 0 0 0 0 0 0 0 0 0 0.014228 -0.020477 -0.046625 0.0046063 -0.0015454 0.0020843 0 0
0 0 0.24637 0 0 0 0 0 0 0 0 0 0 -0.066297 0.095413 0.21725 -0.022676 0.0039001 -0.0086325 0 0
0 0 0.2126 0 0 0 0 0 0 0 0 0 0 -0.057209 0.082335 0.18747 -0.019478 0.0036926 -0.0075657 0 0
0 0 0.15615 0 0 0 0 0 0 0 0 0 0 -0.042018 0.060472 0.13769 -0.014185 0.0031119 -0.0056952 0 0
-0 -0 -0.19412 0 0 0 0 0 0 0 0 0 0 0.052235 -0.075176 -0.17117 0.016283 -0.006847 0.0079759 0 0
-0 -0 -0.086777 0 0 0 0 0 0 0 0 0 0 0.023351 -0.033606 -0.076521 0.0074968 -0.002664 0.0034577 0 0
0 0 0.27928 0 0 0 0 0 0 0 0 0 0 -0.075154 0.10816 0.24628 -0.02581 0.0040013 -0.0096333 0 0
0 0 0.30964 0 0 0 0 0 0 0 0 0 0 -0.083324 0.11992 0.27305 -0.028713 0.0040061 -0.010521 0 0
-0 -0 -0.11569 0 0 0 0 0 0 0 0 0 0 0.031131 -0.044803 -0.10202 0.00992 -0.0036956 0.0046502 0 0
0 0 0.1985 0 0 0 0 0 0 0 0 0 0 -0.053415 0.076874 0.17504 -0.01815 0.0035749 -0.0071086 0 0
0 0 0.073367 0 0 0 0 0 0 0 0 0 0 -0.019743 0.028413 0.064697 -0.006568 0.0017353 -0.0027664 0 0
-0 -0 -0.11382 0 0 0 0 0 0 0 0 0 0 0.03063 -0.044081 -0.10037 0.009765 -0.003627 0.0045728 0 0
-0 -0 -0.24224 0 0 0 0 0 0 0 0 0 0 0.065187 -0.093815 -0.21362 0.020022 -0.0090298 0.010076 0 0
-0 -0 -0.14996 0 0 0 0 0 0 0 0 0 0 0.040354 -0.058077 -0.13224 0.01274 -0.00501 0.006088 0 0
-0 -0 -0.20697 0 0 0 0 0 0 0 0 0 0 0.055696 -0.080156 -0.18251 0.017295 -0.0074119 0.0085328 0 0
-0 -0 -0.056801 0 0 0 0 0 0 0 0 0 0 0.015285 -0.021998 -0.050088 0.0049437 -0.0016699 0.002242 0 0
-0 -0 -0.13113 0 0 0 0 0 0 0 0 0 0 0.035286 -0.050783 -0.11563 0.011198 -0.0042756 0.0052948 0 0
-0 -0 -0.24819 0 0 0 0 0 0 0 0 0 0 0.066786 -0.096117 -0.21886 0.020475 -0.0093122 0.010338 0 0
-0 -0 -0.13278 0 0 0 0 0 0 0 0 0 0 0.03573 -0.051422 -0.11709 0.011333 -0.0043387 0.005364 0 0
0 0 0.16952 0 0 0 0 0 0 0 0 0 0 -0.045616 0.065649 0.14948 -0.015432 0.0032758 -0.0061478 0 0
-0 -0 -0.25782 0 0 0 0 0 0 0 0 0 0 0.069379 -0.099849 -0.22735 0.021204 -0.009776 0.010764 0 0
-0 -0 -0.23052 0 0 0 0 0 0 0 0 0 0 0.06203 -0.089273 -0.20327 0.019123 -0.0084808 0.0095602 0 0
0 0 0.30934 0 0 0 0 0 0 0 0 0 0 -0.08324 0.1198 0.27278 -0.028683 0.0040065 -0.010512 0 0
-0 -0 -0.03333 0 0 0 0 0 0 0 0 0 0 0.008969 -0.012908 -0.029391 0.0029171 -0.00094571 0.0013055 0 0
-0 -0 -0.13381 0 0 0 0 0 0 0 0 0 0 0.036009 -0.051823 -0.118 0.011419 -0.0043785 0.0054074 0 0
0 0 0.066101 0 0 0 0 0 0 0 0 0 0 -0.017787 0.025599 0.058289 -0.0059092 0.0015849 -0.0024993 0 0
0 0 0.16498 0 0 0 0 0 0 0 0 0 0 -0.044394 0.063891 0.14548 -0.015008 0.003222 -0.0059948 0 0
-0 -0 -0.2408 0 0 0 0 0 0 0 0 0 0 0.064798 -0.093255 -0.21234 0.019912 -0.0089616 0.010012 0 0
-0 -0 -0.19129 0 0 0 0 0 0 0 0 0 0 0.051476 -0.074083 -0.16869 0.016059 -0.0067247 0.007854 0 0
0 0 0.32308 0 0 0 0 0 0 0 0 0 0 -0.086938 0.12512 0.28489 -0.03 0.0039811 -0.010903 0 0
0 0 0.16763 0 0 0 0 0 0 0 0 0 0 -0.04511 0.064921 0.14782 -0.015256 0.0032537 -0.0060845 0 0
0 0 0.34515 0 0 0 0 0 0 0 0 0 0 -0.092878 0.13367 0.30436 -0.032119 0.0039039 -0.011516 0 0
-0 -0 -0.25018 0 0 0 0 0 0 0 0 0 0 0.067322 -0.096889 -0.22061 0.020626 -0.0094076 0.010426 0 0
-0 -0 -0.0079381 0 0 0 0 0 0 0 0 0 0 0.0021361 -0.0030742 -0.007 0.00069877 -0.00021639 0.00030827 0 0
-0 -0 -0.084205 0 0 0 0 0 0 0 0 0 0 0.022659 -0.03261 -0.074253 0.0072794 -0.0025757 0.0033525 0 0
0 0 0.162 0 0 0 0 0 0 0 0 0 0 -0.043594 0.062739 0.14286 -0.01473 0.0031857 -0.0058942 0 0
-0 -0 -0.036588 0 0 0 0 0 0 0 0 0 0 0.0098457 -0.01417 -0.032264 0.0031998 -0.0010434 0.0014347 0 0
0 0 0.10977 0 0 0 0 0 0 0 0 0 0 -0.029539 0.042512 0.0968 -0.0098937 0.0024172 -0.0040807 0 0
-0 -0 -0.009614 0 0 0 0 0 0 0 0 0 0 0.0025871 -0.0037232 -0.0084778 0.00084597 -0.00026278 0.00037356 0 0
0 0 0.2058 0 0 0 0 0 0 0 0 0 0 -0.055379 0.0797 0.18148 -0.018837 0.0036381 -0.007346 0 0
0 0 0.28568 0 0 0 0 0 0 0 0 0 0 -0.076876 0.11064 0.25192 -0.026421 0.0040094 -0.0098233 0 0
0 0 0.29033 0 0 0 0 0 0 0 0 0 0 -0.078126 0.11244 0.25602 -0.026864 0.0040129 -0.0099602 0 0
-0 -0 -0.33594 0 0 0 0 0 0 0 0 0 0 0.090399 -0.1301 -0.29623 0.026905 -0.0138 0.014271 0 0
0 0 0.1338 0 0 0 0 0 0 0 0 0 0 -0.036005 0.051818 0.11799 -0.01211 0.0028016 -0.0049258 0 0
0 0 0.25724 0 0 0 0 0 0 0 0 0 0 -0.069223 0.099624 0.22684 -0.023709 0.0039446 -0.0089675 0 0
-0 -0 -0.018327 0 0 0 0 0 0 0 0 0 0 0.0049317 -0.0070976 -0.016161 0.0016095 -0.00050796 0.00071424 0 0
