-0 -0 -0.099074 0 0 0 0 0 0 0 0 0 0 0.02666 -0.038369 -0.087366 0.0064008 -0.0073893 0.0051985 0 0
0 0 0.17861 0 0 0 0 0 0 0 0 0 0 -0.048063 0.06917 0.1575 -0.013544 0.011425 -0.0091507 0 0
0 0 0.26515 0 0 0 0 0 0 0 0 0 0 -0.07135 0.10268 0.23381 -0.020928 0.015994 -0.013411 0 0
-0 -0 -0.016041 0 0 0 0 0 0 0 0 0 0 0.0043167 -0.0062124 -0.014146 0.0010932 -0.0011485 0.00083801 0 0
-0 -0 -0.16574 0 0 0 0 0 0 0 0 0 0 0.0446 -0.064188 -0.14615 0.010219 -0.012738 0.0087126 0 0
0 0 0.32007 0 0 0 0 0 0 0 0 0 0 -0.086129 0.12396 0.28224 -0.025859 0.018544 -0.016035 0 0
0 0 0.28279 0 0 0 0 0 0 0 0 0 0 -0.076097 0.10952 0.24937 -0.022492 0.016843 -0.014261 0 0
0 0 0.27519 0 0 0 0 0 0 0 0 0 0 -0.074051 0.10657 0.24266 -0.021816 0.016481 -0.013895 0 0
-0 -0 -0.16081 0 0 0 0 0 0 0 0 0 0 0.043274 -0.062279 -0.14181 0.0099506 -0.012333 0.0084528 0 0
-0 -0 -0.124 0 0 0 0 0 0 0 0 0 0 0.033367 -0.048021 -0.10934 0.0078755 -0.009355 0.0065118 0 0
-0 -0 -0.15286 0 0 0 0 0 0 0 0 0 0 0.041135 -0.0592 -0.1348 0.0095131 -0.011683 0.0080337 0 0
0 0 0.2978 0 0 0 0 0 0 0 0 0 0 -0.080138 0.11533 0.26261 -0.023838 0.017544 -0.014979 0 0
-0 -0 -0.11867 0 0 0 0 0 0 0 0 0 0 0.031932 -0.045956 -0.10464 0.0075648 -0.0089311 0.0062308 0 0
-0 -0 -0.0056578 0 0 0 0 0 0 0 0 0 0 0.0015225 -0.0021911 -0.0049891 0.00038803 -0.0004029 0.00029535 0 0
0 0 0.19453 0 0 0 0 0 0 0 0 0 0 -0.052346 0.075335 0.17154 -0.014865 0.012315 -0.0099446 0 0
0 0 0.19058 0 0 0 0 0 0 0 0 0 0 -0.051283 0.073806 0.16805 -0.014535 0.012096 -0.009748 0 0
0 0 0.20378 0 0 0 0 0 0 0 0 0 0 -0.054836 0.078919 0.1797 -0.015641 0.012822 -0.010404 0 0
0 0 0.074424 0 0 0 0 0 0 0 0 0 0 -0.020027 0.028823 0.065629 -0.0053463 0.0050724 -0.0038591 0 0
-0 -0 -0.28947 0 0 0 0 0 0 0 0 0 0 0.077895 -0.1121 -0.25526 0.016198 -0.023376 0.015209 0 0
-0 -0 -0.15696 0 0 0 0 0 0 0 0 0 0 0.042237 -0.060787 -0.13841 0.0097393 -0.012017 0.0082497 0 0
0 0 0.092373 0 0 0 0 0 0 0 0 0 0 -0.024857 0.035774 0.081457 -0.006701 0.0062306 -0.0047812 0 0
-0 -0 -0.34579 0 0 0 0 0 0 0 0 0 0 0.09305 -0.13392 -0.30492 0.018423 -0.028488 0.018133 0 0
0 0 0.021649 0 0 0 0 0 0 0 0 0 0 -0.0058255 0.008384 0.01909 -0.0015091 0.0015194 -0.0011278 0 0
0 0 0.19096 0 0 0 0 0 0 0 0 0 0 -0.051387 0.073956 0.1684 -0.014568 0.012118 -0.0097673 0 0
0 0 0.21663 0 0 0 0 0 0 0 0 0 0 -0.058293 0.083894 0.19102 -0.016727 0.013514 -0.011039 0 0
-0 -0 -0.079576 0 0 0 0 0 0 0 0 0 0 0.021414 -0.030818 -0.070172 0.0052084 -0.0058805 0.004172 0 0
-0 -0 -0.16523 0 0 0 0 0 0 0 0 0 0 0.044464 -0.063991 -0.14571 0.010191 -0.012696 0.0086859 0 0
0 0 0.27292 0 0 0 0 0 0 0 0 0 0 -0.07344 0.10569 0.24066 -0.021614 0.016372 -0.013786 0 0
0 0 0.062283 0 0 0 0 0 0 0 0 0 0 -0.01676 0.024121 0.054922 -0.004444 0.0042744 -0.0032333 0 0
-0 -0 -0.078529 0 0 0 0 0 0 0 0 0 0 0.021132 -0.030412 -0.069248 0.0051434 -0.0058001 0.0041168 0 0
0 0 0.1866 0 0 0 0 0 0 0 0 0 0 -0.050214 0.072267 0.16455 -0.014205 0.011875 -0.00955 0 0
-0 -0 -0.24067 0 0 0 0 0 0 0 0 0 0 0.064764 -0.093207 -0.21223 0.014016 -0.019077 0.012655 0 0
-0 -0 -0.29038 0 0 0 0 0 0 0 0 0 0 0.07814 -0.11246 -0.25606 0.016237 -0.023457 0.015257 0 0
-0 -0 -0.0078726 0 0 0 0 0 0 0 0 0 0 0.0021185 -0.0030489 -0.0069422 0.00053921 -0.00056127 0.00041104 0 0
-0 -0 -0.17203 0 0 0 0 0 0 0 0 0 0 0.046293 -0.066623 -0.1517 0.010558 -0.013257 0.0090441 0 0
0 0 0.26765 0 0 0 0 0 0 0 0 0 0 -0.072024 0.10366 0.23602 -0.021149 0.016117 -0.013532 0 0
0 0 0.072628 0 0 0 0 0 0 0 0 0 0 -0.019544 0.028127 0.064045 -0.005212 0.0049551 -0.0037667 0 0
-0 -0 -0.3447 0 0 0 0 0 0 0 0 0 0 0.092758 -0.13349 -0.30397 0.018383 -0.028388 0.018077 0 0
0 0 0.34548 0 0 0 0 0 0 0 0 0 0 -0.092967 0.1338 0.30465 -0.028199 0.019629 -0.017226 0 0
0 0 0.30161 0 0 0 0 0 0 0 0 0 0 -0.081162 0.11681 0.26597 -0.024182 0.017718 -0.015161 0 0
0 0 0.31261 0 0 0 0 0 0 0 0 0 0 -0.084122 0.12107 0.27567 -0.025178 0.018214 -0.015683 0 0
-0 -0 -0.29488 0 0 0 0 0 0 0 0 0 0 0.079352 -0.1142 -0.26003 0.016426 -0.02386 0.015491 0 0
-0 -0 -0.34314 0 0 0 0 0 0 0 0 0 0 0.092338 -0.13289 -0.30259 0.018326 -0.028244 0.017996 0 0
0 0 0.33597 0 0 0 0 0 0 0 0 0 0 -0.090408 0.13011 0.29627 -0.027319 0.01923 -0.016782 0 0
0 0 0.19223 0 0 0 0 0 0 0 0 0 0 -0.051729 0.074447 0.16952 -0.014673 0.012188 -0.0098305 0 0
-0 -0 -0.001658 0 0 0 0 0 0 0 0 0 0 0.00044617 -0.00064212 -0.0014621 0.00011399 -0.00011782 8.6531e-05 0 0
-0 -0 -0.13429 0 0 0 0 0 0 0 0 0 0 0.036136 -0.052006 -0.11842 0.008468 -0.010178 0.0070542 0 0
-0 -0 -0.081201 0 0 0 0 0 0 0 0 0 0 0.021851 -0.031447 -0.071604 0.0053091 -0.0060052 0.0042574 0 0
-0 -0 -0.010568 0 0 0 0 0 0 0 0 0 0 0.0028438 -0.0040927 -0.0093191 0.00072263 -0.00075449 0.00055187 0 0
-0 -0 -0.28726 0 0 0 0 0 0 0 0 0 0 0.077301 -0.11125 -0.25332 0.016105 -0.023179 0.015094 0 0
0 0 0.33931 0 0 0 0 0 0 0 0 0 0 -0.091306 0.13141 0.29921 -0.027627 0.019371 -0.016938 0 0
0 0 0.27229 0 0 0 0 0 0 0 0 0 0 -0.073272 0.10545 0.24011 -0.021559 0.016342 -0.013756 0 0
-0 -0 -0.33183 0 0 0 0 0 0 0 0 0 0 0.089292 -0.12851 -0.29261 0.017901 -0.027206 0.017411 0 0
0 0 0.26304 0 0 0 0 0 0 0 0 0 0 -0.070784 0.10187 0.23196 -0.020743 0.015891 -0.013309 0 0
-0 -0 -0.21445 0 0 0 0 0 0 0 0 0 0 0.057707 -0.08305 -0.1891 0.012748 -0.016821 0.011278 0 0
-0 -0 -0.15182 0 0 0 0 0 0 0 0 0 0 0.040853 -0.058795 -0.13387 0.0094551 -0.011597 0.0079785 0 0
0 0 0.10752 0 0 0 0 0 0 0 0 0 0 -0.028932 0.041638 0.094809 -0.007863 0.0071874 -0.005556 0 0
0 0 0.12502 0 0 0 0 0 0 0 0 0 0 -0.033641 0.048416 0.11024 -0.0092274 0.0082699 -0.0064478 0 0
0 0 0.13085 0 0 0 0 0 0 0 0 0 0 -0.03521 0.050674 0.11538 -0.009687 0.008625 -0.006744 0 0
0 0 0.17545 0 0 0 0 0 0 0 0 0 0 -0.047212 0.067946 0.15471 -0.013284 0.011246 -0.0089925 0 0
-0 -0 -0.25885 0 0 0 0 0 0 0 0 0 0 0.069655 -0.10025 -0.22826 0.014856 -0.020664 0.013608 0 0
0 0 0.12698 0 0 0 0 0 0 0 0 0 0 -0.034171 0.049178 0.11198 -0.0093822 0.0083901 -0.0065478 0 0
0 0 0.12889 0 0 0 0 0 0 0 0 0 0 -0.034682 0.049914 0.11365 -0.0095321 0.0085058 -0.0066443 0 0
0 0 0.044923 0 0 0 0 0 0 0 0 0 0 -0.012088 0.017397 0.039614 -0.003174 0.0031131 -0.0023358 0 0
-0 -0 -0.1983 0 0 0 0 0 0 0 0 0 0 0.053362 -0.076797 -0.17487 0.011934 -0.015452 0.010428 0 0
-0 -0 -0.14016 0 0 0 0 0 0 0 0 0 0 0.037716 -0.05428 -0.12359 0.0088017 -0.010651 0.0073638 0 0
-0 -0 -0.21136 0 0 0 0 0 0 0 0 0 0 0.056876 -0.081854 -0.18638 0.012594 -0.016558 0.011115 0 0
-0 -0 -0.10695 0 0 0 0 0 0 0 0 0 0 0.028779 -0.041419 -0.09431 0.0068728 -0.0080059 0.0056133 0 0
-0 -0 -0.34656 0 0 0 0 0 0 0 0 0 0 0.093257 -0.13421 -0.3056 0.018451 -0.028559 0.018173 0 0
-0 -0 -0.2226 0 0 0 0 0 0 0 0 0 0 0.0599 -0.086207 -0.19629 0.013149 -0.017518 0.011706 0 0
0 0 0.30844 0 0 0 0 0 0 0 0 0 0 -0.083001 0.11945 0.27199 -0.0248 0.018028 -0.015485 0 0
-0 -0 -0.195 0 0 0 0 0 0 0 0 0 0 0.052472 -0.075517 -0.17195 0.011765 -0.015173 0.010254 0 0
-0 -0 -0.00081697 0 0 0 0 0 0 0 0 0 0 0.00021984 -0.00031639 -0.00072042 5.6195e-05 -5.803e-05 4.2634e-05 0 0
-0 -0 -0.020514 0 0 0 0 0 0 0 0 0 0 0.0055201 -0.0079444 -0.018089 0.0013942 -0.0014721 0.001072 0 0
-0 -0 -0.072506 0 0 0 0 0 0 0 0 0 0 0.019511 -0.02808 -0.063937 0.0047678 -0.0053398 0.0038 0 0
0 0 0.032801 0 0 0 0 0 0 0 0 0 0 -0.0088266 0.012703 0.028925 -0.0023015 0.0022883 -0.0017073 0 0
-0 -0 -0.23019 0 0 0 0 0 0 0 0 0 0 0.061942 -0.089146 -0.20298 0.013517 -0.01817 0.012105 0 0
0 0 0.024632 0 0 0 0 0 0 0 0 0 0 -0.0066283 0.0095393 0.021721 -0.0017201 0.001726 -0.0012829 0 0
-0 -0 -0.29179 0 0 0 0 0 0 0 0 0 0 0.07852 -0.113 -0.25731 0.016296 -0.023584 0.01533 0 0
-0 -0 -0.091113 0 0 0 0 0 0 0 0 0 0 0.024518 -0.035286 -0.080345 0.005918 -0.0067701 0.0047792 0 0
0 0 0.25786 0 0 0 0 0 0 0 0 0 0 -0.06939 0.099864 0.22739 -0.020288 0.015635 -0.013058 0 0
-0 -0 -0.18537 0 0 0 0 0 0 0 0 0 0 0.049883 -0.07179 -0.16347 0.011265 -0.014367 0.0097471 0 0
-0 -0 -0.060879 0 0 0 0 0 0 0 0 0 0 0.016382 -0.023577 -0.053684 0.0040336 -0.0044582 0.0031888 0 0
-0 -0 -0.072609 0 0 0 0 0 0 0 0 0 0 0.019539 -0.02812 -0.064028 0.0047742 -0.0053477 0.0038055 0 0
-0 -0 -0.16016 0 0 0 0 0 0 0 0 0 0 0.0431 -0.062028 -0.14124 0.0099152 -0.01228 0.0084187 0 0
0 0 0.12424 0 0 0 0 0 0 0 0 0 0 -0.033433 0.048117 0.10956 -0.0091667 0.0082227 -0.0064085 0 0
0 0 0.081637 0 0 0 0 0 0 0 0 0 0 -0.021968 0.031616 0.071989 -0.0058877 0.005541 -0.0042302 0 0
-0 -0 -0.20275 0 0 0 0 0 0 0 0 0 0 0.054559 -0.07852 -0.17879 0.012161 -0.015828 0.010662 0 0
-0 -0 -0.1546 0 0 0 0 0 0 0 0 0 0 0.041601 -0.059871 -0.13633 0.009609 -0.011824 0.0081251 0 0
-0 -0 -0.013525 0 0 0 0 0 0 0 0 0 0 0.0036394 -0.0052377 -0.011926 0.00092313 -0.00096706 0.00070641 0 0
0 0 0.058158 0 0 0 0 0 0 0 0 0 0 -0.01565 0.022523 0.051285 -0.0041401 0.0040006 -0.0030203 0 0
-0 -0 -0.17103 0 0 0 0 0 0 0 0 0 0 0.046024 -0.066237 -0.15082 0.010505 -0.013175 0.0089916 0 0
0 0 0.066619 0 0 0 0 0 0 0 0 0 0 -0.017927 0.0258 0.058746 -0.0047649 0.0045607 -0.003457 0 0
0 0 0.34211 0 0 0 0 0 0 0 0 0 0 -0.09206 0.13249 0.30168 -0.027886 0.019488 -0.017069 0 0
-0 -0 -0.11752 0 0 0 0 0 0 0 0 0 0 0.031623 -0.045511 -0.10363 0.0074975 -0.00884 0.0061702 0 0
0 0 0.06931 0 0 0 0 0 0 0 0 0 0 -0.018651 0.026842 0.061119 -0.0049648 0.0047377 -0.0035958 0 0
-0 -0 -0.15413 0 0 0 0 0 0 0 0 0 0 0.041475 -0.059689 -0.13591 0.009583 -0.011786 0.0081003 0 0
0 0 0.29959 0 0 0 0 0 0 0 0 0 0 -0.080618 0.11602 0.26418 -0.023999 0.017626 -0.015064 0 0
0 0 0.27 0 0 0 0 0 0 0 0 0 0 -0.072655 0.10456 0.23809 -0.021356 0.016231 -0.013645 0 0
0 0 0.13695 0 0 0 0 0 0 0 0 0 0 -0.036852 0.053037 0.12076 -0.010171 0.0089934 -0.0070533 0 0
