-0 -0 -0.28689 0 0 0 0 0 0 0 0 0 0 0.066617 -0.11683 -0.25342 0.011467 -0.025837 0.014925 0 0
0 0 0.15488 0 0 0 0 0 0 0 0 0 0 -0.035963 0.063069 0.13681 -0.0094812 0.01203 -0.0080385 0 0
-0 -0 -0.082314 0 0 0 0 0 0 0 0 0 0 0.019113 -0.03352 -0.07271 0.0041325 -0.006998 0.0043125 0 0
-0 -0 -0.055051 0 0 0 0 0 0 0 0 0 0 0.012783 -0.022418 -0.048628 0.0028363 -0.0046381 0.0028838 0 0
-0 -0 -0.26894 0 0 0 0 0 0 0 0 0 0 0.062447 -0.10952 -0.23756 0.010996 -0.024114 0.014008 0 0
-0 -0 -0.32946 0 0 0 0 0 0 0 0 0 0 0.0765 -0.13416 -0.29102 0.012445 -0.029963 0.017085 0 0
-0 -0 -0.27267 0 0 0 0 0 0 0 0 0 0 0.063315 -0.11104 -0.24086 0.011097 -0.024472 0.014199 0 0
-0 -0 -0.012016 0 0 0 0 0 0 0 0 0 0 0.0027902 -0.0048933 -0.010614 0.0006438 -0.00099737 0.00062903 0 0
0 0 0.12171 0 0 0 0 0 0 0 0 0 0 -0.028262 0.049564 0.10751 -0.0072715 0.0095901 -0.0063326 0 0
0 0 0.10168 0 0 0 0 0 0 0 0 0 0 -0.023609 0.041404 0.089812 -0.0059828 0.0080785 -0.005297 0 0
0 0 0.18825 0 0 0 0 0 0 0 0 0 0 -0.043712 0.07666 0.16629 -0.011799 0.014406 -0.009743 0 0
0 0 0.18943 0 0 0 0 0 0 0 0 0 0 -0.043985 0.077137 0.16732 -0.011882 0.014488 -0.0098027 0 0
0 0 0.26532 0 0 0 0 0 0 0 0 0 0 -0.061607 0.10804 0.23436 -0.017498 0.019571 -0.013622 0 0
0 0 0.32266 0 0 0 0 0 0 0 0 0 0 -0.074922 0.13139 0.28501 -0.022036 0.02311 -0.016446 0 0
0 0 0.23213 0 0 0 0 0 0 0 0 0 0 -0.053901 0.094529 0.20505 -0.014986 0.017403 -0.011962 0 0
-0 -0 -0.066763 0 0 0 0 0 0 0 0 0 0 0.015502 -0.027187 -0.058973 0.0034021 -0.005647 0.0034976 0 0
0 0 0.033278 0 0 0 0 0 0 0 0 0 0 -0.0077271 0.013551 0.029395 -0.0018537 0.0027165 -0.0017396 0 0
0 0 0.047671 0 0 0 0 0 0 0 0 0 0 -0.011069 0.019412 0.042109 -0.0026873 0.00387 -0.0024905 0 0
0 0 0.30681 0 0 0 0 0 0 0 0 0 0 -0.07124 0.12494 0.27101 -0.020756 0.022158 -0.015672 0 0
0 0 0.16281 0 0 0 0 0 0 0 0 0 0 -0.037804 0.066298 0.14381 -0.010023 0.012602 -0.0084446 0 0
-0 -0 -0.27039 0 0 0 0 0 0 0 0 0 0 0.062785 -0.11011 -0.23884 0.011036 -0.024254 0.014082 0 0
0 0 0.26779 0 0 0 0 0 0 0 0 0 0 -0.062181 0.10905 0.23655 -0.017688 0.01973 -0.013745 0 0
-0 -0 -0.3401 0 0 0 0 0 0 0 0 0 0 0.07897 -0.13849 -0.30041 0.01266 -0.031003 0.01762 0 0
0 0 0.23062 0 0 0 0 0 0 0 0 0 0 -0.05355 0.093913 0.20371 -0.014873 0.017303 -0.011886 0 0
-0 -0 -0.013895 0 0 0 0 0 0 0 0 0 0 0.0032265 -0.0056584 -0.012274 0.00074323 -0.0011541 0.00072742 0 0
0 0 0.27946 0 0 0 0 0 0 0 0 0 0 -0.064891 0.1138 0.24685 -0.018594 0.020469 -0.014324 0 0
-0 -0 -0.24146 0 0 0 0 0 0 0 0 0 0 0.056067 -0.098327 -0.21329 0.010211 -0.021502 0.012597 0 0
-0 -0 -0.2856 0 0 0 0 0 0 0 0 0 0 0.066317 -0.1163 -0.25228 0.011434 -0.025713 0.01486 0 0
0 0 0.12365 0 0 0 0 0 0 0 0 0 0 -0.028712 0.050353 0.10922 -0.007398 0.0097348 -0.0064325 0 0
0 0 0.013564 0 0 0 0 0 0 0 0 0 0 -0.0031495 0.0055233 0.011981 -0.00074304 0.0011154 -0.00070952 0 0
-0 -0 -0.0093772 0 0 0 0 0 0 0 0 0 0 0.0021774 -0.0038186 -0.008283 0.00050357 -0.00077758 0.00049084 0 0
0 0 0.073825 0 0 0 0 0 0 0 0 0 0 -0.017142 0.030063 0.065211 -0.0042505 0.0059322 -0.0038521 0 0
-0 -0 -0.33463 0 0 0 0 0 0 0 0 0 0 0.0777 -0.13627 -0.29558 0.012551 -0.030468 0.017345 0 0
-0 -0 -0.18288 0 0 0 0 0 0 0 0 0 0 0.042464 -0.074471 -0.16154 0.008274 -0.016029 0.0095647 0 0
0 0 0.33814 0 0 0 0 0 0 0 0 0 0 -0.078516 0.1377 0.29869 -0.023302 0.024019 -0.017198 0 0
0 0 0.1023 0 0 0 0 0 0 0 0 0 0 -0.023753 0.041657 0.09036 -0.0060221 0.0081256 -0.005329 0 0
0 0 0.31924 0 0 0 0 0 0 0 0 0 0 -0.074127 0.13 0.28199 -0.021758 0.022906 -0.016279 0 0
-0 -0 -0.14189 0 0 0 0 0 0 0 0 0 0 0.032948 -0.057782 -0.12534 0.0067092 -0.01229 0.0074294 0 0
-0 -0 -0.31249 0 0 0 0 0 0 0 0 0 0 0.072561 -0.12725 -0.27603 0.012078 -0.028312 0.016227 0 0
0 0 0.1811 0 0 0 0 0 0 0 0 0 0 -0.042052 0.073748 0.15997 -0.011295 0.013904 -0.0093789 0 0
0 0 0.092527 0 0 0 0 0 0 0 0 0 0 -0.021485 0.037679 0.081731 -0.0054061 0.0073792 -0.004823 0 0
0 0 0.049611 0 0 0 0 0 0 0 0 0 0 -0.01152 0.020202 0.043822 -0.0028011 0.0040245 -0.0025916 0 0
-0 -0 -0.22906 0 0 0 0 0 0 0 0 0 0 0.053187 -0.093277 -0.20233 0.0098308 -0.020331 0.011957 0 0
-0 -0 -0.11145 0 0 0 0 0 0 0 0 0 0 0.02588 -0.045386 -0.09845 0.005437 -0.0095639 0.0058383 0 0
-0 -0 -0.012284 0 0 0 0 0 0 0 0 0 0 0.0028523 -0.0050021 -0.01085 0.00065796 -0.0010196 0.00064302 0 0
0 0 0.32264 0 0 0 0 0 0 0 0 0 0 -0.074917 0.13138 0.28499 -0.022034 0.023109 -0.016445 0 0
0 0 0.021428 0 0 0 0 0 0 0 0 0 0 -0.0049756 0.0087258 0.018928 -0.0011818 0.0017569 -0.0011206 0 0
-0 -0 -0.031079 0 0 0 0 0 0 0 0 0 0 0.0072165 -0.012656 -0.027453 0.0016369 -0.002597 0.0016275 0 0
-0 -0 -0.23472 0 0 0 0 0 0 0 0 0 0 0.054502 -0.095581 -0.20733 0.010006 -0.020865 0.012249 0 0
0 0 0.33404 0 0 0 0 0 0 0 0 0 0 -0.077564 0.13603 0.29507 -0.022965 0.02378 -0.017 0 0
0 0 0.023478 0 0 0 0 0 0 0 0 0 0 -0.0054515 0.0095606 0.020738 -0.0012971 0.0019235 -0.0012277 0 0
0 0 0.20703 0 0 0 0 0 0 0 0 0 0 -0.048073 0.084308 0.18288 -0.013144 0.015707 -0.010696 0 0
-0 -0 -0.071982 0 0 0 0 0 0 0 0 0 0 0.016714 -0.029312 -0.063583 0.0036498 -0.0060989 0.0037711 0 0
0 0 0.018154 0 0 0 0 0 0 0 0 0 0 -0.0042154 0.0073928 0.016036 -0.00099844 0.0014903 -0.00094952 0 0
0 0 0.043006 0 0 0 0 0 0 0 0 0 0 -0.0099859 0.017513 0.037988 -0.002415 0.0034975 -0.0022472 0 0
-0 -0 -0.11886 0 0 0 0 0 0 0 0 0 0 0.027599 -0.048401 -0.10499 0.005755 -0.010223 0.0062256 0 0
0 0 0.16438 0 0 0 0 0 0 0 0 0 0 -0.038169 0.066938 0.1452 -0.010132 0.012715 -0.008525 0 0
-0 -0 -0.25701 0 0 0 0 0 0 0 0 0 0 0.059678 -0.10466 -0.22702 0.010665 -0.022977 0.013396 0 0
-0 -0 -0.14716 0 0 0 0 0 0 0 0 0 0 0.034171 -0.059927 -0.12999 0.0069199 -0.012766 0.0077044 0 0
0 0 0.26991 0 0 0 0 0 0 0 0 0 0 -0.062674 0.10991 0.23842 -0.017852 0.019865 -0.013851 0 0
0 0 0.010852 0 0 0 0 0 0 0 0 0 0 -0.0025198 0.0044191 0.0095858 -0.00059312 0.00089329 -0.00056773 0 0
-0 -0 -0.11776 0 0 0 0 0 0 0 0 0 0 0.027344 -0.047954 -0.10402 0.0057081 -0.010125 0.0061681 0 0
-0 -0 -0.017733 0 0 0 0 0 0 0 0 0 0 0.0041177 -0.0072214 -0.015664 0.00094529 -0.0014749 0.00092843 0 0
-0 -0 -0.038799 0 0 0 0 0 0 0 0 0 0 0.0090091 -0.0158 -0.034272 0.0020292 -0.0032508 0.0020321 0 0
-0 -0 -0.057992 0 0 0 0 0 0 0 0 0 0 0.013466 -0.023615 -0.051225 0.0029796 -0.0048907 0.0030379 0 0
0 0 0.25207 0 0 0 0 0 0 0 0 0 0 -0.058531 0.10265 0.22266 -0.016485 0.018716 -0.012962 0 0
-0 -0 -0.056121 0 0 0 0 0 0 0 0 0 0 0.013031 -0.022854 -0.049573 0.0028886 -0.00473 0.0029399 0 0
-0 -0 -0.33499 0 0 0 0 0 0 0 0 0 0 0.077784 -0.13641 -0.2959 0.012558 -0.030503 0.017363 0 0
-0 -0 -0.19129 0 0 0 0 0 0 0 0 0 0 0.044418 -0.077898 -0.16897 0.0085741 -0.016807 0.010002 0 0
-0 -0 -0.18867 0 0 0 0 0 0 0 0 0 0 0.043808 -0.076828 -0.16665 0.0084812 -0.016564 0.0098655 0 0
-0 -0 -0.30133 0 0 0 0 0 0 0 0 0 0 0.069969 -0.12271 -0.26617 0.01182 -0.02723 0.01566 0 0
0 0 0.17678 0 0 0 0 0 0 0 0 0 0 -0.041048 0.071987 0.15615 -0.010992 0.013599 -0.0091585 0 0
0 0 0.010004 0 0 0 0 0 0 0 0 0 0 -0.002323 0.004074 0.0088372 -0.0005464 0.00082378 -0.0005234 0 0
0 0 0.33825 0 0 0 0 0 0 0 0 0 0 -0.078542 0.13774 0.29879 -0.023311 0.024025 -0.017204 0 0
-0 -0 -0.2533 0 0 0 0 0 0 0 0 0 0 0.058816 -0.10315 -0.22375 0.010559 -0.022624 0.013206 0 0
-0 -0 -0.046257 0 0 0 0 0 0 0 0 0 0 0.010741 -0.018837 -0.04086 0.0024028 -0.0038856 0.0024229 0 0
-0 -0 -0.33467 0 0 0 0 0 0 0 0 0 0 0.077711 -0.13628 -0.29562 0.012552 -0.030472 0.017347 0 0
-0 -0 -0.17729 0 0 0 0 0 0 0 0 0 0 0.041168 -0.072197 -0.15661 0.0080709 -0.015515 0.0092744 0 0
0 0 0.026841 0 0 0 0 0 0 0 0 0 0 -0.0062325 0.01093 0.023709 -0.0014871 0.0021963 -0.0014034 0 0
-0 -0 -0.21341 0 0 0 0 0 0 0 0 0 0 0.049555 -0.086906 -0.18851 0.0093281 -0.018864 0.011149 0 0
0 0 0.26333 0 0 0 0 0 0 0 0 0 0 -0.061145 0.10723 0.2326 -0.017345 0.019444 -0.013523 0 0
-0 -0 -0.0067286 0 0 0 0 0 0 0 0 0 0 0.0015624 -0.00274 -0.0059435 0.00036218 -0.00055742 0.00035218 0 0
-0 -0 -0.21971 0 0 0 0 0 0 0 0 0 0 0.051017 -0.08947 -0.19407 0.0095335 -0.019453 0.011474 0 0
0 0 0.3128 0 0 0 0 0 0 0 0 0 0 -0.072631 0.12738 0.2763 -0.021238 0.02252 -0.015965 0 0
0 0 0.18371 0 0 0 0 0 0 0 0 0 0 -0.042658 0.07481 0.16228 -0.011478 0.014088 -0.0095118 0 0
0 0 0.12093 0 0 0 0 0 0 0 0 0 0 -0.028079 0.049243 0.10682 -0.0072203 0.0095313 -0.006292 0 0
0 0 0.14466 0 0 0 0 0 0 0 0 0 0 -0.033591 0.05891 0.12779 -0.0087907 0.011287 -0.0075143 0 0
0 0 0.098382 0 0 0 0 0 0 0 0 0 0 -0.022844 0.040063 0.086903 -0.0057743 0.0078274 -0.0051264 0 0
-0 -0 -0.13107 0 0 0 0 0 0 0 0 0 0 0.030435 -0.053375 -0.11578 0.0062676 -0.011316 0.0068641 0 0
-0 -0 -0.031835 0 0 0 0 0 0 0 0 0 0 0.007392 -0.012964 -0.02812 0.0016756 -0.0026608 0.0016671 0 0
-0 -0 -0.13252 0 0 0 0 0 0 0 0 0 0 0.030771 -0.053965 -0.11706 0.0063274 -0.011446 0.0069398 0 0
-0 -0 -0.078838 0 0 0 0 0 0 0 0 0 0 0.018306 -0.032104 -0.06964 0.0039713 -0.0066949 0.0041304 0 0
0 0 0.0721 0 0 0 0 0 0 0 0 0 0 -0.016742 0.02936 0.063687 -0.0041454 0.0057975 -0.0037624 0 0
-0 -0 -0.024699 0 0 0 0 0 0 0 0 0 0 0.0057351 -0.010058 -0.021817 0.0013084 -0.0020593 0.0012933 0 0
0 0 0.087134 0 0 0 0 0 0 0 0 0 0 -0.020233 0.035483 0.076967 -0.0050697 0.0069643 -0.0045433 0 0
0 0 0.2394 0 0 0 0 0 0 0 0 0 0 -0.055589 0.097488 0.21147 -0.015528 0.017886 -0.012327 0 0
-0 -0 -0.28825 0 0 0 0 0 0 0 0 0 0 0.066932 -0.11738 -0.25462 0.011501 -0.025968 0.014995 0 0
-0 -0 -0.21485 0 0 0 0 0 0 0 0 0 0 0.049889 -0.087493 -0.18979 0.0093755 -0.018999 0.011223 0 0
0 0 0.076817 0 0 0 0 0 0 0 0 0 0 -0.017837 0.031281 0.067854 -0.0044332 0.0061652 -0.0040076 0 0
0 0 0.28393 0 0 0 0 0 0 0 0 0 0 -0.065929 0.11562 0.2508 -0.018944 0.020749 -0.014545 0 0
