-0 -0 -0.18963 0 0 0 0 0 0 0 0 0 0 0.05103 -0.073441 -0.16722 -0.013321 -0.02421 0.0065673 0 0
-0 -0 -0.31476 0 0 0 0 0 0 0 0 0 0 0.084699 -0.1219 -0.27756 -0.024482 -0.038967 0.0096422 0 0
0 0 0.076528 0 0 0 0 0 0 0 0 0 0 -0.020593 0.029637 0.067484 0.0040541 0.010231 -0.003256 0 0
-0 -0 -0.012432 0 0 0 0 0 0 0 0 0 0 0.0033455 -0.0048147 -0.010963 -0.00073241 -0.0016413 0.00049732 0 0
0 0 0.1056 0 0 0 0 0 0 0 0 0 0 -0.028417 0.040897 0.093121 0.0053863 0.014167 -0.0045782 0 0
-0 -0 -0.10813 0 0 0 0 0 0 0 0 0 0 0.029098 -0.041877 -0.095353 -0.0070418 -0.014039 0.0040169 0 0
0 0 0.063427 0 0 0 0 0 0 0 0 0 0 -0.017068 0.024564 0.055931 0.0034161 0.0084653 -0.0026753 0 0
0 0 0.048671 0 0 0 0 0 0 0 0 0 0 -0.013097 0.018849 0.042919 0.0026696 0.0064831 -0.0020326 0 0
-0 -0 -0.04731 0 0 0 0 0 0 0 0 0 0 0.012731 -0.018322 -0.041719 -0.0028953 -0.0062104 0.0018439 0 0
-0 -0 -0.025728 0 0 0 0 0 0 0 0 0 0 0.0069233 -0.0099639 -0.022688 -0.0015382 -0.0033894 0.0010192 0 0
0 0 0.25818 0 0 0 0 0 0 0 0 0 0 -0.069475 0.099987 0.22767 0.010448 0.03511 -0.012231 0 0
0 0 0.12714 0 0 0 0 0 0 0 0 0 0 -0.034212 0.049237 0.11211 0.0062981 0.017097 -0.0055868 0 0
-0 -0 -0.025196 0 0 0 0 0 0 0 0 0 0 0.0067802 -0.0097579 -0.022219 -0.0015055 -0.0033196 0.00099848 0 0
-0 -0 -0.016101 0 0 0 0 0 0 0 0 0 0 0.0043328 -0.0062357 -0.014199 -0.00095246 -0.0021245 0.00064236 0 0
-0 -0 -0.12316 0 0 0 0 0 0 0 0 0 0 0.033142 -0.047697 -0.10861 -0.0081384 -0.015944 0.0045187 0 0
-0 -0 -0.13555 0 0 0 0 0 0 0 0 0 0 0.036476 -0.052495 -0.11953 -0.0090635 -0.017504 0.0049218 0 0
0 0 0.041464 0 0 0 0 0 0 0 0 0 0 -0.011158 0.016058 0.036563 0.0022943 0.0055176 -0.0017231 0 0
0 0 0.099181 0 0 0 0 0 0 0 0 0 0 -0.026689 0.03841 0.08746 0.0051021 0.013296 -0.0042823 0 0
0 0 0.14608 0 0 0 0 0 0 0 0 0 0 -0.03931 0.056574 0.12882 0.0070471 0.019684 -0.0064943 0 0
-0 -0 -0.32455 0 0 0 0 0 0 0 0 0 0 0.087335 -0.12569 -0.2862 -0.02543 -0.040072 0.0098388 0 0
-0 -0 -0.147 0 0 0 0 0 0 0 0 0 0 0.039556 -0.056928 -0.12962 -0.009935 -0.018938 0.0052856 0 0
0 0 0.16834 0 0 0 0 0 0 0 0 0 0 -0.0453 0.065195 0.14845 0.0078633 0.022733 -0.0075842 0 0
-0 -0 -0.041564 0 0 0 0 0 0 0 0 0 0 0.011185 -0.016097 -0.036652 -0.0025281 -0.0054614 0.0016271 0 0
0 0 0.11455 0 0 0 0 0 0 0 0 0 0 -0.030824 0.044361 0.10101 0.0057728 0.015383 -0.0049942 0 0
-0 -0 -0.0088247 0 0 0 0 0 0 0 0 0 0 0.0023747 -0.0034176 -0.0077818 -0.00051778 -0.0011657 0.00035394 0 0
0 0 0.28221 0 0 0 0 0 0 0 0 0 0 -0.07594 0.10929 0.24885 0.010945 0.038431 -0.013538 0 0
-0 -0 -0.092772 0 0 0 0 0 0 0 0 0 0 0.024964 -0.035928 -0.081808 -0.0059503 -0.01208 0.0034895 0 0
-0 -0 -0.138 0 0 0 0 0 0 0 0 0 0 0.037136 -0.053446 -0.1217 -0.009249 -0.017813 0.0050005 0 0
0 0 0.34087 0 0 0 0 0 0 0 0 0 0 -0.091727 0.13201 0.30059 0.01181 0.046543 -0.016837 0 0
-0 -0 -0.30896 0 0 0 0 0 0 0 0 0 0 0.083139 -0.11965 -0.27245 -0.023927 -0.038309 0.0095228 0 0
0 0 0.22859 0 0 0 0 0 0 0 0 0 0 -0.061512 0.088526 0.20157 0.0097228 0.031023 -0.010658 0 0
-0 -0 -0.1401 0 0 0 0 0 0 0 0 0 0 0.037701 -0.054259 -0.12355 -0.0094083 -0.018076 0.0050675 0 0
0 0 0.3136 0 0 0 0 0 0 0 0 0 0 -0.084387 0.12145 0.27654 0.011469 0.042772 -0.015285 0 0
0 0 0.23267 0 0 0 0 0 0 0 0 0 0 -0.062609 0.090106 0.20517 0.0098302 0.031586 -0.010872 0 0
-0 -0 -0.29031 0 0 0 0 0 0 0 0 0 0 0.078122 -0.11243 -0.25601 -0.022164 -0.036175 0.0091235 0 0
-0 -0 -0.069448 0 0 0 0 0 0 0 0 0 0 0.018688 -0.026895 -0.06124 -0.0043499 -0.0090814 0.0026609 0 0
-0 -0 -0.30687 0 0 0 0 0 0 0 0 0 0 0.082576 -0.11884 -0.2706 -0.023727 -0.03807 0.0094792 0 0
-0 -0 -0.2223 0 0 0 0 0 0 0 0 0 0 0.059819 -0.086091 -0.19603 -0.016062 -0.028169 0.0074698 0 0
0 0 0.14238 0 0 0 0 0 0 0 0 0 0 -0.038314 0.055141 0.12556 0.0069048 0.019178 -0.0063156 0 0
0 0 0.015652 0 0 0 0 0 0 0 0 0 0 -0.0042118 0.0060615 0.013802 0.00089299 0.0020752 -0.00063886 0 0
0 0 0.072041 0 0 0 0 0 0 0 0 0 0 -0.019386 0.0279 0.063528 0.0038383 0.0096256 -0.0030561 0 0
-0 -0 -0.32032 0 0 0 0 0 0 0 0 0 0 0.086197 -0.12405 -0.28247 -0.02502 -0.039596 0.0097547 0 0
-0 -0 -0.14585 0 0 0 0 0 0 0 0 0 0 0.039248 -0.056484 -0.12861 -0.009847 -0.018795 0.0052495 0 0
-0 -0 -0.30557 0 0 0 0 0 0 0 0 0 0 0.082228 -0.11834 -0.26946 -0.023604 -0.037923 0.0094521 0 0
0 0 0.23532 0 0 0 0 0 0 0 0 0 0 -0.063323 0.091133 0.20751 0.0098987 0.031952 -0.011012 0 0
-0 -0 -0.28415 0 0 0 0 0 0 0 0 0 0 0.076462 -0.11004 -0.25057 -0.021589 -0.035463 0.0089862 0 0
0 0 0.17584 0 0 0 0 0 0 0 0 0 0 -0.047319 0.0681 0.15506 0.0081227 0.023762 -0.0079571 0 0
0 0 0.13341 0 0 0 0 0 0 0 0 0 0 -0.035899 0.051665 0.11764 0.0065515 0.017952 -0.005885 0 0
0 0 0.32496 0 0 0 0 0 0 0 0 0 0 -0.087445 0.12585 0.28656 0.011624 0.044343 -0.015927 0 0
-0 -0 -0.18991 0 0 0 0 0 0 0 0 0 0 0.051103 -0.073546 -0.16746 -0.013344 -0.024243 0.006575 0 0
0 0 0.28925 0 0 0 0 0 0 0 0 0 0 -0.077834 0.11202 0.25506 0.011075 0.039405 -0.013926 0 0
0 0 0.20462 0 0 0 0 0 0 0 0 0 0 -0.055063 0.079246 0.18044 0.0090445 0.02772 -0.0094139 0 0
-0 -0 -0.32315 0 0 0 0 0 0 0 0 0 0 0.086959 -0.12515 -0.28496 -0.025294 -0.039915 0.0098111 0 0
0 0 0.13632 0 0 0 0 0 0 0 0 0 0 -0.036683 0.052793 0.12021 0.0066674 0.01835 -0.0060244 0 0
-0 -0 -0.33396 0 0 0 0 0 0 0 0 0 0 0.089868 -0.12934 -0.2945 -0.02635 -0.041128 0.010021 0 0
-0 -0 -0.25947 0 0 0 0 0 0 0 0 0 0 0.069822 -0.10049 -0.22881 -0.019332 -0.032586 0.0084116 0 0
0 0 0.22539 0 0 0 0 0 0 0 0 0 0 -0.060652 0.08729 0.19876 0.0096372 0.030583 -0.01049 0 0
0 0 0.13925 0 0 0 0 0 0 0 0 0 0 -0.037471 0.053927 0.12279 0.0067827 0.01875 -0.0061648 0 0
-0 -0 -0.14284 0 0 0 0 0 0 0 0 0 0 0.038437 -0.055317 -0.12596 -0.0096165 -0.018418 0.0051543 0 0
-0 -0 -0.29671 0 0 0 0 0 0 0 0 0 0 0.079843 -0.11491 -0.26164 -0.022764 -0.036909 0.0092631 0 0
0 0 0.26766 0 0 0 0 0 0 0 0 0 0 -0.072027 0.10366 0.23603 0.010654 0.036421 -0.012744 0 0
0 0 0.17534 0 0 0 0 0 0 0 0 0 0 -0.047183 0.067904 0.15462 0.0081055 0.023693 -0.0079319 0 0
-0 -0 -0.32324 0 0 0 0 0 0 0 0 0 0 0.086983 -0.12518 -0.28504 -0.025303 -0.039925 0.0098129 0 0
-0 -0 -0.27368 0 0 0 0 0 0 0 0 0 0 0.073646 -0.10599 -0.24134 -0.020624 -0.034248 0.0087475 0 0
0 0 0.29204 0 0 0 0 0 0 0 0 0 0 -0.078586 0.1131 0.25753 0.011124 0.039791 -0.014081 0 0
0 0 0.15038 0 0 0 0 0 0 0 0 0 0 -0.040466 0.058238 0.13261 0.00721 0.020272 -0.0067027 0 0
-0 -0 -0.024085 0 0 0 0 0 0 0 0 0 0 0.0064812 -0.0093276 -0.021239 -0.0014374 -0.0031738 0.00095523 0 0
0 0 0.31869 0 0 0 0 0 0 0 0 0 0 -0.085757 0.12342 0.28103 0.011541 0.043476 -0.015572 0 0
-0 -0 -0.022958 0 0 0 0 0 0 0 0 0 0 0.0061779 -0.0088911 -0.020245 -0.0013684 -0.0030258 0.0009113 0 0
0 0 0.17887 0 0 0 0 0 0 0 0 0 0 -0.048134 0.069273 0.15773 0.0082252 0.024178 -0.0081085 0 0
-0 -0 -0.23724 0 0 0 0 0 0 0 0 0 0 0.063839 -0.091876 -0.2092 -0.017357 -0.029956 0.0078593 0 0
-0 -0 -0.20728 0 0 0 0 0 0 0 0 0 0 0.055777 -0.080273 -0.18278 -0.014786 -0.026357 0.0070633 0 0
-0 -0 -0.096866 0 0 0 0 0 0 0 0 0 0 0.026066 -0.037514 -0.085418 -0.0062383 -0.012603 0.0036315 0 0
-0 -0 -0.20656 0 0 0 0 0 0 0 0 0 0 0.055583 -0.079994 -0.18215 -0.014726 -0.02627 0.0070435 0 0
0 0 0.18856 0 0 0 0 0 0 0 0 0 0 -0.05074 0.073024 0.16628 0.0085444 0.025509 -0.0085957 0 0
-0 -0 -0.19752 0 0 0 0 0 0 0 0 0 0 0.053151 -0.076494 -0.17418 -0.013971 -0.025172 0.0067915 0 0
0 0 0.096119 0 0 0 0 0 0 0 0 0 0 -0.025865 0.037225 0.08476 0.0049645 0.012881 -0.0041419 0 0
-0 -0 -0.28518 0 0 0 0 0 0 0 0 0 0 0.076741 -0.11044 -0.25148 -0.021685 -0.035582 0.0090095 0 0
0 0 0.057877 0 0 0 0 0 0 0 0 0 0 -0.015574 0.022414 0.051037 0.0031388 0.0077189 -0.0024321 0 0
-0 -0 -0.18656 0 0 0 0 0 0 0 0 0 0 0.050202 -0.072249 -0.16451 -0.01307 -0.023833 0.0064787 0 0
-0 -0 -0.099623 0 0 0 0 0 0 0 0 0 0 0.026808 -0.038581 -0.087849 -0.0064335 -0.012955 0.0037265 0 0
-0 -0 -0.13969 0 0 0 0 0 0 0 0 0 0 0.037591 -0.054099 -0.12318 -0.0093771 -0.018024 0.0050544 0 0
0 0 0.23824 0 0 0 0 0 0 0 0 0 0 -0.064109 0.092264 0.21008 0.009973 0.032355 -0.011166 0 0
0 0 0.29634 0 0 0 0 0 0 0 0 0 0 -0.079744 0.11477 0.26132 0.011198 0.040386 -0.014319 0 0
-0 -0 -0.32995 0 0 0 0 0 0 0 0 0 0 0.088789 -0.12778 -0.29096 -0.025957 -0.040679 0.0099444 0 0
-0 -0 -0.18929 0 0 0 0 0 0 0 0 0 0 0.050936 -0.073306 -0.16692 -0.013293 -0.024167 0.0065573 0 0
0 0 0.032927 0 0 0 0 0 0 0 0 0 0 -0.0088606 0.012752 0.029036 0.0018407 0.0043765 -0.0013603 0 0
0 0 0.0027745 0 0 0 0 0 0 0 0 0 0 -0.00074661 0.0010745 0.0024466 0.00016067 0.00036715 -0.00011221 0 0
0 0 0.23795 0 0 0 0 0 0 0 0 0 0 -0.064032 0.092154 0.20983 0.0099658 0.032316 -0.011151 0 0
0 0 0.031504 0 0 0 0 0 0 0 0 0 0 -0.0084777 0.012201 0.027781 0.0017642 0.0041865 -0.0013003 0 0
-0 -0 -0.28289 0 0 0 0 0 0 0 0 0 0 0.076125 -0.10956 -0.24946 -0.021473 -0.035317 0.008958 0 0
-0 -0 -0.1866 0 0 0 0 0 0 0 0 0 0 0.050213 -0.072266 -0.16455 -0.013073 -0.023839 0.0064799 0 0
0 0 0.28207 0 0 0 0 0 0 0 0 0 0 -0.075902 0.10924 0.24873 0.010942 0.038412 -0.013531 0 0
0 0 0.19574 0 0 0 0 0 0 0 0 0 0 -0.052673 0.075805 0.17261 0.0087724 0.026497 -0.0089599 0 0
-0 -0 -0.34438 0 0 0 0 0 0 0 0 0 0 0.09267 -0.13337 -0.30368 -0.027379 -0.042287 0.010217 0 0
-0 -0 -0.2963 0 0 0 0 0 0 0 0 0 0 0.079732 -0.11475 -0.26128 -0.022725 -0.036862 0.0092542 0 0
-0 -0 -0.1843 0 0 0 0 0 0 0 0 0 0 0.049595 -0.071376 -0.16252 -0.012886 -0.023557 0.0064134 0 0
0 0 0.12557 0 0 0 0 0 0 0 0 0 0 -0.03379 0.04863 0.11073 0.0062339 0.016884 -0.0055126 0 0
0 0 0.16953 0 0 0 0 0 0 0 0 0 0 -0.045619 0.065654 0.14949 0.0079048 0.022895 -0.0076429 0 0
0 0 0.065691 0 0 0 0 0 0 0 0 0 0 -0.017677 0.025441 0.057928 0.003528 0.00877 -0.002775 0 0
