0 0 0.25931 0 0 0 0 0 0 0 0 0 0 -0.060212 0.1056 0.22906 -0.0057475 0.01514 -0.0084904 0 0
-0 -0 -0.32659 0 0 0 0 0 0 0 0 0 0 0.075835 -0.13299 -0.28849 0.00080755 -0.020785 0.0097943 0 0
-0 -0 -0.19827 0 0 0 0 0 0 0 0 0 0 0.046039 -0.080739 -0.17514 0.001363 -0.012511 0.006126 0 0
-0 -0 -0.17908 0 0 0 0 0 0 0 0 0 0 0.041582 -0.072924 -0.15818 0.0013488 -0.01128 0.0055548 0 0
-0 -0 -0.061202 0 0 0 0 0 0 0 0 0 0 0.014211 -0.024923 -0.054061 0.00070712 -0.003803 0.0019391 0 0
0 0 0.34076 0 0 0 0 0 0 0 0 0 0 -0.079125 0.13877 0.301 -0.0084299 0.019462 -0.011188 0 0
-0 -0 -0.19129 0 0 0 0 0 0 0 0 0 0 0.044417 -0.077896 -0.16897 0.0013607 -0.012063 0.0059188 0 0
0 0 0.020646 0 0 0 0 0 0 0 0 0 0 -0.004794 0.0084074 0.018237 -0.00029564 0.0012672 -0.00066189 0 0
0 0 0.020065 0 0 0 0 0 0 0 0 0 0 -0.0046592 0.008171 0.017724 -0.00028694 0.0012317 -0.00064323 0 0
0 0 0.047165 0 0 0 0 0 0 0 0 0 0 -0.010952 0.019207 0.041662 -0.00071735 0.0028818 -0.0015171 0 0
0 0 0.2806 0 0 0 0 0 0 0 0 0 0 -0.065154 0.11426 0.24786 -0.0064096 0.016292 -0.0091959 0 0
-0 -0 -0.11084 0 0 0 0 0 0 0 0 0 0 0.025737 -0.045136 -0.097908 0.0010934 -0.0069311 0.0034827 0 0
-0 -0 -0.10151 0 0 0 0 0 0 0 0 0 0 0.023571 -0.041337 -0.089666 0.0010336 -0.0063405 0.0031948 0 0
0 0 0.19894 0 0 0 0 0 0 0 0 0 0 -0.046193 0.081011 0.17573 -0.0040222 0.011786 -0.0064909 0 0
0 0 0.080895 0 0 0 0 0 0 0 0 0 0 -0.018784 0.032942 0.071457 -0.0013214 0.0049126 -0.0026121 0 0
-0 -0 -0.27631 0 0 0 0 0 0 0 0 0 0 0.064159 -0.11252 -0.24407 0.0011598 -0.017538 0.00839 0 0
0 0 0.2324 0 0 0 0 0 0 0 0 0 0 -0.053964 0.094639 0.20529 -0.0049504 0.01366 -0.0075987 0 0
0 0 0.022183 0 0 0 0 0 0 0 0 0 0 -0.005151 0.0090335 0.019595 -0.0003188 0.0013612 -0.00071132 0 0
-0 -0 -0.32968 0 0 0 0 0 0 0 0 0 0 0.076551 -0.13425 -0.29121 0.00078033 -0.020984 0.0098789 0 0
0 0 0.1744 0 0 0 0 0 0 0 0 0 0 -0.040496 0.07102 0.15405 -0.0033868 0.01039 -0.0056803 0 0
-0 -0 -0.015394 0 0 0 0 0 0 0 0 0 0 0.0035746 -0.0062689 -0.013598 0.00020175 -0.00095027 0.00049112 0 0
0 0 0.28293 0 0 0 0 0 0 0 0 0 0 -0.065696 0.11521 0.24992 -0.0064839 0.016418 -0.0092733 0 0
0 0 0.21705 0 0 0 0 0 0 0 0 0 0 -0.050398 0.088385 0.19172 -0.0045157 0.012805 -0.0070901 0 0
-0 -0 -0.25619 0 0 0 0 0 0 0 0 0 0 0.059488 -0.10433 -0.2263 0.0012522 -0.01624 0.0078158 0 0
0 0 0.15918 0 0 0 0 0 0 0 0 0 0 -0.036961 0.064819 0.1406 -0.0030118 0.0095149 -0.0051782 0 0
-0 -0 -0.0046409 0 0 0 0 0 0 0 0 0 0 0.0010776 -0.0018899 -0.0040994 6.2505e-05 -0.000286 0.00014828 0 0
0 0 0.28516 0 0 0 0 0 0 0 0 0 0 -0.066215 0.11612 0.25189 -0.0065553 0.016538 -0.0093472 0 0
-0 -0 -0.035598 0 0 0 0 0 0 0 0 0 0 0.0082659 -0.014496 -0.031444 0.0004422 -0.002204 0.0011323 0 0
-0 -0 -0.21048 0 0 0 0 0 0 0 0 0 0 0.048874 -0.085713 -0.18592 0.0013588 -0.013296 0.0064866 0 0
0 0 0.17812 0 0 0 0 0 0 0 0 0 0 -0.04136 0.072535 0.15734 -0.0034807 0.010603 -0.0058032 0 0
0 0 0.2444 0 0 0 0 0 0 0 0 0 0 -0.056751 0.099526 0.21589 -0.0053004 0.014323 -0.0079964 0 0
-0 -0 -0.092057 0 0 0 0 0 0 0 0 0 0 0.021376 -0.037487 -0.081316 0.00096703 -0.0057434 0.0029019 0 0
0 0 0.1825 0 0 0 0 0 0 0 0 0 0 -0.042377 0.074318 0.16121 -0.0035923 0.010853 -0.0059477 0 0
-0 -0 -0.045965 0 0 0 0 0 0 0 0 0 0 0.010673 -0.018718 -0.040602 0.00055484 -0.0028501 0.0014598 0 0
0 0 0.27282 0 0 0 0 0 0 0 0 0 0 -0.063349 0.1111 0.24099 -0.0061646 0.015873 -0.0089382 0 0
-0 -0 -0.016289 0 0 0 0 0 0 0 0 0 0 0.0037823 -0.0066332 -0.014388 0.00021298 -0.0010056 0.00051959 0 0
-0 -0 -0.12277 0 0 0 0 0 0 0 0 0 0 0.028506 -0.049992 -0.10844 0.0011611 -0.0076875 0.0038492 0 0
-0 -0 -0.30998 0 0 0 0 0 0 0 0 0 0 0.071978 -0.12623 -0.27381 0.00094303 -0.019712 0.0093354 0 0
0 0 0.0059241 0 0 0 0 0 0 0 0 0 0 -0.0013756 0.0024124 0.0052329 -8.1897e-05 0.00036447 -0.00018955 0 0
0 0 0.059577 0 0 0 0 0 0 0 0 0 0 -0.013834 0.024261 0.052625 -0.00093084 0.0036321 -0.0019191 0 0
0 0 0.090244 0 0 0 0 0 0 0 0 0 0 -0.020955 0.036749 0.079714 -0.0015022 0.0054706 -0.0029169 0 0
-0 -0 -0.18109 0 0 0 0 0 0 0 0 0 0 0.042049 -0.073743 -0.15996 0.0013515 -0.011409 0.0056149 0 0
-0 -0 -0.024232 0 0 0 0 0 0 0 0 0 0 0.0056266 -0.0098676 -0.021404 0.00031033 -0.0014978 0.00077206 0 0
-0 -0 -0.28589 0 0 0 0 0 0 0 0 0 0 0.066383 -0.11642 -0.25253 0.001106 -0.018156 0.0086609 0 0
-0 -0 -0.32691 0 0 0 0 0 0 0 0 0 0 0.075909 -0.13312 -0.28877 0.00080476 -0.020806 0.0098031 0 0
-0 -0 -0.2619 0 0 0 0 0 0 0 0 0 0 0.060814 -0.10665 -0.23135 0.0012288 -0.016608 0.0079795 0 0
-0 -0 -0.033381 0 0 0 0 0 0 0 0 0 0 0.0077511 -0.013593 -0.029486 0.00041717 -0.0020661 0.0010622 0 0
0 0 0.15387 0 0 0 0 0 0 0 0 0 0 -0.03573 0.06266 0.13592 -0.0028847 0.0092085 -0.0050035 0 0
-0 -0 -0.021128 0 0 0 0 0 0 0 0 0 0 0.0049059 -0.0086037 -0.018663 0.00027279 -0.0013053 0.00067348 0 0
-0 -0 -0.25714 0 0 0 0 0 0 0 0 0 0 0.059707 -0.10471 -0.22713 0.0012485 -0.016301 0.0078429 0 0
-0 -0 -0.035846 0 0 0 0 0 0 0 0 0 0 0.0083234 -0.014597 -0.031663 0.00044498 -0.0022195 0.0011402 0 0
-0 -0 -0.24507 0 0 0 0 0 0 0 0 0 0 0.056906 -0.099798 -0.21648 0.0012913 -0.015523 0.0074955 0 0
-0 -0 -0.27864 0 0 0 0 0 0 0 0 0 0 0.0647 -0.11347 -0.24613 0.0011473 -0.017688 0.008456 0 0
-0 -0 -0.31631 0 0 0 0 0 0 0 0 0 0 0.073448 -0.12881 -0.27941 0.00089362 -0.020121 0.0095109 0 0
0 0 0.21586 0 0 0 0 0 0 0 0 0 0 -0.050122 0.087901 0.19067 -0.0044827 0.012738 -0.0070508 0 0
-0 -0 -0.19062 0 0 0 0 0 0 0 0 0 0 0.044261 -0.077623 -0.16838 0.0013603 -0.01202 0.0058989 0 0
-0 -0 -0.013939 0 0 0 0 0 0 0 0 0 0 0.0032367 -0.0056763 -0.012313 0.00018336 -0.00086025 0.00044478 0 0
0 0 0.27409 0 0 0 0 0 0 0 0 0 0 -0.063645 0.11162 0.24211 -0.0062044 0.015942 -0.0089804 0 0
0 0 0.25451 0 0 0 0 0 0 0 0 0 0 -0.059096 0.10364 0.22481 -0.0056018 0.014877 -0.0083311 0 0
-0 -0 -0.14106 0 0 0 0 0 0 0 0 0 0 0.032754 -0.057443 -0.1246 0.0012459 -0.0088512 0.004408 0 0
-0 -0 -0.042934 0 0 0 0 0 0 0 0 0 0 0.0099692 -0.017483 -0.037924 0.00052266 -0.002661 0.0013641 0 0
0 0 0.051924 0 0 0 0 0 0 0 0 0 0 -0.012057 0.021144 0.045865 -0.00079798 0.0031699 -0.0016711 0 0
0 0 0.31427 0 0 0 0 0 0 0 0 0 0 -0.072973 0.12797 0.2776 -0.0075134 0.018083 -0.010311 0 0
-0 -0 -0.27603 0 0 0 0 0 0 0 0 0 0 0.064094 -0.1124 -0.24382 0.0011613 -0.01752 0.008382 0 0
-0 -0 -0.16267 0 0 0 0 0 0 0 0 0 0 0.037771 -0.066241 -0.14369 0.0013166 -0.01023 0.0050622 0 0
-0 -0 -0.19551 0 0 0 0 0 0 0 0 0 0 0.045397 -0.079614 -0.1727 0.0013625 -0.012334 0.0060441 0 0
0 0 0.30026 0 0 0 0 0 0 0 0 0 0 -0.06972 0.12227 0.26522 -0.0070458 0.017343 -0.0098474 0 0
-0 -0 -0.21481 0 0 0 0 0 0 0 0 0 0 0.049879 -0.087475 -0.18975 0.0013549 -0.013574 0.0066139 0 0
-0 -0 -0.10561 0 0 0 0 0 0 0 0 0 0 0.024522 -0.043006 -0.093287 0.0010606 -0.0065999 0.0033214 0 0
0 0 0.22319 0 0 0 0 0 0 0 0 0 0 -0.051825 0.090887 0.19715 -0.0046879 0.013148 -0.0072936 0 0
-0 -0 -0.18994 0 0 0 0 0 0 0 0 0 0 0.044105 -0.077348 -0.16778 0.0013599 -0.011977 0.0058788 0 0
-0 -0 -0.30554 0 0 0 0 0 0 0 0 0 0 0.070946 -0.12442 -0.26989 0.0009761 -0.019425 0.0092117 0 0
-0 -0 -0.22338 0 0 0 0 0 0 0 0 0 0 0.051869 -0.090965 -0.19732 0.0013433 -0.014125 0.006865 0 0
0 0 0.13209 0 0 0 0 0 0 0 0 0 0 -0.03067 0.053788 0.11667 -0.0023816 0.0079408 -0.0042868 0 0
0 0 0.077386 0 0 0 0 0 0 0 0 0 0 -0.017969 0.031513 0.068357 -0.0012551 0.0047025 -0.0024978 0 0
-0 -0 -0.25588 0 0 0 0 0 0 0 0 0 0 0.059415 -0.1042 -0.22602 0.0012534 -0.016219 0.0078068 0 0
0 0 0.19643 0 0 0 0 0 0 0 0 0 0 -0.045612 0.079992 0.17351 -0.0039557 0.011645 -0.0064082 0 0
0 0 0.21787 0 0 0 0 0 0 0 0 0 0 -0.050589 0.088719 0.19245 -0.0045386 0.012851 -0.0071173 0 0
-0 -0 -0.2912 0 0 0 0 0 0 0 0 0 0 0.067618 -0.11858 -0.25723 0.0010735 -0.0185 0.0088106 0 0
0 0 0.011623 0 0 0 0 0 0 0 0 0 0 -0.0026989 0.0047332 0.010267 -0.00016291 0.00071444 -0.00037219 0 0
0 0 0.20681 0 0 0 0 0 0 0 0 0 0 -0.048022 0.084218 0.18268 -0.0042343 0.012231 -0.0067515 0 0
0 0 0.10718 0 0 0 0 0 0 0 0 0 0 -0.024887 0.043646 0.094674 -0.0018443 0.006476 -0.0034703 0 0
0 0 0.2561 0 0 0 0 0 0 0 0 0 0 -0.059467 0.10429 0.22622 -0.0056501 0.014965 -0.008384 0 0
0 0 0.080814 0 0 0 0 0 0 0 0 0 0 -0.018765 0.032909 0.071384 -0.0013199 0.0049077 -0.0026094 0 0
-0 -0 -0.057449 0 0 0 0 0 0 0 0 0 0 0.01334 -0.023394 -0.050746 0.00067108 -0.003568 0.0018213 0 0
0 0 0.30471 0 0 0 0 0 0 0 0 0 0 -0.070753 0.12408 0.26915 -0.0071931 0.017579 -0.0099948 0 0
0 0 0.17118 0 0 0 0 0 0 0 0 0 0 -0.039749 0.06971 0.15121 -0.0033063 0.010206 -0.0055741 0 0
-0 -0 -0.2918 0 0 0 0 0 0 0 0 0 0 0.067757 -0.11883 -0.25776 0.0010697 -0.018538 0.0088275 0 0
-0 -0 -0.15105 0 0 0 0 0 0 0 0 0 0 0.035074 -0.06151 -0.13342 0.0012826 -0.009488 0.0047112 0 0
-0 -0 -0.017372 0 0 0 0 0 0 0 0 0 0 0.0040337 -0.007074 -0.015345 0.0002265 -0.0010726 0.00055404 0 0
-0 -0 -0.037364 0 0 0 0 0 0 0 0 0 0 0.008676 -0.015215 -0.033005 0.0004619 -0.002314 0.0011882 0 0
-0 -0 -0.30141 0 0 0 0 0 0 0 0 0 0 0.069987 -0.12274 -0.26624 0.0010056 -0.019158 0.0090965 0 0
0 0 0.0078128 0 0 0 0 0 0 0 0 0 0 -0.0018141 0.0031815 0.0069012 -0.0001085 0.00048052 -0.00025005 0 0
0 0 0.05711 0 0 0 0 0 0 0 0 0 0 -0.013261 0.023256 0.050446 -0.00088759 0.0034833 -0.0018391 0 0
0 0 0.16588 0 0 0 0 0 0 0 0 0 0 -0.038518 0.06755 0.14653 -0.0031752 0.0099013 -0.0053993 0 0
0 0 0.26336 0 0 0 0 0 0 0 0 0 0 -0.061152 0.10724 0.23263 -0.0058713 0.01536 -0.0086246 0 0
0 0 0.30509 0 0 0 0 0 0 0 0 0 0 -0.070841 0.12424 0.26949 -0.0072057 0.017599 -0.010007 0 0
-0 -0 -0.12123 0 0 0 0 0 0 0 0 0 0 0.02815 -0.049368 -0.10709 0.0011529 -0.0075902 0.0038022 0 0
0 0 0.11006 0 0 0 0 0 0 0 0 0 0 -0.025555 0.044817 0.097216 -0.0019043 0.006646 -0.0035645 0 0
0 0 0.25377 0 0 0 0 0 0 0 0 0 0 -0.058926 0.10334 0.22416 -0.0055797 0.014837 -0.0083068 0 0
