0 0 0 0.16945 0 0 0 0 0 0 -0 0.15683 -0.018151 0.061527 0 0
0 0 0 0.068502 0 0 0 0 0 0 -0 0.063404 -0.0073381 0.024874 0 0
0 0 0 0.043497 0 0 0 0 0 0 -0 0.040259 -0.0046595 0.015794 0 0
-0 -0 -0 0.13535 0 0 0 0 0 0 -0 0.12527 -0.014499 0.049146 0 0
-0 -0 -0 0.00018537 0 0 0 0 0 0 -0 0.00017157 -1.9857e-05 6.7309e-05 0 0
-0 -0 -0 0.10342 0 0 0 0 0 0 -0 0.095724 -0.011079 0.037553 0 0
0 0 0 0.084926 0 0 0 0 0 0 -0 0.078605 -0.0090975 0.030837 0 0
0 0 0 0.029356 0 0 0 0 0 0 -0 0.027171 -0.0031446 0.010659 0 0
-0 -0 -0 0.19747 0 0 0 0 0 0 -0 0.18278 -0.021154 0.071704 0 0
-0 -0 -0 0.023559 0 0 0 0 0 0 -0 0.021806 -0.0025237 0.0085545 0 0
0 0 0 0.19279 0 0 0 0 0 0 -0 0.17844 -0.020652 0.070002 0 0
-0 -0 -0 0.026338 0 0 0 0 0 0 -0 0.024378 -0.0028214 0.0095634 0 0
0 0 0 0.14425 0 0 0 0 0 0 -0 0.13352 -0.015453 0.052379 0 0
0 0 0 0.065575 0 0 0 0 0 0 -0 0.060695 -0.0070246 0.023811 0 0
-0 -0 -0 0.11629 0 0 0 0 0 0 -0 0.10763 -0.012457 0.042224 0 0
-0 -0 -0 0.12271 0 0 0 0 0 0 -0 0.11358 -0.013145 0.044557 0 0
-0 -0 -0 0.041957 0 0 0 0 0 0 -0 0.038834 -0.0044946 0.015235 0 0
0 0 0 0.09135 0 0 0 0 0 0 -0 0.084551 -0.0097857 0.03317 0 0
0 0 0 0.065805 0 0 0 0 0 0 -0 0.060907 -0.0070492 0.023894 0 0
0 0 0 0.13381 0 0 0 0 0 0 -0 0.12385 -0.014334 0.048586 0 0
-0 -0 -0 0.0654 0 0 0 0 0 0 -0 0.060532 -0.0070058 0.023747 0 0
-0 -0 -0 0.15402 0 0 0 0 0 0 -0 0.14256 -0.016499 0.055927 0 0
0 0 0 0.085446 0 0 0 0 0 0 -0 0.079087 -0.0091532 0.031026 0 0
0 0 0 0.016937 0 0 0 0 0 0 -0 0.015676 -0.0018143 0.00615 0 0
0 0 0 0.10376 0 0 0 0 0 0 -0 0.096037 -0.011115 0.037676 0 0
-0 -0 -0 0.1959 0 0 0 0 0 0 -0 0.18132 -0.020986 0.071134 0 0
-0 -0 -0 0.12856 0 0 0 0 0 0 -0 0.11899 -0.013772 0.046682 0 0
-0 -0 -0 0.026232 0 0 0 0 0 0 -0 0.024279 -0.00281 0.0095249 0 0
-0 -0 -0 0.1458 0 0 0 0 0 0 -0 0.13495 -0.015619 0.052941 0 0
0 0 0 0.078958 0 0 0 0 0 0 -0 0.073081 -0.0084581 0.02867 0 0
-0 -0 -0 0.17283 0 0 0 0 0 0 -0 0.15997 -0.018514 0.062756 0 0
0 0 0 0.19824 0 0 0 0 0 0 -0 0.18348 -0.021236 0.071982 0 0
0 0 0 0.18988 0 0 0 0 0 0 -0 0.17574 -0.02034 0.068945 0 0
-0 -0 -0 0.030763 0 0 0 0 0 0 -0 0.028474 -0.0032954 0.01117 0 0
0 0 0 0.040214 0 0 0 0 0 0 -0 0.037221 -0.0043079 0.014602 0 0
0 0 0 0.092007 0 0 0 0 0 0 -0 0.085159 -0.009856 0.033408 0 0
-0 -0 -0 0.047135 0 0 0 0 0 0 -0 0.043626 -0.0050492 0.017115 0 0
-0 -0 -0 0.14751 0 0 0 0 0 0 -0 0.13653 -0.015801 0.053561 0 0
-0 -0 -0 0.1807 0 0 0 0 0 0 -0 0.16725 -0.019357 0.065613 0 0
0 0 0 0.11869 0 0 0 0 0 0 -0 0.10985 -0.012714 0.043097 0 0
-0 -0 -0 0.1766 0 0 0 0 0 0 -0 0.16346 -0.018918 0.064125 0 0
-0 -0 -0 0.15381 0 0 0 0 0 0 -0 0.14236 -0.016476 0.055849 0 0
-0 -0 -0 0.05882 0 0 0 0 0 0 -0 0.054442 -0.0063009 0.021358 0 0
-0 -0 -0 0.18122 0 0 0 0 0 0 -0 0.16773 -0.019413 0.065802 0 0
-0 -0 -0 0.17363 0 0 0 0 0 0 -0 0.16071 -0.0186 0.063048 0 0
-0 -0 -0 0.18316 0 0 0 0 0 0 -0 0.16953 -0.019621 0.066507 0 0
-0 -0 -0 0.083908 0 0 0 0 0 0 -0 0.077663 -0.0089885 0.030468 0 0
0 0 0 0.14833 0 0 0 0 0 0 -0 0.13729 -0.015889 0.053859 0 0
-0 -0 -0 0.18696 0 0 0 0 0 0 -0 0.17305 -0.020028 0.067887 0 0
-0 -0 -0 0.19656 0 0 0 0 0 0 -0 0.18193 -0.021056 0.071371 0 0
0 0 0 0.099561 0 0 0 0 0 0 -0 0.092151 -0.010665 0.036151 0 0
-0 -0 -0 0.14155 0 0 0 0 0 0 -0 0.13102 -0.015163 0.051398 0 0
0 0 0 0.037575 0 0 0 0 0 0 -0 0.034778 -0.0040251 0.013644 0 0
-0 -0 -0 0.19267 0 0 0 0 0 0 -0 0.17833 -0.02064 0.069961 0 0
0 0 0 0.15895 0 0 0 0 0 0 -0 0.14712 -0.017027 0.057716 0 0
-0 -0 -0 0.017247 0 0 0 0 0 0 -0 0.015963 -0.0018475 0.0062625 0 0
0 0 0 0.11222 0 0 0 0 0 0 -0 0.10387 -0.012021 0.040748 0 0
0 0 0 0.076119 0 0 0 0 0 0 -0 0.070453 -0.0081541 0.027639 0 0
-0 -0 -0 0.016939 0 0 0 0 0 0 -0 0.015678 -0.0018145 0.0061506 0 0
-0 -0 -0 0.1527 0 0 0 0 0 0 -0 0.14134 -0.016358 0.055448 0 0
0 0 0 0.088635 0 0 0 0 0 0 -0 0.082038 -0.0094948 0.032184 0 0
-0 -0 -0 0.10736 0 0 0 0 0 0 -0 0.099367 -0.0115 0.038982 0 0
-0 -0 -0 0.051333 0 0 0 0 0 0 -0 0.047513 -0.005499 0.018639 0 0
0 0 0 0.029003 0 0 0 0 0 0 -0 0.026844 -0.0031069 0.010531 0 0
0 0 0 0.10042 0 0 0 0 0 0 -0 0.092943 -0.010757 0.036462 0 0
0 0 0 0.046416 0 0 0 0 0 0 -0 0.042961 -0.0049722 0.016854 0 0
0 0 0 0.17761 0 0 0 0 0 0 -0 0.16439 -0.019026 0.06449 0 0
-0 -0 -0 0.1499 0 0 0 0 0 0 -0 0.13874 -0.016058 0.054429 0 0
0 0 0 0.17677 0 0 0 0 0 0 -0 0.16361 -0.018936 0.064186 0 0
-0 -0 -0 0.072027 0 0 0 0 0 0 -0 0.066666 -0.0077157 0.026153 0 0
-0 -0 -0 0.16394 0 0 0 0 0 0 -0 0.15174 -0.017562 0.059527 0 0
0 0 0 0.095833 0 0 0 0 0 0 -0 0.088701 -0.010266 0.034798 0 0
0 0 0 0.057045 0 0 0 0 0 0 -0 0.052799 -0.0061108 0.020713 0 0
0 0 0 0.19813 0 0 0 0 0 0 -0 0.18338 -0.021224 0.071942 0 0
-0 -0 -0 0.16296 0 0 0 0 0 0 -0 0.15083 -0.017457 0.059172 0 0
-0 -0 -0 0.040489 0 0 0 0 0 0 -0 0.037475 -0.0043373 0.014702 0 0
-0 -0 -0 0.067602 0 0 0 0 0 0 -0 0.06257 -0.0072417 0.024547 0 0
0 0 0 0.18239 0 0 0 0 0 0 -0 0.16882 -0.019538 0.066228 0 0
-0 -0 -0 0.040576 0 0 0 0 0 0 -0 0.037556 -0.0043466 0.014734 0 0
-0 -0 -0 0.18898 0 0 0 0 0 0 -0 0.17492 -0.020244 0.068621 0 0
0 0 0 0.11622 0 0 0 0 0 0 -0 0.10757 -0.01245 0.042202 0 0
-0 -0 -0 0.14897 0 0 0 0 0 0 -0 0.13789 -0.015959 0.054094 0 0
0 0 0 0.029516 0 0 0 0 0 0 -0 0.027319 -0.0031618 0.010717 0 0
-0 -0 -0 0.1585 0 0 0 0 0 0 -0 0.1467 -0.016979 0.057552 0 0
0 0 0 0.096555 0 0 0 0 0 0 -0 0.089368 -0.010343 0.03506 0 0
-0 -0 -0 0.013806 0 0 0 0 0 0 -0 0.012778 -0.0014789 0.005013 0 0
-0 -0 -0 0.0034048 0 0 0 0 0 0 -0 0.0031513 -0.00036473 0.0012363 0 0
-0 -0 -0 0.18398 0 0 0 0 0 0 -0 0.17029 -0.019708 0.066804 0 0
0 0 0 0.044221 0 0 0 0 0 0 -0 0.04093 -0.0047371 0.016057 0 0
0 0 0 0.1872 0 0 0 0 0 0 -0 0.17327 -0.020053 0.067973 0 0
0 0 0 0.027678 0 0 0 0 0 0 -0 0.025618 -0.002965 0.01005 0 0
-0 -0 -0 0.13849 0 0 0 0 0 0 -0 0.12818 -0.014836 0.050287 0 0
0 0 0 0.065563 0 0 0 0 0 0 -0 0.060683 -0.0070232 0.023806 0 0
0 0 0 0.13182 0 0 0 0 0 0 -0 0.12201 -0.014121 0.047865 0 0
0 0 0 0.078203 0 0 0 0 0 0 -0 0.072382 -0.0083773 0.028396 0 0
-0 -0 -0 0.059217 0 0 0 0 0 0 -0 0.054809 -0.0063434 0.021502 0 0
0 0 0 0.0056405 0 0 0 0 0 0 -0 0.0052206 -0.00060422 0.0020481 0 0
-0 -0 -0 0.033197 0 0 0 0 0 0 -0 0.030726 -0.0035561 0.012054 0 0
-0 -0 -0 0.12455 0 0 0 0 0 0 -0 0.11528 -0.013342 0.045226 0 0
-0 -0 -0 0.020874 0 0 0 0 0 0 -0 0.01932 -0.0022361 0.0075794 0 0
