-0 -0 -0 0.19565 0 0 0 0 0 0 -0 0.18109 -0.020959 0.071042 0 0
-0 -0 -0 0.065364 0 0 0 0 0 0 -0 0.060499 -0.007002 0.023734 0 0
-0 -0 -0 0.071461 0 0 0 0 0 0 -0 0.066142 -0.0076551 0.025948 0 0
0 0 0 0.095055 0 0 0 0 0 0 -0 0.08798 -0.010182 0.034515 0 0
0 0 0 0.18918 0 0 0 0 0 0 -0 0.1751 -0.020265 0.068691 0 0
-0 -0 -0 0.041428 0 0 0 0 0 0 -0 0.038345 -0.0044379 0.015043 0 0
0 0 0 0.16999 0 0 0 0 0 0 -0 0.15734 -0.01821 0.061725 0 0
-0 -0 -0 0.07761 0 0 0 0 0 0 -0 0.071833 -0.0083137 0.028181 0 0
0 0 0 0.045567 0 0 0 0 0 0 -0 0.042176 -0.0048813 0.016546 0 0
0 0 0 0.042734 0 0 0 0 0 0 -0 0.039553 -0.0045777 0.015517 0 0
0 0 0 0.058353 0 0 0 0 0 0 -0 0.05401 -0.0062509 0.021188 0 0
0 0 0 0.19883 0 0 0 0 0 0 -0 0.18403 -0.021299 0.072195 0 0
0 0 0 0.08678 0 0 0 0 0 0 -0 0.080321 -0.0092961 0.03151 0 0
-0 -0 -0 0.14561 0 0 0 0 0 0 -0 0.13477 -0.015598 0.05287 0 0
0 0 0 0.037847 0 0 0 0 0 0 -0 0.03503 -0.0040542 0.013742 0 0
0 0 0 0.091198 0 0 0 0 0 0 -0 0.08441 -0.0097694 0.033115 0 0
0 0 0 0.0052989 0 0 0 0 0 0 -0 0.0049045 -0.00056763 0.0019241 0 0
0 0 0 0.10032 0 0 0 0 0 0 -0 0.09285 -0.010746 0.036426 0 0
0 0 0 0.11458 0 0 0 0 0 0 -0 0.10605 -0.012274 0.041604 0 0
-0 -0 -0 0.11985 0 0 0 0 0 0 -0 0.11093 -0.012839 0.043519 0 0
0 0 0 0.079946 0 0 0 0 0 0 -0 0.073996 -0.008564 0.029029 0 0
0 0 0 0.077087 0 0 0 0 0 0 -0 0.07135 -0.0082578 0.027991 0 0
0 0 0 0.14763 0 0 0 0 0 0 -0 0.13664 -0.015814 0.053604 0 0
-0 -0 -0 0.12317 0 0 0 0 0 0 -0 0.11401 -0.013195 0.044725 0 0
0 0 0 0.19612 0 0 0 0 0 0 -0 0.18152 -0.021008 0.071211 0 0
-0 -0 -0 0.053407 0 0 0 0 0 0 -0 0.049432 -0.0057211 0.019393 0 0
-0 -0 -0 0.024345 0 0 0 0 0 0 -0 0.022533 -0.0026079 0.0088399 0 0
-0 -0 -0 0.088577 0 0 0 0 0 0 -0 0.081984 -0.0094885 0.032163 0 0
0 0 0 0.15103 0 0 0 0 0 0 -0 0.13979 -0.016178 0.054839 0 0
0 0 0 0.11203 0 0 0 0 0 0 -0 0.1037 -0.012001 0.04068 0 0
0 0 0 0.053187 0 0 0 0 0 0 -0 0.049229 -0.0056976 0.019313 0 0
0 0 0 0.1051 0 0 0 0 0 0 -0 0.097277 -0.011258 0.038162 0 0
0 0 0 0.16595 0 0 0 0 0 0 -0 0.1536 -0.017777 0.060256 0 0
-0 -0 -0 0.13916 0 0 0 0 0 0 -0 0.1288 -0.014907 0.050531 0 0
-0 -0 -0 0.16941 0 0 0 0 0 0 -0 0.1568 -0.018148 0.061515 0 0
0 0 0 0.012633 0 0 0 0 0 0 -0 0.011693 -0.0013533 0.0045873 0 0
-0 -0 -0 0.13429 0 0 0 0 0 0 -0 0.1243 -0.014386 0.048762 0 0
-0 -0 -0 0.031817 0 0 0 0 0 0 -0 0.029449 -0.0034083 0.011553 0 0
0 0 0 0.041751 0 0 0 0 0 0 -0 0.038644 -0.0044725 0.01516 0 0
0 0 0 0.11318 0 0 0 0 0 0 -0 0.10476 -0.012124 0.041098 0 0
0 0 0 0.034697 0 0 0 0 0 0 -0 0.032114 -0.0037168 0.012599 0 0
0 0 0 0.046328 0 0 0 0 0 0 -0 0.04288 -0.0049627 0.016822 0 0
0 0 0 0.17279 0 0 0 0 0 0 -0 0.15993 -0.018509 0.06274 0 0
-0 -0 -0 0.12413 0 0 0 0 0 0 -0 0.11489 -0.013297 0.045073 0 0
0 0 0 0.026027 0 0 0 0 0 0 -0 0.02409 -0.0027881 0.0094505 0 0
-0 -0 -0 0.065418 0 0 0 0 0 0 -0 0.060549 -0.0070077 0.023753 0 0
-0 -0 -0 0.16179 0 0 0 0 0 0 -0 0.14975 -0.017332 0.058748 0 0
0 0 0 0.19536 0 0 0 0 0 0 -0 0.18082 -0.020928 0.070938 0 0
-0 -0 -0 0.026917 0 0 0 0 0 0 -0 0.024913 -0.0028834 0.0097736 0 0
-0 -0 -0 0.1556 0 0 0 0 0 0 -0 0.14402 -0.016668 0.056499 0 0
-0 -0 -0 0.14106 0 0 0 0 0 0 -0 0.13056 -0.01511 0.051218 0 0
0 0 0 0.075688 0 0 0 0 0 0 -0 0.070054 -0.0081078 0.027483 0 0
-0 -0 -0 0.025028 0 0 0 0 0 0 -0 0.023165 -0.0026811 0.0090879 0 0
0 0 0 0.060169 0 0 0 0 0 0 -0 0.055691 -0.0064455 0.021848 0 0
-0 -0 -0 0.099867 0 0 0 0 0 0 -0 0.092434 -0.010698 0.036262 0 0
0 0 0 0.065215 0 0 0 0 0 0 -0 0.060361 -0.0069859 0.02368 0 0
0 0 0 0.089872 0 0 0 0 0 0 -0 0.083183 -0.0096273 0.032633 0 0
-0 -0 -0 0.060369 0 0 0 0 0 0 -0 0.055876 -0.0064669 0.02192 0 0
0 0 0 0.12328 0 0 0 0 0 0 -0 0.1141 -0.013206 0.044762 0 0
-0 -0 -0 0.13721 0 0 0 0 0 0 -0 0.127 -0.014698 0.049821 0 0
-0 -0 -0 0.073291 0 0 0 0 0 0 -0 0.067836 -0.0078511 0.026612 0 0
0 0 0 0.1768 0 0 0 0 0 0 -0 0.16364 -0.018939 0.064195 0 0
0 0 0 0.060526 0 0 0 0 0 0 -0 0.056021 -0.0064837 0.021977 0 0
-0 -0 -0 0.19431 0 0 0 0 0 0 -0 0.17984 -0.020815 0.070554 0 0
-0 -0 -0 0.19477 0 0 0 0 0 0 -0 0.18027 -0.020864 0.070721 0 0
-0 -0 -0 0.12631 0 0 0 0 0 0 -0 0.11691 -0.013531 0.045865 0 0
0 0 0 0.15663 0 0 0 0 0 0 -0 0.14497 -0.016779 0.056874 0 0
-0 -0 -0 0.008013 0 0 0 0 0 0 -0 0.0074166 -0.00085837 0.0029096 0 0
0 0 0 0.0030009 0 0 0 0 0 0 -0 0.0027776 -0.00032147 0.0010897 0 0
0 0 0 0.050894 0 0 0 0 0 0 -0 0.047106 -0.0054519 0.01848 0 0
0 0 0 0.13103 0 0 0 0 0 0 -0 0.12128 -0.014036 0.047578 0 0
-0 -0 -0 0.18624 0 0 0 0 0 0 -0 0.17238 -0.019951 0.067626 0 0
0 0 0 0.17811 0 0 0 0 0 0 -0 0.16486 -0.01908 0.064674 0 0
0 0 0 0.13517 0 0 0 0 0 0 -0 0.12511 -0.01448 0.049082 0 0
-0 -0 -0 0.13131 0 0 0 0 0 0 -0 0.12154 -0.014066 0.04768 0 0
0 0 0 0.15608 0 0 0 0 0 0 -0 0.14447 -0.01672 0.056675 0 0
0 0 0 0.14218 0 0 0 0 0 0 -0 0.1316 -0.015231 0.051627 0 0
-0 -0 -0 0.12131 0 0 0 0 0 0 -0 0.11228 -0.012995 0.044048 0 0
-0 -0 -0 0.077696 0 0 0 0 0 0 -0 0.071913 -0.008323 0.028212 0 0
0 0 0 0.13722 0 0 0 0 0 0 -0 0.12701 -0.0147 0.049827 0 0
0 0 0 0.086211 0 0 0 0 0 0 -0 0.079794 -0.0092351 0.031304 0 0
0 0 0 0.079588 0 0 0 0 0 0 -0 0.073664 -0.0085256 0.028899 0 0
0 0 0 0.17722 0 0 0 0 0 0 -0 0.16403 -0.018985 0.064351 0 0
-0 -0 -0 0.12998 0 0 0 0 0 0 -0 0.1203 -0.013924 0.047196 0 0
0 0 0 0.16017 0 0 0 0 0 0 -0 0.14825 -0.017158 0.058158 0 0
0 0 0 0.04055 0 0 0 0 0 0 -0 0.037532 -0.0043438 0.014724 0 0
-0 -0 -0 0.096252 0 0 0 0 0 0 -0 0.089088 -0.010311 0.03495 0 0
-0 -0 -0 0.076158 0 0 0 0 0 0 -0 0.07049 -0.0081582 0.027653 0 0
0 0 0 0.082212 0 0 0 0 0 0 -0 0.076093 -0.0088068 0.029852 0 0
-0 -0 -0 0.16972 0 0 0 0 0 0 -0 0.15709 -0.018181 0.061628 0 0
0 0 0 0.017352 0 0 0 0 0 0 -0 0.016061 -0.0018588 0.0063006 0 0
0 0 0 0.1698 0 0 0 0 0 0 -0 0.15716 -0.018189 0.061654 0 0
0 0 0 0.020698 0 0 0 0 0 0 -0 0.019157 -0.0022172 0.0075154 0 0
0 0 0 0.17773 0 0 0 0 0 0 -0 0.1645 -0.019039 0.064536 0 0
0 0 0 0.12057 0 0 0 0 0 0 -0 0.1116 -0.012916 0.043779 0 0
0 0 0 0.09294 0 0 0 0 0 0 -0 0.086023 -0.009956 0.033747 0 0
-0 -0 -0 0.056524 0 0 0 0 0 0 -0 0.052317 -0.0060549 0.020524 0 0
0 0 0 0.021065 0 0 0 0 0 0 -0 0.019497 -0.0022566 0.0076489 0 0
0 0 0 0.093803 0 0 0 0 0 0 -0 0.086821 -0.010048 0.03406 0 0
0 0 0 0.029249 0 0 0 0 0 0 -0 0.027072 -0.0031332 0.01062 0 0
