-0 -0 -0.16692 0 0 0 0 0 0 0 0 0 0 0.044917 -0.064644 -0.14719 0.013509 -0.022822 0.014145 0 0
-0 -0 -0.10338 0 0 0 0 0 0 0 0 0 0 0.027818 -0.040035 -0.09116 0.0088723 -0.013828 0.0087802 0 0
-0 -0 -0.25693 0 0 0 0 0 0 0 0 0 0 0.069139 -0.099504 -0.22657 0.01897 -0.036124 0.021654 0 0
0 0 0.088911 0 0 0 0 0 0 0 0 0 0 -0.023925 0.034433 0.078403 -0.008884 0.010998 -0.0075411 0 0
-0 -0 -0.14477 0 0 0 0 0 0 0 0 0 0 0.038957 -0.056066 -0.12766 0.011965 -0.019647 0.01228 0 0
0 0 0.095151 0 0 0 0 0 0 0 0 0 0 -0.025605 0.03685 0.083906 -0.0095492 0.011736 -0.0080683 0 0
-0 -0 -0.24268 0 0 0 0 0 0 0 0 0 0 0.065303 -0.093982 -0.214 0.018193 -0.033977 0.020474 0 0
-0 -0 -0.24067 0 0 0 0 0 0 0 0 0 0 0.064762 -0.093205 -0.21223 0.018081 -0.033676 0.020307 0 0
0 0 0.19979 0 0 0 0 0 0 0 0 0 0 -0.053761 0.077372 0.17618 -0.021475 0.023415 -0.016837 0 0
-0 -0 -0.27198 0 0 0 0 0 0 0 0 0 0 0.073188 -0.10533 -0.23984 0.019753 -0.038405 0.022895 0 0
-0 -0 -0.026358 0 0 0 0 0 0 0 0 0 0 0.0070928 -0.010208 -0.023243 0.0024146 -0.0034244 0.0022407 0 0
0 0 0.25686 0 0 0 0 0 0 0 0 0 0 -0.069119 0.099474 0.2265 -0.028563 0.0292 -0.02154 0 0
-0 -0 -0.25734 0 0 0 0 0 0 0 0 0 0 0.069249 -0.099662 -0.22693 0.018992 -0.036186 0.021687 0 0
-0 -0 -0.26061 0 0 0 0 0 0 0 0 0 0 0.070128 -0.10093 -0.22981 0.019165 -0.03668 0.021957 0 0
0 0 0.20318 0 0 0 0 0 0 0 0 0 0 -0.054674 0.078686 0.17917 -0.021885 0.023771 -0.017118 0 0
-0 -0 -0.20921 0 0 0 0 0 0 0 0 0 0 0.056297 -0.081022 -0.18449 0.016239 -0.028995 0.017689 0 0
-0 -0 -0.014328 0 0 0 0 0 0 0 0 0 0 0.0038556 -0.005549 -0.012635 0.0013253 -0.0018526 0.001218 0 0
0 0 0.0805 0 0 0 0 0 0 0 0 0 0 -0.021662 0.031176 0.070987 -0.007996 0.0099956 -0.0068299 0 0
-0 -0 -0.018762 0 0 0 0 0 0 0 0 0 0 0.0050488 -0.0072662 -0.016545 0.0017293 -0.0024302 0.001595 0 0
-0 -0 -0.32175 0 0 0 0 0 0 0 0 0 0 0.086582 -0.12461 -0.28373 0.022076 -0.046057 0.026964 0 0
-0 -0 -0.33349 0 0 0 0 0 0 0 0 0 0 0.089742 -0.12915 -0.29408 0.022563 -0.047884 0.027915 0 0
0 0 0.26564 0 0 0 0 0 0 0 0 0 0 -0.071483 0.10288 0.23425 -0.029689 0.030052 -0.022258 0 0
0 0 0.31814 0 0 0 0 0 0 0 0 0 0 -0.085611 0.12321 0.28055 -0.036602 0.034922 -0.026506 0 0
-0 -0 -0.1238 0 0 0 0 0 0 0 0 0 0 0.033313 -0.047943 -0.10917 0.010432 -0.016679 0.010508 0 0
-0 -0 -0.26275 0 0 0 0 0 0 0 0 0 0 0.070704 -0.10176 -0.2317 0.019277 -0.037004 0.022134 0 0
-0 -0 -0.079808 0 0 0 0 0 0 0 0 0 0 0.021476 -0.030908 -0.070376 0.0069921 -0.010583 0.0067817 0 0
-0 -0 -0.05391 0 0 0 0 0 0 0 0 0 0 0.014507 -0.020878 -0.047539 0.0048281 -0.0070796 0.0045825 0 0
-0 -0 -0.25196 0 0 0 0 0 0 0 0 0 0 0.067802 -0.097579 -0.22219 0.018703 -0.035374 0.021243 0 0
0 0 0.33681 0 0 0 0 0 0 0 0 0 0 -0.090634 0.13044 0.29701 -0.039133 0.036562 -0.027999 0 0
0 0 0.22857 0 0 0 0 0 0 0 0 0 0 -0.061506 0.088518 0.20155 -0.025 0.026386 -0.019217 0 0
-0 -0 -0.13768 0 0 0 0 0 0 0 0 0 0 0.037048 -0.053319 -0.12141 0.011454 -0.018639 0.011681 0 0
0 0 0.25955 0 0 0 0 0 0 0 0 0 0 -0.069843 0.10052 0.22887 -0.028907 0.029461 -0.02176 0 0
-0 -0 -0.001186 0 0 0 0 0 0 0 0 0 0 0.00031913 -0.00045929 -0.0010458 0.00011084 -0.00015252 0.00010081 0 0
0 0 0.077247 0 0 0 0 0 0 0 0 0 0 -0.020787 0.029916 0.068118 -0.0076551 0.0096057 -0.0065546 0 0
0 0 0.24934 0 0 0 0 0 0 0 0 0 0 -0.067096 0.096564 0.21987 -0.027607 0.028462 -0.020925 0 0
-0 -0 -0.011453 0 0 0 0 0 0 0 0 0 0 0.003082 -0.0044356 -0.0101 0.0010618 -0.0014792 0.00097363 0 0
0 0 0.050394 0 0 0 0 0 0 0 0 0 0 -0.013561 0.019517 0.044439 -0.0048979 0.0063415 -0.0042797 0 0
-0 -0 -0.29667 0 0 0 0 0 0 0 0 0 0 0.079833 -0.11489 -0.26161 0.020957 -0.042182 0.024921 0 0
0 0 0.30703 0 0 0 0 0 0 0 0 0 0 -0.082621 0.11891 0.27075 -0.035113 0.033923 -0.025613 0 0
-0 -0 -0.057664 0 0 0 0 0 0 0 0 0 0 0.015517 -0.022332 -0.050849 0.0051481 -0.0075835 0.0049015 0 0
0 0 0.27865 0 0 0 0 0 0 0 0 0 0 -0.074984 0.10792 0.24572 -0.031373 0.031294 -0.023317 0 0
-0 -0 -0.32681 0 0 0 0 0 0 0 0 0 0 0.087944 -0.12657 -0.28819 0.022288 -0.046844 0.027374 0 0
-0 -0 -0.082673 0 0 0 0 0 0 0 0 0 0 0.022247 -0.032017 -0.072903 0.0072253 -0.010975 0.0070249 0 0
-0 -0 -0.26728 0 0 0 0 0 0 0 0 0 0 0.071925 -0.10351 -0.2357 0.019513 -0.037692 0.022508 0 0
-0 -0 -0.13566 0 0 0 0 0 0 0 0 0 0 0.036506 -0.052539 -0.11963 0.011308 -0.018354 0.011511 0 0
0 0 0.30201 0 0 0 0 0 0 0 0 0 0 -0.08127 0.11696 0.26632 -0.034445 0.033466 -0.025209 0 0
-0 -0 -0.27404 0 0 0 0 0 0 0 0 0 0 0.073743 -0.10613 -0.24165 0.019857 -0.038719 0.023064 0 0
0 0 0.18756 0 0 0 0 0 0 0 0 0 0 -0.050471 0.072637 0.16539 -0.020008 0.022121 -0.015821 0 0
-0 -0 -0.16582 0 0 0 0 0 0 0 0 0 0 0.044621 -0.064217 -0.14622 0.013434 -0.022663 0.014053 0 0
0 0 0.30228 0 0 0 0 0 0 0 0 0 0 -0.081342 0.11707 0.26656 -0.034481 0.033491 -0.02523 0 0
-0 -0 -0.31964 0 0 0 0 0 0 0 0 0 0 0.086012 -0.12379 -0.28186 0.021985 -0.045729 0.026792 0 0
-0 -0 -0.23939 0 0 0 0 0 0 0 0 0 0 0.064418 -0.092709 -0.2111 0.018009 -0.033484 0.020201 0 0
-0 -0 -0.088976 0 0 0 0 0 0 0 0 0 0 0.023943 -0.034458 -0.078461 0.0077337 -0.011839 0.0075595 0 0
-0 -0 -0.071634 0 0 0 0 0 0 0 0 0 0 0.019276 -0.027742 -0.063169 0.0063202 -0.0094707 0.006088 0 0
0 0 0.16435 0 0 0 0 0 0 0 0 0 0 -0.044226 0.063649 0.14493 -0.017276 0.019612 -0.013885 0 0
0 0 0.34564 0 0 0 0 0 0 0 0 0 0 -0.093011 0.13386 0.3048 -0.040345 0.03732 -0.028702 0 0
-0 -0 -0.32422 0 0 0 0 0 0 0 0 0 0 0.087245 -0.12556 -0.2859 0.02218 -0.04644 0.027164 0 0
0 0 0.16379 0 0 0 0 0 0 0 0 0 0 -0.044074 0.06343 0.14443 -0.017211 0.01955 -0.013838 0 0
0 0 0.31213 0 0 0 0 0 0 0 0 0 0 -0.083994 0.12088 0.27525 -0.035795 0.034384 -0.026024 0 0
0 0 0.064544 0 0 0 0 0 0 0 0 0 0 -0.017368 0.024996 0.056916 -0.0063381 0.0080717 -0.005479 0 0
0 0 0.23543 0 0 0 0 0 0 0 0 0 0 -0.063353 0.091176 0.20761 -0.025856 0.027078 -0.019782 0 0
-0 -0 -0.25933 0 0 0 0 0 0 0 0 0 0 0.069783 -0.10043 -0.22868 0.019097 -0.036486 0.021851 0 0
0 0 0.14534 0 0 0 0 0 0 0 0 0 0 -0.03911 0.056287 0.12816 -0.01509 0.017506 -0.012293 0 0
-0 -0 -0.28801 0 0 0 0 0 0 0 0 0 0 0.077501 -0.11154 -0.25397 0.020546 -0.040852 0.024211 0 0
-0 -0 -0.21407 0 0 0 0 0 0 0 0 0 0 0.057604 -0.082903 -0.18877 0.016534 -0.029713 0.018095 0 0
0 0 0.13352 0 0 0 0 0 0 0 0 0 0 -0.03593 0.051709 0.11774 -0.013755 0.016175 -0.011301 0 0
-0 -0 -0.11896 0 0 0 0 0 0 0 0 0 0 0.032012 -0.046071 -0.1049 0.010068 -0.016001 0.0101 0 0
-0 -0 -0.14867 0 0 0 0 0 0 0 0 0 0 0.040006 -0.057576 -0.1311 0.012243 -0.020203 0.012609 0 0
0 0 0.12582 0 0 0 0 0 0 0 0 0 0 -0.033859 0.048729 0.11095 -0.012896 0.015299 -0.010654 0 0
-0 -0 -0.31634 0 0 0 0 0 0 0 0 0 0 0.085126 -0.12251 -0.27896 0.021843 -0.045218 0.026524 0 0
0 0 0.02354 0 0 0 0 0 0 0 0 0 0 -0.0063344 0.0091163 0.020758 -0.0022423 0.0029964 -0.0020002 0 0
-0 -0 -0.27027 0 0 0 0 0 0 0 0 0 0 0.072729 -0.10467 -0.23833 0.019666 -0.038146 0.022754 0 0
0 0 0.013946 0 0 0 0 0 0 0 0 0 0 -0.0037527 0.0054009 0.012298 -0.0013188 0.0017824 -0.0011852 0 0
0 0 0.053576 0 0 0 0 0 0 0 0 0 0 -0.014417 0.020749 0.047245 -0.0052193 0.0067325 -0.0045495 0 0
0 0 0.13008 0 0 0 0 0 0 0 0 0 0 -0.035003 0.050375 0.1147 -0.013369 0.015784 -0.011012 0 0
-0 -0 -0.072611 0 0 0 0 0 0 0 0 0 0 0.019539 -0.02812 -0.06403 0.006401 -0.0096033 0.0061709 0 0
0 0 0.25714 0 0 0 0 0 0 0 0 0 0 -0.069195 0.099584 0.22675 -0.028599 0.029227 -0.021563 0 0
0 0 0.050366 0 0 0 0 0 0 0 0 0 0 -0.013553 0.019506 0.044414 -0.0048951 0.0063381 -0.0042773 0 0
0 0 0.16997 0 0 0 0 0 0 0 0 0 0 -0.045739 0.065826 0.14989 -0.017932 0.020226 -0.014355 0 0
0 0 0.10535 0 0 0 0 0 0 0 0 0 0 -0.028348 0.040798 0.092897 -0.010647 0.012933 -0.0089289 0 0
-0 -0 -0.29838 0 0 0 0 0 0 0 0 0 0 0.080294 -0.11556 -0.26312 0.021037 -0.042445 0.02506 0 0
0 0 0.093354 0 0 0 0 0 0 0 0 0 0 -0.025121 0.036154 0.082322 -0.0093571 0.011524 -0.0079165 0 0
-0 -0 -0.30285 0 0 0 0 0 0 0 0 0 0 0.081496 -0.11729 -0.26706 0.021242 -0.043133 0.025426 0 0
0 0 0.045642 0 0 0 0 0 0 0 0 0 0 -0.012282 0.017676 0.040248 -0.0044205 0.0057554 -0.0038766 0 0
0 0 0.072431 0 0 0 0 0 0 0 0 0 0 -0.019491 0.028051 0.063871 -0.0071532 0.0090263 -0.006147 0 0
0 0 0.034567 0 0 0 0 0 0 0 0 0 0 -0.0093018 0.013387 0.030482 -0.0033203 0.0043796 -0.0029367 0 0
0 0 0.063873 0 0 0 0 0 0 0 0 0 0 -0.017188 0.024736 0.056325 -0.0062693 0.0079902 -0.0054222 0 0
-0 -0 -0.049873 0 0 0 0 0 0 0 0 0 0 0.013421 -0.019315 -0.043979 0.0044816 -0.0065393 0.0042395 0 0
0 0 0.33694 0 0 0 0 0 0 0 0 0 0 -0.090668 0.13049 0.29712 -0.039151 0.036573 -0.028009 0 0
0 0 0.34791 0 0 0 0 0 0 0 0 0 0 -0.093619 0.13473 0.30679 -0.040656 0.037513 -0.028881 0 0
0 0 0.11857 0 0 0 0 0 0 0 0 0 0 -0.031906 0.045919 0.10456 -0.012093 0.014466 -0.010043 0 0
0 0 0.34331 0 0 0 0 0 0 0 0 0 0 -0.092382 0.13295 0.30274 -0.040023 0.037121 -0.028516 0 0
-0 -0 -0.21327 0 0 0 0 0 0 0 0 0 0 0.05739 -0.082594 -0.18806 0.016486 -0.029595 0.018028 0 0
0 0 0.12197 0 0 0 0 0 0 0 0 0 0 -0.032822 0.047236 0.10756 -0.012468 0.014857 -0.01033 0 0
0 0 0.23481 0 0 0 0 0 0 0 0 0 0 -0.063185 0.090934 0.20706 -0.025778 0.027016 -0.019731 0 0
0 0 0.25275 0 0 0 0 0 0 0 0 0 0 -0.068013 0.097883 0.22288 -0.02804 0.028797 -0.021204 0 0
0 0 0.13846 0 0 0 0 0 0 0 0 0 0 -0.03726 0.053624 0.1221 -0.014311 0.016734 -0.011716 0 0
0 0 0.050811 0 0 0 0 0 0 0 0 0 0 -0.013673 0.019678 0.044806 -0.0049399 0.0063928 -0.004315 0 0
-0 -0 -0.12424 0 0 0 0 0 0 0 0 0 0 0.033433 -0.048115 -0.10956 0.010465 -0.016742 0.010546 0 0
-0 -0 -0.22602 0 0 0 0 0 0 0 0 0 0 0.060821 -0.087532 -0.19931 0.017243 -0.031487 0.01909 0 0
