0 0 0.29301 0 0 0 0 0 0 0 0 0 0 -0.078847 0.11347 0.25838 -0.0024191 0.041932 -0.019154 0 0
0 0 0.078579 0 0 0 0 0 0 0 0 0 0 -0.021145 0.030432 0.069293 0.00063108 0.011428 -0.0048263 0 0
0 0 0.31618 0 0 0 0 0 0 0 0 0 0 -0.085082 0.12245 0.27881 -0.0031633 0.045127 -0.020784 0 0
0 0 0.33265 0 0 0 0 0 0 0 0 0 0 -0.089513 0.12883 0.29333 -0.0037407 0.047382 -0.021951 0 0
-0 -0 -0.056095 0 0 0 0 0 0 0 0 0 0 0.015095 -0.021724 -0.049466 -0.0010234 -0.0081762 0.0032785 0 0
0 0 0.14993 0 0 0 0 0 0 0 0 0 0 -0.040347 0.058066 0.13222 0.00039003 0.021726 -0.0094226 0 0
-0 -0 -0.031381 0 0 0 0 0 0 0 0 0 0 0.0084444 -0.012153 -0.027672 -0.00051393 -0.0045742 0.001852 0 0
-0 -0 -0.16174 0 0 0 0 0 0 0 0 0 0 0.043522 -0.062636 -0.14262 -0.0042335 -0.023515 0.0090356 0 0
-0 -0 -0.10341 0 0 0 0 0 0 0 0 0 0 0.027828 -0.040049 -0.091191 -0.0022553 -0.015063 0.0059271 0 0
-0 -0 -0.25343 0 0 0 0 0 0 0 0 0 0 0.068196 -0.098147 -0.22348 -0.0083537 -0.036657 0.01355 0 0
-0 -0 -0.032033 0 0 0 0 0 0 0 0 0 0 0.0086199 -0.012406 -0.028247 -0.00052618 -0.0046692 0.00189 0 0
-0 -0 -0.055006 0 0 0 0 0 0 0 0 0 0 0.014802 -0.021302 -0.048505 -0.00099905 -0.0080175 0.0032162 0 0
-0 -0 -0.12976 0 0 0 0 0 0 0 0 0 0 0.034917 -0.050252 -0.11442 -0.0030863 -0.018888 0.0073532 0 0
-0 -0 -0.090254 0 0 0 0 0 0 0 0 0 0 0.024287 -0.034953 -0.079588 -0.0018791 -0.01315 0.0052017 0 0
-0 -0 -0.014653 0 0 0 0 0 0 0 0 0 0 0.0039431 -0.0056748 -0.012921 -0.00022142 -0.0021357 0.00087037 0 0
-0 -0 -0.16632 0 0 0 0 0 0 0 0 0 0 0.044757 -0.064413 -0.14667 -0.0044104 -0.024178 0.0092725 0 0
0 0 0.26872 0 0 0 0 0 0 0 0 0 0 -0.072311 0.10407 0.23696 -0.001725 0.038557 -0.01746 0 0
0 0 0.22119 0 0 0 0 0 0 0 0 0 0 -0.059521 0.085661 0.19505 -0.00062279 0.031881 -0.014191 0 0
-0 -0 -0.065628 0 0 0 0 0 0 0 0 0 0 0.01766 -0.025416 -0.057872 -0.0012446 -0.009565 0.0038209 0 0
0 0 0.082123 0 0 0 0 0 0 0 0 0 0 -0.022099 0.031804 0.072417 0.0006374 0.011942 -0.0050499 0 0
0 0 0.10739 0 0 0 0 0 0 0 0 0 0 -0.028898 0.04159 0.0947 0.00062705 0.015598 -0.0066591 0 0
-0 -0 -0.14203 0 0 0 0 0 0 0 0 0 0 0.03822 -0.055006 -0.12525 -0.0035088 -0.020666 0.0080054 0 0
0 0 0.2354 0 0 0 0 0 0 0 0 0 0 -0.063345 0.091164 0.20758 -0.00091663 0.033885 -0.015161 0 0
0 0 0.21697 0 0 0 0 0 0 0 0 0 0 -0.058386 0.084027 0.19133 -0.00054139 0.031284 -0.013904 0 0
-0 -0 -0.23141 0 0 0 0 0 0 0 0 0 0 0.062271 -0.089619 -0.20406 -0.0072529 -0.033522 0.012509 0 0
0 0 0.10747 0 0 0 0 0 0 0 0 0 0 -0.02892 0.041621 0.094769 0.00062687 0.01561 -0.0066642 0 0
-0 -0 -0.11598 0 0 0 0 0 0 0 0 0 0 0.031209 -0.044916 -0.10227 -0.0026388 -0.016889 0.0066118 0 0
-0 -0 -0.22697 0 0 0 0 0 0 0 0 0 0 0.061078 -0.087902 -0.20015 -0.0070397 -0.032889 0.012296 0 0
-0 -0 -0.14674 0 0 0 0 0 0 0 0 0 0 0.039487 -0.056829 -0.1294 -0.0036767 -0.021348 0.0082534 0 0
0 0 0.036853 0 0 0 0 0 0 0 0 0 0 -0.009917 0.014272 0.032498 0.00041288 0.0053668 -0.002231 0 0
0 0 0.21309 0 0 0 0 0 0 0 0 0 0 -0.057342 0.082526 0.18791 -0.00046897 0.030735 -0.013641 0 0
-0 -0 -0.33608 0 0 0 0 0 0 0 0 0 0 0.090436 -0.13015 -0.29636 -0.0131 -0.048267 0.0172 0 0
-0 -0 -0.20419 0 0 0 0 0 0 0 0 0 0 0.054946 -0.079077 -0.18006 -0.0059889 -0.029627 0.011184 0 0
0 0 0.1954 0 0 0 0 0 0 0 0 0 0 -0.052582 0.075674 0.17231 -0.00016738 0.028224 -0.012446 0 0
0 0 0.15188 0 0 0 0 0 0 0 0 0 0 -0.040871 0.058821 0.13393 0.00037258 0.022006 -0.0095507 0 0
0 0 0.33191 0 0 0 0 0 0 0 0 0 0 -0.089314 0.12854 0.29268 -0.003714 0.047281 -0.021898 0 0
0 0 0.31974 0 0 0 0 0 0 0 0 0 0 -0.086041 0.12383 0.28195 -0.0032849 0.045616 -0.021036 0 0
0 0 0.27318 0 0 0 0 0 0 0 0 0 0 -0.07351 0.10579 0.24089 -0.0018457 0.039178 -0.017769 0 0
-0 -0 -0.32464 0 0 0 0 0 0 0 0 0 0 0.087358 -0.12572 -0.28627 -0.012386 -0.046677 0.01672 0 0
-0 -0 -0.34354 0 0 0 0 0 0 0 0 0 0 0.092444 -0.13304 -0.30294 -0.013576 -0.049302 0.017509 0 0
0 0 0.2094 0 0 0 0 0 0 0 0 0 0 -0.056349 0.081097 0.18466 -0.00040216 0.030212 -0.013391 0 0
-0 -0 -0.22908 0 0 0 0 0 0 0 0 0 0 0.061645 -0.088718 -0.20201 -0.0071407 -0.03319 0.012397 0 0
0 0 0.15222 0 0 0 0 0 0 0 0 0 0 -0.040962 0.058951 0.13423 0.0003695 0.022054 -0.0095729 0 0
0 0 0.11524 0 0 0 0 0 0 0 0 0 0 -0.031011 0.04463 0.10162 0.00060404 0.016732 -0.007164 0 0
-0 -0 -0.088642 0 0 0 0 0 0 0 0 0 0 0.023853 -0.034329 -0.078166 -0.0018347 -0.012915 0.0051122 0 0
0 0 0.232 0 0 0 0 0 0 0 0 0 0 -0.062429 0.089846 0.20458 -0.00084349 0.033406 -0.014929 0 0
-0 -0 -0.17976 0 0 0 0 0 0 0 0 0 0 0.048373 -0.069618 -0.15852 -0.0049467 -0.026116 0.0099599 0 0
0 0 0.10817 0 0 0 0 0 0 0 0 0 0 -0.029108 0.041891 0.095386 0.00062519 0.015711 -0.006709 0 0
0 0 0.08694 0 0 0 0 0 0 0 0 0 0 -0.023395 0.03367 0.076665 0.00064293 0.012639 -0.0053548 0 0
0 0 0.23465 0 0 0 0 0 0 0 0 0 0 -0.063143 0.090875 0.20692 -0.00090042 0.03378 -0.01511 0 0
0 0 0.041187 0 0 0 0 0 0 0 0 0 0 -0.011083 0.015951 0.036319 0.00044787 0.0059972 -0.0024972 0 0
-0 -0 -0.33999 0 0 0 0 0 0 0 0 0 0 0.091489 -0.13167 -0.29981 -0.013349 -0.04881 0.017363 0 0
0 0 0.25422 0 0 0 0 0 0 0 0 0 0 -0.068408 0.098452 0.22417 -0.0013526 0.036529 -0.016455 0 0
0 0 0.1282 0 0 0 0 0 0 0 0 0 0 -0.034499 0.04965 0.11305 0.00054551 0.018601 -0.0080027 0 0
-0 -0 -0.27159 0 0 0 0 0 0 0 0 0 0 0.073085 -0.10518 -0.2395 -0.0093142 -0.039231 0.014387 0 0
-0 -0 -0.23624 0 0 0 0 0 0 0 0 0 0 0.06357 -0.091488 -0.20832 -0.0074883 -0.03421 0.012739 0 0
-0 -0 -0.31134 0 0 0 0 0 0 0 0 0 0 0.083781 -0.12058 -0.27455 -0.011579 -0.044821 0.016151 0 0
-0 -0 -0.2108 0 0 0 0 0 0 0 0 0 0 0.056725 -0.081637 -0.18589 -0.006286 -0.030575 0.011509 0 0
-0 -0 -0.30175 0 0 0 0 0 0 0 0 0 0 0.0812 -0.11686 -0.26609 -0.011012 -0.043478 0.015734 0 0
0 0 0.29497 0 0 0 0 0 0 0 0 0 0 -0.079375 0.11423 0.26011 -0.0024791 0.042204 -0.019291 0 0
0 0 0.1913 0 0 0 0 0 0 0 0 0 0 -0.051478 0.074086 0.16869 -0.00010426 0.02764 -0.012171 0 0
0 0 0.13518 0 0 0 0 0 0 0 0 0 0 -0.036376 0.052352 0.11921 0.00050342 0.019606 -0.0084567 0 0
-0 -0 -0.11699 0 0 0 0 0 0 0 0 0 0 0.031481 -0.045306 -0.10316 -0.0026706 -0.017035 0.0066664 0 0
-0 -0 -0.26205 0 0 0 0 0 0 0 0 0 0 0.070517 -0.10149 -0.23108 -0.0088038 -0.03788 0.013949 0 0
-0 -0 -0.17532 0 0 0 0 0 0 0 0 0 0 0.047177 -0.067896 -0.1546 -0.0047663 -0.025475 0.0097336 0 0
-0 -0 -0.12965 0 0 0 0 0 0 0 0 0 0 0.034889 -0.050211 -0.11433 -0.0030828 -0.018872 0.0073475 0 0
0 0 0.054733 0 0 0 0 0 0 0 0 0 0 -0.014728 0.021197 0.048265 0.00053882 0.0079666 -0.0033343 0 0
-0 -0 -0.08478 0 0 0 0 0 0 0 0 0 0 0.022814 -0.032833 -0.074761 -0.0017302 -0.012353 0.0048974 0 0
-0 -0 -0.34161 0 0 0 0 0 0 0 0 0 0 0.091927 -0.1323 -0.30124 -0.013453 -0.049035 0.01743 0 0
0 0 0.22079 0 0 0 0 0 0 0 0 0 0 -0.059412 0.085505 0.19469 -0.00061487 0.031823 -0.014164 0 0
0 0 0.063561 0 0 0 0 0 0 0 0 0 0 -0.017104 0.024616 0.056049 0.00058307 0.0092488 -0.0038839 0 0
0 0 0.12632 0 0 0 0 0 0 0 0 0 0 -0.033992 0.048921 0.11139 0.00055561 0.01833 -0.0078804 0 0
-0 -0 -0.18548 0 0 0 0 0 0 0 0 0 0 0.049912 -0.071832 -0.16356 -0.0051828 -0.026939 0.010249 0 0
-0 -0 -0.096854 0 0 0 0 0 0 0 0 0 0 0.026063 -0.037509 -0.085408 -0.0020645 -0.01411 0.0055667 0 0
0 0 0.34219 0 0 0 0 0 0 0 0 0 0 -0.092082 0.13252 0.30175 -0.0040939 0.048683 -0.02263 0 0
-0 -0 -0.21164 0 0 0 0 0 0 0 0 0 0 0.056952 -0.081964 -0.18663 -0.0063244 -0.030696 0.011551 0 0
0 0 0.34179 0 0 0 0 0 0 0 0 0 0 -0.091973 0.13237 0.3014 -0.0040786 0.048628 -0.022601 0 0
0 0 0.015121 0 0 0 0 0 0 0 0 0 0 -0.004069 0.005856 0.013334 0.00019436 0.002203 -0.00090822 0 0
0 0 0.27574 0 0 0 0 0 0 0 0 0 0 -0.0742 0.10679 0.24315 -0.0019165 0.039535 -0.017948 0 0
0 0 0.093534 0 0 0 0 0 0 0 0 0 0 -0.025169 0.036223 0.08248 0.00064477 0.013594 -0.0057735 0 0
0 0 0.30352 0 0 0 0 0 0 0 0 0 0 -0.081675 0.11754 0.26765 -0.0027468 0.043385 -0.019892 0 0
0 0 0.12513 0 0 0 0 0 0 0 0 0 0 -0.033671 0.048459 0.11034 0.00056172 0.018158 -0.0078031 0 0
-0 -0 -0.31546 0 0 0 0 0 0 0 0 0 0 0.084888 -0.12217 -0.27818 -0.011826 -0.045396 0.016328 0 0
-0 -0 -0.07232 0 0 0 0 0 0 0 0 0 0 0.019461 -0.028008 -0.063773 -0.001408 -0.01054 0.0041991 0 0
0 0 0.17054 0 0 0 0 0 0 0 0 0 0 -0.045892 0.066046 0.15039 0.00017628 0.024678 -0.010784 0 0
0 0 0.28089 0 0 0 0 0 0 0 0 0 0 -0.075587 0.10878 0.2477 -0.0020618 0.040252 -0.018307 0 0
-0 -0 -0.069448 0 0 0 0 0 0 0 0 0 0 0.018688 -0.026895 -0.06124 -0.001337 -0.010121 0.004037 0 0
0 0 0.19955 0 0 0 0 0 0 0 0 0 0 -0.053699 0.077282 0.17597 -0.00023392 0.028814 -0.012726 0 0
0 0 0.31516 0 0 0 0 0 0 0 0 0 0 -0.084807 0.12205 0.27791 -0.0031289 0.044987 -0.020712 0 0
0 0 0.023464 0 0 0 0 0 0 0 0 0 0 -0.0063141 0.0090871 0.020691 0.00028673 0.003418 -0.0014136 0 0
0 0 0.017042 0 0 0 0 0 0 0 0 0 0 -0.0045859 0.0065999 0.015028 0.00021656 0.0024828 -0.0010243 0 0
0 0 0.19484 0 0 0 0 0 0 0 0 0 0 -0.052431 0.075457 0.17182 -0.00015862 0.028144 -0.012409 0 0
0 0 0.34371 0 0 0 0 0 0 0 0 0 0 -0.092492 0.13311 0.30309 -0.0041514 0.04889 -0.022738 0 0
0 0 0.094824 0 0 0 0 0 0 0 0 0 0 -0.025517 0.036723 0.083618 0.00064435 0.013781 -0.0058557 0 0
-0 -0 -0.32456 0 0 0 0 0 0 0 0 0 0 0.087339 -0.1257 -0.28621 -0.012382 -0.046667 0.016717 0 0
0 0 0.34771 0 0 0 0 0 0 0 0 0 0 -0.093568 0.13466 0.30662 -0.0043043 0.049434 -0.023024 0 0
-0 -0 -0.029872 0 0 0 0 0 0 0 0 0 0 0.0080385 -0.011569 -0.026342 -0.00048581 -0.0043542 0.001764 0 0
-0 -0 -0.048546 0 0 0 0 0 0 0 0 0 0 0.013063 -0.018801 -0.042809 -0.00085804 -0.0070761 0.0028458 0 0
-0 -0 -0.21061 0 0 0 0 0 0 0 0 0 0 0.056673 -0.081563 -0.18572 -0.0062773 -0.030547 0.0115 0 0
-0 -0 -0.00026348 0 0 0 0 0 0 0 0 0 0 7.0902e-05 -0.00010204 -0.00023234 -3.6941e-06 -3.8397e-05 1.5736e-05 0 0
