-0 -0 -0 0.042301 0 0 0 0 0 0 -0 0.039152 -0.0045313 0.01536 0 0
0 0 0 0.083334 0 0 0 0 0 0 -0 0.077132 -0.008927 0.030259 0 0
-0 -0 -0 0.045634 0 0 0 0 0 0 -0 0.042237 -0.0048884 0.01657 0 0
-0 -0 -0 0.0087944 0 0 0 0 0 0 -0 0.0081398 -0.00094208 0.0031933 0 0
0 0 0 0.079277 0 0 0 0 0 0 -0 0.073376 -0.0084923 0.028786 0 0
-0 -0 -0 0.1948 0 0 0 0 0 0 -0 0.1803 -0.020868 0.070734 0 0
0 0 0 0.14333 0 0 0 0 0 0 -0 0.13266 -0.015354 0.052045 0 0
0 0 0 0.095705 0 0 0 0 0 0 -0 0.088582 -0.010252 0.034751 0 0
-0 -0 -0 0.027971 0 0 0 0 0 0 -0 0.025889 -0.0029963 0.010156 0 0
0 0 0 0.10598 0 0 0 0 0 0 -0 0.098088 -0.011352 0.038481 0 0
0 0 0 0.051838 0 0 0 0 0 0 -0 0.047979 -0.005553 0.018822 0 0
0 0 0 0.1706 0 0 0 0 0 0 -0 0.1579 -0.018275 0.061946 0 0
-0 -0 -0 0.11658 0 0 0 0 0 0 -0 0.1079 -0.012488 0.042331 0 0
0 0 0 0.021494 0 0 0 0 0 0 -0 0.019894 -0.0023025 0.0078045 0 0
-0 -0 -0 0.039515 0 0 0 0 0 0 -0 0.036574 -0.004233 0.014348 0 0
0 0 0 0.056197 0 0 0 0 0 0 -0 0.052014 -0.0060199 0.020405 0 0
-0 -0 -0 0.035022 0 0 0 0 0 0 -0 0.032415 -0.0037516 0.012717 0 0
-0 -0 -0 0.027169 0 0 0 0 0 0 -0 0.025147 -0.0029105 0.0098654 0 0
-0 -0 -0 0.033904 0 0 0 0 0 0 -0 0.031381 -0.0036319 0.012311 0 0
-0 -0 -0 0.17543 0 0 0 0 0 0 -0 0.16237 -0.018793 0.0637 0 0
-0 -0 -0 0.021068 0 0 0 0 0 0 -0 0.0195 -0.0022569 0.0076501 0 0
-0 -0 -0 0.19921 0 0 0 0 0 0 -0 0.18438 -0.02134 0.072334 0 0
-0 -0 -0 0.021488 0 0 0 0 0 0 -0 0.019889 -0.0023019 0.0078025 0 0
-0 -0 -0 0.15669 0 0 0 0 0 0 -0 0.14503 -0.016785 0.056895 0 0
-0 -0 -0 0.12481 0 0 0 0 0 0 -0 0.11552 -0.01337 0.045318 0 0
0 0 0 0.11635 0 0 0 0 0 0 -0 0.10769 -0.012464 0.042248 0 0
-0 -0 -0 0.000363 0 0 0 0 0 0 -0 0.00033599 -3.8886e-05 0.00013181 0 0
-0 -0 -0 0.018761 0 0 0 0 0 0 -0 0.017364 -0.0020097 0.0068121 0 0
0 0 0 0.063038 0 0 0 0 0 0 -0 0.058346 -0.0067527 0.022889 0 0
-0 -0 -0 0.14028 0 0 0 0 0 0 -0 0.12984 -0.015027 0.050935 0 0
-0 -0 -0 0.010992 0 0 0 0 0 0 -0 0.010174 -0.0011775 0.0039912 0 0
-0 -0 -0 0.14292 0 0 0 0 0 0 -0 0.13228 -0.01531 0.051895 0 0
0 0 0 0.090735 0 0 0 0 0 0 -0 0.083982 -0.0097198 0.032947 0 0
-0 -0 -0 0.1453 0 0 0 0 0 0 -0 0.13448 -0.015565 0.052758 0 0
-0 -0 -0 0.15337 0 0 0 0 0 0 -0 0.14195 -0.016429 0.055689 0 0
-0 -0 -0 0.074959 0 0 0 0 0 0 -0 0.06938 -0.0080298 0.027218 0 0
0 0 0 0.061018 0 0 0 0 0 0 -0 0.056477 -0.0065364 0.022156 0 0
-0 -0 -0 0.16183 0 0 0 0 0 0 -0 0.14979 -0.017336 0.058762 0 0
-0 -0 -0 0.054168 0 0 0 0 0 0 -0 0.050136 -0.0058026 0.019669 0 0
-0 -0 -0 0.0078316 0 0 0 0 0 0 -0 0.0072487 -0.00083894 0.0028437 0 0
0 0 0 0.16221 0 0 0 0 0 0 -0 0.15013 -0.017376 0.058898 0 0
0 0 0 0.044525 0 0 0 0 0 0 -0 0.041211 -0.0047697 0.016167 0 0
-0 -0 -0 0.19408 0 0 0 0 0 0 -0 0.17963 -0.02079 0.070471 0 0
0 0 0 0.13222 0 0 0 0 0 0 -0 0.12238 -0.014164 0.048011 0 0
0 0 0 0.14144 0 0 0 0 0 0 -0 0.13091 -0.015151 0.051357 0 0
-0 -0 -0 0.099923 0 0 0 0 0 0 -0 0.092486 -0.010704 0.036283 0 0
0 0 0 0.17405 0 0 0 0 0 0 -0 0.1611 -0.018645 0.063199 0 0
0 0 0 0.083962 0 0 0 0 0 0 -0 0.077713 -0.0089942 0.030487 0 0
0 0 0 0.14962 0 0 0 0 0 0 -0 0.13848 -0.016028 0.054328 0 0
-0 -0 -0 0.096172 0 0 0 0 0 0 -0 0.089014 -0.010302 0.034921 0 0
0 0 0 0.19679 0 0 0 0 0 0 -0 0.18215 -0.021081 0.071457 0 0
0 0 0 0.18816 0 0 0 0 0 0 -0 0.17416 -0.020156 0.068323 0 0
0 0 0 0.18816 0 0 0 0 0 0 -0 0.17416 -0.020156 0.068323 0 0
-0 -0 -0 0.022449 0 0 0 0 0 0 -0 0.020779 -0.0024048 0.0081515 0 0
0 0 0 0.19709 0 0 0 0 0 0 -0 0.18242 -0.021112 0.071563 0 0
-0 -0 -0 0.17236 0 0 0 0 0 0 -0 0.15953 -0.018464 0.062585 0 0
-0 -0 -0 0.087509 0 0 0 0 0 0 -0 0.080996 -0.0093742 0.031775 0 0
0 0 0 0.094952 0 0 0 0 0 0 -0 0.087885 -0.010172 0.034478 0 0
0 0 0 0.034571 0 0 0 0 0 0 -0 0.031998 -0.0037033 0.012553 0 0
-0 -0 -0 0.14421 0 0 0 0 0 0 -0 0.13348 -0.015448 0.052364 0 0
0 0 0 0.17749 0 0 0 0 0 0 -0 0.16428 -0.019014 0.064449 0 0
-0 -0 -0 0.19683 0 0 0 0 0 0 -0 0.18218 -0.021085 0.07147 0 0
-0 -0 -0 0.0047776 0 0 0 0 0 0 -0 0.004422 -0.00051179 0.0017348 0 0
0 0 0 0.0021458 0 0 0 0 0 0 -0 0.001986 -0.00022986 0.00077914 0 0
0 0 0 0.017639 0 0 0 0 0 0 -0 0.016326 -0.0018895 0.0064047 0 0
-0 -0 -0 0.10836 0 0 0 0 0 0 -0 0.1003 -0.011608 0.039348 0 0
-0 -0 -0 0.034953 0 0 0 0 0 0 -0 0.032352 -0.0037443 0.012692 0 0
0 0 0 0.03891 0 0 0 0 0 0 -0 0.036014 -0.0041681 0.014128 0 0
-0 -0 -0 0.19205 0 0 0 0 0 0 -0 0.17776 -0.020573 0.069735 0 0
0 0 0 0.030538 0 0 0 0 0 0 -0 0.028265 -0.0032713 0.011089 0 0
-0 -0 -0 0.14298 0 0 0 0 0 0 -0 0.13233 -0.015316 0.051915 0 0
0 0 0 0.053562 0 0 0 0 0 0 -0 0.049575 -0.0057377 0.019449 0 0
-0 -0 -0 0.093307 0 0 0 0 0 0 -0 0.086362 -0.0099953 0.03388 0 0
0 0 0 0.19514 0 0 0 0 0 0 -0 0.18062 -0.020904 0.070856 0 0
0 0 0 0.065538 0 0 0 0 0 0 -0 0.06066 -0.0070206 0.023797 0 0
-0 -0 -0 0.022564 0 0 0 0 0 0 -0 0.020885 -0.0024171 0.0081931 0 0
-0 -0 -0 0.16556 0 0 0 0 0 0 -0 0.15323 -0.017735 0.060114 0 0
0 0 0 0.071723 0 0 0 0 0 0 -0 0.066384 -0.0076831 0.026043 0 0
-0 -0 -0 0.1691 0 0 0 0 0 0 -0 0.15651 -0.018114 0.061401 0 0
-0 -0 -0 0.16078 0 0 0 0 0 0 -0 0.14881 -0.017223 0.05838 0 0
-0 -0 -0 0.070408 0 0 0 0 0 0 -0 0.065168 -0.0075423 0.025566 0 0
0 0 0 0.1461 0 0 0 0 0 0 -0 0.13523 -0.015651 0.053051 0 0
0 0 0 0.13946 0 0 0 0 0 0 -0 0.12908 -0.014939 0.050639 0 0
-0 -0 -0 0.013144 0 0 0 0 0 0 -0 0.012166 -0.001408 0.0047726 0 0
-0 -0 -0 0.1275 0 0 0 0 0 0 -0 0.11801 -0.013659 0.046298 0 0
-0 -0 -0 0.0073021 0 0 0 0 0 0 -0 0.0067586 -0.00078222 0.0026514 0 0
-0 -0 -0 0.027301 0 0 0 0 0 0 -0 0.025269 -0.0029246 0.0099132 0 0
-0 -0 -0 0.14662 0 0 0 0 0 0 -0 0.13571 -0.015706 0.053238 0 0
-0 -0 -0 0.022619 0 0 0 0 0 0 -0 0.020935 -0.002423 0.0082129 0 0
-0 -0 -0 0.18301 0 0 0 0 0 0 -0 0.16938 -0.019604 0.06645 0 0
0 0 0 0.14784 0 0 0 0 0 0 -0 0.13683 -0.015837 0.05368 0 0
-0 -0 -0 0.17906 0 0 0 0 0 0 -0 0.16573 -0.019181 0.065018 0 0
0 0 0 0.13691 0 0 0 0 0 0 -0 0.12672 -0.014666 0.049713 0 0
-0 -0 -0 0.043811 0 0 0 0 0 0 -0 0.04055 -0.0046932 0.015908 0 0
0 0 0 0.059819 0 0 0 0 0 0 -0 0.055366 -0.0064079 0.02172 0 0
0 0 0 0.088586 0 0 0 0 0 0 -0 0.081992 -0.0094895 0.032166 0 0
0 0 0 0.056054 0 0 0 0 0 0 -0 0.051882 -0.0060047 0.020354 0 0
0 0 0 0.057115 0 0 0 0 0 0 -0 0.052864 -0.0061183 0.020739 0 0
0 0 0 0.13055 0 0 0 0 0 0 -0 0.12083 -0.013984 0.047402 0 0
0 0 0 0.089724 0 0 0 0 0 0 -0 0.083046 -0.0096115 0.032579 0 0
