-0 -0 -0.21094 0 0 0 0 0 0 0 0 0 0 0.070677 -0.070677 -0.18575 0.0064437 -0.020237 0.010152 0 0
0 0 0.31239 0 0 0 0 0 0 0 0 0 0 -0.10467 0.10467 0.27509 -0.01731 0.025417 -0.016257 0 0
0 0 0.12404 0 0 0 0 0 0 0 0 0 0 -0.041562 0.041562 0.10923 -0.0058238 0.010858 -0.0063471 0 0
-0 -0 -0.067311 0 0 0 0 0 0 0 0 0 0 0.022553 -0.022553 -0.059275 0.002541 -0.0062438 0.0033425 0 0
-0 -0 -0.34645 0 0 0 0 0 0 0 0 0 0 0.11608 -0.11608 -0.30509 0.0081732 -0.034064 0.016071 0 0
0 0 0.29069 0 0 0 0 0 0 0 0 0 0 -0.0974 0.0974 0.25599 -0.015835 0.023872 -0.015108 0 0
0 0 0.023056 0 0 0 0 0 0 0 0 0 0 -0.007725 0.007725 0.020303 -0.00097203 0.0020849 -0.0011631 0 0
0 0 0.021502 0 0 0 0 0 0 0 0 0 0 -0.0072045 0.0072045 0.018935 -0.00090493 0.0019453 -0.0010845 0 0
0 0 0.26763 0 0 0 0 0 0 0 0 0 0 -0.089672 0.089672 0.23568 -0.014308 0.02219 -0.013887 0 0
0 0 0.25938 0 0 0 0 0 0 0 0 0 0 -0.086909 0.086909 0.22841 -0.013773 0.021579 -0.013451 0 0
-0 -0 -0.0044048 0 0 0 0 0 0 0 0 0 0 0.0014759 -0.0014759 -0.0038789 0.00017985 -0.00040155 0.00022122 0 0
-0 -0 -0.22315 0 0 0 0 0 0 0 0 0 0 0.074769 -0.074769 -0.19651 0.006678 -0.021462 0.010707 0 0
0 0 0.14564 0 0 0 0 0 0 0 0 0 0 -0.048798 0.048798 0.12825 -0.0069838 0.012652 -0.0074712 0 0
0 0 0.29283 0 0 0 0 0 0 0 0 0 0 -0.098114 0.098114 0.25786 -0.015978 0.024026 -0.015221 0 0
-0 -0 -0.20444 0 0 0 0 0 0 0 0 0 0 0.0685 -0.0685 -0.18003 0.0063127 -0.019587 0.0098547 0 0
0 0 0.29212 0 0 0 0 0 0 0 0 0 0 -0.097878 0.097878 0.25724 -0.015931 0.023975 -0.015184 0 0
0 0 0.044645 0 0 0 0 0 0 0 0 0 0 -0.014959 0.014959 0.039315 -0.0019285 0.0040106 -0.0022598 0 0
0 0 0.30619 0 0 0 0 0 0 0 0 0 0 -0.10259 0.10259 0.26963 -0.016884 0.024979 -0.015929 0 0
-0 -0 -0.28094 0 0 0 0 0 0 0 0 0 0 0.09413 -0.09413 -0.24739 0.0075767 -0.02732 0.013278 0 0
-0 -0 -0.3126 0 0 0 0 0 0 0 0 0 0 0.10474 -0.10474 -0.27528 0.0079212 -0.030567 0.014644 0 0
-0 -0 -0.22451 0 0 0 0 0 0 0 0 0 0 0.075224 -0.075224 -0.1977 0.0067032 -0.021599 0.010769 0 0
-0 -0 -0.073815 0 0 0 0 0 0 0 0 0 0 0.024732 -0.024732 -0.065002 0.0027628 -0.0068587 0.0036609 0 0
0 0 0.047344 0 0 0 0 0 0 0 0 0 0 -0.015863 0.015863 0.041691 -0.0020512 0.0042495 -0.0023973 0 0
0 0 0.21727 0 0 0 0 0 0 0 0 0 0 -0.072798 0.072798 0.19133 -0.011129 0.01838 -0.011228 0 0
0 0 0.0012552 0 0 0 0 0 0 0 0 0 0 -0.00042057 0.00042057 0.0011053 -5.1597e-05 0.00011424 -6.3098e-05 0 0
0 0 0.011901 0 0 0 0 0 0 0 0 0 0 -0.0039876 0.0039876 0.01048 -0.00049534 0.0010798 -0.00059931 0 0
-0 -0 -0.34323 0 0 0 0 0 0 0 0 0 0 0.115 -0.115 -0.30225 0.0081545 -0.03373 0.015937 0 0
0 0 0.19358 0 0 0 0 0 0 0 0 0 0 -0.06486 0.06486 0.17047 -0.009708 0.016525 -0.0099813 0 0
0 0 0.26916 0 0 0 0 0 0 0 0 0 0 -0.090184 0.090184 0.23702 -0.014408 0.022303 -0.013968 0 0
0 0 0.29509 0 0 0 0 0 0 0 0 0 0 -0.098872 0.098872 0.25986 -0.01613 0.024188 -0.015341 0 0
-0 -0 -0.096113 0 0 0 0 0 0 0 0 0 0 0.032204 -0.032204 -0.084638 0.0034912 -0.0089817 0.0047458 0 0
-0 -0 -0.074519 0 0 0 0 0 0 0 0 0 0 0.024968 -0.024968 -0.065622 0.0027866 -0.0069254 0.0036953 0 0
-0 -0 -0.062989 0 0 0 0 0 0 0 0 0 0 0.021105 -0.021105 -0.055469 0.0023913 -0.0058362 0.0031305 0 0
0 0 0.19098 0 0 0 0 0 0 0 0 0 0 -0.06399 0.06399 0.16818 -0.0095553 0.016319 -0.0098449 0 0
0 0 0.10405 0 0 0 0 0 0 0 0 0 0 -0.034862 0.034862 0.091625 -0.0047877 0.0091695 -0.0053105 0 0
-0 -0 -0.32765 0 0 0 0 0 0 0 0 0 0 0.10978 -0.10978 -0.28853 0.0080481 -0.032118 0.015283 0 0
0 0 0.077788 0 0 0 0 0 0 0 0 0 0 -0.026064 0.026064 0.068501 -0.003483 0.0069149 -0.0039563 0 0
0 0 0.042431 0 0 0 0 0 0 0 0 0 0 -0.014217 0.014217 0.037365 -0.0018284 0.0038143 -0.002147 0 0
0 0 0.27574 0 0 0 0 0 0 0 0 0 0 -0.092388 0.092388 0.24281 -0.01484 0.022786 -0.014316 0 0
0 0 0.16884 0 0 0 0 0 0 0 0 0 0 -0.056571 0.056571 0.14868 -0.0082766 0.014546 -0.0086835 0 0
0 0 0.33589 0 0 0 0 0 0 0 0 0 0 -0.11254 0.11254 0.29579 -0.01895 0.027049 -0.017502 0 0
-0 -0 -0.1416 0 0 0 0 0 0 0 0 0 0 0.047443 -0.047443 -0.12469 0.0048215 -0.013379 0.006925 0 0
0 0 0.01855 0 0 0 0 0 0 0 0 0 0 -0.0062155 0.0062155 0.016336 -0.00077806 0.0016797 -0.00093516 0 0
0 0 0.33118 0 0 0 0 0 0 0 0 0 0 -0.11097 0.11097 0.29164 -0.018618 0.026725 -0.017253 0 0
0 0 0.091487 0 0 0 0 0 0 0 0 0 0 -0.030654 0.030654 0.080564 -0.0041556 0.0080963 -0.0046617 0 0
0 0 0.32391 0 0 0 0 0 0 0 0 0 0 -0.10853 0.10853 0.28524 -0.018109 0.026222 -0.016868 0 0
0 0 0.12338 0 0 0 0 0 0 0 0 0 0 -0.041338 0.041338 0.10865 -0.0057886 0.010802 -0.0063124 0 0
-0 -0 -0.15841 0 0 0 0 0 0 0 0 0 0 0.053076 -0.053076 -0.13949 0.0052601 -0.015025 0.0077184 0 0
-0 -0 -0.34893 0 0 0 0 0 0 0 0 0 0 0.11691 -0.11691 -0.30727 0.0081869 -0.034321 0.016174 0 0
-0 -0 -0.30561 0 0 0 0 0 0 0 0 0 0 0.1024 -0.1024 -0.26912 0.0078542 -0.029848 0.014345 0 0
-0 -0 -0.00022713 0 0 0 0 0 0 0 0 0 0 7.6103e-05 -7.6103e-05 -0.00020001 9.3203e-06 -2.0681e-05 1.1415e-05 0 0
0 0 0.21625 0 0 0 0 0 0 0 0 0 0 -0.072458 0.072458 0.19044 -0.011067 0.018302 -0.011174 0 0
0 0 0.26619 0 0 0 0 0 0 0 0 0 0 -0.08919 0.08919 0.23441 -0.014214 0.022084 -0.013811 0 0
0 0 0.33175 0 0 0 0 0 0 0 0 0 0 -0.11116 0.11116 0.29214 -0.018658 0.026764 -0.017283 0 0
0 0 0.28894 0 0 0 0 0 0 0 0 0 0 -0.096813 0.096813 0.25445 -0.015717 0.023746 -0.015015 0 0
-0 -0 -0.24381 0 0 0 0 0 0 0 0 0 0 0.081689 -0.081689 -0.2147 0.0070392 -0.023545 0.011637 0 0
0 0 0.27428 0 0 0 0 0 0 0 0 0 0 -0.0919 0.0919 0.24153 -0.014744 0.022679 -0.014239 0 0
0 0 0.28517 0 0 0 0 0 0 0 0 0 0 -0.095549 0.095549 0.25112 -0.015465 0.023473 -0.014815 0 0
-0 -0 -0.18298 0 0 0 0 0 0 0 0 0 0 0.06131 -0.06131 -0.16114 0.0058491 -0.017451 0.0088656 0 0
0 0 0.16416 0 0 0 0 0 0 0 0 0 0 -0.055004 0.055004 0.14456 -0.0080121 0.014167 -0.0084388 0 0
0 0 0.099205 0 0 0 0 0 0 0 0 0 0 -0.033239 0.033239 0.08736 -0.0045422 0.0087568 -0.0050601 0 0
0 0 0.14513 0 0 0 0 0 0 0 0 0 0 -0.048629 0.048629 0.12781 -0.0069562 0.01261 -0.0074449 0 0
-0 -0 -0.040719 0 0 0 0 0 0 0 0 0 0 0.013643 -0.013643 -0.035857 0.0015904 -0.0037501 0.002032 0 0
-0 -0 -0.092837 0 0 0 0 0 0 0 0 0 0 0.031106 -0.031106 -0.081753 0.0033873 -0.0086684 0.004587 0 0
0 0 0.13468 0 0 0 0 0 0 0 0 0 0 -0.045126 0.045126 0.1186 -0.0063899 0.011745 -0.0069002 0 0
-0 -0 -0.29987 0 0 0 0 0 0 0 0 0 0 0.10047 -0.10047 -0.26406 0.0077953 -0.029258 0.014099 0 0
-0 -0 -0.33474 0 0 0 0 0 0 0 0 0 0 0.11216 -0.11216 -0.29478 0.0080997 -0.032852 0.015582 0 0
0 0 0.036384 0 0 0 0 0 0 0 0 0 0 -0.012191 0.012191 0.03204 -0.0015573 0.0032768 -0.0018393 0 0
0 0 0.33832 0 0 0 0 0 0 0 0 0 0 -0.11336 0.11336 0.29792 -0.019122 0.027214 -0.017631 0 0
0 0 0.26979 0 0 0 0 0 0 0 0 0 0 -0.090397 0.090397 0.23758 -0.014449 0.02235 -0.014002 0 0
-0 -0 -0.060986 0 0 0 0 0 0 0 0 0 0 0.020434 -0.020434 -0.053705 0.0023213 -0.0056476 0.0030321 0 0
-0 -0 -0.24038 0 0 0 0 0 0 0 0 0 0 0.080542 -0.080542 -0.21168 0.0069824 -0.023199 0.011484 0 0
0 0 0.22186 0 0 0 0 0 0 0 0 0 0 -0.074335 0.074335 0.19537 -0.01141 0.018735 -0.01147 0 0
0 0 0.01522 0 0 0 0 0 0 0 0 0 0 -0.0050995 0.0050995 0.013403 -0.00063591 0.0013795 -0.00076684 0 0
0 0 0.22053 0 0 0 0 0 0 0 0 0 0 -0.07389 0.07389 0.1942 -0.011328 0.018633 -0.0114 0 0
0 0 0.24689 0 0 0 0 0 0 0 0 0 0 -0.082723 0.082723 0.21741 -0.012973 0.020644 -0.012791 0 0
0 0 0.27977 0 0 0 0 0 0 0 0 0 0 -0.093739 0.093739 0.24637 -0.015106 0.023081 -0.014529 0 0
0 0 0.2209 0 0 0 0 0 0 0 0 0 0 -0.074014 0.074014 0.19452 -0.011351 0.018661 -0.011419 0 0
-0 -0 -0.11567 0 0 0 0 0 0 0 0 0 0 0.038757 -0.038757 -0.10186 0.0040889 -0.010862 0.0056886 0 0
0 0 0.058104 0 0 0 0 0 0 0 0 0 0 -0.019468 0.019468 0.051167 -0.0025473 0.0051977 -0.0029469 0 0
-0 -0 -0.26347 0 0 0 0 0 0 0 0 0 0 0.088278 -0.088278 -0.23201 0.0073418 -0.025539 0.012511 0 0
0 0 0.077585 0 0 0 0 0 0 0 0 0 0 -0.025996 0.025996 0.068322 -0.0034732 0.0068973 -0.0039459 0 0
-0 -0 -0.10544 0 0 0 0 0 0 0 0 0 0 0.03533 -0.03533 -0.092854 0.0037811 -0.0098766 0.0051966 0 0
-0 -0 -0.010012 0 0 0 0 0 0 0 0 0 0 0.0033547 -0.0033547 -0.0088168 0.00040609 -0.0009142 0.00050235 0 0
0 0 0.28402 0 0 0 0 0 0 0 0 0 0 -0.095163 0.095163 0.25011 -0.015388 0.02339 -0.014754 0 0
0 0 0.28138 0 0 0 0 0 0 0 0 0 0 -0.094278 0.094278 0.24778 -0.015213 0.023198 -0.014615 0 0
0 0 0.1034 0 0 0 0 0 0 0 0 0 0 -0.034645 0.034645 0.091054 -0.0047546 0.0091142 -0.0052769 0 0
0 0 0.28072 0 0 0 0 0 0 0 0 0 0 -0.094058 0.094058 0.2472 -0.015169 0.02315 -0.01458 0 0
-0 -0 -0.32106 0 0 0 0 0 0 0 0 0 0 0.10757 -0.10757 -0.28273 0.0079955 -0.031439 0.015004 0 0
-0 -0 -0.25321 0 0 0 0 0 0 0 0 0 0 0.084841 -0.084841 -0.22298 0.007189 -0.024498 0.012056 0 0
-0 -0 -0.11941 0 0 0 0 0 0 0 0 0 0 0.040011 -0.040011 -0.10516 0.0041989 -0.011224 0.005868 0 0
-0 -0 -0.19243 0 0 0 0 0 0 0 0 0 0 0.064477 -0.064477 -0.16946 0.0060592 -0.01839 0.0093027 0 0
-0 -0 -0.29226 0 0 0 0 0 0 0 0 0 0 0.097926 -0.097926 -0.25737 0.0077121 -0.028479 0.01377 0 0
-0 -0 -0.12253 0 0 0 0 0 0 0 0 0 0 0.041055 -0.041055 -0.1079 0.0042894 -0.011525 0.0060173 0 0
-0 -0 -0.12764 0 0 0 0 0 0 0 0 0 0 0.042767 -0.042767 -0.1124 0.0044356 -0.012021 0.0062614 0 0
0 0 0.15794 0 0 0 0 0 0 0 0 0 0 -0.052918 0.052918 0.13908 -0.0076632 0.01366 -0.0081133 0 0
0 0 0.035013 0 0 0 0 0 0 0 0 0 0 -0.011731 0.011731 0.030833 -0.0014963 0.0031547 -0.0017696 0 0
0 0 0.064523 0 0 0 0 0 0 0 0 0 0 -0.021619 0.021619 0.05682 -0.0028484 0.0057602 -0.0032755 0 0
-0 -0 -0.041553 0 0 0 0 0 0 0 0 0 0 0.013923 -0.013923 -0.036592 0.0016213 -0.0038279 0.0020734 0 0
-0 -0 -0.12864 0 0 0 0 0 0 0 0 0 0 0.043102 -0.043102 -0.11328 0.0044639 -0.012117 0.006309 0 0
