-0 -0 -0.21986 0 0 0 0 0 0 0 0 0 0 0.066742 -0.079834 -0.19368 0.029463 -0.0068467 0.012975 0 0
0 0 0.16797 0 0 0 0 0 0 0 0 0 0 -0.050989 0.06099 0.14797 -0.023688 0.0007324 -0.0084647 0 0
-0 -0 -0.28394 0 0 0 0 0 0 0 0 0 0 0.086194 -0.1031 -0.25013 0.037535 -0.010061 0.017081 0 0
0 0 0.045355 0 0 0 0 0 0 0 0 0 0 -0.013768 0.016469 0.039954 -0.0063297 0.00058576 -0.0024226 0 0
-0 -0 -0.15076 0 0 0 0 0 0 0 0 0 0 0.045766 -0.054743 -0.13281 0.020467 -0.0039882 0.0086969 0 0
-0 -0 -0.22042 0 0 0 0 0 0 0 0 0 0 0.06691 -0.080034 -0.19417 0.029533 -0.006872 0.01301 0 0
0 0 0.18232 0 0 0 0 0 0 0 0 0 0 -0.055346 0.066203 0.16061 -0.025735 0.00061224 -0.0091208 0 0
0 0 0.17541 0 0 0 0 0 0 0 0 0 0 -0.053247 0.063692 0.15452 -0.024749 0.00067371 -0.0088062 0 0
-0 -0 -0.11634 0 0 0 0 0 0 0 0 0 0 0.035318 -0.042245 -0.10249 0.015887 -0.0028038 0.0066303 0 0
-0 -0 -0.15135 0 0 0 0 0 0 0 0 0 0 0.045944 -0.054956 -0.13332 0.020545 -0.0040097 0.0087324 0 0
0 0 0.26898 0 0 0 0 0 0 0 0 0 0 -0.081653 0.097669 0.23695 -0.038116 -0.00072212 -0.012837 0 0
0 0 0.33952 0 0 0 0 0 0 0 0 0 0 -0.10306 0.12328 0.29909 -0.048174 -0.0025741 -0.01554 0 0
0 0 0.12285 0 0 0 0 0 0 0 0 0 0 -0.037291 0.044606 0.10822 -0.017268 0.0009227 -0.0063309 0 0
0 0 0.33819 0 0 0 0 0 0 0 0 0 0 -0.10266 0.1228 0.29791 -0.047984 -0.0025328 -0.015491 0 0
0 0 0.20161 0 0 0 0 0 0 0 0 0 0 -0.0612 0.073204 0.1776 -0.028488 0.00040565 -0.0099841 0 0
-0 -0 -0.2822 0 0 0 0 0 0 0 0 0 0 0.085666 -0.10247 -0.2486 0.03732 -0.0099663 0.016968 0 0
0 0 0.090826 0 0 0 0 0 0 0 0 0 0 -0.027571 0.03298 0.08001 -0.012732 0.00088516 -0.0047524 0 0
-0 -0 -0.22668 0 0 0 0 0 0 0 0 0 0 0.068811 -0.082308 -0.19968 0.030334 -0.0071629 0.013406 0 0
0 0 0.12639 0 0 0 0 0 0 0 0 0 0 -0.038366 0.045891 0.11133 -0.017771 0.00091805 -0.0065022 0 0
0 0 0.11684 0 0 0 0 0 0 0 0 0 0 -0.035468 0.042425 0.10292 -0.016416 0.00092657 -0.0060388 0 0
-0 -0 -0.29472 0 0 0 0 0 0 0 0 0 0 0.089465 -0.10701 -0.25962 0.038865 -0.010653 0.017784 0 0
-0 -0 -0.075003 0 0 0 0 0 0 0 0 0 0 0.022768 -0.027234 -0.066071 0.010308 -0.0015944 0.0042093 0 0
-0 -0 -0.33121 0 0 0 0 0 0 0 0 0 0 0.10054 -0.12027 -0.29177 0.043304 -0.012771 0.020187 0 0
0 0 0.052622 0 0 0 0 0 0 0 0 0 0 -0.015974 0.019107 0.046356 -0.0073494 0.00065298 -0.0028018 0 0
-0 -0 -0.19063 0 0 0 0 0 0 0 0 0 0 0.057869 -0.06922 -0.16793 0.025692 -0.0055597 0.011145 0 0
-0 -0 -0.093856 0 0 0 0 0 0 0 0 0 0 0.028491 -0.034079 -0.082678 0.012862 -0.0021169 0.0053048 0 0
0 0 0.25555 0 0 0 0 0 0 0 0 0 0 -0.077574 0.09279 0.22511 -0.036196 -0.00044696 -0.012289 0 0
0 0 0.25864 0 0 0 0 0 0 0 0 0 0 -0.078513 0.093913 0.22784 -0.036638 -0.00050807 -0.012416 0 0
-0 -0 -0.34651 0 0 0 0 0 0 0 0 0 0 0.10519 -0.12582 -0.30524 0.045134 -0.013709 0.021204 0 0
-0 -0 -0.1626 0 0 0 0 0 0 0 0 0 0 0.049358 -0.059039 -0.14323 0.022027 -0.0044323 0.0094175 0 0
-0 -0 -0.15215 0 0 0 0 0 0 0 0 0 0 0.046187 -0.055247 -0.13403 0.020651 -0.0040393 0.0087812 0 0
-0 -0 -0.26735 0 0 0 0 0 0 0 0 0 0 0.081156 -0.097075 -0.23551 0.035471 -0.0091769 0.016006 0 0
0 0 0.17521 0 0 0 0 0 0 0 0 0 0 -0.053185 0.063618 0.15434 -0.02472 0.00067542 -0.0087969 0 0
0 0 0.31909 0 0 0 0 0 0 0 0 0 0 -0.096863 0.11586 0.28109 -0.045266 -0.0019675 -0.014787 0 0
0 0 0.23994 0 0 0 0 0 0 0 0 0 0 -0.072837 0.087124 0.21137 -0.033966 -0.00015881 -0.011639 0 0
0 0 0.024571 0 0 0 0 0 0 0 0 0 0 -0.0074588 0.0089218 0.021645 -0.0034212 0.00035287 -0.0013244 0 0
0 0 0.15053 0 0 0 0 0 0 0 0 0 0 -0.045694 0.054657 0.1326 -0.021203 0.00083967 -0.0076528 0 0
-0 -0 -0.254 0 0 0 0 0 0 0 0 0 0 0.077104 -0.092228 -0.22375 0.033797 -0.008492 0.015147 0 0
-0 -0 -0.13752 0 0 0 0 0 0 0 0 0 0 0.041745 -0.049934 -0.12114 0.018712 -0.0035135 0.0078964 0 0
0 0 0.029196 0 0 0 0 0 0 0 0 0 0 -0.0088629 0.010601 0.025719 -0.0040674 0.0004099 -0.0015706 0 0
0 0 0.28436 0 0 0 0 0 0 0 0 0 0 -0.08632 0.10325 0.2505 -0.040312 -0.0010675 -0.013451 0 0
0 0 0.0092346 0 0 0 0 0 0 0 0 0 0 -0.0028033 0.0033531 0.0081348 -0.0012835 0.00014246 -0.00050102 0 0
-0 -0 -0.098982 0 0 0 0 0 0 0 0 0 0 0.030047 -0.035941 -0.087194 0.013554 -0.0022674 0.0056052 0 0
-0 -0 -0.26921 0 0 0 0 0 0 0 0 0 0 0.081721 -0.097751 -0.23715 0.035704 -0.0092743 0.016126 0 0
0 0 0.2146 0 0 0 0 0 0 0 0 0 0 -0.065146 0.077924 0.18905 -0.030345 0.00023714 -0.010555 0 0
-0 -0 -0.13656 0 0 0 0 0 0 0 0 0 0 0.041456 -0.049587 -0.1203 0.018585 -0.0034802 0.0078389 0 0
-0 -0 -0.22336 0 0 0 0 0 0 0 0 0 0 0.067803 -0.081103 -0.19676 0.02991 -0.007008 0.013196 0 0
-0 -0 -0.11285 0 0 0 0 0 0 0 0 0 0 0.034255 -0.040975 -0.099407 0.015418 -0.0026924 0.0064228 0 0
0 0 0.12574 0 0 0 0 0 0 0 0 0 0 -0.038168 0.045655 0.11076 -0.017678 0.00091904 -0.0064708 0 0
0 0 0.00016496 0 0 0 0 0 0 0 0 0 0 -5.0075e-05 5.9897e-05 0.00014531 -2.2902e-05 2.6487e-06 -8.984e-06 0 0
0 0 0.21945 0 0 0 0 0 0 0 0 0 0 -0.066618 0.079685 0.19332 -0.031038 0.00016827 -0.010765 0 0
-0 -0 -0.26627 0 0 0 0 0 0 0 0 0 0 0.080828 -0.096683 -0.23456 0.035336 -0.0091206 0.015936 0 0
-0 -0 -0.13977 0 0 0 0 0 0 0 0 0 0 0.042429 -0.050751 -0.12312 0.019011 -0.0035925 0.0080319 0 0
-0 -0 -0.25574 0 0 0 0 0 0 0 0 0 0 0.077634 -0.092862 -0.22529 0.034017 -0.0085803 0.015259 0 0
-0 -0 -0.27957 0 0 0 0 0 0 0 0 0 0 0.084865 -0.10151 -0.24627 0.036993 -0.0098241 0.016797 0 0
-0 -0 -0.059295 0 0 0 0 0 0 0 0 0 0 0.018 -0.02153 -0.052233 0.0081677 -0.0011962 0.0033077 0 0
0 0 0.0047785 0 0 0 0 0 0 0 0 0 0 -0.0014506 0.0017351 0.0042095 -0.00066382 7.5198e-05 -0.00025975 0 0
0 0 0.20031 0 0 0 0 0 0 0 0 0 0 -0.060806 0.072733 0.17645 -0.028303 0.00042116 -0.0099268 0 0
0 0 0.23853 0 0 0 0 0 0 0 0 0 0 -0.07241 0.086613 0.21013 -0.033765 -0.00013445 -0.01158 0 0
0 0 0.031964 0 0 0 0 0 0 0 0 0 0 -0.009703 0.011606 0.028157 -0.0044543 0.0004426 -0.0017174 0 0
0 0 0.078315 0 0 0 0 0 0 0 0 0 0 -0.023773 0.028437 0.068988 -0.010966 0.00083157 -0.0041216 0 0
0 0 0.30401 0 0 0 0 0 0 0 0 0 0 -0.092286 0.11039 0.26781 -0.043117 -0.0015565 -0.014216 0 0
0 0 0.011774 0 0 0 0 0 0 0 0 0 0 -0.0035742 0.0042753 0.010372 -0.001637 0.00017956 -0.00063812 0 0
0 0 0.30618 0 0 0 0 0 0 0 0 0 0 -0.092945 0.11118 0.26972 -0.043426 -0.0016137 -0.014299 0 0
0 0 0.19753 0 0 0 0 0 0 0 0 0 0 -0.059962 0.071723 0.174 -0.027906 0.00045366 -0.0098032 0 0
-0 -0 -0.29611 0 0 0 0 0 0 0 0 0 0 0.089887 -0.10752 -0.26085 0.039036 -0.010731 0.017875 0 0
0 0 0.0064981 0 0 0 0 0 0 0 0 0 0 -0.0019726 0.0023595 0.0057242 -0.00090288 0.00010148 -0.00035296 0 0
0 0 0.10729 0 0 0 0 0 0 0 0 0 0 -0.032569 0.038958 0.094513 -0.015062 0.00092236 -0.0055706 0 0
0 0 0.015207 0 0 0 0 0 0 0 0 0 0 -0.0046162 0.0055216 0.013396 -0.0021151 0.00022829 -0.00082295 0 0
0 0 0.086818 0 0 0 0 0 0 0 0 0 0 -0.026355 0.031524 0.076479 -0.012166 0.00087037 -0.0045512 0 0
0 0 0.083565 0 0 0 0 0 0 0 0 0 0 -0.025367 0.030343 0.073613 -0.011707 0.00085672 -0.0043872 0 0
0 0 0.19294 0 0 0 0 0 0 0 0 0 0 -0.05857 0.070058 0.16997 -0.027251 0.00050488 -0.0095988 0 0
0 0 0.26358 0 0 0 0 0 0 0 0 0 0 -0.080013 0.095708 0.23219 -0.037344 -0.0006085 -0.012618 0 0
-0 -0 -0.22518 0 0 0 0 0 0 0 0 0 0 0.068356 -0.081764 -0.19836 0.030143 -0.0070928 0.013311 0 0
0 0 0.24889 0 0 0 0 0 0 0 0 0 0 -0.075553 0.090373 0.21925 -0.035244 -0.0003199 -0.012013 0 0
-0 -0 -0.30811 0 0 0 0 0 0 0 0 0 0 0.093531 -0.11188 -0.27142 0.040505 -0.011411 0.018662 0 0
0 0 0.25639 0 0 0 0 0 0 0 0 0 0 -0.077831 0.093097 0.22586 -0.036317 -0.00046354 -0.012324 0 0
0 0 0.099393 0 0 0 0 0 0 0 0 0 0 -0.030172 0.03609 0.087556 -0.013944 0.00090924 -0.0051799 0 0
0 0 0.16885 0 0 0 0 0 0 0 0 0 0 -0.051256 0.06131 0.14874 -0.023813 0.00072586 -0.0085053 0 0
-0 -0 -0.26633 0 0 0 0 0 0 0 0 0 0 0.080846 -0.096705 -0.23461 0.035344 -0.0091238 0.01594 0 0
0 0 0.10207 0 0 0 0 0 0 0 0 0 0 -0.030984 0.037062 0.089914 -0.014323 0.00091466 -0.0053127 0 0
0 0 0.10132 0 0 0 0 0 0 0 0 0 0 -0.030758 0.036792 0.089258 -0.014217 0.00091326 -0.0052758 0 0
-0 -0 -0.24026 0 0 0 0 0 0 0 0 0 0 0.072933 -0.087239 -0.21165 0.032062 -0.0078113 0.014268 0 0
-0 -0 -0.10667 0 0 0 0 0 0 0 0 0 0 0.032379 -0.038731 -0.093963 0.014588 -0.0024997 0.0060574 0 0
0 0 0.3343 0 0 0 0 0 0 0 0 0 0 -0.10148 0.12139 0.29449 -0.047431 -0.0024137 -0.01535 0 0
0 0 0.19278 0 0 0 0 0 0 0 0 0 0 -0.05852 0.069998 0.16982 -0.027227 0.00050667 -0.0095914 0 0
-0 -0 -0.0030181 0 0 0 0 0 0 0 0 0 0 0.00091618 -0.0010959 -0.0026587 0.00041887 -4.9129e-05 0.00016459 0 0
0 0 0.10146 0 0 0 0 0 0 0 0 0 0 -0.030799 0.03684 0.089376 -0.014236 0.00091351 -0.0052824 0 0
-0 -0 -0.2 0 0 0 0 0 0 0 0 0 0 0.060713 -0.072622 -0.17618 0.026906 -0.0059598 0.011728 0 0
0 0 0.061837 0 0 0 0 0 0 0 0 0 0 -0.018771 0.022453 0.054473 -0.0086445 0.00072763 -0.0032788 0 0
0 0 0.11977 0 0 0 0 0 0 0 0 0 0 -0.036358 0.04349 0.10551 -0.016832 0.00092531 -0.0061817 0 0
-0 -0 -0.085778 0 0 0 0 0 0 0 0 0 0 0.026039 -0.031146 -0.075563 0.01177 -0.0018871 0.0048337 0 0
-0 -0 -0.11342 0 0 0 0 0 0 0 0 0 0 0.034429 -0.041183 -0.099911 0.015495 -0.0027105 0.0064567 0 0
-0 -0 -0.18376 0 0 0 0 0 0 0 0 0 0 0.055783 -0.066725 -0.16188 0.024798 -0.0052737 0.010719 0 0
0 0 0.17841 0 0 0 0 0 0 0 0 0 0 -0.05416 0.064783 0.15717 -0.025178 0.00064781 -0.0089432 0 0
0 0 0.13062 0 0 0 0 0 0 0 0 0 0 -0.039651 0.047429 0.11507 -0.018372 0.00091019 -0.0067063 0 0
-0 -0 -0.30829 0 0 0 0 0 0 0 0 0 0 0.093584 -0.11194 -0.27157 0.040527 -0.011421 0.018673 0 0
-0 -0 -0.26789 0 0 0 0 0 0 0 0 0 0 0.081321 -0.097272 -0.23599 0.035539 -0.0092053 0.016041 0 0
0 0 0.2638 0 0 0 0 0 0 0 0 0 0 -0.080079 0.095786 0.23238 -0.037375 -0.00061297 -0.012627 0 0
-0 -0 -0.081642 0 0 0 0 0 0 0 0 0 0 0.024783 -0.029645 -0.07192 0.011209 -0.0017728 0.0045934 0 0
