0 0 0 0.1867 0 0 0 0 0 -0 0 0.1513 -0.078644 0.076029 0 0
0 0 0 0.091262 0 0 0 0 0 -0 0 0.073958 -0.038442 0.037163 0 0
-0 -0 -0 0.029282 0 0 0 0 0 -0 0 0.02373 -0.012334 0.011924 0 0
-0 -0 -0 0.18117 0 0 0 0 0 -0 0 0.14682 -0.076314 0.073777 0 0
0 0 0 0.083228 0 0 0 0 0 -0 0 0.067448 -0.035058 0.033892 0 0
0 0 0 0.13884 0 0 0 0 0 -0 0 0.11251 -0.058481 0.056536 0 0
-0 -0 -0 0.07336 0 0 0 0 0 -0 0 0.059451 -0.030901 0.029874 0 0
0 0 0 0.018145 0 0 0 0 0 -0 0 0.014704 -0.007643 0.0073888 0 0
0 0 0 0.008599 0 0 0 0 0 -0 0 0.0069686 -0.0036221 0.0035017 0 0
-0 -0 -0 0.11861 0 0 0 0 0 -0 0 0.096119 -0.04996 0.048299 0 0
-0 -0 -0 0.039481 0 0 0 0 0 -0 0 0.031995 -0.01663 0.016077 0 0
-0 -0 -0 0.0064361 0 0 0 0 0 -0 0 0.0052158 -0.0027111 0.0026209 0 0
0 0 0 0.00019953 0 0 0 0 0 -0 0 0.0001617 -8.4046e-05 8.1252e-05 0 0
0 0 0 0.017335 0 0 0 0 0 -0 0 0.014048 -0.0073017 0.0070589 0 0
-0 -0 -0 0.0085769 0 0 0 0 0 -0 0 0.0069507 -0.0036128 0.0034927 0 0
-0 -0 -0 0.10164 0 0 0 0 0 -0 0 0.08237 -0.042814 0.04139 0 0
0 0 0 0.088834 0 0 0 0 0 -0 0 0.071991 -0.037419 0.036175 0 0
-0 -0 -0 0.1432 0 0 0 0 0 -0 0 0.11605 -0.060321 0.058315 0 0
-0 -0 -0 0.0628 0 0 0 0 0 -0 0 0.050893 -0.026453 0.025573 0 0
0 0 0 0.1291 0 0 0 0 0 -0 0 0.10462 -0.05438 0.052571 0 0
0 0 0 0.16436 0 0 0 0 0 -0 0 0.13319 -0.069231 0.066929 0 0
0 0 0 0.18693 0 0 0 0 0 -0 0 0.15149 -0.07874 0.076122 0 0
-0 -0 -0 0.14243 0 0 0 0 0 -0 0 0.11543 -0.059996 0.058001 0 0
-0 -0 -0 0.18473 0 0 0 0 0 -0 0 0.1497 -0.077812 0.075224 0 0
0 0 0 0.14133 0 0 0 0 0 -0 0 0.11453 -0.059532 0.057553 0 0
0 0 0 0.044388 0 0 0 0 0 -0 0 0.035972 -0.018697 0.018075 0 0
0 0 0 0.15402 0 0 0 0 0 -0 0 0.12482 -0.064879 0.062722 0 0
-0 -0 -0 0.15845 0 0 0 0 0 -0 0 0.12841 -0.066743 0.064524 0 0
0 0 0 0.17015 0 0 0 0 0 -0 0 0.13789 -0.071673 0.06929 0 0
0 0 0 0.020026 0 0 0 0 0 -0 0 0.016229 -0.0084354 0.0081549 0 0
0 0 0 0.13793 0 0 0 0 0 -0 0 0.11178 -0.058099 0.056167 0 0
-0 -0 -0 0.038103 0 0 0 0 0 -0 0 0.030879 -0.01605 0.015516 0 0
-0 -0 -0 0.17665 0 0 0 0 0 -0 0 0.14316 -0.07441 0.071936 0 0
0 0 0 0.072636 0 0 0 0 0 -0 0 0.058864 -0.030596 0.029579 0 0
-0 -0 -0 0.17244 0 0 0 0 0 -0 0 0.13974 -0.072635 0.07022 0 0
0 0 0 0.19267 0 0 0 0 0 -0 0 0.15614 -0.081157 0.078458 0 0
-0 -0 -0 0.0013244 0 0 0 0 0 -0 0 0.0010733 -0.00055787 0.00053932 0 0
-0 -0 -0 0.09649 0 0 0 0 0 -0 0 0.078195 -0.040644 0.039293 0 0
0 0 0 0.17882 0 0 0 0 0 -0 0 0.14492 -0.075325 0.07282 0 0
0 0 0 0.027105 0 0 0 0 0 -0 0 0.021966 -0.011417 0.011038 0 0
0 0 0 0.19144 0 0 0 0 0 -0 0 0.15514 -0.08064 0.077958 0 0
-0 -0 -0 0.10036 0 0 0 0 0 -0 0 0.08133 -0.042273 0.040868 0 0
-0 -0 -0 0.046057 0 0 0 0 0 -0 0 0.037324 -0.0194 0.018755 0 0
0 0 0 0.1174 0 0 0 0 0 -0 0 0.095144 -0.049454 0.047809 0 0
-0 -0 -0 0.10629 0 0 0 0 0 -0 0 0.086139 -0.044773 0.043284 0 0
-0 -0 -0 0.097496 0 0 0 0 0 -0 0 0.079011 -0.041068 0.039702 0 0
0 0 0 0.13809 0 0 0 0 0 -0 0 0.11191 -0.058168 0.056233 0 0
-0 -0 -0 0.061844 0 0 0 0 0 -0 0 0.050118 -0.02605 0.025184 0 0
0 0 0 0.19676 0 0 0 0 0 -0 0 0.15945 -0.08288 0.080124 0 0
0 0 0 0.050759 0 0 0 0 0 -0 0 0.041135 -0.021381 0.02067 0 0
0 0 0 0.12935 0 0 0 0 0 -0 0 0.10482 -0.054484 0.052673 0 0
-0 -0 -0 0.11354 0 0 0 0 0 -0 0 0.09201 -0.047825 0.046234 0 0
-0 -0 -0 0.033927 0 0 0 0 0 -0 0 0.027494 -0.014291 0.013816 0 0
0 0 0 0.14391 0 0 0 0 0 -0 0 0.11663 -0.06062 0.058605 0 0
-0 -0 -0 0.04956 0 0 0 0 0 -0 0 0.040163 -0.020876 0.020182 0 0
-0 -0 -0 0.075338 0 0 0 0 0 -0 0 0.061054 -0.031734 0.030679 0 0
-0 -0 -0 0.17343 0 0 0 0 0 -0 0 0.14055 -0.073054 0.070625 0 0
-0 -0 -0 0.070025 0 0 0 0 0 -0 0 0.056748 -0.029496 0.028515 0 0
0 0 0 0.073572 0 0 0 0 0 -0 0 0.059622 -0.03099 0.02996 0 0
-0 -0 -0 0.084224 0 0 0 0 0 -0 0 0.068255 -0.035477 0.034298 0 0
0 0 0 0.12348 0 0 0 0 0 -0 0 0.10007 -0.052012 0.050283 0 0
0 0 0 0.067697 0 0 0 0 0 -0 0 0.054861 -0.028516 0.027567 0 0
0 0 0 0.003733 0 0 0 0 0 -0 0 0.0030252 -0.0015724 0.0015201 0 0
0 0 0 0.16915 0 0 0 0 0 -0 0 0.13708 -0.07125 0.068881 0 0
-0 -0 -0 0.17397 0 0 0 0 0 -0 0 0.14098 -0.07328 0.070843 0 0
-0 -0 -0 0.068966 0 0 0 0 0 -0 0 0.05589 -0.02905 0.028084 0 0
-0 -0 -0 0.1333 0 0 0 0 0 -0 0 0.10802 -0.056147 0.05428 0 0
0 0 0 0.18404 0 0 0 0 0 -0 0 0.14915 -0.077524 0.074946 0 0
-0 -0 -0 0.15145 0 0 0 0 0 -0 0 0.12273 -0.063793 0.061672 0 0
0 0 0 0.097765 0 0 0 0 0 -0 0 0.079229 -0.041181 0.039812 0 0
0 0 0 0.18686 0 0 0 0 0 -0 0 0.15143 -0.078711 0.076094 0 0
-0 -0 -0 0.13755 0 0 0 0 0 -0 0 0.11147 -0.057939 0.056012 0 0
0 0 0 0.17312 0 0 0 0 0 -0 0 0.1403 -0.072923 0.070498 0 0
-0 -0 -0 0.18161 0 0 0 0 0 -0 0 0.14717 -0.076497 0.073954 0 0
-0 -0 -0 0.040091 0 0 0 0 0 -0 0 0.03249 -0.016887 0.016326 0 0
-0 -0 -0 0.0085794 0 0 0 0 0 -0 0 0.0069527 -0.0036138 0.0034937 0 0
-0 -0 -0 0.083338 0 0 0 0 0 -0 0 0.067537 -0.035104 0.033937 0 0
-0 -0 -0 0.011357 0 0 0 0 0 -0 0 0.0092039 -0.0047839 0.0046249 0 0
-0 -0 -0 0.012678 0 0 0 0 0 -0 0 0.010275 -0.0053405 0.0051629 0 0
0 0 0 0.093259 0 0 0 0 0 -0 0 0.075577 -0.039283 0.037977 0 0
-0 -0 -0 0.18851 0 0 0 0 0 -0 0 0.15277 -0.079406 0.076766 0 0
-0 -0 -0 0.12794 0 0 0 0 0 -0 0 0.10369 -0.053893 0.052101 0 0
0 0 0 0.19335 0 0 0 0 0 -0 0 0.15669 -0.081444 0.078736 0 0
-0 -0 -0 0.053972 0 0 0 0 0 -0 0 0.043739 -0.022734 0.021978 0 0
-0 -0 -0 0.067605 0 0 0 0 0 -0 0 0.054787 -0.028477 0.02753 0 0
0 0 0 0.094419 0 0 0 0 0 -0 0 0.076517 -0.039771 0.038449 0 0
-0 -0 -0 0.0081649 0 0 0 0 0 -0 0 0.0066168 -0.0034392 0.0033249 0 0
-0 -0 -0 0.01504 0 0 0 0 0 -0 0 0.012188 -0.006335 0.0061244 0 0
-0 -0 -0 0.03388 0 0 0 0 0 -0 0 0.027457 -0.014271 0.013797 0 0
-0 -0 -0 0.029593 0 0 0 0 0 -0 0 0.023982 -0.012465 0.012051 0 0
-0 -0 -0 0.079319 0 0 0 0 0 -0 0 0.06428 -0.033411 0.0323 0 0
-0 -0 -0 0.059762 0 0 0 0 0 -0 0 0.048431 -0.025173 0.024336 0 0
-0 -0 -0 0.0065341 0 0 0 0 0 -0 0 0.0052952 -0.0027523 0.0026608 0 0
0 0 0 0.13002 0 0 0 0 0 -0 0 0.10536 -0.054766 0.052945 0 0
0 0 0 0.14068 0 0 0 0 0 -0 0 0.11401 -0.05926 0.057289 0 0
-0 -0 -0 0.029994 0 0 0 0 0 -0 0 0.024307 -0.012634 0.012214 0 0
-0 -0 -0 0.11058 0 0 0 0 0 -0 0 0.089615 -0.04658 0.045031 0 0
0 0 0 0.19245 0 0 0 0 0 -0 0 0.15596 -0.081063 0.078367 0 0
-0 -0 -0 0.13874 0 0 0 0 0 -0 0 0.11244 -0.058442 0.056499 0 0
-0 -0 -0 0.15903 0 0 0 0 0 -0 0 0.12888 -0.066987 0.06476 0 0
