-0 -0 -0.022976 0 0 0 0 0 0 0 0 0 0 0.0076984 -0.0076984 -0.020233 0.003157 -0.00091243 0.0015484 0 0
0 0 0.29853 0 0 0 0 0 0 0 0 0 0 -0.10003 0.10003 0.26289 -0.043082 0.0048237 -0.018228 0 0
0 0 0.05972 0 0 0 0 0 0 0 0 0 0 -0.02001 0.02001 0.05259 -0.0083398 0.0020149 -0.0039398 0 0
-0 -0 -0.20131 0 0 0 0 0 0 0 0 0 0 0.067452 -0.067452 -0.17728 0.026476 -0.010519 0.014076 0 0
0 0 0.135 0 0 0 0 0 0 0 0 0 0 -0.045233 0.045233 0.11888 -0.019091 0.0038121 -0.0087143 0 0
-0 -0 -0.033594 0 0 0 0 0 0 0 0 0 0 0.011256 -0.011256 -0.029583 0.0046056 -0.0013597 0.0022697 0 0
-0 -0 -0.1321 0 0 0 0 0 0 0 0 0 0 0.044262 -0.044262 -0.11633 0.017698 -0.0062683 0.0091187 0 0
-0 -0 -0.04158 0 0 0 0 0 0 0 0 0 0 0.013932 -0.013932 -0.036616 0.0056906 -0.0017066 0.0028145 0 0
-0 -0 -0.1087 0 0 0 0 0 0 0 0 0 0 0.036421 -0.036421 -0.095723 0.014647 -0.0049792 0.0074677 0 0
-0 -0 -0.24634 0 0 0 0 0 0 0 0 0 0 0.082538 -0.082538 -0.21693 0.031977 -0.013629 0.017353 0 0
-0 -0 -0.15286 0 0 0 0 0 0 0 0 0 0 0.051218 -0.051218 -0.13461 0.020369 -0.0074749 0.010594 0 0
-0 -0 -0.26048 0 0 0 0 0 0 0 0 0 0 0.087275 -0.087275 -0.22938 0.033668 -0.014661 0.018389 0 0
0 0 0.038656 0 0 0 0 0 0 0 0 0 0 -0.012952 0.012952 0.034041 -0.0053774 0.0013633 -0.0025648 0 0
0 0 0.30765 0 0 0 0 0 0 0 0 0 0 -0.10308 0.10308 0.27092 -0.044436 0.004763 -0.01872 0 0
-0 -0 -0.22234 0 0 0 0 0 0 0 0 0 0 0.074499 -0.074499 -0.1958 0.029067 -0.011939 0.015602 0 0
0 0 0.28614 0 0 0 0 0 0 0 0 0 0 -0.095874 0.095874 0.25198 -0.041243 0.0048865 -0.017552 0 0
-0 -0 -0.033849 0 0 0 0 0 0 0 0 0 0 0.011342 -0.011342 -0.029808 0.0046403 -0.0013706 0.0022871 0 0
-0 -0 -0.29313 0 0 0 0 0 0 0 0 0 0 0.098216 -0.098216 -0.25813 0.037505 -0.017141 0.020792 0 0
-0 -0 -0.22452 0 0 0 0 0 0 0 0 0 0 0.075229 -0.075229 -0.19772 0.029333 -0.012089 0.015761 0 0
-0 -0 -0.18507 0 0 0 0 0 0 0 0 0 0 0.062009 -0.062009 -0.16297 0.024449 -0.0094631 0.012903 0 0
-0 -0 -0.22711 0 0 0 0 0 0 0 0 0 0 0.076095 -0.076095 -0.19999 0.029649 -0.012268 0.015949 0 0
0 0 0.10227 0 0 0 0 0 0 0 0 0 0 -0.034267 0.034267 0.09006 -0.014387 0.0031331 -0.0066663 0 0
-0 -0 -0.34149 0 0 0 0 0 0 0 0 0 0 0.11442 -0.11442 -0.30071 0.043003 -0.021063 0.024376 0 0
-0 -0 -0.00247 0 0 0 0 0 0 0 0 0 0 0.00082758 -0.00082758 -0.0021751 0.00034083 -9.4448e-05 0.00016562 0 0
0 0 0.17443 0 0 0 0 0 0 0 0 0 0 -0.058444 0.058444 0.1536 -0.024809 0.0044197 -0.011121 0 0
-0 -0 -0.1848 0 0 0 0 0 0 0 0 0 0 0.061921 -0.061921 -0.16274 0.024416 -0.0094464 0.012884 0 0
0 0 0.31649 0 0 0 0 0 0 0 0 0 0 -0.10604 0.10604 0.2787 -0.045749 0.0046923 -0.019192 0 0
-0 -0 -0.14151 0 0 0 0 0 0 0 0 0 0 0.047413 -0.047413 -0.12461 0.018912 -0.0068074 0.0097858 0 0
-0 -0 -0.27471 0 0 0 0 0 0 0 0 0 0 0.092045 -0.092045 -0.24191 0.035353 -0.015725 0.019435 0 0
-0 -0 -0.23407 0 0 0 0 0 0 0 0 0 0 0.078428 -0.078428 -0.20613 0.030495 -0.012755 0.016456 0 0
0 0 0.18988 0 0 0 0 0 0 0 0 0 0 -0.063622 0.063622 0.16721 -0.027064 0.004595 -0.012046 0 0
-0 -0 -0.10521 0 0 0 0 0 0 0 0 0 0 0.035252 -0.035252 -0.092651 0.014189 -0.0047935 0.0072228 0 0
-0 -0 -0.24876 0 0 0 0 0 0 0 0 0 0 0.083348 -0.083348 -0.21906 0.032268 -0.013804 0.01753 0 0
0 0 0.17278 0 0 0 0 0 0 0 0 0 0 -0.057893 0.057893 0.15215 -0.024569 0.004399 -0.011022 0 0
-0 -0 -0.17324 0 0 0 0 0 0 0 0 0 0 0.058047 -0.058047 -0.15256 0.022961 -0.0087168 0.012053 0 0
-0 -0 -0.092587 0 0 0 0 0 0 0 0 0 0 0.031022 -0.031022 -0.081533 0.012525 -0.0041358 0.0063391 0 0
0 0 0.23481 0 0 0 0 0 0 0 0 0 0 -0.078676 0.078676 0.20678 -0.033657 0.0049028 -0.014672 0 0
-0 -0 -0.068595 0 0 0 0 0 0 0 0 0 0 0.022983 -0.022983 -0.060405 0.0093312 -0.0029475 0.0046719 0 0
-0 -0 -0.25447 0 0 0 0 0 0 0 0 0 0 0.085262 -0.085262 -0.22409 0.032952 -0.014219 0.017948 0 0
0 0 0.069667 0 0 0 0 0 0 0 0 0 0 -0.023343 0.023343 0.061349 -0.0097462 0.0023 -0.0045835 0 0
-0 -0 -0.17312 0 0 0 0 0 0 0 0 0 0 0.058004 -0.058004 -0.15245 0.022945 -0.0087089 0.012044 0 0
-0 -0 -0.29514 0 0 0 0 0 0 0 0 0 0 0.098891 -0.098891 -0.25991 0.037739 -0.017299 0.020941 0 0
-0 -0 -0.2411 0 0 0 0 0 0 0 0 0 0 0.080781 -0.080781 -0.21231 0.031345 -0.013253 0.016969 0 0
0 0 0.054056 0 0 0 0 0 0 0 0 0 0 -0.018112 0.018112 0.047603 -0.0075412 0.001846 -0.0035717 0 0
-0 -0 -0.32353 0 0 0 0 0 0 0 0 0 0 0.1084 -0.1084 -0.2849 0.040987 -0.019572 0.023042 0 0
0 0 0.027416 0 0 0 0 0 0 0 0 0 0 -0.0091859 0.0091859 0.024143 -0.0038056 0.00098921 -0.0018244 0 0
0 0 0.2446 0 0 0 0 0 0 0 0 0 0 -0.081957 0.081957 0.2154 -0.0351 0.0049299 -0.015231 0 0
0 0 0.17203 0 0 0 0 0 0 0 0 0 0 -0.05764 0.05764 0.15149 -0.02446 0.0043893 -0.010977 0 0
0 0 0.033884 0 0 0 0 0 0 0 0 0 0 -0.011353 0.011353 0.029839 -0.0047093 0.0012067 -0.002251 0 0
-0 -0 -0.27237 0 0 0 0 0 0 0 0 0 0 0.09126 -0.09126 -0.23985 0.035077 -0.015548 0.019262 0 0
-0 -0 -0.33017 0 0 0 0 0 0 0 0 0 0 0.11063 -0.11063 -0.29075 0.041737 -0.020119 0.023535 0 0
0 0 0.29855 0 0 0 0 0 0 0 0 0 0 -0.10003 0.10003 0.2629 -0.043084 0.0048237 -0.018228 0 0
0 0 0.22003 0 0 0 0 0 0 0 0 0 0 -0.073724 0.073724 0.19376 -0.031483 0.0048347 -0.013818 0 0
0 0 0.20449 0 0 0 0 0 0 0 0 0 0 -0.068516 0.068516 0.18007 -0.029201 0.004728 -0.01291 0 0
-0 -0 -0.078792 0 0 0 0 0 0 0 0 0 0 0.0264 -0.0264 -0.069385 0.010693 -0.0034426 0.0053785 0 0
-0 -0 -0.29586 0 0 0 0 0 0 0 0 0 0 0.099132 -0.099132 -0.26054 0.037822 -0.017355 0.020994 0 0
0 0 0.1631 0 0 0 0 0 0 0 0 0 0 -0.054649 0.054649 0.14363 -0.023161 0.0042688 -0.010437 0 0
0 0 0.10147 0 0 0 0 0 0 0 0 0 0 -0.033997 0.033997 0.089351 -0.014272 0.0031145 -0.0066154 0 0
-0 -0 -0.22561 0 0 0 0 0 0 0 0 0 0 0.075593 -0.075593 -0.19867 0.029466 -0.012164 0.01584 0 0
0 0 0.18259 0 0 0 0 0 0 0 0 0 0 -0.061178 0.061178 0.16079 -0.025999 0.0045167 -0.011611 0 0
0 0 0.02135 0 0 0 0 0 0 0 0 0 0 -0.0071535 0.0071535 0.018801 -0.0029601 0.0007797 -0.001423 0 0
0 0 0.21987 0 0 0 0 0 0 0 0 0 0 -0.073671 0.073671 0.19362 -0.03146 0.0048338 -0.013809 0 0
-0 -0 -0.081793 0 0 0 0 0 0 0 0 0 0 0.027405 -0.027405 -0.072027 0.011093 -0.0035911 0.005587 0 0
-0 -0 -0.0182 0 0 0 0 0 0 0 0 0 0 0.006098 -0.006098 -0.016027 0.0025032 -0.00071651 0.0012251 0 0
0 0 0.26483 0 0 0 0 0 0 0 0 0 0 -0.088733 0.088733 0.23321 -0.038087 0.0049409 -0.016372 0 0
0 0 0.20722 0 0 0 0 0 0 0 0 0 0 -0.069432 0.069432 0.18248 -0.029602 0.0047494 -0.01307 0 0
-0 -0 -0.026676 0 0 0 0 0 0 0 0 0 0 0.0089382 -0.0089382 -0.023492 0.0036626 -0.0010665 0.0017994 0 0
-0 -0 -0.3489 0 0 0 0 0 0 0 0 0 0 0.1169 -0.1169 -0.30725 0.043826 -0.02169 0.024928 0 0
0 0 0.10516 0 0 0 0 0 0 0 0 0 0 -0.035235 0.035235 0.092605 -0.014801 0.0031995 -0.006849 0 0
-0 -0 -0.18116 0 0 0 0 0 0 0 0 0 0 0.0607 -0.0607 -0.15953 0.023959 -0.0092145 0.012622 0 0
0 0 0.16359 0 0 0 0 0 0 0 0 0 0 -0.054812 0.054812 0.14406 -0.023232 0.0042757 -0.010466 0 0
0 0 0.16584 0 0 0 0 0 0 0 0 0 0 -0.055565 0.055565 0.14604 -0.023559 0.004307 -0.010602 0 0
-0 -0 -0.092138 0 0 0 0 0 0 0 0 0 0 0.030872 -0.030872 -0.081138 0.012465 -0.0041128 0.0063078 0 0
-0 -0 -0.15838 0 0 0 0 0 0 0 0 0 0 0.053068 -0.053068 -0.13947 0.021075 -0.0078058 0.010989 0 0
-0 -0 -0.054032 0 0 0 0 0 0 0 0 0 0 0.018104 -0.018104 -0.047581 0.0073743 -0.0022657 0.0036679 0 0
0 0 0.24968 0 0 0 0 0 0 0 0 0 0 -0.083658 0.083658 0.21987 -0.03585 0.0049384 -0.015519 0 0
0 0 0.28266 0 0 0 0 0 0 0 0 0 0 -0.094707 0.094707 0.24891 -0.040727 0.0049 -0.017361 0 0
-0 -0 -0.13624 0 0 0 0 0 0 0 0 0 0 0.045648 -0.045648 -0.11997 0.018232 -0.0065038 0.0094118 0 0
-0 -0 -0.29118 0 0 0 0 0 0 0 0 0 0 0.097564 -0.097564 -0.25642 0.037279 -0.01699 0.020649 0 0
-0 -0 -0.15087 0 0 0 0 0 0 0 0 0 0 0.050552 -0.050552 -0.13286 0.020115 -0.0073568 0.010453 0 0
-0 -0 -0.077866 0 0 0 0 0 0 0 0 0 0 0.02609 -0.02609 -0.068569 0.01057 -0.0033971 0.0053142 0 0
0 0 0.021271 0 0 0 0 0 0 0 0 0 0 -0.0071271 0.0071271 0.018731 -0.0029491 0.00077695 -0.0014177 0 0
0 0 0.18984 0 0 0 0 0 0 0 0 0 0 -0.063609 0.063609 0.16718 -0.027059 0.0045946 -0.012044 0 0
-0 -0 -0.12818 0 0 0 0 0 0 0 0 0 0 0.042949 -0.042949 -0.11288 0.01719 -0.0060471 0.0088413 0 0
0 0 0.22001 0 0 0 0 0 0 0 0 0 0 -0.073717 0.073717 0.19374 -0.03148 0.0048345 -0.013817 0 0
0 0 0.28693 0 0 0 0 0 0 0 0 0 0 -0.096139 0.096139 0.25267 -0.041361 0.0048832 -0.017595 0 0
0 0 0.30802 0 0 0 0 0 0 0 0 0 0 -0.10321 0.10321 0.27125 -0.044491 0.0047603 -0.018739 0 0
0 0 0.31811 0 0 0 0 0 0 0 0 0 0 -0.10659 0.10659 0.28013 -0.04599 0.004678 -0.019279 0 0
-0 -0 -0.28572 0 0 0 0 0 0 0 0 0 0 0.095733 -0.095733 -0.25161 0.036643 -0.016566 0.020245 0 0
0 0 0.06819 0 0 0 0 0 0 0 0 0 0 -0.022848 0.022848 0.060048 -0.0095371 0.0022586 -0.0044881 0 0
0 0 0.29531 0 0 0 0 0 0 0 0 0 0 -0.098946 0.098946 0.26005 -0.042603 0.0048423 -0.018052 0 0
0 0 0.15659 0 0 0 0 0 0 0 0 0 0 -0.052466 0.052466 0.13789 -0.022215 0.0041733 -0.01004 0 0
0 0 0.23245 0 0 0 0 0 0 0 0 0 0 -0.077886 0.077886 0.2047 -0.03331 0.0048941 -0.014536 0 0
-0 -0 -0.1708 0 0 0 0 0 0 0 0 0 0 0.057228 -0.057228 -0.15041 0.022652 -0.0085649 0.011877 0 0
-0 -0 -0.29827 0 0 0 0 0 0 0 0 0 0 0.099939 -0.099939 -0.26266 0.0381 -0.017544 0.021172 0 0
0 0 0.15057 0 0 0 0 0 0 0 0 0 0 -0.050449 0.050449 0.13259 -0.021342 0.0040795 -0.0096726 0 0
0 0 0.15013 0 0 0 0 0 0 0 0 0 0 -0.050304 0.050304 0.13221 -0.021279 0.0040726 -0.009646 0 0
-0 -0 -0.23216 0 0 0 0 0 0 0 0 0 0 0.077789 -0.077789 -0.20445 0.030264 -0.012621 0.016317 0 0
0 0 0.15265 0 0 0 0 0 0 0 0 0 0 -0.051148 0.051148 0.13443 -0.021644 0.0041126 -0.0098002 0 0
0 0 0.1097 0 0 0 0 0 0 0 0 0 0 -0.036757 0.036757 0.096606 -0.015452 0.0033012 -0.0071353 0 0
