-0 -0 -0.3442 0 0 0 0 0 0 0 0 0 0 0.11533 -0.11533 -0.30311 0.02385 -0.035581 0.022613 0 0
0 0 0.16556 0 0 0 0 0 0 0 0 0 0 -0.055472 0.055472 0.14579 -0.01588 0.013145 -0.011044 0 0
-0 -0 -0.079191 0 0 0 0 0 0 0 0 0 0 0.026534 -0.026534 -0.069736 0.0066529 -0.0072797 0.0053012 0 0
-0 -0 -0.0091141 0 0 0 0 0 0 0 0 0 0 0.0030538 -0.0030538 -0.0080259 0.00079843 -0.00080673 0.00061074 0 0
0 0 0.2182 0 0 0 0 0 0 0 0 0 0 -0.073111 0.073111 0.19215 -0.021434 0.016692 -0.014506 0 0
-0 -0 -0.29532 0 0 0 0 0 0 0 0 0 0 0.098951 -0.098951 -0.26006 0.021301 -0.029959 0.019504 0 0
0 0 0.002763 0 0 0 0 0 0 0 0 0 0 -0.00092576 0.00092576 0.0024331 -0.00024369 0.00024293 -0.00018515 0 0
-0 -0 -0.32931 0 0 0 0 0 0 0 0 0 0 0.11034 -0.11034 -0.28999 0.023105 -0.033852 0.021671 0 0
0 0 0.32925 0 0 0 0 0 0 0 0 0 0 -0.11032 0.11032 0.28994 -0.033844 0.023101 -0.021667 0 0
0 0 0.25292 0 0 0 0 0 0 0 0 0 0 -0.084743 0.084743 0.22272 -0.025217 0.018854 -0.016768 0 0
-0 -0 -0.31864 0 0 0 0 0 0 0 0 0 0 0.10676 -0.10676 -0.28059 0.022553 -0.032621 0.020993 0 0
-0 -0 -0.12534 0 0 0 0 0 0 0 0 0 0 0.041995 -0.041995 -0.11037 0.010224 -0.011793 0.0083771 0 0
0 0 0.11278 0 0 0 0 0 0 0 0 0 0 -0.037788 0.037788 0.099316 -0.010546 0.0092752 -0.0075417 0 0
-0 -0 -0.019454 0 0 0 0 0 0 0 0 0 0 0.0065183 -0.0065183 -0.017131 0.0016941 -0.001732 0.0013036 0 0
-0 -0 -0.34877 0 0 0 0 0 0 0 0 0 0 0.11686 -0.11686 -0.30713 0.024073 -0.036114 0.022901 0 0
-0 -0 -0.20679 0 0 0 0 0 0 0 0 0 0 0.069286 -0.069286 -0.1821 0.01595 -0.020211 0.013759 0 0
0 0 0.021101 0 0 0 0 0 0 0 0 0 0 -0.0070702 0.0070702 0.018582 -0.0018803 0.0018358 -0.0014139 0 0
0 0 0.13428 0 0 0 0 0 0 0 0 0 0 -0.044993 0.044993 0.11825 -0.01269 0.010889 -0.0089716 0 0
0 0 0.28694 0 0 0 0 0 0 0 0 0 0 -0.096141 0.096141 0.25268 -0.029011 0.020834 -0.018965 0 0
0 0 0.16337 0 0 0 0 0 0 0 0 0 0 -0.054739 0.054739 0.14387 -0.015654 0.012991 -0.010899 0 0
0 0 0.10379 0 0 0 0 0 0 0 0 0 0 -0.034777 0.034777 0.0914 -0.0096617 0.0085854 -0.0069428 0 0
-0 -0 -0.085934 0 0 0 0 0 0 0 0 0 0 0.028793 -0.028793 -0.075674 0.0071891 -0.0079271 0.0057515 0 0
-0 -0 -0.099168 0 0 0 0 0 0 0 0 0 0 0.033227 -0.033227 -0.087328 0.0082272 -0.0092098 0.0066345 0 0
-0 -0 -0.017938 0 0 0 0 0 0 0 0 0 0 0.0060103 -0.0060103 -0.015796 0.0015635 -0.0015956 0.001202 0 0
-0 -0 -0.28599 0 0 0 0 0 0 0 0 0 0 0.095823 -0.095823 -0.25184 0.020781 -0.028904 0.018905 0 0
-0 -0 -0.14851 0 0 0 0 0 0 0 0 0 0 0.049759 -0.049759 -0.13078 0.011929 -0.01413 0.0099152 0 0
-0 -0 -0.29044 0 0 0 0 0 0 0 0 0 0 0.097316 -0.097316 -0.25577 0.02103 -0.029407 0.019191 0 0
0 0 0.13523 0 0 0 0 0 0 0 0 0 0 -0.04531 0.04531 0.11908 -0.012785 0.010959 -0.0090343 0 0
-0 -0 -0.34042 0 0 0 0 0 0 0 0 0 0 0.11406 -0.11406 -0.29978 0.023663 -0.03514 0.022374 0 0
0 0 0.22931 0 0 0 0 0 0 0 0 0 0 -0.076834 0.076834 0.20193 -0.022635 0.017399 -0.015232 0 0
0 0 0.028203 0 0 0 0 0 0 0 0 0 0 -0.0094496 0.0094496 0.024836 -0.002523 0.0024435 -0.0018897 0 0
-0 -0 -0.18992 0 0 0 0 0 0 0 0 0 0 0.063634 -0.063634 -0.16724 0.014826 -0.018422 0.012651 0 0
0 0 0.29989 0 0 0 0 0 0 0 0 0 0 -0.10048 0.10048 0.26408 -0.030477 0.021551 -0.019796 0 0
-0 -0 -0.34328 0 0 0 0 0 0 0 0 0 0 0.11502 -0.11502 -0.3023 0.023805 -0.035474 0.022555 0 0
-0 -0 -0.31704 0 0 0 0 0 0 0 0 0 0 0.10623 -0.10623 -0.27918 0.022469 -0.032437 0.020891 0 0
0 0 0.15735 0 0 0 0 0 0 0 0 0 0 -0.052723 0.052723 0.13857 -0.015035 0.012564 -0.010501 0 0
0 0 0.19768 0 0 0 0 0 0 0 0 0 0 -0.066236 0.066236 0.17408 -0.019243 0.015347 -0.013161 0 0
-0 -0 -0.18592 0 0 0 0 0 0 0 0 0 0 0.062294 -0.062294 -0.16372 0.014555 -0.018001 0.012387 0 0
-0 -0 -0.22002 0 0 0 0 0 0 0 0 0 0 0.073722 -0.073722 -0.19376 0.016809 -0.02163 0.014626 0 0
-0 -0 -0.15269 0 0 0 0 0 0 0 0 0 0 0.051161 -0.051161 -0.13446 0.012231 -0.014558 0.010193 0 0
-0 -0 -0.27821 0 0 0 0 0 0 0 0 0 0 0.093216 -0.093216 -0.24499 0.020339 -0.028029 0.018404 0 0
0 0 0.33816 0 0 0 0 0 0 0 0 0 0 -0.1133 0.1133 0.29778 -0.034877 0.023551 -0.022231 0 0
0 0 0.14278 0 0 0 0 0 0 0 0 0 0 -0.047839 0.047839 0.12573 -0.013548 0.011513 -0.0095353 0 0
-0 -0 -0.098681 0 0 0 0 0 0 0 0 0 0 0.033064 -0.033064 -0.086899 0.0081893 -0.0091624 0.0066021 0 0
-0 -0 -0.043104 0 0 0 0 0 0 0 0 0 0 0.014443 -0.014443 -0.037958 0.0037017 -0.0038875 0.0028876 0 0
-0 -0 -0.0069238 0 0 0 0 0 0 0 0 0 0 0.0023199 -0.0023199 -0.0060972 0.00060732 -0.00061211 0.00046398 0 0
-0 -0 -0.33912 0 0 0 0 0 0 0 0 0 0 0.11363 -0.11363 -0.29863 0.023599 -0.034989 0.022292 0 0
0 0 0.020903 0 0 0 0 0 0 0 0 0 0 -0.0070038 0.0070038 0.018407 -0.0018625 0.0018188 -0.0014007 0 0
0 0 0.14502 0 0 0 0 0 0 0 0 0 0 -0.04859 0.04859 0.1277 -0.013775 0.011676 -0.0096839 0 0
-0 -0 -0.02826 0 0 0 0 0 0 0 0 0 0 0.0094689 -0.0094689 -0.024886 0.0024484 -0.0025282 0.0018935 0 0
-0 -0 -0.10522 0 0 0 0 0 0 0 0 0 0 0.035256 -0.035256 -0.092661 0.0086959 -0.0098021 0.0070382 0 0
0 0 0.33393 0 0 0 0 0 0 0 0 0 0 -0.11189 0.11189 0.29406 -0.034386 0.023339 -0.021964 0 0
0 0 0.34297 0 0 0 0 0 0 0 0 0 0 -0.11491 0.11491 0.30202 -0.035437 0.023789 -0.022535 0 0
-0 -0 -0.1098 0 0 0 0 0 0 0 0 0 0 0.036789 -0.036789 -0.09669 0.0090474 -0.010252 0.0073431 0 0
0 0 0.32413 0 0 0 0 0 0 0 0 0 0 -0.1086 0.1086 0.28543 -0.033253 0.022839 -0.021342 0 0
0 0 0.091849 0 0 0 0 0 0 0 0 0 0 -0.030775 0.030775 0.080883 -0.0084984 0.0076554 -0.0061463 0 0
-0 -0 -0.058319 0 0 0 0 0 0 0 0 0 0 0.01954 -0.01954 -0.051356 0.0049627 -0.0053027 0.0039059 0 0
-0 -0 -0.1391 0 0 0 0 0 0 0 0 0 0 0.046607 -0.046607 -0.12249 0.011244 -0.013176 0.0092914 0 0
0 0 0.20436 0 0 0 0 0 0 0 0 0 0 -0.068472 0.068472 0.17996 -0.019952 0.01579 -0.013599 0 0
-0 -0 -0.10736 0 0 0 0 0 0 0 0 0 0 0.035973 -0.035973 -0.094545 0.0088605 -0.010012 0.0071808 0 0
0 0 0.10866 0 0 0 0 0 0 0 0 0 0 -0.036407 0.036407 0.095685 -0.010139 0.00896 -0.0072671 0 0
-0 -0 -0.11114 0 0 0 0 0 0 0 0 0 0 0.037238 -0.037238 -0.09787 0.0091499 -0.010384 0.0074323 0 0
-0 -0 -0.3066 0 0 0 0 0 0 0 0 0 0 0.10273 -0.10273 -0.26999 0.021915 -0.031242 0.020226 0 0
0 0 0.04688 0 0 0 0 0 0 0 0 0 0 -0.015708 0.015708 0.041283 -0.0042367 0.0040169 -0.0031404 0 0
0 0 0.2336 0 0 0 0 0 0 0 0 0 0 -0.078268 0.078268 0.20571 -0.0231 0.017668 -0.015512 0 0
0 0 0.22286 0 0 0 0 0 0 0 0 0 0 -0.074672 0.074672 0.19625 -0.021936 0.01699 -0.014811 0 0
0 0 0.32538 0 0 0 0 0 0 0 0 0 0 -0.10902 0.10902 0.28653 -0.033398 0.022903 -0.021422 0 0
-0 -0 -0.14177 0 0 0 0 0 0 0 0 0 0 0.047502 -0.047502 -0.12484 0.011439 -0.013446 0.0094686 0 0
-0 -0 -0.28826 0 0 0 0 0 0 0 0 0 0 0.096583 -0.096583 -0.25384 0.020908 -0.02916 0.01905 0 0
0 0 0.084356 0 0 0 0 0 0 0 0 0 0 -0.028264 0.028264 0.074284 -0.0077752 0.007064 -0.0056461 0 0
0 0 0.19063 0 0 0 0 0 0 0 0 0 0 -0.063873 0.063873 0.16787 -0.018497 0.014874 -0.012697 0 0
0 0 0.28838 0 0 0 0 0 0 0 0 0 0 -0.096624 0.096624 0.25395 -0.029174 0.020915 -0.019058 0 0
0 0 0.036705 0 0 0 0 0 0 0 0 0 0 -0.012298 0.012298 0.032323 -0.0032989 0.0031642 -0.0024591 0 0
0 0 0.15878 0 0 0 0 0 0 0 0 0 0 -0.053199 0.053199 0.13982 -0.015181 0.012665 -0.010595 0 0
0 0 0.32794 0 0 0 0 0 0 0 0 0 0 -0.10988 0.10988 0.28879 -0.033693 0.023035 -0.021584 0 0
-0 -0 -0.32025 0 0 0 0 0 0 0 0 0 0 0.1073 -0.1073 -0.28201 0.022637 -0.032806 0.021095 0 0
-0 -0 -0.21254 0 0 0 0 0 0 0 0 0 0 0.071212 -0.071212 -0.18716 0.016325 -0.020826 0.014135 0 0
-0 -0 -0.1488 0 0 0 0 0 0 0 0 0 0 0.049856 -0.049856 -0.13103 0.01195 -0.01416 0.0099345 0 0
0 0 0.12216 0 0 0 0 0 0 0 0 0 0 -0.04093 0.04093 0.10757 -0.011476 0.0099854 -0.0081657 0 0
-0 -0 -0.29049 0 0 0 0 0 0 0 0 0 0 0.097333 -0.097333 -0.25581 0.021033 -0.029412 0.019194 0 0
-0 -0 -0.0050444 0 0 0 0 0 0 0 0 0 0 0.0016902 -0.0016902 -0.0044422 0.00044294 -0.00044549 0.00033804 0 0
0 0 0.32675 0 0 0 0 0 0 0 0 0 0 -0.10948 0.10948 0.28774 -0.033555 0.022973 -0.021508 0 0
-0 -0 -0.10965 0 0 0 0 0 0 0 0 0 0 0.036738 -0.036738 -0.096555 0.0090356 -0.010237 0.0073328 0 0
0 0 0.15442 0 0 0 0 0 0 0 0 0 0 -0.051741 0.051741 0.13599 -0.014735 0.012355 -0.010307 0 0
0 0 0.31244 0 0 0 0 0 0 0 0 0 0 -0.10469 0.10469 0.27514 -0.03191 0.022227 -0.020598 0 0
0 0 0.21084 0 0 0 0 0 0 0 0 0 0 -0.070644 0.070644 0.18567 -0.020644 0.016215 -0.014024 0 0
-0 -0 -0.18363 0 0 0 0 0 0 0 0 0 0 0.061527 -0.061527 -0.16171 0.014399 -0.017761 0.012236 0 0
0 0 0.17382 0 0 0 0 0 0 0 0 0 0 -0.058239 0.058239 0.15307 -0.016736 0.013723 -0.011589 0 0
-0 -0 -0.0077498 0 0 0 0 0 0 0 0 0 0 0.0025967 -0.0025967 -0.0068246 0.00067945 -0.00068545 0.00051933 0 0
0 0 0.034047 0 0 0 0 0 0 0 0 0 0 -0.011408 0.011408 0.029982 -0.0030556 0.0029396 -0.0022811 0 0
-0 -0 -0.049179 0 0 0 0 0 0 0 0 0 0 0.016478 -0.016478 -0.043307 0.0042081 -0.0044499 0.0032942 0 0
0 0 0.24621 0 0 0 0 0 0 0 0 0 0 -0.082495 0.082495 0.21681 -0.024479 0.018447 -0.016333 0 0
-0 -0 -0.29794 0 0 0 0 0 0 0 0 0 0 0.099827 -0.099827 -0.26237 0.021445 -0.030256 0.019671 0 0
-0 -0 -0.044474 0 0 0 0 0 0 0 0 0 0 0.014901 -0.014901 -0.039164 0.0038162 -0.004014 0.0029793 0 0
-0 -0 -0.049487 0 0 0 0 0 0 0 0 0 0 0.016581 -0.016581 -0.043579 0.0042337 -0.0044785 0.0033149 0 0
-0 -0 -0.041516 0 0 0 0 0 0 0 0 0 0 0.013911 -0.013911 -0.03656 0.0035688 -0.0037411 0.0027813 0 0
0 0 0.3385 0 0 0 0 0 0 0 0 0 0 -0.11342 0.11342 0.29808 -0.034917 0.023568 -0.022253 0 0
0 0 0.094079 0 0 0 0 0 0 0 0 0 0 -0.031522 0.031522 0.082847 -0.0087147 0.0078302 -0.0062951 0 0
-0 -0 -0.068272 0 0 0 0 0 0 0 0 0 0 0.022875 -0.022875 -0.060121 0.0057745 -0.0062404 0.0045715 0 0
0 0 0.30225 0 0 0 0 0 0 0 0 0 0 -0.10127 0.10127 0.26616 -0.030746 0.02168 -0.019947 0 0
