0 0 0.010808 0 0 0 0 0 0 0 0 0 0 -0.0036213 0.0036213 0.0095174 0 0 0 0 0
0 0 0.31585 0 0 0 0 0 0 0 0 0 0 -0.10583 0.10583 0.27814 0 0 0 0 0
0 0 0.12689 0 0 0 0 0 0 0 0 0 0 -0.042515 0.042515 0.11174 0 0 0 0 0
-0 -0 -0.022828 0 0 0 0 0 0 0 0 0 0 0.0076489 -0.0076489 -0.020103 0 0 0 0 0
-0 -0 -0.28839 0 0 0 0 0 0 0 0 0 0 0.096629 -0.096629 -0.25396 0 0 0 0 0
-0 -0 -0.26596 0 0 0 0 0 0 0 0 0 0 0.089112 -0.089112 -0.23421 0 0 0 0 0
-0 -0 -0.13216 0 0 0 0 0 0 0 0 0 0 0.044281 -0.044281 -0.11638 0 0 0 0 0
-0 -0 -0.10092 0 0 0 0 0 0 0 0 0 0 0.033815 -0.033815 -0.088872 0 0 0 0 0
-0 -0 -0.18722 0 0 0 0 0 0 0 0 0 0 0.062732 -0.062732 -0.16487 0 0 0 0 0
-0 -0 -0.029218 0 0 0 0 0 0 0 0 0 0 0.0097897 -0.0097897 -0.025729 0 0 0 0 0
-0 -0 -0.32442 0 0 0 0 0 0 0 0 0 0 0.1087 -0.1087 -0.28569 0 0 0 0 0
-0 -0 -0.22883 0 0 0 0 0 0 0 0 0 0 0.076672 -0.076672 -0.20151 0 0 0 0 0
0 0 0.12028 0 0 0 0 0 0 0 0 0 0 -0.040302 0.040302 0.10592 0 0 0 0 0
0 0 0.018626 0 0 0 0 0 0 0 0 0 0 -0.0062408 0.0062408 0.016402 0 0 0 0 0
-0 -0 -0.13808 0 0 0 0 0 0 0 0 0 0 0.046265 -0.046265 -0.12159 0 0 0 0 0
0 0 0.12519 0 0 0 0 0 0 0 0 0 0 -0.041947 0.041947 0.11024 0 0 0 0 0
-0 -0 -0.20834 0 0 0 0 0 0 0 0 0 0 0.069806 -0.069806 -0.18346 0 0 0 0 0
-0 -0 -0.083553 0 0 0 0 0 0 0 0 0 0 0.027995 -0.027995 -0.073577 0 0 0 0 0
-0 -0 -0.1369 0 0 0 0 0 0 0 0 0 0 0.045868 -0.045868 -0.12055 0 0 0 0 0
0 0 0.040362 0 0 0 0 0 0 0 0 0 0 -0.013524 0.013524 0.035543 0 0 0 0 0
-0 -0 -0.011561 0 0 0 0 0 0 0 0 0 0 0.0038736 -0.0038736 -0.010181 0 0 0 0 0
0 0 0.096412 0 0 0 0 0 0 0 0 0 0 -0.032304 0.032304 0.084901 0 0 0 0 0
0 0 0.13618 0 0 0 0 0 0 0 0 0 0 -0.045627 0.045627 0.11992 0 0 0 0 0
0 0 0.33788 0 0 0 0 0 0 0 0 0 0 -0.11321 0.11321 0.29754 0 0 0 0 0
-0 -0 -0.022118 0 0 0 0 0 0 0 0 0 0 0.007411 -0.007411 -0.019478 0 0 0 0 0
0 0 0.18459 0 0 0 0 0 0 0 0 0 0 -0.061849 0.061849 0.16255 0 0 0 0 0
0 0 0.30553 0 0 0 0 0 0 0 0 0 0 -0.10237 0.10237 0.26905 0 0 0 0 0
-0 -0 -0.26987 0 0 0 0 0 0 0 0 0 0 0.090422 -0.090422 -0.23765 0 0 0 0 0
0 0 0.30974 0 0 0 0 0 0 0 0 0 0 -0.10378 0.10378 0.27276 0 0 0 0 0
0 0 0.15828 0 0 0 0 0 0 0 0 0 0 -0.053032 0.053032 0.13938 0 0 0 0 0
-0 -0 -0.27884 0 0 0 0 0 0 0 0 0 0 0.093429 -0.093429 -0.24555 0 0 0 0 0
-0 -0 -0.0084994 0 0 0 0 0 0 0 0 0 0 0.0028478 -0.0028478 -0.0074847 0 0 0 0 0
0 0 0.046269 0 0 0 0 0 0 0 0 0 0 -0.015503 0.015503 0.040745 0 0 0 0 0
0 0 0.036336 0 0 0 0 0 0 0 0 0 0 -0.012175 0.012175 0.031998 0 0 0 0 0
-0 -0 -0.052041 0 0 0 0 0 0 0 0 0 0 0.017437 -0.017437 -0.045828 0 0 0 0 0
0 0 0.27989 0 0 0 0 0 0 0 0 0 0 -0.09378 0.09378 0.24647 0 0 0 0 0
-0 -0 -0.050303 0 0 0 0 0 0 0 0 0 0 0.016855 -0.016855 -0.044297 0 0 0 0 0
0 0 0.26374 0 0 0 0 0 0 0 0 0 0 -0.088367 0.088367 0.23225 0 0 0 0 0
-0 -0 -0.11659 0 0 0 0 0 0 0 0 0 0 0.039065 -0.039065 -0.10267 0 0 0 0 0
0 0 0.098468 0 0 0 0 0 0 0 0 0 0 -0.032993 0.032993 0.086712 0 0 0 0 0
0 0 0.15745 0 0 0 0 0 0 0 0 0 0 -0.052754 0.052754 0.13865 0 0 0 0 0
-0 -0 -0.20746 0 0 0 0 0 0 0 0 0 0 0.069513 -0.069513 -0.18269 0 0 0 0 0
-0 -0 -0.12157 0 0 0 0 0 0 0 0 0 0 0.040734 -0.040734 -0.10706 0 0 0 0 0
0 0 0.049021 0 0 0 0 0 0 0 0 0 0 -0.016425 0.016425 0.043168 0 0 0 0 0
-0 -0 -0.11 0 0 0 0 0 0 0 0 0 0 0.036857 -0.036857 -0.096869 0 0 0 0 0
-0 -0 -0.25782 0 0 0 0 0 0 0 0 0 0 0.086384 -0.086384 -0.22704 0 0 0 0 0
-0 -0 -0.19685 0 0 0 0 0 0 0 0 0 0 0.065958 -0.065958 -0.17335 0 0 0 0 0
0 0 0.14113 0 0 0 0 0 0 0 0 0 0 -0.047285 0.047285 0.12428 0 0 0 0 0
-0 -0 -0.19208 0 0 0 0 0 0 0 0 0 0 0.064357 -0.064357 -0.16914 0 0 0 0 0
-0 -0 -0.034875 0 0 0 0 0 0 0 0 0 0 0.011685 -0.011685 -0.030711 0 0 0 0 0
0 0 0.043915 0 0 0 0 0 0 0 0 0 0 -0.014714 0.014714 0.038672 0 0 0 0 0
0 0 0.043082 0 0 0 0 0 0 0 0 0 0 -0.014435 0.014435 0.037938 0 0 0 0 0
0 0 0.030134 0 0 0 0 0 0 0 0 0 0 -0.010097 0.010097 0.026536 0 0 0 0 0
0 0 0.33304 0 0 0 0 0 0 0 0 0 0 -0.11159 0.11159 0.29328 0 0 0 0 0
0 0 0.15864 0 0 0 0 0 0 0 0 0 0 -0.053154 0.053154 0.1397 0 0 0 0 0
0 0 0.068612 0 0 0 0 0 0 0 0 0 0 -0.022989 0.022989 0.06042 0 0 0 0 0
-0 -0 -0.066738 0 0 0 0 0 0 0 0 0 0 0.022361 -0.022361 -0.05877 0 0 0 0 0
-0 -0 -0.020757 0 0 0 0 0 0 0 0 0 0 0.006955 -0.006955 -0.018279 0 0 0 0 0
0 0 0.13414 0 0 0 0 0 0 0 0 0 0 -0.044945 0.044945 0.11812 0 0 0 0 0
-0 -0 -0.32251 0 0 0 0 0 0 0 0 0 0 0.10806 -0.10806 -0.28401 0 0 0 0 0
-0 -0 -0.071311 0 0 0 0 0 0 0 0 0 0 0.023894 -0.023894 -0.062797 0 0 0 0 0
-0 -0 -0.26142 0 0 0 0 0 0 0 0 0 0 0.087591 -0.087591 -0.23021 0 0 0 0 0
-0 -0 -0.25686 0 0 0 0 0 0 0 0 0 0 0.086062 -0.086062 -0.22619 0 0 0 0 0
-0 -0 -0.21534 0 0 0 0 0 0 0 0 0 0 0.072153 -0.072153 -0.18963 0 0 0 0 0
0 0 0.22934 0 0 0 0 0 0 0 0 0 0 -0.076843 0.076843 0.20196 0 0 0 0 0
0 0 0.27555 0 0 0 0 0 0 0 0 0 0 -0.092327 0.092327 0.24265 0 0 0 0 0
-0 -0 -0.13935 0 0 0 0 0 0 0 0 0 0 0.046689 -0.046689 -0.12271 0 0 0 0 0
-0 -0 -0.20706 0 0 0 0 0 0 0 0 0 0 0.069377 -0.069377 -0.18234 0 0 0 0 0
0 0 0.31972 0 0 0 0 0 0 0 0 0 0 -0.10712 0.10712 0.28154 0 0 0 0 0
0 0 0.14692 0 0 0 0 0 0 0 0 0 0 -0.049228 0.049228 0.12938 0 0 0 0 0
0 0 0.050732 0 0 0 0 0 0 0 0 0 0 -0.016998 0.016998 0.044675 0 0 0 0 0
-0 -0 -0.20777 0 0 0 0 0 0 0 0 0 0 0.069614 -0.069614 -0.18296 0 0 0 0 0
-0 -0 -0.31051 0 0 0 0 0 0 0 0 0 0 0.10404 -0.10404 -0.27344 0 0 0 0 0
0 0 0.16035 0 0 0 0 0 0 0 0 0 0 -0.053727 0.053727 0.1412 0 0 0 0 0
0 0 0.12933 0 0 0 0 0 0 0 0 0 0 -0.043334 0.043334 0.11389 0 0 0 0 0
0 0 0.24911 0 0 0 0 0 0 0 0 0 0 -0.083468 0.083468 0.21937 0 0 0 0 0
-0 -0 -0.18198 0 0 0 0 0 0 0 0 0 0 0.060973 -0.060973 -0.16025 0 0 0 0 0
0 0 0.064794 0 0 0 0 0 0 0 0 0 0 -0.02171 0.02171 0.057058 0 0 0 0 0
-0 -0 -0.14025 0 0 0 0 0 0 0 0 0 0 0.046993 -0.046993 -0.12351 0 0 0 0 0
0 0 0.013766 0 0 0 0 0 0 0 0 0 0 -0.0046124 0.0046124 0.012122 0 0 0 0 0
-0 -0 -0.21077 0 0 0 0 0 0 0 0 0 0 0.07062 -0.07062 -0.18561 0 0 0 0 0
0 0 0.064463 0 0 0 0 0 0 0 0 0 0 -0.021599 0.021599 0.056767 0 0 0 0 0
0 0 0.217 0 0 0 0 0 0 0 0 0 0 -0.072707 0.072707 0.19109 0 0 0 0 0
-0 -0 -0.047614 0 0 0 0 0 0 0 0 0 0 0.015954 -0.015954 -0.041929 0 0 0 0 0
-0 -0 -0.059316 0 0 0 0 0 0 0 0 0 0 0.019874 -0.019874 -0.052234 0 0 0 0 0
0 0 0.050569 0 0 0 0 0 0 0 0 0 0 -0.016944 0.016944 0.044531 0 0 0 0 0
0 0 0.047957 0 0 0 0 0 0 0 0 0 0 -0.016069 0.016069 0.042232 0 0 0 0 0
-0 -0 -0.20874 0 0 0 0 0 0 0 0 0 0 0.06994 -0.06994 -0.18382 0 0 0 0 0
-0 -0 -0.2434 0 0 0 0 0 0 0 0 0 0 0.081553 -0.081553 -0.21434 0 0 0 0 0
-0 -0 -0.30933 0 0 0 0 0 0 0 0 0 0 0.10364 -0.10364 -0.2724 0 0 0 0 0
0 0 0.28824 0 0 0 0 0 0 0 0 0 0 -0.096578 0.096578 0.25383 0 0 0 0 0
-0 -0 -0.24656 0 0 0 0 0 0 0 0 0 0 0.082613 -0.082613 -0.21712 0 0 0 0 0
0 0 0.089396 0 0 0 0 0 0 0 0 0 0 -0.029953 0.029953 0.078723 0 0 0 0 0
0 0 0.11814 0 0 0 0 0 0 0 0 0 0 -0.039583 0.039583 0.10403 0 0 0 0 0
0 0 0.31011 0 0 0 0 0 0 0 0 0 0 -0.1039 0.1039 0.27308 0 0 0 0 0
-0 -0 -0.16869 0 0 0 0 0 0 0 0 0 0 0.056521 -0.056521 -0.14855 0 0 0 0 0
0 0 0.065231 0 0 0 0 0 0 0 0 0 0 -0.021856 0.021856 0.057443 0 0 0 0 0
-0 -0 -0.0026284 0 0 0 0 0 0 0 0 0 0 0.00088066 -0.00088066 -0.0023146 0 0 0 0 0
0 0 0.13801 0 0 0 0 0 0 0 0 0 0 -0.04624 0.04624 0.12153 0 0 0 0 0
0 0 0.029714 0 0 0 0 0 0 0 0 0 0 -0.0099559 0.0099559 0.026166 0 0 0 0 0
