-0 -0 -0 0.090588 0 0 0 0 0 0 -0 0.083845 -0.009704 0.032893 0 0
0 0 0 0.12563 0 0 0 0 0 0 -0 0.11628 -0.013458 0.045617 0 0
-0 -0 -0 0.17226 0 0 0 0 0 0 -0 0.15944 -0.018453 0.062548 0 0
0 0 0 0.09221 0 0 0 0 0 0 -0 0.085346 -0.0098777 0.033482 0 0
-0 -0 -0 0.15182 0 0 0 0 0 0 -0 0.14052 -0.016263 0.055127 0 0
-0 -0 -0 0.12384 0 0 0 0 0 0 -0 0.11463 -0.013266 0.044968 0 0
0 0 0 0.12089 0 0 0 0 0 0 -0 0.11189 -0.01295 0.043896 0 0
0 0 0 0.12578 0 0 0 0 0 0 -0 0.11642 -0.013474 0.04567 0 0
0 0 0 0.1139 0 0 0 0 0 0 -0 0.10542 -0.012201 0.041359 0 0
-0 -0 -0 0.097582 0 0 0 0 0 0 -0 0.090319 -0.010453 0.035433 0 0
-0 -0 -0 0.018319 0 0 0 0 0 0 -0 0.016955 -0.0019623 0.0066516 0 0
0 0 0 0.12737 0 0 0 0 0 0 -0 0.11789 -0.013644 0.046248 0 0
0 0 0 0.10275 0 0 0 0 0 0 -0 0.095105 -0.011007 0.03731 0 0
-0 -0 -0 0.051027 0 0 0 0 0 0 -0 0.047229 -0.0054662 0.018528 0 0
0 0 0 0.054203 0 0 0 0 0 0 -0 0.050169 -0.0058064 0.019681 0 0
0 0 0 0.078812 0 0 0 0 0 0 -0 0.072946 -0.0084425 0.028617 0 0
-0 -0 -0 0.18524 0 0 0 0 0 0 -0 0.17145 -0.019843 0.067262 0 0
0 0 0 0.18688 0 0 0 0 0 0 -0 0.17297 -0.020019 0.067857 0 0
0 0 0 0.12206 0 0 0 0 0 0 -0 0.11298 -0.013076 0.044322 0 0
0 0 0 0.053652 0 0 0 0 0 0 -0 0.049659 -0.0057473 0.019481 0 0
0 0 0 0.053143 0 0 0 0 0 0 -0 0.049187 -0.0056928 0.019296 0 0
-0 -0 -0 0.066895 0 0 0 0 0 0 -0 0.061916 -0.0071659 0.02429 0 0
0 0 0 0.17977 0 0 0 0 0 0 -0 0.16639 -0.019257 0.065275 0 0
0 0 0 0.060323 0 0 0 0 0 0 -0 0.055833 -0.0064619 0.021903 0 0
-0 -0 -0 0.19707 0 0 0 0 0 0 -0 0.1824 -0.02111 0.071556 0 0
0 0 0 0.031782 0 0 0 0 0 0 -0 0.029416 -0.0034045 0.01154 0 0
0 0 0 0.093004 0 0 0 0 0 0 -0 0.086082 -0.0099628 0.03377 0 0
0 0 0 0.024921 0 0 0 0 0 0 -0 0.023066 -0.0026696 0.009049 0 0
0 0 0 0.078267 0 0 0 0 0 0 -0 0.072442 -0.0083841 0.028419 0 0
0 0 0 0.14015 0 0 0 0 0 0 -0 0.12972 -0.015014 0.050891 0 0
0 0 0 0.076247 0 0 0 0 0 0 -0 0.070572 -0.0081677 0.027686 0 0
-0 -0 -0 0.084396 0 0 0 0 0 0 -0 0.078115 -0.0090407 0.030645 0 0
-0 -0 -0 0.060071 0 0 0 0 0 0 -0 0.055599 -0.0064349 0.021812 0 0
0 0 0 0.19704 0 0 0 0 0 0 -0 0.18238 -0.021108 0.071547 0 0
0 0 0 0.053099 0 0 0 0 0 0 -0 0.049147 -0.0056881 0.01928 0 0
-0 -0 -0 0.13219 0 0 0 0 0 0 -0 0.12235 -0.01416 0.047998 0 0
-0 -0 -0 0.069197 0 0 0 0 0 0 -0 0.064046 -0.0074125 0.025126 0 0
-0 -0 -0 0.097748 0 0 0 0 0 0 -0 0.090472 -0.010471 0.035493 0 0
0 0 0 0.16223 0 0 0 0 0 0 -0 0.15015 -0.017378 0.058905 0 0
0 0 0 0.15783 0 0 0 0 0 0 -0 0.14609 -0.016908 0.057311 0 0
0 0 0 0.14378 0 0 0 0 0 0 -0 0.13308 -0.015403 0.052209 0 0
0 0 0 0.10376 0 0 0 0 0 0 -0 0.096037 -0.011115 0.037676 0 0
-0 -0 -0 0.16199 0 0 0 0 0 0 -0 0.14994 -0.017353 0.058821 0 0
0 0 0 0.10535 0 0 0 0 0 0 -0 0.097506 -0.011285 0.038252 0 0
0 0 0 0.063851 0 0 0 0 0 0 -0 0.059099 -0.0068399 0.023185 0 0
0 0 0 0.16958 0 0 0 0 0 0 -0 0.15696 -0.018166 0.061575 0 0
-0 -0 -0 0.12754 0 0 0 0 0 0 -0 0.11805 -0.013663 0.046312 0 0
-0 -0 -0 0.050033 0 0 0 0 0 0 -0 0.046309 -0.0053597 0.018167 0 0
-0 -0 -0 0.035354 0 0 0 0 0 0 -0 0.032722 -0.0037872 0.012837 0 0
-0 -0 -0 0.13812 0 0 0 0 0 0 -0 0.12784 -0.014796 0.050151 0 0
0 0 0 0.11413 0 0 0 0 0 0 -0 0.10564 -0.012226 0.041443 0 0
-0 -0 -0 0.060892 0 0 0 0 0 0 -0 0.05636 -0.006523 0.02211 0 0
0 0 0 0.067654 0 0 0 0 0 0 -0 0.062619 -0.0072473 0.024566 0 0
-0 -0 -0 0.12794 0 0 0 0 0 0 -0 0.11842 -0.013705 0.046456 0 0
-0 -0 -0 0.15623 0 0 0 0 0 0 -0 0.1446 -0.016735 0.056727 0 0
0 0 0 0.15997 0 0 0 0 0 0 -0 0.14806 -0.017136 0.058085 0 0
-0 -0 -0 0.057927 0 0 0 0 0 0 -0 0.053615 -0.0062053 0.021034 0 0
0 0 0 0.043088 0 0 0 0 0 0 -0 0.039881 -0.0046157 0.015645 0 0
-0 -0 -0 0.12683 0 0 0 0 0 0 -0 0.11739 -0.013586 0.046051 0 0
-0 -0 -0 0.19132 0 0 0 0 0 0 -0 0.17708 -0.020495 0.06947 0 0
-0 -0 -0 0.090457 0 0 0 0 0 0 -0 0.083724 -0.00969 0.032846 0 0
0 0 0 0.1742 0 0 0 0 0 0 -0 0.16123 -0.01866 0.063252 0 0
-0 -0 -0 0.16558 0 0 0 0 0 0 -0 0.15326 -0.017738 0.060124 0 0
0 0 0 0.022867 0 0 0 0 0 0 -0 0.021165 -0.0024496 0.0083032 0 0
-0 -0 -0 0.18432 0 0 0 0 0 0 -0 0.17061 -0.019745 0.066929 0 0
0 0 0 0.040225 0 0 0 0 0 0 -0 0.037231 -0.004309 0.014606 0 0
-0 -0 -0 0.020422 0 0 0 0 0 0 -0 0.018902 -0.0021876 0.0074152 0 0
-0 -0 -0 0.18616 0 0 0 0 0 0 -0 0.1723 -0.019942 0.067596 0 0
-0 -0 -0 0.078876 0 0 0 0 0 0 -0 0.073005 -0.0084494 0.02864 0 0
-0 -0 -0 0.0018088 0 0 0 0 0 0 -0 0.0016742 -0.00019377 0.0006568 0 0
-0 -0 -0 0.0032164 0 0 0 0 0 0 -0 0.002977 -0.00034455 0.0011679 0 0
-0 -0 -0 0.17998 0 0 0 0 0 0 -0 0.16658 -0.019279 0.06535 0 0
-0 -0 -0 0.026326 0 0 0 0 0 0 -0 0.024366 -0.0028201 0.0095591 0 0
-0 -0 -0 0.11034 0 0 0 0 0 0 -0 0.10213 -0.01182 0.040066 0 0
0 0 0 0.091589 0 0 0 0 0 0 -0 0.084772 -0.0098113 0.033257 0 0
-0 -0 -0 0.015187 0 0 0 0 0 0 -0 0.014057 -0.0016269 0.0055145 0 0
-0 -0 -0 0.015103 0 0 0 0 0 0 -0 0.013979 -0.0016178 0.0054839 0 0
0 0 0 0.14293 0 0 0 0 0 0 -0 0.13229 -0.015311 0.051898 0 0
-0 -0 -0 0.025657 0 0 0 0 0 0 -0 0.023748 -0.0027485 0.0093164 0 0
-0 -0 -0 0.15189 0 0 0 0 0 0 -0 0.14059 -0.016271 0.055152 0 0
0 0 0 0.19905 0 0 0 0 0 0 -0 0.18423 -0.021323 0.072276 0 0
0 0 0 0.046106 0 0 0 0 0 0 -0 0.042674 -0.0049389 0.016741 0 0
-0 -0 -0 0.035064 0 0 0 0 0 0 -0 0.032454 -0.0037561 0.012732 0 0
-0 -0 -0 0.058037 0 0 0 0 0 0 -0 0.053717 -0.0062171 0.021074 0 0
0 0 0 0.16251 0 0 0 0 0 0 -0 0.15041 -0.017408 0.059008 0 0
0 0 0 0.13616 0 0 0 0 0 0 -0 0.12603 -0.014586 0.04944 0 0
-0 -0 -0 0.16241 0 0 0 0 0 0 -0 0.15033 -0.017398 0.058973 0 0
-0 -0 -0 0.11083 0 0 0 0 0 0 -0 0.10258 -0.011872 0.040242 0 0
0 0 0 0.19805 0 0 0 0 0 0 -0 0.18331 -0.021216 0.071914 0 0
-0 -0 -0 0.062192 0 0 0 0 0 0 -0 0.057563 -0.0066622 0.022582 0 0
-0 -0 -0 0.028338 0 0 0 0 0 0 -0 0.026229 -0.0030356 0.01029 0 0
-0 -0 -0 0.1446 0 0 0 0 0 0 -0 0.13383 -0.01549 0.052504 0 0
-0 -0 -0 0.095132 0 0 0 0 0 0 -0 0.088051 -0.010191 0.034543 0 0
-0 -0 -0 0.069145 0 0 0 0 0 0 -0 0.063998 -0.0074069 0.025107 0 0
0 0 0 0.18418 0 0 0 0 0 0 -0 0.17047 -0.01973 0.066876 0 0
0 0 0 0.15872 0 0 0 0 0 0 -0 0.1469 -0.017002 0.057631 0 0
-0 -0 -0 0.0064847 0 0 0 0 0 0 -0 0.0060021 -0.00069466 0.0023546 0 0
0 0 0 0.015291 0 0 0 0 0 0 -0 0.014153 -0.001638 0.0055522 0 0
0 0 0 0.015161 0 0 0 0 0 0 -0 0.014033 -0.0016241 0.0055051 0 0
0 0 0 0.10017 0 0 0 0 0 0 -0 0.092716 -0.010731 0.036373 0 0
