0 0 0 0.019475 0 0 0 0 0 -0 -0 0.017174 -0.0052407 0.0075423 0 0
0 0 0 0.11697 0 0 0 0 0 -0 -0 0.10315 -0.031476 0.045299 0 0
0 0 0 0.061638 0 0 0 0 0 -0 -0 0.054354 -0.016586 0.023871 0 0
-0 -0 -0 0.18014 0 0 0 0 0 -0 -0 0.15885 -0.048476 0.069765 0 0
-0 -0 -0 0.088331 0 0 0 0 0 -0 -0 0.077892 -0.02377 0.034209 0 0
0 0 0 0.065206 0 0 0 0 0 -0 -0 0.0575 -0.017546 0.025252 0 0
-0 -0 -0 0.11214 0 0 0 0 0 -0 -0 0.098888 -0.030176 0.043429 0 0
0 0 0 0.128 0 0 0 0 0 -0 -0 0.11287 -0.034444 0.049571 0 0
0 0 0 0.13193 0 0 0 0 0 -0 -0 0.11634 -0.035501 0.051093 0 0
0 0 0 0.082329 0 0 0 0 0 -0 -0 0.072599 -0.022154 0.031884 0 0
-0 -0 -0 0.1431 0 0 0 0 0 -0 -0 0.12619 -0.038508 0.05542 0 0
0 0 0 0.1449 0 0 0 0 0 -0 -0 0.12778 -0.038992 0.056116 0 0
-0 -0 -0 0.094138 0 0 0 0 0 -0 -0 0.083012 -0.025332 0.036457 0 0
-0 -0 -0 0.10941 0 0 0 0 0 -0 -0 0.096476 -0.029441 0.04237 0 0
-0 -0 -0 0.0021713 0 0 0 0 0 -0 -0 0.0019147 -0.00058427 0.00084087 0 0
0 0 0 0.09505 0 0 0 0 0 -0 -0 0.083817 -0.025577 0.03681 0 0
-0 -0 -0 0.057639 0 0 0 0 0 -0 -0 0.050827 -0.01551 0.022322 0 0
0 0 0 0.13668 0 0 0 0 0 -0 -0 0.12053 -0.03678 0.052933 0 0
-0 -0 -0 0.061705 0 0 0 0 0 -0 -0 0.054413 -0.016605 0.023897 0 0
0 0 0 0.15203 0 0 0 0 0 -0 -0 0.13406 -0.04091 0.058877 0 0
-0 -0 -0 9.3658e-05 0 0 0 0 0 -0 -0 8.2589e-05 -2.5203e-05 3.6271e-05 0 0
-0 -0 -0 0.11992 0 0 0 0 0 -0 -0 0.10575 -0.03227 0.046442 0 0
-0 -0 -0 0.15521 0 0 0 0 0 -0 -0 0.13687 -0.041766 0.060108 0 0
-0 -0 -0 0.094618 0 0 0 0 0 -0 -0 0.083436 -0.025461 0.036643 0 0
0 0 0 0.14924 0 0 0 0 0 -0 -0 0.1316 -0.040159 0.057796 0 0
0 0 0 0.13001 0 0 0 0 0 -0 -0 0.11464 -0.034984 0.050349 0 0
-0 -0 -0 0.0077877 0 0 0 0 0 -0 -0 0.0068674 -0.0020956 0.003016 0 0
0 0 0 0.13579 0 0 0 0 0 -0 -0 0.11974 -0.036541 0.052588 0 0
-0 -0 -0 0.0469 0 0 0 0 0 -0 -0 0.041357 -0.01262 0.018163 0 0
0 0 0 0.16071 0 0 0 0 0 -0 -0 0.14172 -0.043246 0.062239 0 0
-0 -0 -0 0.066296 0 0 0 0 0 -0 -0 0.058461 -0.01784 0.025675 0 0
0 0 0 0.1227 0 0 0 0 0 -0 -0 0.10819 -0.033017 0.047517 0 0
-0 -0 -0 0.064485 0 0 0 0 0 -0 -0 0.056864 -0.017353 0.024974 0 0
-0 -0 -0 0.12146 0 0 0 0 0 -0 -0 0.1071 -0.032684 0.047038 0 0
0 0 0 0.17875 0 0 0 0 0 -0 -0 0.15762 -0.048099 0.069224 0 0
-0 -0 -0 0.11693 0 0 0 0 0 -0 -0 0.10311 -0.031466 0.045285 0 0
0 0 0 0.16552 0 0 0 0 0 -0 -0 0.14596 -0.04454 0.064101 0 0
0 0 0 0.10913 0 0 0 0 0 -0 -0 0.096235 -0.029367 0.042264 0 0
0 0 0 0.048026 0 0 0 0 0 -0 -0 0.04235 -0.012924 0.018599 0 0
0 0 0 0.08738 0 0 0 0 0 -0 -0 0.077053 -0.023513 0.03384 0 0
-0 -0 -0 0.19058 0 0 0 0 0 -0 -0 0.16806 -0.051284 0.073807 0 0
-0 -0 -0 0.11996 0 0 0 0 0 -0 -0 0.10579 -0.032282 0.046459 0 0
0 0 0 0.025928 0 0 0 0 0 -0 -0 0.022864 -0.0069772 0.010041 0 0
0 0 0 0.092226 0 0 0 0 0 -0 -0 0.081326 -0.024817 0.035717 0 0
-0 -0 -0 0.13624 0 0 0 0 0 -0 -0 0.12014 -0.036662 0.052763 0 0
-0 -0 -0 0.062458 0 0 0 0 0 -0 -0 0.055076 -0.016807 0.024188 0 0
0 0 0 0.054002 0 0 0 0 0 -0 -0 0.04762 -0.014532 0.020914 0 0
0 0 0 0.10444 0 0 0 0 0 -0 -0 0.092094 -0.028103 0.040446 0 0
0 0 0 0.0061144 0 0 0 0 0 -0 -0 0.0053918 -0.0016454 0.002368 0 0
-0 -0 -0 0.065798 0 0 0 0 0 -0 -0 0.058022 -0.017706 0.025482 0 0
-0 -0 -0 0.01777 0 0 0 0 0 -0 -0 0.01567 -0.0047818 0.0068819 0 0
0 0 0 0.1053 0 0 0 0 0 -0 -0 0.092857 -0.028336 0.040781 0 0
-0 -0 -0 0.14649 0 0 0 0 0 -0 -0 0.12918 -0.03942 0.056732 0 0
-0 -0 -0 0.022795 0 0 0 0 0 -0 -0 0.020101 -0.006134 0.0088279 0 0
-0 -0 -0 0.080448 0 0 0 0 0 -0 -0 0.070941 -0.021648 0.031156 0 0
-0 -0 -0 0.1217 0 0 0 0 0 -0 -0 0.10732 -0.03275 0.047132 0 0
-0 -0 -0 0.16373 0 0 0 0 0 -0 -0 0.14438 -0.044059 0.063408 0 0
-0 -0 -0 0.01912 0 0 0 0 0 -0 -0 0.01686 -0.0051451 0.0074047 0 0
0 0 0 0.021585 0 0 0 0 0 -0 -0 0.019034 -0.0058084 0.0083593 0 0
0 0 0 0.011842 0 0 0 0 0 -0 -0 0.010443 -0.0031868 0.0045863 0 0
-0 -0 -0 0.18076 0 0 0 0 0 -0 -0 0.1594 -0.048642 0.070005 0 0
0 0 0 0.14807 0 0 0 0 0 -0 -0 0.13057 -0.039844 0.057343 0 0
0 0 0 0.14495 0 0 0 0 0 -0 -0 0.12782 -0.039005 0.056135 0 0
-0 -0 -0 0.16714 0 0 0 0 0 -0 -0 0.14739 -0.044977 0.064729 0 0
-0 -0 -0 0.13553 0 0 0 0 0 -0 -0 0.11951 -0.03647 0.052487 0 0
-0 -0 -0 0.074718 0 0 0 0 0 -0 -0 0.065887 -0.020106 0.028936 0 0
0 0 0 0.0035226 0 0 0 0 0 -0 -0 0.0031063 -0.00094792 0.0013642 0 0
-0 -0 -0 0.19247 0 0 0 0 0 -0 -0 0.16972 -0.051793 0.074539 0 0
0 0 0 0.19627 0 0 0 0 0 -0 -0 0.17307 -0.052815 0.07601 0 0
0 0 0 0.038997 0 0 0 0 0 -0 -0 0.034389 -0.010494 0.015103 0 0
0 0 0 0.042989 0 0 0 0 0 -0 -0 0.037909 -0.011568 0.016649 0 0
0 0 0 0.19213 0 0 0 0 0 -0 -0 0.16943 -0.051702 0.074408 0 0
0 0 0 0.053192 0 0 0 0 0 -0 -0 0.046905 -0.014314 0.0206 0 0
-0 -0 -0 0.087208 0 0 0 0 0 -0 -0 0.076902 -0.023467 0.033774 0 0
0 0 0 0.18643 0 0 0 0 0 -0 -0 0.1644 -0.050167 0.072199 0 0
0 0 0 0.19088 0 0 0 0 0 -0 -0 0.16832 -0.051365 0.073924 0 0
0 0 0 0.10012 0 0 0 0 0 -0 -0 0.08829 -0.026942 0.038775 0 0
0 0 0 0.023589 0 0 0 0 0 -0 -0 0.020801 -0.0063475 0.0091352 0 0
0 0 0 0.13889 0 0 0 0 0 -0 -0 0.12247 -0.037374 0.053787 0 0
0 0 0 0.16051 0 0 0 0 0 -0 -0 0.14154 -0.043193 0.062162 0 0
-0 -0 -0 0.1511 0 0 0 0 0 -0 -0 0.13324 -0.040661 0.058518 0 0
-0 -0 -0 0.15581 0 0 0 0 0 -0 -0 0.1374 -0.041928 0.060342 0 0
0 0 0 0.158 0 0 0 0 0 -0 -0 0.13933 -0.042516 0.061188 0 0
0 0 0 0.091577 0 0 0 0 0 -0 -0 0.080754 -0.024643 0.035465 0 0
-0 -0 -0 0.058382 0 0 0 0 0 -0 -0 0.051483 -0.01571 0.02261 0 0
-0 -0 -0 0.059995 0 0 0 0 0 -0 -0 0.052905 -0.016144 0.023235 0 0
-0 -0 -0 0.044379 0 0 0 0 0 -0 -0 0.039134 -0.011942 0.017187 0 0
-0 -0 -0 0.033998 0 0 0 0 0 -0 -0 0.02998 -0.0091486 0.013166 0 0
0 0 0 0.067407 0 0 0 0 0 -0 -0 0.059441 -0.018139 0.026105 0 0
-0 -0 -0 0.055421 0 0 0 0 0 -0 -0 0.048872 -0.014914 0.021463 0 0
-0 -0 -0 0.018538 0 0 0 0 0 -0 -0 0.016347 -0.0049883 0.0071791 0 0
0 0 0 0.10174 0 0 0 0 0 -0 -0 0.089718 -0.027378 0.039402 0 0
0 0 0 0.049178 0 0 0 0 0 -0 -0 0.043366 -0.013233 0.019045 0 0
0 0 0 0.10272 0 0 0 0 0 -0 -0 0.090577 -0.02764 0.039779 0 0
0 0 0 0.017179 0 0 0 0 0 -0 -0 0.015148 -0.0046227 0.0066529 0 0
0 0 0 0.1013 0 0 0 0 0 -0 -0 0.089326 -0.027258 0.03923 0 0
-0 -0 -0 0.13266 0 0 0 0 0 -0 -0 0.11698 -0.035699 0.051376 0 0
0 0 0 0.0046615 0 0 0 0 0 -0 -0 0.0041106 -0.0012544 0.0018053 0 0
0 0 0 0.013115 0 0 0 0 0 -0 -0 0.011565 -0.0035293 0.0050793 0 0
0 0 0 0.10785 0 0 0 0 0 -0 -0 0.095105 -0.029022 0.041768 0 0
