-0 -0 -0.1032 0 0 0 0 0 0 0 0 0 0 0.034578 -0.034578 -0.090878 0.0090973 -0.0047445 0.0052666 0 0
0 0 0.072571 0 0 0 0 0 0 0 0 0 0 -0.024316 0.024316 0.063907 -0.006741 0.0027208 -0.0036001 0 0
0 0 0.19654 0 0 0 0 0 0 0 0 0 0 -0.065853 0.065853 0.17307 -0.018799 0.0061475 -0.0094919 0 0
0 0 0.084447 0 0 0 0 0 0 0 0 0 0 -0.028295 0.028295 0.074364 -0.0078682 0.0031163 -0.0041795 0 0
-0 -0 -0.33838 0 0 0 0 0 0 0 0 0 0 0.11338 -0.11338 -0.29798 0.027219 -0.019127 0.017634 0 0
-0 -0 -0.18869 0 0 0 0 0 0 0 0 0 0 0.063223 -0.063223 -0.16616 0.016137 -0.009421 0.0097246 0 0
0 0 0.13533 0 0 0 0 0 0 0 0 0 0 -0.045345 0.045345 0.11918 -0.012769 0.0046509 -0.0066279 0 0
-0 -0 -0.26602 0 0 0 0 0 0 0 0 0 0 0.089134 -0.089134 -0.23426 0.022072 -0.014203 0.013802 0 0
-0 -0 -0.22348 0 0 0 0 0 0 0 0 0 0 0.074879 -0.074879 -0.1968 0.01886 -0.011509 0.011555 0 0
-0 -0 -0.32255 0 0 0 0 0 0 0 0 0 0 0.10807 -0.10807 -0.28404 0.026128 -0.018014 0.016795 0 0
0 0 0.17754 0 0 0 0 0 0 0 0 0 0 -0.059488 0.059488 0.15635 -0.016913 0.0057241 -0.0086131 0 0
0 0 0.045044 0 0 0 0 0 0 0 0 0 0 -0.015092 0.015092 0.039666 -0.0041534 0.0017498 -0.0022461 0 0
-0 -0 -0.12813 0 0 0 0 0 0 0 0 0 0 0.042932 -0.042932 -0.11283 0.0112 -0.0060401 0.0065595 0 0
0 0 0.092569 0 0 0 0 0 0 0 0 0 0 -0.031016 0.031016 0.081517 -0.0086428 0.0033788 -0.0045741 0 0
0 0 0.27767 0 0 0 0 0 0 0 0 0 0 -0.093035 0.093035 0.24451 -0.026986 0.0075352 -0.013135 0 0
-0 -0 -0.054199 0 0 0 0 0 0 0 0 0 0 0.01816 -0.01816 -0.047728 0.0048544 -0.002366 0.0027473 0 0
0 0 0.30096 0 0 0 0 0 0 0 0 0 0 -0.10084 0.10084 0.26503 -0.029371 0.0078068 -0.014146 0 0
-0 -0 -0.022784 0 0 0 0 0 0 0 0 0 0 0.007634 -0.007634 -0.020064 0.0020605 -0.00096028 0.0011494 0 0
0 0 0.22564 0 0 0 0 0 0 0 0 0 0 -0.075604 0.075604 0.1987 -0.021713 0.006724 -0.01082 0 0
-0 -0 -0.12218 0 0 0 0 0 0 0 0 0 0 0.040938 -0.040938 -0.10759 0.010701 -0.0057257 0.0062503 0 0
0 0 0.19706 0 0 0 0 0 0 0 0 0 0 -0.066027 0.066027 0.17353 -0.018851 0.0061586 -0.0095159 0 0
0 0 0.18394 0 0 0 0 0 0 0 0 0 0 -0.061633 0.061633 0.16198 -0.017547 0.0058709 -0.0089102 0 0
0 0 0.26241 0 0 0 0 0 0 0 0 0 0 -0.087923 0.087923 0.23108 -0.025432 0.0073265 -0.012464 0 0
0 0 0.22947 0 0 0 0 0 0 0 0 0 0 -0.076885 0.076885 0.20207 -0.022098 0.0067932 -0.010993 0 0
-0 -0 -0.29752 0 0 0 0 0 0 0 0 0 0 0.099688 -0.099688 -0.262 0.024362 -0.016295 0.01547 0 0
0 0 0.24486 0 0 0 0 0 0 0 0 0 0 -0.082044 0.082044 0.21563 -0.023652 0.0070565 -0.011684 0 0
0 0 0.28591 0 0 0 0 0 0 0 0 0 0 -0.095796 0.095796 0.25177 -0.027828 0.0076378 -0.013494 0 0
-0 -0 -0.19546 0 0 0 0 0 0 0 0 0 0 0.06549 -0.06549 -0.17212 0.016674 -0.009819 0.01008 0 0
-0 -0 -0.1534 0 0 0 0 0 0 0 0 0 0 0.051398 -0.051398 -0.13508 0.013289 -0.0074108 0.0078762 0 0
-0 -0 -0.28707 0 0 0 0 0 0 0 0 0 0 0.096185 -0.096185 -0.25279 0.023611 -0.015592 0.014916 0 0
0 0 0.036619 0 0 0 0 0 0 0 0 0 0 -0.012269 0.012269 0.032247 -0.0033687 0.0014377 -0.0018288 0 0
0 0 0.19362 0 0 0 0 0 0 0 0 0 0 -0.064875 0.064875 0.1705 -0.018508 0.0060849 -0.0093575 0 0
-0 -0 -0.030087 0 0 0 0 0 0 0 0 0 0 0.010081 -0.010081 -0.026495 0.0027149 -0.0012787 0.0015195 0 0
-0 -0 -0.05399 0 0 0 0 0 0 0 0 0 0 0.01809 -0.01809 -0.047544 0.004836 -0.0023563 0.0027366 0 0
-0 -0 -0.22178 0 0 0 0 0 0 0 0 0 0 0.074311 -0.074311 -0.19531 0.01873 -0.011405 0.011466 0 0
-0 -0 -0.21047 0 0 0 0 0 0 0 0 0 0 0.070519 -0.070519 -0.18534 0.017852 -0.010716 0.01087 0 0
0 0 0.08121 0 0 0 0 0 0 0 0 0 0 -0.02721 0.02721 0.071514 -0.0075603 0.0030099 -0.0040218 0 0
0 0 0.076472 0 0 0 0 0 0 0 0 0 0 -0.025623 0.025623 0.067341 -0.0071105 0.0028522 -0.0037907 0 0
-0 -0 -0.098547 0 0 0 0 0 0 0 0 0 0 0.033019 -0.033019 -0.086781 0.0087007 -0.0045091 0.0050262 0 0
-0 -0 -0.12408 0 0 0 0 0 0 0 0 0 0 0.041573 -0.041573 -0.10926 0.01086 -0.0058255 0.0063488 0 0
0 0 0.25674 0 0 0 0 0 0 0 0 0 0 -0.086024 0.086024 0.22609 -0.024856 0.0072428 -0.012213 0 0
0 0 0.025171 0 0 0 0 0 0 0 0 0 0 -0.0084338 0.0084338 0.022166 -0.0023082 0.0010023 -0.0012596 0 0
0 0 0.18093 0 0 0 0 0 0 0 0 0 0 -0.060621 0.060621 0.15932 -0.017248 0.0058022 -0.0087701 0 0
0 0 0.055293 0 0 0 0 0 0 0 0 0 0 -0.018527 0.018527 0.048692 -0.0051126 0.0021201 -0.002752 0 0
-0 -0 -0.14243 0 0 0 0 0 0 0 0 0 0 0.047723 -0.047723 -0.12543 0.012387 -0.0068088 0.0073039 0 0
0 0 0.0024123 0 0 0 0 0 0 0 0 0 0 -0.00080828 0.00080828 0.0021243 -0.00021979 9.8733e-05 -0.00012119 0 0
-0 -0 -0.062707 0 0 0 0 0 0 0 0 0 0 0.02101 -0.02101 -0.05522 0.0056013 -0.0027628 0.0031824 0 0
-0 -0 -0.026899 0 0 0 0 0 0 0 0 0 0 0.0090127 -0.0090127 -0.023687 0.0024296 -0.001139 0.0013578 0 0
0 0 0.12267 0 0 0 0 0 0 0 0 0 0 -0.041101 0.041101 0.10802 -0.011539 0.0042934 -0.0060239 0 0
-0 -0 -0.1653 0 0 0 0 0 0 0 0 0 0 0.055386 -0.055386 -0.14557 0.014259 -0.0080765 0.0084985 0 0
-0 -0 -0.12611 0 0 0 0 0 0 0 0 0 0 0.042255 -0.042255 -0.11106 0.011031 -0.0059331 0.0064545 0 0
-0 -0 -0.10704 0 0 0 0 0 0 0 0 0 0 0.035866 -0.035866 -0.094263 0.009424 -0.0049406 0.0054655 0 0
0 0 0.34894 0 0 0 0 0 0 0 0 0 0 -0.11692 0.11692 0.30728 -0.034322 0.008187 -0.016174 0 0
0 0 0.072246 0 0 0 0 0 0 0 0 0 0 -0.024207 0.024207 0.06362 -0.0067102 0.0027097 -0.0035841 0 0
-0 -0 -0.1907 0 0 0 0 0 0 0 0 0 0 0.063896 -0.063896 -0.16793 0.016297 -0.0095387 0.0098301 0 0
0 0 0.26444 0 0 0 0 0 0 0 0 0 0 -0.088602 0.088602 0.23286 -0.025638 0.0073556 -0.012554 0 0
-0 -0 -0.27063 0 0 0 0 0 0 0 0 0 0 0.090679 -0.090679 -0.23832 0.022412 -0.014504 0.014046 0 0
0 0 0.22276 0 0 0 0 0 0 0 0 0 0 -0.074637 0.074637 0.19616 -0.021423 0.0066707 -0.010689 0 0
0 0 0.05758 0 0 0 0 0 0 0 0 0 0 -0.019293 0.019293 0.050705 -0.0053273 0.0022013 -0.0028645 0 0
-0 -0 -0.32075 0 0 0 0 0 0 0 0 0 0 0.10747 -0.10747 -0.28245 0.026002 -0.017888 0.0167 0 0
0 0 0.096456 0 0 0 0 0 0 0 0 0 0 -0.032318 0.032318 0.084939 -0.0090145 0.003502 -0.0047624 0 0
0 0 0.25501 0 0 0 0 0 0 0 0 0 0 -0.085444 0.085444 0.22456 -0.02468 0.0072166 -0.012136 0 0
-0 -0 -0.22806 0 0 0 0 0 0 0 0 0 0 0.076415 -0.076415 -0.20084 0.019213 -0.011792 0.011797 0 0
-0 -0 -0.23717 0 0 0 0 0 0 0 0 0 0 0.079467 -0.079467 -0.20885 0.019908 -0.01236 0.012278 0 0
0 0 0.2938 0 0 0 0 0 0 0 0 0 0 -0.09844 0.09844 0.25872 -0.028636 0.0077293 -0.013837 0 0
-0 -0 -0.00084313 0 0 0 0 0 0 0 0 0 0 0.0002825 -0.0002825 -0.00074246 7.6744e-05 -3.4641e-05 4.2381e-05 0 0
-0 -0 -0.14284 0 0 0 0 0 0 0 0 0 0 0.04786 -0.04786 -0.12578 0.012421 -0.006831 0.0073252 0 0
-0 -0 -0.31563 0 0 0 0 0 0 0 0 0 0 0.10576 -0.10576 -0.27795 0.025645 -0.017534 0.016429 0 0
-0 -0 -0.2288 0 0 0 0 0 0 0 0 0 0 0.076661 -0.076661 -0.20148 0.019269 -0.011838 0.011836 0 0
0 0 0.17089 0 0 0 0 0 0 0 0 0 0 -0.057258 0.057258 0.15048 -0.016255 0.005567 -0.0083029 0 0
-0 -0 -0.18229 0 0 0 0 0 0 0 0 0 0 0.061078 -0.061078 -0.16053 0.015627 -0.0090482 0.0093886 0 0
-0 -0 -0.28379 0 0 0 0 0 0 0 0 0 0 0.095086 -0.095086 -0.24991 0.023373 -0.015373 0.014742 0 0
0 0 0.31678 0 0 0 0 0 0 0 0 0 0 -0.10614 0.10614 0.27896 -0.030998 0.0079589 -0.014823 0 0
0 0 0.24008 0 0 0 0 0 0 0 0 0 0 -0.080442 0.080442 0.21142 -0.023169 0.0069774 -0.01147 0 0
-0 -0 -0.022785 0 0 0 0 0 0 0 0 0 0 0.0076344 -0.0076344 -0.020065 0.0020606 -0.00096034 0.0011494 0 0
0 0 0.10687 0 0 0 0 0 0 0 0 0 0 -0.035807 0.035807 0.094109 -0.010014 0.0038247 -0.0052653 0 0
0 0 0.1384 0 0 0 0 0 0 0 0 0 0 -0.046373 0.046373 0.12188 -0.013067 0.004735 -0.0067735 0 0
-0 -0 -0.057543 0 0 0 0 0 0 0 0 0 0 0.01928 -0.01928 -0.050673 0.0051485 -0.0025212 0.0029182 0 0
0 0 0.17925 0 0 0 0 0 0 0 0 0 0 -0.060061 0.060061 0.15785 -0.017082 0.0057638 -0.0086925 0 0
0 0 0.19234 0 0 0 0 0 0 0 0 0 0 -0.064447 0.064447 0.16938 -0.018381 0.0060572 -0.0092986 0 0
-0 -0 -0.2962 0 0 0 0 0 0 0 0 0 0 0.099243 -0.099243 -0.26083 0.024267 -0.016205 0.015399 0 0
-0 -0 -0.039607 0 0 0 0 0 0 0 0 0 0 0.013271 -0.013271 -0.034878 0.0035636 -0.0017014 0.0020032 0 0
0 0 0.184 0 0 0 0 0 0 0 0 0 0 -0.061651 0.061651 0.16203 -0.017552 0.0058722 -0.0089127 0 0
0 0 0.23565 0 0 0 0 0 0 0 0 0 0 -0.078956 0.078956 0.20751 -0.022721 0.0069018 -0.011271 0 0
0 0 0.15381 0 0 0 0 0 0 0 0 0 0 -0.051536 0.051536 0.13545 -0.014574 0.0051431 -0.0075022 0 0
-0 -0 -0.064559 0 0 0 0 0 0 0 0 0 0 0.021631 -0.021631 -0.056852 0.0057634 -0.0028501 0.0032773 0 0
-0 -0 -0.11306 0 0 0 0 0 0 0 0 0 0 0.037882 -0.037882 -0.099563 0.0099335 -0.0052502 0.0057772 0 0
-0 -0 -0.0025487 0 0 0 0 0 0 0 0 0 0 0.00085398 -0.00085398 -0.0022444 0.00023188 -0.00010493 0.00012815 0 0
-0 -0 -0.23595 0 0 0 0 0 0 0 0 0 0 0.079059 -0.079059 -0.20778 0.019816 -0.012283 0.012213 0 0
0 0 0.10094 0 0 0 0 0 0 0 0 0 0 -0.03382 0.03382 0.088886 -0.009444 0.0036422 -0.0049791 0 0
0 0 0.043301 0 0 0 0 0 0 0 0 0 0 -0.014509 0.014509 0.038132 -0.0039908 0.0016858 -0.0021599 0 0
0 0 0.31991 0 0 0 0 0 0 0 0 0 0 -0.10719 0.10719 0.28172 -0.03132 0.0079859 -0.014956 0 0
0 0 0.017524 0 0 0 0 0 0 0 0 0 0 -0.0058715 0.0058715 0.015431 -0.0016035 0.00070434 -0.0008781 0 0
-0 -0 -0.2717 0 0 0 0 0 0 0 0 0 0 0.091037 -0.091037 -0.23926 0.02249 -0.014574 0.014103 0 0
-0 -0 -0.046476 0 0 0 0 0 0 0 0 0 0 0.015572 -0.015572 -0.040927 0.0041727 -0.0020117 0.0023531 0 0
-0 -0 -0.12764 0 0 0 0 0 0 0 0 0 0 0.042768 -0.042768 -0.1124 0.011159 -0.0060143 0.0065341 0 0
-0 -0 -0.02241 0 0 0 0 0 0 0 0 0 0 0.0075088 -0.0075088 -0.019735 0.0020269 -0.00094413 0.0011304 0 0
-0 -0 -0.30976 0 0 0 0 0 0 0 0 0 0 0.10379 -0.10379 -0.27278 0.025232 -0.017129 0.016118 0 0
-0 -0 -0.16305 0 0 0 0 0 0 0 0 0 0 0.054632 -0.054632 -0.14358 0.014077 -0.0079497 0.0083808 0 0
0 0 0.32304 0 0 0 0 0 0 0 0 0 0 -0.10824 0.10824 0.28447 -0.031643 0.0080118 -0.015088 0 0
