-0 -0 -0.20685 0 0 0 0 0 0 0 0 0 0 0.069309 -0.069309 -0.18216 0.023932 -0.030327 0.020645 0 0
-0 -0 -0.2253 0 0 0 0 0 0 0 0 0 0 0.075489 -0.075489 -0.1984 0.025718 -0.0333 0.022455 0 0
0 0 0.14276 0 0 0 0 0 0 0 0 0 0 -0.047833 0.047833 0.12572 -0.020319 0.017267 -0.014301 0 0
-0 -0 -0.24696 0 0 0 0 0 0 0 0 0 0 0.082747 -0.082747 -0.21748 0.02774 -0.036842 0.024573 0 0
-0 -0 -0.24582 0 0 0 0 0 0 0 0 0 0 0.082366 -0.082366 -0.21647 0.027636 -0.036654 0.024462 0 0
0 0 0.17124 0 0 0 0 0 0 0 0 0 0 -0.057377 0.057377 0.1508 -0.024703 0.020315 -0.017129 0 0
-0 -0 -0.11462 0 0 0 0 0 0 0 0 0 0 0.038403 -0.038403 -0.10093 0.014122 -0.016091 0.011496 0 0
0 0 0.021341 0 0 0 0 0 0 0 0 0 0 -0.0071504 0.0071504 0.018793 -0.0028528 0.0027845 -0.002145 0 0
-0 -0 -0.07859 0 0 0 0 0 0 0 0 0 0 0.026332 -0.026332 -0.069207 0.0099073 -0.010833 0.0078915 0 0
-0 -0 -0.030968 0 0 0 0 0 0 0 0 0 0 0.010376 -0.010376 -0.027271 0.004018 -0.0041619 0.0031124 0 0
-0 -0 -0.21756 0 0 0 0 0 0 0 0 0 0 0.072896 -0.072896 -0.19159 0.024976 -0.032048 0.021697 0 0
-0 -0 -0.2222 0 0 0 0 0 0 0 0 0 0 0.074449 -0.074449 -0.19567 0.025422 -0.032797 0.022151 0 0
-0 -0 -0.018308 0 0 0 0 0 0 0 0 0 0 0.0061344 -0.0061344 -0.016123 0.0023931 -0.0024434 0.0018402 0 0
-0 -0 -0.26262 0 0 0 0 0 0 0 0 0 0 0.087995 -0.087995 -0.23127 0.02915 -0.039436 0.026096 0 0
0 0 0.30993 0 0 0 0 0 0 0 0 0 0 -0.10384 0.10384 0.27292 -0.047433 0.03314 -0.030657 0 0
0 0 0.18877 0 0 0 0 0 0 0 0 0 0 -0.06325 0.06325 0.16623 -0.027452 0.022123 -0.018862 0 0
-0 -0 -0.34561 0 0 0 0 0 0 0 0 0 0 0.1158 -0.1158 -0.30434 0.035879 -0.053618 0.034052 0 0
0 0 0.29805 0 0 0 0 0 0 0 0 0 0 -0.099863 0.099863 0.26246 -0.045402 0.032176 -0.029517 0 0
-0 -0 -0.123 0 0 0 0 0 0 0 0 0 0 0.041214 -0.041214 -0.10832 0.015073 -0.01734 0.012333 0 0
-0 -0 -0.18823 0 0 0 0 0 0 0 0 0 0 0.063068 -0.063068 -0.16576 0.022067 -0.027366 0.018809 0 0
-0 -0 -0.0032632 0 0 0 0 0 0 0 0 0 0 0.0010934 -0.0010934 -0.0028736 0.00043024 -0.00043183 0.00032801 0 0
-0 -0 -0.11831 0 0 0 0 0 0 0 0 0 0 0.039639 -0.039639 -0.10418 0.014542 -0.016639 0.011864 0 0
-0 -0 -0.14886 0 0 0 0 0 0 0 0 0 0 0.049878 -0.049878 -0.13109 0.017932 -0.02125 0.014908 0 0
-0 -0 -0.13322 0 0 0 0 0 0 0 0 0 0 0.044638 -0.044638 -0.11732 0.016217 -0.018875 0.013352 0 0
-0 -0 -0.23415 0 0 0 0 0 0 0 0 0 0 0.078454 -0.078454 -0.20619 0.026554 -0.03474 0.023322 0 0
0 0 0.33734 0 0 0 0 0 0 0 0 0 0 -0.11303 0.11303 0.29706 -0.052173 0.035265 -0.033269 0 0
-0 -0 -0.18851 0 0 0 0 0 0 0 0 0 0 0.063161 -0.063161 -0.166 0.022095 -0.02741 0.018836 0 0
0 0 0.14272 0 0 0 0 0 0 0 0 0 0 -0.047821 0.047821 0.12568 -0.020314 0.017263 -0.014298 0 0
-0 -0 -0.1299 0 0 0 0 0 0 0 0 0 0 0.043524 -0.043524 -0.11439 0.015846 -0.018374 0.01302 0 0
-0 -0 -0.31553 0 0 0 0 0 0 0 0 0 0 0.10572 -0.10572 -0.27786 0.033585 -0.048396 0.031193 0 0
0 0 0.28929 0 0 0 0 0 0 0 0 0 0 -0.09693 0.09693 0.25475 -0.043915 0.031449 -0.028675 0 0
0 0 0.27542 0 0 0 0 0 0 0 0 0 0 -0.092284 0.092284 0.24254 -0.041576 0.030269 -0.027336 0 0
0 0 0.25369 0 0 0 0 0 0 0 0 0 0 -0.085001 0.085001 0.2234 -0.037953 0.028351 -0.025228 0 0
-0 -0 -0.29647 0 0 0 0 0 0 0 0 0 0 0.099335 -0.099335 -0.26107 0.032046 -0.045134 0.029366 0 0
-0 -0 -0.21112 0 0 0 0 0 0 0 0 0 0 0.070739 -0.070739 -0.18592 0.02435 -0.031011 0.021064 0 0
0 0 0.10994 0 0 0 0 0 0 0 0 0 0 -0.036837 0.036837 0.096816 -0.015399 0.013588 -0.011029 0 0
-0 -0 -0.17419 0 0 0 0 0 0 0 0 0 0 0.058365 -0.058365 -0.15339 0.020623 -0.025163 0.017421 0 0
0 0 0.18138 0 0 0 0 0 0 0 0 0 0 -0.060773 0.060773 0.15972 -0.026288 0.021367 -0.018132 0 0
0 0 0.21635 0 0 0 0 0 0 0 0 0 0 -0.07249 0.07249 0.19052 -0.031852 0.024859 -0.021578 0 0
-0 -0 -0.1565 0 0 0 0 0 0 0 0 0 0 0.052435 -0.052435 -0.13781 0.018754 -0.02242 0.015666 0 0
-0 -0 -0.040476 0 0 0 0 0 0 0 0 0 0 0.013562 -0.013562 -0.035643 0.0052222 -0.0054679 0.0040674 0 0
-0 -0 -0.069415 0 0 0 0 0 0 0 0 0 0 0.023258 -0.023258 -0.061128 0.0088005 -0.009523 0.0069719 0 0
0 0 0.048179 0 0 0 0 0 0 0 0 0 0 -0.016143 0.016143 0.042426 -0.0065356 0.0061874 -0.0048409 0 0
-0 -0 -0.03243 0 0 0 0 0 0 0 0 0 0 0.010866 -0.010866 -0.028558 0.004204 -0.0043618 0.0032592 0 0
0 0 0.27313 0 0 0 0 0 0 0 0 0 0 -0.091516 0.091516 0.24052 -0.041192 0.030071 -0.027115 0 0
0 0 0.25251 0 0 0 0 0 0 0 0 0 0 -0.084607 0.084607 0.22237 -0.037758 0.028245 -0.025113 0 0
-0 -0 -0.12878 0 0 0 0 0 0 0 0 0 0 0.043148 -0.043148 -0.1134 0.015721 -0.018205 0.012909 0 0
-0 -0 -0.32622 0 0 0 0 0 0 0 0 0 0 0.1093 -0.1093 -0.28727 0.03442 -0.050242 0.032213 0 0
-0 -0 -0.23433 0 0 0 0 0 0 0 0 0 0 0.078514 -0.078514 -0.20635 0.026571 -0.034769 0.023339 0 0
-0 -0 -0.30332 0 0 0 0 0 0 0 0 0 0 0.10163 -0.10163 -0.2671 0.032607 -0.046301 0.030023 0 0
-0 -0 -0.15824 0 0 0 0 0 0 0 0 0 0 0.05302 -0.05302 -0.13935 0.018941 -0.022689 0.01584 0 0
0 0 0.25307 0 0 0 0 0 0 0 0 0 0 -0.084794 0.084794 0.22286 -0.03785 0.028295 -0.025167 0 0
0 0 0.23446 0 0 0 0 0 0 0 0 0 0 -0.07856 0.07856 0.20647 -0.034792 0.026584 -0.023353 0 0
0 0 0.34189 0 0 0 0 0 0 0 0 0 0 -0.11455 0.11455 0.30107 -0.052967 0.035604 -0.0337 0 0
0 0 0.3073 0 0 0 0 0 0 0 0 0 0 -0.10296 0.10296 0.27061 -0.046983 0.032929 -0.030406 0 0
-0 -0 -0.082046 0 0 0 0 0 0 0 0 0 0 0.02749 -0.02749 -0.07225 0.010321 -0.01133 0.0082378 0 0
-0 -0 -0.22169 0 0 0 0 0 0 0 0 0 0 0.074278 -0.074278 -0.19522 0.025373 -0.032714 0.022101 0 0
-0 -0 -0.15814 0 0 0 0 0 0 0 0 0 0 0.052987 -0.052987 -0.13926 0.018931 -0.022674 0.01583 0 0
-0 -0 -0.29635 0 0 0 0 0 0 0 0 0 0 0.099294 -0.099294 -0.26096 0.032036 -0.045113 0.029354 0 0
0 0 0.15413 0 0 0 0 0 0 0 0 0 0 -0.051642 0.051642 0.13573 -0.022057 0.0185 -0.015431 0 0
0 0 0.061307 0 0 0 0 0 0 0 0 0 0 -0.020542 0.020542 0.053988 -0.0083749 0.0078113 -0.0061586 0 0
0 0 0.25599 0 0 0 0 0 0 0 0 0 0 -0.085772 0.085772 0.22543 -0.038334 0.028558 -0.025451 0 0
0 0 0.30452 0 0 0 0 0 0 0 0 0 0 -0.10203 0.10203 0.26816 -0.046507 0.032704 -0.030139 0 0
0 0 0.14482 0 0 0 0 0 0 0 0 0 0 -0.048522 0.048522 0.12753 -0.020632 0.017492 -0.014506 0 0
0 0 0.041914 0 0 0 0 0 0 0 0 0 0 -0.014044 0.014044 0.03691 -0.0056666 0.0054031 -0.0042119 0 0
-0 -0 -0.30466 0 0 0 0 0 0 0 0 0 0 0.10208 -0.10208 -0.26828 0.032715 -0.04653 0.030152 0 0
-0 -0 -0.16398 0 0 0 0 0 0 0 0 0 0 0.054943 -0.054943 -0.1444 0.019551 -0.023575 0.016409 0 0
-0 -0 -0.023657 0 0 0 0 0 0 0 0 0 0 0.0079265 -0.0079265 -0.020833 0.0030826 -0.0031666 0.0023777 0 0
0 0 0.0061267 0 0 0 0 0 0 0 0 0 0 -0.0020528 0.0020528 0.0053953 -0.0008121 0.00080647 -0.00061584 0 0
-0 -0 -0.055208 0 0 0 0 0 0 0 0 0 0 0.018498 -0.018498 -0.048617 0.0070603 -0.0075174 0.0055466 0 0
0 0 0.34783 0 0 0 0 0 0 0 0 0 0 -0.11654 0.11654 0.3063 -0.054007 0.036042 -0.034262 0 0
0 0 0.071903 0 0 0 0 0 0 0 0 0 0 -0.024092 0.024092 0.063319 -0.0098772 0.009102 -0.0072214 0 0
0 0 0.07888 0 0 0 0 0 0 0 0 0 0 -0.026429 0.026429 0.069462 -0.010875 0.0099421 -0.0079206 0 0
0 0 0.028014 0 0 0 0 0 0 0 0 0 0 -0.0093864 0.0093864 0.024669 -0.0037588 0.0036411 -0.0028155 0 0
0 0 0.29991 0 0 0 0 0 0 0 0 0 0 -0.10049 0.10049 0.2641 -0.04572 0.032329 -0.029697 0 0
0 0 0.16068 0 0 0 0 0 0 0 0 0 0 -0.053837 0.053837 0.1415 -0.023065 0.019201 -0.016082 0 0
0 0 0.31975 0 0 0 0 0 0 0 0 0 0 -0.10713 0.10713 0.28157 -0.049123 0.033917 -0.031596 0 0
-0 -0 -0.17378 0 0 0 0 0 0 0 0 0 0 0.058228 -0.058228 -0.15304 0.020581 -0.025099 0.017381 0 0
0 0 0.0014524 0 0 0 0 0 0 0 0 0 0 -0.00048663 0.00048663 0.001279 -0.000192 0.00019169 -0.00014599 0 0
-0 -0 -0.33128 0 0 0 0 0 0 0 0 0 0 0.111 -0.111 -0.29173 0.034807 -0.051119 0.032694 0 0
0 0 0.049336 0 0 0 0 0 0 0 0 0 0 -0.016531 0.016531 0.043446 -0.0066968 0.0063317 -0.0049572 0 0
-0 -0 -0.2677 0 0 0 0 0 0 0 0 0 0 0.089695 -0.089695 -0.23574 0.029597 -0.040282 0.026588 0 0
0 0 0.041146 0 0 0 0 0 0 0 0 0 0 -0.013786 0.013786 0.036233 -0.0055604 0.0053065 -0.0041347 0 0
0 0 0.16036 0 0 0 0 0 0 0 0 0 0 -0.05373 0.05373 0.14121 -0.023016 0.019167 -0.01605 0 0
0 0 0.19803 0 0 0 0 0 0 0 0 0 0 -0.066352 0.066352 0.17439 -0.028919 0.023056 -0.019776 0 0
0 0 0.16188 0 0 0 0 0 0 0 0 0 0 -0.054241 0.054241 0.14256 -0.023251 0.019329 -0.016201 0 0
0 0 0.026883 0 0 0 0 0 0 0 0 0 0 -0.0090075 0.0090075 0.023673 -0.0036048 0.0034964 -0.0027019 0 0
0 0 0.11976 0 0 0 0 0 0 0 0 0 0 -0.040127 0.040127 0.10546 -0.016856 0.014707 -0.012009 0 0
-0 -0 -0.22201 0 0 0 0 0 0 0 0 0 0 0.074388 -0.074388 -0.19551 0.025404 -0.032768 0.022134 0 0
-0 -0 -0.13571 0 0 0 0 0 0 0 0 0 0 0.04547 -0.04547 -0.1195 0.016492 -0.01925 0.013599 0 0
0 0 0.071958 0 0 0 0 0 0 0 0 0 0 -0.02411 0.02411 0.063367 -0.009885 0.0091086 -0.0072268 0 0
-0 -0 -0.22644 0 0 0 0 0 0 0 0 0 0 0.075871 -0.075871 -0.19941 0.025827 -0.033485 0.022567 0 0
0 0 0.16495 0 0 0 0 0 0 0 0 0 0 -0.05527 0.05527 0.14526 -0.023726 0.019654 -0.016506 0 0
0 0 0.3202 0 0 0 0 0 0 0 0 0 0 -0.10729 0.10729 0.28197 -0.049201 0.033952 -0.031639 0 0
-0 -0 -0.23932 0 0 0 0 0 0 0 0 0 0 0.080187 -0.080187 -0.21075 0.027036 -0.035586 0.023827 0 0
0 0 0.18923 0 0 0 0 0 0 0 0 0 0 -0.063405 0.063405 0.16664 -0.027525 0.022169 -0.018908 0 0
0 0 0.14627 0 0 0 0 0 0 0 0 0 0 -0.049009 0.049009 0.12881 -0.020854 0.01765 -0.01465 0 0
-0 -0 -0.11983 0 0 0 0 0 0 0 0 0 0 0.040149 -0.040149 -0.10552 0.014714 -0.016866 0.012016 0 0
0 0 0.28479 0 0 0 0 0 0 0 0 0 0 -0.095422 0.095422 0.25079 -0.043154 0.03107 -0.028241 0 0
-0 -0 -0.012345 0 0 0 0 0 0 0 0 0 0 0.0041363 -0.0041363 -0.010871 0.0016192 -0.0016421 0.0012409 0 0
