0 0 0.21348 0 0 0 0 0 0 0 0 0 0 -0.049571 0.086934 0.18857 0.0003613 0.021668 -0.0098942 0 0
-0 -0 -0.028842 0 0 0 0 0 0 0 0 0 0 0.0066971 -0.011745 -0.025477 -0.00042758 -0.0029437 0.0012447 0 0
-0 -0 -0.12304 0 0 0 0 0 0 0 0 0 0 0.02857 -0.050104 -0.10868 -0.0024446 -0.012519 0.0051285 0 0
0 0 0.14456 0 0 0 0 0 0 0 0 0 0 -0.033567 0.058868 0.12769 0.00078587 0.014725 -0.0065818 0 0
0 0 0.29905 0 0 0 0 0 0 0 0 0 0 -0.069441 0.12178 0.26416 -0.00088094 0.030152 -0.014132 0 0
0 0 0.23948 0 0 0 0 0 0 0 0 0 0 -0.055607 0.097519 0.21154 6.7448e-05 0.024264 -0.011168 0 0
0 0 0.24364 0 0 0 0 0 0 0 0 0 0 -0.056572 0.099213 0.21521 1.3647e-05 0.024677 -0.011373 0 0
0 0 0.23634 0 0 0 0 0 0 0 0 0 0 -0.054879 0.096243 0.20877 0.00010676 0.023951 -0.011014 0 0
0 0 0.12717 0 0 0 0 0 0 0 0 0 0 -0.029528 0.051784 0.11233 0.00081146 0.012962 -0.0057621 0 0
0 0 0.074722 0 0 0 0 0 0 0 0 0 0 -0.017351 0.030428 0.066004 0.00068949 0.0076266 -0.0033347 0 0
0 0 0.084405 0 0 0 0 0 0 0 0 0 0 -0.019599 0.034371 0.074557 0.00073451 0.0086133 -0.0037777 0 0
0 0 0.28561 0 0 0 0 0 0 0 0 0 0 -0.066319 0.11631 0.25229 -0.00063362 0.028831 -0.013458 0 0
-0 -0 -0.0274 0 0 0 0 0 0 0 0 0 0 0.0063623 -0.011158 -0.024203 -0.00040408 -0.0027966 0.0011831 0 0
0 0 0.013157 0 0 0 0 0 0 0 0 0 0 -0.003055 0.0053577 0.011622 0.00016525 0.0013434 -0.00057589 0 0
0 0 0.016681 0 0 0 0 0 0 0 0 0 0 -0.0038733 0.0067927 0.014734 0.00020633 0.0017033 -0.00073098 0 0
0 0 0.34566 0 0 0 0 0 0 0 0 0 0 -0.080261 0.14076 0.30533 -0.0018878 0.034688 -0.016488 0 0
0 0 0.22729 0 0 0 0 0 0 0 0 0 0 -0.052778 0.092558 0.20077 0.00021428 0.023049 -0.010569 0 0
-0 -0 -0.14526 0 0 0 0 0 0 0 0 0 0 0.03373 -0.059153 -0.12831 -0.0030577 -0.014762 0.0060018 0 0
-0 -0 -0.064744 0 0 0 0 0 0 0 0 0 0 0.015033 -0.026365 -0.057189 -0.0010847 -0.0066024 0.0027586 0 0
0 0 0.31804 0 0 0 0 0 0 0 0 0 0 -0.07385 0.12951 0.28093 -0.0012632 0.032008 -0.015088 0 0
0 0 0.22234 0 0 0 0 0 0 0 0 0 0 -0.051627 0.09054 0.1964 0.00026941 0.022554 -0.010327 0 0
-0 -0 -0.33099 0 0 0 0 0 0 0 0 0 0 0.076856 -0.13479 -0.29237 -0.010171 -0.033094 0.012583 0 0
-0 -0 -0.29429 0 0 0 0 0 0 0 0 0 0 0.068335 -0.11984 -0.25995 -0.0084896 -0.029547 0.01139 0 0
0 0 0.014157 0 0 0 0 0 0 0 0 0 0 -0.0032872 0.0057648 0.012505 0.00017704 0.0014455 -0.00061985 0 0
0 0 0.27812 0 0 0 0 0 0 0 0 0 0 -0.06458 0.11326 0.24567 -0.00050427 0.028094 -0.013084 0 0
0 0 0.19332 0 0 0 0 0 0 0 0 0 0 -0.044888 0.078721 0.17076 0.0005389 0.019645 -0.0089147 0 0
0 0 0.13829 0 0 0 0 0 0 0 0 0 0 -0.032111 0.056314 0.12215 0.00079889 0.01409 -0.0062855 0 0
-0 -0 -0.26798 0 0 0 0 0 0 0 0 0 0 0.062224 -0.10912 -0.23671 -0.0073661 -0.026977 0.0105 0 0
0 0 0.085944 0 0 0 0 0 0 0 0 0 0 -0.019956 0.034998 0.075916 0.00074073 0.00877 -0.0038483 0 0
-0 -0 -0.29719 0 0 0 0 0 0 0 0 0 0 0.069007 -0.12102 -0.26251 -0.0086174 -0.029828 0.011486 0 0
-0 -0 -0.2977 0 0 0 0 0 0 0 0 0 0 0.069127 -0.12123 -0.26297 -0.0086404 -0.029878 0.011503 0 0
-0 -0 -0.07328 0 0 0 0 0 0 0 0 0 0 0.017016 -0.029841 -0.064729 -0.0012613 -0.0074709 0.0031126 0 0
-0 -0 -0.062258 0 0 0 0 0 0 0 0 0 0 0.014456 -0.025353 -0.054994 -0.0010348 -0.0063494 0.0026551 0 0
0 0 0.065339 0 0 0 0 0 0 0 0 0 0 -0.015172 0.026607 0.057716 0.00063615 0.0066699 -0.0029076 0 0
-0 -0 -0.27598 0 0 0 0 0 0 0 0 0 0 0.064082 -0.11238 -0.24377 -0.0077003 -0.02776 0.010774 0 0
0 0 0.19196 0 0 0 0 0 0 0 0 0 0 -0.044573 0.078169 0.16956 0.00054925 0.019509 -0.0088492 0 0
0 0 0.27635 0 0 0 0 0 0 0 0 0 0 -0.064168 0.11253 0.2441 -0.00047447 0.027918 -0.012995 0 0
0 0 0.32384 0 0 0 0 0 0 0 0 0 0 -0.075196 0.13187 0.28606 -0.0013877 0.032573 -0.015381 0 0
-0 -0 -0.19414 0 0 0 0 0 0 0 0 0 0 0.045078 -0.079056 -0.17148 -0.0045877 -0.019667 0.0078607 0 0
-0 -0 -0.26646 0 0 0 0 0 0 0 0 0 0 0.061872 -0.10851 -0.23537 -0.0073034 -0.026828 0.010448 0 0
0 0 0.31287 0 0 0 0 0 0 0 0 0 0 -0.072648 0.12741 0.27636 -0.0011552 0.031503 -0.014827 0 0
-0 -0 -0.28533 0 0 0 0 0 0 0 0 0 0 0.066253 -0.11619 -0.25203 -0.008099 -0.028673 0.01109 0 0
-0 -0 -0.2572 0 0 0 0 0 0 0 0 0 0 0.059722 -0.10474 -0.22719 -0.0069261 -0.025919 0.010128 0 0
0 0 0.22352 0 0 0 0 0 0 0 0 0 0 -0.051901 0.091021 0.19744 0.00025653 0.022672 -0.010384 0 0
-0 -0 -0.10801 0 0 0 0 0 0 0 0 0 0 0.025081 -0.043985 -0.09541 -0.0020596 -0.010997 0.0045285 0 0
0 0 0.251 0 0 0 0 0 0 0 0 0 0 -0.058283 0.10221 0.22172 -8.6194e-05 0.025409 -0.011737 0 0
-0 -0 -0.10275 0 0 0 0 0 0 0 0 0 0 0.023858 -0.04184 -0.090758 -0.0019303 -0.010464 0.0043164 0 0
0 0 0.13377 0 0 0 0 0 0 0 0 0 0 -0.031062 0.054474 0.11816 0.00080562 0.013632 -0.0060726 0 0
0 0 0.071342 0 0 0 0 0 0 0 0 0 0 -0.016566 0.029052 0.063018 0.00067138 0.007282 -0.0031806 0 0
0 0 0.14063 0 0 0 0 0 0 0 0 0 0 -0.032655 0.057269 0.12423 0.00079452 0.014327 -0.0063962 0 0
0 0 0.31114 0 0 0 0 0 0 0 0 0 0 -0.072246 0.1267 0.27484 -0.0011198 0.031334 -0.01474 0 0
0 0 0.22932 0 0 0 0 0 0 0 0 0 0 -0.053247 0.093382 0.20256 0.00019101 0.023251 -0.010669 0 0
0 0 0.01483 0 0 0 0 0 0 0 0 0 0 -0.0034436 0.0060392 0.0131 0.00018493 0.0015143 -0.00064949 0 0
0 0 0.1636 0 0 0 0 0 0 0 0 0 0 -0.037988 0.06662 0.14451 0.00072016 0.016651 -0.0074867 0 0
-0 -0 -0.29283 0 0 0 0 0 0 0 0 0 0 0.067996 -0.11925 -0.25867 -0.0084255 -0.029405 0.011341 0 0
-0 -0 -0.28615 0 0 0 0 0 0 0 0 0 0 0.066445 -0.11653 -0.25276 -0.0081347 -0.028754 0.011118 0 0
-0 -0 -0.01385 0 0 0 0 0 0 0 0 0 0 0.0032159 -0.0056398 -0.012234 -0.00019413 -0.0014139 0.00060076 0 0
-0 -0 -0.21796 0 0 0 0 0 0 0 0 0 0 0.050611 -0.088759 -0.19253 -0.0054234 -0.022041 0.0087352 0 0
-0 -0 -0.089998 0 0 0 0 0 0 0 0 0 0 0.020898 -0.036649 -0.079497 -0.0016295 -0.00917 0.0037991 0 0
0 0 0.05462 0 0 0 0 0 0 0 0 0 0 -0.012683 0.022242 0.048247 0.00056351 0.0055764 -0.0024226 0 0
0 0 0.30192 0 0 0 0 0 0 0 0 0 0 -0.070106 0.12295 0.26669 -0.00093615 0.030433 -0.014276 0 0
-0 -0 -0.26266 0 0 0 0 0 0 0 0 0 0 0.06099 -0.10696 -0.23201 -0.0071476 -0.026456 0.010317 0 0
0 0 0.3336 0 0 0 0 0 0 0 0 0 0 -0.077462 0.13585 0.29468 -0.0016051 0.033521 -0.015875 0 0
0 0 0.31198 0 0 0 0 0 0 0 0 0 0 -0.072441 0.12704 0.27558 -0.0011369 0.031416 -0.014782 0 0
0 0 0.044664 0 0 0 0 0 0 0 0 0 0 -0.010371 0.018188 0.039453 0.00048488 0.0045603 -0.0019749 0 0
0 0 0.2595 0 0 0 0 0 0 0 0 0 0 -0.060255 0.10567 0.22922 -0.00020863 0.026252 -0.012157 0 0
0 0 0.2916 0 0 0 0 0 0 0 0 0 0 -0.067709 0.11874 0.25757 -0.00074136 0.02942 -0.013758 0 0
-0 -0 -0.27485 0 0 0 0 0 0 0 0 0 0 0.06382 -0.11192 -0.24278 -0.0076528 -0.02765 0.010735 0 0
-0 -0 -0.10577 0 0 0 0 0 0 0 0 0 0 0.02456 -0.043071 -0.093428 -0.0020042 -0.01077 0.0044382 0 0
0 0 0.20983 0 0 0 0 0 0 0 0 0 0 -0.048723 0.085447 0.18535 0.00039672 0.021302 -0.0097163 0 0
-0 -0 -0.33322 0 0 0 0 0 0 0 0 0 0 0.077373 -0.13569 -0.29434 -0.010278 -0.033307 0.012653 0 0
-0 -0 -0.30988 0 0 0 0 0 0 0 0 0 0 0.071953 -0.12619 -0.27372 -0.0091875 -0.031058 0.011903 0 0
-0 -0 -0.15622 0 0 0 0 0 0 0 0 0 0 0.036275 -0.063617 -0.138 -0.0033792 -0.015866 0.0064262 0 0
0 0 0.14339 0 0 0 0 0 0 0 0 0 0 -0.033295 0.058391 0.12666 0.00078863 0.014607 -0.0065264 0 0
0 0 0.048697 0 0 0 0 0 0 0 0 0 0 -0.011307 0.01983 0.043015 0.00051802 0.0049719 -0.0021559 0 0
-0 -0 -0.33656 0 0 0 0 0 0 0 0 0 0 0.078149 -0.13705 -0.29729 -0.010438 -0.033628 0.012759 0 0
-0 -0 -0.19486 0 0 0 0 0 0 0 0 0 0 0.045245 -0.079349 -0.17212 -0.0046121 -0.019739 0.0078874 0 0
-0 -0 -0.15209 0 0 0 0 0 0 0 0 0 0 0.035315 -0.061934 -0.13434 -0.0032564 -0.01545 0.0062666 0 0
-0 -0 -0.15821 0 0 0 0 0 0 0 0 0 0 0.036735 -0.064424 -0.13975 -0.0034387 -0.016066 0.0065025 0 0
-0 -0 -0.0057672 0 0 0 0 0 0 0 0 0 0 0.0013391 -0.0023485 -0.0050942 -7.8327e-05 -0.0005888 0.00025085 0 0
0 0 0.15408 0 0 0 0 0 0 0 0 0 0 -0.035777 0.062743 0.1361 0.00075795 0.015688 -0.0070332 0 0
0 0 0.20188 0 0 0 0 0 0 0 0 0 0 -0.046876 0.082209 0.17832 0.00046888 0.020505 -0.0093296 0 0
0 0 0.3068 0 0 0 0 0 0 0 0 0 0 -0.07124 0.12494 0.27101 -0.0010323 0.030911 -0.014521 0 0
0 0 0.081767 0 0 0 0 0 0 0 0 0 0 -0.018986 0.033297 0.072227 0.00072326 0.0083446 -0.0036568 0 0
0 0 0.26281 0 0 0 0 0 0 0 0 0 0 -0.061023 0.10702 0.23214 -0.00025841 0.02658 -0.012321 0 0
0 0 0.21078 0 0 0 0 0 0 0 0 0 0 -0.048943 0.085833 0.18618 0.00038769 0.021397 -0.0097623 0 0
-0 -0 -0.13423 0 0 0 0 0 0 0 0 0 0 0.031168 -0.054661 -0.11857 -0.0027468 -0.013649 0.0055704 0 0
0 0 0.19839 0 0 0 0 0 0 0 0 0 0 -0.046065 0.080786 0.17524 0.0004984 0.020154 -0.0091602 0 0
0 0 0.20515 0 0 0 0 0 0 0 0 0 0 -0.047635 0.08354 0.18121 0.00044005 0.020833 -0.0094884 0 0
0 0 0.055885 0 0 0 0 0 0 0 0 0 0 -0.012977 0.022757 0.049365 0.00057273 0.0057055 -0.0024797 0 0
0 0 0.041013 0 0 0 0 0 0 0 0 0 0 -0.0095232 0.016701 0.036227 0.00045334 0.0041876 -0.0018114 0 0
0 0 0.15255 0 0 0 0 0 0 0 0 0 0 -0.035421 0.06212 0.13475 0.0007631 0.015533 -0.0069605 0 0
-0 -0 -0.25021 0 0 0 0 0 0 0 0 0 0 0.058099 -0.10189 -0.22102 -0.006647 -0.025231 0.0098845 0 0
-0 -0 -0.030401 0 0 0 0 0 0 0 0 0 0 0.0070592 -0.01238 -0.026854 -0.00045325 -0.0031028 0.0013113 0 0
0 0 0.0018435 0 0 0 0 0 0 0 0 0 0 -0.00042806 0.00075071 0.0016284 2.4281e-05 0.00018823 -8.0391e-05 0 0
-0 -0 -0.15416 0 0 0 0 0 0 0 0 0 0 0.035797 -0.062778 -0.13618 -0.0033178 -0.015659 0.0063468 0 0
0 0 0.16564 0 0 0 0 0 0 0 0 0 0 -0.038461 0.06745 0.14631 0.00071079 0.016856 -0.0075841 0 0
-0 -0 -0.20697 0 0 0 0 0 0 0 0 0 0 0.048058 -0.084281 -0.18282 -0.0050305 -0.020947 0.0083343 0 0
-0 -0 -0.036921 0 0 0 0 0 0 0 0 0 0 0.0085731 -0.015035 -0.032613 -0.0005634 -0.0037677 0.0015888 0 0
0 0 0.18955 0 0 0 0 0 0 0 0 0 0 -0.044013 0.077187 0.16743 0.00056719 0.019266 -0.0087326 0 0
