-0 -0 -0 0.1388 0 0 0 0 0 -0 0 0.11248 -0.058465 0.056521 0 0
0 0 0 0.044293 0 0 0 0 0 -0 0 0.035895 -0.018657 0.018037 0 0
-0 -0 -0 0.17682 0 0 0 0 0 -0 0 0.14329 -0.074481 0.072005 0 0
0 0 0 0.12758 0 0 0 0 0 -0 0 0.10339 -0.05374 0.051954 0 0
0 0 0 0.14818 0 0 0 0 0 -0 0 0.12008 -0.062415 0.06034 0 0
-0 -0 -0 0.047374 0 0 0 0 0 -0 0 0.038392 -0.019955 0.019292 0 0
-0 -0 -0 0.086877 0 0 0 0 0 -0 0 0.070405 -0.036595 0.035378 0 0
0 0 0 0.14502 0 0 0 0 0 -0 0 0.11752 -0.061085 0.059054 0 0
-0 -0 -0 0.11996 0 0 0 0 0 -0 0 0.097214 -0.050529 0.048849 0 0
-0 -0 -0 0.04436 0 0 0 0 0 -0 0 0.03595 -0.018686 0.018064 0 0
0 0 0 0.10203 0 0 0 0 0 -0 0 0.082682 -0.042976 0.041547 0 0
0 0 0 0.1565 0 0 0 0 0 -0 0 0.12683 -0.065922 0.06373 0 0
-0 -0 -0 0.029565 0 0 0 0 0 -0 0 0.023959 -0.012453 0.012039 0 0
-0 -0 -0 0.13089 0 0 0 0 0 -0 0 0.10608 -0.055136 0.053303 0 0
-0 -0 -0 0.16328 0 0 0 0 0 -0 0 0.13232 -0.068777 0.06649 0 0
0 0 0 0.069803 0 0 0 0 0 -0 0 0.056569 -0.029403 0.028425 0 0
-0 -0 -0 0.16955 0 0 0 0 0 -0 0 0.1374 -0.071417 0.069043 0 0
-0 -0 -0 0.12688 0 0 0 0 0 -0 0 0.10282 -0.053445 0.051668 0 0
0 0 0 0.19509 0 0 0 0 0 -0 0 0.1581 -0.082177 0.079445 0 0
0 0 0 0.099061 0 0 0 0 0 -0 0 0.080279 -0.041727 0.040339 0 0
0 0 0 0.14189 0 0 0 0 0 -0 0 0.11499 -0.059767 0.057779 0 0
0 0 0 0.16322 0 0 0 0 0 -0 0 0.13227 -0.068752 0.066466 0 0
-0 -0 -0 0.13221 0 0 0 0 0 -0 0 0.10714 -0.055689 0.053837 0 0
0 0 0 0.052996 0 0 0 0 0 -0 0 0.042948 -0.022323 0.021581 0 0
-0 -0 -0 0.017488 0 0 0 0 0 -0 0 0.014172 -0.0073664 0.0071215 0 0
0 0 0 0.048743 0 0 0 0 0 -0 0 0.039501 -0.020532 0.019849 0 0
-0 -0 -0 0.19008 0 0 0 0 0 -0 0 0.15404 -0.080065 0.077402 0 0
-0 -0 -0 0.0051785 0 0 0 0 0 -0 0 0.0041967 -0.0021813 0.0021088 0 0
0 0 0 0.19525 0 0 0 0 0 -0 0 0.15823 -0.082243 0.079509 0 0
0 0 0 0.17948 0 0 0 0 0 -0 0 0.14545 -0.075603 0.073089 0 0
0 0 0 0.026104 0 0 0 0 0 -0 0 0.021155 -0.010996 0.01063 0 0
-0 -0 -0 0.029062 0 0 0 0 0 -0 0 0.023551 -0.012241 0.011834 0 0
-0 -0 -0 0.0040971 0 0 0 0 0 -0 0 0.0033203 -0.0017258 0.0016684 0 0
0 0 0 0.041435 0 0 0 0 0 -0 0 0.033579 -0.017453 0.016873 0 0
-0 -0 -0 0.0060287 0 0 0 0 0 -0 0 0.0048856 -0.0025394 0.002455 0 0
0 0 0 0.031285 0 0 0 0 0 -0 0 0.025353 -0.013178 0.01274 0 0
-0 -0 -0 0.069497 0 0 0 0 0 -0 0 0.056321 -0.029274 0.028301 0 0
-0 -0 -0 0.14031 0 0 0 0 0 -0 0 0.11371 -0.059102 0.057137 0 0
-0 -0 -0 0.058045 0 0 0 0 0 -0 0 0.047039 -0.02445 0.023637 0 0
0 0 0 0.070805 0 0 0 0 0 -0 0 0.05738 -0.029825 0.028833 0 0
-0 -0 -0 0.18001 0 0 0 0 0 -0 0 0.14588 -0.075825 0.073303 0 0
0 0 0 0.037664 0 0 0 0 0 -0 0 0.030523 -0.015865 0.015337 0 0
0 0 0 0.14042 0 0 0 0 0 -0 0 0.1138 -0.059149 0.057182 0 0
0 0 0 0.097589 0 0 0 0 0 -0 0 0.079086 -0.041107 0.03974 0 0
-0 -0 -0 0.072234 0 0 0 0 0 -0 0 0.058538 -0.030427 0.029415 0 0
0 0 0 0.18949 0 0 0 0 0 -0 0 0.15356 -0.079818 0.077164 0 0
-0 -0 -0 0.1843 0 0 0 0 0 -0 0 0.14935 -0.077631 0.075049 0 0
0 0 0 0.17797 0 0 0 0 0 -0 0 0.14423 -0.074965 0.072473 0 0
0 0 0 0.030512 0 0 0 0 0 -0 0 0.024727 -0.012852 0.012425 0 0
0 0 0 0.036312 0 0 0 0 0 -0 0 0.029427 -0.015295 0.014787 0 0
-0 -0 -0 0.043832 0 0 0 0 0 -0 0 0.035521 -0.018463 0.017849 0 0
0 0 0 0.11367 0 0 0 0 0 -0 0 0.092115 -0.047879 0.046287 0 0
0 0 0 0.029283 0 0 0 0 0 -0 0 0.023731 -0.012335 0.011925 0 0
0 0 0 0.019587 0 0 0 0 0 -0 0 0.015873 -0.0082504 0.0079761 0 0
0 0 0 0.11554 0 0 0 0 0 -0 0 0.093632 -0.048668 0.047049 0 0
-0 -0 -0 0.058295 0 0 0 0 0 -0 0 0.047242 -0.024555 0.023739 0 0
0 0 0 0.045662 0 0 0 0 0 -0 0 0.037004 -0.019234 0.018594 0 0
0 0 0 0.1043 0 0 0 0 0 -0 0 0.084524 -0.043933 0.042472 0 0
0 0 0 0.072698 0 0 0 0 0 -0 0 0.058914 -0.030622 0.029604 0 0
0 0 0 0.093929 0 0 0 0 0 -0 0 0.076119 -0.039565 0.038249 0 0
0 0 0 0.19162 0 0 0 0 0 -0 0 0.15529 -0.080714 0.07803 0 0
-0 -0 -0 0.1304 0 0 0 0 0 -0 0 0.10567 -0.054926 0.0531 0 0
-0 -0 -0 0.18436 0 0 0 0 0 -0 0 0.1494 -0.077655 0.075073 0 0
0 0 0 0.14296 0 0 0 0 0 -0 0 0.11585 -0.060218 0.058215 0 0
0 0 0 0.027989 0 0 0 0 0 -0 0 0.022682 -0.01179 0.011398 0 0
-0 -0 -0 0.16051 0 0 0 0 0 -0 0 0.13007 -0.06761 0.065362 0 0
0 0 0 0.052873 0 0 0 0 0 -0 0 0.042848 -0.022272 0.021531 0 0
-0 -0 -0 0.041141 0 0 0 0 0 -0 0 0.033341 -0.01733 0.016754 0 0
0 0 0 0.038838 0 0 0 0 0 -0 0 0.031474 -0.016359 0.015815 0 0
0 0 0 0.17772 0 0 0 0 0 -0 0 0.14403 -0.074861 0.072372 0 0
-0 -0 -0 0.073382 0 0 0 0 0 -0 0 0.059469 -0.03091 0.029883 0 0
-0 -0 -0 0.012624 0 0 0 0 0 -0 0 0.01023 -0.0053174 0.0051406 0 0
-0 -0 -0 0.19308 0 0 0 0 0 -0 0 0.15647 -0.081331 0.078627 0 0
0 0 0 0.054209 0 0 0 0 0 -0 0 0.043931 -0.022834 0.022075 0 0
0 0 0 0.081091 0 0 0 0 0 -0 0 0.065716 -0.034157 0.033022 0 0
-0 -0 -0 0.080138 0 0 0 0 0 -0 0 0.064944 -0.033756 0.032634 0 0
-0 -0 -0 0.16774 0 0 0 0 0 -0 0 0.13594 -0.070658 0.068308 0 0
0 0 0 0.17898 0 0 0 0 0 -0 0 0.14505 -0.075391 0.072884 0 0
-0 -0 -0 0.16604 0 0 0 0 0 -0 0 0.13456 -0.069942 0.067616 0 0
0 0 0 0.14721 0 0 0 0 0 -0 0 0.1193 -0.062007 0.059945 0 0
-0 -0 -0 0.11763 0 0 0 0 0 -0 0 0.095327 -0.049548 0.047901 0 0
0 0 0 0.12256 0 0 0 0 0 -0 0 0.099326 -0.051627 0.04991 0 0
0 0 0 0.13594 0 0 0 0 0 -0 0 0.11017 -0.057262 0.055358 0 0
-0 -0 -0 0.010294 0 0 0 0 0 -0 0 0.0083422 -0.004336 0.0041919 0 0
0 0 0 0.072589 0 0 0 0 0 -0 0 0.058826 -0.030576 0.029559 0 0
0 0 0 0.0019329 0 0 0 0 0 -0 0 0.0015664 -0.00081417 0.0007871 0 0
-0 -0 -0 0.046752 0 0 0 0 0 -0 0 0.037888 -0.019693 0.019038 0 0
0 0 0 0.13469 0 0 0 0 0 -0 0 0.10915 -0.056735 0.054849 0 0
0 0 0 7.935e-05 0 0 0 0 0 -0 0 6.4305e-05 -3.3424e-05 3.2313e-05 0 0
0 0 0 0.093936 0 0 0 0 0 -0 0 0.076125 -0.039568 0.038252 0 0
0 0 0 0.039739 0 0 0 0 0 -0 0 0.032204 -0.016739 0.016182 0 0
0 0 0 0.061827 0 0 0 0 0 -0 0 0.050105 -0.026043 0.025177 0 0
0 0 0 0.043671 0 0 0 0 0 -0 0 0.035391 -0.018395 0.017784 0 0
0 0 0 0.1386 0 0 0 0 0 -0 0 0.11232 -0.058382 0.056441 0 0
0 0 0 0.16976 0 0 0 0 0 -0 0 0.13757 -0.071507 0.069129 0 0
0 0 0 0.10861 0 0 0 0 0 -0 0 0.088014 -0.045748 0.044226 0 0
0 0 0 0.19173 0 0 0 0 0 -0 0 0.15538 -0.08076 0.078075 0 0
0 0 0 0.15513 0 0 0 0 0 -0 0 0.12572 -0.065345 0.063172 0 0
0 0 0 0.15595 0 0 0 0 0 -0 0 0.12638 -0.065691 0.063507 0 0
0 0 0 0.018847 0 0 0 0 0 -0 0 0.015273 -0.0079386 0.0076746 0 0
