0 0 0.12705 0 0 0 0 0 0 0 0 0 0 -0.029501 0.051737 0.11223 -0.0076208 0.0099881 -0.0066079 0 0
-0 -0 -0.33332 0 0 0 0 0 0 0 0 0 0 0.077398 -0.13574 -0.29443 0.012524 -0.03034 0.01728 0 0
-0 -0 -0.17351 0 0 0 0 0 0 0 0 0 0 0.04029 -0.070658 -0.15327 0.0079316 -0.015168 0.0090777 0 0
0 0 0.088518 0 0 0 0 0 0 0 0 0 0 -0.020554 0.036046 0.07819 -0.0051558 0.007071 -0.0046151 0 0
-0 -0 -0.29579 0 0 0 0 0 0 0 0 0 0 0.068682 -0.12045 -0.26128 0.011687 -0.026694 0.015379 0 0
-0 -0 -0.24964 0 0 0 0 0 0 0 0 0 0 0.057967 -0.10166 -0.22051 0.010453 -0.022277 0.013018 0 0
0 0 0.21199 0 0 0 0 0 0 0 0 0 0 -0.049224 0.086325 0.18725 -0.013503 0.016046 -0.010947 0 0
0 0 0.052733 0 0 0 0 0 0 0 0 0 0 -0.012245 0.021474 0.04658 -0.002985 0.0042726 -0.0027544 0 0
-0 -0 -0.27598 0 0 0 0 0 0 0 0 0 0 0.064083 -0.11238 -0.24378 0.011185 -0.024789 0.014368 0 0
0 0 0.04784 0 0 0 0 0 0 0 0 0 0 -0.011108 0.019481 0.042258 -0.0026972 0.0038835 -0.0024993 0 0
0 0 0.34433 0 0 0 0 0 0 0 0 0 0 -0.079953 0.14022 0.30415 -0.023813 0.024376 -0.017497 0 0
0 0 0.25973 0 0 0 0 0 0 0 0 0 0 -0.06031 0.10577 0.22943 -0.017069 0.019213 -0.013344 0 0
0 0 0.089024 0 0 0 0 0 0 0 0 0 0 -0.020671 0.036252 0.078637 -0.0051873 0.0071099 -0.0046413 0 0
-0 -0 -0.19327 0 0 0 0 0 0 0 0 0 0 0.044878 -0.078705 -0.17072 0.0086437 -0.01699 0.010105 0 0
0 0 0.24636 0 0 0 0 0 0 0 0 0 0 -0.057204 0.10032 0.21761 -0.016052 0.018343 -0.012676 0 0
-0 -0 -0.057047 0 0 0 0 0 0 0 0 0 0 0.013246 -0.023231 -0.050391 0.0029337 -0.0048095 0.0029884 0 0
-0 -0 -0.11889 0 0 0 0 0 0 0 0 0 0 0.027606 -0.048413 -0.10502 0.0057562 -0.010225 0.0062271 0 0
0 0 0.10322 0 0 0 0 0 0 0 0 0 0 -0.023968 0.042034 0.091178 -0.006081 0.0081961 -0.005377 0 0
-0 -0 -0.34764 0 0 0 0 0 0 0 0 0 0 0.080722 -0.14157 -0.30708 0.012804 -0.031743 0.018 0 0
-0 -0 -0.25498 0 0 0 0 0 0 0 0 0 0 0.059207 -0.10383 -0.22523 0.010608 -0.022784 0.013292 0 0
-0 -0 -0.18299 0 0 0 0 0 0 0 0 0 0 0.042489 -0.074515 -0.16163 0.0082779 -0.016039 0.0095703 0 0
-0 -0 -0.015563 0 0 0 0 0 0 0 0 0 0 0.0036136 -0.0063374 -0.013747 0.00083118 -0.0012933 0.00081473 0 0
0 0 0.22511 0 0 0 0 0 0 0 0 0 0 -0.05227 0.091668 0.19884 -0.014465 0.016933 -0.011609 0 0
-0 -0 -0.19745 0 0 0 0 0 0 0 0 0 0 0.045848 -0.080406 -0.17441 0.0087891 -0.017377 0.010322 0 0
0 0 0.047368 0 0 0 0 0 0 0 0 0 0 -0.010999 0.019289 0.041841 -0.0026695 0.0038458 -0.0024747 0 0
0 0 0.040184 0 0 0 0 0 0 0 0 0 0 -0.0093307 0.016364 0.035495 -0.0022513 0.0032716 -0.0021 0 0
0 0 0.12623 0 0 0 0 0 0 0 0 0 0 -0.02931 0.051403 0.1115 -0.0075669 0.009927 -0.0065655 0 0
0 0 0.34552 0 0 0 0 0 0 0 0 0 0 -0.08023 0.1407 0.30521 -0.023912 0.024445 -0.017555 0 0
0 0 0.046543 0 0 0 0 0 0 0 0 0 0 -0.010807 0.018953 0.041113 -0.0026213 0.0037801 -0.0024317 0 0
-0 -0 -0.23174 0 0 0 0 0 0 0 0 0 0 0.053811 -0.09437 -0.2047 0.0099145 -0.020584 0.012096 0 0
0 0 0.25454 0 0 0 0 0 0 0 0 0 0 -0.059105 0.10366 0.22484 -0.016673 0.018877 -0.013085 0 0
0 0 0.19503 0 0 0 0 0 0 0 0 0 0 -0.045287 0.079422 0.17228 -0.012281 0.014879 -0.010088 0 0
-0 -0 -0.1603 0 0 0 0 0 0 0 0 0 0 0.037222 -0.065278 -0.1416 0.0074332 -0.01396 0.0083897 0 0
0 0 0.27053 0 0 0 0 0 0 0 0 0 0 -0.062817 0.11017 0.23897 -0.0179 0.019904 -0.013881 0 0
-0 -0 -0.3024 0 0 0 0 0 0 0 0 0 0 0.070216 -0.12314 -0.26711 0.011845 -0.027333 0.015715 0 0
0 0 0.13214 0 0 0 0 0 0 0 0 0 0 -0.030684 0.053811 0.11673 -0.0079563 0.010366 -0.0068703 0 0
-0 -0 -0.10197 0 0 0 0 0 0 0 0 0 0 0.023678 -0.041526 -0.090076 0.0050219 -0.0087244 0.0053421 0 0
0 0 0.10569 0 0 0 0 0 0 0 0 0 0 -0.024542 0.04304 0.093361 -0.0062383 0.0083838 -0.0055049 0 0
-0 -0 -0.27696 0 0 0 0 0 0 0 0 0 0 0.064309 -0.11278 -0.24464 0.011211 -0.024882 0.014418 0 0
-0 -0 -0.16509 0 0 0 0 0 0 0 0 0 0 0.038333 -0.067227 -0.14583 0.0076158 -0.014397 0.008639 0 0
0 0 0.091157 0 0 0 0 0 0 0 0 0 0 -0.021167 0.037121 0.080521 -0.0053204 0.007274 -0.004752 0 0
-0 -0 -0.15557 0 0 0 0 0 0 0 0 0 0 0.036123 -0.06335 -0.13742 0.0072503 -0.013529 0.0081429 0 0
-0 -0 -0.22093 0 0 0 0 0 0 0 0 0 0 0.0513 -0.089967 -0.19515 0.0095728 -0.019568 0.011537 0 0
0 0 0.316 0 0 0 0 0 0 0 0 0 0 -0.073376 0.12868 0.27913 -0.021496 0.022713 -0.016122 0 0
-0 -0 -0.3106 0 0 0 0 0 0 0 0 0 0 0.07212 -0.12648 -0.27436 0.012035 -0.028128 0.016131 0 0
-0 -0 -0.22682 0 0 0 0 0 0 0 0 0 0 0.052666 -0.092363 -0.20035 0.0097603 -0.02012 0.011841 0 0
0 0 0.04241 0 0 0 0 0 0 0 0 0 0 -0.0098477 0.01727 0.037462 -0.0023804 0.0034499 -0.0022162 0 0
-0 -0 -0.16803 0 0 0 0 0 0 0 0 0 0 0.039016 -0.068425 -0.14842 0.0077269 -0.014666 0.0087922 0 0
0 0 0.03885 0 0 0 0 0 0 0 0 0 0 -0.009021 0.01582 0.034317 -0.0021742 0.0031646 -0.0020304 0 0
-0 -0 -0.14023 0 0 0 0 0 0 0 0 0 0 0.03256 -0.057103 -0.12386 0.0066419 -0.012139 0.0073423 0 0
0 0 0.11709 0 0 0 0 0 0 0 0 0 0 -0.027187 0.04768 0.10342 -0.0069708 0.0092435 -0.0060938 0 0
0 0 0.041117 0 0 0 0 0 0 0 0 0 0 -0.0095473 0.016743 0.036319 -0.0023053 0.0033463 -0.0021487 0 0
-0 -0 -0.12478 0 0 0 0 0 0 0 0 0 0 0.028973 -0.050811 -0.11022 0.0060052 -0.010751 0.0065351 0 0
0 0 0.20025 0 0 0 0 0 0 0 0 0 0 -0.046499 0.081547 0.17689 -0.012655 0.01524 -0.010353 0 0
-0 -0 -0.21574 0 0 0 0 0 0 0 0 0 0 0.050094 -0.087851 -0.19056 0.0094043 -0.019081 0.011269 0 0
-0 -0 -0.34169 0 0 0 0 0 0 0 0 0 0 0.079341 -0.13914 -0.30183 0.012691 -0.03116 0.017701 0 0
-0 -0 -0.13391 0 0 0 0 0 0 0 0 0 0 0.031093 -0.05453 -0.11828 0.0063844 -0.01157 0.0070123 0 0
-0 -0 -0.28044 0 0 0 0 0 0 0 0 0 0 0.065118 -0.1142 -0.24772 0.011302 -0.025217 0.014596 0 0
0 0 0.042912 0 0 0 0 0 0 0 0 0 0 -0.0099642 0.017475 0.037905 -0.0024096 0.0034901 -0.0022424 0 0
0 0 0.28758 0 0 0 0 0 0 0 0 0 0 -0.066776 0.11711 0.25403 -0.01923 0.020977 -0.014726 0 0
-0 -0 -0.016866 0 0 0 0 0 0 0 0 0 0 0.0039163 -0.0068681 -0.014898 0.00089974 -0.0014023 0.00088299 0 0
-0 -0 -0.27682 0 0 0 0 0 0 0 0 0 0 0.064278 -0.11273 -0.24452 0.011207 -0.024869 0.014411 0 0
0 0 0.29514 0 0 0 0 0 0 0 0 0 0 -0.068532 0.12019 0.2607 -0.019827 0.021445 -0.015098 0 0
-0 -0 -0.32075 0 0 0 0 0 0 0 0 0 0 0.074479 -0.13062 -0.28333 0.012261 -0.029115 0.016645 0 0
0 0 0.33219 0 0 0 0 0 0 0 0 0 0 -0.077133 0.13527 0.29343 -0.022813 0.023672 -0.01691 0 0
-0 -0 -0.031791 0 0 0 0 0 0 0 0 0 0 0.0073819 -0.012946 -0.028082 0.0016734 -0.0026572 0.0016649 0 0
-0 -0 -0.084819 0 0 0 0 0 0 0 0 0 0 0.019695 -0.03454 -0.074923 0.004248 -0.0072169 0.0044437 0 0
0 0 0.23382 0 0 0 0 0 0 0 0 0 0 -0.054293 0.095216 0.20654 -0.015111 0.017516 -0.012047 0 0
0 0 0.33121 0 0 0 0 0 0 0 0 0 0 -0.076907 0.13487 0.29256 -0.022733 0.023614 -0.016862 0 0
-0 -0 -0.19422 0 0 0 0 0 0 0 0 0 0 0.045098 -0.07909 -0.17156 0.0086768 -0.017078 0.010154 0 0
0 0 0.18223 0 0 0 0 0 0 0 0 0 0 -0.042315 0.074209 0.16097 -0.011374 0.013984 -0.0094366 0 0
0 0 0.063823 0 0 0 0 0 0 0 0 0 0 -0.01482 0.02599 0.056377 -0.0036454 0.0051488 -0.0033319 0 0
0 0 0.12349 0 0 0 0 0 0 0 0 0 0 -0.028675 0.050289 0.10909 -0.0073878 0.0097232 -0.0064245 0 0
-0 -0 -0.13391 0 0 0 0 0 0 0 0 0 0 0.031093 -0.054529 -0.11828 0.0063844 -0.01157 0.0070122 0 0
0 0 0.28844 0 0 0 0 0 0 0 0 0 0 -0.066975 0.11746 0.25478 -0.019298 0.02103 -0.014768 0 0
-0 -0 -0.092401 0 0 0 0 0 0 0 0 0 0 0.021455 -0.037627 -0.08162 0.0045936 -0.0078812 0.0048408 0 0
-0 -0 -0.30419 0 0 0 0 0 0 0 0 0 0 0.070633 -0.12387 -0.2687 0.011888 -0.027507 0.015806 0 0
0 0 0.06295 0 0 0 0 0 0 0 0 0 0 -0.014617 0.025634 0.055605 -0.003593 0.0050801 -0.0032865 0 0
0 0 0.24284 0 0 0 0 0 0 0 0 0 0 -0.056386 0.098887 0.2145 -0.015786 0.018112 -0.0125 0 0
0 0 0.22753 0 0 0 0 0 0 0 0 0 0 -0.052834 0.092656 0.20099 -0.014645 0.017096 -0.011731 0 0
0 0 0.21837 0 0 0 0 0 0 0 0 0 0 -0.050705 0.088923 0.19289 -0.013969 0.016479 -0.011269 0 0
-0 -0 -0.30875 0 0 0 0 0 0 0 0 0 0 0.071691 -0.12573 -0.27272 0.011993 -0.027948 0.016037 0 0
-0 -0 -0.010345 0 0 0 0 0 0 0 0 0 0 0.0024022 -0.0042128 -0.0091383 0.00055509 -0.00085816 0.00054154 0 0
-0 -0 -0.27559 0 0 0 0 0 0 0 0 0 0 0.063991 -0.11222 -0.24343 0.011175 -0.024751 0.014348 0 0
-0 -0 -0.30955 0 0 0 0 0 0 0 0 0 0 0.071878 -0.12606 -0.27343 0.012012 -0.028026 0.016078 0 0
-0 -0 -0.33474 0 0 0 0 0 0 0 0 0 0 0.077728 -0.13631 -0.29569 0.012553 -0.030479 0.017351 0 0
0 0 0.22049 0 0 0 0 0 0 0 0 0 0 -0.051199 0.089789 0.19477 -0.014125 0.016623 -0.011376 0 0
0 0 0.23919 0 0 0 0 0 0 0 0 0 0 -0.055541 0.097404 0.21128 -0.015513 0.017872 -0.012317 0 0
0 0 0.14524 0 0 0 0 0 0 0 0 0 0 -0.033724 0.059144 0.12829 -0.0088292 0.011329 -0.0075438 0 0
0 0 0.049967 0 0 0 0 0 0 0 0 0 0 -0.011602 0.020347 0.044137 -0.002822 0.0040528 -0.0026102 0 0
0 0 0.072531 0 0 0 0 0 0 0 0 0 0 -0.016842 0.029536 0.064068 -0.0041717 0.0058312 -0.0037848 0 0
0 0 0.34728 0 0 0 0 0 0 0 0 0 0 -0.080639 0.14142 0.30676 -0.024058 0.024546 -0.01764 0 0
0 0 0.31445 0 0 0 0 0 0 0 0 0 0 -0.073016 0.12805 0.27776 -0.021371 0.02262 -0.016046 0 0
-0 -0 -0.054518 0 0 0 0 0 0 0 0 0 0 0.012659 -0.022201 -0.048157 0.0028103 -0.0045924 0.0028559 0 0
0 0 0.17534 0 0 0 0 0 0 0 0 0 0 -0.040715 0.071403 0.15488 -0.010891 0.013497 -0.0090852 0 0
-0 -0 -0.24202 0 0 0 0 0 0 0 0 0 0 0.056198 -0.098557 -0.21379 0.010228 -0.021555 0.012626 0 0
-0 -0 -0.025277 0 0 0 0 0 0 0 0 0 0 0.0058692 -0.010293 -0.022327 0.0013383 -0.0021078 0.0013235 0 0
0 0 0.21551 0 0 0 0 0 0 0 0 0 0 -0.050041 0.087759 0.19036 -0.01376 0.016285 -0.011125 0 0
0 0 0.15996 0 0 0 0 0 0 0 0 0 0 -0.037144 0.06514 0.1413 -0.0098284 0.012398 -0.0082991 0 0
0 0 0.07938 0 0 0 0 0 0 0 0 0 0 -0.018432 0.032325 0.070118 -0.0045904 0.0063644 -0.0041407 0 0
