-0 -0 -0 0.074791 0 0 0 0 0 -0 0 0.060611 -0.031504 0.030456 0 0
-0 -0 -0 0.07816 0 0 0 0 0 -0 0 0.063341 -0.032923 0.031828 0 0
0 0 0 0.19325 0 0 0 0 0 -0 0 0.15661 -0.0814 0.078693 0 0
-0 -0 -0 0.0018421 0 0 0 0 0 -0 0 0.0014928 -0.00077593 0.00075013 0 0
-0 -0 -0 0.0704 0 0 0 0 0 -0 0 0.057052 -0.029654 0.028668 0 0
0 0 0 0.18149 0 0 0 0 0 -0 0 0.14708 -0.076447 0.073905 0 0
0 0 0 0.17165 0 0 0 0 0 -0 0 0.1391 -0.072302 0.069898 0 0
-0 -0 -0 0.066283 0 0 0 0 0 -0 0 0.053716 -0.02792 0.026992 0 0
0 0 0 0.097888 0 0 0 0 0 -0 0 0.079328 -0.041233 0.039862 0 0
0 0 0 0.031887 0 0 0 0 0 -0 0 0.025841 -0.013432 0.012985 0 0
0 0 0 0.17039 0 0 0 0 0 -0 0 0.13809 -0.071774 0.069387 0 0
-0 -0 -0 0.19474 0 0 0 0 0 -0 0 0.15782 -0.08203 0.079302 0 0
0 0 0 0.10224 0 0 0 0 0 -0 0 0.082855 -0.043066 0.041634 0 0
-0 -0 -0 0.082401 0 0 0 0 0 -0 0 0.066777 -0.034709 0.033555 0 0
-0 -0 -0 0.050773 0 0 0 0 0 -0 0 0.041146 -0.021387 0.020676 0 0
-0 -0 -0 0.14176 0 0 0 0 0 -0 0 0.11488 -0.059714 0.057728 0 0
0 0 0 0.083805 0 0 0 0 0 -0 0 0.067915 -0.035301 0.034127 0 0
0 0 0 0.10063 0 0 0 0 0 -0 0 0.081547 -0.042386 0.040977 0 0
-0 -0 -0 0.078257 0 0 0 0 0 -0 0 0.063419 -0.032964 0.031867 0 0
0 0 0 0.17068 0 0 0 0 0 -0 0 0.13832 -0.071894 0.069504 0 0
0 0 0 0.089707 0 0 0 0 0 -0 0 0.072698 -0.037787 0.03653 0 0
0 0 0 0.031606 0 0 0 0 0 -0 0 0.025613 -0.013313 0.012871 0 0
0 0 0 0.0036649 0 0 0 0 0 -0 0 0.00297 -0.0015437 0.0014924 0 0
-0 -0 -0 0.082655 0 0 0 0 0 -0 0 0.066984 -0.034816 0.033659 0 0
0 0 0 0.084408 0 0 0 0 0 -0 0 0.068404 -0.035555 0.034373 0 0
-0 -0 -0 0.031952 0 0 0 0 0 -0 0 0.025894 -0.013459 0.013012 0 0
-0 -0 -0 0.013389 0 0 0 0 0 -0 0 0.01085 -0.0056396 0.0054521 0 0
-0 -0 -0 0.068324 0 0 0 0 0 -0 0 0.055369 -0.02878 0.027823 0 0
0 0 0 0.034244 0 0 0 0 0 -0 0 0.027751 -0.014424 0.013945 0 0
0 0 0 0.057234 0 0 0 0 0 -0 0 0.046383 -0.024108 0.023307 0 0
-0 -0 -0 0.12339 0 0 0 0 0 -0 0 0.099998 -0.051976 0.050248 0 0
-0 -0 -0 0.15803 0 0 0 0 0 -0 0 0.12806 -0.066565 0.064351 0 0
-0 -0 -0 0.02662 0 0 0 0 0 -0 0 0.021573 -0.011213 0.01084 0 0
0 0 0 0.0076954 0 0 0 0 0 -0 0 0.0062363 -0.0032415 0.0031337 0 0
-0 -0 -0 0.18272 0 0 0 0 0 -0 0 0.14808 -0.076968 0.074409 0 0
0 0 0 0.10243 0 0 0 0 0 -0 0 0.083012 -0.043147 0.041713 0 0
-0 -0 -0 0.18545 0 0 0 0 0 -0 0 0.15029 -0.078115 0.075517 0 0
-0 -0 -0 0.19302 0 0 0 0 0 -0 0 0.15642 -0.081305 0.078602 0 0
0 0 0 0.13286 0 0 0 0 0 -0 0 0.10767 -0.055963 0.054102 0 0
-0 -0 -0 0.079926 0 0 0 0 0 -0 0 0.064772 -0.033667 0.032547 0 0
-0 -0 -0 0.0099153 0 0 0 0 0 -0 0 0.0080353 -0.0041766 0.0040377 0 0
-0 -0 -0 0.11982 0 0 0 0 0 -0 0 0.097099 -0.05047 0.048792 0 0
-0 -0 -0 0.16759 0 0 0 0 0 -0 0 0.13581 -0.070592 0.068244 0 0
-0 -0 -0 0.15669 0 0 0 0 0 -0 0 0.12698 -0.066003 0.063808 0 0
0 0 0 0.1276 0 0 0 0 0 -0 0 0.1034 -0.053747 0.05196 0 0
-0 -0 -0 0.18212 0 0 0 0 0 -0 0 0.14759 -0.076714 0.074163 0 0
0 0 0 0.015608 0 0 0 0 0 -0 0 0.012649 -0.0065747 0.006356 0 0
0 0 0 0.075909 0 0 0 0 0 -0 0 0.061517 -0.031975 0.030912 0 0
-0 -0 -0 0.15715 0 0 0 0 0 -0 0 0.12736 -0.066197 0.063996 0 0
-0 -0 -0 0.018895 0 0 0 0 0 -0 0 0.015313 -0.0079591 0.0076945 0 0
-0 -0 -0 0.19479 0 0 0 0 0 -0 0 0.15786 -0.082052 0.079324 0 0
0 0 0 0.09617 0 0 0 0 0 -0 0 0.077936 -0.040509 0.039162 0 0
-0 -0 -0 0.17451 0 0 0 0 0 -0 0 0.14142 -0.073506 0.071062 0 0
-0 -0 -0 0.050788 0 0 0 0 0 -0 0 0.041159 -0.021393 0.020682 0 0
0 0 0 0.12867 0 0 0 0 0 -0 0 0.10428 -0.054201 0.052399 0 0
0 0 0 0.1324 0 0 0 0 0 -0 0 0.1073 -0.05577 0.053916 0 0
0 0 0 0.036887 0 0 0 0 0 -0 0 0.029893 -0.015538 0.015021 0 0
-0 -0 -0 0.0032353 0 0 0 0 0 -0 0 0.0026219 -0.0013628 0.0013175 0 0
0 0 0 0.020512 0 0 0 0 0 -0 0 0.016623 -0.0086401 0.0083528 0 0
0 0 0 0.088627 0 0 0 0 0 -0 0 0.071823 -0.037332 0.03609 0 0
0 0 0 0.11411 0 0 0 0 0 -0 0 0.092473 -0.048065 0.046467 0 0
-0 -0 -0 0.094206 0 0 0 0 0 -0 0 0.076344 -0.039682 0.038362 0 0
-0 -0 -0 0.1184 0 0 0 0 0 -0 0 0.095952 -0.049873 0.048215 0 0
0 0 0 0.019388 0 0 0 0 0 -0 0 0.015712 -0.0081666 0.0078951 0 0
0 0 0 0.047551 0 0 0 0 0 -0 0 0.038535 -0.02003 0.019364 0 0
0 0 0 0.051128 0 0 0 0 0 -0 0 0.041434 -0.021536 0.02082 0 0
-0 -0 -0 0.17854 0 0 0 0 0 -0 0 0.14469 -0.075205 0.072704 0 0
0 0 0 0.0041739 0 0 0 0 0 -0 0 0.0033825 -0.0017581 0.0016997 0 0
-0 -0 -0 0.069388 0 0 0 0 0 -0 0 0.056232 -0.029228 0.028256 0 0
-0 -0 -0 0.085384 0 0 0 0 0 -0 0 0.069195 -0.035966 0.03477 0 0
-0 -0 -0 0.04021 0 0 0 0 0 -0 0 0.032586 -0.016937 0.016374 0 0
0 0 0 0.033434 0 0 0 0 0 -0 0 0.027095 -0.014083 0.013615 0 0
-0 -0 -0 0.063114 0 0 0 0 0 -0 0 0.051147 -0.026585 0.025701 0 0
0 0 0 0.17837 0 0 0 0 0 -0 0 0.14455 -0.075135 0.072637 0 0
0 0 0 0.019931 0 0 0 0 0 -0 0 0.016152 -0.0083956 0.0081165 0 0
-0 -0 -0 0.021138 0 0 0 0 0 -0 0 0.01713 -0.008904 0.0086079 0 0
0 0 0 0.023142 0 0 0 0 0 -0 0 0.018754 -0.0097478 0.0094237 0 0
0 0 0 0.040157 0 0 0 0 0 -0 0 0.032543 -0.016915 0.016353 0 0
0 0 0 0.13986 0 0 0 0 0 -0 0 0.11334 -0.058911 0.056952 0 0
-0 -0 -0 0.060774 0 0 0 0 0 -0 0 0.049251 -0.0256 0.024748 0 0
-0 -0 -0 0.064185 0 0 0 0 0 -0 0 0.052016 -0.027036 0.026137 0 0
-0 -0 -0 0.16441 0 0 0 0 0 -0 0 0.13324 -0.069255 0.066952 0 0
-0 -0 -0 0.17718 0 0 0 0 0 -0 0 0.14358 -0.074631 0.07215 0 0
0 0 0 0.13015 0 0 0 0 0 -0 0 0.10547 -0.054823 0.053 0 0
-0 -0 -0 0.076174 0 0 0 0 0 -0 0 0.061731 -0.032086 0.031019 0 0
-0 -0 -0 0.18468 0 0 0 0 0 -0 0 0.14966 -0.07779 0.075204 0 0
0 0 0 0.083057 0 0 0 0 0 -0 0 0.067309 -0.034985 0.033822 0 0
-0 -0 -0 0.013143 0 0 0 0 0 -0 0 0.010651 -0.0055361 0.005352 0 0
0 0 0 0.094416 0 0 0 0 0 -0 0 0.076514 -0.03977 0.038448 0 0
-0 -0 -0 0.064585 0 0 0 0 0 -0 0 0.05234 -0.027205 0.0263 0 0
-0 -0 -0 0.094983 0 0 0 0 0 -0 0 0.076974 -0.040009 0.038679 0 0
-0 -0 -0 0.071058 0 0 0 0 0 -0 0 0.057585 -0.029931 0.028936 0 0
-0 -0 -0 0.18327 0 0 0 0 0 -0 0 0.14852 -0.077196 0.074629 0 0
-0 -0 -0 0.0030883 0 0 0 0 0 -0 0 0.0025027 -0.0013008 0.0012576 0 0
0 0 0 0.17702 0 0 0 0 0 -0 0 0.14345 -0.074563 0.072084 0 0
0 0 0 0.18864 0 0 0 0 0 -0 0 0.15287 -0.079458 0.076816 0 0
0 0 0 0.018529 0 0 0 0 0 -0 0 0.015016 -0.007805 0.0075455 0 0
-0 -0 -0 0.19748 0 0 0 0 0 -0 0 0.16004 -0.083185 0.080419 0 0
-0 -0 -0 0.097596 0 0 0 0 0 -0 0 0.079091 -0.04111 0.039743 0 0
-0 -0 -0 0.11946 0 0 0 0 0 -0 0 0.096811 -0.05032 0.048647 0 0
