-0 -0 -0 0.039743 0 0 0 0 0 -0 0 0.032208 -0.016741 0.016184 0 0
-0 -0 -0 0.027293 0 0 0 0 0 -0 0 0.022118 -0.011496 0.011114 0 0
0 0 0 0.17188 0 0 0 0 0 -0 0 0.13929 -0.072399 0.069992 0 0
-0 -0 -0 0.000246 0 0 0 0 0 -0 0 0.00019936 -0.00010362 0.00010017 0 0
-0 -0 -0 0.13093 0 0 0 0 0 -0 0 0.10611 -0.055151 0.053317 0 0
-0 -0 -0 0.033003 0 0 0 0 0 -0 0 0.026746 -0.013902 0.013439 0 0
0 0 0 0.051656 0 0 0 0 0 -0 0 0.041862 -0.021759 0.021035 0 0
0 0 0 0.0056733 0 0 0 0 0 -0 0 0.0045976 -0.0023897 0.0023103 0 0
-0 -0 -0 0.18078 0 0 0 0 0 -0 0 0.14651 -0.076151 0.073618 0 0
0 0 0 0.11481 0 0 0 0 0 -0 0 0.093039 -0.048359 0.046751 0 0
0 0 0 0.1598 0 0 0 0 0 -0 0 0.1295 -0.067312 0.065074 0 0
-0 -0 -0 0.016896 0 0 0 0 0 -0 0 0.013692 -0.0071169 0.0068802 0 0
0 0 0 0.10903 0 0 0 0 0 -0 0 0.088354 -0.045924 0.044397 0 0
-0 -0 -0 0.021643 0 0 0 0 0 -0 0 0.017539 -0.0091164 0.0088133 0 0
0 0 0 0.15454 0 0 0 0 0 -0 0 0.12524 -0.065096 0.062932 0 0
0 0 0 0.19075 0 0 0 0 0 -0 0 0.15459 -0.08035 0.077678 0 0
0 0 0 0.19708 0 0 0 0 0 -0 0 0.15971 -0.083014 0.080254 0 0
-0 -0 -0 0.18337 0 0 0 0 0 -0 0 0.14861 -0.077242 0.074673 0 0
0 0 0 0.044401 0 0 0 0 0 -0 0 0.035982 -0.018703 0.018081 0 0
-0 -0 -0 0.16499 0 0 0 0 0 -0 0 0.13371 -0.069499 0.067189 0 0
-0 -0 -0 0.14786 0 0 0 0 0 -0 0 0.11983 -0.062283 0.060212 0 0
0 0 0 0.12397 0 0 0 0 0 -0 0 0.10046 -0.052219 0.050483 0 0
-0 -0 -0 0.14117 0 0 0 0 0 -0 0 0.1144 -0.059463 0.057486 0 0
0 0 0 0.099069 0 0 0 0 0 -0 0 0.080285 -0.04173 0.040343 0 0
-0 -0 -0 0.11066 0 0 0 0 0 -0 0 0.089679 -0.046613 0.045063 0 0
-0 -0 -0 0.059481 0 0 0 0 0 -0 0 0.048203 -0.025055 0.024222 0 0
-0 -0 -0 0.18687 0 0 0 0 0 -0 0 0.15144 -0.078716 0.076098 0 0
-0 -0 -0 0.022703 0 0 0 0 0 -0 0 0.018398 -0.0095629 0.009245 0 0
-0 -0 -0 0.18317 0 0 0 0 0 -0 0 0.14844 -0.077156 0.07459 0 0
0 0 0 0.1063 0 0 0 0 0 -0 0 0.086143 -0.044775 0.043286 0 0
0 0 0 0.15456 0 0 0 0 0 -0 0 0.12526 -0.065105 0.062941 0 0
-0 -0 -0 0.0118 0 0 0 0 0 -0 0 0.0095624 -0.0049703 0.004805 0 0
0 0 0 0.002064 0 0 0 0 0 -0 0 0.0016726 -0.00086939 0.00084048 0 0
0 0 0 0.16146 0 0 0 0 0 -0 0 0.13085 -0.068013 0.065751 0 0
-0 -0 -0 0.014456 0 0 0 0 0 -0 0 0.011715 -0.006089 0.0058865 0 0
0 0 0 0.076596 0 0 0 0 0 -0 0 0.062073 -0.032264 0.031191 0 0
-0 -0 -0 0.11767 0 0 0 0 0 -0 0 0.095357 -0.049564 0.047916 0 0
-0 -0 -0 0.11235 0 0 0 0 0 -0 0 0.091045 -0.047323 0.045749 0 0
0 0 0 0.092734 0 0 0 0 0 -0 0 0.075151 -0.039062 0.037763 0 0
-0 -0 -0 0.16684 0 0 0 0 0 -0 0 0.1352 -0.070275 0.067939 0 0
0 0 0 0.014254 0 0 0 0 0 -0 0 0.011552 -0.0060042 0.0058046 0 0
-0 -0 -0 0.14693 0 0 0 0 0 -0 0 0.11907 -0.06189 0.059832 0 0
0 0 0 0.025239 0 0 0 0 0 -0 0 0.020453 -0.010631 0.010278 0 0
0 0 0 0.039901 0 0 0 0 0 -0 0 0.032336 -0.016807 0.016249 0 0
-0 -0 -0 0.17928 0 0 0 0 0 -0 0 0.14528 -0.075515 0.073004 0 0
-0 -0 -0 0.17914 0 0 0 0 0 -0 0 0.14517 -0.075458 0.072949 0 0
0 0 0 0.1238 0 0 0 0 0 -0 0 0.10033 -0.05215 0.050416 0 0
-0 -0 -0 0.00094939 0 0 0 0 0 -0 0 0.00076938 -0.0003999 0.00038661 0 0
-0 -0 -0 0.16247 0 0 0 0 0 -0 0 0.13167 -0.068437 0.066161 0 0
-0 -0 -0 0.0090473 0 0 0 0 0 -0 0 0.0073319 -0.003811 0.0036842 0 0
0 0 0 0.046478 0 0 0 0 0 -0 0 0.037665 -0.019577 0.018926 0 0
-0 -0 -0 0.090553 0 0 0 0 0 -0 0 0.073384 -0.038143 0.036875 0 0
-0 -0 -0 0.015388 0 0 0 0 0 -0 0 0.01247 -0.0064817 0.0062661 0 0
0 0 0 0.10465 0 0 0 0 0 -0 0 0.084808 -0.044081 0.042615 0 0
-0 -0 -0 0.18791 0 0 0 0 0 -0 0 0.15228 -0.079152 0.07652 0 0
0 0 0 0.16974 0 0 0 0 0 -0 0 0.13755 -0.071497 0.069119 0 0
0 0 0 0.1824 0 0 0 0 0 -0 0 0.14781 -0.07683 0.074276 0 0
0 0 0 0.114 0 0 0 0 0 -0 0 0.092386 -0.04802 0.046423 0 0
0 0 0 0.0988 0 0 0 0 0 -0 0 0.080067 -0.041617 0.040233 0 0
0 0 0 0.040524 0 0 0 0 0 -0 0 0.032841 -0.01707 0.016502 0 0
0 0 0 0.16381 0 0 0 0 0 -0 0 0.13275 -0.069001 0.066706 0 0
0 0 0 0.19504 0 0 0 0 0 -0 0 0.15806 -0.082155 0.079423 0 0
-0 -0 -0 0.03431 0 0 0 0 0 -0 0 0.027804 -0.014452 0.013971 0 0
0 0 0 0.14124 0 0 0 0 0 -0 0 0.11446 -0.059492 0.057514 0 0
0 0 0 0.00049862 0 0 0 0 0 -0 0 0.00040408 -0.00021003 0.00020305 0 0
-0 -0 -0 0.082082 0 0 0 0 0 -0 0 0.066519 -0.034575 0.033425 0 0
0 0 0 0.10686 0 0 0 0 0 -0 0 0.0866 -0.045013 0.043516 0 0
0 0 0 0.040409 0 0 0 0 0 -0 0 0.032747 -0.017021 0.016455 0 0
-0 -0 -0 0.048524 0 0 0 0 0 -0 0 0.039323 -0.020439 0.01976 0 0
0 0 0 0.02692 0 0 0 0 0 -0 0 0.021816 -0.011339 0.010962 0 0
0 0 0 0.089308 0 0 0 0 0 -0 0 0.072375 -0.037619 0.036368 0 0
-0 -0 -0 0.13507 0 0 0 0 0 -0 0 0.10946 -0.056893 0.055001 0 0
0 0 0 0.030297 0 0 0 0 0 -0 0 0.024552 -0.012762 0.012337 0 0
0 0 0 0.079818 0 0 0 0 0 -0 0 0.064684 -0.033621 0.032503 0 0
-0 -0 -0 0.14045 0 0 0 0 0 -0 0 0.11382 -0.059163 0.057196 0 0
0 0 0 0.13966 0 0 0 0 0 -0 0 0.11318 -0.058828 0.056872 0 0
-0 -0 -0 0.10746 0 0 0 0 0 -0 0 0.087088 -0.045266 0.043761 0 0
0 0 0 0.10991 0 0 0 0 0 -0 0 0.08907 -0.046296 0.044757 0 0
-0 -0 -0 0.10716 0 0 0 0 0 -0 0 0.086846 -0.04514 0.043639 0 0
0 0 0 0.076135 0 0 0 0 0 -0 0 0.061699 -0.03207 0.031003 0 0
0 0 0 0.11199 0 0 0 0 0 -0 0 0.090758 -0.047174 0.045605 0 0
0 0 0 0.16346 0 0 0 0 0 -0 0 0.13246 -0.068851 0.066562 0 0
-0 -0 -0 0.19981 0 0 0 0 0 -0 0 0.16192 -0.084164 0.081365 0 0
0 0 0 0.064928 0 0 0 0 0 -0 0 0.052618 -0.027349 0.02644 0 0
0 0 0 0.16849 0 0 0 0 0 -0 0 0.13654 -0.070971 0.068611 0 0
-0 -0 -0 0.042836 0 0 0 0 0 -0 0 0.034714 -0.018043 0.017443 0 0
0 0 0 0.063063 0 0 0 0 0 -0 0 0.051106 -0.026564 0.02568 0 0
-0 -0 -0 0.19031 0 0 0 0 0 -0 0 0.15423 -0.080165 0.0775 0 0
-0 -0 -0 0.18344 0 0 0 0 0 -0 0 0.14866 -0.077269 0.0747 0 0
0 0 0 0.069088 0 0 0 0 0 -0 0 0.055988 -0.029101 0.028134 0 0
-0 -0 -0 0.10259 0 0 0 0 0 -0 0 0.083135 -0.043211 0.041775 0 0
-0 -0 -0 0.019027 0 0 0 0 0 -0 0 0.015419 -0.0080144 0.0077479 0 0
-0 -0 -0 0.16417 0 0 0 0 0 -0 0 0.13304 -0.069153 0.066853 0 0
-0 -0 -0 0.048898 0 0 0 0 0 -0 0 0.039626 -0.020597 0.019912 0 0
-0 -0 -0 0.09604 0 0 0 0 0 -0 0 0.077831 -0.040454 0.039109 0 0
-0 -0 -0 0.00035808 0 0 0 0 0 -0 0 0.00029018 -0.00015083 0.00014582 0 0
-0 -0 -0 0.13788 0 0 0 0 0 -0 0 0.11174 -0.05808 0.056149 0 0
-0 -0 -0 0.014964 0 0 0 0 0 -0 0 0.012127 -0.0063032 0.0060937 0 0
-0 -0 -0 0.03026 0 0 0 0 0 -0 0 0.024522 -0.012746 0.012322 0 0
-0 -0 -0 0.052457 0 0 0 0 0 -0 0 0.042511 -0.022096 0.021361 0 0
