0 0 0 0.19546 0 0 0 0 -0 -0 0 0.18379 0.011668 0.065492 0 0
0 0 0 0.053374 0 0 0 0 -0 -0 0 0.050187 0.0031862 0.017883 0 0
0 0 0 0.064528 0 0 0 0 -0 -0 0 0.060676 0.0038521 0.021621 0 0
-0 -0 -0 0.043169 0 0 0 0 -0 -0 0 0.040592 0.002577 0.014464 0 0
-0 -0 -0 0.10553 0 0 0 0 -0 -0 0 0.099229 0.0062997 0.035358 0 0
-0 -0 -0 0.1337 0 0 0 0 -0 -0 0 0.12572 0.0079817 0.044799 0 0
-0 -0 -0 0.14714 0 0 0 0 -0 -0 0 0.13836 0.0087837 0.0493 0 0
-0 -0 -0 0.10658 0 0 0 0 -0 -0 0 0.10022 0.0063626 0.035712 0 0
0 0 0 0.18023 0 0 0 0 -0 -0 0 0.16947 0.010759 0.060389 0 0
0 0 0 0.029275 0 0 0 0 -0 -0 0 0.027527 0.0017476 0.0098088 0 0
0 0 0 0.093319 0 0 0 0 -0 -0 0 0.087748 0.0055708 0.031268 0 0
0 0 0 0.096853 0 0 0 0 -0 -0 0 0.091071 0.0057818 0.032452 0 0
0 0 0 0.047058 0 0 0 0 -0 -0 0 0.044249 0.0028092 0.015767 0 0
0 0 0 0.0092728 0 0 0 0 -0 -0 0 0.0087193 0.00055355 0.003107 0 0
0 0 0 0.025475 0 0 0 0 -0 -0 0 0.023954 0.0015208 0.0085357 0 0
0 0 0 0.10097 0 0 0 0 -0 -0 0 0.094945 0.0060277 0.033832 0 0
0 0 0 0.069354 0 0 0 0 -0 -0 0 0.065213 0.0041402 0.023238 0 0
0 0 0 0.1544 0 0 0 0 -0 -0 0 0.14519 0.0092173 0.051735 0 0
0 0 0 0.073936 0 0 0 0 -0 -0 0 0.069523 0.0044137 0.024773 0 0
-0 -0 -0 0.10538 0 0 0 0 -0 -0 0 0.09909 0.0062908 0.035309 0 0
0 0 0 0.17771 0 0 0 0 -0 -0 0 0.16711 0.010609 0.059545 0 0
-0 -0 -0 0.18507 0 0 0 0 -0 -0 0 0.17402 0.011048 0.062009 0 0
-0 -0 -0 0.1667 0 0 0 0 -0 -0 0 0.15675 0.0099515 0.055855 0 0
0 0 0 0.1281 0 0 0 0 -0 -0 0 0.12045 0.0076472 0.042922 0 0
0 0 0 0.063552 0 0 0 0 -0 -0 0 0.059758 0.0037938 0.021294 0 0
-0 -0 -0 0.11676 0 0 0 0 -0 -0 0 0.10979 0.0069699 0.03912 0 0
0 0 0 0.18695 0 0 0 0 -0 -0 0 0.17579 0.01116 0.062641 0 0
0 0 0 0.077842 0 0 0 0 -0 -0 0 0.073195 0.0046469 0.026082 0 0
0 0 0 0.098765 0 0 0 0 -0 -0 0 0.092869 0.0058959 0.033092 0 0
0 0 0 0.0048559 0 0 0 0 -0 -0 0 0.004566 0.00028988 0.001627 0 0
0 0 0 0.15012 0 0 0 0 -0 -0 0 0.14115 0.0089614 0.050298 0 0
0 0 0 0.049104 0 0 0 0 -0 -0 0 0.046172 0.0029313 0.016453 0 0
-0 -0 -0 0.17883 0 0 0 0 -0 -0 0 0.16816 0.010676 0.05992 0 0
0 0 0 0.1942 0 0 0 0 -0 -0 0 0.18261 0.011593 0.06507 0 0
-0 -0 -0 0.12652 0 0 0 0 -0 -0 0 0.11897 0.0075527 0.042391 0 0
0 0 0 0.058758 0 0 0 0 -0 -0 0 0.05525 0.0035076 0.019687 0 0
0 0 0 0.022401 0 0 0 0 -0 -0 0 0.021064 0.0013373 0.0075057 0 0
-0 -0 -0 0.074423 0 0 0 0 -0 -0 0 0.069981 0.0044428 0.024936 0 0
0 0 0 0.15461 0 0 0 0 -0 -0 0 0.14538 0.0092299 0.051805 0 0
0 0 0 0.037695 0 0 0 0 -0 -0 0 0.035445 0.0022503 0.01263 0 0
-0 -0 -0 0.074403 0 0 0 0 -0 -0 0 0.069962 0.0044416 0.02493 0 0
-0 -0 -0 0.1491 0 0 0 0 -0 -0 0 0.1402 0.0089006 0.049957 0 0
0 0 0 0.12451 0 0 0 0 -0 -0 0 0.11708 0.0074328 0.041719 0 0
-0 -0 -0 0.011748 0 0 0 0 -0 -0 0 0.011047 0.00070132 0.0039364 0 0
-0 -0 -0 0.15713 0 0 0 0 -0 -0 0 0.14775 0.0093801 0.052648 0 0
0 0 0 0.17186 0 0 0 0 -0 -0 0 0.1616 0.01026 0.057584 0 0
0 0 0 0.14667 0 0 0 0 -0 -0 0 0.13792 0.0087558 0.049144 0 0
0 0 0 0.15355 0 0 0 0 -0 -0 0 0.14439 0.0091666 0.05145 0 0
-0 -0 -0 0.049211 0 0 0 0 -0 -0 0 0.046274 0.0029377 0.016489 0 0
0 0 0 0.13304 0 0 0 0 -0 -0 0 0.1251 0.0079418 0.044575 0 0
-0 -0 -0 0.0099116 0 0 0 0 -0 -0 0 0.0093199 0.00059168 0.003321 0 0
0 0 0 0.15218 0 0 0 0 -0 -0 0 0.14309 0.0090844 0.050989 0 0
-0 -0 -0 0.15511 0 0 0 0 -0 -0 0 0.14585 0.0092597 0.051972 0 0
0 0 0 0.038859 0 0 0 0 -0 -0 0 0.03654 0.0023198 0.01302 0 0
0 0 0 0.17922 0 0 0 0 -0 -0 0 0.16852 0.010699 0.06005 0 0
0 0 0 0.10066 0 0 0 0 -0 -0 0 0.094648 0.0060089 0.033726 0 0
-0 -0 -0 0.052169 0 0 0 0 -0 -0 0 0.049055 0.0031143 0.01748 0 0
0 0 0 0.1048 0 0 0 0 -0 -0 0 0.098543 0.0062561 0.035114 0 0
-0 -0 -0 0.11022 0 0 0 0 -0 -0 0 0.10364 0.0065798 0.036931 0 0
-0 -0 -0 0.18566 0 0 0 0 -0 -0 0 0.17458 0.011083 0.062208 0 0
0 0 0 0.051361 0 0 0 0 -0 -0 0 0.048295 0.003066 0.017209 0 0
0 0 0 0.10459 0 0 0 0 -0 -0 0 0.098348 0.0062437 0.035045 0 0
-0 -0 -0 0.14864 0 0 0 0 -0 -0 0 0.13976 0.008873 0.049802 0 0
-0 -0 -0 0.14322 0 0 0 0 -0 -0 0 0.13467 0.0085498 0.047988 0 0
0 0 0 0.063233 0 0 0 0 -0 -0 0 0.059458 0.0037748 0.021187 0 0
0 0 0 0.020099 0 0 0 0 -0 -0 0 0.018899 0.0011998 0.0067344 0 0
0 0 0 0.15933 0 0 0 0 -0 -0 0 0.14982 0.0095113 0.053385 0 0
-0 -0 -0 0.18588 0 0 0 0 -0 -0 0 0.17478 0.011096 0.062281 0 0
-0 -0 -0 0.080738 0 0 0 0 -0 -0 0 0.075918 0.0048198 0.027052 0 0
-0 -0 -0 0.092939 0 0 0 0 -0 -0 0 0.087391 0.0055481 0.03114 0 0
0 0 0 0.15196 0 0 0 0 -0 -0 0 0.14289 0.0090717 0.050917 0 0
-0 -0 -0 0.19325 0 0 0 0 -0 -0 0 0.18171 0.011536 0.06475 0 0
-0 -0 -0 0.10442 0 0 0 0 -0 -0 0 0.098189 0.0062336 0.034988 0 0
-0 -0 -0 0.18064 0 0 0 0 -0 -0 0 0.16985 0.010783 0.060525 0 0
0 0 0 0.036777 0 0 0 0 -0 -0 0 0.034581 0.0021954 0.012322 0 0
0 0 0 0.16049 0 0 0 0 -0 -0 0 0.15091 0.0095805 0.053773 0 0
-0 -0 -0 0.15083 0 0 0 0 -0 -0 0 0.14183 0.0090042 0.050538 0 0
-0 -0 -0 0.082691 0 0 0 0 -0 -0 0 0.077755 0.0049364 0.027707 0 0
-0 -0 -0 0.033007 0 0 0 0 -0 -0 0 0.031037 0.0019704 0.011059 0 0
0 0 0 0.063438 0 0 0 0 -0 -0 0 0.059651 0.003787 0.021255 0 0
0 0 0 0.10343 0 0 0 0 -0 -0 0 0.097252 0.0061742 0.034654 0 0
0 0 0 0.11838 0 0 0 0 -0 -0 0 0.11131 0.007067 0.039665 0 0
-0 -0 -0 0.067422 0 0 0 0 -0 -0 0 0.063397 0.0040248 0.02259 0 0
0 0 0 0.14534 0 0 0 0 -0 -0 0 0.13666 0.0086762 0.048697 0 0
-0 -0 -0 0.037853 0 0 0 0 -0 -0 0 0.035593 0.0022597 0.012683 0 0
0 0 0 0.057168 0 0 0 0 -0 -0 0 0.053755 0.0034127 0.019155 0 0
-0 -0 -0 0.028164 0 0 0 0 -0 -0 0 0.026482 0.0016813 0.0094365 0 0
0 0 0 0.087382 0 0 0 0 -0 -0 0 0.082166 0.0052164 0.029278 0 0
-0 -0 -0 0.095699 0 0 0 0 -0 -0 0 0.089986 0.0057129 0.032065 0 0
-0 -0 -0 0.1271 0 0 0 0 -0 -0 0 0.11951 0.0075875 0.042587 0 0
0 0 0 0.16763 0 0 0 0 -0 -0 0 0.15762 0.010007 0.056165 0 0
-0 -0 -0 0.17035 0 0 0 0 -0 -0 0 0.16018 0.010169 0.057078 0 0
-0 -0 -0 0.14185 0 0 0 0 -0 -0 0 0.13338 0.0084679 0.047528 0 0
-0 -0 -0 0.061822 0 0 0 0 -0 -0 0 0.058131 0.0036905 0.020714 0 0
-0 -0 -0 0.089987 0 0 0 0 -0 -0 0 0.084615 0.0053719 0.030151 0 0
0 0 0 0.02471 0 0 0 0 -0 -0 0 0.023235 0.0014751 0.0082794 0 0
0 0 0 0.065522 0 0 0 0 -0 -0 0 0.06161 0.0039114 0.021954 0 0
0 0 0 0.17487 0 0 0 0 -0 -0 0 0.16443 0.010439 0.058593 0 0
0 0 0 0.11118 0 0 0 0 -0 -0 0 0.10454 0.006637 0.037252 0 0
0 0 0 0.053355 0 0 0 0 -0 -0 0 0.05017 0.0031851 0.017877 0 0
