-0 -0 -0 0.18051 0 0 0 0 0 -0 0 0.14629 -0.076037 0.073509 0 0
0 0 0 0.0013499 0 0 0 0 0 -0 0 0.0010939 -0.0005686 0.00054969 0 0
0 0 0 0.16891 0 0 0 0 0 -0 0 0.13688 -0.071149 0.068783 0 0
0 0 0 0.015431 0 0 0 0 0 -0 0 0.012506 -0.0065001 0.0062839 0 0
-0 -0 -0 0.13593 0 0 0 0 0 -0 0 0.11016 -0.057257 0.055353 0 0
0 0 0 0.12374 0 0 0 0 0 -0 0 0.10028 -0.052122 0.050389 0 0
0 0 0 0.071148 0 0 0 0 0 -0 0 0.057658 -0.029969 0.028973 0 0
0 0 0 0.028482 0 0 0 0 0 -0 0 0.023082 -0.011997 0.011598 0 0
-0 -0 -0 0.10948 0 0 0 0 0 -0 0 0.088726 -0.046118 0.044584 0 0
0 0 0 0.065369 0 0 0 0 0 -0 0 0.052975 -0.027535 0.02662 0 0
-0 -0 -0 0.079559 0 0 0 0 0 -0 0 0.064474 -0.033512 0.032398 0 0
0 0 0 0.10774 0 0 0 0 0 -0 0 0.087316 -0.045385 0.043876 0 0
0 0 0 0.19568 0 0 0 0 0 -0 0 0.15858 -0.082426 0.079686 0 0
0 0 0 0.080886 0 0 0 0 0 -0 0 0.06555 -0.034071 0.032938 0 0
-0 -0 -0 0.053165 0 0 0 0 0 -0 0 0.043085 -0.022395 0.02165 0 0
0 0 0 0.18799 0 0 0 0 0 -0 0 0.15235 -0.079187 0.076554 0 0
-0 -0 -0 0.18614 0 0 0 0 0 -0 0 0.15084 -0.078405 0.075798 0 0
-0 -0 -0 0.13648 0 0 0 0 0 -0 0 0.1106 -0.057488 0.055577 0 0
0 0 0 0.17642 0 0 0 0 0 -0 0 0.14297 -0.074311 0.07184 0 0
0 0 0 0.16548 0 0 0 0 0 -0 0 0.1341 -0.069703 0.067385 0 0
-0 -0 -0 0.10619 0 0 0 0 0 -0 0 0.086057 -0.04473 0.043243 0 0
0 0 0 0.10266 0 0 0 0 0 -0 0 0.083197 -0.043244 0.041806 0 0
0 0 0 0.11639 0 0 0 0 0 -0 0 0.094322 -0.049026 0.047396 0 0
0 0 0 0.09337 0 0 0 0 0 -0 0 0.075667 -0.03933 0.038022 0 0
0 0 0 0.0031668 0 0 0 0 0 -0 0 0.0025663 -0.0013339 0.0012896 0 0
-0 -0 -0 0.16062 0 0 0 0 0 -0 0 0.13016 -0.067656 0.065406 0 0
0 0 0 0.12752 0 0 0 0 0 -0 0 0.10334 -0.053713 0.051927 0 0
-0 -0 -0 0.011219 0 0 0 0 0 -0 0 0.009092 -0.0047258 0.0045687 0 0
-0 -0 -0 0.061623 0 0 0 0 0 -0 0 0.049939 -0.025957 0.025094 0 0
-0 -0 -0 0.18333 0 0 0 0 0 -0 0 0.14857 -0.077224 0.074656 0 0
0 0 0 0.075966 0 0 0 0 0 -0 0 0.061562 -0.031999 0.030935 0 0
-0 -0 -0 0.10864 0 0 0 0 0 -0 0 0.088042 -0.045762 0.04424 0 0
0 0 0 0.10758 0 0 0 0 0 -0 0 0.087183 -0.045316 0.043809 0 0
-0 -0 -0 0.017475 0 0 0 0 0 -0 0 0.014161 -0.0073608 0.007116 0 0
-0 -0 -0 0.045545 0 0 0 0 0 -0 0 0.03691 -0.019185 0.018547 0 0
-0 -0 -0 0.087906 0 0 0 0 0 -0 0 0.071239 -0.037028 0.035797 0 0
0 0 0 0.15454 0 0 0 0 0 -0 0 0.12524 -0.065098 0.062933 0 0
0 0 0 0.09589 0 0 0 0 0 -0 0 0.077709 -0.040391 0.039048 0 0
0 0 0 0.031538 0 0 0 0 0 -0 0 0.025558 -0.013285 0.012843 0 0
-0 -0 -0 0.076116 0 0 0 0 0 -0 0 0.061685 -0.032062 0.030996 0 0
-0 -0 -0 0.18151 0 0 0 0 0 -0 0 0.1471 -0.076458 0.073915 0 0
-0 -0 -0 0.097712 0 0 0 0 0 -0 0 0.079185 -0.041159 0.03979 0 0
-0 -0 -0 0.12423 0 0 0 0 0 -0 0 0.10068 -0.05233 0.05059 0 0
-0 -0 -0 0.070151 0 0 0 0 0 -0 0 0.05685 -0.029549 0.028567 0 0
-0 -0 -0 0.16709 0 0 0 0 0 -0 0 0.13541 -0.070384 0.068044 0 0
-0 -0 -0 0.17486 0 0 0 0 0 -0 0 0.1417 -0.073654 0.071205 0 0
0 0 0 0.18699 0 0 0 0 0 -0 0 0.15153 -0.078763 0.076144 0 0
-0 -0 -0 0.10692 0 0 0 0 0 -0 0 0.086651 -0.045039 0.043542 0 0
0 0 0 0.027904 0 0 0 0 0 -0 0 0.022613 -0.011754 0.011363 0 0
0 0 0 0.06504 0 0 0 0 0 -0 0 0.052709 -0.027397 0.026486 0 0
0 0 0 0.01438 0 0 0 0 0 -0 0 0.011653 -0.006057 0.0058556 0 0
-0 -0 -0 0.0074025 0 0 0 0 0 -0 0 0.0059989 -0.0031181 0.0030144 0 0
-0 -0 -0 0.054537 0 0 0 0 0 -0 0 0.044196 -0.022972 0.022208 0 0
-0 -0 -0 0.035075 0 0 0 0 0 -0 0 0.028425 -0.014774 0.014283 0 0
-0 -0 -0 0.074554 0 0 0 0 0 -0 0 0.060418 -0.031404 0.03036 0 0
-0 -0 -0 0.18795 0 0 0 0 0 -0 0 0.15232 -0.07917 0.076537 0 0
-0 -0 -0 0.026194 0 0 0 0 0 -0 0 0.021227 -0.011033 0.010667 0 0
-0 -0 -0 0.10236 0 0 0 0 0 -0 0 0.082949 -0.043115 0.041681 0 0
0 0 0 0.11599 0 0 0 0 0 -0 0 0.093997 -0.048857 0.047233 0 0
0 0 0 0.080096 0 0 0 0 0 -0 0 0.064909 -0.033738 0.032616 0 0
0 0 0 0.17515 0 0 0 0 0 -0 0 0.14194 -0.073777 0.071324 0 0
-0 -0 -0 0.078356 0 0 0 0 0 -0 0 0.063499 -0.033005 0.031908 0 0
-0 -0 -0 0.055886 0 0 0 0 0 -0 0 0.04529 -0.02354 0.022758 0 0
-0 -0 -0 0.037278 0 0 0 0 0 -0 0 0.03021 -0.015702 0.01518 0 0
-0 -0 -0 0.04569 0 0 0 0 0 -0 0 0.037027 -0.019246 0.018606 0 0
-0 -0 -0 0.072589 0 0 0 0 0 -0 0 0.058826 -0.030576 0.029559 0 0
0 0 0 0.0074792 0 0 0 0 0 -0 0 0.0060611 -0.0031504 0.0030456 0 0
0 0 0 0.13041 0 0 0 0 0 -0 0 0.10568 -0.054932 0.053106 0 0
0 0 0 0.16975 0 0 0 0 0 -0 0 0.13757 -0.071504 0.069127 0 0
-0 -0 -0 0.059201 0 0 0 0 0 -0 0 0.047977 -0.024937 0.024108 0 0
0 0 0 0.063295 0 0 0 0 0 -0 0 0.051294 -0.026661 0.025775 0 0
-0 -0 -0 0.11668 0 0 0 0 0 -0 0 0.094561 -0.049151 0.047516 0 0
0 0 0 0.087342 0 0 0 0 0 -0 0 0.070782 -0.036791 0.035567 0 0
0 0 0 0.12651 0 0 0 0 0 -0 0 0.10252 -0.053289 0.051517 0 0
-0 -0 -0 0.012558 0 0 0 0 0 -0 0 0.010177 -0.0052898 0.0051139 0 0
0 0 0 0.012086 0 0 0 0 0 -0 0 0.0097946 -0.005091 0.0049217 0 0
-0 -0 -0 0.094379 0 0 0 0 0 -0 0 0.076485 -0.039755 0.038433 0 0
-0 -0 -0 0.062627 0 0 0 0 0 -0 0 0.050753 -0.02638 0.025503 0 0
0 0 0 0.028627 0 0 0 0 0 -0 0 0.023199 -0.012058 0.011657 0 0
0 0 0 0.18289 0 0 0 0 0 -0 0 0.14822 -0.07704 0.074478 0 0
0 0 0 0.008894 0 0 0 0 0 -0 0 0.0072076 -0.0037464 0.0036218 0 0
0 0 0 0.079205 0 0 0 0 0 -0 0 0.064187 -0.033363 0.032254 0 0
-0 -0 -0 0.0457 0 0 0 0 0 -0 0 0.037035 -0.01925 0.01861 0 0
0 0 0 0.10763 0 0 0 0 0 -0 0 0.087221 -0.045335 0.043828 0 0
0 0 0 0.054662 0 0 0 0 0 -0 0 0.044298 -0.023025 0.022259 0 0
0 0 0 0.12385 0 0 0 0 0 -0 0 0.10037 -0.052168 0.050433 0 0
0 0 0 0.098131 0 0 0 0 0 -0 0 0.079525 -0.041335 0.039961 0 0
-0 -0 -0 0.015738 0 0 0 0 0 -0 0 0.012754 -0.0066294 0.006409 0 0
0 0 0 0.13092 0 0 0 0 0 -0 0 0.10609 -0.055145 0.053312 0 0
-0 -0 -0 0.014525 0 0 0 0 0 -0 0 0.011771 -0.0061185 0.005915 0 0
-0 -0 -0 0.060141 0 0 0 0 0 -0 0 0.048738 -0.025333 0.024491 0 0
0 0 0 0.19989 0 0 0 0 0 -0 0 0.16199 -0.084201 0.081401 0 0
-0 -0 -0 0.096311 0 0 0 0 0 -0 0 0.07805 -0.040568 0.039219 0 0
0 0 0 0.14515 0 0 0 0 0 -0 0 0.11763 -0.061141 0.059108 0 0
-0 -0 -0 0.16641 0 0 0 0 0 -0 0 0.13486 -0.070095 0.067764 0 0
-0 -0 -0 0.093864 0 0 0 0 0 -0 0 0.076067 -0.039538 0.038223 0 0
0 0 0 0.038764 0 0 0 0 0 -0 0 0.031414 -0.016328 0.015786 0 0
-0 -0 -0 0.13879 0 0 0 0 0 -0 0 0.11247 -0.05846 0.056516 0 0
-0 -0 -0 0.19493 0 0 0 0 0 -0 0 0.15797 -0.082107 0.079377 0 0
0 0 0 0.041809 0 0 0 0 0 -0 0 0.033882 -0.017611 0.017025 0 0
