0 0 0.29522 0 0 0 0 0 0 0 0 0 0 -0.079442 0.11433 0.26033 -0.027332 0.0040144 -0.010104 0 0
0 0 0.0017476 0 0 0 0 0 0 0 0 0 0 -0.00047026 0.00067679 0.001541 -0.00015416 4.6891e-05 -6.7638e-05 0 0
0 0 0.19451 0 0 0 0 0 0 0 0 0 0 -0.052341 0.075328 0.17152 -0.017774 0.0035383 -0.006978 0 0
-0 -0 -0.23622 0 0 0 0 0 0 0 0 0 0 0.063567 -0.091484 -0.20831 0.019562 -0.0087467 0.0098108 0 0
-0 -0 -0.073617 0 0 0 0 0 0 0 0 0 0 0.01981 -0.02851 -0.064917 0.006381 -0.0022181 0.0029213 0 0
-0 -0 -0.078184 0 0 0 0 0 0 0 0 0 0 0.021039 -0.030279 -0.068944 0.0067691 -0.0023711 0.003107 0 0
-0 -0 -0.18016 0 0 0 0 0 0 0 0 0 0 0.048479 -0.069771 -0.15887 0.015174 -0.0062489 0.0073749 0 0
-0 -0 -0.092752 0 0 0 0 0 0 0 0 0 0 0.024959 -0.035921 -0.081791 0.0080009 -0.0028714 0.0037026 0 0
0 0 0.23955 0 0 0 0 0 0 0 0 0 0 -0.064461 0.092771 0.21124 -0.022028 0.0038666 -0.0084202 0 0
0 0 0.14837 0 0 0 0 0 0 0 0 0 0 -0.039924 0.057458 0.13083 -0.013461 0.003009 -0.0054291 0 0
0 0 0.26575 0 0 0 0 0 0 0 0 0 0 -0.071513 0.10292 0.23435 -0.024519 0.0039718 -0.0092266 0 0
-0 -0 -0.28565 0 0 0 0 0 0 0 0 0 0 0.076866 -0.11062 -0.25189 0.023279 -0.011156 0.012003 0 0
-0 -0 -0.27526 0 0 0 0 0 0 0 0 0 0 0.07407 -0.1066 -0.24273 0.022509 -0.010633 0.011539 0 0
-0 -0 -0.03992 0 0 0 0 0 0 0 0 0 0 0.010742 -0.01546 -0.035202 0.0034884 -0.0011442 0.001567 0 0
-0 -0 -0.21302 0 0 0 0 0 0 0 0 0 0 0.057321 -0.082496 -0.18784 0.017767 -0.007682 0.0087955 0 0
-0 -0 -0.2379 0 0 0 0 0 0 0 0 0 0 0.064017 -0.092132 -0.20978 0.01969 -0.0088251 0.0098844 0 0
0 0 0.034738 0 0 0 0 0 0 0 0 0 0 -0.0093479 0.013453 0.030633 -0.003086 0.0008814 -0.0013288 0 0
0 0 0.086586 0 0 0 0 0 0 0 0 0 0 -0.0233 0.033532 0.076353 -0.0077708 0.0019967 -0.0032482 0 0
-0 -0 -0.16538 0 0 0 0 0 0 0 0 0 0 0.044502 -0.064047 -0.14583 0.013989 -0.0056331 0.0067427 0 0
0 0 0.26428 0 0 0 0 0 0 0 0 0 0 -0.071117 0.10235 0.23305 -0.024379 0.0039675 -0.009182 0 0
-0 -0 -0.3366 0 0 0 0 0 0 0 0 0 0 0.090577 -0.13036 -0.29682 0.026952 -0.013836 0.014301 0 0
0 0 0.22126 0 0 0 0 0 0 0 0 0 0 -0.059541 0.085689 0.19511 -0.020297 0.0037558 -0.0078432 0 0
0 0 0.2385 0 0 0 0 0 0 0 0 0 0 -0.064178 0.092364 0.21031 -0.021928 0.0038611 -0.0083874 0 0
-0 -0 -0.090946 0 0 0 0 0 0 0 0 0 0 0.024473 -0.035221 -0.080198 0.0078487 -0.0028084 0.0036285 0 0
0 0 0.31957 0 0 0 0 0 0 0 0 0 0 -0.085994 0.12376 0.2818 -0.029664 0.0039892 -0.010804 0 0
-0 -0 -0.28649 0 0 0 0 0 0 0 0 0 0 0.077094 -0.11095 -0.25264 0.023341 -0.011199 0.012041 0 0
-0 -0 -0.047103 0 0 0 0 0 0 0 0 0 0 0.012675 -0.018242 -0.041536 0.0041091 -0.0013648 0.0018533 0 0
0 0 0.09854 0 0 0 0 0 0 0 0 0 0 -0.026516 0.038162 0.086894 -0.0088632 0.0022196 -0.0036795 0 0
0 0 0.06887 0 0 0 0 0 0 0 0 0 0 -0.018533 0.026672 0.060731 -0.0061601 0.0016427 -0.0026013 0 0
-0 -0 -0.22084 0 0 0 0 0 0 0 0 0 0 0.059427 -0.085526 -0.19474 0.018376 -0.0080361 0.0091367 0 0
-0 -0 -0.048643 0 0 0 0 0 0 0 0 0 0 0.01309 -0.018838 -0.042895 0.004242 -0.0014128 0.0019149 0 0
0 0 0.014606 0 0 0 0 0 0 0 0 0 0 -0.0039305 0.0056566 0.01288 -0.0012921 0.00038362 -0.00056277 0 0
-0 -0 -0.035372 0 0 0 0 0 0 0 0 0 0 0.0095185 -0.013699 -0.031192 0.0030943 -0.0010068 0.0013864 0 0
-0 -0 -0.34564 0 0 0 0 0 0 0 0 0 0 0.09301 -0.13386 -0.30479 0.027586 -0.014332 0.014712 0 0
-0 -0 -0.13258 0 0 0 0 0 0 0 0 0 0 0.035676 -0.051343 -0.11691 0.011317 -0.0043309 0.0053555 0 0
-0 -0 -0.0012849 0 0 0 0 0 0 0 0 0 0 0.00034575 -0.0004976 -0.001133 0.00011327 -3.4648e-05 4.9782e-05 0 0
0 0 0.0078903 0 0 0 0 0 0 0 0 0 0 -0.0021232 0.0030557 0.0069578 -0.00069698 0.00020958 -0.00030473 0 0
0 0 0.041985 0 0 0 0 0 0 0 0 0 0 -0.011298 0.01626 0.037023 -0.0037354 0.0010518 -0.0016018 0 0
-0 -0 -0.12613 0 0 0 0 0 0 0 0 0 0 0.033941 -0.048847 -0.11122 0.010785 -0.0040856 0.0050855 0 0
0 0 0.15831 0 0 0 0 0 0 0 0 0 0 -0.042599 0.061308 0.1396 -0.014386 0.0031395 -0.0057687 0 0
-0 -0 -0.049621 0 0 0 0 0 0 0 0 0 0 0.013353 -0.019217 -0.043757 0.0043262 -0.0014433 0.001954 0 0
0 0 0.20563 0 0 0 0 0 0 0 0 0 0 -0.055334 0.079636 0.18133 -0.018821 0.0036367 -0.0073407 0 0
0 0 0.31321 0 0 0 0 0 0 0 0 0 0 -0.084282 0.1213 0.27619 -0.029054 0.0040011 -0.010623 0 0
0 0 0.058504 0 0 0 0 0 0 0 0 0 0 -0.015743 0.022657 0.05159 -0.0052223 0.0014226 -0.0022184 0 0
-0 -0 -0.086059 0 0 0 0 0 0 0 0 0 0 0.023158 -0.033328 -0.075888 0.0074361 -0.0026393 0.0034283 0 0
0 0 0.18397 0 0 0 0 0 0 0 0 0 0 -0.049505 0.071246 0.16223 -0.016785 0.0034346 -0.0066304 0 0
0 0 0.19284 0 0 0 0 0 0 0 0 0 0 -0.051893 0.074683 0.17005 -0.017618 0.0035226 -0.0069233 0 0
-0 -0 -0.32808 0 0 0 0 0 0 0 0 0 0 0.088284 -0.12706 -0.28931 0.026349 -0.013374 0.013914 0 0
0 0 0.044385 0 0 0 0 0 0 0 0 0 0 -0.011944 0.017189 0.03914 -0.0039508 0.0011071 -0.0016919 0 0
0 0 0.19753 0 0 0 0 0 0 0 0 0 0 -0.053155 0.076499 0.17419 -0.018059 0.0035662 -0.007077 0 0
-0 -0 -0.2364 0 0 0 0 0 0 0 0 0 0 0.063613 -0.091551 -0.20846 0.019575 -0.0087547 0.0098184 0 0
-0 -0 -0.15779 0 0 0 0 0 0 0 0 0 0 0.04246 -0.061108 -0.13914 0.013375 -0.0053239 0.0064197 0 0
0 0 0.041677 0 0 0 0 0 0 0 0 0 0 -0.011215 0.016141 0.036752 -0.0037078 0.0010446 -0.0015902 0 0
-0 -0 -0.026998 0 0 0 0 0 0 0 0 0 0 0.0072649 -0.010455 -0.023807 0.0023663 -0.00075854 0.0010552 0 0
0 0 0.30757 0 0 0 0 0 0 0 0 0 0 -0.082767 0.11912 0.27122 -0.028514 0.0040085 -0.010462 0 0
-0 -0 -0.19054 0 0 0 0 0 0 0 0 0 0 0.051273 -0.073791 -0.16802 0.016 -0.0066922 0.0078215 0 0
0 0 0.13024 0 0 0 0 0 0 0 0 0 0 -0.035046 0.050437 0.11484 -0.01178 0.0027479 -0.0048016 0 0
0 0 0.050539 0 0 0 0 0 0 0 0 0 0 -0.0136 0.019572 0.044566 -0.0045042 0.0012468 -0.0019221 0 0
0 0 0.17675 0 0 0 0 0 0 0 0 0 0 -0.047563 0.068451 0.15586 -0.016109 0.0033577 -0.0063903 0 0
0 0 0.19924 0 0 0 0 0 0 0 0 0 0 -0.053615 0.077161 0.17569 -0.01822 0.0035816 -0.0071328 0 0
0 0 0.27536 0 0 0 0 0 0 0 0 0 0 -0.074098 0.10664 0.24282 -0.025435 0.0039945 -0.0095161 0 0
0 0 0.34312 0 0 0 0 0 0 0 0 0 0 -0.092333 0.13288 0.30257 -0.031925 0.0039129 -0.011461 0 0
-0 -0 -0.15095 0 0 0 0 0 0 0 0 0 0 0.04062 -0.05846 -0.13311 0.01282 -0.0050494 0.0061298 0 0
-0 -0 -0.21811 0 0 0 0 0 0 0 0 0 0 0.058693 -0.08447 -0.19234 0.018164 -0.0079122 0.0090178 0 0
0 0 0.20248 0 0 0 0 0 0 0 0 0 0 -0.054486 0.078415 0.17855 -0.018524 0.00361 -0.0072383 0 0
-0 -0 -0.15389 0 0 0 0 0 0 0 0 0 0 0.041412 -0.059599 -0.13571 0.013059 -0.005167 0.0062544 0 0
-0 -0 -0.32068 0 0 0 0 0 0 0 0 0 0 0.086294 -0.12419 -0.28278 0.025822 -0.012978 0.013579 0 0
0 0 0.32638 0 0 0 0 0 0 0 0 0 0 -0.087826 0.1264 0.28781 -0.030317 0.0039724 -0.010996 0 0
-0 -0 -0.18896 0 0 0 0 0 0 0 0 0 0 0.050847 -0.073178 -0.16663 0.015874 -0.0066241 0.0077533 0 0
0 0 0.040306 0 0 0 0 0 0 0 0 0 0 -0.010846 0.01561 0.035543 -0.0035848 0.0010127 -0.0015387 0 0
-0 -0 -0.20876 0 0 0 0 0 0 0 0 0 0 0.056175 -0.080846 -0.18408 0.017434 -0.0074913 0.0086102 0 0
-0 -0 -0.33911 0 0 0 0 0 0 0 0 0 0 0.091252 -0.13133 -0.29903 0.027128 -0.013973 0.014415 0 0
-0 -0 -0.22778 0 0 0 0 0 0 0 0 0 0 0.061294 -0.088213 -0.20086 0.018912 -0.0083543 0.0094403 0 0
-0 -0 -0.23946 0 0 0 0 0 0 0 0 0 0 0.064437 -0.092736 -0.21116 0.01981 -0.0088984 0.0099531 0 0
-0 -0 -0.047832 0 0 0 0 0 0 0 0 0 0 0.012871 -0.018524 -0.042179 0.004172 -0.0013875 0.0018825 0 0
-0 -0 -0.017263 0 0 0 0 0 0 0 0 0 0 0.0046454 -0.0066856 -0.015223 0.0015164 -0.00047766 0.00067253 0 0
-0 -0 -0.2367 0 0 0 0 0 0 0 0 0 0 0.063696 -0.091669 -0.20873 0.019599 -0.0087691 0.0098319 0 0
0 0 0.029603 0 0 0 0 0 0 0 0 0 0 -0.0079661 0.011465 0.026105 -0.0026271 0.00075785 -0.0011345 0 0
-0 -0 -0.077995 0 0 0 0 0 0 0 0 0 0 0.020988 -0.030205 -0.068777 0.006753 -0.0023647 0.0030993 0 0
-0 -0 -0.23325 0 0 0 0 0 0 0 0 0 0 0.062765 -0.09033 -0.20568 0.019333 -0.0086076 0.00968 0 0
0 0 0.21911 0 0 0 0 0 0 0 0 0 0 -0.058962 0.084857 0.19322 -0.020094 0.0037408 -0.0077746 0 0
0 0 0.048065 0 0 0 0 0 0 0 0 0 0 -0.012934 0.018614 0.042384 -0.0042815 0.0011911 -0.0018296 0 0
-0 -0 -0.32431 0 0 0 0 0 0 0 0 0 0 0.08727 -0.1256 -0.28598 0.026081 -0.013172 0.013743 0 0
0 0 0.24474 0 0 0 0 0 0 0 0 0 0 -0.065858 0.094782 0.21582 -0.022521 0.0038925 -0.0085819 0 0
0 0 0.26826 0 0 0 0 0 0 0 0 0 0 -0.072188 0.10389 0.23656 -0.024758 0.0039785 -0.0093025 0 0
-0 -0 -0.056154 0 0 0 0 0 0 0 0 0 0 0.015111 -0.021747 -0.049517 0.0048881 -0.0016493 0.002216 0 0
-0 -0 -0.091156 0 0 0 0 0 0 0 0 0 0 0.02453 -0.035302 -0.080383 0.0078664 -0.0028157 0.0036371 0 0
-0 -0 -0.2942 0 0 0 0 0 0 0 0 0 0 0.079168 -0.11394 -0.25943 0.023907 -0.011592 0.012386 0 0
0 0 0.023373 0 0 0 0 0 0 0 0 0 0 -0.0062895 0.0090517 0.020611 -0.0020715 0.00060481 -0.00089774 0 0
-0 -0 -0.15416 0 0 0 0 0 0 0 0 0 0 0.041482 -0.059701 -0.13594 0.013081 -0.0051775 0.0062655 0 0
-0 -0 -0.14495 0 0 0 0 0 0 0 0 0 0 0.039005 -0.056136 -0.12782 0.012331 -0.0048117 0.0058761 0 0
-0 -0 -0.18947 0 0 0 0 0 0 0 0 0 0 0.050985 -0.073376 -0.16708 0.015915 -0.0066461 0.0077753 0 0
0 0 0.29308 0 0 0 0 0 0 0 0 0 0 -0.078866 0.1135 0.25844 -0.027127 0.004014 -0.010041 0 0
-0 -0 -0.30024 0 0 0 0 0 0 0 0 0 0 0.080794 -0.11628 -0.26476 0.024348 -0.011903 0.012658 0 0
-0 -0 -0.20563 0 0 0 0 0 0 0 0 0 0 0.055335 -0.079637 -0.18133 0.01719 -0.0073524 0.0084746 0 0
0 0 0.14938 0 0 0 0 0 0 0 0 0 0 -0.040197 0.05785 0.13172 -0.013555 0.0030227 -0.0054638 0 0
-0 -0 -0.23928 0 0 0 0 0 0 0 0 0 0 0.064388 -0.092666 -0.211 0.019796 -0.0088899 0.0099451 0 0
0 0 0.11926 0 0 0 0 0 0 0 0 0 0 -0.032093 0.046188 0.10517 -0.010767 0.0025753 -0.0044167 0 0
-0 -0 -0.12439 0 0 0 0 0 0 0 0 0 0 0.033473 -0.048174 -0.10969 0.010642 -0.00402 0.0050129 0 0
0 0 0.12924 0 0 0 0 0 0 0 0 0 0 -0.034778 0.050051 0.11397 -0.011688 0.0027327 -0.0047668 0 0
