-0 -0 -0.18892 0 0 0 0 0 0 0 0 0 0 0.050838 -0.073164 -0.16659 0.01145 -0.014663 0.009934 0 0
0 0 0.32815 0 0 0 0 0 0 0 0 0 0 -0.088304 0.12708 0.28937 -0.026599 0.018895 -0.016415 0 0
-0 -0 -0.01074 0 0 0 0 0 0 0 0 0 0 0.00289 -0.0041593 -0.0094706 0.00073431 -0.00076683 0.00056085 0 0
0 0 0.16206 0 0 0 0 0 0 0 0 0 0 -0.043611 0.062764 0.14291 -0.012189 0.010477 -0.008321 0 0
-0 -0 -0.21917 0 0 0 0 0 0 0 0 0 0 0.058977 -0.084878 -0.19327 0.012981 -0.017224 0.011526 0 0
-0 -0 -0.28783 0 0 0 0 0 0 0 0 0 0 0.077454 -0.11147 -0.25381 0.016129 -0.023229 0.015124 0 0
0 0 0.20172 0 0 0 0 0 0 0 0 0 0 -0.054283 0.078123 0.17789 -0.015468 0.01271 -0.010302 0 0
-0 -0 -0.33413 0 0 0 0 0 0 0 0 0 0 0.089912 -0.1294 -0.29464 0.017989 -0.027417 0.01753 0 0
0 0 0.044386 0 0 0 0 0 0 0 0 0 0 -0.011944 0.01719 0.03914 -0.0031351 0.0030768 -0.002308 0 0
0 0 0.25546 0 0 0 0 0 0 0 0 0 0 -0.068744 0.098934 0.22527 -0.020078 0.015516 -0.012941 0 0
0 0 0.13917 0 0 0 0 0 0 0 0 0 0 -0.037451 0.053898 0.12272 -0.010347 0.0091269 -0.0071659 0 0
0 0 0.26559 0 0 0 0 0 0 0 0 0 0 -0.071468 0.10286 0.2342 -0.020967 0.016016 -0.013432 0 0
0 0 0.22617 0 0 0 0 0 0 0 0 0 0 -0.060862 0.087591 0.19944 -0.017542 0.014019 -0.01151 0 0
0 0 0.22529 0 0 0 0 0 0 0 0 0 0 -0.060623 0.087248 0.19866 -0.017466 0.013972 -0.011466 0 0
-0 -0 -0.081067 0 0 0 0 0 0 0 0 0 0 0.021815 -0.031395 -0.071486 0.0053008 -0.0059949 0.0042504 0 0
0 0 0.059601 0 0 0 0 0 0 0 0 0 0 -0.016038 0.023082 0.052558 -0.0042463 0.0040965 -0.0030949 0 0
-0 -0 -0.34808 0 0 0 0 0 0 0 0 0 0 0.093668 -0.1348 -0.30695 0.018507 -0.0287 0.018252 0 0
-0 -0 -0.1387 0 0 0 0 0 0 0 0 0 0 0.037324 -0.053716 -0.12231 0.0087193 -0.010534 0.0072871 0 0
-0 -0 -0.20317 0 0 0 0 0 0 0 0 0 0 0.054671 -0.078681 -0.17916 0.012182 -0.015863 0.010684 0 0
-0 -0 -0.26729 0 0 0 0 0 0 0 0 0 0 0.071926 -0.10351 -0.2357 0.015235 -0.021406 0.01405 0 0
0 0 0.31925 0 0 0 0 0 0 0 0 0 0 -0.085908 0.12364 0.28152 -0.025783 0.018508 -0.015996 0 0
0 0 0.008215 0 0 0 0 0 0 0 0 0 0 -0.0022106 0.0031815 0.0072442 -0.00056813 0.00058074 -0.00042842 0 0
-0 -0 -0.093062 0 0 0 0 0 0 0 0 0 0 0.025042 -0.03604 -0.082064 0.0060367 -0.0069212 0.0048818 0 0
-0 -0 -0.24219 0 0 0 0 0 0 0 0 0 0 0.065171 -0.093793 -0.21357 0.014087 -0.019209 0.012735 0 0
0 0 0.094409 0 0 0 0 0 0 0 0 0 0 -0.025405 0.036562 0.083252 -0.0068562 0.0063604 -0.0048856 0 0
0 0 0.089394 0 0 0 0 0 0 0 0 0 0 -0.024055 0.03462 0.078829 -0.0064744 0.0060402 -0.0046284 0 0
0 0 0.30933 0 0 0 0 0 0 0 0 0 0 -0.08324 0.1198 0.27278 -0.024881 0.018067 -0.015527 0 0
0 0 0.27764 0 0 0 0 0 0 0 0 0 0 -0.074713 0.10752 0.24483 -0.022034 0.016599 -0.014014 0 0
0 0 0.089052 0 0 0 0 0 0 0 0 0 0 -0.023964 0.034488 0.078528 -0.0064485 0.0060183 -0.0046109 0 0
0 0 0.1606 0 0 0 0 0 0 0 0 0 0 -0.043216 0.062196 0.14162 -0.01207 0.010392 -0.0082473 0 0
0 0 0.18158 0 0 0 0 0 0 0 0 0 0 -0.048862 0.070321 0.16012 -0.013789 0.011593 -0.0092991 0 0
0 0 0.129 0 0 0 0 0 0 0 0 0 0 -0.034712 0.049957 0.11375 -0.0095408 0.0085126 -0.00665 0 0
0 0 0.072344 0 0 0 0 0 0 0 0 0 0 -0.019467 0.028017 0.063794 -0.0051909 0.0049365 -0.003752 0 0
-0 -0 -0.10241 0 0 0 0 0 0 0 0 0 0 0.027557 -0.039659 -0.090304 0.0066012 -0.0076497 0.005374 0 0
0 0 0.32484 0 0 0 0 0 0 0 0 0 0 -0.087414 0.1258 0.28645 -0.026295 0.018752 -0.01626 0 0
-0 -0 -0.12478 0 0 0 0 0 0 0 0 0 0 0.033578 -0.048325 -0.11003 0.0079211 -0.0094176 0.0065532 0 0
-0 -0 -0.083737 0 0 0 0 0 0 0 0 0 0 0.022533 -0.032429 -0.073841 0.0054657 -0.0062003 0.0043909 0 0
-0 -0 -0.027053 0 0 0 0 0 0 0 0 0 0 0.0072798 -0.010477 -0.023856 0.0018312 -0.0019479 0.0014143 0 0
-0 -0 -0.2487 0 0 0 0 0 0 0 0 0 0 0.066925 -0.096317 -0.21931 0.014391 -0.019776 0.013077 0 0
-0 -0 -0.14536 0 0 0 0 0 0 0 0 0 0 0.039115 -0.056293 -0.12818 0.0090946 -0.011072 0.0076379 0 0
-0 -0 -0.01193 0 0 0 0 0 0 0 0 0 0 0.0032103 -0.0046202 -0.01052 0.00081508 -0.00085233 0.00062305 0 0
-0 -0 -0.015356 0 0 0 0 0 0 0 0 0 0 0.0041321 -0.0059469 -0.013541 0.0010469 -0.001099 0.00080215 0 0
0 0 0.24162 0 0 0 0 0 0 0 0 0 0 -0.065018 0.093573 0.21306 -0.018872 0.014818 -0.012267 0 0
0 0 0.277 0 0 0 0 0 0 0 0 0 0 -0.07454 0.10728 0.24427 -0.021977 0.016568 -0.013983 0 0
-0 -0 -0.23739 0 0 0 0 0 0 0 0 0 0 0.06388 -0.091935 -0.20933 0.013861 -0.018793 0.012483 0 0
0 0 0.088566 0 0 0 0 0 0 0 0 0 0 -0.023833 0.034299 0.078099 -0.0064116 0.0059871 -0.0045859 0 0
-0 -0 -0.015559 0 0 0 0 0 0 0 0 0 0 0.0041868 -0.0060255 -0.01372 0.0010607 -0.0011137 0.00081277 0 0
-0 -0 -0.076974 0 0 0 0 0 0 0 0 0 0 0.020713 -0.02981 -0.067877 0.0050467 -0.005681 0.004035 0 0
-0 -0 -0.025068 0 0 0 0 0 0 0 0 0 0 0.0067456 -0.0097081 -0.022105 0.0016989 -0.0018031 0.0013103 0 0
0 0 0.28795 0 0 0 0 0 0 0 0 0 0 -0.077487 0.11152 0.25392 -0.022954 0.017087 -0.014509 0 0
0 0 0.067833 0 0 0 0 0 0 0 0 0 0 -0.018253 0.02627 0.059816 -0.004855 0.0046406 -0.0035196 0 0
-0 -0 -0.10384 0 0 0 0 0 0 0 0 0 0 0.027943 -0.040216 -0.09157 0.0066873 -0.0077622 0.0054496 0 0
-0 -0 -0.081556 0 0 0 0 0 0 0 0 0 0 0.021946 -0.031585 -0.071918 0.0053311 -0.0060325 0.0042761 0 0
-0 -0 -0.30444 0 0 0 0 0 0 0 0 0 0 0.081924 -0.1179 -0.26846 0.016821 -0.02472 0.015989 0 0
0 0 0.030333 0 0 0 0 0 0 0 0 0 0 -0.0081623 0.011747 0.026748 -0.0021252 0.0021189 -0.0015791 0 0
-0 -0 -0.34185 0 0 0 0 0 0 0 0 0 0 0.091989 -0.13239 -0.30145 0.018278 -0.028125 0.017929 0 0
0 0 0.3441 0 0 0 0 0 0 0 0 0 0 -0.092597 0.13326 0.30344 -0.028071 0.019572 -0.017162 0 0
-0 -0 -0.3307 0 0 0 0 0 0 0 0 0 0 0.08899 -0.12807 -0.29162 0.017858 -0.027103 0.017353 0 0
-0 -0 -0.24661 0 0 0 0 0 0 0 0 0 0 0.066363 -0.095508 -0.21747 0.014294 -0.019594 0.012967 0 0
0 0 0.14595 0 0 0 0 0 0 0 0 0 0 -0.039274 0.056523 0.1287 -0.010889 0.0095313 -0.0075088 0 0
0 0 0.26633 0 0 0 0 0 0 0 0 0 0 -0.071669 0.10314 0.23486 -0.021033 0.016052 -0.013468 0 0
-0 -0 -0.18357 0 0 0 0 0 0 0 0 0 0 0.049399 -0.071094 -0.16188 0.011171 -0.014216 0.0096524 0 0
-0 -0 -0.24572 0 0 0 0 0 0 0 0 0 0 0.066123 -0.095162 -0.21668 0.014253 -0.019516 0.01292 0 0
0 0 0.18771 0 0 0 0 0 0 0 0 0 0 -0.050512 0.072696 0.16553 -0.014297 0.011937 -0.0096053 0 0
-0 -0 -0.12712 0 0 0 0 0 0 0 0 0 0 0.034207 -0.04923 -0.1121 0.0080564 -0.0096042 0.0066764 0 0
-0 -0 -0.21043 0 0 0 0 0 0 0 0 0 0 0.056627 -0.081496 -0.18557 0.012548 -0.016479 0.011067 0 0
0 0 0.25654 0 0 0 0 0 0 0 0 0 0 -0.069032 0.09935 0.22622 -0.020172 0.01557 -0.012993 0 0
0 0 0.26568 0 0 0 0 0 0 0 0 0 0 -0.071493 0.10289 0.23428 -0.020975 0.01602 -0.013436 0 0
0 0 0.022451 0 0 0 0 0 0 0 0 0 0 -0.0060413 0.0086946 0.019797 -0.0015658 0.001575 -0.0011695 0 0
0 0 0.13974 0 0 0 0 0 0 0 0 0 0 -0.037603 0.054117 0.12322 -0.010393 0.0091608 -0.0071946 0 0
0 0 0.18025 0 0 0 0 0 0 0 0 0 0 -0.048504 0.069806 0.15895 -0.013679 0.011518 -0.0092327 0 0
-0 -0 -0.0058436 0 0 0 0 0 0 0 0 0 0 0.0015725 -0.0022631 -0.005153 0.00040073 -0.00041618 0.00030506 0 0
-0 -0 -0.088637 0 0 0 0 0 0 0 0 0 0 0.023852 -0.034327 -0.078162 0.0057667 -0.0065784 0.0046489 0 0
0 0 0.13822 0 0 0 0 0 0 0 0 0 0 -0.037195 0.05353 0.12189 -0.010272 0.0090698 -0.0071178 0 0
0 0 0.2944 0 0 0 0 0 0 0 0 0 0 -0.079222 0.11401 0.25961 -0.023532 0.017387 -0.014817 0 0
-0 -0 -0.23004 0 0 0 0 0 0 0 0 0 0 0.061903 -0.089089 -0.20285 0.01351 -0.018158 0.012097 0 0
-0 -0 -0.2823 0 0 0 0 0 0 0 0 0 0 0.075965 -0.10933 -0.24894 0.015892 -0.022736 0.014835 0 0
-0 -0 -0.0082396 0 0 0 0 0 0 0 0 0 0 0.0022172 -0.003191 -0.0072658 0.00056422 -0.00058754 0.00043021 0 0
0 0 0.044235 0 0 0 0 0 0 0 0 0 0 -0.011904 0.017131 0.039008 -0.0031242 0.0030666 -0.0023002 0 0
-0 -0 -0.20389 0 0 0 0 0 0 0 0 0 0 0.054866 -0.078962 -0.17979 0.012219 -0.015924 0.010722 0 0
-0 -0 -0.055361 0 0 0 0 0 0 0 0 0 0 0.014897 -0.02144 -0.048818 0.003681 -0.0040431 0.0028989 0 0
-0 -0 -0.22898 0 0 0 0 0 0 0 0 0 0 0.061618 -0.088679 -0.20192 0.013459 -0.018067 0.012042 0 0
-0 -0 -0.25346 0 0 0 0 0 0 0 0 0 0 0.068204 -0.098158 -0.2235 0.01461 -0.020191 0.013326 0 0
-0 -0 -0.27662 0 0 0 0 0 0 0 0 0 0 0.074436 -0.10713 -0.24393 0.015646 -0.022231 0.014538 0 0
0 0 0.15813 0 0 0 0 0 0 0 0 0 0 -0.042551 0.061239 0.13944 -0.01187 0.010248 -0.008123 0 0
-0 -0 -0.24141 0 0 0 0 0 0 0 0 0 0 0.064963 -0.093493 -0.21288 0.014051 -0.019141 0.012694 0 0
-0 -0 -0.28559 0 0 0 0 0 0 0 0 0 0 0.07685 -0.1106 -0.25184 0.016033 -0.023029 0.015006 0 0
-0 -0 -0.26857 0 0 0 0 0 0 0 0 0 0 0.072271 -0.10401 -0.23683 0.015292 -0.021519 0.014117 0 0
-0 -0 -0.076185 0 0 0 0 0 0 0 0 0 0 0.020501 -0.029505 -0.067182 0.0049976 -0.0056207 0.0039936 0 0
0 0 0.012484 0 0 0 0 0 0 0 0 0 0 -0.0033593 0.0048346 0.011008 -0.00086554 0.0008805 -0.00065082 0 0
0 0 0.30077 0 0 0 0 0 0 0 0 0 0 -0.080935 0.11648 0.26522 -0.024105 0.017679 -0.01512 0 0
0 0 0.31818 0 0 0 0 0 0 0 0 0 0 -0.085621 0.12322 0.28058 -0.025686 0.018461 -0.015946 0 0
-0 -0 -0.29034 0 0 0 0 0 0 0 0 0 0 0.078128 -0.11244 -0.25603 0.016235 -0.023453 0.015254 0 0
-0 -0 -0.23141 0 0 0 0 0 0 0 0 0 0 0.06227 -0.089618 -0.20406 0.013576 -0.018276 0.012169 0 0
0 0 0.23916 0 0 0 0 0 0 0 0 0 0 -0.064358 0.092622 0.2109 -0.01866 0.014692 -0.012147 0 0
0 0 0.33211 0 0 0 0 0 0 0 0 0 0 -0.08937 0.12862 0.29286 -0.026963 0.019066 -0.016601 0 0
-0 -0 -0.087415 0 0 0 0 0 0 0 0 0 0 0.023523 -0.033854 -0.077084 0.0056919 -0.0064839 0.0045845 0 0
0 0 0.33816 0 0 0 0 0 0 0 0 0 0 -0.090997 0.13096 0.29819 -0.027521 0.019322 -0.016884 0 0
0 0 0.1233 0 0 0 0 0 0 0 0 0 0 -0.03318 0.047752 0.10873 -0.0090928 0.008165 -0.0063606 0 0
0 0 0.31148 0 0 0 0 0 0 0 0 0 0 -0.083818 0.12063 0.27467 -0.025076 0.018164 -0.015629 0 0
