0 0 0.0032183 0 0 0 0 0 0 0 0 0 0 -0.001225 0.0014191 0.0026158 0.00014724 0.00045371 -0.00017719 0 0
0 0 0.11688 0 0 0 0 0 0 0 0 0 0 -0.044492 0.051541 0.095005 0.0044145 0.01655 -0.0069112 0 0
0 0 0.17132 0 0 0 0 0 0 0 0 0 0 -0.065215 0.075546 0.13925 0.0058062 0.024272 -0.010449 0 0
0 0 0.12973 0 0 0 0 0 0 0 0 0 0 -0.049383 0.057206 0.10545 0.0047814 0.018373 -0.0077285 0 0
-0 -0 -0.14212 0 0 0 0 0 0 0 0 0 0 0.054098 -0.062669 -0.11552 -0.0079114 -0.019799 0.0070362 0 0
0 0 0.11471 0 0 0 0 0 0 0 0 0 0 -0.043663 0.05058 0.093235 0.00435 0.016241 -0.0067737 0 0
-0 -0 -0.08991 0 0 0 0 0 0 0 0 0 0 0.034224 -0.039646 -0.07308 -0.0046887 -0.01259 0.0046342 0 0
-0 -0 -0.14105 0 0 0 0 0 0 0 0 0 0 0.053691 -0.062196 -0.11465 -0.0078416 -0.019652 0.0069891 0 0
-0 -0 -0.32006 0 0 0 0 0 0 0 0 0 0 0.12183 -0.14113 -0.26015 -0.021513 -0.043512 0.01353 0 0
0 0 0.1644 0 0 0 0 0 0 0 0 0 0 -0.062581 0.072495 0.13363 0.005653 0.023291 -0.0099882 0 0
-0 -0 -0.052043 0 0 0 0 0 0 0 0 0 0 0.01981 -0.022949 -0.042301 -0.0025795 -0.0073101 0.0027577 0 0
-0 -0 -0.23718 0 0 0 0 0 0 0 0 0 0 0.090282 -0.10459 -0.19278 -0.014688 -0.032658 0.010839 0 0
-0 -0 -0.18881 0 0 0 0 0 0 0 0 0 0 0.071872 -0.083259 -0.15347 -0.011096 -0.026164 0.0089976 0 0
0 0 0.17682 0 0 0 0 0 0 0 0 0 0 -0.067307 0.07797 0.14372 0.0059229 0.025051 -0.010816 0 0
-0 -0 -0.28432 0 0 0 0 0 0 0 0 0 0 0.10823 -0.12537 -0.2311 -0.018469 -0.038878 0.012442 0 0
0 0 0.073046 0 0 0 0 0 0 0 0 0 0 -0.027805 0.03221 0.059373 0.0029852 0.010331 -0.0042066 0 0
-0 -0 -0.10278 0 0 0 0 0 0 0 0 0 0 0.039124 -0.045322 -0.083543 -0.0054496 -0.014375 0.0052465 0 0
0 0 0.22691 0 0 0 0 0 0 0 0 0 0 -0.086373 0.10006 0.18443 0.006785 0.032132 -0.014254 0 0
-0 -0 -0.010291 0 0 0 0 0 0 0 0 0 0 0.0039174 -0.004538 -0.008365 -0.00048049 -0.0014497 0.00056146 0 0
0 0 0.16621 0 0 0 0 0 0 0 0 0 0 -0.063269 0.073292 0.1351 0.0056937 0.023547 -0.010108 0 0
0 0 0.20429 0 0 0 0 0 0 0 0 0 0 -0.077764 0.090084 0.16605 0.0064409 0.028938 -0.012683 0 0
-0 -0 -0.24748 0 0 0 0 0 0 0 0 0 0 0.094203 -0.10913 -0.20115 -0.015491 -0.034027 0.011205 0 0
0 0 0.19633 0 0 0 0 0 0 0 0 0 0 -0.074735 0.086574 0.15958 0.0063021 0.027813 -0.012137 0 0
-0 -0 -0.15233 0 0 0 0 0 0 0 0 0 0 0.057983 -0.067169 -0.12381 -0.0085833 -0.021198 0.0074802 0 0
-0 -0 -0.055996 0 0 0 0 0 0 0 0 0 0 0.021315 -0.024692 -0.045514 -0.0027906 -0.007863 0.0029588 0 0
0 0 0.012345 0 0 0 0 0 0 0 0 0 0 -0.0046992 0.0054437 0.010034 0.00055698 0.0017413 -0.00068383 0 0
-0 -0 -0.029241 0 0 0 0 0 0 0 0 0 0 0.011131 -0.012894 -0.023767 -0.0014035 -0.004114 0.0015746 0 0
0 0 0.29086 0 0 0 0 0 0 0 0 0 0 -0.11071 0.12825 0.23641 0.0073548 0.041113 -0.01886 0 0
0 0 0.047353 0 0 0 0 0 0 0 0 0 0 -0.018025 0.020881 0.038489 0.0020207 0.0066906 -0.0026834 0 0
0 0 0.096061 0 0 0 0 0 0 0 0 0 0 -0.036566 0.042358 0.078079 0.0037697 0.013595 -0.0056101 0 0
0 0 0.2772 0 0 0 0 0 0 0 0 0 0 -0.10552 0.12223 0.22531 0.0072833 0.039202 -0.017857 0 0
-0 -0 -0.12062 0 0 0 0 0 0 0 0 0 0 0.045915 -0.053189 -0.098044 -0.0065407 -0.016842 0.0060735 0 0
0 0 0.24265 0 0 0 0 0 0 0 0 0 0 -0.092364 0.107 0.19723 0.0069806 0.03435 -0.015366 0 0
-0 -0 -0.0027566 0 0 0 0 0 0 0 0 0 0 0.0010493 -0.0012155 -0.0022406 -0.00012726 -0.00038849 0.00015116 0 0
-0 -0 -0.15316 0 0 0 0 0 0 0 0 0 0 0.058301 -0.067537 -0.12449 -0.0086388 -0.021312 0.007516 0 0
-0 -0 -0.087239 0 0 0 0 0 0 0 0 0 0 0.033208 -0.038469 -0.070909 -0.0045336 -0.012219 0.0045055 0 0
0 0 0.02706 0 0 0 0 0 0 0 0 0 0 -0.010301 0.011932 0.021995 0.0011931 0.0038198 -0.0015135 0 0
-0 -0 -0.13072 0 0 0 0 0 0 0 0 0 0 0.04976 -0.057644 -0.10625 -0.0071772 -0.018233 0.0065305 0 0
-0 -0 -0.050409 0 0 0 0 0 0 0 0 0 0 0.019188 -0.022228 -0.040973 -0.0024929 -0.0070815 0.0026743 0 0
0 0 0.10939 0 0 0 0 0 0 0 0 0 0 -0.041639 0.048235 0.088912 0.0041895 0.015486 -0.0064394 0 0
0 0 0.10358 0 0 0 0 0 0 0 0 0 0 -0.039429 0.045675 0.084194 0.0040098 0.014663 -0.0060767 0 0
-0 -0 -0.32697 0 0 0 0 0 0 0 0 0 0 0.12446 -0.14418 -0.26576 -0.022119 -0.044399 0.013728 0 0
0 0 0.23676 0 0 0 0 0 0 0 0 0 0 -0.090123 0.1044 0.19244 0.0069117 0.033521 -0.014948 0 0
-0 -0 -0.089503 0 0 0 0 0 0 0 0 0 0 0.034069 -0.039467 -0.072749 -0.004665 -0.012533 0.0046146 0 0
-0 -0 -0.13125 0 0 0 0 0 0 0 0 0 0 0.049959 -0.057873 -0.10668 -0.0072104 -0.018305 0.0065538 0 0
0 0 0.024555 0 0 0 0 0 0 0 0 0 0 -0.0093469 0.010828 0.019959 0.001087 0.0034658 -0.0013712 0 0
0 0 0.29494 0 0 0 0 0 0 0 0 0 0 -0.11227 0.13006 0.23973 0.0073709 0.041684 -0.019162 0 0
-0 -0 -0.12864 0 0 0 0 0 0 0 0 0 0 0.048967 -0.056724 -0.10456 -0.0070447 -0.017946 0.0064368 0 0
0 0 0.21742 0 0 0 0 0 0 0 0 0 0 -0.082762 0.095873 0.17672 0.0066497 0.030793 -0.013591 0 0
0 0 0.30762 0 0 0 0 0 0 0 0 0 0 -0.1171 0.13565 0.25004 0.0074054 0.043452 -0.020105 0 0
-0 -0 -0.29918 0 0 0 0 0 0 0 0 0 0 0.11388 -0.13192 -0.24317 -0.019716 -0.040813 0.012908 0 0
-0 -0 -0.11951 0 0 0 0 0 0 0 0 0 0 0.045491 -0.052698 -0.097138 -0.0064714 -0.016688 0.0060226 0 0
0 0 0.26465 0 0 0 0 0 0 0 0 0 0 -0.10074 0.1167 0.21511 0.0071935 0.037443 -0.016944 0 0
0 0 0.076057 0 0 0 0 0 0 0 0 0 0 -0.028951 0.033538 0.06182 0.0030921 0.010758 -0.0043881 0 0
0 0 0.10844 0 0 0 0 0 0 0 0 0 0 -0.041277 0.047816 0.08814 0.0041605 0.015352 -0.0063799 0 0
0 0 0.24242 0 0 0 0 0 0 0 0 0 0 -0.092277 0.1069 0.19704 0.006978 0.034317 -0.015349 0 0
0 0 0.064501 0 0 0 0 0 0 0 0 0 0 -0.024552 0.028442 0.052427 0.0026748 0.0091196 -0.0036948 0 0
-0 -0 -0.27675 0 0 0 0 0 0 0 0 0 0 0.10534 -0.12203 -0.22494 -0.017843 -0.037887 0.012198 0 0
-0 -0 -0.14521 0 0 0 0 0 0 0 0 0 0 0.055275 -0.064032 -0.11803 -0.0081134 -0.020223 0.0071715 0 0
-0 -0 -0.10013 0 0 0 0 0 0 0 0 0 0 0.038114 -0.044152 -0.081386 -0.0052909 -0.014008 0.0051214 0 0
-0 -0 -0.047713 0 0 0 0 0 0 0 0 0 0 0.018162 -0.021039 -0.038782 -0.0023507 -0.0067041 0.0025361 0 0
0 0 0.11076 0 0 0 0 0 0 0 0 0 0 -0.042161 0.04884 0.090027 0.0042313 0.015681 -0.0065255 0 0
-0 -0 -0.34587 0 0 0 0 0 0 0 0 0 0 0.13166 -0.15251 -0.28113 -0.023806 -0.046811 0.014247 0 0
-0 -0 -0.23435 0 0 0 0 0 0 0 0 0 0 0.089206 -0.10334 -0.19048 -0.01447 -0.032281 0.010736 0 0
0 0 0.32227 0 0 0 0 0 0 0 0 0 0 -0.12267 0.14211 0.26195 0.007416 0.045491 -0.021206 0 0
-0 -0 -0.22456 0 0 0 0 0 0 0 0 0 0 0.085479 -0.099021 -0.18252 -0.013722 -0.030974 0.010377 0 0
-0 -0 -0.28303 0 0 0 0 0 0 0 0 0 0 0.10773 -0.1248 -0.23005 -0.018361 -0.038708 0.012401 0 0
0 0 0.18633 0 0 0 0 0 0 0 0 0 0 -0.070926 0.082162 0.15145 0.0061146 0.026397 -0.011457 0 0
0 0 0.21284 0 0 0 0 0 0 0 0 0 0 -0.081019 0.093854 0.173 0.0065798 0.030146 -0.013273 0 0
0 0 0.035798 0 0 0 0 0 0 0 0 0 0 -0.013627 0.015785 0.029097 0.0015565 0.0050554 -0.0020136 0 0
-0 -0 -0.1999 0 0 0 0 0 0 0 0 0 0 0.076093 -0.088148 -0.16248 -0.011893 -0.027662 0.009437 0 0
0 0 0.25715 0 0 0 0 0 0 0 0 0 0 -0.097884 0.11339 0.20901 0.0071289 0.036389 -0.016403 0 0
0 0 0.25064 0 0 0 0 0 0 0 0 0 0 -0.095406 0.11052 0.20372 0.0070661 0.035474 -0.015936 0 0
0 0 0.32711 0 0 0 0 0 0 0 0 0 0 -0.12452 0.14424 0.26588 0.0074125 0.046163 -0.021572 0 0
-0 -0 -0.12121 0 0 0 0 0 0 0 0 0 0 0.04614 -0.05345 -0.098525 -0.0065776 -0.016923 0.0061005 0 0
-0 -0 -0.23381 0 0 0 0 0 0 0 0 0 0 0.089 -0.1031 -0.19004 -0.014428 -0.032209 0.010717 0 0
0 0 0.12609 0 0 0 0 0 0 0 0 0 0 -0.047997 0.055601 0.10249 0.0046798 0.017857 -0.0074958 0 0
0 0 0.32754 0 0 0 0 0 0 0 0 0 0 -0.12468 0.14443 0.26623 0.0074121 0.046222 -0.021605 0 0
-0 -0 -0.0018481 0 0 0 0 0 0 0 0 0 0 0.00070348 -0.00081493 -0.0015022 -8.5204e-05 -0.00026047 0.0001014 0 0
-0 -0 -0.13154 0 0 0 0 0 0 0 0 0 0 0.05007 -0.058003 -0.10692 -0.0072291 -0.018345 0.006567 0 0
0 0 0.30467 0 0 0 0 0 0 0 0 0 0 -0.11597 0.13434 0.24764 0.0073995 0.043041 -0.019885 0 0
0 0 0.2003 0 0 0 0 0 0 0 0 0 0 -0.076243 0.088321 0.1628 0.0063724 0.028373 -0.012408 0 0
0 0 0.26364 0 0 0 0 0 0 0 0 0 0 -0.10036 0.11625 0.21429 0.0071853 0.037301 -0.016871 0 0
0 0 0.3322 0 0 0 0 0 0 0 0 0 0 -0.12645 0.14649 0.27002 0.0074053 0.046868 -0.021958 0 0
-0 -0 -0.27291 0 0 0 0 0 0 0 0 0 0 0.10388 -0.12034 -0.22183 -0.017529 -0.037383 0.012072 0 0
0 0 0.0092584 0 0 0 0 0 0 0 0 0 0 -0.0035242 0.0040825 0.0075254 0.0004197 0.0013057 -0.0005118 0 0
-0 -0 -0.33699 0 0 0 0 0 0 0 0 0 0 0.12828 -0.1486 -0.27391 -0.023008 -0.045681 0.014007 0 0
0 0 0.10898 0 0 0 0 0 0 0 0 0 0 -0.041484 0.048056 0.088582 0.0041771 0.015429 -0.006414 0 0
0 0 0.22211 0 0 0 0 0 0 0 0 0 0 -0.084545 0.097939 0.18053 0.0067182 0.031455 -0.013918 0 0
-0 -0 -0.17932 0 0 0 0 0 0 0 0 0 0 0.068259 -0.079073 -0.14576 -0.010426 -0.024877 0.0086134 0 0
-0 -0 -0.085507 0 0 0 0 0 0 0 0 0 0 0.032548 -0.037705 -0.069502 -0.0044335 -0.011978 0.0044218 0 0
0 0 0.022762 0 0 0 0 0 0 0 0 0 0 -0.0086643 0.010037 0.018501 0.0010104 0.0032124 -0.0012695 0 0
0 0 0.083911 0 0 0 0 0 0 0 0 0 0 -0.031941 0.037001 0.068204 0.003365 0.011872 -0.0048646 0 0
-0 -0 -0.29877 0 0 0 0 0 0 0 0 0 0 0.11373 -0.13175 -0.24285 -0.019682 -0.040761 0.012896 0 0
0 0 0.29584 0 0 0 0 0 0 0 0 0 0 -0.11261 0.13045 0.24046 0.0073742 0.04181 -0.019229 0 0
0 0 0.12239 0 0 0 0 0 0 0 0 0 0 -0.046587 0.053968 0.099478 0.0045746 0.017331 -0.0072599 0 0
-0 -0 -0.2444 0 0 0 0 0 0 0 0 0 0 0.09303 -0.10777 -0.19865 -0.015249 -0.033618 0.011097 0 0
-0 -0 -0.18166 0 0 0 0 0 0 0 0 0 0 0.06915 -0.080105 -0.14766 -0.01059 -0.025195 0.0087088 0 0
0 0 0.089852 0 0 0 0 0 0 0 0 0 0 -0.034202 0.039621 0.073033 0.0035655 0.012714 -0.0052279 0 0
0 0 0.1661 0 0 0 0 0 0 0 0 0 0 -0.063227 0.073243 0.13501 0.0056912 0.023532 -0.010101 0 0
