0 0 0 0.11311 0 0 0 0 0 -0 -0 0.083796 -0.043057 0.062601 0 0
0 0 0 0.14235 0 0 0 0 0 -0 -0 0.10546 -0.054188 0.078785 0 0
0 0 0 0.18475 0 0 0 0 0 -0 -0 0.13686 -0.070325 0.10225 0 0
0 0 0 0.18445 0 0 0 0 0 -0 -0 0.13664 -0.070211 0.10208 0 0
-0 -0 -0 0.12802 0 0 0 0 0 -0 -0 0.094839 -0.048731 0.070851 0 0
0 0 0 0.080868 0 0 0 0 0 -0 -0 0.059909 -0.030783 0.044756 0 0
0 0 0 0.063778 0 0 0 0 0 -0 -0 0.047248 -0.024277 0.035298 0 0
-0 -0 -0 0.097881 0 0 0 0 0 -0 -0 0.072512 -0.037259 0.054171 0 0
-0 -0 -0 0.11034 0 0 0 0 0 -0 -0 0.081742 -0.042001 0.061067 0 0
-0 -0 -0 0.044881 0 0 0 0 0 -0 -0 0.033248 -0.017084 0.024839 0 0
0 0 0 0.19536 0 0 0 0 0 -0 -0 0.14472 -0.074362 0.10812 0 0
0 0 0 0.15658 0 0 0 0 0 -0 -0 0.116 -0.059601 0.086656 0 0
-0 -0 -0 0.006579 0 0 0 0 0 -0 -0 0.0048739 -0.0025043 0.0036411 0 0
-0 -0 -0 0.054434 0 0 0 0 0 -0 -0 0.040325 -0.02072 0.030126 0 0
0 0 0 0.082039 0 0 0 0 0 -0 -0 0.060776 -0.031228 0.045404 0 0
-0 -0 -0 0.041434 0 0 0 0 0 -0 -0 0.030695 -0.015772 0.022931 0 0
0 0 0 0.11519 0 0 0 0 0 -0 -0 0.085335 -0.043847 0.063751 0 0
-0 -0 -0 0.12222 0 0 0 0 0 -0 -0 0.090545 -0.046524 0.067643 0 0
0 0 0 0.041966 0 0 0 0 0 -0 -0 0.031089 -0.015974 0.023226 0 0
-0 -0 -0 0.17571 0 0 0 0 0 -0 -0 0.13017 -0.066884 0.097245 0 0
0 0 0 0.18567 0 0 0 0 0 -0 -0 0.13755 -0.070677 0.10276 0 0
0 0 0 0.16605 0 0 0 0 0 -0 -0 0.12301 -0.063206 0.091897 0 0
-0 -0 -0 0.027966 0 0 0 0 0 -0 -0 0.020717 -0.010645 0.015477 0 0
-0 -0 -0 0.087374 0 0 0 0 0 -0 -0 0.064728 -0.033259 0.048356 0 0
0 0 0 0.19099 0 0 0 0 0 -0 -0 0.14149 -0.072702 0.1057 0 0
0 0 0 0.037975 0 0 0 0 0 -0 -0 0.028133 -0.014455 0.021017 0 0
-0 -0 -0 0.018134 0 0 0 0 0 -0 -0 0.013434 -0.0069029 0.010036 0 0
0 0 0 0.06954 0 0 0 0 0 -0 -0 0.051516 -0.02647 0.038486 0 0
-0 -0 -0 0.043599 0 0 0 0 0 -0 -0 0.032299 -0.016596 0.024129 0 0
-0 -0 -0 0.18231 0 0 0 0 0 -0 -0 0.13506 -0.069398 0.1009 0 0
0 0 0 0.10078 0 0 0 0 0 -0 -0 0.074663 -0.038364 0.055778 0 0
0 0 0 0.1802 0 0 0 0 0 -0 -0 0.1335 -0.068594 0.099731 0 0
-0 -0 -0 0.011446 0 0 0 0 0 -0 -0 0.0084792 -0.0043568 0.0063345 0 0
0 0 0 0.040055 0 0 0 0 0 -0 -0 0.029673 -0.015247 0.022168 0 0
-0 -0 -0 0.044947 0 0 0 0 0 -0 -0 0.033298 -0.017109 0.024876 0 0
0 0 0 0.095358 0 0 0 0 0 -0 -0 0.070643 -0.036298 0.052775 0 0
0 0 0 0.13523 0 0 0 0 0 -0 -0 0.10018 -0.051474 0.074839 0 0
-0 -0 -0 0.014228 0 0 0 0 0 -0 -0 0.010541 -0.005416 0.0078745 0 0
-0 -0 -0 0.049769 0 0 0 0 0 -0 -0 0.03687 -0.018945 0.027544 0 0
-0 -0 -0 0.13643 0 0 0 0 0 -0 -0 0.10107 -0.051931 0.075503 0 0
-0 -0 -0 0.18728 0 0 0 0 0 -0 -0 0.13874 -0.07129 0.10365 0 0
0 0 0 0.17549 0 0 0 0 0 -0 -0 0.13001 -0.066802 0.097125 0 0
-0 -0 -0 0.068087 0 0 0 0 0 -0 -0 0.05044 -0.025917 0.037682 0 0
0 0 0 0.097891 0 0 0 0 0 -0 -0 0.072519 -0.037262 0.054177 0 0
-0 -0 -0 0.12687 0 0 0 0 0 -0 -0 0.093985 -0.048292 0.070213 0 0
-0 -0 -0 0.12759 0 0 0 0 0 -0 -0 0.094519 -0.048566 0.070612 0 0
-0 -0 -0 0.086114 0 0 0 0 0 -0 -0 0.063795 -0.032779 0.047659 0 0
0 0 0 0.13487 0 0 0 0 0 -0 -0 0.099914 -0.051338 0.074642 0 0
-0 -0 -0 0.19207 0 0 0 0 0 -0 -0 0.14229 -0.073112 0.1063 0 0
0 0 0 0.14561 0 0 0 0 0 -0 -0 0.10787 -0.055426 0.080585 0 0
-0 -0 -0 0.19097 0 0 0 0 0 -0 -0 0.14147 -0.072692 0.10569 0 0
0 0 0 0.088541 0 0 0 0 0 -0 -0 0.065593 -0.033703 0.049002 0 0
-0 -0 -0 0.031219 0 0 0 0 0 -0 -0 0.023128 -0.011884 0.017278 0 0
0 0 0 0.033036 0 0 0 0 0 -0 -0 0.024474 -0.012575 0.018284 0 0
0 0 0 0.11972 0 0 0 0 0 -0 -0 0.088689 -0.04557 0.066256 0 0
0 0 0 0.12338 0 0 0 0 0 -0 -0 0.091401 -0.046964 0.068282 0 0
-0 -0 -0 0.15253 0 0 0 0 0 -0 -0 0.113 -0.058062 0.084418 0 0
-0 -0 -0 0.012254 0 0 0 0 0 -0 -0 0.0090782 -0.0046646 0.006782 0 0
0 0 0 0.10298 0 0 0 0 0 -0 -0 0.076293 -0.039201 0.056996 0 0
0 0 0 0.063861 0 0 0 0 0 -0 -0 0.047309 -0.024309 0.035343 0 0
0 0 0 0.053092 0 0 0 0 0 -0 -0 0.039331 -0.020209 0.029383 0 0
0 0 0 0.087888 0 0 0 0 0 -0 -0 0.065109 -0.033455 0.048641 0 0
-0 -0 -0 0.031206 0 0 0 0 0 -0 -0 0.023118 -0.011879 0.017271 0 0
0 0 0 0.095383 0 0 0 0 0 -0 -0 0.070661 -0.036308 0.052789 0 0
-0 -0 -0 0.14523 0 0 0 0 0 -0 -0 0.10759 -0.055282 0.080376 0 0
-0 -0 -0 0.074095 0 0 0 0 0 -0 -0 0.054891 -0.028204 0.041007 0 0
-0 -0 -0 0.025144 0 0 0 0 0 -0 -0 0.018627 -0.009571 0.013916 0 0
-0 -0 -0 0.16193 0 0 0 0 0 -0 -0 0.11996 -0.061639 0.089618 0 0
0 0 0 0.17352 0 0 0 0 0 -0 -0 0.12855 -0.066052 0.096034 0 0
-0 -0 -0 0.048472 0 0 0 0 0 -0 -0 0.035909 -0.018451 0.026826 0 0
0 0 0 0.00073813 0 0 0 0 0 -0 -0 0.00054682 -0.00028097 0.00040851 0 0
0 0 0 0.057257 0 0 0 0 0 -0 -0 0.042417 -0.021795 0.031688 0 0
0 0 0 0.02561 0 0 0 0 0 -0 -0 0.018972 -0.0097484 0.014174 0 0
-0 -0 -0 0.087249 0 0 0 0 0 -0 -0 0.064636 -0.033212 0.048287 0 0
0 0 0 0.15382 0 0 0 0 0 -0 -0 0.11395 -0.058552 0.085131 0 0
-0 -0 -0 0.1178 0 0 0 0 0 -0 -0 0.087266 -0.044839 0.065193 0 0
0 0 0 0.068742 0 0 0 0 0 -0 -0 0.050925 -0.026167 0.038044 0 0
-0 -0 -0 0.17426 0 0 0 0 0 -0 -0 0.1291 -0.066334 0.096445 0 0
-0 -0 -0 0.024253 0 0 0 0 0 -0 -0 0.017967 -0.0092318 0.013422 0 0
-0 -0 -0 0.13529 0 0 0 0 0 -0 -0 0.10022 -0.051498 0.074875 0 0
0 0 0 0.12074 0 0 0 0 0 -0 -0 0.089443 -0.045958 0.06682 0 0
0 0 0 0.15845 0 0 0 0 0 -0 -0 0.11738 -0.060314 0.087692 0 0
-0 -0 -0 0.071637 0 0 0 0 0 -0 -0 0.05307 -0.027269 0.039647 0 0
-0 -0 -0 0.016328 0 0 0 0 0 -0 -0 0.012096 -0.0062152 0.0090364 0 0
0 0 0 0.12502 0 0 0 0 0 -0 -0 0.092618 -0.047589 0.069192 0 0
-0 -0 -0 0.17725 0 0 0 0 0 -0 -0 0.13131 -0.067471 0.098098 0 0
0 0 0 0.018345 0 0 0 0 0 -0 -0 0.01359 -0.0069829 0.010153 0 0
-0 -0 -0 0.10708 0 0 0 0 0 -0 -0 0.07933 -0.040762 0.059265 0 0
-0 -0 -0 0.12476 0 0 0 0 0 -0 -0 0.092428 -0.047492 0.06905 0 0
0 0 0 0.010302 0 0 0 0 0 -0 -0 0.0076316 -0.0039213 0.0057013 0 0
0 0 0 0.043852 0 0 0 0 0 -0 -0 0.032487 -0.016692 0.02427 0 0
-0 -0 -0 0.18069 0 0 0 0 0 -0 -0 0.13386 -0.068778 0.099999 0 0
0 0 0 0.080095 0 0 0 0 0 -0 -0 0.059335 -0.030488 0.044327 0 0
-0 -0 -0 0.13609 0 0 0 0 0 -0 -0 0.10082 -0.051804 0.075319 0 0
-0 -0 -0 0.095139 0 0 0 0 0 -0 -0 0.070481 -0.036215 0.052654 0 0
-0 -0 -0 0.034717 0 0 0 0 0 -0 -0 0.025719 -0.013215 0.019214 0 0
-0 -0 -0 0.12411 0 0 0 0 0 -0 -0 0.09194 -0.047241 0.068686 0 0
0 0 0 0.12897 0 0 0 0 0 -0 -0 0.095546 -0.049094 0.071379 0 0
0 0 0 0.082329 0 0 0 0 0 -0 -0 0.060991 -0.031339 0.045564 0 0
0 0 0 0.19218 0 0 0 0 0 -0 -0 0.14237 -0.073152 0.10636 0 0
