0 0 0 0.012588 0 0 0 0 -0 -0 -0 0.010201 -0.0029228 0.0067709 0 0
-0 -0 -0 0.12449 0 0 0 0 -0 -0 -0 0.10089 -0.028906 0.066963 0 0
-0 -0 -0 0.10613 0 0 0 0 -0 -0 -0 0.086007 -0.024643 0.057088 0 0
-0 -0 -0 0.078553 0 0 0 0 -0 -0 -0 0.063659 -0.01824 0.042254 0 0
0 0 0 0.065417 0 0 0 0 -0 -0 -0 0.053014 -0.01519 0.035188 0 0
-0 -0 -0 0.12349 0 0 0 0 -0 -0 -0 0.10007 -0.028674 0.066425 0 0
0 0 0 0.14541 0 0 0 0 -0 -0 -0 0.11784 -0.033763 0.078214 0 0
0 0 0 0.16545 0 0 0 0 -0 -0 -0 0.13408 -0.038418 0.088996 0 0
0 0 0 0.12477 0 0 0 0 -0 -0 -0 0.10112 -0.028972 0.067116 0 0
-0 -0 -0 0.145 0 0 0 0 -0 -0 -0 0.1175 -0.033668 0.077993 0 0
0 0 0 0.19278 0 0 0 0 -0 -0 -0 0.15623 -0.044765 0.1037 0 0
-0 -0 -0 0.11082 0 0 0 0 -0 -0 -0 0.089808 -0.025732 0.05961 0 0
-0 -0 -0 0.031398 0 0 0 0 -0 -0 -0 0.025445 -0.0072906 0.016889 0 0
-0 -0 -0 0.15107 0 0 0 0 -0 -0 -0 0.12243 -0.035079 0.081263 0 0
-0 -0 -0 0.1939 0 0 0 0 -0 -0 -0 0.15714 -0.045023 0.1043 0 0
-0 -0 -0 0.054682 0 0 0 0 -0 -0 -0 0.044314 -0.012697 0.029413 0 0
0 0 0 0.05863 0 0 0 0 -0 -0 -0 0.047513 -0.013614 0.031537 0 0
-0 -0 -0 0.19281 0 0 0 0 -0 -0 -0 0.15626 -0.044771 0.10372 0 0
-0 -0 -0 0.016575 0 0 0 0 -0 -0 -0 0.013432 -0.0038487 0.0089157 0 0
-0 -0 -0 0.19885 0 0 0 0 -0 -0 -0 0.16115 -0.046172 0.10696 0 0
0 0 0 0.043569 0 0 0 0 -0 -0 -0 0.035308 -0.010117 0.023436 0 0
0 0 0 0.11597 0 0 0 0 -0 -0 -0 0.093983 -0.026929 0.062382 0 0
-0 -0 -0 0.18016 0 0 0 0 -0 -0 -0 0.146 -0.041833 0.096908 0 0
-0 -0 -0 0.031335 0 0 0 0 -0 -0 -0 0.025394 -0.007276 0.016855 0 0
-0 -0 -0 0.19015 0 0 0 0 -0 -0 -0 0.15409 -0.044152 0.10228 0 0
-0 -0 -0 0.12185 0 0 0 0 -0 -0 -0 0.098748 -0.028294 0.065544 0 0
0 0 0 0.16618 0 0 0 0 -0 -0 -0 0.13467 -0.038587 0.089389 0 0
-0 -0 -0 0.15761 0 0 0 0 -0 -0 -0 0.12773 -0.036598 0.084781 0 0
-0 -0 -0 0.00022107 0 0 0 0 -0 -0 -0 0.00017916 -5.1333e-05 0.00011891 0 0
-0 -0 -0 0.0017916 0 0 0 0 -0 -0 -0 0.0014519 -0.000416 0.00096369 0 0
0 0 0 0.15854 0 0 0 0 -0 -0 -0 0.12848 -0.036813 0.085279 0 0
-0 -0 -0 0.026009 0 0 0 0 -0 -0 -0 0.021077 -0.0060392 0.01399 0 0
0 0 0 0.083416 0 0 0 0 -0 -0 -0 0.0676 -0.019369 0.04487 0 0
0 0 0 0.16112 0 0 0 0 -0 -0 -0 0.13057 -0.037413 0.086668 0 0
-0 -0 -0 0.082907 0 0 0 0 -0 -0 -0 0.067187 -0.019251 0.044596 0 0
0 0 0 0.18571 0 0 0 0 -0 -0 -0 0.1505 -0.043123 0.099895 0 0
0 0 0 0.0062643 0 0 0 0 -0 -0 -0 0.0050766 -0.0014546 0.0033696 0 0
-0 -0 -0 0.16142 0 0 0 0 -0 -0 -0 0.13082 -0.037482 0.08683 0 0
-0 -0 -0 0.17762 0 0 0 0 -0 -0 -0 0.14394 -0.041243 0.095542 0 0
-0 -0 -0 0.023077 0 0 0 0 -0 -0 -0 0.018702 -0.0053585 0.012413 0 0
-0 -0 -0 0.0036786 0 0 0 0 -0 -0 -0 0.0029811 -0.00085416 0.0019787 0 0
0 0 0 0.12151 0 0 0 0 -0 -0 -0 0.098467 -0.028214 0.065358 0 0
-0 -0 -0 0.0037952 0 0 0 0 -0 -0 -0 0.0030756 -0.00088124 0.0020414 0 0
0 0 0 0.15203 0 0 0 0 -0 -0 -0 0.1232 -0.035301 0.081777 0 0
-0 -0 -0 0.12445 0 0 0 0 -0 -0 -0 0.10085 -0.028896 0.066939 0 0
-0 -0 -0 0.18883 0 0 0 0 -0 -0 -0 0.15302 -0.043846 0.10157 0 0
0 0 0 0.0023432 0 0 0 0 -0 -0 -0 0.0018989 -0.00054408 0.0012604 0 0
0 0 0 0.1238 0 0 0 0 -0 -0 -0 0.10033 -0.028747 0.066595 0 0
0 0 0 0.0029981 0 0 0 0 -0 -0 -0 0.0024297 -0.00069616 0.0016127 0 0
0 0 0 0.040037 0 0 0 0 -0 -0 -0 0.032446 -0.0092967 0.021536 0 0
0 0 0 0.13727 0 0 0 0 -0 -0 -0 0.11124 -0.031874 0.073837 0 0
0 0 0 0.17581 0 0 0 0 -0 -0 -0 0.14248 -0.040823 0.094568 0 0
-0 -0 -0 0.14869 0 0 0 0 -0 -0 -0 0.1205 -0.034526 0.079982 0 0
-0 -0 -0 0.19668 0 0 0 0 -0 -0 -0 0.15939 -0.04567 0.1058 0 0
-0 -0 -0 0.052257 0 0 0 0 -0 -0 -0 0.042349 -0.012134 0.028109 0 0
0 0 0 0.12105 0 0 0 0 -0 -0 -0 0.098097 -0.028107 0.065112 0 0
-0 -0 -0 0.10406 0 0 0 0 -0 -0 -0 0.084331 -0.024163 0.055975 0 0
-0 -0 -0 0.000489 0 0 0 0 -0 -0 -0 0.00039628 -0.00011355 0.00026303 0 0
0 0 0 0.13902 0 0 0 0 -0 -0 -0 0.11266 -0.03228 0.074777 0 0
0 0 0 0.008668 0 0 0 0 -0 -0 -0 0.0070245 -0.0020127 0.0046625 0 0
-0 -0 -0 0.15334 0 0 0 0 -0 -0 -0 0.12427 -0.035606 0.082484 0 0
-0 -0 -0 0.12367 0 0 0 0 -0 -0 -0 0.10022 -0.028715 0.06652 0 0
-0 -0 -0 0.11046 0 0 0 0 -0 -0 -0 0.089519 -0.02565 0.059418 0 0
-0 -0 -0 0.025207 0 0 0 0 -0 -0 -0 0.020428 -0.005853 0.013559 0 0
0 0 0 0.0068546 0 0 0 0 -0 -0 -0 0.005555 -0.0015916 0.0036871 0 0
-0 -0 -0 0.17508 0 0 0 0 -0 -0 -0 0.14188 -0.040653 0.094174 0 0
-0 -0 -0 0.037013 0 0 0 0 -0 -0 -0 0.029995 -0.0085944 0.019909 0 0
0 0 0 0.14135 0 0 0 0 -0 -0 -0 0.11455 -0.032821 0.076031 0 0
0 0 0 0.077175 0 0 0 0 -0 -0 -0 0.062542 -0.01792 0.041513 0 0
0 0 0 0.13596 0 0 0 0 -0 -0 -0 0.11018 -0.03157 0.073133 0 0
0 0 0 0.13422 0 0 0 0 -0 -0 -0 0.10877 -0.031166 0.072198 0 0
0 0 0 0.020255 0 0 0 0 -0 -0 -0 0.016414 -0.0047031 0.010895 0 0
-0 -0 -0 0.023999 0 0 0 0 -0 -0 -0 0.019449 -0.0055727 0.012909 0 0
-0 -0 -0 0.17708 0 0 0 0 -0 -0 -0 0.1435 -0.041118 0.095251 0 0
-0 -0 -0 0.099672 0 0 0 0 -0 -0 -0 0.080774 -0.023144 0.053614 0 0
-0 -0 -0 0.075347 0 0 0 0 -0 -0 -0 0.061061 -0.017496 0.040529 0 0
-0 -0 -0 0.081834 0 0 0 0 -0 -0 -0 0.066318 -0.019002 0.044019 0 0
0 0 0 0.090147 0 0 0 0 -0 -0 -0 0.073055 -0.020932 0.04849 0 0
0 0 0 0.11395 0 0 0 0 -0 -0 -0 0.092346 -0.026459 0.061295 0 0
0 0 0 0.083726 0 0 0 0 -0 -0 -0 0.067852 -0.019441 0.045037 0 0
-0 -0 -0 0.14587 0 0 0 0 -0 -0 -0 0.11821 -0.03387 0.078462 0 0
-0 -0 -0 0.021527 0 0 0 0 -0 -0 -0 0.017445 -0.0049985 0.011579 0 0
0 0 0 0.014359 0 0 0 0 -0 -0 -0 0.011637 -0.0033342 0.0077239 0 0
0 0 0 0.038942 0 0 0 0 -0 -0 -0 0.031558 -0.0090422 0.020947 0 0
-0 -0 -0 0.051129 0 0 0 0 -0 -0 -0 0.041434 -0.011872 0.027502 0 0
-0 -0 -0 0.0034992 0 0 0 0 -0 -0 -0 0.0028358 -0.00081252 0.0018822 0 0
-0 -0 -0 0.126 0 0 0 0 -0 -0 -0 0.10211 -0.029256 0.067774 0 0
0 0 0 0.12143 0 0 0 0 -0 -0 -0 0.098407 -0.028196 0.065318 0 0
0 0 0 0.085787 0 0 0 0 -0 -0 -0 0.069522 -0.01992 0.046145 0 0
-0 -0 -0 0.1545 0 0 0 0 -0 -0 -0 0.12521 -0.035875 0.083107 0 0
0 0 0 0.021149 0 0 0 0 -0 -0 -0 0.017139 -0.0049107 0.011376 0 0
0 0 0 0.10403 0 0 0 0 -0 -0 -0 0.084307 -0.024156 0.055959 0 0
-0 -0 -0 0.1702 0 0 0 0 -0 -0 -0 0.13793 -0.03952 0.091551 0 0
0 0 0 0.095244 0 0 0 0 -0 -0 -0 0.077186 -0.022116 0.051232 0 0
-0 -0 -0 0.0033643 0 0 0 0 -0 -0 -0 0.0027265 -0.0007812 0.0018097 0 0
0 0 0 0.024173 0 0 0 0 -0 -0 -0 0.01959 -0.005613 0.013003 0 0
0 0 0 0.10717 0 0 0 0 -0 -0 -0 0.086849 -0.024885 0.057646 0 0
0 0 0 0.0045637 0 0 0 0 -0 -0 -0 0.0036984 -0.0010597 0.0024548 0 0
-0 -0 -0 0.12566 0 0 0 0 -0 -0 -0 0.10184 -0.029179 0.067595 0 0
0 0 0 0.15926 0 0 0 0 -0 -0 -0 0.12906 -0.036979 0.085665 0 0
