0 0 0.15949 0 0 0 0 0 0 0 0 0 0 -0.060709 0.070326 0.12963 -0.00069378 0.025101 -0.013942 0 0
-0 -0 -0.15999 0 0 0 0 0 0 0 0 0 0 0.060899 -0.070547 -0.13004 -0.0035492 -0.025796 0.012332 0 0
0 0 0.23521 0 0 0 0 0 0 0 0 0 0 -0.089532 0.10372 0.19118 -0.0025014 0.036618 -0.021037 0 0
-0 -0 -0.093817 0 0 0 0 0 0 0 0 0 0 0.035712 -0.041369 -0.076256 -0.001569 -0.015094 0.0074537 0 0
0 0 0.03714 0 0 0 0 0 0 0 0 0 0 -0.014137 0.016377 0.030188 0.00021694 0.0059238 -0.0031121 0 0
-0 -0 -0.20159 0 0 0 0 0 0 0 0 0 0 0.076737 -0.088894 -0.16386 -0.0051601 -0.032524 0.015228 0 0
-0 -0 -0.23204 0 0 0 0 0 0 0 0 0 0 0.088325 -0.10232 -0.1886 -0.0065158 -0.037439 0.017259 0 0
0 0 0.30766 0 0 0 0 0 0 0 0 0 0 -0.11711 0.13567 0.25007 -0.005111 0.047314 -0.028061 0 0
0 0 0.085576 0 0 0 0 0 0 0 0 0 0 -0.032575 0.037735 0.069557 0.00015445 0.013586 -0.0072981 0 0
-0 -0 -0.11194 0 0 0 0 0 0 0 0 0 0 0.042612 -0.049362 -0.09099 -0.00204 -0.018024 0.0088226 0 0
-0 -0 -0.32009 0 0 0 0 0 0 0 0 0 0 0.12184 -0.14115 -0.26017 -0.011267 -0.051569 0.0227 0 0
-0 -0 -0.088062 0 0 0 0 0 0 0 0 0 0 0.033521 -0.038831 -0.071578 -0.0014308 -0.014164 0.0070141 0 0
-0 -0 -0.33345 0 0 0 0 0 0 0 0 0 0 0.12693 -0.14704 -0.27104 -0.012094 -0.053697 0.023467 0 0
-0 -0 -0.0098395 0 0 0 0 0 0 0 0 0 0 0.0037454 -0.0043388 -0.0079977 -9.5965e-05 -0.0015753 0.00080969 0 0
-0 -0 -0.057935 0 0 0 0 0 0 0 0 0 0 0.022053 -0.025547 -0.047091 -0.00079661 -0.0093043 0.0046746 0 0
0 0 0.28839 0 0 0 0 0 0 0 0 0 0 -0.10978 0.12717 0.23441 -0.0043335 0.044503 -0.026172 0 0
0 0 0.22329 0 0 0 0 0 0 0 0 0 0 -0.084997 0.098462 0.1815 -0.0021544 0.034828 -0.019903 0 0
-0 -0 -0.28282 0 0 0 0 0 0 0 0 0 0 0.10765 -0.12471 -0.22988 -0.0091064 -0.045607 0.020477 0 0
0 0 0.13375 0 0 0 0 0 0 0 0 0 0 -0.050911 0.058976 0.10871 -0.00029531 0.021118 -0.011595 0 0
-0 -0 -0.26364 0 0 0 0 0 0 0 0 0 0 0.10035 -0.11625 -0.21429 -0.00808 -0.042528 0.019287 0 0
-0 -0 -0.11724 0 0 0 0 0 0 0 0 0 0 0.044627 -0.051697 -0.095293 -0.0021878 -0.01888 0.0092178 0 0
-0 -0 -0.047964 0 0 0 0 0 0 0 0 0 0 0.018257 -0.02115 -0.038985 -0.00061979 -0.0076984 0.0038862 0 0
0 0 0.010729 0 0 0 0 0 0 0 0 0 0 -0.0040839 0.0047309 0.0087205 8.6271e-05 0.001715 -0.00089002 0 0
-0 -0 -0.21369 0 0 0 0 0 0 0 0 0 0 0.081342 -0.094229 -0.17369 -0.0056811 -0.034479 0.016044 0 0
0 0 0.25434 0 0 0 0 0 0 0 0 0 0 -0.096816 0.11215 0.20673 -0.0031075 0.039476 -0.022871 0 0
0 0 0.15667 0 0 0 0 0 0 0 0 0 0 -0.059637 0.069085 0.12734 -0.00064485 0.024667 -0.013684 0 0
-0 -0 -0.20068 0 0 0 0 0 0 0 0 0 0 0.076389 -0.08849 -0.16311 -0.0051216 -0.032376 0.015166 0 0
0 0 0.24539 0 0 0 0 0 0 0 0 0 0 -0.093407 0.10821 0.19945 -0.0028164 0.038142 -0.022011 0 0
-0 -0 -0.065058 0 0 0 0 0 0 0 0 0 0 0.024765 -0.028688 -0.05288 -0.000933 -0.010452 0.0052335 0 0
-0 -0 -0.18515 0 0 0 0 0 0 0 0 0 0 0.070479 -0.081645 -0.1505 -0.00449 -0.029867 0.0141 0 0
-0 -0 -0.32205 0 0 0 0 0 0 0 0 0 0 0.12259 -0.14201 -0.26177 -0.011386 -0.051882 0.022814 0 0
-0 -0 -0.10795 0 0 0 0 0 0 0 0 0 0 0.041092 -0.047602 -0.087745 -0.0019316 -0.017378 0.0085232 0 0
-0 -0 -0.2497 0 0 0 0 0 0 0 0 0 0 0.09505 -0.11011 -0.20296 -0.0073706 -0.040285 0.018403 0 0
-0 -0 -0.20796 0 0 0 0 0 0 0 0 0 0 0.079161 -0.091702 -0.16903 -0.0054314 -0.033553 0.015659 0 0
0 0 0.10766 0 0 0 0 0 0 0 0 0 0 -0.04098 0.047472 0.087506 -3.7815e-06 0.017051 -0.0092518 0 0
0 0 0.16138 0 0 0 0 0 0 0 0 0 0 -0.061429 0.071161 0.13117 -0.00072741 0.025392 -0.014116 0 0
-0 -0 -0.32039 0 0 0 0 0 0 0 0 0 0 0.12196 -0.14128 -0.26041 -0.011284 -0.051616 0.022717 0 0
0 0 0.18009 0 0 0 0 0 0 0 0 0 0 -0.068553 0.079413 0.14638 -0.001092 0.028266 -0.015846 0 0
-0 -0 -0.32531 0 0 0 0 0 0 0 0 0 0 0.12383 -0.14345 -0.26441 -0.011586 -0.0524 0.023001 0 0
-0 -0 -0.13638 0 0 0 0 0 0 0 0 0 0 0.051913 -0.060137 -0.11085 -0.0027604 -0.021976 0.010629 0 0
0 0 0.2221 0 0 0 0 0 0 0 0 0 0 -0.084541 0.097934 0.18052 -0.0021208 0.034647 -0.019789 0 0
0 0 0.015921 0 0 0 0 0 0 0 0 0 0 -0.0060604 0.0070205 0.012941 0.00012114 0.002544 -0.0013234 0 0
0 0 0.10024 0 0 0 0 0 0 0 0 0 0 -0.038157 0.044202 0.081477 5.8427e-05 0.015889 -0.0085925 0 0
-0 -0 -0.12405 0 0 0 0 0 0 0 0 0 0 0.047219 -0.054699 -0.10083 -0.0023846 -0.019981 0.0097231 0 0
0 0 0.1378 0 0 0 0 0 0 0 0 0 0 -0.052454 0.060765 0.11201 -0.00035079 0.021748 -0.011962 0 0
0 0 0.12175 0 0 0 0 0 0 0 0 0 0 -0.046345 0.053687 0.098961 -0.00014721 0.019252 -0.010513 0 0
-0 -0 -0.27767 0 0 0 0 0 0 0 0 0 0 0.1057 -0.12244 -0.22569 -0.0088253 -0.044781 0.020161 0 0
-0 -0 -0.29352 0 0 0 0 0 0 0 0 0 0 0.11173 -0.12943 -0.23857 -0.0097043 -0.047322 0.021128 0 0
0 0 0.1621 0 0 0 0 0 0 0 0 0 0 -0.061704 0.071479 0.13176 -0.00074039 0.025504 -0.014183 0 0
0 0 0.19041 0 0 0 0 0 0 0 0 0 0 -0.072481 0.083964 0.15477 -0.0013178 0.029843 -0.016807 0 0
0 0 0.084892 0 0 0 0 0 0 0 0 0 0 -0.032314 0.037434 0.069002 0.00015806 0.013478 -0.007238 0 0
0 0 0.093089 0 0 0 0 0 0 0 0 0 0 -0.035434 0.041048 0.075664 0.00010973 0.014767 -0.0079597 0 0
0 0 0.09512 0 0 0 0 0 0 0 0 0 0 -0.036207 0.041944 0.077314 9.6032e-05 0.015086 -0.0081391 0 0
0 0 0.16812 0 0 0 0 0 0 0 0 0 0 -0.063996 0.074134 0.13665 -0.00085208 0.02643 -0.014737 0 0
-0 -0 -0.051913 0 0 0 0 0 0 0 0 0 0 0.019761 -0.022891 -0.042195 -0.00068785 -0.0083342 0.0041992 0 0
0 0 0.18079 0 0 0 0 0 0 0 0 0 0 -0.068817 0.07972 0.14695 -0.0011066 0.028372 -0.01591 0 0
-0 -0 -0.17882 0 0 0 0 0 0 0 0 0 0 0.068069 -0.078853 -0.14535 -0.0042437 -0.028843 0.01366 0 0
-0 -0 -0.088408 0 0 0 0 0 0 0 0 0 0 0.033653 -0.038984 -0.071859 -0.001439 -0.01422 0.0070406 0 0
-0 -0 -0.18892 0 0 0 0 0 0 0 0 0 0 0.071911 -0.083304 -0.15355 -0.0046395 -0.030475 0.01436 0 0
-0 -0 -0.26108 0 0 0 0 0 0 0 0 0 0 0.099379 -0.11512 -0.21221 -0.0079472 -0.042115 0.019126 0 0
-0 -0 -0.020724 0 0 0 0 0 0 0 0 0 0 0.0078885 -0.0091382 -0.016845 -0.00022088 -0.0033205 0.0016979 0 0
0 0 0.1514 0 0 0 0 0 0 0 0 0 0 -0.057632 0.066762 0.12306 -0.0005568 0.023853 -0.013201 0 0
0 0 0.27127 0 0 0 0 0 0 0 0 0 0 -0.10326 0.11962 0.22049 -0.0036935 0.041985 -0.024507 0 0
0 0 0.17912 0 0 0 0 0 0 0 0 0 0 -0.068182 0.078984 0.14559 -0.0010716 0.028117 -0.015755 0 0
0 0 0.31302 0 0 0 0 0 0 0 0 0 0 -0.11915 0.13803 0.25443 -0.005338 0.048091 -0.028589 0 0
0 0 0.32859 0 0 0 0 0 0 0 0 0 0 -0.12508 0.14489 0.26708 -0.0060231 0.050335 -0.030128 0 0
-0 -0 -0.23275 0 0 0 0 0 0 0 0 0 0 0.088595 -0.10263 -0.18918 -0.0065492 -0.037553 0.017306 0 0
-0 -0 -0.31601 0 0 0 0 0 0 0 0 0 0 0.12029 -0.13935 -0.25686 -0.01102 -0.050918 0.022463 0 0
-0 -0 -0.025217 0 0 0 0 0 0 0 0 0 0 0.0095989 -0.01112 -0.020497 -0.0002782 -0.0040417 0.0020623 0 0
0 0 0.08105 0 0 0 0 0 0 0 0 0 0 -0.030852 0.03574 0.065879 0.00017685 0.012873 -0.0069011 0 0
0 0 0.29071 0 0 0 0 0 0 0 0 0 0 -0.11066 0.12819 0.2363 -0.0044241 0.044843 -0.0264 0 0
0 0 0.015561 0 0 0 0 0 0 0 0 0 0 -0.0059233 0.0068617 0.012648 0.00011887 0.0024865 -0.0012933 0 0
0 0 0.32813 0 0 0 0 0 0 0 0 0 0 -0.1249 0.14469 0.2667 -0.0060021 0.050269 -0.030082 0 0
0 0 0.33779 0 0 0 0 0 0 0 0 0 0 -0.12858 0.14895 0.27456 -0.0064465 0.051654 -0.031042 0 0
-0 -0 -0.0063421 0 0 0 0 0 0 0 0 0 0 0.0024141 -0.0027966 -0.0051549 -6.0009e-05 -0.0010151 0.00052261 0 0
-0 -0 -0.12912 0 0 0 0 0 0 0 0 0 0 0.049151 -0.056938 -0.10495 -0.0025362 -0.020802 0.010097 0 0
-0 -0 -0.26029 0 0 0 0 0 0 0 0 0 0 0.099079 -0.11478 -0.21157 -0.0079066 -0.041989 0.019076 0 0
-0 -0 -0.021316 0 0 0 0 0 0 0 0 0 0 0.0081139 -0.0093994 -0.017326 -0.00022824 -0.0034155 0.001746 0 0
0 0 0.10953 0 0 0 0 0 0 0 0 0 0 -0.041692 0.048297 0.089026 -2.091e-05 0.017343 -0.0094185 0 0
-0 -0 -0.0099191 0 0 0 0 0 0 0 0 0 0 0.0037757 -0.0043739 -0.0080623 -9.6807e-05 -0.0015881 0.00081621 0 0
-0 -0 -0.27788 0 0 0 0 0 0 0 0 0 0 0.10577 -0.12253 -0.22586 -0.0088364 -0.044814 0.020174 0 0
-0 -0 -0.057518 0 0 0 0 0 0 0 0 0 0 0.021894 -0.025363 -0.046752 -0.00078889 -0.0092371 0.0046417 0 0
-0 -0 -0.33172 0 0 0 0 0 0 0 0 0 0 0.12627 -0.14627 -0.26962 -0.011985 -0.053421 0.023369 0 0
-0 -0 -0.27481 0 0 0 0 0 0 0 0 0 0 0.10461 -0.12118 -0.22337 -0.0086707 -0.044322 0.019984 0 0
-0 -0 -0.20418 0 0 0 0 0 0 0 0 0 0 0.077723 -0.090036 -0.16596 -0.0052696 -0.032943 0.015404 0 0
0 0 0.11828 0 0 0 0 0 0 0 0 0 0 -0.045023 0.052155 0.096138 -0.00010879 0.01871 -0.010201 0 0
-0 -0 -0.28526 0 0 0 0 0 0 0 0 0 0 0.10858 -0.12579 -0.23186 -0.0092413 -0.045999 0.020627 0 0
0 0 0.12135 0 0 0 0 0 0 0 0 0 0 -0.046194 0.053512 0.098638 -0.00014272 0.01919 -0.010477 0 0
-0 -0 -0.084936 0 0 0 0 0 0 0 0 0 0 0.032331 -0.037453 -0.069037 -0.001358 -0.01366 0.0067744 0 0
0 0 0.004849 0 0 0 0 0 0 0 0 0 0 -0.0018458 0.0021382 0.0039413 4.1365e-05 0.00077549 -0.00040134 0 0
-0 -0 -0.12504 0 0 0 0 0 0 0 0 0 0 0.047597 -0.055137 -0.10163 -0.0024139 -0.020142 0.0097965 0 0
-0 -0 -0.24439 0 0 0 0 0 0 0 0 0 0 0.093028 -0.10777 -0.19864 -0.0071084 -0.03943 0.018062 0 0
0 0 0.092657 0 0 0 0 0 0 0 0 0 0 -0.03527 0.040858 0.075313 0.00011256 0.014699 -0.0079216 0 0
0 0 0.033521 0 0 0 0 0 0 0 0 0 0 -0.01276 0.014781 0.027246 0.00020591 0.0053483 -0.0028051 0 0
0 0 0.075916 0 0 0 0 0 0 0 0 0 0 -0.028898 0.033476 0.061706 0.00019813 0.012064 -0.0064521 0 0
-0 -0 -0.28009 0 0 0 0 0 0 0 0 0 0 0.10662 -0.12351 -0.22766 -0.0089567 -0.045169 0.02031 0 0
0 0 0.28836 0 0 0 0 0 0 0 0 0 0 -0.10977 0.12716 0.23439 -0.0043326 0.044499 -0.02617 0 0
0 0 0.050349 0 0 0 0 0 0 0 0 0 0 -0.019166 0.022202 0.040925 0.00023869 0.0080212 -0.0042398 0 0
-0 -0 -0.09743 0 0 0 0 0 0 0 0 0 0 0.037087 -0.042962 -0.079193 -0.0016586 -0.015678 0.0077285 0 0
0 0 0.31404 0 0 0 0 0 0 0 0 0 0 -0.11954 0.13848 0.25525 -0.0053814 0.048238 -0.028689 0 0
