-0 -0 -0 0.17399 0 0 0 0 0 0 -0 0.15092 0.015382 0.085207 0 0
-0 -0 -0 0.015862 0 0 0 0 0 0 -0 0.013758 0.0014023 0.0077677 0 0
0 0 0 0.11741 0 0 0 0 0 0 -0 0.10184 0.01038 0.0575 0 0
0 0 0 0.18538 0 0 0 0 0 0 -0 0.16079 0.016389 0.090783 0 0
-0 -0 -0 0.15644 0 0 0 0 0 0 -0 0.13569 0.013831 0.076611 0 0
0 0 0 0.14894 0 0 0 0 0 0 -0 0.12919 0.013167 0.072938 0 0
-0 -0 -0 0.05232 0 0 0 0 0 0 -0 0.045381 0.0046255 0.025622 0 0
-0 -0 -0 0.055863 0 0 0 0 0 0 -0 0.048455 0.0049388 0.027357 0 0
-0 -0 -0 0.13805 0 0 0 0 0 0 -0 0.11974 0.012205 0.067605 0 0
0 0 0 0.0322 0 0 0 0 0 0 -0 0.02793 0.0028468 0.015769 0 0
-0 -0 -0 0.0039099 0 0 0 0 0 0 -0 0.0033914 0.00034567 0.0019147 0 0
0 0 0 0.10772 0 0 0 0 0 0 -0 0.093438 0.0095238 0.052754 0 0
-0 -0 -0 0.164 0 0 0 0 0 0 -0 0.14225 0.014499 0.080313 0 0
-0 -0 -0 0.18594 0 0 0 0 0 0 -0 0.16128 0.016439 0.091058 0 0
-0 -0 -0 0.15523 0 0 0 0 0 0 -0 0.13465 0.013724 0.07602 0 0
0 0 0 0.038578 0 0 0 0 0 0 -0 0.033462 0.0034106 0.018892 0 0
-0 -0 -0 0.14978 0 0 0 0 0 0 -0 0.12991 0.013242 0.073348 0 0
-0 -0 -0 0.046974 0 0 0 0 0 0 -0 0.040745 0.004153 0.023004 0 0
0 0 0 0.12836 0 0 0 0 0 0 -0 0.11133 0.011348 0.062858 0 0
0 0 0 0.11306 0 0 0 0 0 0 -0 0.098063 0.0099951 0.055365 0 0
-0 -0 -0 0.089078 0 0 0 0 0 0 -0 0.077265 0.0078753 0.043623 0 0
0 0 0 0.012056 0 0 0 0 0 0 -0 0.010457 0.0010659 0.005904 0 0
-0 -0 -0 0.012933 0 0 0 0 0 0 -0 0.011218 0.0011434 0.0063334 0 0
-0 -0 -0 0.083104 0 0 0 0 0 0 -0 0.072083 0.0073471 0.040698 0 0
0 0 0 0.14285 0 0 0 0 0 0 -0 0.12391 0.01263 0.069958 0 0
0 0 0 0.099076 0 0 0 0 0 0 -0 0.085937 0.0087592 0.048519 0 0
0 0 0 0.098275 0 0 0 0 0 0 -0 0.085243 0.0086884 0.048127 0 0
0 0 0 0.17016 0 0 0 0 0 0 -0 0.1476 0.015044 0.083333 0 0
0 0 0 0.10325 0 0 0 0 0 0 -0 0.089557 0.0091281 0.050563 0 0
-0 -0 -0 0.074959 0 0 0 0 0 0 -0 0.065018 0.006627 0.036709 0 0
0 0 0 0.088902 0 0 0 0 0 0 -0 0.077112 0.0078597 0.043537 0 0
0 0 0 0.1881 0 0 0 0 0 0 -0 0.16315 0.01663 0.092116 0 0
0 0 0 0.1232 0 0 0 0 0 0 -0 0.10687 0.010892 0.060335 0 0
0 0 0 0.018052 0 0 0 0 0 0 -0 0.015658 0.0015959 0.0088403 0 0
-0 -0 -0 0.14625 0 0 0 0 0 0 -0 0.12686 0.01293 0.071621 0 0
-0 -0 -0 0.15904 0 0 0 0 0 0 -0 0.13795 0.014061 0.077886 0 0
-0 -0 -0 0.12045 0 0 0 0 0 0 -0 0.10448 0.010649 0.058988 0 0
0 0 0 0.002939 0 0 0 0 0 0 -0 0.0025493 0.00025984 0.0014393 0 0
-0 -0 -0 0.055541 0 0 0 0 0 0 -0 0.048176 0.0049103 0.0272 0 0
-0 -0 -0 0.13221 0 0 0 0 0 0 -0 0.11468 0.011689 0.064746 0 0
0 0 0 0.078467 0 0 0 0 0 0 -0 0.068061 0.0069372 0.038427 0 0
-0 -0 -0 0.060966 0 0 0 0 0 0 -0 0.052881 0.0053899 0.029856 0 0
-0 -0 -0 0.19736 0 0 0 0 0 0 -0 0.17118 0.017448 0.096649 0 0
0 0 0 0.0045768 0 0 0 0 0 0 -0 0.0039699 0.00040463 0.0022414 0 0
-0 -0 -0 0.11447 0 0 0 0 0 0 -0 0.099287 0.01012 0.056057 0 0
-0 -0 -0 0.012566 0 0 0 0 0 0 -0 0.010899 0.0011109 0.0061537 0 0
0 0 0 0.15195 0 0 0 0 0 0 -0 0.1318 0.013434 0.074414 0 0
-0 -0 -0 0.15863 0 0 0 0 0 0 -0 0.13759 0.014024 0.077684 0 0
0 0 0 0.10351 0 0 0 0 0 0 -0 0.08978 0.0091509 0.050689 0 0
0 0 0 0.13953 0 0 0 0 0 0 -0 0.12103 0.012336 0.068333 0 0
0 0 0 0.1016 0 0 0 0 0 0 -0 0.088126 0.0089823 0.049755 0 0
-0 -0 -0 0.1931 0 0 0 0 0 0 -0 0.16749 0.017072 0.094565 0 0
-0 -0 -0 0.018833 0 0 0 0 0 0 -0 0.016336 0.001665 0.0092229 0 0
-0 -0 -0 0.068531 0 0 0 0 0 0 -0 0.059443 0.0060587 0.033561 0 0
-0 -0 -0 0.18693 0 0 0 0 0 0 -0 0.16214 0.016526 0.091542 0 0
-0 -0 -0 0.1293 0 0 0 0 0 0 -0 0.11216 0.011432 0.063323 0 0
-0 -0 -0 0.042669 0 0 0 0 0 0 -0 0.03701 0.0037723 0.020896 0 0
0 0 0 0.085009 0 0 0 0 0 0 -0 0.073736 0.0075156 0.041631 0 0
0 0 0 0.171 0 0 0 0 0 0 -0 0.14832 0.015118 0.08374 0 0
0 0 0 0.036884 0 0 0 0 0 0 -0 0.031993 0.0032609 0.018063 0 0
-0 -0 -0 0.13896 0 0 0 0 0 0 -0 0.12053 0.012286 0.068052 0 0
0 0 0 0.0672 0 0 0 0 0 0 -0 0.058289 0.0059411 0.032909 0 0
-0 -0 -0 0.040632 0 0 0 0 0 0 -0 0.035244 0.0035922 0.019898 0 0
-0 -0 -0 0.17348 0 0 0 0 0 0 -0 0.15048 0.015337 0.084958 0 0
0 0 0 0.11873 0 0 0 0 0 0 -0 0.10299 0.010497 0.058146 0 0
-0 -0 -0 0.19953 0 0 0 0 0 0 -0 0.17307 0.01764 0.097714 0 0
0 0 0 0.17213 0 0 0 0 0 0 -0 0.14931 0.015218 0.084297 0 0
0 0 0 0.10145 0 0 0 0 0 0 -0 0.087999 0.0089693 0.049683 0 0
-0 -0 -0 0.1869 0 0 0 0 0 0 -0 0.16211 0.016523 0.091526 0 0
0 0 0 0.17943 0 0 0 0 0 0 -0 0.15564 0.015863 0.087871 0 0
-0 -0 -0 0.19092 0 0 0 0 0 0 -0 0.1656 0.016879 0.093498 0 0
0 0 0 0.14715 0 0 0 0 0 0 -0 0.12764 0.01301 0.072063 0 0
0 0 0 0.13386 0 0 0 0 0 0 -0 0.11611 0.011835 0.065555 0 0
-0 -0 -0 0.080496 0 0 0 0 0 0 -0 0.069821 0.0071165 0.03942 0 0
-0 -0 -0 0.12705 0 0 0 0 0 0 -0 0.1102 0.011233 0.062221 0 0
-0 -0 -0 0.05943 0 0 0 0 0 0 -0 0.051549 0.0052542 0.029104 0 0
-0 -0 -0 0.085391 0 0 0 0 0 0 -0 0.074067 0.0075494 0.041818 0 0
-0 -0 -0 0.16126 0 0 0 0 0 0 -0 0.13987 0.014257 0.07897 0 0
-0 -0 -0 0.17962 0 0 0 0 0 0 -0 0.1558 0.01588 0.087964 0 0
-0 -0 -0 0.037618 0 0 0 0 0 0 -0 0.032629 0.0033258 0.018422 0 0
-0 -0 -0 0.084326 0 0 0 0 0 0 -0 0.073143 0.0074552 0.041296 0 0
-0 -0 -0 0.094846 0 0 0 0 0 0 -0 0.082268 0.0083852 0.046448 0 0
-0 -0 -0 0.080563 0 0 0 0 0 0 -0 0.069879 0.0071225 0.039453 0 0
0 0 0 0.12239 0 0 0 0 0 0 -0 0.10616 0.010821 0.059938 0 0
0 0 0 0.034137 0 0 0 0 0 0 -0 0.02961 0.003018 0.016717 0 0
0 0 0 0.0087705 0 0 0 0 0 0 -0 0.0076074 0.00077539 0.0042951 0 0
-0 -0 -0 0.19004 0 0 0 0 0 0 -0 0.16484 0.016801 0.093067 0 0
-0 -0 -0 0.10334 0 0 0 0 0 0 -0 0.089632 0.0091358 0.050605 0 0
-0 -0 -0 0.073934 0 0 0 0 0 0 -0 0.064129 0.0065364 0.036207 0 0
-0 -0 -0 0.058776 0 0 0 0 0 0 -0 0.050981 0.0051963 0.028784 0 0
-0 -0 -0 0.024773 0 0 0 0 0 0 -0 0.021488 0.0021901 0.012132 0 0
0 0 0 0.17696 0 0 0 0 0 0 -0 0.1535 0.015645 0.086662 0 0
-0 -0 -0 0.18476 0 0 0 0 0 0 -0 0.16026 0.016335 0.090482 0 0
-0 -0 -0 0.16092 0 0 0 0 0 0 -0 0.13958 0.014227 0.078808 0 0
-0 -0 -0 0.12632 0 0 0 0 0 0 -0 0.10957 0.011168 0.061862 0 0
-0 -0 -0 0.085602 0 0 0 0 0 0 -0 0.07425 0.007568 0.041921 0 0
0 0 0 0.049016 0 0 0 0 0 0 -0 0.042516 0.0043335 0.024004 0 0
0 0 0 0.10528 0 0 0 0 0 0 -0 0.091315 0.0093074 0.051556 0 0
-0 -0 -0 0.14072 0 0 0 0 0 0 -0 0.12206 0.012441 0.068914 0 0
0 0 0 0.0071458 0 0 0 0 0 0 -0 0.0061982 0.00063175 0.0034994 0 0
