-0 -0 -0.1832 0 0 0 0 0 0 0 0 0 0 0.077169 -0.074603 -0.14847 0.0096949 -0.01356 0.011853 0 0
-0 -0 -0.22948 0 0 0 0 0 0 0 0 0 0 0.096663 -0.093449 -0.18597 0.011673 -0.01734 0.01478 0 0
0 0 0.15992 0 0 0 0 0 0 0 0 0 0 -0.067362 0.065122 0.1296 -0.010699 0.0097515 -0.010461 0 0
-0 -0 -0.29594 0 0 0 0 0 0 0 0 0 0 0.12466 -0.12051 -0.23983 0.014165 -0.022987 0.018913 0 0
-0 -0 -0.32135 0 0 0 0 0 0 0 0 0 0 0.13536 -0.13086 -0.26042 0.015006 -0.025211 0.020468 0 0
-0 -0 -0.24503 0 0 0 0 0 0 0 0 0 0 0.10321 -0.099782 -0.19857 0.012293 -0.018639 0.015756 0 0
-0 -0 -0.13788 0 0 0 0 0 0 0 0 0 0 0.058079 -0.056147 -0.11174 0.0075689 -0.0099899 0.008954 0 0
0 0 0.22562 0 0 0 0 0 0 0 0 0 0 -0.095036 0.091876 0.18284 -0.015633 0.01313 -0.014724 0 0
0 0 0.062318 0 0 0 0 0 0 0 0 0 0 -0.02625 0.025377 0.050502 -0.0039366 0.0040477 -0.0040801 0 0
0 0 0.065024 0 0 0 0 0 0 0 0 0 0 -0.02739 0.026479 0.052695 -0.0041145 0.0042165 -0.0042573 0 0
0 0 0.069051 0 0 0 0 0 0 0 0 0 0 -0.029086 0.028119 0.055959 -0.0043802 0.0044665 -0.0045211 0 0
-0 -0 -0.16102 0 0 0 0 0 0 0 0 0 0 0.067824 -0.065569 -0.13049 0.0086773 -0.011796 0.010438 0 0
0 0 0.11423 0 0 0 0 0 0 0 0 0 0 -0.048116 0.046516 0.092572 -0.0074457 0.0071808 -0.0074784 0 0
-0 -0 -0.19485 0 0 0 0 0 0 0 0 0 0 0.082075 -0.079346 -0.1579 0.010211 -0.014499 0.012593 0 0
-0 -0 -0.10232 0 0 0 0 0 0 0 0 0 0 0.0431 -0.041667 -0.08292 0.0057729 -0.0072842 0.0066609 0 0
-0 -0 -0.23964 0 0 0 0 0 0 0 0 0 0 0.10094 -0.097588 -0.19421 0.012081 -0.018187 0.015418 0 0
-0 -0 -0.29704 0 0 0 0 0 0 0 0 0 0 0.12512 -0.12096 -0.24072 0.014202 -0.023083 0.018981 0 0
-0 -0 -0.24521 0 0 0 0 0 0 0 0 0 0 0.10329 -0.099854 -0.19872 0.0123 -0.018654 0.015767 0 0
0 0 0.27003 0 0 0 0 0 0 0 0 0 0 -0.11374 0.10996 0.21883 -0.01913 0.015196 -0.017579 0 0
0 0 0.12698 0 0 0 0 0 0 0 0 0 0 -0.053486 0.051708 0.1029 -0.0083382 0.0079159 -0.0083117 0 0
-0 -0 -0.01874 0 0 0 0 0 0 0 0 0 0 0.0078939 -0.0076314 -0.015187 0.0011228 -0.0012762 0.0012249 0 0
0 0 0.2581 0 0 0 0 0 0 0 0 0 0 -0.10872 0.1051 0.20916 -0.018179 0.014659 -0.016815 0 0
-0 -0 -0.3288 0 0 0 0 0 0 0 0 0 0 0.1385 -0.13389 -0.26646 0.015242 -0.025869 0.020921 0 0
0 0 0.29977 0 0 0 0 0 0 0 0 0 0 -0.12627 0.12207 0.24294 -0.021542 0.016478 -0.019477 0 0
-0 -0 -0.089683 0 0 0 0 0 0 0 0 0 0 0.037777 -0.036521 -0.072679 0.0051081 -0.0063437 0.0058427 0 0
-0 -0 -0.088812 0 0 0 0 0 0 0 0 0 0 0.03741 -0.036166 -0.071973 0.0050617 -0.0062792 0.0057862 0 0
-0 -0 -0.2332 0 0 0 0 0 0 0 0 0 0 0.09823 -0.094964 -0.18899 0.011823 -0.017649 0.015014 0 0
0 0 0.17846 0 0 0 0 0 0 0 0 0 0 -0.075171 0.072672 0.14462 -0.012061 0.010743 -0.011668 0 0
0 0 0.30913 0 0 0 0 0 0 0 0 0 0 -0.13021 0.12588 0.25052 -0.022311 0.016864 -0.020071 0 0
-0 -0 -0.27325 0 0 0 0 0 0 0 0 0 0 0.1151 -0.11127 -0.22144 0.013361 -0.021032 0.017513 0 0
-0 -0 -0.028272 0 0 0 0 0 0 0 0 0 0 0.011909 -0.011513 -0.022911 0.0016828 -0.0019355 0.0018473 0 0
0 0 0.26844 0 0 0 0 0 0 0 0 0 0 -0.11307 0.10931 0.21755 -0.019004 0.015125 -0.017478 0 0
-0 -0 -0.1553 0 0 0 0 0 0 0 0 0 0 0.065417 -0.063242 -0.12586 0.008408 -0.011347 0.010072 0 0
0 0 0.27511 0 0 0 0 0 0 0 0 0 0 -0.11588 0.11203 0.22295 -0.019539 0.015421 -0.017904 0 0
0 0 0.14546 0 0 0 0 0 0 0 0 0 0 -0.061269 0.059232 0.11788 -0.0096529 0.0089569 -0.0095181 0 0
0 0 0.051202 0 0 0 0 0 0 0 0 0 0 -0.021567 0.02085 0.041494 -0.003212 0.0033482 -0.003352 0 0
0 0 0.0091213 0 0 0 0 0 0 0 0 0 0 -0.0038421 0.0037143 0.0073918 -0.00055684 0.00061145 -0.00059668 0 0
0 0 0.082744 0 0 0 0 0 0 0 0 0 0 -0.034854 0.033695 0.067056 -0.005293 0.0053069 -0.0054179 0 0
-0 -0 -0.13916 0 0 0 0 0 0 0 0 0 0 0.058617 -0.056668 -0.11277 0.0076314 -0.010089 0.0090362 0 0
0 0 0.015529 0 0 0 0 0 0 0 0 0 0 -0.0065412 0.0063237 0.012585 -0.00095204 0.0010371 -0.001016 0 0
-0 -0 -0.22889 0 0 0 0 0 0 0 0 0 0 0.096416 -0.09321 -0.1855 0.011649 -0.017291 0.014744 0 0
-0 -0 -0.11946 0 0 0 0 0 0 0 0 0 0 0.050319 -0.048646 -0.09681 0.0066524 -0.0085775 0.0077679 0 0
-0 -0 -0.044725 0 0 0 0 0 0 0 0 0 0 0.018839 -0.018213 -0.036245 0.0026317 -0.0030896 0.0029204 0 0
-0 -0 -0.13898 0 0 0 0 0 0 0 0 0 0 0.058544 -0.056597 -0.11263 0.0076229 -0.010075 0.009025 0 0
-0 -0 -0.28768 0 0 0 0 0 0 0 0 0 0 0.12118 -0.11715 -0.23314 0.013878 -0.022272 0.018405 0 0
-0 -0 -0.33017 0 0 0 0 0 0 0 0 0 0 0.13907 -0.13445 -0.26757 0.015284 -0.025991 0.021004 0 0
0 0 0.2135 0 0 0 0 0 0 0 0 0 0 -0.089933 0.086943 0.17302 -0.014702 0.012536 -0.013941 0 0
0 0 0.099223 0 0 0 0 0 0 0 0 0 0 -0.041795 0.040405 0.08041 -0.0064104 0.0062979 -0.0064966 0 0
-0 -0 -0.29018 0 0 0 0 0 0 0 0 0 0 0.12223 -0.11817 -0.23516 0.013965 -0.022489 0.018559 0 0
0 0 0.071694 0 0 0 0 0 0 0 0 0 0 -0.030199 0.029195 0.058101 -0.0045553 0.00463 -0.0046942 0 0
0 0 0.06351 0 0 0 0 0 0 0 0 0 0 -0.026752 0.025863 0.051469 -0.0040149 0.0041222 -0.0041582 0 0
0 0 0.32738 0 0 0 0 0 0 0 0 0 0 -0.1379 0.13332 0.26531 -0.023827 0.017594 -0.021226 0 0
-0 -0 -0.18061 0 0 0 0 0 0 0 0 0 0 0.076078 -0.073548 -0.14637 0.0095783 -0.013353 0.011688 0 0
0 0 0.31145 0 0 0 0 0 0 0 0 0 0 -0.13119 0.12683 0.2524 -0.022503 0.016959 -0.020218 0 0
-0 -0 -0.2573 0 0 0 0 0 0 0 0 0 0 0.10838 -0.10478 -0.20851 0.012766 -0.019673 0.016521 0 0
0 0 0.062343 0 0 0 0 0 0 0 0 0 0 -0.02626 0.025387 0.050522 -0.0039383 0.0040493 -0.0040817 0 0
-0 -0 -0.21965 0 0 0 0 0 0 0 0 0 0 0.092521 -0.089444 -0.178 0.011269 -0.016526 0.014161 0 0
0 0 0.028418 0 0 0 0 0 0 0 0 0 0 -0.01197 0.011572 0.02303 -0.0017569 0.0018837 -0.0018598 0 0
-0 -0 -0.054351 0 0 0 0 0 0 0 0 0 0 0.022894 -0.022133 -0.044046 0.0031764 -0.003774 0.0035474 0 0
0 0 0.13024 0 0 0 0 0 0 0 0 0 0 -0.054859 0.053034 0.10554 -0.0085683 0.0081016 -0.0085245 0 0
0 0 0.2516 0 0 0 0 0 0 0 0 0 0 -0.10598 0.10245 0.20389 -0.017664 0.01436 -0.016397 0 0
0 0 0.044673 0 0 0 0 0 0 0 0 0 0 -0.018817 0.018192 0.036203 -0.0027909 0.0029328 -0.0029243 0 0
-0 -0 -0.17523 0 0 0 0 0 0 0 0 0 0 0.073811 -0.071356 -0.14201 0.0093343 -0.012923 0.011345 0 0
-0 -0 -0.029151 0 0 0 0 0 0 0 0 0 0 0.012279 -0.011871 -0.023624 0.0017341 -0.0019967 0.0019046 0 0
-0 -0 -0.19448 0 0 0 0 0 0 0 0 0 0 0.081919 -0.079195 -0.1576 0.010195 -0.014469 0.01257 0 0
-0 -0 -0.17707 0 0 0 0 0 0 0 0 0 0 0.074587 -0.072107 -0.1435 0.0094182 -0.01307 0.011463 0 0
-0 -0 -0.29452 0 0 0 0 0 0 0 0 0 0 0.12406 -0.11993 -0.23868 0.014116 -0.022864 0.018826 0 0
0 0 0.22712 0 0 0 0 0 0 0 0 0 0 -0.09567 0.092489 0.18406 -0.01575 0.013203 -0.014821 0 0
0 0 0.10358 0 0 0 0 0 0 0 0 0 0 -0.043632 0.042182 0.083945 -0.0067096 0.0065565 -0.0067821 0 0
-0 -0 -0.10256 0 0 0 0 0 0 0 0 0 0 0.043201 -0.041765 -0.083115 0.0057855 -0.0073023 0.0066765 0 0
-0 -0 -0.11146 0 0 0 0 0 0 0 0 0 0 0.046949 -0.045388 -0.090325 0.006245 -0.0079712 0.0072515 0 0
0 0 0.11188 0 0 0 0 0 0 0 0 0 0 -0.047127 0.04556 0.090668 -0.0072826 0.0070438 -0.0073248 0 0
0 0 0.33573 0 0 0 0 0 0 0 0 0 0 -0.14142 0.13672 0.27208 -0.024527 0.017918 -0.021752 0 0
0 0 0.30844 0 0 0 0 0 0 0 0 0 0 -0.12992 0.1256 0.24996 -0.022254 0.016836 -0.020027 0 0
-0 -0 -0.074241 0 0 0 0 0 0 0 0 0 0 0.031272 -0.030232 -0.060164 0.0042769 -0.0052095 0.0048408 0 0
-0 -0 -0.12501 0 0 0 0 0 0 0 0 0 0 0.052657 -0.050906 -0.10131 0.0069317 -0.0090006 0.0081257 0 0
-0 -0 -0.027888 0 0 0 0 0 0 0 0 0 0 0.011747 -0.011357 -0.022601 0.0016604 -0.0019089 0.0018222 0 0
-0 -0 -0.1187 0 0 0 0 0 0 0 0 0 0 0.049999 -0.048337 -0.096194 0.006614 -0.0085198 0.0077189 0 0
0 0 0.34618 0 0 0 0 0 0 0 0 0 0 -0.14582 0.14097 0.28054 -0.025408 0.018313 -0.022409 0 0
0 0 0.2662 0 0 0 0 0 0 0 0 0 0 -0.11213 0.1084 0.21573 -0.018824 0.015025 -0.017334 0 0
-0 -0 -0.1321 0 0 0 0 0 0 0 0 0 0 0.055643 -0.053793 -0.10705 0.0072845 -0.0095442 0.0085822 0 0
-0 -0 -0.34614 0 0 0 0 0 0 0 0 0 0 0.1458 -0.14096 -0.28051 0.015768 -0.027413 0.02197 0 0
0 0 0.23879 0 0 0 0 0 0 0 0 0 0 -0.10058 0.09724 0.19351 -0.016657 0.013762 -0.015573 0 0
0 0 0.34564 0 0 0 0 0 0 0 0 0 0 -0.14559 0.14075 0.28011 -0.025363 0.018293 -0.022375 0 0
-0 -0 -0.076043 0 0 0 0 0 0 0 0 0 0 0.032031 -0.030966 -0.061625 0.004375 -0.005341 0.0049578 0 0
-0 -0 -0.053971 0 0 0 0 0 0 0 0 0 0 0.022734 -0.021978 -0.043738 0.003155 -0.0037468 0.0035226 0 0
0 0 0.011088 0 0 0 0 0 0 0 0 0 0 -0.0046705 0.0045152 0.0089857 -0.00067779 0.00074245 -0.00072537 0 0
0 0 0.031139 0 0 0 0 0 0 0 0 0 0 -0.013116 0.01268 0.025235 -0.0019285 0.0020608 -0.0020379 0 0
0 0 0.089284 0 0 0 0 0 0 0 0 0 0 -0.037609 0.036358 0.072356 -0.0057341 0.0057029 -0.0058461 0 0
0 0 0.18455 0 0 0 0 0 0 0 0 0 0 -0.077736 0.075151 0.14956 -0.012514 0.011063 -0.012064 0 0
0 0 0.04934 0 0 0 0 0 0 0 0 0 0 -0.020783 0.020092 0.039985 -0.0030915 0.0032301 -0.00323 0 0
-0 -0 -0.020509 0 0 0 0 0 0 0 0 0 0 0.0086391 -0.0083518 -0.016621 0.0012273 -0.0013981 0.0013405 0 0
0 0 0.31483 0 0 0 0 0 0 0 0 0 0 -0.13262 0.12821 0.25514 -0.022783 0.017096 -0.020432 0 0
0 0 0.072242 0 0 0 0 0 0 0 0 0 0 -0.03043 0.029418 0.058545 -0.0045917 0.0046638 -0.0047301 0 0
-0 -0 -0.29258 0 0 0 0 0 0 0 0 0 0 0.12324 -0.11914 -0.23711 0.014049 -0.022696 0.018707 0 0
-0 -0 -0.32054 0 0 0 0 0 0 0 0 0 0 0.13502 -0.13053 -0.25977 0.014981 -0.02514 0.020419 0 0
0 0 0.20769 0 0 0 0 0 0 0 0 0 0 -0.087486 0.084577 0.16831 -0.014258 0.012246 -0.013565 0 0
0 0 0.23975 0 0 0 0 0 0 0 0 0 0 -0.10099 0.097629 0.19429 -0.016732 0.013807 -0.015635 0 0
-0 -0 -0.19756 0 0 0 0 0 0 0 0 0 0 0.083216 -0.080449 -0.1601 0.010329 -0.014719 0.012765 0 0
-0 -0 -0.11839 0 0 0 0 0 0 0 0 0 0 0.049869 -0.048211 -0.095944 0.0065984 -0.0084964 0.007699 0 0
