0 0 0.33013 0 0 0 0 0 0 0 0 0 0 -0.16167 0.10778 0.26689 -0.028595 -0.0079476 -0.014112 0 0
0 0 0.34777 0 0 0 0 0 0 0 0 0 0 -0.17031 0.11354 0.28115 -0.03009 -0.0086467 -0.014735 0 0
0 0 0.22948 0 0 0 0 0 0 0 0 0 0 -0.11238 0.074919 0.18552 -0.019962 -0.004478 -0.010284 0 0
-0 -0 -0.054173 0 0 0 0 0 0 0 0 0 0 0.02653 -0.017686 -0.043796 0.0046836 0.00034065 0.0026996 0 0
-0 -0 -0.23906 0 0 0 0 0 0 0 0 0 0 0.11707 -0.078048 -0.19327 0.020287 -0.00058283 0.012524 0 0
0 0 0.10379 0 0 0 0 0 0 0 0 0 0 -0.050828 0.033885 0.083908 -0.009034 -0.0014224 -0.004898 0 0
-0 -0 -0.31302 0 0 0 0 0 0 0 0 0 0 0.15329 -0.10219 -0.25306 0.02628 -0.0018503 0.016666 0 0
-0 -0 -0.11688 0 0 0 0 0 0 0 0 0 0 0.057237 -0.038158 -0.094489 0.010054 0.00038892 0.0059334 0 0
-0 -0 -0.013283 0 0 0 0 0 0 0 0 0 0 0.0065049 -0.0043366 -0.010739 0.0011513 0.00010913 0.00065335 0 0
0 0 0.20638 0 0 0 0 0 0 0 0 0 0 -0.10107 0.067378 0.16684 -0.017962 -0.0038086 -0.0093422 0 0
0 0 0.17931 0 0 0 0 0 0 0 0 0 0 -0.087814 0.058543 0.14497 -0.015612 -0.0030857 -0.0082109 0 0
-0 -0 -0.1408 0 0 0 0 0 0 0 0 0 0 0.068951 -0.045968 -0.11383 0.012085 0.00030943 0.0071955 0 0
0 0 0.2705 0 0 0 0 0 0 0 0 0 0 -0.13247 0.088313 0.21869 -0.023499 -0.0057844 -0.011899 0 0
0 0 0.31309 0 0 0 0 0 0 0 0 0 0 -0.15333 0.10222 0.25312 -0.027146 -0.007298 -0.013496 0 0
0 0 0.3429 0 0 0 0 0 0 0 0 0 0 -0.16793 0.11195 0.27722 -0.029678 -0.0084511 -0.014565 0 0
-0 -0 -0.10203 0 0 0 0 0 0 0 0 0 0 0.049965 -0.03331 -0.082484 0.0087884 0.00041107 0.0051576 0 0
-0 -0 -0.30214 0 0 0 0 0 0 0 0 0 0 0.14796 -0.098641 -0.24426 0.025409 -0.001632 0.016051 0 0
0 0 0.13718 0 0 0 0 0 0 0 0 0 0 -0.067181 0.044788 0.11091 -0.011945 -0.0020931 -0.0063904 0 0
0 0 0.27593 0 0 0 0 0 0 0 0 0 0 -0.13513 0.090086 0.22308 -0.023966 -0.0059685 -0.012107 0 0
0 0 0.09072 0 0 0 0 0 0 0 0 0 0 -0.044427 0.029618 0.073342 -0.0078945 -0.0011879 -0.0043024 0 0
-0 -0 -0.2842 0 0 0 0 0 0 0 0 0 0 0.13918 -0.092787 -0.22976 0.023966 -0.0012961 0.015041 0 0
0 0 0.010957 0 0 0 0 0 0 0 0 0 0 -0.0053657 0.0035771 0.0088579 -0.00095087 -0.00010251 -0.0005346 0 0
-0 -0 -0.33996 0 0 0 0 0 0 0 0 0 0 0.16649 -0.11099 -0.27484 0.028417 -0.0024379 0.018198 0 0
-0 -0 -0.10464 0 0 0 0 0 0 0 0 0 0 0.051246 -0.034164 -0.084599 0.0090117 0.00040868 0.0052938 0 0
-0 -0 -0.30042 0 0 0 0 0 0 0 0 0 0 0.14712 -0.098079 -0.24287 0.025271 -0.0015985 0.015954 0 0
0 0 0.055935 0 0 0 0 0 0 0 0 0 0 -0.027392 0.018262 0.04522 -0.004863 -0.00064143 -0.0026868 0 0
-0 -0 -0.33902 0 0 0 0 0 0 0 0 0 0 0.16602 -0.11068 -0.27408 0.028343 -0.0024162 0.018144 0 0
0 0 0.30916 0 0 0 0 0 0 0 0 0 0 -0.1514 0.10093 0.24994 -0.02681 -0.0071516 -0.013352 0 0
0 0 0.23523 0 0 0 0 0 0 0 0 0 0 -0.1152 0.076798 0.19017 -0.02046 -0.0046522 -0.010515 0 0
0 0 0.18373 0 0 0 0 0 0 0 0 0 0 -0.089976 0.059984 0.14854 -0.015996 -0.0031991 -0.0083975 0 0
-0 -0 -0.16097 0 0 0 0 0 0 0 0 0 0 0.078828 -0.052552 -0.13013 0.013787 0.00020044 0.0082708 0 0
0 0 0.030641 0 0 0 0 0 0 0 0 0 0 -0.015006 0.010004 0.024772 -0.0026615 -0.00031503 -0.001485 0 0
0 0 0.034416 0 0 0 0 0 0 0 0 0 0 -0.016854 0.011236 0.027823 -0.0029898 -0.00035994 -0.0016657 0 0
-0 -0 -0.063096 0 0 0 0 0 0 0 0 0 0 0.0309 -0.0206 -0.05101 0.0054517 0.0003702 0.0031529 0 0
-0 -0 -0.16882 0 0 0 0 0 0 0 0 0 0 0.082676 -0.055117 -0.13648 0.014448 0.00014758 0.0086925 0 0
-0 -0 -0.22284 0 0 0 0 0 0 0 0 0 0 0.10913 -0.072752 -0.18015 0.018951 -0.00037303 0.01163 0 0
-0 -0 -0.2571 0 0 0 0 0 0 0 0 0 0 0.12591 -0.083938 -0.20785 0.021765 -0.00084509 0.013526 0 0
-0 -0 -0.18369 0 0 0 0 0 0 0 0 0 0 0.089955 -0.05997 -0.1485 0.015695 3.1688e-05 0.0094942 0 0
-0 -0 -0.2301 0 0 0 0 0 0 0 0 0 0 0.11268 -0.075122 -0.18602 0.01955 -0.00046388 0.01203 0 0
0 0 0.26644 0 0 0 0 0 0 0 0 0 0 -0.13048 0.086987 0.2154 -0.02315 -0.0056484 -0.011742 0 0
0 0 0.11691 0 0 0 0 0 0 0 0 0 0 -0.057255 0.03817 0.094518 -0.010178 -0.0016737 -0.0054896 0 0
0 0 0.17317 0 0 0 0 0 0 0 0 0 0 -0.084803 0.056535 0.14 -0.015078 -0.0029308 -0.0079497 0 0
-0 -0 -0.23371 0 0 0 0 0 0 0 0 0 0 0.11445 -0.076302 -0.18894 0.019847 -0.00051093 0.012229 0 0
0 0 0.29173 0 0 0 0 0 0 0 0 0 0 -0.14287 0.095244 0.23585 -0.02532 -0.0065189 -0.012705 0 0
-0 -0 -0.11806 0 0 0 0 0 0 0 0 0 0 0.057819 -0.038546 -0.095449 0.010155 0.00038625 0.0059957 0 0
-0 -0 -0.33995 0 0 0 0 0 0 0 0 0 0 0.16648 -0.11099 -0.27483 0.028416 -0.0024376 0.018197 0 0
0 0 0.17963 0 0 0 0 0 0 0 0 0 0 -0.087967 0.058645 0.14522 -0.015639 -0.0030937 -0.0082242 0 0
0 0 0.28687 0 0 0 0 0 0 0 0 0 0 -0.14049 0.093657 0.23192 -0.024904 -0.0063473 -0.012523 0 0
0 0 0.0080803 0 0 0 0 0 0 0 0 0 0 -0.0039571 0.002638 0.0065325 -0.00070115 -7.4508e-05 -0.00039464 0 0
0 0 0.068612 0 0 0 0 0 0 0 0 0 0 -0.0336 0.0224 0.055469 -0.0059674 -0.00082753 -0.0032806 0 0
0 0 0.29569 0 0 0 0 0 0 0 0 0 0 -0.14481 0.096537 0.23905 -0.02566 -0.0066604 -0.012854 0 0
0 0 0.11538 0 0 0 0 0 0 0 0 0 0 -0.056505 0.03767 0.093281 -0.010045 -0.0016436 -0.0054209 0 0
0 0 0.014649 0 0 0 0 0 0 0 0 0 0 -0.0071739 0.0047826 0.011843 -0.0012715 -0.0001396 -0.00071386 0 0
0 0 0.054758 0 0 0 0 0 0 0 0 0 0 -0.026816 0.017877 0.044269 -0.0047605 -0.00062492 -0.0026313 0 0
0 0 0.061516 0 0 0 0 0 0 0 0 0 0 -0.030125 0.020084 0.049732 -0.0053492 -0.00072151 -0.0029489 0 0
0 0 0.060651 0 0 0 0 0 0 0 0 0 0 -0.029702 0.019801 0.049033 -0.0052738 -0.00070891 -0.0029083 0 0
0 0 0.011481 0 0 0 0 0 0 0 0 0 0 -0.0056224 0.0037483 0.0092817 -0.0009964 -0.0001077 -0.00056008 0 0
0 0 0.32041 0 0 0 0 0 0 0 0 0 0 -0.15691 0.10461 0.25903 -0.027768 -0.0075737 -0.013762 0 0
0 0 0.18397 0 0 0 0 0 0 0 0 0 0 -0.090092 0.060062 0.14873 -0.016016 -0.0032053 -0.0084076 0 0
0 0 0.322 0 0 0 0 0 0 0 0 0 0 -0.15769 0.10513 0.26032 -0.027904 -0.0076343 -0.01382 0 0
-0 -0 -0.24611 0 0 0 0 0 0 0 0 0 0 0.12053 -0.080351 -0.19897 0.020866 -0.00068175 0.012915 0 0
0 0 0.026517 0 0 0 0 0 0 0 0 0 0 -0.012986 0.0086573 0.021438 -0.0023029 -0.00026749 -0.001287 0 0
-0 -0 -0.060898 0 0 0 0 0 0 0 0 0 0 0.029823 -0.019882 -0.049233 0.0052626 0.00036361 0.003041 0 0
-0 -0 -0.30182 0 0 0 0 0 0 0 0 0 0 0.14781 -0.098538 -0.244 0.025384 -0.0016258 0.016033 0 0
0 0 0.074635 0 0 0 0 0 0 0 0 0 0 -0.03655 0.024367 0.060339 -0.0064924 -0.00092121 -0.0035607 0 0
-0 -0 -0.26003 0 0 0 0 0 0 0 0 0 0 0.12734 -0.084893 -0.21022 0.022004 -0.00089049 0.013688 0 0
-0 -0 -0.29176 0 0 0 0 0 0 0 0 0 0 0.14288 -0.095253 -0.23587 0.024576 -0.001434 0.015466 0 0
0 0 0.12059 0 0 0 0 0 0 0 0 0 0 -0.059057 0.039371 0.097494 -0.010499 -0.001747 -0.0056543 0 0
0 0 0.27159 0 0 0 0 0 0 0 0 0 0 -0.133 0.088668 0.21956 -0.023593 -0.005821 -0.011941 0 0
-0 -0 -0.031109 0 0 0 0 0 0 0 0 0 0 0.015235 -0.010157 -0.02515 0.0026937 0.00022946 0.001539 0 0
-0 -0 -0.17879 0 0 0 0 0 0 0 0 0 0 0.087559 -0.058372 -0.14455 0.015285 7.214e-05 0.0092297 0 0
0 0 0.02797 0 0 0 0 0 0 0 0 0 0 -0.013698 0.0091317 0.022612 -0.0024292 -0.00028406 -0.0013568 0 0
0 0 0.098214 0 0 0 0 0 0 0 0 0 0 -0.048097 0.032065 0.079401 -0.0085478 -0.0013204 -0.0046446 0 0
0 0 0.33325 0 0 0 0 0 0 0 0 0 0 -0.1632 0.1088 0.26941 -0.02886 -0.0080693 -0.014223 0 0
-0 -0 -0.2132 0 0 0 0 0 0 0 0 0 0 0.10441 -0.069607 -0.17236 0.018153 -0.00026009 0.011101 0 0
-0 -0 -0.016858 0 0 0 0 0 0 0 0 0 0 0.0082557 -0.0055038 -0.013629 0.0014609 0.00013566 0.00083017 0 0
-0 -0 -0.23579 0 0 0 0 0 0 0 0 0 0 0.11547 -0.076981 -0.19062 0.020019 -0.00053859 0.012344 0 0
0 0 0.013202 0 0 0 0 0 0 0 0 0 0 -0.0064651 0.0043101 0.010673 -0.0011458 -0.00012491 -0.00064364 0 0
-0 -0 -0.1482 0 0 0 0 0 0 0 0 0 0 0.072576 -0.048384 -0.11981 0.012711 0.00027389 0.007589 0 0
0 0 0.23652 0 0 0 0 0 0 0 0 0 0 -0.11583 0.07722 0.19122 -0.020571 -0.0046917 -0.010566 0 0
0 0 0.19217 0 0 0 0 0 0 0 0 0 0 -0.094107 0.062738 0.15536 -0.016729 -0.0034207 -0.008752 0 0
0 0 0.28972 0 0 0 0 0 0 0 0 0 0 -0.14188 0.094586 0.23422 -0.025148 -0.0064475 -0.01263 0 0
-0 -0 -0.057009 0 0 0 0 0 0 0 0 0 0 0.027918 -0.018612 -0.046089 0.0049278 0.00035085 0.0028433 0 0
0 0 0.23339 0 0 0 0 0 0 0 0 0 0 -0.1143 0.076198 0.18869 -0.020301 -0.0045962 -0.010441 0 0
-0 -0 -0.22901 0 0 0 0 0 0 0 0 0 0 0.11215 -0.074768 -0.18515 0.01946 -0.00045 0.01197 0 0
0 0 0.011426 0 0 0 0 0 0 0 0 0 0 -0.0055956 0.0037304 0.0092374 -0.00099164 -0.00010716 -0.00055742 0 0
0 0 0.28312 0 0 0 0 0 0 0 0 0 0 -0.13865 0.092434 0.22889 -0.024583 -0.0062163 -0.012381 0 0
0 0 0.072226 0 0 0 0 0 0 0 0 0 0 -0.03537 0.02358 0.058391 -0.0062824 -0.00088334 -0.0034489 0 0
-0 -0 -0.30411 0 0 0 0 0 0 0 0 0 0 0.14893 -0.099285 -0.24586 0.025568 -0.0016708 0.016162 0 0
-0 -0 -0.19226 0 0 0 0 0 0 0 0 0 0 0.094155 -0.06277 -0.15543 0.016411 -4.4644e-05 0.0099592 0 0
-0 -0 -0.27271 0 0 0 0 0 0 0 0 0 0 0.13355 -0.089034 -0.22047 0.023036 -0.0010965 0.014397 0 0
-0 -0 -0.19592 0 0 0 0 0 0 0 0 0 0 0.095947 -0.063965 -0.15839 0.016716 -7.9324e-05 0.010158 0 0
-0 -0 -0.0037912 0 0 0 0 0 0 0 0 0 0 0.0018566 -0.0012377 -0.0030649 0.00032878 3.2841e-05 0.00018589 0 0
0 0 0.2945 0 0 0 0 0 0 0 0 0 0 -0.14422 0.096149 0.23809 -0.025558 -0.0066177 -0.012809 0 0
0 0 0.075536 0 0 0 0 0 0 0 0 0 0 -0.036991 0.024661 0.061067 -0.0065709 -0.00093551 -0.0036025 0 0
-0 -0 -0.083037 0 0 0 0 0 0 0 0 0 0 0.040665 -0.02711 -0.067131 0.0071638 0.00040903 0.0041743 0 0
-0 -0 -0.17777 0 0 0 0 0 0 0 0 0 0 0.087055 -0.058037 -0.14371 0.015199 8.0347e-05 0.0091743 0 0
0 0 0.3025 0 0 0 0 0 0 0 0 0 0 -0.14814 0.098759 0.24455 -0.026241 -0.0069066 -0.013107 0 0
0 0 0.060304 0 0 0 0 0 0 0 0 0 0 -0.029532 0.019688 0.048753 -0.0052436 -0.00070388 -0.0028921 0 0
-0 -0 -0.067684 0 0 0 0 0 0 0 0 0 0 0.033146 -0.022097 -0.054719 0.0058461 0.00038246 0.0033868 0 0
