-0 -0 -0 0.078768 0 0 0 0 0 -0 0 0.067191 -0.005845 0.040688 0 0
-0 -0 -0 0.10942 0 0 0 0 0 -0 0 0.093342 -0.00812 0.056525 0 0
-0 -0 -0 0.0723 0 0 0 0 0 -0 0 0.061674 -0.0053651 0.037347 0 0
0 0 0 0.14918 0 0 0 0 0 -0 0 0.12726 -0.01107 0.077062 0 0
0 0 0 0.18211 0 0 0 0 0 -0 0 0.15535 -0.013514 0.094071 0 0
0 0 0 0.02216 0 0 0 0 0 -0 0 0.018903 -0.0016444 0.011447 0 0
-0 -0 -0 0.0037964 0 0 0 0 0 -0 0 0.0032385 -0.00028172 0.0019611 0 0
-0 -0 -0 0.14204 0 0 0 0 0 -0 0 0.12116 -0.01054 0.073371 0 0
0 0 0 0.10106 0 0 0 0 0 -0 0 0.08621 -0.0074996 0.052206 0 0
-0 -0 -0 0.076548 0 0 0 0 0 -0 0 0.065297 -0.0056803 0.039542 0 0
-0 -0 -0 0.13903 0 0 0 0 0 -0 0 0.1186 -0.010317 0.071817 0 0
-0 -0 -0 0.15932 0 0 0 0 0 -0 0 0.13591 -0.011823 0.082301 0 0
-0 -0 -0 0.020304 0 0 0 0 0 -0 0 0.01732 -0.0015067 0.010488 0 0
0 0 0 0.019435 0 0 0 0 0 -0 0 0.016579 -0.0014422 0.010039 0 0
0 0 0 0.032326 0 0 0 0 0 -0 0 0.027575 -0.0023988 0.016699 0 0
-0 -0 -0 0.15472 0 0 0 0 0 -0 0 0.13198 -0.011481 0.079922 0 0
0 0 0 0.18777 0 0 0 0 0 -0 0 0.16017 -0.013933 0.096993 0 0
-0 -0 -0 0.040803 0 0 0 0 0 -0 0 0.034806 -0.0030278 0.021077 0 0
0 0 0 0.008979 0 0 0 0 0 -0 0 0.0076593 -0.00066629 0.0046382 0 0
0 0 0 0.069929 0 0 0 0 0 -0 0 0.059652 -0.0051892 0.036123 0 0
0 0 0 0.095523 0 0 0 0 0 -0 0 0.081483 -0.0070884 0.049343 0 0
-0 -0 -0 0.097612 0 0 0 0 0 -0 0 0.083266 -0.0072434 0.050423 0 0
-0 -0 -0 0.1507 0 0 0 0 0 -0 0 0.12855 -0.011183 0.077846 0 0
-0 -0 -0 0.071219 0 0 0 0 0 -0 0 0.060752 -0.0052849 0.036789 0 0
-0 -0 -0 0.1075 0 0 0 0 0 -0 0 0.091701 -0.0079772 0.055531 0 0
0 0 0 0.18377 0 0 0 0 0 -0 0 0.15676 -0.013637 0.094929 0 0
-0 -0 -0 0.19669 0 0 0 0 0 -0 0 0.16778 -0.014596 0.1016 0 0
-0 -0 -0 0.1858 0 0 0 0 0 -0 0 0.15849 -0.013787 0.095977 0 0
-0 -0 -0 0.091971 0 0 0 0 0 -0 0 0.078454 -0.0068248 0.047509 0 0
-0 -0 -0 0.10043 0 0 0 0 0 -0 0 0.085672 -0.0074528 0.05188 0 0
0 0 0 0.16178 0 0 0 0 0 -0 0 0.138 -0.012005 0.083568 0 0
-0 -0 -0 0.082744 0 0 0 0 0 -0 0 0.070583 -0.0061401 0.042743 0 0
-0 -0 -0 0.06907 0 0 0 0 0 -0 0 0.058918 -0.0051254 0.035679 0 0
-0 -0 -0 0.052541 0 0 0 0 0 -0 0 0.044819 -0.0038989 0.027141 0 0
0 0 0 0.1485 0 0 0 0 0 -0 0 0.12668 -0.01102 0.076711 0 0
0 0 0 0.027533 0 0 0 0 0 -0 0 0.023487 -0.0020431 0.014223 0 0
0 0 0 0.059687 0 0 0 0 0 -0 0 0.050915 -0.0044292 0.030832 0 0
0 0 0 0.06197 0 0 0 0 0 -0 0 0.052862 -0.0045985 0.032011 0 0
-0 -0 -0 0.14575 0 0 0 0 0 -0 0 0.12433 -0.010815 0.075287 0 0
-0 -0 -0 0.13886 0 0 0 0 0 -0 0 0.11845 -0.010304 0.071729 0 0
0 0 0 0.064421 0 0 0 0 0 -0 0 0.054953 -0.0047804 0.033278 0 0
0 0 0 0.15435 0 0 0 0 0 -0 0 0.13167 -0.011454 0.079732 0 0
0 0 0 0.11492 0 0 0 0 0 -0 0 0.098026 -0.0085274 0.059361 0 0
0 0 0 0.15813 0 0 0 0 0 -0 0 0.13489 -0.011734 0.081686 0 0
-0 -0 -0 0.069947 0 0 0 0 0 -0 0 0.059666 -0.0051905 0.036132 0 0
-0 -0 -0 0.11238 0 0 0 0 0 -0 0 0.095865 -0.0083395 0.058053 0 0
0 0 0 0.054721 0 0 0 0 0 -0 0 0.046679 -0.0040606 0.028267 0 0
0 0 0 0.0094741 0 0 0 0 0 -0 0 0.0080816 -0.00070303 0.0048939 0 0
0 0 0 0.12312 0 0 0 0 0 -0 0 0.10503 -0.0091364 0.0636 0 0
-0 -0 -0 0.014145 0 0 0 0 0 -0 0 0.012066 -0.0010496 0.0073066 0 0
-0 -0 -0 0.13167 0 0 0 0 0 -0 0 0.11232 -0.0097705 0.068014 0 0
0 0 0 0.12536 0 0 0 0 0 -0 0 0.10694 -0.0093027 0.064758 0 0
-0 -0 -0 0.11404 0 0 0 0 0 -0 0 0.09728 -0.0084625 0.058909 0 0
-0 -0 -0 0.10829 0 0 0 0 0 -0 0 0.092374 -0.0080358 0.055939 0 0
0 0 0 0.0031771 0 0 0 0 0 -0 0 0.0027101 -0.00023576 0.0016412 0 0
0 0 0 0.058318 0 0 0 0 0 -0 0 0.049747 -0.0043276 0.030125 0 0
0 0 0 0.1922 0 0 0 0 0 -0 0 0.16395 -0.014262 0.099284 0 0
0 0 0 0.16891 0 0 0 0 0 -0 0 0.14409 -0.012534 0.087254 0 0
0 0 0 0.12102 0 0 0 0 0 -0 0 0.10324 -0.0089806 0.062515 0 0
0 0 0 0.088422 0 0 0 0 0 -0 0 0.075426 -0.0065614 0.045675 0 0
0 0 0 0.19055 0 0 0 0 0 -0 0 0.16255 -0.01414 0.098432 0 0
-0 -0 -0 0.082051 0 0 0 0 0 -0 0 0.069992 -0.0060887 0.042385 0 0
-0 -0 -0 0.15098 0 0 0 0 0 -0 0 0.12879 -0.011204 0.077991 0 0
0 0 0 0.13582 0 0 0 0 0 -0 0 0.11585 -0.010078 0.070158 0 0
-0 -0 -0 0.11107 0 0 0 0 0 -0 0 0.094742 -0.0082417 0.057372 0 0
-0 -0 -0 0.14339 0 0 0 0 0 -0 0 0.12231 -0.01064 0.074068 0 0
-0 -0 -0 0.061833 0 0 0 0 0 -0 0 0.052745 -0.0045884 0.03194 0 0
0 0 0 0.19681 0 0 0 0 0 -0 0 0.16789 -0.014605 0.10167 0 0
-0 -0 -0 0.17639 0 0 0 0 0 -0 0 0.15046 -0.013089 0.091115 0 0
0 0 0 0.01359 0 0 0 0 0 -0 0 0.011592 -0.0010084 0.0070199 0 0
-0 -0 -0 0.040854 0 0 0 0 0 -0 0 0.034849 -0.0030316 0.021103 0 0
0 0 0 0.00063315 0 0 0 0 0 -0 0 0.0005401 -4.6984e-05 0.00032706 0 0
0 0 0 0.11334 0 0 0 0 0 -0 0 0.096678 -0.0084102 0.058545 0 0
-0 -0 -0 0.094911 0 0 0 0 0 -0 0 0.080962 -0.007043 0.049028 0 0
0 0 0 0.10246 0 0 0 0 0 -0 0 0.087404 -0.0076034 0.052929 0 0
-0 -0 -0 0.0044501 0 0 0 0 0 -0 0 0.0037961 -0.00033023 0.0022988 0 0
-0 -0 -0 0.027371 0 0 0 0 0 -0 0 0.023348 -0.0020311 0.014139 0 0
-0 -0 -0 0.17797 0 0 0 0 0 -0 0 0.15181 -0.013206 0.091932 0 0
-0 -0 -0 0.19177 0 0 0 0 0 -0 0 0.16359 -0.014231 0.099062 0 0
0 0 0 0.00039514 0 0 0 0 0 -0 0 0.00033707 -2.9322e-05 0.00020411 0 0
-0 -0 -0 0.011631 0 0 0 0 0 -0 0 0.0099212 -0.00086306 0.0060079 0 0
0 0 0 0.12143 0 0 0 0 0 -0 0 0.10359 -0.0090112 0.062728 0 0
-0 -0 -0 0.13798 0 0 0 0 0 -0 0 0.1177 -0.010239 0.071273 0 0
0 0 0 0.077819 0 0 0 0 0 -0 0 0.066382 -0.0057747 0.040199 0 0
0 0 0 0.1633 0 0 0 0 0 -0 0 0.1393 -0.012118 0.084352 0 0
0 0 0 0.16939 0 0 0 0 0 -0 0 0.1445 -0.01257 0.087502 0 0
-0 -0 -0 0.093061 0 0 0 0 0 -0 0 0.079384 -0.0069057 0.048072 0 0
0 0 0 0.14686 0 0 0 0 0 -0 0 0.12528 -0.010898 0.075862 0 0
-0 -0 -0 0.13385 0 0 0 0 0 -0 0 0.11418 -0.0099328 0.069144 0 0
0 0 0 0.19993 0 0 0 0 0 -0 0 0.17054 -0.014836 0.10327 0 0
0 0 0 0.0099219 0 0 0 0 0 -0 0 0.0084636 -0.00073626 0.0051253 0 0
0 0 0 0.19729 0 0 0 0 0 -0 0 0.16829 -0.01464 0.10191 0 0
-0 -0 -0 0.066016 0 0 0 0 0 -0 0 0.056314 -0.0048988 0.034102 0 0
0 0 0 0.088769 0 0 0 0 0 -0 0 0.075722 -0.0065872 0.045855 0 0
-0 -0 -0 0.14288 0 0 0 0 0 -0 0 0.12188 -0.010602 0.073806 0 0
-0 -0 -0 0.1053 0 0 0 0 0 -0 0 0.089827 -0.0078142 0.054396 0 0
0 0 0 0.021027 0 0 0 0 0 -0 0 0.017937 -0.0015604 0.010862 0 0
-0 -0 -0 0.116 0 0 0 0 0 -0 0 0.09895 -0.0086078 0.05992 0 0
-0 -0 -0 0.19779 0 0 0 0 0 -0 0 0.16872 -0.014677 0.10217 0 0
0 0 0 0.055024 0 0 0 0 0 -0 0 0.046937 -0.0040831 0.028423 0 0
