0 0 0 0.068878 0 0 0 0 0 -0 -0 0.051026 -0.026219 0.03812 0 0
-0 -0 -0 0.003306 0 0 0 0 0 -0 -0 0.0024491 -0.0012584 0.0018297 0 0
-0 -0 -0 0.083483 0 0 0 0 0 -0 -0 0.061846 -0.031778 0.046203 0 0
0 0 0 0.18693 0 0 0 0 0 -0 -0 0.13848 -0.071156 0.10346 0 0
-0 -0 -0 0.1046 0 0 0 0 0 -0 -0 0.077487 -0.039815 0.057888 0 0
-0 -0 -0 0.061811 0 0 0 0 0 -0 -0 0.04579 -0.023528 0.034208 0 0
0 0 0 0.18114 0 0 0 0 0 -0 -0 0.13419 -0.068953 0.10025 0 0
-0 -0 -0 0.051584 0 0 0 0 0 -0 -0 0.038214 -0.019635 0.028548 0 0
-0 -0 -0 0.18282 0 0 0 0 0 -0 -0 0.13543 -0.06959 0.10118 0 0
0 0 0 0.16546 0 0 0 0 0 -0 -0 0.12257 -0.062981 0.09157 0 0
-0 -0 -0 0.18163 0 0 0 0 0 -0 -0 0.13456 -0.069139 0.10052 0 0
0 0 0 0.15305 0 0 0 0 0 -0 -0 0.11338 -0.058259 0.084705 0 0
0 0 0 0.18192 0 0 0 0 0 -0 -0 0.13477 -0.069248 0.10068 0 0
-0 -0 -0 0.037939 0 0 0 0 0 -0 -0 0.028105 -0.014441 0.020997 0 0
-0 -0 -0 0.10181 0 0 0 0 0 -0 -0 0.07542 -0.038753 0.056344 0 0
0 0 0 0.075728 0 0 0 0 0 -0 -0 0.056101 -0.028826 0.041911 0 0
-0 -0 -0 0.05572 0 0 0 0 0 -0 -0 0.041278 -0.02121 0.030838 0 0
0 0 0 0.053764 0 0 0 0 0 -0 -0 0.03983 -0.020465 0.029755 0 0
-0 -0 -0 0.058499 0 0 0 0 0 -0 -0 0.043337 -0.022268 0.032376 0 0
-0 -0 -0 0.062983 0 0 0 0 0 -0 -0 0.046659 -0.023975 0.034858 0 0
0 0 0 0.069666 0 0 0 0 0 -0 -0 0.05161 -0.026518 0.038556 0 0
-0 -0 -0 0.19132 0 0 0 0 0 -0 -0 0.14174 -0.072827 0.10589 0 0
-0 -0 -0 0.0057446 0 0 0 0 0 -0 -0 0.0042557 -0.0021867 0.0031793 0 0
0 0 0 0.074114 0 0 0 0 0 -0 -0 0.054905 -0.028211 0.041017 0 0
-0 -0 -0 0.10126 0 0 0 0 0 -0 -0 0.075014 -0.038544 0.05604 0 0
0 0 0 0.018779 0 0 0 0 0 -0 -0 0.013912 -0.0071484 0.010393 0 0
-0 -0 -0 0.089852 0 0 0 0 0 -0 -0 0.066564 -0.034202 0.049727 0 0
-0 -0 -0 0.19906 0 0 0 0 0 -0 -0 0.14747 -0.075773 0.11017 0 0
0 0 0 0.038228 0 0 0 0 0 -0 -0 0.02832 -0.014552 0.021157 0 0
-0 -0 -0 0.18892 0 0 0 0 0 -0 -0 0.13996 -0.071913 0.10456 0 0
0 0 0 0.10922 0 0 0 0 0 -0 -0 0.080913 -0.041575 0.060448 0 0
0 0 0 0.11165 0 0 0 0 0 -0 -0 0.08271 -0.042498 0.06179 0 0
-0 -0 -0 0.16407 0 0 0 0 0 -0 -0 0.12154 -0.062453 0.090802 0 0
0 0 0 0.182 0 0 0 0 0 -0 -0 0.13483 -0.069277 0.10072 0 0
0 0 0 0.19281 0 0 0 0 0 -0 -0 0.14284 -0.073393 0.10671 0 0
-0 -0 -0 0.098845 0 0 0 0 0 -0 -0 0.073226 -0.037625 0.054705 0 0
0 0 0 0.073522 0 0 0 0 0 -0 -0 0.054466 -0.027986 0.04069 0 0
-0 -0 -0 0.10101 0 0 0 0 0 -0 -0 0.074833 -0.038451 0.055905 0 0
0 0 0 0.023016 0 0 0 0 0 -0 -0 0.01705 -0.0087609 0.012738 0 0
-0 -0 -0 0.1793 0 0 0 0 0 -0 -0 0.13283 -0.068252 0.099234 0 0
0 0 0 0.0092834 0 0 0 0 0 -0 -0 0.0068773 -0.0035337 0.0051378 0 0
0 0 0 0.19493 0 0 0 0 0 -0 -0 0.14441 -0.074199 0.10788 0 0
0 0 0 0.035872 0 0 0 0 0 -0 -0 0.026575 -0.013655 0.019853 0 0
0 0 0 0.081981 0 0 0 0 0 -0 -0 0.060733 -0.031206 0.045371 0 0
0 0 0 0.023963 0 0 0 0 0 -0 -0 0.017752 -0.0091217 0.013262 0 0
-0 -0 -0 0.14394 0 0 0 0 0 -0 -0 0.10664 -0.054792 0.079664 0 0
0 0 0 0.10388 0 0 0 0 0 -0 -0 0.076953 -0.03954 0.057489 0 0
0 0 0 0.011506 0 0 0 0 0 -0 -0 0.0085235 -0.0043796 0.0063676 0 0
0 0 0 0.092261 0 0 0 0 0 -0 -0 0.068348 -0.035119 0.051061 0 0
-0 -0 -0 0.1284 0 0 0 0 0 -0 -0 0.095121 -0.048875 0.071061 0 0
-0 -0 -0 0.069752 0 0 0 0 0 -0 -0 0.051673 -0.026551 0.038603 0 0
-0 -0 -0 0.17634 0 0 0 0 0 -0 -0 0.13063 -0.067123 0.097592 0 0
0 0 0 0.16138 0 0 0 0 0 -0 -0 0.11955 -0.061429 0.089313 0 0
-0 -0 -0 0.031678 0 0 0 0 0 -0 -0 0.023467 -0.012058 0.017532 0 0
-0 -0 -0 0.11901 0 0 0 0 0 -0 -0 0.088162 -0.0453 0.065863 0 0
-0 -0 -0 0.19988 0 0 0 0 0 -0 -0 0.14807 -0.076083 0.11062 0 0
-0 -0 -0 0.10043 0 0 0 0 0 -0 -0 0.074397 -0.038227 0.055579 0 0
-0 -0 -0 0.18037 0 0 0 0 0 -0 -0 0.13362 -0.068658 0.099824 0 0
-0 -0 -0 0.03063 0 0 0 0 0 -0 -0 0.022691 -0.011659 0.016952 0 0
0 0 0 0.099974 0 0 0 0 0 -0 -0 0.074062 -0.038055 0.05533 0 0
0 0 0 0.17267 0 0 0 0 0 -0 -0 0.12791 -0.065726 0.09556 0 0
0 0 0 0.087945 0 0 0 0 0 -0 -0 0.065151 -0.033476 0.048672 0 0
-0 -0 -0 0.095305 0 0 0 0 0 -0 -0 0.070603 -0.036278 0.052745 0 0
-0 -0 -0 0.063451 0 0 0 0 0 -0 -0 0.047005 -0.024152 0.035116 0 0
0 0 0 0.10457 0 0 0 0 0 -0 -0 0.077468 -0.039805 0.057874 0 0
-0 -0 -0 0.19602 0 0 0 0 0 -0 -0 0.14521 -0.074614 0.10848 0 0
0 0 0 0.088762 0 0 0 0 0 -0 -0 0.065757 -0.033787 0.049125 0 0
0 0 0 0.044456 0 0 0 0 0 -0 -0 0.032934 -0.016922 0.024604 0 0
-0 -0 -0 0.1985 0 0 0 0 0 -0 -0 0.14705 -0.075559 0.10986 0 0
-0 -0 -0 0.063425 0 0 0 0 0 -0 -0 0.046986 -0.024143 0.035102 0 0
0 0 0 0.18387 0 0 0 0 0 -0 -0 0.13622 -0.069991 0.10176 0 0
-0 -0 -0 0.10449 0 0 0 0 0 -0 -0 0.077411 -0.039776 0.057831 0 0
-0 -0 -0 0.032334 0 0 0 0 0 -0 -0 0.023954 -0.012308 0.017895 0 0
0 0 0 0.18993 0 0 0 0 0 -0 -0 0.1407 -0.072296 0.10511 0 0
0 0 0 0.18161 0 0 0 0 0 -0 -0 0.13454 -0.069128 0.10051 0 0
0 0 0 0.047735 0 0 0 0 0 -0 -0 0.035363 -0.01817 0.026419 0 0
-0 -0 -0 0.026401 0 0 0 0 0 -0 -0 0.019558 -0.010049 0.014611 0 0
0 0 0 0.15883 0 0 0 0 0 -0 -0 0.11766 -0.060458 0.087901 0 0
0 0 0 0.00045841 0 0 0 0 0 -0 -0 0.0003396 -0.0001745 0.0002537 0 0
0 0 0 0.13674 0 0 0 0 0 -0 -0 0.1013 -0.052051 0.075678 0 0
0 0 0 0.046482 0 0 0 0 0 -0 -0 0.034435 -0.017693 0.025725 0 0
-0 -0 -0 0.044218 0 0 0 0 0 -0 -0 0.032758 -0.016832 0.024472 0 0
0 0 0 0.010578 0 0 0 0 0 -0 -0 0.0078367 -0.0040267 0.0058545 0 0
0 0 0 0.17197 0 0 0 0 0 -0 -0 0.1274 -0.065459 0.095173 0 0
0 0 0 0.03014 0 0 0 0 0 -0 -0 0.022328 -0.011473 0.016681 0 0
-0 -0 -0 0.056832 0 0 0 0 0 -0 -0 0.042102 -0.021633 0.031453 0 0
0 0 0 0.15656 0 0 0 0 0 -0 -0 0.11598 -0.059593 0.086644 0 0
-0 -0 -0 0.13016 0 0 0 0 0 -0 -0 0.096423 -0.049544 0.072034 0 0
-0 -0 -0 0.096149 0 0 0 0 0 -0 -0 0.071229 -0.036599 0.053213 0 0
-0 -0 -0 0.061032 0 0 0 0 0 -0 -0 0.045214 -0.023232 0.033778 0 0
0 0 0 0.065879 0 0 0 0 0 -0 -0 0.048805 -0.025077 0.03646 0 0
0 0 0 0.020581 0 0 0 0 0 -0 -0 0.015247 -0.0078341 0.01139 0 0
0 0 0 0.076694 0 0 0 0 0 -0 -0 0.056816 -0.029193 0.042445 0 0
0 0 0 0.034486 0 0 0 0 0 -0 -0 0.025547 -0.013127 0.019086 0 0
-0 -0 -0 0.088751 0 0 0 0 0 -0 -0 0.065748 -0.033783 0.049118 0 0
0 0 0 0.08731 0 0 0 0 0 -0 -0 0.064681 -0.033235 0.048321 0 0
0 0 0 0.05675 0 0 0 0 0 -0 -0 0.042041 -0.021602 0.031407 0 0
-0 -0 -0 0.11107 0 0 0 0 0 -0 -0 0.082284 -0.04228 0.061472 0 0
0 0 0 0.14496 0 0 0 0 0 -0 -0 0.10739 -0.055178 0.080225 0 0
-0 -0 -0 0.15768 0 0 0 0 0 -0 -0 0.11681 -0.06002 0.087265 0 0
