-0 -0 -0 0.026021 0 0 0 0 -0 -0 -0 0.021088 -0.0060422 0.013997 0 0
0 0 0 0.062271 0 0 0 0 -0 -0 -0 0.050464 -0.014459 0.033496 0 0
0 0 0 0.07372 0 0 0 0 -0 -0 -0 0.059743 -0.017118 0.039654 0 0
0 0 0 0.011295 0 0 0 0 -0 -0 -0 0.0091532 -0.0026226 0.0060755 0 0
0 0 0 0.15116 0 0 0 0 -0 -0 -0 0.1225 -0.035099 0.081308 0 0
-0 -0 -0 0.098702 0 0 0 0 -0 -0 -0 0.079988 -0.022919 0.053092 0 0
0 0 0 0.1708 0 0 0 0 -0 -0 -0 0.13841 -0.039659 0.091873 0 0
0 0 0 0.10203 0 0 0 0 -0 -0 -0 0.082683 -0.023691 0.054881 0 0
-0 -0 -0 0.022275 0 0 0 0 -0 -0 -0 0.018052 -0.0051723 0.011982 0 0
-0 -0 -0 0.11779 0 0 0 0 -0 -0 -0 0.095459 -0.027352 0.063361 0 0
0 0 0 0.012244 0 0 0 0 -0 -0 -0 0.0099222 -0.002843 0.0065859 0 0
-0 -0 -0 0.15928 0 0 0 0 -0 -0 -0 0.12908 -0.036986 0.08568 0 0
-0 -0 -0 0.18762 0 0 0 0 -0 -0 -0 0.15205 -0.043566 0.10092 0 0
0 0 0 0.14573 0 0 0 0 -0 -0 -0 0.1181 -0.033838 0.078388 0 0
0 0 0 0.1329 0 0 0 0 -0 -0 -0 0.1077 -0.030859 0.071486 0 0
-0 -0 -0 0.011495 0 0 0 0 -0 -0 -0 0.0093158 -0.0026692 0.0061834 0 0
-0 -0 -0 0.02866 0 0 0 0 -0 -0 -0 0.023226 -0.0066549 0.015416 0 0
0 0 0 0.10462 0 0 0 0 -0 -0 -0 0.084783 -0.024292 0.056275 0 0
0 0 0 0.061481 0 0 0 0 -0 -0 -0 0.049824 -0.014276 0.033071 0 0
-0 -0 -0 0.12157 0 0 0 0 -0 -0 -0 0.098524 -0.02823 0.065395 0 0
-0 -0 -0 0.12748 0 0 0 0 -0 -0 -0 0.10331 -0.029601 0.068572 0 0
0 0 0 0.063175 0 0 0 0 -0 -0 -0 0.051197 -0.014669 0.033982 0 0
0 0 0 0.0020774 0 0 0 0 -0 -0 -0 0.0016835 -0.00048236 0.0011174 0 0
-0 -0 -0 0.14119 0 0 0 0 -0 -0 -0 0.11442 -0.032785 0.075948 0 0
-0 -0 -0 0.070205 0 0 0 0 -0 -0 -0 0.056894 -0.016302 0.037763 0 0
-0 -0 -0 0.068539 0 0 0 0 -0 -0 -0 0.055544 -0.015915 0.036868 0 0
0 0 0 0.0027556 0 0 0 0 -0 -0 -0 0.0022331 -0.00063984 0.0014822 0 0
0 0 0 0.13334 0 0 0 0 -0 -0 -0 0.10806 -0.030961 0.071723 0 0
0 0 0 0.061341 0 0 0 0 -0 -0 -0 0.049711 -0.014243 0.032996 0 0
0 0 0 0.15134 0 0 0 0 -0 -0 -0 0.12265 -0.035141 0.081406 0 0
0 0 0 0.14668 0 0 0 0 -0 -0 -0 0.11887 -0.034059 0.078899 0 0
0 0 0 0.18817 0 0 0 0 -0 -0 -0 0.15249 -0.043693 0.10122 0 0
0 0 0 0.15251 0 0 0 0 -0 -0 -0 0.12359 -0.035412 0.082033 0 0
-0 -0 -0 0.082129 0 0 0 0 -0 -0 -0 0.066557 -0.01907 0.044177 0 0
0 0 0 0.15974 0 0 0 0 -0 -0 -0 0.12945 -0.037092 0.085925 0 0
-0 -0 -0 0.15878 0 0 0 0 -0 -0 -0 0.12868 -0.03687 0.085411 0 0
-0 -0 -0 0.14483 0 0 0 0 -0 -0 -0 0.11737 -0.03363 0.077906 0 0
-0 -0 -0 0.0526 0 0 0 0 -0 -0 -0 0.042626 -0.012214 0.028293 0 0
-0 -0 -0 0.12285 0 0 0 0 -0 -0 -0 0.099558 -0.028526 0.066082 0 0
0 0 0 0.1349 0 0 0 0 -0 -0 -0 0.10932 -0.031324 0.072563 0 0
0 0 0 0.19977 0 0 0 0 -0 -0 -0 0.16189 -0.046387 0.10746 0 0
-0 -0 -0 0.19203 0 0 0 0 -0 -0 -0 0.15562 -0.044589 0.10329 0 0
0 0 0 0.12354 0 0 0 0 -0 -0 -0 0.10012 -0.028686 0.066452 0 0
-0 -0 -0 0.091073 0 0 0 0 -0 -0 -0 0.073806 -0.021147 0.048989 0 0
0 0 0 0.082334 0 0 0 0 -0 -0 -0 0.066723 -0.019118 0.044288 0 0
0 0 0 0.0056485 0 0 0 0 -0 -0 -0 0.0045775 -0.0013116 0.0030383 0 0
0 0 0 0.064159 0 0 0 0 -0 -0 -0 0.051995 -0.014898 0.034512 0 0
-0 -0 -0 0.063096 0 0 0 0 -0 -0 -0 0.051132 -0.014651 0.033939 0 0
-0 -0 -0 0.071662 0 0 0 0 -0 -0 -0 0.058075 -0.01664 0.038547 0 0
-0 -0 -0 0.19921 0 0 0 0 -0 -0 -0 0.16144 -0.046256 0.10715 0 0
-0 -0 -0 0.02694 0 0 0 0 -0 -0 -0 0.021832 -0.0062555 0.014491 0 0
-0 -0 -0 0.0057622 0 0 0 0 -0 -0 -0 0.0046697 -0.001338 0.0030995 0 0
0 0 0 0.084092 0 0 0 0 -0 -0 -0 0.068148 -0.019526 0.045233 0 0
-0 -0 -0 0.18432 0 0 0 0 -0 -0 -0 0.14937 -0.042799 0.099146 0 0
-0 -0 -0 0.062813 0 0 0 0 -0 -0 -0 0.050904 -0.014585 0.033788 0 0
-0 -0 -0 0.089937 0 0 0 0 -0 -0 -0 0.072885 -0.020883 0.048377 0 0
-0 -0 -0 0.12514 0 0 0 0 -0 -0 -0 0.10141 -0.029057 0.067311 0 0
0 0 0 0.091304 0 0 0 0 -0 -0 -0 0.073992 -0.021201 0.049113 0 0
0 0 0 0.08836 0 0 0 0 -0 -0 -0 0.071606 -0.020517 0.047529 0 0
-0 -0 -0 0.089288 0 0 0 0 -0 -0 -0 0.072359 -0.020733 0.048028 0 0
0 0 0 0.033263 0 0 0 0 -0 -0 -0 0.026956 -0.0077237 0.017892 0 0
-0 -0 -0 0.15448 0 0 0 0 -0 -0 -0 0.12519 -0.03587 0.083095 0 0
0 0 0 0.11113 0 0 0 0 -0 -0 -0 0.090059 -0.025804 0.059777 0 0
0 0 0 0.028262 0 0 0 0 -0 -0 -0 0.022903 -0.0065625 0.015202 0 0
-0 -0 -0 0.16106 0 0 0 0 -0 -0 -0 0.13053 -0.037399 0.086637 0 0
-0 -0 -0 0.10568 0 0 0 0 -0 -0 -0 0.085646 -0.02454 0.056847 0 0
0 0 0 0.024157 0 0 0 0 -0 -0 -0 0.019577 -0.0056092 0.012994 0 0
0 0 0 0.012177 0 0 0 0 -0 -0 -0 0.0098682 -0.0028275 0.00655 0 0
-0 -0 -0 0.1533 0 0 0 0 -0 -0 -0 0.12423 -0.035596 0.08246 0 0
0 0 0 0.028772 0 0 0 0 -0 -0 -0 0.023317 -0.0066809 0.015477 0 0
-0 -0 -0 0.052586 0 0 0 0 -0 -0 -0 0.042616 -0.012211 0.028286 0 0
0 0 0 0.12934 0 0 0 0 -0 -0 -0 0.10481 -0.030032 0.06957 0 0
0 0 0 0.0096871 0 0 0 0 -0 -0 -0 0.0078504 -0.0022494 0.0052107 0 0
-0 -0 -0 0.093886 0 0 0 0 -0 -0 -0 0.076085 -0.0218 0.050502 0 0
0 0 0 0.028961 0 0 0 0 -0 -0 -0 0.02347 -0.0067247 0.015578 0 0
0 0 0 0.092505 0 0 0 0 -0 -0 -0 0.074965 -0.02148 0.049758 0 0
-0 -0 -0 0.10066 0 0 0 0 -0 -0 -0 0.081574 -0.023373 0.054145 0 0
-0 -0 -0 0.076497 0 0 0 0 -0 -0 -0 0.061993 -0.017763 0.041148 0 0
-0 -0 -0 0.1569 0 0 0 0 -0 -0 -0 0.12715 -0.036433 0.084398 0 0
-0 -0 -0 0.091328 0 0 0 0 -0 -0 -0 0.074012 -0.021206 0.049126 0 0
-0 -0 -0 0.16996 0 0 0 0 -0 -0 -0 0.13774 -0.039466 0.091424 0 0
-0 -0 -0 0.069543 0 0 0 0 -0 -0 -0 0.056358 -0.016148 0.037407 0 0
-0 -0 -0 0.033459 0 0 0 0 -0 -0 -0 0.027115 -0.0077692 0.017998 0 0
0 0 0 0.032539 0 0 0 0 -0 -0 -0 0.02637 -0.0075556 0.017503 0 0
0 0 0 0.092746 0 0 0 0 -0 -0 -0 0.075161 -0.021536 0.049889 0 0
0 0 0 0.18597 0 0 0 0 -0 -0 -0 0.15071 -0.043183 0.10003 0 0
-0 -0 -0 0.19159 0 0 0 0 -0 -0 -0 0.15526 -0.044487 0.10306 0 0
-0 -0 -0 0.091359 0 0 0 0 -0 -0 -0 0.074037 -0.021214 0.049142 0 0
-0 -0 -0 0.028046 0 0 0 0 -0 -0 -0 0.022728 -0.0065122 0.015086 0 0
-0 -0 -0 0.095253 0 0 0 0 -0 -0 -0 0.077192 -0.022118 0.051237 0 0
-0 -0 -0 0.18324 0 0 0 0 -0 -0 -0 0.1485 -0.042548 0.098565 0 0
0 0 0 0.064662 0 0 0 0 -0 -0 -0 0.052402 -0.015014 0.034782 0 0
-0 -0 -0 0.18876 0 0 0 0 -0 -0 -0 0.15297 -0.043831 0.10154 0 0
0 0 0 0.07498 0 0 0 0 -0 -0 -0 0.060763 -0.01741 0.040332 0 0
-0 -0 -0 0.07544 0 0 0 0 -0 -0 -0 0.061136 -0.017517 0.040579 0 0
-0 -0 -0 0.14557 0 0 0 0 -0 -0 -0 0.11797 -0.033801 0.078302 0 0
-0 -0 -0 0.16392 0 0 0 0 -0 -0 -0 0.13284 -0.038063 0.088174 0 0
0 0 0 0.1465 0 0 0 0 -0 -0 -0 0.11872 -0.034017 0.078802 0 0
0 0 0 0.093375 0 0 0 0 -0 -0 -0 0.075671 -0.021682 0.050227 0 0
0 0 0 0.053506 0 0 0 0 -0 -0 -0 0.043361 -0.012424 0.028781 0 0
