-0 -0 -0.1565 0 0 0 0 0 0 0 0 0 0 0.071641 -0.057728 -0.1266 -0.002474 -0.0071751 0.0018718 0 0
0 0 0.25958 0 0 0 0 0 0 0 0 0 0 -0.11883 0.09575 0.20998 0.0017869 0.012015 -0.0044675 0 0
0 0 0.07351 0 0 0 0 0 0 0 0 0 0 -0.033651 0.027116 0.059465 0.00080496 0.0034123 -0.0011005 0 0
-0 -0 -0.083101 0 0 0 0 0 0 0 0 0 0 0.038041 -0.030653 -0.067223 -0.0011871 -0.0038325 0.0010758 0 0
-0 -0 -0.027722 0 0 0 0 0 0 0 0 0 0 0.01269 -0.010226 -0.022425 -0.00036366 -0.0012826 0.00037908 0 0
0 0 0.26287 0 0 0 0 0 0 0 0 0 0 -0.12034 0.096965 0.21265 0.0017905 0.012165 -0.0045341 0 0
0 0 0.34279 0 0 0 0 0 0 0 0 0 0 -0.15692 0.12645 0.2773 0.0017296 0.015787 -0.0062199 0 0
0 0 0.005842 0 0 0 0 0 0 0 0 0 0 -0.0026743 0.002155 0.0047258 7.2465e-05 0.0002707 -8.243e-05 0 0
0 0 0.075369 0 0 0 0 0 0 0 0 0 0 -0.034502 0.027801 0.060968 0.00082229 0.0034987 -0.0011301 0 0
-0 -0 -0.28235 0 0 0 0 0 0 0 0 0 0 0.12925 -0.10415 -0.22841 -0.0051796 -0.01276 0.0028875 0 0
0 0 0.27275 0 0 0 0 0 0 0 0 0 0 -0.12486 0.10061 0.22063 0.0017983 0.012616 -0.0047353 0 0
0 0 0.11123 0 0 0 0 0 0 0 0 0 0 -0.050916 0.041028 0.089974 0.0011271 0.0051649 -0.0017174 0 0
-0 -0 -0.20395 0 0 0 0 0 0 0 0 0 0 0.093362 -0.07523 -0.16498 -0.0034215 -0.0093058 0.0023072 0 0
0 0 0.14573 0 0 0 0 0 0 0 0 0 0 -0.066713 0.053757 0.11789 0.0013673 0.0067666 -0.0023118 0 0
0 0 0.15514 0 0 0 0 0 0 0 0 0 0 -0.071017 0.057225 0.12549 0.0014236 0.0072025 -0.0024787 0 0
0 0 0.33746 0 0 0 0 0 0 0 0 0 0 -0.15448 0.12448 0.27298 0.0017425 0.015547 -0.0061034 0 0
-0 -0 -0.34877 0 0 0 0 0 0 0 0 0 0 0.15966 -0.12865 -0.28213 -0.0068494 -0.015608 0.0032411 0 0
0 0 0.25155 0 0 0 0 0 0 0 0 0 0 -0.11515 0.092791 0.20349 0.0017761 0.011648 -0.0043062 0 0
0 0 0.30318 0 0 0 0 0 0 0 0 0 0 -0.13879 0.11183 0.24525 0.0017953 0.014 -0.005368 0 0
-0 -0 -0.18053 0 0 0 0 0 0 0 0 0 0 0.082642 -0.066592 -0.14604 -0.0029427 -0.0082576 0.0021001 0 0
-0 -0 -0.25154 0 0 0 0 0 0 0 0 0 0 0.11515 -0.092786 -0.20348 -0.0044606 -0.011414 0.0026803 0 0
-0 -0 -0.26726 0 0 0 0 0 0 0 0 0 0 0.12235 -0.098585 -0.2162 -0.0048229 -0.012103 0.0027894 0 0
-0 -0 -0.21884 0 0 0 0 0 0 0 0 0 0 0.10018 -0.080723 -0.17703 -0.0037371 -0.0099686 0.0024308 0 0
0 0 0.1812 0 0 0 0 0 0 0 0 0 0 -0.082948 0.066839 0.14658 0.0015595 0.008409 -0.002952 0 0
-0 -0 -0.22713 0 0 0 0 0 0 0 0 0 0 0.10397 -0.08378 -0.18373 -0.0039166 -0.010336 0.0024969 0 0
0 0 0.26504 0 0 0 0 0 0 0 0 0 0 -0.12133 0.097767 0.2144 0.0017926 0.012265 -0.0045782 0 0
0 0 0.32883 0 0 0 0 0 0 0 0 0 0 -0.15053 0.12129 0.266 0.0017607 0.015159 -0.005916 0 0
0 0 0.25402 0 0 0 0 0 0 0 0 0 0 -0.11628 0.0937 0.20548 0.0017797 0.011761 -0.0043556 0 0
0 0 0.12166 0 0 0 0 0 0 0 0 0 0 -0.055692 0.044876 0.098414 0.0012052 0.0056494 -0.0018941 0 0
0 0 0.3356 0 0 0 0 0 0 0 0 0 0 -0.15363 0.12379 0.27148 0.0017467 0.015464 -0.0060628 0 0
0 0 0.052956 0 0 0 0 0 0 0 0 0 0 -0.024242 0.019534 0.042838 0.00060337 0.0024573 -0.00077907 0 0
-0 -0 -0.19038 0 0 0 0 0 0 0 0 0 0 0.08715 -0.070225 -0.154 -0.0031414 -0.0086992 0.0021891 0 0
-0 -0 -0.041946 0 0 0 0 0 0 0 0 0 0 0.019202 -0.015473 -0.033932 -0.00056289 -0.0019394 0.0005658 0 0
0 0 0.34028 0 0 0 0 0 0 0 0 0 0 -0.15577 0.12552 0.27526 0.0017359 0.015674 -0.0061648 0 0
-0 -0 -0.022269 0 0 0 0 0 0 0 0 0 0 0.010194 -0.0082146 -0.018015 -0.00028956 -0.0010306 0.00030611 0 0
0 0 0.088749 0 0 0 0 0 0 0 0 0 0 -0.040627 0.032737 0.071792 0.00094258 0.0041206 -0.0013455 0 0
-0 -0 -0.31621 0 0 0 0 0 0 0 0 0 0 0.14475 -0.11664 -0.25579 -0.0060106 -0.014222 0.0030837 0 0
0 0 0.047284 0 0 0 0 0 0 0 0 0 0 -0.021646 0.017442 0.03825 0.00054452 0.0021938 -0.00069223 0 0
-0 -0 -0.16571 0 0 0 0 0 0 0 0 0 0 0.075856 -0.061124 -0.13405 -0.0026508 -0.0075906 0.0019612 0 0
-0 -0 -0.27462 0 0 0 0 0 0 0 0 0 0 0.12571 -0.1013 -0.22215 -0.0049956 -0.012423 0.002838 0 0
0 0 0.044379 0 0 0 0 0 0 0 0 0 0 -0.020316 0.01637 0.0359 0.00051383 0.0020589 -0.00064806 0 0
0 0 0.27616 0 0 0 0 0 0 0 0 0 0 -0.12642 0.10187 0.2234 0.0018 0.012772 -0.0048053 0 0
-0 -0 -0.13762 0 0 0 0 0 0 0 0 0 0 0.062997 -0.050762 -0.11132 -0.0021219 -0.00632 0.0016811 0 0
-0 -0 -0.074176 0 0 0 0 0 0 0 0 0 0 0.033956 -0.027361 -0.060004 -0.0010458 -0.0034229 0.00096903 0 0
-0 -0 -0.27594 0 0 0 0 0 0 0 0 0 0 0.12632 -0.10179 -0.22322 -0.005027 -0.012481 0.0028466 0 0
-0 -0 -0.054269 0 0 0 0 0 0 0 0 0 0 0.024843 -0.020018 -0.0439 -0.00074238 -0.0025074 0.00072323 0 0
0 0 0.27673 0 0 0 0 0 0 0 0 0 0 -0.12668 0.10208 0.22386 0.0018003 0.012798 -0.0048171 0 0
-0 -0 -0.054869 0 0 0 0 0 0 0 0 0 0 0.025117 -0.020239 -0.044385 -0.00075127 -0.002535 0.00073079 0 0
-0 -0 -0.23447 0 0 0 0 0 0 0 0 0 0 0.10733 -0.086489 -0.18967 -0.0040778 -0.010661 0.0025538 0 0
0 0 0.30736 0 0 0 0 0 0 0 0 0 0 -0.1407 0.11338 0.24864 0.0017916 0.01419 -0.0054565 0 0
-0 -0 -0.016615 0 0 0 0 0 0 0 0 0 0 0.0076059 -0.0061288 -0.01344 -0.00021404 -0.00076915 0.0002296 0 0
0 0 0.039832 0 0 0 0 0 0 0 0 0 0 -0.018234 0.014693 0.032222 0.00046508 0.0018477 -0.00057936 0 0
-0 -0 -0.084097 0 0 0 0 0 0 0 0 0 0 0.038497 -0.031021 -0.068029 -0.0012031 -0.0038781 0.0010876 0 0
-0 -0 -0.33111 0 0 0 0 0 0 0 0 0 0 0.15157 -0.12214 -0.26785 -0.0063897 -0.014859 0.0031595 0 0
0 0 0.26918 0 0 0 0 0 0 0 0 0 0 -0.12322 0.099293 0.21775 0.001796 0.012454 -0.0046624 0 0
0 0 0.059389 0 0 0 0 0 0 0 0 0 0 -0.027187 0.021907 0.048042 0.00066843 0.0027562 -0.00087854 0 0
-0 -0 -0.32579 0 0 0 0 0 0 0 0 0 0 0.14914 -0.12017 -0.26354 -0.0062534 -0.014632 0.0031332 0 0
0 0 0.29247 0 0 0 0 0 0 0 0 0 0 -0.13389 0.10789 0.23659 0.001801 0.013514 -0.0051433 0 0
0 0 0.33099 0 0 0 0 0 0 0 0 0 0 -0.15152 0.12209 0.26775 0.0017565 0.015256 -0.0059628 0 0
-0 -0 -0.17575 0 0 0 0 0 0 0 0 0 0 0.080455 -0.06483 -0.14217 -0.0028477 -0.0080429 0.002056 0 0
-0 -0 -0.31958 0 0 0 0 0 0 0 0 0 0 0.14629 -0.11788 -0.25852 -0.0060955 -0.014366 0.0031014 0 0
0 0 0.11037 0 0 0 0 0 0 0 0 0 0 -0.050524 0.040711 0.089281 0.0011204 0.0051251 -0.0017029 0 0
0 0 0.32278 0 0 0 0 0 0 0 0 0 0 -0.14776 0.11907 0.26111 0.0017715 0.014886 -0.0057857 0 0
0 0 0.029052 0 0 0 0 0 0 0 0 0 0 -0.013299 0.010716 0.023501 0.00034593 0.0013472 -0.00041857 0 0
-0 -0 -0.29036 0 0 0 0 0 0 0 0 0 0 0.13292 -0.1071 -0.23488 -0.0053722 -0.013107 0.0029368 0 0
-0 -0 -0.077631 0 0 0 0 0 0 0 0 0 0 0.035538 -0.028636 -0.062799 -0.0011001 -0.0035815 0.0010106 0 0
0 0 0.29625 0 0 0 0 0 0 0 0 0 0 -0.13562 0.10928 0.23965 0.0017996 0.013686 -0.0052223 0 0
-0 -0 -0.056521 0 0 0 0 0 0 0 0 0 0 0.025874 -0.020849 -0.045722 -0.00077586 -0.0026111 0.00075157 0 0
0 0 0.30716 0 0 0 0 0 0 0 0 0 0 -0.14061 0.1133 0.24848 0.0017918 0.014181 -0.0054523 0 0
-0 -0 -0.21059 0 0 0 0 0 0 0 0 0 0 0.0964 -0.077679 -0.17035 -0.0035611 -0.0096016 0.0023631 0 0
0 0 0.041753 0 0 0 0 0 0 0 0 0 0 -0.019113 0.015401 0.033775 0.00048578 0.0019369 -0.00060831 0 0
-0 -0 -0.25654 0 0 0 0 0 0 0 0 0 0 0.11744 -0.094629 -0.20752 -0.0045747 -0.011633 0.0027157 0 0
-0 -0 -0.1904 0 0 0 0 0 0 0 0 0 0 0.087162 -0.070234 -0.15402 -0.0031419 -0.0087003 0.0021893 0 0
-0 -0 -0.30722 0 0 0 0 0 0 0 0 0 0 0.14064 -0.11332 -0.24852 -0.0057857 -0.013835 0.0030348 0 0
0 0 0.098979 0 0 0 0 0 0 0 0 0 0 -0.04531 0.03651 0.080068 0.0010293 0.0045959 -0.0015133 0 0
0 0 0.05538 0 0 0 0 0 0 0 0 0 0 -0.025352 0.020428 0.044799 0.00062809 0.0025699 -0.00081642 0 0
-0 -0 -0.27464 0 0 0 0 0 0 0 0 0 0 0.12572 -0.10131 -0.22216 -0.0049961 -0.012424 0.0028381 0 0
0 0 0.11502 0 0 0 0 0 0 0 0 0 0 -0.052652 0.042426 0.093042 0.001156 0.005341 -0.0017813 0 0
0 0 0.14536 0 0 0 0 0 0 0 0 0 0 -0.066544 0.053621 0.11759 0.001365 0.0067495 -0.0023053 0 0
0 0 0.31415 0 0 0 0 0 0 0 0 0 0 -0.14381 0.11588 0.25413 0.0017841 0.014497 -0.0056009 0 0
0 0 0.309 0 0 0 0 0 0 0 0 0 0 -0.14145 0.11398 0.24996 0.00179 0.014264 -0.0054913 0 0
-0 -0 -0.13382 0 0 0 0 0 0 0 0 0 0 0.061258 -0.049361 -0.10825 -0.0020528 -0.0061475 0.0016415 0 0
0 0 0.084658 0 0 0 0 0 0 0 0 0 0 -0.038754 0.031228 0.068483 0.00090663 0.0039304 -0.0012792 0 0
0 0 0.33041 0 0 0 0 0 0 0 0 0 0 -0.15125 0.12188 0.26728 0.0017576 0.01523 -0.0059502 0 0
0 0 0.33681 0 0 0 0 0 0 0 0 0 0 -0.15418 0.12424 0.27245 0.001744 0.015518 -0.0060891 0 0
-0 -0 -0.03111 0 0 0 0 0 0 0 0 0 0 0.014242 -0.011476 -0.025166 -0.00041035 -0.0014392 0.00042405 0 0
-0 -0 -0.31332 0 0 0 0 0 0 0 0 0 0 0.14343 -0.11558 -0.25346 -0.0059381 -0.014098 0.0030682 0 0
0 0 0.004575 0 0 0 0 0 0 0 0 0 0 -0.0020943 0.0016876 0.0037009 5.6871e-05 0.00021198 -6.4477e-05 0 0
-0 -0 -0.14012 0 0 0 0 0 0 0 0 0 0 0.064144 -0.051686 -0.11335 -0.0021678 -0.0064336 0.0017069 0 0
0 0 0.070685 0 0 0 0 0 0 0 0 0 0 -0.032358 0.026074 0.057179 0.00077834 0.0032811 -0.0010557 0 0
0 0 0.32769 0 0 0 0 0 0 0 0 0 0 -0.15001 0.12088 0.26508 0.0017629 0.015108 -0.0058915 0 0
-0 -0 -0.26061 0 0 0 0 0 0 0 0 0 0 0.1193 -0.096132 -0.21082 -0.0046685 -0.011812 0.0027441 0 0
-0 -0 -0.26034 0 0 0 0 0 0 0 0 0 0 0.11918 -0.096032 -0.2106 -0.0046622 -0.0118 0.0027422 0 0
-0 -0 -0.34561 0 0 0 0 0 0 0 0 0 0 0.15821 -0.12749 -0.27958 -0.0067665 -0.015475 0.0032272 0 0
0 0 0.11131 0 0 0 0 0 0 0 0 0 0 -0.050954 0.041059 0.090042 0.0011277 0.0051688 -0.0017188 0 0
-0 -0 -0.24904 0 0 0 0 0 0 0 0 0 0 0.114 -0.091864 -0.20146 -0.0044038 -0.011304 0.0026623 0 0
-0 -0 -0.14146 0 0 0 0 0 0 0 0 0 0 0.064759 -0.052182 -0.11444 -0.0021925 -0.0064945 0.0017207 0 0
-0 -0 -0.032602 0 0 0 0 0 0 0 0 0 0 0.014924 -0.012026 -0.026373 -0.00043105 -0.0015081 0.00044374 0 0
-0 -0 -0.014772 0 0 0 0 0 0 0 0 0 0 0.0067621 -0.0054489 -0.011949 -0.00018972 -0.00068388 0.00020449 0 0
-0 -0 -0.31239 0 0 0 0 0 0 0 0 0 0 0.143 -0.11523 -0.2527 -0.0059148 -0.014058 0.0030632 0 0
