-0 -0 -0.098264 0 0 0 0 0 0 0 0 0 0 0.048122 -0.032081 -0.079441 0.012057 -0.0040174 0.0089262 0 0
0 0 0.045023 0 0 0 0 0 0 0 0 0 0 -0.022049 0.014699 0.036399 -0.0057144 0.0013734 -0.0040161 0 0
0 0 0.088212 0 0 0 0 0 0 0 0 0 0 -0.043199 0.028799 0.071315 -0.011293 0.0024109 -0.0078144 0 0
0 0 0.24164 0 0 0 0 0 0 0 0 0 0 -0.11834 0.078891 0.19536 -0.031722 0.0038566 -0.020773 0 0
-0 -0 -0.024137 0 0 0 0 0 0 0 0 0 0 0.011821 -0.0078804 -0.019514 0.003017 -0.00085797 0.002174 0 0
-0 -0 -0.33236 0 0 0 0 0 0 0 0 0 0 0.16276 -0.10851 -0.2687 0.03791 -0.018992 0.030634 0 0
-0 -0 -0.046487 0 0 0 0 0 0 0 0 0 0 0.022765 -0.015177 -0.037582 0.0057795 -0.0017276 0.0041986 0 0
-0 -0 -0.25272 0 0 0 0 0 0 0 0 0 0 0.12376 -0.082509 -0.20431 0.029628 -0.013074 0.023227 0 0
-0 -0 -0.15576 0 0 0 0 0 0 0 0 0 0 0.076279 -0.050853 -0.12593 0.018813 -0.0070046 0.014225 0 0
-0 -0 -0.31023 0 0 0 0 0 0 0 0 0 0 0.15193 -0.10128 -0.2508 0.035666 -0.017265 0.028577 0 0
0 0 0.28235 0 0 0 0 0 0 0 0 0 0 -0.13827 0.092181 0.22826 -0.03726 0.0036504 -0.024045 0 0
0 0 0.17025 0 0 0 0 0 0 0 0 0 0 -0.083375 0.055583 0.13764 -0.022114 0.0036206 -0.014858 0 0
0 0 0.034339 0 0 0 0 0 0 0 0 0 0 -0.016816 0.011211 0.027761 -0.0043485 0.0010743 -0.0030679 0 0
0 0 0.16884 0 0 0 0 0 0 0 0 0 0 -0.082685 0.055123 0.1365 -0.021926 0.0036082 -0.014739 0 0
0 0 0.13035 0 0 0 0 0 0 0 0 0 0 -0.063836 0.042558 0.10538 -0.016818 0.0031573 -0.011462 0 0
0 0 0.098957 0 0 0 0 0 0 0 0 0 0 -0.048461 0.032307 0.080001 -0.012694 0.0026263 -0.0087502 0 0
-0 -0 -0.30063 0 0 0 0 0 0 0 0 0 0 0.14722 -0.098149 -0.24304 0.034679 -0.016536 0.027684 0 0
0 0 0.023637 0 0 0 0 0 0 0 0 0 0 -0.011576 0.0077171 0.01911 -0.0029865 0.000758 -0.0021152 0 0
-0 -0 -0.18951 0 0 0 0 0 0 0 0 0 0 0.092806 -0.06187 -0.15321 0.022663 -0.0089719 0.017351 0 0
0 0 0.028742 0 0 0 0 0 0 0 0 0 0 -0.014076 0.0093837 0.023236 -0.0036354 0.00091098 -0.00257 0 0
-0 -0 -0.1814 0 0 0 0 0 0 0 0 0 0 0.088835 -0.059223 -0.14665 0.021746 -0.0084849 0.016599 0 0
-0 -0 -0.11432 0 0 0 0 0 0 0 0 0 0 0.055986 -0.037324 -0.092425 0.013968 -0.0048051 0.010402 0 0
0 0 0.14945 0 0 0 0 0 0 0 0 0 0 -0.073187 0.048791 0.12082 -0.019345 0.0034086 -0.013095 0 0
-0 -0 -0.0057916 0 0 0 0 0 0 0 0 0 0 0.0028362 -0.0018908 -0.0046822 0.00072697 -0.00019815 0.00052038 0 0
-0 -0 -0.11412 0 0 0 0 0 0 0 0 0 0 0.055887 -0.037258 -0.09226 0.013944 -0.0047949 0.010383 0 0
-0 -0 -0.14377 0 0 0 0 0 0 0 0 0 0 0.070406 -0.046937 -0.11623 0.017423 -0.0063434 0.013116 0 0
0 0 0.2886 0 0 0 0 0 0 0 0 0 0 -0.14133 0.094221 0.23332 -0.038114 0.0035968 -0.02454 0 0
-0 -0 -0.075143 0 0 0 0 0 0 0 0 0 0 0.036799 -0.024533 -0.06075 0.0092759 -0.0029477 0.0068093 0 0
-0 -0 -0.031576 0 0 0 0 0 0 0 0 0 0 0.015464 -0.010309 -0.025528 0.0039399 -0.0011394 0.0028467 0 0
-0 -0 -0.16076 0 0 0 0 0 0 0 0 0 0 0.078726 -0.052484 -0.12996 0.019388 -0.0072859 0.014687 0 0
-0 -0 -0.026451 0 0 0 0 0 0 0 0 0 0 0.012953 -0.0086356 -0.021384 0.0033043 -0.00094464 0.0023831 0 0
-0 -0 -0.11295 0 0 0 0 0 0 0 0 0 0 0.055315 -0.036877 -0.091316 0.013806 -0.0047364 0.010276 0 0
0 0 0.2587 0 0 0 0 0 0 0 0 0 0 -0.12669 0.084462 0.20915 -0.034039 0.0038003 -0.022154 0 0
0 0 0.2813 0 0 0 0 0 0 0 0 0 0 -0.13776 0.091839 0.22742 -0.037117 0.0036588 -0.023961 0 0
0 0 0.2171 0 0 0 0 0 0 0 0 0 0 -0.10632 0.070879 0.17551 -0.028402 0.0038614 -0.018764 0 0
-0 -0 -0.29619 0 0 0 0 0 0 0 0 0 0 0.14505 -0.0967 -0.23945 0.03422 -0.016202 0.027272 0 0
-0 -0 -0.22095 0 0 0 0 0 0 0 0 0 0 0.10821 -0.072137 -0.17863 0.026169 -0.010945 0.020272 0 0
-0 -0 -0.011436 0 0 0 0 0 0 0 0 0 0 0.0056004 -0.0037336 -0.0092453 0.0014336 -0.00039595 0.0010283 0 0
-0 -0 -0.16038 0 0 0 0 0 0 0 0 0 0 0.078542 -0.052361 -0.12966 0.019345 -0.0072646 0.014652 0 0
-0 -0 -0.16683 0 0 0 0 0 0 0 0 0 0 0.081698 -0.054465 -0.13487 0.020085 -0.0076323 0.015248 0 0
0 0 0.0082198 0 0 0 0 0 0 0 0 0 0 -0.0040254 0.0026836 0.0066453 -0.001035 0.00027284 -0.00073715 0 0
-0 -0 -0.34874 0 0 0 0 0 0 0 0 0 0 0.17079 -0.11386 -0.28194 0.03954 -0.020311 0.032154 0 0
0 0 0.19173 0 0 0 0 0 0 0 0 0 0 -0.093892 0.062595 0.155 -0.024988 0.0037716 -0.01666 0 0
-0 -0 -0.18453 0 0 0 0 0 0 0 0 0 0 0.090366 -0.060244 -0.14918 0.0221 -0.0086715 0.016889 0 0
-0 -0 -0.0057917 0 0 0 0 0 0 0 0 0 0 0.0028363 -0.0018909 -0.0046823 0.00072699 -0.00019815 0.0005204 0 0
-0 -0 -0.040749 0 0 0 0 0 0 0 0 0 0 0.019956 -0.013304 -0.032944 0.0050733 -0.0014975 0.0036779 0 0
0 0 0.029742 0 0 0 0 0 0 0 0 0 0 -0.014565 0.0097103 0.024045 -0.0037627 0.00094051 -0.0026591 0 0
-0 -0 -0.24687 0 0 0 0 0 0 0 0 0 0 0.1209 -0.080597 -0.19958 0.028997 -0.012671 0.022682 0 0
0 0 0.34153 0 0 0 0 0 0 0 0 0 0 -0.16726 0.1115 0.27611 -0.045368 0.0029096 -0.028657 0 0
0 0 0.30312 0 0 0 0 0 0 0 0 0 0 -0.14844 0.098963 0.24506 -0.0401 0.0034498 -0.025684 0 0
0 0 0.33469 0 0 0 0 0 0 0 0 0 0 -0.1639 0.10927 0.27058 -0.044427 0.0030219 -0.028132 0 0
-0 -0 -0.025202 0 0 0 0 0 0 0 0 0 0 0.012342 -0.008228 -0.020375 0.0031493 -0.00089777 0.0022702 0 0
-0 -0 -0.052263 0 0 0 0 0 0 0 0 0 0 0.025594 -0.017063 -0.042252 0.0064885 -0.001964 0.0047236 0 0
0 0 0.15311 0 0 0 0 0 0 0 0 0 0 -0.074981 0.049988 0.12378 -0.019832 0.0034506 -0.013406 0 0
0 0 0.0016754 0 0 0 0 0 0 0 0 0 0 -0.00082047 0.00054698 0.0013545 -0.00021066 5.641e-05 -0.00015039 0 0
-0 -0 -0.069076 0 0 0 0 0 0 0 0 0 0 0.033828 -0.022552 -0.055844 0.0085401 -0.0026795 0.0062552 0 0
-0 -0 -0.2743 0 0 0 0 0 0 0 0 0 0 0.13433 -0.089555 -0.22176 0.031929 -0.014596 0.025235 0 0
0 0 0.34574 0 0 0 0 0 0 0 0 0 0 -0.16931 0.11288 0.27951 -0.045945 0.0028371 -0.028977 0 0
-0 -0 -0.00054725 0 0 0 0 0 0 0 0 0 0 0.000268 -0.00017867 -0.00044242 6.8774e-05 -1.8514e-05 4.9137e-05 0 0
0 0 0.23419 0 0 0 0 0 0 0 0 0 0 -0.11469 0.076459 0.18933 -0.030713 0.0038676 -0.020166 0 0
0 0 0.29852 0 0 0 0 0 0 0 0 0 0 -0.14619 0.09746 0.24134 -0.03947 0.0034998 -0.025322 0 0
-0 -0 -0.27079 0 0 0 0 0 0 0 0 0 0 0.13261 -0.088409 -0.21892 0.031557 -0.014344 0.024909 0 0
0 0 0.27964 0 0 0 0 0 0 0 0 0 0 -0.13695 0.091297 0.22608 -0.036891 0.0036718 -0.02383 0 0
-0 -0 -0.023943 0 0 0 0 0 0 0 0 0 0 0.011725 -0.0078168 -0.019356 0.0029928 -0.00085071 0.0021564 0 0
-0 -0 -0.21989 0 0 0 0 0 0 0 0 0 0 0.10768 -0.071788 -0.17777 0.026051 -0.010876 0.020173 0 0
0 0 0.15561 0 0 0 0 0 0 0 0 0 0 -0.076207 0.050805 0.12581 -0.020164 0.0034782 -0.013619 0 0
-0 -0 -0.14692 0 0 0 0 0 0 0 0 0 0 0.07195 -0.047967 -0.11878 0.01779 -0.0065153 0.013407 0 0
-0 -0 -0.16977 0 0 0 0 0 0 0 0 0 0 0.083141 -0.055427 -0.13725 0.020422 -0.0078024 0.015521 0 0
0 0 0.22277 0 0 0 0 0 0 0 0 0 0 -0.10909 0.07273 0.1801 -0.029168 0.0038683 -0.019231 0 0
-0 -0 -0.10938 0 0 0 0 0 0 0 0 0 0 0.053565 -0.03571 -0.088428 0.013382 -0.0045588 0.0099471 0 0
-0 -0 -0.34459 0 0 0 0 0 0 0 0 0 0 0.16875 -0.1125 -0.27858 0.039129 -0.019973 0.031768 0 0
0 0 0.23499 0 0 0 0 0 0 0 0 0 0 -0.11508 0.07672 0.18998 -0.030821 0.0038668 -0.020231 0 0
0 0 0.081141 0 0 0 0 0 0 0 0 0 0 -0.039736 0.026491 0.065599 -0.010374 0.0022599 -0.0071965 0 0
-0 -0 -0.0052777 0 0 0 0 0 0 0 0 0 0 0.0025846 -0.0017231 -0.0042667 0.00066255 -0.00018037 0.00047418 0 0
-0 -0 -0.0014619 0 0 0 0 0 0 0 0 0 0 0.00071592 -0.00047728 -0.0011819 0.00018368 -4.9556e-05 0.00013128 0 0
-0 -0 -0.0090312 0 0 0 0 0 0 0 0 0 0 0.0044227 -0.0029485 -0.0073012 0.0011328 -0.00031111 0.00081182 0 0
0 0 0.021559 0 0 0 0 0 0 0 0 0 0 -0.010558 0.0070386 0.017429 -0.0027227 0.00069463 -0.0019298 0 0
-0 -0 -0.036446 0 0 0 0 0 0 0 0 0 0 0.017848 -0.011899 -0.029465 0.0045422 -0.001328 0.0032877 0 0
0 0 0.10516 0 0 0 0 0 0 0 0 0 0 -0.051501 0.034334 0.085019 -0.013506 0.0027428 -0.0092891 0 0
0 0 0.19349 0 0 0 0 0 0 0 0 0 0 -0.094755 0.06317 0.15643 -0.025224 0.003781 -0.016807 0 0
-0 -0 -0.073214 0 0 0 0 0 0 0 0 0 0 0.035854 -0.023903 -0.05919 0.0090422 -0.0028618 0.006633 0 0
-0 -0 -0.12986 0 0 0 0 0 0 0 0 0 0 0.063594 -0.042396 -0.10498 0.015799 -0.0056016 0.011832 0 0
0 0 0.31633 0 0 0 0 0 0 0 0 0 0 -0.15491 0.10327 0.25574 -0.041909 0.0032888 -0.026714 0 0
0 0 0.19141 0 0 0 0 0 0 0 0 0 0 -0.093736 0.062491 0.15474 -0.024945 0.0037699 -0.016633 0 0
-0 -0 -0.018876 0 0 0 0 0 0 0 0 0 0 0.0092437 -0.0061625 -0.01526 0.0023622 -0.00066373 0.0016989 0 0
0 0 0.19864 0 0 0 0 0 0 0 0 0 0 -0.097279 0.064853 0.16059 -0.025917 0.0038056 -0.017236 0 0
-0 -0 -0.16585 0 0 0 0 0 0 0 0 0 0 0.081221 -0.054148 -0.13408 0.019973 -0.0075764 0.015158 0 0
0 0 0.23178 0 0 0 0 0 0 0 0 0 0 -0.11351 0.075672 0.18738 -0.030386 0.0038694 -0.019969 0 0
-0 -0 -0.054952 0 0 0 0 0 0 0 0 0 0 0.026911 -0.017941 -0.044426 0.0068178 -0.0020757 0.0049681 0 0
-0 -0 -0.038972 0 0 0 0 0 0 0 0 0 0 0.019085 -0.012723 -0.031506 0.004854 -0.0014271 0.0035166 0 0
-0 -0 -0.009864 0 0 0 0 0 0 0 0 0 0 0.0048306 -0.0032204 -0.0079745 0.001237 -0.0003404 0.00088678 0 0
0 0 0.0096269 0 0 0 0 0 0 0 0 0 0 -0.0047145 0.003143 0.0077828 -0.0012126 0.00031856 -0.00086317 0 0
-0 -0 -0.22012 0 0 0 0 0 0 0 0 0 0 0.1078 -0.071864 -0.17795 0.026077 -0.010891 0.020194 0 0
-0 -0 -0.26696 0 0 0 0 0 0 0 0 0 0 0.13074 -0.087157 -0.21582 0.031151 -0.014071 0.024552 0 0
-0 -0 -0.34485 0 0 0 0 0 0 0 0 0 0 0.16888 -0.11259 -0.27879 0.039155 -0.019994 0.031793 0 0
0 0 0.34451 0 0 0 0 0 0 0 0 0 0 -0.16871 0.11248 0.27852 -0.045777 0.0028586 -0.028884 0 0
-0 -0 -0.13704 0 0 0 0 0 0 0 0 0 0 0.067111 -0.044741 -0.11079 0.01664 -0.0059812 0.012495 0 0
-0 -0 -0.0089538 0 0 0 0 0 0 0 0 0 0 0.0043849 -0.0029232 -0.0072387 0.0011231 -0.0003084 0.00080486 0 0
-0 -0 -0.15576 0 0 0 0 0 0 0 0 0 0 0.076277 -0.050852 -0.12592 0.018812 -0.0070044 0.014224 0 0
-0 -0 -0.0016094 0 0 0 0 0 0 0 0 0 0 0.00078816 -0.00052544 -0.0013011 0.00020221 -5.4573e-05 0.00014453 0 0
