-0 -0 -0 0.061526 0 0 0 0 -0 -0 -0 0.04986 -0.014286 0.033095 0 0
-0 -0 -0 0.027057 0 0 0 0 -0 -0 -0 0.021927 -0.0062826 0.014554 0 0
-0 -0 -0 0.041641 0 0 0 0 -0 -0 -0 0.033745 -0.0096689 0.022399 0 0
0 0 0 0.027905 0 0 0 0 -0 -0 -0 0.022614 -0.0064794 0.01501 0 0
0 0 0 0.14585 0 0 0 0 -0 -0 -0 0.1182 -0.033867 0.078454 0 0
-0 -0 -0 0.075946 0 0 0 0 -0 -0 -0 0.061547 -0.017635 0.040852 0 0
0 0 0 0.051802 0 0 0 0 -0 -0 -0 0.04198 -0.012028 0.027865 0 0
-0 -0 -0 0.14227 0 0 0 0 -0 -0 -0 0.11529 -0.033035 0.076527 0 0
-0 -0 -0 0.03102 0 0 0 0 -0 -0 -0 0.025139 -0.0072029 0.016686 0 0
-0 -0 -0 0.02952 0 0 0 0 -0 -0 -0 0.023923 -0.0068545 0.015879 0 0
-0 -0 -0 0.14782 0 0 0 0 -0 -0 -0 0.11979 -0.034323 0.07951 0 0
-0 -0 -0 0.020259 0 0 0 0 -0 -0 -0 0.016418 -0.0047041 0.010897 0 0
0 0 0 0.18642 0 0 0 0 -0 -0 -0 0.15107 -0.043286 0.10027 0 0
-0 -0 -0 0.063901 0 0 0 0 -0 -0 -0 0.051785 -0.014838 0.034373 0 0
-0 -0 -0 0.11181 0 0 0 0 -0 -0 -0 0.090611 -0.025962 0.060143 0 0
0 0 0 0.13927 0 0 0 0 -0 -0 -0 0.11287 -0.032339 0.074915 0 0
-0 -0 -0 0.028223 0 0 0 0 -0 -0 -0 0.022872 -0.0065534 0.015181 0 0
-0 -0 -0 0.1074 0 0 0 0 -0 -0 -0 0.087037 -0.024939 0.057771 0 0
-0 -0 -0 0.18908 0 0 0 0 -0 -0 -0 0.15323 -0.043906 0.10171 0 0
-0 -0 -0 0.034043 0 0 0 0 -0 -0 -0 0.027588 -0.0079048 0.018312 0 0
0 0 0 0.15721 0 0 0 0 -0 -0 -0 0.12741 -0.036505 0.084566 0 0
-0 -0 -0 0.12236 0 0 0 0 -0 -0 -0 0.099164 -0.028413 0.06582 0 0
-0 -0 -0 0.026014 0 0 0 0 -0 -0 -0 0.021082 -0.0060406 0.013993 0 0
-0 -0 -0 0.069199 0 0 0 0 -0 -0 -0 0.056079 -0.016068 0.037222 0 0
0 0 0 0.10437 0 0 0 0 -0 -0 -0 0.084581 -0.024235 0.056141 0 0
0 0 0 0.086117 0 0 0 0 -0 -0 -0 0.069789 -0.019996 0.046323 0 0
0 0 0 0.064589 0 0 0 0 -0 -0 -0 0.052343 -0.014998 0.034742 0 0
0 0 0 0.10059 0 0 0 0 -0 -0 -0 0.081516 -0.023356 0.054106 0 0
0 0 0 0.086462 0 0 0 0 -0 -0 -0 0.070069 -0.020077 0.046508 0 0
0 0 0 0.022435 0 0 0 0 -0 -0 -0 0.018181 -0.0052093 0.012068 0 0
0 0 0 0.05822 0 0 0 0 -0 -0 -0 0.047181 -0.013519 0.031316 0 0
0 0 0 0.054804 0 0 0 0 -0 -0 -0 0.044413 -0.012725 0.029479 0 0
0 0 0 0.19369 0 0 0 0 -0 -0 -0 0.15697 -0.044976 0.10419 0 0
0 0 0 0.12014 0 0 0 0 -0 -0 -0 0.097364 -0.027897 0.064626 0 0
-0 -0 -0 0.13201 0 0 0 0 -0 -0 -0 0.10698 -0.030653 0.071008 0 0
0 0 0 0.080339 0 0 0 0 -0 -0 -0 0.065106 -0.018655 0.043214 0 0
-0 -0 -0 0.10915 0 0 0 0 -0 -0 -0 0.088455 -0.025345 0.058712 0 0
0 0 0 0.0418 0 0 0 0 -0 -0 -0 0.033875 -0.009706 0.022484 0 0
-0 -0 -0 0.034792 0 0 0 0 -0 -0 -0 0.028195 -0.0080786 0.018714 0 0
-0 -0 -0 0.18375 0 0 0 0 -0 -0 -0 0.14891 -0.042668 0.098842 0 0
-0 -0 -0 0.040225 0 0 0 0 -0 -0 -0 0.032598 -0.0093402 0.021637 0 0
0 0 0 0.041071 0 0 0 0 -0 -0 -0 0.033284 -0.0095367 0.022092 0 0
0 0 0 0.042813 0 0 0 0 -0 -0 -0 0.034696 -0.0099412 0.023029 0 0
-0 -0 -0 0.095188 0 0 0 0 -0 -0 -0 0.07714 -0.022103 0.051202 0 0
0 0 0 0.02344 0 0 0 0 -0 -0 -0 0.018996 -0.0054428 0.012609 0 0
0 0 0 0.11752 0 0 0 0 -0 -0 -0 0.095239 -0.027289 0.063215 0 0
0 0 0 0.070861 0 0 0 0 -0 -0 -0 0.057425 -0.016454 0.038116 0 0
-0 -0 -0 0.090629 0 0 0 0 -0 -0 -0 0.073445 -0.021044 0.04875 0 0
0 0 0 0.024844 0 0 0 0 -0 -0 -0 0.020134 -0.0057689 0.013364 0 0
-0 -0 -0 0.13763 0 0 0 0 -0 -0 -0 0.11154 -0.031959 0.074034 0 0
-0 -0 -0 0.08145 0 0 0 0 -0 -0 -0 0.066007 -0.018913 0.043812 0 0
-0 -0 -0 0.036757 0 0 0 0 -0 -0 -0 0.029788 -0.0085349 0.019772 0 0
0 0 0 0.17599 0 0 0 0 -0 -0 -0 0.14262 -0.040865 0.094665 0 0
0 0 0 0.11906 0 0 0 0 -0 -0 -0 0.096488 -0.027646 0.064044 0 0
0 0 0 0.1687 0 0 0 0 -0 -0 -0 0.13671 -0.039172 0.090744 0 0
0 0 0 0.036136 0 0 0 0 -0 -0 -0 0.029285 -0.0083909 0.019438 0 0
0 0 0 0.0209 0 0 0 0 -0 -0 -0 0.016938 -0.004853 0.011242 0 0
-0 -0 -0 0.041538 0 0 0 0 -0 -0 -0 0.033662 -0.0096451 0.022343 0 0
-0 -0 -0 0.19689 0 0 0 0 -0 -0 -0 0.15956 -0.045717 0.10591 0 0
0 0 0 0.0055778 0 0 0 0 -0 -0 -0 0.0045202 -0.0012952 0.0030003 0 0
-0 -0 -0 0.051117 0 0 0 0 -0 -0 -0 0.041425 -0.011869 0.027496 0 0
-0 -0 -0 0.029088 0 0 0 0 -0 -0 -0 0.023573 -0.0067543 0.015647 0 0
-0 -0 -0 0.12477 0 0 0 0 -0 -0 -0 0.10112 -0.028973 0.067116 0 0
0 0 0 0.089748 0 0 0 0 -0 -0 -0 0.072732 -0.020839 0.048276 0 0
-0 -0 -0 0.021911 0 0 0 0 -0 -0 -0 0.017757 -0.0050878 0.011786 0 0
0 0 0 0.011698 0 0 0 0 -0 -0 -0 0.00948 -0.0027163 0.0062924 0 0
-0 -0 -0 0.17613 0 0 0 0 -0 -0 -0 0.14274 -0.040897 0.094741 0 0
-0 -0 -0 0.18431 0 0 0 0 -0 -0 -0 0.14937 -0.042798 0.099143 0 0
0 0 0 0.19866 0 0 0 0 -0 -0 -0 0.161 -0.04613 0.10686 0 0
0 0 0 0.087502 0 0 0 0 -0 -0 -0 0.070912 -0.020318 0.047068 0 0
-0 -0 -0 0.018129 0 0 0 0 -0 -0 -0 0.014692 -0.0042096 0.0097518 0 0
-0 -0 -0 0.12437 0 0 0 0 -0 -0 -0 0.10079 -0.028879 0.066901 0 0
0 0 0 0.030994 0 0 0 0 -0 -0 -0 0.025117 -0.0071968 0.016672 0 0
0 0 0 0.050945 0 0 0 0 -0 -0 -0 0.041286 -0.011829 0.027403 0 0
0 0 0 0.10031 0 0 0 0 -0 -0 -0 0.081287 -0.023291 0.053955 0 0
0 0 0 0.11154 0 0 0 0 -0 -0 -0 0.090388 -0.025899 0.059995 0 0
0 0 0 0.11941 0 0 0 0 -0 -0 -0 0.096772 -0.027728 0.064232 0 0
0 0 0 0.17967 0 0 0 0 -0 -0 -0 0.14561 -0.04172 0.096647 0 0
0 0 0 0.14002 0 0 0 0 -0 -0 -0 0.11347 -0.032513 0.075318 0 0
0 0 0 0.052053 0 0 0 0 -0 -0 -0 0.042183 -0.012087 0.027999 0 0
-0 -0 -0 0.18392 0 0 0 0 -0 -0 -0 0.14905 -0.042706 0.098931 0 0
-0 -0 -0 0.0791 0 0 0 0 -0 -0 -0 0.064102 -0.018367 0.042548 0 0
0 0 0 0.0056808 0 0 0 0 -0 -0 -0 0.0046037 -0.0013191 0.0030557 0 0
0 0 0 0.081875 0 0 0 0 -0 -0 -0 0.066351 -0.019011 0.044041 0 0
-0 -0 -0 0.045551 0 0 0 0 -0 -0 -0 0.036915 -0.010577 0.024502 0 0
-0 -0 -0 0.019849 0 0 0 0 -0 -0 -0 0.016085 -0.0046088 0.010677 0 0
-0 -0 -0 0.17328 0 0 0 0 -0 -0 -0 0.14043 -0.040237 0.093211 0 0
0 0 0 0.060407 0 0 0 0 -0 -0 -0 0.048954 -0.014027 0.032493 0 0
-0 -0 -0 0.10493 0 0 0 0 -0 -0 -0 0.085033 -0.024364 0.056441 0 0
-0 -0 -0 0.18923 0 0 0 0 -0 -0 -0 0.15335 -0.043939 0.10179 0 0
0 0 0 0.17955 0 0 0 0 -0 -0 -0 0.14551 -0.041693 0.096583 0 0
-0 -0 -0 0.084906 0 0 0 0 -0 -0 -0 0.068808 -0.019715 0.045671 0 0
0 0 0 0.059608 0 0 0 0 -0 -0 -0 0.048306 -0.013841 0.032063 0 0
0 0 0 0.06783 0 0 0 0 -0 -0 -0 0.054969 -0.01575 0.036486 0 0
0 0 0 0.0020458 0 0 0 0 -0 -0 -0 0.0016579 -0.00047503 0.0011004 0 0
-0 -0 -0 0.17611 0 0 0 0 -0 -0 -0 0.14272 -0.040892 0.094729 0 0
0 0 0 0.11201 0 0 0 0 -0 -0 -0 0.090773 -0.026009 0.060251 0 0
-0 -0 -0 0.11965 0 0 0 0 -0 -0 -0 0.096964 -0.027783 0.06436 0 0
-0 -0 -0 0.14738 0 0 0 0 -0 -0 -0 0.11943 -0.034221 0.079274 0 0
0 0 0 0.17089 0 0 0 0 -0 -0 -0 0.13849 -0.03968 0.09192 0 0
