0 0 0 0.16396 0 0 0 0 -0 -0 -0 0.13287 -0.038072 0.088195 0 0
0 0 0 0.071346 0 0 0 0 -0 -0 -0 0.057819 -0.016567 0.038377 0 0
0 0 0 0.14171 0 0 0 0 -0 -0 -0 0.11484 -0.032905 0.076225 0 0
-0 -0 -0 0.022144 0 0 0 0 -0 -0 -0 0.017946 -0.0051419 0.011912 0 0
-0 -0 -0 0.056181 0 0 0 0 -0 -0 -0 0.045529 -0.013045 0.03022 0 0
-0 -0 -0 0.010818 0 0 0 0 -0 -0 -0 0.008767 -0.002512 0.0058191 0 0
0 0 0 0.022952 0 0 0 0 -0 -0 -0 0.0186 -0.0053295 0.012346 0 0
0 0 0 0.030738 0 0 0 0 -0 -0 -0 0.02491 -0.0071373 0.016534 0 0
-0 -0 -0 0.16197 0 0 0 0 -0 -0 -0 0.13126 -0.03761 0.087125 0 0
-0 -0 -0 0.078541 0 0 0 0 -0 -0 -0 0.06365 -0.018237 0.042248 0 0
0 0 0 0.0036511 0 0 0 0 -0 -0 -0 0.0029589 -0.00084779 0.001964 0 0
-0 -0 -0 0.092482 0 0 0 0 -0 -0 -0 0.074947 -0.021474 0.049746 0 0
-0 -0 -0 0.1029 0 0 0 0 -0 -0 -0 0.083388 -0.023893 0.055349 0 0
0 0 0 0.064998 0 0 0 0 -0 -0 -0 0.052674 -0.015092 0.034962 0 0
-0 -0 -0 0.11394 0 0 0 0 -0 -0 -0 0.092334 -0.026456 0.061287 0 0
-0 -0 -0 0.13099 0 0 0 0 -0 -0 -0 0.10615 -0.030416 0.07046 0 0
-0 -0 -0 0.18126 0 0 0 0 -0 -0 -0 0.14689 -0.042089 0.0975 0 0
-0 -0 -0 0.062784 0 0 0 0 -0 -0 -0 0.05088 -0.014578 0.033772 0 0
0 0 0 0.1449 0 0 0 0 -0 -0 -0 0.11743 -0.033646 0.077943 0 0
0 0 0 0.053825 0 0 0 0 -0 -0 -0 0.04362 -0.012498 0.028953 0 0
-0 -0 -0 0.065175 0 0 0 0 -0 -0 -0 0.052818 -0.015134 0.035058 0 0
0 0 0 0.046865 0 0 0 0 -0 -0 -0 0.037979 -0.010882 0.025209 0 0
-0 -0 -0 0.16247 0 0 0 0 -0 -0 -0 0.13167 -0.037726 0.087394 0 0
0 0 0 0.10047 0 0 0 0 -0 -0 -0 0.081424 -0.02333 0.054045 0 0
0 0 0 0.10637 0 0 0 0 -0 -0 -0 0.086204 -0.0247 0.057218 0 0
-0 -0 -0 0.11833 0 0 0 0 -0 -0 -0 0.095896 -0.027477 0.063651 0 0
-0 -0 -0 0.17183 0 0 0 0 -0 -0 -0 0.13925 -0.0399 0.09243 0 0
0 0 0 0.025664 0 0 0 0 -0 -0 -0 0.020798 -0.0059593 0.013805 0 0
0 0 0 0.021088 0 0 0 0 -0 -0 -0 0.017089 -0.0048965 0.011343 0 0
-0 -0 -0 0.051583 0 0 0 0 -0 -0 -0 0.041803 -0.011978 0.027747 0 0
0 0 0 0.012589 0 0 0 0 -0 -0 -0 0.010202 -0.0029231 0.0067714 0 0
-0 -0 -0 0.062298 0 0 0 0 -0 -0 -0 0.050486 -0.014466 0.03351 0 0
-0 -0 -0 0.17694 0 0 0 0 -0 -0 -0 0.14339 -0.041085 0.095176 0 0
-0 -0 -0 0.14104 0 0 0 0 -0 -0 -0 0.1143 -0.032749 0.075864 0 0
-0 -0 -0 0.068028 0 0 0 0 -0 -0 -0 0.05513 -0.015796 0.036592 0 0
0 0 0 0.19183 0 0 0 0 -0 -0 -0 0.15546 -0.044543 0.10319 0 0
0 0 0 0.1293 0 0 0 0 -0 -0 -0 0.10478 -0.030023 0.069549 0 0
0 0 0 0.13845 0 0 0 0 -0 -0 -0 0.1122 -0.032148 0.074472 0 0
-0 -0 -0 0.10458 0 0 0 0 -0 -0 -0 0.084751 -0.024283 0.056254 0 0
0 0 0 0.1797 0 0 0 0 -0 -0 -0 0.14563 -0.041726 0.096661 0 0
-0 -0 -0 0.084071 0 0 0 0 -0 -0 -0 0.068131 -0.019521 0.045222 0 0
0 0 0 0.13214 0 0 0 0 -0 -0 -0 0.10709 -0.030683 0.071079 0 0
0 0 0 0.088829 0 0 0 0 -0 -0 -0 0.071987 -0.020626 0.047782 0 0
0 0 0 0.068211 0 0 0 0 -0 -0 -0 0.055278 -0.015838 0.036691 0 0
-0 -0 -0 0.036557 0 0 0 0 -0 -0 -0 0.029626 -0.0084886 0.019664 0 0
0 0 0 0.13893 0 0 0 0 -0 -0 -0 0.11259 -0.032259 0.07473 0 0
0 0 0 0.18155 0 0 0 0 -0 -0 -0 0.14713 -0.042156 0.097657 0 0
0 0 0 0.059009 0 0 0 0 -0 -0 -0 0.04782 -0.013702 0.031741 0 0
0 0 0 0.18337 0 0 0 0 -0 -0 -0 0.1486 -0.042577 0.098633 0 0
0 0 0 0.04946 0 0 0 0 -0 -0 -0 0.040082 -0.011485 0.026605 0 0
0 0 0 0.071368 0 0 0 0 -0 -0 -0 0.057837 -0.016572 0.038389 0 0
0 0 0 0.0028413 0 0 0 0 -0 -0 -0 0.0023026 -0.00065974 0.0015283 0 0
0 0 0 0.0051272 0 0 0 0 -0 -0 -0 0.0041551 -0.0011905 0.002758 0 0
-0 -0 -0 0.15029 0 0 0 0 -0 -0 -0 0.12179 -0.034897 0.080841 0 0
0 0 0 0.00027641 0 0 0 0 -0 -0 -0 0.000224 -6.4182e-05 0.00014868 0 0
-0 -0 -0 0.028214 0 0 0 0 -0 -0 -0 0.022864 -0.0065513 0.015176 0 0
0 0 0 0.031842 0 0 0 0 -0 -0 -0 0.025805 -0.0073938 0.017128 0 0
-0 -0 -0 0.18162 0 0 0 0 -0 -0 -0 0.14718 -0.042171 0.097692 0 0
0 0 0 0.1946 0 0 0 0 -0 -0 -0 0.1577 -0.045186 0.10468 0 0
-0 -0 -0 0.054634 0 0 0 0 -0 -0 -0 0.044275 -0.012686 0.029388 0 0
-0 -0 -0 0.17779 0 0 0 0 -0 -0 -0 0.14408 -0.041283 0.095635 0 0
-0 -0 -0 0.17432 0 0 0 0 -0 -0 -0 0.14127 -0.040476 0.093765 0 0
-0 -0 -0 0.11502 0 0 0 0 -0 -0 -0 0.093214 -0.026708 0.061871 0 0
0 0 0 0.08522 0 0 0 0 -0 -0 -0 0.069062 -0.019788 0.04584 0 0
0 0 0 0.1849 0 0 0 0 -0 -0 -0 0.14984 -0.042934 0.099458 0 0
-0 -0 -0 0.11378 0 0 0 0 -0 -0 -0 0.092206 -0.026419 0.061202 0 0
-0 -0 -0 0.10782 0 0 0 0 -0 -0 -0 0.087377 -0.025036 0.057996 0 0
0 0 0 0.024485 0 0 0 0 -0 -0 -0 0.019842 -0.0056854 0.01317 0 0
0 0 0 0.004037 0 0 0 0 -0 -0 -0 0.0032715 -0.00093738 0.0021715 0 0
0 0 0 0.17173 0 0 0 0 -0 -0 -0 0.13917 -0.039876 0.092374 0 0
0 0 0 0.1572 0 0 0 0 -0 -0 -0 0.12739 -0.036501 0.084556 0 0
-0 -0 -0 0.19179 0 0 0 0 -0 -0 -0 0.15543 -0.044535 0.10317 0 0
-0 -0 -0 0.1902 0 0 0 0 -0 -0 -0 0.15414 -0.044165 0.10231 0 0
0 0 0 0.032187 0 0 0 0 -0 -0 -0 0.026085 -0.0074739 0.017314 0 0
0 0 0 0.16696 0 0 0 0 -0 -0 -0 0.13531 -0.038769 0.089811 0 0
0 0 0 0.12546 0 0 0 0 -0 -0 -0 0.10167 -0.029131 0.067483 0 0
-0 -0 -0 0.16736 0 0 0 0 -0 -0 -0 0.13563 -0.03886 0.090022 0 0
0 0 0 0.06731 0 0 0 0 -0 -0 -0 0.054548 -0.015629 0.036206 0 0
-0 -0 -0 0.070981 0 0 0 0 -0 -0 -0 0.057523 -0.016482 0.038181 0 0
-0 -0 -0 0.19964 0 0 0 0 -0 -0 -0 0.16179 -0.046357 0.10739 0 0
-0 -0 -0 0.13173 0 0 0 0 -0 -0 -0 0.10676 -0.030588 0.07086 0 0
-0 -0 -0 0.14347 0 0 0 0 -0 -0 -0 0.11626 -0.033313 0.077171 0 0
-0 -0 -0 0.044851 0 0 0 0 -0 -0 -0 0.036347 -0.010414 0.024126 0 0
-0 -0 -0 0.18311 0 0 0 0 -0 -0 -0 0.14839 -0.042517 0.098493 0 0
-0 -0 -0 0.09953 0 0 0 0 -0 -0 -0 0.080659 -0.023111 0.053538 0 0
-0 -0 -0 0.1095 0 0 0 0 -0 -0 -0 0.088736 -0.025425 0.058899 0 0
-0 -0 -0 0.16973 0 0 0 0 -0 -0 -0 0.13755 -0.039411 0.091299 0 0
0 0 0 0.0063606 0 0 0 0 -0 -0 -0 0.0051547 -0.0014769 0.0034214 0 0
0 0 0 0.18595 0 0 0 0 -0 -0 -0 0.15069 -0.043177 0.10002 0 0
-0 -0 -0 0.18239 0 0 0 0 -0 -0 -0 0.14781 -0.042352 0.09811 0 0
-0 -0 -0 0.023303 0 0 0 0 -0 -0 -0 0.018885 -0.005411 0.012535 0 0
0 0 0 0.1609 0 0 0 0 -0 -0 -0 0.1304 -0.037362 0.086551 0 0
-0 -0 -0 0.024866 0 0 0 0 -0 -0 -0 0.020151 -0.0057739 0.013375 0 0
0 0 0 0.12338 0 0 0 0 -0 -0 -0 0.099988 -0.028649 0.066367 0 0
-0 -0 -0 0.072251 0 0 0 0 -0 -0 -0 0.058552 -0.016777 0.038864 0 0
0 0 0 0.18958 0 0 0 0 -0 -0 -0 0.15363 -0.04402 0.10198 0 0
0 0 0 0.043249 0 0 0 0 -0 -0 -0 0.035049 -0.010042 0.023264 0 0
0 0 0 0.060344 0 0 0 0 -0 -0 -0 0.048902 -0.014012 0.032459 0 0
0 0 0 0.07798 0 0 0 0 -0 -0 -0 0.063195 -0.018107 0.041946 0 0
0 0 0 0.16379 0 0 0 0 -0 -0 -0 0.13273 -0.038031 0.088101 0 0
