0 0 0.21515 0 0 0 0 0 0 0 0 0 0 -0.098489 0.079362 0.17404 -0.013715 0.029375 -0.021156 0 0
-0 -0 -0.16927 0 0 0 0 0 0 0 0 0 0 0.077486 -0.062438 -0.13693 0.0058516 -0.025827 0.015088 0 0
-0 -0 -0.19105 0 0 0 0 0 0 0 0 0 0 0.087455 -0.070471 -0.15454 0.0062769 -0.029282 0.016904 0 0
-0 -0 -0.23194 0 0 0 0 0 0 0 0 0 0 0.10618 -0.085557 -0.18763 0.0068712 -0.035835 0.020229 0 0
-0 -0 -0.14874 0 0 0 0 0 0 0 0 0 0 0.06809 -0.054867 -0.12032 0.0053819 -0.022595 0.013349 0 0
-0 -0 -0.28807 0 0 0 0 0 0 0 0 0 0 0.13187 -0.10626 -0.23303 0.0072515 -0.044952 0.024601 0 0
-0 -0 -0.2152 0 0 0 0 0 0 0 0 0 0 0.098511 -0.079379 -0.17408 0.0066601 -0.033142 0.018881 0 0
0 0 0.07323 0 0 0 0 0 0 0 0 0 0 -0.033523 0.027013 0.059239 -0.0039013 0.010493 -0.0069923 0 0
0 0 0.030888 0 0 0 0 0 0 0 0 0 0 -0.01414 0.011394 0.024987 -0.0015467 0.0044824 -0.0029192 0 0
-0 -0 -0.32624 0 0 0 0 0 0 0 0 0 0 0.14935 -0.12034 -0.26391 0.0072217 -0.051219 0.027442 0 0
-0 -0 -0.14127 0 0 0 0 0 0 0 0 0 0 0.06467 -0.05211 -0.11428 0.0051943 -0.021425 0.012709 0 0
-0 -0 -0.3378 0 0 0 0 0 0 0 0 0 0 0.15464 -0.12461 -0.27326 0.0071667 -0.053125 0.028281 0 0
-0 -0 -0.29784 0 0 0 0 0 0 0 0 0 0 0.13634 -0.10987 -0.24093 0.0072661 -0.046551 0.025339 0 0
0 0 0.21548 0 0 0 0 0 0 0 0 0 0 -0.098643 0.079486 0.17431 -0.013742 0.029417 -0.02119 0 0
-0 -0 -0.087773 0 0 0 0 0 0 0 0 0 0 0.04018 -0.032377 -0.071003 0.0035939 -0.013147 0.0080288 0 0
-0 -0 -0.28991 0 0 0 0 0 0 0 0 0 0 0.13271 -0.10694 -0.23452 0.0072554 -0.045253 0.024741 0 0
-0 -0 -0.034168 0 0 0 0 0 0 0 0 0 0 0.015641 -0.012604 -0.02764 0.0015408 -0.0050488 0.0031741 0 0
0 0 0.070179 0 0 0 0 0 0 0 0 0 0 -0.032126 0.025887 0.056771 -0.0037226 0.010065 -0.0066962 0 0
-0 -0 -0.28405 0 0 0 0 0 0 0 0 0 0 0.13003 -0.10478 -0.22978 0.007241 -0.044295 0.024296 0 0
-0 -0 -0.046869 0 0 0 0 0 0 0 0 0 0 0.021455 -0.017289 -0.037914 0.0020676 -0.0069486 0.0043385 0 0
-0 -0 -0.052092 0 0 0 0 0 0 0 0 0 0 0.023846 -0.019215 -0.042139 0.002277 -0.0077333 0.0048149 0 0
0 0 0.10356 0 0 0 0 0 0 0 0 0 0 -0.047405 0.038199 0.08377 -0.0057523 0.014697 -0.0099568 0 0
0 0 0.10345 0 0 0 0 0 0 0 0 0 0 -0.047358 0.038161 0.083687 -0.0057457 0.014682 -0.0099466 0 0
-0 -0 -0.18782 0 0 0 0 0 0 0 0 0 0 0.08598 -0.069282 -0.15194 0.0062187 -0.028769 0.016638 0 0
0 0 0.34785 0 0 0 0 0 0 0 0 0 0 -0.15924 0.12831 0.28139 -0.02543 0.045021 -0.03492 0 0
0 0 0.12813 0 0 0 0 0 0 0 0 0 0 -0.058655 0.047264 0.10365 -0.0073516 0.018038 -0.012386 0 0
-0 -0 -0.20181 0 0 0 0 0 0 0 0 0 0 0.092383 -0.074441 -0.16325 0.0064592 -0.030999 0.01779 0 0
-0 -0 -0.31666 0 0 0 0 0 0 0 0 0 0 0.14496 -0.11681 -0.25616 0.0072512 -0.049641 0.026739 0 0
-0 -0 -0.1842 0 0 0 0 0 0 0 0 0 0 0.08432 -0.067945 -0.149 0.0061513 -0.028193 0.016337 0 0
-0 -0 -0.25895 0 0 0 0 0 0 0 0 0 0 0.11854 -0.09552 -0.20948 0.0071172 -0.040206 0.022361 0 0
0 0 0.13083 0 0 0 0 0 0 0 0 0 0 -0.059889 0.048258 0.10583 -0.0075324 0.018401 -0.012654 0 0
0 0 0.07832 0 0 0 0 0 0 0 0 0 0 -0.035853 0.02889 0.063356 -0.0042024 0.011204 -0.0074872 0 0
0 0 0.3356 0 0 0 0 0 0 0 0 0 0 -0.15363 0.12379 0.27148 -0.024251 0.043666 -0.033635 0 0
0 0 0.32887 0 0 0 0 0 0 0 0 0 0 -0.15055 0.12131 0.26604 -0.023612 0.042914 -0.03293 0 0
-0 -0 -0.26357 0 0 0 0 0 0 0 0 0 0 0.12066 -0.097225 -0.21322 0.0071476 -0.040957 0.022721 0 0
0 0 0.28358 0 0 0 0 0 0 0 0 0 0 -0.12982 0.1046 0.2294 -0.019462 0.037705 -0.028207 0 0
-0 -0 -0.11044 0 0 0 0 0 0 0 0 0 0 0.050554 -0.040736 -0.089335 0.0043268 -0.016631 0.010032 0 0
0 0 0.2015 0 0 0 0 0 0 0 0 0 0 -0.092241 0.074327 0.163 -0.012646 0.02765 -0.019765 0 0
-0 -0 -0.064725 0 0 0 0 0 0 0 0 0 0 0.029629 -0.023875 -0.052358 0.0027659 -0.0096397 0.0059609 0 0
0 0 0.036819 0 0 0 0 0 0 0 0 0 0 -0.016855 0.013581 0.029784 -0.0018602 0.0053337 -0.0034848 0 0
0 0 0.32776 0 0 0 0 0 0 0 0 0 0 -0.15004 0.1209 0.26514 -0.023507 0.042789 -0.032814 0 0
-0 -0 -0.16828 0 0 0 0 0 0 0 0 0 0 0.077036 -0.062075 -0.13613 0.0058306 -0.025672 0.015006 0 0
-0 -0 -0.070228 0 0 0 0 0 0 0 0 0 0 0.032149 -0.025905 -0.05681 0.0029711 -0.010474 0.0064573 0 0
0 0 0.22614 0 0 0 0 0 0 0 0 0 0 -0.10352 0.083415 0.18293 -0.014595 0.030749 -0.02228 0 0
0 0 0.14918 0 0 0 0 0 0 0 0 0 0 -0.06829 0.055027 0.12068 -0.0087913 0.020853 -0.014484 0 0
0 0 0.15558 0 0 0 0 0 0 0 0 0 0 -0.071222 0.05739 0.12586 -0.0092422 0.021701 -0.015125 0 0
0 0 0.050697 0 0 0 0 0 0 0 0 0 0 -0.023208 0.0187 0.04101 -0.0026146 0.007314 -0.0048147 0 0
0 0 0.23059 0 0 0 0 0 0 0 0 0 0 -0.10556 0.085057 0.18653 -0.014955 0.031301 -0.022736 0 0
0 0 0.098849 0 0 0 0 0 0 0 0 0 0 -0.04525 0.036462 0.079962 -0.005456 0.01405 -0.0094941 0 0
-0 -0 -0.21544 0 0 0 0 0 0 0 0 0 0 0.098623 -0.079469 -0.17428 0.0066635 -0.033181 0.018901 0 0
-0 -0 -0.16059 0 0 0 0 0 0 0 0 0 0 0.073513 -0.059236 -0.1299 0.0056611 -0.024458 0.014356 0 0
0 0 0.2059 0 0 0 0 0 0 0 0 0 0 -0.094255 0.07595 0.16656 -0.012988 0.028209 -0.020213 0 0
-0 -0 -0.29002 0 0 0 0 0 0 0 0 0 0 0.13276 -0.10698 -0.23461 0.0072556 -0.04527 0.024749 0 0
-0 -0 -0.037869 0 0 0 0 0 0 0 0 0 0 0.017336 -0.013969 -0.030634 0.0016969 -0.0056011 0.0035143 0 0
-0 -0 -0.24694 0 0 0 0 0 0 0 0 0 0 0.11304 -0.09109 -0.19976 0.0070222 -0.038259 0.02142 0 0
0 0 0.0975 0 0 0 0 0 0 0 0 0 0 -0.044633 0.035965 0.078871 -0.0053717 0.013864 -0.0093618 0 0
0 0 0.23165 0 0 0 0 0 0 0 0 0 0 -0.10604 0.085448 0.18739 -0.015042 0.031433 -0.022845 0 0
-0 -0 -0.031799 0 0 0 0 0 0 0 0 0 0 0.014557 -0.01173 -0.025723 0.0014397 -0.0046957 0.002956 0 0
0 0 0.12125 0 0 0 0 0 0 0 0 0 0 -0.055506 0.044727 0.098086 -0.0068951 0.017109 -0.011704 0 0
-0 -0 -0.11814 0 0 0 0 0 0 0 0 0 0 0.054082 -0.043579 -0.095569 0.0045577 -0.017824 0.010707 0 0
0 0 0.0856 0 0 0 0 0 0 0 0 0 0 -0.039185 0.031575 0.069245 -0.0046398 0.012218 -0.0081969 0 0
0 0 0.01753 0 0 0 0 0 0 0 0 0 0 -0.0080248 0.0064663 0.014181 -0.00085995 0.0025537 -0.0016511 0 0
-0 -0 -0.10974 0 0 0 0 0 0 0 0 0 0 0.050234 -0.040478 -0.088769 0.0043054 -0.016523 0.0099709 0 0
-0 -0 -0.31096 0 0 0 0 0 0 0 0 0 0 0.14235 -0.1147 -0.25154 0.0072617 -0.048703 0.026318 0 0
0 0 0.18752 0 0 0 0 0 0 0 0 0 0 -0.085844 0.069172 0.15169 -0.011578 0.025863 -0.018346 0 0
-0 -0 -0.09307 0 0 0 0 0 0 0 0 0 0 0.042605 -0.034331 -0.075288 0.0037724 -0.013958 0.0084997 0 0
-0 -0 -0.085398 0 0 0 0 0 0 0 0 0 0 0.039093 -0.031501 -0.069082 0.0035124 -0.012784 0.0078171 0 0
0 0 0.079917 0 0 0 0 0 0 0 0 0 0 -0.036584 0.029479 0.064648 -0.0042977 0.011427 -0.0076427 0 0
-0 -0 -0.25016 0 0 0 0 0 0 0 0 0 0 0.11452 -0.092277 -0.20236 0.0070499 -0.03878 0.021673 0 0
0 0 0.31223 0 0 0 0 0 0 0 0 0 0 -0.14293 0.11517 0.25257 -0.022055 0.041029 -0.03119 0 0
-0 -0 -0.063361 0 0 0 0 0 0 0 0 0 0 0.029005 -0.023372 -0.051255 0.0027143 -0.0094333 0.0058376 0 0
-0 -0 -0.26367 0 0 0 0 0 0 0 0 0 0 0.1207 -0.097258 -0.21329 0.0071481 -0.040972 0.022728 0 0
-0 -0 -0.20303 0 0 0 0 0 0 0 0 0 0 0.092944 -0.074893 -0.16424 0.0064788 -0.031194 0.017891 0 0
0 0 0.021971 0 0 0 0 0 0 0 0 0 0 -0.010058 0.0081045 0.017773 -0.0010852 0.0031966 -0.0020717 0 0
0 0 0.088043 0 0 0 0 0 0 0 0 0 0 -0.040304 0.032477 0.071221 -0.0047884 0.012557 -0.0084356 0 0
0 0 0.0017495 0 0 0 0 0 0 0 0 0 0 -0.00080089 0.00064535 0.0014153 -8.3716e-05 0.000256 -0.00016411 0 0
-0 -0 -0.28807 0 0 0 0 0 0 0 0 0 0 0.13187 -0.10626 -0.23303 0.0072515 -0.044951 0.024601 0 0
-0 -0 -0.074445 0 0 0 0 0 0 0 0 0 0 0.034079 -0.02746 -0.060221 0.0031252 -0.011114 0.0068366 0 0
-0 -0 -0.0089155 0 0 0 0 0 0 0 0 0 0 0.0040813 -0.0032887 -0.0072121 0.00041933 -0.0013084 0.00083394 0 0
-0 -0 -0.046272 0 0 0 0 0 0 0 0 0 0 0.021182 -0.017068 -0.037431 0.0020434 -0.006859 0.004284 0 0
-0 -0 -0.026639 0 0 0 0 0 0 0 0 0 0 0.012194 -0.0098262 -0.021549 0.0012167 -0.0039283 0.0024798 0 0
-0 -0 -0.049885 0 0 0 0 0 0 0 0 0 0 0.022836 -0.018401 -0.040354 0.002189 -0.0074014 0.0046138 0 0
0 0 0.015209 0 0 0 0 0 0 0 0 0 0 -0.0069625 0.0056103 0.012303 -0.00074342 0.0022171 -0.0014317 0 0
0 0 0.1773 0 0 0 0 0 0 0 0 0 0 -0.081162 0.0654 0.14342 -0.010814 0.024542 -0.017311 0 0
0 0 0.18277 0 0 0 0 0 0 0 0 0 0 -0.083668 0.067419 0.14785 -0.011221 0.025251 -0.017864 0 0
-0 -0 -0.25777 0 0 0 0 0 0 0 0 0 0 0.118 -0.095082 -0.20852 0.0071088 -0.040013 0.022269 0 0
-0 -0 -0.035339 0 0 0 0 0 0 0 0 0 0 0.016177 -0.013035 -0.028587 0.0015904 -0.0052233 0.0032818 0 0
0 0 0.090801 0 0 0 0 0 0 0 0 0 0 -0.041566 0.033494 0.073452 -0.0049571 0.012939 -0.0087053 0 0
0 0 0.34791 0 0 0 0 0 0 0 0 0 0 -0.15926 0.12833 0.28144 -0.025435 0.045028 -0.034926 0 0
0 0 0.2662 0 0 0 0 0 0 0 0 0 0 -0.12186 0.098193 0.21534 -0.017942 0.035641 -0.026405 0 0
-0 -0 -0.1717 0 0 0 0 0 0 0 0 0 0 0.0786 -0.063335 -0.13889 0.0059029 -0.026212 0.015293 0 0
-0 -0 -0.13297 0 0 0 0 0 0 0 0 0 0 0.060868 -0.049047 -0.10756 0.0049754 -0.020128 0.011994 0 0
-0 -0 -0.1659 0 0 0 0 0 0 0 0 0 0 0.075947 -0.061197 -0.13421 0.0057792 -0.025296 0.014805 0 0
-0 -0 -0.26355 0 0 0 0 0 0 0 0 0 0 0.12065 -0.097217 -0.2132 0.0071474 -0.040953 0.022719 0 0
-0 -0 -0.11941 0 0 0 0 0 0 0 0 0 0 0.054663 -0.044047 -0.096595 0.0045948 -0.01802 0.010817 0 0
-0 -0 -0.18851 0 0 0 0 0 0 0 0 0 0 0.086294 -0.069535 -0.15249 0.0062312 -0.028878 0.016694 0 0
0 0 0.14656 0 0 0 0 0 0 0 0 0 0 -0.06709 0.054061 0.11856 -0.0086086 0.020505 -0.014222 0 0
-0 -0 -0.1524 0 0 0 0 0 0 0 0 0 0 0.069763 -0.056214 -0.12328 0.0054704 -0.023169 0.013661 0 0
0 0 0.29323 0 0 0 0 0 0 0 0 0 0 -0.13423 0.10816 0.2372 -0.020323 0.038835 -0.02921 0 0
0 0 0.23106 0 0 0 0 0 0 0 0 0 0 -0.10577 0.08523 0.18691 -0.014994 0.031359 -0.022785 0 0
