0 0 0.010373 0 0 0 0 0 0 0 0 0 0 -0.0043692 0.0042239 0.0084059 0 0 0 0 0
-0 -0 -0.08166 0 0 0 0 0 0 0 0 0 0 0.034397 -0.033254 -0.066177 0 0 0 0 0
0 0 0.053084 0 0 0 0 0 0 0 0 0 0 -0.02236 0.021617 0.043019 0 0 0 0 0
-0 -0 -0.12056 0 0 0 0 0 0 0 0 0 0 0.050783 -0.049095 -0.097702 0 0 0 0 0
-0 -0 -0.011173 0 0 0 0 0 0 0 0 0 0 0.0047065 -0.00455 -0.0090548 0 0 0 0 0
0 0 0.23375 0 0 0 0 0 0 0 0 0 0 -0.09846 0.095186 0.18943 0 0 0 0 0
-0 -0 -0.20447 0 0 0 0 0 0 0 0 0 0 0.08613 -0.083266 -0.16571 0 0 0 0 0
-0 -0 -0.03602 0 0 0 0 0 0 0 0 0 0 0.015173 -0.014668 -0.029191 0 0 0 0 0
0 0 0.1336 0 0 0 0 0 0 0 0 0 0 -0.056275 0.054404 0.10827 0 0 0 0 0
-0 -0 -0.14212 0 0 0 0 0 0 0 0 0 0 0.059862 -0.057872 -0.11517 0 0 0 0 0
-0 -0 -0.020118 0 0 0 0 0 0 0 0 0 0 0.0084742 -0.0081924 -0.016304 0 0 0 0 0
0 0 0.050342 0 0 0 0 0 0 0 0 0 0 -0.021205 0.0205 0.040797 0 0 0 0 0
-0 -0 -0.29278 0 0 0 0 0 0 0 0 0 0 0.12333 -0.11923 -0.23727 0 0 0 0 0
0 0 0.30561 0 0 0 0 0 0 0 0 0 0 -0.12873 0.12445 0.24767 0 0 0 0 0
0 0 0.039911 0 0 0 0 0 0 0 0 0 0 -0.016812 0.016253 0.032344 0 0 0 0 0
-0 -0 -0.27292 0 0 0 0 0 0 0 0 0 0 0.11496 -0.11114 -0.22118 0 0 0 0 0
-0 -0 -0.18233 0 0 0 0 0 0 0 0 0 0 0.0768 -0.074247 -0.14776 0 0 0 0 0
-0 -0 -0.1959 0 0 0 0 0 0 0 0 0 0 0.082518 -0.079774 -0.15876 0 0 0 0 0
-0 -0 -0.314 0 0 0 0 0 0 0 0 0 0 0.13226 -0.12786 -0.25446 0 0 0 0 0
0 0 0.31179 0 0 0 0 0 0 0 0 0 0 -0.13133 0.12697 0.25267 0 0 0 0 0
0 0 0.077412 0 0 0 0 0 0 0 0 0 0 -0.032608 0.031524 0.062735 0 0 0 0 0
-0 -0 -0.3091 0 0 0 0 0 0 0 0 0 0 0.1302 -0.12587 -0.2505 0 0 0 0 0
0 0 0.23294 0 0 0 0 0 0 0 0 0 0 -0.09812 0.094858 0.18877 0 0 0 0 0
0 0 0.089763 0 0 0 0 0 0 0 0 0 0 -0.03781 0.036553 0.072743 0 0 0 0 0
0 0 0.06927 0 0 0 0 0 0 0 0 0 0 -0.029178 0.028208 0.056137 0 0 0 0 0
-0 -0 -0.068366 0 0 0 0 0 0 0 0 0 0 0.028797 -0.02784 -0.055403 0 0 0 0 0
0 0 0.092436 0 0 0 0 0 0 0 0 0 0 -0.038936 0.037642 0.07491 0 0 0 0 0
0 0 0.016958 0 0 0 0 0 0 0 0 0 0 -0.0071429 0.0069054 0.013742 0 0 0 0 0
-0 -0 -0.017917 0 0 0 0 0 0 0 0 0 0 0.0075472 -0.0072962 -0.01452 0 0 0 0 0
0 0 0.23637 0 0 0 0 0 0 0 0 0 0 -0.099566 0.096255 0.19156 0 0 0 0 0
-0 -0 -0.076117 0 0 0 0 0 0 0 0 0 0 0.032062 -0.030996 -0.061685 0 0 0 0 0
0 0 0.16898 0 0 0 0 0 0 0 0 0 0 -0.07118 0.068813 0.13694 0 0 0 0 0
0 0 0.023455 0 0 0 0 0 0 0 0 0 0 -0.00988 0.0095515 0.019008 0 0 0 0 0
-0 -0 -0.26466 0 0 0 0 0 0 0 0 0 0 0.11148 -0.10778 -0.21448 0 0 0 0 0
-0 -0 -0.069562 0 0 0 0 0 0 0 0 0 0 0.029301 -0.028327 -0.056373 0 0 0 0 0
0 0 0.14013 0 0 0 0 0 0 0 0 0 0 -0.059027 0.057064 0.11356 0 0 0 0 0
0 0 0.18125 0 0 0 0 0 0 0 0 0 0 -0.076347 0.073809 0.14689 0 0 0 0 0
0 0 0.16975 0 0 0 0 0 0 0 0 0 0 -0.071503 0.069125 0.13756 0 0 0 0 0
-0 -0 -0.28434 0 0 0 0 0 0 0 0 0 0 0.11977 -0.11579 -0.23043 0 0 0 0 0
-0 -0 -0.1367 0 0 0 0 0 0 0 0 0 0 0.057582 -0.055668 -0.11078 0 0 0 0 0
-0 -0 -0.076073 0 0 0 0 0 0 0 0 0 0 0.032044 -0.030978 -0.061649 0 0 0 0 0
0 0 0.16249 0 0 0 0 0 0 0 0 0 0 -0.068444 0.066168 0.13168 0 0 0 0 0
0 0 0.09588 0 0 0 0 0 0 0 0 0 0 -0.040387 0.039044 0.077701 0 0 0 0 0
-0 -0 -0.028653 0 0 0 0 0 0 0 0 0 0 0.01207 -0.011668 -0.023221 0 0 0 0 0
0 0 0.11423 0 0 0 0 0 0 0 0 0 0 -0.048118 0.046518 0.092574 0 0 0 0 0
-0 -0 -0.23523 0 0 0 0 0 0 0 0 0 0 0.099084 -0.095789 -0.19063 0 0 0 0 0
-0 -0 -0.16791 0 0 0 0 0 0 0 0 0 0 0.070726 -0.068374 -0.13607 0 0 0 0 0
0 0 0.3246 0 0 0 0 0 0 0 0 0 0 -0.13673 0.13218 0.26306 0 0 0 0 0
-0 -0 -0.042224 0 0 0 0 0 0 0 0 0 0 0.017786 -0.017194 -0.034218 0 0 0 0 0
-0 -0 -0.21372 0 0 0 0 0 0 0 0 0 0 0.090025 -0.087032 -0.1732 0 0 0 0 0
-0 -0 -0.25054 0 0 0 0 0 0 0 0 0 0 0.10554 -0.10203 -0.20304 0 0 0 0 0
0 0 0.23779 0 0 0 0 0 0 0 0 0 0 -0.10016 0.096831 0.1927 0 0 0 0 0
0 0 0.074384 0 0 0 0 0 0 0 0 0 0 -0.031332 0.030291 0.060281 0 0 0 0 0
-0 -0 -0.17559 0 0 0 0 0 0 0 0 0 0 0.073962 -0.071503 -0.1423 0 0 0 0 0
0 0 0.18103 0 0 0 0 0 0 0 0 0 0 -0.076254 0.073718 0.14671 0 0 0 0 0
-0 -0 -0.10964 0 0 0 0 0 0 0 0 0 0 0.046184 -0.044648 -0.088853 0 0 0 0 0
-0 -0 -0.24967 0 0 0 0 0 0 0 0 0 0 0.10517 -0.10167 -0.20233 0 0 0 0 0
-0 -0 -0.26251 0 0 0 0 0 0 0 0 0 0 0.11057 -0.1069 -0.21273 0 0 0 0 0
0 0 0.20967 0 0 0 0 0 0 0 0 0 0 -0.088319 0.085382 0.16992 0 0 0 0 0
0 0 0.099013 0 0 0 0 0 0 0 0 0 0 -0.041707 0.04032 0.08024 0 0 0 0 0
-0 -0 -0.07876 0 0 0 0 0 0 0 0 0 0 0.033176 -0.032073 -0.063827 0 0 0 0 0
0 0 0.2699 0 0 0 0 0 0 0 0 0 0 -0.11369 0.10991 0.21872 0 0 0 0 0
0 0 0.14606 0 0 0 0 0 0 0 0 0 0 -0.061524 0.059478 0.11837 0 0 0 0 0
-0 -0 -0.0018936 0 0 0 0 0 0 0 0 0 0 0.00079763 -0.0007711 -0.0015346 0 0 0 0 0
0 0 0.12496 0 0 0 0 0 0 0 0 0 0 -0.052637 0.050886 0.10127 0 0 0 0 0
-0 -0 -0.26014 0 0 0 0 0 0 0 0 0 0 0.10958 -0.10594 -0.21082 0 0 0 0 0
0 0 0.15768 0 0 0 0 0 0 0 0 0 0 -0.066419 0.06421 0.12778 0 0 0 0 0
-0 -0 -0.11638 0 0 0 0 0 0 0 0 0 0 0.049022 -0.047392 -0.094313 0 0 0 0 0
0 0 0.15839 0 0 0 0 0 0 0 0 0 0 -0.066716 0.064498 0.12836 0 0 0 0 0
-0 -0 -0.10293 0 0 0 0 0 0 0 0 0 0 0.043355 -0.041913 -0.083411 0 0 0 0 0
0 0 0.31321 0 0 0 0 0 0 0 0 0 0 -0.13193 0.12754 0.25382 0 0 0 0 0
-0 -0 -0.028737 0 0 0 0 0 0 0 0 0 0 0.012105 -0.011702 -0.023288 0 0 0 0 0
0 0 0.070576 0 0 0 0 0 0 0 0 0 0 -0.029728 0.02874 0.057194 0 0 0 0 0
-0 -0 -0.2537 0 0 0 0 0 0 0 0 0 0 0.10686 -0.10331 -0.2056 0 0 0 0 0
-0 -0 -0.19806 0 0 0 0 0 0 0 0 0 0 0.083429 -0.080655 -0.16051 0 0 0 0 0
0 0 0.14811 0 0 0 0 0 0 0 0 0 0 -0.062388 0.060313 0.12003 0 0 0 0 0
0 0 0.31229 0 0 0 0 0 0 0 0 0 0 -0.13154 0.12717 0.25308 0 0 0 0 0
0 0 0.26945 0 0 0 0 0 0 0 0 0 0 -0.1135 0.10973 0.21836 0 0 0 0 0
0 0 0.29954 0 0 0 0 0 0 0 0 0 0 -0.12617 0.12198 0.24274 0 0 0 0 0
-0 -0 -0.15511 0 0 0 0 0 0 0 0 0 0 0.065338 -0.063165 -0.1257 0 0 0 0 0
0 0 0.30436 0 0 0 0 0 0 0 0 0 0 -0.1282 0.12394 0.24665 0 0 0 0 0
-0 -0 -0.0089546 0 0 0 0 0 0 0 0 0 0 0.0037719 -0.0036465 -0.0072568 0 0 0 0 0
-0 -0 -0.27254 0 0 0 0 0 0 0 0 0 0 0.1148 -0.11098 -0.22087 0 0 0 0 0
-0 -0 -0.32651 0 0 0 0 0 0 0 0 0 0 0.13753 -0.13296 -0.2646 0 0 0 0 0
0 0 0.19049 0 0 0 0 0 0 0 0 0 0 -0.080239 0.077571 0.15437 0 0 0 0 0
-0 -0 -0.1871 0 0 0 0 0 0 0 0 0 0 0.078812 -0.076191 -0.15163 0 0 0 0 0
0 0 0.070082 0 0 0 0 0 0 0 0 0 0 -0.02952 0.028538 0.056794 0 0 0 0 0
-0 -0 -0.24291 0 0 0 0 0 0 0 0 0 0 0.10232 -0.098916 -0.19685 0 0 0 0 0
0 0 0.14075 0 0 0 0 0 0 0 0 0 0 -0.059289 0.057317 0.11407 0 0 0 0 0
0 0 0.0614 0 0 0 0 0 0 0 0 0 0 -0.025863 0.025003 0.049758 0 0 0 0 0
0 0 0.3391 0 0 0 0 0 0 0 0 0 0 -0.14284 0.13809 0.2748 0 0 0 0 0
0 0 0.14812 0 0 0 0 0 0 0 0 0 0 -0.06239 0.060316 0.12003 0 0 0 0 0
-0 -0 -0.045222 0 0 0 0 0 0 0 0 0 0 0.019049 -0.018415 -0.036648 0 0 0 0 0
0 0 0.31335 0 0 0 0 0 0 0 0 0 0 -0.13199 0.1276 0.25394 0 0 0 0 0
-0 -0 -0.19557 0 0 0 0 0 0 0 0 0 0 0.08238 -0.079641 -0.15849 0 0 0 0 0
-0 -0 -0.32706 0 0 0 0 0 0 0 0 0 0 0.13777 -0.13319 -0.26505 0 0 0 0 0
0 0 0.073981 0 0 0 0 0 0 0 0 0 0 -0.031162 0.030126 0.059954 0 0 0 0 0
0 0 0.062713 0 0 0 0 0 0 0 0 0 0 -0.026416 0.025538 0.050823 0 0 0 0 0
-0 -0 -0.31975 0 0 0 0 0 0 0 0 0 0 0.13469 -0.13021 -0.25912 0 0 0 0 0
-0 -0 -0.13468 0 0 0 0 0 0 0 0 0 0 0.056732 -0.054846 -0.10915 0 0 0 0 0
