-0 -0 -0.078149 0 0 0 0 0 0 0 0 0 0 0.038271 -0.025514 -0.063179 0.0067446 0.00040299 0.0039228 0 0
0 0 0.049488 0 0 0 0 0 0 0 0 0 0 -0.024235 0.016157 0.040008 -0.0043016 -0.00055255 -0.0023826 0 0
-0 -0 -0.29299 0 0 0 0 0 0 0 0 0 0 0.14348 -0.095655 -0.23687 0.024675 -0.001457 0.015535 0 0
0 0 0.17101 0 0 0 0 0 0 0 0 0 0 -0.083747 0.055831 0.13825 -0.01489 -0.0028772 -0.0078577 0 0
-0 -0 -0.22898 0 0 0 0 0 0 0 0 0 0 0.11214 -0.074758 -0.18512 0.019458 -0.00044961 0.011968 0 0
0 0 0.23855 0 0 0 0 0 0 0 0 0 0 -0.11682 0.07788 0.19285 -0.020746 -0.0047538 -0.010647 0 0
0 0 0.016361 0 0 0 0 0 0 0 0 0 0 -0.0080124 0.0053416 0.013227 -0.0014203 -0.00015724 -0.00079683 0 0
-0 -0 -0.11801 0 0 0 0 0 0 0 0 0 0 0.05779 -0.038527 -0.095402 0.010151 0.00038639 0.0059927 0 0
-0 -0 -0.11433 0 0 0 0 0 0 0 0 0 0 0.05599 -0.037326 -0.09243 0.0098375 0.0003942 0.0057999 0 0
-0 -0 -0.20115 0 0 0 0 0 0 0 0 0 0 0.098507 -0.065671 -0.16262 0.017152 -0.00013103 0.010443 0 0
-0 -0 -0.30253 0 0 0 0 0 0 0 0 0 0 0.14816 -0.09877 -0.24458 0.025441 -0.0016398 0.016073 0 0
0 0 0.083136 0 0 0 0 0 0 0 0 0 0 -0.040713 0.027142 0.067211 -0.0072334 -0.0010592 -0.0039539 0 0
0 0 0.21715 0 0 0 0 0 0 0 0 0 0 -0.10634 0.070895 0.17555 -0.018895 -0.0041148 -0.0097842 0 0
0 0 0.30866 0 0 0 0 0 0 0 0 0 0 -0.15116 0.10077 0.24953 -0.026767 -0.007133 -0.013334 0 0
0 0 0.14743 0 0 0 0 0 0 0 0 0 0 -0.072201 0.048134 0.11919 -0.012838 -0.0023196 -0.0068398 0 0
0 0 0.0054074 0 0 0 0 0 0 0 0 0 0 -0.0026481 0.0017654 0.0043716 -0.00046916 -4.9182e-05 -0.00026433 0 0
0 0 0.26232 0 0 0 0 0 0 0 0 0 0 -0.12846 0.085642 0.21207 -0.022796 -0.0055119 -0.011583 0 0
-0 -0 -0.066763 0 0 0 0 0 0 0 0 0 0 0.032695 -0.021797 -0.053975 0.005767 0.00038016 0.0033398 0 0
-0 -0 -0.077638 0 0 0 0 0 0 0 0 0 0 0.038021 -0.025347 -0.062766 0.0067008 0.00040222 0.0038966 0 0
-0 -0 -0.013945 0 0 0 0 0 0 0 0 0 0 0.0068291 -0.0045528 -0.011274 0.0012087 0.00011413 0.00068607 0 0
-0 -0 -0.22146 0 0 0 0 0 0 0 0 0 0 0.10845 -0.072302 -0.17904 0.018837 -0.00035635 0.011554 0 0
0 0 0.16625 0 0 0 0 0 0 0 0 0 0 -0.081417 0.054278 0.13441 -0.014476 -0.0027606 -0.0076541 0 0
-0 -0 -0.24377 0 0 0 0 0 0 0 0 0 0 0.11938 -0.079586 -0.19708 0.020674 -0.0006484 0.012785 0 0
-0 -0 -0.071084 0 0 0 0 0 0 0 0 0 0 0.034811 -0.023207 -0.057468 0.0061382 0.00039026 0.0035606 0 0
-0 -0 -0.087462 0 0 0 0 0 0 0 0 0 0 0.042832 -0.028554 -0.070708 0.0075428 0.00041255 0.0044025 0 0
0 0 0.32197 0 0 0 0 0 0 0 0 0 0 -0.15768 0.10512 0.2603 -0.027902 -0.0076334 -0.013819 0 0
0 0 0.20455 0 0 0 0 0 0 0 0 0 0 -0.10017 0.066781 0.16537 -0.017803 -0.0037576 -0.0092668 0 0
-0 -0 -0.11335 0 0 0 0 0 0 0 0 0 0 0.055508 -0.037005 -0.091634 0.0097537 0.00039608 0.0057484 0 0
0 0 0.1014 0 0 0 0 0 0 0 0 0 0 -0.049657 0.033105 0.081976 -0.0088256 -0.0013783 -0.0047895 0 0
-0 -0 -0.10623 0 0 0 0 0 0 0 0 0 0 0.052022 -0.034681 -0.085879 0.0091469 0.00040692 0.0053764 0 0
0 0 0.13534 0 0 0 0 0 0 0 0 0 0 -0.066279 0.044186 0.10942 -0.011784 -0.0020535 -0.0063092 0 0
0 0 0.075444 0 0 0 0 0 0 0 0 0 0 -0.036946 0.024631 0.060992 -0.0065628 -0.00093404 -0.0035982 0 0
-0 -0 -0.017434 0 0 0 0 0 0 0 0 0 0 0.0085376 -0.0056917 -0.014094 0.0015108 0.00013982 0.00085868 0 0
-0 -0 -0.12439 0 0 0 0 0 0 0 0 0 0 0.060918 -0.040612 -0.10057 0.010694 0.00036977 0.0063283 0 0
-0 -0 -0.17473 0 0 0 0 0 0 0 0 0 0 0.085569 -0.057046 -0.14126 0.014944 0.00010401 0.0090106 0 0
-0 -0 -0.17119 0 0 0 0 0 0 0 0 0 0 0.083834 -0.055889 -0.1384 0.014647 0.00013053 0.0088197 0 0
-0 -0 -0.091868 0 0 0 0 0 0 0 0 0 0 0.04499 -0.029993 -0.074271 0.00792 0.00041422 0.0046303 0 0
0 0 0.05548 0 0 0 0 0 0 0 0 0 0 -0.02717 0.018113 0.044853 -0.0048234 -0.00063504 -0.0026654 0 0
0 0 0.23566 0 0 0 0 0 0 0 0 0 0 -0.11541 0.076937 0.19052 -0.020496 -0.0046652 -0.010532 0 0
0 0 0.14705 0 0 0 0 0 0 0 0 0 0 -0.072012 0.048008 0.11888 -0.012804 -0.002311 -0.006823 0 0
-0 -0 -0.058448 0 0 0 0 0 0 0 0 0 0 0.028623 -0.019082 -0.047252 0.0050517 0.00035574 0.0029164 0 0
0 0 0.063835 0 0 0 0 0 0 0 0 0 0 -0.031261 0.020841 0.051607 -0.0055512 -0.00075565 -0.0030575 0 0
0 0 0.31597 0 0 0 0 0 0 0 0 0 0 -0.15474 0.10316 0.25545 -0.027391 -0.007406 -0.013601 0 0
-0 -0 -0.0803 0 0 0 0 0 0 0 0 0 0 0.039324 -0.026216 -0.064918 0.0069291 0.00040592 0.0040334 0 0
0 0 0.065842 0 0 0 0 0 0 0 0 0 0 -0.032244 0.021496 0.05323 -0.0057261 -0.0007856 -0.0031514 0 0
-0 -0 -0.33515 0 0 0 0 0 0 0 0 0 0 0.16413 -0.10942 -0.27095 0.028037 -0.0023281 0.017924 0 0
-0 -0 -0.12764 0 0 0 0 0 0 0 0 0 0 0.062507 -0.041671 -0.10319 0.010969 0.00035985 0.0064993 0 0
-0 -0 -0.030398 0 0 0 0 0 0 0 0 0 0 0.014887 -0.0099244 -0.024575 0.0026322 0.00022523 0.0015035 0 0
0 0 0.0069496 0 0 0 0 0 0 0 0 0 0 -0.0034033 0.0022689 0.0056184 -0.000603 -6.3712e-05 -0.00033954 0 0
0 0 0.19307 0 0 0 0 0 0 0 0 0 0 -0.09455 0.063033 0.15609 -0.016807 -0.0034448 -0.0087898 0 0
0 0 0.20432 0 0 0 0 0 0 0 0 0 0 -0.10006 0.066707 0.16518 -0.017784 -0.0037514 -0.0092575 0 0
0 0 0.18386 0 0 0 0 0 0 0 0 0 0 -0.090041 0.060027 0.14864 -0.016007 -0.0032026 -0.0084032 0 0
-0 -0 -0.063003 0 0 0 0 0 0 0 0 0 0 0.030854 -0.020569 -0.050935 0.0054436 0.00036993 0.0031481 0 0
-0 -0 -0.026157 0 0 0 0 0 0 0 0 0 0 0.012809 -0.0085396 -0.021146 0.0022655 0.00019903 0.001292 0 0
-0 -0 -0.19255 0 0 0 0 0 0 0 0 0 0 0.094298 -0.062865 -0.15567 0.016436 -4.7359e-05 0.009975 0 0
-0 -0 -0.23159 0 0 0 0 0 0 0 0 0 0 0.11342 -0.075611 -0.18723 0.019673 -0.00048323 0.012112 0 0
0 0 0.093733 0 0 0 0 0 0 0 0 0 0 -0.045903 0.030602 0.075778 -0.0081572 -0.0012406 -0.0044403 0 0
-0 -0 -0.0040655 0 0 0 0 0 0 0 0 0 0 0.0019909 -0.0013273 -0.0032867 0.00035256 3.5165e-05 0.00019936 0 0
-0 -0 -0.32539 0 0 0 0 0 0 0 0 0 0 0.15935 -0.10623 -0.26306 0.027265 -0.0021119 0.017369 0 0
-0 -0 -0.11471 0 0 0 0 0 0 0 0 0 0 0.056175 -0.03745 -0.092736 0.0098698 0.00039346 0.0058198 0 0
-0 -0 -0.27559 0 0 0 0 0 0 0 0 0 0 0.13496 -0.089975 -0.2228 0.023269 -0.0011454 0.014558 0 0
-0 -0 -0.33038 0 0 0 0 0 0 0 0 0 0 0.16179 -0.10786 -0.2671 0.02766 -0.0022214 0.017652 0 0
0 0 0.24649 0 0 0 0 0 0 0 0 0 0 -0.12071 0.080474 0.19927 -0.021432 -0.0050016 -0.010962 0 0
-0 -0 -0.23137 0 0 0 0 0 0 0 0 0 0 0.1133 -0.075536 -0.18705 0.019654 -0.00048027 0.0121 0 0
-0 -0 -0.32005 0 0 0 0 0 0 0 0 0 0 0.15674 -0.10449 -0.25875 0.02684 -0.0019973 0.017065 0 0
0 0 0.15552 0 0 0 0 0 0 0 0 0 0 -0.076161 0.050774 0.12573 -0.013542 -0.0025052 -0.0071914 0 0
-0 -0 -0.0011218 0 0 0 0 0 0 0 0 0 0 0.00054934 -0.00036623 -0.00090688 9.7294e-05 9.8581e-06 5.4955e-05 0 0
-0 -0 -0.045059 0 0 0 0 0 0 0 0 0 0 0.022066 -0.014711 -0.036428 0.0038981 0.00030271 0.002239 0 0
-0 -0 -0.31716 0 0 0 0 0 0 0 0 0 0 0.15532 -0.10355 -0.25641 0.02661 -0.0019364 0.016901 0 0
0 0 0.18392 0 0 0 0 0 0 0 0 0 0 -0.090068 0.060045 0.14869 -0.016012 -0.003204 -0.0084055 0 0
0 0 0.19666 0 0 0 0 0 0 0 0 0 0 -0.096311 0.064207 0.15899 -0.017119 -0.0035415 -0.0089398 0 0
0 0 0.076037 0 0 0 0 0 0 0 0 0 0 -0.037237 0.024824 0.061472 -0.0066145 -0.00094349 -0.0036257 0 0
0 0 0.045428 0 0 0 0 0 0 0 0 0 0 -0.022247 0.014831 0.036726 -0.0039481 -0.00049857 -0.0021902 0 0
-0 -0 -0.2245 0 0 0 0 0 0 0 0 0 0 0.10994 -0.073294 -0.1815 0.019088 -0.00039338 0.011721 0 0
-0 -0 -0.059942 0 0 0 0 0 0 0 0 0 0 0.029355 -0.01957 -0.04846 0.0051803 0.00036061 0.0029924 0 0
0 0 0.14972 0 0 0 0 0 0 0 0 0 0 -0.073319 0.04888 0.12104 -0.013037 -0.0023714 -0.0069394 0 0
0 0 0.097637 0 0 0 0 0 0 0 0 0 0 -0.047814 0.031876 0.078934 -0.0084975 -0.00131 -0.0046184 0 0
-0 -0 -0.32826 0 0 0 0 0 0 0 0 0 0 0.16076 -0.10717 -0.26538 0.027492 -0.0021746 0.017532 0 0
-0 -0 -0.16192 0 0 0 0 0 0 0 0 0 0 0.079297 -0.052865 -0.13091 0.013868 0.0001943 0.0083222 0 0
-0 -0 -0.25281 0 0 0 0 0 0 0 0 0 0 0.12381 -0.082537 -0.20438 0.021414 -0.00077995 0.013287 0 0
-0 -0 -0.33523 0 0 0 0 0 0 0 0 0 0 0.16417 -0.10944 -0.27101 0.028043 -0.0023298 0.017928 0 0
-0 -0 -0.25139 0 0 0 0 0 0 0 0 0 0 0.12311 -0.082073 -0.20323 0.021298 -0.00075875 0.013208 0 0
0 0 0.26531 0 0 0 0 0 0 0 0 0 0 -0.12993 0.08662 0.21449 -0.023053 -0.0056109 -0.011699 0 0
0 0 0.3371 0 0 0 0 0 0 0 0 0 0 -0.16508 0.11006 0.27253 -0.029187 -0.0082206 -0.01436 0 0
-0 -0 -0.075388 0 0 0 0 0 0 0 0 0 0 0.036919 -0.024613 -0.060947 0.0065077 0.00039857 0.0037811 0 0
-0 -0 -0.18125 0 0 0 0 0 0 0 0 0 0 0.08876 -0.059173 -0.14653 0.01549 5.215e-05 0.0093622 0 0
0 0 0.045154 0 0 0 0 0 0 0 0 0 0 -0.022113 0.014742 0.036505 -0.0039243 -0.00049499 -0.0021772 0 0
-0 -0 -0.17574 0 0 0 0 0 0 0 0 0 0 0.086063 -0.057375 -0.14208 0.015029 9.6245e-05 0.0090649 0 0
0 0 0.26435 0 0 0 0 0 0 0 0 0 0 -0.12946 0.086304 0.21371 -0.02297 -0.0055789 -0.011661 0 0
0 0 0.1399 0 0 0 0 0 0 0 0 0 0 -0.068511 0.045674 0.1131 -0.012181 -0.0021522 -0.0065098 0 0
0 0 0.095368 0 0 0 0 0 0 0 0 0 0 -0.046704 0.031136 0.0771 -0.0082998 -0.0012695 -0.0045149 0 0
0 0 0.15275 0 0 0 0 0 0 0 0 0 0 -0.074804 0.049869 0.12349 -0.013301 -0.0024409 -0.0070712 0 0
0 0 0.25067 0 0 0 0 0 0 0 0 0 0 -0.12276 0.081838 0.20265 -0.021792 -0.0051341 -0.011127 0 0
0 0 0.07088 0 0 0 0 0 0 0 0 0 0 -0.034711 0.023141 0.057303 -0.0061651 -0.00086241 -0.0033862 0 0
-0 -0 -0.33931 0 0 0 0 0 0 0 0 0 0 0.16617 -0.11078 -0.27431 0.028366 -0.0024229 0.018161 0 0
-0 -0 -0.080526 0 0 0 0 0 0 0 0 0 0 0.039435 -0.02629 -0.065101 0.0069485 0.00040621 0.0040451 0 0
0 0 0.048597 0 0 0 0 0 0 0 0 0 0 -0.023799 0.015866 0.039288 -0.004224 -0.00054057 -0.0023404 0 0
-0 -0 -0.018943 0 0 0 0 0 0 0 0 0 0 0.0092766 -0.0061844 -0.015314 0.0016414 0.00015058 0.00093347 0 0
-0 -0 -0.010879 0 0 0 0 0 0 0 0 0 0 0.0053276 -0.0035517 -0.008795 0.00094308 9.0609e-05 0.00053468 0 0
0 0 0.32186 0 0 0 0 0 0 0 0 0 0 -0.15762 0.10508 0.2602 -0.027892 -0.0076289 -0.013815 0 0
