0 0 0 0.079172 0 0 0 0 0 -0 -0 0.058652 -0.030137 0.043817 0 0
0 0 0 0.11992 0 0 0 0 0 -0 -0 0.088839 -0.045648 0.066369 0 0
-0 -0 -0 0.15487 0 0 0 0 0 -0 -0 0.11473 -0.058953 0.085713 0 0
-0 -0 -0 0.050289 0 0 0 0 0 -0 -0 0.037255 -0.019143 0.027832 0 0
-0 -0 -0 0.10472 0 0 0 0 0 -0 -0 0.077582 -0.039863 0.057959 0 0
-0 -0 -0 0.11538 0 0 0 0 0 -0 -0 0.085478 -0.043921 0.063858 0 0
-0 -0 -0 0.17383 0 0 0 0 0 -0 -0 0.12878 -0.066169 0.096205 0 0
-0 -0 -0 0.020977 0 0 0 0 0 -0 -0 0.01554 -0.007985 0.01161 0 0
0 0 0 0.13891 0 0 0 0 0 -0 -0 0.10291 -0.052877 0.07688 0 0
0 0 0 0.16602 0 0 0 0 0 -0 -0 0.12299 -0.063195 0.091881 0 0
0 0 0 0.060514 0 0 0 0 0 -0 -0 0.04483 -0.023035 0.033491 0 0
0 0 0 0.12847 0 0 0 0 0 -0 -0 0.095169 -0.0489 0.071098 0 0
0 0 0 0.054523 0 0 0 0 0 -0 -0 0.040391 -0.020754 0.030175 0 0
-0 -0 -0 0.0041468 0 0 0 0 0 -0 -0 0.003072 -0.0015785 0.002295 0 0
-0 -0 -0 0.062416 0 0 0 0 0 -0 -0 0.046239 -0.023759 0.034543 0 0
-0 -0 -0 0.1904 0 0 0 0 0 -0 -0 0.14105 -0.072475 0.10537 0 0
0 0 0 0.10444 0 0 0 0 0 -0 -0 0.07737 -0.039755 0.0578 0 0
-0 -0 -0 0.19048 0 0 0 0 0 -0 -0 0.14111 -0.072505 0.10542 0 0
-0 -0 -0 0.16287 0 0 0 0 0 -0 -0 0.12066 -0.061998 0.090141 0 0
-0 -0 -0 0.081295 0 0 0 0 0 -0 -0 0.060225 -0.030945 0.044992 0 0
0 0 0 0.059648 0 0 0 0 0 -0 -0 0.044188 -0.022705 0.033012 0 0
-0 -0 -0 0.049398 0 0 0 0 0 -0 -0 0.036595 -0.018803 0.027339 0 0
0 0 0 0.0013576 0 0 0 0 0 -0 -0 0.0010057 -0.00051676 0.00075133 0 0
0 0 0 0.14525 0 0 0 0 0 -0 -0 0.10761 -0.055291 0.080389 0 0
0 0 0 0.12942 0 0 0 0 0 -0 -0 0.095874 -0.049263 0.071625 0 0
0 0 0 0.1818 0 0 0 0 0 -0 -0 0.13468 -0.069204 0.10062 0 0
0 0 0 0.024972 0 0 0 0 0 -0 -0 0.0185 -0.0095056 0.01382 0 0
-0 -0 -0 0.089107 0 0 0 0 0 -0 -0 0.066012 -0.033919 0.049315 0 0
-0 -0 -0 0.010974 0 0 0 0 0 -0 -0 0.0081301 -0.0041774 0.0060737 0 0
0 0 0 0.041807 0 0 0 0 0 -0 -0 0.030971 -0.015914 0.023138 0 0
-0 -0 -0 0.091145 0 0 0 0 0 -0 -0 0.067522 -0.034694 0.050443 0 0
0 0 0 0.0056686 0 0 0 0 0 -0 -0 0.0041994 -0.0021577 0.0031372 0 0
-0 -0 -0 0.074239 0 0 0 0 0 -0 -0 0.054998 -0.028259 0.041087 0 0
-0 -0 -0 0.18256 0 0 0 0 0 -0 -0 0.13525 -0.069493 0.10104 0 0
-0 -0 -0 0.090815 0 0 0 0 0 -0 -0 0.067277 -0.034569 0.050261 0 0
0 0 0 0.17593 0 0 0 0 0 -0 -0 0.13033 -0.066969 0.097369 0 0
0 0 0 0.00016734 0 0 0 0 0 -0 -0 0.00012397 -6.3697e-05 9.2611e-05 0 0
0 0 0 0.18833 0 0 0 0 0 -0 -0 0.13952 -0.071689 0.10423 0 0
0 0 0 0.10178 0 0 0 0 0 -0 -0 0.075402 -0.038743 0.05633 0 0
-0 -0 -0 0.0088773 0 0 0 0 0 -0 -0 0.0065765 -0.0033792 0.0049131 0 0
0 0 0 0.19364 0 0 0 0 0 -0 -0 0.14345 -0.07371 0.10717 0 0
0 0 0 0.13131 0 0 0 0 0 -0 -0 0.097279 -0.049984 0.072674 0 0
-0 -0 -0 0.12033 0 0 0 0 0 -0 -0 0.089141 -0.045803 0.066594 0 0
-0 -0 -0 0.12037 0 0 0 0 0 -0 -0 0.089173 -0.045819 0.066618 0 0
0 0 0 0.044115 0 0 0 0 0 -0 -0 0.032681 -0.016792 0.024415 0 0
-0 -0 -0 0.032347 0 0 0 0 0 -0 -0 0.023963 -0.012313 0.017902 0 0
-0 -0 -0 0.1705 0 0 0 0 0 -0 -0 0.12631 -0.064901 0.094362 0 0
-0 -0 -0 0.15701 0 0 0 0 0 -0 -0 0.11632 -0.059767 0.086898 0 0
0 0 0 0.15894 0 0 0 0 0 -0 -0 0.11775 -0.060501 0.087964 0 0
0 0 0 0.10109 0 0 0 0 0 -0 -0 0.074886 -0.038479 0.055945 0 0
0 0 0 0.19131 0 0 0 0 0 -0 -0 0.14172 -0.072821 0.10588 0 0
-0 -0 -0 0.15695 0 0 0 0 0 -0 -0 0.11627 -0.059742 0.086861 0 0
-0 -0 -0 0.17339 0 0 0 0 0 -0 -0 0.12845 -0.066 0.095959 0 0
0 0 0 0.057721 0 0 0 0 0 -0 -0 0.042761 -0.021972 0.031945 0 0
-0 -0 -0 0.018732 0 0 0 0 0 -0 -0 0.013877 -0.0071302 0.010367 0 0
-0 -0 -0 0.11487 0 0 0 0 0 -0 -0 0.085099 -0.043726 0.063575 0 0
0 0 0 0.15399 0 0 0 0 0 -0 -0 0.11408 -0.058617 0.085224 0 0
0 0 0 0.17772 0 0 0 0 0 -0 -0 0.13166 -0.06765 0.098358 0 0
-0 -0 -0 0.13841 0 0 0 0 0 -0 -0 0.10254 -0.052685 0.076601 0 0
-0 -0 -0 0.15531 0 0 0 0 0 -0 -0 0.11506 -0.059119 0.085956 0 0
-0 -0 -0 0.0029005 0 0 0 0 0 -0 -0 0.0021487 -0.0011041 0.0016052 0 0
-0 -0 -0 0.16316 0 0 0 0 0 -0 -0 0.12087 -0.062106 0.090298 0 0
0 0 0 0.12517 0 0 0 0 0 -0 -0 0.092728 -0.047646 0.069274 0 0
-0 -0 -0 0.047251 0 0 0 0 0 -0 -0 0.035004 -0.017986 0.02615 0 0
0 0 0 0.11033 0 0 0 0 0 -0 -0 0.081737 -0.041999 0.061063 0 0
-0 -0 -0 0.18491 0 0 0 0 0 -0 -0 0.13699 -0.070387 0.10234 0 0
-0 -0 -0 0.10834 0 0 0 0 0 -0 -0 0.080259 -0.041239 0.059958 0 0
-0 -0 -0 0.12625 0 0 0 0 0 -0 -0 0.09353 -0.048058 0.069873 0 0
0 0 0 0.12901 0 0 0 0 0 -0 -0 0.095572 -0.049108 0.071399 0 0
0 0 0 0.026391 0 0 0 0 0 -0 -0 0.019551 -0.010046 0.014606 0 0
-0 -0 -0 0.086841 0 0 0 0 0 -0 -0 0.064333 -0.033056 0.048061 0 0
0 0 0 0.09179 0 0 0 0 0 -0 -0 0.068 -0.03494 0.0508 0 0
0 0 0 0.094408 0 0 0 0 0 -0 -0 0.069939 -0.035937 0.052249 0 0
-0 -0 -0 0.15315 0 0 0 0 0 -0 -0 0.11346 -0.058297 0.08476 0 0
0 0 0 0.16665 0 0 0 0 0 -0 -0 0.12346 -0.063436 0.092231 0 0
-0 -0 -0 0.10754 0 0 0 0 0 -0 -0 0.079664 -0.040933 0.059514 0 0
-0 -0 -0 0.13178 0 0 0 0 0 -0 -0 0.097622 -0.050161 0.07293 0 0
-0 -0 -0 0.01631 0 0 0 0 0 -0 -0 0.012082 -0.0062082 0.0090264 0 0
-0 -0 -0 0.099353 0 0 0 0 0 -0 -0 0.073603 -0.037819 0.054986 0 0
-0 -0 -0 0.15676 0 0 0 0 0 -0 -0 0.11613 -0.059672 0.086759 0 0
0 0 0 0.02495 0 0 0 0 0 -0 -0 0.018483 -0.0094971 0.013808 0 0
-0 -0 -0 0.16758 0 0 0 0 0 -0 -0 0.12414 -0.063789 0.092744 0 0
-0 -0 -0 0.048014 0 0 0 0 0 -0 -0 0.03557 -0.018277 0.026573 0 0
0 0 0 0.1218 0 0 0 0 0 -0 -0 0.090235 -0.046365 0.067411 0 0
-0 -0 -0 0.0083294 0 0 0 0 0 -0 -0 0.0061706 -0.0031706 0.0046098 0 0
0 0 0 0.088768 0 0 0 0 0 -0 -0 0.065761 -0.03379 0.049128 0 0
0 0 0 0.051615 0 0 0 0 0 -0 -0 0.038237 -0.019647 0.028566 0 0
0 0 0 0.096955 0 0 0 0 0 -0 -0 0.071826 -0.036906 0.053659 0 0
0 0 0 0.12366 0 0 0 0 0 -0 -0 0.091612 -0.047073 0.06844 0 0
0 0 0 0.11469 0 0 0 0 0 -0 -0 0.084962 -0.043656 0.063472 0 0
0 0 0 0.084566 0 0 0 0 0 -0 -0 0.062648 -0.03219 0.046802 0 0
0 0 0 0.039758 0 0 0 0 0 -0 -0 0.029453 -0.015134 0.022003 0 0
-0 -0 -0 0.082537 0 0 0 0 0 -0 -0 0.061145 -0.031418 0.045679 0 0
0 0 0 0.12234 0 0 0 0 0 -0 -0 0.090634 -0.04657 0.067709 0 0
0 0 0 0.19418 0 0 0 0 0 -0 -0 0.14386 -0.073916 0.10747 0 0
0 0 0 0.05101 0 0 0 0 0 -0 -0 0.037789 -0.019417 0.028231 0 0
-0 -0 -0 0.023081 0 0 0 0 0 -0 -0 0.017098 -0.0087856 0.012774 0 0
-0 -0 -0 0.04154 0 0 0 0 0 -0 -0 0.030773 -0.015812 0.02299 0 0
-0 -0 -0 0.094802 0 0 0 0 0 -0 -0 0.070231 -0.036086 0.052467 0 0
0 0 0 0.074372 0 0 0 0 0 -0 -0 0.055096 -0.02831 0.041161 0 0
