0 0 0.087697 0 0 0 0 0 0 0 0 0 0 -0.03694 0.035712 0.071069 0 0 0 0 0
0 0 0.22592 0 0 0 0 0 0 0 0 0 0 -0.095163 0.091999 0.18308 0 0 0 0 0
-0 -0 -0.31134 0 0 0 0 0 0 0 0 0 0 0.13114 -0.12678 -0.25231 0 0 0 0 0
-0 -0 -0.11795 0 0 0 0 0 0 0 0 0 0 0.049684 -0.048032 -0.095587 0 0 0 0 0
0 0 0.069637 0 0 0 0 0 0 0 0 0 0 -0.029333 0.028357 0.056433 0 0 0 0 0
0 0 0.24786 0 0 0 0 0 0 0 0 0 0 -0.10441 0.10093 0.20087 0 0 0 0 0
-0 -0 -0.056186 0 0 0 0 0 0 0 0 0 0 0.023667 -0.02288 -0.045533 0 0 0 0 0
0 0 0.24011 0 0 0 0 0 0 0 0 0 0 -0.10114 0.097776 0.19458 0 0 0 0 0
0 0 0.30058 0 0 0 0 0 0 0 0 0 0 -0.12661 0.1224 0.24359 0 0 0 0 0
0 0 0.09653 0 0 0 0 0 0 0 0 0 0 -0.040661 0.039309 0.078228 0 0 0 0 0
0 0 0.23406 0 0 0 0 0 0 0 0 0 0 -0.09859 0.095312 0.18968 0 0 0 0 0
-0 -0 -0.2607 0 0 0 0 0 0 0 0 0 0 0.10981 -0.10616 -0.21127 0 0 0 0 0
0 0 0.050413 0 0 0 0 0 0 0 0 0 0 -0.021235 0.020529 0.040855 0 0 0 0 0
0 0 0.15492 0 0 0 0 0 0 0 0 0 0 -0.065256 0.063086 0.12555 0 0 0 0 0
-0 -0 -0.19107 0 0 0 0 0 0 0 0 0 0 0.080485 -0.077809 -0.15485 0 0 0 0 0
-0 -0 -0.32228 0 0 0 0 0 0 0 0 0 0 0.13575 -0.13124 -0.26117 0 0 0 0 0
0 0 0.29173 0 0 0 0 0 0 0 0 0 0 -0.12288 0.1188 0.23642 0 0 0 0 0
-0 -0 -0.22668 0 0 0 0 0 0 0 0 0 0 0.095483 -0.092308 -0.1837 0 0 0 0 0
-0 -0 -0.33573 0 0 0 0 0 0 0 0 0 0 0.14142 -0.13671 -0.27207 0 0 0 0 0
0 0 0.045586 0 0 0 0 0 0 0 0 0 0 -0.019202 0.018563 0.036942 0 0 0 0 0
-0 -0 -0.25789 0 0 0 0 0 0 0 0 0 0 0.10863 -0.10502 -0.20899 0 0 0 0 0
-0 -0 -0.34323 0 0 0 0 0 0 0 0 0 0 0.14458 -0.13977 -0.27816 0 0 0 0 0
0 0 0.33011 0 0 0 0 0 0 0 0 0 0 -0.13905 0.13443 0.26752 0 0 0 0 0
0 0 0.20664 0 0 0 0 0 0 0 0 0 0 -0.087043 0.084149 0.16746 0 0 0 0 0
-0 -0 -0.25896 0 0 0 0 0 0 0 0 0 0 0.10908 -0.10545 -0.20986 0 0 0 0 0
0 0 0.18182 0 0 0 0 0 0 0 0 0 0 -0.076586 0.07404 0.14734 0 0 0 0 0
-0 -0 -0.26826 0 0 0 0 0 0 0 0 0 0 0.113 -0.10924 -0.2174 0 0 0 0 0
0 0 0.28128 0 0 0 0 0 0 0 0 0 0 -0.11848 0.11454 0.22795 0 0 0 0 0
0 0 0.21319 0 0 0 0 0 0 0 0 0 0 -0.0898 0.086814 0.17277 0 0 0 0 0
-0 -0 -0.31518 0 0 0 0 0 0 0 0 0 0 0.13276 -0.12835 -0.25542 0 0 0 0 0
0 0 0.25593 0 0 0 0 0 0 0 0 0 0 -0.1078 0.10422 0.20741 0 0 0 0 0
-0 -0 -0.18771 0 0 0 0 0 0 0 0 0 0 0.079067 -0.076438 -0.15212 0 0 0 0 0
-0 -0 -0.085922 0 0 0 0 0 0 0 0 0 0 0.036192 -0.034989 -0.069631 0 0 0 0 0
-0 -0 -0.12315 0 0 0 0 0 0 0 0 0 0 0.051874 -0.050149 -0.0998 0 0 0 0 0
0 0 0.22858 0 0 0 0 0 0 0 0 0 0 -0.096282 0.09308 0.18524 0 0 0 0 0
-0 -0 -0.078863 0 0 0 0 0 0 0 0 0 0 0.033219 -0.032114 -0.06391 0 0 0 0 0
-0 -0 -0.024106 0 0 0 0 0 0 0 0 0 0 0.010154 -0.0098163 -0.019535 0 0 0 0 0
-0 -0 -0.042275 0 0 0 0 0 0 0 0 0 0 0.017807 -0.017215 -0.034259 0 0 0 0 0
-0 -0 -0.193 0 0 0 0 0 0 0 0 0 0 0.081297 -0.078594 -0.15641 0 0 0 0 0
0 0 0.25547 0 0 0 0 0 0 0 0 0 0 -0.10761 0.10403 0.20703 0 0 0 0 0
0 0 0.16019 0 0 0 0 0 0 0 0 0 0 -0.067477 0.065233 0.12982 0 0 0 0 0
-0 -0 -0.34472 0 0 0 0 0 0 0 0 0 0 0.14521 -0.14038 -0.27936 0 0 0 0 0
-0 -0 -0.12744 0 0 0 0 0 0 0 0 0 0 0.053682 -0.051897 -0.10328 0 0 0 0 0
0 0 0.067725 0 0 0 0 0 0 0 0 0 0 -0.028527 0.027579 0.054884 0 0 0 0 0
0 0 0.12706 0 0 0 0 0 0 0 0 0 0 -0.053523 0.051743 0.10297 0 0 0 0 0
0 0 0.0023662 0 0 0 0 0 0 0 0 0 0 -0.00099671 0.00096357 0.0019176 0 0 0 0 0
0 0 0.31375 0 0 0 0 0 0 0 0 0 0 -0.13216 0.12777 0.25426 0 0 0 0 0
0 0 0.0044866 0 0 0 0 0 0 0 0 0 0 -0.0018899 0.001827 0.0036359 0 0 0 0 0
0 0 0.067317 0 0 0 0 0 0 0 0 0 0 -0.028356 0.027413 0.054553 0 0 0 0 0
0 0 0.34635 0 0 0 0 0 0 0 0 0 0 -0.14589 0.14104 0.28068 0 0 0 0 0
-0 -0 -0.22271 0 0 0 0 0 0 0 0 0 0 0.093811 -0.090692 -0.18048 0 0 0 0 0
0 0 0.20683 0 0 0 0 0 0 0 0 0 0 -0.087122 0.084225 0.16761 0 0 0 0 0
-0 -0 -0.14553 0 0 0 0 0 0 0 0 0 0 0.061302 -0.059264 -0.11794 0 0 0 0 0
-0 -0 -0.042668 0 0 0 0 0 0 0 0 0 0 0.017973 -0.017375 -0.034578 0 0 0 0 0
0 0 0.24121 0 0 0 0 0 0 0 0 0 0 -0.1016 0.098224 0.19547 0 0 0 0 0
0 0 0.23425 0 0 0 0 0 0 0 0 0 0 -0.09867 0.09539 0.18983 0 0 0 0 0
-0 -0 -0.1865 0 0 0 0 0 0 0 0 0 0 0.07856 -0.075948 -0.15114 0 0 0 0 0
-0 -0 -0.33373 0 0 0 0 0 0 0 0 0 0 0.14058 -0.1359 -0.27045 0 0 0 0 0
-0 -0 -0.14339 0 0 0 0 0 0 0 0 0 0 0.0604 -0.058392 -0.1162 0 0 0 0 0
0 0 0.29072 0 0 0 0 0 0 0 0 0 0 -0.12246 0.11839 0.2356 0 0 0 0 0
0 0 0.25086 0 0 0 0 0 0 0 0 0 0 -0.10567 0.10216 0.2033 0 0 0 0 0
-0 -0 -0.14775 0 0 0 0 0 0 0 0 0 0 0.062235 -0.060165 -0.11973 0 0 0 0 0
-0 -0 -0.27741 0 0 0 0 0 0 0 0 0 0 0.11685 -0.11297 -0.22481 0 0 0 0 0
0 0 0.16651 0 0 0 0 0 0 0 0 0 0 -0.070138 0.067806 0.13494 0 0 0 0 0
0 0 0.085016 0 0 0 0 0 0 0 0 0 0 -0.035811 0.03462 0.068896 0 0 0 0 0
0 0 0.22746 0 0 0 0 0 0 0 0 0 0 -0.095812 0.092626 0.18433 0 0 0 0 0
-0 -0 -0.076115 0 0 0 0 0 0 0 0 0 0 0.032061 -0.030995 -0.061683 0 0 0 0 0
0 0 0.32242 0 0 0 0 0 0 0 0 0 0 -0.13581 0.1313 0.26129 0 0 0 0 0
0 0 0.30174 0 0 0 0 0 0 0 0 0 0 -0.1271 0.12288 0.24453 0 0 0 0 0
0 0 0.074955 0 0 0 0 0 0 0 0 0 0 -0.031573 0.030523 0.060743 0 0 0 0 0
0 0 0.32047 0 0 0 0 0 0 0 0 0 0 -0.13499 0.1305 0.25971 0 0 0 0 0
0 0 0.16669 0 0 0 0 0 0 0 0 0 0 -0.070212 0.067877 0.13508 0 0 0 0 0
0 0 0.015599 0 0 0 0 0 0 0 0 0 0 -0.0065705 0.0063521 0.012641 0 0 0 0 0
0 0 0.2374 0 0 0 0 0 0 0 0 0 0 -0.099999 0.096674 0.19239 0 0 0 0 0
0 0 0.037101 0 0 0 0 0 0 0 0 0 0 -0.015628 0.015108 0.030067 0 0 0 0 0
-0 -0 -0.044215 0 0 0 0 0 0 0 0 0 0 0.018624 -0.018005 -0.035831 0 0 0 0 0
0 0 0.027574 0 0 0 0 0 0 0 0 0 0 -0.011615 0.011229 0.022346 0 0 0 0 0
-0 -0 -0.078495 0 0 0 0 0 0 0 0 0 0 0.033064 -0.031965 -0.063612 0 0 0 0 0
-0 -0 -0.14331 0 0 0 0 0 0 0 0 0 0 0.060365 -0.058357 -0.11614 0 0 0 0 0
0 0 0.21434 0 0 0 0 0 0 0 0 0 0 -0.090284 0.087282 0.1737 0 0 0 0 0
-0 -0 -0.16529 0 0 0 0 0 0 0 0 0 0 0.069625 -0.06731 -0.13395 0 0 0 0 0
0 0 0.26535 0 0 0 0 0 0 0 0 0 0 -0.11177 0.10806 0.21504 0 0 0 0 0
-0 -0 -0.13451 0 0 0 0 0 0 0 0 0 0 0.05666 -0.054776 -0.10901 0 0 0 0 0
0 0 0.089646 0 0 0 0 0 0 0 0 0 0 -0.037761 0.036505 0.072649 0 0 0 0 0
0 0 0.29455 0 0 0 0 0 0 0 0 0 0 -0.12407 0.11995 0.2387 0 0 0 0 0
0 0 0.26309 0 0 0 0 0 0 0 0 0 0 -0.11082 0.10714 0.21321 0 0 0 0 0
0 0 0.2024 0 0 0 0 0 0 0 0 0 0 -0.085256 0.082421 0.16403 0 0 0 0 0
0 0 0.21458 0 0 0 0 0 0 0 0 0 0 -0.090388 0.087383 0.1739 0 0 0 0 0
0 0 0.33285 0 0 0 0 0 0 0 0 0 0 -0.1402 0.13554 0.26974 0 0 0 0 0
0 0 0.29068 0 0 0 0 0 0 0 0 0 0 -0.12244 0.11837 0.23556 0 0 0 0 0
0 0 0.19543 0 0 0 0 0 0 0 0 0 0 -0.082322 0.079585 0.15838 0 0 0 0 0
0 0 0.21875 0 0 0 0 0 0 0 0 0 0 -0.092145 0.089081 0.17728 0 0 0 0 0
0 0 0.10674 0 0 0 0 0 0 0 0 0 0 -0.04496 0.043465 0.086499 0 0 0 0 0
0 0 0.0051738 0 0 0 0 0 0 0 0 0 0 -0.0021793 0.0021069 0.0041928 0 0 0 0 0
0 0 0.077338 0 0 0 0 0 0 0 0 0 0 -0.032577 0.031493 0.062674 0 0 0 0 0
-0 -0 -0.34182 0 0 0 0 0 0 0 0 0 0 0.14398 -0.13919 -0.27701 0 0 0 0 0
-0 -0 -0.20422 0 0 0 0 0 0 0 0 0 0 0.086023 -0.083162 -0.1655 0 0 0 0 0
-0 -0 -0.33744 0 0 0 0 0 0 0 0 0 0 0.14214 -0.13741 -0.27346 0 0 0 0 0
0 0 0.21261 0 0 0 0 0 0 0 0 0 0 -0.089557 0.086579 0.1723 0 0 0 0 0
0 0 0.18065 0 0 0 0 0 0 0 0 0 0 -0.076095 0.073565 0.1464 0 0 0 0 0
