-0 -0 -0 0.051742 0 0 0 0 0 -0 0 0.044137 -0.0038395 0.026728 0 0
-0 -0 -0 0.14159 0 0 0 0 0 -0 0 0.12078 -0.010507 0.073138 0 0
-0 -0 -0 0.092106 0 0 0 0 0 -0 0 0.078569 -0.0068348 0.047578 0 0
0 0 0 0.057764 0 0 0 0 0 -0 0 0.049274 -0.0042864 0.029839 0 0
-0 -0 -0 0.050306 0 0 0 0 0 -0 0 0.042912 -0.003733 0.025986 0 0
-0 -0 -0 0.13805 0 0 0 0 0 -0 0 0.11776 -0.010244 0.071312 0 0
-0 -0 -0 0.016968 0 0 0 0 0 -0 0 0.014475 -0.0012592 0.0087652 0 0
0 0 0 0.027649 0 0 0 0 0 -0 0 0.023586 -0.0020518 0.014283 0 0
0 0 0 0.19471 0 0 0 0 0 -0 0 0.16609 -0.014449 0.10058 0 0
-0 -0 -0 0.18457 0 0 0 0 0 -0 0 0.15744 -0.013696 0.09534 0 0
-0 -0 -0 0.11057 0 0 0 0 0 -0 0 0.094321 -0.0082052 0.057118 0 0
-0 -0 -0 0.091235 0 0 0 0 0 -0 0 0.077826 -0.0067702 0.047129 0 0
-0 -0 -0 0.11574 0 0 0 0 0 -0 0 0.098732 -0.0085888 0.059789 0 0
0 0 0 0.10644 0 0 0 0 0 -0 0 0.090794 -0.0078983 0.054982 0 0
-0 -0 -0 0.045258 0 0 0 0 0 -0 0 0.038607 -0.0033584 0.023379 0 0
-0 -0 -0 0.0015268 0 0 0 0 0 -0 0 0.0013024 -0.0001133 0.00078867 0 0
0 0 0 0.09036 0 0 0 0 0 -0 0 0.077079 -0.0067052 0.046676 0 0
-0 -0 -0 0.19774 0 0 0 0 0 -0 0 0.16868 -0.014673 0.10214 0 0
0 0 0 0.0004069 0 0 0 0 0 -0 0 0.0003471 -3.0195e-05 0.00021019 0 0
-0 -0 -0 0.097093 0 0 0 0 0 -0 0 0.082823 -0.0072049 0.050155 0 0
0 0 0 0.092039 0 0 0 0 0 -0 0 0.078511 -0.0068298 0.047544 0 0
0 0 0 0.17201 0 0 0 0 0 -0 0 0.14673 -0.012764 0.088856 0 0
-0 -0 -0 0.18168 0 0 0 0 0 -0 0 0.15498 -0.013482 0.093847 0 0
-0 -0 -0 0.065484 0 0 0 0 0 -0 0 0.05586 -0.0048593 0.033827 0 0
0 0 0 0.066525 0 0 0 0 0 -0 0 0.056748 -0.0049366 0.034365 0 0
0 0 0 0.017455 0 0 0 0 0 -0 0 0.014889 -0.0012952 0.0090164 0 0
0 0 0 0.0039116 0 0 0 0 0 -0 0 0.0033367 -0.00029026 0.0020206 0 0
-0 -0 -0 0.19834 0 0 0 0 0 -0 0 0.16919 -0.014718 0.10245 0 0
-0 -0 -0 0.16282 0 0 0 0 0 -0 0 0.13889 -0.012082 0.084106 0 0
0 0 0 0.060627 0 0 0 0 0 -0 0 0.051717 -0.0044989 0.031318 0 0
-0 -0 -0 0.14303 0 0 0 0 0 -0 0 0.12201 -0.010614 0.073886 0 0
0 0 0 0.026842 0 0 0 0 0 -0 0 0.022897 -0.0019918 0.013865 0 0
-0 -0 -0 0.062229 0 0 0 0 0 -0 0 0.053083 -0.0046178 0.032145 0 0
-0 -0 -0 0.12442 0 0 0 0 0 -0 0 0.10613 -0.0092326 0.06427 0 0
0 0 0 0.14035 0 0 0 0 0 -0 0 0.11972 -0.010414 0.072497 0 0
0 0 0 0.043512 0 0 0 0 0 -0 0 0.037117 -0.0032289 0.022477 0 0
-0 -0 -0 0.0010015 0 0 0 0 0 -0 0 0.00085431 -7.4317e-05 0.00051734 0 0
-0 -0 -0 0.079117 0 0 0 0 0 -0 0 0.067489 -0.005871 0.040869 0 0
0 0 0 0.057983 0 0 0 0 0 -0 0 0.049461 -0.0043027 0.029952 0 0
-0 -0 -0 0.075237 0 0 0 0 0 -0 0 0.06418 -0.0055831 0.038865 0 0
0 0 0 0.14194 0 0 0 0 0 -0 0 0.12108 -0.010533 0.073319 0 0
0 0 0 0.099722 0 0 0 0 0 -0 0 0.085066 -0.0074 0.051513 0 0
0 0 0 0.18391 0 0 0 0 0 -0 0 0.15688 -0.013647 0.095 0 0
-0 -0 -0 0.1683 0 0 0 0 0 -0 0 0.14357 -0.012489 0.086939 0 0
0 0 0 0.072058 0 0 0 0 0 -0 0 0.061468 -0.0053472 0.037223 0 0
-0 -0 -0 0.00024299 0 0 0 0 0 -0 0 0.00020728 -1.8032e-05 0.00012552 0 0
0 0 0 0.14783 0 0 0 0 0 -0 0 0.1261 -0.01097 0.076362 0 0
-0 -0 -0 0.053256 0 0 0 0 0 -0 0 0.045429 -0.0039519 0.02751 0 0
0 0 0 0.10398 0 0 0 0 0 -0 0 0.088701 -0.0077162 0.053714 0 0
0 0 0 0.086275 0 0 0 0 0 -0 0 0.073595 -0.0064021 0.044567 0 0
0 0 0 0.1625 0 0 0 0 0 -0 0 0.13862 -0.012058 0.083941 0 0
0 0 0 0.061753 0 0 0 0 0 -0 0 0.052677 -0.0045825 0.0319 0 0
-0 -0 -0 0.14954 0 0 0 0 0 -0 0 0.12756 -0.011097 0.077246 0 0
-0 -0 -0 0.038189 0 0 0 0 0 -0 0 0.032576 -0.0028339 0.019727 0 0
-0 -0 -0 0.1492 0 0 0 0 0 -0 0 0.12727 -0.011072 0.077072 0 0
-0 -0 -0 0.1046 0 0 0 0 0 -0 0 0.089225 -0.0077618 0.054031 0 0
-0 -0 -0 0.11513 0 0 0 0 0 -0 0 0.098209 -0.0085434 0.059472 0 0
-0 -0 -0 0.0483 0 0 0 0 0 -0 0 0.041201 -0.0035841 0.02495 0 0
-0 -0 -0 0.063829 0 0 0 0 0 -0 0 0.054448 -0.0047365 0.032971 0 0
-0 -0 -0 0.078785 0 0 0 0 0 -0 0 0.067205 -0.0058463 0.040697 0 0
-0 -0 -0 0.17792 0 0 0 0 0 -0 0 0.15177 -0.013203 0.091908 0 0
0 0 0 0.10677 0 0 0 0 0 -0 0 0.091081 -0.0079233 0.055155 0 0
-0 -0 -0 0.0029081 0 0 0 0 0 -0 0 0.0024807 -0.0002158 0.0015022 0 0
0 0 0 0.12414 0 0 0 0 0 -0 0 0.10589 -0.0092117 0.064125 0 0
-0 -0 -0 0.029109 0 0 0 0 0 -0 0 0.024831 -0.00216 0.015036 0 0
0 0 0 0.080769 0 0 0 0 0 -0 0 0.068899 -0.0059936 0.041722 0 0
0 0 0 0.033255 0 0 0 0 0 -0 0 0.028367 -0.0024677 0.017178 0 0
0 0 0 0.19658 0 0 0 0 0 -0 0 0.16769 -0.014588 0.10155 0 0
-0 -0 -0 0.055293 0 0 0 0 0 -0 0 0.047167 -0.0041031 0.028562 0 0
-0 -0 -0 0.066973 0 0 0 0 0 -0 0 0.05713 -0.0049698 0.034596 0 0
-0 -0 -0 0.067837 0 0 0 0 0 -0 0 0.057867 -0.0050339 0.035042 0 0
0 0 0 0.18056 0 0 0 0 0 -0 0 0.15402 -0.013399 0.093271 0 0
-0 -0 -0 0.18451 0 0 0 0 0 -0 0 0.15739 -0.013692 0.095312 0 0
-0 -0 -0 0.059959 0 0 0 0 0 -0 0 0.051146 -0.0044493 0.030972 0 0
0 0 0 0.11972 0 0 0 0 0 -0 0 0.10212 -0.0088839 0.061843 0 0
-0 -0 -0 0.038542 0 0 0 0 0 -0 0 0.032877 -0.00286 0.019909 0 0
0 0 0 0.17247 0 0 0 0 0 -0 0 0.14712 -0.012798 0.089092 0 0
0 0 0 0.16188 0 0 0 0 0 -0 0 0.13809 -0.012012 0.083621 0 0
0 0 0 0.11284 0 0 0 0 0 -0 0 0.096256 -0.0083734 0.058289 0 0
0 0 0 0.054229 0 0 0 0 0 -0 0 0.046259 -0.0040242 0.028013 0 0
-0 -0 -0 0.1298 0 0 0 0 0 -0 0 0.11073 -0.0096322 0.067051 0 0
0 0 0 0.18803 0 0 0 0 0 -0 0 0.1604 -0.013953 0.09713 0 0
0 0 0 0.028065 0 0 0 0 0 -0 0 0.02394 -0.0020826 0.014497 0 0
0 0 0 0.019936 0 0 0 0 0 -0 0 0.017006 -0.0014793 0.010298 0 0
0 0 0 0.096011 0 0 0 0 0 -0 0 0.0819 -0.0071246 0.049596 0 0
0 0 0 0.020721 0 0 0 0 0 -0 0 0.017675 -0.0015376 0.010703 0 0
-0 -0 -0 0.054007 0 0 0 0 0 -0 0 0.04607 -0.0040077 0.027898 0 0
-0 -0 -0 0.026074 0 0 0 0 0 -0 0 0.022242 -0.0019349 0.013469 0 0
-0 -0 -0 0.095412 0 0 0 0 0 -0 0 0.081389 -0.0070801 0.049286 0 0
-0 -0 -0 0.10691 0 0 0 0 0 -0 0 0.0912 -0.0079337 0.055228 0 0
0 0 0 0.028309 0 0 0 0 0 -0 0 0.024148 -0.0021007 0.014623 0 0
0 0 0 0.18823 0 0 0 0 0 -0 0 0.16057 -0.013968 0.097234 0 0
-0 -0 -0 0.16628 0 0 0 0 0 -0 0 0.14184 -0.012339 0.085894 0 0
0 0 0 0.085336 0 0 0 0 0 -0 0 0.072794 -0.0063324 0.044081 0 0
-0 -0 -0 0.1884 0 0 0 0 0 -0 0 0.16071 -0.01398 0.097321 0 0
0 0 0 0.085399 0 0 0 0 0 -0 0 0.072848 -0.0063372 0.044114 0 0
-0 -0 -0 0.064396 0 0 0 0 0 -0 0 0.054931 -0.0047785 0.033264 0 0
0 0 0 0.18666 0 0 0 0 0 -0 0 0.15923 -0.013852 0.096424 0 0
-0 -0 -0 0.062251 0 0 0 0 0 -0 0 0.053102 -0.0046194 0.032157 0 0
-0 -0 -0 0.12239 0 0 0 0 0 -0 0 0.1044 -0.0090819 0.063221 0 0
