-0 -0 -0.022179 0 0 0 0 0 0 0 0 0 0 0.010153 -0.0081813 -0.017942 0.001309 -0.0022403 0.0017623 0 0
-0 -0 -0.076078 0 0 0 0 0 0 0 0 0 0 0.034826 -0.028063 -0.061542 0.0042597 -0.0078524 0.0059912 0 0
-0 -0 -0.28266 0 0 0 0 0 0 0 0 0 0 0.12939 -0.10426 -0.22865 0.012424 -0.031293 0.0213 0 0
0 0 0.010428 0 0 0 0 0 0 0 0 0 0 -0.0047737 0.0038466 0.0084356 -0.00063423 0.0010389 -0.00083264 0 0
-0 -0 -0.081095 0 0 0 0 0 0 0 0 0 0 0.037123 -0.029914 -0.065601 0.0045176 -0.0083866 0.0063807 0 0
0 0 0.054063 0 0 0 0 0 0 0 0 0 0 -0.024749 0.019942 0.043734 -0.0034167 0.005283 -0.0043425 0 0
0 0 0.083675 0 0 0 0 0 0 0 0 0 0 -0.038304 0.030865 0.067688 -0.0054213 0.0080656 -0.0067458 0 0
0 0 0.13423 0 0 0 0 0 0 0 0 0 0 -0.061447 0.049513 0.10858 -0.0090552 0.012626 -0.010882 0 0
0 0 0.15017 0 0 0 0 0 0 0 0 0 0 -0.068744 0.055393 0.12148 -0.010255 0.014012 -0.012193 0 0
0 0 0.060388 0 0 0 0 0 0 0 0 0 0 -0.027644 0.022275 0.04885 -0.003837 0.0058841 -0.0048545 0 0
0 0 0.0076269 0 0 0 0 0 0 0 0 0 0 -0.0034914 0.0028133 0.0061697 -0.00046269 0.00076075 -0.00060873 0 0
-0 -0 -0.25191 0 0 0 0 0 0 0 0 0 0 0.11532 -0.092922 -0.20378 0.011533 -0.027633 0.019127 0 0
0 0 0.19571 0 0 0 0 0 0 0 0 0 0 -0.089593 0.072193 0.15832 -0.013823 0.017834 -0.015954 0 0
0 0 0.26274 0 0 0 0 0 0 0 0 0 0 -0.12027 0.096915 0.21254 -0.019434 0.023066 -0.021516 0 0
-0 -0 -0.28501 0 0 0 0 0 0 0 0 0 0 0.13047 -0.10513 -0.23055 0.012487 -0.031575 0.021464 0 0
-0 -0 -0.10701 0 0 0 0 0 0 0 0 0 0 0.048985 -0.039471 -0.086561 0.0058031 -0.011175 0.0083799 0 0
-0 -0 -0.34481 0 0 0 0 0 0 0 0 0 0 0.15784 -0.12719 -0.27893 0.013868 -0.038843 0.02556 0 0
0 0 0.12246 0 0 0 0 0 0 0 0 0 0 -0.056058 0.045171 0.09906 -0.0081855 0.011586 -0.0099152 0 0
-0 -0 -0.00012297 0 0 0 0 0 0 0 0 0 0 5.6294e-05 -4.5361e-05 -9.9477e-05 7.4077e-06 -1.2307e-05 9.8038e-06 0 0
0 0 0.28678 0 0 0 0 0 0 0 0 0 0 -0.13128 0.10578 0.23198 -0.021548 0.024826 -0.023514 0 0
-0 -0 -0.15578 0 0 0 0 0 0 0 0 0 0 0.07131 -0.057461 -0.12601 0.0080106 -0.016558 0.012083 0 0
-0 -0 -0.23372 0 0 0 0 0 0 0 0 0 0 0.10699 -0.086211 -0.18906 0.010952 -0.025493 0.017823 0 0
0 0 0.24997 0 0 0 0 0 0 0 0 0 0 -0.11443 0.092205 0.20221 -0.018333 0.022106 -0.020455 0 0
-0 -0 -0.2741 0 0 0 0 0 0 0 0 0 0 0.12547 -0.10111 -0.22173 0.012187 -0.030269 0.020699 0 0
-0 -0 -0.29223 0 0 0 0 0 0 0 0 0 0 0.13377 -0.10779 -0.23639 0.012677 -0.032443 0.021968 0 0
0 0 0.039643 0 0 0 0 0 0 0 0 0 0 -0.018148 0.014623 0.032069 -0.0024744 0.0038992 -0.0031783 0 0
-0 -0 -0.25189 0 0 0 0 0 0 0 0 0 0 0.11531 -0.092916 -0.20377 0.011533 -0.027631 0.019126 0 0
0 0 0.33575 0 0 0 0 0 0 0 0 0 0 -0.1537 0.12385 0.2716 -0.026011 0.028212 -0.027584 0 0
-0 -0 -0.021861 0 0 0 0 0 0 0 0 0 0 0.010008 -0.008064 -0.017684 0.0012906 -0.0022079 0.0017371 0 0
-0 -0 -0.15115 0 0 0 0 0 0 0 0 0 0 0.069191 -0.055753 -0.12227 0.007813 -0.01604 0.011735 0 0
0 0 0.29523 0 0 0 0 0 0 0 0 0 0 -0.13515 0.1089 0.23882 -0.022303 0.025429 -0.024217 0 0
0 0 0.20399 0 0 0 0 0 0 0 0 0 0 -0.09338 0.075245 0.16501 -0.014492 0.018505 -0.016639 0 0
-0 -0 -0.13965 0 0 0 0 0 0 0 0 0 0 0.063928 -0.051512 -0.11297 0.0073115 -0.014759 0.010868 0 0
-0 -0 -0.18939 0 0 0 0 0 0 0 0 0 0 0.086696 -0.069859 -0.1532 0.0093684 -0.020363 0.014587 0 0
0 0 0.036438 0 0 0 0 0 0 0 0 0 0 -0.01668 0.013441 0.029476 -0.002268 0.003589 -0.00292 0 0
0 0 0.29005 0 0 0 0 0 0 0 0 0 0 -0.13278 0.10699 0.23463 -0.02184 0.025061 -0.023787 0 0
-0 -0 -0.12427 0 0 0 0 0 0 0 0 0 0 0.056888 -0.04584 -0.10053 0.0066165 -0.013061 0.0097002 0 0
0 0 0.18255 0 0 0 0 0 0 0 0 0 0 -0.083567 0.067338 0.14767 -0.012771 0.016751 -0.014865 0 0
-0 -0 -0.26546 0 0 0 0 0 0 0 0 0 0 0.12152 -0.097922 -0.21474 0.01194 -0.02924 0.02009 0 0
0 0 0.17203 0 0 0 0 0 0 0 0 0 0 -0.078751 0.063457 0.13916 -0.011942 0.015873 -0.013996 0 0
-0 -0 -0.12704 0 0 0 0 0 0 0 0 0 0 0.058156 -0.046862 -0.10277 0.0067437 -0.013366 0.0099111 0 0
0 0 0.12647 0 0 0 0 0 0 0 0 0 0 -0.057894 0.046651 0.10231 -0.0084803 0.011942 -0.010244 0 0
0 0 0.14968 0 0 0 0 0 0 0 0 0 0 -0.068521 0.055214 0.12108 -0.010218 0.01397 -0.012153 0 0
0 0 0.067332 0 0 0 0 0 0 0 0 0 0 -0.030823 0.024837 0.054467 -0.0043035 0.0065398 -0.0054175 0 0
0 0 0.15434 0 0 0 0 0 0 0 0 0 0 -0.070653 0.056931 0.12485 -0.010573 0.014371 -0.012536 0 0
-0 -0 -0.016133 0 0 0 0 0 0 0 0 0 0 0.0073851 -0.0059509 -0.01305 0.00095752 -0.0016255 0.0012831 0 0
0 0 0.046515 0 0 0 0 0 0 0 0 0 0 -0.021293 0.017158 0.037628 -0.0029207 0.004561 -0.0037326 0 0
0 0 0.13342 0 0 0 0 0 0 0 0 0 0 -0.061078 0.049216 0.10793 -0.0089953 0.012555 -0.010815 0 0
0 0 0.068478 0 0 0 0 0 0 0 0 0 0 -0.031347 0.025259 0.055394 -0.0043809 0.0066476 -0.0055104 0 0
-0 -0 -0.21064 0 0 0 0 0 0 0 0 0 0 0.096424 -0.077698 -0.17039 0.010157 -0.022807 0.016148 0 0
0 0 0.29344 0 0 0 0 0 0 0 0 0 0 -0.13433 0.10824 0.23737 -0.022143 0.025302 -0.024068 0 0
-0 -0 -0.2194 0 0 0 0 0 0 0 0 0 0 0.10044 -0.080932 -0.17748 0.010467 -0.023824 0.016787 0 0
0 0 0.26 0 0 0 0 0 0 0 0 0 0 -0.11902 0.095905 0.21032 -0.019197 0.022862 -0.021288 0 0
0 0 0.3204 0 0 0 0 0 0 0 0 0 0 -0.14667 0.11819 0.25919 -0.024591 0.02718 -0.02631 0 0
-0 -0 -0.067674 0 0 0 0 0 0 0 0 0 0 0.030979 -0.024963 -0.054744 0.0038213 -0.0069622 0.0053372 0 0
-0 -0 -0.32128 0 0 0 0 0 0 0 0 0 0 0.14707 -0.11851 -0.25989 0.013377 -0.035962 0.023969 0 0
-0 -0 -0.098865 0 0 0 0 0 0 0 0 0 0 0.045258 -0.036469 -0.079976 0.0054076 -0.010294 0.007754 0 0
-0 -0 -0.14165 0 0 0 0 0 0 0 0 0 0 0.064842 -0.052249 -0.11458 0.0073997 -0.014981 0.011019 0 0
-0 -0 -0.039618 0 0 0 0 0 0 0 0 0 0 0.018136 -0.014614 -0.032048 0.0022996 -0.0040304 0.0031392 0 0
0 0 0.2101 0 0 0 0 0 0 0 0 0 0 -0.096177 0.077498 0.16995 -0.014991 0.018996 -0.017146 0 0
-0 -0 -0.16629 0 0 0 0 0 0 0 0 0 0 0.076123 -0.061339 -0.13452 0.0084498 -0.01774 0.012871 0 0
0 0 0.21376 0 0 0 0 0 0 0 0 0 0 -0.097856 0.078851 0.17292 -0.015292 0.019289 -0.01745 0 0
0 0 0.2382 0 0 0 0 0 0 0 0 0 0 -0.10904 0.087866 0.19269 -0.017331 0.021206 -0.019478 0 0
0 0 0.2606 0 0 0 0 0 0 0 0 0 0 -0.1193 0.096127 0.21081 -0.019249 0.022907 -0.021338 0 0
-0 -0 -0.27542 0 0 0 0 0 0 0 0 0 0 0.12608 -0.10159 -0.2228 0.012224 -0.030427 0.020792 0 0
0 0 0.028756 0 0 0 0 0 0 0 0 0 0 -0.013164 0.010607 0.023262 -0.0017778 0.0028421 -0.002302 0 0
-0 -0 -0.34221 0 0 0 0 0 0 0 0 0 0 0.15665 -0.12623 -0.27682 0.013817 -0.038523 0.025385 0 0
-0 -0 -0.24466 0 0 0 0 0 0 0 0 0 0 0.112 -0.090247 -0.19791 0.011306 -0.026778 0.018609 0 0
0 0 0.25352 0 0 0 0 0 0 0 0 0 0 -0.11605 0.093516 0.20508 -0.018638 0.022375 -0.02075 0 0
-0 -0 -0.12769 0 0 0 0 0 0 0 0 0 0 0.058454 -0.047102 -0.1033 0.0067735 -0.013438 0.0099606 0 0
-0 -0 -0.16951 0 0 0 0 0 0 0 0 0 0 0.077598 -0.062528 -0.13712 0.0085817 -0.018104 0.013112 0 0
-0 -0 -0.20222 0 0 0 0 0 0 0 0 0 0 0.092569 -0.074591 -0.16358 0.009851 -0.021835 0.015531 0 0
0 0 0.15295 0 0 0 0 0 0 0 0 0 0 -0.070016 0.056419 0.12373 -0.010467 0.014251 -0.012422 0 0
-0 -0 -0.25383 0 0 0 0 0 0 0 0 0 0 0.1162 -0.093631 -0.20533 0.011592 -0.027861 0.019264 0 0
0 0 0.025092 0 0 0 0 0 0 0 0 0 0 -0.011486 0.0092557 0.020298 -0.0015463 0.0024839 -0.0020077 0 0
0 0 0.061791 0 0 0 0 0 0 0 0 0 0 -0.028286 0.022793 0.049985 -0.0039309 0.006017 -0.0049682 0 0
0 0 0.32762 0 0 0 0 0 0 0 0 0 0 -0.14998 0.12085 0.26502 -0.025256 0.027669 -0.026909 0 0
-0 -0 -0.29524 0 0 0 0 0 0 0 0 0 0 0.13515 -0.1089 -0.23883 0.012754 -0.032805 0.022177 0 0
0 0 0.15999 0 0 0 0 0 0 0 0 0 0 -0.073237 0.059014 0.12942 -0.011007 0.014853 -0.013002 0 0
0 0 0.057747 0 0 0 0 0 0 0 0 0 0 -0.026435 0.021301 0.046714 -0.0036611 0.0056336 -0.0046407 0 0
0 0 0.21953 0 0 0 0 0 0 0 0 0 0 -0.1005 0.080978 0.17759 -0.015768 0.019747 -0.017928 0 0
0 0 0.3319 0 0 0 0 0 0 0 0 0 0 -0.15194 0.12243 0.26849 -0.025654 0.027956 -0.027265 0 0
0 0 0.18203 0 0 0 0 0 0 0 0 0 0 -0.083328 0.067145 0.14725 -0.012729 0.016707 -0.014822 0 0
-0 -0 -0.3327 0 0 0 0 0 0 0 0 0 0 0.1523 -0.12272 -0.26913 0.013624 -0.037357 0.024744 0 0
-0 -0 -0.26963 0 0 0 0 0 0 0 0 0 0 0.12343 -0.099458 -0.21811 0.01206 -0.029736 0.020384 0 0
-0 -0 -0.060125 0 0 0 0 0 0 0 0 0 0 0.027524 -0.022178 -0.048637 0.0034207 -0.0061672 0.004748 0 0
0 0 0.038526 0 0 0 0 0 0 0 0 0 0 -0.017636 0.014211 0.031165 -0.0024024 0.0037912 -0.0030882 0 0
-0 -0 -0.11104 0 0 0 0 0 0 0 0 0 0 0.050832 -0.04096 -0.089826 0.0059964 -0.011614 0.0086894 0 0
0 0 0.32631 0 0 0 0 0 0 0 0 0 0 -0.14938 0.12037 0.26396 -0.025135 0.027581 -0.026801 0 0
-0 -0 -0.090969 0 0 0 0 0 0 0 0 0 0 0.041643 -0.033556 -0.073588 0.0050166 -0.0094433 0.007145 0 0
0 0 0.25568 0 0 0 0 0 0 0 0 0 0 -0.11704 0.094312 0.20683 -0.018824 0.022538 -0.020929 0 0
-0 -0 -0.22379 0 0 0 0 0 0 0 0 0 0 0.10245 -0.082551 -0.18103 0.010618 -0.024334 0.017105 0 0
0 0 0.007635 0 0 0 0 0 0 0 0 0 0 -0.0034951 0.0028163 0.0061762 -0.00046319 0.00076156 -0.00060938 0 0
0 0 0.1648 0 0 0 0 0 0 0 0 0 0 -0.075439 0.060788 0.13331 -0.011379 0.015262 -0.013399 0 0
-0 -0 -0.20619 0 0 0 0 0 0 0 0 0 0 0.09439 -0.076059 -0.1668 0.0099967 -0.022294 0.015823 0 0
0 0 0.20049 0 0 0 0 0 0 0 0 0 0 -0.091779 0.073955 0.16218 -0.014209 0.018222 -0.01635 0 0
0 0 0.068371 0 0 0 0 0 0 0 0 0 0 -0.031299 0.02522 0.055308 -0.0043737 0.0066376 -0.0055018 0 0
0 0 0.21481 0 0 0 0 0 0 0 0 0 0 -0.098334 0.079236 0.17377 -0.015378 0.019373 -0.017536 0 0
0 0 0.012038 0 0 0 0 0 0 0 0 0 0 -0.0055107 0.0044405 0.0097381 -0.00073322 0.0011985 -0.00096142 0 0
0 0 0.13227 0 0 0 0 0 0 0 0 0 0 -0.060549 0.04879 0.107 -0.0089094 0.012453 -0.01072 0 0
