0 0 0 0.097661 0 0 0 0 -0 -0 -0 0.079145 -0.022677 0.052532 0 0
0 0 0 0.069495 0 0 0 0 -0 -0 -0 0.056318 -0.016137 0.037381 0 0
-0 -0 -0 0.007282 0 0 0 0 -0 -0 -0 0.0059013 -0.0016909 0.003917 0 0
0 0 0 0.016536 0 0 0 0 -0 -0 -0 0.013401 -0.0038396 0.0088947 0 0
-0 -0 -0 0.090949 0 0 0 0 -0 -0 -0 0.073705 -0.021118 0.048922 0 0
-0 -0 -0 0.17832 0 0 0 0 -0 -0 -0 0.14451 -0.041405 0.095917 0 0
-0 -0 -0 0.13099 0 0 0 0 -0 -0 -0 0.10615 -0.030415 0.070458 0 0
0 0 0 0.1621 0 0 0 0 -0 -0 -0 0.13136 -0.037639 0.087193 0 0
0 0 0 0.18733 0 0 0 0 -0 -0 -0 0.15181 -0.043497 0.10076 0 0
0 0 0 0.093293 0 0 0 0 -0 -0 -0 0.075604 -0.021663 0.050183 0 0
-0 -0 -0 0.035506 0 0 0 0 -0 -0 -0 0.028774 -0.0082445 0.019099 0 0
0 0 0 0.16256 0 0 0 0 -0 -0 -0 0.13174 -0.037747 0.087444 0 0
0 0 0 0.033333 0 0 0 0 -0 -0 -0 0.027013 -0.00774 0.01793 0 0
0 0 0 0.13281 0 0 0 0 -0 -0 -0 0.10763 -0.030839 0.071441 0 0
-0 -0 -0 0.11136 0 0 0 0 -0 -0 -0 0.090247 -0.025858 0.059902 0 0
-0 -0 -0 0.1842 0 0 0 0 -0 -0 -0 0.14927 -0.042771 0.09908 0 0
0 0 0 0.16744 0 0 0 0 -0 -0 -0 0.1357 -0.03888 0.090069 0 0
0 0 0 0.1983 0 0 0 0 -0 -0 -0 0.16071 -0.046046 0.10667 0 0
-0 -0 -0 0.061499 0 0 0 0 -0 -0 -0 0.049838 -0.01428 0.03308 0 0
0 0 0 0.10095 0 0 0 0 -0 -0 -0 0.081809 -0.02344 0.054301 0 0
0 0 0 0.10666 0 0 0 0 -0 -0 -0 0.08644 -0.024767 0.057375 0 0
-0 -0 -0 0.18954 0 0 0 0 -0 -0 -0 0.1536 -0.04401 0.10195 0 0
0 0 0 0.16466 0 0 0 0 -0 -0 -0 0.13344 -0.038234 0.088572 0 0
-0 -0 -0 0.16338 0 0 0 0 -0 -0 -0 0.1324 -0.037937 0.087882 0 0
0 0 0 0.14031 0 0 0 0 -0 -0 -0 0.11371 -0.03258 0.075473 0 0
-0 -0 -0 0.033094 0 0 0 0 -0 -0 -0 0.026819 -0.0076845 0.017801 0 0
-0 -0 -0 0.027108 0 0 0 0 -0 -0 -0 0.021968 -0.0062944 0.014581 0 0
0 0 0 0.058214 0 0 0 0 -0 -0 -0 0.047176 -0.013517 0.031313 0 0
0 0 0 0.15078 0 0 0 0 -0 -0 -0 0.12219 -0.035011 0.081105 0 0
-0 -0 -0 0.11535 0 0 0 0 -0 -0 -0 0.093483 -0.026785 0.062049 0 0
0 0 0 0.068081 0 0 0 0 -0 -0 -0 0.055172 -0.015808 0.036621 0 0
0 0 0 0.034902 0 0 0 0 -0 -0 -0 0.028285 -0.0081043 0.018774 0 0
-0 -0 -0 0.16172 0 0 0 0 -0 -0 -0 0.13106 -0.037552 0.086992 0 0
-0 -0 -0 0.17117 0 0 0 0 -0 -0 -0 0.13871 -0.039745 0.092072 0 0
0 0 0 0.1183 0 0 0 0 -0 -0 -0 0.095874 -0.02747 0.063637 0 0
0 0 0 6.5411e-05 0 0 0 0 -0 -0 -0 5.3009e-05 -1.5188e-05 3.5185e-05 0 0
0 0 0 0.079778 0 0 0 0 -0 -0 -0 0.064652 -0.018525 0.042913 0 0
0 0 0 0.045891 0 0 0 0 -0 -0 -0 0.03719 -0.010656 0.024685 0 0
-0 -0 -0 0.16662 0 0 0 0 -0 -0 -0 0.13503 -0.038689 0.089626 0 0
-0 -0 -0 0.080494 0 0 0 0 -0 -0 -0 0.065232 -0.018691 0.043298 0 0
-0 -0 -0 0.083016 0 0 0 0 -0 -0 -0 0.067276 -0.019276 0.044654 0 0
0 0 0 0.015224 0 0 0 0 -0 -0 -0 0.012337 -0.0035349 0.0081889 0 0
0 0 0 0.058351 0 0 0 0 -0 -0 -0 0.047288 -0.013549 0.031387 0 0
-0 -0 -0 0.03118 0 0 0 0 -0 -0 -0 0.025269 -0.0072401 0.016772 0 0
-0 -0 -0 0.17047 0 0 0 0 -0 -0 -0 0.13815 -0.039583 0.091696 0 0
0 0 0 0.11552 0 0 0 0 -0 -0 -0 0.093615 -0.026823 0.062137 0 0
0 0 0 0.10333 0 0 0 0 -0 -0 -0 0.083742 -0.023994 0.055584 0 0
0 0 0 0.031392 0 0 0 0 -0 -0 -0 0.02544 -0.0072892 0.016886 0 0
-0 -0 -0 0.02378 0 0 0 0 -0 -0 -0 0.019271 -0.0055218 0.012791 0 0
-0 -0 -0 0.024933 0 0 0 0 -0 -0 -0 0.020206 -0.0057894 0.013411 0 0
-0 -0 -0 0.047149 0 0 0 0 -0 -0 -0 0.038209 -0.010948 0.025361 0 0
0 0 0 0.11146 0 0 0 0 -0 -0 -0 0.09033 -0.025882 0.059957 0 0
0 0 0 0.16614 0 0 0 0 -0 -0 -0 0.13464 -0.038577 0.089366 0 0
-0 -0 -0 0.13439 0 0 0 0 -0 -0 -0 0.10891 -0.031206 0.072291 0 0
-0 -0 -0 0.10888 0 0 0 0 -0 -0 -0 0.088235 -0.025282 0.058566 0 0
0 0 0 0.16852 0 0 0 0 -0 -0 -0 0.13657 -0.039131 0.090649 0 0
-0 -0 -0 0.071769 0 0 0 0 -0 -0 -0 0.058161 -0.016665 0.038605 0 0
-0 -0 -0 0.091161 0 0 0 0 -0 -0 -0 0.073876 -0.021168 0.049036 0 0
-0 -0 -0 0.083054 0 0 0 0 -0 -0 -0 0.067307 -0.019285 0.044675 0 0
0 0 0 0.062489 0 0 0 0 -0 -0 -0 0.050641 -0.01451 0.033613 0 0
0 0 0 0.13332 0 0 0 0 -0 -0 -0 0.10804 -0.030956 0.071711 0 0
0 0 0 0.079453 0 0 0 0 -0 -0 -0 0.064389 -0.018449 0.042738 0 0
0 0 0 0.11488 0 0 0 0 -0 -0 -0 0.093095 -0.026674 0.061792 0 0
0 0 0 0.033394 0 0 0 0 -0 -0 -0 0.027062 -0.007754 0.017963 0 0
0 0 0 0.086815 0 0 0 0 -0 -0 -0 0.070355 -0.020158 0.046698 0 0
-0 -0 -0 0.039316 0 0 0 0 -0 -0 -0 0.031862 -0.0091292 0.021148 0 0
0 0 0 0.10575 0 0 0 0 -0 -0 -0 0.085702 -0.024556 0.056885 0 0
0 0 0 0.1382 0 0 0 0 -0 -0 -0 0.112 -0.03209 0.074338 0 0
-0 -0 -0 0.14895 0 0 0 0 -0 -0 -0 0.12071 -0.034587 0.080123 0 0
0 0 0 0.02606 0 0 0 0 -0 -0 -0 0.021119 -0.0060512 0.014018 0 0
-0 -0 -0 0.19123 0 0 0 0 -0 -0 -0 0.15497 -0.044404 0.10286 0 0
0 0 0 0.14135 0 0 0 0 -0 -0 -0 0.11455 -0.032822 0.076035 0 0
0 0 0 0.10867 0 0 0 0 -0 -0 -0 0.088065 -0.025233 0.058454 0 0
0 0 0 0.14422 0 0 0 0 -0 -0 -0 0.11688 -0.033488 0.077577 0 0
-0 -0 -0 0.19799 0 0 0 0 -0 -0 -0 0.16045 -0.045973 0.1065 0 0
0 0 0 0.156 0 0 0 0 -0 -0 -0 0.12642 -0.036224 0.083915 0 0
0 0 0 0.00087203 0 0 0 0 -0 -0 -0 0.00070669 -0.00020249 0.00046907 0 0
0 0 0 0.020649 0 0 0 0 -0 -0 -0 0.016734 -0.0047947 0.011107 0 0
-0 -0 -0 0.090177 0 0 0 0 -0 -0 -0 0.07308 -0.020939 0.048507 0 0
-0 -0 -0 0.025164 0 0 0 0 -0 -0 -0 0.020393 -0.0058431 0.013536 0 0
0 0 0 0.0097702 0 0 0 0 -0 -0 -0 0.0079177 -0.0022686 0.0052554 0 0
-0 -0 -0 0.15894 0 0 0 0 -0 -0 -0 0.1288 -0.036905 0.085492 0 0
0 0 0 0.067331 0 0 0 0 -0 -0 -0 0.054565 -0.015634 0.036218 0 0
0 0 0 0.1672 0 0 0 0 -0 -0 -0 0.1355 -0.038824 0.089939 0 0
0 0 0 0.094887 0 0 0 0 -0 -0 -0 0.076896 -0.022033 0.05104 0 0
0 0 0 0.053366 0 0 0 0 -0 -0 -0 0.043247 -0.012392 0.028706 0 0
-0 -0 -0 0.059409 0 0 0 0 -0 -0 -0 0.048144 -0.013795 0.031956 0 0
-0 -0 -0 0.1938 0 0 0 0 -0 -0 -0 0.15706 -0.045001 0.10425 0 0
-0 -0 -0 0.1904 0 0 0 0 -0 -0 -0 0.1543 -0.04421 0.10241 0 0
0 0 0 0.030795 0 0 0 0 -0 -0 -0 0.024956 -0.0071506 0.016565 0 0
-0 -0 -0 0.16812 0 0 0 0 -0 -0 -0 0.13625 -0.039039 0.090435 0 0
0 0 0 0.013728 0 0 0 0 -0 -0 -0 0.011125 -0.0031877 0.0073844 0 0
-0 -0 -0 0.19515 0 0 0 0 -0 -0 -0 0.15815 -0.045315 0.10497 0 0
-0 -0 -0 0.13583 0 0 0 0 -0 -0 -0 0.11007 -0.031539 0.073062 0 0
0 0 0 0.047975 0 0 0 0 -0 -0 -0 0.038879 -0.01114 0.025806 0 0
-0 -0 -0 0.11177 0 0 0 0 -0 -0 -0 0.090582 -0.025954 0.060124 0 0
0 0 0 0.078315 0 0 0 0 -0 -0 -0 0.063466 -0.018185 0.042126 0 0
0 0 0 0.0036116 0 0 0 0 -0 -0 -0 0.0029269 -0.00083862 0.0019427 0 0
0 0 0 0.14225 0 0 0 0 -0 -0 -0 0.11528 -0.03303 0.076516 0 0
-0 -0 -0 0.019928 0 0 0 0 -0 -0 -0 0.01615 -0.0046274 0.01072 0 0
