-0 -0 -0 0.17785 0 0 0 0 -0 -0 -0 0.14413 -0.041296 0.095665 0 0
0 0 0 0.068316 0 0 0 0 -0 -0 -0 0.055363 -0.015863 0.036747 0 0
-0 -0 -0 0.11992 0 0 0 0 -0 -0 -0 0.097179 -0.027844 0.064503 0 0
-0 -0 -0 0.023284 0 0 0 0 -0 -0 -0 0.01887 -0.0054066 0.012525 0 0
-0 -0 -0 0.080748 0 0 0 0 -0 -0 -0 0.065438 -0.01875 0.043435 0 0
0 0 0 0.1704 0 0 0 0 -0 -0 -0 0.13809 -0.039567 0.091658 0 0
0 0 0 0.13943 0 0 0 0 -0 -0 -0 0.11299 -0.032376 0.075 0 0
-0 -0 -0 0.17283 0 0 0 0 -0 -0 -0 0.14006 -0.04013 0.092963 0 0
0 0 0 0.10348 0 0 0 0 -0 -0 -0 0.083862 -0.024029 0.055664 0 0
0 0 0 0.1462 0 0 0 0 -0 -0 -0 0.11848 -0.033947 0.078641 0 0
-0 -0 -0 0.010414 0 0 0 0 -0 -0 -0 0.0084392 -0.0024181 0.0056016 0 0
-0 -0 -0 0.18062 0 0 0 0 -0 -0 -0 0.14637 -0.041939 0.097155 0 0
0 0 0 0.13482 0 0 0 0 -0 -0 -0 0.10925 -0.031304 0.072518 0 0
0 0 0 0.042023 0 0 0 0 -0 -0 -0 0.034055 -0.0097577 0.022604 0 0
-0 -0 -0 0.17258 0 0 0 0 -0 -0 -0 0.13986 -0.040072 0.09283 0 0
-0 -0 -0 0.028114 0 0 0 0 -0 -0 -0 0.022784 -0.0065281 0.015123 0 0
0 0 0 0.16956 0 0 0 0 -0 -0 -0 0.13741 -0.039371 0.091205 0 0
0 0 0 0.080697 0 0 0 0 -0 -0 -0 0.065397 -0.018738 0.043407 0 0
-0 -0 -0 0.003864 0 0 0 0 -0 -0 -0 0.0031314 -0.00089723 0.0020785 0 0
0 0 0 0.018866 0 0 0 0 -0 -0 -0 0.015289 -0.0043807 0.010148 0 0
0 0 0 0.030306 0 0 0 0 -0 -0 -0 0.02456 -0.007037 0.016301 0 0
0 0 0 0.16265 0 0 0 0 -0 -0 -0 0.13181 -0.037767 0.087488 0 0
-0 -0 -0 0.18754 0 0 0 0 -0 -0 -0 0.15198 -0.043546 0.10088 0 0
-0 -0 -0 0.045233 0 0 0 0 -0 -0 -0 0.036657 -0.010503 0.024331 0 0
0 0 0 0.022882 0 0 0 0 -0 -0 -0 0.018544 -0.0053133 0.012308 0 0
-0 -0 -0 0.17335 0 0 0 0 -0 -0 -0 0.14048 -0.040252 0.093246 0 0
-0 -0 -0 0.17791 0 0 0 0 -0 -0 -0 0.14418 -0.041311 0.095698 0 0
-0 -0 -0 0.16556 0 0 0 0 -0 -0 -0 0.13417 -0.038444 0.089057 0 0
0 0 0 0.10413 0 0 0 0 -0 -0 -0 0.084384 -0.024178 0.05601 0 0
-0 -0 -0 0.063221 0 0 0 0 -0 -0 -0 0.051234 -0.01468 0.034007 0 0
0 0 0 0.0058228 0 0 0 0 -0 -0 -0 0.0047188 -0.001352 0.0031321 0 0
0 0 0 0.033753 0 0 0 0 -0 -0 -0 0.027353 -0.0078375 0.018156 0 0
0 0 0 0.0077415 0 0 0 0 -0 -0 -0 0.0062737 -0.0017976 0.0041642 0 0
-0 -0 -0 0.047679 0 0 0 0 -0 -0 -0 0.038639 -0.011071 0.025647 0 0
-0 -0 -0 0.10917 0 0 0 0 -0 -0 -0 0.088471 -0.025349 0.058723 0 0
-0 -0 -0 0.19165 0 0 0 0 -0 -0 -0 0.15531 -0.044501 0.10309 0 0
0 0 0 0.11622 0 0 0 0 -0 -0 -0 0.09418 -0.026985 0.062512 0 0
-0 -0 -0 0.14575 0 0 0 0 -0 -0 -0 0.11811 -0.033843 0.078399 0 0
-0 -0 -0 0.14498 0 0 0 0 -0 -0 -0 0.11749 -0.033664 0.077984 0 0
-0 -0 -0 0.022697 0 0 0 0 -0 -0 -0 0.018393 -0.0052701 0.012209 0 0
0 0 0 0.081591 0 0 0 0 -0 -0 -0 0.066121 -0.018945 0.043888 0 0
-0 -0 -0 0.048261 0 0 0 0 -0 -0 -0 0.03911 -0.011206 0.025959 0 0
0 0 0 0.066042 0 0 0 0 -0 -0 -0 0.05352 -0.015335 0.035524 0 0
-0 -0 -0 0.0027877 0 0 0 0 -0 -0 -0 0.0022592 -0.00064731 0.0014995 0 0
0 0 0 0.11679 0 0 0 0 -0 -0 -0 0.09465 -0.02712 0.062824 0 0
-0 -0 -0 0.049741 0 0 0 0 -0 -0 -0 0.04031 -0.01155 0.026756 0 0
0 0 0 0.10158 0 0 0 0 -0 -0 -0 0.082323 -0.023588 0.054642 0 0
-0 -0 -0 0.063832 0 0 0 0 -0 -0 -0 0.051729 -0.014822 0.034335 0 0
0 0 0 0.19535 0 0 0 0 -0 -0 -0 0.15831 -0.04536 0.10508 0 0
-0 -0 -0 0.15055 0 0 0 0 -0 -0 -0 0.12201 -0.034958 0.080983 0 0
-0 -0 -0 0.029971 0 0 0 0 -0 -0 -0 0.024289 -0.0069593 0.016122 0 0
-0 -0 -0 0.044023 0 0 0 0 -0 -0 -0 0.035676 -0.010222 0.02368 0 0
0 0 0 0.091884 0 0 0 0 -0 -0 -0 0.074462 -0.021335 0.049424 0 0
0 0 0 0.078479 0 0 0 0 -0 -0 -0 0.063599 -0.018223 0.042214 0 0
0 0 0 0.16157 0 0 0 0 -0 -0 -0 0.13094 -0.037517 0.086911 0 0
-0 -0 -0 0.15631 0 0 0 0 -0 -0 -0 0.12667 -0.036295 0.084079 0 0
0 0 0 0.082626 0 0 0 0 -0 -0 -0 0.06696 -0.019186 0.044445 0 0
0 0 0 0.031422 0 0 0 0 -0 -0 -0 0.025464 -0.0072962 0.016902 0 0
-0 -0 -0 0.084334 0 0 0 0 -0 -0 -0 0.068344 -0.019582 0.045364 0 0
0 0 0 0.12023 0 0 0 0 -0 -0 -0 0.097433 -0.027917 0.064671 0 0
-0 -0 -0 0.060706 0 0 0 0 -0 -0 -0 0.049196 -0.014096 0.032654 0 0
-0 -0 -0 0.011791 0 0 0 0 -0 -0 -0 0.009555 -0.0027378 0.0063422 0 0
-0 -0 -0 0.064972 0 0 0 0 -0 -0 -0 0.052653 -0.015086 0.034948 0 0
-0 -0 -0 0.001431 0 0 0 0 -0 -0 -0 0.0011597 -0.00033229 0.00076976 0 0
-0 -0 -0 0.13198 0 0 0 0 -0 -0 -0 0.10695 -0.030645 0.070991 0 0
-0 -0 -0 0.10251 0 0 0 0 -0 -0 -0 0.083073 -0.023803 0.05514 0 0
0 0 0 0.15728 0 0 0 0 -0 -0 -0 0.12746 -0.036519 0.084599 0 0
0 0 0 0.19254 0 0 0 0 -0 -0 -0 0.15603 -0.044707 0.10357 0 0
-0 -0 -0 0.17568 0 0 0 0 -0 -0 -0 0.14237 -0.040792 0.094497 0 0
-0 -0 -0 0.15944 0 0 0 0 -0 -0 -0 0.12921 -0.037022 0.085763 0 0
0 0 0 0.019873 0 0 0 0 -0 -0 -0 0.016105 -0.0046146 0.01069 0 0
0 0 0 0.023909 0 0 0 0 -0 -0 -0 0.019376 -0.0055517 0.012861 0 0
-0 -0 -0 0.022463 0 0 0 0 -0 -0 -0 0.018204 -0.0052159 0.012083 0 0
0 0 0 0.0028029 0 0 0 0 -0 -0 -0 0.0022715 -0.00065084 0.0015077 0 0
-0 -0 -0 0.0086439 0 0 0 0 -0 -0 -0 0.007005 -0.0020071 0.0046496 0 0
0 0 0 0.1112 0 0 0 0 -0 -0 -0 0.09012 -0.025822 0.059817 0 0
-0 -0 -0 0.044467 0 0 0 0 -0 -0 -0 0.036036 -0.010325 0.023919 0 0
0 0 0 0.018999 0 0 0 0 -0 -0 -0 0.015397 -0.0044115 0.010219 0 0
-0 -0 -0 0.10187 0 0 0 0 -0 -0 -0 0.082554 -0.023654 0.054795 0 0
0 0 0 0.076108 0 0 0 0 -0 -0 -0 0.061678 -0.017672 0.040939 0 0
-0 -0 -0 0.01289 0 0 0 0 -0 -0 -0 0.010446 -0.0029931 0.0069337 0 0
-0 -0 -0 0.067034 0 0 0 0 -0 -0 -0 0.054324 -0.015565 0.036058 0 0
-0 -0 -0 0.038334 0 0 0 0 -0 -0 -0 0.031066 -0.0089012 0.02062 0 0
-0 -0 -0 0.030018 0 0 0 0 -0 -0 -0 0.024327 -0.0069703 0.016147 0 0
-0 -0 -0 0.096379 0 0 0 0 -0 -0 -0 0.078105 -0.022379 0.051842 0 0
0 0 0 0.073617 0 0 0 0 -0 -0 -0 0.059659 -0.017094 0.039599 0 0
-0 -0 -0 0.117 0 0 0 0 -0 -0 -0 0.094818 -0.027168 0.062936 0 0
-0 -0 -0 0.19699 0 0 0 0 -0 -0 -0 0.15964 -0.04574 0.10596 0 0
0 0 0 0.16047 0 0 0 0 -0 -0 -0 0.13004 -0.037261 0.086317 0 0
0 0 0 0.075317 0 0 0 0 -0 -0 -0 0.061037 -0.017489 0.040513 0 0
0 0 0 0.10614 0 0 0 0 -0 -0 -0 0.086016 -0.024646 0.057093 0 0
-0 -0 -0 0.041078 0 0 0 0 -0 -0 -0 0.03329 -0.0095384 0.022096 0 0
0 0 0 0.016352 0 0 0 0 -0 -0 -0 0.013251 -0.0037968 0.0087955 0 0
0 0 0 0.043072 0 0 0 0 -0 -0 -0 0.034905 -0.010001 0.023168 0 0
-0 -0 -0 0.13933 0 0 0 0 -0 -0 -0 0.11291 -0.032352 0.074944 0 0
0 0 0 0.13917 0 0 0 0 -0 -0 -0 0.11278 -0.032315 0.07486 0 0
-0 -0 -0 0.16925 0 0 0 0 -0 -0 -0 0.13716 -0.0393 0.091041 0 0
0 0 0 0.036438 0 0 0 0 -0 -0 -0 0.029529 -0.0084609 0.0196 0 0
0 0 0 0.12002 0 0 0 0 -0 -0 -0 0.097264 -0.027869 0.064559 0 0
-0 -0 -0 0.013223 0 0 0 0 -0 -0 -0 0.010715 -0.0030703 0.0071124 0 0
