0 0 0.017076 0 0 0 0 0 0 0 0 0 0 -0.0071929 0.0069538 0.013839 -0.0003531 0.00094765 -0.00065972 0 0
0 0 0.20884 0 0 0 0 0 0 0 0 0 0 -0.08797 0.085045 0.16925 -0.0055024 0.010857 -0.0083154 0 0
-0 -0 -0.1306 0 0 0 0 0 0 0 0 0 0 0.055013 -0.053184 -0.10584 0.0021068 -0.0075411 0.0048844 0 0
0 0 0.19752 0 0 0 0 0 0 0 0 0 0 -0.0832 0.080434 0.16007 -0.0051397 0.010312 -0.0078534 0 0
-0 -0 -0.20765 0 0 0 0 0 0 0 0 0 0 0.087468 -0.084559 -0.16828 0.0028482 -0.012198 0.00761 0 0
0 0 0.058506 0 0 0 0 0 0 0 0 0 0 -0.024644 0.023825 0.047413 -0.0012829 0.0032057 -0.0022776 0 0
-0 -0 -0.24122 0 0 0 0 0 0 0 0 0 0 0.10161 -0.09823 -0.19549 0.0030531 -0.014267 0.0087559 0 0
-0 -0 -0.1231 0 0 0 0 0 0 0 0 0 0 0.051853 -0.050129 -0.099761 0.0020146 -0.0070952 0.0046124 0 0
-0 -0 -0.1518 0 0 0 0 0 0 0 0 0 0 0.063941 -0.061815 -0.12302 0.0023483 -0.0088086 0.0056468 0 0
-0 -0 -0.25719 0 0 0 0 0 0 0 0 0 0 0.10833 -0.10473 -0.20842 0.0031252 -0.015258 0.0092915 0 0
0 0 0.062344 0 0 0 0 0 0 0 0 0 0 -0.026261 0.025388 0.050524 -0.0013743 0.0034118 -0.0024287 0 0
0 0 0.28334 0 0 0 0 0 0 0 0 0 0 -0.11935 0.11538 0.22962 -0.0080633 0.014295 -0.011374 0 0
-0 -0 -0.17644 0 0 0 0 0 0 0 0 0 0 0.074321 -0.07185 -0.14299 0.0025932 -0.010296 0.0065214 0 0
0 0 0.028086 0 0 0 0 0 0 0 0 0 0 -0.01183 0.011437 0.022761 -0.00059011 0.0015535 -0.0010873 0 0
0 0 0.1335 0 0 0 0 0 0 0 0 0 0 -0.056232 0.054362 0.10819 -0.0032249 0.0071342 -0.0052611 0 0
-0 -0 -0.095296 0 0 0 0 0 0 0 0 0 0 0.040141 -0.038806 -0.077228 0.0016419 -0.0054549 0.0035945 0 0
-0 -0 -0.14305 0 0 0 0 0 0 0 0 0 0 0.060254 -0.058251 -0.11592 0.002252 -0.0082838 0.0053331 0 0
0 0 0.12281 0 0 0 0 0 0 0 0 0 0 -0.051732 0.050012 0.099529 -0.0029282 0.0065877 -0.0048322 0 0
-0 -0 -0.098838 0 0 0 0 0 0 0 0 0 0 0.041633 -0.040249 -0.080098 0.0016921 -0.0056627 0.003725 0 0
0 0 0.062989 0 0 0 0 0 0 0 0 0 0 -0.026533 0.02565 0.051046 -0.0013897 0.0034464 -0.0024541 0 0
0 0 0.18508 0 0 0 0 0 0 0 0 0 0 -0.077961 0.075369 0.14999 -0.0047496 0.0097083 -0.0073471 0 0
0 0 0.0723 0 0 0 0 0 0 0 0 0 0 -0.030455 0.029442 0.058592 -0.0016153 0.003944 -0.0028214 0 0
-0 -0 -0.10398 0 0 0 0 0 0 0 0 0 0 0.043797 -0.042341 -0.084261 0.0017635 -0.0059647 0.0039138 0 0
0 0 0.2472 0 0 0 0 0 0 0 0 0 0 -0.10413 0.10067 0.20033 -0.0067835 0.012658 -0.0098866 0 0
-0 -0 -0.12715 0 0 0 0 0 0 0 0 0 0 0.053558 -0.051777 -0.10304 0.0020648 -0.0073356 0.0047593 0 0
0 0 0.31166 0 0 0 0 0 0 0 0 0 0 -0.13128 0.12691 0.25257 -0.0091144 0.015535 -0.012544 0 0
-0 -0 -0.29283 0 0 0 0 0 0 0 0 0 0 0.12335 -0.11924 -0.23731 0.0032275 -0.017486 0.010464 0 0
0 0 0.21771 0 0 0 0 0 0 0 0 0 0 -0.091704 0.088655 0.17643 -0.0057913 0.011279 -0.0086777 0 0
0 0 0.034139 0 0 0 0 0 0 0 0 0 0 -0.01438 0.013902 0.027666 -0.00072354 0.0018848 -0.0013232 0 0
-0 -0 -0.34122 0 0 0 0 0 0 0 0 0 0 0.14373 -0.13895 -0.27652 0.003236 -0.020541 0.012004 0 0
0 0 0.1333 0 0 0 0 0 0 0 0 0 0 -0.05615 0.054283 0.10803 -0.0032194 0.0071243 -0.0052533 0 0
0 0 0.3005 0 0 0 0 0 0 0 0 0 0 -0.12658 0.12237 0.24353 -0.0086952 0.015051 -0.012082 0 0
-0 -0 -0.19956 0 0 0 0 0 0 0 0 0 0 0.084061 -0.081266 -0.16173 0.0027881 -0.011703 0.00733 0 0
0 0 0.25134 0 0 0 0 0 0 0 0 0 0 -0.10587 0.10235 0.20368 -0.0069263 0.012849 -0.010056 0 0
-0 -0 -0.088847 0 0 0 0 0 0 0 0 0 0 0.037425 -0.03618 -0.072001 0.0015486 -0.0050774 0.0033563 0 0
-0 -0 -0.33039 0 0 0 0 0 0 0 0 0 0 0.13917 -0.13454 -0.26775 0.0032471 -0.019855 0.011665 0 0
-0 -0 -0.31742 0 0 0 0 0 0 0 0 0 0 0.13371 -0.12926 -0.25724 0.0032506 -0.019035 0.011255 0 0
-0 -0 -0.034193 0 0 0 0 0 0 0 0 0 0 0.014403 -0.013924 -0.02771 0.00065357 -0.0019258 0.0013074 0 0
0 0 0.23038 0 0 0 0 0 0 0 0 0 0 -0.097041 0.093814 0.1867 -0.0062117 0.011876 -0.0091963 0 0
0 0 0.14012 0 0 0 0 0 0 0 0 0 0 -0.059022 0.057059 0.11355 -0.0034121 0.0074707 -0.0055275 0 0
0 0 0.04107 0 0 0 0 0 0 0 0 0 0 -0.0173 0.016725 0.033283 -0.00087904 0.0022626 -0.0015939 0 0
0 0 0.20423 0 0 0 0 0 0 0 0 0 0 -0.086025 0.083164 0.1655 -0.0053536 0.010635 -0.0081268 0 0
-0 -0 -0.046493 0 0 0 0 0 0 0 0 0 0 0.019584 -0.018933 -0.037678 0.00087112 -0.0026274 0.001773 0 0
-0 -0 -0.042112 0 0 0 0 0 0 0 0 0 0 0.017739 -0.017149 -0.034127 0.0007947 -0.002377 0.0016075 0 0
0 0 0.17761 0 0 0 0 0 0 0 0 0 0 -0.074812 0.072325 0.14393 -0.0045193 0.0093421 -0.0070433 0 0
0 0 0.27899 0 0 0 0 0 0 0 0 0 0 -0.11752 0.11361 0.22609 -0.0079054 0.014101 -0.011195 0 0
0 0 0.10883 0 0 0 0 0 0 0 0 0 0 -0.045844 0.044319 0.088199 -0.0025499 0.0058658 -0.0042728 0 0
0 0 0.018807 0 0 0 0 0 0 0 0 0 0 -0.0079218 0.0076584 0.015241 -0.00038986 0.0010431 -0.00072681 0 0
0 0 0.028939 0 0 0 0 0 0 0 0 0 0 -0.01219 0.011785 0.023452 -0.00060879 0.0016002 -0.0011205 0 0
-0 -0 -0.10817 0 0 0 0 0 0 0 0 0 0 0.045566 -0.044051 -0.087665 0.0018206 -0.0062121 0.0040678 0 0
-0 -0 -0.020237 0 0 0 0 0 0 0 0 0 0 0.0085242 -0.0082407 -0.0164 0.00039546 -0.0011353 0.00077603 0 0
-0 -0 -0.10698 0 0 0 0 0 0 0 0 0 0 0.045064 -0.043566 -0.0867 0.0018045 -0.0061419 0.0040242 0 0
-0 -0 -0.23728 0 0 0 0 0 0 0 0 0 0 0.099946 -0.096623 -0.19229 0.0030327 -0.014023 0.0086226 0 0
-0 -0 -0.22209 0 0 0 0 0 0 0 0 0 0 0.093552 -0.090441 -0.17998 0.0029451 -0.013086 0.0081062 0 0
0 0 0.27215 0 0 0 0 0 0 0 0 0 0 -0.11463 0.11082 0.22055 -0.0076594 0.013794 -0.010913 0 0
0 0 0.24968 0 0 0 0 0 0 0 0 0 0 -0.10517 0.10168 0.20234 -0.0068691 0.012773 -0.0099885 0 0
-0 -0 -0.22101 0 0 0 0 0 0 0 0 0 0 0.093095 -0.089999 -0.17911 0.0029383 -0.013019 0.0080691 0 0
-0 -0 -0.17339 0 0 0 0 0 0 0 0 0 0 0.073037 -0.070608 -0.14052 0.002565 -0.010111 0.0064139 0 0
-0 -0 -0.17806 0 0 0 0 0 0 0 0 0 0 0.075001 -0.072508 -0.1443 0.002608 -0.010394 0.0065782 0 0
-0 -0 -0.23217 0 0 0 0 0 0 0 0 0 0 0.097794 -0.094542 -0.18815 0.0030049 -0.013707 0.0084494 0 0
0 0 0.30396 0 0 0 0 0 0 0 0 0 0 -0.12803 0.12378 0.24632 -0.0088243 0.015201 -0.012225 0 0
-0 -0 -0.03152 0 0 0 0 0 0 0 0 0 0 0.013277 -0.012836 -0.025544 0.00060507 -0.001774 0.0012059 0 0
0 0 0.25198 0 0 0 0 0 0 0 0 0 0 -0.10614 0.10261 0.20421 -0.0069488 0.012878 -0.010083 0 0
-0 -0 -0.071626 0 0 0 0 0 0 0 0 0 0 0.030171 -0.029168 -0.058046 0.0012866 -0.0040751 0.0027164 0 0
-0 -0 -0.20179 0 0 0 0 0 0 0 0 0 0 0.084999 -0.082172 -0.16353 0.002805 -0.011839 0.0074072 0 0
-0 -0 -0.17804 0 0 0 0 0 0 0 0 0 0 0.074997 -0.072503 -0.14429 0.0026078 -0.010393 0.0065778 0 0
0 0 0.31029 0 0 0 0 0 0 0 0 0 0 -0.1307 0.12636 0.25146 -0.0090627 0.015476 -0.012487 0 0
0 0 0.26798 0 0 0 0 0 0 0 0 0 0 -0.11288 0.10913 0.21717 -0.0075107 0.013607 -0.010741 0 0
-0 -0 -0.19447 0 0 0 0 0 0 0 0 0 0 0.081917 -0.079193 -0.1576 0.0027481 -0.011392 0.007153 0 0
-0 -0 -0.014656 0 0 0 0 0 0 0 0 0 0 0.0061734 -0.0059682 -0.011877 0.0002889 -0.00082092 0.00056267 0 0
-0 -0 -0.012631 0 0 0 0 0 0 0 0 0 0 0.0053205 -0.0051436 -0.010236 0.00024976 -0.00070708 0.00048513 0 0
0 0 0.25072 0 0 0 0 0 0 0 0 0 0 -0.10561 0.1021 0.20318 -0.006905 0.01282 -0.010031 0 0
0 0 0.25835 0 0 0 0 0 0 0 0 0 0 -0.10882 0.1052 0.20937 -0.0071708 0.01317 -0.010345 0 0
0 0 0.019238 0 0 0 0 0 0 0 0 0 0 -0.0081034 0.0078339 0.01559 -0.00039905 0.0010669 -0.00074353 0 0
-0 -0 -0.2474 0 0 0 0 0 0 0 0 0 0 0.10421 -0.10075 -0.20049 0.0030829 -0.01465 0.0089639 0 0
0 0 0.34558 0 0 0 0 0 0 0 0 0 0 -0.14556 0.14072 0.28005 -0.010428 0.016969 -0.013947 0 0
0 0 0.15689 0 0 0 0 0 0 0 0 0 0 -0.066087 0.06389 0.12715 -0.0038976 0.0083152 -0.0062042 0 0
0 0 0.21702 0 0 0 0 0 0 0 0 0 0 -0.091416 0.088376 0.17588 -0.0057688 0.011246 -0.0086497 0 0
-0 -0 -0.24179 0 0 0 0 0 0 0 0 0 0 0.10185 -0.09846 -0.19594 0.0030559 -0.014302 0.008775 0 0
-0 -0 -0.14645 0 0 0 0 0 0 0 0 0 0 0.061688 -0.059637 -0.11868 0.00229 -0.0084877 0.0054553 0 0
0 0 0.25581 0 0 0 0 0 0 0 0 0 0 -0.10775 0.10417 0.20731 -0.0070818 0.013053 -0.01024 0 0
0 0 0.16811 0 0 0 0 0 0 0 0 0 0 -0.070814 0.068459 0.13624 -0.0042314 0.0088737 -0.0066583 0 0
-0 -0 -0.18312 0 0 0 0 0 0 0 0 0 0 0.077136 -0.074571 -0.1484 0.002653 -0.010701 0.0067563 0 0
0 0 0.22563 0 0 0 0 0 0 0 0 0 0 -0.095042 0.091881 0.18285 -0.0060532 0.011653 -0.0090019 0 0
0 0 0.035465 0 0 0 0 0 0 0 0 0 0 -0.014939 0.014442 0.028741 -0.00075306 0.0019572 -0.0013749 0 0
-0 -0 -0.13424 0 0 0 0 0 0 0 0 0 0 0.056546 -0.054666 -0.10879 0.0021503 -0.0077579 0.005016 0 0
-0 -0 -0.26397 0 0 0 0 0 0 0 0 0 0 0.11119 -0.1075 -0.21392 0.003151 -0.015681 0.0095173 0 0
0 0 0.16353 0 0 0 0 0 0 0 0 0 0 -0.068883 0.066592 0.13252 -0.0040941 0.0086461 -0.0064726 0 0
0 0 0.31703 0 0 0 0 0 0 0 0 0 0 -0.13354 0.1291 0.25692 -0.0093183 0.015765 -0.012765 0 0
0 0 0.19476 0 0 0 0 0 0 0 0 0 0 -0.082039 0.079311 0.15783 -0.0050525 0.010179 -0.007741 0 0
-0 -0 -0.21765 0 0 0 0 0 0 0 0 0 0 0.091678 -0.08863 -0.17638 0.0029167 -0.012812 0.0079539 0 0
-0 -0 -0.17364 0 0 0 0 0 0 0 0 0 0 0.07314 -0.070708 -0.14072 0.0025673 -0.010126 0.0064226 0 0
-0 -0 -0.26536 0 0 0 0 0 0 0 0 0 0 0.11178 -0.10806 -0.21505 0.0031559 -0.015767 0.0095633 0 0
0 0 0.21958 0 0 0 0 0 0 0 0 0 0 -0.092494 0.089419 0.17795 -0.005853 0.011368 -0.0087544 0 0
0 0 0.0078108 0 0 0 0 0 0 0 0 0 0 -0.0032901 0.0031807 0.0063299 -0.00015931 0.00043466 -0.00030122 0 0
-0 -0 -0.10932 0 0 0 0 0 0 0 0 0 0 0.046047 -0.044515 -0.088589 0.0018359 -0.0062794 0.0041096 0 0
0 0 0.26736 0 0 0 0 0 0 0 0 0 0 -0.11262 0.10888 0.21667 -0.0074889 0.013579 -0.010716 0 0
0 0 0.00055806 0 0 0 0 0 0 0 0 0 0 -0.00023507 0.00022725 0.00045225 -1.1259e-05 3.1122e-05 -2.1491e-05 0 0
0 0 0.33985 0 0 0 0 0 0 0 0 0 0 -0.14315 0.13839 0.27541 -0.010202 0.016731 -0.01371 0 0
0 0 0.14375 0 0 0 0 0 0 0 0 0 0 -0.06055 0.058536 0.11649 -0.0035157 0.0076543 -0.0056736 0 0
