0 0 0 0.19701 0 0 0 0 0 -0 0 0.16805 -0.014619 0.10177 0 0
0 0 0 0.11483 0 0 0 0 0 -0 0 0.097956 -0.0085213 0.059319 0 0
-0 -0 -0 0.054297 0 0 0 0 0 -0 0 0.046317 -0.0040292 0.028048 0 0
0 0 0 0.094783 0 0 0 0 0 -0 0 0.080853 -0.0070335 0.048961 0 0
-0 -0 -0 0.10198 0 0 0 0 0 -0 0 0.086991 -0.0075675 0.052679 0 0
-0 -0 -0 0.075215 0 0 0 0 0 -0 0 0.064161 -0.0055814 0.038854 0 0
-0 -0 -0 0.0042388 0 0 0 0 0 -0 0 0.0036158 -0.00031455 0.0021896 0 0
0 0 0 0.16709 0 0 0 0 0 -0 0 0.14253 -0.012399 0.086314 0 0
0 0 0 0.081559 0 0 0 0 0 -0 0 0.069572 -0.0060522 0.04213 0 0
-0 -0 -0 0.092179 0 0 0 0 0 -0 0 0.078631 -0.0068403 0.047616 0 0
-0 -0 -0 0.086534 0 0 0 0 0 -0 0 0.073816 -0.0064214 0.0447 0 0
0 0 0 0.057766 0 0 0 0 0 -0 0 0.049276 -0.0042866 0.02984 0 0
-0 -0 -0 0.036486 0 0 0 0 0 -0 0 0.031123 -0.0027075 0.018847 0 0
0 0 0 0.077158 0 0 0 0 0 -0 0 0.065818 -0.0057256 0.039857 0 0
-0 -0 -0 0.13044 0 0 0 0 0 -0 0 0.11127 -0.0096797 0.067382 0 0
0 0 0 0.098367 0 0 0 0 0 -0 0 0.08391 -0.0072994 0.050813 0 0
0 0 0 0.027493 0 0 0 0 0 -0 0 0.023452 -0.0020401 0.014202 0 0
0 0 0 0.00604 0 0 0 0 0 -0 0 0.0051523 -0.00044821 0.0031201 0 0
-0 -0 -0 0.12693 0 0 0 0 0 -0 0 0.10828 -0.0094191 0.065568 0 0
0 0 0 0.095159 0 0 0 0 0 -0 0 0.081173 -0.0070613 0.049155 0 0
0 0 0 0.035448 0 0 0 0 0 -0 0 0.030238 -0.0026304 0.018311 0 0
0 0 0 0.16367 0 0 0 0 0 -0 0 0.13961 -0.012145 0.084546 0 0
0 0 0 0.13696 0 0 0 0 0 -0 0 0.11683 -0.010163 0.07075 0 0
0 0 0 0.075731 0 0 0 0 0 -0 0 0.064601 -0.0056197 0.03912 0 0
-0 -0 -0 0.061642 0 0 0 0 0 -0 0 0.052582 -0.0045742 0.031842 0 0
0 0 0 0.075185 0 0 0 0 0 -0 0 0.064135 -0.0055792 0.038838 0 0
0 0 0 0.046822 0 0 0 0 0 -0 0 0.03994 -0.0034745 0.024186 0 0
0 0 0 0.13987 0 0 0 0 0 -0 0 0.11932 -0.01038 0.072254 0 0
-0 -0 -0 0.04229 0 0 0 0 0 -0 0 0.036074 -0.0031382 0.021845 0 0
0 0 0 0.13952 0 0 0 0 0 -0 0 0.11901 -0.010353 0.072068 0 0
-0 -0 -0 0.15691 0 0 0 0 0 -0 0 0.13385 -0.011644 0.081055 0 0
0 0 0 0.065525 0 0 0 0 0 -0 0 0.055895 -0.0048624 0.033848 0 0
0 0 0 0.078521 0 0 0 0 0 -0 0 0.066981 -0.0058268 0.040561 0 0
0 0 0 0.18633 0 0 0 0 0 -0 0 0.15895 -0.013827 0.096252 0 0
-0 -0 -0 0.11354 0 0 0 0 0 -0 0 0.096854 -0.0084255 0.058651 0 0
0 0 0 0.061936 0 0 0 0 0 -0 0 0.052833 -0.004596 0.031994 0 0
0 0 0 0.06086 0 0 0 0 0 -0 0 0.051915 -0.0045162 0.031438 0 0
0 0 0 0.13413 0 0 0 0 0 -0 0 0.11442 -0.0099534 0.069288 0 0
0 0 0 0.11885 0 0 0 0 0 -0 0 0.10138 -0.0088194 0.061393 0 0
0 0 0 0.063579 0 0 0 0 0 -0 0 0.054235 -0.004718 0.032843 0 0
0 0 0 0.13364 0 0 0 0 0 -0 0 0.114 -0.0099169 0.069034 0 0
-0 -0 -0 0.060956 0 0 0 0 0 -0 0 0.051997 -0.0045233 0.031488 0 0
0 0 0 0.080356 0 0 0 0 0 -0 0 0.068546 -0.0059629 0.041509 0 0
0 0 0 0.019694 0 0 0 0 0 -0 0 0.0168 -0.0014614 0.010173 0 0
-0 -0 -0 0.16041 0 0 0 0 0 -0 0 0.13684 -0.011904 0.082864 0 0
-0 -0 -0 0.068549 0 0 0 0 0 -0 0 0.058474 -0.0050867 0.03541 0 0
-0 -0 -0 0.16291 0 0 0 0 0 -0 0 0.13897 -0.012089 0.084152 0 0
0 0 0 0.085801 0 0 0 0 0 -0 0 0.073191 -0.006367 0.044322 0 0
-0 -0 -0 0.070766 0 0 0 0 0 -0 0 0.060365 -0.0052513 0.036555 0 0
-0 -0 -0 0.1793 0 0 0 0 0 -0 0 0.15295 -0.013305 0.092621 0 0
-0 -0 -0 0.13714 0 0 0 0 0 -0 0 0.11699 -0.010177 0.070842 0 0
0 0 0 0.18469 0 0 0 0 0 -0 0 0.15754 -0.013705 0.095403 0 0
0 0 0 0.097817 0 0 0 0 0 -0 0 0.08344 -0.0072586 0.050528 0 0
-0 -0 -0 0.11044 0 0 0 0 0 -0 0 0.094209 -0.0081954 0.05705 0 0
-0 -0 -0 0.057788 0 0 0 0 0 -0 0 0.049295 -0.0042882 0.029851 0 0
0 0 0 0.050538 0 0 0 0 0 -0 0 0.04311 -0.0037502 0.026106 0 0
-0 -0 -0 0.18011 0 0 0 0 0 -0 0 0.15364 -0.013365 0.093039 0 0
-0 -0 -0 0.17192 0 0 0 0 0 -0 0 0.14666 -0.012758 0.08881 0 0
-0 -0 -0 0.023033 0 0 0 0 0 -0 0 0.019648 -0.0017092 0.011898 0 0
0 0 0 0.01159 0 0 0 0 0 -0 0 0.009887 -0.00086008 0.0059872 0 0
0 0 0 0.17926 0 0 0 0 0 -0 0 0.15291 -0.013302 0.092599 0 0
-0 -0 -0 0.026216 0 0 0 0 0 -0 0 0.022363 -0.0019454 0.013542 0 0
0 0 0 0.10901 0 0 0 0 0 -0 0 0.09299 -0.0080893 0.056311 0 0
0 0 0 0.10268 0 0 0 0 0 -0 0 0.087587 -0.0076193 0.05304 0 0
-0 -0 -0 0.13421 0 0 0 0 0 -0 0 0.11449 -0.0099594 0.069329 0 0
-0 -0 -0 0.035589 0 0 0 0 0 -0 0 0.030358 -0.0026409 0.018384 0 0
0 0 0 0.18121 0 0 0 0 0 -0 0 0.15458 -0.013447 0.093607 0 0
0 0 0 0.13472 0 0 0 0 0 -0 0 0.11492 -0.0099973 0.069593 0 0
-0 -0 -0 0.12655 0 0 0 0 0 -0 0 0.10795 -0.0093911 0.065373 0 0
-0 -0 -0 0.078812 0 0 0 0 0 -0 0 0.067229 -0.0058483 0.040711 0 0
0 0 0 0.064633 0 0 0 0 0 -0 0 0.055134 -0.0047962 0.033387 0 0
-0 -0 -0 0.058687 0 0 0 0 0 -0 0 0.050061 -0.0043549 0.030315 0 0
0 0 0 0.028089 0 0 0 0 0 -0 0 0.023961 -0.0020844 0.01451 0 0
0 0 0 0.12991 0 0 0 0 0 -0 0 0.11081 -0.0096398 0.067104 0 0
0 0 0 0.081942 0 0 0 0 0 -0 0 0.069899 -0.0060806 0.042328 0 0
0 0 0 0.15479 0 0 0 0 0 -0 0 0.13204 -0.011486 0.079956 0 0
0 0 0 0.13299 0 0 0 0 0 -0 0 0.11345 -0.009869 0.0687 0 0
-0 -0 -0 0.11972 0 0 0 0 0 -0 0 0.10212 -0.008884 0.061843 0 0
0 0 0 0.052759 0 0 0 0 0 -0 0 0.045005 -0.0039151 0.027253 0 0
-0 -0 -0 0.13608 0 0 0 0 0 -0 0 0.11608 -0.010098 0.070294 0 0
-0 -0 -0 0.10872 0 0 0 0 0 -0 0 0.092741 -0.0080676 0.05616 0 0
-0 -0 -0 0.084572 0 0 0 0 0 -0 0 0.072143 -0.0062758 0.043687 0 0
-0 -0 -0 0.13552 0 0 0 0 0 -0 0 0.1156 -0.010056 0.070003 0 0
0 0 0 0.12713 0 0 0 0 0 -0 0 0.10844 -0.0094336 0.065669 0 0
-0 -0 -0 0.074886 0 0 0 0 0 -0 0 0.06388 -0.005557 0.038683 0 0
0 0 0 0.12261 0 0 0 0 0 -0 0 0.10459 -0.0090985 0.063336 0 0
-0 -0 -0 0.15179 0 0 0 0 0 -0 0 0.12948 -0.011264 0.078409 0 0
-0 -0 -0 0.068557 0 0 0 0 0 -0 0 0.058481 -0.0050873 0.035414 0 0
0 0 0 0.087607 0 0 0 0 0 -0 0 0.074731 -0.006501 0.045255 0 0
0 0 0 0.19906 0 0 0 0 0 -0 0 0.1698 -0.014771 0.10283 0 0
-0 -0 -0 0.0049615 0 0 0 0 0 -0 0 0.0042323 -0.00036817 0.0025629 0 0
0 0 0 0.17185 0 0 0 0 0 -0 0 0.14659 -0.012752 0.088771 0 0
-0 -0 -0 0.15682 0 0 0 0 0 -0 0 0.13377 -0.011637 0.081005 0 0
-0 -0 -0 0.1552 0 0 0 0 0 -0 0 0.13239 -0.011517 0.080171 0 0
0 0 0 0.068608 0 0 0 0 0 -0 0 0.058524 -0.0050911 0.03544 0 0
-0 -0 -0 0.068676 0 0 0 0 0 -0 0 0.058582 -0.0050962 0.035475 0 0
0 0 0 0.17147 0 0 0 0 0 -0 0 0.14627 -0.012724 0.088576 0 0
-0 -0 -0 0.13798 0 0 0 0 0 -0 0 0.1177 -0.010239 0.071273 0 0
0 0 0 0.19121 0 0 0 0 0 -0 0 0.1631 -0.014189 0.09877 0 0
-0 -0 -0 0.088888 0 0 0 0 0 -0 0 0.075824 -0.006596 0.045916 0 0
