-0 -0 -0 0.11214 0 0 0 0 0 -0 -0 0.083072 -0.042684 0.06206 0 0
-0 -0 -0 0.069066 0 0 0 0 0 -0 -0 0.051165 -0.02629 0.038224 0 0
0 0 0 0.1503 0 0 0 0 0 -0 -0 0.11134 -0.057211 0.08318 0 0
-0 -0 -0 0.12163 0 0 0 0 0 -0 -0 0.090106 -0.046299 0.067315 0 0
0 0 0 0.030329 0 0 0 0 0 -0 -0 0.022468 -0.011545 0.016785 0 0
-0 -0 -0 0.15132 0 0 0 0 0 -0 -0 0.1121 -0.057598 0.083744 0 0
-0 -0 -0 0.0073073 0 0 0 0 0 -0 -0 0.0054133 -0.0027815 0.0040441 0 0
0 0 0 0.15298 0 0 0 0 0 -0 -0 0.11333 -0.058234 0.084668 0 0
0 0 0 0.19347 0 0 0 0 0 -0 -0 0.14332 -0.073643 0.10707 0 0
0 0 0 0.088792 0 0 0 0 0 -0 -0 0.065778 -0.033799 0.049141 0 0
-0 -0 -0 0.17216 0 0 0 0 0 -0 -0 0.12754 -0.065533 0.09528 0 0
0 0 0 0.15934 0 0 0 0 0 -0 -0 0.11804 -0.060654 0.088187 0 0
0 0 0 0.041301 0 0 0 0 0 -0 -0 0.030597 -0.015721 0.022858 0 0
-0 -0 -0 0.1495 0 0 0 0 0 -0 -0 0.11075 -0.056905 0.082736 0 0
0 0 0 0.013007 0 0 0 0 0 -0 -0 0.0096359 -0.0049512 0.0071987 0 0
0 0 0 0.074497 0 0 0 0 0 -0 -0 0.055189 -0.028357 0.04123 0 0
-0 -0 -0 0.014049 0 0 0 0 0 -0 -0 0.010408 -0.0053479 0.0077755 0 0
0 0 0 0.09867 0 0 0 0 0 -0 -0 0.073096 -0.037559 0.054608 0 0
0 0 0 0.11151 0 0 0 0 0 -0 -0 0.082607 -0.042446 0.061713 0 0
-0 -0 -0 0.10542 0 0 0 0 0 -0 -0 0.078099 -0.040129 0.058345 0 0
-0 -0 -0 0.17342 0 0 0 0 0 -0 -0 0.12847 -0.066012 0.095977 0 0
-0 -0 -0 0.13363 0 0 0 0 0 -0 -0 0.098998 -0.050868 0.073958 0 0
-0 -0 -0 0.016069 0 0 0 0 0 -0 -0 0.011904 -0.0061168 0.0088934 0 0
0 0 0 0.16965 0 0 0 0 0 -0 -0 0.12568 -0.064576 0.093889 0 0
-0 -0 -0 0.074638 0 0 0 0 0 -0 -0 0.055293 -0.028411 0.041308 0 0
0 0 0 0.15976 0 0 0 0 0 -0 -0 0.11835 -0.060812 0.088417 0 0
-0 -0 -0 0.017752 0 0 0 0 0 -0 -0 0.013151 -0.0067575 0.0098249 0 0
0 0 0 0.18045 0 0 0 0 0 -0 -0 0.13368 -0.068688 0.099867 0 0
0 0 0 0.092623 0 0 0 0 0 -0 -0 0.068617 -0.035257 0.051261 0 0
0 0 0 0.045233 0 0 0 0 0 -0 -0 0.033509 -0.017218 0.025034 0 0
0 0 0 0.16212 0 0 0 0 0 -0 -0 0.1201 -0.061711 0.089723 0 0
0 0 0 0.054003 0 0 0 0 0 -0 -0 0.040006 -0.020556 0.029887 0 0
0 0 0 0.076982 0 0 0 0 0 -0 -0 0.057029 -0.029303 0.042605 0 0
-0 -0 -0 0.037774 0 0 0 0 0 -0 -0 0.027983 -0.014379 0.020905 0 0
-0 -0 -0 0.055435 0 0 0 0 0 -0 -0 0.041067 -0.021101 0.03068 0 0
0 0 0 0.12173 0 0 0 0 0 -0 -0 0.090179 -0.046336 0.06737 0 0
-0 -0 -0 0.021231 0 0 0 0 0 -0 -0 0.015728 -0.0080814 0.01175 0 0
0 0 0 0.13897 0 0 0 0 0 -0 -0 0.10295 -0.052897 0.076909 0 0
-0 -0 -0 0.017492 0 0 0 0 0 -0 -0 0.012958 -0.0066583 0.0096807 0 0
-0 -0 -0 0.031038 0 0 0 0 0 -0 -0 0.022994 -0.011815 0.017178 0 0
0 0 0 0.18996 0 0 0 0 0 -0 -0 0.14073 -0.072309 0.10513 0 0
-0 -0 -0 0.13666 0 0 0 0 0 -0 -0 0.10124 -0.05202 0.075634 0 0
0 0 0 0.17609 0 0 0 0 0 -0 -0 0.13045 -0.067027 0.097453 0 0
-0 -0 -0 0.15655 0 0 0 0 0 -0 -0 0.11597 -0.059591 0.086641 0 0
0 0 0 0.18842 0 0 0 0 0 -0 -0 0.13959 -0.071723 0.10428 0 0
-0 -0 -0 0.011578 0 0 0 0 0 -0 -0 0.0085773 -0.0044073 0.0064078 0 0
-0 -0 -0 0.15744 0 0 0 0 0 -0 -0 0.11663 -0.059928 0.087131 0 0
-0 -0 -0 0.0056114 0 0 0 0 0 -0 -0 0.004157 -0.002136 0.0031056 0 0
-0 -0 -0 0.084664 0 0 0 0 0 -0 -0 0.062721 -0.032227 0.046856 0 0
0 0 0 0.064013 0 0 0 0 0 -0 -0 0.047422 -0.024366 0.035427 0 0
0 0 0 0.078512 0 0 0 0 0 -0 -0 0.058163 -0.029886 0.043452 0 0
-0 -0 -0 0.047161 0 0 0 0 0 -0 -0 0.034938 -0.017952 0.026101 0 0
0 0 0 0.13273 0 0 0 0 0 -0 -0 0.098328 -0.050523 0.073457 0 0
0 0 0 0.16009 0 0 0 0 0 -0 -0 0.1186 -0.060939 0.088601 0 0
0 0 0 0.019862 0 0 0 0 0 -0 -0 0.014714 -0.0075606 0.010993 0 0
-0 -0 -0 0.18329 0 0 0 0 0 -0 -0 0.13579 -0.06977 0.10144 0 0
-0 -0 -0 0.06716 0 0 0 0 0 -0 -0 0.049753 -0.025565 0.037169 0 0
0 0 0 0.034564 0 0 0 0 0 -0 -0 0.025606 -0.013157 0.019129 0 0
0 0 0 0.15582 0 0 0 0 0 -0 -0 0.11543 -0.059312 0.086235 0 0
0 0 0 0.002049 0 0 0 0 0 -0 -0 0.0015179 -0.00077994 0.001134 0 0
-0 -0 -0 0.16188 0 0 0 0 0 -0 -0 0.11993 -0.061622 0.089593 0 0
0 0 0 0.040762 0 0 0 0 0 -0 -0 0.030197 -0.015516 0.022559 0 0
-0 -0 -0 0.13501 0 0 0 0 0 -0 -0 0.10002 -0.051393 0.074722 0 0
-0 -0 -0 0.18284 0 0 0 0 0 -0 -0 0.13545 -0.069598 0.10119 0 0
-0 -0 -0 0.059917 0 0 0 0 0 -0 -0 0.044387 -0.022807 0.03316 0 0
-0 -0 -0 0.0073108 0 0 0 0 0 -0 -0 0.005416 -0.0027829 0.0040461 0 0
0 0 0 0.15184 0 0 0 0 0 -0 -0 0.11249 -0.057798 0.084034 0 0
0 0 0 0.15768 0 0 0 0 0 -0 -0 0.11681 -0.060023 0.087269 0 0
0 0 0 0.027738 0 0 0 0 0 -0 -0 0.020549 -0.010559 0.015352 0 0
-0 -0 -0 0.020706 0 0 0 0 0 -0 -0 0.01534 -0.0078818 0.01146 0 0
-0 -0 -0 0.13078 0 0 0 0 0 -0 -0 0.096883 -0.049781 0.072378 0 0
-0 -0 -0 0.086384 0 0 0 0 0 -0 -0 0.063995 -0.032882 0.047808 0 0
-0 -0 -0 0.1601 0 0 0 0 0 -0 -0 0.1186 -0.060941 0.088604 0 0
0 0 0 0.056333 0 0 0 0 0 -0 -0 0.041733 -0.021443 0.031177 0 0
-0 -0 -0 0.074373 0 0 0 0 0 -0 -0 0.055096 -0.02831 0.041161 0 0
0 0 0 0.067046 0 0 0 0 0 -0 -0 0.049669 -0.025521 0.037106 0 0
0 0 0 0.050286 0 0 0 0 0 -0 -0 0.037253 -0.019141 0.02783 0 0
-0 -0 -0 0.13802 0 0 0 0 0 -0 -0 0.10225 -0.052539 0.076387 0 0
0 0 0 0.15041 0 0 0 0 0 -0 -0 0.11143 -0.057254 0.083243 0 0
-0 -0 -0 0.037755 0 0 0 0 0 -0 -0 0.02797 -0.014372 0.020895 0 0
-0 -0 -0 0.12523 0 0 0 0 0 -0 -0 0.092776 -0.047671 0.06931 0 0
-0 -0 -0 0.10536 0 0 0 0 0 -0 -0 0.078053 -0.040106 0.058311 0 0
-0 -0 -0 0.068639 0 0 0 0 0 -0 -0 0.050849 -0.026128 0.037988 0 0
-0 -0 -0 0.038249 0 0 0 0 0 -0 -0 0.028336 -0.01456 0.021169 0 0
-0 -0 -0 0.102 0 0 0 0 0 -0 -0 0.075564 -0.038827 0.056451 0 0
0 0 0 0.19738 0 0 0 0 0 -0 -0 0.14623 -0.075135 0.10924 0 0
0 0 0 0.056692 0 0 0 0 0 -0 -0 0.041998 -0.02158 0.031376 0 0
0 0 0 0.0069663 0 0 0 0 0 -0 -0 0.0051608 -0.0026517 0.0038554 0 0
0 0 0 0.19819 0 0 0 0 0 -0 -0 0.14683 -0.075443 0.10969 0 0
0 0 0 0.19826 0 0 0 0 0 -0 -0 0.14687 -0.075467 0.10972 0 0
-0 -0 -0 0.13662 0 0 0 0 0 -0 -0 0.10121 -0.052003 0.075609 0 0
0 0 0 0.11489 0 0 0 0 0 -0 -0 0.085114 -0.043734 0.063586 0 0
0 0 0 0.089095 0 0 0 0 0 -0 -0 0.066003 -0.033914 0.049309 0 0
-0 -0 -0 0.012236 0 0 0 0 0 -0 -0 0.0090644 -0.0046575 0.0067717 0 0
0 0 0 0.033742 0 0 0 0 0 -0 -0 0.024997 -0.012844 0.018674 0 0
0 0 0 0.057753 0 0 0 0 0 -0 -0 0.042784 -0.021984 0.031963 0 0
0 0 0 0.19772 0 0 0 0 0 -0 -0 0.14648 -0.075263 0.10943 0 0
0 0 0 0.10215 0 0 0 0 0 -0 -0 0.075674 -0.038883 0.056534 0 0
0 0 0 0.10448 0 0 0 0 0 -0 -0 0.077404 -0.039772 0.057826 0 0
0 0 0 0.048463 0 0 0 0 0 -0 -0 0.035902 -0.018448 0.026822 0 0
