-0 -0 -0.032589 0 0 0 0 0 0 0 0 0 0 0.012405 -0.01437 -0.026489 0.0026553 -0.0032392 0.0030008 0 0
0 0 0.035372 0 0 0 0 0 0 0 0 0 0 -0.013464 0.015597 0.028751 -0.0030263 0.0033921 -0.0032575 0 0
-0 -0 -0.12499 0 0 0 0 0 0 0 0 0 0 0.047577 -0.055115 -0.10159 0.0094668 -0.012987 0.011479 0 0
0 0 0.22999 0 0 0 0 0 0 0 0 0 0 -0.087546 0.10142 0.18694 -0.022185 0.019572 -0.021008 0 0
-0 -0 -0.027242 0 0 0 0 0 0 0 0 0 0 0.01037 -0.012012 -0.022142 0.0022285 -0.0027004 0.0025086 0 0
-0 -0 -0.14529 0 0 0 0 0 0 0 0 0 0 0.055304 -0.064066 -0.11809 0.010817 -0.015234 0.01333 0 0
-0 -0 -0.28823 0 0 0 0 0 0 0 0 0 0 0.10972 -0.1271 -0.23428 0.018769 -0.032027 0.026165 0 0
0 0 0.25694 0 0 0 0 0 0 0 0 0 0 -0.097806 0.1133 0.20885 -0.025148 0.02146 -0.02342 0 0
0 0 0.22292 0 0 0 0 0 0 0 0 0 0 -0.084854 0.098297 0.18119 -0.02142 0.019062 -0.020372 0 0
-0 -0 -0.24332 0 0 0 0 0 0 0 0 0 0 0.092619 -0.10729 -0.19777 0.016569 -0.026578 0.022178 0 0
-0 -0 -0.28323 0 0 0 0 0 0 0 0 0 0 0.10781 -0.12489 -0.23021 0.018537 -0.031413 0.025723 0 0
0 0 0.022768 0 0 0 0 0 0 0 0 0 0 -0.0086668 0.01004 0.018506 -0.001931 0.0021985 -0.002097 0 0
0 0 0.25177 0 0 0 0 0 0 0 0 0 0 -0.095838 0.11102 0.20465 -0.024575 0.021105 -0.022958 0 0
-0 -0 -0.020593 0 0 0 0 0 0 0 0 0 0 0.0078389 -0.0090808 -0.016739 0.001693 -0.0020344 0.0018965 0 0
-0 -0 -0.1921 0 0 0 0 0 0 0 0 0 0 0.073125 -0.084709 -0.15614 0.013724 -0.020553 0.017578 0 0
-0 -0 -0.12303 0 0 0 0 0 0 0 0 0 0 0.046832 -0.054251 -0.1 0.0093336 -0.012772 0.0113 0 0
-0 -0 -0.038939 0 0 0 0 0 0 0 0 0 0 0.014822 -0.01717 -0.03165 0.0031577 -0.0038829 0.0035853 0 0
-0 -0 -0.11505 0 0 0 0 0 0 0 0 0 0 0.043792 -0.05073 -0.093511 0.0087858 -0.0119 0.01057 0 0
0 0 0.2967 0 0 0 0 0 0 0 0 0 0 -0.11294 0.13083 0.24116 -0.029644 0.02408 -0.026946 0 0
0 0 0.10144 0 0 0 0 0 0 0 0 0 0 -0.038613 0.04473 0.082451 -0.0090678 0.0093686 -0.0093291 0 0
-0 -0 -0.046587 0 0 0 0 0 0 0 0 0 0 0.017733 -0.020543 -0.037866 0.003756 -0.0046633 0.0042888 0 0
0 0 0.030749 0 0 0 0 0 0 0 0 0 0 -0.011705 0.013559 0.024993 -0.0026224 0.0029563 -0.0028319 0 0
0 0 0.32598 0 0 0 0 0 0 0 0 0 0 -0.12408 0.14374 0.26496 -0.033046 0.025881 -0.029516 0 0
0 0 0.20476 0 0 0 0 0 0 0 0 0 0 -0.077942 0.09029 0.16643 -0.019476 0.017724 -0.018736 0 0
0 0 0.2211 0 0 0 0 0 0 0 0 0 0 -0.084163 0.097496 0.17971 -0.021224 0.01893 -0.020209 0 0
0 0 0.24129 0 0 0 0 0 0 0 0 0 0 -0.091847 0.1064 0.19612 -0.023419 0.020374 -0.022021 0 0
-0 -0 -0.13077 0 0 0 0 0 0 0 0 0 0 0.049776 -0.057662 -0.10629 0.0098564 -0.013623 0.012006 0 0
-0 -0 -0.017313 0 0 0 0 0 0 0 0 0 0 0.0065902 -0.0076343 -0.014072 0.0014267 -0.0017075 0.0015945 0 0
-0 -0 -0.12118 0 0 0 0 0 0 0 0 0 0 0.046129 -0.053437 -0.0985 0.0092077 -0.01257 0.011131 0 0
-0 -0 -0.12362 0 0 0 0 0 0 0 0 0 0 0.047055 -0.05451 -0.10048 0.0093736 -0.012837 0.011354 0 0
-0 -0 -0.20434 0 0 0 0 0 0 0 0 0 0 0.077783 -0.090105 -0.16609 0.014436 -0.021974 0.018682 0 0
0 0 0.30961 0 0 0 0 0 0 0 0 0 0 -0.11785 0.13652 0.25166 -0.031135 0.024888 -0.028083 0 0
-0 -0 -0.052529 0 0 0 0 0 0 0 0 0 0 0.019995 -0.023163 -0.042696 0.004216 -0.0052737 0.0048354 0 0
-0 -0 -0.14686 0 0 0 0 0 0 0 0 0 0 0.055904 -0.06476 -0.11937 0.010919 -0.01541 0.013474 0 0
-0 -0 -0.23033 0 0 0 0 0 0 0 0 0 0 0.087674 -0.10156 -0.18721 0.015881 -0.02503 0.021016 0 0
-0 -0 -0.29401 0 0 0 0 0 0 0 0 0 0 0.11191 -0.12964 -0.23897 0.019031 -0.032738 0.026673 0 0
0 0 0.10196 0 0 0 0 0 0 0 0 0 0 -0.038812 0.04496 0.082875 -0.0091175 0.0094139 -0.0093769 0 0
-0 -0 -0.25981 0 0 0 0 0 0 0 0 0 0 0.098896 -0.11456 -0.21118 0.017409 -0.028562 0.023648 0 0
-0 -0 -0.21357 0 0 0 0 0 0 0 0 0 0 0.081294 -0.094173 -0.17359 0.01496 -0.023053 0.019512 0 0
0 0 0.10699 0 0 0 0 0 0 0 0 0 0 -0.040727 0.047179 0.086965 -0.0095981 0.009849 -0.009838 0 0
0 0 0.04072 0 0 0 0 0 0 0 0 0 0 -0.0155 0.017956 0.033098 -0.0034967 0.0038935 -0.0037498 0 0
-0 -0 -0.31838 0 0 0 0 0 0 0 0 0 0 0.12119 -0.14039 -0.25878 0.020089 -0.035765 0.02881 0 0
0 0 0.087282 0 0 0 0 0 0 0 0 0 0 -0.033224 0.038488 0.070944 -0.0077315 0.0081283 -0.0080304 0 0
-0 -0 -0.19199 0 0 0 0 0 0 0 0 0 0 0.07308 -0.084657 -0.15605 0.013717 -0.02054 0.017567 0 0
-0 -0 -0.33783 0 0 0 0 0 0 0 0 0 0 0.12859 -0.14897 -0.27459 0.020873 -0.03821 0.030504 0 0
0 0 0.0057761 0 0 0 0 0 0 0 0 0 0 -0.0021987 0.002547 0.0046949 -0.00048402 0.00056282 -0.00053201 0 0
-0 -0 -0.29936 0 0 0 0 0 0 0 0 0 0 0.11395 -0.132 -0.24332 0.019271 -0.033399 0.027144 0 0
-0 -0 -0.17202 0 0 0 0 0 0 0 0 0 0 0.065478 -0.075851 -0.13982 0.012512 -0.018248 0.015759 0 0
0 0 0.070783 0 0 0 0 0 0 0 0 0 0 -0.026943 0.031212 0.057533 -0.0062025 0.0066547 -0.006515 0 0
-0 -0 -0.0042026 0 0 0 0 0 0 0 0 0 0 0.0015997 -0.0018532 -0.0034159 0.00034965 -0.00041166 0.00038707 0 0
0 0 0.13217 0 0 0 0 0 0 0 0 0 0 -0.050311 0.058282 0.10743 -0.012045 0.011983 -0.012142 0 0
-0 -0 -0.25071 0 0 0 0 0 0 0 0 0 0 0.095435 -0.11055 -0.20378 0.01695 -0.027465 0.022838 0 0
-0 -0 -0.12091 0 0 0 0 0 0 0 0 0 0 0.046023 -0.053314 -0.098273 0.0091886 -0.012539 0.011106 0 0
-0 -0 -0.33042 0 0 0 0 0 0 0 0 0 0 0.12578 -0.1457 -0.26857 0.020581 -0.037276 0.029861 0 0
0 0 0.28192 0 0 0 0 0 0 0 0 0 0 -0.10731 0.12431 0.22914 -0.027955 0.023129 -0.025639 0 0
0 0 0.16 0 0 0 0 0 0 0 0 0 0 -0.060902 0.070551 0.13005 -0.014828 0.014257 -0.014679 0 0
-0 -0 -0.18704 0 0 0 0 0 0 0 0 0 0 0.071196 -0.082475 -0.15203 0.013424 -0.019969 0.01712 0 0
-0 -0 -0.18874 0 0 0 0 0 0 0 0 0 0 0.071844 -0.083226 -0.15341 0.013525 -0.020165 0.017274 0 0
-0 -0 -0.039535 0 0 0 0 0 0 0 0 0 0 0.015049 -0.017433 -0.032134 0.0032045 -0.0039434 0.00364 0 0
0 0 0.28035 0 0 0 0 0 0 0 0 0 0 -0.10672 0.12362 0.22787 -0.027778 0.023027 -0.025501 0 0
-0 -0 -0.32728 0 0 0 0 0 0 0 0 0 0 0.12458 -0.14432 -0.26602 0.020454 -0.036881 0.029587 0 0
-0 -0 -0.33531 0 0 0 0 0 0 0 0 0 0 0.12763 -0.14786 -0.27254 0.020774 -0.037892 0.030285 0 0
0 0 0.25714 0 0 0 0 0 0 0 0 0 0 -0.097879 0.11339 0.209 -0.02517 0.021473 -0.023437 0 0
0 0 0.3357 0 0 0 0 0 0 0 0 0 0 -0.12778 0.14803 0.27286 -0.034193 0.026455 -0.030365 0 0
0 0 0.32285 0 0 0 0 0 0 0 0 0 0 -0.12289 0.14236 0.26242 -0.03268 0.025694 -0.029243 0 0
0 0 0.064161 0 0 0 0 0 0 0 0 0 0 -0.024423 0.028292 0.052151 -0.0055977 0.006055 -0.0059063 0 0
0 0 0.1069 0 0 0 0 0 0 0 0 0 0 -0.040691 0.047138 0.086889 -0.0095892 0.009841 -0.0098295 0 0
-0 -0 -0.15604 0 0 0 0 0 0 0 0 0 0 0.059398 -0.068808 -0.12683 0.01151 -0.01644 0.014309 0 0
-0 -0 -0.13811 0 0 0 0 0 0 0 0 0 0 0.052573 -0.060902 -0.11226 0.010346 -0.014436 0.012677 0 0
0 0 0.21248 0 0 0 0 0 0 0 0 0 0 -0.080882 0.093696 0.17271 -0.020299 0.018298 -0.019433 0 0
0 0 0.15716 0 0 0 0 0 0 0 0 0 0 -0.059822 0.069299 0.12774 -0.014541 0.014029 -0.01442 0 0
-0 -0 -0.17805 0 0 0 0 0 0 0 0 0 0 0.067774 -0.078511 -0.14472 0.012882 -0.018937 0.016306 0 0
-0 -0 -0.21017 0 0 0 0 0 0 0 0 0 0 0.080001 -0.092676 -0.17083 0.014768 -0.022655 0.019206 0 0
0 0 0.24195 0 0 0 0 0 0 0 0 0 0 -0.092099 0.10669 0.19666 -0.023492 0.020421 -0.02208 0 0
0 0 0.30037 0 0 0 0 0 0 0 0 0 0 -0.11433 0.13245 0.24414 -0.030066 0.024311 -0.027269 0 0
-0 -0 -0.19023 0 0 0 0 0 0 0 0 0 0 0.07241 -0.083882 -0.15462 0.013613 -0.020337 0.017408 0 0
0 0 0.017338 0 0 0 0 0 0 0 0 0 0 -0.0065996 0.0076451 0.014092 -0.0014648 0.001679 -0.0015969 0 0
-0 -0 -0.016876 0 0 0 0 0 0 0 0 0 0 0.0064237 -0.0074414 -0.013717 0.0013911 -0.001664 0.0015542 0 0
0 0 0.29917 0 0 0 0 0 0 0 0 0 0 -0.11388 0.13192 0.24317 -0.029928 0.024236 -0.027164 0 0
0 0 0.19818 0 0 0 0 0 0 0 0 0 0 -0.075436 0.087387 0.16108 -0.01878 0.017229 -0.018142 0 0
-0 -0 -0.11954 0 0 0 0 0 0 0 0 0 0 0.045503 -0.052711 -0.097163 0.0090951 -0.01239 0.010981 0 0
-0 -0 -0.17505 0 0 0 0 0 0 0 0 0 0 0.066631 -0.077187 -0.14228 0.012699 -0.018594 0.016034 0 0
0 0 0.24604 0 0 0 0 0 0 0 0 0 0 -0.093655 0.10849 0.19998 -0.023941 0.020707 -0.022446 0 0
0 0 0.34332 0 0 0 0 0 0 0 0 0 0 -0.13069 0.15139 0.27906 -0.035097 0.026896 -0.031028 0 0
0 0 0.1084 0 0 0 0 0 0 0 0 0 0 -0.041263 0.0478 0.088109 -0.0097331 0.0099702 -0.009967 0 0
0 0 0.026304 0 0 0 0 0 0 0 0 0 0 -0.010013 0.011599 0.02138 -0.0022363 0.002535 -0.0024226 0 0
0 0 0.02609 0 0 0 0 0 0 0 0 0 0 -0.0099311 0.011504 0.021206 -0.0022178 0.0025147 -0.0024029 0 0
0 0 0.33087 0 0 0 0 0 0 0 0 0 0 -0.12594 0.1459 0.26893 -0.033622 0.026171 -0.029943 0 0
0 0 0.2303 0 0 0 0 0 0 0 0 0 0 -0.087665 0.10155 0.18719 -0.022219 0.019594 -0.021036 0 0
-0 -0 -0.17746 0 0 0 0 0 0 0 0 0 0 0.067551 -0.078253 -0.14424 0.012846 -0.01887 0.016253 0 0
0 0 0.019284 0 0 0 0 0 0 0 0 0 0 -0.0073405 0.0085034 0.015674 -0.0016315 0.0018655 -0.0017761 0 0
-0 -0 -0.2838 0 0 0 0 0 0 0 0 0 0 0.10803 -0.12514 -0.23067 0.018564 -0.031483 0.025773 0 0
0 0 0.066993 0 0 0 0 0 0 0 0 0 0 -0.025501 0.029541 0.054453 -0.0058558 0.0063121 -0.0061667 0 0
0 0 0.26785 0 0 0 0 0 0 0 0 0 0 -0.10196 0.11811 0.21771 -0.026367 0.022198 -0.024391 0 0
0 0 0.32391 0 0 0 0 0 0 0 0 0 0 -0.1233 0.14283 0.26328 -0.032803 0.025757 -0.029336 0 0
-0 -0 -0.029262 0 0 0 0 0 0 0 0 0 0 0.011139 -0.012903 -0.023784 0.0023902 -0.0029036 0.0026946 0 0
0 0 0.23567 0 0 0 0 0 0 0 0 0 0 -0.089708 0.10392 0.19156 -0.022804 0.019977 -0.021517 0 0
-0 -0 -0.34409 0 0 0 0 0 0 0 0 0 0 0.13098 -0.15173 -0.27968 0.021114 -0.039002 0.031047 0 0
-0 -0 -0.11184 0 0 0 0 0 0 0 0 0 0 0.042571 -0.049315 -0.090903 0.0085634 -0.011551 0.010277 0 0
0 0 0.015137 0 0 0 0 0 0 0 0 0 0 -0.0057621 0.0066749 0.012304 -0.0012769 0.0014677 -0.0013942 0 0
