-0 -0 -0.037795 0 0 0 0 0 0 0 0 0 0 0.01592 -0.015391 -0.030629 0.0014365 -0.0042616 0.0028881 0 0
-0 -0 -0.2484 0 0 0 0 0 0 0 0 0 0 0.10463 -0.10115 -0.20131 0.0061751 -0.029424 0.017995 0 0
-0 -0 -0.062073 0 0 0 0 0 0 0 0 0 0 0.026147 -0.025277 -0.050304 0.0022666 -0.0070454 0.0047183 0 0
0 0 0.34282 0 0 0 0 0 0 0 0 0 0 -0.1444 0.1396 0.27782 -0.020638 0.033709 -0.027665 0 0
-0 -0 -0.0042591 0 0 0 0 0 0 0 0 0 0 0.001794 -0.0017344 -0.0034515 0.00017061 -0.0004757 0.00032771 0 0
0 0 0.1562 0 0 0 0 0 0 0 0 0 0 -0.065793 0.063606 0.12658 -0.0077542 0.016561 -0.012352 0 0
0 0 0.34248 0 0 0 0 0 0 0 0 0 0 -0.14426 0.13946 0.27755 -0.020611 0.033681 -0.027637 0 0
0 0 0.20657 0 0 0 0 0 0 0 0 0 0 -0.087012 0.084119 0.1674 -0.010858 0.021495 -0.016445 0 0
-0 -0 -0.22428 0 0 0 0 0 0 0 0 0 0 0.094471 -0.09133 -0.18175 0.0059173 -0.02644 0.016362 0 0
-0 -0 -0.0057676 0 0 0 0 0 0 0 0 0 0 0.0024294 -0.0023487 -0.004674 0.00023051 -0.00064446 0.00044365 0 0
-0 -0 -0.23261 0 0 0 0 0 0 0 0 0 0 0.097981 -0.094723 -0.18851 0.0060147 -0.027468 0.016929 0 0
-0 -0 -0.28358 0 0 0 0 0 0 0 0 0 0 0.11945 -0.11548 -0.22981 0.0064175 -0.033812 0.020326 0 0
-0 -0 -0.22642 0 0 0 0 0 0 0 0 0 0 0.095374 -0.092202 -0.18349 0.0059432 -0.026704 0.016508 0 0
-0 -0 -0.18 0 0 0 0 0 0 0 0 0 0 0.075819 -0.073298 -0.14587 0.0052508 -0.021023 0.013293 0 0
-0 -0 -0.32832 0 0 0 0 0 0 0 0 0 0 0.1383 -0.1337 -0.26607 0.0064968 -0.039448 0.023199 0 0
0 0 0.030937 0 0 0 0 0 0 0 0 0 0 -0.013031 0.012598 0.025071 -0.0013054 0.0034194 -0.0023967 0 0
-0 -0 -0.22405 0 0 0 0 0 0 0 0 0 0 0.094376 -0.091238 -0.18157 0.0059145 -0.026412 0.016346 0 0
0 0 0.070756 0 0 0 0 0 0 0 0 0 0 -0.029804 0.028813 0.05734 -0.003155 0.0077234 -0.0055209 0 0
0 0 0.080989 0 0 0 0 0 0 0 0 0 0 -0.034115 0.03298 0.065633 -0.0036608 0.0088112 -0.0063304 0 0
0 0 0.0014918 0 0 0 0 0 0 0 0 0 0 -0.00062837 0.00060748 0.0012089 -6.028e-05 0.00016634 -0.00011492 0 0
0 0 0.22033 0 0 0 0 0 0 0 0 0 0 -0.092808 0.089722 0.17855 -0.011755 0.022806 -0.01757 0 0
0 0 0.24288 0 0 0 0 0 0 0 0 0 0 -0.10231 0.098906 0.19683 -0.01327 0.024917 -0.019418 0 0
0 0 0.25763 0 0 0 0 0 0 0 0 0 0 -0.10852 0.10491 0.20878 -0.014291 0.026273 -0.02063 0 0
0 0 0.14083 0 0 0 0 0 0 0 0 0 0 -0.059323 0.05735 0.11413 -0.0068649 0.015014 -0.011113 0 0
-0 -0 -0.076797 0 0 0 0 0 0 0 0 0 0 0.032349 -0.031273 -0.062236 0.0027344 -0.0087504 0.0058183 0 0
-0 -0 -0.22639 0 0 0 0 0 0 0 0 0 0 0.095361 -0.09219 -0.18347 0.0059428 -0.026701 0.016506 0 0
0 0 0.13756 0 0 0 0 0 0 0 0 0 0 -0.057944 0.056018 0.11148 -0.006679 0.014682 -0.010849 0 0
0 0 0.18121 0 0 0 0 0 0 0 0 0 0 -0.076331 0.073793 0.14685 -0.0092598 0.019038 -0.014379 0 0
-0 -0 -0.17082 0 0 0 0 0 0 0 0 0 0 0.071953 -0.06956 -0.13843 0.0050815 -0.01991 0.012646 0 0
-0 -0 -0.20379 0 0 0 0 0 0 0 0 0 0 0.085841 -0.082986 -0.16515 0.0056399 -0.023923 0.014953 0 0
0 0 0.21312 0 0 0 0 0 0 0 0 0 0 -0.089771 0.086786 0.17271 -0.011282 0.022121 -0.01698 0 0
-0 -0 -0.27286 0 0 0 0 0 0 0 0 0 0 0.11494 -0.11112 -0.22113 0.0063605 -0.032471 0.019623 0 0
0 0 0.30254 0 0 0 0 0 0 0 0 0 0 -0.12744 0.1232 0.24518 -0.017542 0.030279 -0.024333 0 0
0 0 0.15239 0 0 0 0 0 0 0 0 0 0 -0.064189 0.062054 0.12349 -0.0075311 0.016179 -0.012044 0 0
-0 -0 -0.13853 0 0 0 0 0 0 0 0 0 0 0.058351 -0.056411 -0.11226 0.0044008 -0.016027 0.010341 0 0
0 0 0.14571 0 0 0 0 0 0 0 0 0 0 -0.061376 0.059335 0.11808 -0.0071442 0.015507 -0.011505 0 0
-0 -0 -0.33831 0 0 0 0 0 0 0 0 0 0 0.1425 -0.13777 -0.27417 0.0064794 -0.040714 0.023826 0 0
-0 -0 -0.22794 0 0 0 0 0 0 0 0 0 0 0.096014 -0.092821 -0.18472 0.0059612 -0.026892 0.016611 0 0
-0 -0 -0.012776 0 0 0 0 0 0 0 0 0 0 0.0053815 -0.0052026 -0.010354 0.00050515 -0.0014305 0.00098135 0 0
-0 -0 -0.24977 0 0 0 0 0 0 0 0 0 0 0.10521 -0.10171 -0.20241 0.0061875 -0.029594 0.018087 0 0
0 0 0.052529 0 0 0 0 0 0 0 0 0 0 -0.022126 0.021391 0.042569 -0.0022848 0.0057672 -0.0040856 0 0
0 0 0.094171 0 0 0 0 0 0 0 0 0 0 -0.039667 0.038348 0.076316 -0.0043306 0.010201 -0.0073768 0 0
-0 -0 -0.30732 0 0 0 0 0 0 0 0 0 0 0.12945 -0.12515 -0.24905 0.0064916 -0.036795 0.021864 0 0
0 0 0.095225 0 0 0 0 0 0 0 0 0 0 -0.040111 0.038777 0.07717 -0.0043851 0.010312 -0.0074607 0 0
0 0 0.1114 0 0 0 0 0 0 0 0 0 0 -0.046924 0.045363 0.090277 -0.0052368 0.011997 -0.0087506 0 0
-0 -0 -0.32401 0 0 0 0 0 0 0 0 0 0 0.13648 -0.13194 -0.26258 0.0065003 -0.038904 0.022927 0 0
-0 -0 -0.26229 0 0 0 0 0 0 0 0 0 0 0.11048 -0.10681 -0.21256 0.0062898 -0.031152 0.018923 0 0
-0 -0 -0.045554 0 0 0 0 0 0 0 0 0 0 0.019189 -0.018551 -0.036917 0.0017097 -0.0051475 0.0034752 0 0
-0 -0 -0.10332 0 0 0 0 0 0 0 0 0 0 0.043521 -0.042074 -0.083731 0.0035089 -0.011852 0.0077796 0 0
0 0 0.14344 0 0 0 0 0 0 0 0 0 0 -0.060422 0.058413 0.11625 -0.007014 0.015278 -0.011323 0 0
0 0 0.19695 0 0 0 0 0 0 0 0 0 0 -0.082961 0.080202 0.15961 -0.010243 0.02057 -0.01566 0 0
0 0 0.33089 0 0 0 0 0 0 0 0 0 0 -0.13938 0.13474 0.26815 -0.019704 0.03271 -0.026678 0 0
-0 -0 -0.13331 0 0 0 0 0 0 0 0 0 0 0.056154 -0.054287 -0.10804 0.0042786 -0.015405 0.0099647 0 0
0 0 0.27268 0 0 0 0 0 0 0 0 0 0 -0.11486 0.11104 0.22098 -0.015357 0.027637 -0.02187 0 0
-0 -0 -0.17824 0 0 0 0 0 0 0 0 0 0 0.075079 -0.072583 -0.14445 0.0052193 -0.02081 0.013169 0 0
0 0 0.053429 0 0 0 0 0 0 0 0 0 0 -0.022506 0.021757 0.043299 -0.0023269 0.0058644 -0.0041562 0 0
-0 -0 -0.21612 0 0 0 0 0 0 0 0 0 0 0.091036 -0.088009 -0.17515 0.0058133 -0.025437 0.015803 0 0
0 0 0.021831 0 0 0 0 0 0 0 0 0 0 -0.0091957 0.00889 0.017692 -0.00090912 0.0024196 -0.0016884 0 0
-0 -0 -0.14736 0 0 0 0 0 0 0 0 0 0 0.062072 -0.060008 -0.11942 0.0046002 -0.017085 0.010976 0 0
-0 -0 -0.039382 0 0 0 0 0 0 0 0 0 0 0.016589 -0.016037 -0.031915 0.001493 -0.0044425 0.0030083 0 0
0 0 0.0049318 0 0 0 0 0 0 0 0 0 0 -0.0020774 0.0020083 0.0039967 -0.00020032 0.00054936 -0.00038017 0 0
-0 -0 -0.01603 0 0 0 0 0 0 0 0 0 0 0.0067522 -0.0065277 -0.012991 0.00063062 -0.0017965 0.0012305 0 0
0 0 0.34716 0 0 0 0 0 0 0 0 0 0 -0.14623 0.14137 0.28134 -0.020981 0.034069 -0.028025 0 0
-0 -0 -0.14712 0 0 0 0 0 0 0 0 0 0 0.06197 -0.059909 -0.11922 0.0045948 -0.017056 0.010959 0 0
-0 -0 -0.042366 0 0 0 0 0 0 0 0 0 0 0.017846 -0.017252 -0.034333 0.0015983 -0.004783 0.0032342 0 0
-0 -0 -0.15366 0 0 0 0 0 0 0 0 0 0 0.064727 -0.062574 -0.12453 0.0047363 -0.017841 0.011427 0 0
-0 -0 -0.11237 0 0 0 0 0 0 0 0 0 0 0.047334 -0.04576 -0.091066 0.0037531 -0.01292 0.0084428 0 0
0 0 0.18138 0 0 0 0 0 0 0 0 0 0 -0.076402 0.073862 0.14699 -0.0092703 0.019055 -0.014393 0 0
0 0 0.30274 0 0 0 0 0 0 0 0 0 0 -0.12752 0.12328 0.24534 -0.017558 0.030297 -0.02435 0 0
0 0 0.025296 0 0 0 0 0 0 0 0 0 0 -0.010655 0.010301 0.0205 -0.0010587 0.0028007 -0.0019576 0 0
0 0 0.15829 0 0 0 0 0 0 0 0 0 0 -0.066675 0.064458 0.12828 -0.0078775 0.01677 -0.012521 0 0
0 0 0.34076 0 0 0 0 0 0 0 0 0 0 -0.14354 0.13876 0.27615 -0.020475 0.033537 -0.027495 0 0
0 0 0.29643 0 0 0 0 0 0 0 0 0 0 -0.12487 0.12071 0.24023 -0.017088 0.029746 -0.023829 0 0
-0 -0 -0.31922 0 0 0 0 0 0 0 0 0 0 0.13446 -0.12999 -0.25869 0.0065015 -0.038297 0.022623 0 0
-0 -0 -0.20881 0 0 0 0 0 0 0 0 0 0 0.087957 -0.085032 -0.16922 0.0057129 -0.024539 0.0153 0 0
-0 -0 -0.10095 0 0 0 0 0 0 0 0 0 0 0.042525 -0.041111 -0.081813 0.0034434 -0.011574 0.0076057 0 0
0 0 0.092648 0 0 0 0 0 0 0 0 0 0 -0.039026 0.037728 0.075082 -0.0042523 0.010041 -0.0072558 0 0
0 0 0.22717 0 0 0 0 0 0 0 0 0 0 -0.095691 0.092509 0.1841 -0.012209 0.023451 -0.01813 0 0
-0 -0 -0.3411 0 0 0 0 0 0 0 0 0 0 0.14368 -0.1389 -0.27643 0.0064723 -0.041068 0.024001 0 0
0 0 0.34672 0 0 0 0 0 0 0 0 0 0 -0.14605 0.14119 0.28098 -0.020946 0.034032 -0.027988 0 0
0 0 0.21178 0 0 0 0 0 0 0 0 0 0 -0.089206 0.08624 0.17162 -0.011195 0.021993 -0.01687 0 0
-0 -0 -0.19529 0 0 0 0 0 0 0 0 0 0 0.082263 -0.079527 -0.15827 0.0055093 -0.022885 0.014363 0 0
0 0 0.025967 0 0 0 0 0 0 0 0 0 0 -0.010938 0.010574 0.021043 -0.0010878 0.0028743 -0.0020098 0 0
0 0 0.19903 0 0 0 0 0 0 0 0 0 0 -0.083837 0.081049 0.16129 -0.010375 0.020771 -0.01583 0 0
-0 -0 -0.12212 0 0 0 0 0 0 0 0 0 0 0.05144 -0.04973 -0.098966 0.0040046 -0.014074 0.0091535 0 0
-0 -0 -0.055086 0 0 0 0 0 0 0 0 0 0 0.023204 -0.022432 -0.044642 0.0020351 -0.0062407 0.0041937 0 0
0 0 0.26627 0 0 0 0 0 0 0 0 0 0 -0.11216 0.10843 0.21578 -0.0149 0.027058 -0.021341 0 0
0 0 0.0062069 0 0 0 0 0 0 0 0 0 0 -0.0026145 0.0025276 0.0050301 -0.00025259 0.00069114 -0.00047858 0 0
-0 -0 -0.33585 0 0 0 0 0 0 0 0 0 0 0.14147 -0.13677 -0.27218 0.0064849 -0.040403 0.023673 0 0
-0 -0 -0.25621 0 0 0 0 0 0 0 0 0 0 0.10792 -0.10433 -0.20763 0.0062426 -0.030394 0.018517 0 0
0 0 0.022003 0 0 0 0 0 0 0 0 0 0 -0.0092684 0.0089602 0.017832 -0.00091654 0.0024386 -0.0017018 0 0
-0 -0 -0.28788 0 0 0 0 0 0 0 0 0 0 0.12126 -0.11723 -0.2333 0.0064363 -0.034351 0.020607 0 0
-0 -0 -0.30279 0 0 0 0 0 0 0 0 0 0 0.12754 -0.1233 -0.24538 0.006483 -0.036225 0.021572 0 0
0 0 0.23624 0 0 0 0 0 0 0 0 0 0 -0.09951 0.096201 0.19145 -0.012818 0.0243 -0.018873 0 0
-0 -0 -0.031587 0 0 0 0 0 0 0 0 0 0 0.013305 -0.012863 -0.025598 0.0012126 -0.0035555 0.0024168 0 0
-0 -0 -0.030732 0 0 0 0 0 0 0 0 0 0 0.012945 -0.012515 -0.024905 0.0011814 -0.0034584 0.0023519 0 0
-0 -0 -0.0075274 0 0 0 0 0 0 0 0 0 0 0.0031707 -0.0030653 -0.0061002 0.00030004 -0.00084153 0.00057882 0 0
-0 -0 -0.21677 0 0 0 0 0 0 0 0 0 0 0.091308 -0.088272 -0.17567 0.0058218 -0.025516 0.015848 0 0
0 0 0.22871 0 0 0 0 0 0 0 0 0 0 -0.096338 0.093134 0.18534 -0.012312 0.023596 -0.018256 0 0
-0 -0 -0.085869 0 0 0 0 0 0 0 0 0 0 0.03617 -0.034968 -0.069588 0.0030092 -0.0098071 0.0064921 0 0
