-0 -0 -0.32936 0 0 0 0 0 0 0 0 0 0 0.15077 -0.12149 -0.26643 0.03302 -0.025854 0.030475 0 0
-0 -0 -0.094362 0 0 0 0 0 0 0 0 0 0 0.043197 -0.034807 -0.076333 0.010519 -0.0060155 0.0086955 0 0
-0 -0 -0.23581 0 0 0 0 0 0 0 0 0 0 0.10795 -0.086983 -0.19075 0.024746 -0.017167 0.021832 0 0
0 0 0.18896 0 0 0 0 0 0 0 0 0 0 -0.086503 0.069703 0.15286 -0.02311 0.0083849 -0.016901 0 0
0 0 0.07569 0 0 0 0 0 0 0 0 0 0 -0.034649 0.02792 0.061228 -0.008958 0.0039575 -0.0068739 0 0
0 0 0.074575 0 0 0 0 0 0 0 0 0 0 -0.034138 0.027508 0.060326 -0.0088228 0.0039049 -0.0067734 0 0
0 0 0.29511 0 0 0 0 0 0 0 0 0 0 -0.13509 0.10886 0.23872 -0.037039 0.010863 -0.025914 0 0
0 0 0.10308 0 0 0 0 0 0 0 0 0 0 -0.047186 0.038022 0.083382 -0.012302 0.005194 -0.0093304 0 0
-0 -0 -0.16184 0 0 0 0 0 0 0 0 0 0 0.074084 -0.059696 -0.13091 0.01755 -0.011025 0.014959 0 0
0 0 0.25931 0 0 0 0 0 0 0 0 0 0 -0.11871 0.095653 0.20977 -0.03228 0.01021 -0.022923 0 0
0 0 0.031331 0 0 0 0 0 0 0 0 0 0 -0.014342 0.011557 0.025345 -0.0036552 0.0017335 -0.0028589 0 0
0 0 0.1456 0 0 0 0 0 0 0 0 0 0 -0.066652 0.053708 0.11778 -0.017596 0.0069049 -0.013106 0 0
0 0 0.31117 0 0 0 0 0 0 0 0 0 0 -0.14245 0.11478 0.25172 -0.039194 0.011096 -0.027239 0 0
-0 -0 -0.0010568 0 0 0 0 0 0 0 0 0 0 0.0004838 -0.00038984 -0.00085492 0.00012194 -6.0798e-05 9.673e-05 0 0
0 0 0.34655 0 0 0 0 0 0 0 0 0 0 -0.15864 0.12783 0.28034 -0.043975 0.011474 -0.030117 0 0
-0 -0 -0.042396 0 0 0 0 0 0 0 0 0 0 0.019408 -0.015639 -0.034295 0.00482 -0.0025567 0.0038935 0 0
0 0 0.16189 0 0 0 0 0 0 0 0 0 0 -0.074107 0.059715 0.13095 -0.019653 0.0074922 -0.014538 0 0
0 0 0.15486 0 0 0 0 0 0 0 0 0 0 -0.070892 0.057124 0.12527 -0.018764 0.0072436 -0.013922 0 0
-0 -0 -0.33866 0 0 0 0 0 0 0 0 0 0 0.15503 -0.12492 -0.27395 0.03379 -0.026771 0.031329 0 0
0 0 0.071001 0 0 0 0 0 0 0 0 0 0 -0.032502 0.02619 0.057435 -0.0083906 0.0037352 -0.0064514 0 0
-0 -0 -0.1372 0 0 0 0 0 0 0 0 0 0 0.062808 -0.050611 -0.11099 0.015033 -0.0091298 0.01267 0 0
-0 -0 -0.20439 0 0 0 0 0 0 0 0 0 0 0.093564 -0.075393 -0.16534 0.021758 -0.014477 0.018914 0 0
0 0 0.26071 0 0 0 0 0 0 0 0 0 0 -0.11935 0.096169 0.2109 -0.032464 0.010239 -0.023041 0 0
0 0 0.20137 0 0 0 0 0 0 0 0 0 0 -0.092184 0.074281 0.1629 -0.024708 0.0087588 -0.017976 0 0
0 0 0.063957 0 0 0 0 0 0 0 0 0 0 -0.029278 0.023592 0.051737 -0.0075413 0.0033957 -0.005816 0 0
0 0 0.0058796 0 0 0 0 0 0 0 0 0 0 -0.0026915 0.0021688 0.0047562 -0.00068003 0.00033548 -0.00053781 0 0
-0 -0 -0.17559 0 0 0 0 0 0 0 0 0 0 0.08038 -0.064769 -0.14204 0.01893 -0.012117 0.016237 0 0
-0 -0 -0.022851 0 0 0 0 0 0 0 0 0 0 0.01046 -0.008429 -0.018485 0.0026164 -0.0013481 0.0020953 0 0
-0 -0 -0.069196 0 0 0 0 0 0 0 0 0 0 0.031676 -0.025524 -0.055975 0.0077886 -0.0042963 0.0063666 0 0
-0 -0 -0.14519 0 0 0 0 0 0 0 0 0 0 0.066465 -0.053557 -0.11745 0.015856 -0.0097362 0.013412 0 0
-0 -0 -0.019593 0 0 0 0 0 0 0 0 0 0 0.0089693 -0.0072274 -0.01585 0.002246 -0.0011517 0.0017962 0 0
-0 -0 -0.13534 0 0 0 0 0 0 0 0 0 0 0.061956 -0.049924 -0.10948 0.014841 -0.0089896 0.012497 0 0
0 0 0.079177 0 0 0 0 0 0 0 0 0 0 -0.036245 0.029206 0.064049 -0.0093809 0.0041207 -0.0071876 0 0
-0 -0 -0.057294 0 0 0 0 0 0 0 0 0 0 0.026228 -0.021134 -0.046348 0.006478 -0.0035121 0.0052674 0 0
0 0 0.1286 0 0 0 0 0 0 0 0 0 0 -0.05887 0.047437 0.10403 -0.015466 0.0062516 -0.011603 0 0
0 0 0.030165 0 0 0 0 0 0 0 0 0 0 -0.013809 0.011127 0.024401 -0.0035178 0.0016714 -0.0027528 0 0
0 0 0.1254 0 0 0 0 0 0 0 0 0 0 -0.057407 0.046258 0.10144 -0.015067 0.0061242 -0.011319 0 0
-0 -0 -0.23812 0 0 0 0 0 0 0 0 0 0 0.109 -0.087835 -0.19262 0.024962 -0.017369 0.022046 0 0
0 0 0.027425 0 0 0 0 0 0 0 0 0 0 -0.012555 0.010116 0.022185 -0.0031954 0.0015247 -0.0025035 0 0
0 0 0.31123 0 0 0 0 0 0 0 0 0 0 -0.14247 0.1148 0.25177 -0.039202 0.011096 -0.027244 0 0
0 0 0.049786 0 0 0 0 0 0 0 0 0 0 -0.022791 0.018364 0.040273 -0.0058436 0.0026917 -0.0045343 0 0
-0 -0 -8.6341e-05 0 0 0 0 0 0 0 0 0 0 3.9525e-05 -3.1849e-05 -6.9844e-05 9.9656e-06 -4.9614e-06 7.9019e-06 0 0
-0 -0 -0.15141 0 0 0 0 0 0 0 0 0 0 0.06931 -0.05585 -0.12248 0.016492 -0.010214 0.01399 0 0
0 0 0.31146 0 0 0 0 0 0 0 0 0 0 -0.14258 0.11489 0.25195 -0.039232 0.011099 -0.027263 0 0
0 0 0.277 0 0 0 0 0 0 0 0 0 0 -0.1268 0.10218 0.22408 -0.034624 0.010556 -0.024407 0 0
0 0 0.0025744 0 0 0 0 0 0 0 0 0 0 -0.0011785 0.00094962 0.0020825 -0.00029742 0.00014747 -0.00023555 0 0
0 0 0.083912 0 0 0 0 0 0 0 0 0 0 -0.038413 0.030953 0.06788 -0.0099566 0.0043397 -0.0076133 0 0
-0 -0 -0.17344 0 0 0 0 0 0 0 0 0 0 0.079397 -0.063977 -0.1403 0.018715 -0.011945 0.016038 0 0
0 0 0.29386 0 0 0 0 0 0 0 0 0 0 -0.13452 0.1084 0.23771 -0.036872 0.010844 -0.02581 0 0
-0 -0 -0.073237 0 0 0 0 0 0 0 0 0 0 0.033526 -0.027015 -0.059244 0.0082308 -0.0045668 0.0067402 0 0
0 0 0.28548 0 0 0 0 0 0 0 0 0 0 -0.13069 0.10531 0.23094 -0.035754 0.010706 -0.025115 0 0
-0 -0 -0.32307 0 0 0 0 0 0 0 0 0 0 0.14789 -0.11917 -0.26134 0.032494 -0.025239 0.029897 0 0
0 0 0.050427 0 0 0 0 0 0 0 0 0 0 -0.023084 0.018601 0.040793 -0.0059201 0.0027242 -0.0045924 0 0
-0 -0 -0.18655 0 0 0 0 0 0 0 0 0 0 0.085395 -0.068811 -0.1509 0.020015 -0.013003 0.017256 0 0
0 0 0.074194 0 0 0 0 0 0 0 0 0 0 -0.033964 0.027368 0.060018 -0.0087768 0.0038869 -0.0067391 0 0
0 0 0.25928 0 0 0 0 0 0 0 0 0 0 -0.11869 0.09564 0.20974 -0.032275 0.01021 -0.02292 0 0
-0 -0 -0.0022813 0 0 0 0 0 0 0 0 0 0 0.0010443 -0.00084152 -0.0018455 0.00026312 -0.00013143 0.00020883 0 0
-0 -0 -0.23646 0 0 0 0 0 0 0 0 0 0 0.10825 -0.087225 -0.19128 0.024808 -0.017224 0.021893 0 0
0 0 0.26664 0 0 0 0 0 0 0 0 0 0 -0.12206 0.098354 0.21569 -0.033248 0.010359 -0.023539 0 0
-0 -0 -0.32646 0 0 0 0 0 0 0 0 0 0 0.14945 -0.12042 -0.26409 0.032778 -0.02557 0.030209 0 0
0 0 0.30372 0 0 0 0 0 0 0 0 0 0 -0.13903 0.11203 0.24569 -0.038192 0.010993 -0.026625 0 0
-0 -0 -0.33433 0 0 0 0 0 0 0 0 0 0 0.15305 -0.12333 -0.27045 0.033433 -0.026344 0.030932 0 0
0 0 0.11469 0 0 0 0 0 0 0 0 0 0 -0.052503 0.042307 0.092779 -0.013737 0.0056867 -0.010367 0 0
0 0 0.010405 0 0 0 0 0 0 0 0 0 0 -0.0047629 0.0038379 0.0084166 -0.0012053 0.00059048 -0.00095131 0 0
0 0 0.16153 0 0 0 0 0 0 0 0 0 0 -0.073946 0.059585 0.13067 -0.019609 0.0074799 -0.014507 0 0
-0 -0 -0.20054 0 0 0 0 0 0 0 0 0 0 0.091801 -0.073973 -0.16222 0.021384 -0.014156 0.018556 0 0
0 0 0.14334 0 0 0 0 0 0 0 0 0 0 -0.065616 0.052873 0.11595 -0.017311 0.0068203 -0.012906 0 0
0 0 0.24706 0 0 0 0 0 0 0 0 0 0 -0.1131 0.091131 0.19985 -0.030664 0.0099439 -0.021887 0 0
0 0 0.28263 0 0 0 0 0 0 0 0 0 0 -0.12938 0.10425 0.22863 -0.035373 0.010657 -0.024877 0 0
-0 -0 -0.027181 0 0 0 0 0 0 0 0 0 0 0.012443 -0.010026 -0.021987 0.0031073 -0.0016115 0.0024932 0 0
-0 -0 -0.2424 0 0 0 0 0 0 0 0 0 0 0.11096 -0.089413 -0.19608 0.02536 -0.017746 0.022443 0 0
-0 -0 -0.058483 0 0 0 0 0 0 0 0 0 0 0.026772 -0.021572 -0.047309 0.0066094 -0.0035896 0.005377 0 0
0 0 0.27141 0 0 0 0 0 0 0 0 0 0 -0.12425 0.10012 0.21956 -0.033882 0.010452 -0.02394 0 0
-0 -0 -0.23284 0 0 0 0 0 0 0 0 0 0 0.10659 -0.085889 -0.18836 0.024469 -0.016908 0.021557 0 0
0 0 0.28756 0 0 0 0 0 0 0 0 0 0 -0.13164 0.10607 0.23262 -0.036031 0.010741 -0.025288 0 0
0 0 0.26586 0 0 0 0 0 0 0 0 0 0 -0.1217 0.098067 0.21506 -0.033145 0.010344 -0.023473 0 0
0 0 0.33736 0 0 0 0 0 0 0 0 0 0 -0.15444 0.12444 0.27291 -0.042729 0.011393 -0.029375 0 0
-0 -0 -0.11071 0 0 0 0 0 0 0 0 0 0 0.050678 -0.040836 -0.089554 0.012261 -0.0071758 0.010211 0 0
-0 -0 -0.025026 0 0 0 0 0 0 0 0 0 0 0.011456 -0.0092315 -0.020245 0.0028633 -0.0014801 0.0022952 0 0
-0 -0 -0.30332 0 0 0 0 0 0 0 0 0 0 0.13885 -0.11188 -0.24536 0.030813 -0.023336 0.028078 0 0
0 0 0.082389 0 0 0 0 0 0 0 0 0 0 -0.037716 0.030391 0.066647 -0.0097712 0.0042696 -0.0074764 0 0
0 0 0.22807 0 0 0 0 0 0 0 0 0 0 -0.10441 0.08413 0.1845 -0.028176 0.0094881 -0.020271 0 0
-0 -0 -0.1637 0 0 0 0 0 0 0 0 0 0 0.074936 -0.060383 -0.13242 0.017738 -0.011172 0.015132 0 0
0 0 0.23769 0 0 0 0 0 0 0 0 0 0 -0.10881 0.087677 0.19228 -0.029434 0.0097255 -0.021091 0 0
0 0 0.30013 0 0 0 0 0 0 0 0 0 0 -0.13739 0.11071 0.24278 -0.037711 0.01094 -0.026329 0 0
-0 -0 -0.25186 0 0 0 0 0 0 0 0 0 0 0.1153 -0.092904 -0.20374 0.026233 -0.018586 0.023321 0 0
-0 -0 -0.25757 0 0 0 0 0 0 0 0 0 0 0.11791 -0.095011 -0.20836 0.026756 -0.019098 0.02385 0 0
0 0 0.11155 0 0 0 0 0 0 0 0 0 0 -0.051066 0.041149 0.09024 -0.013348 0.0055554 -0.010087 0 0
-0 -0 -0.12783 0 0 0 0 0 0 0 0 0 0 0.058516 -0.047152 -0.1034 0.01406 -0.0084282 0.0118 0 0
-0 -0 -0.02321 0 0 0 0 0 0 0 0 0 0 0.010625 -0.0085616 -0.018776 0.0026572 -0.0013699 0.0021284 0 0
-0 -0 -0.012168 0 0 0 0 0 0 0 0 0 0 0.0055704 -0.0044885 -0.0098434 0.0013986 -0.00070915 0.0011148 0 0
0 0 0.33188 0 0 0 0 0 0 0 0 0 0 -0.15192 0.12242 0.26847 -0.041986 0.011339 -0.02893 0 0
-0 -0 -0.17616 0 0 0 0 0 0 0 0 0 0 0.080642 -0.06498 -0.1425 0.018987 -0.012163 0.016291 0 0
-0 -0 -0.27321 0 0 0 0 0 0 0 0 0 0 0.12507 -0.10078 -0.22101 0.028169 -0.020521 0.025298 0 0
0 0 0.065179 0 0 0 0 0 0 0 0 0 0 -0.029837 0.024042 0.052725 -0.0076883 0.0034551 -0.0059263 0 0
-0 -0 -0.24691 0 0 0 0 0 0 0 0 0 0 0.11303 -0.091078 -0.19974 0.025778 -0.018145 0.022862 0 0
-0 -0 -0.24424 0 0 0 0 0 0 0 0 0 0 0.11181 -0.090093 -0.19758 0.025531 -0.017909 0.022614 0 0
0 0 0.2351 0 0 0 0 0 0 0 0 0 0 -0.10762 0.086723 0.19018 -0.029095 0.009663 -0.020871 0 0
0 0 0.31542 0 0 0 0 0 0 0 0 0 0 -0.14439 0.11635 0.25516 -0.039765 0.011151 -0.027588 0 0
0 0 0.24622 0 0 0 0 0 0 0 0 0 0 -0.11271 0.090824 0.19918 -0.030554 0.0099249 -0.021816 0 0
