-0 -0 -0 0.12984 0 0 0 0 0 -0 -0 0.096188 -0.049424 0.071859 0 0
-0 -0 -0 0.043866 0 0 0 0 0 -0 -0 0.032497 -0.016698 0.024277 0 0
-0 -0 -0 0.074211 0 0 0 0 0 -0 -0 0.054976 -0.028248 0.041071 0 0
0 0 0 0.19619 0 0 0 0 0 -0 -0 0.14534 -0.074682 0.10858 0 0
0 0 0 0.12247 0 0 0 0 0 -0 -0 0.09073 -0.046619 0.067781 0 0
-0 -0 -0 0.061125 0 0 0 0 0 -0 -0 0.045283 -0.023267 0.033829 0 0
0 0 0 0.19346 0 0 0 0 0 -0 -0 0.14332 -0.073641 0.10707 0 0
-0 -0 -0 0.038803 0 0 0 0 0 -0 -0 0.028746 -0.01477 0.021475 0 0
-0 -0 -0 0.069055 0 0 0 0 0 -0 -0 0.051157 -0.026286 0.038218 0 0
0 0 0 0.034467 0 0 0 0 0 -0 -0 0.025534 -0.01312 0.019075 0 0
-0 -0 -0 0.065463 0 0 0 0 0 -0 -0 0.048496 -0.024918 0.03623 0 0
-0 -0 -0 0.053493 0 0 0 0 0 -0 -0 0.039629 -0.020362 0.029605 0 0
0 0 0 0.18601 0 0 0 0 0 -0 -0 0.1378 -0.070807 0.10295 0 0
-0 -0 -0 0.10267 0 0 0 0 0 -0 -0 0.076062 -0.039082 0.056823 0 0
-0 -0 -0 0.077368 0 0 0 0 0 -0 -0 0.057315 -0.02945 0.042818 0 0
-0 -0 -0 0.15568 0 0 0 0 0 -0 -0 0.11533 -0.059259 0.086158 0 0
0 0 0 0.073425 0 0 0 0 0 -0 -0 0.054394 -0.027949 0.040636 0 0
0 0 0 0.062663 0 0 0 0 0 -0 -0 0.046422 -0.023853 0.03468 0 0
0 0 0 0.060376 0 0 0 0 0 -0 -0 0.044727 -0.022982 0.033414 0 0
-0 -0 -0 0.064939 0 0 0 0 0 -0 -0 0.048108 -0.024719 0.03594 0 0
0 0 0 0.0068034 0 0 0 0 0 -0 -0 0.0050401 -0.0025897 0.0037653 0 0
0 0 0 0.035117 0 0 0 0 0 -0 -0 0.026015 -0.013367 0.019435 0 0
0 0 0 0.10165 0 0 0 0 0 -0 -0 0.075302 -0.038692 0.056256 0 0
-0 -0 -0 0.10546 0 0 0 0 0 -0 -0 0.078126 -0.040143 0.058365 0 0
0 0 0 0.031555 0 0 0 0 0 -0 -0 0.023377 -0.012011 0.017464 0 0
0 0 0 0.16657 0 0 0 0 0 -0 -0 0.1234 -0.063405 0.092186 0 0
-0 -0 -0 0.02082 0 0 0 0 0 -0 -0 0.015424 -0.007925 0.011522 0 0
0 0 0 0.015475 0 0 0 0 0 -0 -0 0.011464 -0.0058906 0.0085645 0 0
0 0 0 0.073486 0 0 0 0 0 -0 -0 0.05444 -0.027973 0.04067 0 0
0 0 0 0.074919 0 0 0 0 0 -0 -0 0.055501 -0.028518 0.041463 0 0
0 0 0 0.048017 0 0 0 0 0 -0 -0 0.035572 -0.018278 0.026574 0 0
-0 -0 -0 0.023852 0 0 0 0 0 -0 -0 0.01767 -0.0090793 0.013201 0 0
0 0 0 0.076513 0 0 0 0 0 -0 -0 0.056682 -0.029125 0.042345 0 0
0 0 0 0.11083 0 0 0 0 0 -0 -0 0.082108 -0.042189 0.06134 0 0
-0 -0 -0 0.0016245 0 0 0 0 0 -0 -0 0.0012035 -0.00061837 0.00089906 0 0
0 0 0 0.17852 0 0 0 0 0 -0 -0 0.13225 -0.067953 0.098799 0 0
-0 -0 -0 0.0082106 0 0 0 0 0 -0 -0 0.0060825 -0.0031254 0.0045441 0 0
-0 -0 -0 0.11182 0 0 0 0 0 -0 -0 0.082839 -0.042565 0.061886 0 0
0 0 0 0.10797 0 0 0 0 0 -0 -0 0.079983 -0.041097 0.059753 0 0
0 0 0 0.031884 0 0 0 0 0 -0 -0 0.023621 -0.012137 0.017646 0 0
0 0 0 0.1824 0 0 0 0 0 -0 -0 0.13512 -0.06943 0.10095 0 0
0 0 0 0.17292 0 0 0 0 0 -0 -0 0.1281 -0.065823 0.095702 0 0
-0 -0 -0 0.042336 0 0 0 0 0 -0 -0 0.031363 -0.016115 0.023431 0 0
-0 -0 -0 0.04078 0 0 0 0 0 -0 -0 0.030211 -0.015523 0.022569 0 0
0 0 0 0.04822 0 0 0 0 0 -0 -0 0.035722 -0.018355 0.026687 0 0
-0 -0 -0 0.095617 0 0 0 0 0 -0 -0 0.070835 -0.036397 0.052918 0 0
0 0 0 0.040694 0 0 0 0 0 -0 -0 0.030147 -0.01549 0.022522 0 0
-0 -0 -0 0.015743 0 0 0 0 0 -0 -0 0.011663 -0.0059925 0.0087127 0 0
-0 -0 -0 0.0033663 0 0 0 0 0 -0 -0 0.0024938 -0.0012814 0.0018631 0 0
-0 -0 -0 0.15416 0 0 0 0 0 -0 -0 0.1142 -0.05868 0.085316 0 0
-0 -0 -0 0.13056 0 0 0 0 0 -0 -0 0.096724 -0.049699 0.072259 0 0
0 0 0 0.17059 0 0 0 0 0 -0 -0 0.12638 -0.064936 0.094412 0 0
-0 -0 -0 0.12968 0 0 0 0 0 -0 -0 0.096073 -0.049365 0.071773 0 0
-0 -0 -0 0.053368 0 0 0 0 0 -0 -0 0.039536 -0.020315 0.029536 0 0
-0 -0 -0 0.10129 0 0 0 0 0 -0 -0 0.075038 -0.038556 0.056058 0 0
0 0 0 0.13697 0 0 0 0 0 -0 -0 0.10147 -0.052137 0.075803 0 0
-0 -0 -0 0.12657 0 0 0 0 0 -0 -0 0.093765 -0.048179 0.070048 0 0
0 0 0 0.19881 0 0 0 0 0 -0 -0 0.14728 -0.075677 0.11003 0 0
-0 -0 -0 0.034236 0 0 0 0 0 -0 -0 0.025363 -0.013032 0.018947 0 0
-0 -0 -0 0.163 0 0 0 0 0 -0 -0 0.12075 -0.062047 0.090211 0 0
-0 -0 -0 0.070715 0 0 0 0 0 -0 -0 0.052387 -0.026918 0.039136 0 0
-0 -0 -0 0.034674 0 0 0 0 0 -0 -0 0.025687 -0.013199 0.01919 0 0
-0 -0 -0 0.017144 0 0 0 0 0 -0 -0 0.012701 -0.006526 0.0094884 0 0
-0 -0 -0 0.050801 0 0 0 0 0 -0 -0 0.037634 -0.019337 0.028115 0 0
-0 -0 -0 0.011207 0 0 0 0 0 -0 -0 0.0083023 -0.0042659 0.0062024 0 0
0 0 0 0.076588 0 0 0 0 0 -0 -0 0.056738 -0.029153 0.042387 0 0
0 0 0 0.194 0 0 0 0 0 -0 -0 0.14372 -0.073846 0.10737 0 0
-0 -0 -0 0.056501 0 0 0 0 0 -0 -0 0.041857 -0.021507 0.03127 0 0
0 0 0 0.12818 0 0 0 0 0 -0 -0 0.094957 -0.048791 0.070939 0 0
-0 -0 -0 0.19288 0 0 0 0 0 -0 -0 0.14289 -0.07342 0.10675 0 0
-0 -0 -0 0.089931 0 0 0 0 0 -0 -0 0.066622 -0.034232 0.049771 0 0
0 0 0 0.11327 0 0 0 0 0 -0 -0 0.083912 -0.043116 0.062688 0 0
0 0 0 0.092605 0 0 0 0 0 -0 -0 0.068604 -0.03525 0.051252 0 0
0 0 0 0.0042571 0 0 0 0 0 -0 -0 0.0031537 -0.0016205 0.002356 0 0
-0 -0 -0 0.10725 0 0 0 0 0 -0 -0 0.079454 -0.040825 0.059357 0 0
-0 -0 -0 0.047584 0 0 0 0 0 -0 -0 0.035251 -0.018113 0.026335 0 0
-0 -0 -0 0.031507 0 0 0 0 0 -0 -0 0.023341 -0.011993 0.017437 0 0
0 0 0 0.07484 0 0 0 0 0 -0 -0 0.055443 -0.028488 0.04142 0 0
-0 -0 -0 0.051787 0 0 0 0 0 -0 -0 0.038365 -0.019713 0.028661 0 0
0 0 0 0.14758 0 0 0 0 0 -0 -0 0.10933 -0.056175 0.081675 0 0
-0 -0 -0 0.0045662 0 0 0 0 0 -0 -0 0.0033827 -0.0017381 0.0025271 0 0
-0 -0 -0 0.19624 0 0 0 0 0 -0 -0 0.14538 -0.074698 0.10861 0 0
0 0 0 0.0024422 0 0 0 0 0 -0 -0 0.0018092 -0.00092961 0.0013516 0 0
-0 -0 -0 0.070111 0 0 0 0 0 -0 -0 0.051939 -0.026688 0.038802 0 0
-0 -0 -0 0.15936 0 0 0 0 0 -0 -0 0.11806 -0.060661 0.088196 0 0
-0 -0 -0 0.1824 0 0 0 0 0 -0 -0 0.13513 -0.069432 0.10095 0 0
-0 -0 -0 0.086549 0 0 0 0 0 -0 -0 0.064117 -0.032945 0.0479 0 0
0 0 0 0.16172 0 0 0 0 0 -0 -0 0.1198 -0.061559 0.089502 0 0
-0 -0 -0 0.187 0 0 0 0 0 -0 -0 0.13854 -0.071183 0.10349 0 0
-0 -0 -0 0.19135 0 0 0 0 0 -0 -0 0.14176 -0.072838 0.1059 0 0
0 0 0 0.18518 0 0 0 0 0 -0 -0 0.13718 -0.070488 0.10248 0 0
0 0 0 0.059421 0 0 0 0 0 -0 -0 0.04402 -0.022619 0.032886 0 0
-0 -0 -0 0.075598 0 0 0 0 0 -0 -0 0.056004 -0.028776 0.041839 0 0
-0 -0 -0 0.022458 0 0 0 0 0 -0 -0 0.016637 -0.0085486 0.012429 0 0
-0 -0 -0 0.16542 0 0 0 0 0 -0 -0 0.12255 -0.062969 0.091552 0 0
-0 -0 -0 0.096376 0 0 0 0 0 -0 -0 0.071397 -0.036686 0.053338 0 0
-0 -0 -0 0.02468 0 0 0 0 0 -0 -0 0.018283 -0.0093945 0.013659 0 0
0 0 0 0.1909 0 0 0 0 0 -0 -0 0.14143 -0.072668 0.10565 0 0
0 0 0 0.18152 0 0 0 0 0 -0 -0 0.13447 -0.069096 0.10046 0 0
-0 -0 -0 0.11909 0 0 0 0 0 -0 -0 0.088227 -0.045333 0.065911 0 0
