0 0 0 0.11293 0 0 0 0 0 0 0 0.11126 -0.018725 0.0050306 0 0
0 0 0 0.074179 0 0 0 0 0 0 0 0.073078 -0.012299 0.0033043 0 0
-0 -0 -0 0.022013 0 0 0 0 0 0 0 0.021686 -0.0036498 0.00098055 0 0
-0 -0 -0 0.047348 0 0 0 0 0 0 0 0.046645 -0.0078506 0.0021091 0 0
0 0 0 0.021345 0 0 0 0 0 0 0 0.021028 -0.0035391 0.00095079 0 0
-0 -0 -0 0.012185 0 0 0 0 0 0 0 0.012004 -0.0020204 0.00054278 0 0
-0 -0 -0 0.049144 0 0 0 0 0 0 0 0.048414 -0.0081483 0.0021891 0 0
-0 -0 -0 0.063558 0 0 0 0 0 0 0 0.062614 -0.010538 0.0028311 0 0
-0 -0 -0 0.11596 0 0 0 0 0 0 0 0.11423 -0.019226 0.0051652 0 0
-0 -0 -0 0.044945 0 0 0 0 0 0 0 0.044278 -0.0074522 0.0020021 0 0
0 0 0 0.12075 0 0 0 0 0 0 0 0.11896 -0.020021 0.0053788 0 0
-0 -0 -0 0.088259 0 0 0 0 0 0 0 0.086949 -0.014634 0.0039315 0 0
0 0 0 0.14688 0 0 0 0 0 0 0 0.1447 -0.024354 0.0065429 0 0
0 0 0 0.13322 0 0 0 0 0 0 0 0.13124 -0.022089 0.0059343 0 0
-0 -0 -0 0.17371 0 0 0 0 0 0 0 0.17113 -0.028803 0.007738 0 0
0 0 0 0.062731 0 0 0 0 0 0 0 0.0618 -0.010401 0.0027943 0 0
-0 -0 -0 0.18708 0 0 0 0 0 0 0 0.1843 -0.031019 0.0083335 0 0
0 0 0 0.094196 0 0 0 0 0 0 0 0.092798 -0.015618 0.0041959 0 0
0 0 0 0.040809 0 0 0 0 0 0 0 0.040203 -0.0067663 0.0018178 0 0
-0 -0 -0 0.080042 0 0 0 0 0 0 0 0.078853 -0.013271 0.0035654 0 0
-0 -0 -0 0.0064412 0 0 0 0 0 0 0 0.0063456 -0.001068 0.00028692 0 0
-0 -0 -0 0.18238 0 0 0 0 0 0 0 0.17967 -0.030239 0.0081239 0 0
-0 -0 -0 0.027251 0 0 0 0 0 0 0 0.026846 -0.0045184 0.0012139 0 0
-0 -0 -0 0.12878 0 0 0 0 0 0 0 0.12687 -0.021352 0.0057363 0 0
-0 -0 -0 0.04299 0 0 0 0 0 0 0 0.042352 -0.0071281 0.001915 0 0
-0 -0 -0 0.11988 0 0 0 0 0 0 0 0.1181 -0.019876 0.0053398 0 0
0 0 0 0.033205 0 0 0 0 0 0 0 0.032712 -0.0055057 0.0014791 0 0
0 0 0 0.05468 0 0 0 0 0 0 0 0.053868 -0.0090662 0.0024357 0 0
0 0 0 0.17917 0 0 0 0 0 0 0 0.17651 -0.029708 0.0079812 0 0
-0 -0 -0 0.0075484 0 0 0 0 0 0 0 0.0074363 -0.0012516 0.00033624 0 0
0 0 0 0.13502 0 0 0 0 0 0 0 0.13301 -0.022386 0.0060142 0 0
-0 -0 -0 0.06969 0 0 0 0 0 0 0 0.068655 -0.011555 0.0031043 0 0
-0 -0 -0 0.0068056 0 0 0 0 0 0 0 0.0067045 -0.0011284 0.00030315 0 0
-0 -0 -0 0.16613 0 0 0 0 0 0 0 0.16367 -0.027546 0.0074003 0 0
-0 -0 -0 0.14493 0 0 0 0 0 0 0 0.14278 -0.02403 0.0064558 0 0
-0 -0 -0 0.12107 0 0 0 0 0 0 0 0.11927 -0.020074 0.005393 0 0
-0 -0 -0 0.18775 0 0 0 0 0 0 0 0.18497 -0.031131 0.0083634 0 0
0 0 0 0.09773 0 0 0 0 0 0 0 0.096279 -0.016204 0.0043533 0 0
-0 -0 -0 0.0453 0 0 0 0 0 0 0 0.044627 -0.007511 0.0020179 0 0
0 0 0 0.16001 0 0 0 0 0 0 0 0.15764 -0.026531 0.0071277 0 0
-0 -0 -0 0.023951 0 0 0 0 0 0 0 0.023596 -0.0039713 0.0010669 0 0
0 0 0 0.036691 0 0 0 0 0 0 0 0.036146 -0.0060836 0.0016344 0 0
0 0 0 0.12033 0 0 0 0 0 0 0 0.11855 -0.019952 0.0053602 0 0
0 0 0 0.18208 0 0 0 0 0 0 0 0.17938 -0.030191 0.0081109 0 0
-0 -0 -0 0.034812 0 0 0 0 0 0 0 0.034295 -0.005772 0.0015507 0 0
-0 -0 -0 0.18005 0 0 0 0 0 0 0 0.17738 -0.029854 0.0080203 0 0
-0 -0 -0 0.14568 0 0 0 0 0 0 0 0.14351 -0.024154 0.0064891 0 0
0 0 0 0.081893 0 0 0 0 0 0 0 0.080677 -0.013578 0.0036479 0 0
-0 -0 -0 0.12347 0 0 0 0 0 0 0 0.12163 -0.020471 0.0054997 0 0
-0 -0 -0 0.0091966 0 0 0 0 0 0 0 0.00906 -0.0015248 0.00040966 0 0
-0 -0 -0 0.0030525 0 0 0 0 0 0 0 0.0030072 -0.00050612 0.00013597 0 0
0 0 0 0.16655 0 0 0 0 0 0 0 0.16408 -0.027615 0.0074189 0 0
0 0 0 0.014956 0 0 0 0 0 0 0 0.014734 -0.0024798 0.0006662 0 0
0 0 0 0.089769 0 0 0 0 0 0 0 0.088436 -0.014884 0.0039987 0 0
0 0 0 0.15 0 0 0 0 0 0 0 0.14778 -0.024871 0.0066818 0 0
0 0 0 0.17557 0 0 0 0 0 0 0 0.17296 -0.02911 0.0078205 0 0
-0 -0 -0 0.1135 0 0 0 0 0 0 0 0.11181 -0.018819 0.0050558 0 0
-0 -0 -0 0.030834 0 0 0 0 0 0 0 0.030376 -0.0051124 0.0013735 0 0
-0 -0 -0 0.073504 0 0 0 0 0 0 0 0.072413 -0.012187 0.0032742 0 0
-0 -0 -0 0.088212 0 0 0 0 0 0 0 0.086902 -0.014626 0.0039294 0 0
-0 -0 -0 0.057141 0 0 0 0 0 0 0 0.056293 -0.0094743 0.0025453 0 0
0 0 0 0.096401 0 0 0 0 0 0 0 0.09497 -0.015984 0.0042941 0 0
-0 -0 -0 0.081142 0 0 0 0 0 0 0 0.079937 -0.013454 0.0036144 0 0
0 0 0 0.12935 0 0 0 0 0 0 0 0.12743 -0.021446 0.0057617 0 0
0 0 0 0.012952 0 0 0 0 0 0 0 0.012759 -0.0021475 0.00057693 0 0
0 0 0 0.14277 0 0 0 0 0 0 0 0.14065 -0.023672 0.0063596 0 0
-0 -0 -0 0.1244 0 0 0 0 0 0 0 0.12255 -0.020626 0.0055413 0 0
-0 -0 -0 0.11958 0 0 0 0 0 0 0 0.11781 -0.019827 0.0053267 0 0
0 0 0 0.12995 0 0 0 0 0 0 0 0.12802 -0.021547 0.0057886 0 0
-0 -0 -0 0.13987 0 0 0 0 0 0 0 0.13779 -0.023191 0.0062303 0 0
0 0 0 0.1188 0 0 0 0 0 0 0 0.11704 -0.019698 0.0052921 0 0
-0 -0 -0 0.016242 0 0 0 0 0 0 0 0.016001 -0.002693 0.00072349 0 0
-0 -0 -0 0.14132 0 0 0 0 0 0 0 0.13922 -0.023431 0.0062948 0 0
0 0 0 0.03416 0 0 0 0 0 0 0 0.033653 -0.005664 0.0015216 0 0
0 0 0 0.088927 0 0 0 0 0 0 0 0.087607 -0.014745 0.0039612 0 0
0 0 0 0.032905 0 0 0 0 0 0 0 0.032417 -0.0054559 0.0014657 0 0
0 0 0 0.15393 0 0 0 0 0 0 0 0.15165 -0.025523 0.0068569 0 0
-0 -0 -0 0.16861 0 0 0 0 0 0 0 0.16611 -0.027957 0.0075108 0 0
0 0 0 0.18854 0 0 0 0 0 0 0 0.18574 -0.031261 0.0083985 0 0
0 0 0 0.14054 0 0 0 0 0 0 0 0.13846 -0.023303 0.0062604 0 0
-0 -0 -0 0.12252 0 0 0 0 0 0 0 0.1207 -0.020315 0.0054577 0 0
0 0 0 0.11103 0 0 0 0 0 0 0 0.10938 -0.018409 0.0049457 0 0
0 0 0 0.01698 0 0 0 0 0 0 0 0.016727 -0.0028153 0.00075635 0 0
-0 -0 -0 0.12609 0 0 0 0 0 0 0 0.12422 -0.020906 0.0056165 0 0
-0 -0 -0 0.013275 0 0 0 0 0 0 0 0.013077 -0.002201 0.00059131 0 0
0 0 0 0.067942 0 0 0 0 0 0 0 0.066933 -0.011265 0.0030264 0 0
0 0 0 0.1173 0 0 0 0 0 0 0 0.11556 -0.019449 0.005225 0 0
0 0 0 0.0014148 0 0 0 0 0 0 0 0.0013938 -0.00023458 6.3022e-05 0 0
0 0 0 0.011604 0 0 0 0 0 0 0 0.011432 -0.001924 0.00051689 0 0
-0 -0 -0 0.18875 0 0 0 0 0 0 0 0.18594 -0.031295 0.0084076 0 0
-0 -0 -0 0.15472 0 0 0 0 0 0 0 0.15242 -0.025653 0.0068917 0 0
0 0 0 0.073941 0 0 0 0 0 0 0 0.072843 -0.01226 0.0032936 0 0
-0 -0 -0 0.062841 0 0 0 0 0 0 0 0.061908 -0.010419 0.0027992 0 0
0 0 0 0.19296 0 0 0 0 0 0 0 0.1901 -0.031994 0.0085953 0 0
0 0 0 0.15256 0 0 0 0 0 0 0 0.1503 -0.025296 0.0067959 0 0
0 0 0 0.17505 0 0 0 0 0 0 0 0.17245 -0.029024 0.0077975 0 0
0 0 0 0.17034 0 0 0 0 0 0 0 0.16781 -0.028244 0.0075878 0 0
-0 -0 -0 0.18887 0 0 0 0 0 0 0 0.18607 -0.031316 0.0084132 0 0
-0 -0 -0 0.12685 0 0 0 0 0 0 0 0.12497 -0.021033 0.0056506 0 0
0 0 0 0.086703 0 0 0 0 0 0 0 0.085416 -0.014376 0.0038621 0 0
