-0 -0 -0.081039 0 0 0 0 0 0 0 0 0 0 -0.0071646 -0.039686 -0.070292 0.0030832 -0.012564 0.0067793 0 0
-0 -0 -0.22634 0 0 0 0 0 0 0 0 0 0 -0.020011 -0.11084 -0.19632 0.0056956 -0.035353 0.01938 0 0
0 0 0.23361 0 0 0 0 0 0 0 0 0 0 0.020654 0.11441 0.20263 -0.01517 0.034765 -0.018082 0 0
-0 -0 -0.034982 0 0 0 0 0 0 0 0 0 0 -0.0030927 -0.017131 -0.030343 0.0014722 -0.0054027 0.0029002 0 0
0 0 0.33024 0 0 0 0 0 0 0 0 0 0 0.029196 0.16173 0.28645 -0.024028 0.048188 -0.024757 0 0
-0 -0 -0.27831 0 0 0 0 0 0 0 0 0 0 -0.024605 -0.13629 -0.2414 0.0057119 -0.043511 0.023984 0 0
0 0 0.31472 0 0 0 0 0 0 0 0 0 0 0.027824 0.15413 0.27299 -0.022508 0.046079 -0.023722 0 0
0 0 0.091202 0 0 0 0 0 0 0 0 0 0 0.0080631 0.044663 0.079108 -0.004833 0.013885 -0.007347 0 0
0 0 0.070137 0 0 0 0 0 0 0 0 0 0 0.0062008 0.034348 0.060836 -0.0035903 0.010708 -0.0056797 0 0
-0 -0 -0.33416 0 0 0 0 0 0 0 0 0 0 -0.029543 -0.16364 -0.28985 0.005189 -0.052243 0.028967 0 0
-0 -0 -0.34651 0 0 0 0 0 0 0 0 0 0 -0.030635 -0.16969 -0.30056 0.0049979 -0.054167 0.030073 0 0
-0 -0 -0.017344 0 0 0 0 0 0 0 0 0 0 -0.0015334 -0.0084939 -0.015044 0.00075665 -0.0026742 0.0014327 0 0
0 0 0.10023 0 0 0 0 0 0 0 0 0 0 0.0088616 0.049086 0.086941 -0.0053888 0.015242 -0.0080561 0 0
-0 -0 -0.0033458 0 0 0 0 0 0 0 0 0 0 -0.0002958 -0.0016385 -0.0029021 0.00015004 -0.00051514 0.00027555 0 0
0 0 0.33588 0 0 0 0 0 0 0 0 0 0 0.029695 0.16449 0.29134 -0.024588 0.048949 -0.02513 0 0
-0 -0 -0.11472 0 0 0 0 0 0 0 0 0 0 -0.010142 -0.056179 -0.099505 0.0040239 -0.017828 0.0096551 0 0
0 0 0.19415 0 0 0 0 0 0 0 0 0 0 0.017164 0.095077 0.1684 -0.011973 0.029096 -0.015207 0 0
-0 -0 -0.34245 0 0 0 0 0 0 0 0 0 0 -0.030275 -0.1677 -0.29703 0.0050638 -0.053534 0.029709 0 0
0 0 0.32638 0 0 0 0 0 0 0 0 0 0 0.028855 0.15983 0.2831 -0.023646 0.047665 -0.024501 0 0
-0 -0 -0.26299 0 0 0 0 0 0 0 0 0 0 -0.02325 -0.12879 -0.22811 0.0057575 -0.041109 0.022623 0 0
-0 -0 -0.34166 0 0 0 0 0 0 0 0 0 0 -0.030206 -0.16732 -0.29635 0.0050762 -0.053412 0.029638 0 0
0 0 0.18971 0 0 0 0 0 0 0 0 0 0 0.016772 0.092904 0.16455 -0.011629 0.028452 -0.014879 0 0
0 0 0.2413 0 0 0 0 0 0 0 0 0 0 0.021333 0.11817 0.2093 -0.015821 0.035857 -0.018632 0 0
-0 -0 -0.24081 0 0 0 0 0 0 0 0 0 0 -0.021289 -0.11793 -0.20887 0.0057488 -0.037626 0.020657 0 0
-0 -0 -0.33933 0 0 0 0 0 0 0 0 0 0 -0.03 -0.16618 -0.29433 0.0051123 -0.053049 0.02943 0 0
-0 -0 -0.21224 0 0 0 0 0 0 0 0 0 0 -0.018764 -0.10394 -0.1841 0.0056076 -0.033138 0.018138 0 0
-0 -0 -0.09202 0 0 0 0 0 0 0 0 0 0 -0.0081354 -0.045064 -0.079817 0.003412 -0.014278 0.0077135 0 0
-0 -0 -0.31768 0 0 0 0 0 0 0 0 0 0 -0.028086 -0.15557 -0.27555 0.0054015 -0.049672 0.027494 0 0
-0 -0 -0.079237 0 0 0 0 0 0 0 0 0 0 -0.0070053 -0.038804 -0.068729 0.0030272 -0.012283 0.0066264 0 0
-0 -0 -0.13784 0 0 0 0 0 0 0 0 0 0 -0.012186 -0.067503 -0.11956 0.0045531 -0.021451 0.011647 0 0
0 0 0.11461 0 0 0 0 0 0 0 0 0 0 0.010133 0.056128 0.099413 -0.0063019 0.017393 -0.0091775 0 0
-0 -0 -0.1069 0 0 0 0 0 0 0 0 0 0 -0.0094511 -0.052352 -0.092726 0.0038236 -0.016605 0.008985 0 0
0 0 0.29588 0 0 0 0 0 0 0 0 0 0 0.026159 0.1449 0.25665 -0.020713 0.043494 -0.022445 0 0
-0 -0 -0.051907 0 0 0 0 0 0 0 0 0 0 -0.004589 -0.02542 -0.045023 0.0021076 -0.0080285 0.004318 0 0
-0 -0 -0.10281 0 0 0 0 0 0 0 0 0 0 -0.0090895 -0.050349 -0.089178 0.0037144 -0.015965 0.008635 0 0
-0 -0 -0.073156 0 0 0 0 0 0 0 0 0 0 -0.0064677 -0.035826 -0.063455 0.002834 -0.011335 0.0061108 0 0
-0 -0 -0.1105 0 0 0 0 0 0 0 0 0 0 -0.009769 -0.054113 -0.095844 0.0039171 -0.017167 0.0092931 0 0
-0 -0 -0.31679 0 0 0 0 0 0 0 0 0 0 -0.028007 -0.15514 -0.27478 0.0054115 -0.049534 0.027415 0 0
0 0 0.33253 0 0 0 0 0 0 0 0 0 0 0.029399 0.16285 0.28843 -0.024255 0.048498 -0.024909 0 0
0 0 0.11852 0 0 0 0 0 0 0 0 0 0 0.010479 0.058043 0.10281 -0.0065563 0.017976 -0.009481 0 0
0 0 0.053804 0 0 0 0 0 0 0 0 0 0 0.0047568 0.026349 0.046669 -0.0026787 0.0082311 -0.0043742 0 0
0 0 0.086674 0 0 0 0 0 0 0 0 0 0 0.0076628 0.042446 0.07518 -0.0045595 0.013204 -0.0069902 0 0
0 0 0.12731 0 0 0 0 0 0 0 0 0 0 0.011256 0.062348 0.11043 -0.0071373 0.019285 -0.01016 0 0
0 0 0.32192 0 0 0 0 0 0 0 0 0 0 0.02846 0.15765 0.27923 -0.023208 0.047059 -0.024204 0 0
0 0 0.30201 0 0 0 0 0 0 0 0 0 0 0.026701 0.1479 0.26196 -0.021291 0.044338 -0.022863 0 0
0 0 0.02738 0 0 0 0 0 0 0 0 0 0 0.0024206 0.013408 0.023749 -0.0013007 0.0042016 -0.0022396 0 0
0 0 0.22228 0 0 0 0 0 0 0 0 0 0 0.019652 0.10885 0.1928 -0.014226 0.033147 -0.017264 0 0
-0 -0 -0.14373 0 0 0 0 0 0 0 0 0 0 -0.012707 -0.070388 -0.12467 0.0046727 -0.022375 0.012157 0 0
0 0 0.27516 0 0 0 0 0 0 0 0 0 0 0.024326 0.13475 0.23867 -0.018801 0.040619 -0.021017 0 0
-0 -0 -0.10633 0 0 0 0 0 0 0 0 0 0 -0.0094005 -0.052072 -0.092229 0.0038085 -0.016515 0.008936 0 0
-0 -0 -0.15549 0 0 0 0 0 0 0 0 0 0 -0.013747 -0.076146 -0.13487 0.0048928 -0.02422 0.013176 0 0
-0 -0 -0.11994 0 0 0 0 0 0 0 0 0 0 -0.010604 -0.058737 -0.10403 0.0041518 -0.018645 0.010104 0 0
0 0 0.31647 0 0 0 0 0 0 0 0 0 0 0.027979 0.15498 0.2745 -0.022678 0.046318 -0.023839 0 0
0 0 0.31184 0 0 0 0 0 0 0 0 0 0 0.027569 0.15271 0.27049 -0.02223 0.045685 -0.023528 0 0
-0 -0 -0.0041494 0 0 0 0 0 0 0 0 0 0 -0.00036685 -0.002032 -0.0035991 0.00018578 -0.00063893 0.0003418 0 0
0 0 0.33761 0 0 0 0 0 0 0 0 0 0 0.029848 0.16533 0.29284 -0.024762 0.049183 -0.025244 0 0
0 0 0.2686 0 0 0 0 0 0 0 0 0 0 0.023747 0.13154 0.23298 -0.01821 0.039703 -0.02056 0 0
0 0 0.14091 0 0 0 0 0 0 0 0 0 0 0.012457 0.069004 0.12222 -0.0080612 0.0213 -0.011204 0 0
0 0 0.22253 0 0 0 0 0 0 0 0 0 0 0.019674 0.10898 0.19302 -0.014247 0.033183 -0.017283 0 0
-0 -0 -0.20939 0 0 0 0 0 0 0 0 0 0 -0.018512 -0.10254 -0.18162 0.0055854 -0.032689 0.017887 0 0
0 0 0.11699 0 0 0 0 0 0 0 0 0 0 0.010343 0.057294 0.10148 -0.0064566 0.017748 -0.0093624 0 0
0 0 0.039382 0 0 0 0 0 0 0 0 0 0 0.0034817 0.019286 0.034159 -0.0019118 0.0060351 -0.0032125 0 0
0 0 0.071563 0 0 0 0 0 0 0 0 0 0 0.0063269 0.035046 0.062073 -0.0036721 0.010924 -0.0057932 0 0
-0 -0 -0.20336 0 0 0 0 0 0 0 0 0 0 -0.017978 -0.099587 -0.17639 0.0055338 -0.031741 0.017357 0 0
0 0 0.058921 0 0 0 0 0 0 0 0 0 0 0.0052091 0.028855 0.051107 -0.0029594 0.0090082 -0.0047843 0 0
-0 -0 -0.31042 0 0 0 0 0 0 0 0 0 0 -0.027444 -0.15202 -0.26925 0.0054796 -0.048538 0.026846 0 0
0 0 0.3029 0 0 0 0 0 0 0 0 0 0 0.026779 0.14833 0.26273 -0.021375 0.04446 -0.022923 0 0
-0 -0 -0.28583 0 0 0 0 0 0 0 0 0 0 -0.02527 -0.13998 -0.24793 0.005674 -0.044691 0.024654 0 0
-0 -0 -0.25637 0 0 0 0 0 0 0 0 0 0 -0.022665 -0.12555 -0.22237 0.0057641 -0.04007 0.022035 0 0
-0 -0 -0.30359 0 0 0 0 0 0 0 0 0 0 -0.02684 -0.14867 -0.26333 0.0055445 -0.04747 0.026236 0 0
-0 -0 -0.094389 0 0 0 0 0 0 0 0 0 0 -0.0083448 -0.046224 -0.081871 0.0034802 -0.014648 0.0079155 0 0
0 0 0.18801 0 0 0 0 0 0 0 0 0 0 0.016621 0.09207 0.16307 -0.011498 0.028205 -0.014752 0 0
-0 -0 -0.02077 0 0 0 0 0 0 0 0 0 0 -0.0018362 -0.010171 -0.018015 0.00089987 -0.0032034 0.0017169 0 0
0 0 0.13107 0 0 0 0 0 0 0 0 0 0 0.011588 0.064188 0.11369 -0.0073897 0.019843 -0.01045 0 0
-0 -0 -0.32939 0 0 0 0 0 0 0 0 0 0 -0.029121 -0.16131 -0.28571 0.0052555 -0.0515 0.028541 0 0
-0 -0 -0.31221 0 0 0 0 0 0 0 0 0 0 -0.027602 -0.15289 -0.2708 0.0054612 -0.048817 0.027005 0 0
0 0 0.26406 0 0 0 0 0 0 0 0 0 0 0.023345 0.12931 0.22904 -0.017804 0.039067 -0.020242 0 0
-0 -0 -0.11306 0 0 0 0 0 0 0 0 0 0 -0.0099952 -0.055366 -0.098063 0.0039822 -0.017567 0.0095126 0 0
0 0 0.27689 0 0 0 0 0 0 0 0 0 0 0.02448 0.1356 0.24017 -0.018959 0.040861 -0.021138 0 0
0 0 0.14124 0 0 0 0 0 0 0 0 0 0 0.012487 0.06917 0.12251 -0.0080846 0.02135 -0.01123 0 0
0 0 0.21609 0 0 0 0 0 0 0 0 0 0 0.019104 0.10582 0.18743 -0.013719 0.03226 -0.016815 0 0
-0 -0 -0.28915 0 0 0 0 0 0 0 0 0 0 -0.025563 -0.1416 -0.2508 0.0056541 -0.04521 0.024949 0 0
-0 -0 -0.19152 0 0 0 0 0 0 0 0 0 0 -0.016932 -0.093791 -0.16612 0.0054135 -0.029881 0.016319 0 0
-0 -0 -0.28612 0 0 0 0 0 0 0 0 0 0 -0.025295 -0.14012 -0.24817 0.0056724 -0.044735 0.024679 0 0
0 0 0.13739 0 0 0 0 0 0 0 0 0 0 0.012147 0.067284 0.11917 -0.0078195 0.02078 -0.010935 0 0
0 0 0.023862 0 0 0 0 0 0 0 0 0 0 0.0021096 0.011686 0.020698 -0.0011264 0.0036633 -0.0019535 0 0
0 0 0.34835 0 0 0 0 0 0 0 0 0 0 0.030797 0.17059 0.30215 -0.025845 0.050624 -0.025947 0 0
-0 -0 -0.13176 0 0 0 0 0 0 0 0 0 0 -0.011649 -0.064525 -0.11429 0.0044231 -0.020497 0.011122 0 0
0 0 0.011834 0 0 0 0 0 0 0 0 0 0 0.0010462 0.0057952 0.010264 -0.00054626 0.0018191 -0.00097138 0 0
0 0 0.20149 0 0 0 0 0 0 0 0 0 0 0.017813 0.098673 0.17477 -0.012549 0.030158 -0.015748 0 0
0 0 0.01404 0 0 0 0 0 0 0 0 0 0 0.0012412 0.0068754 0.012178 -0.00065077 0.0021577 -0.0011519 0 0
0 0 0.31975 0 0 0 0 0 0 0 0 0 0 0.028269 0.15659 0.27735 -0.022996 0.046764 -0.024059 0 0
-0 -0 -0.17505 0 0 0 0 0 0 0 0 0 0 -0.015476 -0.085726 -0.15184 0.0052043 -0.027293 0.014879 0 0
0 0 0.24636 0 0 0 0 0 0 0 0 0 0 0.021781 0.12065 0.21369 -0.016255 0.036574 -0.018993 0 0
-0 -0 -0.22578 0 0 0 0 0 0 0 0 0 0 -0.019961 -0.11057 -0.19584 0.0056928 -0.035266 0.019331 0 0
-0 -0 -0.11449 0 0 0 0 0 0 0 0 0 0 -0.010122 -0.056068 -0.099307 0.0040183 -0.017792 0.0096356 0 0
0 0 0.11033 0 0 0 0 0 0 0 0 0 0 0.009754 0.05403 0.095697 -0.0060262 0.016753 -0.0088443 0 0
0 0 0.046459 0 0 0 0 0 0 0 0 0 0 0.0041074 0.022752 0.040298 -0.0022837 0.0071138 -0.0037836 0 0
-0 -0 -0.32016 0 0 0 0 0 0 0 0 0 0 -0.028305 -0.15679 -0.2777 0.0053726 -0.050059 0.027716 0 0
-0 -0 -0.098161 0 0 0 0 0 0 0 0 0 0 -0.0086784 -0.048072 -0.085144 0.0035866 -0.015238 0.0082375 0 0
