-0 -0 -0.15169 0 0 0 0 0 0 0 0 0 0 5.2242e-17 -0.075846 -0.13137 -0.00057416 -0.0065433 0.0037778 0 0
-0 -0 -0.1086 0 0 0 0 0 0 0 0 0 0 5.1927e-17 -0.054301 -0.094052 -0.00029457 -0.0046934 0.0027097 0 0
-0 -0 -0.2531 0 0 0 0 0 0 0 0 0 0 5.1725e-17 -0.12655 -0.21919 -0.0015929 -0.010843 0.0062601 0 0
0 0 0.33506 0 0 0 0 0 0 0 0 0 0 5.3028e-17 0.16753 0.29017 -0.0027805 0.014239 -0.0082207 0 0
-0 -0 -0.00032886 0 0 0 0 0 0 0 0 0 0 5.1793e-17 -0.00016443 -0.0002848 -2.7037e-09 -1.424e-05 8.2214e-06 0 0
-0 -0 -0.26572 0 0 0 0 0 0 0 0 0 0 2.3697e-17 -0.13286 -0.23012 -0.0017548 -0.011371 0.006565 0 0
0 0 0.19619 0 0 0 0 0 0 0 0 0 0 2.357e-17 0.098095 0.16991 -0.00095918 0.0084409 -0.0048733 0 0
-0 -0 -0.058607 0 0 0 0 0 0 0 0 0 0 5.1855e-17 -0.029304 -0.050756 -8.5846e-05 -0.0025363 0.0014643 0 0
0 0 0.29475 0 0 0 0 0 0 0 0 0 0 5.2803e-17 0.14737 0.25526 -0.0021562 0.012579 -0.0072625 0 0
0 0 0.14548 0 0 0 0 0 0 0 0 0 0 5.2226e-17 0.072742 0.12599 -0.00052821 0.0062775 -0.0036243 0 0
0 0 0.17886 0 0 0 0 0 0 0 0 0 0 2.4416e-17 0.08943 0.1549 -0.00079764 0.0077036 -0.0044477 0 0
-0 -0 -0.18421 0 0 0 0 0 0 0 0 0 0 5.2337e-17 -0.092105 -0.15953 -0.00084594 -0.0079315 0.0045793 0 0
0 0 0.082281 0 0 0 0 0 0 0 0 0 0 2.3988e-17 0.041141 0.071258 -0.00016916 0.0035589 -0.0020547 0 0
0 0 0.055973 0 0 0 0 0 0 0 0 0 0 2.4082e-17 0.027986 0.048474 -7.8303e-05 0.0024224 -0.0013986 0 0
-0 -0 -0.22862 0 0 0 0 0 0 0 0 0 0 5.1623e-17 -0.11431 -0.19799 -0.001301 -0.0098134 0.0056658 0 0
0 0 0.13216 0 0 0 0 0 0 0 0 0 0 2.4139e-17 0.066079 0.11445 -0.00043601 0.0057059 -0.0032943 0 0
0 0 0.0025836 0 0 0 0 0 0 0 0 0 0 5.1793e-17 0.0012918 0.0022375 -1.6688e-07 0.00011187 -6.4591e-05 0 0
0 0 0.33492 0 0 0 0 0 0 0 0 0 0 5.3027e-17 0.16746 0.29005 -0.0027781 0.014233 -0.0082172 0 0
-0 -0 -0.10323 0 0 0 0 0 0 0 0 0 0 5.1917e-17 -0.051617 -0.089403 -0.00026619 -0.0044622 0.0025763 0 0
-0 -0 -0.26496 0 0 0 0 0 0 0 0 0 0 2.3695e-17 -0.13248 -0.22946 -0.0017448 -0.011339 0.0065467 0 0
0 0 0.29971 0 0 0 0 0 0 0 0 0 0 2.4654e-17 0.14985 0.25955 -0.0022289 0.012784 -0.007381 0 0
-0 -0 -0.15358 0 0 0 0 0 0 0 0 0 0 2.4382e-17 -0.076792 -0.13301 -0.00058855 -0.0066243 0.0038245 0 0
0 0 0.22241 0 0 0 0 0 0 0 0 0 0 5.1599e-17 0.1112 0.19261 -0.0012315 0.0095512 -0.0055144 0 0
0 0 0.10943 0 0 0 0 0 0 0 0 0 0 5.1928e-17 0.054714 0.094767 -0.00029906 0.0047289 -0.0027302 0 0
0 0 0.32851 0 0 0 0 0 0 0 0 0 0 5.299e-17 0.16426 0.2845 -0.0026739 0.013971 -0.0080659 0 0
-0 -0 -0.27678 0 0 0 0 0 0 0 0 0 0 5.2712e-17 -0.13839 -0.2397 -0.001903 -0.011832 0.0068315 0 0
-0 -0 -0.14861 0 0 0 0 0 0 0 0 0 0 5.2234e-17 -0.074303 -0.1287 -0.00055107 -0.0064111 0.0037015 0 0
-0 -0 -0.34861 0 0 0 0 0 0 0 0 0 0 5.3111e-17 -0.1743 -0.3019 -0.0030075 -0.014791 0.0085397 0 0
-0 -0 -0.33743 0 0 0 0 0 0 0 0 0 0 5.3043e-17 -0.16871 -0.29222 -0.0028196 -0.014335 0.0082766 0 0
0 0 0.023796 0 0 0 0 0 0 0 0 0 0 2.4031e-17 0.011898 0.020608 -1.4156e-05 0.0010303 -0.00059484 0 0
-0 -0 -0.18732 0 0 0 0 0 0 0 0 0 0 5.2347e-17 -0.09366 -0.16222 -0.00087465 -0.0080638 0.0046557 0 0
0 0 0.10988 0 0 0 0 0 0 0 0 0 0 5.1929e-17 0.054942 0.095162 -0.00030156 0.0047485 -0.0027416 0 0
0 0 0.33891 0 0 0 0 0 0 0 0 0 0 5.3051e-17 0.16946 0.29351 -0.0028442 0.014396 -0.0083116 0 0
-0 -0 -0.14171 0 0 0 0 0 0 0 0 0 0 5.2216e-17 -0.070857 -0.12273 -0.00050123 -0.0061158 0.003531 0 0
-0 -0 -0.052652 0 0 0 0 0 0 0 0 0 0 5.1849e-17 -0.026326 -0.045598 -6.929e-05 -0.0022788 0.0013157 0 0
0 0 0.25706 0 0 0 0 0 0 0 0 0 0 5.1742e-17 0.12853 0.22262 -0.0016429 0.011009 -0.0063558 0 0
0 0 0.22514 0 0 0 0 0 0 0 0 0 0 5.1609e-17 0.11257 0.19497 -0.0012618 0.0096666 -0.005581 0 0
-0 -0 -0.26802 0 0 0 0 0 0 0 0 0 0 5.1792e-17 -0.13401 -0.23211 -0.0017851 -0.011467 0.0066205 0 0
-0 -0 -0.044905 0 0 0 0 0 0 0 0 0 0 2.405e-17 -0.022453 -0.038889 -5.0403e-05 -0.0019438 0.0011222 0 0
0 0 0.20213 0 0 0 0 0 0 0 0 0 0 2.3579e-17 0.10106 0.17505 -0.0010179 0.0086929 -0.0050189 0 0
-0 -0 -0.2939 0 0 0 0 0 0 0 0 0 0 5.2799e-17 -0.14695 -0.25452 -0.0021439 -0.012544 0.0072421 0 0
-0 -0 -0.34758 0 0 0 0 0 0 0 0 0 0 5.3105e-17 -0.17379 -0.30101 -0.00299 -0.014749 0.0085155 0 0
0 0 0.090039 0 0 0 0 0 0 0 0 0 0 5.1786e-17 0.045019 0.077976 -0.00020254 0.0038935 -0.0022479 0 0
0 0 0.10109 0 0 0 0 0 0 0 0 0 0 2.411e-17 0.050545 0.087546 -0.00025526 0.0043698 -0.0025229 0 0
-0 -0 -0.26555 0 0 0 0 0 0 0 0 0 0 5.1781e-17 -0.13277 -0.22997 -0.0017526 -0.011364 0.006561 0 0
-0 -0 -0.079343 0 0 0 0 0 0 0 0 0 0 5.1771e-17 -0.039672 -0.068713 -0.0001573 -0.0034321 0.0019815 0 0
0 0 0.14563 0 0 0 0 0 0 0 0 0 0 2.4372e-17 0.072813 0.12612 -0.00052924 0.0062836 -0.0036278 0 0
-0 -0 -0.27615 0 0 0 0 0 0 0 0 0 0 5.2709e-17 -0.13808 -0.23916 -0.0018944 -0.011806 0.0068164 0 0
0 0 0.068025 0 0 0 0 0 0 0 0 0 0 5.1756e-17 0.034013 0.058912 -0.00011564 0.0029433 -0.0016993 0 0
-0 -0 -0.041456 0 0 0 0 0 0 0 0 0 0 5.1813e-17 -0.020728 -0.035902 -4.2959e-05 -0.0017946 0.0010361 0 0
-0 -0 -0.21139 0 0 0 0 0 0 0 0 0 0 2.3594e-17 -0.1057 -0.18307 -0.001113 -0.0090855 0.0052455 0 0
-0 -0 -0.11081 0 0 0 0 0 0 0 0 0 0 5.1931e-17 -0.055403 -0.09596 -0.00030663 -0.0047882 0.0027645 0 0
0 0 0.28985 0 0 0 0 0 0 0 0 0 0 5.2778e-17 0.14492 0.25102 -0.0020856 0.012376 -0.0071452 0 0
0 0 0.012058 0 0 0 0 0 0 0 0 0 0 2.4039e-17 0.006029 0.010443 -3.6349e-06 0.00052212 -0.00030144 0 0
0 0 0.088791 0 0 0 0 0 0 0 0 0 0 2.3992e-17 0.044396 0.076895 -0.00019697 0.0038397 -0.0022169 0 0
0 0 0.24884 0 0 0 0 0 0 0 0 0 0 5.1706e-17 0.12442 0.2155 -0.0015401 0.010664 -0.0061571 0 0
0 0 0.083713 0 0 0 0 0 0 0 0 0 0 5.1777e-17 0.041856 0.072497 -0.00017509 0.0036206 -0.0020904 0 0
0 0 0.12632 0 0 0 0 0 0 0 0 0 0 5.1963e-17 0.063161 0.1094 -0.0003984 0.0054554 -0.0031497 0 0
-0 -0 -0.19589 0 0 0 0 0 0 0 0 0 0 5.1503e-17 -0.097945 -0.16965 -0.00095625 -0.0084281 0.004866 0 0
-0 -0 -0.046547 0 0 0 0 0 0 0 0 0 0 5.1816e-17 -0.023273 -0.040311 -5.4156e-05 -0.0020148 0.0011633 0 0
0 0 0.33311 0 0 0 0 0 0 0 0 0 0 5.3017e-17 0.16655 0.28848 -0.0027484 0.014159 -0.0081745 0 0
-0 -0 -0.26957 0 0 0 0 0 0 0 0 0 0 5.2677e-17 -0.13478 -0.23345 -0.0018057 -0.011532 0.0066579 0 0
0 0 0.077056 0 0 0 0 0 0 0 0 0 0 2.3985e-17 0.038528 0.066733 -0.00014837 0.0033333 -0.0019245 0 0
-0 -0 -0.25889 0 0 0 0 0 0 0 0 0 0 2.3682e-17 -0.12944 -0.2242 -0.0016662 -0.011085 0.0064001 0 0
0 0 0.23267 0 0 0 0 0 0 0 0 0 0 2.3631e-17 0.11633 0.20149 -0.0013472 0.009984 -0.0057643 0 0
0 0 0.085596 0 0 0 0 0 0 0 0 0 0 2.399e-17 0.042798 0.074128 -0.00018305 0.0037019 -0.0021373 0 0
0 0 0.2732 0 0 0 0 0 0 0 0 0 0 2.4591e-17 0.1366 0.2366 -0.0018544 0.011683 -0.0067455 0 0
-0 -0 -0.035134 0 0 0 0 0 0 0 0 0 0 5.1808e-17 -0.017567 -0.030427 -3.0856e-05 -0.001521 0.00087816 0 0
-0 -0 -0.25555 0 0 0 0 0 0 0 0 0 0 2.3676e-17 -0.12778 -0.22131 -0.0016238 -0.010946 0.0063195 0 0
0 0 0.32616 0 0 0 0 0 0 0 0 0 0 2.4722e-17 0.16308 0.28246 -0.002636 0.013874 -0.0080101 0 0
-0 -0 -0.10115 0 0 0 0 0 0 0 0 0 0 5.1913e-17 -0.050575 -0.087598 -0.00025556 -0.0043724 0.0025244 0 0
0 0 0.29267 0 0 0 0 0 0 0 0 0 0 2.4636e-17 0.14633 0.25346 -0.0021261 0.012493 -0.0072127 0 0
-0 -0 -0.17594 0 0 0 0 0 0 0 0 0 0 5.2311e-17 -0.08797 -0.15237 -0.00077187 -0.0075792 0.0043758 0 0
-0 -0 -0.061278 0 0 0 0 0 0 0 0 0 0 5.1857e-17 -0.030639 -0.053068 -9.3846e-05 -0.0026518 0.001531 0 0
0 0 0.33319 0 0 0 0 0 0 0 0 0 0 5.3017e-17 0.16659 0.28855 -0.0027498 0.014162 -0.0081765 0 0
-0 -0 -0.26281 0 0 0 0 0 0 0 0 0 0 5.1768e-17 -0.1314 -0.2276 -0.0017168 -0.011249 0.0064948 0 0
-0 -0 -0.047216 0 0 0 0 0 0 0 0 0 0 5.1817e-17 -0.023608 -0.04089 -5.5723e-05 -0.0020437 0.00118 0 0
-0 -0 -0.02751 0 0 0 0 0 0 0 0 0 0 5.1791e-17 -0.013755 -0.023825 -1.8919e-05 -0.0011911 0.00068768 0 0
-0 -0 -0.065768 0 0 0 0 0 0 0 0 0 0 5.1862e-17 -0.032884 -0.056957 -0.0001081 -0.0028458 0.001643 0 0
-0 -0 -0.21523 0 0 0 0 0 0 0 0 0 0 5.1572e-17 -0.10761 -0.18639 -0.0011536 -0.0092479 0.0053393 0 0
-0 -0 -0.043359 0 0 0 0 0 0 0 0 0 0 5.1814e-17 -0.02168 -0.03755 -4.6993e-05 -0.0018769 0.0010836 0 0
0 0 0.1596 0 0 0 0 0 0 0 0 0 0 2.439e-17 0.079801 0.13822 -0.00063546 0.0068816 -0.0039731 0 0
0 0 0.14516 0 0 0 0 0 0 0 0 0 0 2.4372e-17 0.072578 0.12571 -0.00052583 0.0062634 -0.0036161 0 0
-0 -0 -0.16346 0 0 0 0 0 0 0 0 0 0 5.2274e-17 -0.081728 -0.14156 -0.00066646 -0.0070464 0.0040682 0 0
0 0 0.20656 0 0 0 0 0 0 0 0 0 0 5.154e-17 0.10328 0.17888 -0.0010629 0.0088808 -0.0051273 0 0
0 0 0.024445 0 0 0 0 0 0 0 0 0 0 5.1789e-17 0.012222 0.02117 -1.4938e-05 0.0010584 -0.00061106 0 0
-0 -0 -0.029864 0 0 0 0 0 0 0 0 0 0 5.1792e-17 -0.014932 -0.025863 -2.2295e-05 -0.001293 0.00074649 0 0
-0 -0 -0.050008 0 0 0 0 0 0 0 0 0 0 5.1846e-17 -0.025004 -0.043308 -6.2506e-05 -0.0021645 0.0012497 0 0
0 0 0.18706 0 0 0 0 0 0 0 0 0 0 5.2346e-17 0.093532 0.162 -0.00087228 0.008053 -0.0046494 0 0
0 0 0.078612 0 0 0 0 0 0 0 0 0 0 5.177e-17 0.039306 0.06808 -0.00015442 0.0034005 -0.0019633 0 0
0 0 0.085986 0 0 0 0 0 0 0 0 0 0 5.178e-17 0.042993 0.074466 -0.00018473 0.0037187 -0.002147 0 0
0 0 0.31041 0 0 0 0 0 0 0 0 0 0 5.2887e-17 0.1552 0.26882 -0.0023896 0.013226 -0.0076362 0 0
0 0 0.30644 0 0 0 0 0 0 0 0 0 0 2.467e-17 0.15322 0.26538 -0.0023292 0.013062 -0.0075415 0 0
0 0 0.18897 0 0 0 0 0 0 0 0 0 0 5.2353e-17 0.094484 0.16365 -0.00089007 0.008134 -0.0046961 0 0
-0 -0 -0.34271 0 0 0 0 0 0 0 0 0 0 5.3075e-17 -0.17135 -0.29679 -0.0029076 -0.014551 0.008401 0 0
-0 -0 -0.23215 0 0 0 0 0 0 0 0 0 0 5.1637e-17 -0.11607 -0.20104 -0.0013413 -0.0099622 0.0057517 0 0
0 0 0.18645 0 0 0 0 0 0 0 0 0 0 5.2344e-17 0.093225 0.16147 -0.00086658 0.0080268 -0.0046343 0 0
0 0 0.15196 0 0 0 0 0 0 0 0 0 0 5.2243e-17 0.075979 0.1316 -0.00057617 0.0065547 -0.0037844 0 0
-0 -0 -0.15247 0 0 0 0 0 0 0 0 0 0 2.438e-17 -0.076237 -0.13205 -0.00058009 -0.0065768 0.0037971 0 0
0 0 0.31946 0 0 0 0 0 0 0 0 0 0 5.2938e-17 0.15973 0.27666 -0.0025297 0.013599 -0.0078513 0 0
