-0 -0 -0 0.15056 0 0 0 0 0 0 0 0.14832 -0.024963 0.0067064 0 0
0 0 0 0.13792 0 0 0 0 0 0 0 0.13587 -0.022868 0.0061436 0 0
0 0 0 0.12017 0 0 0 0 0 0 0 0.11838 -0.019924 0.0053528 0 0
0 0 0 0.17758 0 0 0 0 0 0 0 0.17494 -0.029444 0.0079102 0 0
-0 -0 -0 0.19774 0 0 0 0 0 0 0 0.1948 -0.032786 0.0088082 0 0
-0 -0 -0 0.1087 0 0 0 0 0 0 0 0.10709 -0.018023 0.0048421 0 0
0 0 0 0.08192 0 0 0 0 0 0 0 0.080704 -0.013583 0.0036491 0 0
0 0 0 0.040274 0 0 0 0 0 0 0 0.039676 -0.0066777 0.001794 0 0
-0 -0 -0 0.033649 0 0 0 0 0 0 0 0.033149 -0.0055792 0.0014989 0 0
0 0 0 0.13589 0 0 0 0 0 0 0 0.13387 -0.022531 0.0060531 0 0
-0 -0 -0 0.1688 0 0 0 0 0 0 0 0.16629 -0.027988 0.0075191 0 0
-0 -0 -0 0.058868 0 0 0 0 0 0 0 0.057994 -0.0097606 0.0026222 0 0
0 0 0 0.13409 0 0 0 0 0 0 0 0.1321 -0.022232 0.0059728 0 0
0 0 0 0.0013332 0 0 0 0 0 0 0 0.0013134 -0.00022105 5.9386e-05 0 0
0 0 0 0.13483 0 0 0 0 0 0 0 0.13283 -0.022356 0.0060061 0 0
-0 -0 -0 0.079591 0 0 0 0 0 0 0 0.078409 -0.013197 0.0035453 0 0
0 0 0 0.033799 0 0 0 0 0 0 0 0.033297 -0.0056041 0.0015056 0 0
0 0 0 0.0065406 0 0 0 0 0 0 0 0.0064435 -0.0010845 0.00029135 0 0
-0 -0 -0 0.17591 0 0 0 0 0 0 0 0.1733 -0.029168 0.007836 0 0
-0 -0 -0 0.026676 0 0 0 0 0 0 0 0.02628 -0.0044231 0.0011883 0 0
0 0 0 0.078241 0 0 0 0 0 0 0 0.077079 -0.012973 0.0034852 0 0
-0 -0 -0 0.16833 0 0 0 0 0 0 0 0.16583 -0.027909 0.007498 0 0
0 0 0 0.044095 0 0 0 0 0 0 0 0.04344 -0.0073112 0.0019642 0 0
0 0 0 0.17678 0 0 0 0 0 0 0 0.17415 -0.029311 0.0078745 0 0
0 0 0 0.081961 0 0 0 0 0 0 0 0.080744 -0.01359 0.0036509 0 0
-0 -0 -0 0.037669 0 0 0 0 0 0 0 0.03711 -0.0062458 0.001678 0 0
0 0 0 0.060719 0 0 0 0 0 0 0 0.059817 -0.010068 0.0027047 0 0
0 0 0 0.0021315 0 0 0 0 0 0 0 0.0020998 -0.00035341 9.4944e-05 0 0
0 0 0 0.17236 0 0 0 0 0 0 0 0.1698 -0.028578 0.0076775 0 0
0 0 0 0.1425 0 0 0 0 0 0 0 0.14039 -0.023628 0.0063477 0 0
-0 -0 -0 0.14641 0 0 0 0 0 0 0 0.14423 -0.024275 0.0065216 0 0
0 0 0 0.093659 0 0 0 0 0 0 0 0.092268 -0.015529 0.004172 0 0
-0 -0 -0 0.045127 0 0 0 0 0 0 0 0.044457 -0.0074824 0.0020102 0 0
-0 -0 -0 0.083149 0 0 0 0 0 0 0 0.081914 -0.013787 0.0037038 0 0
-0 -0 -0 0.064256 0 0 0 0 0 0 0 0.063301 -0.010654 0.0028622 0 0
0 0 0 0.076336 0 0 0 0 0 0 0 0.075203 -0.012657 0.0034003 0 0
0 0 0 0.063918 0 0 0 0 0 0 0 0.062969 -0.010598 0.0028472 0 0
0 0 0 0.086573 0 0 0 0 0 0 0 0.085288 -0.014354 0.0038564 0 0
-0 -0 -0 0.10374 0 0 0 0 0 0 0 0.1022 -0.017201 0.0046211 0 0
0 0 0 0.05747 0 0 0 0 0 0 0 0.056617 -0.0095289 0.00256 0 0
-0 -0 -0 0.073532 0 0 0 0 0 0 0 0.07244 -0.012192 0.0032754 0 0
-0 -0 -0 0.18196 0 0 0 0 0 0 0 0.17926 -0.03017 0.0081054 0 0
-0 -0 -0 0.025237 0 0 0 0 0 0 0 0.024863 -0.0041845 0.0011242 0 0
0 0 0 0.18451 0 0 0 0 0 0 0 0.18177 -0.030592 0.0082187 0 0
0 0 0 0.15911 0 0 0 0 0 0 0 0.15674 -0.026381 0.0070873 0 0
-0 -0 -0 0.097584 0 0 0 0 0 0 0 0.096135 -0.01618 0.0043468 0 0
-0 -0 -0 0.12309 0 0 0 0 0 0 0 0.12126 -0.020409 0.005483 0 0
0 0 0 0.17466 0 0 0 0 0 0 0 0.17207 -0.02896 0.0077803 0 0
0 0 0 0.019014 0 0 0 0 0 0 0 0.018731 -0.0031526 0.00084695 0 0
-0 -0 -0 0.12399 0 0 0 0 0 0 0 0.12215 -0.020559 0.0055232 0 0
0 0 0 0.17383 0 0 0 0 0 0 0 0.17125 -0.028822 0.007743 0 0
0 0 0 0.080514 0 0 0 0 0 0 0 0.079318 -0.01335 0.0035864 0 0
0 0 0 0.18168 0 0 0 0 0 0 0 0.17898 -0.030123 0.0080927 0 0
-0 -0 -0 0.035566 0 0 0 0 0 0 0 0.035038 -0.0058971 0.0015843 0 0
0 0 0 0.078216 0 0 0 0 0 0 0 0.077054 -0.012969 0.0034841 0 0
-0 -0 -0 0.0067199 0 0 0 0 0 0 0 0.0066202 -0.0011142 0.00029934 0 0
0 0 0 0.0080188 0 0 0 0 0 0 0 0.0078997 -0.0013296 0.00035719 0 0
-0 -0 -0 0.1613 0 0 0 0 0 0 0 0.1589 -0.026744 0.0071849 0 0
-0 -0 -0 0.10904 0 0 0 0 0 0 0 0.10742 -0.01808 0.0048572 0 0
0 0 0 0.065728 0 0 0 0 0 0 0 0.064752 -0.010898 0.0029278 0 0
0 0 0 0.15947 0 0 0 0 0 0 0 0.15711 -0.026442 0.0071036 0 0
0 0 0 0.13593 0 0 0 0 0 0 0 0.13391 -0.022538 0.0060549 0 0
-0 -0 -0 0.087953 0 0 0 0 0 0 0 0.086647 -0.014583 0.0039178 0 0
0 0 0 0.056688 0 0 0 0 0 0 0 0.055847 -0.0093993 0.0025252 0 0
-0 -0 -0 0.097967 0 0 0 0 0 0 0 0.096512 -0.016243 0.0043639 0 0
-0 -0 -0 0.12257 0 0 0 0 0 0 0 0.12075 -0.020322 0.0054597 0 0
-0 -0 -0 0.16417 0 0 0 0 0 0 0 0.16173 -0.02722 0.0073128 0 0
-0 -0 -0 0.010279 0 0 0 0 0 0 0 0.010126 -0.0017043 0.00045787 0 0
0 0 0 0.15562 0 0 0 0 0 0 0 0.15331 -0.025802 0.0069319 0 0
-0 -0 -0 0.008417 0 0 0 0 0 0 0 0.008292 -0.0013956 0.00037493 0 0
0 0 0 0.1321 0 0 0 0 0 0 0 0.13014 -0.021903 0.0058842 0 0
0 0 0 0.091766 0 0 0 0 0 0 0 0.090403 -0.015215 0.0040877 0 0
0 0 0 0.1186 0 0 0 0 0 0 0 0.11684 -0.019664 0.0052829 0 0
-0 -0 -0 0.14386 0 0 0 0 0 0 0 0.14173 -0.023854 0.0064083 0 0
0 0 0 0.15314 0 0 0 0 0 0 0 0.15086 -0.025391 0.0068214 0 0
-0 -0 -0 0.032165 0 0 0 0 0 0 0 0.031687 -0.0053331 0.0014328 0 0
-0 -0 -0 0.16906 0 0 0 0 0 0 0 0.16655 -0.028032 0.0075309 0 0
-0 -0 -0 0.18271 0 0 0 0 0 0 0 0.17999 -0.030294 0.0081386 0 0
-0 -0 -0 0.027141 0 0 0 0 0 0 0 0.026738 -0.0045002 0.001209 0 0
-0 -0 -0 0.040197 0 0 0 0 0 0 0 0.0396 -0.0066649 0.0017906 0 0
-0 -0 -0 0.17446 0 0 0 0 0 0 0 0.17187 -0.028926 0.0077711 0 0
-0 -0 -0 0.1898 0 0 0 0 0 0 0 0.18698 -0.03147 0.0084545 0 0
0 0 0 0.19622 0 0 0 0 0 0 0 0.19331 -0.032535 0.0087407 0 0
0 0 0 0.07459 0 0 0 0 0 0 0 0.073483 -0.012367 0.0033226 0 0
0 0 0 0.18682 0 0 0 0 0 0 0 0.18405 -0.030976 0.0083218 0 0
-0 -0 -0 0.10333 0 0 0 0 0 0 0 0.1018 -0.017133 0.0046029 0 0
-0 -0 -0 0.15469 0 0 0 0 0 0 0 0.1524 -0.025649 0.0068908 0 0
0 0 0 0.092845 0 0 0 0 0 0 0 0.091467 -0.015394 0.0041357 0 0
-0 -0 -0 0.00085377 0 0 0 0 0 0 0 0.00084109 -0.00014156 3.8031e-05 0 0
0 0 0 0.095967 0 0 0 0 0 0 0 0.094542 -0.015912 0.0042748 0 0
0 0 0 0.16888 0 0 0 0 0 0 0 0.16638 -0.028002 0.0075228 0 0
0 0 0 0.022438 0 0 0 0 0 0 0 0.022105 -0.0037204 0.00099949 0 0
-0 -0 -0 0.15818 0 0 0 0 0 0 0 0.15583 -0.026227 0.007046 0 0
-0 -0 -0 0.075676 0 0 0 0 0 0 0 0.074553 -0.012548 0.003371 0 0
-0 -0 -0 0.10778 0 0 0 0 0 0 0 0.10618 -0.017871 0.0048011 0 0
0 0 0 0.18072 0 0 0 0 0 0 0 0.17803 -0.029964 0.0080499 0 0
0 0 0 0.13302 0 0 0 0 0 0 0 0.13104 -0.022055 0.0059253 0 0
-0 -0 -0 0.12656 0 0 0 0 0 0 0 0.12468 -0.020984 0.0056375 0 0
-0 -0 -0 0.10669 0 0 0 0 0 0 0 0.10511 -0.01769 0.0047526 0 0
-0 -0 -0 0.15094 0 0 0 0 0 0 0 0.1487 -0.025026 0.0067235 0 0
