0 0 0 0.052823 0 0 0 0 0 0 0 0.052823 0 0 0 0
0 0 0 0.0023945 0 0 0 0 0 0 0 0.0023945 0 0 0 0
-0 -0 -0 0.024122 0 0 0 0 0 0 0 0.024122 0 0 0 0
0 0 0 0.097547 0 0 0 0 0 0 0 0.097547 0 0 0 0
0 0 0 0.17281 0 0 0 0 0 0 0 0.17281 0 0 0 0
0 0 0 0.083388 0 0 0 0 0 0 0 0.083388 0 0 0 0
0 0 0 0.039085 0 0 0 0 0 0 0 0.039085 0 0 0 0
-0 -0 -0 0.060879 0 0 0 0 0 0 0 0.060879 0 0 0 0
0 0 0 0.089126 0 0 0 0 0 0 0 0.089126 0 0 0 0
-0 -0 -0 0.0049911 0 0 0 0 0 0 0 0.0049911 0 0 0 0
0 0 0 0.1817 0 0 0 0 0 0 0 0.1817 0 0 0 0
0 0 0 0.085486 0 0 0 0 0 0 0 0.085486 0 0 0 0
0 0 0 0.019156 0 0 0 0 0 0 0 0.019156 0 0 0 0
0 0 0 0.18947 0 0 0 0 0 0 0 0.18947 0 0 0 0
-0 -0 -0 0.065812 0 0 0 0 0 0 0 0.065812 0 0 0 0
0 0 0 0.18483 0 0 0 0 0 0 0 0.18483 0 0 0 0
-0 -0 -0 0.13725 0 0 0 0 0 0 0 0.13725 0 0 0 0
0 0 0 0.069905 0 0 0 0 0 0 0 0.069905 0 0 0 0
-0 -0 -0 0.11611 0 0 0 0 0 0 0 0.11611 0 0 0 0
0 0 0 0.1339 0 0 0 0 0 0 0 0.1339 0 0 0 0
0 0 0 0.095145 0 0 0 0 0 0 0 0.095145 0 0 0 0
0 0 0 0.10589 0 0 0 0 0 0 0 0.10589 0 0 0 0
0 0 0 0.026711 0 0 0 0 0 0 0 0.026711 0 0 0 0
0 0 0 0.092213 0 0 0 0 0 0 0 0.092213 0 0 0 0
0 0 0 0.11763 0 0 0 0 0 0 0 0.11763 0 0 0 0
0 0 0 0.025636 0 0 0 0 0 0 0 0.025636 0 0 0 0
-0 -0 -0 0.19904 0 0 0 0 0 0 0 0.19904 0 0 0 0
0 0 0 0.021098 0 0 0 0 0 0 0 0.021098 0 0 0 0
0 0 0 0.033418 0 0 0 0 0 0 0 0.033418 0 0 0 0
-0 -0 -0 0.17786 0 0 0 0 0 0 0 0.17786 0 0 0 0
-0 -0 -0 0.030504 0 0 0 0 0 0 0 0.030504 0 0 0 0
-0 -0 -0 0.10693 0 0 0 0 0 0 0 0.10693 0 0 0 0
0 0 0 0.18465 0 0 0 0 0 0 0 0.18465 0 0 0 0
0 0 0 0.060316 0 0 0 0 0 0 0 0.060316 0 0 0 0
-0 -0 -0 0.058059 0 0 0 0 0 0 0 0.058059 0 0 0 0
0 0 0 0.18683 0 0 0 0 0 0 0 0.18683 0 0 0 0
0 0 0 0.14217 0 0 0 0 0 0 0 0.14217 0 0 0 0
-0 -0 -0 0.012274 0 0 0 0 0 0 0 0.012274 0 0 0 0
0 0 0 0.14145 0 0 0 0 0 0 0 0.14145 0 0 0 0
0 0 0 0.15499 0 0 0 0 0 0 0 0.15499 0 0 0 0
-0 -0 -0 0.19823 0 0 0 0 0 0 0 0.19823 0 0 0 0
-0 -0 -0 0.043902 0 0 0 0 0 0 0 0.043902 0 0 0 0
0 0 0 0.0020671 0 0 0 0 0 0 0 0.0020671 0 0 0 0
0 0 0 0.092123 0 0 0 0 0 0 0 0.092123 0 0 0 0
0 0 0 0.020279 0 0 0 0 0 0 0 0.020279 0 0 0 0
0 0 0 0.10848 0 0 0 0 0 0 0 0.10848 0 0 0 0
0 0 0 0.080653 0 0 0 0 0 0 0 0.080653 0 0 0 0
-0 -0 -0 0.14903 0 0 0 0 0 0 0 0.14903 0 0 0 0
-0 -0 -0 0.050912 0 0 0 0 0 0 0 0.050912 0 0 0 0
0 0 0 0.060411 0 0 0 0 0 0 0 0.060411 0 0 0 0
0 0 0 0.18677 0 0 0 0 0 0 0 0.18677 0 0 0 0
-0 -0 -0 0.063031 0 0 0 0 0 0 0 0.063031 0 0 0 0
-0 -0 -0 0.044635 0 0 0 0 0 0 0 0.044635 0 0 0 0
-0 -0 -0 0.14528 0 0 0 0 0 0 0 0.14528 0 0 0 0
0 0 0 0.15664 0 0 0 0 0 0 0 0.15664 0 0 0 0
-0 -0 -0 0.077985 0 0 0 0 0 0 0 0.077985 0 0 0 0
0 0 0 0.11769 0 0 0 0 0 0 0 0.11769 0 0 0 0
0 0 0 0.12531 0 0 0 0 0 0 0 0.12531 0 0 0 0
0 0 0 0.072891 0 0 0 0 0 0 0 0.072891 0 0 0 0
0 0 0 0.12281 0 0 0 0 0 0 0 0.12281 0 0 0 0
0 0 0 0.17345 0 0 0 0 0 0 0 0.17345 0 0 0 0
-0 -0 -0 0.18769 0 0 0 0 0 0 0 0.18769 0 0 0 0
0 0 0 0.10797 0 0 0 0 0 0 0 0.10797 0 0 0 0
0 0 0 0.088823 0 0 0 0 0 0 0 0.088823 0 0 0 0
0 0 0 0.12001 0 0 0 0 0 0 0 0.12001 0 0 0 0
-0 -0 -0 0.097161 0 0 0 0 0 0 0 0.097161 0 0 0 0
-0 -0 -0 0.020557 0 0 0 0 0 0 0 0.020557 0 0 0 0
-0 -0 -0 0.063647 0 0 0 0 0 0 0 0.063647 0 0 0 0
0 0 0 0.0051697 0 0 0 0 0 0 0 0.0051697 0 0 0 0
0 0 0 0.15882 0 0 0 0 0 0 0 0.15882 0 0 0 0
0 0 0 0.096911 0 0 0 0 0 0 0 0.096911 0 0 0 0
-0 -0 -0 0.14081 0 0 0 0 0 0 0 0.14081 0 0 0 0
-0 -0 -0 0.059099 0 0 0 0 0 0 0 0.059099 0 0 0 0
-0 -0 -0 0.079143 0 0 0 0 0 0 0 0.079143 0 0 0 0
0 0 0 0.018598 0 0 0 0 0 0 0 0.018598 0 0 0 0
0 0 0 0.069195 0 0 0 0 0 0 0 0.069195 0 0 0 0
-0 -0 -0 0.19003 0 0 0 0 0 0 0 0.19003 0 0 0 0
0 0 0 0.030174 0 0 0 0 0 0 0 0.030174 0 0 0 0
-0 -0 -0 0.021889 0 0 0 0 0 0 0 0.021889 0 0 0 0
-0 -0 -0 0.041183 0 0 0 0 0 0 0 0.041183 0 0 0 0
-0 -0 -0 0.1428 0 0 0 0 0 0 0 0.1428 0 0 0 0
-0 -0 -0 0.19237 0 0 0 0 0 0 0 0.19237 0 0 0 0
-0 -0 -0 0.067183 0 0 0 0 0 0 0 0.067183 0 0 0 0
0 0 0 0.049417 0 0 0 0 0 0 0 0.049417 0 0 0 0
0 0 0 0.077999 0 0 0 0 0 0 0 0.077999 0 0 0 0
-0 -0 -0 0.19787 0 0 0 0 0 0 0 0.19787 0 0 0 0
-0 -0 -0 0.038438 0 0 0 0 0 0 0 0.038438 0 0 0 0
-0 -0 -0 0.03469 0 0 0 0 0 0 0 0.03469 0 0 0 0
0 0 0 0.14838 0 0 0 0 0 0 0 0.14838 0 0 0 0
0 0 0 0.096605 0 0 0 0 0 0 0 0.096605 0 0 0 0
-0 -0 -0 0.16246 0 0 0 0 0 0 0 0.16246 0 0 0 0
-0 -0 -0 0.0009561 0 0 0 0 0 0 0 0.0009561 0 0 0 0
0 0 0 0.058776 0 0 0 0 0 0 0 0.058776 0 0 0 0
-0 -0 -0 0.17719 0 0 0 0 0 0 0 0.17719 0 0 0 0
-0 -0 -0 0.11529 0 0 0 0 0 0 0 0.11529 0 0 0 0
0 0 0 0.15966 0 0 0 0 0 0 0 0.15966 0 0 0 0
-0 -0 -0 0.17277 0 0 0 0 0 0 0 0.17277 0 0 0 0
-0 -0 -0 0.15931 0 0 0 0 0 0 0 0.15931 0 0 0 0
0 0 0 0.023666 0 0 0 0 0 0 0 0.023666 0 0 0 0
0 0 0 0.1398 0 0 0 0 0 0 0 0.1398 0 0 0 0
