-0 -0 -0 0.054571 0 0 0 0 0 0 0 0.053761 -0.0090482 0.0024308 0 0
-0 -0 -0 0.058951 0 0 0 0 0 0 0 0.058076 -0.0097745 0.002626 0 0
-0 -0 -0 0.13058 0 0 0 0 0 0 0 0.12864 -0.021651 0.0058167 0 0
0 0 0 0.068804 0 0 0 0 0 0 0 0.067782 -0.011408 0.0030648 0 0
0 0 0 0.0063716 0 0 0 0 0 0 0 0.006277 -0.0010565 0.00028382 0 0
-0 -0 -0 0.073332 0 0 0 0 0 0 0 0.072244 -0.012159 0.0032666 0 0
0 0 0 0.058423 0 0 0 0 0 0 0 0.057556 -0.009687 0.0026024 0 0
-0 -0 -0 0.062747 0 0 0 0 0 0 0 0.061815 -0.010404 0.002795 0 0
-0 -0 -0 0.16159 0 0 0 0 0 0 0 0.15919 -0.026793 0.0071979 0 0
0 0 0 0.036345 0 0 0 0 0 0 0 0.035806 -0.0060262 0.001619 0 0
-0 -0 -0 0.19556 0 0 0 0 0 0 0 0.19265 -0.032424 0.0087109 0 0
-0 -0 -0 0.11168 0 0 0 0 0 0 0 0.11002 -0.018517 0.0049748 0 0
0 0 0 0.015997 0 0 0 0 0 0 0 0.01576 -0.0026524 0.00071258 0 0
-0 -0 -0 0.1191 0 0 0 0 0 0 0 0.11733 -0.019748 0.0053053 0 0
0 0 0 0.10624 0 0 0 0 0 0 0 0.10467 -0.017616 0.0047325 0 0
-0 -0 -0 0.10954 0 0 0 0 0 0 0 0.10792 -0.018163 0.0048796 0 0
0 0 0 0.1111 0 0 0 0 0 0 0 0.10945 -0.018421 0.004949 0 0
-0 -0 -0 0.00074491 0 0 0 0 0 0 0 0.00073385 -0.00012351 3.3181e-05 0 0
0 0 0 0.037576 0 0 0 0 0 0 0 0.037018 -0.0062303 0.0016738 0 0
-0 -0 -0 0.02014 0 0 0 0 0 0 0 0.019841 -0.0033393 0.00089713 0 0
0 0 0 0.021419 0 0 0 0 0 0 0 0.021101 -0.0035514 0.0009541 0 0
0 0 0 0.19072 0 0 0 0 0 0 0 0.18788 -0.031622 0.0084953 0 0
-0 -0 -0 0.17606 0 0 0 0 0 0 0 0.17345 -0.029192 0.0078426 0 0
0 0 0 0.11319 0 0 0 0 0 0 0 0.11151 -0.018768 0.0050421 0 0
0 0 0 0.14327 0 0 0 0 0 0 0 0.14114 -0.023755 0.0063818 0 0
0 0 0 0.069443 0 0 0 0 0 0 0 0.068412 -0.011514 0.0030933 0 0
-0 -0 -0 0.18426 0 0 0 0 0 0 0 0.18152 -0.030551 0.0082077 0 0
-0 -0 -0 0.01778 0 0 0 0 0 0 0 0.017516 -0.002948 0.00079199 0 0
-0 -0 -0 0.048008 0 0 0 0 0 0 0 0.047295 -0.00796 0.0021385 0 0
0 0 0 0.17091 0 0 0 0 0 0 0 0.16837 -0.028337 0.0076129 0 0
-0 -0 -0 0.0067222 0 0 0 0 0 0 0 0.0066224 -0.0011146 0.00029944 0 0
-0 -0 -0 0.16229 0 0 0 0 0 0 0 0.15988 -0.026909 0.0072292 0 0
-0 -0 -0 0.030783 0 0 0 0 0 0 0 0.030326 -0.0051039 0.0013712 0 0
-0 -0 -0 0.089252 0 0 0 0 0 0 0 0.087926 -0.014798 0.0039757 0 0
0 0 0 0.038598 0 0 0 0 0 0 0 0.038025 -0.0063998 0.0017193 0 0
-0 -0 -0 0.03688 0 0 0 0 0 0 0 0.036333 -0.006115 0.0016428 0 0
0 0 0 0.048688 0 0 0 0 0 0 0 0.047965 -0.0080727 0.0021688 0 0
-0 -0 -0 0.024187 0 0 0 0 0 0 0 0.023828 -0.0040104 0.0010774 0 0
0 0 0 0.016239 0 0 0 0 0 0 0 0.015998 -0.0026925 0.00072335 0 0
-0 -0 -0 0.1663 0 0 0 0 0 0 0 0.16383 -0.027573 0.0074077 0 0
0 0 0 0.18351 0 0 0 0 0 0 0 0.18079 -0.030427 0.0081744 0 0
0 0 0 0.066424 0 0 0 0 0 0 0 0.065437 -0.011013 0.0029588 0 0
0 0 0 0.13518 0 0 0 0 0 0 0 0.13318 -0.022414 0.0060217 0 0
0 0 0 0.13842 0 0 0 0 0 0 0 0.13637 -0.022952 0.006166 0 0
-0 -0 -0 0.12477 0 0 0 0 0 0 0 0.12292 -0.020688 0.0055579 0 0
-0 -0 -0 0.0032853 0 0 0 0 0 0 0 0.0032365 -0.00054472 0.00014634 0 0
0 0 0 0.13141 0 0 0 0 0 0 0 0.12946 -0.021788 0.0058535 0 0
0 0 0 0.18496 0 0 0 0 0 0 0 0.18221 -0.030667 0.0082389 0 0
0 0 0 0.10335 0 0 0 0 0 0 0 0.10181 -0.017135 0.0046035 0 0
-0 -0 -0 0.15223 0 0 0 0 0 0 0 0.14997 -0.025241 0.0067811 0 0
0 0 0 0.048203 0 0 0 0 0 0 0 0.047487 -0.0079923 0.0021472 0 0
-0 -0 -0 0.14578 0 0 0 0 0 0 0 0.14361 -0.024171 0.0064935 0 0
-0 -0 -0 0.1686 0 0 0 0 0 0 0 0.1661 -0.027955 0.0075104 0 0
-0 -0 -0 0.09709 0 0 0 0 0 0 0 0.095648 -0.016098 0.0043248 0 0
-0 -0 -0 0.0084216 0 0 0 0 0 0 0 0.0082966 -0.0013964 0.00037514 0 0
-0 -0 -0 0.15484 0 0 0 0 0 0 0 0.15254 -0.025673 0.0068972 0 0
0 0 0 0.16547 0 0 0 0 0 0 0 0.16302 -0.027436 0.0073709 0 0
-0 -0 -0 0.086491 0 0 0 0 0 0 0 0.085207 -0.014341 0.0038527 0 0
0 0 0 0.17438 0 0 0 0 0 0 0 0.17179 -0.028913 0.0077675 0 0
-0 -0 -0 0.11456 0 0 0 0 0 0 0 0.11286 -0.018994 0.0051028 0 0
-0 -0 -0 0.0059674 0 0 0 0 0 0 0 0.0058788 -0.00098942 0.00026581 0 0
0 0 0 0.036992 0 0 0 0 0 0 0 0.036442 -0.0061334 0.0016478 0 0
-0 -0 -0 0.0030045 0 0 0 0 0 0 0 0.0029599 -0.00049816 0.00013383 0 0
-0 -0 -0 0.05461 0 0 0 0 0 0 0 0.053799 -0.0090546 0.0024326 0 0
-0 -0 -0 0.19207 0 0 0 0 0 0 0 0.18922 -0.031846 0.0085556 0 0
-0 -0 -0 0.071858 0 0 0 0 0 0 0 0.070791 -0.011915 0.0032009 0 0
-0 -0 -0 0.060974 0 0 0 0 0 0 0 0.060069 -0.01011 0.0027161 0 0
-0 -0 -0 0.0042078 0 0 0 0 0 0 0 0.0041453 -0.00069768 0.00018743 0 0
0 0 0 0.018054 0 0 0 0 0 0 0 0.017786 -0.0029934 0.00080419 0 0
0 0 0 0.16378 0 0 0 0 0 0 0 0.16135 -0.027156 0.0072955 0 0
0 0 0 0.19826 0 0 0 0 0 0 0 0.19532 -0.032873 0.0088314 0 0
-0 -0 -0 0.18356 0 0 0 0 0 0 0 0.18083 -0.030435 0.0081764 0 0
-0 -0 -0 0.13269 0 0 0 0 0 0 0 0.13072 -0.022 0.0059105 0 0
-0 -0 -0 0.17029 0 0 0 0 0 0 0 0.16776 -0.028235 0.0075854 0 0
0 0 0 0.11775 0 0 0 0 0 0 0 0.116 -0.019523 0.0052449 0 0
-0 -0 -0 0.060562 0 0 0 0 0 0 0 0.059663 -0.010042 0.0026977 0 0
0 0 0 0.18134 0 0 0 0 0 0 0 0.17865 -0.030068 0.0080779 0 0
0 0 0 0.085165 0 0 0 0 0 0 0 0.083901 -0.014121 0.0037936 0 0
-0 -0 -0 0.14848 0 0 0 0 0 0 0 0.14628 -0.024619 0.0066141 0 0
-0 -0 -0 0.013031 0 0 0 0 0 0 0 0.012838 -0.0021606 0.00058046 0 0
0 0 0 0.0112 0 0 0 0 0 0 0 0.011034 -0.0018571 0.00049892 0 0
0 0 0 0.14258 0 0 0 0 0 0 0 0.14046 -0.02364 0.0063511 0 0
0 0 0 0.080396 0 0 0 0 0 0 0 0.079202 -0.01333 0.0035812 0 0
-0 -0 -0 0.080949 0 0 0 0 0 0 0 0.079747 -0.013422 0.0036058 0 0
0 0 0 0.030558 0 0 0 0 0 0 0 0.030104 -0.0050667 0.0013612 0 0
-0 -0 -0 0.06423 0 0 0 0 0 0 0 0.063276 -0.01065 0.0028611 0 0
0 0 0 0.028083 0 0 0 0 0 0 0 0.027666 -0.0046563 0.0012509 0 0
-0 -0 -0 0.042264 0 0 0 0 0 0 0 0.041636 -0.0070076 0.0018826 0 0
-0 -0 -0 0.063317 0 0 0 0 0 0 0 0.062377 -0.010498 0.0028204 0 0
0 0 0 0.12392 0 0 0 0 0 0 0 0.12208 -0.020546 0.0055199 0 0
0 0 0 0.19743 0 0 0 0 0 0 0 0.1945 -0.032735 0.0087945 0 0
-0 -0 -0 0.1608 0 0 0 0 0 0 0 0.15841 -0.026662 0.0071628 0 0
0 0 0 0.070835 0 0 0 0 0 0 0 0.069783 -0.011745 0.0031553 0 0
-0 -0 -0 0.0052227 0 0 0 0 0 0 0 0.0051452 -0.00086596 0.00023264 0 0
0 0 0 0.1559 0 0 0 0 0 0 0 0.15359 -0.02585 0.0069447 0 0
-0 -0 -0 0.063204 0 0 0 0 0 0 0 0.062265 -0.01048 0.0028154 0 0
0 0 0 0.038662 0 0 0 0 0 0 0 0.038088 -0.0064104 0.0017222 0 0
0 0 0 0.1772 0 0 0 0 0 0 0 0.17457 -0.029382 0.0078935 0 0
0 0 0 0.086059 0 0 0 0 0 0 0 0.084781 -0.014269 0.0038334 0 0
0 0 0 0.018393 0 0 0 0 0 0 0 0.018119 -0.0030496 0.00081929 0 0
