-0 -0 -0 0.051394 0 0 0 0 -0 0 0 0.044665 -0.024517 0.0067289 0 0
-0 -0 -0 0.07436 0 0 0 0 -0 0 0 0.064624 -0.035473 0.0097358 0 0
-0 -0 -0 0.03335 0 0 0 0 -0 0 0 0.028983 -0.015909 0.0043664 0 0
-0 -0 -0 0.09834 0 0 0 0 -0 0 0 0.085465 -0.046913 0.012875 0 0
-0 -0 -0 0.056681 0 0 0 0 -0 0 0 0.04926 -0.027039 0.0074211 0 0
-0 -0 -0 0.049478 0 0 0 0 -0 0 0 0.043 -0.023603 0.0064781 0 0
0 0 0 0.18407 0 0 0 0 -0 0 0 0.15997 -0.087809 0.0241 0 0
-0 -0 -0 0.056956 0 0 0 0 -0 0 0 0.049498 -0.02717 0.0074571 0 0
-0 -0 -0 0.057158 0 0 0 0 -0 0 0 0.049675 -0.027267 0.0074836 0 0
0 0 0 0.16371 0 0 0 0 -0 0 0 0.14228 -0.078099 0.021435 0 0
0 0 0 0.1723 0 0 0 0 -0 0 0 0.14974 -0.082195 0.022559 0 0
-0 -0 -0 0.1138 0 0 0 0 -0 0 0 0.098903 -0.054289 0.0149 0 0
0 0 0 0.16799 0 0 0 0 -0 0 0 0.14599 -0.080137 0.021994 0 0
0 0 0 0.10438 0 0 0 0 -0 0 0 0.090716 -0.049795 0.013667 0 0
-0 -0 -0 0.10031 0 0 0 0 -0 0 0 0.087175 -0.047851 0.013133 0 0
0 0 0 0.090994 0 0 0 0 -0 0 0 0.079081 -0.043408 0.011914 0 0
0 0 0 0.18265 0 0 0 0 -0 0 0 0.15874 -0.087133 0.023914 0 0
-0 -0 -0 0.077309 0 0 0 0 -0 0 0 0.067187 -0.03688 0.010122 0 0
-0 -0 -0 0.1134 0 0 0 0 -0 0 0 0.098551 -0.054096 0.014847 0 0
0 0 0 0.085836 0 0 0 0 -0 0 0 0.074598 -0.040948 0.011238 0 0
0 0 0 0.07932 0 0 0 0 -0 0 0 0.068935 -0.037839 0.010385 0 0
0 0 0 0.18591 0 0 0 0 -0 0 0 0.16157 -0.088689 0.024341 0 0
0 0 0 0.077216 0 0 0 0 -0 0 0 0.067106 -0.036835 0.01011 0 0
-0 -0 -0 0.18256 0 0 0 0 -0 0 0 0.15865 -0.087087 0.023902 0 0
-0 -0 -0 0.055075 0 0 0 0 -0 0 0 0.047864 -0.026273 0.0072109 0 0
0 0 0 0.0032615 0 0 0 0 -0 0 0 0.0028345 -0.0015559 0.00042702 0 0
-0 -0 -0 0.0053517 0 0 0 0 -0 0 0 0.004651 -0.002553 0.00070068 0 0
0 0 0 0.040792 0 0 0 0 -0 0 0 0.035451 -0.01946 0.0053408 0 0
0 0 0 0.16783 0 0 0 0 -0 0 0 0.14586 -0.080063 0.021974 0 0
-0 -0 -0 0.13504 0 0 0 0 -0 0 0 0.11736 -0.06442 0.017681 0 0
-0 -0 -0 0.063098 0 0 0 0 -0 0 0 0.054836 -0.0301 0.0082612 0 0
-0 -0 -0 0.063673 0 0 0 0 -0 0 0 0.055337 -0.030375 0.0083366 0 0
0 0 0 0.0049377 0 0 0 0 -0 0 0 0.0042912 -0.0023555 0.00064648 0 0
0 0 0 0.1963 0 0 0 0 -0 0 0 0.1706 -0.093645 0.025702 0 0
0 0 0 0.1267 0 0 0 0 -0 0 0 0.11011 -0.06044 0.016588 0 0
-0 -0 -0 0.17528 0 0 0 0 -0 0 0 0.15233 -0.083617 0.022949 0 0
0 0 0 0.036305 0 0 0 0 -0 0 0 0.031551 -0.017319 0.0047533 0 0
-0 -0 -0 0.0061921 0 0 0 0 -0 0 0 0.0053814 -0.0029539 0.00081072 0 0
-0 -0 -0 0.020533 0 0 0 0 -0 0 0 0.017844 -0.0097949 0.0026883 0 0
0 0 0 0.15856 0 0 0 0 -0 0 0 0.1378 -0.075641 0.02076 0 0
-0 -0 -0 0.072021 0 0 0 0 -0 0 0 0.062591 -0.034357 0.0094295 0 0
0 0 0 0.15734 0 0 0 0 -0 0 0 0.13674 -0.075057 0.0206 0 0
0 0 0 0.010749 0 0 0 0 -0 0 0 0.0093419 -0.0051279 0.0014074 0 0
0 0 0 0.1385 0 0 0 0 -0 0 0 0.12037 -0.066071 0.018133 0 0
0 0 0 0.048244 0 0 0 0 -0 0 0 0.041928 -0.023015 0.0063165 0 0
0 0 0 0.18055 0 0 0 0 -0 0 0 0.15691 -0.086131 0.023639 0 0
0 0 0 0.12956 0 0 0 0 -0 0 0 0.11259 -0.061805 0.016963 0 0
-0 -0 -0 0.0044942 0 0 0 0 -0 0 0 0.0039058 -0.0021439 0.00058841 0 0
0 0 0 0.083316 0 0 0 0 -0 0 0 0.072408 -0.039746 0.010908 0 0
-0 -0 -0 0.14185 0 0 0 0 -0 0 0 0.12327 -0.067667 0.018572 0 0
0 0 0 0.10299 0 0 0 0 -0 0 0 0.089505 -0.049131 0.013484 0 0
-0 -0 -0 0.1808 0 0 0 0 -0 0 0 0.15713 -0.08625 0.023672 0 0
-0 -0 -0 0.15755 0 0 0 0 -0 0 0 0.13692 -0.075159 0.020628 0 0
0 0 0 0.0050221 0 0 0 0 -0 0 0 0.0043645 -0.0023957 0.00065753 0 0
-0 -0 -0 0.10477 0 0 0 0 -0 0 0 0.091054 -0.049981 0.013718 0 0
-0 -0 -0 0.14214 0 0 0 0 -0 0 0 0.12353 -0.067807 0.01861 0 0
-0 -0 -0 0.14642 0 0 0 0 -0 0 0 0.12725 -0.069847 0.01917 0 0
0 0 0 0.17632 0 0 0 0 -0 0 0 0.15324 -0.084113 0.023085 0 0
0 0 0 0.17328 0 0 0 0 -0 0 0 0.15059 -0.082663 0.022687 0 0
0 0 0 0.042489 0 0 0 0 -0 0 0 0.036926 -0.020269 0.005563 0 0
0 0 0 0.18064 0 0 0 0 -0 0 0 0.15699 -0.086172 0.02365 0 0
-0 -0 -0 0.12143 0 0 0 0 -0 0 0 0.10553 -0.057929 0.015899 0 0
-0 -0 -0 0.065969 0 0 0 0 -0 0 0 0.057332 -0.03147 0.0086372 0 0
0 0 0 0.018887 0 0 0 0 -0 0 0 0.016414 -0.00901 0.0024728 0 0
-0 -0 -0 0.1716 0 0 0 0 -0 0 0 0.14913 -0.081861 0.022467 0 0
-0 -0 -0 0.12531 0 0 0 0 -0 0 0 0.10891 -0.05978 0.016407 0 0
0 0 0 0.1058 0 0 0 0 -0 0 0 0.091946 -0.05047 0.013852 0 0
0 0 0 0.12224 0 0 0 0 -0 0 0 0.10624 -0.058316 0.016005 0 0
0 0 0 0.14943 0 0 0 0 -0 0 0 0.12987 -0.071287 0.019565 0 0
0 0 0 0.11312 0 0 0 0 -0 0 0 0.098306 -0.053962 0.01481 0 0
0 0 0 0.037734 0 0 0 0 -0 0 0 0.032794 -0.018001 0.0049405 0 0
-0 -0 -0 0.056776 0 0 0 0 -0 0 0 0.049342 -0.027085 0.0074335 0 0
-0 -0 -0 0.12969 0 0 0 0 -0 0 0 0.11271 -0.061866 0.01698 0 0
-0 -0 -0 0.0025726 0 0 0 0 -0 0 0 0.0022358 -0.0012273 0.00033683 0 0
0 0 0 0.14951 0 0 0 0 -0 0 0 0.12994 -0.071325 0.019576 0 0
0 0 0 0.12673 0 0 0 0 -0 0 0 0.11014 -0.060457 0.016593 0 0
0 0 0 0.049828 0 0 0 0 -0 0 0 0.043305 -0.02377 0.0065239 0 0
0 0 0 0.11453 0 0 0 0 -0 0 0 0.099531 -0.054634 0.014995 0 0
-0 -0 -0 0.050705 0 0 0 0 -0 0 0 0.044067 -0.024189 0.0066388 0 0
-0 -0 -0 0.13693 0 0 0 0 -0 0 0 0.119 -0.065321 0.017928 0 0
0 0 0 0.19247 0 0 0 0 -0 0 0 0.16727 -0.091815 0.025199 0 0
-0 -0 -0 0.021709 0 0 0 0 -0 0 0 0.018866 -0.010356 0.0028423 0 0
-0 -0 -0 0.066982 0 0 0 0 -0 0 0 0.058212 -0.031953 0.0087698 0 0
-0 -0 -0 0.041849 0 0 0 0 -0 0 0 0.03637 -0.019964 0.0054792 0 0
0 0 0 0.014624 0 0 0 0 -0 0 0 0.012709 -0.0069762 0.0019147 0 0
-0 -0 -0 0.17121 0 0 0 0 -0 0 0 0.14879 -0.081675 0.022416 0 0
0 0 0 0.050913 0 0 0 0 -0 0 0 0.044247 -0.024288 0.006666 0 0
0 0 0 0.17158 0 0 0 0 -0 0 0 0.14912 -0.081853 0.022465 0 0
0 0 0 0.12468 0 0 0 0 -0 0 0 0.10836 -0.059479 0.016324 0 0
0 0 0 0.17446 0 0 0 0 -0 0 0 0.15162 -0.083224 0.022841 0 0
0 0 0 0.04237 0 0 0 0 -0 0 0 0.036823 -0.020212 0.0055474 0 0
-0 -0 -0 0.078023 0 0 0 0 -0 0 0 0.067807 -0.03722 0.010215 0 0
-0 -0 -0 0.04762 0 0 0 0 -0 0 0 0.041385 -0.022717 0.0062347 0 0
0 0 0 0.19384 0 0 0 0 -0 0 0 0.16846 -0.092468 0.025378 0 0
0 0 0 0.044445 0 0 0 0 -0 0 0 0.038626 -0.021202 0.005819 0 0
0 0 0 0.10524 0 0 0 0 -0 0 0 0.091465 -0.050207 0.013779 0 0
-0 -0 -0 0.19662 0 0 0 0 -0 0 0 0.17087 -0.093795 0.025743 0 0
0 0 0 0.0077644 0 0 0 0 -0 0 0 0.0067478 -0.003704 0.0010166 0 0
0 0 0 0.067534 0 0 0 0 -0 0 0 0.058692 -0.032217 0.0088421 0 0
-0 -0 -0 0.061093 0 0 0 0 -0 0 0 0.053094 -0.029144 0.0079988 0 0
