-0 -0 -0 0.0064516 0 0 0 0 0 0 0 0.0064516 0 0 0 0
0 0 0 0.16124 0 0 0 0 0 0 0 0.16124 0 0 0 0
-0 -0 -0 0.033805 0 0 0 0 0 0 0 0.033805 0 0 0 0
-0 -0 -0 0.16965 0 0 0 0 0 0 0 0.16965 0 0 0 0
0 0 0 0.038411 0 0 0 0 0 0 0 0.038411 0 0 0 0
-0 -0 -0 0.05709 0 0 0 0 0 0 0 0.05709 0 0 0 0
-0 -0 -0 0.15537 0 0 0 0 0 0 0 0.15537 0 0 0 0
-0 -0 -0 0.036448 0 0 0 0 0 0 0 0.036448 0 0 0 0
0 0 0 0.098033 0 0 0 0 0 0 0 0.098033 0 0 0 0
0 0 0 0.01881 0 0 0 0 0 0 0 0.01881 0 0 0 0
-0 -0 -0 0.1106 0 0 0 0 0 0 0 0.1106 0 0 0 0
0 0 0 0.12882 0 0 0 0 0 0 0 0.12882 0 0 0 0
0 0 0 0.035168 0 0 0 0 0 0 0 0.035168 0 0 0 0
-0 -0 -0 0.0032493 0 0 0 0 0 0 0 0.0032493 0 0 0 0
0 0 0 0.12669 0 0 0 0 0 0 0 0.12669 0 0 0 0
0 0 0 0.1155 0 0 0 0 0 0 0 0.1155 0 0 0 0
0 0 0 0.11951 0 0 0 0 0 0 0 0.11951 0 0 0 0
-0 -0 -0 0.05648 0 0 0 0 0 0 0 0.05648 0 0 0 0
-0 -0 -0 0.069994 0 0 0 0 0 0 0 0.069994 0 0 0 0
0 0 0 0.18816 0 0 0 0 0 0 0 0.18816 0 0 0 0
-0 -0 -0 0.19492 0 0 0 0 0 0 0 0.19492 0 0 0 0
-0 -0 -0 0.058416 0 0 0 0 0 0 0 0.058416 0 0 0 0
0 0 0 0.059853 0 0 0 0 0 0 0 0.059853 0 0 0 0
-0 -0 -0 0.0066495 0 0 0 0 0 0 0 0.0066495 0 0 0 0
-0 -0 -0 0.17107 0 0 0 0 0 0 0 0.17107 0 0 0 0
-0 -0 -0 0.13144 0 0 0 0 0 0 0 0.13144 0 0 0 0
0 0 0 0.086369 0 0 0 0 0 0 0 0.086369 0 0 0 0
0 0 0 0.048682 0 0 0 0 0 0 0 0.048682 0 0 0 0
-0 -0 -0 0.079518 0 0 0 0 0 0 0 0.079518 0 0 0 0
0 0 0 0.049977 0 0 0 0 0 0 0 0.049977 0 0 0 0
0 0 0 0.074769 0 0 0 0 0 0 0 0.074769 0 0 0 0
0 0 0 0.13033 0 0 0 0 0 0 0 0.13033 0 0 0 0
0 0 0 0.050589 0 0 0 0 0 0 0 0.050589 0 0 0 0
0 0 0 0.01247 0 0 0 0 0 0 0 0.01247 0 0 0 0
-0 -0 -0 0.14479 0 0 0 0 0 0 0 0.14479 0 0 0 0
-0 -0 -0 0.089198 0 0 0 0 0 0 0 0.089198 0 0 0 0
0 0 0 0.0017874 0 0 0 0 0 0 0 0.0017874 0 0 0 0
0 0 0 0.00021596 0 0 0 0 0 0 0 0.00021596 0 0 0 0
0 0 0 0.09931 0 0 0 0 0 0 0 0.09931 0 0 0 0
-0 -0 -0 0.19768 0 0 0 0 0 0 0 0.19768 0 0 0 0
0 0 0 0.0035276 0 0 0 0 0 0 0 0.0035276 0 0 0 0
0 0 0 0.085579 0 0 0 0 0 0 0 0.085579 0 0 0 0
0 0 0 0.0083839 0 0 0 0 0 0 0 0.0083839 0 0 0 0
0 0 0 0.029205 0 0 0 0 0 0 0 0.029205 0 0 0 0
0 0 0 0.042135 0 0 0 0 0 0 0 0.042135 0 0 0 0
0 0 0 0.028333 0 0 0 0 0 0 0 0.028333 0 0 0 0
-0 -0 -0 0.19923 0 0 0 0 0 0 0 0.19923 0 0 0 0
-0 -0 -0 0.11647 0 0 0 0 0 0 0 0.11647 0 0 0 0
-0 -0 -0 0.080504 0 0 0 0 0 0 0 0.080504 0 0 0 0
-0 -0 -0 0.039732 0 0 0 0 0 0 0 0.039732 0 0 0 0
0 0 0 0.02163 0 0 0 0 0 0 0 0.02163 0 0 0 0
-0 -0 -0 0.19791 0 0 0 0 0 0 0 0.19791 0 0 0 0
-0 -0 -0 0.13352 0 0 0 0 0 0 0 0.13352 0 0 0 0
-0 -0 -0 0.031477 0 0 0 0 0 0 0 0.031477 0 0 0 0
-0 -0 -0 0.032417 0 0 0 0 0 0 0 0.032417 0 0 0 0
-0 -0 -0 0.047362 0 0 0 0 0 0 0 0.047362 0 0 0 0
0 0 0 0.15481 0 0 0 0 0 0 0 0.15481 0 0 0 0
0 0 0 0.11439 0 0 0 0 0 0 0 0.11439 0 0 0 0
-0 -0 -0 0.1222 0 0 0 0 0 0 0 0.1222 0 0 0 0
-0 -0 -0 0.10203 0 0 0 0 0 0 0 0.10203 0 0 0 0
0 0 0 0.11626 0 0 0 0 0 0 0 0.11626 0 0 0 0
0 0 0 0.11633 0 0 0 0 0 0 0 0.11633 0 0 0 0
0 0 0 0.087409 0 0 0 0 0 0 0 0.087409 0 0 0 0
-0 -0 -0 0.1531 0 0 0 0 0 0 0 0.1531 0 0 0 0
-0 -0 -0 0.12042 0 0 0 0 0 0 0 0.12042 0 0 0 0
-0 -0 -0 0.19507 0 0 0 0 0 0 0 0.19507 0 0 0 0
-0 -0 -0 0.024816 0 0 0 0 0 0 0 0.024816 0 0 0 0
0 0 0 0.080347 0 0 0 0 0 0 0 0.080347 0 0 0 0
-0 -0 -0 0.092631 0 0 0 0 0 0 0 0.092631 0 0 0 0
-0 -0 -0 0.14128 0 0 0 0 0 0 0 0.14128 0 0 0 0
-0 -0 -0 0.01862 0 0 0 0 0 0 0 0.01862 0 0 0 0
-0 -0 -0 0.09007 0 0 0 0 0 0 0 0.09007 0 0 0 0
0 0 0 0.056394 0 0 0 0 0 0 0 0.056394 0 0 0 0
-0 -0 -0 0.14558 0 0 0 0 0 0 0 0.14558 0 0 0 0
0 0 0 0.12258 0 0 0 0 0 0 0 0.12258 0 0 0 0
0 0 0 0.15913 0 0 0 0 0 0 0 0.15913 0 0 0 0
-0 -0 -0 0.0899 0 0 0 0 0 0 0 0.0899 0 0 0 0
-0 -0 -0 0.10698 0 0 0 0 0 0 0 0.10698 0 0 0 0
0 0 0 0.0037499 0 0 0 0 0 0 0 0.0037499 0 0 0 0
-0 -0 -0 0.18384 0 0 0 0 0 0 0 0.18384 0 0 0 0
0 0 0 0.04701 0 0 0 0 0 0 0 0.04701 0 0 0 0
-0 -0 -0 0.1232 0 0 0 0 0 0 0 0.1232 0 0 0 0
-0 -0 -0 0.11987 0 0 0 0 0 0 0 0.11987 0 0 0 0
0 0 0 0.11756 0 0 0 0 0 0 0 0.11756 0 0 0 0
-0 -0 -0 0.063466 0 0 0 0 0 0 0 0.063466 0 0 0 0
-0 -0 -0 0.055557 0 0 0 0 0 0 0 0.055557 0 0 0 0
-0 -0 -0 0.03481 0 0 0 0 0 0 0 0.03481 0 0 0 0
-0 -0 -0 0.14197 0 0 0 0 0 0 0 0.14197 0 0 0 0
-0 -0 -0 0.11735 0 0 0 0 0 0 0 0.11735 0 0 0 0
0 0 0 0.013254 0 0 0 0 0 0 0 0.013254 0 0 0 0
0 0 0 0.17752 0 0 0 0 0 0 0 0.17752 0 0 0 0
0 0 0 0.01968 0 0 0 0 0 0 0 0.01968 0 0 0 0
0 0 0 0.024492 0 0 0 0 0 0 0 0.024492 0 0 0 0
0 0 0 0.17778 0 0 0 0 0 0 0 0.17778 0 0 0 0
-0 -0 -0 0.17448 0 0 0 0 0 0 0 0.17448 0 0 0 0
0 0 0 0.12903 0 0 0 0 0 0 0 0.12903 0 0 0 0
-0 -0 -0 0.06644 0 0 0 0 0 0 0 0.06644 0 0 0 0
0 0 0 0.13275 0 0 0 0 0 0 0 0.13275 0 0 0 0
0 0 0 0.093891 0 0 0 0 0 0 0 0.093891 0 0 0 0
0 0 0 0.15437 0 0 0 0 0 0 0 0.15437 0 0 0 0
