0 0 0 0.10452 0 0 0 0 0 0 0 0.10452 0 0 0 0
-0 -0 -0 0.17267 0 0 0 0 0 0 0 0.17267 0 0 0 0
-0 -0 -0 0.046699 0 0 0 0 0 0 0 0.046699 0 0 0 0
-0 -0 -0 0.11274 0 0 0 0 0 0 0 0.11274 0 0 0 0
-0 -0 -0 0.025735 0 0 0 0 0 0 0 0.025735 0 0 0 0
0 0 0 0.065388 0 0 0 0 0 0 0 0.065388 0 0 0 0
-0 -0 -0 0.17434 0 0 0 0 0 0 0 0.17434 0 0 0 0
0 0 0 0.11298 0 0 0 0 0 0 0 0.11298 0 0 0 0
-0 -0 -0 0.043049 0 0 0 0 0 0 0 0.043049 0 0 0 0
0 0 0 0.15755 0 0 0 0 0 0 0 0.15755 0 0 0 0
0 0 0 0.13083 0 0 0 0 0 0 0 0.13083 0 0 0 0
-0 -0 -0 0.00058962 0 0 0 0 0 0 0 0.00058962 0 0 0 0
-0 -0 -0 0.1909 0 0 0 0 0 0 0 0.1909 0 0 0 0
0 0 0 0.19663 0 0 0 0 0 0 0 0.19663 0 0 0 0
0 0 0 0.10285 0 0 0 0 0 0 0 0.10285 0 0 0 0
0 0 0 0.031962 0 0 0 0 0 0 0 0.031962 0 0 0 0
0 0 0 0.18625 0 0 0 0 0 0 0 0.18625 0 0 0 0
-0 -0 -0 0.048168 0 0 0 0 0 0 0 0.048168 0 0 0 0
0 0 0 0.065076 0 0 0 0 0 0 0 0.065076 0 0 0 0
0 0 0 0.089516 0 0 0 0 0 0 0 0.089516 0 0 0 0
-0 -0 -0 0.12615 0 0 0 0 0 0 0 0.12615 0 0 0 0
0 0 0 0.019974 0 0 0 0 0 0 0 0.019974 0 0 0 0
-0 -0 -0 0.063731 0 0 0 0 0 0 0 0.063731 0 0 0 0
0 0 0 0.13953 0 0 0 0 0 0 0 0.13953 0 0 0 0
-0 -0 -0 0.12712 0 0 0 0 0 0 0 0.12712 0 0 0 0
-0 -0 -0 0.075841 0 0 0 0 0 0 0 0.075841 0 0 0 0
0 0 0 0.021436 0 0 0 0 0 0 0 0.021436 0 0 0 0
-0 -0 -0 0.15115 0 0 0 0 0 0 0 0.15115 0 0 0 0
-0 -0 -0 0.052473 0 0 0 0 0 0 0 0.052473 0 0 0 0
0 0 0 0.13859 0 0 0 0 0 0 0 0.13859 0 0 0 0
-0 -0 -0 0.19067 0 0 0 0 0 0 0 0.19067 0 0 0 0
-0 -0 -0 0.046604 0 0 0 0 0 0 0 0.046604 0 0 0 0
0 0 0 0.13372 0 0 0 0 0 0 0 0.13372 0 0 0 0
-0 -0 -0 0.13425 0 0 0 0 0 0 0 0.13425 0 0 0 0
0 0 0 0.020419 0 0 0 0 0 0 0 0.020419 0 0 0 0
0 0 0 0.024896 0 0 0 0 0 0 0 0.024896 0 0 0 0
-0 -0 -0 0.14609 0 0 0 0 0 0 0 0.14609 0 0 0 0
0 0 0 0.14866 0 0 0 0 0 0 0 0.14866 0 0 0 0
0 0 0 0.027672 0 0 0 0 0 0 0 0.027672 0 0 0 0
-0 -0 -0 0.14054 0 0 0 0 0 0 0 0.14054 0 0 0 0
0 0 0 0.070206 0 0 0 0 0 0 0 0.070206 0 0 0 0
0 0 0 0.083456 0 0 0 0 0 0 0 0.083456 0 0 0 0
-0 -0 -0 0.050554 0 0 0 0 0 0 0 0.050554 0 0 0 0
-0 -0 -0 0.09478 0 0 0 0 0 0 0 0.09478 0 0 0 0
0 0 0 0.12078 0 0 0 0 0 0 0 0.12078 0 0 0 0
0 0 0 0.053308 0 0 0 0 0 0 0 0.053308 0 0 0 0
0 0 0 0.079492 0 0 0 0 0 0 0 0.079492 0 0 0 0
-0 -0 -0 0.12805 0 0 0 0 0 0 0 0.12805 0 0 0 0
-0 -0 -0 0.042558 0 0 0 0 0 0 0 0.042558 0 0 0 0
-0 -0 -0 0.0015927 0 0 0 0 0 0 0 0.0015927 0 0 0 0
-0 -0 -0 0.18218 0 0 0 0 0 0 0 0.18218 0 0 0 0
0 0 0 0.12969 0 0 0 0 0 0 0 0.12969 0 0 0 0
-0 -0 -0 0.1243 0 0 0 0 0 0 0 0.1243 0 0 0 0
0 0 0 0.17859 0 0 0 0 0 0 0 0.17859 0 0 0 0
0 0 0 0.10036 0 0 0 0 0 0 0 0.10036 0 0 0 0
-0 -0 -0 0.077859 0 0 0 0 0 0 0 0.077859 0 0 0 0
-0 -0 -0 0.18784 0 0 0 0 0 0 0 0.18784 0 0 0 0
0 0 0 0.17738 0 0 0 0 0 0 0 0.17738 0 0 0 0
0 0 0 0.05422 0 0 0 0 0 0 0 0.05422 0 0 0 0
0 0 0 0.12137 0 0 0 0 0 0 0 0.12137 0 0 0 0
0 0 0 0.17398 0 0 0 0 0 0 0 0.17398 0 0 0 0
0 0 0 0.097322 0 0 0 0 0 0 0 0.097322 0 0 0 0
0 0 0 0.060515 0 0 0 0 0 0 0 0.060515 0 0 0 0
0 0 0 0.0096439 0 0 0 0 0 0 0 0.0096439 0 0 0 0
0 0 0 0.17544 0 0 0 0 0 0 0 0.17544 0 0 0 0
0 0 0 0.08508 0 0 0 0 0 0 0 0.08508 0 0 0 0
-0 -0 -0 0.093003 0 0 0 0 0 0 0 0.093003 0 0 0 0
0 0 0 0.063356 0 0 0 0 0 0 0 0.063356 0 0 0 0
0 0 0 0.18238 0 0 0 0 0 0 0 0.18238 0 0 0 0
0 0 0 0.037092 0 0 0 0 0 0 0 0.037092 0 0 0 0
0 0 0 0.1959 0 0 0 0 0 0 0 0.1959 0 0 0 0
-0 -0 -0 0.12582 0 0 0 0 0 0 0 0.12582 0 0 0 0
0 0 0 0.031451 0 0 0 0 0 0 0 0.031451 0 0 0 0
0 0 0 0.13673 0 0 0 0 0 0 0 0.13673 0 0 0 0
-0 -0 -0 0.00014682 0 0 0 0 0 0 0 0.00014682 0 0 0 0
0 0 0 0.070477 0 0 0 0 0 0 0 0.070477 0 0 0 0
0 0 0 0.19101 0 0 0 0 0 0 0 0.19101 0 0 0 0
0 0 0 0.18449 0 0 0 0 0 0 0 0.18449 0 0 0 0
-0 -0 -0 0.10298 0 0 0 0 0 0 0 0.10298 0 0 0 0
0 0 0 0.14458 0 0 0 0 0 0 0 0.14458 0 0 0 0
0 0 0 0.030419 0 0 0 0 0 0 0 0.030419 0 0 0 0
-0 -0 -0 0.10497 0 0 0 0 0 0 0 0.10497 0 0 0 0
0 0 0 0.053509 0 0 0 0 0 0 0 0.053509 0 0 0 0
-0 -0 -0 0.17149 0 0 0 0 0 0 0 0.17149 0 0 0 0
-0 -0 -0 0.090944 0 0 0 0 0 0 0 0.090944 0 0 0 0
0 0 0 0.038852 0 0 0 0 0 0 0 0.038852 0 0 0 0
0 0 0 0.16093 0 0 0 0 0 0 0 0.16093 0 0 0 0
0 0 0 0.096298 0 0 0 0 0 0 0 0.096298 0 0 0 0
0 0 0 0.024085 0 0 0 0 0 0 0 0.024085 0 0 0 0
-0 -0 -0 0.097963 0 0 0 0 0 0 0 0.097963 0 0 0 0
0 0 0 0.032591 0 0 0 0 0 0 0 0.032591 0 0 0 0
-0 -0 -0 0.026128 0 0 0 0 0 0 0 0.026128 0 0 0 0
-0 -0 -0 0.060731 0 0 0 0 0 0 0 0.060731 0 0 0 0
-0 -0 -0 0.034219 0 0 0 0 0 0 0 0.034219 0 0 0 0
0 0 0 0.011533 0 0 0 0 0 0 0 0.011533 0 0 0 0
0 0 0 0.16654 0 0 0 0 0 0 0 0.16654 0 0 0 0
-0 -0 -0 0.12186 0 0 0 0 0 0 0 0.12186 0 0 0 0
-0 -0 -0 0.15528 0 0 0 0 0 0 0 0.15528 0 0 0 0
-0 -0 -0 0.19707 0 0 0 0 0 0 0 0.19707 0 0 0 0
-0 -0 -0 0.10315 0 0 0 0 0 0 0 0.10315 0 0 0 0
