-0 -0 -0 0.15156 0 0 0 0 -0 0 0 0.13172 -0.072301 0.019843 0 0
-0 -0 -0 0.027808 0 0 0 0 -0 0 0 0.024167 -0.013266 0.0036409 0 0
-0 -0 -0 0.12263 0 0 0 0 -0 0 0 0.10657 -0.058498 0.016055 0 0
0 0 0 0.12282 0 0 0 0 -0 0 0 0.10674 -0.058593 0.016081 0 0
0 0 0 0.1317 0 0 0 0 -0 0 0 0.11445 -0.062825 0.017243 0 0
0 0 0 0.061401 0 0 0 0 -0 0 0 0.053361 -0.029291 0.008039 0 0
-0 -0 -0 0.11543 0 0 0 0 -0 0 0 0.10031 -0.055063 0.015112 0 0
-0 -0 -0 0.018879 0 0 0 0 -0 0 0 0.016407 -0.0090061 0.0024718 0 0
0 0 0 0.1917 0 0 0 0 -0 0 0 0.1666 -0.091451 0.025099 0 0
0 0 0 0.19504 0 0 0 0 -0 0 0 0.16951 -0.093045 0.025537 0 0
0 0 0 0.080393 0 0 0 0 -0 0 0 0.069867 -0.038351 0.010526 0 0
-0 -0 -0 0.18538 0 0 0 0 -0 0 0 0.16111 -0.088436 0.024272 0 0
-0 -0 -0 0.14121 0 0 0 0 -0 0 0 0.12272 -0.067365 0.018489 0 0
0 0 0 0.19841 0 0 0 0 -0 0 0 0.17244 -0.094652 0.025978 0 0
-0 -0 -0 0.1567 0 0 0 0 -0 0 0 0.13619 -0.074754 0.020517 0 0
0 0 0 0.19786 0 0 0 0 -0 0 0 0.17196 -0.09439 0.025906 0 0
-0 -0 -0 0.044018 0 0 0 0 -0 0 0 0.038255 -0.020998 0.0057631 0 0
-0 -0 -0 0.045964 0 0 0 0 -0 0 0 0.039946 -0.021927 0.006018 0 0
-0 -0 -0 0.1256 0 0 0 0 -0 0 0 0.10915 -0.059915 0.016444 0 0
-0 -0 -0 0.074349 0 0 0 0 -0 0 0 0.064614 -0.035468 0.0097343 0 0
-0 -0 -0 0.15398 0 0 0 0 -0 0 0 0.13382 -0.073454 0.02016 0 0
-0 -0 -0 0.14176 0 0 0 0 -0 0 0 0.1232 -0.067625 0.01856 0 0
-0 -0 -0 0.014742 0 0 0 0 -0 0 0 0.012812 -0.0070325 0.0019301 0 0
0 0 0 0.08333 0 0 0 0 -0 0 0 0.072419 -0.039752 0.01091 0 0
-0 -0 -0 0.13935 0 0 0 0 -0 0 0 0.12111 -0.066478 0.018245 0 0
-0 -0 -0 0.089989 0 0 0 0 -0 0 0 0.078207 -0.042929 0.011782 0 0
-0 -0 -0 0.094139 0 0 0 0 -0 0 0 0.081814 -0.044909 0.012325 0 0
0 0 0 0.095077 0 0 0 0 -0 0 0 0.082629 -0.045356 0.012448 0 0
0 0 0 0.026424 0 0 0 0 -0 0 0 0.022964 -0.012605 0.0034596 0 0
-0 -0 -0 0.061486 0 0 0 0 -0 0 0 0.053436 -0.029332 0.0080503 0 0
0 0 0 0.16757 0 0 0 0 -0 0 0 0.14563 -0.079939 0.02194 0 0
0 0 0 0.12342 0 0 0 0 -0 0 0 0.10726 -0.058875 0.016158 0 0
0 0 0 0.15173 0 0 0 0 -0 0 0 0.13186 -0.072381 0.019865 0 0
-0 -0 -0 0.10754 0 0 0 0 -0 0 0 0.093458 -0.0513 0.01408 0 0
0 0 0 0.014067 0 0 0 0 -0 0 0 0.012225 -0.0067107 0.0018418 0 0
0 0 0 0.0056895 0 0 0 0 -0 0 0 0.0049445 -0.0027141 0.00074491 0 0
-0 -0 -0 0.021362 0 0 0 0 -0 0 0 0.018566 -0.010191 0.0027969 0 0
-0 -0 -0 0.10636 0 0 0 0 -0 0 0 0.092436 -0.050739 0.013926 0 0
-0 -0 -0 0.080711 0 0 0 0 -0 0 0 0.070144 -0.038503 0.010567 0 0
-0 -0 -0 0.17057 0 0 0 0 -0 0 0 0.14824 -0.081371 0.022333 0 0
-0 -0 -0 0.08088 0 0 0 0 -0 0 0 0.070291 -0.038583 0.010589 0 0
-0 -0 -0 0.10875 0 0 0 0 -0 0 0 0.094508 -0.051877 0.014238 0 0
-0 -0 -0 0.083831 0 0 0 0 -0 0 0 0.072856 -0.039991 0.010976 0 0
-0 -0 -0 0.018812 0 0 0 0 -0 0 0 0.016349 -0.0089744 0.0024631 0 0
-0 -0 -0 0.048099 0 0 0 0 -0 0 0 0.041802 -0.022945 0.0062975 0 0
0 0 0 0.10956 0 0 0 0 -0 0 0 0.095219 -0.052267 0.014345 0 0
-0 -0 -0 0.054631 0 0 0 0 -0 0 0 0.047478 -0.026061 0.0071527 0 0
-0 -0 -0 0.065895 0 0 0 0 -0 0 0 0.057268 -0.031435 0.0086275 0 0
0 0 0 0.15478 0 0 0 0 -0 0 0 0.13452 -0.073837 0.020265 0 0
-0 -0 -0 0.14152 0 0 0 0 -0 0 0 0.12299 -0.06751 0.018528 0 0
-0 -0 -0 0.13282 0 0 0 0 -0 0 0 0.11543 -0.063363 0.01739 0 0
0 0 0 0.18798 0 0 0 0 -0 0 0 0.16337 -0.089676 0.024612 0 0
-0 -0 -0 0.075219 0 0 0 0 -0 0 0 0.06537 -0.035883 0.0098482 0 0
0 0 0 0.18461 0 0 0 0 -0 0 0 0.16044 -0.088065 0.02417 0 0
-0 -0 -0 0.076123 0 0 0 0 -0 0 0 0.066156 -0.036314 0.0099666 0 0
-0 -0 -0 0.084318 0 0 0 0 -0 0 0 0.073278 -0.040223 0.01104 0 0
-0 -0 -0 0.17591 0 0 0 0 -0 0 0 0.15288 -0.083918 0.023032 0 0
0 0 0 0.072212 0 0 0 0 -0 0 0 0.062757 -0.034448 0.0094545 0 0
-0 -0 -0 0.14434 0 0 0 0 -0 0 0 0.12544 -0.068856 0.018898 0 0
-0 -0 -0 0.17414 0 0 0 0 -0 0 0 0.15134 -0.083073 0.0228 0 0
0 0 0 0.013556 0 0 0 0 -0 0 0 0.011781 -0.0064666 0.0017748 0 0
-0 -0 -0 0.021701 0 0 0 0 -0 0 0 0.018859 -0.010352 0.0028412 0 0
-0 -0 -0 0.033667 0 0 0 0 -0 0 0 0.029259 -0.016061 0.0044079 0 0
0 0 0 0.065408 0 0 0 0 -0 0 0 0.056844 -0.031202 0.0085637 0 0
-0 -0 -0 0.011913 0 0 0 0 -0 0 0 0.010353 -0.0056829 0.0015597 0 0
-0 -0 -0 0.022656 0 0 0 0 -0 0 0 0.01969 -0.010808 0.0029663 0 0
-0 -0 -0 0.11818 0 0 0 0 -0 0 0 0.10271 -0.056376 0.015473 0 0
-0 -0 -0 0.18047 0 0 0 0 -0 0 0 0.15684 -0.086093 0.023629 0 0
0 0 0 0.16088 0 0 0 0 -0 0 0 0.13982 -0.076747 0.021064 0 0
-0 -0 -0 0.11861 0 0 0 0 -0 0 0 0.10308 -0.056583 0.01553 0 0
-0 -0 -0 0.173 0 0 0 0 -0 0 0 0.15035 -0.082529 0.022651 0 0
0 0 0 0.17837 0 0 0 0 -0 0 0 0.15502 -0.085091 0.023354 0 0
-0 -0 -0 0.060233 0 0 0 0 -0 0 0 0.052347 -0.028734 0.0078861 0 0
-0 -0 -0 0.14168 0 0 0 0 -0 0 0 0.12313 -0.067589 0.01855 0 0
0 0 0 0.055178 0 0 0 0 -0 0 0 0.047954 -0.026322 0.0072243 0 0
-0 -0 -0 0.12978 0 0 0 0 -0 0 0 0.11279 -0.061909 0.016991 0 0
0 0 0 0.19907 0 0 0 0 -0 0 0 0.173 -0.094964 0.026064 0 0
-0 -0 -0 0.040966 0 0 0 0 -0 0 0 0.035602 -0.019543 0.0053636 0 0
0 0 0 0.087892 0 0 0 0 -0 0 0 0.076385 -0.041928 0.011508 0 0
0 0 0 0.017205 0 0 0 0 -0 0 0 0.014953 -0.0082076 0.0022526 0 0
-0 -0 -0 0.1404 0 0 0 0 -0 0 0 0.12202 -0.066979 0.018383 0 0
0 0 0 0.04733 0 0 0 0 -0 0 0 0.041133 -0.022579 0.0061968 0 0
-0 -0 -0 0.066412 0 0 0 0 -0 0 0 0.057717 -0.031681 0.0086952 0 0
0 0 0 0.0052853 0 0 0 0 -0 0 0 0.0045933 -0.0025213 0.000692 0 0
0 0 0 0.12478 0 0 0 0 -0 0 0 0.10845 -0.059527 0.016338 0 0
-0 -0 -0 0.13589 0 0 0 0 -0 0 0 0.1181 -0.064826 0.017792 0 0
-0 -0 -0 0.093479 0 0 0 0 -0 0 0 0.08124 -0.044593 0.012239 0 0
0 0 0 0.080423 0 0 0 0 -0 0 0 0.069894 -0.038365 0.01053 0 0
-0 -0 -0 0.028183 0 0 0 0 -0 0 0 0.024493 -0.013445 0.00369 0 0
0 0 0 0.17157 0 0 0 0 -0 0 0 0.1491 -0.081845 0.022463 0 0
-0 -0 -0 0.055322 0 0 0 0 -0 0 0 0.048079 -0.026391 0.0072432 0 0
0 0 0 0.19244 0 0 0 0 -0 0 0 0.16725 -0.091804 0.025196 0 0
-0 -0 -0 0.16488 0 0 0 0 -0 0 0 0.14329 -0.078655 0.021587 0 0
0 0 0 0.096316 0 0 0 0 -0 0 0 0.083705 -0.045947 0.01261 0 0
0 0 0 0.16053 0 0 0 0 -0 0 0 0.13951 -0.076581 0.021018 0 0
-0 -0 -0 0.097681 0 0 0 0 -0 0 0 0.084892 -0.046598 0.012789 0 0
-0 -0 -0 0.018239 0 0 0 0 -0 0 0 0.015851 -0.0087009 0.002388 0 0
-0 -0 -0 0.16739 0 0 0 0 -0 0 0 0.14547 -0.079852 0.021916 0 0
-0 -0 -0 0.079894 0 0 0 0 -0 0 0 0.069433 -0.038113 0.01046 0 0
0 0 0 0.050511 0 0 0 0 -0 0 0 0.043897 -0.024096 0.0066132 0 0
