-0 -0 -0.068156 0 0 0 0 0 0 0 0 0 0 -0.0089235 -0.032513 -0.059232 -0.0022719 -0.0090845 0.0053288 0 0
0 0 0.016398 0 0 0 0 0 0 0 0 0 0 0.002147 0.0078227 0.014251 0.00044009 0.0022113 -0.0012801 0 0
-0 -0 -0.0083965 0 0 0 0 0 0 0 0 0 0 -0.0010993 -0.0040055 -0.0072971 -0.0002414 -0.0011287 0.00065593 0 0
0 0 0.26739 0 0 0 0 0 0 0 0 0 0 0.035009 0.12756 0.23238 0.0019451 0.036788 -0.020486 0 0
0 0 0.11042 0 0 0 0 0 0 0 0 0 0 0.014456 0.052673 0.095959 0.0021576 0.01504 -0.0085806 0 0
0 0 0.054816 0 0 0 0 0 0 0 0 0 0 0.007177 0.02615 0.047639 0.0013081 0.0074252 -0.0042729 0 0
-0 -0 -0.28509 0 0 0 0 0 0 0 0 0 0 -0.037326 -0.136 -0.24776 -0.014128 -0.03645 0.022136 0 0
-0 -0 -0.2836 0 0 0 0 0 0 0 0 0 0 -0.037131 -0.13529 -0.24647 -0.014024 -0.036272 0.022023 0 0
-0 -0 -0.34154 0 0 0 0 0 0 0 0 0 0 -0.044717 -0.16293 -0.29682 -0.01832 -0.043072 0.026403 0 0
-0 -0 -0.28588 0 0 0 0 0 0 0 0 0 0 -0.037429 -0.13638 -0.24845 -0.014184 -0.036544 0.022196 0 0
-0 -0 -0.31083 0 0 0 0 0 0 0 0 0 0 -0.040697 -0.14828 -0.27014 -0.015985 -0.039499 0.02409 0 0
-0 -0 -0.18218 0 0 0 0 0 0 0 0 0 0 -0.023852 -0.086906 -0.15832 -0.0076434 -0.023807 0.01422 0 0
-0 -0 -0.15327 0 0 0 0 0 0 0 0 0 0 -0.020067 -0.073116 -0.1332 -0.0060982 -0.020139 0.011973 0 0
-0 -0 -0.3264 0 0 0 0 0 0 0 0 0 0 -0.042735 -0.15571 -0.28367 -0.017153 -0.04132 0.025265 0 0
-0 -0 -0.049813 0 0 0 0 0 0 0 0 0 0 -0.0065219 -0.023763 -0.043291 -0.0015906 -0.0066577 0.0038941 0 0
0 0 0.34847 0 0 0 0 0 0 0 0 0 0 0.045624 0.16623 0.30284 0.00032735 0.048034 -0.026416 0 0
0 0 0.17599 0 0 0 0 0 0 0 0 0 0 0.023043 0.083957 0.15295 0.0025383 0.024097 -0.01361 0 0
0 0 0.30958 0 0 0 0 0 0 0 0 0 0 0.040533 0.14768 0.26905 0.0012308 0.042647 -0.023595 0 0
0 0 0.29912 0 0 0 0 0 0 0 0 0 0 0.039164 0.1427 0.25996 0.0014337 0.041195 -0.022829 0 0
0 0 0.23534 0 0 0 0 0 0 0 0 0 0 0.030812 0.11227 0.20452 0.0023021 0.032334 -0.018095 0 0
0 0 0.044621 0 0 0 0 0 0 0 0 0 0 0.0058421 0.021286 0.038779 0.0011001 0.0060373 -0.0034797 0 0
-0 -0 -0.21391 0 0 0 0 0 0 0 0 0 0 -0.028006 -0.10204 -0.1859 -0.0094803 -0.027778 0.016676 0 0
0 0 0.04922 0 0 0 0 0 0 0 0 0 0 0.0064442 0.02348 0.042775 0.0011959 0.006663 -0.0038375 0 0
0 0 0.28435 0 0 0 0 0 0 0 0 0 0 0.037229 0.13565 0.24712 0.0016914 0.039143 -0.021741 0 0
0 0 0.28008 0 0 0 0 0 0 0 0 0 0 0.03667 0.13361 0.24341 0.0017594 0.038551 -0.021426 0 0
0 0 0.073152 0 0 0 0 0 0 0 0 0 0 0.0095776 0.034897 0.063575 0.0016415 0.0099283 -0.005697 0 0
-0 -0 -0.17021 0 0 0 0 0 0 0 0 0 0 -0.022285 -0.081197 -0.14792 -0.0069887 -0.022294 0.013291 0 0
-0 -0 -0.33812 0 0 0 0 0 0 0 0 0 0 -0.044269 -0.1613 -0.29385 -0.018053 -0.042678 0.026146 0 0
-0 -0 -0.32168 0 0 0 0 0 0 0 0 0 0 -0.042117 -0.15346 -0.27957 -0.016796 -0.04077 0.024909 0 0
0 0 0.27862 0 0 0 0 0 0 0 0 0 0 0.036479 0.13291 0.24214 0.0017821 0.038347 -0.021318 0 0
0 0 0.00065033 0 0 0 0 0 0 0 0 0 0 8.5146e-05 0.00031024 0.00056518 1.8244e-05 8.7525e-05 -5.0792e-05 0 0
0 0 0.32788 0 0 0 0 0 0 0 0 0 0 0.042929 0.15641 0.28495 0.00083482 0.045184 -0.024928 0 0
0 0 0.31453 0 0 0 0 0 0 0 0 0 0 0.041181 0.15004 0.27335 0.0011288 0.043333 -0.023956 0 0
0 0 0.04229 0 0 0 0 0 0 0 0 0 0 0.0055369 0.020174 0.036753 0.0010502 0.0057204 -0.0032982 0 0
-0 -0 -0.12028 0 0 0 0 0 0 0 0 0 0 -0.015747 -0.057377 -0.10453 -0.0044861 -0.015897 0.0094017 0 0
-0 -0 -0.12355 0 0 0 0 0 0 0 0 0 0 -0.016176 -0.058939 -0.10737 -0.0046388 -0.01632 0.0096572 0 0
-0 -0 -0.0096829 0 0 0 0 0 0 0 0 0 0 -0.0012678 -0.0046192 -0.0084151 -0.00027934 -0.0013014 0.00075645 0 0
0 0 0.034331 0 0 0 0 0 0 0 0 0 0 0.0044949 0.016377 0.029836 0.00087375 0.0046396 -0.0026784 0 0
0 0 0.10202 0 0 0 0 0 0 0 0 0 0 0.013357 0.048666 0.08866 0.0020602 0.013885 -0.0079321 0 0
-0 -0 -0.10835 0 0 0 0 0 0 0 0 0 0 -0.014187 -0.05169 -0.094168 -0.0039435 -0.01435 0.008471 0 0
0 0 0.11981 0 0 0 0 0 0 0 0 0 0 0.015686 0.057154 0.10412 0.0022535 0.016333 -0.0093048 0 0
-0 -0 -0.15081 0 0 0 0 0 0 0 0 0 0 -0.019746 -0.071945 -0.13107 -0.0059727 -0.019825 0.011782 0 0
-0 -0 -0.27357 0 0 0 0 0 0 0 0 0 0 -0.035818 -0.1305 -0.23775 -0.013327 -0.035069 0.021258 0 0
-0 -0 -0.21406 0 0 0 0 0 0 0 0 0 0 -0.028027 -0.10212 -0.18604 -0.0094897 -0.027797 0.016688 0 0
0 0 0.034488 0 0 0 0 0 0 0 0 0 0 0.0045155 0.016452 0.029973 0.00087733 0.0046609 -0.0026906 0 0
0 0 0.27705 0 0 0 0 0 0 0 0 0 0 0.036274 0.13217 0.24078 0.001806 0.03813 -0.021202 0 0
0 0 0.080829 0 0 0 0 0 0 0 0 0 0 0.010583 0.038559 0.070246 0.0017656 0.010979 -0.0062924 0 0
-0 -0 -0.2978 0 0 0 0 0 0 0 0 0 0 -0.03899 -0.14206 -0.25881 -0.015034 -0.037961 0.023102 0 0
0 0 0.073225 0 0 0 0 0 0 0 0 0 0 0.0095872 0.034932 0.063638 0.0016428 0.0099382 -0.0057027 0 0
0 0 0.24441 0 0 0 0 0 0 0 0 0 0 0.032 0.11659 0.21241 0.0022173 0.033594 -0.018774 0 0
-0 -0 -0.14557 0 0 0 0 0 0 0 0 0 0 -0.019059 -0.069443 -0.12651 -0.0057076 -0.019154 0.011374 0 0
-0 -0 -0.19194 0 0 0 0 0 0 0 0 0 0 -0.025131 -0.091565 -0.16681 -0.0081931 -0.025036 0.014977 0 0
0 0 0.3444 0 0 0 0 0 0 0 0 0 0 0.045091 0.16429 0.29931 0.00043287 0.047471 -0.026123 0 0
0 0 0.077549 0 0 0 0 0 0 0 0 0 0 0.010153 0.036994 0.067395 0.0017137 0.01053 -0.0060381 0 0
0 0 0.010681 0 0 0 0 0 0 0 0 0 0 0.0013985 0.0050955 0.009283 0.00029138 0.0014394 -0.000834 0 0
-0 -0 -0.12456 0 0 0 0 0 0 0 0 0 0 -0.016309 -0.059422 -0.10825 -0.0046863 -0.016451 0.0097362 0 0
-0 -0 -0.22532 0 0 0 0 0 0 0 0 0 0 -0.0295 -0.10749 -0.19582 -0.010177 -0.02919 0.017556 0 0
0 0 0.26236 0 0 0 0 0 0 0 0 0 0 0.03435 0.12516 0.22801 0.0020117 0.036089 -0.020113 0 0
-0 -0 -0.049179 0 0 0 0 0 0 0 0 0 0 -0.0064388 -0.02346 -0.04274 -0.001568 -0.0065736 0.0038445 0 0
-0 -0 -0.062754 0 0 0 0 0 0 0 0 0 0 -0.0082162 -0.029936 -0.054538 -0.002066 -0.0083713 0.0049064 0 0
0 0 0.2129 0 0 0 0 0 0 0 0 0 0 0.027874 0.10156 0.18502 0.0024563 0.029217 -0.016408 0 0
0 0 0.33289 0 0 0 0 0 0 0 0 0 0 0.043584 0.1588 0.2893 0.00071743 0.045877 -0.025291 0 0
-0 -0 -0.0066957 0 0 0 0 0 0 0 0 0 0 -0.00087666 -0.0031942 -0.0058191 -0.00019163 -0.00090029 0.00052305 0 0
0 0 0.038443 0 0 0 0 0 0 0 0 0 0 0.0050333 0.018339 0.03341 0.00096617 0.0051978 -0.0029987 0 0
-0 -0 -0.33336 0 0 0 0 0 0 0 0 0 0 -0.043646 -0.15903 -0.28971 -0.017686 -0.042128 0.025789 0 0
-0 -0 -0.067779 0 0 0 0 0 0 0 0 0 0 -0.0088742 -0.032334 -0.058905 -0.0022574 -0.0090348 0.0052994 0 0
0 0 0.32674 0 0 0 0 0 0 0 0 0 0 0.042779 0.15587 0.28396 0.00086103 0.045026 -0.024845 0 0
0 0 0.04043 0 0 0 0 0 0 0 0 0 0 0.0052935 0.019287 0.035137 0.0010099 0.0054677 -0.0031534 0 0
0 0 0.025565 0 0 0 0 0 0 0 0 0 0 0.0033471 0.012195 0.022217 0.00066797 0.0034513 -0.0019951 0 0
0 0 0.15136 0 0 0 0 0 0 0 0 0 0 0.019817 0.072206 0.13154 0.0024743 0.020688 -0.011728 0 0
0 0 0.13617 0 0 0 0 0 0 0 0 0 0 0.017829 0.064959 0.11834 0.0023875 0.018589 -0.010564 0 0
0 0 0.026106 0 0 0 0 0 0 0 0 0 0 0.0034179 0.012454 0.022688 0.00068102 0.0035245 -0.0020373 0 0
-0 -0 -0.33855 0 0 0 0 0 0 0 0 0 0 -0.044326 -0.16151 -0.29423 -0.018087 -0.042728 0.026179 0 0
0 0 0.19618 0 0 0 0 0 0 0 0 0 0 0.025685 0.093586 0.17049 0.0025199 0.026896 -0.015143 0 0
-0 -0 -0.18072 0 0 0 0 0 0 0 0 0 0 -0.023661 -0.086212 -0.15706 -0.0075627 -0.023624 0.014107 0 0
-0 -0 -0.19664 0 0 0 0 0 0 0 0 0 0 -0.025746 -0.093806 -0.17089 -0.0084625 -0.025625 0.015341 0 0
0 0 0.19058 0 0 0 0 0 0 0 0 0 0 0.024952 0.090915 0.16563 0.0025314 0.026119 -0.014719 0 0
-0 -0 -0.10616 0 0 0 0 0 0 0 0 0 0 -0.013899 -0.050642 -0.092258 -0.0038458 -0.014064 0.0082993 0 0
0 0 0.088143 0 0 0 0 0 0 0 0 0 0 0.01154 0.042048 0.076603 0.0018752 0.011981 -0.006859 0 0
0 0 0.30521 0 0 0 0 0 0 0 0 0 0 0.039961 0.1456 0.26525 0.0013176 0.042041 -0.023275 0 0
-0 -0 -0.32587 0 0 0 0 0 0 0 0 0 0 -0.042665 -0.15545 -0.2832 -0.017113 -0.041258 0.025225 0 0
-0 -0 -0.25455 0 0 0 0 0 0 0 0 0 0 -0.033327 -0.12143 -0.22122 -0.012046 -0.03277 0.019803 0 0
0 0 0.25416 0 0 0 0 0 0 0 0 0 0 0.033277 0.12125 0.22089 0.0021118 0.03495 -0.019503 0 0
-0 -0 -0.16828 0 0 0 0 0 0 0 0 0 0 -0.022033 -0.080279 -0.14625 -0.0068855 -0.02205 0.013141 0 0
0 0 0.14345 0 0 0 0 0 0 0 0 0 0 0.018782 0.068432 0.12467 0.0024336 0.019595 -0.011122 0 0
-0 -0 -0.16532 0 0 0 0 0 0 0 0 0 0 -0.021645 -0.078864 -0.14367 -0.0067273 -0.021674 0.01291 0 0
-0 -0 -0.11136 0 0 0 0 0 0 0 0 0 0 -0.01458 -0.053123 -0.096779 -0.0040783 -0.01474 0.0087056 0 0
-0 -0 -0.22826 0 0 0 0 0 0 0 0 0 0 -0.029886 -0.10889 -0.19838 -0.010359 -0.029553 0.017783 0 0
0 0 0.14964 0 0 0 0 0 0 0 0 0 0 0.019592 0.071384 0.13005 0.0024663 0.02045 -0.011597 0 0
0 0 0.34828 0 0 0 0 0 0 0 0 0 0 0.045599 0.16614 0.30268 0.00033228 0.048008 -0.026402 0 0
0 0 0.089078 0 0 0 0 0 0 0 0 0 0 0.011663 0.042494 0.077415 0.0018886 0.012109 -0.0069314 0 0
0 0 0.21654 0 0 0 0 0 0 0 0 0 0 0.028351 0.1033 0.18819 0.0024366 0.029723 -0.016682 0 0
0 0 0.33158 0 0 0 0 0 0 0 0 0 0 0.043413 0.15818 0.28816 0.00074857 0.045696 -0.025196 0 0
-0 -0 -0.10318 0 0 0 0 0 0 0 0 0 0 -0.013509 -0.049222 -0.089671 -0.0037147 -0.013677 0.0080668 0 0
0 0 0.34352 0 0 0 0 0 0 0 0 0 0 0.044976 0.16387 0.29854 0.00045541 0.047349 -0.026059 0 0
-0 -0 -0.043983 0 0 0 0 0 0 0 0 0 0 -0.0057586 -0.020982 -0.038224 -0.0013848 -0.0058835 0.0034382 0 0
0 0 0.05299 0 0 0 0 0 0 0 0 0 0 0.0069379 0.025279 0.046052 0.001272 0.0071764 -0.0041309 0 0
0 0 0.26108 0 0 0 0 0 0 0 0 0 0 0.034182 0.12454 0.22689 0.0020281 0.03591 -0.020017 0 0
-0 -0 -0.33912 0 0 0 0 0 0 0 0 0 0 -0.044401 -0.16178 -0.29472 -0.018132 -0.042794 0.026222 0 0
0 0 0.14776 0 0 0 0 0 0 0 0 0 0 0.019345 0.070486 0.12841 0.002457 0.020189 -0.011452 0 0
