0 0 0.076438 0 0 0 0 0 0 0 0 0 0 0.0034049 0.038022 0.066224 -0.0061037 0.010844 -0.0059121 0 0
-0 -0 -0.22422 0 0 0 0 0 0 0 0 0 0 -0.0099879 -0.11153 -0.19426 0.01226 -0.033596 0.018658 0 0
0 0 0.1504 0 0 0 0 0 0 0 0 0 0 0.0066994 0.074811 0.1303 -0.01289 0.020941 -0.011361 0 0
0 0 0.09814 0 0 0 0 0 0 0 0 0 0 0.0043716 0.048817 0.085025 -0.0080067 0.01385 -0.00754 0 0
0 0 0.31152 0 0 0 0 0 0 0 0 0 0 0.013877 0.15496 0.26989 -0.030483 0.04133 -0.022162 0 0
0 0 0.043929 0 0 0 0 0 0 0 0 0 0 0.0019568 0.021851 0.038059 -0.0033926 0.0062791 -0.0034307 0 0
-0 -0 -0.17584 0 0 0 0 0 0 0 0 0 0 -0.0078326 -0.087465 -0.15234 0.010349 -0.026174 0.014496 0 0
-0 -0 -0.1558 0 0 0 0 0 0 0 0 0 0 -0.0069401 -0.077499 -0.13498 0.0094368 -0.023123 0.012791 0 0
0 0 0.2555 0 0 0 0 0 0 0 0 0 0 0.011381 0.12709 0.22136 -0.023947 0.034514 -0.018585 0 0
0 0 0.2721 0 0 0 0 0 0 0 0 0 0 0.01212 0.13535 0.23573 -0.025839 0.036565 -0.019665 0 0
0 0 0.1735 0 0 0 0 0 0 0 0 0 0 0.0077284 0.086301 0.15031 -0.015181 0.024007 -0.013003 0 0
0 0 0.14696 0 0 0 0 0 0 0 0 0 0 0.0065463 0.073101 0.12732 -0.012556 0.020482 -0.011114 0 0
-0 -0 -0.20495 0 0 0 0 0 0 0 0 0 0 -0.0091294 -0.10195 -0.17756 0.011548 -0.030631 0.016993 0 0
0 0 0.1865 0 0 0 0 0 0 0 0 0 0 0.0083074 0.092767 0.16158 -0.016505 0.025712 -0.013914 0 0
-0 -0 -0.2794 0 0 0 0 0 0 0 0 0 0 -0.012446 -0.13898 -0.24206 0.013936 -0.042134 0.023475 0 0
0 0 0.1827 0 0 0 0 0 0 0 0 0 0 0.0081382 0.090878 0.15828 -0.016115 0.025215 -0.013649 0 0
-0 -0 -0.34601 0 0 0 0 0 0 0 0 0 0 -0.015413 -0.17211 -0.29977 0.015236 -0.052515 0.029368 0 0
-0 -0 -0.10728 0 0 0 0 0 0 0 0 0 0 -0.0047787 -0.053363 -0.092944 0.0069406 -0.015798 0.0087136 0 0
-0 -0 -0.30559 0 0 0 0 0 0 0 0 0 0 -0.013612 -0.152 -0.26475 0.014542 -0.046209 0.025783 0 0
0 0 0.043709 0 0 0 0 0 0 0 0 0 0 0.001947 0.021742 0.037868 -0.0033749 0.006248 -0.0034137 0 0
0 0 0.22008 0 0 0 0 0 0 0 0 0 0 0.0098032 0.10947 0.19067 -0.020041 0.030049 -0.016222 0 0
0 0 0.33166 0 0 0 0 0 0 0 0 0 0 0.014774 0.16498 0.28734 -0.032937 0.043704 -0.023399 0 0
0 0 0.10393 0 0 0 0 0 0 0 0 0 0 0.0046296 0.051698 0.090043 -0.0085271 0.014646 -0.0079704 0 0
0 0 0.029746 0 0 0 0 0 0 0 0 0 0 0.001325 0.014796 0.025771 -0.002263 0.0042653 -0.0023326 0 0
-0 -0 -0.0071074 0 0 0 0 0 0 0 0 0 0 -0.0003166 -0.0035354 -0.0061576 0.00051926 -0.0010272 0.00056305 0 0
-0 -0 -0.21991 0 0 0 0 0 0 0 0 0 0 -0.0097959 -0.10939 -0.19053 0.012107 -0.032932 0.018285 0 0
0 0 0.089265 0 0 0 0 0 0 0 0 0 0 0.0039763 0.044402 0.077337 -0.0072195 0.012625 -0.0068772 0 0
-0 -0 -0.13965 0 0 0 0 0 0 0 0 0 0 -0.0062204 -0.069462 -0.12098 0.0086508 -0.020673 0.011425 0 0
0 0 0.25232 0 0 0 0 0 0 0 0 0 0 0.01124 0.12551 0.2186 -0.02359 0.034118 -0.018376 0 0
0 0 0.2779 0 0 0 0 0 0 0 0 0 0 0.012379 0.13823 0.24076 -0.026509 0.037276 -0.020039 0 0
0 0 0.34818 0 0 0 0 0 0 0 0 0 0 0.01551 0.17319 0.30165 -0.034989 0.045619 -0.024393 0 0
0 0 0.34483 0 0 0 0 0 0 0 0 0 0 0.01536 0.17152 0.29875 -0.034569 0.045233 -0.024193 0 0
-0 -0 -0.22984 0 0 0 0 0 0 0 0 0 0 -0.010238 -0.11433 -0.19913 0.012456 -0.034462 0.019146 0 0
-0 -0 -0.27418 0 0 0 0 0 0 0 0 0 0 -0.012213 -0.13638 -0.23754 0.013801 -0.041323 0.023016 0 0
0 0 0.29144 0 0 0 0 0 0 0 0 0 0 0.012982 0.14497 0.2525 -0.028091 0.038923 -0.020903 0 0
-0 -0 -0.12421 0 0 0 0 0 0 0 0 0 0 -0.0055326 -0.061782 -0.10761 0.0078574 -0.018342 0.010127 0 0
-0 -0 -0.29712 0 0 0 0 0 0 0 0 0 0 -0.013235 -0.14779 -0.25741 0.014359 -0.04489 0.025035 0 0
-0 -0 -0.036721 0 0 0 0 0 0 0 0 0 0 -0.0016357 -0.018265 -0.031813 0.0025929 -0.0053385 0.0029318 0 0
0 0 0.010318 0 0 0 0 0 0 0 0 0 0 0.0004596 0.0051322 0.0089389 -0.00076858 0.0014857 -0.00081349 0 0
0 0 0.33557 0 0 0 0 0 0 0 0 0 0 0.014948 0.16692 0.29073 -0.033419 0.04416 -0.023636 0 0
0 0 0.20468 0 0 0 0 0 0 0 0 0 0 0.0091173 0.10181 0.17733 -0.018399 0.028073 -0.015172 0 0
0 0 0.040404 0 0 0 0 0 0 0 0 0 0 0.0017998 0.020098 0.035005 -0.0031088 0.0057799 -0.0031586 0 0
0 0 0.26653 0 0 0 0 0 0 0 0 0 0 0.011873 0.13258 0.23092 -0.025201 0.035881 -0.019305 0 0
0 0 0.12099 0 0 0 0 0 0 0 0 0 0 0.0053893 0.060181 0.10482 -0.01009 0.016976 -0.009228 0 0
-0 -0 -0.22894 0 0 0 0 0 0 0 0 0 0 -0.010198 -0.11388 -0.19835 0.012425 -0.034323 0.019067 0 0
0 0 0.16154 0 0 0 0 0 0 0 0 0 0 0.0071957 0.080353 0.13995 -0.013985 0.022426 -0.012156 0 0
0 0 0.18732 0 0 0 0 0 0 0 0 0 0 0.0083442 0.093177 0.16229 -0.01659 0.02582 -0.013971 0 0
0 0 0.30448 0 0 0 0 0 0 0 0 0 0 0.013563 0.15146 0.26379 -0.029639 0.040491 -0.021724 0 0
-0 -0 -0.045006 0 0 0 0 0 0 0 0 0 0 -0.0020048 -0.022387 -0.038992 0.0031469 -0.0065536 0.0036009 0 0
-0 -0 -0.27857 0 0 0 0 0 0 0 0 0 0 -0.012409 -0.13856 -0.24134 0.013915 -0.042005 0.023402 0 0
0 0 0.34158 0 0 0 0 0 0 0 0 0 0 0.015215 0.16991 0.29593 -0.034164 0.044857 -0.023998 0 0
-0 -0 -0.2164 0 0 0 0 0 0 0 0 0 0 -0.0096393 -0.10764 -0.18748 0.011979 -0.032391 0.017981 0 0
-0 -0 -0.27441 0 0 0 0 0 0 0 0 0 0 -0.012223 -0.13649 -0.23774 0.013807 -0.041359 0.023036 0 0
0 0 0.20952 0 0 0 0 0 0 0 0 0 0 0.009333 0.10422 0.18152 -0.018912 0.028697 -0.015504 0 0
0 0 0.24789 0 0 0 0 0 0 0 0 0 0 0.011042 0.1233 0.21476 -0.023093 0.033564 -0.018083 0 0
0 0 0.036808 0 0 0 0 0 0 0 0 0 0 0.0016396 0.018309 0.031889 -0.0028214 0.0052696 -0.0028805 0 0
0 0 0.19788 0 0 0 0 0 0 0 0 0 0 0.0088144 0.098428 0.17143 -0.017685 0.027193 -0.014703 0 0
-0 -0 -0.015422 0 0 0 0 0 0 0 0 0 0 -0.00068697 -0.0076712 -0.013361 0.0011162 -0.0022326 0.0012244 0 0
0 0 0.08693 0 0 0 0 0 0 0 0 0 0 0.0038722 0.043241 0.075313 -0.0070144 0.012301 -0.0067021 0 0
0 0 0.34086 0 0 0 0 0 0 0 0 0 0 0.015183 0.16955 0.29531 -0.034075 0.044774 -0.023955 0 0
0 0 0.12453 0 0 0 0 0 0 0 0 0 0 0.0055473 0.061945 0.10789 -0.01042 0.017458 -0.0094876 0 0
-0 -0 -0.30624 0 0 0 0 0 0 0 0 0 0 -0.013641 -0.15233 -0.26532 0.014555 -0.046311 0.025841 0 0
0 0 0.0016091 0 0 0 0 0 0 0 0 0 0 7.1677e-05 0.0008004 0.0013941 -0.00011871 0.00023213 -0.00012717 0 0
0 0 0.28082 0 0 0 0 0 0 0 0 0 0 0.012509 0.13969 0.2433 -0.026849 0.037633 -0.020227 0 0
-0 -0 -0.32247 0 0 0 0 0 0 0 0 0 0 -0.014364 -0.1604 -0.27938 0.014867 -0.04884 0.027277 0 0
-0 -0 -0.33829 0 0 0 0 0 0 0 0 0 0 -0.015069 -0.16827 -0.29308 0.015126 -0.051309 0.028681 0 0
-0 -0 -0.3197 0 0 0 0 0 0 0 0 0 0 -0.014241 -0.15903 -0.27698 0.014817 -0.048408 0.027031 0 0
-0 -0 -0.16572 0 0 0 0 0 0 0 0 0 0 -0.0073818 -0.08243 -0.14357 0.0098967 -0.024631 0.013633 0 0
0 0 0.23818 0 0 0 0 0 0 0 0 0 0 0.010609 0.11847 0.20635 -0.022015 0.032345 -0.017439 0 0
-0 -0 -0.024629 0 0 0 0 0 0 0 0 0 0 -0.0010971 -0.012251 -0.021337 0.0017637 -0.003572 0.0019602 0 0
0 0 0.14973 0 0 0 0 0 0 0 0 0 0 0.0066695 0.074477 0.12972 -0.012824 0.020852 -0.011313 0 0
-0 -0 -0.22633 0 0 0 0 0 0 0 0 0 0 -0.010082 -0.11258 -0.19608 0.012334 -0.03392 0.018841 0 0
-0 -0 -0.24239 0 0 0 0 0 0 0 0 0 0 -0.010797 -0.12057 -0.21 0.012872 -0.0364 0.020237 0 0
-0 -0 -0.21971 0 0 0 0 0 0 0 0 0 0 -0.0097867 -0.10929 -0.19035 0.012099 -0.0329 0.018267 0 0
-0 -0 -0.29164 0 0 0 0 0 0 0 0 0 0 -0.012991 -0.14507 -0.25266 0.014234 -0.044037 0.024552 0 0
0 0 0.14112 0 0 0 0 0 0 0 0 0 0 0.0062859 0.070193 0.12226 -0.011992 0.019697 -0.010693 0 0
-0 -0 -0.11296 0 0 0 0 0 0 0 0 0 0 -0.0050317 -0.056188 -0.097865 0.0072537 -0.016651 0.0091869 0 0
0 0 0.17815 0 0 0 0 0 0 0 0 0 0 0.0079357 0.088616 0.15435 -0.015652 0.024619 -0.01333 0 0
0 0 0.20247 0 0 0 0 0 0 0 0 0 0 0.0090188 0.10071 0.17541 -0.018166 0.027787 -0.01502 0 0
-0 -0 -0.20119 0 0 0 0 0 0 0 0 0 0 -0.008962 -0.10008 -0.17431 0.011402 -0.030054 0.016669 0 0
0 0 0.062944 0 0 0 0 0 0 0 0 0 0 0.0028038 0.031309 0.054532 -0.0049579 0.008958 -0.0048882 0 0
0 0 0.22296 0 0 0 0 0 0 0 0 0 0 0.0099316 0.1109 0.19316 -0.020352 0.030417 -0.016417 0 0
-0 -0 -0.22944 0 0 0 0 0 0 0 0 0 0 -0.01022 -0.11413 -0.19878 0.012442 -0.034401 0.019111 0 0
0 0 0.035985 0 0 0 0 0 0 0 0 0 0 0.0016029 0.0179 0.031176 -0.0027559 0.0051528 -0.0028167 0 0
-0 -0 -0.15371 0 0 0 0 0 0 0 0 0 0 -0.0068467 -0.076456 -0.13317 0.0093374 -0.022805 0.012613 0 0
0 0 0.029888 0 0 0 0 0 0 0 0 0 0 0.0013313 0.014867 0.025894 -0.0022742 0.0042855 -0.0023436 0 0
0 0 0.22233 0 0 0 0 0 0 0 0 0 0 0.0099036 0.11059 0.19262 -0.020284 0.030337 -0.016375 0 0
0 0 0.32793 0 0 0 0 0 0 0 0 0 0 0.014607 0.16312 0.28411 -0.032478 0.043267 -0.023172 0 0
-0 -0 -0.26416 0 0 0 0 0 0 0 0 0 0 -0.011767 -0.1314 -0.22886 0.013527 -0.03977 0.022138 0 0
-0 -0 -0.0047717 0 0 0 0 0 0 0 0 0 0 -0.00021255 -0.0023735 -0.004134 0.00034954 -0.00068928 0.00037777 0 0
-0 -0 -0.09905 0 0 0 0 0 0 0 0 0 0 -0.0044121 -0.049269 -0.085813 0.006477 -0.014566 0.0080298 0 0
0 0 0.3068 0 0 0 0 0 0 0 0 0 0 0.013666 0.15261 0.2658 -0.029916 0.040768 -0.021868 0 0
0 0 0.18608 0 0 0 0 0 0 0 0 0 0 0.0082888 0.092559 0.16121 -0.016462 0.025657 -0.013885 0 0
0 0 0.010346 0 0 0 0 0 0 0 0 0 0 0.00046088 0.0051465 0.0089639 -0.00077074 0.0014898 -0.00081575 0 0
-0 -0 -0.25052 0 0 0 0 0 0 0 0 0 0 -0.011159 -0.12461 -0.21704 0.013126 -0.037657 0.020945 0 0
-0 -0 -0.20377 0 0 0 0 0 0 0 0 0 0 -0.0090769 -0.10136 -0.17654 0.011503 -0.03045 0.016891 0 0
0 0 0.011529 0 0 0 0 0 0 0 0 0 0 0.00051354 0.0057346 0.0099881 -0.00085992 0.0016596 -0.00090866 0 0
-0 -0 -0.19523 0 0 0 0 0 0 0 0 0 0 -0.0086966 -0.097113 -0.16914 0.011164 -0.029141 0.016157 0 0
0 0 0.0037701 0 0 0 0 0 0 0 0 0 0 0.00016794 0.0018753 0.0032663 -0.00027882 0.00054363 -0.00029779 0 0
-0 -0 -0.1925 0 0 0 0 0 0 0 0 0 0 -0.0085748 -0.095753 -0.16678 0.011053 -0.028722 0.015922 0 0
