-0 -0 -0 0.17927 0 0 0 0 0 0 0 0.17661 -0.029725 0.0079857 0 0
-0 -0 -0 0.1524 0 0 0 0 0 0 0 0.15014 -0.025269 0.0067887 0 0
-0 -0 -0 0.098398 0 0 0 0 0 0 0 0.096937 -0.016315 0.0043831 0 0
0 0 0 0.0064582 0 0 0 0 0 0 0 0.0063623 -0.0010708 0.00028768 0 0
-0 -0 -0 0.067068 0 0 0 0 0 0 0 0.066072 -0.01112 0.0029875 0 0
0 0 0 0.066661 0 0 0 0 0 0 0 0.065671 -0.011053 0.0029694 0 0
-0 -0 -0 0.17833 0 0 0 0 0 0 0 0.17568 -0.029568 0.0079435 0 0
0 0 0 0.17964 0 0 0 0 0 0 0 0.17697 -0.029785 0.0080019 0 0
-0 -0 -0 0.067521 0 0 0 0 0 0 0 0.066518 -0.011195 0.0030077 0 0
0 0 0 0.027104 0 0 0 0 0 0 0 0.026701 -0.004494 0.0012073 0 0
-0 -0 -0 0.077271 0 0 0 0 0 0 0 0.076124 -0.012812 0.003442 0 0
0 0 0 0.11941 0 0 0 0 0 0 0 0.11764 -0.019799 0.005319 0 0
-0 -0 -0 0.1405 0 0 0 0 0 0 0 0.13842 -0.023296 0.0062587 0 0
0 0 0 0.0321 0 0 0 0 0 0 0 0.031623 -0.0053224 0.0014299 0 0
-0 -0 -0 0.10256 0 0 0 0 0 0 0 0.10104 -0.017005 0.0045685 0 0
-0 -0 -0 0.17109 0 0 0 0 0 0 0 0.16855 -0.028367 0.007621 0 0
0 0 0 0.18312 0 0 0 0 0 0 0 0.18041 -0.030363 0.0081572 0 0
0 0 0 0.062541 0 0 0 0 0 0 0 0.061613 -0.01037 0.0027859 0 0
-0 -0 -0 0.12567 0 0 0 0 0 0 0 0.1238 -0.020837 0.0055979 0 0
-0 -0 -0 0.014402 0 0 0 0 0 0 0 0.014189 -0.002388 0.00064155 0 0
-0 -0 -0 0.13012 0 0 0 0 0 0 0 0.12818 -0.021574 0.005796 0 0
0 0 0 0.028333 0 0 0 0 0 0 0 0.027912 -0.0046977 0.0012621 0 0
0 0 0 0.12431 0 0 0 0 0 0 0 0.12247 -0.020611 0.0055374 0 0
0 0 0 0.034765 0 0 0 0 0 0 0 0.034249 -0.0057642 0.0015486 0 0
0 0 0 0.18307 0 0 0 0 0 0 0 0.18036 -0.030355 0.0081549 0 0
0 0 0 0.19862 0 0 0 0 0 0 0 0.19567 -0.032932 0.0088474 0 0
0 0 0 0.097136 0 0 0 0 0 0 0 0.095694 -0.016106 0.0043269 0 0
0 0 0 0.13808 0 0 0 0 0 0 0 0.13603 -0.022895 0.0061509 0 0
0 0 0 0.020797 0 0 0 0 0 0 0 0.020488 -0.0034482 0.00092638 0 0
-0 -0 -0 0.19304 0 0 0 0 0 0 0 0.19017 -0.032007 0.0085988 0 0
0 0 0 0.11543 0 0 0 0 0 0 0 0.11371 -0.019139 0.0051417 0 0
-0 -0 -0 0.17289 0 0 0 0 0 0 0 0.17032 -0.028666 0.0077013 0 0
0 0 0 0.0067859 0 0 0 0 0 0 0 0.0066852 -0.0011251 0.00030228 0 0
-0 -0 -0 0.00064272 0 0 0 0 0 0 0 0.00063318 -0.00010657 2.863e-05 0 0
0 0 0 0.060639 0 0 0 0 0 0 0 0.059739 -0.010054 0.0027011 0 0
-0 -0 -0 0.034013 0 0 0 0 0 0 0 0.033508 -0.0056396 0.0015151 0 0
-0 -0 -0 0.03141 0 0 0 0 0 0 0 0.030944 -0.005208 0.0013991 0 0
-0 -0 -0 0.015295 0 0 0 0 0 0 0 0.015068 -0.002536 0.0006813 0 0
-0 -0 -0 0.044033 0 0 0 0 0 0 0 0.043379 -0.007301 0.0019614 0 0
-0 -0 -0 0.11164 0 0 0 0 0 0 0 0.10998 -0.01851 0.0049727 0 0
0 0 0 0.059575 0 0 0 0 0 0 0 0.05869 -0.0098779 0.0026537 0 0
0 0 0 0.15134 0 0 0 0 0 0 0 0.14909 -0.025093 0.0067414 0 0
-0 -0 -0 0.19923 0 0 0 0 0 0 0 0.19627 -0.033033 0.0088744 0 0
0 0 0 0.17665 0 0 0 0 0 0 0 0.17403 -0.02929 0.0078687 0 0
0 0 0 0.071693 0 0 0 0 0 0 0 0.070628 -0.011887 0.0031935 0 0
-0 -0 -0 0.030493 0 0 0 0 0 0 0 0.030041 -0.005056 0.0013583 0 0
-0 -0 -0 0.19033 0 0 0 0 0 0 0 0.18751 -0.031558 0.0084783 0 0
-0 -0 -0 0.14817 0 0 0 0 0 0 0 0.14597 -0.024568 0.0066003 0 0
-0 -0 -0 0.037367 0 0 0 0 0 0 0 0.036812 -0.0061957 0.0016645 0 0
0 0 0 0.08655 0 0 0 0 0 0 0 0.085265 -0.014351 0.0038553 0 0
-0 -0 -0 0.055413 0 0 0 0 0 0 0 0.05459 -0.0091878 0.0024683 0 0
-0 -0 -0 0.16393 0 0 0 0 0 0 0 0.1615 -0.027181 0.0073024 0 0
-0 -0 -0 0.072604 0 0 0 0 0 0 0 0.071526 -0.012038 0.0032341 0 0
0 0 0 0.053347 0 0 0 0 0 0 0 0.052555 -0.0088452 0.0023763 0 0
-0 -0 -0 0.021305 0 0 0 0 0 0 0 0.020989 -0.0035325 0.00094903 0 0
0 0 0 0.055348 0 0 0 0 0 0 0 0.054526 -0.009177 0.0024654 0 0
0 0 0 0.098267 0 0 0 0 0 0 0 0.096808 -0.016293 0.0043773 0 0
-0 -0 -0 0.18675 0 0 0 0 0 0 0 0.18398 -0.030964 0.0083187 0 0
-0 -0 -0 0.080168 0 0 0 0 0 0 0 0.078977 -0.013292 0.003571 0 0
-0 -0 -0 0.020552 0 0 0 0 0 0 0 0.020247 -0.0034076 0.00091546 0 0
0 0 0 0.0034751 0 0 0 0 0 0 0 0.0034235 -0.00057619 0.00015479 0 0
-0 -0 -0 0.13084 0 0 0 0 0 0 0 0.1289 -0.021694 0.0058281 0 0
-0 -0 -0 0.15554 0 0 0 0 0 0 0 0.15324 -0.02579 0.0069287 0 0
0 0 0 0.10046 0 0 0 0 0 0 0 0.098967 -0.016657 0.0044749 0 0
-0 -0 -0 0.19654 0 0 0 0 0 0 0 0.19362 -0.032588 0.0087549 0 0
-0 -0 -0 0.12799 0 0 0 0 0 0 0 0.12609 -0.021221 0.005701 0 0
-0 -0 -0 0.047186 0 0 0 0 0 0 0 0.046485 -0.0078237 0.0021019 0 0
0 0 0 0.14008 0 0 0 0 0 0 0 0.138 -0.023226 0.0062398 0 0
0 0 0 0.17024 0 0 0 0 0 0 0 0.16771 -0.028226 0.0075831 0 0
0 0 0 0.19869 0 0 0 0 0 0 0 0.19574 -0.032944 0.0088505 0 0
0 0 0 0.0074189 0 0 0 0 0 0 0 0.0073087 -0.0012301 0.00033047 0 0
0 0 0 0.096567 0 0 0 0 0 0 0 0.095133 -0.016011 0.0043015 0 0
-0 -0 -0 0.078503 0 0 0 0 0 0 0 0.077337 -0.013016 0.0034969 0 0
0 0 0 0.13492 0 0 0 0 0 0 0 0.13291 -0.02237 0.0060098 0 0
0 0 0 0.10543 0 0 0 0 0 0 0 0.10387 -0.017481 0.0046964 0 0
0 0 0 0.12062 0 0 0 0 0 0 0 0.11883 -0.02 0.005373 0 0
-0 -0 -0 0.12581 0 0 0 0 0 0 0 0.12394 -0.02086 0.0056041 0 0
0 0 0 0.061786 0 0 0 0 0 0 0 0.060868 -0.010244 0.0027522 0 0
-0 -0 -0 0.03189 0 0 0 0 0 0 0 0.031417 -0.0052876 0.0014205 0 0
0 0 0 0.056209 0 0 0 0 0 0 0 0.055374 -0.0093198 0.0025038 0 0
-0 -0 -0 0.1889 0 0 0 0 0 0 0 0.1861 -0.031321 0.0084146 0 0
-0 -0 -0 0.0094604 0 0 0 0 0 0 0 0.00932 -0.0015686 0.00042141 0 0
-0 -0 -0 0.13224 0 0 0 0 0 0 0 0.13028 -0.021927 0.0058907 0 0
0 0 0 0.096716 0 0 0 0 0 0 0 0.09528 -0.016036 0.0043082 0 0
0 0 0 0.10998 0 0 0 0 0 0 0 0.10835 -0.018236 0.0048991 0 0
0 0 0 0.091736 0 0 0 0 0 0 0 0.090374 -0.01521 0.0040863 0 0
-0 -0 -0 0.19458 0 0 0 0 0 0 0 0.19169 -0.032262 0.0086674 0 0
-0 -0 -0 0.063613 0 0 0 0 0 0 0 0.062669 -0.010547 0.0028336 0 0
0 0 0 0.034832 0 0 0 0 0 0 0 0.034315 -0.0057754 0.0015516 0 0
-0 -0 -0 0.080734 0 0 0 0 0 0 0 0.079535 -0.013386 0.0035963 0 0
-0 -0 -0 0.091016 0 0 0 0 0 0 0 0.089665 -0.015091 0.0040543 0 0
0 0 0 0.012818 0 0 0 0 0 0 0 0.012628 -0.0021254 0.00057098 0 0
0 0 0 0.1535 0 0 0 0 0 0 0 0.15122 -0.025452 0.0068377 0 0
-0 -0 -0 0.1001 0 0 0 0 0 0 0 0.098611 -0.016597 0.0044588 0 0
0 0 0 0.098806 0 0 0 0 0 0 0 0.097339 -0.016383 0.0044013 0 0
-0 -0 -0 0.068931 0 0 0 0 0 0 0 0.067907 -0.011429 0.0030705 0 0
-0 -0 -0 0.11759 0 0 0 0 0 0 0 0.11585 -0.019498 0.0052382 0 0
-0 -0 -0 0.055048 0 0 0 0 0 0 0 0.054231 -0.0091273 0.0024521 0 0
-0 -0 -0 0.043019 0 0 0 0 0 0 0 0.04238 -0.0071327 0.0019162 0 0
0 0 0 0.044526 0 0 0 0 0 0 0 0.043865 -0.0073828 0.0019834 0 0
