-0 -0 -0 0.19711 0 0 0 0 -0 0 0 0.1713 -0.094029 0.025807 0 0
0 0 0 0.19991 0 0 0 0 -0 0 0 0.17374 -0.095367 0.026174 0 0
0 0 0 0.028404 0 0 0 0 -0 0 0 0.024685 -0.01355 0.0037188 0 0
-0 -0 -0 0.096442 0 0 0 0 -0 0 0 0.083815 -0.046007 0.012627 0 0
0 0 0 0.11536 0 0 0 0 -0 0 0 0.10025 -0.055031 0.015104 0 0
0 0 0 0.066511 0 0 0 0 -0 0 0 0.057803 -0.031729 0.0087081 0 0
0 0 0 0.1301 0 0 0 0 -0 0 0 0.11307 -0.062065 0.017034 0 0
0 0 0 0.12297 0 0 0 0 -0 0 0 0.10687 -0.058663 0.0161 0 0
-0 -0 -0 0.1234 0 0 0 0 -0 0 0 0.10724 -0.058868 0.016157 0 0
0 0 0 0.029939 0 0 0 0 -0 0 0 0.026019 -0.014282 0.0039198 0 0
-0 -0 -0 0.19842 0 0 0 0 -0 0 0 0.17245 -0.094657 0.025979 0 0
-0 -0 -0 0.010854 0 0 0 0 -0 0 0 0.0094329 -0.0051778 0.0014211 0 0
-0 -0 -0 0.083442 0 0 0 0 -0 0 0 0.072517 -0.039806 0.010925 0 0
0 0 0 0.038468 0 0 0 0 -0 0 0 0.033432 -0.018351 0.0050366 0 0
0 0 0 0.14242 0 0 0 0 -0 0 0 0.12377 -0.067941 0.018647 0 0
-0 -0 -0 0.019528 0 0 0 0 -0 0 0 0.016971 -0.0093158 0.0025568 0 0
-0 -0 -0 0.011849 0 0 0 0 -0 0 0 0.010298 -0.0056525 0.0015514 0 0
0 0 0 0.10397 0 0 0 0 -0 0 0 0.090357 -0.049598 0.013612 0 0
0 0 0 0.16927 0 0 0 0 -0 0 0 0.14711 -0.080749 0.022162 0 0
0 0 0 0.16432 0 0 0 0 -0 0 0 0.1428 -0.078387 0.021514 0 0
-0 -0 -0 0.098174 0 0 0 0 -0 0 0 0.08532 -0.046833 0.012854 0 0
0 0 0 0.076609 0 0 0 0 -0 0 0 0.066579 -0.036546 0.01003 0 0
0 0 0 0.1769 0 0 0 0 -0 0 0 0.15374 -0.084388 0.023161 0 0
-0 -0 -0 0.17163 0 0 0 0 -0 0 0 0.14916 -0.081875 0.022471 0 0
-0 -0 -0 0.10063 0 0 0 0 -0 0 0 0.087451 -0.048003 0.013175 0 0
-0 -0 -0 0.062077 0 0 0 0 -0 0 0 0.053949 -0.029613 0.0081275 0 0
0 0 0 0.17805 0 0 0 0 -0 0 0 0.15474 -0.084937 0.023311 0 0
-0 -0 -0 0.094032 0 0 0 0 -0 0 0 0.081721 -0.044857 0.012311 0 0
0 0 0 0.030206 0 0 0 0 -0 0 0 0.026251 -0.01441 0.0039548 0 0
0 0 0 0.028562 0 0 0 0 -0 0 0 0.024823 -0.013626 0.0037396 0 0
0 0 0 0.0067434 0 0 0 0 -0 0 0 0.0058605 -0.0032169 0.0008829 0 0
0 0 0 0.19276 0 0 0 0 -0 0 0 0.16752 -0.091955 0.025238 0 0
0 0 0 0.030183 0 0 0 0 -0 0 0 0.026232 -0.014399 0.0039519 0 0
-0 -0 -0 0.15101 0 0 0 0 -0 0 0 0.13124 -0.07204 0.019772 0 0
0 0 0 0.08585 0 0 0 0 -0 0 0 0.07461 -0.040954 0.01124 0 0
-0 -0 -0 0.091635 0 0 0 0 -0 0 0 0.079637 -0.043714 0.011998 0 0
0 0 0 0.081476 0 0 0 0 -0 0 0 0.070809 -0.038868 0.010668 0 0
-0 -0 -0 0.064931 0 0 0 0 -0 0 0 0.05643 -0.030975 0.0085013 0 0
-0 -0 -0 0.012011 0 0 0 0 -0 0 0 0.010438 -0.0057298 0.0015726 0 0
0 0 0 0.047278 0 0 0 0 -0 0 0 0.041088 -0.022554 0.0061901 0 0
-0 -0 -0 0.19341 0 0 0 0 -0 0 0 0.16808 -0.092264 0.025322 0 0
-0 -0 -0 0.010566 0 0 0 0 -0 0 0 0.0091826 -0.0050405 0.0013834 0 0
-0 -0 -0 0.1761 0 0 0 0 -0 0 0 0.15305 -0.084009 0.023057 0 0
-0 -0 -0 0.12112 0 0 0 0 -0 0 0 0.10526 -0.057781 0.015858 0 0
0 0 0 0.11851 0 0 0 0 -0 0 0 0.10299 -0.056535 0.015516 0 0
0 0 0 0.016536 0 0 0 0 -0 0 0 0.014371 -0.0078882 0.002165 0 0
0 0 0 0.11766 0 0 0 0 -0 0 0 0.10226 -0.056131 0.015405 0 0
0 0 0 0.077944 0 0 0 0 -0 0 0 0.067739 -0.037183 0.010205 0 0
0 0 0 0.12255 0 0 0 0 -0 0 0 0.10651 -0.058464 0.016046 0 0
-0 -0 -0 0.052265 0 0 0 0 -0 0 0 0.045422 -0.024933 0.006843 0 0
0 0 0 0.045087 0 0 0 0 -0 0 0 0.039184 -0.021509 0.0059032 0 0
0 0 0 0.19291 0 0 0 0 -0 0 0 0.16766 -0.092029 0.025258 0 0
-0 -0 -0 0.19906 0 0 0 0 -0 0 0 0.17299 -0.094959 0.026062 0 0
-0 -0 -0 0.04082 0 0 0 0 -0 0 0 0.035475 -0.019473 0.0053444 0 0
0 0 0 0.13776 0 0 0 0 -0 0 0 0.11972 -0.065717 0.018036 0 0
-0 -0 -0 0.19605 0 0 0 0 -0 0 0 0.17038 -0.093524 0.025668 0 0
-0 -0 -0 0.00034508 0 0 0 0 -0 0 0 0.0002999 -0.00016462 4.5181e-05 0 0
-0 -0 -0 0.19413 0 0 0 0 -0 0 0 0.16871 -0.092607 0.025417 0 0
-0 -0 -0 0.17127 0 0 0 0 -0 0 0 0.14884 -0.081702 0.022424 0 0
-0 -0 -0 0.17556 0 0 0 0 -0 0 0 0.15258 -0.083752 0.022986 0 0
0 0 0 0.15486 0 0 0 0 -0 0 0 0.13459 -0.073876 0.020276 0 0
0 0 0 0.074279 0 0 0 0 -0 0 0 0.064554 -0.035434 0.0097252 0 0
-0 -0 -0 0.13411 0 0 0 0 -0 0 0 0.11655 -0.063978 0.017559 0 0
0 0 0 0.18834 0 0 0 0 -0 0 0 0.16368 -0.089849 0.02466 0 0
-0 -0 -0 0.082045 0 0 0 0 -0 0 0 0.071303 -0.039139 0.010742 0 0
0 0 0 0.069876 0 0 0 0 -0 0 0 0.060727 -0.033334 0.0091487 0 0
0 0 0 0.16622 0 0 0 0 -0 0 0 0.14446 -0.079295 0.021763 0 0
-0 -0 -0 0.073814 0 0 0 0 -0 0 0 0.064149 -0.035212 0.0096643 0 0
0 0 0 0.18792 0 0 0 0 -0 0 0 0.16331 -0.089645 0.024604 0 0
-0 -0 -0 0.090618 0 0 0 0 -0 0 0 0.078753 -0.043229 0.011864 0 0
0 0 0 0.055254 0 0 0 0 -0 0 0 0.04802 -0.026359 0.0072343 0 0
-0 -0 -0 0.19894 0 0 0 0 -0 0 0 0.1729 -0.094904 0.026047 0 0
-0 -0 -0 0.052607 0 0 0 0 -0 0 0 0.045719 -0.025096 0.0068877 0 0
-0 -0 -0 0.16269 0 0 0 0 -0 0 0 0.14139 -0.07761 0.021301 0 0
-0 -0 -0 0.19914 0 0 0 0 -0 0 0 0.17307 -0.094998 0.026073 0 0
0 0 0 0.028297 0 0 0 0 -0 0 0 0.024592 -0.013499 0.0037048 0 0
0 0 0 0.18002 0 0 0 0 -0 0 0 0.15645 -0.085879 0.02357 0 0
-0 -0 -0 0.043296 0 0 0 0 -0 0 0 0.037627 -0.020654 0.0056686 0 0
0 0 0 0.0053357 0 0 0 0 -0 0 0 0.0046371 -0.0025454 0.00069859 0 0
-0 -0 -0 0.14296 0 0 0 0 -0 0 0 0.12424 -0.068197 0.018717 0 0
0 0 0 0.19141 0 0 0 0 -0 0 0 0.16635 -0.091313 0.025061 0 0
0 0 0 0.11945 0 0 0 0 -0 0 0 0.10381 -0.056981 0.015639 0 0
-0 -0 -0 0.0030701 0 0 0 0 -0 0 0 0.0026681 -0.0014646 0.00040196 0 0
-0 -0 -0 0.09545 0 0 0 0 -0 0 0 0.082953 -0.045534 0.012497 0 0
-0 -0 -0 0.19582 0 0 0 0 -0 0 0 0.17018 -0.093416 0.025639 0 0
-0 -0 -0 0.0030293 0 0 0 0 -0 0 0 0.0026327 -0.0014451 0.00039661 0 0
0 0 0 0.17877 0 0 0 0 -0 0 0 0.15537 -0.085282 0.023406 0 0
-0 -0 -0 0.078538 0 0 0 0 -0 0 0 0.068256 -0.037466 0.010283 0 0
-0 -0 -0 0.079214 0 0 0 0 -0 0 0 0.068843 -0.037789 0.010371 0 0
0 0 0 0.047832 0 0 0 0 -0 0 0 0.041569 -0.022818 0.0062625 0 0
0 0 0 0.091304 0 0 0 0 -0 0 0 0.079349 -0.043556 0.011954 0 0
-0 -0 -0 0.15981 0 0 0 0 -0 0 0 0.13889 -0.076236 0.020924 0 0
-0 -0 -0 0.099416 0 0 0 0 -0 0 0 0.0864 -0.047426 0.013016 0 0
0 0 0 0.017464 0 0 0 0 -0 0 0 0.015178 -0.0083313 0.0022866 0 0
-0 -0 -0 0.1192 0 0 0 0 -0 0 0 0.10359 -0.056861 0.015606 0 0
-0 -0 -0 0.10688 0 0 0 0 -0 0 0 0.092884 -0.050985 0.013993 0 0
-0 -0 -0 0.097685 0 0 0 0 -0 0 0 0.084895 -0.0466 0.01279 0 0
0 0 0 0.024158 0 0 0 0 -0 0 0 0.020995 -0.011524 0.003163 0 0
0 0 0 0.044968 0 0 0 0 -0 0 0 0.03908 -0.021452 0.0058875 0 0
0 0 0 0.063083 0 0 0 0 -0 0 0 0.054823 -0.030093 0.0082593 0 0
