-0 -0 -0.014972 0 0 0 0 0 0 0 0 0 0 5.1796e-17 -0.007486 -0.012966 0.0022457 -1.456e-05 8.406e-06 0 0
0 0 0.0092807 0 0 0 0 0 0 0 0 0 0 5.1793e-17 0.0046404 0.0080373 -0.0013921 -5.5944e-06 3.2299e-06 0 0
-0 -0 -0.13053 0 0 0 0 0 0 0 0 0 0 5.1972e-17 -0.065266 -0.11304 0.019524 -0.0011051 0.00063805 0 0
-0 -0 -0.22614 0 0 0 0 0 0 0 0 0 0 2.362e-17 -0.11307 -0.19584 0.033633 -0.0033075 0.0019096 0 0
0 0 0.17947 0 0 0 0 0 0 0 0 0 0 2.4417e-17 0.089737 0.15543 -0.026777 -0.0020865 0.0012047 0 0
-0 -0 -0.34418 0 0 0 0 0 0 0 0 0 0 5.3084e-17 -0.17209 -0.29806 0.050613 -0.0076183 0.0043984 0 0
0 0 0.044825 0 0 0 0 0 0 0 0 0 0 5.1815e-17 0.022413 0.03882 -0.0067215 -0.00013049 7.5336e-05 0 0
0 0 0.014191 0 0 0 0 0 0 0 0 0 0 2.404e-17 0.0070953 0.012289 -0.0021285 -1.3079e-05 7.5513e-06 0 0
0 0 0.34096 0 0 0 0 0 0 0 0 0 0 5.3064e-17 0.17048 0.29528 -0.050158 -0.0074778 0.0043173 0 0
-0 -0 -0.1364 0 0 0 0 0 0 0 0 0 0 5.2203e-17 -0.068199 -0.11812 0.020396 -0.0012065 0.00069659 0 0
0 0 0.089038 0 0 0 0 0 0 0 0 0 0 5.1785e-17 0.044519 0.077109 -0.013338 -0.00051459 0.0002971 0 0
-0 -0 -0.046197 0 0 0 0 0 0 0 0 0 0 5.1816e-17 -0.023099 -0.040008 0.0069271 -0.00013859 8.0018e-05 0 0
0 0 0.2569 0 0 0 0 0 0 0 0 0 0 2.3678e-17 0.12845 0.22249 -0.038113 -0.0042633 0.0024614 0 0
-0 -0 -0.18475 0 0 0 0 0 0 0 0 0 0 5.2339e-17 -0.092374 -0.16 0.027555 -0.0022106 0.0012763 0 0
0 0 0.2682 0 0 0 0 0 0 0 0 0 0 5.1793e-17 0.1341 0.23227 -0.03975 -0.0046442 0.0026813 0 0
-0 -0 -0.34545 0 0 0 0 0 0 0 0 0 0 5.3091e-17 -0.17272 -0.29917 0.050793 -0.0076742 0.0044307 0 0
0 0 0.18627 0 0 0 0 0 0 0 0 0 0 5.2344e-17 0.093137 0.16132 -0.02778 -0.0022472 0.0012974 0 0
-0 -0 -0.11762 0 0 0 0 0 0 0 0 0 0 5.1945e-17 -0.058808 -0.10186 0.017602 -0.00089747 0.00051815 0 0
0 0 0.24378 0 0 0 0 0 0 0 0 0 0 5.1685e-17 0.12189 0.21112 -0.036206 -0.0038409 0.0022176 0 0
0 0 0.012975 0 0 0 0 0 0 0 0 0 0 2.4039e-17 0.0064875 0.011237 -0.0019462 -1.0934e-05 6.313e-06 0 0
0 0 0.11963 0 0 0 0 0 0 0 0 0 0 2.4127e-17 0.059817 0.10361 -0.017902 -0.00092849 0.00053606 0 0
-0 -0 -0.26757 0 0 0 0 0 0 0 0 0 0 5.179e-17 -0.13379 -0.23172 0.039658 -0.0046225 0.0026688 0 0
0 0 0.34072 0 0 0 0 0 0 0 0 0 0 2.4762e-17 0.17036 0.29507 -0.050125 -0.0074675 0.0043114 0 0
-0 -0 -0.004925 0 0 0 0 0 0 0 0 0 0 2.4037e-17 -0.0024625 -0.0042652 0.00073875 -1.5755e-06 9.096e-07 0 0
-0 -0 -0.0054682 0 0 0 0 0 0 0 0 0 0 2.4037e-17 -0.0027341 -0.0047356 0.00082023 -1.9421e-06 1.1213e-06 0 0
0 0 0.1951 0 0 0 0 0 0 0 0 0 0 2.3568e-17 0.09755 0.16896 -0.02908 -0.0024645 0.0014229 0 0
-0 -0 -0.11726 0 0 0 0 0 0 0 0 0 0 5.1944e-17 -0.058632 -0.10155 0.017549 -0.00089211 0.00051506 0 0
-0 -0 -0.12153 0 0 0 0 0 0 0 0 0 0 5.1953e-17 -0.060764 -0.10525 0.018184 -0.00095811 0.00055316 0 0
-0 -0 -0.0023719 0 0 0 0 0 0 0 0 0 0 2.4037e-17 -0.001186 -0.0020541 0.00035579 -3.6542e-07 2.1097e-07 0 0
0 0 0.18926 0 0 0 0 0 0 0 0 0 0 5.2354e-17 0.094631 0.16391 -0.02822 -0.0023196 0.0013392 0 0
0 0 0.26738 0 0 0 0 0 0 0 0 0 0 2.37e-17 0.13369 0.23156 -0.039631 -0.004616 0.0026651 0 0
-0 -0 -0.29251 0 0 0 0 0 0 0 0 0 0 5.2791e-17 -0.14626 -0.25332 0.043254 -0.0055181 0.0031859 0 0
0 0 0.0036332 0 0 0 0 0 0 0 0 0 0 5.1793e-17 0.0018166 0.0031465 -0.00054498 -8.5739e-07 4.9501e-07 0 0
0 0 0.069128 0 0 0 0 0 0 0 0 0 0 5.1758e-17 0.034564 0.059866 -0.010361 -0.00031026 0.00017913 0 0
-0 -0 -0.16746 0 0 0 0 0 0 0 0 0 0 2.44e-17 -0.083729 -0.14502 0.025002 -0.0018172 0.0010491 0 0
0 0 0.11429 0 0 0 0 0 0 0 0 0 0 5.1938e-17 0.057146 0.09898 -0.017107 -0.00084753 0.00048932 0 0
-0 -0 -0.10517 0 0 0 0 0 0 0 0 0 0 5.1921e-17 -0.052587 -0.091084 0.015747 -0.00071781 0.00041443 0 0
0 0 0.2108 0 0 0 0 0 0 0 0 0 0 5.1555e-17 0.1054 0.18256 -0.031386 -0.0028755 0.0016602 0 0
-0 -0 -0.0019453 0 0 0 0 0 0 0 0 0 0 5.1793e-17 -0.00097266 -0.0016847 0.0002918 -2.458e-07 1.4191e-07 0 0
-0 -0 -0.1939 0 0 0 0 0 0 0 0 0 0 2.3566e-17 -0.096948 -0.16792 0.028902 -0.0024343 0.0014054 0 0
0 0 0.13501 0 0 0 0 0 0 0 0 0 0 5.22e-17 0.067507 0.11693 -0.020191 -0.0011822 0.00068255 0 0
-0 -0 -0.22453 0 0 0 0 0 0 0 0 0 0 2.3617e-17 -0.11226 -0.19445 0.033397 -0.0032606 0.0018825 0 0
-0 -0 -0.12963 0 0 0 0 0 0 0 0 0 0 2.4137e-17 -0.064813 -0.11226 0.01939 -0.0010899 0.00062923 0 0
-0 -0 -0.069429 0 0 0 0 0 0 0 0 0 0 2.398e-17 -0.034715 -0.060128 0.010406 -0.00031297 0.00018069 0 0
-0 -0 -0.045757 0 0 0 0 0 0 0 0 0 0 5.1816e-17 -0.022878 -0.039627 0.0068611 -0.00013597 7.8499e-05 0 0
-0 -0 -0.09702 0 0 0 0 0 0 0 0 0 0 5.1906e-17 -0.04851 -0.084022 0.01453 -0.00061091 0.00035271 0 0
-0 -0 -0.15232 0 0 0 0 0 0 0 0 0 0 5.2243e-17 -0.07616 -0.13191 0.02276 -0.0015041 0.00086838 0 0
0 0 0.067608 0 0 0 0 0 0 0 0 0 0 5.1756e-17 0.033804 0.05855 -0.010133 -0.00029677 0.00017134 0 0
-0 -0 -0.0030684 0 0 0 0 0 0 0 0 0 0 5.1793e-17 -0.0015342 -0.0026573 0.00046026 -6.1153e-07 3.5307e-07 0 0
-0 -0 -0.32835 0 0 0 0 0 0 0 0 0 0 5.2989e-17 -0.16417 -0.28436 0.048372 -0.0069398 0.0040067 0 0
0 0 0.20304 0 0 0 0 0 0 0 0 0 0 5.1528e-17 0.10152 0.17583 -0.030246 -0.0026683 0.0015406 0 0
0 0 0.19742 0 0 0 0 0 0 0 0 0 0 5.1508e-17 0.09871 0.17097 -0.029421 -0.0025232 0.0014568 0 0
-0 -0 -0.14626 0 0 0 0 0 0 0 0 0 0 5.2228e-17 -0.073132 -0.12667 0.021861 -0.0013871 0.00080082 0 0
0 0 0.16455 0 0 0 0 0 0 0 0 0 0 2.4396e-17 0.082276 0.14251 -0.024572 -0.0017548 0.0010131 0 0
0 0 0.0020952 0 0 0 0 0 0 0 0 0 0 5.1793e-17 0.0010476 0.0018145 -0.00031429 -2.8514e-07 1.6463e-07 0 0
0 0 0.23464 0 0 0 0 0 0 0 0 0 0 2.3635e-17 0.11732 0.2032 -0.034873 -0.0035595 0.0020551 0 0
-0 -0 -0.19006 0 0 0 0 0 0 0 0 0 0 5.2356e-17 -0.09503 -0.1646 0.028338 -0.0023392 0.0013505 0 0
-0 -0 -0.25085 0 0 0 0 0 0 0 0 0 0 2.3666e-17 -0.12543 -0.21724 0.037234 -0.0040658 0.0023474 0 0
-0 -0 -0.014268 0 0 0 0 0 0 0 0 0 0 5.1796e-17 -0.007134 -0.012356 0.0021401 -1.3222e-05 7.634e-06 0 0
-0 -0 -0.16722 0 0 0 0 0 0 0 0 0 0 5.2285e-17 -0.08361 -0.14482 0.024966 -0.001812 0.0010461 0 0
-0 -0 -0.3082 0 0 0 0 0 0 0 0 0 0 5.2875e-17 -0.1541 -0.26691 0.045502 -0.0061211 0.003534 0 0
0 0 0.17019 0 0 0 0 0 0 0 0 0 0 5.2294e-17 0.085095 0.14739 -0.025405 -0.0018768 0.0010836 0 0
0 0 0.26333 0 0 0 0 0 0 0 0 0 0 5.1771e-17 0.13167 0.22805 -0.039045 -0.004478 0.0025854 0 0
-0 -0 -0.069331 0 0 0 0 0 0 0 0 0 0 5.1758e-17 -0.034665 -0.060042 0.010391 -0.00031208 0.00018018 0 0
0 0 0.31216 0 0 0 0 0 0 0 0 0 0 5.2897e-17 0.15608 0.27033 -0.046067 -0.0062777 0.0036245 0 0
0 0 0.12019 0 0 0 0 0 0 0 0 0 0 2.4127e-17 0.060094 0.10409 -0.017985 -0.00093712 0.00054105 0 0
0 0 0.097843 0 0 0 0 0 0 0 0 0 0 5.1908e-17 0.048922 0.084735 -0.014653 -0.00062131 0.00035871 0 0
-0 -0 -0.33449 0 0 0 0 0 0 0 0 0 0 2.4745e-17 -0.16724 -0.28968 0.049243 -0.0071995 0.0041567 0 0
-0 -0 -0.17992 0 0 0 0 0 0 0 0 0 0 5.2324e-17 -0.089961 -0.15582 0.026843 -0.002097 0.0012107 0 0
-0 -0 -0.08736 0 0 0 0 0 0 0 0 0 0 5.1782e-17 -0.04368 -0.075656 0.013087 -0.00049538 0.00028601 0 0
-0 -0 -0.029729 0 0 0 0 0 0 0 0 0 0 5.1792e-17 -0.014865 -0.025746 0.0044587 -5.7402e-05 3.3141e-05 0 0
-0 -0 -0.19277 0 0 0 0 0 0 0 0 0 0 5.1493e-17 -0.096383 -0.16694 0.028736 -0.0024061 0.0013892 0 0
0 0 0.27422 0 0 0 0 0 0 0 0 0 0 5.27e-17 0.13711 0.23748 -0.040619 -0.0048535 0.0028022 0 0
-0 -0 -0.25789 0 0 0 0 0 0 0 0 0 0 5.1746e-17 -0.12894 -0.22334 0.038256 -0.0042958 0.0024802 0 0
0 0 0.24962 0 0 0 0 0 0 0 0 0 0 2.3664e-17 0.12481 0.21618 -0.037056 -0.0040263 0.0023246 0 0
0 0 0.12243 0 0 0 0 0 0 0 0 0 0 5.1955e-17 0.061214 0.10603 -0.018318 -0.00097234 0.00056138 0 0
-0 -0 -0.017401 0 0 0 0 0 0 0 0 0 0 2.4037e-17 -0.0087003 -0.015069 0.00261 -1.9666e-05 1.1354e-05 0 0
0 0 0.30733 0 0 0 0 0 0 0 0 0 0 5.287e-17 0.15366 0.26615 -0.045377 -0.0060866 0.0035141 0 0
0 0 0.22207 0 0 0 0 0 0 0 0 0 0 5.1597e-17 0.11104 0.19232 -0.033037 -0.00319 0.0018417 0 0
0 0 0.25964 0 0 0 0 0 0 0 0 0 0 5.1754e-17 0.12982 0.22486 -0.03851 -0.0043541 0.0025138 0 0
-0 -0 -0.041771 0 0 0 0 0 0 0 0 0 0 2.4049e-17 -0.020885 -0.036175 0.0062638 -0.00011331 6.5421e-05 0 0
0 0 0.03631 0 0 0 0 0 0 0 0 0 0 5.1809e-17 0.018155 0.031445 -0.0054453 -8.5624e-05 4.9435e-05 0 0
0 0 0.33224 0 0 0 0 0 0 0 0 0 0 5.3012e-17 0.16612 0.28773 -0.048925 -0.0071041 0.0041015 0 0
0 0 0.052815 0 0 0 0 0 0 0 0 0 0 5.1849e-17 0.026407 0.045739 -0.0079185 -0.00018113 0.00010458 0 0
-0 -0 -0.10251 0 0 0 0 0 0 0 0 0 0 5.1916e-17 -0.051255 -0.088776 0.01535 -0.00068193 0.00039372 0 0
0 0 8.948e-05 0 0 0 0 0 0 0 0 0 0 5.1793e-17 4.474e-05 7.7492e-05 -1.3422e-05 -5.2005e-10 3.0025e-10 0 0
0 0 0.078148 0 0 0 0 0 0 0 0 0 0 2.3985e-17 0.039074 0.067678 -0.01171 -0.00039647 0.0002289 0 0
-0 -0 -0.19988 0 0 0 0 0 0 0 0 0 0 5.1517e-17 -0.099941 -0.1731 0.029783 -0.0025864 0.0014932 0 0
0 0 0.10297 0 0 0 0 0 0 0 0 0 0 2.4112e-17 0.051484 0.089173 -0.015418 -0.00068804 0.00039724 0 0
-0 -0 -0.051879 0 0 0 0 0 0 0 0 0 0 2.408e-17 -0.025939 -0.044928 0.0077783 -0.00017477 0.0001009 0 0
0 0 0.16447 0 0 0 0 0 0 0 0 0 0 5.2277e-17 0.082234 0.14243 -0.024559 -0.001753 0.0010121 0 0
0 0 0.10038 0 0 0 0 0 0 0 0 0 0 5.1912e-17 0.05019 0.086931 -0.015032 -0.00065391 0.00037754 0 0
0 0 0.14678 0 0 0 0 0 0 0 0 0 0 5.2229e-17 0.073392 0.12712 -0.021939 -0.0013969 0.00080651 0 0
-0 -0 -0.19161 0 0 0 0 0 0 0 0 0 0 2.3563e-17 -0.095804 -0.16594 0.028566 -0.0023773 0.0013726 0 0
-0 -0 -0.10805 0 0 0 0 0 0 0 0 0 0 2.4116e-17 -0.054027 -0.093577 0.016176 -0.00075761 0.0004374 0 0
0 0 0.26862 0 0 0 0 0 0 0 0 0 0 5.1795e-17 0.13431 0.23264 -0.039811 -0.0046587 0.0026897 0 0
-0 -0 -0.25343 0 0 0 0 0 0 0 0 0 0 5.1726e-17 -0.12672 -0.21948 0.03761 -0.0041495 0.0023957 0 0
-0 -0 -0.27651 0 0 0 0 0 0 0 0 0 0 5.2711e-17 -0.13825 -0.23946 0.040949 -0.0049344 0.0028489 0 0
0 0 0.27301 0 0 0 0 0 0 0 0 0 0 2.459e-17 0.1365 0.23643 -0.040445 -0.0048111 0.0027777 0 0
0 0 0.055693 0 0 0 0 0 0 0 0 0 0 2.4082e-17 0.027846 0.048231 -0.0083496 -0.00020141 0.00011628 0 0
