-0 -0 -0.096678 0 0 0 0 0 0 0 0 0 0 -0.0085472 -0.047345 -0.083857 0.013397 -0.0052934 0.0016231 0 0
0 0 0.056102 0 0 0 0 0 0 0 0 0 0 0.00496 0.027474 0.048663 -0.0079923 0.0025552 -0.00062803 0 0
0 0 0.20285 0 0 0 0 0 0 0 0 0 0 0.017934 0.09934 0.17595 -0.029443 0.0073796 -0.0011655 0 0
0 0 0.25589 0 0 0 0 0 0 0 0 0 0 0.022623 0.12531 0.22196 -0.037323 0.0084465 -0.00096462 0 0
0 0 0.24573 0 0 0 0 0 0 0 0 0 0 0.021725 0.12034 0.21314 -0.03581 0.0082703 -0.0010193 0 0
0 0 0.20045 0 0 0 0 0 0 0 0 0 0 0.017722 0.098164 0.17387 -0.029087 0.0073227 -0.0011696 0 0
0 0 0.17318 0 0 0 0 0 0 0 0 0 0 0.01531 0.084807 0.15021 -0.025056 0.0066246 -0.0011863 0 0
0 0 0.026999 0 0 0 0 0 0 0 0 0 0 0.0023869 0.013222 0.023418 -0.0038285 0.0012778 -0.00033123 0 0
0 0 0.020909 0 0 0 0 0 0 0 0 0 0 0.0018485 0.010239 0.018136 -0.0029619 0.00099736 -0.0002612 0 0
0 0 0.12918 0 0 0 0 0 0 0 0 0 0 0.01142 0.06326 0.11205 -0.018592 0.0052981 -0.0010963 0 0
-0 -0 -0.082382 0 0 0 0 0 0 0 0 0 0 -0.0072833 -0.040344 -0.071457 0.01145 -0.0044411 0.0013404 0 0
0 0 0.045351 0 0 0 0 0 0 0 0 0 0 0.0040094 0.022209 0.039337 -0.0064498 0.0020955 -0.00052568 0 0
-0 -0 -0.047411 0 0 0 0 0 0 0 0 0 0 -0.0041916 -0.023218 -0.041124 0.0066349 -0.0024572 0.00071104 0 0
-0 -0 -0.32104 0 0 0 0 0 0 0 0 0 0 -0.028382 -0.15722 -0.27846 0.042041 -0.021649 0.0079377 0 0
0 0 0.13317 0 0 0 0 0 0 0 0 0 0 0.011773 0.065214 0.11551 -0.019176 0.0054285 -0.0011104 0 0
-0 -0 -0.15539 0 0 0 0 0 0 0 0 0 0 -0.013738 -0.076096 -0.13478 0.021256 -0.0090401 0.0029374 0 0
-0 -0 -0.243 0 0 0 0 0 0 0 0 0 0 -0.021483 -0.119 -0.21077 0.032526 -0.015346 0.0053489 0 0
-0 -0 -0.21982 0 0 0 0 0 0 0 0 0 0 -0.019434 -0.10765 -0.19067 0.029602 -0.013597 0.0046594 0 0
0 0 0.31179 0 0 0 0 0 0 0 0 0 0 0.027565 0.15269 0.27044 -0.045663 0.009176 -0.0005264 0 0
0 0 0.024592 0 0 0 0 0 0 0 0 0 0 0.0021742 0.012043 0.021331 -0.0034859 0.0011676 -0.00030388 0 0
0 0 0.18786 0 0 0 0 0 0 0 0 0 0 0.016608 0.091997 0.16294 -0.027224 0.0070122 -0.0011842 0 0
0 0 0.0041846 0 0 0 0 0 0 0 0 0 0 0.00036996 0.0020493 0.0036297 -0.00059112 0.00020386 -5.485e-05 0 0
0 0 0.33039 0 0 0 0 0 0 0 0 0 0 0.029209 0.1618 0.28657 -0.048442 0.0093284 -0.00032929 0 0
-0 -0 -0.12234 0 0 0 0 0 0 0 0 0 0 -0.010816 -0.059913 -0.10612 0.01686 -0.0068827 0.0021674 0 0
0 0 0.27109 0 0 0 0 0 0 0 0 0 0 0.023967 0.13276 0.23514 -0.039589 0.0086851 -0.00086842 0 0
-0 -0 -0.1086 0 0 0 0 0 0 0 0 0 0 -0.0096009 -0.053182 -0.094195 0.015011 -0.0060221 0.00187 0 0
-0 -0 -0.18519 0 0 0 0 0 0 0 0 0 0 -0.016372 -0.090689 -0.16063 0.025154 -0.011091 0.0036978 0 0
-0 -0 -0.09489 0 0 0 0 0 0 0 0 0 0 -0.0083891 -0.046469 -0.082306 0.013154 -0.0051855 0.0015869 0 0
0 0 0.17394 0 0 0 0 0 0 0 0 0 0 0.015378 0.085183 0.15088 -0.025169 0.0066455 -0.0011866 0 0
-0 -0 -0.19219 0 0 0 0 0 0 0 0 0 0 -0.016991 -0.094118 -0.1667 0.026061 -0.011587 0.0038855 0 0
-0 -0 -0.32134 0 0 0 0 0 0 0 0 0 0 -0.028409 -0.15736 -0.27872 0.042076 -0.021674 0.0079484 0 0
-0 -0 -0.28312 0 0 0 0 0 0 0 0 0 0 -0.025031 -0.13865 -0.24558 0.037484 -0.018509 0.0066292 0 0
0 0 0.034573 0 0 0 0 0 0 0 0 0 0 0.0030566 0.016931 0.029988 -0.0049086 0.0016203 -0.0004145 0 0
0 0 0.21526 0 0 0 0 0 0 0 0 0 0 0.019031 0.10542 0.18672 -0.031282 0.0076618 -0.0011373 0 0
-0 -0 -0.25353 0 0 0 0 0 0 0 0 0 0 -0.022415 -0.12416 -0.21991 0.033841 -0.01616 0.0056745 0 0
-0 -0 -0.18278 0 0 0 0 0 0 0 0 0 0 -0.016159 -0.089509 -0.15854 0.024841 -0.010921 0.003634 0 0
-0 -0 -0.18443 0 0 0 0 0 0 0 0 0 0 -0.016305 -0.090319 -0.15997 0.025056 -0.011037 0.0036777 0 0
0 0 0.1385 0 0 0 0 0 0 0 0 0 0 0.012245 0.067826 0.12013 -0.019957 0.0055997 -0.0011274 0 0
0 0 0.14461 0 0 0 0 0 0 0 0 0 0 0.012785 0.070821 0.12544 -0.020854 0.0057916 -0.0011443 0 0
0 0 0.0016662 0 0 0 0 0 0 0 0 0 0 0.00014731 0.00081596 0.0014452 -0.00023526 8.1428e-05 -2.1994e-05 0 0
-0 -0 -0.1846 0 0 0 0 0 0 0 0 0 0 -0.01632 -0.090401 -0.16012 0.025078 -0.011049 0.0036822 0 0
-0 -0 -0.26134 0 0 0 0 0 0 0 0 0 0 -0.023105 -0.12798 -0.22668 0.034809 -0.016771 0.0059207 0 0
0 0 0.1362 0 0 0 0 0 0 0 0 0 0 0.012041 0.0667 0.11814 -0.01962 0.0055263 -0.0011203 0 0
0 0 0.15049 0 0 0 0 0 0 0 0 0 0 0.013305 0.0737 0.13054 -0.021717 0.0059715 -0.0011579 0 0
0 0 0.30554 0 0 0 0 0 0 0 0 0 0 0.027012 0.14963 0.26502 -0.04473 0.0091146 -0.00058691 0 0
-0 -0 -0.2041 0 0 0 0 0 0 0 0 0 0 -0.018045 -0.099953 -0.17704 0.027595 -0.012443 0.0042127 0 0
0 0 0.12869 0 0 0 0 0 0 0 0 0 0 0.011378 0.063024 0.11163 -0.018521 0.0052822 -0.0010945 0 0
0 0 0.27313 0 0 0 0 0 0 0 0 0 0 0.024147 0.13376 0.23691 -0.039892 0.0087148 -0.00085423 0 0
-0 -0 -0.27811 0 0 0 0 0 0 0 0 0 0 -0.024587 -0.13619 -0.24123 0.036872 -0.018104 0.0064632 0 0
0 0 0.22346 0 0 0 0 0 0 0 0 0 0 0.019756 0.10943 0.19383 -0.032499 0.0078373 -0.0011124 0 0
-0 -0 -0.17481 0 0 0 0 0 0 0 0 0 0 -0.015455 -0.085607 -0.15163 0.023804 -0.010365 0.0034259 0 0
-0 -0 -0.17364 0 0 0 0 0 0 0 0 0 0 -0.015351 -0.085034 -0.15061 0.023651 -0.010284 0.0033957 0 0
0 0 0.10318 0 0 0 0 0 0 0 0 0 0 0.009122 0.050529 0.089496 -0.014799 0.004399 -0.0009752 0 0
0 0 0.16367 0 0 0 0 0 0 0 0 0 0 0.01447 0.080154 0.14197 -0.023655 0.006359 -0.0011791 0 0
0 0 0.15581 0 0 0 0 0 0 0 0 0 0 0.013775 0.076301 0.13514 -0.022498 0.0061304 -0.001168 0 0
0 0 0.10735 0 0 0 0 0 0 0 0 0 0 0.0094907 0.052571 0.093113 -0.015406 0.0045489 -0.00099801 0 0
-0 -0 -0.13387 0 0 0 0 0 0 0 0 0 0 -0.011835 -0.065558 -0.11612 0.018402 -0.0076212 0.0024272 0 0
-0 -0 -0.16282 0 0 0 0 0 0 0 0 0 0 -0.014395 -0.079738 -0.14123 0.022235 -0.0095426 0.0031214 0 0
0 0 0.08827 0 0 0 0 0 0 0 0 0 0 0.0078039 0.043227 0.076564 -0.012635 0.003845 -0.00088307 0 0
-0 -0 -0.21811 0 0 0 0 0 0 0 0 0 0 -0.019283 -0.10681 -0.18919 0.029385 -0.01347 0.00461 0 0
0 0 0.080404 0 0 0 0 0 0 0 0 0 0 0.0071085 0.039376 0.069742 -0.011496 0.0035415 -0.0008278 0 0
0 0 0.074589 0 0 0 0 0 0 0 0 0 0 0.0065943 0.036527 0.064697 -0.010655 0.0033122 -0.00078398 0 0
0 0 0.10179 0 0 0 0 0 0 0 0 0 0 0.0089988 0.049847 0.088288 -0.014597 0.0043484 -0.00096729 0 0
0 0 0.13629 0 0 0 0 0 0 0 0 0 0 0.012049 0.066742 0.11821 -0.019633 0.0055291 -0.0011206 0 0
0 0 0.11131 0 0 0 0 0 0 0 0 0 0 0.0098411 0.054512 0.096552 -0.015984 0.0046895 -0.0010185 0 0
-0 -0 -0.20946 0 0 0 0 0 0 0 0 0 0 -0.018518 -0.10258 -0.18168 0.028281 -0.012833 0.0043629 0 0
0 0 0.19928 0 0 0 0 0 0 0 0 0 0 0.017618 0.097591 0.17285 -0.028913 0.0072947 -0.0011715 0 0
-0 -0 -0.18542 0 0 0 0 0 0 0 0 0 0 -0.016393 -0.090805 -0.16083 0.025185 -0.011107 0.0037041 0 0
0 0 0.0043153 0 0 0 0 0 0 0 0 0 0 0.00038151 0.0021133 0.003743 -0.0006096 0.0002102 -5.6543e-05 0 0
0 0 0.31601 0 0 0 0 0 0 0 0 0 0 0.027938 0.15476 0.2741 -0.046294 0.0092145 -0.00048389 0 0
0 0 0.087669 0 0 0 0 0 0 0 0 0 0 0.0077508 0.042933 0.076043 -0.012548 0.0038221 -0.00087901 0 0
-0 -0 -0.1047 0 0 0 0 0 0 0 0 0 0 -0.0092564 -0.051273 -0.090815 0.014484 -0.005782 0.0017882 0 0
0 0 0.27458 0 0 0 0 0 0 0 0 0 0 0.024275 0.13447 0.23817 -0.040108 0.0087356 -0.00084394 0 0
-0 -0 -0.26813 0 0 0 0 0 0 0 0 0 0 -0.023706 -0.13131 -0.23258 0.035648 -0.017308 0.0061383 0 0
0 0 0.29716 0 0 0 0 0 0 0 0 0 0 0.026271 0.14552 0.25775 -0.043478 0.0090243 -0.00066352 0 0
0 0 0.12468 0 0 0 0 0 0 0 0 0 0 0.011023 0.061058 0.10815 -0.017934 0.0051487 -0.0010789 0 0
0 0 0.0069461 0 0 0 0 0 0 0 0 0 0 0.0006141 0.0034016 0.006025 -0.00098168 0.00033724 -9.0342e-05 0 0
-0 -0 -0.13008 0 0 0 0 0 0 0 0 0 0 -0.011501 -0.063705 -0.11283 0.017897 -0.0073771 0.0023409 0 0
-0 -0 -0.011305 0 0 0 0 0 0 0 0 0 0 -0.00099943 -0.0055361 -0.0098055 0.0015926 -0.00056135 0.00015461 0 0
-0 -0 -0.2519 0 0 0 0 0 0 0 0 0 0 -0.02227 -0.12336 -0.2185 0.033638 -0.016033 0.0056237 0 0
0 0 0.065633 0 0 0 0 0 0 0 0 0 0 0.0058025 0.032142 0.056929 -0.0093634 0.0029508 -0.00071159 0 0
0 0 0.0046952 0 0 0 0 0 0 0 0 0 0 0.0004151 0.0022993 0.0040725 -0.00066331 0.00022859 -6.1455e-05 0 0
-0 -0 -0.31 0 0 0 0 0 0 0 0 0 0 -0.027406 -0.15181 -0.26889 0.040727 -0.020719 0.0075468 0 0
0 0 0.057351 0 0 0 0 0 0 0 0 0 0 0.0050703 0.028086 0.049745 -0.0081717 0.0026077 -0.00063936 0 0
0 0 0.33238 0 0 0 0 0 0 0 0 0 0 0.029386 0.16277 0.28831 -0.04874 0.0093421 -0.00030659 0 0
-0 -0 -0.26171 0 0 0 0 0 0 0 0 0 0 -0.023138 -0.12817 -0.22701 0.034855 -0.0168 0.0059325 0 0
-0 -0 -0.20497 0 0 0 0 0 0 0 0 0 0 -0.018121 -0.10038 -0.17779 0.027706 -0.012506 0.0042368 0 0
0 0 0.20402 0 0 0 0 0 0 0 0 0 0 0.018037 0.099911 0.17696 -0.029615 0.0074069 -0.0011633 0 0
0 0 0.3294 0 0 0 0 0 0 0 0 0 0 0.029122 0.16131 0.28571 -0.048294 0.0093214 -0.00034041 0 0
0 0 0.21365 0 0 0 0 0 0 0 0 0 0 0.018888 0.10463 0.18531 -0.031043 0.0076262 -0.0011416 0 0
-0 -0 -0.32995 0 0 0 0 0 0 0 0 0 0 -0.02917 -0.16158 -0.28619 0.043093 -0.022408 0.0082589 0 0
0 0 0.026187 0 0 0 0 0 0 0 0 0 0 0.0023152 0.012824 0.022714 -0.0037129 0.0012407 -0.00032205 0 0
-0 -0 -0.32547 0 0 0 0 0 0 0 0 0 0 -0.028775 -0.15939 -0.28231 0.042566 -0.022026 0.008097 0 0
-0 -0 -0.024487 0 0 0 0 0 0 0 0 0 0 -0.0021649 -0.011992 -0.021239 0.0034415 -0.0012354 0.00034672 0 0
0 0 0.20135 0 0 0 0 0 0 0 0 0 0 0.017801 0.098606 0.17465 -0.029221 0.0073442 -0.0011681 0 0
0 0 0.294 0 0 0 0 0 0 0 0 0 0 0.025992 0.14398 0.25501 -0.043006 0.0089879 -0.00069104 0 0
-0 -0 -0.20674 0 0 0 0 0 0 0 0 0 0 -0.018278 -0.10125 -0.17933 0.027934 -0.012635 0.0042866 0 0
0 0 0.12624 0 0 0 0 0 0 0 0 0 0 0.011161 0.061822 0.1095 -0.018162 0.0052008 -0.0010851 0 0
0 0 0.04956 0 0 0 0 0 0 0 0 0 0 0.0043816 0.024271 0.042988 -0.0070531 0.0022772 -0.00056677 0 0
-0 -0 -0.15441 0 0 0 0 0 0 0 0 0 0 -0.013651 -0.075619 -0.13394 0.021128 -0.0089747 0.0029136 0 0
