-0 -0 -0 0.18428 0 0 0 0 -0 -0 0 0.17342 -0.060163 0.016292 0 0
0 0 0 0.19326 0 0 0 0 -0 -0 0 0.18187 -0.063095 0.017086 0 0
-0 -0 -0 0.15858 0 0 0 0 -0 -0 0 0.14923 -0.051772 0.01402 0 0
-0 -0 -0 0.16252 0 0 0 0 -0 -0 0 0.15294 -0.053059 0.014368 0 0
0 0 0 0.10418 0 0 0 0 -0 -0 0 0.098043 -0.034014 0.0092107 0 0
0 0 0 0.15878 0 0 0 0 -0 -0 0 0.14942 -0.051838 0.014037 0 0
0 0 0 0.19086 0 0 0 0 -0 -0 0 0.17961 -0.062313 0.016874 0 0
-0 -0 -0 0.01821 0 0 0 0 -0 -0 0 0.017136 -0.0059451 0.0016099 0 0
0 0 0 0.11735 0 0 0 0 -0 -0 0 0.11043 -0.038313 0.010375 0 0
-0 -0 -0 0.16557 0 0 0 0 -0 -0 0 0.15581 -0.054054 0.014637 0 0
-0 -0 -0 0.050669 0 0 0 0 -0 -0 0 0.047683 -0.016542 0.0044796 0 0
0 0 0 0.10696 0 0 0 0 -0 -0 0 0.10066 -0.034921 0.0094564 0 0
-0 -0 -0 0.065234 0 0 0 0 -0 -0 0 0.061389 -0.021297 0.0057672 0 0
-0 -0 -0 0.013137 0 0 0 0 -0 -0 0 0.012363 -0.004289 0.0011614 0 0
-0 -0 -0 0.15656 0 0 0 0 -0 -0 0 0.14733 -0.051114 0.013841 0 0
-0 -0 -0 0.078931 0 0 0 0 -0 -0 0 0.074279 -0.025769 0.0069782 0 0
-0 -0 -0 0.019837 0 0 0 0 -0 -0 0 0.018668 -0.0064763 0.0017538 0 0
-0 -0 -0 0.0097953 0 0 0 0 -0 -0 0 0.009218 -0.003198 0.00086599 0 0
-0 -0 -0 0.15422 0 0 0 0 -0 -0 0 0.14513 -0.050349 0.013634 0 0
0 0 0 0.005453 0 0 0 0 -0 -0 0 0.0051316 -0.0017803 0.00048209 0 0
-0 -0 -0 0.11527 0 0 0 0 -0 -0 0 0.10848 -0.037634 0.010191 0 0
0 0 0 0.11674 0 0 0 0 -0 -0 0 0.10986 -0.038114 0.010321 0 0
0 0 0 0.05486 0 0 0 0 -0 -0 0 0.051626 -0.017911 0.0048501 0 0
0 0 0 0.045245 0 0 0 0 -0 -0 0 0.042579 -0.014772 0.0040001 0 0
-0 -0 -0 0.10191 0 0 0 0 -0 -0 0 0.095902 -0.033271 0.0090096 0 0
-0 -0 -0 0.1898 0 0 0 0 -0 -0 0 0.17861 -0.061965 0.01678 0 0
-0 -0 -0 0.026616 0 0 0 0 -0 -0 0 0.025047 -0.0086896 0.0023531 0 0
-0 -0 -0 0.15357 0 0 0 0 -0 -0 0 0.14452 -0.050138 0.013577 0 0
0 0 0 0.14779 0 0 0 0 -0 -0 0 0.13908 -0.048249 0.013066 0 0
0 0 0 0.0054545 0 0 0 0 -0 -0 0 0.005133 -0.0017808 0.00048222 0 0
0 0 0 0.018281 0 0 0 0 -0 -0 0 0.017204 -0.0059685 0.0016162 0 0
-0 -0 -0 0.00022389 0 0 0 0 -0 -0 0 0.00021069 -7.3095e-05 1.9794e-05 0 0
-0 -0 -0 0.046272 0 0 0 0 -0 -0 0 0.043545 -0.015107 0.0040909 0 0
0 0 0 0.0076174 0 0 0 0 -0 -0 0 0.0071684 -0.0024869 0.00067344 0 0
0 0 0 0.18091 0 0 0 0 -0 -0 0 0.17025 -0.059065 0.015994 0 0
0 0 0 0.12598 0 0 0 0 -0 -0 0 0.11856 -0.041131 0.011138 0 0
-0 -0 -0 0.15042 0 0 0 0 -0 -0 0 0.14155 -0.049109 0.013298 0 0
0 0 0 0.0025636 0 0 0 0 -0 -0 0 0.0024125 -0.00083695 0.00022664 0 0
0 0 0 0.1023 0 0 0 0 -0 -0 0 0.096274 -0.0334 0.0090446 0 0
-0 -0 -0 0.018581 0 0 0 0 -0 -0 0 0.017486 -0.0060664 0.0016428 0 0
0 0 0 0.15776 0 0 0 0 -0 -0 0 0.14846 -0.051504 0.013947 0 0
-0 -0 -0 0.054519 0 0 0 0 -0 -0 0 0.051306 -0.017799 0.00482 0 0
-0 -0 -0 0.058021 0 0 0 0 -0 -0 0 0.054601 -0.018943 0.0051296 0 0
0 0 0 0.12629 0 0 0 0 -0 -0 0 0.11885 -0.041231 0.011165 0 0
-0 -0 -0 0.094325 0 0 0 0 -0 -0 0 0.088766 -0.030795 0.0083392 0 0
-0 -0 -0 0.1742 0 0 0 0 -0 -0 0 0.16393 -0.056873 0.015401 0 0
0 0 0 0.090534 0 0 0 0 -0 -0 0 0.085198 -0.029557 0.008004 0 0
-0 -0 -0 0.15931 0 0 0 0 -0 -0 0 0.14992 -0.05201 0.014084 0 0
0 0 0 0.053018 0 0 0 0 -0 -0 0 0.049893 -0.017309 0.0046873 0 0
-0 -0 -0 0.027676 0 0 0 0 -0 -0 0 0.026045 -0.0090356 0.0024468 0 0
0 0 0 0.1278 0 0 0 0 -0 -0 0 0.12027 -0.041723 0.011298 0 0
-0 -0 -0 0.022313 0 0 0 0 -0 -0 0 0.020998 -0.0072847 0.0019727 0 0
0 0 0 0.17657 0 0 0 0 -0 -0 0 0.16617 -0.057648 0.015611 0 0
-0 -0 -0 0.18065 0 0 0 0 -0 -0 0 0.17001 -0.05898 0.015972 0 0
0 0 0 0.055086 0 0 0 0 -0 -0 0 0.05184 -0.017985 0.0048701 0 0
0 0 0 0.0019391 0 0 0 0 -0 -0 0 0.0018248 -0.00063308 0.00017144 0 0
0 0 0 0.14724 0 0 0 0 -0 -0 0 0.13856 -0.04807 0.013017 0 0
0 0 0 0.14118 0 0 0 0 -0 -0 0 0.13286 -0.046092 0.012482 0 0
-0 -0 -0 0.060264 0 0 0 0 -0 -0 0 0.056712 -0.019675 0.0053278 0 0
0 0 0 0.031799 0 0 0 0 -0 -0 0 0.029925 -0.010382 0.0028113 0 0
0 0 0 0.040864 0 0 0 0 -0 -0 0 0.038456 -0.013341 0.0036128 0 0
-0 -0 -0 0.078603 0 0 0 0 -0 -0 0 0.07397 -0.025662 0.0069492 0 0
0 0 0 0.034298 0 0 0 0 -0 -0 0 0.032276 -0.011198 0.0030322 0 0
0 0 0 0.071537 0 0 0 0 -0 -0 0 0.067321 -0.023355 0.0063245 0 0
-0 -0 -0 0.14836 0 0 0 0 -0 -0 0 0.13962 -0.048438 0.013117 0 0
0 0 0 0.18924 0 0 0 0 -0 -0 0 0.17809 -0.061783 0.016731 0 0
0 0 0 0.16576 0 0 0 0 -0 -0 0 0.15599 -0.054118 0.014655 0 0
0 0 0 0.12423 0 0 0 0 -0 -0 0 0.11691 -0.040558 0.010983 0 0
-0 -0 -0 0.14452 0 0 0 0 -0 -0 0 0.136 -0.047182 0.012777 0 0
-0 -0 -0 0.076484 0 0 0 0 -0 -0 0 0.071976 -0.02497 0.0067619 0 0
-0 -0 -0 0.11866 0 0 0 0 -0 -0 0 0.11167 -0.038741 0.010491 0 0
-0 -0 -0 0.10828 0 0 0 0 -0 -0 0 0.1019 -0.035352 0.0095732 0 0
-0 -0 -0 0.029612 0 0 0 0 -0 -0 0 0.027866 -0.0096676 0.0026179 0 0
0 0 0 0.0039009 0 0 0 0 -0 -0 0 0.003671 -0.0012736 0.00034488 0 0
0 0 0 0.15843 0 0 0 0 -0 -0 0 0.14909 -0.051724 0.014007 0 0
0 0 0 0.15957 0 0 0 0 -0 -0 0 0.15017 -0.052097 0.014108 0 0
0 0 0 0.15825 0 0 0 0 -0 -0 0 0.14892 -0.051666 0.013991 0 0
0 0 0 0.10103 0 0 0 0 -0 -0 0 0.095079 -0.032985 0.0089323 0 0
0 0 0 0.18195 0 0 0 0 -0 -0 0 0.17123 -0.059403 0.016086 0 0
-0 -0 -0 0.19076 0 0 0 0 -0 -0 0 0.17952 -0.062279 0.016865 0 0
-0 -0 -0 0.0093098 0 0 0 0 -0 -0 0 0.0087611 -0.0030395 0.00082307 0 0
-0 -0 -0 0.076419 0 0 0 0 -0 -0 0 0.071915 -0.024949 0.0067562 0 0
0 0 0 0.074254 0 0 0 0 -0 -0 0 0.069877 -0.024242 0.0065647 0 0
0 0 0 0.02744 0 0 0 0 -0 -0 0 0.025822 -0.0089584 0.0024259 0 0
-0 -0 -0 0.13767 0 0 0 0 -0 -0 0 0.12956 -0.044948 0.012172 0 0
-0 -0 -0 0.10557 0 0 0 0 -0 -0 0 0.099352 -0.034468 0.0093337 0 0
0 0 0 0.11058 0 0 0 0 -0 -0 0 0.10406 -0.036101 0.0097761 0 0
0 0 0 0.010565 0 0 0 0 -0 -0 0 0.0099422 -0.0034492 0.00093403 0 0
0 0 0 0.027775 0 0 0 0 -0 -0 0 0.026138 -0.0090679 0.0024555 0 0
-0 -0 -0 0.19316 0 0 0 0 -0 -0 0 0.18177 -0.063061 0.017077 0 0
-0 -0 -0 0.023456 0 0 0 0 -0 -0 0 0.022073 -0.0076578 0.0020737 0 0
-0 -0 -0 0.053483 0 0 0 0 -0 -0 0 0.050331 -0.017461 0.0047284 0 0
0 0 0 0.0089805 0 0 0 0 -0 -0 0 0.0084512 -0.0029319 0.00079396 0 0
-0 -0 -0 0.17313 0 0 0 0 -0 -0 0 0.16292 -0.056523 0.015306 0 0
0 0 0 0.084662 0 0 0 0 -0 -0 0 0.079672 -0.02764 0.0074849 0 0
0 0 0 0.063753 0 0 0 0 -0 -0 0 0.059995 -0.020814 0.0056363 0 0
0 0 0 0.14367 0 0 0 0 -0 -0 0 0.1352 -0.046905 0.012702 0 0
0 0 0 0.15347 0 0 0 0 -0 -0 0 0.14443 -0.050106 0.013569 0 0
0 0 0 0.16176 0 0 0 0 -0 -0 0 0.15222 -0.05281 0.014301 0 0
-0 -0 -0 0.10746 0 0 0 0 -0 -0 0 0.10112 -0.035082 0.0095 0 0
