0 0 0 0.061837 0 0 0 0 0 0 0 0.060918 -0.010253 0.0027545 0 0
0 0 0 0.13244 0 0 0 0 0 0 0 0.13048 -0.02196 0.0058996 0 0
0 0 0 0.12418 0 0 0 0 0 0 0 0.12233 -0.020589 0.0055313 0 0
-0 -0 -0 0.12107 0 0 0 0 0 0 0 0.11927 -0.020073 0.0053928 0 0
0 0 0 0.16752 0 0 0 0 0 0 0 0.16503 -0.027776 0.0074621 0 0
0 0 0 0.16912 0 0 0 0 0 0 0 0.16661 -0.028041 0.0075334 0 0
0 0 0 0.16098 0 0 0 0 0 0 0 0.15859 -0.026692 0.007171 0 0
0 0 0 0.14992 0 0 0 0 0 0 0 0.14769 -0.024857 0.006678 0 0
-0 -0 -0 0.1884 0 0 0 0 0 0 0 0.1856 -0.031238 0.0083922 0 0
0 0 0 0.19996 0 0 0 0 0 0 0 0.19699 -0.033155 0.0089073 0 0
0 0 0 0.12346 0 0 0 0 0 0 0 0.12163 -0.020471 0.0054997 0 0
-0 -0 -0 0.18034 0 0 0 0 0 0 0 0.17767 -0.029902 0.0080333 0 0
0 0 0 0.12534 0 0 0 0 0 0 0 0.12348 -0.020782 0.0055831 0 0
0 0 0 0.1127 0 0 0 0 0 0 0 0.11103 -0.018686 0.0050201 0 0
-0 -0 -0 0.11839 0 0 0 0 0 0 0 0.11663 -0.019629 0.0052735 0 0
-0 -0 -0 0.077375 0 0 0 0 0 0 0 0.076226 -0.012829 0.0034466 0 0
-0 -0 -0 0.03563 0 0 0 0 0 0 0 0.035101 -0.0059076 0.0015871 0 0
-0 -0 -0 0.088249 0 0 0 0 0 0 0 0.086939 -0.014632 0.003931 0 0
-0 -0 -0 0.096321 0 0 0 0 0 0 0 0.094891 -0.015971 0.0042906 0 0
-0 -0 -0 0.092194 0 0 0 0 0 0 0 0.090825 -0.015286 0.0041067 0 0
0 0 0 0.09293 0 0 0 0 0 0 0 0.09155 -0.015408 0.0041395 0 0
-0 -0 -0 0.16912 0 0 0 0 0 0 0 0.16661 -0.028041 0.0075333 0 0
-0 -0 -0 0.10441 0 0 0 0 0 0 0 0.10286 -0.017311 0.0046508 0 0
0 0 0 0.066572 0 0 0 0 0 0 0 0.065583 -0.011038 0.0029654 0 0
0 0 0 0.012922 0 0 0 0 0 0 0 0.01273 -0.0021426 0.00057562 0 0
-0 -0 -0 0.17116 0 0 0 0 0 0 0 0.16862 -0.028379 0.0076241 0 0
0 0 0 0.065018 0 0 0 0 0 0 0 0.064053 -0.01078 0.0028962 0 0
-0 -0 -0 0.18629 0 0 0 0 0 0 0 0.18352 -0.030887 0.008298 0 0
0 0 0 0.15363 0 0 0 0 0 0 0 0.15134 -0.025472 0.0068432 0 0
-0 -0 -0 0.17411 0 0 0 0 0 0 0 0.17153 -0.028869 0.0077558 0 0
0 0 0 0.097817 0 0 0 0 0 0 0 0.096365 -0.016219 0.0043572 0 0
-0 -0 -0 0.096857 0 0 0 0 0 0 0 0.095419 -0.016059 0.0043144 0 0
-0 -0 -0 0.068099 0 0 0 0 0 0 0 0.067088 -0.011291 0.0030334 0 0
0 0 0 0.011114 0 0 0 0 0 0 0 0.010949 -0.0018428 0.00049508 0 0
-0 -0 -0 0.093586 0 0 0 0 0 0 0 0.092196 -0.015517 0.0041687 0 0
-0 -0 -0 0.11337 0 0 0 0 0 0 0 0.11169 -0.018798 0.0050501 0 0
0 0 0 0.00195 0 0 0 0 0 0 0 0.0019211 -0.00032333 8.6863e-05 0 0
0 0 0 0.11841 0 0 0 0 0 0 0 0.11666 -0.019634 0.0052747 0 0
-0 -0 -0 0.08959 0 0 0 0 0 0 0 0.08826 -0.014855 0.0039907 0 0
-0 -0 -0 0.067183 0 0 0 0 0 0 0 0.066185 -0.011139 0.0029926 0 0
-0 -0 -0 0.16462 0 0 0 0 0 0 0 0.16217 -0.027294 0.0073327 0 0
-0 -0 -0 0.16869 0 0 0 0 0 0 0 0.16619 -0.02797 0.0075142 0 0
-0 -0 -0 0.17275 0 0 0 0 0 0 0 0.17018 -0.028643 0.007695 0 0
0 0 0 0.1606 0 0 0 0 0 0 0 0.15821 -0.026628 0.0071538 0 0
0 0 0 0.19929 0 0 0 0 0 0 0 0.19633 -0.033043 0.0088772 0 0
0 0 0 0.077154 0 0 0 0 0 0 0 0.076008 -0.012793 0.0034368 0 0
0 0 0 0.043929 0 0 0 0 0 0 0 0.043277 -0.0072838 0.0019568 0 0
0 0 0 0.075363 0 0 0 0 0 0 0 0.074244 -0.012496 0.003357 0 0
-0 -0 -0 0.17386 0 0 0 0 0 0 0 0.17128 -0.028828 0.0077447 0 0
0 0 0 0.064591 0 0 0 0 0 0 0 0.063632 -0.01071 0.0028772 0 0
0 0 0 0.12311 0 0 0 0 0 0 0 0.12128 -0.020413 0.005484 0 0
0 0 0 0.18854 0 0 0 0 0 0 0 0.18574 -0.03126 0.0083982 0 0
0 0 0 0.0032728 0 0 0 0 0 0 0 0.0032242 -0.00054266 0.00014579 0 0
-0 -0 -0 0.16553 0 0 0 0 0 0 0 0.16307 -0.027446 0.0073735 0 0
-0 -0 -0 0.17036 0 0 0 0 0 0 0 0.16783 -0.028247 0.0075887 0 0
0 0 0 0.10275 0 0 0 0 0 0 0 0.10122 -0.017037 0.004577 0 0
0 0 0 0.11793 0 0 0 0 0 0 0 0.11618 -0.019554 0.0052533 0 0
-0 -0 -0 0.12239 0 0 0 0 0 0 0 0.12057 -0.020292 0.0054516 0 0
-0 -0 -0 0.11697 0 0 0 0 0 0 0 0.11524 -0.019395 0.0052105 0 0
-0 -0 -0 0.048706 0 0 0 0 0 0 0 0.047983 -0.0080757 0.0021696 0 0
0 0 0 0.070279 0 0 0 0 0 0 0 0.069236 -0.011653 0.0031305 0 0
0 0 0 0.0077064 0 0 0 0 0 0 0 0.007592 -0.0012778 0.00034328 0 0
0 0 0 0.18054 0 0 0 0 0 0 0 0.17786 -0.029935 0.008042 0 0
-0 -0 -0 0.10128 0 0 0 0 0 0 0 0.099778 -0.016793 0.0045116 0 0
-0 -0 -0 0.035817 0 0 0 0 0 0 0 0.035285 -0.0059386 0.0015954 0 0
0 0 0 0.021713 0 0 0 0 0 0 0 0.021391 -0.0036001 0.00096719 0 0
0 0 0 0.18805 0 0 0 0 0 0 0 0.18525 -0.031179 0.0083764 0 0
-0 -0 -0 0.051179 0 0 0 0 0 0 0 0.050419 -0.0084858 0.0022797 0 0
0 0 0 0.12967 0 0 0 0 0 0 0 0.12775 -0.0215 0.0057762 0 0
-0 -0 -0 0.037279 0 0 0 0 0 0 0 0.036725 -0.0061811 0.0016606 0 0
0 0 0 0.0081351 0 0 0 0 0 0 0 0.0080143 -0.0013489 0.00036237 0 0
0 0 0 0.15629 0 0 0 0 0 0 0 0.15397 -0.025914 0.0069618 0 0
-0 -0 -0 0.082312 0 0 0 0 0 0 0 0.08109 -0.013648 0.0036665 0 0
0 0 0 0.0051614 0 0 0 0 0 0 0 0.0050847 -0.00085579 0.00022991 0 0
-0 -0 -0 0.10427 0 0 0 0 0 0 0 0.10272 -0.017288 0.0046445 0 0
-0 -0 -0 0.023416 0 0 0 0 0 0 0 0.023068 -0.0038825 0.001043 0 0
0 0 0 0.094633 0 0 0 0 0 0 0 0.093228 -0.015691 0.0042154 0 0
0 0 0 0.042554 0 0 0 0 0 0 0 0.041923 -0.0070558 0.0018956 0 0
-0 -0 -0 0.18237 0 0 0 0 0 0 0 0.17966 -0.030238 0.0081236 0 0
0 0 0 0.036326 0 0 0 0 0 0 0 0.035787 -0.0060231 0.0016181 0 0
-0 -0 -0 0.057527 0 0 0 0 0 0 0 0.056673 -0.0095383 0.0025625 0 0
-0 -0 -0 0.050195 0 0 0 0 0 0 0 0.04945 -0.0083226 0.0022359 0 0
-0 -0 -0 0.025449 0 0 0 0 0 0 0 0.025071 -0.0042196 0.0011336 0 0
0 0 0 0.15885 0 0 0 0 0 0 0 0.15649 -0.026338 0.0070758 0 0
0 0 0 0.074645 0 0 0 0 0 0 0 0.073537 -0.012377 0.003325 0 0
0 0 0 0.10235 0 0 0 0 0 0 0 0.10083 -0.01697 0.0045591 0 0
0 0 0 0.19091 0 0 0 0 0 0 0 0.18807 -0.031654 0.008504 0 0
-0 -0 -0 0.031121 0 0 0 0 0 0 0 0.030658 -0.00516 0.0013862 0 0
0 0 0 0.14604 0 0 0 0 0 0 0 0.14387 -0.024214 0.0065052 0 0
0 0 0 0.040683 0 0 0 0 0 0 0 0.040079 -0.0067455 0.0018122 0 0
0 0 0 0.12244 0 0 0 0 0 0 0 0.12062 -0.020302 0.0054541 0 0
0 0 0 0.079721 0 0 0 0 0 0 0 0.078537 -0.013218 0.0035511 0 0
-0 -0 -0 0.11753 0 0 0 0 0 0 0 0.11579 -0.019488 0.0052355 0 0
-0 -0 -0 0.052459 0 0 0 0 0 0 0 0.05168 -0.0086981 0.0023368 0 0
-0 -0 -0 0.064445 0 0 0 0 0 0 0 0.063488 -0.010685 0.0028707 0 0
-0 -0 -0 0.18037 0 0 0 0 0 0 0 0.17769 -0.029907 0.0080346 0 0
0 0 0 0.15143 0 0 0 0 0 0 0 0.14918 -0.025108 0.0067453 0 0
0 0 0 0.16394 0 0 0 0 0 0 0 0.1615 -0.027182 0.0073025 0 0
0 0 0 0.061156 0 0 0 0 0 0 0 0.060248 -0.01014 0.0027242 0 0
0 0 0 0.058026 0 0 0 0 0 0 0 0.057164 -0.009621 0.0025847 0 0
