0 0 0 0.15401 0 0 0 0 -0 -0 0 0.14493 -0.050282 0.013616 0 0
-0 -0 -0 0.10722 0 0 0 0 -0 -0 0 0.1009 -0.035006 0.0094796 0 0
0 0 0 0.15471 0 0 0 0 -0 -0 0 0.14559 -0.050508 0.013677 0 0
0 0 0 0.030154 0 0 0 0 -0 -0 0 0.028376 -0.0098446 0.0026659 0 0
0 0 0 0.1771 0 0 0 0 -0 -0 0 0.16666 -0.05782 0.015657 0 0
-0 -0 -0 0.010794 0 0 0 0 -0 -0 0 0.010158 -0.0035239 0.00095426 0 0
-0 -0 -0 0.055964 0 0 0 0 -0 -0 0 0.052665 -0.018271 0.0049477 0 0
0 0 0 0.15078 0 0 0 0 -0 -0 0 0.14189 -0.049225 0.01333 0 0
0 0 0 0.045212 0 0 0 0 -0 -0 0 0.042547 -0.014761 0.0039972 0 0
-0 -0 -0 0.026268 0 0 0 0 -0 -0 0 0.02472 -0.008576 0.0023223 0 0
-0 -0 -0 0.054624 0 0 0 0 -0 -0 0 0.051405 -0.017834 0.0048293 0 0
-0 -0 -0 0.039959 0 0 0 0 -0 -0 0 0.037604 -0.013046 0.0035328 0 0
0 0 0 0.087887 0 0 0 0 -0 -0 0 0.082707 -0.028693 0.00777 0 0
0 0 0 0.031859 0 0 0 0 -0 -0 0 0.029981 -0.010401 0.0028166 0 0
-0 -0 -0 0.057581 0 0 0 0 -0 -0 0 0.054187 -0.018799 0.0050907 0 0
0 0 0 0.018027 0 0 0 0 -0 -0 0 0.016965 -0.0058854 0.0015938 0 0
-0 -0 -0 0.16941 0 0 0 0 -0 -0 0 0.15942 -0.055307 0.014977 0 0
0 0 0 0.15492 0 0 0 0 -0 -0 0 0.14578 -0.050577 0.013696 0 0
0 0 0 0.18208 0 0 0 0 -0 -0 0 0.17135 -0.059447 0.016098 0 0
0 0 0 0.17029 0 0 0 0 -0 -0 0 0.16026 -0.055597 0.015055 0 0
-0 -0 -0 0.096465 0 0 0 0 -0 -0 0 0.090779 -0.031494 0.0085283 0 0
0 0 0 0.18685 0 0 0 0 -0 -0 0 0.17584 -0.061004 0.01652 0 0
-0 -0 -0 0.071173 0 0 0 0 -0 -0 0 0.066978 -0.023237 0.0062923 0 0
-0 -0 -0 0.11526 0 0 0 0 -0 -0 0 0.10847 -0.037631 0.01019 0 0
0 0 0 0.076009 0 0 0 0 -0 -0 0 0.071529 -0.024815 0.0067198 0 0
-0 -0 -0 0.066554 0 0 0 0 -0 -0 0 0.062632 -0.021729 0.005884 0 0
-0 -0 -0 0.034676 0 0 0 0 -0 -0 0 0.032633 -0.011321 0.0030657 0 0
0 0 0 0.033333 0 0 0 0 -0 -0 0 0.031368 -0.010883 0.0029469 0 0
0 0 0 0.023927 0 0 0 0 -0 -0 0 0.022516 -0.0078116 0.0021153 0 0
0 0 0 0.17924 0 0 0 0 -0 -0 0 0.16868 -0.058518 0.015846 0 0
-0 -0 -0 0.051836 0 0 0 0 -0 -0 0 0.048781 -0.016923 0.0045828 0 0
0 0 0 0.17684 0 0 0 0 -0 -0 0 0.16641 -0.057733 0.015634 0 0
0 0 0 0.12636 0 0 0 0 -0 -0 0 0.11891 -0.041253 0.011171 0 0
0 0 0 0.16552 0 0 0 0 -0 -0 0 0.15577 -0.05404 0.014634 0 0
-0 -0 -0 0.10292 0 0 0 0 -0 -0 0 0.096853 -0.033601 0.0090989 0 0
0 0 0 0.12653 0 0 0 0 -0 -0 0 0.11907 -0.041309 0.011186 0 0
0 0 0 0.17132 0 0 0 0 -0 -0 0 0.16122 -0.055931 0.015146 0 0
0 0 0 0.14906 0 0 0 0 -0 -0 0 0.14027 -0.048664 0.013178 0 0
-0 -0 -0 0.14086 0 0 0 0 -0 -0 0 0.13256 -0.045988 0.012453 0 0
-0 -0 -0 0.0096489 0 0 0 0 -0 -0 0 0.0090802 -0.0031502 0.00085305 0 0
-0 -0 -0 0.013305 0 0 0 0 -0 -0 0 0.012521 -0.0043438 0.0011763 0 0
0 0 0 0.14969 0 0 0 0 -0 -0 0 0.14087 -0.048872 0.013234 0 0
-0 -0 -0 0.05069 0 0 0 0 -0 -0 0 0.047703 -0.016549 0.0044815 0 0
-0 -0 -0 0.063903 0 0 0 0 -0 -0 0 0.060137 -0.020863 0.0056496 0 0
-0 -0 -0 0.12126 0 0 0 0 -0 -0 0 0.11411 -0.039587 0.01072 0 0
-0 -0 -0 0.14174 0 0 0 0 -0 -0 0 0.13339 -0.046276 0.012531 0 0
-0 -0 -0 0.05124 0 0 0 0 -0 -0 0 0.04822 -0.016729 0.0045301 0 0
0 0 0 0.0017692 0 0 0 0 -0 -0 0 0.0016649 -0.00057761 0.00015641 0 0
0 0 0 0.053294 0 0 0 0 -0 -0 0 0.050153 -0.017399 0.0047117 0 0
0 0 0 0.14765 0 0 0 0 -0 -0 0 0.13894 -0.048203 0.013053 0 0
0 0 0 0.14938 0 0 0 0 -0 -0 0 0.14057 -0.048768 0.013206 0 0
-0 -0 -0 0.039405 0 0 0 0 -0 -0 0 0.037082 -0.012865 0.0034837 0 0
0 0 0 0.12208 0 0 0 0 -0 -0 0 0.11488 -0.039856 0.010793 0 0
-0 -0 -0 0.10681 0 0 0 0 -0 -0 0 0.10052 -0.034872 0.0094432 0 0
-0 -0 -0 0.02216 0 0 0 0 -0 -0 0 0.020854 -0.0072349 0.0019592 0 0
0 0 0 0.19375 0 0 0 0 -0 -0 0 0.18233 -0.063254 0.017129 0 0
0 0 0 0.092781 0 0 0 0 -0 -0 0 0.087312 -0.030291 0.0082027 0 0
0 0 0 0.096201 0 0 0 0 -0 -0 0 0.090531 -0.031408 0.008505 0 0
-0 -0 -0 0.17757 0 0 0 0 -0 -0 0 0.16711 -0.057974 0.015699 0 0
0 0 0 0.19599 0 0 0 0 -0 -0 0 0.18444 -0.063988 0.017328 0 0
0 0 0 0.13171 0 0 0 0 -0 -0 0 0.12395 -0.043001 0.011644 0 0
0 0 0 0.18652 0 0 0 0 -0 -0 0 0.17553 -0.060896 0.01649 0 0
0 0 0 0.15787 0 0 0 0 -0 -0 0 0.14857 -0.051542 0.013957 0 0
-0 -0 -0 0.054469 0 0 0 0 -0 -0 0 0.051259 -0.017783 0.0048156 0 0
0 0 0 0.044783 0 0 0 0 -0 -0 0 0.042143 -0.014621 0.0039592 0 0
-0 -0 -0 0.098946 0 0 0 0 -0 -0 0 0.093115 -0.032304 0.0087478 0 0
-0 -0 -0 0.018811 0 0 0 0 -0 -0 0 0.017702 -0.0061413 0.001663 0 0
-0 -0 -0 0.1145 0 0 0 0 -0 -0 0 0.10775 -0.037382 0.010123 0 0
-0 -0 -0 0.099191 0 0 0 0 -0 -0 0 0.093345 -0.032384 0.0087694 0 0
-0 -0 -0 0.096095 0 0 0 0 -0 -0 0 0.090431 -0.031373 0.0084957 0 0
-0 -0 -0 0.077572 0 0 0 0 -0 -0 0 0.073 -0.025326 0.0068581 0 0
0 0 0 0.027717 0 0 0 0 -0 -0 0 0.026083 -0.009049 0.0024504 0 0
-0 -0 -0 0.11789 0 0 0 0 -0 -0 0 0.11094 -0.038489 0.010423 0 0
0 0 0 0.011663 0 0 0 0 -0 -0 0 0.010976 -0.0038078 0.0010311 0 0
0 0 0 0.006914 0 0 0 0 -0 -0 0 0.0065064 -0.0022573 0.00061126 0 0
0 0 0 0.010944 0 0 0 0 -0 -0 0 0.010299 -0.0035728 0.00096751 0 0
0 0 0 0.061352 0 0 0 0 -0 -0 0 0.057736 -0.02003 0.0054241 0 0
0 0 0 0.1295 0 0 0 0 -0 -0 0 0.12187 -0.042279 0.011449 0 0
-0 -0 -0 0.014088 0 0 0 0 -0 -0 0 0.013258 -0.0045995 0.0012455 0 0
-0 -0 -0 0.18384 0 0 0 0 -0 -0 0 0.173 -0.060019 0.016253 0 0
-0 -0 -0 0.12674 0 0 0 0 -0 -0 0 0.11927 -0.041377 0.011205 0 0
0 0 0 0.011436 0 0 0 0 -0 -0 0 0.010762 -0.0037336 0.001011 0 0
-0 -0 -0 0.15198 0 0 0 0 -0 -0 0 0.14302 -0.049618 0.013436 0 0
0 0 0 0.099541 0 0 0 0 -0 -0 0 0.093674 -0.032498 0.0088004 0 0
0 0 0 0.11709 0 0 0 0 -0 -0 0 0.11019 -0.038227 0.010352 0 0
0 0 0 0.00074137 0 0 0 0 -0 -0 0 0.00069768 -0.00024204 6.5544e-05 0 0
0 0 0 0.023147 0 0 0 0 -0 -0 0 0.021782 -0.0075569 0.0020464 0 0
0 0 0 0.029588 0 0 0 0 -0 -0 0 0.027844 -0.0096597 0.0026158 0 0
-0 -0 -0 0.044195 0 0 0 0 -0 -0 0 0.04159 -0.014429 0.0039072 0 0
0 0 0 0.085514 0 0 0 0 -0 -0 0 0.080474 -0.027918 0.0075602 0 0
0 0 0 0.046005 0 0 0 0 -0 -0 0 0.043293 -0.01502 0.0040672 0 0
-0 -0 -0 0.034197 0 0 0 0 -0 -0 0 0.032181 -0.011165 0.0030233 0 0
0 0 0 0.068718 0 0 0 0 -0 -0 0 0.064667 -0.022435 0.0060752 0 0
0 0 0 0.11316 0 0 0 0 -0 -0 0 0.10649 -0.036943 0.010004 0 0
0 0 0 0.029029 0 0 0 0 -0 -0 0 0.027318 -0.0094773 0.0025664 0 0
0 0 0 0.1295 0 0 0 0 -0 -0 0 0.12187 -0.042279 0.011449 0 0
-0 -0 -0 0.15719 0 0 0 0 -0 -0 0 0.14793 -0.051321 0.013897 0 0
-0 -0 -0 0.12901 0 0 0 0 -0 -0 0 0.1214 -0.042118 0.011405 0 0
-0 -0 -0 0.086957 0 0 0 0 -0 -0 0 0.081831 -0.02839 0.0076877 0 0
0 0 0 0.055696 0 0 0 0 -0 -0 0 0.052413 -0.018183 0.004924 0 0
