0 0 0.32113 0 0 0 0 0 0 0 0 0 0 2.4709e-17 0.16056 0.2781 0 0 0 0 0
-0 -0 -0.13807 0 0 0 0 0 0 0 0 0 0 5.2207e-17 -0.069035 -0.11957 0 0 0 0 0
0 0 0.187 0 0 0 0 0 0 0 0 0 0 2.4428e-17 0.093502 0.16195 0 0 0 0 0
-0 -0 -0.22568 0 0 0 0 0 0 0 0 0 0 5.1611e-17 -0.11284 -0.19544 0 0 0 0 0
-0 -0 -0.32106 0 0 0 0 0 0 0 0 0 0 5.2947e-17 -0.16053 -0.27804 0 0 0 0 0
0 0 0.22265 0 0 0 0 0 0 0 0 0 0 5.16e-17 0.11133 0.19282 0 0 0 0 0
0 0 0.15761 0 0 0 0 0 0 0 0 0 0 5.2258e-17 0.078807 0.1365 0 0 0 0 0
-0 -0 -0.14741 0 0 0 0 0 0 0 0 0 0 2.4374e-17 -0.073705 -0.12766 0 0 0 0 0
-0 -0 -0.24223 0 0 0 0 0 0 0 0 0 0 2.3649e-17 -0.12111 -0.20978 0 0 0 0 0
0 0 0.044802 0 0 0 0 0 0 0 0 0 0 5.1815e-17 0.022401 0.038799 0 0 0 0 0
0 0 0.29068 0 0 0 0 0 0 0 0 0 0 5.2782e-17 0.14534 0.25173 0 0 0 0 0
0 0 0.14639 0 0 0 0 0 0 0 0 0 0 5.2228e-17 0.073196 0.12678 0 0 0 0 0
-0 -0 -0.2563 0 0 0 0 0 0 0 0 0 0 5.1739e-17 -0.12815 -0.22196 0 0 0 0 0
-0 -0 -0.29463 0 0 0 0 0 0 0 0 0 0 5.2802e-17 -0.14732 -0.25516 0 0 0 0 0
-0 -0 -0.19254 0 0 0 0 0 0 0 0 0 0 5.1492e-17 -0.096271 -0.16675 0 0 0 0 0
-0 -0 -0.30244 0 0 0 0 0 0 0 0 0 0 5.2844e-17 -0.15122 -0.26192 0 0 0 0 0
0 0 0.29322 0 0 0 0 0 0 0 0 0 0 5.2795e-17 0.14661 0.25393 0 0 0 0 0
0 0 0.19833 0 0 0 0 0 0 0 0 0 0 5.1511e-17 0.099166 0.17176 0 0 0 0 0
-0 -0 -0.1468 0 0 0 0 0 0 0 0 0 0 5.2229e-17 -0.073402 -0.12714 0 0 0 0 0
0 0 0.32182 0 0 0 0 0 0 0 0 0 0 5.2951e-17 0.16091 0.2787 0 0 0 0 0
0 0 0.071509 0 0 0 0 0 0 0 0 0 0 5.1761e-17 0.035755 0.061929 0 0 0 0 0
-0 -0 -0.31083 0 0 0 0 0 0 0 0 0 0 2.4682e-17 -0.15541 -0.26918 0 0 0 0 0
-0 -0 -0.13515 0 0 0 0 0 0 0 0 0 0 5.22e-17 -0.067577 -0.11705 0 0 0 0 0
0 0 0.22497 0 0 0 0 0 0 0 0 0 0 5.1609e-17 0.11248 0.19483 0 0 0 0 0
-0 -0 -0.34472 0 0 0 0 0 0 0 0 0 0 5.3087e-17 -0.17236 -0.29854 0 0 0 0 0
-0 -0 -0.25692 0 0 0 0 0 0 0 0 0 0 5.1742e-17 -0.12846 -0.2225 0 0 0 0 0
-0 -0 -0.064583 0 0 0 0 0 0 0 0 0 0 2.4086e-17 -0.032291 -0.05593 0 0 0 0 0
0 0 0.34272 0 0 0 0 0 0 0 0 0 0 5.3075e-17 0.17136 0.29681 0 0 0 0 0
-0 -0 -0.24337 0 0 0 0 0 0 0 0 0 0 2.3652e-17 -0.12168 -0.21076 0 0 0 0 0
-0 -0 -0.18847 0 0 0 0 0 0 0 0 0 0 2.4431e-17 -0.094236 -0.16322 0 0 0 0 0
-0 -0 -0.023332 0 0 0 0 0 0 0 0 0 0 5.1796e-17 -0.011666 -0.020206 0 0 0 0 0
0 0 0.34496 0 0 0 0 0 0 0 0 0 0 2.4775e-17 0.17248 0.29875 0 0 0 0 0
-0 -0 -0.18777 0 0 0 0 0 0 0 0 0 0 5.2349e-17 -0.093883 -0.16261 0 0 0 0 0
-0 -0 -0.048031 0 0 0 0 0 0 0 0 0 0 5.1845e-17 -0.024016 -0.041596 0 0 0 0 0
0 0 0.1758 0 0 0 0 0 0 0 0 0 0 5.2311e-17 0.087898 0.15224 0 0 0 0 0
-0 -0 -0.25357 0 0 0 0 0 0 0 0 0 0 5.1727e-17 -0.12679 -0.2196 0 0 0 0 0
-0 -0 -0.25942 0 0 0 0 0 0 0 0 0 0 5.1753e-17 -0.12971 -0.22466 0 0 0 0 0
-0 -0 -0.064379 0 0 0 0 0 0 0 0 0 0 5.1861e-17 -0.032189 -0.055754 0 0 0 0 0
0 0 0.061246 0 0 0 0 0 0 0 0 0 0 5.1857e-17 0.030623 0.053041 0 0 0 0 0
0 0 0.08429 0 0 0 0 0 0 0 0 0 0 5.1778e-17 0.042145 0.072997 0 0 0 0 0
-0 -0 -0.15998 0 0 0 0 0 0 0 0 0 0 5.2264e-17 -0.079989 -0.13854 0 0 0 0 0
-0 -0 -0.092967 0 0 0 0 0 0 0 0 0 0 5.1791e-17 -0.046483 -0.080512 0 0 0 0 0
0 0 0.1925 0 0 0 0 0 0 0 0 0 0 5.1492e-17 0.096252 0.16671 0 0 0 0 0
-0 -0 -0.23863 0 0 0 0 0 0 0 0 0 0 5.1663e-17 -0.11931 -0.20666 0 0 0 0 0
0 0 0.16268 0 0 0 0 0 0 0 0 0 0 2.4394e-17 0.081342 0.14089 0 0 0 0 0
0 0 0.10023 0 0 0 0 0 0 0 0 0 0 5.1912e-17 0.050114 0.086801 0 0 0 0 0
0 0 0.20432 0 0 0 0 0 0 0 0 0 0 5.1532e-17 0.10216 0.17695 0 0 0 0 0
0 0 0.099202 0 0 0 0 0 0 0 0 0 0 5.191e-17 0.049601 0.085912 0 0 0 0 0
-0 -0 -0.28819 0 0 0 0 0 0 0 0 0 0 2.4626e-17 -0.14409 -0.24958 0 0 0 0 0
-0 -0 -0.24034 0 0 0 0 0 0 0 0 0 0 2.3646e-17 -0.12017 -0.20814 0 0 0 0 0
-0 -0 -0.25677 0 0 0 0 0 0 0 0 0 0 5.1741e-17 -0.12838 -0.22237 0 0 0 0 0
-0 -0 -0.28055 0 0 0 0 0 0 0 0 0 0 2.4608e-17 -0.14027 -0.24296 0 0 0 0 0
-0 -0 -0.26538 0 0 0 0 0 0 0 0 0 0 5.178e-17 -0.13269 -0.22982 0 0 0 0 0
-0 -0 -0.2879 0 0 0 0 0 0 0 0 0 0 5.2768e-17 -0.14395 -0.24932 0 0 0 0 0
-0 -0 -0.15539 0 0 0 0 0 0 0 0 0 0 5.2252e-17 -0.077693 -0.13457 0 0 0 0 0
-0 -0 -0.032515 0 0 0 0 0 0 0 0 0 0 5.1793e-17 -0.016257 -0.028159 0 0 0 0 0
0 0 0.021149 0 0 0 0 0 0 0 0 0 0 5.1795e-17 0.010575 0.018316 0 0 0 0 0
-0 -0 -0.14549 0 0 0 0 0 0 0 0 0 0 2.4372e-17 -0.072745 -0.126 0 0 0 0 0
-0 -0 -0.26399 0 0 0 0 0 0 0 0 0 0 2.3693e-17 -0.13199 -0.22862 0 0 0 0 0
-0 -0 -0.16337 0 0 0 0 0 0 0 0 0 0 2.4394e-17 -0.081684 -0.14148 0 0 0 0 0
0 0 0.071579 0 0 0 0 0 0 0 0 0 0 2.3981e-17 0.035789 0.061989 0 0 0 0 0
0 0 0.22835 0 0 0 0 0 0 0 0 0 0 5.1622e-17 0.11418 0.19776 0 0 0 0 0
0 0 0.22699 0 0 0 0 0 0 0 0 0 0 5.1616e-17 0.11349 0.19658 0 0 0 0 0
-0 -0 -0.27747 0 0 0 0 0 0 0 0 0 0 5.2716e-17 -0.13874 -0.2403 0 0 0 0 0
-0 -0 -0.27914 0 0 0 0 0 0 0 0 0 0 5.2724e-17 -0.13957 -0.24174 0 0 0 0 0
0 0 0.16433 0 0 0 0 0 0 0 0 0 0 5.2277e-17 0.082163 0.14231 0 0 0 0 0
-0 -0 -0.1631 0 0 0 0 0 0 0 0 0 0 5.2273e-17 -0.081548 -0.14124 0 0 0 0 0
-0 -0 -0.012319 0 0 0 0 0 0 0 0 0 0 2.4039e-17 -0.0061593 -0.010668 0 0 0 0 0
-0 -0 -0.097924 0 0 0 0 0 0 0 0 0 0 5.1908e-17 -0.048962 -0.084804 0 0 0 0 0
-0 -0 -0.33847 0 0 0 0 0 0 0 0 0 0 5.3049e-17 -0.16924 -0.29313 0 0 0 0 0
-0 -0 -0.16017 0 0 0 0 0 0 0 0 0 0 5.2265e-17 -0.080086 -0.13871 0 0 0 0 0
0 0 0.14843 0 0 0 0 0 0 0 0 0 0 2.4376e-17 0.074215 0.12854 0 0 0 0 0
-0 -0 -0.073783 0 0 0 0 0 0 0 0 0 0 2.3983e-17 -0.036892 -0.063898 0 0 0 0 0
-0 -0 -0.30793 0 0 0 0 0 0 0 0 0 0 5.2873e-17 -0.15397 -0.26668 0 0 0 0 0
0 0 0.021404 0 0 0 0 0 0 0 0 0 0 5.1795e-17 0.010702 0.018536 0 0 0 0 0
-0 -0 -0.080787 0 0 0 0 0 0 0 0 0 0 5.1773e-17 -0.040393 -0.069963 0 0 0 0 0
-0 -0 -0.32923 0 0 0 0 0 0 0 0 0 0 5.2994e-17 -0.16461 -0.28512 0 0 0 0 0
0 0 0.1943 0 0 0 0 0 0 0 0 0 0 2.3567e-17 0.097151 0.16827 0 0 0 0 0
-0 -0 -0.01453 0 0 0 0 0 0 0 0 0 0 5.1796e-17 -0.0072651 -0.012583 0 0 0 0 0
-0 -0 -0.30508 0 0 0 0 0 0 0 0 0 0 5.2858e-17 -0.15254 -0.26421 0 0 0 0 0
0 0 0.1482 0 0 0 0 0 0 0 0 0 0 5.2233e-17 0.074102 0.12835 0 0 0 0 0
0 0 0.18057 0 0 0 0 0 0 0 0 0 0 5.2326e-17 0.090283 0.15637 0 0 0 0 0
-0 -0 -0.21115 0 0 0 0 0 0 0 0 0 0 5.1557e-17 -0.10557 -0.18286 0 0 0 0 0
-0 -0 -0.066499 0 0 0 0 0 0 0 0 0 0 2.4087e-17 -0.033249 -0.05759 0 0 0 0 0
-0 -0 -0.33488 0 0 0 0 0 0 0 0 0 0 5.3027e-17 -0.16744 -0.29002 0 0 0 0 0
-0 -0 -0.22923 0 0 0 0 0 0 0 0 0 0 5.1625e-17 -0.11462 -0.19852 0 0 0 0 0
-0 -0 -0.003676 0 0 0 0 0 0 0 0 0 0 2.4037e-17 -0.001838 -0.0031835 0 0 0 0 0
-0 -0 -0.077873 0 0 0 0 0 0 0 0 0 0 5.1769e-17 -0.038936 -0.06744 0 0 0 0 0
-0 -0 -0.28962 0 0 0 0 0 0 0 0 0 0 5.2776e-17 -0.14481 -0.25082 0 0 0 0 0
0 0 0.23522 0 0 0 0 0 0 0 0 0 0 2.3636e-17 0.11761 0.20371 0 0 0 0 0
-0 -0 -0.1297 0 0 0 0 0 0 0 0 0 0 5.197e-17 -0.06485 -0.11232 0 0 0 0 0
-0 -0 -0.017905 0 0 0 0 0 0 0 0 0 0 5.1794e-17 -0.0089523 -0.015506 0 0 0 0 0
-0 -0 -0.23565 0 0 0 0 0 0 0 0 0 0 5.1651e-17 -0.11782 -0.20408 0 0 0 0 0
0 0 0.335 0 0 0 0 0 0 0 0 0 0 2.4746e-17 0.1675 0.29012 0 0 0 0 0
0 0 0.15325 0 0 0 0 0 0 0 0 0 0 5.2246e-17 0.076624 0.13272 0 0 0 0 0
-0 -0 -0.011151 0 0 0 0 0 0 0 0 0 0 5.1794e-17 -0.0055754 -0.0096569 0 0 0 0 0
-0 -0 -0.089355 0 0 0 0 0 0 0 0 0 0 5.1785e-17 -0.044677 -0.077383 0 0 0 0 0
-0 -0 -0.029531 0 0 0 0 0 0 0 0 0 0 5.1792e-17 -0.014765 -0.025574 0 0 0 0 0
-0 -0 -0.2857 0 0 0 0 0 0 0 0 0 0 5.2756e-17 -0.14285 -0.24742 0 0 0 0 0
-0 -0 -0.029721 0 0 0 0 0 0 0 0 0 0 2.4032e-17 -0.014861 -0.025739 0 0 0 0 0
