0 0 0 0.098899 0 0 0 0 0 0 0 0.098899 0 0 0 0
0 0 0 0.046246 0 0 0 0 0 0 0 0.046246 0 0 0 0
-0 -0 -0 0.13711 0 0 0 0 0 0 0 0.13711 0 0 0 0
0 0 0 0.031279 0 0 0 0 0 0 0 0.031279 0 0 0 0
0 0 0 0.031085 0 0 0 0 0 0 0 0.031085 0 0 0 0
0 0 0 0.11149 0 0 0 0 0 0 0 0.11149 0 0 0 0
-0 -0 -0 0.055234 0 0 0 0 0 0 0 0.055234 0 0 0 0
0 0 0 0.15027 0 0 0 0 0 0 0 0.15027 0 0 0 0
0 0 0 0.049352 0 0 0 0 0 0 0 0.049352 0 0 0 0
0 0 0 0.038566 0 0 0 0 0 0 0 0.038566 0 0 0 0
0 0 0 0.027993 0 0 0 0 0 0 0 0.027993 0 0 0 0
0 0 0 0.039366 0 0 0 0 0 0 0 0.039366 0 0 0 0
-0 -0 -0 0.10843 0 0 0 0 0 0 0 0.10843 0 0 0 0
-0 -0 -0 0.12631 0 0 0 0 0 0 0 0.12631 0 0 0 0
-0 -0 -0 0.11157 0 0 0 0 0 0 0 0.11157 0 0 0 0
0 0 0 0.11625 0 0 0 0 0 0 0 0.11625 0 0 0 0
-0 -0 -0 0.051804 0 0 0 0 0 0 0 0.051804 0 0 0 0
0 0 0 0.13213 0 0 0 0 0 0 0 0.13213 0 0 0 0
-0 -0 -0 0.095589 0 0 0 0 0 0 0 0.095589 0 0 0 0
0 0 0 0.047795 0 0 0 0 0 0 0 0.047795 0 0 0 0
-0 -0 -0 0.04949 0 0 0 0 0 0 0 0.04949 0 0 0 0
-0 -0 -0 0.1238 0 0 0 0 0 0 0 0.1238 0 0 0 0
0 0 0 0.061131 0 0 0 0 0 0 0 0.061131 0 0 0 0
0 0 0 0.105 0 0 0 0 0 0 0 0.105 0 0 0 0
-0 -0 -0 0.17353 0 0 0 0 0 0 0 0.17353 0 0 0 0
-0 -0 -0 0.14048 0 0 0 0 0 0 0 0.14048 0 0 0 0
0 0 0 0.057143 0 0 0 0 0 0 0 0.057143 0 0 0 0
0 0 0 0.19148 0 0 0 0 0 0 0 0.19148 0 0 0 0
-0 -0 -0 0.11975 0 0 0 0 0 0 0 0.11975 0 0 0 0
-0 -0 -0 0.049846 0 0 0 0 0 0 0 0.049846 0 0 0 0
-0 -0 -0 0.10998 0 0 0 0 0 0 0 0.10998 0 0 0 0
0 0 0 0.1097 0 0 0 0 0 0 0 0.1097 0 0 0 0
0 0 0 0.14001 0 0 0 0 0 0 0 0.14001 0 0 0 0
0 0 0 0.19224 0 0 0 0 0 0 0 0.19224 0 0 0 0
-0 -0 -0 0.0010642 0 0 0 0 0 0 0 0.0010642 0 0 0 0
-0 -0 -0 0.14844 0 0 0 0 0 0 0 0.14844 0 0 0 0
0 0 0 0.0016224 0 0 0 0 0 0 0 0.0016224 0 0 0 0
-0 -0 -0 0.14035 0 0 0 0 0 0 0 0.14035 0 0 0 0
0 0 0 0.1956 0 0 0 0 0 0 0 0.1956 0 0 0 0
0 0 0 0.001531 0 0 0 0 0 0 0 0.001531 0 0 0 0
0 0 0 0.090662 0 0 0 0 0 0 0 0.090662 0 0 0 0
-0 -0 -0 0.12471 0 0 0 0 0 0 0 0.12471 0 0 0 0
-0 -0 -0 0.082665 0 0 0 0 0 0 0 0.082665 0 0 0 0
-0 -0 -0 0.14834 0 0 0 0 0 0 0 0.14834 0 0 0 0
0 0 0 0.15916 0 0 0 0 0 0 0 0.15916 0 0 0 0
0 0 0 0.062943 0 0 0 0 0 0 0 0.062943 0 0 0 0
0 0 0 0.074841 0 0 0 0 0 0 0 0.074841 0 0 0 0
0 0 0 0.12275 0 0 0 0 0 0 0 0.12275 0 0 0 0
-0 -0 -0 0.10255 0 0 0 0 0 0 0 0.10255 0 0 0 0
-0 -0 -0 0.021755 0 0 0 0 0 0 0 0.021755 0 0 0 0
0 0 0 0.016788 0 0 0 0 0 0 0 0.016788 0 0 0 0
-0 -0 -0 0.04995 0 0 0 0 0 0 0 0.04995 0 0 0 0
-0 -0 -0 0.12507 0 0 0 0 0 0 0 0.12507 0 0 0 0
0 0 0 0.11142 0 0 0 0 0 0 0 0.11142 0 0 0 0
0 0 0 0.048967 0 0 0 0 0 0 0 0.048967 0 0 0 0
-0 -0 -0 0.060679 0 0 0 0 0 0 0 0.060679 0 0 0 0
0 0 0 0.019188 0 0 0 0 0 0 0 0.019188 0 0 0 0
0 0 0 0.090785 0 0 0 0 0 0 0 0.090785 0 0 0 0
0 0 0 0.1706 0 0 0 0 0 0 0 0.1706 0 0 0 0
0 0 0 0.044696 0 0 0 0 0 0 0 0.044696 0 0 0 0
-0 -0 -0 0.013712 0 0 0 0 0 0 0 0.013712 0 0 0 0
-0 -0 -0 0.044159 0 0 0 0 0 0 0 0.044159 0 0 0 0
-0 -0 -0 0.027534 0 0 0 0 0 0 0 0.027534 0 0 0 0
-0 -0 -0 0.06797 0 0 0 0 0 0 0 0.06797 0 0 0 0
0 0 0 0.085495 0 0 0 0 0 0 0 0.085495 0 0 0 0
0 0 0 0.19825 0 0 0 0 0 0 0 0.19825 0 0 0 0
-0 -0 -0 0.18992 0 0 0 0 0 0 0 0.18992 0 0 0 0
0 0 0 0.019285 0 0 0 0 0 0 0 0.019285 0 0 0 0
-0 -0 -0 0.082915 0 0 0 0 0 0 0 0.082915 0 0 0 0
-0 -0 -0 0.19843 0 0 0 0 0 0 0 0.19843 0 0 0 0
0 0 0 0.19334 0 0 0 0 0 0 0 0.19334 0 0 0 0
0 0 0 0.041642 0 0 0 0 0 0 0 0.041642 0 0 0 0
-0 -0 -0 0.0089236 0 0 0 0 0 0 0 0.0089236 0 0 0 0
-0 -0 -0 0.1524 0 0 0 0 0 0 0 0.1524 0 0 0 0
0 0 0 0.032005 0 0 0 0 0 0 0 0.032005 0 0 0 0
-0 -0 -0 0.020796 0 0 0 0 0 0 0 0.020796 0 0 0 0
-0 -0 -0 0.076669 0 0 0 0 0 0 0 0.076669 0 0 0 0
0 0 0 0.13322 0 0 0 0 0 0 0 0.13322 0 0 0 0
-0 -0 -0 0.16989 0 0 0 0 0 0 0 0.16989 0 0 0 0
-0 -0 -0 0.16461 0 0 0 0 0 0 0 0.16461 0 0 0 0
-0 -0 -0 0.13682 0 0 0 0 0 0 0 0.13682 0 0 0 0
-0 -0 -0 0.1318 0 0 0 0 0 0 0 0.1318 0 0 0 0
0 0 0 0.014651 0 0 0 0 0 0 0 0.014651 0 0 0 0
-0 -0 -0 0.023471 0 0 0 0 0 0 0 0.023471 0 0 0 0
-0 -0 -0 0.11521 0 0 0 0 0 0 0 0.11521 0 0 0 0
0 0 0 0.16334 0 0 0 0 0 0 0 0.16334 0 0 0 0
-0 -0 -0 0.18138 0 0 0 0 0 0 0 0.18138 0 0 0 0
-0 -0 -0 0.025679 0 0 0 0 0 0 0 0.025679 0 0 0 0
-0 -0 -0 0.084006 0 0 0 0 0 0 0 0.084006 0 0 0 0
-0 -0 -0 0.07287 0 0 0 0 0 0 0 0.07287 0 0 0 0
-0 -0 -0 0.12527 0 0 0 0 0 0 0 0.12527 0 0 0 0
-0 -0 -0 0.1998 0 0 0 0 0 0 0 0.1998 0 0 0 0
-0 -0 -0 0.16016 0 0 0 0 0 0 0 0.16016 0 0 0 0
0 0 0 0.13907 0 0 0 0 0 0 0 0.13907 0 0 0 0
-0 -0 -0 0.17562 0 0 0 0 0 0 0 0.17562 0 0 0 0
-0 -0 -0 0.15784 0 0 0 0 0 0 0 0.15784 0 0 0 0
-0 -0 -0 0.095405 0 0 0 0 0 0 0 0.095405 0 0 0 0
-0 -0 -0 0.02379 0 0 0 0 0 0 0 0.02379 0 0 0 0
-0 -0 -0 0.11459 0 0 0 0 0 0 0 0.11459 0 0 0 0
0 0 0 0.070381 0 0 0 0 0 0 0 0.070381 0 0 0 0
