0 0 0 0.16929 0 0 0 0 -0 -0 0 0.15932 -0.055271 0.014967 0 0
0 0 0 0.029238 0 0 0 0 -0 -0 0 0.027515 -0.0095456 0.0025849 0 0
-0 -0 -0 0.060521 0 0 0 0 -0 -0 0 0.056954 -0.019759 0.0053506 0 0
0 0 0 0.1481 0 0 0 0 -0 -0 0 0.13937 -0.048351 0.013093 0 0
0 0 0 0.034397 0 0 0 0 -0 -0 0 0.03237 -0.01123 0.003041 0 0
0 0 0 0.1967 0 0 0 0 -0 -0 0 0.18511 -0.064219 0.01739 0 0
-0 -0 -0 0.045382 0 0 0 0 -0 -0 0 0.042707 -0.014816 0.0040122 0 0
-0 -0 -0 0.0015889 0 0 0 0 -0 -0 0 0.0014952 -0.00051874 0.00014047 0 0
-0 -0 -0 0.18697 0 0 0 0 -0 -0 0 0.17595 -0.061043 0.01653 0 0
0 0 0 0.15966 0 0 0 0 -0 -0 0 0.15025 -0.052124 0.014115 0 0
-0 -0 -0 0.15271 0 0 0 0 -0 -0 0 0.14371 -0.049857 0.013501 0 0
0 0 0 0.0090835 0 0 0 0 -0 -0 0 0.0085481 -0.0029656 0.00080306 0 0
0 0 0 0.036533 0 0 0 0 -0 -0 0 0.03438 -0.011927 0.0032298 0 0
0 0 0 0.055637 0 0 0 0 -0 -0 0 0.052357 -0.018164 0.0049188 0 0
-0 -0 -0 0.025809 0 0 0 0 -0 -0 0 0.024288 -0.0084262 0.0022818 0 0
-0 -0 -0 0.11531 0 0 0 0 -0 -0 0 0.10852 -0.037647 0.010195 0 0
0 0 0 0.17186 0 0 0 0 -0 -0 0 0.16173 -0.056108 0.015194 0 0
-0 -0 -0 0.045902 0 0 0 0 -0 -0 0 0.043197 -0.014986 0.0040582 0 0
0 0 0 0.047454 0 0 0 0 -0 -0 0 0.044657 -0.015493 0.0041953 0 0
0 0 0 0.092036 0 0 0 0 -0 -0 0 0.086611 -0.030048 0.0081368 0 0
0 0 0 0.0094657 0 0 0 0 -0 -0 0 0.0089078 -0.0030904 0.00083686 0 0
0 0 0 0.16852 0 0 0 0 -0 -0 0 0.15858 -0.055017 0.014898 0 0
0 0 0 0.080966 0 0 0 0 -0 -0 0 0.076194 -0.026434 0.0071581 0 0
-0 -0 -0 0.032087 0 0 0 0 -0 -0 0 0.030196 -0.010476 0.0028368 0 0
-0 -0 -0 0.034994 0 0 0 0 -0 -0 0 0.032931 -0.011425 0.0030938 0 0
-0 -0 -0 0.11034 0 0 0 0 -0 -0 0 0.10384 -0.036024 0.009755 0 0
0 0 0 0.0032858 0 0 0 0 -0 -0 0 0.0030922 -0.0010728 0.0002905 0 0
-0 -0 -0 0.051189 0 0 0 0 -0 -0 0 0.048172 -0.016712 0.0045256 0 0
-0 -0 -0 0.1709 0 0 0 0 -0 -0 0 0.16083 -0.055796 0.015109 0 0
-0 -0 -0 0.093143 0 0 0 0 -0 -0 0 0.087653 -0.030409 0.0082347 0 0
0 0 0 0.10607 0 0 0 0 -0 -0 0 0.09982 -0.03463 0.0093777 0 0
-0 -0 -0 0.042277 0 0 0 0 -0 -0 0 0.039785 -0.013803 0.0037377 0 0
-0 -0 -0 0.1406 0 0 0 0 -0 -0 0 0.13231 -0.045902 0.01243 0 0
-0 -0 -0 0.098024 0 0 0 0 -0 -0 0 0.092246 -0.032003 0.0086662 0 0
-0 -0 -0 0.13557 0 0 0 0 -0 -0 0 0.12758 -0.044261 0.011986 0 0
-0 -0 -0 0.13898 0 0 0 0 -0 -0 0 0.13079 -0.045374 0.012287 0 0
0 0 0 0.095842 0 0 0 0 -0 -0 0 0.090193 -0.03129 0.0084733 0 0
0 0 0 0.19294 0 0 0 0 -0 -0 0 0.18156 -0.062989 0.017057 0 0
0 0 0 0.099434 0 0 0 0 -0 -0 0 0.093573 -0.032463 0.0087908 0 0
-0 -0 -0 0.17216 0 0 0 0 -0 -0 0 0.16201 -0.056207 0.01522 0 0
0 0 0 0.012279 0 0 0 0 -0 -0 0 0.011555 -0.0040089 0.0010856 0 0
0 0 0 0.056654 0 0 0 0 -0 -0 0 0.053315 -0.018496 0.0050087 0 0
0 0 0 0.13042 0 0 0 0 -0 -0 0 0.12273 -0.042579 0.01153 0 0
0 0 0 0.13029 0 0 0 0 -0 -0 0 0.12261 -0.042538 0.011519 0 0
-0 -0 -0 0.18795 0 0 0 0 -0 -0 0 0.17687 -0.061362 0.016616 0 0
-0 -0 -0 0.011188 0 0 0 0 -0 -0 0 0.010529 -0.0036527 0.00098913 0 0
0 0 0 0.0081186 0 0 0 0 -0 -0 0 0.0076401 -0.0026505 0.00071775 0 0
-0 -0 -0 0.083422 0 0 0 0 -0 -0 0 0.078506 -0.027236 0.0073753 0 0
-0 -0 -0 0.1304 0 0 0 0 -0 -0 0 0.12271 -0.042572 0.011528 0 0
0 0 0 0.19159 0 0 0 0 -0 -0 0 0.1803 -0.06255 0.016938 0 0
-0 -0 -0 0.15898 0 0 0 0 -0 -0 0 0.14961 -0.051903 0.014055 0 0
-0 -0 -0 0.10342 0 0 0 0 -0 -0 0 0.097326 -0.033765 0.0091434 0 0
0 0 0 0.16237 0 0 0 0 -0 -0 0 0.1528 -0.053009 0.014355 0 0
-0 -0 -0 0.084415 0 0 0 0 -0 -0 0 0.079439 -0.02756 0.007463 0 0
0 0 0 0.0070272 0 0 0 0 -0 -0 0 0.006613 -0.0022942 0.00062126 0 0
-0 -0 -0 0.093403 0 0 0 0 -0 -0 0 0.087898 -0.030494 0.0082576 0 0
0 0 0 0.10412 0 0 0 0 -0 -0 0 0.097982 -0.033992 0.009205 0 0
-0 -0 -0 0.12697 0 0 0 0 -0 -0 0 0.11949 -0.041453 0.011225 0 0
0 0 0 0.098974 0 0 0 0 -0 -0 0 0.09314 -0.032313 0.0087502 0 0
-0 -0 -0 0.10904 0 0 0 0 -0 -0 0 0.10261 -0.035599 0.0096401 0 0
-0 -0 -0 0.19386 0 0 0 0 -0 -0 0 0.18244 -0.063293 0.017139 0 0
0 0 0 0.06505 0 0 0 0 -0 -0 0 0.061216 -0.021238 0.005751 0 0
-0 -0 -0 0.17468 0 0 0 0 -0 -0 0 0.16438 -0.057028 0.015443 0 0
0 0 0 0.16106 0 0 0 0 -0 -0 0 0.15157 -0.052583 0.014239 0 0
0 0 0 0.061863 0 0 0 0 -0 -0 0 0.058217 -0.020197 0.0054692 0 0
0 0 0 0.089757 0 0 0 0 -0 -0 0 0.084467 -0.029304 0.0079353 0 0
-0 -0 -0 0.029308 0 0 0 0 -0 -0 0 0.027581 -0.0095685 0.0025911 0 0
0 0 0 0.0055261 0 0 0 0 -0 -0 0 0.0052004 -0.0018042 0.00048856 0 0
-0 -0 -0 0.089853 0 0 0 0 -0 -0 0 0.084557 -0.029335 0.0079438 0 0
0 0 0 0.04569 0 0 0 0 -0 -0 0 0.042997 -0.014917 0.0040394 0 0
0 0 0 0.10395 0 0 0 0 -0 -0 0 0.097819 -0.033936 0.0091897 0 0
0 0 0 0.13381 0 0 0 0 -0 -0 0 0.12592 -0.043685 0.01183 0 0
-0 -0 -0 0.057509 0 0 0 0 -0 -0 0 0.05412 -0.018776 0.0050843 0 0
-0 -0 -0 0.086684 0 0 0 0 -0 -0 0 0.081575 -0.0283 0.0076636 0 0
0 0 0 0.015879 0 0 0 0 -0 -0 0 0.014943 -0.0051841 0.0014038 0 0
-0 -0 -0 0.11346 0 0 0 0 -0 -0 0 0.10677 -0.037041 0.01003 0 0
0 0 0 0.13949 0 0 0 0 -0 -0 0 0.13127 -0.045541 0.012332 0 0
-0 -0 -0 0.11428 0 0 0 0 -0 -0 0 0.10755 -0.037311 0.010104 0 0
0 0 0 0.027014 0 0 0 0 -0 -0 0 0.025421 -0.0088193 0.0023882 0 0
0 0 0 0.097187 0 0 0 0 -0 -0 0 0.091459 -0.03173 0.0085922 0 0
0 0 0 0.0023521 0 0 0 0 -0 -0 0 0.0022135 -0.00076792 0.00020795 0 0
-0 -0 -0 0.023964 0 0 0 0 -0 -0 0 0.022551 -0.0078237 0.0021186 0 0
0 0 0 0.070704 0 0 0 0 -0 -0 0 0.066537 -0.023083 0.0062509 0 0
0 0 0 0.005379 0 0 0 0 -0 -0 0 0.0050619 -0.0017561 0.00047555 0 0
-0 -0 -0 0.12504 0 0 0 0 -0 -0 0 0.11767 -0.040823 0.011055 0 0
0 0 0 0.021035 0 0 0 0 -0 -0 0 0.019796 -0.0068677 0.0018597 0 0
-0 -0 -0 0.15601 0 0 0 0 -0 -0 0 0.14681 -0.050933 0.013792 0 0
-0 -0 -0 0.038543 0 0 0 0 -0 -0 0 0.036272 -0.012584 0.0034076 0 0
0 0 0 0.11011 0 0 0 0 -0 -0 0 0.10362 -0.03595 0.0097351 0 0
-0 -0 -0 0.10609 0 0 0 0 -0 -0 0 0.099833 -0.034635 0.0093789 0 0
-0 -0 -0 0.016657 0 0 0 0 -0 -0 0 0.015676 -0.0054383 0.0014727 0 0
0 0 0 0.046738 0 0 0 0 -0 -0 0 0.043983 -0.015259 0.0041321 0 0
0 0 0 0.01906 0 0 0 0 -0 -0 0 0.017936 -0.0062226 0.001685 0 0
-0 -0 -0 0.18124 0 0 0 0 -0 -0 0 0.17056 -0.059171 0.016023 0 0
0 0 0 0.09931 0 0 0 0 -0 -0 0 0.093457 -0.032423 0.0087799 0 0
0 0 0 0.036652 0 0 0 0 -0 -0 0 0.034492 -0.011966 0.0032404 0 0
0 0 0 0.13113 0 0 0 0 -0 -0 0 0.1234 -0.042811 0.011593 0 0
-0 -0 -0 0.0083274 0 0 0 0 -0 -0 0 0.0078366 -0.0027187 0.00073622 0 0
-0 -0 -0 0.11119 0 0 0 0 -0 -0 0 0.10464 -0.036301 0.0098303 0 0
0 0 0 0.17494 0 0 0 0 -0 -0 0 0.16463 -0.057116 0.015467 0 0
