-0 -0 -0 0.14251 0 0 0 0 0 0 0 0.14251 0 0 0 0
-0 -0 -0 0.065101 0 0 0 0 0 0 0 0.065101 0 0 0 0
-0 -0 -0 0.14104 0 0 0 0 0 0 0 0.14104 0 0 0 0
0 0 0 0.090371 0 0 0 0 0 0 0 0.090371 0 0 0 0
0 0 0 0.06219 0 0 0 0 0 0 0 0.06219 0 0 0 0
-0 -0 -0 0.12356 0 0 0 0 0 0 0 0.12356 0 0 0 0
0 0 0 0.15235 0 0 0 0 0 0 0 0.15235 0 0 0 0
-0 -0 -0 0.051431 0 0 0 0 0 0 0 0.051431 0 0 0 0
-0 -0 -0 0.12985 0 0 0 0 0 0 0 0.12985 0 0 0 0
0 0 0 0.00038254 0 0 0 0 0 0 0 0.00038254 0 0 0 0
-0 -0 -0 0.12418 0 0 0 0 0 0 0 0.12418 0 0 0 0
0 0 0 0.11708 0 0 0 0 0 0 0 0.11708 0 0 0 0
-0 -0 -0 0.13758 0 0 0 0 0 0 0 0.13758 0 0 0 0
0 0 0 0.19835 0 0 0 0 0 0 0 0.19835 0 0 0 0
-0 -0 -0 0.17808 0 0 0 0 0 0 0 0.17808 0 0 0 0
-0 -0 -0 0.086551 0 0 0 0 0 0 0 0.086551 0 0 0 0
-0 -0 -0 0.013469 0 0 0 0 0 0 0 0.013469 0 0 0 0
0 0 0 0.0095673 0 0 0 0 0 0 0 0.0095673 0 0 0 0
0 0 0 0.085705 0 0 0 0 0 0 0 0.085705 0 0 0 0
-0 -0 -0 0.027173 0 0 0 0 0 0 0 0.027173 0 0 0 0
-0 -0 -0 0.15453 0 0 0 0 0 0 0 0.15453 0 0 0 0
-0 -0 -0 0.13436 0 0 0 0 0 0 0 0.13436 0 0 0 0
-0 -0 -0 0.17346 0 0 0 0 0 0 0 0.17346 0 0 0 0
0 0 0 0.18396 0 0 0 0 0 0 0 0.18396 0 0 0 0
-0 -0 -0 0.077895 0 0 0 0 0 0 0 0.077895 0 0 0 0
0 0 0 0.13007 0 0 0 0 0 0 0 0.13007 0 0 0 0
0 0 0 0.028309 0 0 0 0 0 0 0 0.028309 0 0 0 0
0 0 0 0.14534 0 0 0 0 0 0 0 0.14534 0 0 0 0
-0 -0 -0 0.19187 0 0 0 0 0 0 0 0.19187 0 0 0 0
0 0 0 0.16625 0 0 0 0 0 0 0 0.16625 0 0 0 0
-0 -0 -0 0.073611 0 0 0 0 0 0 0 0.073611 0 0 0 0
0 0 0 0.16411 0 0 0 0 0 0 0 0.16411 0 0 0 0
0 0 0 0.14779 0 0 0 0 0 0 0 0.14779 0 0 0 0
0 0 0 0.016719 0 0 0 0 0 0 0 0.016719 0 0 0 0
0 0 0 0.19252 0 0 0 0 0 0 0 0.19252 0 0 0 0
0 0 0 0.16528 0 0 0 0 0 0 0 0.16528 0 0 0 0
-0 -0 -0 0.046647 0 0 0 0 0 0 0 0.046647 0 0 0 0
-0 -0 -0 0.18009 0 0 0 0 0 0 0 0.18009 0 0 0 0
0 0 0 0.07379 0 0 0 0 0 0 0 0.07379 0 0 0 0
0 0 0 0.011704 0 0 0 0 0 0 0 0.011704 0 0 0 0
0 0 0 0.15232 0 0 0 0 0 0 0 0.15232 0 0 0 0
-0 -0 -0 0.059194 0 0 0 0 0 0 0 0.059194 0 0 0 0
-0 -0 -0 0.028475 0 0 0 0 0 0 0 0.028475 0 0 0 0
-0 -0 -0 0.13176 0 0 0 0 0 0 0 0.13176 0 0 0 0
-0 -0 -0 0.13175 0 0 0 0 0 0 0 0.13175 0 0 0 0
-0 -0 -0 0.049284 0 0 0 0 0 0 0 0.049284 0 0 0 0
-0 -0 -0 0.15333 0 0 0 0 0 0 0 0.15333 0 0 0 0
-0 -0 -0 0.13463 0 0 0 0 0 0 0 0.13463 0 0 0 0
-0 -0 -0 0.10945 0 0 0 0 0 0 0 0.10945 0 0 0 0
0 0 0 0.17726 0 0 0 0 0 0 0 0.17726 0 0 0 0
-0 -0 -0 0.04987 0 0 0 0 0 0 0 0.04987 0 0 0 0
0 0 0 0.098917 0 0 0 0 0 0 0 0.098917 0 0 0 0
0 0 0 0.055641 0 0 0 0 0 0 0 0.055641 0 0 0 0
-0 -0 -0 0.068148 0 0 0 0 0 0 0 0.068148 0 0 0 0
0 0 0 0.18359 0 0 0 0 0 0 0 0.18359 0 0 0 0
0 0 0 0.048261 0 0 0 0 0 0 0 0.048261 0 0 0 0
0 0 0 0.14116 0 0 0 0 0 0 0 0.14116 0 0 0 0
-0 -0 -0 0.015353 0 0 0 0 0 0 0 0.015353 0 0 0 0
-0 -0 -0 0.12005 0 0 0 0 0 0 0 0.12005 0 0 0 0
0 0 0 0.020916 0 0 0 0 0 0 0 0.020916 0 0 0 0
-0 -0 -0 0.093445 0 0 0 0 0 0 0 0.093445 0 0 0 0
-0 -0 -0 0.18372 0 0 0 0 0 0 0 0.18372 0 0 0 0
0 0 0 0.14716 0 0 0 0 0 0 0 0.14716 0 0 0 0
0 0 0 0.14542 0 0 0 0 0 0 0 0.14542 0 0 0 0
0 0 0 0.16445 0 0 0 0 0 0 0 0.16445 0 0 0 0
-0 -0 -0 0.18221 0 0 0 0 0 0 0 0.18221 0 0 0 0
-0 -0 -0 0.10526 0 0 0 0 0 0 0 0.10526 0 0 0 0
0 0 0 0.16276 0 0 0 0 0 0 0 0.16276 0 0 0 0
0 0 0 0.058369 0 0 0 0 0 0 0 0.058369 0 0 0 0
0 0 0 0.014145 0 0 0 0 0 0 0 0.014145 0 0 0 0
0 0 0 0.19486 0 0 0 0 0 0 0 0.19486 0 0 0 0
-0 -0 -0 0.067253 0 0 0 0 0 0 0 0.067253 0 0 0 0
0 0 0 0.18737 0 0 0 0 0 0 0 0.18737 0 0 0 0
0 0 0 0.19997 0 0 0 0 0 0 0 0.19997 0 0 0 0
0 0 0 0.18357 0 0 0 0 0 0 0 0.18357 0 0 0 0
0 0 0 0.025075 0 0 0 0 0 0 0 0.025075 0 0 0 0
-0 -0 -0 0.15843 0 0 0 0 0 0 0 0.15843 0 0 0 0
-0 -0 -0 0.14213 0 0 0 0 0 0 0 0.14213 0 0 0 0
0 0 0 0.057712 0 0 0 0 0 0 0 0.057712 0 0 0 0
-0 -0 -0 0.12828 0 0 0 0 0 0 0 0.12828 0 0 0 0
-0 -0 -0 0.0095349 0 0 0 0 0 0 0 0.0095349 0 0 0 0
-0 -0 -0 0.098074 0 0 0 0 0 0 0 0.098074 0 0 0 0
0 0 0 0.17017 0 0 0 0 0 0 0 0.17017 0 0 0 0
-0 -0 -0 0.012964 0 0 0 0 0 0 0 0.012964 0 0 0 0
-0 -0 -0 0.080086 0 0 0 0 0 0 0 0.080086 0 0 0 0
-0 -0 -0 0.19886 0 0 0 0 0 0 0 0.19886 0 0 0 0
-0 -0 -0 0.10092 0 0 0 0 0 0 0 0.10092 0 0 0 0
0 0 0 0.11534 0 0 0 0 0 0 0 0.11534 0 0 0 0
-0 -0 -0 0.13913 0 0 0 0 0 0 0 0.13913 0 0 0 0
-0 -0 -0 0.084549 0 0 0 0 0 0 0 0.084549 0 0 0 0
-0 -0 -0 0.14576 0 0 0 0 0 0 0 0.14576 0 0 0 0
-0 -0 -0 0.19835 0 0 0 0 0 0 0 0.19835 0 0 0 0
0 0 0 0.014019 0 0 0 0 0 0 0 0.014019 0 0 0 0
0 0 0 0.10823 0 0 0 0 0 0 0 0.10823 0 0 0 0
0 0 0 0.061979 0 0 0 0 0 0 0 0.061979 0 0 0 0
0 0 0 0.18613 0 0 0 0 0 0 0 0.18613 0 0 0 0
0 0 0 0.17146 0 0 0 0 0 0 0 0.17146 0 0 0 0
-0 -0 -0 0.00030645 0 0 0 0 0 0 0 0.00030645 0 0 0 0
0 0 0 0.17873 0 0 0 0 0 0 0 0.17873 0 0 0 0
0 0 0 0.0088451 0 0 0 0 0 0 0 0.0088451 0 0 0 0
