-0 -0 -0.21222 0 0 0 0 0 0 0 0 0 0 -0.018762 -0.10393 -0.18407 0.0095444 -0.0043451 0.0014804 0 0
0 0 0.29199 0 0 0 0 0 0 0 0 0 0 0.025814 0.14299 0.25327 -0.014236 0.002988 -0.00023605 0 0
0 0 0.23479 0 0 0 0 0 0 0 0 0 0 0.020757 0.11498 0.20365 -0.011394 0.0026885 -0.00035656 0 0
0 0 0.34026 0 0 0 0 0 0 0 0 0 0 0.030082 0.16663 0.29513 -0.016639 0.0031303 -7.1437e-05 0 0
-0 -0 -0.0024032 0 0 0 0 0 0 0 0 0 0 -0.00021246 -0.0011769 -0.0020845 0.00011303 -3.9346e-05 1.0694e-05 0 0
-0 -0 -0.12651 0 0 0 0 0 0 0 0 0 0 -0.011184 -0.061953 -0.10973 0.0058062 -0.0023826 0.00075341 0 0
0 0 0.085065 0 0 0 0 0 0 0 0 0 0 0.0075205 0.041658 0.073784 -0.0040567 0.0012408 -0.00028703 0 0
0 0 0.17335 0 0 0 0 0 0 0 0 0 0 0.015326 0.084894 0.15036 -0.0083607 0.0022098 -0.00039547 0 0
0 0 0.058153 0 0 0 0 0 0 0 0 0 0 0.0051413 0.028479 0.050441 -0.0027623 0.00088043 -0.00021553 0 0
0 0 0.11935 0 0 0 0 0 0 0 0 0 0 0.010552 0.05845 0.10353 -0.0057188 0.0016561 -0.00035215 0 0
0 0 0.0017349 0 0 0 0 0 0 0 0 0 0 0.00015339 0.00084964 0.0015049 -8.1659e-05 2.826e-05 -7.6324e-06 0 0
0 0 0.20018 0 0 0 0 0 0 0 0 0 0 0.017698 0.098034 0.17364 -0.0096824 0.0024388 -0.00039002 0 0
0 0 0.13551 0 0 0 0 0 0 0 0 0 0 0.01198 0.06636 0.11754 -0.0065061 0.0018347 -0.00037271 0 0
0 0 0.14853 0 0 0 0 0 0 0 0 0 0 0.013131 0.072737 0.12883 -0.0071428 0.0019706 -0.00038456 0 0
-0 -0 -0.095725 0 0 0 0 0 0 0 0 0 0 -0.008463 -0.046878 -0.083031 0.0044226 -0.0017453 0.0005346 0 0
-0 -0 -0.2957 0 0 0 0 0 0 0 0 0 0 -0.026143 -0.14481 -0.25649 0.013003 -0.0065115 0.0023509 0 0
0 0 0.31452 0 0 0 0 0 0 0 0 0 0 0.027807 0.15403 0.27281 -0.015357 0.0030671 -0.00016635 0 0
0 0 0.038302 0 0 0 0 0 0 0 0 0 0 0.0033862 0.018757 0.033222 -0.0018137 0.00059544 -0.00015131 0 0
0 0 0.094872 0 0 0 0 0 0 0 0 0 0 0.0083875 0.046461 0.082291 -0.0045307 0.0013646 -0.00030864 0 0
0 0 0.3072 0 0 0 0 0 0 0 0 0 0 0.027159 0.15044 0.26646 -0.014993 0.0030438 -0.00019037 0 0
0 0 0.33662 0 0 0 0 0 0 0 0 0 0 0.029761 0.16485 0.29198 -0.016458 0.0031231 -8.5813e-05 0 0
0 0 0.13362 0 0 0 0 0 0 0 0 0 0 0.011814 0.065439 0.1159 -0.0064143 0.0018145 -0.00037065 0 0
0 0 0.17428 0 0 0 0 0 0 0 0 0 0 0.015408 0.085349 0.15117 -0.0084063 0.0022182 -0.00039558 0 0
0 0 0.27873 0 0 0 0 0 0 0 0 0 0 0.024643 0.1365 0.24177 -0.013576 0.0029312 -0.00027119 0 0
0 0 0.056715 0 0 0 0 0 0 0 0 0 0 0.0050141 0.027774 0.049194 -0.0026934 0.00086032 -0.0002112 0 0
-0 -0 -0.031422 0 0 0 0 0 0 0 0 0 0 -0.002778 -0.015388 -0.027255 0.0014702 -0.00053281 0.00015096 0 0
0 0 0.31338 0 0 0 0 0 0 0 0 0 0 0.027706 0.15347 0.27182 -0.0153 0.0030636 -0.00017017 0 0
-0 -0 -0.26433 0 0 0 0 0 0 0 0 0 0 -0.023369 -0.12945 -0.22927 0.011726 -0.0056687 0.0020053 0 0
-0 -0 -0.072889 0 0 0 0 0 0 0 0 0 0 -0.006444 -0.035695 -0.063223 0.0033833 -0.0012961 0.00038693 0 0
-0 -0 -0.33477 0 0 0 0 0 0 0 0 0 0 -0.029596 -0.16394 -0.29037 0.014553 -0.0076072 0.0028116 0 0
0 0 0.061439 0 0 0 0 0 0 0 0 0 0 0.0054317 0.030088 0.053291 -0.0029199 0.00092603 -0.00022522 0 0
-0 -0 -0.2182 0 0 0 0 0 0 0 0 0 0 -0.019291 -0.10686 -0.18926 0.0097985 -0.0044921 0.0015375 0 0
0 0 0.21019 0 0 0 0 0 0 0 0 0 0 0.018583 0.10294 0.18232 -0.010177 0.0025163 -0.0003834 0 0
0 0 0.10087 0 0 0 0 0 0 0 0 0 0 0.0089181 0.049399 0.087496 -0.0048213 0.0014384 -0.00032068 0 0
0 0 0.019803 0 0 0 0 0 0 0 0 0 0 0.0017507 0.0096977 0.017176 -0.00093491 0.00031531 -8.273e-05 0 0
0 0 0.26371 0 0 0 0 0 0 0 0 0 0 0.023315 0.12915 0.22874 -0.01283 0.0028577 -0.00030575 0 0
0 0 0.30463 0 0 0 0 0 0 0 0 0 0 0.026932 0.14918 0.26423 -0.014864 0.0030351 -0.0001985 0 0
-0 -0 -0.11085 0 0 0 0 0 0 0 0 0 0 -0.0098004 -0.054287 -0.096152 0.0051051 -0.002054 0.00063931 0 0
-0 -0 -0.10304 0 0 0 0 0 0 0 0 0 0 -0.0091093 -0.050459 -0.089372 0.004753 -0.0018934 0.00058452 0 0
-0 -0 -0.045416 0 0 0 0 0 0 0 0 0 0 -0.0040152 -0.022241 -0.039393 0.0021194 -0.00078279 0.00022594 0 0
0 0 0.089596 0 0 0 0 0 0 0 0 0 0 0.0079211 0.043877 0.077714 -0.0042756 0.0012985 -0.00029731 0 0
-0 -0 -0.28893 0 0 0 0 0 0 0 0 0 0 -0.025544 -0.1415 -0.25062 0.01273 -0.0063268 0.0022745 0 0
0 0 0.21028 0 0 0 0 0 0 0 0 0 0 0.018591 0.10298 0.1824 -0.010181 0.002517 -0.00038333 0 0
-0 -0 -0.092809 0 0 0 0 0 0 0 0 0 0 -0.0082052 -0.045451 -0.080502 0.0042904 -0.0016868 0.00051505 0 0
0 0 0.079327 0 0 0 0 0 0 0 0 0 0 0.0070132 0.038848 0.068807 -0.00378 0.0011665 -0.00027329 0 0
0 0 0.14484 0 0 0 0 0 0 0 0 0 0 0.012805 0.070932 0.12563 -0.0069624 0.0019329 -0.00038163 0 0
-0 -0 -0.11521 0 0 0 0 0 0 0 0 0 0 -0.010186 -0.056421 -0.099933 0.0053009 -0.0021445 0.00067049 0 0
-0 -0 -0.21954 0 0 0 0 0 0 0 0 0 0 -0.01941 -0.10751 -0.19043 0.0098555 -0.0045253 0.0015504 0 0
0 0 0.11702 0 0 0 0 0 0 0 0 0 0 0.010346 0.057309 0.10151 -0.0056054 0.0016295 -0.00034865 0 0
-0 -0 -0.003509 0 0 0 0 0 0 0 0 0 0 -0.00031023 -0.0017184 -0.0030437 0.00016501 -5.753e-05 1.5662e-05 0 0
-0 -0 -0.073791 0 0 0 0 0 0 0 0 0 0 -0.0065238 -0.036137 -0.064005 0.0034245 -0.0013135 0.00039253 0 0
0 0 0.29939 0 0 0 0 0 0 0 0 0 0 0.026469 0.14662 0.25968 -0.014604 0.0030164 -0.00021455 0 0
-0 -0 -0.14952 0 0 0 0 0 0 0 0 0 0 -0.013219 -0.073221 -0.12969 0.0068269 -0.0028826 0.00093165 0 0
0 0 0.088111 0 0 0 0 0 0 0 0 0 0 0.0077898 0.04315 0.076426 -0.0042038 0.0012797 -0.000294 0 0
0 0 0.064641 0 0 0 0 0 0 0 0 0 0 0.0057149 0.031656 0.056069 -0.0030735 0.00097004 -0.0002344 0 0
-0 -0 -0.19643 0 0 0 0 0 0 0 0 0 0 -0.017366 -0.096196 -0.17038 0.0088694 -0.0039633 0.0013336 0 0
-0 -0 -0.020633 0 0 0 0 0 0 0 0 0 0 -0.0018242 -0.010105 -0.017897 0.00096732 -0.0003454 9.6415e-05 0 0
0 0 0.092198 0 0 0 0 0 0 0 0 0 0 0.0081511 0.045151 0.079971 -0.0044014 0.0013312 -0.00030298 0 0
0 0 0.13982 0 0 0 0 0 0 0 0 0 0 0.012362 0.068474 0.12128 -0.006717 0.0018805 -0.0003771 0 0
0 0 0.19136 0 0 0 0 0 0 0 0 0 0 0.016918 0.093714 0.16599 -0.0092474 0.0023669 -0.00039379 0 0
-0 -0 -0.28913 0 0 0 0 0 0 0 0 0 0 -0.025562 -0.14159 -0.25079 0.012738 -0.0063322 0.0022768 0 0
-0 -0 -0.31175 0 0 0 0 0 0 0 0 0 0 -0.027561 -0.15267 -0.27041 0.013645 -0.0069554 0.0025361 0 0
0 0 0.27497 0 0 0 0 0 0 0 0 0 0 0.02431 0.13466 0.23851 -0.013389 0.0029137 -0.00028037 0 0
0 0 0.321 0 0 0 0 0 0 0 0 0 0 0.028379 0.1572 0.27843 -0.01568 0.0030857 -0.000144 0 0
-0 -0 -0.21813 0 0 0 0 0 0 0 0 0 0 -0.019285 -0.10682 -0.1892 0.0097957 -0.0044904 0.0015368 0 0
0 0 0.12129 0 0 0 0 0 0 0 0 0 0 0.010723 0.059398 0.10521 -0.005813 0.0016781 -0.00035495 0 0
-0 -0 -0.043147 0 0 0 0 0 0 0 0 0 0 -0.0038146 -0.02113 -0.037425 0.0020144 -0.00074174 0.00021346 0 0
-0 -0 -0.17467 0 0 0 0 0 0 0 0 0 0 -0.015443 -0.085542 -0.15151 0.0079289 -0.003452 0.0011408 0 0
-0 -0 -0.10293 0 0 0 0 0 0 0 0 0 0 -0.0091004 -0.050409 -0.089284 0.0047484 -0.0018913 0.00058382 0 0
-0 -0 -0.071694 0 0 0 0 0 0 0 0 0 0 -0.0063384 -0.03511 -0.062187 0.0033286 -0.0012732 0.00037955 0 0
-0 -0 -0.29163 0 0 0 0 0 0 0 0 0 0 -0.025783 -0.14282 -0.25295 0.012839 -0.0064001 0.0023048 0 0
-0 -0 -0.047722 0 0 0 0 0 0 0 0 0 0 -0.0042191 -0.02337 -0.041393 0.002226 -0.00082474 0.00023875 0 0
0 0 0.24709 0 0 0 0 0 0 0 0 0 0 0.021845 0.12101 0.21432 -0.012004 0.0027649 -0.00033748 0 0
-0 -0 -0.22606 0 0 0 0 0 0 0 0 0 0 -0.019986 -0.11071 -0.19608 0.010131 -0.0046873 0.0016138 0 0
0 0 0.2267 0 0 0 0 0 0 0 0 0 0 0.020043 0.11102 0.19664 -0.010994 0.0026348 -0.00036704 0 0
0 0 0.085145 0 0 0 0 0 0 0 0 0 0 0.0075276 0.041697 0.073854 -0.0040606 0.0012418 -0.00028722 0 0
0 0 0.24682 0 0 0 0 0 0 0 0 0 0 0.021821 0.12087 0.21409 -0.011991 0.0027632 -0.00033795 0 0
-0 -0 -0.17153 0 0 0 0 0 0 0 0 0 0 -0.015165 -0.084 -0.14878 0.0077918 -0.0033795 0.0011138 0 0
0 0 0.12838 0 0 0 0 0 0 0 0 0 0 0.01135 0.062869 0.11135 -0.0061583 0.0017572 -0.00036443 0 0
-0 -0 -0.12557 0 0 0 0 0 0 0 0 0 0 -0.011102 -0.061495 -0.10892 0.0057645 -0.0023627 0.00074643 0 0
-0 -0 -0.22801 0 0 0 0 0 0 0 0 0 0 -0.020158 -0.11166 -0.19777 0.010213 -0.0047361 0.001633 0 0
-0 -0 -0.2379 0 0 0 0 0 0 0 0 0 0 -0.021033 -0.1165 -0.20635 0.010629 -0.0049855 0.0017314 0 0
-0 -0 -0.33433 0 0 0 0 0 0 0 0 0 0 -0.029558 -0.16373 -0.28999 0.014536 -0.0075946 0.0028063 0 0
-0 -0 -0.13881 0 0 0 0 0 0 0 0 0 0 -0.012272 -0.067976 -0.1204 0.0063533 -0.0026474 0.00084713 0 0
-0 -0 -0.13736 0 0 0 0 0 0 0 0 0 0 -0.012144 -0.06727 -0.11915 0.0062894 -0.0026161 0.00083596 0 0
-0 -0 -0.30206 0 0 0 0 0 0 0 0 0 0 -0.026705 -0.14793 -0.26201 0.013259 -0.0066864 0.0024237 0 0
0 0 0.071042 0 0 0 0 0 0 0 0 0 0 0.0062808 0.034791 0.061621 -0.0033811 0.0010568 -0.00025201 0 0
-0 -0 -0.10146 0 0 0 0 0 0 0 0 0 0 -0.0089699 -0.049686 -0.088004 0.0046818 -0.0018613 0.00057365 0 0
-0 -0 -0.19212 0 0 0 0 0 0 0 0 0 0 -0.016985 -0.094085 -0.16664 0.008684 -0.0038606 0.0012945 0 0
0 0 0.042691 0 0 0 0 0 0 0 0 0 0 0.0037742 0.020906 0.037029 -0.002023 0.00065984 -0.00016635 0 0
0 0 0.12695 0 0 0 0 0 0 0 0 0 0 0.011224 0.06217 0.11012 -0.0060887 0.0017415 -0.00036262 0 0
-0 -0 -0.33701 0 0 0 0 0 0 0 0 0 0 -0.029795 -0.16504 -0.29232 0.014641 -0.0076717 0.0028391 0 0
-0 -0 -0.098683 0 0 0 0 0 0 0 0 0 0 -0.0087245 -0.048327 -0.085597 0.0045564 -0.001805 0.00055465 0 0
0 0 0.021768 0 0 0 0 0 0 0 0 0 0 0.0019245 0.01066 0.018881 -0.001028 0.00034574 -9.0417e-05 0 0
-0 -0 -0.034191 0 0 0 0 0 0 0 0 0 0 -0.0030228 -0.016744 -0.029657 0.001599 -0.00058165 0.00016542 0 0
-0 -0 -0.23604 0 0 0 0 0 0 0 0 0 0 -0.020868 -0.1156 -0.20474 0.010551 -0.0049384 0.0017127 0 0
-0 -0 -0.24976 0 0 0 0 0 0 0 0 0 0 -0.022081 -0.12231 -0.21664 0.011124 -0.005289 0.0018524 0 0
0 0 0.13957 0 0 0 0 0 0 0 0 0 0 0.01234 0.068352 0.12107 -0.0067049 0.0018779 -0.00037686 0 0
-0 -0 -0.3146 0 0 0 0 0 0 0 0 0 0 -0.027813 -0.15406 -0.27288 0.013759 -0.007035 0.0025696 0 0
0 0 0.079233 0 0 0 0 0 0 0 0 0 0 0.0070049 0.038802 0.068725 -0.0037754 0.0011652 -0.00027306 0 0
