0 0 0.019334 0 0 0 0 0 0 0 0 0 0 5.1794e-17 0.0096669 0.016744 -1.8689e-05 0.0016742 -0.00096663 0 0
-0 -0 -0.19946 0 0 0 0 0 0 0 0 0 0 5.1515e-17 -0.099729 -0.17274 -0.0019826 -0.017159 0.0099069 0 0
0 0 0.21921 0 0 0 0 0 0 0 0 0 0 2.3607e-17 0.1096 0.18984 -0.002393 0.018832 -0.010873 0 0
0 0 0.041903 0 0 0 0 0 0 0 0 0 0 5.1813e-17 0.020952 0.036289 -8.7782e-05 0.0036279 -0.0020946 0 0
0 0 0.34616 0 0 0 0 0 0 0 0 0 0 5.3096e-17 0.17308 0.29979 -0.0059318 0.029383 -0.016965 0 0
-0 -0 -0.035252 0 0 0 0 0 0 0 0 0 0 2.4047e-17 -0.017626 -0.030529 -6.213e-05 -0.0030523 0.0017622 0 0
0 0 0.02309 0 0 0 0 0 0 0 0 0 0 5.1796e-17 0.011545 0.019997 -2.6657e-05 0.0019995 -0.0011544 0 0
-0 -0 -0.27978 0 0 0 0 0 0 0 0 0 0 5.2727e-17 -0.13989 -0.2423 -0.0038885 -0.023915 0.013807 0 0
0 0 0.046997 0 0 0 0 0 0 0 0 0 0 5.1817e-17 0.023499 0.040701 -0.00011042 0.0040686 -0.002349 0 0
-0 -0 -0.01891 0 0 0 0 0 0 0 0 0 0 2.4037e-17 -0.0094551 -0.016377 -1.7879e-05 -0.0016376 0.00094546 0 0
-0 -0 -0.17708 0 0 0 0 0 0 0 0 0 0 5.2315e-17 -0.088541 -0.15336 -0.0015638 -0.015256 0.0088079 0 0
-0 -0 -0.045095 0 0 0 0 0 0 0 0 0 0 5.1815e-17 -0.022548 -0.039054 -0.00010166 -0.003904 0.002254 0 0
-0 -0 -0.25368 0 0 0 0 0 0 0 0 0 0 2.3672e-17 -0.12684 -0.21969 -0.0032004 -0.021734 0.012548 0 0
0 0 0.16949 0 0 0 0 0 0 0 0 0 0 5.2292e-17 0.084744 0.14678 -0.0014329 0.014608 -0.0084339 0 0
-0 -0 -0.24787 0 0 0 0 0 0 0 0 0 0 5.1702e-17 -0.12394 -0.21467 -0.0030564 -0.021247 0.012267 0 0
0 0 0.15332 0 0 0 0 0 0 0 0 0 0 5.2246e-17 0.076662 0.13278 -0.0011731 0.013226 -0.0076362 0 0
-0 -0 -0.23829 0 0 0 0 0 0 0 0 0 0 5.1662e-17 -0.11915 -0.20637 -0.0028257 -0.020442 0.011802 0 0
0 0 0.26049 0 0 0 0 0 0 0 0 0 0 5.1758e-17 0.13025 0.22559 -0.0033737 0.022305 -0.012878 0 0
-0 -0 -0.22121 0 0 0 0 0 0 0 0 0 0 5.1594e-17 -0.1106 -0.19157 -0.0024367 -0.019001 0.01097 0 0
-0 -0 -0.042434 0 0 0 0 0 0 0 0 0 0 5.1813e-17 -0.021217 -0.036749 -9.002e-05 -0.0036738 0.0021211 0 0
0 0 0.10636 0 0 0 0 0 0 0 0 0 0 5.1923e-17 0.053179 0.092109 -0.00056507 0.0091936 -0.0053079 0 0
-0 -0 -0.23474 0 0 0 0 0 0 0 0 0 0 5.1647e-17 -0.11737 -0.20329 -0.0027426 -0.020143 0.01163 0 0
-0 -0 -0.22407 0 0 0 0 0 0 0 0 0 0 5.1605e-17 -0.11204 -0.19405 -0.0025 -0.019243 0.01111 0 0
-0 -0 -0.23614 0 0 0 0 0 0 0 0 0 0 5.1653e-17 -0.11807 -0.20451 -0.0027753 -0.020261 0.011698 0 0
-0 -0 -0.29583 0 0 0 0 0 0 0 0 0 0 5.2809e-17 -0.14792 -0.2562 -0.004344 -0.025248 0.014577 0 0
0 0 0.046076 0 0 0 0 0 0 0 0 0 0 2.4051e-17 0.023038 0.039903 -0.00010613 0.0039889 -0.002303 0 0
0 0 0.22851 0 0 0 0 0 0 0 0 0 0 5.1622e-17 0.11426 0.1979 -0.0025996 0.019618 -0.011327 0 0
0 0 0.25568 0 0 0 0 0 0 0 0 0 0 2.3676e-17 0.12784 0.22143 -0.0032509 0.021902 -0.012645 0 0
0 0 0.24683 0 0 0 0 0 0 0 0 0 0 5.1698e-17 0.12342 0.21376 -0.0030308 0.02116 -0.012217 0 0
-0 -0 -0.050512 0 0 0 0 0 0 0 0 0 0 5.1847e-17 -0.025256 -0.043745 -0.00012755 -0.0043726 0.0025245 0 0
-0 -0 -0.29399 0 0 0 0 0 0 0 0 0 0 5.2799e-17 -0.14699 -0.2546 -0.0042904 -0.025095 0.014489 0 0
-0 -0 -0.29231 0 0 0 0 0 0 0 0 0 0 5.279e-17 -0.14615 -0.25315 -0.0042419 -0.024956 0.014408 0 0
-0 -0 -0.1803 0 0 0 0 0 0 0 0 0 0 2.4418e-17 -0.090148 -0.15614 -0.0016209 -0.01553 0.008966 0 0
-0 -0 -0.34653 0 0 0 0 0 0 0 0 0 0 2.4779e-17 -0.17327 -0.30011 -0.0059444 -0.029414 0.016982 0 0
-0 -0 -0.29301 0 0 0 0 0 0 0 0 0 0 5.2794e-17 -0.1465 -0.25375 -0.004262 -0.025013 0.014442 0 0
-0 -0 -0.039865 0 0 0 0 0 0 0 0 0 0 5.1811e-17 -0.019933 -0.034524 -7.9451e-05 -0.0034515 0.0019927 0 0
0 0 0.34614 0 0 0 0 0 0 0 0 0 0 5.3096e-17 0.17307 0.29976 -0.005931 0.029381 -0.016963 0 0
0 0 0.32598 0 0 0 0 0 0 0 0 0 0 2.4722e-17 0.16299 0.28231 -0.0052662 0.027733 -0.016012 0 0
0 0 0.26149 0 0 0 0 0 0 0 0 0 0 2.3688e-17 0.13074 0.22645 -0.0033993 0.022388 -0.012926 0 0
0 0 0.13351 0 0 0 0 0 0 0 0 0 0 5.1979e-17 0.066754 0.11562 -0.00088991 0.011528 -0.0066556 0 0
0 0 0.021114 0 0 0 0 0 0 0 0 0 0 2.4037e-17 0.010557 0.018285 -2.2289e-05 0.0018284 -0.0010556 0 0
0 0 0.33176 0 0 0 0 0 0 0 0 0 0 5.3009e-17 0.16588 0.28731 -0.0054529 0.028207 -0.016285 0 0
0 0 0.14554 0 0 0 0 0 0 0 0 0 0 2.4372e-17 0.07277 0.12604 -0.0010572 0.01256 -0.0072513 0 0
-0 -0 -0.027658 0 0 0 0 0 0 0 0 0 0 5.1791e-17 -0.013829 -0.023952 -3.8245e-05 -0.0023949 0.0013827 0 0
0 0 0.0094765 0 0 0 0 0 0 0 0 0 0 2.4037e-17 0.0047382 0.0082069 -4.4902e-06 0.00082068 -0.00047382 0 0
-0 -0 -0.070828 0 0 0 0 0 0 0 0 0 0 5.176e-17 -0.035414 -0.061339 -0.00025072 -0.0061288 0.0035384 0 0
-0 -0 -0.1609 0 0 0 0 0 0 0 0 0 0 5.2267e-17 -0.080449 -0.13934 -0.0012916 -0.013874 0.0080102 0 0
-0 -0 -0.047234 0 0 0 0 0 0 0 0 0 0 5.1817e-17 -0.023617 -0.040906 -0.00011153 -0.0040891 0.0023608 0 0
-0 -0 -0.085042 0 0 0 0 0 0 0 0 0 0 5.1779e-17 -0.042521 -0.073648 -0.00036139 -0.0073559 0.004247 0 0
-0 -0 -0.21547 0 0 0 0 0 0 0 0 0 0 5.1572e-17 -0.10773 -0.1866 -0.0023124 -0.018516 0.01069 0 0
-0 -0 -0.26266 0 0 0 0 0 0 0 0 0 0 5.1768e-17 -0.13133 -0.22747 -0.0034297 -0.022486 0.012982 0 0
0 0 0.10527 0 0 0 0 0 0 0 0 0 0 5.1921e-17 0.052636 0.091168 -0.00055359 0.0090999 -0.0052538 0 0
-0 -0 -0.25645 0 0 0 0 0 0 0 0 0 0 5.174e-17 -0.12823 -0.22209 -0.0032704 -0.021967 0.012682 0 0
0 0 0.18325 0 0 0 0 0 0 0 0 0 0 5.2334e-17 0.091627 0.1587 -0.0016744 0.015782 -0.0091115 0 0
-0 -0 -0.29288 0 0 0 0 0 0 0 0 0 0 5.2793e-17 -0.14644 -0.25364 -0.0042584 -0.025003 0.014436 0 0
-0 -0 -0.18555 0 0 0 0 0 0 0 0 0 0 2.4426e-17 -0.092773 -0.16069 -0.0017164 -0.015977 0.0092242 0 0
-0 -0 -0.19562 0 0 0 0 0 0 0 0 0 0 2.3569e-17 -0.097809 -0.16941 -0.0019072 -0.016833 0.0097187 0 0
-0 -0 -0.31737 0 0 0 0 0 0 0 0 0 0 2.4699e-17 -0.15868 -0.27485 -0.004994 -0.027026 0.015603 0 0
0 0 0.271 0 0 0 0 0 0 0 0 0 0 5.2684e-17 0.1355 0.23469 -0.0036495 0.023183 -0.013385 0 0
0 0 0.24929 0 0 0 0 0 0 0 0 0 0 5.1708e-17 0.12465 0.21589 -0.0030913 0.021367 -0.012336 0 0
0 0 0.084674 0 0 0 0 0 0 0 0 0 0 5.1778e-17 0.042337 0.07333 -0.00035827 0.0073243 -0.0042287 0 0
0 0 0.083191 0 0 0 0 0 0 0 0 0 0 5.1776e-17 0.041595 0.072045 -0.00034584 0.0071962 -0.0041547 0 0
-0 -0 -0.1573 0 0 0 0 0 0 0 0 0 0 5.2257e-17 -0.078649 -0.13622 -0.0012346 -0.013566 0.0078326 0 0
-0 -0 -0.20158 0 0 0 0 0 0 0 0 0 0 5.1523e-17 -0.10079 -0.17457 -0.0020249 -0.017339 0.010011 0 0
-0 -0 -0.26872 0 0 0 0 0 0 0 0 0 0 5.1795e-17 -0.13436 -0.23272 -0.0035888 -0.022993 0.013275 0 0
-0 -0 -0.25914 0 0 0 0 0 0 0 0 0 0 5.1752e-17 -0.12957 -0.22442 -0.0033389 -0.022192 0.012812 0 0
-0 -0 -0.13612 0 0 0 0 0 0 0 0 0 0 2.4361e-17 -0.068062 -0.11789 -0.00092506 -0.011752 0.0067852 0 0
-0 -0 -0.23559 0 0 0 0 0 0 0 0 0 0 5.1651e-17 -0.1178 -0.20403 -0.0027624 -0.020215 0.011671 0 0
0 0 0.21051 0 0 0 0 0 0 0 0 0 0 2.3593e-17 0.10526 0.18231 -0.0022076 0.018097 -0.010448 0 0
0 0 0.26149 0 0 0 0 0 0 0 0 0 0 5.1762e-17 0.13074 0.22646 -0.0033994 0.022388 -0.012926 0 0
0 0 0.21649 0 0 0 0 0 0 0 0 0 0 5.1576e-17 0.10825 0.18749 -0.0023343 0.018603 -0.01074 0 0
-0 -0 -0.17453 0 0 0 0 0 0 0 0 0 0 5.2307e-17 -0.087265 -0.15115 -0.0015192 -0.015038 0.0086823 0 0
0 0 0.30913 0 0 0 0 0 0 0 0 0 0 5.288e-17 0.15456 0.26771 -0.0047401 0.026347 -0.015211 0 0
0 0 0.28021 0 0 0 0 0 0 0 0 0 0 5.2729e-17 0.14011 0.24267 -0.0039003 0.023951 -0.013828 0 0
0 0 0.10494 0 0 0 0 0 0 0 0 0 0 5.192e-17 0.052468 0.090878 -0.00055008 0.0090711 -0.0052372 0 0
0 0 0.24746 0 0 0 0 0 0 0 0 0 0 2.3659e-17 0.12373 0.2143 -0.0030461 0.021212 -0.012247 0 0
0 0 0.14332 0 0 0 0 0 0 0 0 0 0 5.222e-17 0.071661 0.12412 -0.0010253 0.01237 -0.0071416 0 0
-0 -0 -0.14255 0 0 0 0 0 0 0 0 0 0 5.2218e-17 -0.071275 -0.12345 -0.0010143 -0.012303 0.0071034 0 0
-0 -0 -0.0012309 0 0 0 0 0 0 0 0 0 0 5.1793e-17 -0.00061544 -0.001066 -7.5752e-08 -0.0001066 6.1544e-05 0 0
0 0 0.34058 0 0 0 0 0 0 0 0 0 0 2.4762e-17 0.17029 0.29495 -0.0057439 0.028928 -0.016702 0 0
0 0 0.20778 0 0 0 0 0 0 0 0 0 0 2.3588e-17 0.10389 0.17995 -0.0021509 0.017865 -0.010315 0 0
-0 -0 -0.043759 0 0 0 0 0 0 0 0 0 0 5.1814e-17 -0.02188 -0.037897 -9.5729e-05 -0.0037885 0.0021873 0 0
-0 -0 -0.091682 0 0 0 0 0 0 0 0 0 0 5.1789e-17 -0.045841 -0.079399 -0.00041998 -0.0079287 0.0045777 0 0
0 0 0.31888 0 0 0 0 0 0 0 0 0 0 5.2934e-17 0.15944 0.27615 -0.0050411 0.02715 -0.015675 0 0
0 0 0.28372 0 0 0 0 0 0 0 0 0 0 2.4615e-17 0.14186 0.24571 -0.0039978 0.024242 -0.013996 0 0
0 0 0.046056 0 0 0 0 0 0 0 0 0 0 5.1816e-17 0.023028 0.039885 -0.00010604 0.0039871 -0.002302 0 0
0 0 0.035353 0 0 0 0 0 0 0 0 0 0 5.1809e-17 0.017677 0.030617 -6.2487e-05 0.0030611 -0.0017673 0 0
-0 -0 -0.16377 0 0 0 0 0 0 0 0 0 0 2.4395e-17 -0.081884 -0.14183 -0.001338 -0.014119 0.0081518 0 0
-0 -0 -0.15575 0 0 0 0 0 0 0 0 0 0 5.2253e-17 -0.077877 -0.13489 -0.0012105 -0.013434 0.0077563 0 0
0 0 0.34019 0 0 0 0 0 0 0 0 0 0 5.3059e-17 0.1701 0.29462 -0.005731 0.028897 -0.016683 0 0
-0 -0 -0.28613 0 0 0 0 0 0 0 0 0 0 5.2759e-17 -0.14307 -0.2478 -0.0040658 -0.024443 0.014112 0 0
0 0 0.1404 0 0 0 0 0 0 0 0 0 0 5.2213e-17 0.070199 0.12159 -0.00098397 0.012119 -0.0069969 0 0
-0 -0 -0.28104 0 0 0 0 0 0 0 0 0 0 5.2733e-17 -0.14052 -0.24338 -0.0039231 -0.024019 0.013868 0 0
0 0 0.14131 0 0 0 0 0 0 0 0 0 0 5.2215e-17 0.070654 0.12238 -0.00099672 0.012197 -0.0070419 0 0
-0 -0 -0.21362 0 0 0 0 0 0 0 0 0 0 2.3598e-17 -0.10681 -0.185 -0.002273 -0.01836 0.0106 0 0
0 0 0.33377 0 0 0 0 0 0 0 0 0 0 5.3021e-17 0.16689 0.28905 -0.0055187 0.028372 -0.01638 0 0
0 0 0.066901 0 0 0 0 0 0 0 0 0 0 5.1864e-17 0.03345 0.057938 -0.0002237 0.0057894 -0.0033425 0 0
-0 -0 -0.28838 0 0 0 0 0 0 0 0 0 0 2.4626e-17 -0.14419 -0.24974 -0.0041294 -0.02463 0.01422 0 0
0 0 0.13675 0 0 0 0 0 0 0 0 0 0 5.2204e-17 0.068374 0.11843 -0.00093355 0.011806 -0.0068161 0 0
-0 -0 -0.21245 0 0 0 0 0 0 0 0 0 0 5.1561e-17 -0.10622 -0.18398 -0.0022482 -0.01826 0.010543 0 0
