-0 -0 -0.094964 0 0 0 0 0 0 0 0 0 0 5.1794e-17 -0.047482 -0.082241 0.0040652 -0.012513 0.0072242 0 0
-0 -0 -0.020342 0 0 0 0 0 0 0 0 0 0 5.1795e-17 -0.010171 -0.017617 0.00098599 -0.0026513 0.0015307 0 0
0 0 0.21093 0 0 0 0 0 0 0 0 0 0 5.1556e-17 0.10547 0.18267 -0.013793 0.026239 -0.015149 0 0
-0 -0 -0.22385 0 0 0 0 0 0 0 0 0 0 2.3616e-17 -0.11193 -0.19386 0.0073568 -0.029918 0.017273 0 0
-0 -0 -0.01324 0 0 0 0 0 0 0 0 0 0 5.1796e-17 -0.0066202 -0.011467 0.00064886 -0.0017237 0.0009952 0 0
0 0 0.27687 0 0 0 0 0 0 0 0 0 0 5.2713e-17 0.13843 0.23977 -0.01938 0.033859 -0.019549 0 0
-0 -0 -0.13607 0 0 0 0 0 0 0 0 0 0 5.2203e-17 -0.068037 -0.11784 0.0053961 -0.018022 0.010405 0 0
-0 -0 -0.20361 0 0 0 0 0 0 0 0 0 0 5.153e-17 -0.1018 -0.17633 0.0070117 -0.027162 0.015682 0 0
-0 -0 -0.035127 0 0 0 0 0 0 0 0 0 0 2.4047e-17 -0.017563 -0.030421 0.0016634 -0.0045889 0.0026494 0 0
0 0 0.012613 0 0 0 0 0 0 0 0 0 0 5.1796e-17 0.0063067 0.010924 -0.00064259 0.0016351 -0.000944 0 0
0 0 0.17463 0 0 0 0 0 0 0 0 0 0 2.441e-17 0.087316 0.15123 -0.010969 0.021912 -0.012651 0 0
-0 -0 -0.14333 0 0 0 0 0 0 0 0 0 0 5.222e-17 -0.071667 -0.12413 0.005604 -0.019 0.01097 0 0
-0 -0 -0.11193 0 0 0 0 0 0 0 0 0 0 5.1933e-17 -0.055966 -0.096935 0.0046462 -0.014781 0.0085338 0 0
0 0 0.24364 0 0 0 0 0 0 0 0 0 0 5.1684e-17 0.12182 0.211 -0.016492 0.030059 -0.017354 0 0
-0 -0 -0.19754 0 0 0 0 0 0 0 0 0 0 5.1509e-17 -0.098772 -0.17108 0.0068958 -0.026337 0.015206 0 0
-0 -0 -0.29661 0 0 0 0 0 0 0 0 0 0 5.2813e-17 -0.1483 -0.25687 0.0080639 -0.039858 0.023012 0 0
-0 -0 -0.33529 0 0 0 0 0 0 0 0 0 0 5.303e-17 -0.16765 -0.29037 0.0080994 -0.045155 0.02607 0 0
0 0 0.089403 0 0 0 0 0 0 0 0 0 0 5.1785e-17 0.044701 0.077425 -0.0050632 0.011425 -0.0065964 0 0
0 0 0.1421 0 0 0 0 0 0 0 0 0 0 5.2217e-17 0.07105 0.12306 -0.008593 0.017961 -0.01037 0 0
-0 -0 -0.2039 0 0 0 0 0 0 0 0 0 0 2.3582e-17 -0.10195 -0.17658 0.0070172 -0.027202 0.015705 0 0
-0 -0 -0.1322 0 0 0 0 0 0 0 0 0 0 5.1976e-17 -0.066101 -0.11449 0.005282 -0.017501 0.010104 0 0
0 0 0.3155 0 0 0 0 0 0 0 0 0 0 2.4694e-17 0.15775 0.27323 -0.022918 0.03817 -0.022038 0 0
-0 -0 -0.34816 0 0 0 0 0 0 0 0 0 0 2.4784e-17 -0.17408 -0.30152 0.0080587 -0.046917 0.027088 0 0
0 0 0.16716 0 0 0 0 0 0 0 0 0 0 5.2285e-17 0.083582 0.14477 -0.01041 0.021011 -0.012131 0 0
0 0 0.2562 0 0 0 0 0 0 0 0 0 0 5.1738e-17 0.1281 0.22188 -0.017566 0.031505 -0.018189 0 0
-0 -0 -0.10332 0 0 0 0 0 0 0 0 0 0 2.4112e-17 -0.051661 -0.089479 0.0043569 -0.013629 0.0078686 0 0
0 0 0.24078 0 0 0 0 0 0 0 0 0 0 2.3647e-17 0.12039 0.20852 -0.01625 0.029728 -0.017163 0 0
0 0 0.26762 0 0 0 0 0 0 0 0 0 0 5.179e-17 0.13381 0.23176 -0.018561 0.03281 -0.018943 0 0
-0 -0 -0.10111 0 0 0 0 0 0 0 0 0 0 5.1913e-17 -0.050555 -0.087563 0.0042808 -0.013333 0.007698 0 0
-0 -0 -0.3128 0 0 0 0 0 0 0 0 0 0 5.29e-17 -0.1564 -0.27089 0.0081075 -0.042075 0.024292 0 0
-0 -0 -0.14307 0 0 0 0 0 0 0 0 0 0 5.222e-17 -0.071533 -0.1239 0.0055965 -0.018964 0.010949 0 0
0 0 0.32339 0 0 0 0 0 0 0 0 0 0 2.4715e-17 0.1617 0.28007 -0.023665 0.039037 -0.022538 0 0
0 0 0.28224 0 0 0 0 0 0 0 0 0 0 2.4612e-17 0.14112 0.24442 -0.01986 0.034465 -0.019899 0 0
0 0 0.20546 0 0 0 0 0 0 0 0 0 0 5.1536e-17 0.10273 0.17794 -0.013356 0.025592 -0.014776 0 0
-0 -0 -0.19436 0 0 0 0 0 0 0 0 0 0 5.1498e-17 -0.097182 -0.16832 0.0068327 -0.025905 0.014956 0 0
0 0 0.062497 0 0 0 0 0 0 0 0 0 0 5.1859e-17 0.031248 0.054124 -0.0034156 0.0080287 -0.0046354 0 0
0 0 0.27325 0 0 0 0 0 0 0 0 0 0 5.2695e-17 0.13662 0.23664 -0.019058 0.033449 -0.019312 0 0
0 0 0.14616 0 0 0 0 0 0 0 0 0 0 2.4373e-17 0.073081 0.12658 -0.0088815 0.018458 -0.010657 0 0
0 0 0.11832 0 0 0 0 0 0 0 0 0 0 5.1946e-17 0.05916 0.10247 -0.0069509 0.015032 -0.0086785 0 0
0 0 0.15475 0 0 0 0 0 0 0 0 0 0 2.4383e-17 0.077377 0.13402 -0.0094994 0.019506 -0.011262 0 0
0 0 0.24285 0 0 0 0 0 0 0 0 0 0 5.1681e-17 0.12143 0.21032 -0.016425 0.029968 -0.017302 0 0
-0 -0 -0.25736 0 0 0 0 0 0 0 0 0 0 2.3679e-17 -0.12868 -0.22288 0.0077862 -0.034491 0.019913 0 0
0 0 0.12439 0 0 0 0 0 0 0 0 0 0 5.1959e-17 0.062196 0.10773 -0.0073626 0.015783 -0.0091122 0 0
0 0 0.1992 0 0 0 0 0 0 0 0 0 0 5.1514e-17 0.099598 0.17251 -0.01286 0.024849 -0.014347 0 0
0 0 0.091444 0 0 0 0 0 0 0 0 0 0 2.3994e-17 0.045722 0.079192 -0.0051925 0.011681 -0.0067443 0 0
0 0 0.15997 0 0 0 0 0 0 0 0 0 0 5.2264e-17 0.079985 0.13854 -0.0098796 0.020139 -0.011627 0 0
0 0 0.31536 0 0 0 0 0 0 0 0 0 0 5.2914e-17 0.15768 0.27311 -0.022905 0.038155 -0.022029 0 0
-0 -0 -0.22797 0 0 0 0 0 0 0 0 0 0 2.3623e-17 -0.11399 -0.19743 0.0074192 -0.030479 0.017597 0 0
0 0 0.31874 0 0 0 0 0 0 0 0 0 0 5.2933e-17 0.15937 0.27604 -0.023224 0.038527 -0.022244 0 0
0 0 0.12624 0 0 0 0 0 0 0 0 0 0 2.4133e-17 0.063122 0.10933 -0.0074892 0.016011 -0.0092442 0 0
0 0 0.19939 0 0 0 0 0 0 0 0 0 0 5.1515e-17 0.099695 0.17268 -0.012876 0.024872 -0.01436 0 0
-0 -0 -0.23174 0 0 0 0 0 0 0 0 0 0 5.1635e-17 -0.11587 -0.20069 0.0074738 -0.030993 0.017894 0 0
0 0 0.025114 0 0 0 0 0 0 0 0 0 0 2.4031e-17 0.012557 0.02175 -0.0013029 0.0032485 -0.0018755 0 0
0 0 0.038101 0 0 0 0 0 0 0 0 0 0 5.181e-17 0.01905 0.032996 -0.0020134 0.0049168 -0.0028387 0 0
0 0 0.1027 0 0 0 0 0 0 0 0 0 0 5.1916e-17 0.051349 0.088938 -0.0059161 0.013089 -0.007557 0 0
0 0 0.053207 0 0 0 0 0 0 0 0 0 0 5.1849e-17 0.026604 0.046079 -0.0028714 0.0068473 -0.0039533 0 0
0 0 0.24489 0 0 0 0 0 0 0 0 0 0 5.1689e-17 0.12244 0.21208 -0.016598 0.030203 -0.017438 0 0
-0 -0 -0.26356 0 0 0 0 0 0 0 0 0 0 2.3692e-17 -0.13178 -0.22825 0.0078463 -0.035338 0.020402 0 0
0 0 0.16531 0 0 0 0 0 0 0 0 0 0 2.4397e-17 0.082656 0.14316 -0.010273 0.020787 -0.012001 0 0
-0 -0 -0.25022 0 0 0 0 0 0 0 0 0 0 5.1712e-17 -0.12511 -0.2167 0.0077096 -0.033515 0.01935 0 0
-0 -0 -0.040358 0 0 0 0 0 0 0 0 0 0 5.1812e-17 -0.020179 -0.034951 0.0018952 -0.0052765 0.0030464 0 0
-0 -0 -0.25396 0 0 0 0 0 0 0 0 0 0 5.1729e-17 -0.12698 -0.21993 0.0077507 -0.034025 0.019644 0 0
-0 -0 -0.2691 0 0 0 0 0 0 0 0 0 0 2.3704e-17 -0.13455 -0.23304 0.0078947 -0.036094 0.020839 0 0
-0 -0 -0.31835 0 0 0 0 0 0 0 0 0 0 5.2931e-17 -0.15917 -0.2757 0.008113 -0.042835 0.024731 0 0
0 0 0.31264 0 0 0 0 0 0 0 0 0 0 5.2899e-17 0.15632 0.27075 -0.022649 0.037855 -0.021856 0 0
0 0 0.2859 0 0 0 0 0 0 0 0 0 0 5.2757e-17 0.14295 0.2476 -0.02019 0.034878 -0.020137 0 0
0 0 0.28893 0 0 0 0 0 0 0 0 0 0 5.2773e-17 0.14447 0.25022 -0.020464 0.035219 -0.020333 0 0
-0 -0 -0.11886 0 0 0 0 0 0 0 0 0 0 5.1947e-17 -0.059432 -0.10294 0.0048708 -0.01571 0.0090702 0 0
0 0 0.073625 0 0 0 0 0 0 0 0 0 0 5.1763e-17 0.036813 0.063761 -0.0040843 0.0094382 -0.0054492 0 0
-0 -0 -0.13812 0 0 0 0 0 0 0 0 0 0 5.2208e-17 -0.069058 -0.11961 0.0054554 -0.018297 0.010564 0 0
-0 -0 -0.26266 0 0 0 0 0 0 0 0 0 0 5.1768e-17 -0.13133 -0.22747 0.007838 -0.035215 0.020332 0 0
-0 -0 -0.11039 0 0 0 0 0 0 0 0 0 0 5.193e-17 -0.055193 -0.095598 0.0045952 -0.014574 0.0084144 0 0
0 0 0.24645 0 0 0 0 0 0 0 0 0 0 5.1696e-17 0.12323 0.21343 -0.016731 0.030384 -0.017542 0 0
0 0 0.13758 0 0 0 0 0 0 0 0 0 0 2.4363e-17 0.068792 0.11915 -0.0082749 0.017407 -0.01005 0 0
-0 -0 -0.19985 0 0 0 0 0 0 0 0 0 0 5.1517e-17 -0.099925 -0.17307 0.0069406 -0.026651 0.015387 0 0
0 0 0.22543 0 0 0 0 0 0 0 0 0 0 2.3618e-17 0.11272 0.19523 -0.014972 0.027941 -0.016132 0 0
-0 -0 -0.32807 0 0 0 0 0 0 0 0 0 0 2.4727e-17 -0.16403 -0.28412 0.0081107 -0.044166 0.025499 0 0
0 0 0.2966 0 0 0 0 0 0 0 0 0 0 5.2813e-17 0.1483 0.25687 -0.021163 0.036077 -0.020829 0 0
0 0 0.17142 0 0 0 0 0 0 0 0 0 0 2.4405e-17 0.085711 0.14846 -0.010728 0.021525 -0.012427 0 0
-0 -0 -0.23185 0 0 0 0 0 0 0 0 0 0 5.1636e-17 -0.11592 -0.20079 0.0074753 -0.031007 0.017902 0 0
-0 -0 -0.16721 0 0 0 0 0 0 0 0 0 0 5.2285e-17 -0.083603 -0.14481 0.0062295 -0.022224 0.012831 0 0
0 0 0.088304 0 0 0 0 0 0 0 0 0 0 5.1784e-17 0.044152 0.076473 -0.0049939 0.011287 -0.0065168 0 0
-0 -0 -0.081685 0 0 0 0 0 0 0 0 0 0 5.1774e-17 -0.040842 -0.070741 0.0035796 -0.010744 0.0062029 0 0
-0 -0 -0.066094 0 0 0 0 0 0 0 0 0 0 5.1863e-17 -0.033047 -0.057239 0.0029748 -0.0086742 0.005008 0 0
-0 -0 -0.27741 0 0 0 0 0 0 0 0 0 0 5.2715e-17 -0.1387 -0.24024 0.0079585 -0.037231 0.021495 0 0
0 0 0.16703 0 0 0 0 0 0 0 0 0 0 5.2284e-17 0.083513 0.14465 -0.0104 0.020994 -0.012121 0 0
-0 -0 -0.22982 0 0 0 0 0 0 0 0 0 0 5.1628e-17 -0.11491 -0.19903 0.0074462 -0.03073 0.017742 0 0
0 0 0.10728 0 0 0 0 0 0 0 0 0 0 5.1924e-17 0.05364 0.092908 -0.0062161 0.013661 -0.0078869 0 0
0 0 0.33613 0 0 0 0 0 0 0 0 0 0 5.3035e-17 0.16806 0.29109 -0.024886 0.040423 -0.023338 0 0
0 0 0.15955 0 0 0 0 0 0 0 0 0 0 5.2263e-17 0.079773 0.13817 -0.0098486 0.020088 -0.011598 0 0
-0 -0 -0.18192 0 0 0 0 0 0 0 0 0 0 2.4421e-17 -0.09096 -0.15755 0.0065706 -0.024216 0.013981 0 0
0 0 0.26133 0 0 0 0 0 0 0 0 0 0 5.1762e-17 0.13067 0.22632 -0.018011 0.032093 -0.018529 0 0
-0 -0 -0.16777 0 0 0 0 0 0 0 0 0 0 5.2287e-17 -0.083883 -0.14529 0.006243 -0.022299 0.012874 0 0
-0 -0 -0.17574 0 0 0 0 0 0 0 0 0 0 5.2311e-17 -0.08787 -0.15219 0.0064314 -0.023379 0.013498 0 0
-0 -0 -0.063521 0 0 0 0 0 0 0 0 0 0 5.186e-17 -0.031761 -0.055011 0.0028714 -0.0083334 0.0048113 0 0
0 0 0.11594 0 0 0 0 0 0 0 0 0 0 5.1941e-17 0.057969 0.1004 -0.0067909 0.014736 -0.008508 0 0
-0 -0 -0.01316 0 0 0 0 0 0 0 0 0 0 5.1796e-17 -0.0065799 -0.011397 0.00064498 -0.0017132 0.00098912 0 0
-0 -0 -0.10684 0 0 0 0 0 0 0 0 0 0 5.1924e-17 -0.05342 -0.092526 0.0044765 -0.014099 0.0081403 0 0
0 0 0.12754 0 0 0 0 0 0 0 0 0 0 5.1966e-17 0.063768 0.11045 -0.0075778 0.016171 -0.0093363 0 0
0 0 0.25418 0 0 0 0 0 0 0 0 0 0 5.173e-17 0.12709 0.22013 -0.017392 0.031273 -0.018056 0 0
