-0 -0 -0.19684 0 0 0 0 0 0 0 0 0 0 -0.025772 -0.093902 -0.17107 -0.016512 -0.020272 0.013615 0 0
0 0 0.2293 0 0 0 0 0 0 0 0 0 0 0.030022 0.10939 0.19928 0.012853 0.02704 -0.016779 0 0
0 0 0.28992 0 0 0 0 0 0 0 0 0 0 0.037958 0.1383 0.25196 0.015016 0.034639 -0.021276 0 0
-0 -0 -0.27364 0 0 0 0 0 0 0 0 0 0 -0.035827 -0.13054 -0.23781 -0.024188 -0.027259 0.018607 0 0
-0 -0 -0.074894 0 0 0 0 0 0 0 0 0 0 -0.0098057 -0.035728 -0.065088 -0.0057196 -0.0080841 0.0052991 0 0
0 0 0.30271 0 0 0 0 0 0 0 0 0 0 0.039633 0.14441 0.26308 0.015404 0.036261 -0.022225 0 0
-0 -0 -0.11423 0 0 0 0 0 0 0 0 0 0 -0.014956 -0.054494 -0.099276 -0.009006 -0.012154 0.0080283 0 0
-0 -0 -0.26169 0 0 0 0 0 0 0 0 0 0 -0.034262 -0.12484 -0.22742 -0.022951 -0.026209 0.017844 0 0
-0 -0 -0.028124 0 0 0 0 0 0 0 0 0 0 -0.0036822 -0.013416 -0.024441 -0.0020637 -0.0030852 0.0020044 0 0
-0 -0 -0.019437 0 0 0 0 0 0 0 0 0 0 -0.0025448 -0.0092722 -0.016892 -0.0014154 -0.0021384 0.001387 0 0
0 0 0.067486 0 0 0 0 0 0 0 0 0 0 0.0088358 0.032194 0.05865 0.0045287 0.0076294 -0.0048701 0 0
-0 -0 -0.10345 0 0 0 0 0 0 0 0 0 0 -0.013544 -0.04935 -0.089904 -0.0080862 -0.011051 0.0072842 0 0
0 0 0.14815 0 0 0 0 0 0 0 0 0 0 0.019397 0.070673 0.12875 0.0091343 0.017127 -0.010777 0 0
-0 -0 -0.15828 0 0 0 0 0 0 0 0 0 0 -0.020723 -0.075505 -0.13755 -0.012908 -0.016557 0.011033 0 0
0 0 0.20318 0 0 0 0 0 0 0 0 0 0 0.026602 0.096927 0.17658 0.011758 0.023814 -0.014843 0 0
0 0 0.17307 0 0 0 0 0 0 0 0 0 0 0.02266 0.082563 0.15041 0.010375 0.020136 -0.012616 0 0
-0 -0 -0.17148 0 0 0 0 0 0 0 0 0 0 -0.022451 -0.081802 -0.14903 -0.014122 -0.017844 0.011922 0 0
0 0 0.23155 0 0 0 0 0 0 0 0 0 0 0.030316 0.11046 0.20123 0.012942 0.027319 -0.016945 0 0
0 0 0.32091 0 0 0 0 0 0 0 0 0 0 0.042016 0.15309 0.27889 0.015916 0.038578 -0.023574 0 0
0 0 0.18658 0 0 0 0 0 0 0 0 0 0 0.024429 0.089009 0.16216 0.011011 0.021781 -0.013615 0 0
-0 -0 -0.3197 0 0 0 0 0 0 0 0 0 0 -0.041858 -0.15251 -0.27784 -0.029094 -0.031172 0.021494 0 0
-0 -0 -0.13952 0 0 0 0 0 0 0 0 0 0 -0.018267 -0.066556 -0.12125 -0.011218 -0.014702 0.0097602 0 0
-0 -0 -0.20052 0 0 0 0 0 0 0 0 0 0 -0.026254 -0.095659 -0.17427 -0.016865 -0.02062 0.013859 0 0
0 0 0.10166 0 0 0 0 0 0 0 0 0 0 0.01331 0.048497 0.088351 0.006589 0.011606 -0.0073634 0 0
-0 -0 -0.29398 0 0 0 0 0 0 0 0 0 0 -0.03849 -0.14024 -0.25549 -0.026327 -0.029013 0.019892 0 0
0 0 0.17011 0 0 0 0 0 0 0 0 0 0 0.022273 0.081152 0.14784 0.010233 0.019778 -0.012398 0 0
0 0 0.23739 0 0 0 0 0 0 0 0 0 0 0.03108 0.11324 0.20631 0.013172 0.028044 -0.017378 0 0
-0 -0 -0.14291 0 0 0 0 0 0 0 0 0 0 -0.01871 -0.068173 -0.1242 -0.01152 -0.01504 0.0099909 0 0
-0 -0 -0.11438 0 0 0 0 0 0 0 0 0 0 -0.014975 -0.054562 -0.099401 -0.0090182 -0.012169 0.0080382 0 0
0 0 0.15029 0 0 0 0 0 0 0 0 0 0 0.019677 0.071695 0.13061 0.0092443 0.017384 -0.010935 0 0
-0 -0 -0.16665 0 0 0 0 0 0 0 0 0 0 -0.021819 -0.079501 -0.14483 -0.013676 -0.017375 0.011598 0 0
-0 -0 -0.0099749 0 0 0 0 0 0 0 0 0 0 -0.001306 -0.0047584 -0.0086689 -0.00072024 -0.0011009 0.00071278 0 0
0 0 0.030128 0 0 0 0 0 0 0 0 0 0 0.0039445 0.014372 0.026183 0.0020963 0.0033677 -0.0021644 0 0
0 0 0.038712 0 0 0 0 0 0 0 0 0 0 0.0050685 0.018467 0.033643 0.0026717 0.0043388 -0.0027841 0 0
-0 -0 -0.12193 0 0 0 0 0 0 0 0 0 0 -0.015963 -0.058164 -0.10596 -0.0096708 -0.012935 0.0085572 0 0
0 0 0.21066 0 0 0 0 0 0 0 0 0 0 0.027581 0.10049 0.18308 0.012081 0.024735 -0.015397 0 0
0 0 0.24871 0 0 0 0 0 0 0 0 0 0 0.032562 0.11864 0.21614 0.013603 0.029456 -0.018218 0 0
0 0 0.25021 0 0 0 0 0 0 0 0 0 0 0.032759 0.11936 0.21745 0.013659 0.029644 -0.018329 0 0
0 0 0.021703 0 0 0 0 0 0 0 0 0 0 0.0028415 0.010353 0.018861 0.0015222 0.0024196 -0.0015575 0 0
-0 -0 -0.20178 0 0 0 0 0 0 0 0 0 0 -0.026419 -0.096259 -0.17536 -0.016986 -0.020739 0.013943 0 0
-0 -0 -0.093582 0 0 0 0 0 0 0 0 0 0 -0.012252 -0.044643 -0.081329 -0.007257 -0.010033 0.0066007 0 0
0 0 0.30191 0 0 0 0 0 0 0 0 0 0 0.039528 0.14402 0.26238 0.015381 0.036159 -0.022165 0 0
-0 -0 -0.23301 0 0 0 0 0 0 0 0 0 0 -0.030508 -0.11116 -0.2025 -0.020046 -0.023633 0.015992 0 0
-0 -0 -0.21844 0 0 0 0 0 0 0 0 0 0 -0.028599 -0.1042 -0.18984 -0.018604 -0.022293 0.01504 0 0
0 0 0.20281 0 0 0 0 0 0 0 0 0 0 0.026553 0.096748 0.17625 0.011741 0.023768 -0.014815 0 0
0 0 0.26541 0 0 0 0 0 0 0 0 0 0 0.03475 0.12661 0.23066 0.014205 0.031549 -0.019458 0 0
-0 -0 -0.31904 0 0 0 0 0 0 0 0 0 0 -0.041771 -0.15219 -0.27727 -0.029022 -0.031117 0.021453 0 0
-0 -0 -0.21993 0 0 0 0 0 0 0 0 0 0 -0.028795 -0.10492 -0.19113 -0.018751 -0.022431 0.015138 0 0
-0 -0 -0.34618 0 0 0 0 0 0 0 0 0 0 -0.045325 -0.16514 -0.30086 -0.032013 -0.033324 0.023115 0 0
0 0 0.26903 0 0 0 0 0 0 0 0 0 0 0.035224 0.12834 0.23381 0.01433 0.032004 -0.019726 0 0
0 0 0.16263 0 0 0 0 0 0 0 0 0 0 0.021293 0.077582 0.14134 0.0098659 0.018872 -0.011845 0 0
-0 -0 -0.18447 0 0 0 0 0 0 0 0 0 0 -0.024153 -0.088001 -0.16032 -0.015337 -0.019095 0.012792 0 0
0 0 0.17713 0 0 0 0 0 0 0 0 0 0 0.023191 0.084497 0.15393 0.010569 0.020629 -0.012916 0 0
-0 -0 -0.3021 0 0 0 0 0 0 0 0 0 0 -0.039553 -0.14412 -0.26255 -0.027194 -0.029702 0.020401 0 0
0 0 0.29617 0 0 0 0 0 0 0 0 0 0 0.038776 0.14128 0.25739 0.015209 0.03543 -0.021739 0 0
0 0 0.11569 0 0 0 0 0 0 0 0 0 0 0.015147 0.05519 0.10054 0.0073886 0.013259 -0.0083914 0 0
0 0 0.1733 0 0 0 0 0 0 0 0 0 0 0.022689 0.08267 0.15061 0.010386 0.020164 -0.012633 0 0
-0 -0 -0.18978 0 0 0 0 0 0 0 0 0 0 -0.024847 -0.090533 -0.16493 -0.015839 -0.019602 0.013146 0 0
0 0 0.091567 0 0 0 0 0 0 0 0 0 0 0.011989 0.043682 0.079579 0.005997 0.010424 -0.0066254 0 0
-0 -0 -0.030539 0 0 0 0 0 0 0 0 0 0 -0.0039983 -0.014568 -0.02654 -0.0022457 -0.0033474 0.0021757 0 0
-0 -0 -0.25162 0 0 0 0 0 0 0 0 0 0 -0.032944 -0.12004 -0.21868 -0.021921 -0.025314 0.017197 0 0
-0 -0 -0.31417 0 0 0 0 0 0 0 0 0 0 -0.041134 -0.14987 -0.27304 -0.028494 -0.030714 0.021152 0 0
0 0 0.30734 0 0 0 0 0 0 0 0 0 0 0.040239 0.14661 0.2671 0.015539 0.036849 -0.022568 0 0
0 0 0.19727 0 0 0 0 0 0 0 0 0 0 0.025828 0.094105 0.17144 0.011496 0.023088 -0.014405 0 0
0 0 0.28461 0 0 0 0 0 0 0 0 0 0 0.037263 0.13577 0.24734 0.014848 0.033967 -0.020882 0 0
0 0 0.28362 0 0 0 0 0 0 0 0 0 0 0.037134 0.1353 0.24649 0.014816 0.033843 -0.020809 0 0
0 0 0.10493 0 0 0 0 0 0 0 0 0 0 0.013739 0.050058 0.091194 0.0067778 0.011991 -0.0076029 0 0
0 0 0.29691 0 0 0 0 0 0 0 0 0 0 0.038874 0.14164 0.25804 0.015231 0.035524 -0.021794 0 0
-0 -0 -0.27616 0 0 0 0 0 0 0 0 0 0 -0.036157 -0.13174 -0.24 -0.02445 -0.027478 0.018767 0 0
0 0 0.16193 0 0 0 0 0 0 0 0 0 0 0.021201 0.077249 0.14073 0.0098313 0.018787 -0.011794 0 0
0 0 0.22211 0 0 0 0 0 0 0 0 0 0 0.02908 0.10596 0.19303 0.012561 0.026149 -0.016246 0 0
-0 -0 -0.073931 0 0 0 0 0 0 0 0 0 0 -0.0096796 -0.035268 -0.064251 -0.0056415 -0.0079828 0.0052318 0 0
-0 -0 -0.21403 0 0 0 0 0 0 0 0 0 0 -0.028022 -0.1021 -0.186 -0.018173 -0.021884 0.01475 0 0
-0 -0 -0.077228 0 0 0 0 0 0 0 0 0 0 -0.010111 -0.036841 -0.067117 -0.0059093 -0.0083291 0.0054622 0 0
-0 -0 -0.33192 0 0 0 0 0 0 0 0 0 0 -0.043457 -0.15834 -0.28846 -0.030432 -0.032174 0.022245 0 0
-0 -0 -0.068132 0 0 0 0 0 0 0 0 0 0 -0.0089204 -0.032502 -0.059212 -0.005174 -0.0073718 0.004826 0 0
-0 -0 -0.19147 0 0 0 0 0 0 0 0 0 0 -0.025069 -0.091341 -0.1664 -0.016 -0.019763 0.013259 0 0
0 0 0.24254 0 0 0 0 0 0 0 0 0 0 0.031755 0.1157 0.21078 0.01337 0.028686 -0.01776 0 0
-0 -0 -0.026332 0 0 0 0 0 0 0 0 0 0 -0.0034476 -0.012562 -0.022885 -0.0019292 -0.0028904 0.0018772 0 0
-0 -0 -0.25949 0 0 0 0 0 0 0 0 0 0 -0.033975 -0.12379 -0.22552 -0.022725 -0.026014 0.017703 0 0
-0 -0 -0.015936 0 0 0 0 0 0 0 0 0 0 -0.0020865 -0.0076024 -0.01385 -0.0011569 -0.0017554 0.0011378 0 0
-0 -0 -0.047044 0 0 0 0 0 0 0 0 0 0 -0.0061593 -0.022442 -0.040884 -0.0035093 -0.0051277 0.0033433 0 0
0 0 0.21618 0 0 0 0 0 0 0 0 0 0 0.028304 0.10313 0.18788 0.012315 0.025416 -0.015806 0 0
0 0 0.06701 0 0 0 0 0 0 0 0 0 0 0.0087734 0.031967 0.058236 0.0044988 0.0075745 -0.0048355 0 0
0 0 0.022795 0 0 0 0 0 0 0 0 0 0 0.0029845 0.010874 0.01981 0.0015971 0.0025423 -0.0016361 0 0
0 0 0.10947 0 0 0 0 0 0 0 0 0 0 0.014332 0.052221 0.095135 0.0070372 0.012525 -0.0079351 0 0
-0 -0 -0.04628 0 0 0 0 0 0 0 0 0 0 -0.0060593 -0.022078 -0.040221 -0.00345 -0.0050458 0.0032894 0 0
-0 -0 -0.29364 0 0 0 0 0 0 0 0 0 0 -0.038445 -0.14008 -0.25519 -0.026291 -0.028984 0.019871 0 0
0 0 0.23069 0 0 0 0 0 0 0 0 0 0 0.030204 0.11005 0.20049 0.012908 0.027212 -0.016882 0 0
-0 -0 -0.091219 0 0 0 0 0 0 0 0 0 0 -0.011943 -0.043516 -0.079276 -0.0070603 -0.0097884 0.0064366 0 0
-0 -0 -0.031446 0 0 0 0 0 0 0 0 0 0 -0.0041171 -0.015001 -0.027328 -0.0023142 -0.0034458 0.0022401 0 0
0 0 0.17652 0 0 0 0 0 0 0 0 0 0 0.023111 0.084206 0.1534 0.01054 0.020555 -0.01287 0 0
-0 -0 -0.042372 0 0 0 0 0 0 0 0 0 0 -0.0055477 -0.020213 -0.036824 -0.0031481 -0.0046259 0.0030135 0 0
-0 -0 -0.22282 0 0 0 0 0 0 0 0 0 0 -0.029173 -0.1063 -0.19365 -0.019036 -0.022698 0.015327 0 0
-0 -0 -0.13017 0 0 0 0 0 0 0 0 0 0 -0.017043 -0.062098 -0.11313 -0.010391 -0.013767 0.0091223 0 0
0 0 0.07341 0 0 0 0 0 0 0 0 0 0 0.0096114 0.03502 0.063799 0.0048972 0.0083135 -0.0053012 0 0
-0 -0 -0.31493 0 0 0 0 0 0 0 0 0 0 -0.041234 -0.15024 -0.2737 -0.028577 -0.030777 0.021199 0 0
-0 -0 -0.16923 0 0 0 0 0 0 0 0 0 0 -0.022157 -0.080729 -0.14707 -0.013914 -0.017626 0.011771 0 0
0 0 0.013456 0 0 0 0 0 0 0 0 0 0 0.0017617 0.0064189 0.011694 0.00095101 0.0014963 -0.00096459 0 0
0 0 0.32249 0 0 0 0 0 0 0 0 0 0 0.042223 0.15384 0.28027 0.015958 0.03878 -0.023691 0 0
