-0 -0 -0.21446 0 0 0 0 0 0 0 0 0 0 -0.01896 -0.10503 -0.18602 0.015264 -0.037887 0.019835 0 0
0 0 0.26074 0 0 0 0 0 0 0 0 0 0 0.023052 0.12769 0.22617 -0.030193 0.041444 -0.020321 0 0
0 0 0.32103 0 0 0 0 0 0 0 0 0 0 0.028382 0.15722 0.27846 -0.038803 0.050025 -0.024288 0 0
-0 -0 -0.34572 0 0 0 0 0 0 0 0 0 0 -0.030565 -0.16931 -0.29987 0.01999 -0.061967 0.032949 0 0
0 0 0.31099 0 0 0 0 0 0 0 0 0 0 0.027494 0.1523 0.26975 -0.03733 0.048625 -0.023649 0 0
-0 -0 -0.32674 0 0 0 0 0 0 0 0 0 0 -0.028887 -0.16001 -0.28341 0.019529 -0.058464 0.031018 0 0
0 0 0.18146 0 0 0 0 0 0 0 0 0 0 0.016042 0.088863 0.15739 -0.019758 0.029535 -0.014661 0 0
0 0 0.21865 0 0 0 0 0 0 0 0 0 0 0.019331 0.10708 0.18965 -0.024523 0.035206 -0.017377 0 0
0 0 0.074561 0 0 0 0 0 0 0 0 0 0 0.0065919 0.036514 0.064674 -0.0073955 0.012481 -0.0062927 0 0
-0 -0 -0.27507 0 0 0 0 0 0 0 0 0 0 -0.024319 -0.13471 -0.23859 0.017892 -0.048957 0.025817 0 0
0 0 0.26708 0 0 0 0 0 0 0 0 0 0 0.023612 0.13079 0.23166 -0.03107 0.042365 -0.020752 0 0
0 0 0.33033 0 0 0 0 0 0 0 0 0 0 0.029204 0.16177 0.28652 -0.04018 0.051309 -0.024873 0 0
0 0 0.1062 0 0 0 0 0 0 0 0 0 0 0.0093892 0.052009 0.092118 -0.010843 0.017638 -0.0088532 0 0
0 0 0.045797 0 0 0 0 0 0 0 0 0 0 0.0040489 0.022428 0.039724 -0.0044198 0.0077179 -0.003907 0 0
-0 -0 -0.15602 0 0 0 0 0 0 0 0 0 0 -0.013794 -0.076406 -0.13533 0.012015 -0.027331 0.014206 0 0
0 0 0.20657 0 0 0 0 0 0 0 0 0 0 0.018263 0.10116 0.17918 -0.022951 0.03338 -0.016507 0 0
-0 -0 -0.20088 0 0 0 0 0 0 0 0 0 0 -0.01776 -0.098374 -0.17424 0.014571 -0.035422 0.018514 0 0
0 0 0.090276 0 0 0 0 0 0 0 0 0 0 0.0079812 0.04421 0.078304 -0.0090853 0.015053 -0.0075729 0 0
0 0 0.1555 0 0 0 0 0 0 0 0 0 0 0.013748 0.076152 0.13488 -0.016572 0.025493 -0.012704 0 0
0 0 0.15292 0 0 0 0 0 0 0 0 0 0 0.01352 0.07489 0.13264 -0.016262 0.025089 -0.012507 0 0
0 0 0.30145 0 0 0 0 0 0 0 0 0 0 0.026651 0.14762 0.26147 -0.035944 0.047284 -0.023033 0 0
-0 -0 -0.33221 0 0 0 0 0 0 0 0 0 0 -0.029371 -0.16269 -0.28816 0.01967 -0.059474 0.031574 0 0
0 0 0.22832 0 0 0 0 0 0 0 0 0 0 0.020186 0.11181 0.19805 -0.025801 0.036657 -0.018066 0 0
-0 -0 -0.33318 0 0 0 0 0 0 0 0 0 0 -0.029456 -0.16316 -0.28899 0.019694 -0.059652 0.031672 0 0
0 0 0.28827 0 0 0 0 0 0 0 0 0 0 0.025485 0.14117 0.25004 -0.034053 0.045414 -0.02217 0 0
-0 -0 -0.054695 0 0 0 0 0 0 0 0 0 0 -0.0048355 -0.026785 -0.047441 0.0047553 -0.0094146 0.0048307 0 0
-0 -0 -0.055156 0 0 0 0 0 0 0 0 0 0 -0.0048762 -0.027011 -0.047841 0.0047929 -0.0094948 0.0048722 0 0
-0 -0 -0.12807 0 0 0 0 0 0 0 0 0 0 -0.011323 -0.062719 -0.11109 0.010217 -0.022335 0.011569 0 0
0 0 0.30771 0 0 0 0 0 0 0 0 0 0 0.027204 0.15069 0.2669 -0.036851 0.048165 -0.023438 0 0
0 0 0.07826 0 0 0 0 0 0 0 0 0 0 0.0069189 0.038326 0.067882 -0.0077892 0.013088 -0.0065955 0 0
0 0 0.16557 0 0 0 0 0 0 0 0 0 0 0.014637 0.081081 0.14361 -0.017793 0.027068 -0.013469 0 0
0 0 0.12506 0 0 0 0 0 0 0 0 0 0 0.011056 0.061244 0.10847 -0.012984 0.02067 -0.010347 0 0
0 0 0.2135 0 0 0 0 0 0 0 0 0 0 0.018875 0.10455 0.18519 -0.02385 0.034429 -0.017007 0 0
-0 -0 -0.20802 0 0 0 0 0 0 0 0 0 0 -0.018391 -0.10187 -0.18044 0.01494 -0.036718 0.019208 0 0
0 0 0.1792 0 0 0 0 0 0 0 0 0 0 0.015843 0.087758 0.15544 -0.019476 0.029186 -0.014493 0 0
-0 -0 -0.15746 0 0 0 0 0 0 0 0 0 0 -0.013921 -0.077113 -0.13658 0.012104 -0.02759 0.014344 0 0
-0 -0 -0.15835 0 0 0 0 0 0 0 0 0 0 -0.014 -0.077549 -0.13735 0.012158 -0.02775 0.014428 0 0
0 0 0.13755 0 0 0 0 0 0 0 0 0 0 0.012161 0.067363 0.11931 -0.014437 0.02266 -0.011322 0 0
0 0 0.15585 0 0 0 0 0 0 0 0 0 0 0.013778 0.07632 0.13518 -0.016613 0.025548 -0.012731 0 0
0 0 0.09032 0 0 0 0 0 0 0 0 0 0 0.0079851 0.044231 0.078342 -0.00909 0.01506 -0.0075765 0 0
0 0 0.2976 0 0 0 0 0 0 0 0 0 0 0.026311 0.14574 0.25814 -0.03539 0.046741 -0.022782 0 0
0 0 0.050152 0 0 0 0 0 0 0 0 0 0 0.0044339 0.02456 0.043501 -0.0048605 0.0084433 -0.0042716 0 0
-0 -0 -0.004302 0 0 0 0 0 0 0 0 0 0 -0.00038034 -0.0021068 -0.0037315 0.00039483 -0.00073303 0.00037362 0 0
0 0 0.10047 0 0 0 0 0 0 0 0 0 0 0.0088828 0.049204 0.08715 -0.010206 0.016711 -0.0083948 0 0
-0 -0 -0.31188 0 0 0 0 0 0 0 0 0 0 -0.027573 -0.15273 -0.27052 0.019115 -0.055725 0.029514 0 0
0 0 0.11137 0 0 0 0 0 0 0 0 0 0 0.0098458 0.054538 0.096598 -0.011423 0.018472 -0.0092647 0 0
-0 -0 -0.34706 0 0 0 0 0 0 0 0 0 0 -0.030683 -0.16996 -0.30103 0.02002 -0.062215 0.033085 0 0
0 0 0.073555 0 0 0 0 0 0 0 0 0 0 0.0065029 0.036021 0.063801 -0.0072888 0.012315 -0.0062101 0 0
0 0 0.29952 0 0 0 0 0 0 0 0 0 0 0.02648 0.14668 0.2598 -0.035666 0.047012 -0.022908 0 0
0 0 0.19 0 0 0 0 0 0 0 0 0 0 0.016798 0.093048 0.16481 -0.020832 0.030851 -0.015295 0 0
0 0 0.026267 0 0 0 0 0 0 0 0 0 0 0.0023223 0.012864 0.022784 -0.0024868 0.0044462 -0.0022568 0 0
-0 -0 -0.18748 0 0 0 0 0 0 0 0 0 0 -0.016575 -0.091812 -0.16262 0.01385 -0.032996 0.017218 0 0
0 0 0.23787 0 0 0 0 0 0 0 0 0 0 0.02103 0.11649 0.20633 -0.027077 0.038079 -0.018739 0 0
-0 -0 -0.21867 0 0 0 0 0 0 0 0 0 0 -0.019332 -0.10708 -0.18967 0.01547 -0.038651 0.020245 0 0
0 0 0.097094 0 0 0 0 0 0 0 0 0 0 0.008584 0.047549 0.084218 -0.0098323 0.016163 -0.0081232 0 0
-0 -0 -0.13776 0 0 0 0 0 0 0 0 0 0 -0.012179 -0.067462 -0.11949 0.010858 -0.024062 0.012479 0 0
0 0 0.33157 0 0 0 0 0 0 0 0 0 0 0.029314 0.16237 0.2876 -0.040365 0.051479 -0.024951 0 0
-0 -0 -0.021611 0 0 0 0 0 0 0 0 0 0 -0.0019106 -0.010583 -0.018745 0.0019477 -0.0036955 0.001888 0 0
-0 -0 -0.23082 0 0 0 0 0 0 0 0 0 0 -0.020406 -0.11304 -0.20021 0.016048 -0.040863 0.021435 0 0
0 0 0.2867 0 0 0 0 0 0 0 0 0 0 0.025347 0.1404 0.24868 -0.03383 0.045191 -0.022066 0 0
-0 -0 -0.19125 0 0 0 0 0 0 0 0 0 0 -0.016908 -0.093659 -0.16589 0.014057 -0.033678 0.017582 0 0
-0 -0 -0.14817 0 0 0 0 0 0 0 0 0 0 -0.0131 -0.072564 -0.12852 0.011526 -0.025925 0.013462 0 0
0 0 0.23125 0 0 0 0 0 0 0 0 0 0 0.020445 0.11325 0.20058 -0.02619 0.037093 -0.018273 0 0
0 0 0.34885 0 0 0 0 0 0 0 0 0 0 0.030841 0.17084 0.30259 -0.042963 0.053836 -0.026016 0 0
0 0 0.088881 0 0 0 0 0 0 0 0 0 0 0.0078579 0.043527 0.077094 -0.0089334 0.014826 -0.0074599 0 0
0 0 0.29263 0 0 0 0 0 0 0 0 0 0 0.025871 0.14331 0.25383 -0.034677 0.046036 -0.022457 0 0
-0 -0 -0.28308 0 0 0 0 0 0 0 0 0 0 -0.025027 -0.13863 -0.24554 0.018182 -0.050427 0.026618 0 0
0 0 0.24491 0 0 0 0 0 0 0 0 0 0 0.021652 0.11994 0.21243 -0.028026 0.03912 -0.01923 0 0
0 0 0.010941 0 0 0 0 0 0 0 0 0 0 0.00096732 0.0053582 0.0094904 -0.00102 0.0018583 -0.0009452 0 0
-0 -0 -0.1372 0 0 0 0 0 0 0 0 0 0 -0.01213 -0.06719 -0.11901 0.010822 -0.023963 0.012426 0 0
0 0 0.32671 0 0 0 0 0 0 0 0 0 0 0.028884 0.16 0.28339 -0.039643 0.050811 -0.024647 0 0
0 0 0.052823 0 0 0 0 0 0 0 0 0 0 0.00467 0.025868 0.045818 -0.0051325 0.0088875 -0.0044946 0 0
0 0 0.031397 0 0 0 0 0 0 0 0 0 0 0.0027758 0.015376 0.027233 -0.0029876 0.0053085 -0.0026926 0 0
-0 -0 -0.057121 0 0 0 0 0 0 0 0 0 0 -0.00505 -0.027973 -0.049546 0.0049529 -0.0098369 0.005049 0 0
-0 -0 -0.19355 0 0 0 0 0 0 0 0 0 0 -0.017112 -0.094786 -0.16788 0.014182 -0.034095 0.017804 0 0
0 0 0.062109 0 0 0 0 0 0 0 0 0 0 0.005491 0.030416 0.053872 -0.0060886 0.010427 -0.0052665 0 0
-0 -0 -0.1699 0 0 0 0 0 0 0 0 0 0 -0.015021 -0.083204 -0.14737 0.01285 -0.029826 0.01553 0 0
0 0 0.11119 0 0 0 0 0 0 0 0 0 0 0.0098299 0.05445 0.096441 -0.011403 0.018443 -0.0092504 0 0
0 0 0.12078 0 0 0 0 0 0 0 0 0 0 0.010678 0.059149 0.10476 -0.012493 0.019985 -0.01001 0 0
0 0 0.31446 0 0 0 0 0 0 0 0 0 0 0.027801 0.154 0.27276 -0.037838 0.049111 -0.023871 0 0
0 0 0.34091 0 0 0 0 0 0 0 0 0 0 0.03014 0.16695 0.2957 -0.041764 0.052758 -0.02553 0 0
0 0 0.18913 0 0 0 0 0 0 0 0 0 0 0.016721 0.092622 0.16405 -0.020722 0.030717 -0.01523 0 0
-0 -0 -0.30714 0 0 0 0 0 0 0 0 0 0 -0.027154 -0.15041 -0.26641 0.018974 -0.054852 0.029035 0 0
0 0 0.25384 0 0 0 0 0 0 0 0 0 0 0.022442 0.12431 0.22018 -0.029243 0.040434 -0.019848 0 0
-0 -0 -0.18 0 0 0 0 0 0 0 0 0 0 -0.015914 -0.088152 -0.15613 0.013433 -0.031647 0.016498 0 0
-0 -0 -0.18496 0 0 0 0 0 0 0 0 0 0 -0.016352 -0.090576 -0.16043 0.013711 -0.03254 0.016975 0 0
-0 -0 -0.051365 0 0 0 0 0 0 0 0 0 0 -0.0045411 -0.025154 -0.044553 0.0044824 -0.0088358 0.0045318 0 0
0 0 0.11189 0 0 0 0 0 0 0 0 0 0 0.0098923 0.054796 0.097054 -0.011483 0.018557 -0.0093065 0 0
0 0 0.25364 0 0 0 0 0 0 0 0 0 0 0.022424 0.12421 0.22 -0.029215 0.040404 -0.019834 0 0
0 0 0.15504 0 0 0 0 0 0 0 0 0 0 0.013707 0.075925 0.13448 -0.016516 0.025421 -0.012669 0 0
-0 -0 -0.33798 0 0 0 0 0 0 0 0 0 0 -0.029881 -0.16552 -0.29316 0.019811 -0.060538 0.03216 0 0
-0 -0 -0.20076 0 0 0 0 0 0 0 0 0 0 -0.017749 -0.098314 -0.17413 0.014564 -0.035399 0.018502 0 0
-0 -0 -0.25478 0 0 0 0 0 0 0 0 0 0 -0.022525 -0.12477 -0.221 0.017097 -0.04524 0.0238 0 0
0 0 0.3332 0 0 0 0 0 0 0 0 0 0 0.029458 0.16317 0.28901 -0.040608 0.051703 -0.025052 0 0
-0 -0 -0.29389 0 0 0 0 0 0 0 0 0 0 -0.025982 -0.14392 -0.25492 0.018553 -0.052414 0.027701 0 0
-0 -0 -0.15309 0 0 0 0 0 0 0 0 0 0 -0.013534 -0.074971 -0.13279 0.011834 -0.026806 0.013928 0 0
0 0 0.19839 0 0 0 0 0 0 0 0 0 0 0.01754 0.097157 0.17208 -0.021899 0.032135 -0.015911 0 0
-0 -0 -0.2334 0 0 0 0 0 0 0 0 0 0 -0.020635 -0.1143 -0.20245 0.016166 -0.041334 0.021689 0 0
-0 -0 -0.077976 0 0 0 0 0 0 0 0 0 0 -0.0068938 -0.038186 -0.067635 0.0066034 -0.013481 0.0069381 0 0
0 0 0.29534 0 0 0 0 0 0 0 0 0 0 0.026111 0.14463 0.25617 -0.035065 0.046421 -0.022635 0 0
