-0 -0 -0 0.078765 0 0 0 0 -0 -0 0 0.074123 -0.025715 0.0069636 0 0
-0 -0 -0 0.12755 0 0 0 0 -0 -0 0 0.12003 -0.041641 0.011276 0 0
-0 -0 -0 0.026216 0 0 0 0 -0 -0 0 0.024671 -0.0085591 0.0023178 0 0
-0 -0 -0 0.028412 0 0 0 0 -0 -0 0 0.026737 -0.0092758 0.0025118 0 0
0 0 0 0.1299 0 0 0 0 -0 -0 0 0.12224 -0.042409 0.011484 0 0
-0 -0 -0 0.084479 0 0 0 0 -0 -0 0 0.0795 -0.027581 0.0074687 0 0
0 0 0 0.13572 0 0 0 0 -0 -0 0 0.12772 -0.044309 0.011999 0 0
0 0 0 0.15701 0 0 0 0 -0 -0 0 0.14775 -0.05126 0.013881 0 0
-0 -0 -0 0.1862 0 0 0 0 -0 -0 0 0.17523 -0.060791 0.016462 0 0
0 0 0 0.081515 0 0 0 0 -0 -0 0 0.07671 -0.026613 0.0072066 0 0
0 0 0 0.037175 0 0 0 0 -0 -0 0 0.034984 -0.012137 0.0032866 0 0
-0 -0 -0 0.051579 0 0 0 0 -0 -0 0 0.048539 -0.016839 0.00456 0 0
0 0 0 0.080145 0 0 0 0 -0 -0 0 0.075422 -0.026166 0.0070856 0 0
0 0 0 0.1522 0 0 0 0 -0 -0 0 0.14323 -0.049691 0.013456 0 0
-0 -0 -0 0.048592 0 0 0 0 -0 -0 0 0.045728 -0.015864 0.004296 0 0
0 0 0 0.016294 0 0 0 0 -0 -0 0 0.015333 -0.0053196 0.0014405 0 0
-0 -0 -0 0.050474 0 0 0 0 -0 -0 0 0.0475 -0.016479 0.0044624 0 0
0 0 0 0.1493 0 0 0 0 -0 -0 0 0.1405 -0.048744 0.0132 0 0
-0 -0 -0 0.089592 0 0 0 0 -0 -0 0 0.084311 -0.02925 0.0079207 0 0
-0 -0 -0 0.095354 0 0 0 0 -0 -0 0 0.089734 -0.031131 0.0084301 0 0
0 0 0 0.19091 0 0 0 0 -0 -0 0 0.17966 -0.06233 0.016879 0 0
-0 -0 -0 0.1074 0 0 0 0 -0 -0 0 0.10107 -0.035064 0.0094951 0 0
0 0 0 0.14668 0 0 0 0 -0 -0 0 0.13803 -0.047887 0.012968 0 0
0 0 0 0.052046 0 0 0 0 -0 -0 0 0.048978 -0.016992 0.0046013 0 0
0 0 0 0.12881 0 0 0 0 -0 -0 0 0.12122 -0.042055 0.011388 0 0
-0 -0 -0 0.11502 0 0 0 0 -0 -0 0 0.10824 -0.037551 0.010169 0 0
0 0 0 0.091789 0 0 0 0 -0 -0 0 0.086379 -0.029967 0.008115 0 0
0 0 0 0.13363 0 0 0 0 -0 -0 0 0.12576 -0.043628 0.011814 0 0
-0 -0 -0 0.13111 0 0 0 0 -0 -0 0 0.12338 -0.042805 0.011591 0 0
0 0 0 0.052635 0 0 0 0 -0 -0 0 0.049533 -0.017184 0.0046534 0 0
0 0 0 0.077706 0 0 0 0 -0 -0 0 0.073126 -0.025369 0.0068699 0 0
-0 -0 -0 0.092225 0 0 0 0 -0 -0 0 0.086789 -0.03011 0.0081535 0 0
0 0 0 0.078823 0 0 0 0 -0 -0 0 0.074178 -0.025734 0.0069687 0 0
-0 -0 -0 0.13072 0 0 0 0 -0 -0 0 0.12302 -0.042678 0.011557 0 0
-0 -0 -0 0.15313 0 0 0 0 -0 -0 0 0.14411 -0.049995 0.013538 0 0
0 0 0 0.077962 0 0 0 0 -0 -0 0 0.073367 -0.025453 0.0068925 0 0
-0 -0 -0 0.19641 0 0 0 0 -0 -0 0 0.18483 -0.064123 0.017364 0 0
0 0 0 0.18787 0 0 0 0 -0 -0 0 0.17679 -0.061334 0.016609 0 0
0 0 0 0.0017959 0 0 0 0 -0 -0 0 0.00169 -0.00058632 0.00015877 0 0
0 0 0 0.020302 0 0 0 0 -0 -0 0 0.019105 -0.0066281 0.0017949 0 0
-0 -0 -0 0.17042 0 0 0 0 -0 -0 0 0.16037 -0.055638 0.015066 0 0
-0 -0 -0 0.049585 0 0 0 0 -0 -0 0 0.046662 -0.016188 0.0043838 0 0
0 0 0 0.13811 0 0 0 0 -0 -0 0 0.12997 -0.045089 0.01221 0 0
-0 -0 -0 0.15255 0 0 0 0 -0 -0 0 0.14356 -0.049804 0.013487 0 0
-0 -0 -0 0.069813 0 0 0 0 -0 -0 0 0.065698 -0.022793 0.0061721 0 0
-0 -0 -0 0.14374 0 0 0 0 -0 -0 0 0.13527 -0.046929 0.012708 0 0
-0 -0 -0 0.043419 0 0 0 0 -0 -0 0 0.04086 -0.014175 0.0038386 0 0
0 0 0 0.028327 0 0 0 0 -0 -0 0 0.026657 -0.0092482 0.0025044 0 0
0 0 0 0.099461 0 0 0 0 -0 -0 0 0.093599 -0.032472 0.0087932 0 0
0 0 0 0.14396 0 0 0 0 -0 -0 0 0.13548 -0.047 0.012727 0 0
0 0 0 0.057603 0 0 0 0 -0 -0 0 0.054208 -0.018806 0.0050926 0 0
-0 -0 -0 0.032291 0 0 0 0 -0 -0 0 0.030387 -0.010542 0.0028548 0 0
-0 -0 -0 0.18678 0 0 0 0 -0 -0 0 0.17577 -0.06098 0.016513 0 0
0 0 0 0.12867 0 0 0 0 -0 -0 0 0.12108 -0.042007 0.011375 0 0
0 0 0 0.13362 0 0 0 0 -0 -0 0 0.12574 -0.043624 0.011813 0 0
-0 -0 -0 0.13259 0 0 0 0 -0 -0 0 0.12477 -0.043287 0.011722 0 0
-0 -0 -0 0.069826 0 0 0 0 -0 -0 0 0.06571 -0.022797 0.0061732 0 0
-0 -0 -0 0.19993 0 0 0 0 -0 -0 0 0.18815 -0.065273 0.017676 0 0
-0 -0 -0 0.0099553 0 0 0 0 -0 -0 0 0.0093685 -0.0032502 0.00088014 0 0
0 0 0 0.11433 0 0 0 0 -0 -0 0 0.10759 -0.037325 0.010107 0 0
0 0 0 0.15871 0 0 0 0 -0 -0 0 0.14936 -0.051817 0.014032 0 0
-0 -0 -0 0.14429 0 0 0 0 -0 -0 0 0.13579 -0.047108 0.012757 0 0
0 0 0 0.12336 0 0 0 0 -0 -0 0 0.11609 -0.040275 0.010906 0 0
-0 -0 -0 0.1698 0 0 0 0 -0 -0 0 0.15979 -0.055436 0.015012 0 0
-0 -0 -0 0.064651 0 0 0 0 -0 -0 0 0.06084 -0.021107 0.0057157 0 0
-0 -0 -0 0.19924 0 0 0 0 -0 -0 0 0.1875 -0.065048 0.017615 0 0
-0 -0 -0 0.10471 0 0 0 0 -0 -0 0 0.098542 -0.034187 0.0092576 0 0
0 0 0 0.17761 0 0 0 0 -0 -0 0 0.16714 -0.057985 0.015702 0 0
-0 -0 -0 0.15989 0 0 0 0 -0 -0 0 0.15046 -0.0522 0.014135 0 0
-0 -0 -0 0.13152 0 0 0 0 -0 -0 0 0.12377 -0.042939 0.011628 0 0
0 0 0 0.13971 0 0 0 0 -0 -0 0 0.13148 -0.045613 0.012352 0 0
-0 -0 -0 0.1849 0 0 0 0 -0 -0 0 0.174 -0.060367 0.016347 0 0
0 0 0 0.12236 0 0 0 0 -0 -0 0 0.11515 -0.039949 0.010818 0 0
0 0 0 0.19869 0 0 0 0 -0 -0 0 0.18698 -0.06487 0.017566 0 0
-0 -0 -0 0.039573 0 0 0 0 -0 -0 0 0.03724 -0.01292 0.0034986 0 0
0 0 0 0.014375 0 0 0 0 -0 -0 0 0.013528 -0.0046932 0.0012709 0 0
0 0 0 0.039042 0 0 0 0 -0 -0 0 0.036741 -0.012746 0.0034517 0 0
0 0 0 0.16926 0 0 0 0 -0 -0 0 0.15929 -0.055261 0.014964 0 0
0 0 0 0.018393 0 0 0 0 -0 -0 0 0.017309 -0.0060051 0.0016261 0 0
-0 -0 -0 0.13489 0 0 0 0 -0 -0 0 0.12694 -0.044038 0.011925 0 0
0 0 0 0.035207 0 0 0 0 -0 -0 0 0.033132 -0.011494 0.0031126 0 0
0 0 0 0.13292 0 0 0 0 -0 -0 0 0.12508 -0.043394 0.011751 0 0
-0 -0 -0 0.12899 0 0 0 0 -0 -0 0 0.12139 -0.042113 0.011404 0 0
0 0 0 0.09415 0 0 0 0 -0 -0 0 0.0886 -0.030738 0.0083237 0 0
-0 -0 -0 0.12314 0 0 0 0 -0 -0 0 0.11588 -0.040203 0.010887 0 0
-0 -0 -0 0.17755 0 0 0 0 -0 -0 0 0.16709 -0.057968 0.015697 0 0
0 0 0 0.0024097 0 0 0 0 -0 -0 0 0.0022677 -0.00078671 0.00021304 0 0
0 0 0 0.094931 0 0 0 0 -0 -0 0 0.089336 -0.030993 0.0083928 0 0
0 0 0 0.072928 0 0 0 0 -0 -0 0 0.06863 -0.023809 0.0064475 0 0
-0 -0 -0 0.12901 0 0 0 0 -0 -0 0 0.12141 -0.042119 0.011406 0 0
-0 -0 -0 0.16043 0 0 0 0 -0 -0 0 0.15098 -0.052377 0.014184 0 0
-0 -0 -0 0.16691 0 0 0 0 -0 -0 0 0.15708 -0.054494 0.014757 0 0
0 0 0 0.13351 0 0 0 0 -0 -0 0 0.12564 -0.043588 0.011803 0 0
-0 -0 -0 0.16972 0 0 0 0 -0 -0 0 0.15971 -0.055409 0.015004 0 0
-0 -0 -0 0.018614 0 0 0 0 -0 -0 0 0.017517 -0.0060771 0.0016457 0 0
-0 -0 -0 0.082713 0 0 0 0 -0 -0 0 0.077838 -0.027004 0.0073126 0 0
-0 -0 -0 0.17548 0 0 0 0 -0 -0 0 0.16514 -0.057292 0.015514 0 0
0 0 0 0.095786 0 0 0 0 -0 -0 0 0.09014 -0.031272 0.0084683 0 0
0 0 0 0.1314 0 0 0 0 -0 -0 0 0.12365 -0.042898 0.011617 0 0
-0 -0 -0 0.0089337 0 0 0 0 -0 -0 0 0.0084072 -0.0029167 0.00078982 0 0
