0 0 0 0.15508 0 0 0 0 0 0 0 0.15508 0 0 0 0
0 0 0 0.13453 0 0 0 0 0 0 0 0.13453 0 0 0 0
-0 -0 -0 0.19272 0 0 0 0 0 0 0 0.19272 0 0 0 0
0 0 0 0.16111 0 0 0 0 0 0 0 0.16111 0 0 0 0
-0 -0 -0 0.02634 0 0 0 0 0 0 0 0.02634 0 0 0 0
-0 -0 -0 0.16931 0 0 0 0 0 0 0 0.16931 0 0 0 0
-0 -0 -0 0.17324 0 0 0 0 0 0 0 0.17324 0 0 0 0
-0 -0 -0 0.085452 0 0 0 0 0 0 0 0.085452 0 0 0 0
-0 -0 -0 0.079197 0 0 0 0 0 0 0 0.079197 0 0 0 0
0 0 0 0.045799 0 0 0 0 0 0 0 0.045799 0 0 0 0
0 0 0 0.023786 0 0 0 0 0 0 0 0.023786 0 0 0 0
0 0 0 0.18633 0 0 0 0 0 0 0 0.18633 0 0 0 0
-0 -0 -0 0.0093624 0 0 0 0 0 0 0 0.0093624 0 0 0 0
-0 -0 -0 0.014827 0 0 0 0 0 0 0 0.014827 0 0 0 0
-0 -0 -0 0.14173 0 0 0 0 0 0 0 0.14173 0 0 0 0
0 0 0 0.067964 0 0 0 0 0 0 0 0.067964 0 0 0 0
-0 -0 -0 0.1726 0 0 0 0 0 0 0 0.1726 0 0 0 0
-0 -0 -0 0.026844 0 0 0 0 0 0 0 0.026844 0 0 0 0
-0 -0 -0 0.18469 0 0 0 0 0 0 0 0.18469 0 0 0 0
0 0 0 0.079435 0 0 0 0 0 0 0 0.079435 0 0 0 0
-0 -0 -0 0.060786 0 0 0 0 0 0 0 0.060786 0 0 0 0
-0 -0 -0 0.0079751 0 0 0 0 0 0 0 0.0079751 0 0 0 0
-0 -0 -0 0.1691 0 0 0 0 0 0 0 0.1691 0 0 0 0
-0 -0 -0 0.03552 0 0 0 0 0 0 0 0.03552 0 0 0 0
0 0 0 0.17833 0 0 0 0 0 0 0 0.17833 0 0 0 0
-0 -0 -0 0.14458 0 0 0 0 0 0 0 0.14458 0 0 0 0
-0 -0 -0 0.10902 0 0 0 0 0 0 0 0.10902 0 0 0 0
-0 -0 -0 0.083282 0 0 0 0 0 0 0 0.083282 0 0 0 0
-0 -0 -0 0.12014 0 0 0 0 0 0 0 0.12014 0 0 0 0
-0 -0 -0 0.11528 0 0 0 0 0 0 0 0.11528 0 0 0 0
0 0 0 0.16631 0 0 0 0 0 0 0 0.16631 0 0 0 0
0 0 0 0.090147 0 0 0 0 0 0 0 0.090147 0 0 0 0
-0 -0 -0 0.14897 0 0 0 0 0 0 0 0.14897 0 0 0 0
0 0 0 0.16383 0 0 0 0 0 0 0 0.16383 0 0 0 0
0 0 0 0.17283 0 0 0 0 0 0 0 0.17283 0 0 0 0
0 0 0 0.181 0 0 0 0 0 0 0 0.181 0 0 0 0
0 0 0 0.0935 0 0 0 0 0 0 0 0.0935 0 0 0 0
-0 -0 -0 0.13778 0 0 0 0 0 0 0 0.13778 0 0 0 0
-0 -0 -0 0.19694 0 0 0 0 0 0 0 0.19694 0 0 0 0
-0 -0 -0 0.18337 0 0 0 0 0 0 0 0.18337 0 0 0 0
-0 -0 -0 0.19402 0 0 0 0 0 0 0 0.19402 0 0 0 0
0 0 0 0.14238 0 0 0 0 0 0 0 0.14238 0 0 0 0
-0 -0 -0 0.095638 0 0 0 0 0 0 0 0.095638 0 0 0 0
0 0 0 0.040507 0 0 0 0 0 0 0 0.040507 0 0 0 0
0 0 0 0.12122 0 0 0 0 0 0 0 0.12122 0 0 0 0
0 0 0 0.04901 0 0 0 0 0 0 0 0.04901 0 0 0 0
0 0 0 0.19422 0 0 0 0 0 0 0 0.19422 0 0 0 0
0 0 0 0.19597 0 0 0 0 0 0 0 0.19597 0 0 0 0
0 0 0 0.14761 0 0 0 0 0 0 0 0.14761 0 0 0 0
0 0 0 0.029541 0 0 0 0 0 0 0 0.029541 0 0 0 0
0 0 0 0.054572 0 0 0 0 0 0 0 0.054572 0 0 0 0
-0 -0 -0 0.19421 0 0 0 0 0 0 0 0.19421 0 0 0 0
-0 -0 -0 0.034579 0 0 0 0 0 0 0 0.034579 0 0 0 0
0 0 0 0.028777 0 0 0 0 0 0 0 0.028777 0 0 0 0
0 0 0 0.17969 0 0 0 0 0 0 0 0.17969 0 0 0 0
0 0 0 0.19532 0 0 0 0 0 0 0 0.19532 0 0 0 0
-0 -0 -0 0.14579 0 0 0 0 0 0 0 0.14579 0 0 0 0
-0 -0 -0 0.075945 0 0 0 0 0 0 0 0.075945 0 0 0 0
0 0 0 0.12422 0 0 0 0 0 0 0 0.12422 0 0 0 0
-0 -0 -0 0.18328 0 0 0 0 0 0 0 0.18328 0 0 0 0
0 0 0 0.062087 0 0 0 0 0 0 0 0.062087 0 0 0 0
-0 -0 -0 0.084578 0 0 0 0 0 0 0 0.084578 0 0 0 0
0 0 0 0.11278 0 0 0 0 0 0 0 0.11278 0 0 0 0
0 0 0 0.014635 0 0 0 0 0 0 0 0.014635 0 0 0 0
-0 -0 -0 0.080803 0 0 0 0 0 0 0 0.080803 0 0 0 0
-0 -0 -0 0.19793 0 0 0 0 0 0 0 0.19793 0 0 0 0
0 0 0 0.18379 0 0 0 0 0 0 0 0.18379 0 0 0 0
-0 -0 -0 0.12081 0 0 0 0 0 0 0 0.12081 0 0 0 0
-0 -0 -0 0.098284 0 0 0 0 0 0 0 0.098284 0 0 0 0
0 0 0 0.082582 0 0 0 0 0 0 0 0.082582 0 0 0 0
-0 -0 -0 0.081063 0 0 0 0 0 0 0 0.081063 0 0 0 0
0 0 0 0.014862 0 0 0 0 0 0 0 0.014862 0 0 0 0
0 0 0 0.13616 0 0 0 0 0 0 0 0.13616 0 0 0 0
0 0 0 0.0050521 0 0 0 0 0 0 0 0.0050521 0 0 0 0
0 0 0 0.04478 0 0 0 0 0 0 0 0.04478 0 0 0 0
-0 -0 -0 0.19322 0 0 0 0 0 0 0 0.19322 0 0 0 0
0 0 0 0.086231 0 0 0 0 0 0 0 0.086231 0 0 0 0
-0 -0 -0 0.048049 0 0 0 0 0 0 0 0.048049 0 0 0 0
-0 -0 -0 0.023161 0 0 0 0 0 0 0 0.023161 0 0 0 0
0 0 0 0.18129 0 0 0 0 0 0 0 0.18129 0 0 0 0
-0 -0 -0 0.14558 0 0 0 0 0 0 0 0.14558 0 0 0 0
-0 -0 -0 0.073099 0 0 0 0 0 0 0 0.073099 0 0 0 0
0 0 0 0.11894 0 0 0 0 0 0 0 0.11894 0 0 0 0
-0 -0 -0 0.009755 0 0 0 0 0 0 0 0.009755 0 0 0 0
0 0 0 0.023967 0 0 0 0 0 0 0 0.023967 0 0 0 0
-0 -0 -0 0.19005 0 0 0 0 0 0 0 0.19005 0 0 0 0
-0 -0 -0 0.18534 0 0 0 0 0 0 0 0.18534 0 0 0 0
0 0 0 0.039601 0 0 0 0 0 0 0 0.039601 0 0 0 0
-0 -0 -0 0.12531 0 0 0 0 0 0 0 0.12531 0 0 0 0
0 0 0 0.16129 0 0 0 0 0 0 0 0.16129 0 0 0 0
0 0 0 0.1567 0 0 0 0 0 0 0 0.1567 0 0 0 0
-0 -0 -0 0.047535 0 0 0 0 0 0 0 0.047535 0 0 0 0
0 0 0 0.10204 0 0 0 0 0 0 0 0.10204 0 0 0 0
-0 -0 -0 0.013437 0 0 0 0 0 0 0 0.013437 0 0 0 0
0 0 0 0.14605 0 0 0 0 0 0 0 0.14605 0 0 0 0
0 0 0 0.14245 0 0 0 0 0 0 0 0.14245 0 0 0 0
0 0 0 0.078117 0 0 0 0 0 0 0 0.078117 0 0 0 0
-0 -0 -0 0.1639 0 0 0 0 0 0 0 0.1639 0 0 0 0
0 0 0 0.15147 0 0 0 0 0 0 0 0.15147 0 0 0 0
-0 -0 -0 0.14736 0 0 0 0 0 0 0 0.14736 0 0 0 0
