-0 -0 -0 0.18974 0 0 0 0 -0 0 0 0.1649 -0.090513 0.024842 0 0
-0 -0 -0 0.021363 0 0 0 0 -0 0 0 0.018566 -0.010191 0.002797 0 0
0 0 0 0.13012 0 0 0 0 -0 0 0 0.11308 -0.062073 0.017036 0 0
0 0 0 0.064154 0 0 0 0 -0 0 0 0.055754 -0.030604 0.0083995 0 0
-0 -0 -0 0.14066 0 0 0 0 -0 0 0 0.12224 -0.067101 0.018416 0 0
0 0 0 0.079757 0 0 0 0 -0 0 0 0.069315 -0.038048 0.010442 0 0
-0 -0 -0 0.066137 0 0 0 0 -0 0 0 0.057478 -0.03155 0.0086591 0 0
-0 -0 -0 0.037249 0 0 0 0 -0 0 0 0.032372 -0.017769 0.0048769 0 0
-0 -0 -0 0.034691 0 0 0 0 -0 0 0 0.030149 -0.016549 0.004542 0 0
-0 -0 -0 0.1441 0 0 0 0 -0 0 0 0.12524 -0.068744 0.018867 0 0
0 0 0 0.034704 0 0 0 0 -0 0 0 0.03016 -0.016555 0.0045437 0 0
0 0 0 0.052994 0 0 0 0 -0 0 0 0.046055 -0.02528 0.0069383 0 0
0 0 0 0.036967 0 0 0 0 -0 0 0 0.032127 -0.017635 0.00484 0 0
0 0 0 0.17461 0 0 0 0 -0 0 0 0.15175 -0.083296 0.022861 0 0
0 0 0 0.10067 0 0 0 0 -0 0 0 0.087489 -0.048024 0.01318 0 0
0 0 0 0.012937 0 0 0 0 -0 0 0 0.011243 -0.0061715 0.0016938 0 0
0 0 0 0.13721 0 0 0 0 -0 0 0 0.11924 -0.065455 0.017964 0 0
-0 -0 -0 0.043392 0 0 0 0 -0 0 0 0.037711 -0.0207 0.0056812 0 0
-0 -0 -0 0.11486 0 0 0 0 -0 0 0 0.099823 -0.054794 0.015039 0 0
-0 -0 -0 0.044223 0 0 0 0 -0 0 0 0.038433 -0.021096 0.00579 0 0
-0 -0 -0 0.056864 0 0 0 0 -0 0 0 0.049419 -0.027127 0.0074451 0 0
-0 -0 -0 0.19381 0 0 0 0 -0 0 0 0.16843 -0.092455 0.025375 0 0
0 0 0 0.13534 0 0 0 0 -0 0 0 0.11762 -0.064565 0.01772 0 0
-0 -0 -0 0.16273 0 0 0 0 -0 0 0 0.14143 -0.077631 0.021306 0 0
0 0 0 0.077987 0 0 0 0 -0 0 0 0.067776 -0.037203 0.010211 0 0
-0 -0 -0 0.095744 0 0 0 0 -0 0 0 0.083209 -0.045674 0.012536 0 0
0 0 0 0.14858 0 0 0 0 -0 0 0 0.12913 -0.070878 0.019453 0 0
0 0 0 0.1812 0 0 0 0 -0 0 0 0.15747 -0.08644 0.023724 0 0
-0 -0 -0 0.13665 0 0 0 0 -0 0 0 0.11876 -0.065189 0.017891 0 0
0 0 0 0.080582 0 0 0 0 -0 0 0 0.070032 -0.038441 0.01055 0 0
0 0 0 0.16146 0 0 0 0 -0 0 0 0.14032 -0.077021 0.021139 0 0
0 0 0 0.037398 0 0 0 0 -0 0 0 0.032502 -0.017841 0.0048965 0 0
0 0 0 0.17407 0 0 0 0 -0 0 0 0.15128 -0.08304 0.022791 0 0
0 0 0 0.18746 0 0 0 0 -0 0 0 0.16291 -0.089426 0.024543 0 0
-0 -0 -0 0.042597 0 0 0 0 -0 0 0 0.03702 -0.020321 0.0055772 0 0
0 0 0 0.043883 0 0 0 0 -0 0 0 0.038137 -0.020934 0.0057455 0 0
-0 -0 -0 0.15772 0 0 0 0 -0 0 0 0.13707 -0.075238 0.02065 0 0
-0 -0 -0 0.050941 0 0 0 0 -0 0 0 0.044272 -0.024301 0.0066697 0 0
0 0 0 0.076707 0 0 0 0 -0 0 0 0.066664 -0.036593 0.010043 0 0
-0 -0 -0 0.11079 0 0 0 0 -0 0 0 0.096282 -0.05285 0.014505 0 0
-0 -0 -0 0.077822 0 0 0 0 -0 0 0 0.067633 -0.037124 0.010189 0 0
0 0 0 0.094763 0 0 0 0 -0 0 0 0.082356 -0.045206 0.012407 0 0
-0 -0 -0 0.08701 0 0 0 0 -0 0 0 0.075618 -0.041507 0.011392 0 0
0 0 0 0.19558 0 0 0 0 -0 0 0 0.16997 -0.0933 0.025607 0 0
0 0 0 0.091456 0 0 0 0 -0 0 0 0.079482 -0.043629 0.011974 0 0
0 0 0 0.15034 0 0 0 0 -0 0 0 0.13065 -0.071717 0.019683 0 0
-0 -0 -0 0.042703 0 0 0 0 -0 0 0 0.037112 -0.020371 0.005591 0 0
0 0 0 0.084597 0 0 0 0 -0 0 0 0.073521 -0.040357 0.011076 0 0
0 0 0 0.044837 0 0 0 0 -0 0 0 0.038967 -0.021389 0.0058704 0 0
-0 -0 -0 0.17548 0 0 0 0 -0 0 0 0.15251 -0.083712 0.022975 0 0
-0 -0 -0 0.18821 0 0 0 0 -0 0 0 0.16357 -0.089786 0.024642 0 0
0 0 0 0.031189 0 0 0 0 -0 0 0 0.027105 -0.014878 0.0040834 0 0
-0 -0 -0 0.072581 0 0 0 0 -0 0 0 0.063078 -0.034624 0.0095029 0 0
0 0 0 0.054181 0 0 0 0 -0 0 0 0.047088 -0.025847 0.0070939 0 0
0 0 0 0.10767 0 0 0 0 -0 0 0 0.093575 -0.051365 0.014097 0 0
-0 -0 -0 0.17083 0 0 0 0 -0 0 0 0.14847 -0.081495 0.022367 0 0
-0 -0 -0 0.19262 0 0 0 0 -0 0 0 0.1674 -0.091887 0.025219 0 0
0 0 0 0.028501 0 0 0 0 -0 0 0 0.02477 -0.013596 0.0037316 0 0
0 0 0 0.037576 0 0 0 0 -0 0 0 0.032656 -0.017925 0.0049197 0 0
-0 -0 -0 0.062002 0 0 0 0 -0 0 0 0.053884 -0.029578 0.0081178 0 0
-0 -0 -0 0.063514 0 0 0 0 -0 0 0 0.055199 -0.030299 0.0083158 0 0
-0 -0 -0 0.14048 0 0 0 0 -0 0 0 0.12209 -0.067017 0.018393 0 0
0 0 0 0.074896 0 0 0 0 -0 0 0 0.06509 -0.035729 0.009806 0 0
-0 -0 -0 0.020515 0 0 0 0 -0 0 0 0.017829 -0.0097867 0.002686 0 0
-0 -0 -0 0.066672 0 0 0 0 -0 0 0 0.057942 -0.031805 0.0087292 0 0
-0 -0 -0 0.19288 0 0 0 0 -0 0 0 0.16762 -0.092011 0.025253 0 0
0 0 0 0.10204 0 0 0 0 -0 0 0 0.088679 -0.048677 0.01336 0 0
-0 -0 -0 0.1415 0 0 0 0 -0 0 0 0.12298 -0.067503 0.018527 0 0
-0 -0 -0 0.17203 0 0 0 0 -0 0 0 0.1495 -0.082064 0.022523 0 0
-0 -0 -0 0.16648 0 0 0 0 -0 0 0 0.14469 -0.079419 0.021797 0 0
0 0 0 0.028885 0 0 0 0 -0 0 0 0.025103 -0.013779 0.0037818 0 0
-0 -0 -0 0.19832 0 0 0 0 -0 0 0 0.17235 -0.094606 0.025965 0 0
0 0 0 0.00086725 0 0 0 0 -0 0 0 0.0007537 -0.00041372 0.00011355 0 0
-0 -0 -0 0.098292 0 0 0 0 -0 0 0 0.085423 -0.04689 0.012869 0 0
0 0 0 0.14738 0 0 0 0 -0 0 0 0.12808 -0.070305 0.019296 0 0
0 0 0 0.18063 0 0 0 0 -0 0 0 0.15698 -0.08617 0.02365 0 0
0 0 0 0.063296 0 0 0 0 -0 0 0 0.055009 -0.030195 0.0082873 0 0
-0 -0 -0 0.0033445 0 0 0 0 -0 0 0 0.0029066 -0.0015955 0.00043789 0 0
-0 -0 -0 0.038269 0 0 0 0 -0 0 0 0.033259 -0.018256 0.0050105 0 0
0 0 0 0.026255 0 0 0 0 -0 0 0 0.022817 -0.012525 0.0034375 0 0
-0 -0 -0 0.14423 0 0 0 0 -0 0 0 0.12535 -0.068804 0.018884 0 0
0 0 0 0.17502 0 0 0 0 -0 0 0 0.15211 -0.083494 0.022915 0 0
0 0 0 0.10407 0 0 0 0 -0 0 0 0.090445 -0.049646 0.013626 0 0
0 0 0 0.19208 0 0 0 0 -0 0 0 0.16693 -0.091629 0.025148 0 0
0 0 0 0.058068 0 0 0 0 -0 0 0 0.050465 -0.027701 0.0076027 0 0
-0 -0 -0 0.02552 0 0 0 0 -0 0 0 0.022179 -0.012174 0.0033412 0 0
-0 -0 -0 0.038183 0 0 0 0 -0 0 0 0.033184 -0.018215 0.0049992 0 0
-0 -0 -0 0.1998 0 0 0 0 -0 0 0 0.17364 -0.095314 0.02616 0 0
0 0 0 0.07346 0 0 0 0 -0 0 0 0.063842 -0.035044 0.009618 0 0
0 0 0 0.043972 0 0 0 0 -0 0 0 0.038215 -0.020977 0.0057571 0 0
-0 -0 -0 0.045866 0 0 0 0 -0 0 0 0.039861 -0.02188 0.0060051 0 0
0 0 0 0.098783 0 0 0 0 -0 0 0 0.08585 -0.047124 0.012933 0 0
-0 -0 -0 0.14837 0 0 0 0 -0 0 0 0.12895 -0.07078 0.019426 0 0
0 0 0 0.19994 0 0 0 0 -0 0 0 0.17376 -0.095379 0.026177 0 0
-0 -0 -0 0.11078 0 0 0 0 -0 0 0 0.096273 -0.052845 0.014504 0 0
0 0 0 0.099326 0 0 0 0 -0 0 0 0.086321 -0.047383 0.013004 0 0
0 0 0 0.076678 0 0 0 0 -0 0 0 0.066639 -0.036579 0.010039 0 0
0 0 0 0.022411 0 0 0 0 -0 0 0 0.019476 -0.010691 0.0029342 0 0
0 0 0 0.10575 0 0 0 0 -0 0 0 0.091902 -0.050446 0.013845 0 0
-0 -0 -0 0.14898 0 0 0 0 -0 0 0 0.12948 -0.071071 0.019506 0 0
