-0 -0 -0.19255 0 0 0 0 0 0 0 0 0 0 -0.02521 -0.091853 -0.16734 -0.0053673 -0.0066217 0.0044434 0 0
0 0 0.25585 0 0 0 0 0 0 0 0 0 0 0.033498 0.12205 0.22235 0.0046217 0.010116 -0.0062493 0 0
-0 -0 -0.024314 0 0 0 0 0 0 0 0 0 0 -0.0031834 -0.011599 -0.021131 -0.00059273 -0.00089023 0.00057795 0 0
-0 -0 -0.050842 0 0 0 0 0 0 0 0 0 0 -0.0066566 -0.024254 -0.044185 -0.0012683 -0.0018448 0.0012037 0 0
0 0 0.20762 0 0 0 0 0 0 0 0 0 0 0.027183 0.099042 0.18043 0.0039834 0.0081198 -0.0050572 0 0
0 0 0.24687 0 0 0 0 0 0 0 0 0 0 0.032322 0.11777 0.21455 0.0045113 0.0097422 -0.0060272 0 0
-0 -0 -0.20473 0 0 0 0 0 0 0 0 0 0 -0.026804 -0.097664 -0.17792 -0.0057566 -0.0070051 0.0047124 0 0
0 0 0.12862 0 0 0 0 0 0 0 0 0 0 0.01684 0.061356 0.11178 0.0027004 0.0049308 -0.0031134 0 0
0 0 0.073858 0 0 0 0 0 0 0 0 0 0 0.00967 0.035233 0.064188 0.0016416 0.0027884 -0.0017779 0 0
0 0 0.30984 0 0 0 0 0 0 0 0 0 0 0.040567 0.14781 0.26927 0.0052035 0.012389 -0.0075844 0 0
0 0 0.14506 0 0 0 0 0 0 0 0 0 0 0.018993 0.069202 0.12607 0.0029916 0.0055857 -0.0035167 0 0
-0 -0 -0.29974 0 0 0 0 0 0 0 0 0 0 -0.039245 -0.14299 -0.2605 -0.0089805 -0.0098343 0.0067511 0 0
0 0 0.22182 0 0 0 0 0 0 0 0 0 0 0.029043 0.10582 0.19278 0.004183 0.0087043 -0.0054081 0 0
-0 -0 -0.128 0 0 0 0 0 0 0 0 0 0 -0.016759 -0.061061 -0.11124 -0.0034002 -0.0045161 0.0029912 0 0
0 0 0.19056 0 0 0 0 0 0 0 0 0 0 0.02495 0.090907 0.16561 0.0037313 0.0074225 -0.0046364 0 0
0 0 0.13063 0 0 0 0 0 0 0 0 0 0 0.017104 0.062319 0.11353 0.0027368 0.0050109 -0.0031629 0 0
-0 -0 -0.31542 0 0 0 0 0 0 0 0 0 0 -0.041297 -0.15047 -0.27412 -0.009543 -0.010272 0.0070763 0 0
0 0 0.10101 0 0 0 0 0 0 0 0 0 0 0.013225 0.048185 0.087782 0.0021837 0.0038431 -0.0024385 0 0
-0 -0 -0.033586 0 0 0 0 0 0 0 0 0 0 -0.0043974 -0.016022 -0.029189 -0.00082546 -0.0012259 0.00079726 0 0
-0 -0 -0.33609 0 0 0 0 0 0 0 0 0 0 -0.044004 -0.16033 -0.29209 -0.010298 -0.010838 0.0075002 0 0
-0 -0 -0.073532 0 0 0 0 0 0 0 0 0 0 -0.0096273 -0.035078 -0.063904 -0.0018697 -0.002647 0.0017346 0 0
0 0 0.18102 0 0 0 0 0 0 0 0 0 0 0.0237 0.086352 0.15732 0.0035841 0.0070341 -0.004401 0 0
0 0 0.090408 0 0 0 0 0 0 0 0 0 0 0.011837 0.043128 0.078571 0.001976 0.0034296 -0.0021802 0 0
-0 -0 -0.010587 0 0 0 0 0 0 0 0 0 0 -0.0013862 -0.0050507 -0.0092012 -0.00025496 -0.00038941 0.00025216 0 0
0 0 0.32897 0 0 0 0 0 0 0 0 0 0 0.043072 0.15693 0.2859 0.0053757 0.013203 -0.008057 0 0
0 0 0.10289 0 0 0 0 0 0 0 0 0 0 0.013471 0.049082 0.089418 0.00222 0.0039168 -0.0024844 0 0
0 0 0.28504 0 0 0 0 0 0 0 0 0 0 0.03732 0.13598 0.24772 0.0049538 0.011341 -0.0069714 0 0
-0 -0 -0.0097624 0 0 0 0 0 0 0 0 0 0 -0.0012782 -0.0046571 -0.0084842 -0.00023492 -0.00035916 0.00023254 0 0
-0 -0 -0.072054 0 0 0 0 0 0 0 0 0 0 -0.0094339 -0.034373 -0.06262 -0.0018299 -0.0025951 0.0017002 0 0
-0 -0 -0.32651 0 0 0 0 0 0 0 0 0 0 -0.04275 -0.15576 -0.28376 -0.0099462 -0.010578 0.0073046 0 0
-0 -0 -0.056149 0 0 0 0 0 0 0 0 0 0 -0.0073514 -0.026785 -0.048797 -0.001407 -0.0020336 0.0013282 0 0
-0 -0 -0.17029 0 0 0 0 0 0 0 0 0 0 -0.022295 -0.081234 -0.14799 -0.0046706 -0.0059095 0.0039474 0 0
0 0 0.25047 0 0 0 0 0 0 0 0 0 0 0.032794 0.11949 0.21768 0.0045561 0.0098921 -0.0061163 0 0
0 0 0.0014133 0 0 0 0 0 0 0 0 0 0 0.00018505 0.00067423 0.0012283 3.3668e-05 5.2186e-05 -3.3718e-05 0 0
-0 -0 -7.052e-05 0 0 0 0 0 0 0 0 0 0 -9.233e-06 -3.3641e-05 -6.1287e-05 -1.6822e-06 -2.6026e-06 1.682e-06 0 0
0 0 0.15903 0 0 0 0 0 0 0 0 0 0 0.020821 0.075864 0.13821 0.0032289 0.0061456 -0.0038598 0 0
-0 -0 -0.2105 0 0 0 0 0 0 0 0 0 0 -0.027561 -0.10042 -0.18294 -0.0059432 -0.0071853 0.0048395 0 0
0 0 0.024827 0 0 0 0 0 0 0 0 0 0 0.0032505 0.011843 0.021576 0.00057872 0.00092354 -0.00059413 0 0
-0 -0 -0.22599 0 0 0 0 0 0 0 0 0 0 -0.029589 -0.10781 -0.1964 -0.0064496 -0.0076634 0.0051782 0 0
-0 -0 -0.11613 0 0 0 0 0 0 0 0 0 0 -0.015205 -0.055401 -0.10093 -0.0030565 -0.0041159 0.0027197 0 0
-0 -0 -0.11638 0 0 0 0 0 0 0 0 0 0 -0.015238 -0.05552 -0.10115 -0.0030637 -0.0041243 0.0027254 0 0
0 0 0.28708 0 0 0 0 0 0 0 0 0 0 0.037587 0.13695 0.2495 0.0049755 0.011427 -0.0070218 0 0
-0 -0 -0.11066 0 0 0 0 0 0 0 0 0 0 -0.014489 -0.05279 -0.096173 -0.0028999 -0.00393 0.0025941 0 0
-0 -0 -0.16074 0 0 0 0 0 0 0 0 0 0 -0.021045 -0.076679 -0.13969 -0.0043776 -0.0055994 0.0037331 0 0
-0 -0 -0.29783 0 0 0 0 0 0 0 0 0 0 -0.038995 -0.14208 -0.25884 -0.0089125 -0.0097803 0.0067112 0 0
0 0 0.19605 0 0 0 0 0 0 0 0 0 0 0.025669 0.093526 0.17038 0.003814 0.0076464 -0.0047718 0 0
-0 -0 -0.21494 0 0 0 0 0 0 0 0 0 0 -0.028142 -0.10254 -0.1868 -0.0060874 -0.0073231 0.0049369 0 0
0 0 0.18006 0 0 0 0 0 0 0 0 0 0 0.023574 0.085895 0.15648 0.0035691 0.0069952 -0.0043774 0 0
-0 -0 -0.24605 0 0 0 0 0 0 0 0 0 0 -0.032215 -0.11738 -0.21384 -0.0071186 -0.0082713 0.0056127 0 0
-0 -0 -0.32194 0 0 0 0 0 0 0 0 0 0 -0.04215 -0.15358 -0.27978 -0.0097793 -0.010452 0.0072106 0 0
-0 -0 -0.22113 0 0 0 0 0 0 0 0 0 0 -0.028952 -0.10549 -0.19218 -0.0062898 -0.0075142 0.0050722 0 0
0 0 0.27517 0 0 0 0 0 0 0 0 0 0 0.036027 0.13127 0.23914 0.0048461 0.010925 -0.0067271 0 0
0 0 0.15519 0 0 0 0 0 0 0 0 0 0 0.020319 0.074035 0.13488 0.0031647 0.0059915 -0.0037656 0 0
0 0 0.22762 0 0 0 0 0 0 0 0 0 0 0.029801 0.10858 0.19782 0.0042616 0.0089436 -0.0055513 0 0
0 0 0.20887 0 0 0 0 0 0 0 0 0 0 0.027347 0.09964 0.18152 0.0040014 0.0081712 -0.0050881 0 0
0 0 0.080461 0 0 0 0 0 0 0 0 0 0 0.010535 0.038384 0.069927 0.0017765 0.0030436 -0.0019383 0 0
0 0 0.025262 0 0 0 0 0 0 0 0 0 0 0.0033075 0.012051 0.021955 0.00058863 0.00093987 -0.00060458 0 0
0 0 0.34497 0 0 0 0 0 0 0 0 0 0 0.045166 0.16456 0.2998 0.005506 0.013886 -0.0084516 0 0
0 0 0.27373 0 0 0 0 0 0 0 0 0 0 0.035839 0.13058 0.23789 0.0048301 0.010865 -0.0066916 0 0
0 0 0.14222 0 0 0 0 0 0 0 0 0 0 0.01862 0.067844 0.1236 0.0029421 0.005472 -0.0034469 0 0
-0 -0 -0.069687 0 0 0 0 0 0 0 0 0 0 -0.0091239 -0.033244 -0.060563 -0.0017663 -0.002512 0.0016449 0 0
-0 -0 -0.091976 0 0 0 0 0 0 0 0 0 0 -0.012042 -0.043877 -0.079934 -0.0023744 -0.003289 0.0021631 0 0
-0 -0 -0.094528 0 0 0 0 0 0 0 0 0 0 -0.012376 -0.045094 -0.082151 -0.0024453 -0.0033771 0.0022221 0 0
0 0 0.089128 0 0 0 0 0 0 0 0 0 0 0.011669 0.042518 0.077458 0.0019506 0.0033798 -0.0021491 0 0
0 0 0.12906 0 0 0 0 0 0 0 0 0 0 0.016898 0.061567 0.11216 0.0027084 0.0049484 -0.0031243 0 0
0 0 0.24323 0 0 0 0 0 0 0 0 0 0 0.031845 0.11603 0.21138 0.0044654 0.0095906 -0.0059372 0 0
0 0 0.1537 0 0 0 0 0 0 0 0 0 0 0.020123 0.07332 0.13357 0.0031393 0.0059313 -0.0037287 0 0
0 0 0.015489 0 0 0 0 0 0 0 0 0 0 0.002028 0.0073891 0.013461 0.00036423 0.00057451 -0.00037023 0 0
0 0 0.16186 0 0 0 0 0 0 0 0 0 0 0.021191 0.077212 0.14066 0.0032758 0.0062593 -0.0039293 0 0
-0 -0 -0.10285 0 0 0 0 0 0 0 0 0 0 -0.013466 -0.049064 -0.089385 -0.0026785 -0.0036632 0.0024143 0 0
0 0 0.28781 0 0 0 0 0 0 0 0 0 0 0.037683 0.1373 0.25013 0.0049832 0.011458 -0.0070399 0 0
-0 -0 -0.051929 0 0 0 0 0 0 0 0 0 0 -0.006799 -0.024773 -0.04513 -0.0012967 -0.0018836 0.0012293 0 0
-0 -0 -0.16117 0 0 0 0 0 0 0 0 0 0 -0.021102 -0.076886 -0.14007 -0.0043908 -0.0056135 0.0037428 0 0
0 0 0.21548 0 0 0 0 0 0 0 0 0 0 0.028212 0.10279 0.18727 0.0040951 0.008443 -0.0052514 0 0
-0 -0 -0.082758 0 0 0 0 0 0 0 0 0 0 -0.010835 -0.039479 -0.071923 -0.0021204 -0.0029693 0.0019493 0 0
0 0 0.31803 0 0 0 0 0 0 0 0 0 0 0.041639 0.15172 0.27639 0.0052795 0.012737 -0.0077868 0 0
0 0 0.23329 0 0 0 0 0 0 0 0 0 0 0.030544 0.11129 0.20275 0.004337 0.0091783 -0.0056915 0 0
-0 -0 -0.24525 0 0 0 0 0 0 0 0 0 0 -0.032111 -0.117 -0.21314 -0.0070917 -0.0082474 0.0055955 0 0
0 0 0.24941 0 0 0 0 0 0 0 0 0 0 0.032654 0.11898 0.21675 0.0045429 0.0098478 -0.00609 0 0
0 0 0.15671 0 0 0 0 0 0 0 0 0 0 0.020518 0.074759 0.13619 0.0031902 0.0060525 -0.0038029 0 0
0 0 0.0095438 0 0 0 0 0 0 0 0 0 0 0.0012495 0.0045528 0.0082942 0.00022566 0.00035332 -0.00022794 0 0
0 0 0.15748 0 0 0 0 0 0 0 0 0 0 0.020619 0.075127 0.13686 0.0032031 0.0060835 -0.0038218 0 0
0 0 0.17454 0 0 0 0 0 0 0 0 0 0 0.022852 0.083261 0.15168 0.0034818 0.0067714 -0.0042414 0 0
0 0 0.032917 0 0 0 0 0 0 0 0 0 0 0.0043097 0.015703 0.028607 0.00076145 0.0012276 -0.00078854 0 0
-0 -0 -0.021246 0 0 0 0 0 0 0 0 0 0 -0.0027817 -0.010135 -0.018464 -0.00051654 -0.0007787 0.00050525 0 0
-0 -0 -0.19219 0 0 0 0 0 0 0 0 0 0 -0.025163 -0.091683 -0.16703 -0.005356 -0.0066105 0.0044355 0 0
-0 -0 -0.2247 0 0 0 0 0 0 0 0 0 0 -0.029419 -0.10719 -0.19528 -0.0064069 -0.0076238 0.00515 0 0
-0 -0 -0.16827 0 0 0 0 0 0 0 0 0 0 -0.022031 -0.080273 -0.14624 -0.0046085 -0.0058442 0.0039023 0 0
0 0 0.26407 0 0 0 0 0 0 0 0 0 0 0.034574 0.12597 0.2295 0.0047194 0.01046 -0.0064527 0 0
-0 -0 -0.1163 0 0 0 0 0 0 0 0 0 0 -0.015227 -0.055481 -0.10107 -0.0030613 -0.0041215 0.0027236 0 0
-0 -0 -0.30116 0 0 0 0 0 0 0 0 0 0 -0.03943 -0.14367 -0.26173 -0.0090309 -0.0098741 0.0067806 0 0
0 0 0.072213 0 0 0 0 0 0 0 0 0 0 0.0094547 0.034449 0.062758 0.0016077 0.002725 -0.001738 0 0
0 0 0.008661 0 0 0 0 0 0 0 0 0 0 0.001134 0.0041317 0.0075271 0.00020495 0.00032054 -0.00020683 0 0
0 0 0.24602 0 0 0 0 0 0 0 0 0 0 0.032211 0.11736 0.21381 0.0045007 0.009707 -0.0060063 0 0
-0 -0 -0.32822 0 0 0 0 0 0 0 0 0 0 -0.042973 -0.15658 -0.28525 -0.010009 -0.010624 0.0073395 0 0
-0 -0 -0.31081 0 0 0 0 0 0 0 0 0 0 -0.040694 -0.14827 -0.27012 -0.0093769 -0.010145 0.0069811 0 0
-0 -0 -0.089999 0 0 0 0 0 0 0 0 0 0 -0.011783 -0.042934 -0.078216 -0.0023196 -0.0032206 0.0021173 0 0
-0 -0 -0.26024 0 0 0 0 0 0 0 0 0 0 -0.034073 -0.12415 -0.22617 -0.0076006 -0.0086936 0.0059171 0 0
-0 -0 -0.071059 0 0 0 0 0 0 0 0 0 0 -0.0093035 -0.033898 -0.061755 -0.0018031 -0.0025602 0.001677 0 0
-0 -0 -0.15159 0 0 0 0 0 0 0 0 0 0 -0.019848 -0.072317 -0.13175 -0.0041003 -0.0052999 0.0035269 0 0
