-0 -0 -0 0.11339 0 0 0 0 -0 0 0 0.098543 -0.054092 0.014846 0 0
-0 -0 -0 0.019829 0 0 0 0 -0 0 0 0.017233 -0.0094593 0.0025962 0 0
-0 -0 -0 0.031975 0 0 0 0 -0 0 0 0.027788 -0.015253 0.0041864 0 0
-0 -0 -0 0.075242 0 0 0 0 -0 0 0 0.065391 -0.035894 0.0098513 0 0
-0 -0 -0 0.19328 0 0 0 0 -0 0 0 0.16798 -0.092204 0.025306 0 0
0 0 0 0.17469 0 0 0 0 -0 0 0 0.15182 -0.083336 0.022872 0 0
-0 -0 -0 0.01492 0 0 0 0 -0 0 0 0.012966 -0.0071173 0.0019534 0 0
0 0 0 0.12208 0 0 0 0 -0 0 0 0.10609 -0.058236 0.015983 0 0
-0 -0 -0 0.11385 0 0 0 0 -0 0 0 0.098945 -0.054312 0.014906 0 0
-0 -0 -0 0.1774 0 0 0 0 -0 0 0 0.15417 -0.084628 0.023227 0 0
0 0 0 0.032989 0 0 0 0 -0 0 0 0.02867 -0.015737 0.0043192 0 0
-0 -0 -0 0.17055 0 0 0 0 -0 0 0 0.14822 -0.081361 0.02233 0 0
-0 -0 -0 0.033906 0 0 0 0 -0 0 0 0.029467 -0.016175 0.0044393 0 0
-0 -0 -0 0.022767 0 0 0 0 -0 0 0 0.019786 -0.010861 0.0029808 0 0
0 0 0 0.10071 0 0 0 0 -0 0 0 0.087528 -0.048045 0.013186 0 0
-0 -0 -0 0.072041 0 0 0 0 -0 0 0 0.062609 -0.034367 0.0094322 0 0
-0 -0 -0 0.033548 0 0 0 0 -0 0 0 0.029156 -0.016004 0.0043924 0 0
0 0 0 0.15368 0 0 0 0 -0 0 0 0.13356 -0.073313 0.020121 0 0
-0 -0 -0 0.0053658 0 0 0 0 -0 0 0 0.0046633 -0.0025597 0.00070253 0 0
-0 -0 -0 0.19554 0 0 0 0 -0 0 0 0.16993 -0.093279 0.025601 0 0
-0 -0 -0 0.0068259 0 0 0 0 -0 0 0 0.0059322 -0.0032563 0.0008937 0 0
0 0 0 0.059508 0 0 0 0 -0 0 0 0.051717 -0.028388 0.0077913 0 0
-0 -0 -0 0.16187 0 0 0 0 -0 0 0 0.14068 -0.077221 0.021194 0 0
-0 -0 -0 0.18792 0 0 0 0 -0 0 0 0.16331 -0.089644 0.024603 0 0
0 0 0 0.096078 0 0 0 0 -0 0 0 0.083498 -0.045833 0.012579 0 0
-0 -0 -0 0.063562 0 0 0 0 -0 0 0 0.05524 -0.030322 0.0083221 0 0
-0 -0 -0 0.16394 0 0 0 0 -0 0 0 0.14247 -0.078206 0.021464 0 0
-0 -0 -0 0.15529 0 0 0 0 -0 0 0 0.13496 -0.074083 0.020332 0 0
-0 -0 -0 0.19304 0 0 0 0 -0 0 0 0.16777 -0.092091 0.025275 0 0
0 0 0 0.065656 0 0 0 0 -0 0 0 0.05706 -0.031321 0.0085962 0 0
-0 -0 -0 0.052698 0 0 0 0 -0 0 0 0.045799 -0.025139 0.0068997 0 0
0 0 0 0.15816 0 0 0 0 -0 0 0 0.13745 -0.07545 0.020708 0 0
-0 -0 -0 0.039087 0 0 0 0 -0 0 0 0.033969 -0.018646 0.0051176 0 0
-0 -0 -0 0.080645 0 0 0 0 -0 0 0 0.070087 -0.038471 0.010559 0 0
-0 -0 -0 0.056618 0 0 0 0 -0 0 0 0.049205 -0.027009 0.0074128 0 0
-0 -0 -0 0.15296 0 0 0 0 -0 0 0 0.13293 -0.072967 0.020026 0 0
0 0 0 0.13346 0 0 0 0 -0 0 0 0.11598 -0.063665 0.017473 0 0
0 0 0 0.0084634 0 0 0 0 -0 0 0 0.0073553 -0.0040374 0.0011081 0 0
-0 -0 -0 0.047679 0 0 0 0 -0 0 0 0.041437 -0.022745 0.0062425 0 0
-0 -0 -0 0.1651 0 0 0 0 -0 0 0 0.14348 -0.07876 0.021616 0 0
0 0 0 0.06989 0 0 0 0 -0 0 0 0.060739 -0.033341 0.0091505 0 0
0 0 0 0.099026 0 0 0 0 -0 0 0 0.086061 -0.04724 0.012965 0 0
0 0 0 0.16926 0 0 0 0 -0 0 0 0.1471 -0.080743 0.02216 0 0
0 0 0 0.14863 0 0 0 0 -0 0 0 0.12917 -0.070901 0.019459 0 0
-0 -0 -0 0.15973 0 0 0 0 -0 0 0 0.13881 -0.076196 0.020913 0 0
0 0 0 0.0092763 0 0 0 0 -0 0 0 0.0080618 -0.0044252 0.0012145 0 0
0 0 0 0.16698 0 0 0 0 -0 0 0 0.14512 -0.079658 0.021863 0 0
0 0 0 0.18221 0 0 0 0 -0 0 0 0.15836 -0.086923 0.023857 0 0
0 0 0 0.10783 0 0 0 0 -0 0 0 0.093714 -0.051441 0.014118 0 0
0 0 0 0.1951 0 0 0 0 -0 0 0 0.16955 -0.093069 0.025543 0 0
0 0 0 0.18696 0 0 0 0 -0 0 0 0.16248 -0.089188 0.024478 0 0
0 0 0 0.17233 0 0 0 0 -0 0 0 0.14977 -0.08221 0.022563 0 0
0 0 0 0.068495 0 0 0 0 -0 0 0 0.059527 -0.032675 0.0089679 0 0
-0 -0 -0 0.14801 0 0 0 0 -0 0 0 0.12863 -0.070609 0.019379 0 0
-0 -0 -0 0.10236 0 0 0 0 -0 0 0 0.088961 -0.048832 0.013402 0 0
-0 -0 -0 0.023821 0 0 0 0 -0 0 0 0.020702 -0.011363 0.0031188 0 0
-0 -0 -0 0.051602 0 0 0 0 -0 0 0 0.044845 -0.024616 0.0067561 0 0
-0 -0 -0 0.19991 0 0 0 0 -0 0 0 0.17374 -0.095367 0.026174 0 0
-0 -0 -0 0.16749 0 0 0 0 -0 0 0 0.14556 -0.079899 0.021929 0 0
-0 -0 -0 0.14684 0 0 0 0 -0 0 0 0.12761 -0.070049 0.019225 0 0
-0 -0 -0 0.022366 0 0 0 0 -0 0 0 0.019438 -0.01067 0.0029284 0 0
-0 -0 -0 0.09493 0 0 0 0 -0 0 0 0.082501 -0.045286 0.012429 0 0
0 0 0 0.09759 0 0 0 0 -0 0 0 0.084813 -0.046555 0.012777 0 0
-0 -0 -0 0.11518 0 0 0 0 -0 0 0 0.1001 -0.054946 0.01508 0 0
-0 -0 -0 0.14166 0 0 0 0 -0 0 0 0.12311 -0.067576 0.018547 0 0
-0 -0 -0 0.17822 0 0 0 0 -0 0 0 0.15489 -0.085019 0.023334 0 0
-0 -0 -0 0.12708 0 0 0 0 -0 0 0 0.11044 -0.060623 0.016638 0 0
-0 -0 -0 0.048001 0 0 0 0 -0 0 0 0.041717 -0.022899 0.0062847 0 0
-0 -0 -0 0.16703 0 0 0 0 -0 0 0 0.14516 -0.079683 0.021869 0 0
0 0 0 0.056988 0 0 0 0 -0 0 0 0.049527 -0.027186 0.0074613 0 0
-0 -0 -0 0.019919 0 0 0 0 -0 0 0 0.017311 -0.0095023 0.002608 0 0
-0 -0 -0 0.18703 0 0 0 0 -0 0 0 0.16255 -0.089223 0.024488 0 0
0 0 0 0.08057 0 0 0 0 -0 0 0 0.070021 -0.038436 0.010549 0 0
-0 -0 -0 0.068842 0 0 0 0 -0 0 0 0.059829 -0.032841 0.0090133 0 0
-0 -0 -0 0.14068 0 0 0 0 -0 0 0 0.12226 -0.06711 0.018419 0 0
-0 -0 -0 0.13339 0 0 0 0 -0 0 0 0.11593 -0.063634 0.017465 0 0
-0 -0 -0 0.11237 0 0 0 0 -0 0 0 0.097656 -0.053605 0.014712 0 0
0 0 0 0.12705 0 0 0 0 -0 0 0 0.11042 -0.060608 0.016634 0 0
0 0 0 0.085027 0 0 0 0 -0 0 0 0.073895 -0.040562 0.011132 0 0
-0 -0 -0 0.15688 0 0 0 0 -0 0 0 0.13634 -0.074841 0.02054 0 0
-0 -0 -0 0.080017 0 0 0 0 -0 0 0 0.069541 -0.038172 0.010476 0 0
0 0 0 0.093405 0 0 0 0 -0 0 0 0.081176 -0.044558 0.012229 0 0
-0 -0 -0 0.14084 0 0 0 0 -0 0 0 0.1224 -0.067185 0.018439 0 0
-0 -0 -0 0.16591 0 0 0 0 -0 0 0 0.14419 -0.079146 0.021722 0 0
-0 -0 -0 0.18348 0 0 0 0 -0 0 0 0.15946 -0.08753 0.024023 0 0
-0 -0 -0 0.069708 0 0 0 0 -0 0 0 0.060581 -0.033254 0.0091267 0 0
-0 -0 -0 0.14835 0 0 0 0 -0 0 0 0.12893 -0.070771 0.019424 0 0
0 0 0 0.17606 0 0 0 0 -0 0 0 0.15301 -0.083988 0.023051 0 0
-0 -0 -0 0.034717 0 0 0 0 -0 0 0 0.030172 -0.016562 0.0045454 0 0
0 0 0 0.1422 0 0 0 0 -0 0 0 0.12358 -0.067835 0.018618 0 0
-0 -0 -0 0.042211 0 0 0 0 -0 0 0 0.036684 -0.020136 0.0055266 0 0
0 0 0 0.12059 0 0 0 0 -0 0 0 0.1048 -0.057526 0.015788 0 0
0 0 0 0.17852 0 0 0 0 -0 0 0 0.15515 -0.085162 0.023373 0 0
-0 -0 -0 0.15536 0 0 0 0 -0 0 0 0.13502 -0.074115 0.020341 0 0
-0 -0 -0 0.028772 0 0 0 0 -0 0 0 0.025005 -0.013725 0.003767 0 0
-0 -0 -0 0.060317 0 0 0 0 -0 0 0 0.05242 -0.028774 0.0078972 0 0
-0 -0 -0 0.10823 0 0 0 0 -0 0 0 0.09406 -0.051631 0.01417 0 0
0 0 0 0.19516 0 0 0 0 -0 0 0 0.16961 -0.093099 0.025552 0 0
0 0 0 0.1783 0 0 0 0 -0 0 0 0.15495 -0.085057 0.023344 0 0
0 0 0 0.089128 0 0 0 0 -0 0 0 0.077459 -0.042518 0.011669 0 0
