0 0 0 0.10485 0 0 0 0 0 0 0 0.10485 0 0 0 0
0 0 0 0.040479 0 0 0 0 0 0 0 0.040479 0 0 0 0
-0 -0 -0 0.19358 0 0 0 0 0 0 0 0.19358 0 0 0 0
-0 -0 -0 0.10871 0 0 0 0 0 0 0 0.10871 0 0 0 0
0 0 0 0.0014786 0 0 0 0 0 0 0 0.0014786 0 0 0 0
0 0 0 0.018734 0 0 0 0 0 0 0 0.018734 0 0 0 0
0 0 0 0.023471 0 0 0 0 0 0 0 0.023471 0 0 0 0
0 0 0 0.12612 0 0 0 0 0 0 0 0.12612 0 0 0 0
-0 -0 -0 0.050517 0 0 0 0 0 0 0 0.050517 0 0 0 0
0 0 0 0.027396 0 0 0 0 0 0 0 0.027396 0 0 0 0
0 0 0 0.0058686 0 0 0 0 0 0 0 0.0058686 0 0 0 0
-0 -0 -0 0.14669 0 0 0 0 0 0 0 0.14669 0 0 0 0
0 0 0 0.18712 0 0 0 0 0 0 0 0.18712 0 0 0 0
0 0 0 0.095105 0 0 0 0 0 0 0 0.095105 0 0 0 0
0 0 0 0.090587 0 0 0 0 0 0 0 0.090587 0 0 0 0
0 0 0 0.12789 0 0 0 0 0 0 0 0.12789 0 0 0 0
0 0 0 0.070174 0 0 0 0 0 0 0 0.070174 0 0 0 0
0 0 0 0.038388 0 0 0 0 0 0 0 0.038388 0 0 0 0
-0 -0 -0 0.14373 0 0 0 0 0 0 0 0.14373 0 0 0 0
-0 -0 -0 0.11333 0 0 0 0 0 0 0 0.11333 0 0 0 0
0 0 0 0.0082746 0 0 0 0 0 0 0 0.0082746 0 0 0 0
0 0 0 0.01851 0 0 0 0 0 0 0 0.01851 0 0 0 0
0 0 0 0.13912 0 0 0 0 0 0 0 0.13912 0 0 0 0
-0 -0 -0 0.055224 0 0 0 0 0 0 0 0.055224 0 0 0 0
0 0 0 0.10492 0 0 0 0 0 0 0 0.10492 0 0 0 0
0 0 0 0.1323 0 0 0 0 0 0 0 0.1323 0 0 0 0
0 0 0 0.19873 0 0 0 0 0 0 0 0.19873 0 0 0 0
0 0 0 0.096808 0 0 0 0 0 0 0 0.096808 0 0 0 0
-0 -0 -0 0.042972 0 0 0 0 0 0 0 0.042972 0 0 0 0
0 0 0 0.00045704 0 0 0 0 0 0 0 0.00045704 0 0 0 0
-0 -0 -0 0.077303 0 0 0 0 0 0 0 0.077303 0 0 0 0
0 0 0 0.046439 0 0 0 0 0 0 0 0.046439 0 0 0 0
-0 -0 -0 0.062476 0 0 0 0 0 0 0 0.062476 0 0 0 0
0 0 0 0.022555 0 0 0 0 0 0 0 0.022555 0 0 0 0
-0 -0 -0 0.053161 0 0 0 0 0 0 0 0.053161 0 0 0 0
-0 -0 -0 0.10282 0 0 0 0 0 0 0 0.10282 0 0 0 0
-0 -0 -0 0.02312 0 0 0 0 0 0 0 0.02312 0 0 0 0
0 0 0 0.0045134 0 0 0 0 0 0 0 0.0045134 0 0 0 0
-0 -0 -0 0.0044462 0 0 0 0 0 0 0 0.0044462 0 0 0 0
-0 -0 -0 0.17314 0 0 0 0 0 0 0 0.17314 0 0 0 0
-0 -0 -0 0.099504 0 0 0 0 0 0 0 0.099504 0 0 0 0
-0 -0 -0 0.023191 0 0 0 0 0 0 0 0.023191 0 0 0 0
-0 -0 -0 0.19615 0 0 0 0 0 0 0 0.19615 0 0 0 0
0 0 0 0.040715 0 0 0 0 0 0 0 0.040715 0 0 0 0
0 0 0 0.18846 0 0 0 0 0 0 0 0.18846 0 0 0 0
-0 -0 -0 0.048462 0 0 0 0 0 0 0 0.048462 0 0 0 0
-0 -0 -0 0.14306 0 0 0 0 0 0 0 0.14306 0 0 0 0
0 0 0 0.14243 0 0 0 0 0 0 0 0.14243 0 0 0 0
-0 -0 -0 0.022188 0 0 0 0 0 0 0 0.022188 0 0 0 0
0 0 0 0.073607 0 0 0 0 0 0 0 0.073607 0 0 0 0
-0 -0 -0 0.06384 0 0 0 0 0 0 0 0.06384 0 0 0 0
-0 -0 -0 0.061287 0 0 0 0 0 0 0 0.061287 0 0 0 0
-0 -0 -0 0.18203 0 0 0 0 0 0 0 0.18203 0 0 0 0
0 0 0 0.019367 0 0 0 0 0 0 0 0.019367 0 0 0 0
0 0 0 0.17949 0 0 0 0 0 0 0 0.17949 0 0 0 0
-0 -0 -0 0.19998 0 0 0 0 0 0 0 0.19998 0 0 0 0
-0 -0 -0 0.16322 0 0 0 0 0 0 0 0.16322 0 0 0 0
0 0 0 0.089236 0 0 0 0 0 0 0 0.089236 0 0 0 0
0 0 0 0.18881 0 0 0 0 0 0 0 0.18881 0 0 0 0
0 0 0 0.18812 0 0 0 0 0 0 0 0.18812 0 0 0 0
-0 -0 -0 0.031507 0 0 0 0 0 0 0 0.031507 0 0 0 0
-0 -0 -0 0.0014829 0 0 0 0 0 0 0 0.0014829 0 0 0 0
0 0 0 0.086532 0 0 0 0 0 0 0 0.086532 0 0 0 0
-0 -0 -0 0.19996 0 0 0 0 0 0 0 0.19996 0 0 0 0
-0 -0 -0 0.14267 0 0 0 0 0 0 0 0.14267 0 0 0 0
-0 -0 -0 0.19995 0 0 0 0 0 0 0 0.19995 0 0 0 0
-0 -0 -0 0.040671 0 0 0 0 0 0 0 0.040671 0 0 0 0
-0 -0 -0 0.085216 0 0 0 0 0 0 0 0.085216 0 0 0 0
0 0 0 0.078676 0 0 0 0 0 0 0 0.078676 0 0 0 0
-0 -0 -0 0.14168 0 0 0 0 0 0 0 0.14168 0 0 0 0
0 0 0 0.0030764 0 0 0 0 0 0 0 0.0030764 0 0 0 0
-0 -0 -0 0.033769 0 0 0 0 0 0 0 0.033769 0 0 0 0
0 0 0 0.11618 0 0 0 0 0 0 0 0.11618 0 0 0 0
0 0 0 0.18242 0 0 0 0 0 0 0 0.18242 0 0 0 0
-0 -0 -0 0.10465 0 0 0 0 0 0 0 0.10465 0 0 0 0
-0 -0 -0 0.047512 0 0 0 0 0 0 0 0.047512 0 0 0 0
-0 -0 -0 0.094171 0 0 0 0 0 0 0 0.094171 0 0 0 0
-0 -0 -0 0.12209 0 0 0 0 0 0 0 0.12209 0 0 0 0
0 0 0 0.0048441 0 0 0 0 0 0 0 0.0048441 0 0 0 0
0 0 0 0.14294 0 0 0 0 0 0 0 0.14294 0 0 0 0
0 0 0 0.045299 0 0 0 0 0 0 0 0.045299 0 0 0 0
-0 -0 -0 0.038797 0 0 0 0 0 0 0 0.038797 0 0 0 0
0 0 0 0.18219 0 0 0 0 0 0 0 0.18219 0 0 0 0
-0 -0 -0 0.10511 0 0 0 0 0 0 0 0.10511 0 0 0 0
-0 -0 -0 0.15506 0 0 0 0 0 0 0 0.15506 0 0 0 0
0 0 0 0.013532 0 0 0 0 0 0 0 0.013532 0 0 0 0
0 0 0 0.17507 0 0 0 0 0 0 0 0.17507 0 0 0 0
0 0 0 0.021912 0 0 0 0 0 0 0 0.021912 0 0 0 0
-0 -0 -0 0.19334 0 0 0 0 0 0 0 0.19334 0 0 0 0
0 0 0 0.013424 0 0 0 0 0 0 0 0.013424 0 0 0 0
0 0 0 0.14253 0 0 0 0 0 0 0 0.14253 0 0 0 0
0 0 0 0.097981 0 0 0 0 0 0 0 0.097981 0 0 0 0
0 0 0 0.070216 0 0 0 0 0 0 0 0.070216 0 0 0 0
-0 -0 -0 0.086692 0 0 0 0 0 0 0 0.086692 0 0 0 0
-0 -0 -0 0.18006 0 0 0 0 0 0 0 0.18006 0 0 0 0
-0 -0 -0 0.15144 0 0 0 0 0 0 0 0.15144 0 0 0 0
0 0 0 0.15776 0 0 0 0 0 0 0 0.15776 0 0 0 0
0 0 0 0.17087 0 0 0 0 0 0 0 0.17087 0 0 0 0
0 0 0 0.064415 0 0 0 0 0 0 0 0.064415 0 0 0 0
-0 -0 -0 0.063901 0 0 0 0 0 0 0 0.063901 0 0 0 0
