0 0 0.34112 0 0 0 0 0 0 0 0 0 0 0.044662 0.16273 0.29646 -0.015395 0.05287 -0.026702 0 0
-0 -0 -0.32053 0 0 0 0 0 0 0 0 0 0 -0.041966 -0.15291 -0.27856 -0.0042326 -0.05003 0.0281 0 0
0 0 0.092498 0 0 0 0 0 0 0 0 0 0 0.012111 0.044126 0.080388 -0.0021791 0.014624 -0.0076988 0 0
-0 -0 -0.16769 0 0 0 0 0 0 0 0 0 0 -0.021956 -0.079997 -0.14574 6.4314e-05 -0.026474 0.014522 0 0
0 0 0.18346 0 0 0 0 0 0 0 0 0 0 0.02402 0.087517 0.15944 -0.0057885 0.028864 -0.014972 0 0
0 0 0.12854 0 0 0 0 0 0 0 0 0 0 0.01683 0.06132 0.11171 -0.0034368 0.02029 -0.01062 0 0
-0 -0 -0.29492 0 0 0 0 0 0 0 0 0 0 -0.038614 -0.14069 -0.25631 -0.0032262 -0.046147 0.025817 0 0
0 0 0.24274 0 0 0 0 0 0 0 0 0 0 0.031781 0.1158 0.21096 -0.0089101 0.038014 -0.019524 0 0
0 0 0.11748 0 0 0 0 0 0 0 0 0 0 0.015382 0.056045 0.1021 -0.0030267 0.018554 -0.0097286 0 0
0 0 0.23994 0 0 0 0 0 0 0 0 0 0 0.031414 0.11446 0.20852 -0.0087489 0.037584 -0.019312 0 0
-0 -0 -0.033752 0 0 0 0 0 0 0 0 0 0 -0.0044191 -0.016101 -0.029333 0.0004166 -0.0053475 0.0028725 0 0
-0 -0 -0.19529 0 0 0 0 0 0 0 0 0 0 -0.025569 -0.093161 -0.16972 -0.00040594 -0.030785 0.01696 0 0
0 0 0.27589 0 0 0 0 0 0 0 0 0 0 0.036121 0.13161 0.23976 -0.010915 0.04307 -0.021997 0 0
-0 -0 -0.13321 0 0 0 0 0 0 0 0 0 0 -0.017441 -0.063549 -0.11577 0.00046123 -0.021062 0.011492 0 0
0 0 0.33555 0 0 0 0 0 0 0 0 0 0 0.043933 0.16007 0.29162 -0.014986 0.052042 -0.026309 0 0
0 0 0.33124 0 0 0 0 0 0 0 0 0 0 0.043369 0.15802 0.28787 -0.014672 0.0514 -0.026004 0 0
-0 -0 -0.065272 0 0 0 0 0 0 0 0 0 0 -0.008546 -0.031138 -0.056726 0.00062207 -0.010338 0.0055811 0 0
0 0 0.13477 0 0 0 0 0 0 0 0 0 0 0.017645 0.06429 0.11712 -0.003677 0.021265 -0.011119 0 0
-0 -0 -0.11137 0 0 0 0 0 0 0 0 0 0 -0.014581 -0.053129 -0.096789 0.0006029 -0.017622 0.0095818 0 0
-0 -0 -0.27962 0 0 0 0 0 0 0 0 0 0 -0.03661 -0.13339 -0.24301 -0.0026793 -0.043812 0.024452 0 0
-0 -0 -0.083746 0 0 0 0 0 0 0 0 0 0 -0.010965 -0.039951 -0.072781 0.00065999 -0.01326 0.0071791 0 0
-0 -0 -0.28251 0 0 0 0 0 0 0 0 0 0 -0.036989 -0.13477 -0.24552 -0.0027796 -0.044254 0.02471 0 0
0 0 0.18014 0 0 0 0 0 0 0 0 0 0 0.023586 0.085936 0.15656 -0.0056318 0.028349 -0.014712 0 0
-0 -0 -0.18892 0 0 0 0 0 0 0 0 0 0 -0.024735 -0.090123 -0.16418 -0.00028539 -0.029792 0.016396 0 0
0 0 0.22057 0 0 0 0 0 0 0 0 0 0 0.028879 0.10522 0.19169 -0.0076726 0.034607 -0.01784 0 0
-0 -0 -0.22501 0 0 0 0 0 0 0 0 0 0 -0.029459 -0.10734 -0.19555 -0.0010636 -0.035404 0.019594 0 0
-0 -0 -0.25906 0 0 0 0 0 0 0 0 0 0 -0.033919 -0.12358 -0.22514 -0.0020095 -0.04066 0.022622 0 0
0 0 0.29825 0 0 0 0 0 0 0 0 0 0 0.039049 0.14228 0.2592 -0.012372 0.046453 -0.023635 0 0
-0 -0 -0.034237 0 0 0 0 0 0 0 0 0 0 -0.0044826 -0.016333 -0.029754 0.0004211 -0.0054243 0.002914 0 0
-0 -0 -0.33898 0 0 0 0 0 0 0 0 0 0 -0.044382 -0.16171 -0.2946 -0.0050286 -0.05281 0.029745 0 0
0 0 0.14867 0 0 0 0 0 0 0 0 0 0 0.019465 0.070924 0.12921 -0.0042382 0.023442 -0.012229 0 0
0 0 0.00093982 0 0 0 0 0 0 0 0 0 0 0.00012305 0.00044834 0.00081677 -1.4505e-05 0.00014889 -7.9543e-05 0 0
-0 -0 -0.18254 0 0 0 0 0 0 0 0 0 0 -0.023899 -0.087079 -0.15864 -0.00017182 -0.028796 0.015832 0 0
-0 -0 -0.29822 0 0 0 0 0 0 0 0 0 0 -0.039045 -0.14226 -0.25917 -0.0033493 -0.046648 0.02611 0 0
0 0 0.077415 0 0 0 0 0 0 0 0 0 0 0.010136 0.03693 0.067279 -0.0017205 0.012246 -0.0064625 0 0
-0 -0 -0.21578 0 0 0 0 0 0 0 0 0 0 -0.028252 -0.10294 -0.18753 -0.00084277 -0.033973 0.018775 0 0
0 0 0.28159 0 0 0 0 0 0 0 0 0 0 0.036867 0.13433 0.24472 -0.011279 0.043934 -0.022417 0 0
-0 -0 -0.16149 0 0 0 0 0 0 0 0 0 0 -0.021144 -0.077039 -0.14035 0.00015133 -0.025503 0.013976 0 0
-0 -0 -0.04 0 0 0 0 0 0 0 0 0 0 -0.0052372 -0.019082 -0.034763 0.00047143 -0.0063372 0.0034076 0 0
0 0 0.10271 0 0 0 0 0 0 0 0 0 0 0.013447 0.048997 0.089261 -0.0025122 0.016231 -0.008531 0 0
0 0 0.15943 0 0 0 0 0 0 0 0 0 0 0.020874 0.076056 0.13856 -0.0046953 0.025123 -0.013083 0 0
0 0 0.24943 0 0 0 0 0 0 0 0 0 0 0.032657 0.11899 0.21677 -0.0092998 0.039038 -0.020027 0 0
-0 -0 -0.08491 0 0 0 0 0 0 0 0 0 0 -0.011117 -0.040506 -0.073793 0.00066034 -0.013444 0.0072801 0 0
-0 -0 -0.014082 0 0 0 0 0 0 0 0 0 0 -0.0018438 -0.0067179 -0.012238 0.00019851 -0.0022311 0.0011948 0 0
0 0 0.3446 0 0 0 0 0 0 0 0 0 0 0.045118 0.16439 0.29948 -0.015654 0.053387 -0.026947 0 0
0 0 0.037708 0 0 0 0 0 0 0 0 0 0 0.004937 0.017988 0.032771 -0.00070528 0.0059709 -0.0031712 0 0
0 0 0.12173 0 0 0 0 0 0 0 0 0 0 0.015938 0.058073 0.1058 -0.0031819 0.019222 -0.010072 0 0
-0 -0 -0.016765 0 0 0 0 0 0 0 0 0 0 -0.002195 -0.0079977 -0.01457 0.00023232 -0.0026562 0.001423 0 0
0 0 0.17003 0 0 0 0 0 0 0 0 0 0 0.022262 0.081112 0.14777 -0.0051652 0.026775 -0.013919 0 0
-0 -0 -0.016396 0 0 0 0 0 0 0 0 0 0 -0.0021467 -0.0078216 -0.014249 0.00022774 -0.0025977 0.0013916 0 0
0 0 0.26525 0 0 0 0 0 0 0 0 0 0 0.034728 0.12653 0.23052 -0.010251 0.041452 -0.021209 0 0
0 0 0.27142 0 0 0 0 0 0 0 0 0 0 0.035537 0.12948 0.23589 -0.010634 0.042392 -0.021667 0 0
0 0 0.10224 0 0 0 0 0 0 0 0 0 0 0.013387 0.048775 0.088858 -0.0024967 0.016158 -0.0084933 0 0
-0 -0 -0.04119 0 0 0 0 0 0 0 0 0 0 -0.0053929 -0.01965 -0.035797 0.00048108 -0.0065257 0.0035096 0 0
0 0 0.0039856 0 0 0 0 0 0 0 0 0 0 0.00052183 0.0019013 0.0034638 -6.2596e-05 0.00063141 -0.00033716 0 0
-0 -0 -0.22618 0 0 0 0 0 0 0 0 0 0 -0.029613 -0.1079 -0.19657 -0.0010928 -0.035586 0.019698 0 0
0 0 0.23504 0 0 0 0 0 0 0 0 0 0 0.030774 0.11213 0.20427 -0.0084709 0.036833 -0.018942 0 0
0 0 0.029547 0 0 0 0 0 0 0 0 0 0 0.0038686 0.014095 0.025679 -0.00053122 0.0046794 -0.0024885 0 0
-0 -0 -0.15679 0 0 0 0 0 0 0 0 0 0 -0.020528 -0.074794 -0.13626 0.0002128 -0.024765 0.013562 0 0
0 0 0.17426 0 0 0 0 0 0 0 0 0 0 0.022815 0.083129 0.15144 -0.0053582 0.027434 -0.014251 0 0
0 0 0.15615 0 0 0 0 0 0 0 0 0 0 0.020444 0.074491 0.13571 -0.0045537 0.02461 -0.012823 0 0
0 0 0.171 0 0 0 0 0 0 0 0 0 0 0.022388 0.081574 0.14861 -0.0052092 0.026926 -0.013995 0 0
-0 -0 -0.06518 0 0 0 0 0 0 0 0 0 0 -0.0085339 -0.031094 -0.056646 0.00062173 -0.010324 0.0055732 0 0
0 0 0.26031 0 0 0 0 0 0 0 0 0 0 0.034082 0.12418 0.22623 -0.0099498 0.040699 -0.020841 0 0
0 0 0.077864 0 0 0 0 0 0 0 0 0 0 0.010195 0.037145 0.067669 -0.0017336 0.012316 -0.0064994 0 0
-0 -0 -0.1173 0 0 0 0 0 0 0 0 0 0 -0.015358 -0.055958 -0.10194 0.00057286 -0.018557 0.0101 0 0
0 0 0.30296 0 0 0 0 0 0 0 0 0 0 0.039667 0.14453 0.2633 -0.01269 0.047164 -0.023977 0 0
0 0 0.10112 0 0 0 0 0 0 0 0 0 0 0.013239 0.048238 0.08788 -0.0024592 0.015981 -0.0084017 0 0
0 0 0.26839 0 0 0 0 0 0 0 0 0 0 0.035139 0.12803 0.23325 -0.010445 0.04193 -0.021442 0 0
0 0 0.30292 0 0 0 0 0 0 0 0 0 0 0.03966 0.14451 0.26326 -0.012686 0.047157 -0.023974 0 0
0 0 0.33392 0 0 0 0 0 0 0 0 0 0 0.043719 0.15929 0.2902 -0.014867 0.051799 -0.026194 0 0
0 0 0.06551 0 0 0 0 0 0 0 0 0 0 0.008577 0.031251 0.056933 -0.0013868 0.010366 -0.0054812 0 0
-0 -0 -0.13695 0 0 0 0 0 0 0 0 0 0 -0.017931 -0.065331 -0.11902 0.00042847 -0.02165 0.011819 0 0
-0 -0 -0.11913 0 0 0 0 0 0 0 0 0 0 -0.015598 -0.056831 -0.10353 0.00056233 -0.018845 0.010259 0 0
-0 -0 -0.29536 0 0 0 0 0 0 0 0 0 0 -0.038671 -0.1409 -0.25669 -0.0032423 -0.046213 0.025855 0 0
0 0 0.027835 0 0 0 0 0 0 0 0 0 0 0.0036443 0.013278 0.02419 -0.0004962 0.0044083 -0.002345 0 0
0 0 0.066969 0 0 0 0 0 0 0 0 0 0 0.008768 0.031947 0.058201 -0.0014264 0.010597 -0.0056017 0 0
-0 -0 -0.23735 0 0 0 0 0 0 0 0 0 0 -0.031076 -0.11323 -0.20627 -0.0013828 -0.037314 0.02069 0 0
-0 -0 -0.2351 0 0 0 0 0 0 0 0 0 0 -0.030781 -0.11215 -0.20432 -0.0013227 -0.036966 0.02049 0 0
0 0 0.25914 0 0 0 0 0 0 0 0 0 0 0.033928 0.12362 0.22521 -0.0098788 0.040521 -0.020754 0 0
0 0 0.17665 0 0 0 0 0 0 0 0 0 0 0.023128 0.084269 0.15352 -0.0054686 0.027805 -0.014439 0 0
-0 -0 -0.19131 0 0 0 0 0 0 0 0 0 0 -0.025048 -0.091263 -0.16626 -0.00032976 -0.030165 0.016608 0 0
-0 -0 -0.29307 0 0 0 0 0 0 0 0 0 0 -0.038371 -0.13981 -0.2547 -0.0031576 -0.045864 0.025651 0 0
-0 -0 -0.24998 0 0 0 0 0 0 0 0 0 0 -0.03273 -0.11925 -0.21725 -0.0017373 -0.039263 0.021813 0 0
0 0 0.12234 0 0 0 0 0 0 0 0 0 0 0.016017 0.058361 0.10632 -0.0032041 0.019316 -0.01012 0 0
-0 -0 -0.18292 0 0 0 0 0 0 0 0 0 0 -0.023949 -0.08726 -0.15897 -0.0001784 -0.028855 0.015866 0 0
-0 -0 -0.23893 0 0 0 0 0 0 0 0 0 0 -0.031283 -0.11398 -0.20765 -0.0014256 -0.037558 0.020831 0 0
0 0 0.12517 0 0 0 0 0 0 0 0 0 0 0.016388 0.059709 0.10878 -0.0033093 0.01976 -0.010348 0 0
-0 -0 -0.32839 0 0 0 0 0 0 0 0 0 0 -0.042995 -0.15666 -0.28539 -0.0045644 -0.051216 0.028801 0 0
-0 -0 -0.29314 0 0 0 0 0 0 0 0 0 0 -0.03838 -0.13984 -0.25476 -0.0031604 -0.045875 0.025658 0 0
0 0 0.3489 0 0 0 0 0 0 0 0 0 0 0.045681 0.16644 0.30322 -0.015976 0.054024 -0.027248 0 0
0 0 0.30067 0 0 0 0 0 0 0 0 0 0 0.039366 0.14343 0.2613 -0.012534 0.046818 -0.023811 0 0
-0 -0 -0.11947 0 0 0 0 0 0 0 0 0 0 -0.015643 -0.056995 -0.10383 0.00056028 -0.018899 0.01029 0 0
-0 -0 -0.21581 0 0 0 0 0 0 0 0 0 0 -0.028256 -0.10295 -0.18756 -0.00084343 -0.033978 0.018778 0 0
0 0 0.15699 0 0 0 0 0 0 0 0 0 0 0.020554 0.074891 0.13643 -0.0045897 0.024741 -0.012889 0 0
-0 -0 -0.29483 0 0 0 0 0 0 0 0 0 0 -0.038601 -0.14065 -0.25623 -0.0032226 -0.046132 0.025808 0 0
0 0 0.12606 0 0 0 0 0 0 0 0 0 0 0.016504 0.060134 0.10955 -0.0033427 0.0199 -0.01042 0 0
0 0 0.17617 0 0 0 0 0 0 0 0 0 0 0.023065 0.08404 0.1531 -0.0054463 0.02773 -0.014401 0 0
-0 -0 -0.039671 0 0 0 0 0 0 0 0 0 0 -0.005194 -0.018925 -0.034477 0.00046871 -0.006285 0.0033793 0 0
-0 -0 -0.041334 0 0 0 0 0 0 0 0 0 0 -0.0054118 -0.019718 -0.035923 0.00048223 -0.0065485 0.0035219 0 0
