-0 -0 -0 0.11388 0 0 0 0 -0 0 0 0.098968 -0.054325 0.01491 0 0
0 0 0 0.11397 0 0 0 0 -0 0 0 0.099049 -0.054369 0.014922 0 0
0 0 0 0.1529 0 0 0 0 -0 0 0 0.13288 -0.072941 0.020019 0 0
0 0 0 0.06281 0 0 0 0 -0 0 0 0.054586 -0.029963 0.0082236 0 0
0 0 0 0.063213 0 0 0 0 -0 0 0 0.054937 -0.030156 0.0082764 0 0
0 0 0 0.13386 0 0 0 0 -0 0 0 0.11634 -0.063859 0.017527 0 0
0 0 0 0.12321 0 0 0 0 -0 0 0 0.10708 -0.058777 0.016132 0 0
0 0 0 0.15131 0 0 0 0 -0 0 0 0.1315 -0.072181 0.019811 0 0
0 0 0 0.058993 0 0 0 0 -0 0 0 0.051269 -0.028142 0.0077238 0 0
0 0 0 0.15488 0 0 0 0 -0 0 0 0.1346 -0.073884 0.020278 0 0
-0 -0 -0 0.050904 0 0 0 0 -0 0 0 0.044239 -0.024283 0.0066647 0 0
0 0 0 0.047659 0 0 0 0 -0 0 0 0.041419 -0.022735 0.0062399 0 0
-0 -0 -0 0.10233 0 0 0 0 -0 0 0 0.088932 -0.048816 0.013398 0 0
-0 -0 -0 0.078004 0 0 0 0 -0 0 0 0.067791 -0.037211 0.010213 0 0
0 0 0 0.13302 0 0 0 0 -0 0 0 0.11561 -0.063458 0.017416 0 0
0 0 0 0.19375 0 0 0 0 -0 0 0 0.16838 -0.092428 0.025367 0 0
0 0 0 0.048035 0 0 0 0 -0 0 0 0.041746 -0.022915 0.0062892 0 0
0 0 0 0.16037 0 0 0 0 -0 0 0 0.13937 -0.076503 0.020997 0 0
0 0 0 0.065014 0 0 0 0 -0 0 0 0.056502 -0.031015 0.0085122 0 0
-0 -0 -0 0.17972 0 0 0 0 -0 0 0 0.15619 -0.085736 0.023531 0 0
-0 -0 -0 0.12731 0 0 0 0 -0 0 0 0.11064 -0.060732 0.016668 0 0
0 0 0 0.1118 0 0 0 0 -0 0 0 0.097161 -0.053333 0.014638 0 0
-0 -0 -0 0.056299 0 0 0 0 -0 0 0 0.048928 -0.026857 0.0073711 0 0
-0 -0 -0 0.0098826 0 0 0 0 -0 0 0 0.0085887 -0.0047144 0.0012939 0 0
0 0 0 0.19254 0 0 0 0 -0 0 0 0.16734 -0.091852 0.025209 0 0
-0 -0 -0 0.12369 0 0 0 0 -0 0 0 0.1075 -0.059008 0.016195 0 0
0 0 0 0.04728 0 0 0 0 -0 0 0 0.04109 -0.022555 0.0061903 0 0
0 0 0 0.013089 0 0 0 0 -0 0 0 0.011375 -0.0062439 0.0017137 0 0
-0 -0 -0 0.059417 0 0 0 0 -0 0 0 0.051638 -0.028345 0.0077793 0 0
0 0 0 0.096621 0 0 0 0 -0 0 0 0.08397 -0.046092 0.01265 0 0
0 0 0 0.11207 0 0 0 0 -0 0 0 0.097394 -0.053461 0.014673 0 0
-0 -0 -0 0.16247 0 0 0 0 -0 0 0 0.1412 -0.077505 0.021272 0 0
-0 -0 -0 0.16768 0 0 0 0 -0 0 0 0.14573 -0.079992 0.021954 0 0
0 0 0 0.19942 0 0 0 0 -0 0 0 0.17331 -0.095132 0.02611 0 0
-0 -0 -0 0.071439 0 0 0 0 -0 0 0 0.062086 -0.03408 0.0093534 0 0
0 0 0 0.13589 0 0 0 0 -0 0 0 0.11809 -0.064823 0.017791 0 0
-0 -0 -0 0.040468 0 0 0 0 -0 0 0 0.035169 -0.019305 0.0052983 0 0
-0 -0 -0 0.1208 0 0 0 0 -0 0 0 0.10498 -0.057626 0.015816 0 0
-0 -0 -0 0.026081 0 0 0 0 -0 0 0 0.022666 -0.012442 0.0034147 0 0
-0 -0 -0 0.024009 0 0 0 0 -0 0 0 0.020866 -0.011453 0.0031435 0 0
0 0 0 0.047283 0 0 0 0 -0 0 0 0.041092 -0.022556 0.0061906 0 0
-0 -0 -0 0.13995 0 0 0 0 -0 0 0 0.12163 -0.066764 0.018324 0 0
0 0 0 0.19691 0 0 0 0 -0 0 0 0.17113 -0.093936 0.025781 0 0
0 0 0 0.043127 0 0 0 0 -0 0 0 0.037481 -0.020574 0.0056466 0 0
0 0 0 0.092353 0 0 0 0 -0 0 0 0.080262 -0.044057 0.012092 0 0
0 0 0 0.019244 0 0 0 0 -0 0 0 0.016724 -0.0091802 0.0025196 0 0
0 0 0 0.039994 0 0 0 0 -0 0 0 0.034758 -0.019079 0.0052363 0 0
-0 -0 -0 0.09858 0 0 0 0 -0 0 0 0.085673 -0.047027 0.012907 0 0
-0 -0 -0 0.16708 0 0 0 0 -0 0 0 0.14521 -0.079705 0.021876 0 0
-0 -0 -0 0.078529 0 0 0 0 -0 0 0 0.068247 -0.037462 0.010282 0 0
0 0 0 0.12187 0 0 0 0 -0 0 0 0.10591 -0.058138 0.015956 0 0
0 0 0 0.079421 0 0 0 0 -0 0 0 0.069023 -0.037887 0.010398 0 0
-0 -0 -0 0.029725 0 0 0 0 -0 0 0 0.025833 -0.01418 0.0038918 0 0
0 0 0 0.17153 0 0 0 0 -0 0 0 0.14907 -0.081829 0.022458 0 0
-0 -0 -0 0.059686 0 0 0 0 -0 0 0 0.051871 -0.028473 0.0078146 0 0
0 0 0 0.065129 0 0 0 0 -0 0 0 0.056602 -0.03107 0.0085272 0 0
0 0 0 0.0043706 0 0 0 0 -0 0 0 0.0037984 -0.002085 0.00057223 0 0
0 0 0 0.16173 0 0 0 0 -0 0 0 0.14055 -0.077152 0.021175 0 0
-0 -0 -0 0.03066 0 0 0 0 -0 0 0 0.026645 -0.014626 0.0040142 0 0
-0 -0 -0 0.0095608 0 0 0 0 -0 0 0 0.008309 -0.0045609 0.0012518 0 0
-0 -0 -0 0.079747 0 0 0 0 -0 0 0 0.069306 -0.038043 0.010441 0 0
-0 -0 -0 0.19304 0 0 0 0 -0 0 0 0.16776 -0.092087 0.025274 0 0
-0 -0 -0 0.070112 0 0 0 0 -0 0 0 0.060932 -0.033447 0.0091796 0 0
0 0 0 0.10592 0 0 0 0 -0 0 0 0.09205 -0.050527 0.013868 0 0
0 0 0 0.10089 0 0 0 0 -0 0 0 0.08768 -0.048128 0.013209 0 0
-0 -0 -0 0.00089419 0 0 0 0 -0 0 0 0.00077712 -0.00042657 0.00011707 0 0
0 0 0 0.025153 0 0 0 0 -0 0 0 0.02186 -0.011999 0.0032933 0 0
-0 -0 -0 0.045441 0 0 0 0 -0 0 0 0.039492 -0.021678 0.0059495 0 0
-0 -0 -0 0.070241 0 0 0 0 -0 0 0 0.061045 -0.033508 0.0091966 0 0
-0 -0 -0 0.15595 0 0 0 0 -0 0 0 0.13553 -0.074394 0.020418 0 0
0 0 0 0.19987 0 0 0 0 -0 0 0 0.1737 -0.095345 0.026168 0 0
0 0 0 0.1341 0 0 0 0 -0 0 0 0.11654 -0.063971 0.017557 0 0
0 0 0 0.11224 0 0 0 0 -0 0 0 0.097541 -0.053541 0.014695 0 0
-0 -0 -0 0.024158 0 0 0 0 -0 0 0 0.020995 -0.011524 0.0031629 0 0
-0 -0 -0 0.056709 0 0 0 0 -0 0 0 0.049284 -0.027053 0.0074248 0 0
-0 -0 -0 0.16774 0 0 0 0 -0 0 0 0.14578 -0.080019 0.021962 0 0
0 0 0 0.096406 0 0 0 0 -0 0 0 0.083784 -0.04599 0.012622 0 0
0 0 0 0.12266 0 0 0 0 -0 0 0 0.1066 -0.058516 0.01606 0 0
-0 -0 -0 0.1789 0 0 0 0 -0 0 0 0.15548 -0.085344 0.023423 0 0
0 0 0 0.060688 0 0 0 0 -0 0 0 0.052742 -0.028951 0.0079457 0 0
-0 -0 -0 0.15817 0 0 0 0 -0 0 0 0.13746 -0.075456 0.020709 0 0
-0 -0 -0 0.036547 0 0 0 0 -0 0 0 0.031762 -0.017435 0.0047851 0 0
-0 -0 -0 0.17783 0 0 0 0 -0 0 0 0.15455 -0.084833 0.023283 0 0
-0 -0 -0 0.065517 0 0 0 0 -0 0 0 0.056939 -0.031254 0.0085779 0 0
0 0 0 0.089863 0 0 0 0 -0 0 0 0.078097 -0.042869 0.011766 0 0
-0 -0 -0 0.019462 0 0 0 0 -0 0 0 0.016914 -0.0092842 0.0025481 0 0
0 0 0 0.052483 0 0 0 0 -0 0 0 0.045612 -0.025037 0.0068715 0 0
-0 -0 -0 0.12754 0 0 0 0 -0 0 0 0.11084 -0.060842 0.016698 0 0
0 0 0 0.164 0 0 0 0 -0 0 0 0.14253 -0.078235 0.021472 0 0
0 0 0 0.04069 0 0 0 0 -0 0 0 0.035363 -0.019411 0.0053275 0 0
-0 -0 -0 0.10254 0 0 0 0 -0 0 0 0.089116 -0.048917 0.013425 0 0
-0 -0 -0 0.13843 0 0 0 0 -0 0 0 0.12031 -0.066038 0.018124 0 0
-0 -0 -0 0.16955 0 0 0 0 -0 0 0 0.14735 -0.080883 0.022199 0 0
-0 -0 -0 0.1531 0 0 0 0 -0 0 0 0.13306 -0.073036 0.020045 0 0
-0 -0 -0 0.19888 0 0 0 0 -0 0 0 0.17284 -0.094874 0.026039 0 0
-0 -0 -0 0.062736 0 0 0 0 -0 0 0 0.054523 -0.029928 0.0082139 0 0
-0 -0 -0 0.14679 0 0 0 0 -0 0 0 0.12757 -0.070027 0.019219 0 0
-0 -0 -0 0.19889 0 0 0 0 -0 0 0 0.17285 -0.094881 0.026041 0 0
0 0 0 0.15334 0 0 0 0 -0 0 0 0.13327 -0.073152 0.020077 0 0
0 0 0 0.0078949 0 0 0 0 -0 0 0 0.0068613 -0.0037662 0.0010337 0 0
