0 0 0 0.15437 0 0 0 0 0 0 0 0.15208 -0.025595 0.0068763 0 0
-0 -0 -0 0.062959 0 0 0 0 0 0 0 0.062024 -0.010439 0.0028045 0 0
-0 -0 -0 0.044858 0 0 0 0 0 0 0 0.044192 -0.0074377 0.0019982 0 0
0 0 0 0.061172 0 0 0 0 0 0 0 0.060264 -0.010143 0.0027249 0 0
0 0 0 0.02721 0 0 0 0 0 0 0 0.026806 -0.0045117 0.0012121 0 0
-0 -0 -0 0.0030886 0 0 0 0 0 0 0 0.0030427 -0.0005121 0.00013758 0 0
-0 -0 -0 0.086483 0 0 0 0 0 0 0 0.085199 -0.014339 0.0038524 0 0
-0 -0 -0 0.16728 0 0 0 0 0 0 0 0.1648 -0.027737 0.0074516 0 0
0 0 0 0.12758 0 0 0 0 0 0 0 0.12568 -0.021153 0.0056828 0 0
-0 -0 -0 0.14253 0 0 0 0 0 0 0 0.14042 -0.023633 0.006349 0 0
-0 -0 -0 0.037312 0 0 0 0 0 0 0 0.036758 -0.0061865 0.001662 0 0
-0 -0 -0 0.14148 0 0 0 0 0 0 0 0.13938 -0.023459 0.0063023 0 0
-0 -0 -0 0.1003 0 0 0 0 0 0 0 0.098811 -0.01663 0.0044678 0 0
-0 -0 -0 0.06758 0 0 0 0 0 0 0 0.066576 -0.011205 0.0030103 0 0
-0 -0 -0 0.06703 0 0 0 0 0 0 0 0.066035 -0.011114 0.0029858 0 0
0 0 0 0.099671 0 0 0 0 0 0 0 0.098191 -0.016526 0.0044398 0 0
0 0 0 0.1572 0 0 0 0 0 0 0 0.15487 -0.026065 0.0070025 0 0
-0 -0 -0 0.13067 0 0 0 0 0 0 0 0.12873 -0.021666 0.0058206 0 0
-0 -0 -0 0.1009 0 0 0 0 0 0 0 0.099406 -0.016731 0.0044947 0 0
0 0 0 0.19949 0 0 0 0 0 0 0 0.19653 -0.033077 0.0088863 0 0
-0 -0 -0 0.0040459 0 0 0 0 0 0 0 0.0039858 -0.00067083 0.00018022 0 0
-0 -0 -0 0.052532 0 0 0 0 0 0 0 0.051752 -0.0087101 0.00234 0 0
0 0 0 0.18076 0 0 0 0 0 0 0 0.17808 -0.029972 0.008052 0 0
-0 -0 -0 0.0085822 0 0 0 0 0 0 0 0.0084548 -0.001423 0.00038229 0 0
0 0 0 0.033747 0 0 0 0 0 0 0 0.033246 -0.0055954 0.0015032 0 0
0 0 0 0.010771 0 0 0 0 0 0 0 0.010611 -0.001786 0.00047981 0 0
0 0 0 0.16789 0 0 0 0 0 0 0 0.16539 -0.027837 0.0074784 0 0
-0 -0 -0 0.14556 0 0 0 0 0 0 0 0.1434 -0.024135 0.006484 0 0
-0 -0 -0 0.010127 0 0 0 0 0 0 0 0.0099766 -0.0016791 0.0004511 0 0
0 0 0 0.029204 0 0 0 0 0 0 0 0.02877 -0.0048421 0.0013009 0 0
-0 -0 -0 0.096222 0 0 0 0 0 0 0 0.094793 -0.015954 0.0042861 0 0
-0 -0 -0 0.14678 0 0 0 0 0 0 0 0.1446 -0.024336 0.006538 0 0
0 0 0 0.099105 0 0 0 0 0 0 0 0.097634 -0.016432 0.0044146 0 0
-0 -0 -0 0.052971 0 0 0 0 0 0 0 0.052185 -0.008783 0.0023596 0 0
-0 -0 -0 0.10405 0 0 0 0 0 0 0 0.10251 -0.017253 0.004635 0 0
-0 -0 -0 0.18395 0 0 0 0 0 0 0 0.18122 -0.030501 0.0081941 0 0
-0 -0 -0 0.062055 0 0 0 0 0 0 0 0.061133 -0.010289 0.0027642 0 0
0 0 0 0.062476 0 0 0 0 0 0 0 0.061549 -0.010359 0.002783 0 0
-0 -0 -0 0.062336 0 0 0 0 0 0 0 0.061411 -0.010336 0.0027767 0 0
-0 -0 -0 0.11258 0 0 0 0 0 0 0 0.11091 -0.018666 0.0050147 0 0
0 0 0 0.03855 0 0 0 0 0 0 0 0.037978 -0.0063918 0.0017172 0 0
-0 -0 -0 0.017121 0 0 0 0 0 0 0 0.016866 -0.0028387 0.00076263 0 0
-0 -0 -0 0.062447 0 0 0 0 0 0 0 0.061519 -0.010354 0.0027816 0 0
0 0 0 0.16069 0 0 0 0 0 0 0 0.15831 -0.026644 0.0071581 0 0
-0 -0 -0 0.028761 0 0 0 0 0 0 0 0.028334 -0.0047688 0.0012811 0 0
-0 -0 -0 0.045145 0 0 0 0 0 0 0 0.044475 -0.0074854 0.002011 0 0
0 0 0 0.020759 0 0 0 0 0 0 0 0.020451 -0.003442 0.00092471 0 0
0 0 0 0.11242 0 0 0 0 0 0 0 0.11075 -0.018639 0.0050075 0 0
0 0 0 0.068782 0 0 0 0 0 0 0 0.06776 -0.011404 0.0030638 0 0
0 0 0 0.06871 0 0 0 0 0 0 0 0.06769 -0.011393 0.0030607 0 0
0 0 0 0.10237 0 0 0 0 0 0 0 0.10085 -0.016974 0.00456 0 0
-0 -0 -0 0.17439 0 0 0 0 0 0 0 0.1718 -0.028915 0.0077681 0 0
-0 -0 -0 0.079746 0 0 0 0 0 0 0 0.078562 -0.013222 0.0035522 0 0
0 0 0 0.0042571 0 0 0 0 0 0 0 0.0041939 -0.00070586 0.00018963 0 0
-0 -0 -0 0.050868 0 0 0 0 0 0 0 0.050112 -0.0084341 0.0022659 0 0
-0 -0 -0 0.13761 0 0 0 0 0 0 0 0.13556 -0.022816 0.0061296 0 0
0 0 0 0.11722 0 0 0 0 0 0 0 0.11548 -0.019436 0.0052215 0 0
0 0 0 0.079168 0 0 0 0 0 0 0 0.077992 -0.013126 0.0035265 0 0
0 0 0 0.072625 0 0 0 0 0 0 0 0.071547 -0.012042 0.0032351 0 0
-0 -0 -0 0.077367 0 0 0 0 0 0 0 0.076219 -0.012828 0.0034463 0 0
-0 -0 -0 0.15992 0 0 0 0 0 0 0 0.15754 -0.026515 0.0071234 0 0
-0 -0 -0 0.11434 0 0 0 0 0 0 0 0.11264 -0.018958 0.005093 0 0
0 0 0 0.069788 0 0 0 0 0 0 0 0.068752 -0.011571 0.0031087 0 0
0 0 0 0.054555 0 0 0 0 0 0 0 0.053745 -0.0090456 0.0024301 0 0
-0 -0 -0 0.10544 0 0 0 0 0 0 0 0.10388 -0.017483 0.0046969 0 0
-0 -0 -0 0.16535 0 0 0 0 0 0 0 0.16289 -0.027415 0.0073652 0 0
0 0 0 0.066381 0 0 0 0 0 0 0 0.065395 -0.011006 0.0029569 0 0
0 0 0 0.084702 0 0 0 0 0 0 0 0.083445 -0.014044 0.003773 0 0
0 0 0 0.010966 0 0 0 0 0 0 0 0.010803 -0.0018182 0.00048846 0 0
0 0 0 0.052042 0 0 0 0 0 0 0 0.051269 -0.0086288 0.0023182 0 0
0 0 0 0.13824 0 0 0 0 0 0 0 0.13619 -0.022922 0.006158 0 0
-0 -0 -0 0.12015 0 0 0 0 0 0 0 0.11837 -0.019922 0.0053521 0 0
-0 -0 -0 0.15462 0 0 0 0 0 0 0 0.15232 -0.025637 0.0068874 0 0
-0 -0 -0 0.11813 0 0 0 0 0 0 0 0.11638 -0.019587 0.0052622 0 0
0 0 0 0.17033 0 0 0 0 0 0 0 0.1678 -0.028241 0.0075871 0 0
0 0 0 0.18135 0 0 0 0 0 0 0 0.17866 -0.030069 0.0080783 0 0
0 0 0 0.042097 0 0 0 0 0 0 0 0.041472 -0.0069799 0.0018752 0 0
-0 -0 -0 0.020346 0 0 0 0 0 0 0 0.020044 -0.0033736 0.00090632 0 0
0 0 0 0.17486 0 0 0 0 0 0 0 0.17226 -0.028992 0.0077889 0 0
-0 -0 -0 0.11943 0 0 0 0 0 0 0 0.11765 -0.019802 0.0053198 0 0
0 0 0 0.18984 0 0 0 0 0 0 0 0.18702 -0.031476 0.0084561 0 0
0 0 0 0.13039 0 0 0 0 0 0 0 0.12846 -0.02162 0.0058083 0 0
-0 -0 -0 0.14374 0 0 0 0 0 0 0 0.1416 -0.023832 0.0064026 0 0
0 0 0 0.17624 0 0 0 0 0 0 0 0.17362 -0.029221 0.0078503 0 0
0 0 0 0.11922 0 0 0 0 0 0 0 0.11745 -0.019767 0.0053105 0 0
-0 -0 -0 0.15441 0 0 0 0 0 0 0 0.15211 -0.025602 0.006878 0 0
-0 -0 -0 0.19259 0 0 0 0 0 0 0 0.18973 -0.031933 0.0085789 0 0
-0 -0 -0 0.17114 0 0 0 0 0 0 0 0.16859 -0.028375 0.0076231 0 0
-0 -0 -0 0.057859 0 0 0 0 0 0 0 0.057 -0.0095934 0.0025773 0 0
-0 -0 -0 0.051873 0 0 0 0 0 0 0 0.051102 -0.0086008 0.0023106 0 0
0 0 0 0.13221 0 0 0 0 0 0 0 0.13025 -0.021922 0.0058893 0 0
0 0 0 0.11552 0 0 0 0 0 0 0 0.1138 -0.019153 0.0051456 0 0
0 0 0 0.10421 0 0 0 0 0 0 0 0.10266 -0.017278 0.0046418 0 0
-0 -0 -0 0.03304 0 0 0 0 0 0 0 0.032549 -0.0054782 0.0014717 0 0
-0 -0 -0 0.091192 0 0 0 0 0 0 0 0.089838 -0.01512 0.0040621 0 0
-0 -0 -0 0.11098 0 0 0 0 0 0 0 0.10933 -0.0184 0.0049433 0 0
-0 -0 -0 0.15412 0 0 0 0 0 0 0 0.15183 -0.025554 0.0068651 0 0
0 0 0 0.024805 0 0 0 0 0 0 0 0.024436 -0.0041128 0.0011049 0 0
-0 -0 -0 0.10619 0 0 0 0 0 0 0 0.10462 -0.017607 0.0047303 0 0
0 0 0 0.046402 0 0 0 0 0 0 0 0.045713 -0.0076937 0.0020669 0 0
