0 0 0.19211 0 0 0 0 0 0 0 0 0 0 0.0085575 0.09556 0.16644 -0.028672 0.0023989 9.6892e-05 0 0
-0 -0 -0.18151 0 0 0 0 0 0 0 0 0 0 -0.0080853 -0.090287 -0.15725 0.026267 -0.0065879 0.0024319 0 0
-0 -0 -0.33824 0 0 0 0 0 0 0 0 0 0 -0.015067 -0.16825 -0.29304 0.047625 -0.01549 0.0064446 0 0
-0 -0 -0.27199 0 0 0 0 0 0 0 0 0 0 -0.012116 -0.13529 -0.23564 0.038785 -0.011377 0.004538 0 0
-0 -0 -0.3333 0 0 0 0 0 0 0 0 0 0 -0.014846 -0.16579 -0.28876 0.046977 -0.015166 0.006292 0 0
0 0 0.14351 0 0 0 0 0 0 0 0 0 0 0.0063924 0.071383 0.12433 -0.021389 0.0022439 -0.0001886 0 0
-0 -0 -0.0043226 0 0 0 0 0 0 0 0 0 0 -0.00019255 -0.0021502 -0.003745 0.00063853 -0.0001087 2.9579e-05 0 0
-0 -0 -0.33355 0 0 0 0 0 0 0 0 0 0 -0.014858 -0.16592 -0.28898 0.04701 -0.015183 0.0062999 0 0
-0 -0 -0.0043953 0 0 0 0 0 0 0 0 0 0 -0.00019579 -0.0021863 -0.003808 0.00064927 -0.00011055 3.0089e-05 0 0
-0 -0 -0.13342 0 0 0 0 0 0 0 0 0 0 -0.0059431 -0.066365 -0.11559 0.019436 -0.0044435 0.0015519 0 0
-0 -0 -0.065414 0 0 0 0 0 0 0 0 0 0 -0.0029139 -0.032538 -0.056673 0.0096064 -0.0018989 0.00059634 0 0
0 0 0.0159 0 0 0 0 0 0 0 0 0 0 0.00070823 0.0079087 0.013775 -0.0023526 0.00037927 -9.68e-05 0 0
0 0 0.061365 0 0 0 0 0 0 0 0 0 0 0.0027334 0.030524 0.053164 -0.0091091 0.0012848 -0.00026932 0 0
0 0 0.30019 0 0 0 0 0 0 0 0 0 0 0.013372 0.14932 0.26008 -0.044809 0.0016424 0.0013609 0 0
-0 -0 -0.087837 0 0 0 0 0 0 0 0 0 0 -0.0039126 -0.043692 -0.076099 0.012867 -0.0026742 0.00087379 0 0
0 0 0.21262 0 0 0 0 0 0 0 0 0 0 0.0094709 0.10576 0.1842 -0.031743 0.0023721 0.00027017 0 0
-0 -0 -0.16115 0 0 0 0 0 0 0 0 0 0 -0.0071784 -0.08016 -0.13962 0.023389 -0.0056456 0.0020389 0 0
-0 -0 -0.0064534 0 0 0 0 0 0 0 0 0 0 -0.00028746 -0.00321 -0.005591 0.00095311 -0.00016316 4.4673e-05 0 0
-0 -0 -0.042083 0 0 0 0 0 0 0 0 0 0 -0.0018745 -0.020933 -0.036459 0.0061948 -0.0011594 0.00034716 0 0
0 0 0.0084834 0 0 0 0 0 0 0 0 0 0 0.00037789 0.0042198 0.0073497 -0.0012545 0.00020639 -5.3997e-05 0 0
0 0 0.33178 0 0 0 0 0 0 0 0 0 0 0.014779 0.16503 0.28744 -0.04949 0.0011354 0.0018927 0 0
0 0 0.29545 0 0 0 0 0 0 0 0 0 0 0.01316 0.14696 0.25596 -0.044104 0.0017074 0.0012873 0 0
-0 -0 -0.30492 0 0 0 0 0 0 0 0 0 0 -0.013583 -0.15167 -0.26418 0.043217 -0.013359 0.0054479 0 0
-0 -0 -0.27781 0 0 0 0 0 0 0 0 0 0 -0.012375 -0.13819 -0.24069 0.039574 -0.011718 0.0046933 0 0
0 0 0.015371 0 0 0 0 0 0 0 0 0 0 0.00068471 0.007646 0.013317 -0.0022743 0.0003672 -9.3888e-05 0 0
-0 -0 -0.054446 0 0 0 0 0 0 0 0 0 0 -0.0024253 -0.027082 -0.04717 0.0080048 -0.0015427 0.00047417 0 0
0 0 0.16632 0 0 0 0 0 0 0 0 0 0 0.0074087 0.082731 0.1441 -0.024808 0.0023549 -7.6565e-05 0 0
0 0 0.32753 0 0 0 0 0 0 0 0 0 0 0.01459 0.16292 0.28376 -0.048861 0.0012111 0.0018168 0 0
0 0 0.32584 0 0 0 0 0 0 0 0 0 0 0.014514 0.16208 0.28229 -0.048611 0.0012406 0.0017871 0 0
-0 -0 -0.10333 0 0 0 0 0 0 0 0 0 0 -0.0046026 -0.051397 -0.089519 0.015109 -0.0032465 0.0010871 0 0
-0 -0 -0.31058 0 0 0 0 0 0 0 0 0 0 -0.013835 -0.15449 -0.26908 0.043971 -0.013712 0.0056117 0 0
0 0 0.20955 0 0 0 0 0 0 0 0 0 0 0.0093341 0.10423 0.18154 -0.031283 0.0023796 0.00024223 0 0
-0 -0 -0.16388 0 0 0 0 0 0 0 0 0 0 -0.0073001 -0.081519 -0.14198 0.023776 -0.0057691 0.0020899 0 0
0 0 0.31712 0 0 0 0 0 0 0 0 0 0 0.014126 0.15774 0.27474 -0.04732 0.0013867 0.0016368 0 0
0 0 0.10491 0 0 0 0 0 0 0 0 0 0 0.0046733 0.052186 0.090893 -0.015612 0.0019022 -0.00028946 0 0
0 0 0.03523 0 0 0 0 0 0 0 0 0 0 0.0015693 0.017524 0.030522 -0.0052204 0.00079676 -0.00018905 0 0
-0 -0 -0.018377 0 0 0 0 0 0 0 0 0 0 -0.00081857 -0.0091408 -0.015921 0.0027112 -0.00047858 0.00013538 0 0
0 0 0.15391 0 0 0 0 0 0 0 0 0 0 0.0068556 0.076555 0.13334 -0.022947 0.0023029 -0.00014236 0 0
0 0 0.065303 0 0 0 0 0 0 0 0 0 0 0.0029089 0.032483 0.056577 -0.0096962 0.0013507 -0.00027699 0 0
-0 -0 -0.30538 0 0 0 0 0 0 0 0 0 0 -0.013603 -0.1519 -0.26457 0.043278 -0.013387 0.005461 0 0
0 0 0.097763 0 0 0 0 0 0 0 0 0 0 0.0043548 0.048629 0.084698 -0.014542 0.0018177 -0.0002959 0 0
0 0 0.31497 0 0 0 0 0 0 0 0 0 0 0.01403 0.15667 0.27288 -0.047002 0.0014212 0.0016006 0 0
-0 -0 -0.083179 0 0 0 0 0 0 0 0 0 0 -0.0037052 -0.041375 -0.072064 0.012192 -0.002508 0.0008131 0 0
0 0 0.31038 0 0 0 0 0 0 0 0 0 0 0.013826 0.15439 0.2689 -0.046321 0.001493 0.0015244 0 0
-0 -0 -0.2345 0 0 0 0 0 0 0 0 0 0 -0.010446 -0.11665 -0.20317 0.033656 -0.0092749 0.0035947 0 0
0 0 0.18319 0 0 0 0 0 0 0 0 0 0 0.0081603 0.091124 0.15871 -0.027336 0.0023935 3.1306e-05 0 0
0 0 0.13243 0 0 0 0 0 0 0 0 0 0 0.0058992 0.065876 0.11474 -0.019731 0.0021657 -0.00022894 0 0
0 0 0.29648 0 0 0 0 0 0 0 0 0 0 0.013207 0.14747 0.25686 -0.044258 0.0016935 0.0013032 0 0
0 0 0.050816 0 0 0 0 0 0 0 0 0 0 0.0022636 0.025277 0.044025 -0.0075381 0.0010984 -0.00024307 0 0
0 0 0.068192 0 0 0 0 0 0 0 0 0 0 0.0030376 0.03392 0.059079 -0.010127 0.0013978 -0.00028187 0 0
0 0 0.078584 0 0 0 0 0 0 0 0 0 0 0.0035005 0.039089 0.068083 -0.011677 0.0015583 -0.00029427 0 0
-0 -0 -0.071776 0 0 0 0 0 0 0 0 0 0 -0.0031972 -0.035703 -0.062184 0.010533 -0.0021125 0.00067128 0 0
-0 -0 -0.19036 0 0 0 0 0 0 0 0 0 0 -0.0084797 -0.09469 -0.16493 0.027512 -0.0070133 0.0026121 0 0
-0 -0 -0.33674 0 0 0 0 0 0 0 0 0 0 -0.015 -0.1675 -0.29174 0.047429 -0.015391 0.0063981 0 0
-0 -0 -0.10349 0 0 0 0 0 0 0 0 0 0 -0.0046099 -0.051478 -0.08966 0.015133 -0.0032527 0.0010895 0 0
0 0 0.18093 0 0 0 0 0 0 0 0 0 0 0.0080594 0.089997 0.15675 -0.026997 0.0023904 1.5581e-05 0 0
0 0 0.15189 0 0 0 0 0 0 0 0 0 0 0.006766 0.075554 0.13159 -0.022646 0.0022926 -0.00015194 0 0
-0 -0 -0.1579 0 0 0 0 0 0 0 0 0 0 -0.0070335 -0.078542 -0.1368 0.022927 -0.0054997 0.0019788 0 0
-0 -0 -0.23756 0 0 0 0 0 0 0 0 0 0 -0.010582 -0.11817 -0.20581 0.034077 -0.00944 0.0036679 0 0
-0 -0 -0.24325 0 0 0 0 0 0 0 0 0 0 -0.010835 -0.121 -0.21074 0.03486 -0.0097507 0.0038059 0 0
-0 -0 -0.080445 0 0 0 0 0 0 0 0 0 0 -0.0035834 -0.040015 -0.069695 0.011794 -0.0024117 0.00077823 0 0
0 0 0.24281 0 0 0 0 0 0 0 0 0 0 0.010816 0.12078 0.21036 -0.036259 0.002233 0.00058222 0 0
0 0 0.12836 0 0 0 0 0 0 0 0 0 0 0.0057177 0.063848 0.11121 -0.01912 0.0021329 -0.00024148 0 0
0 0 0.12606 0 0 0 0 0 0 0 0 0 0 0.0056151 0.062703 0.10921 -0.018776 0.0021134 -0.00024802 0 0
0 0 0.17726 0 0 0 0 0 0 0 0 0 0 0.0078958 0.08817 0.15357 -0.026446 0.0023841 -9.0838e-06 0 0
-0 -0 -0.13634 0 0 0 0 0 0 0 0 0 0 -0.0060733 -0.067819 -0.11812 0.019854 -0.0045658 0.0016006 0 0
0 0 0.33149 0 0 0 0 0 0 0 0 0 0 0.014766 0.16489 0.28719 -0.049447 0.0011406 0.0018874 0 0
-0 -0 -0.11256 0 0 0 0 0 0 0 0 0 0 -0.005014 -0.05599 -0.09752 0.016441 -0.0036019 0.0012227 0 0
0 0 0.33947 0 0 0 0 0 0 0 0 0 0 0.015122 0.16886 0.29411 -0.050626 0.00099242 0.0020331 0 0
-0 -0 -0.094728 0 0 0 0 0 0 0 0 0 0 -0.0042196 -0.047119 -0.082069 0.013866 -0.0029251 0.00096651 0 0
-0 -0 -0.15531 0 0 0 0 0 0 0 0 0 0 -0.0069183 -0.077256 -0.13456 0.02256 -0.0053847 0.0019317 0 0
-0 -0 -0.097272 0 0 0 0 0 0 0 0 0 0 -0.0043329 -0.048385 -0.084273 0.014234 -0.0030192 0.0010016 0 0
0 0 0.29312 0 0 0 0 0 0 0 0 0 0 0.013057 0.1458 0.25395 -0.043758 0.0017383 0.0012518 0 0
-0 -0 -0.081006 0 0 0 0 0 0 0 0 0 0 -0.0036084 -0.040294 -0.070181 0.011876 -0.0024313 0.00078534 0 0
-0 -0 -0.13694 0 0 0 0 0 0 0 0 0 0 -0.0060999 -0.068116 -0.11864 0.01994 -0.0045909 0.0016106 0 0
0 0 0.33832 0 0 0 0 0 0 0 0 0 0 0.01507 0.16828 0.29311 -0.050456 0.0010144 0.0020118 0 0
-0 -0 -0.25169 0 0 0 0 0 0 0 0 0 0 -0.011211 -0.1252 -0.21806 0.036018 -0.010218 0.0040149 0 0
0 0 0.1362 0 0 0 0 0 0 0 0 0 0 0.0060669 0.067748 0.118 -0.020295 0.0021941 -0.00021625 0 0
-0 -0 -0.11539 0 0 0 0 0 0 0 0 0 0 -0.0051398 -0.057395 -0.099967 0.016848 -0.0037127 0.0012654 0 0
-0 -0 -0.11713 0 0 0 0 0 0 0 0 0 0 -0.0052175 -0.058263 -0.10148 0.017099 -0.0037817 0.0012921 0 0
0 0 0.17571 0 0 0 0 0 0 0 0 0 0 0.007827 0.087402 0.15223 -0.026215 0.0023809 -1.9158e-05 0 0
-0 -0 -0.058851 0 0 0 0 0 0 0 0 0 0 -0.0026215 -0.029274 -0.050987 0.0086485 -0.001684 0.00052217 0 0
0 0 0.33194 0 0 0 0 0 0 0 0 0 0 0.014786 0.16511 0.28758 -0.049513 0.0011325 0.0018955 0 0
-0 -0 -0.24862 0 0 0 0 0 0 0 0 0 0 -0.011075 -0.12367 -0.2154 0.035597 -0.010047 0.0039383 0 0
-0 -0 -0.32389 0 0 0 0 0 0 0 0 0 0 -0.014428 -0.16111 -0.28061 0.045737 -0.014557 0.0060061 0 0
0 0 0.32608 0 0 0 0 0 0 0 0 0 0 0.014525 0.1622 0.28251 -0.048647 0.0012363 0.0017914 0 0
0 0 0.099916 0 0 0 0 0 0 0 0 0 0 0.0044507 0.0497 0.086564 -0.014864 0.0018438 -0.00029437 0 0
-0 -0 -0.14963 0 0 0 0 0 0 0 0 0 0 -0.0066653 -0.07443 -0.12964 0.021751 -0.0051349 0.0018298 0 0
0 0 0.01349 0 0 0 0 0 0 0 0 0 0 0.0006009 0.0067101 0.011687 -0.0019956 0.00032387 -8.3343e-05 0 0
0 0 0.25951 0 0 0 0 0 0 0 0 0 0 0.01156 0.12908 0.22483 -0.038752 0.0021052 0.00078372 0 0
0 0 0.11491 0 0 0 0 0 0 0 0 0 0 0.0051185 0.057157 0.099551 -0.017107 0.0020092 -0.00027405 0 0
-0 -0 -0.066804 0 0 0 0 0 0 0 0 0 0 -0.0029757 -0.033229 -0.057877 0.009809 -0.0019451 0.00061245 0 0
0 0 0.066136 0 0 0 0 0 0 0 0 0 0 0.002946 0.032897 0.057298 -0.0098203 0.0013644 -0.00027846 0 0
-0 -0 -0.22858 0 0 0 0 0 0 0 0 0 0 -0.010182 -0.1137 -0.19804 0.032838 -0.0089581 0.0034549 0 0
-0 -0 -0.29278 0 0 0 0 0 0 0 0 0 0 -0.013042 -0.14563 -0.25365 0.041591 -0.012613 0.0051035 0 0
0 0 0.048085 0 0 0 0 0 0 0 0 0 0 0.0021419 0.023918 0.041659 -0.0071317 0.0010478 -0.00023492 0 0
-0 -0 -0.21486 0 0 0 0 0 0 0 0 0 0 -0.0095708 -0.10687 -0.18615 0.030935 -0.0082396 0.0031402 0 0
0 0 0.049138 0 0 0 0 0 0 0 0 0 0 0.0021888 0.024442 0.042572 -0.0072884 0.0010674 -0.00023813 0 0
0 0 0.19958 0 0 0 0 0 0 0 0 0 0 0.0088903 0.099276 0.17291 -0.029791 0.0023954 0.0001564 0 0
-0 -0 -0.28788 0 0 0 0 0 0 0 0 0 0 -0.012823 -0.14319 -0.24941 0.040932 -0.012317 0.0049674 0 0
