-0 -0 -0.13688 0 0 0 0 0 0 0 0 0 0 2.4362e-17 -0.06844 -0.11854 -0.00093535 -0.011817 0.0068227 0 0
-0 -0 -0.32935 0 0 0 0 0 0 0 0 0 0 5.2995e-17 -0.16468 -0.28523 -0.0053748 -0.02801 0.016172 0 0
0 0 0.06678 0 0 0 0 0 0 0 0 0 0 2.4087e-17 0.03339 0.057833 -0.00022289 0.005779 -0.0033365 0 0
-0 -0 -0.052998 0 0 0 0 0 0 0 0 0 0 2.4081e-17 -0.026499 -0.045897 -0.00014041 -0.0045876 0.0026486 0 0
-0 -0 -0.087691 0 0 0 0 0 0 0 0 0 0 2.3992e-17 -0.043846 -0.075943 -0.00038424 -0.0075846 0.0043789 0 0
0 0 0.050694 0 0 0 0 0 0 0 0 0 0 5.1847e-17 0.025347 0.043902 -0.00012846 0.0043883 -0.0025336 0 0
-0 -0 -0.31593 0 0 0 0 0 0 0 0 0 0 2.4695e-17 -0.15796 -0.2736 -0.0049492 -0.026907 0.015535 0 0
-0 -0 -0.17954 0 0 0 0 0 0 0 0 0 0 5.2322e-17 -0.089769 -0.15548 -0.0016074 -0.015465 0.0089288 0 0
0 0 0.054003 0 0 0 0 0 0 0 0 0 0 2.4081e-17 0.027001 0.046768 -0.00014578 0.0046745 -0.0026988 0 0
0 0 0.3448 0 0 0 0 0 0 0 0 0 0 5.3087e-17 0.1724 0.2986 -0.0058856 0.029272 -0.0169 0 0
-0 -0 -0.30877 0 0 0 0 0 0 0 0 0 0 5.2878e-17 -0.15438 -0.2674 -0.0047291 -0.026317 0.015194 0 0
0 0 0.28431 0 0 0 0 0 0 0 0 0 0 5.2749e-17 0.14215 0.24622 -0.0040144 0.024291 -0.014025 0 0
-0 -0 -0.304 0 0 0 0 0 0 0 0 0 0 2.4664e-17 -0.152 -0.26328 -0.0045855 -0.025924 0.014967 0 0
-0 -0 -0.24613 0 0 0 0 0 0 0 0 0 0 5.1695e-17 -0.12307 -0.21316 -0.0030138 -0.021101 0.012183 0 0
-0 -0 -0.30691 0 0 0 0 0 0 0 0 0 0 5.2868e-17 -0.15346 -0.26579 -0.0046729 -0.026164 0.015106 0 0
-0 -0 -0.15727 0 0 0 0 0 0 0 0 0 0 5.2257e-17 -0.078634 -0.1362 -0.0012341 -0.013564 0.0078311 0 0
0 0 0.25513 0 0 0 0 0 0 0 0 0 0 5.1734e-17 0.12757 0.22095 -0.0032371 0.021856 -0.012619 0 0
0 0 0.31531 0 0 0 0 0 0 0 0 0 0 5.2914e-17 0.15765 0.27306 -0.0049299 0.026856 -0.015505 0 0
0 0 0.16732 0 0 0 0 0 0 0 0 0 0 5.2285e-17 0.083659 0.1449 -0.0013965 0.014423 -0.008327 0 0
0 0 0.025854 0 0 0 0 0 0 0 0 0 0 5.179e-17 0.012927 0.02239 -3.3419e-05 0.0022388 -0.0012925 0 0
-0 -0 -0.21316 0 0 0 0 0 0 0 0 0 0 2.3597e-17 -0.10658 -0.1846 -0.0022632 -0.01832 0.010577 0 0
-0 -0 -0.25683 0 0 0 0 0 0 0 0 0 0 5.1741e-17 -0.12842 -0.22242 -0.0032801 -0.021999 0.012701 0 0
-0 -0 -0.10012 0 0 0 0 0 0 0 0 0 0 5.1912e-17 -0.050062 -0.08671 -0.00050083 -0.0086565 0.0049979 0 0
-0 -0 -0.051696 0 0 0 0 0 0 0 0 0 0 5.1848e-17 -0.025848 -0.04477 -0.00013359 -0.004475 0.0025836 0 0
-0 -0 -0.15167 0 0 0 0 0 0 0 0 0 0 5.2242e-17 -0.075836 -0.13135 -0.001148 -0.013085 0.0075545 0 0
-0 -0 -0.31188 0 0 0 0 0 0 0 0 0 0 5.2895e-17 -0.15594 -0.27009 -0.0048241 -0.026574 0.015342 0 0
-0 -0 -0.27676 0 0 0 0 0 0 0 0 0 0 5.2712e-17 -0.13838 -0.23968 -0.0038053 -0.023663 0.013662 0 0
-0 -0 -0.31784 0 0 0 0 0 0 0 0 0 0 5.2928e-17 -0.15892 -0.27526 -0.0050087 -0.027064 0.015626 0 0
0 0 0.19323 0 0 0 0 0 0 0 0 0 0 2.3565e-17 0.096617 0.16735 -0.0018612 0.016631 -0.0096017 0 0
-0 -0 -0.089092 0 0 0 0 0 0 0 0 0 0 5.1785e-17 -0.044546 -0.077156 -0.0003966 -0.0077054 0.0044487 0 0
-0 -0 -0.34442 0 0 0 0 0 0 0 0 0 0 2.4773e-17 -0.17221 -0.29828 -0.0058729 -0.029242 0.016883 0 0
-0 -0 -0.22919 0 0 0 0 0 0 0 0 0 0 5.1625e-17 -0.1146 -0.19849 -0.002615 -0.019675 0.01136 0 0
-0 -0 -0.20715 0 0 0 0 0 0 0 0 0 0 5.1542e-17 -0.10358 -0.1794 -0.002138 -0.017812 0.010284 0 0
-0 -0 -0.0054479 0 0 0 0 0 0 0 0 0 0 5.1793e-17 -0.002724 -0.0047181 -1.484e-06 -0.0004718 0.0002724 0 0
0 0 0.060975 0 0 0 0 0 0 0 0 0 0 2.4084e-17 0.030488 0.052806 -0.00018584 0.0052773 -0.0030469 0 0
-0 -0 -0.34726 0 0 0 0 0 0 0 0 0 0 2.4781e-17 -0.17363 -0.30074 -0.0059693 -0.029473 0.017016 0 0
-0 -0 -0.12971 0 0 0 0 0 0 0 0 0 0 5.197e-17 -0.064856 -0.11233 -0.00084009 -0.011202 0.0064674 0 0
0 0 0.25655 0 0 0 0 0 0 0 0 0 0 2.3678e-17 0.12828 0.22218 -0.003273 0.021975 -0.012687 0 0
0 0 0.051717 0 0 0 0 0 0 0 0 0 0 5.1848e-17 0.025858 0.044788 -0.0001337 0.0044768 -0.0025847 0 0
-0 -0 -0.013263 0 0 0 0 0 0 0 0 0 0 2.4039e-17 -0.0066314 -0.011486 -8.7951e-06 -0.0011486 0.00066313 0 0
-0 -0 -0.20604 0 0 0 0 0 0 0 0 0 0 5.1538e-17 -0.10302 -0.17844 -0.0021152 -0.017718 0.010229 0 0
0 0 0.3118 0 0 0 0 0 0 0 0 0 0 2.4684e-17 0.1559 0.27003 -0.0048218 0.026568 -0.015339 0 0
0 0 0.32842 0 0 0 0 0 0 0 0 0 0 5.2989e-17 0.16421 0.28442 -0.0053447 0.027934 -0.016127 0 0
0 0 0.32109 0 0 0 0 0 0 0 0 0 0 5.2947e-17 0.16054 0.27807 -0.0051107 0.027332 -0.01578 0 0
-0 -0 -0.023886 0 0 0 0 0 0 0 0 0 0 2.4031e-17 -0.011943 -0.020686 -2.8525e-05 -0.0020684 0.0011942 0 0
-0 -0 -0.24055 0 0 0 0 0 0 0 0 0 0 2.3646e-17 -0.12028 -0.20832 -0.0028793 -0.020632 0.011912 0 0
-0 -0 -0.039805 0 0 0 0 0 0 0 0 0 0 2.4049e-17 -0.019903 -0.034472 -7.9213e-05 -0.0034463 0.0019897 0 0
0 0 0.054605 0 0 0 0 0 0 0 0 0 0 5.1851e-17 0.027302 0.047289 -0.00014905 0.0047266 -0.0027289 0 0
0 0 0.34026 0 0 0 0 0 0 0 0 0 0 5.306e-17 0.17013 0.29468 -0.0057334 0.028902 -0.016687 0 0
0 0 0.28907 0 0 0 0 0 0 0 0 0 0 5.2774e-17 0.14453 0.25034 -0.004149 0.024687 -0.014253 0 0
0 0 0.034899 0 0 0 0 0 0 0 0 0 0 5.1808e-17 0.017449 0.030223 -6.089e-05 0.0030217 -0.0017446 0 0
-0 -0 -0.21395 0 0 0 0 0 0 0 0 0 0 5.1567e-17 -0.10697 -0.18528 -0.00228 -0.018387 0.010616 0 0
0 0 0.34555 0 0 0 0 0 0 0 0 0 0 5.3092e-17 0.17277 0.29925 -0.005911 0.029333 -0.016936 0 0
0 0 0.16761 0 0 0 0 0 0 0 0 0 0 5.2286e-17 0.083805 0.14515 -0.0014014 0.014448 -0.0083413 0 0
0 0 0.32859 0 0 0 0 0 0 0 0 0 0 2.4729e-17 0.16429 0.28457 -0.0053501 0.027947 -0.016135 0 0
-0 -0 -0.17031 0 0 0 0 0 0 0 0 0 0 5.2294e-17 -0.085157 -0.1475 -0.0014468 -0.014678 0.0084746 0 0
-0 -0 -0.17454 0 0 0 0 0 0 0 0 0 0 5.2307e-17 -0.08727 -0.15116 -0.0015193 -0.015039 0.0086827 0 0
-0 -0 -0.26509 0 0 0 0 0 0 0 0 0 0 5.1779e-17 -0.13255 -0.22958 -0.0034932 -0.02269 0.0131 0 0
0 0 0.092293 0 0 0 0 0 0 0 0 0 0 2.3995e-17 0.046147 0.079928 -0.0004256 0.0079815 -0.0046081 0 0
0 0 0.32042 0 0 0 0 0 0 0 0 0 0 5.2943e-17 0.16021 0.27749 -0.0050896 0.027277 -0.015748 0 0
-0 -0 -0.21138 0 0 0 0 0 0 0 0 0 0 2.3594e-17 -0.10569 -0.18306 -0.0022258 -0.01817 0.010491 0 0
-0 -0 -0.16869 0 0 0 0 0 0 0 0 0 0 5.2289e-17 -0.084344 -0.14609 -0.0014194 -0.01454 0.0083944 0 0
0 0 0.056532 0 0 0 0 0 0 0 0 0 0 5.1852e-17 0.028266 0.048958 -0.00015975 0.0048932 -0.0028251 0 0
0 0 0.029932 0 0 0 0 0 0 0 0 0 0 5.1792e-17 0.014966 0.025922 -4.4794e-05 0.0025918 -0.0014964 0 0
-0 -0 -0.095591 0 0 0 0 0 0 0 0 0 0 2.4106e-17 -0.047796 -0.082784 -0.00045654 -0.0082658 0.0047723 0 0
0 0 0.20968 0 0 0 0 0 0 0 0 0 0 5.1551e-17 0.10484 0.18159 -0.0021903 0.018026 -0.010407 0 0
0 0 0.3312 0 0 0 0 0 0 0 0 0 0 2.4736e-17 0.1656 0.28682 -0.0054346 0.028161 -0.016259 0 0
-0 -0 -0.02759 0 0 0 0 0 0 0 0 0 0 2.4032e-17 -0.013795 -0.023893 -3.8057e-05 -0.002389 0.0013793 0 0
0 0 0.18486 0 0 0 0 0 0 0 0 0 0 2.4425e-17 0.092432 0.1601 -0.0017039 0.015919 -0.0091906 0 0
0 0 0.014274 0 0 0 0 0 0 0 0 0 0 2.404e-17 0.007137 0.012362 -1.0187e-05 0.0012361 -0.00071368 0 0
0 0 0.14272 0 0 0 0 0 0 0 0 0 0 5.2219e-17 0.071359 0.1236 -0.0010167 0.012318 -0.0071117 0 0
0 0 0.2274 0 0 0 0 0 0 0 0 0 0 5.1618e-17 0.1137 0.19693 -0.0025744 0.019524 -0.011272 0 0
-0 -0 -0.2787 0 0 0 0 0 0 0 0 0 0 2.4603e-17 -0.13935 -0.24136 -0.0038586 -0.023825 0.013755 0 0
0 0 0.18267 0 0 0 0 0 0 0 0 0 0 5.2332e-17 0.091336 0.1582 -0.0016638 0.015732 -0.0090829 0 0
-0 -0 -0.15079 0 0 0 0 0 0 0 0 0 0 2.4378e-17 -0.075396 -0.13059 -0.0011348 -0.01301 0.007511 0 0
0 0 0.34036 0 0 0 0 0 0 0 0 0 0 2.4761e-17 0.17018 0.29476 -0.0057364 0.02891 -0.016691 0 0
0 0 0.046084 0 0 0 0 0 0 0 0 0 0 5.1816e-17 0.023042 0.03991 -0.00010617 0.0039896 -0.0023034 0 0
-0 -0 -0.07127 0 0 0 0 0 0 0 0 0 0 5.176e-17 -0.035635 -0.061722 -0.00025387 -0.006167 0.0035605 0 0
-0 -0 -0.33103 0 0 0 0 0 0 0 0 0 0 5.3004e-17 -0.16552 -0.28668 -0.0054293 -0.028148 0.016251 0 0
-0 -0 -0.26415 0 0 0 0 0 0 0 0 0 0 2.3693e-17 -0.13207 -0.22876 -0.0034684 -0.022611 0.013054 0 0
0 0 0.15934 0 0 0 0 0 0 0 0 0 0 5.2263e-17 0.079671 0.13799 -0.0012668 0.013741 -0.0079334 0 0
0 0 0.16049 0 0 0 0 0 0 0 0 0 0 5.2266e-17 0.080243 0.13899 -0.001285 0.013839 -0.0079899 0 0
-0 -0 -0.2231 0 0 0 0 0 0 0 0 0 0 2.3614e-17 -0.11155 -0.19321 -0.0024783 -0.019161 0.011063 0 0
-0 -0 -0.34603 0 0 0 0 0 0 0 0 0 0 2.4778e-17 -0.17301 -0.29967 -0.0059273 -0.029373 0.016958 0 0
0 0 0.23258 0 0 0 0 0 0 0 0 0 0 5.1639e-17 0.11629 0.20142 -0.0026925 0.019961 -0.011524 0 0
0 0 0.062092 0 0 0 0 0 0 0 0 0 0 5.1858e-17 0.031046 0.053773 -0.00019271 0.0053739 -0.0031026 0 0
-0 -0 -0.062598 0 0 0 0 0 0 0 0 0 0 5.1859e-17 -0.031299 -0.054212 -0.00019586 -0.0054176 0.0031279 0 0
0 0 0.14459 0 0 0 0 0 0 0 0 0 0 5.2223e-17 0.072294 0.12522 -0.0010435 0.012478 -0.0072043 0 0
0 0 0.34172 0 0 0 0 0 0 0 0 0 0 5.3069e-17 0.17086 0.29594 -0.005782 0.029021 -0.016755 0 0
-0 -0 -0.036905 0 0 0 0 0 0 0 0 0 0 5.181e-17 -0.018453 -0.031961 -6.8092e-05 -0.0031954 0.0018448 0 0
0 0 0.18761 0 0 0 0 0 0 0 0 0 0 5.2348e-17 0.093803 0.16247 -0.0017547 0.016152 -0.0093254 0 0
-0 -0 -0.11452 0 0 0 0 0 0 0 0 0 0 5.1938e-17 -0.057259 -0.099176 -0.000655 -0.0098959 0.0057134 0 0
-0 -0 -0.1183 0 0 0 0 0 0 0 0 0 0 5.1946e-17 -0.059149 -0.10245 -0.00069891 -0.010221 0.0059011 0 0
-0 -0 -0.026313 0 0 0 0 0 0 0 0 0 0 2.4031e-17 -0.013156 -0.022788 -3.4616e-05 -0.0022785 0.0013155 0 0
-0 -0 -0.13847 0 0 0 0 0 0 0 0 0 0 5.2208e-17 -0.069233 -0.11992 -0.00095712 -0.011953 0.0069012 0 0
0 0 0.23018 0 0 0 0 0 0 0 0 0 0 2.3627e-17 0.11509 0.19934 -0.0026375 0.019759 -0.011408 0 0
0 0 0.27894 0 0 0 0 0 0 0 0 0 0 5.2723e-17 0.13947 0.24157 -0.0038653 0.023845 -0.013767 0 0
0 0 0.15727 0 0 0 0 0 0 0 0 0 0 5.2257e-17 0.078637 0.1362 -0.0012342 0.013564 -0.0078313 0 0
-0 -0 -0.058731 0 0 0 0 0 0 0 0 0 0 5.1855e-17 -0.029366 -0.050863 -0.00017242 -0.0050834 0.0029349 0 0
-0 -0 -0.16406 0 0 0 0 0 0 0 0 0 0 5.2276e-17 -0.08203 -0.14208 -0.0013428 -0.014144 0.0081663 0 0
