0 0 0 0.056523 0 0 0 0 -0 -0 0 0.053192 -0.018454 0.0049971 0 0
-0 -0 -0 0.13365 0 0 0 0 -0 -0 0 0.12578 -0.043635 0.011816 0 0
0 0 0 0.09604 0 0 0 0 -0 -0 0 0.09038 -0.031355 0.0084908 0 0
-0 -0 -0 0.13427 0 0 0 0 -0 -0 0 0.12636 -0.043837 0.011871 0 0
0 0 0 0.053361 0 0 0 0 -0 -0 0 0.050216 -0.017421 0.0047176 0 0
0 0 0 0.13046 0 0 0 0 -0 -0 0 0.12278 -0.042594 0.011534 0 0
-0 -0 -0 0.035611 0 0 0 0 -0 -0 0 0.033512 -0.011626 0.0031483 0 0
0 0 0 0.0087825 0 0 0 0 -0 -0 0 0.0082648 -0.0028673 0.00077645 0 0
-0 -0 -0 0.07839 0 0 0 0 -0 -0 0 0.07377 -0.025593 0.0069304 0 0
-0 -0 -0 0.19199 0 0 0 0 -0 -0 0 0.18068 -0.062682 0.016974 0 0
-0 -0 -0 0.16139 0 0 0 0 -0 -0 0 0.15188 -0.052691 0.014268 0 0
0 0 0 0.10582 0 0 0 0 -0 -0 0 0.099587 -0.03455 0.0093558 0 0
-0 -0 -0 0.013344 0 0 0 0 -0 -0 0 0.012557 -0.0043564 0.0011797 0 0
0 0 0 0.14199 0 0 0 0 -0 -0 0 0.13362 -0.046357 0.012553 0 0
0 0 0 0.072064 0 0 0 0 -0 -0 0 0.067816 -0.023527 0.0063711 0 0
-0 -0 -0 0.056857 0 0 0 0 -0 -0 0 0.053506 -0.018563 0.0050267 0 0
0 0 0 0.18081 0 0 0 0 -0 -0 0 0.17015 -0.05903 0.015985 0 0
-0 -0 -0 0.05227 0 0 0 0 -0 -0 0 0.049189 -0.017065 0.0046211 0 0
0 0 0 0.0087369 0 0 0 0 -0 -0 0 0.0082219 -0.0028524 0.00077242 0 0
0 0 0 0.016295 0 0 0 0 -0 -0 0 0.015334 -0.0053199 0.0014406 0 0
-0 -0 -0 0.058476 0 0 0 0 -0 -0 0 0.055029 -0.019091 0.0051698 0 0
0 0 0 0.053478 0 0 0 0 -0 -0 0 0.050326 -0.01746 0.004728 0 0
0 0 0 0.18692 0 0 0 0 -0 -0 0 0.17591 -0.061027 0.016526 0 0
0 0 0 0.11224 0 0 0 0 -0 -0 0 0.10563 -0.036645 0.0099233 0 0
0 0 0 0.158 0 0 0 0 -0 -0 0 0.14869 -0.051585 0.013969 0 0
0 0 0 0.11796 0 0 0 0 -0 -0 0 0.11101 -0.038511 0.010429 0 0
-0 -0 -0 0.18553 0 0 0 0 -0 -0 0 0.1746 -0.060573 0.016403 0 0
-0 -0 -0 0.11512 0 0 0 0 -0 -0 0 0.10833 -0.037583 0.010177 0 0
0 0 0 0.19174 0 0 0 0 -0 -0 0 0.18044 -0.062598 0.016951 0 0
-0 -0 -0 0.13766 0 0 0 0 -0 -0 0 0.12955 -0.044943 0.01217 0 0
-0 -0 -0 0.080057 0 0 0 0 -0 -0 0 0.075339 -0.026137 0.0070778 0 0
0 0 0 0.14825 0 0 0 0 -0 -0 0 0.13951 -0.0484 0.013106 0 0
0 0 0 0.16061 0 0 0 0 -0 -0 0 0.15115 -0.052437 0.0142 0 0
-0 -0 -0 0.095927 0 0 0 0 -0 -0 0 0.090273 -0.031318 0.0084808 0 0
-0 -0 -0 0.12456 0 0 0 0 -0 -0 0 0.11722 -0.040666 0.011012 0 0
-0 -0 -0 0.075532 0 0 0 0 -0 -0 0 0.07108 -0.02466 0.0066777 0 0
-0 -0 -0 0.090691 0 0 0 0 -0 -0 0 0.085346 -0.029609 0.0080179 0 0
-0 -0 -0 0.1998 0 0 0 0 -0 -0 0 0.18802 -0.06523 0.017664 0 0
0 0 0 0.19132 0 0 0 0 -0 -0 0 0.18004 -0.062462 0.016914 0 0
-0 -0 -0 0.17036 0 0 0 0 -0 -0 0 0.16032 -0.055618 0.015061 0 0
0 0 0 0.032935 0 0 0 0 -0 -0 0 0.030994 -0.010753 0.0029118 0 0
-0 -0 -0 0.18713 0 0 0 0 -0 -0 0 0.1761 -0.061095 0.016544 0 0
-0 -0 -0 0.01751 0 0 0 0 -0 -0 0 0.016478 -0.0057168 0.0015481 0 0
0 0 0 0.11444 0 0 0 0 -0 -0 0 0.1077 -0.037363 0.010118 0 0
-0 -0 -0 0.088664 0 0 0 0 -0 -0 0 0.083438 -0.028947 0.0078387 0 0
-0 -0 -0 0.054829 0 0 0 0 -0 -0 0 0.051597 -0.017901 0.0048474 0 0
-0 -0 -0 0.085879 0 0 0 0 -0 -0 0 0.080817 -0.028038 0.0075924 0 0
0 0 0 0.17602 0 0 0 0 -0 -0 0 0.16565 -0.057467 0.015562 0 0
0 0 0 0.085725 0 0 0 0 -0 -0 0 0.080672 -0.027987 0.0075788 0 0
0 0 0 0.14135 0 0 0 0 -0 -0 0 0.13302 -0.046148 0.012497 0 0
-0 -0 -0 0.019567 0 0 0 0 -0 -0 0 0.018414 -0.0063882 0.0017299 0 0
-0 -0 -0 0.1062 0 0 0 0 -0 -0 0 0.099945 -0.034674 0.0093894 0 0
0 0 0 0.01133 0 0 0 0 -0 -0 0 0.010662 -0.0036989 0.0010017 0 0
-0 -0 -0 0.018478 0 0 0 0 -0 -0 0 0.017389 -0.0060328 0.0016336 0 0
-0 -0 -0 0.019183 0 0 0 0 -0 -0 0 0.018052 -0.0062627 0.0016959 0 0
-0 -0 -0 0.0054109 0 0 0 0 -0 -0 0 0.005092 -0.0017665 0.00047837 0 0
0 0 0 0.1417 0 0 0 0 -0 -0 0 0.13335 -0.046262 0.012527 0 0
-0 -0 -0 0.16968 0 0 0 0 -0 -0 0 0.15968 -0.055398 0.015002 0 0
-0 -0 -0 0.16651 0 0 0 0 -0 -0 0 0.15669 -0.054361 0.014721 0 0
-0 -0 -0 0.19147 0 0 0 0 -0 -0 0 0.18019 -0.062513 0.016928 0 0
-0 -0 -0 0.035216 0 0 0 0 -0 -0 0 0.03314 -0.011497 0.0031134 0 0
0 0 0 0.030639 0 0 0 0 -0 -0 0 0.028833 -0.010003 0.0027088 0 0
-0 -0 -0 0.19251 0 0 0 0 -0 -0 0 0.18117 -0.062852 0.01702 0 0
0 0 0 0.14388 0 0 0 0 -0 -0 0 0.1354 -0.046975 0.012721 0 0
-0 -0 -0 0.17983 0 0 0 0 -0 -0 0 0.16923 -0.058711 0.015899 0 0
0 0 0 0.16694 0 0 0 0 -0 -0 0 0.1571 -0.054504 0.014759 0 0
-0 -0 -0 0.1976 0 0 0 0 -0 -0 0 0.18595 -0.064513 0.01747 0 0
0 0 0 0.09789 0 0 0 0 -0 -0 0 0.092121 -0.031959 0.0086544 0 0
-0 -0 -0 0.14181 0 0 0 0 -0 -0 0 0.13345 -0.046299 0.012537 0 0
0 0 0 0.081675 0 0 0 0 -0 -0 0 0.076861 -0.026665 0.0072208 0 0
0 0 0 0.16307 0 0 0 0 -0 -0 0 0.15346 -0.053238 0.014417 0 0
-0 -0 -0 0.13988 0 0 0 0 -0 -0 0 0.13164 -0.045668 0.012367 0 0
-0 -0 -0 0.016181 0 0 0 0 -0 -0 0 0.015228 -0.0052829 0.0014306 0 0
0 0 0 0.06318 0 0 0 0 -0 -0 0 0.059457 -0.020627 0.0055857 0 0
0 0 0 0.085758 0 0 0 0 -0 -0 0 0.080703 -0.027998 0.0075817 0 0
0 0 0 0.088331 0 0 0 0 -0 -0 0 0.083125 -0.028838 0.0078093 0 0
-0 -0 -0 0.097465 0 0 0 0 -0 -0 0 0.09172 -0.03182 0.0086167 0 0
-0 -0 -0 0.1861 0 0 0 0 -0 -0 0 0.17513 -0.060758 0.016453 0 0
0 0 0 0.10152 0 0 0 0 -0 -0 0 0.09554 -0.033145 0.0089756 0 0
0 0 0 0.040403 0 0 0 0 -0 -0 0 0.038021 -0.013191 0.003572 0 0
-0 -0 -0 0.0016327 0 0 0 0 -0 -0 0 0.0015365 -0.00053306 0.00014435 0 0
-0 -0 -0 0.19127 0 0 0 0 -0 -0 0 0.17999 -0.062444 0.01691 0 0
0 0 0 0.16305 0 0 0 0 -0 -0 0 0.15344 -0.053233 0.014415 0 0
-0 -0 -0 0.056099 0 0 0 0 -0 -0 0 0.052793 -0.018315 0.0049597 0 0
0 0 0 0.042441 0 0 0 0 -0 -0 0 0.03994 -0.013856 0.0037522 0 0
0 0 0 0.12274 0 0 0 0 -0 -0 0 0.11551 -0.040073 0.010852 0 0
-0 -0 -0 0.19487 0 0 0 0 -0 -0 0 0.18338 -0.063621 0.017228 0 0
0 0 0 0.003339 0 0 0 0 -0 -0 0 0.0031422 -0.0010901 0.0002952 0 0
0 0 0 0.1098 0 0 0 0 -0 -0 0 0.10333 -0.035847 0.0097071 0 0
-0 -0 -0 0.061985 0 0 0 0 -0 -0 0 0.058331 -0.020237 0.00548 0 0
0 0 0 0.10937 0 0 0 0 -0 -0 0 0.10292 -0.035705 0.0096689 0 0
0 0 0 0.15424 0 0 0 0 -0 -0 0 0.14515 -0.050355 0.013636 0 0
-0 -0 -0 0.10734 0 0 0 0 -0 -0 0 0.10102 -0.035045 0.00949 0 0
-0 -0 -0 0.14289 0 0 0 0 -0 -0 0 0.13447 -0.046651 0.012633 0 0
-0 -0 -0 0.073295 0 0 0 0 -0 -0 0 0.068975 -0.023929 0.0064799 0 0
-0 -0 -0 0.0082826 0 0 0 0 -0 -0 0 0.0077945 -0.0027041 0.00073226 0 0
0 0 0 0.09859 0 0 0 0 -0 -0 0 0.09278 -0.032188 0.0087163 0 0
-0 -0 -0 0.14315 0 0 0 0 -0 -0 0 0.13471 -0.046735 0.012656 0 0
-0 -0 -0 0.057223 0 0 0 0 -0 -0 0 0.05385 -0.018682 0.005059 0 0
0 0 0 0.12492 0 0 0 0 -0 -0 0 0.11756 -0.040784 0.011044 0 0
