0 0 0.21286 0 0 0 0 0 0 0 0 0 0 -0.0058718 0.11028 0.18198 -0.015322 0.036028 -0.022327 0 0
-0 -0 -0.2944 0 0 0 0 0 0 0 0 0 0 0.0081211 -0.15252 -0.25168 0.0058001 -0.052903 0.032246 0 0
0 0 0.21811 0 0 0 0 0 0 0 0 0 0 -0.0060165 0.11299 0.18646 -0.015812 0.036875 -0.022856 0 0
0 0 0.11595 0 0 0 0 0 0 0 0 0 0 -0.0031983 0.060067 0.099121 -0.0072278 0.01999 -0.012347 0 0
-0 -0 -0.042506 0 0 0 0 0 0 0 0 0 0 0.0011725 -0.022021 -0.036338 0.001961 -0.0074981 0.0046071 0 0
-0 -0 -0.0035023 0 0 0 0 0 0 0 0 0 0 9.6611e-05 -0.0018144 -0.0029941 0.00017569 -0.00061484 0.00037826 0 0
0 0 0.0089434 0 0 0 0 0 0 0 0 0 0 -0.0002467 0.0046332 0.0076456 -0.00046009 0.0015674 -0.00096471 0 0
-0 -0 -0.11944 0 0 0 0 0 0 0 0 0 0 0.0032946 -0.061875 -0.1021 0.004553 -0.021237 0.013016 0 0
-0 -0 -0.27763 0 0 0 0 0 0 0 0 0 0 0.0076583 -0.14383 -0.23734 0.0059617 -0.04986 0.030407 0 0
0 0 0.32237 0 0 0 0 0 0 0 0 0 0 -0.0088925 0.16701 0.27559 -0.026616 0.053214 -0.033106 0 0
0 0 0.21708 0 0 0 0 0 0 0 0 0 0 -0.0059882 0.11246 0.18558 -0.015716 0.03671 -0.022753 0 0
-0 -0 -0.30004 0 0 0 0 0 0 0 0 0 0 0.0082765 -0.15544 -0.2565 0.0057325 -0.053925 0.032863 0 0
-0 -0 -0.12421 0 0 0 0 0 0 0 0 0 0 0.0034262 -0.064347 -0.10618 0.0046729 -0.022094 0.01354 0 0
-0 -0 -0.29024 0 0 0 0 0 0 0 0 0 0 0.0080063 -0.15036 -0.24813 0.0058458 -0.052148 0.03179 0 0
-0 -0 -0.27806 0 0 0 0 0 0 0 0 0 0 0.0076703 -0.14405 -0.23771 0.0059583 -0.049939 0.030455 0 0
-0 -0 -0.02903 0 0 0 0 0 0 0 0 0 0 0.0008008 -0.015039 -0.024818 0.0013798 -0.0051127 0.0031428 0 0
0 0 0.099976 0 0 0 0 0 0 0 0 0 0 -0.0027578 0.051794 0.085469 -0.0060713 0.017283 -0.01067 0 0
0 0 0.19692 0 0 0 0 0 0 0 0 0 0 -0.0054321 0.10202 0.16835 -0.013865 0.033439 -0.020711 0 0
0 0 0.097536 0 0 0 0 0 0 0 0 0 0 -0.0026905 0.05053 0.083383 -0.005899 0.016868 -0.010412 0 0
-0 -0 -0.024931 0 0 0 0 0 0 0 0 0 0 0.00068773 -0.012916 -0.021314 0.0011955 -0.0043886 0.0026981 0 0
-0 -0 -0.32435 0 0 0 0 0 0 0 0 0 0 0.0089473 -0.16804 -0.27729 0.0053636 -0.05833 0.035521 0 0
0 0 0.021524 0 0 0 0 0 0 0 0 0 0 -0.00059374 0.011151 0.018401 -0.0011351 0.0037659 -0.0023187 0 0
0 0 0.082062 0 0 0 0 0 0 0 0 0 0 -0.0022637 0.042513 0.070154 -0.0048345 0.014228 -0.0087781 0 0
0 0 0.24753 0 0 0 0 0 0 0 0 0 0 -0.006828 0.12823 0.21161 -0.018656 0.041585 -0.025802 0 0
-0 -0 -0.10302 0 0 0 0 0 0 0 0 0 0 0.0028417 -0.053369 -0.088068 0.0041039 -0.018289 0.011216 0 0
0 0 0.2066 0 0 0 0 0 0 0 0 0 0 -0.0056991 0.10703 0.17662 -0.014744 0.035013 -0.021694 0 0
-0 -0 -0.17364 0 0 0 0 0 0 0 0 0 0 0.00479 -0.089959 -0.14845 0.0056323 -0.031011 0.018974 0 0
-0 -0 -0.012889 0 0 0 0 0 0 0 0 0 0 0.00035554 -0.0066772 -0.011019 0.00063408 -0.0022654 0.0013933 0 0
0 0 0.1178 0 0 0 0 0 0 0 0 0 0 -0.0032496 0.061029 0.10071 -0.0073656 0.020303 -0.012541 0 0
0 0 0.32034 0 0 0 0 0 0 0 0 0 0 -0.0088365 0.16595 0.27385 -0.026386 0.052905 -0.032912 0 0
0 0 0.15713 0 0 0 0 0 0 0 0 0 0 -0.0043343 0.081401 0.13433 -0.010443 0.026889 -0.016632 0 0
-0 -0 -0.0029085 0 0 0 0 0 0 0 0 0 0 8.0231e-05 -0.0015068 -0.0024865 0.00014608 -0.00051056 0.00031411 0 0
0 0 0.28748 0 0 0 0 0 0 0 0 0 0 -0.0079302 0.14893 0.24577 -0.022778 0.047858 -0.029737 0 0
0 0 0.10508 0 0 0 0 0 0 0 0 0 0 -0.0028985 0.054436 0.089829 -0.0064351 0.018149 -0.011206 0 0
0 0 0.21693 0 0 0 0 0 0 0 0 0 0 -0.005984 0.11238 0.18545 -0.015702 0.036685 -0.022738 0 0
-0 -0 -0.12738 0 0 0 0 0 0 0 0 0 0 0.0035138 -0.065991 -0.1089 0.00475 -0.022665 0.013888 0 0
-0 -0 -0.055135 0 0 0 0 0 0 0 0 0 0 0.0015209 -0.028564 -0.047135 0.0024714 -0.00974 0.0059821 0 0
0 0 0.30942 0 0 0 0 0 0 0 0 0 0 -0.0085352 0.1603 0.26452 -0.025165 0.051239 -0.031863 0 0
0 0 0.18648 0 0 0 0 0 0 0 0 0 0 -0.005144 0.096607 0.15942 -0.012938 0.031732 -0.019647 0 0
0 0 0.11086 0 0 0 0 0 0 0 0 0 0 -0.0030581 0.057434 0.094776 -0.0068541 0.01913 -0.011814 0 0
0 0 0.15198 0 0 0 0 0 0 0 0 0 0 -0.0041923 0.078734 0.12993 -0.010023 0.026033 -0.016099 0 0
-0 -0 -0.13799 0 0 0 0 0 0 0 0 0 0 0.0038065 -0.071489 -0.11797 0.0049923 -0.024576 0.015054 0 0
-0 -0 -0.16194 0 0 0 0 0 0 0 0 0 0 0.004467 -0.083894 -0.13844 0.0054517 -0.028896 0.017686 0 0
-0 -0 -0.11324 0 0 0 0 0 0 0 0 0 0 0.0031236 -0.058663 -0.096804 0.0043901 -0.020123 0.012336 0 0
0 0 0.090945 0 0 0 0 0 0 0 0 0 0 -0.0025087 0.047116 0.077749 -0.0054398 0.015746 -0.0097173 0 0
0 0 0.048435 0 0 0 0 0 0 0 0 0 0 -0.0013361 0.025093 0.041407 -0.0026878 0.0084416 -0.0052023 0 0
0 0 0.27962 0 0 0 0 0 0 0 0 0 0 -0.0077132 0.14486 0.23904 -0.021943 0.046635 -0.028968 0 0
0 0 0.044664 0 0 0 0 0 0 0 0 0 0 -0.0012321 0.023139 0.038183 -0.0024613 0.0077887 -0.0047993 0 0
-0 -0 -0.19733 0 0 0 0 0 0 0 0 0 0 0.0054434 -0.10223 -0.1687 0.0059089 -0.035298 0.021581 0 0
-0 -0 -0.19363 0 0 0 0 0 0 0 0 0 0 0.0053414 -0.10031 -0.16554 0.0058735 -0.034628 0.021174 0 0
0 0 0.25943 0 0 0 0 0 0 0 0 0 0 -0.0071565 0.1344 0.22179 -0.019853 0.043469 -0.026983 0 0
-0 -0 -0.28664 0 0 0 0 0 0 0 0 0 0 0.007907 -0.1485 -0.24505 0.0058823 -0.051495 0.031396 0 0
0 0 0.071466 0 0 0 0 0 0 0 0 0 0 -0.0019714 0.037024 0.061096 -0.0041334 0.012412 -0.0076549 0 0
0 0 0.30177 0 0 0 0 0 0 0 0 0 0 -0.0083244 0.15634 0.25798 -0.024323 0.050066 -0.031125 0 0
0 0 0.27694 0 0 0 0 0 0 0 0 0 0 -0.0076394 0.14347 0.23675 -0.021661 0.046217 -0.028706 0 0
-0 -0 -0.15066 0 0 0 0 0 0 0 0 0 0 0.0041561 -0.078053 -0.1288 0.0052505 -0.02686 0.016447 0 0
-0 -0 -0.26712 0 0 0 0 0 0 0 0 0 0 0.0073685 -0.13838 -0.22836 0.0060325 -0.047954 0.029255 0 0
-0 -0 -0.0011982 0 0 0 0 0 0 0 0 0 0 3.3054e-05 -0.00062077 -0.0010244 6.0393e-05 -0.00021029 0.00012938 0 0
-0 -0 -0.29709 0 0 0 0 0 0 0 0 0 0 0.0081952 -0.15391 -0.25398 0.0057687 -0.05339 0.03254 0 0
-0 -0 -0.15551 0 0 0 0 0 0 0 0 0 0 0.0042898 -0.080565 -0.13295 0.0053403 -0.027735 0.01698 0 0
-0 -0 -0.32606 0 0 0 0 0 0 0 0 0 0 0.0089944 -0.16892 -0.27875 0.005333 -0.058639 0.035707 0 0
0 0 0.053842 0 0 0 0 0 0 0 0 0 0 -0.0014852 0.027894 0.04603 -0.0030175 0.0093764 -0.0057794 0 0
-0 -0 -0.12834 0 0 0 0 0 0 0 0 0 0 0.0035404 -0.066491 -0.10972 0.004773 -0.022839 0.013994 0 0
-0 -0 -0.12945 0 0 0 0 0 0 0 0 0 0 0.0035709 -0.067064 -0.11067 0.0047991 -0.023038 0.014116 0 0
0 0 0.16491 0 0 0 0 0 0 0 0 0 0 -0.0045491 0.085435 0.14098 -0.011088 0.02818 -0.017435 0 0
-0 -0 -0.27884 0 0 0 0 0 0 0 0 0 0 0.0076917 -0.14446 -0.23838 0.005952 -0.05008 0.03054 0 0
-0 -0 -0.33077 0 0 0 0 0 0 0 0 0 0 0.0091242 -0.17136 -0.28277 0.0052454 -0.059491 0.03622 0 0
0 0 0.16959 0 0 0 0 0 0 0 0 0 0 -0.0046782 0.087859 0.14498 -0.011482 0.028954 -0.017916 0 0
0 0 0.21177 0 0 0 0 0 0 0 0 0 0 -0.0058418 0.10971 0.18104 -0.015221 0.035852 -0.022217 0 0
0 0 0.23252 0 0 0 0 0 0 0 0 0 0 -0.006414 0.12046 0.19878 -0.017184 0.039191 -0.024304 0 0
-0 -0 -0.19469 0 0 0 0 0 0 0 0 0 0 0.0053706 -0.10086 -0.16644 0.005884 -0.03482 0.021291 0 0
-0 -0 -0.26692 0 0 0 0 0 0 0 0 0 0 0.007363 -0.13828 -0.22819 0.0060336 -0.047918 0.029233 0 0
-0 -0 -0.31868 0 0 0 0 0 0 0 0 0 0 0.0087907 -0.16509 -0.27244 0.0054609 -0.057302 0.034901 0 0
-0 -0 -0.32405 0 0 0 0 0 0 0 0 0 0 0.0089389 -0.16788 -0.27703 0.0053689 -0.058275 0.035488 0 0
-0 -0 -0.30984 0 0 0 0 0 0 0 0 0 0 0.0085471 -0.16052 -0.26489 0.0055987 -0.055702 0.033936 0 0
-0 -0 -0.10745 0 0 0 0 0 0 0 0 0 0 0.0029639 -0.055665 -0.091857 0.0042307 -0.019084 0.011701 0 0
0 0 0.15568 0 0 0 0 0 0 0 0 0 0 -0.0042945 0.080654 0.13309 -0.010325 0.02665 -0.016483 0 0
0 0 0.33126 0 0 0 0 0 0 0 0 0 0 -0.0091379 0.17162 0.2832 -0.027629 0.05456 -0.033955 0 0
-0 -0 -0.17991 0 0 0 0 0 0 0 0 0 0 0.0049627 -0.093203 -0.1538 0.005717 -0.032144 0.019664 0 0
-0 -0 -0.083054 0 0 0 0 0 0 0 0 0 0 0.002291 -0.043027 -0.071003 0.0034816 -0.014716 0.0090302 0 0
-0 -0 -0.23093 0 0 0 0 0 0 0 0 0 0 0.0063703 -0.11964 -0.19742 0.0060973 -0.041389 0.025278 0 0
-0 -0 -0.062582 0 0 0 0 0 0 0 0 0 0 0.0017263 -0.032421 -0.053501 0.0027567 -0.011065 0.006794 0 0
-0 -0 -0.21436 0 0 0 0 0 0 0 0 0 0 0.0059132 -0.11105 -0.18326 0.0060343 -0.038384 0.023455 0 0
0 0 0.029298 0 0 0 0 0 0 0 0 0 0 -0.00080819 0.015178 0.025047 -0.0015685 0.0051204 -0.0031536 0 0
0 0 0.27035 0 0 0 0 0 0 0 0 0 0 -0.0074577 0.14006 0.23112 -0.020974 0.045187 -0.02806 0 0
-0 -0 -0.010049 0 0 0 0 0 0 0 0 0 0 0.00027719 -0.0052058 -0.0085905 0.0004973 -0.0017655 0.001086 0 0
0 0 0.11151 0 0 0 0 0 0 0 0 0 0 -0.0030761 0.05777 0.095332 -0.0069016 0.01924 -0.011882 0 0
0 0 0.1208 0 0 0 0 0 0 0 0 0 0 -0.0033323 0.062583 0.10327 -0.0075895 0.020809 -0.012855 0 0
0 0 0.077855 0 0 0 0 0 0 0 0 0 0 -0.0021476 0.040334 0.066558 -0.0045535 0.013508 -0.0083326 0 0
0 0 0.312 0 0 0 0 0 0 0 0 0 0 -0.0086064 0.16163 0.26673 -0.025452 0.051634 -0.032111 0 0
0 0 0.21179 0 0 0 0 0 0 0 0 0 0 -0.0058422 0.10972 0.18106 -0.015222 0.035854 -0.022219 0 0
0 0 0.30158 0 0 0 0 0 0 0 0 0 0 -0.008319 0.15624 0.25782 -0.024302 0.050036 -0.031106 0 0
-0 -0 -0.13393 0 0 0 0 0 0 0 0 0 0 0.0036944 -0.069383 -0.11449 0.0049023 -0.023844 0.014607 0 0
0 0 0.12122 0 0 0 0 0 0 0 0 0 0 -0.0033439 0.0628 0.10363 -0.007621 0.02088 -0.012899 0 0
0 0 0.34662 0 0 0 0 0 0 0 0 0 0 -0.0095616 0.17957 0.29633 -0.029413 0.056866 -0.03541 0 0
-0 -0 -0.093613 0 0 0 0 0 0 0 0 0 0 0.0025823 -0.048497 -0.080029 0.0038212 -0.016605 0.010186 0 0
-0 -0 -0.15221 0 0 0 0 0 0 0 0 0 0 0.0041987 -0.078854 -0.13012 0.0052797 -0.027139 0.016617 0 0
-0 -0 -0.24889 0 0 0 0 0 0 0 0 0 0 0.0068655 -0.12894 -0.21277 0.0060999 -0.044646 0.027252 0 0
0 0 0.22481 0 0 0 0 0 0 0 0 0 0 -0.0062015 0.11647 0.19219 -0.016446 0.037955 -0.023531 0 0
0 0 0.29156 0 0 0 0 0 0 0 0 0 0 -0.0080428 0.15105 0.24926 -0.023215 0.048491 -0.030135 0 0
