0 0 0.011734 0 0 0 0 0 0 0 0 0 0 -0.00032369 0.0060792 0.010032 -0.0007057 0.00093561 -0.00058974 0 0
0 0 0.27149 0 0 0 0 0 0 0 0 0 0 -0.0074891 0.14065 0.2321 -0.019442 0.019548 -0.012473 0 0
0 0 0.011794 0 0 0 0 0 0 0 0 0 0 -0.00032533 0.0061099 0.010082 -0.0007093 0.00094032 -0.00059271 0 0
0 0 0.16178 0 0 0 0 0 0 0 0 0 0 -0.0044626 0.083811 0.1383 -0.010832 0.012209 -0.0077482 0 0
-0 -0 -0.2906 0 0 0 0 0 0 0 0 0 0 0.0080161 -0.15055 -0.24843 0.013109 -0.025128 0.01565 0 0
0 0 0.17329 0 0 0 0 0 0 0 0 0 0 -0.0047801 0.089774 0.14814 -0.01169 0.013017 -0.0082654 0 0
-0 -0 -0.1744 0 0 0 0 0 0 0 0 0 0 0.0048108 -0.09035 -0.14909 0.008905 -0.014682 0.0091847 0 0
0 0 0.17724 0 0 0 0 0 0 0 0 0 0 -0.0048892 0.091822 0.15152 -0.011987 0.013292 -0.008442 0 0
0 0 0.34384 0 0 0 0 0 0 0 0 0 0 -0.0094848 0.17813 0.29395 -0.025621 0.023919 -0.015322 0 0
-0 -0 -0.27756 0 0 0 0 0 0 0 0 0 0 0.0076565 -0.14379 -0.23728 0.012708 -0.023935 0.014914 0 0
0 0 0.05148 0 0 0 0 0 0 0 0 0 0 -0.0014201 0.02667 0.04401 -0.0031914 0.0040494 -0.0025569 0 0
-0 -0 -0.054832 0 0 0 0 0 0 0 0 0 0 0.0015125 -0.028406 -0.046875 0.0031235 -0.0044652 0.0028067 0 0
0 0 0.27351 0 0 0 0 0 0 0 0 0 0 -0.0075449 0.1417 0.23383 -0.01961 0.019675 -0.012556 0 0
-0 -0 -0.11598 0 0 0 0 0 0 0 0 0 0 0.0031994 -0.060086 -0.099153 0.0062603 -0.0096141 0.0060281 0 0
-0 -0 -0.057342 0 0 0 0 0 0 0 0 0 0 0.0015818 -0.029707 -0.049021 0.0032595 -0.0046732 0.0029371 0 0
0 0 0.033473 0 0 0 0 0 0 0 0 0 0 -0.00092335 0.017341 0.028616 -0.0020471 0.0026494 -0.0016716 0 0
0 0 0.33201 0 0 0 0 0 0 0 0 0 0 -0.0091585 0.172 0.28383 -0.024585 0.023231 -0.014871 0 0
-0 -0 -0.1769 0 0 0 0 0 0 0 0 0 0 0.0048797 -0.091644 -0.15123 0.0090103 -0.014902 0.0093213 0 0
0 0 0.33846 0 0 0 0 0 0 0 0 0 0 -0.0093364 0.17534 0.28935 -0.025149 0.023608 -0.015118 0 0
0 0 0.13842 0 0 0 0 0 0 0 0 0 0 -0.0038182 0.071708 0.11833 -0.0091257 0.010543 -0.0066835 0 0
-0 -0 -0.09472 0 0 0 0 0 0 0 0 0 0 0.0026129 -0.049071 -0.080976 0.0052118 -0.0078048 0.0048978 0 0
0 0 0.16641 0 0 0 0 0 0 0 0 0 0 -0.0045904 0.08621 0.14226 -0.011176 0.012535 -0.0079569 0 0
-0 -0 -0.041468 0 0 0 0 0 0 0 0 0 0 0.0011439 -0.021483 -0.035451 0.002389 -0.0033632 0.0021152 0 0
0 0 0.22391 0 0 0 0 0 0 0 0 0 0 -0.0061766 0.116 0.19142 -0.015591 0.016466 -0.010482 0 0
0 0 0.098827 0 0 0 0 0 0 0 0 0 0 -0.0027261 0.051199 0.084487 -0.0063405 0.007642 -0.0048356 0 0
0 0 0.31774 0 0 0 0 0 0 0 0 0 0 -0.0087649 0.16461 0.27164 -0.023349 0.022387 -0.01432 0 0
0 0 0.3179 0 0 0 0 0 0 0 0 0 0 -0.0087693 0.16469 0.27177 -0.023363 0.022396 -0.014326 0 0
0 0 0.29273 0 0 0 0 0 0 0 0 0 0 -0.0080751 0.15166 0.25026 -0.021217 0.020871 -0.013333 0 0
-0 -0 -0.13559 0 0 0 0 0 0 0 0 0 0 0.0037403 -0.070245 -0.11592 0.0071868 -0.0113 0.0070796 0 0
-0 -0 -0.22915 0 0 0 0 0 0 0 0 0 0 0.006321 -0.11871 -0.1959 0.011063 -0.019549 0.012203 0 0
0 0 0.31514 0 0 0 0 0 0 0 0 0 0 -0.0086931 0.16326 0.26941 -0.023125 0.022231 -0.014218 0 0
0 0 0.14878 0 0 0 0 0 0 0 0 0 0 -0.0041042 0.077079 0.12719 -0.0098774 0.011287 -0.0071584 0 0
-0 -0 -0.01462 0 0 0 0 0 0 0 0 0 0 0.00040329 -0.0075741 -0.012499 0.00086102 -0.0011757 0.00074028 0 0
0 0 0.078011 0 0 0 0 0 0 0 0 0 0 -0.0021519 0.040414 0.066691 -0.0049312 0.0060785 -0.0038427 0 0
0 0 0.070514 0 0 0 0 0 0 0 0 0 0 -0.0019451 0.036531 0.060282 -0.0044332 0.0055093 -0.0034817 0 0
-0 -0 -0.24439 0 0 0 0 0 0 0 0 0 0 0.0067415 -0.12661 -0.20893 0.011608 -0.020922 0.013053 0 0
-0 -0 -0.23714 0 0 0 0 0 0 0 0 0 0 0.0065415 -0.12285 -0.20273 0.011352 -0.020268 0.012649 0 0
0 0 0.11088 0 0 0 0 0 0 0 0 0 0 -0.0030586 0.057442 0.094789 -0.0071739 0.0085352 -0.0054038 0 0
0 0 0.022321 0 0 0 0 0 0 0 0 0 0 -0.00061572 0.011564 0.019082 -0.0013535 0.0017734 -0.0011183 0 0
-0 -0 -0.12985 0 0 0 0 0 0 0 0 0 0 0.003582 -0.067273 -0.11101 0.0069198 -0.010805 0.0067711 0 0
-0 -0 -0.279 0 0 0 0 0 0 0 0 0 0 0.0076963 -0.14454 -0.23852 0.012754 -0.024067 0.014996 0 0
0 0 0.28638 0 0 0 0 0 0 0 0 0 0 -0.0078998 0.14836 0.24482 -0.020683 0.020479 -0.013077 0 0
-0 -0 -0.23315 0 0 0 0 0 0 0 0 0 0 0.0064315 -0.12079 -0.19932 0.011209 -0.019909 0.012426 0 0
-0 -0 -0.21906 0 0 0 0 0 0 0 0 0 0 0.0060427 -0.11349 -0.18727 0.010689 -0.018644 0.011643 0 0
0 0 0.22567 0 0 0 0 0 0 0 0 0 0 -0.0062252 0.11691 0.19293 -0.015731 0.016583 -0.010557 0 0
0 0 0.25838 0 0 0 0 0 0 0 0 0 0 -0.0071275 0.13386 0.22089 -0.018364 0.018715 -0.011934 0 0
-0 -0 -0.2395 0 0 0 0 0 0 0 0 0 0 0.0066066 -0.12408 -0.20475 0.011436 -0.020481 0.01278 0 0
0 0 0.080369 0 0 0 0 0 0 0 0 0 0 -0.002217 0.041636 0.068708 -0.005089 0.006257 -0.0039559 0 0
0 0 0.16051 0 0 0 0 0 0 0 0 0 0 -0.0044278 0.083157 0.13722 -0.010739 0.01212 -0.0076911 0 0
0 0 0.33375 0 0 0 0 0 0 0 0 0 0 -0.0092065 0.1729 0.28532 -0.024737 0.023333 -0.014938 0 0
0 0 0.019668 0 0 0 0 0 0 0 0 0 0 -0.00054253 0.010189 0.016814 -0.0011901 0.001564 -0.00098617 0 0
-0 -0 -0.1504 0 0 0 0 0 0 0 0 0 0 0.0041489 -0.077919 -0.12858 0.0078609 -0.012584 0.0078794 0 0
-0 -0 -0.22466 0 0 0 0 0 0 0 0 0 0 0.0061972 -0.11639 -0.19206 0.010898 -0.019146 0.011954 0 0
-0 -0 -0.064421 0 0 0 0 0 0 0 0 0 0 0.0017771 -0.033374 -0.055073 0.0036398 -0.0052613 0.0033058 0 0
0 0 0.18 0 0 0 0 0 0 0 0 0 0 -0.0049654 0.093254 0.15389 -0.012196 0.013485 -0.0085651 0 0
0 0 0.00052821 0 0 0 0 0 0 0 0 0 0 -1.4571e-05 0.00027365 0.00045156 -3.1487e-05 4.2271e-05 -2.6632e-05 0 0
-0 -0 -0.22161 0 0 0 0 0 0 0 0 0 0 0.0061132 -0.11481 -0.18946 0.010785 -0.018873 0.011785 0 0
-0 -0 -0.032981 0 0 0 0 0 0 0 0 0 0 0.00090977 -0.017086 -0.028195 0.0019134 -0.0026678 0.0016784 0 0
-0 -0 -0.27402 0 0 0 0 0 0 0 0 0 0 0.007559 -0.14196 -0.23426 0.012597 -0.023612 0.014715 0 0
0 0 0.079096 0 0 0 0 0 0 0 0 0 0 -0.0021819 0.040977 0.067619 -0.0050037 0.0061607 -0.0038948 0 0
-0 -0 -0.030471 0 0 0 0 0 0 0 0 0 0 0.00084053 -0.015786 -0.026049 0.0017715 -0.0024628 0.0015496 0 0
-0 -0 -0.0037125 0 0 0 0 0 0 0 0 0 0 0.00010241 -0.0019233 -0.0031738 0.00022056 -0.00029751 0.00018741 0 0
-0 -0 -0.16028 0 0 0 0 0 0 0 0 0 0 0.0044214 -0.083037 -0.13703 0.0082979 -0.013445 0.0084154 0 0
-0 -0 -0.08425 0 0 0 0 0 0 0 0 0 0 0.002324 -0.043647 -0.072025 0.0046789 -0.0069211 0.0043451 0 0
0 0 0.05101 0 0 0 0 0 0 0 0 0 0 -0.0014071 0.026426 0.043608 -0.0031612 0.004013 -0.0025339 0 0
-0 -0 -0.014988 0 0 0 0 0 0 0 0 0 0 0.00041345 -0.0077648 -0.012813 0.00088243 -0.0012055 0.000759 0 0
0 0 0.33867 0 0 0 0 0 0 0 0 0 0 -0.0093422 0.17545 0.28953 -0.025167 0.02362 -0.015126 0 0
0 0 0.34774 0 0 0 0 0 0 0 0 0 0 -0.0095925 0.18015 0.29729 -0.025965 0.024144 -0.015469 0 0
0 0 0.066617 0 0 0 0 0 0 0 0 0 0 -0.0018376 0.034512 0.056951 -0.0041763 0.0052121 -0.0032932 0 0
0 0 0.2361 0 0 0 0 0 0 0 0 0 0 -0.0065128 0.12231 0.20184 -0.016561 0.017271 -0.011 0 0
0 0 0.25329 0 0 0 0 0 0 0 0 0 0 -0.0069871 0.13122 0.21654 -0.017949 0.018388 -0.011722 0 0
0 0 0.23463 0 0 0 0 0 0 0 0 0 0 -0.0064722 0.12155 0.20058 -0.016443 0.017174 -0.010938 0 0
0 0 0.20568 0 0 0 0 0 0 0 0 0 0 -0.0056737 0.10656 0.17584 -0.014163 0.015244 -0.0096948 0 0
0 0 0.10179 0 0 0 0 0 0 0 0 0 0 -0.002808 0.052736 0.087024 -0.0065445 0.0078627 -0.004976 0 0
0 0 0.18382 0 0 0 0 0 0 0 0 0 0 -0.0050706 0.095228 0.15714 -0.012484 0.013748 -0.0087343 0 0
-0 -0 -0.14513 0 0 0 0 0 0 0 0 0 0 0.0040035 -0.075188 -0.12407 0.0076236 -0.012126 0.0075943 0 0
-0 -0 -0.068054 0 0 0 0 0 0 0 0 0 0 0.0018773 -0.035256 -0.058179 0.0038331 -0.0055641 0.0034955 0 0
-0 -0 -0.29231 0 0 0 0 0 0 0 0 0 0 0.0080635 -0.15144 -0.2499 0.01316 -0.025285 0.015747 0 0
0 0 0.054456 0 0 0 0 0 0 0 0 0 0 -0.0015022 0.028212 0.046555 -0.0033834 0.004279 -0.0027022 0 0
0 0 0.24994 0 0 0 0 0 0 0 0 0 0 -0.0068946 0.12949 0.21367 -0.017677 0.018172 -0.011582 0 0
-0 -0 -0.008611 0 0 0 0 0 0 0 0 0 0 0.00023753 -0.004461 -0.0073615 0.00050959 -0.00069116 0.00043528 0 0
-0 -0 -0.34612 0 0 0 0 0 0 0 0 0 0 0.0095478 -0.17931 -0.2959 0.014608 -0.030258 0.018807 0 0
-0 -0 -0.28906 0 0 0 0 0 0 0 0 0 0 0.0079737 -0.14975 -0.24712 0.013062 -0.024987 0.015563 0 0
-0 -0 -0.27643 0 0 0 0 0 0 0 0 0 0 0.0076254 -0.14321 -0.23632 0.012673 -0.023832 0.014851 0 0
0 0 0.085711 0 0 0 0 0 0 0 0 0 0 -0.0023643 0.044404 0.073274 -0.0054481 0.0066599 -0.0042117 0 0
-0 -0 -0.10666 0 0 0 0 0 0 0 0 0 0 0.0029421 -0.055255 -0.091181 0.005806 -0.0088182 0.0055311 0 0
0 0 0.18336 0 0 0 0 0 0 0 0 0 0 -0.0050579 0.09499 0.15675 -0.012449 0.013717 -0.0087139 0 0
0 0 0.22727 0 0 0 0 0 0 0 0 0 0 -0.0062692 0.11774 0.19429 -0.015857 0.016689 -0.010625 0 0
0 0 0.29633 0 0 0 0 0 0 0 0 0 0 -0.0081744 0.15352 0.25334 -0.021521 0.021092 -0.013476 0 0
-0 -0 -0.25123 0 0 0 0 0 0 0 0 0 0 0.00693 -0.13015 -0.21477 0.011845 -0.02154 0.013435 0 0
0 0 0.27361 0 0 0 0 0 0 0 0 0 0 -0.0075474 0.14175 0.23391 -0.019618 0.019681 -0.01256 0 0
0 0 0.03176 0 0 0 0 0 0 0 0 0 0 -0.00087609 0.016454 0.027151 -0.0019398 0.0025153 -0.0015868 0 0
-0 -0 -0.11782 0 0 0 0 0 0 0 0 0 0 0.0032501 -0.061039 -0.10073 0.0063488 -0.0097716 0.0061264 0 0
-0 -0 -0.32819 0 0 0 0 0 0 0 0 0 0 0.009053 -0.17002 -0.28057 0.01416 -0.028592 0.017784 0 0
-0 -0 -0.12189 0 0 0 0 0 0 0 0 0 0 0.0033622 -0.063145 -0.1042 0.0065433 -0.01012 0.0063438 0 0
-0 -0 -0.31479 0 0 0 0 0 0 0 0 0 0 0.0086834 -0.16308 -0.26911 0.013803 -0.027353 0.017021 0 0
-0 -0 -0.19026 0 0 0 0 0 0 0 0 0 0 0.0052483 -0.098567 -0.16265 0.0095625 -0.016081 0.010054 0 0
0 0 0.11448 0 0 0 0 0 0 0 0 0 0 -0.0031579 0.059307 0.097867 -0.0074253 0.0088004 -0.0055726 0 0
0 0 0.28655 0 0 0 0 0 0 0 0 0 0 -0.0079044 0.14845 0.24497 -0.020697 0.020489 -0.013084 0 0
-0 -0 -0.15049 0 0 0 0 0 0 0 0 0 0 0.0041513 -0.077964 -0.12865 0.0078648 -0.012592 0.0078842 0 0
