-0 -0 -0.30306 0 0 0 0 0 0 0 0 0 0 0.022489 -0.15655 -0.25852 -0.015231 -0.022863 0.01252 0 0
0 0 0.16638 0 0 0 0 0 0 0 0 0 0 -0.012346 0.085944 0.14192 0.0048295 0.013784 -0.0079272 0 0
-0 -0 -0.20064 0 0 0 0 0 0 0 0 0 0 0.014889 -0.10365 -0.17116 -0.0092104 -0.015559 0.0086208 0 0
0 0 0.19716 0 0 0 0 0 0 0 0 0 0 -0.01463 0.10184 0.16818 0.0054306 0.016389 -0.0094524 0 0
0 0 0.16929 0 0 0 0 0 0 0 0 0 0 -0.012562 0.087448 0.14441 0.0048903 0.01403 -0.0080708 0 0
-0 -0 -0.075561 0 0 0 0 0 0 0 0 0 0 0.0056071 -0.039032 -0.064455 -0.0030489 -0.0060265 0.0033842 0 0
0 0 0.13266 0 0 0 0 0 0 0 0 0 0 -0.0098443 0.068528 0.11316 0.0040651 0.010947 -0.0062753 0 0
-0 -0 -0.26036 0 0 0 0 0 0 0 0 0 0 0.01932 -0.13449 -0.2221 -0.012618 -0.019878 0.01094 0 0
-0 -0 -0.13308 0 0 0 0 0 0 0 0 0 0 0.0098754 -0.068744 -0.11352 -0.0057137 -0.010485 0.0058526 0 0
-0 -0 -0.26854 0 0 0 0 0 0 0 0 0 0 0.019927 -0.13872 -0.22907 -0.013108 -0.020457 0.011248 0 0
-0 -0 -0.29973 0 0 0 0 0 0 0 0 0 0 0.022242 -0.15483 -0.25568 -0.015022 -0.022634 0.012399 0 0
0 0 0.28528 0 0 0 0 0 0 0 0 0 0 -0.02117 0.14737 0.24336 0.0066363 0.0239 -0.013896 0 0
0 0 0.1788 0 0 0 0 0 0 0 0 0 0 -0.013268 0.09236 0.15252 0.0050832 0.014834 -0.0085408 0 0
0 0 0.0083127 0 0 0 0 0 0 0 0 0 0 -0.00061685 0.004294 0.0070909 0.00030342 0.0006734 -0.00038139 0 0
0 0 0.24261 0 0 0 0 0 0 0 0 0 0 -0.018003 0.12532 0.20695 0.0061483 0.020256 -0.011731 0 0
-0 -0 -0.02368 0 0 0 0 0 0 0 0 0 0 0.0017572 -0.012232 -0.0202 -0.00089939 -0.0019075 0.0010769 0 0
-0 -0 -0.25175 0 0 0 0 0 0 0 0 0 0 0.018681 -0.13005 -0.21475 -0.012109 -0.019266 0.010613 0 0
0 0 0.17515 0 0 0 0 0 0 0 0 0 0 -0.012997 0.090474 0.1494 0.0050102 0.014525 -0.0083601 0 0
0 0 0.02947 0 0 0 0 0 0 0 0 0 0 -0.0021869 0.015223 0.025139 0.0010467 0.0023958 -0.0013598 0 0
0 0 0.23836 0 0 0 0 0 0 0 0 0 0 -0.017687 0.12313 0.20332 0.0060897 0.019893 -0.011517 0 0
0 0 0.095856 0 0 0 0 0 0 0 0 0 0 -0.0071131 0.049516 0.081768 0.0031051 0.0078711 -0.0044963 0 0
-0 -0 -0.17034 0 0 0 0 0 0 0 0 0 0 0.01264 -0.087989 -0.1453 -0.0075937 -0.013306 0.0073972 0 0
-0 -0 -0.17493 0 0 0 0 0 0 0 0 0 0 0.012981 -0.09036 -0.14922 -0.0078336 -0.01365 0.0075845 0 0
0 0 0.18956 0 0 0 0 0 0 0 0 0 0 -0.014066 0.097917 0.1617 0.0052908 0.015745 -0.0090743 0 0
0 0 0.23717 0 0 0 0 0 0 0 0 0 0 -0.017599 0.12251 0.20231 0.006073 0.019792 -0.011457 0 0
-0 -0 -0.065752 0 0 0 0 0 0 0 0 0 0 0.0048792 -0.033965 -0.056089 -0.0026239 -0.0052545 0.0029537 0 0
0 0 0.042098 0 0 0 0 0 0 0 0 0 0 -0.003124 0.021746 0.035911 0.0014703 0.0034294 -0.0019488 0 0
0 0 0.30612 0 0 0 0 0 0 0 0 0 0 -0.022716 0.15813 0.26113 0.006809 0.025683 -0.014961 0 0
0 0 0.14984 0 0 0 0 0 0 0 0 0 0 -0.011119 0.077399 0.12781 0.0044682 0.01239 -0.0071142 0 0
0 0 0.16324 0 0 0 0 0 0 0 0 0 0 -0.012113 0.084324 0.13925 0.004763 0.01352 -0.0077727 0 0
-0 -0 -0.22403 0 0 0 0 0 0 0 0 0 0 0.016625 -0.11573 -0.19111 -0.01051 -0.01727 0.0095439 0 0
0 0 0.039403 0 0 0 0 0 0 0 0 0 0 -0.0029239 0.020354 0.033612 0.0013812 0.0032084 -0.0018227 0 0
0 0 0.2421 0 0 0 0 0 0 0 0 0 0 -0.017966 0.12506 0.20652 0.0061414 0.020212 -0.011706 0 0
0 0 0.28113 0 0 0 0 0 0 0 0 0 0 -0.020861 0.14522 0.23981 0.0065967 0.023545 -0.013684 0 0
-0 -0 -0.22084 0 0 0 0 0 0 0 0 0 0 0.016388 -0.11408 -0.18838 -0.01033 -0.017038 0.0094191 0 0
0 0 0.2759 0 0 0 0 0 0 0 0 0 0 -0.020473 0.14252 0.23535 0.0065444 0.023098 -0.013418 0 0
0 0 0.0071449 0 0 0 0 0 0 0 0 0 0 -0.0005302 0.0036908 0.0060948 0.00026119 0.00057869 -0.00032771 0 0
-0 -0 -0.16568 0 0 0 0 0 0 0 0 0 0 0.012295 -0.085586 -0.14133 -0.0073525 -0.012957 0.0072068 0 0
-0 -0 -0.32481 0 0 0 0 0 0 0 0 0 0 0.024103 -0.16779 -0.27707 -0.016616 -0.024348 0.013299 0 0
-0 -0 -0.064545 0 0 0 0 0 0 0 0 0 0 0.0047897 -0.033342 -0.055059 -0.0025722 -0.0051592 0.0029005 0 0
0 0 0.15779 0 0 0 0 0 0 0 0 0 0 -0.011709 0.081506 0.1346 0.0046452 0.01306 -0.0075043 0 0
-0 -0 -0.22945 0 0 0 0 0 0 0 0 0 0 0.017027 -0.11853 -0.19573 -0.010818 -0.017663 0.009755 0 0
0 0 0.10356 0 0 0 0 0 0 0 0 0 0 -0.007685 0.053497 0.088342 0.0033169 0.008513 -0.0048666 0 0
-0 -0 -0.33206 0 0 0 0 0 0 0 0 0 0 0.024641 -0.17153 -0.28326 -0.017086 -0.024837 0.013554 0 0
0 0 0.1883 0 0 0 0 0 0 0 0 0 0 -0.013973 0.09727 0.16063 0.0052672 0.015639 -0.0090121 0 0
-0 -0 -0.040365 0 0 0 0 0 0 0 0 0 0 0.0029953 -0.020851 -0.034432 -0.001564 -0.0032415 0.0018269 0 0
0 0 0.13307 0 0 0 0 0 0 0 0 0 0 -0.0098748 0.06874 0.11351 0.004075 0.010981 -0.0062953 0 0
0 0 0.19358 0 0 0 0 0 0 0 0 0 0 -0.014365 0.099998 0.16513 0.0053656 0.016086 -0.0092745 0 0
0 0 0.23151 0 0 0 0 0 0 0 0 0 0 -0.017179 0.11959 0.19748 0.0059917 0.019309 -0.011172 0 0
-0 -0 -0.24994 0 0 0 0 0 0 0 0 0 0 0.018547 -0.12911 -0.2132 -0.012003 -0.019136 0.010544 0 0
0 0 0.19422 0 0 0 0 0 0 0 0 0 0 -0.014412 0.10033 0.16568 0.0053773 0.01614 -0.0093063 0 0
-0 -0 -0.10022 0 0 0 0 0 0 0 0 0 0 0.007437 -0.05177 -0.085491 -0.0041556 -0.0079528 0.0044544 0 0
0 0 0.24524 0 0 0 0 0 0 0 0 0 0 -0.018198 0.12668 0.2092 0.0061835 0.02048 -0.011864 0 0
-0 -0 -0.073071 0 0 0 0 0 0 0 0 0 0 0.0054223 -0.037746 -0.062332 -0.0029402 -0.0058308 0.0032752 0 0
0 0 0.12088 0 0 0 0 0 0 0 0 0 0 -0.0089701 0.062442 0.10311 0.003772 0.0099595 -0.005703 0 0
0 0 0.044649 0 0 0 0 0 0 0 0 0 0 -0.0033132 0.023064 0.038087 0.0015541 0.0036386 -0.0020682 0 0
-0 -0 -0.33716 0 0 0 0 0 0 0 0 0 0 0.02502 -0.17417 -0.28761 -0.017419 -0.02518 0.013733 0 0
-0 -0 -0.26295 0 0 0 0 0 0 0 0 0 0 0.019512 -0.13583 -0.2243 -0.012772 -0.020062 0.011037 0 0
0 0 0.032232 0 0 0 0 0 0 0 0 0 0 -0.0023918 0.01665 0.027495 0.0011406 0.0026215 -0.0014883 0 0
0 0 0.29489 0 0 0 0 0 0 0 0 0 0 -0.021883 0.15233 0.25155 0.0067213 0.024722 -0.014386 0 0
-0 -0 -0.27542 0 0 0 0 0 0 0 0 0 0 0.020438 -0.14227 -0.23494 -0.013523 -0.020941 0.011505 0 0
0 0 0.047016 0 0 0 0 0 0 0 0 0 0 -0.0034889 0.024287 0.040106 0.0016312 0.0038329 -0.0021792 0 0
-0 -0 -0.08542 0 0 0 0 0 0 0 0 0 0 0.0063387 -0.044125 -0.072865 -0.0034849 -0.0067992 0.0038142 0 0
0 0 0.29499 0 0 0 0 0 0 0 0 0 0 -0.02189 0.15238 0.25164 0.0067221 0.024731 -0.014391 0 0
0 0 0.035542 0 0 0 0 0 0 0 0 0 0 -0.0026374 0.018359 0.030318 0.0012522 0.0028922 -0.0016425 0 0
-0 -0 -0.15613 0 0 0 0 0 0 0 0 0 0 0.011586 -0.08065 -0.13318 -0.0068627 -0.012237 0.0068134 0 0
-0 -0 -0.11267 0 0 0 0 0 0 0 0 0 0 0.0083606 -0.0582 -0.096108 -0.0047346 -0.0089168 0.0049878 0 0
-0 -0 -0.036711 0 0 0 0 0 0 0 0 0 0 0.0027242 -0.018963 -0.031315 -0.0014163 -0.0029501 0.0016633 0 0
0 0 0.19879 0 0 0 0 0 0 0 0 0 0 -0.014751 0.10269 0.16957 0.0054599 0.016528 -0.0095338 0 0
0 0 0.089156 0 0 0 0 0 0 0 0 0 0 -0.0066159 0.046054 0.076052 0.0029163 0.0073141 -0.0041754 0 0
0 0 0.19045 0 0 0 0 0 0 0 0 0 0 -0.014132 0.098379 0.16246 0.0053075 0.015821 -0.0091187 0 0
0 0 0.18567 0 0 0 0 0 0 0 0 0 0 -0.013778 0.095912 0.15839 0.0052172 0.015416 -0.0088816 0 0
0 0 0.22638 0 0 0 0 0 0 0 0 0 0 -0.016799 0.11694 0.19311 0.0059153 0.018873 -0.010914 0 0
-0 -0 -0.16433 0 0 0 0 0 0 0 0 0 0 0.012194 -0.084888 -0.14018 -0.0072827 -0.012856 0.0071513 0 0
-0 -0 -0.16522 0 0 0 0 0 0 0 0 0 0 0.01226 -0.085345 -0.14093 -0.0073284 -0.012922 0.0071876 0 0
0 0 0.12814 0 0 0 0 0 0 0 0 0 0 -0.0095088 0.066193 0.10931 0.0039542 0.010568 -0.0060554 0 0
0 0 0.2368 0 0 0 0 0 0 0 0 0 0 -0.017572 0.12232 0.202 0.006068 0.019761 -0.011439 0 0
-0 -0 -0.12476 0 0 0 0 0 0 0 0 0 0 0.0092579 -0.064446 -0.10642 -0.0053102 -0.0098479 0.0055016 0 0
0 0 0.013149 0 0 0 0 0 0 0 0 0 0 -0.00097575 0.0067923 0.011217 0.00047701 0.0010661 -0.00060408 0 0
-0 -0 -0.24411 0 0 0 0 0 0 0 0 0 0 0.018114 -0.1261 -0.20823 -0.011662 -0.018719 0.010321 0 0
-0 -0 -0.25828 0 0 0 0 0 0 0 0 0 0 0.019166 -0.13342 -0.22032 -0.012495 -0.01973 0.010861 0 0
0 0 0.044147 0 0 0 0 0 0 0 0 0 0 -0.003276 0.022805 0.037659 0.0015377 0.0035974 -0.0020447 0 0
0 0 0.10172 0 0 0 0 0 0 0 0 0 0 -0.0075483 0.052545 0.086771 0.0032668 0.0083595 -0.004778 0 0
0 0 0.12204 0 0 0 0 0 0 0 0 0 0 -0.0090561 0.063041 0.1041 0.0038014 0.010057 -0.0057592 0 0
-0 -0 -0.055264 0 0 0 0 0 0 0 0 0 0 0.0041009 -0.028547 -0.047141 -0.0021789 -0.0044253 0.0024903 0 0
0 0 0.065113 0 0 0 0 0 0 0 0 0 0 -0.0048318 0.033635 0.055543 0.0022038 0.005323 -0.0030317 0 0
0 0 0.055802 0 0 0 0 0 0 0 0 0 0 -0.0041408 0.028825 0.0476 0.0019131 0.0045553 -0.0025921 0 0
-0 -0 -0.29539 0 0 0 0 0 0 0 0 0 0 0.02192 -0.15259 -0.25198 -0.014751 -0.022334 0.012241 0 0
-0 -0 -0.10355 0 0 0 0 0 0 0 0 0 0 0.0076844 -0.053492 -0.088335 -0.0043093 -0.0082116 0.0045978 0 0
-0 -0 -0.045746 0 0 0 0 0 0 0 0 0 0 0.0033946 -0.023631 -0.039023 -0.0017838 -0.0036699 0.0020672 0 0
0 0 0.2241 0 0 0 0 0 0 0 0 0 0 -0.01663 0.11576 0.19116 0.0058806 0.018679 -0.0108 0 0
0 0 0.29191 0 0 0 0 0 0 0 0 0 0 -0.021661 0.15079 0.24901 0.0066959 0.024467 -0.014234 0 0
0 0 0.12635 0 0 0 0 0 0 0 0 0 0 -0.0093759 0.065267 0.10778 0.0039097 0.010417 -0.0059683 0 0
0 0 0.17824 0 0 0 0 0 0 0 0 0 0 -0.013226 0.09207 0.15204 0.005072 0.014787 -0.008513 0 0
0 0 0.086256 0 0 0 0 0 0 0 0 0 0 -0.0064007 0.044556 0.073578 0.0028333 0.0070732 -0.0040368 0 0
0 0 0.16358 0 0 0 0 0 0 0 0 0 0 -0.012139 0.084501 0.13954 0.0047703 0.013549 -0.0077896 0 0
-0 -0 -0.0012933 0 0 0 0 0 0 0 0 0 0 9.5974e-05 -0.00066809 -0.0011033 -4.7785e-05 -0.0001046 5.9185e-05 0 0
0 0 0.035676 0 0 0 0 0 0 0 0 0 0 -0.0026473 0.018429 0.030432 0.0012567 0.0029032 -0.0016487 0 0
0 0 0.23063 0 0 0 0 0 0 0 0 0 0 -0.017114 0.11914 0.19674 0.0059789 0.019235 -0.011128 0 0
-0 -0 -0.17243 0 0 0 0 0 0 0 0 0 0 0.012795 -0.089072 -0.14709 -0.007703 -0.013463 0.0074828 0 0
