-0 -0 -0 0.16687 0 0 0 0 0 -0 -0 0.14265 -0.07192 0.048186 0 0
-0 -0 -0 0.13311 0 0 0 0 0 -0 -0 0.11379 -0.057369 0.038437 0 0
-0 -0 -0 0.026903 0 0 0 0 0 -0 -0 0.023 -0.011595 0.0077689 0 0
-0 -0 -0 0.14705 0 0 0 0 0 -0 -0 0.12571 -0.063379 0.042464 0 0
-0 -0 -0 0.15052 0 0 0 0 0 -0 -0 0.12868 -0.064875 0.043466 0 0
-0 -0 -0 0.066 0 0 0 0 0 -0 -0 0.056423 -0.028446 0.019059 0 0
0 0 0 0.085421 0 0 0 0 0 -0 -0 0.073026 -0.036817 0.024667 0 0
-0 -0 -0 0.11851 0 0 0 0 0 -0 -0 0.10131 -0.051077 0.034221 0 0
0 0 0 0.12944 0 0 0 0 0 -0 -0 0.11065 -0.055787 0.037377 0 0
0 0 0 0.00503 0 0 0 0 0 -0 -0 0.0043002 -0.002168 0.0014525 0 0
-0 -0 -0 0.083261 0 0 0 0 0 -0 -0 0.07118 -0.035886 0.024043 0 0
-0 -0 -0 0.046849 0 0 0 0 0 -0 -0 0.040051 -0.020192 0.013529 0 0
0 0 0 0.10287 0 0 0 0 0 -0 -0 0.087942 -0.044337 0.029705 0 0
0 0 0 0.069833 0 0 0 0 0 -0 -0 0.0597 -0.030098 0.020166 0 0
0 0 0 0.047935 0 0 0 0 0 -0 -0 0.040979 -0.02066 0.013842 0 0
0 0 0 0.16813 0 0 0 0 0 -0 -0 0.14374 -0.072466 0.048552 0 0
0 0 0 0.10539 0 0 0 0 0 -0 -0 0.0901 -0.045425 0.030434 0 0
0 0 0 0.0040487 0 0 0 0 0 -0 -0 0.0034612 -0.001745 0.0011691 0 0
0 0 0 0.079641 0 0 0 0 0 -0 -0 0.068085 -0.034326 0.022998 0 0
-0 -0 -0 0.18825 0 0 0 0 0 -0 -0 0.16093 -0.081136 0.054361 0 0
0 0 0 0.12296 0 0 0 0 0 -0 -0 0.10512 -0.052995 0.035507 0 0
0 0 0 0.055313 0 0 0 0 0 -0 -0 0.047287 -0.02384 0.015973 0 0
0 0 0 0.027356 0 0 0 0 0 -0 -0 0.023386 -0.01179 0.0078995 0 0
-0 -0 -0 0.0198 0 0 0 0 0 -0 -0 0.016927 -0.008534 0.0057177 0 0
0 0 0 0.17533 0 0 0 0 0 -0 -0 0.14989 -0.075567 0.05063 0 0
0 0 0 0.11006 0 0 0 0 0 -0 -0 0.094088 -0.047435 0.031781 0 0
0 0 0 0.00071855 0 0 0 0 0 -0 -0 0.00061429 -0.0003097 0.0002075 0 0
0 0 0 0.10037 0 0 0 0 0 -0 -0 0.085809 -0.043261 0.028985 0 0
-0 -0 -0 0.013121 0 0 0 0 0 -0 -0 0.011217 -0.0056554 0.0037891 0 0
0 0 0 0.1964 0 0 0 0 0 -0 -0 0.1679 -0.084649 0.056715 0 0
0 0 0 0.01096 0 0 0 0 0 -0 -0 0.0093699 -0.0047239 0.003165 0 0
-0 -0 -0 0.10342 0 0 0 0 0 -0 -0 0.088411 -0.044573 0.029864 0 0
0 0 0 0.095286 0 0 0 0 0 -0 -0 0.08146 -0.041068 0.027516 0 0
0 0 0 0.032675 0 0 0 0 0 -0 -0 0.027934 -0.014083 0.0094356 0 0
0 0 0 0.17433 0 0 0 0 0 -0 -0 0.14903 -0.075135 0.05034 0 0
0 0 0 0.087665 0 0 0 0 0 -0 -0 0.074944 -0.037784 0.025315 0 0
0 0 0 0.019731 0 0 0 0 0 -0 -0 0.016868 -0.0085041 0.0056977 0 0
0 0 0 0.037222 0 0 0 0 0 -0 -0 0.031821 -0.016043 0.010749 0 0
-0 -0 -0 0.098531 0 0 0 0 0 -0 -0 0.084234 -0.042467 0.028453 0 0
0 0 0 0.17642 0 0 0 0 0 -0 -0 0.15082 -0.076039 0.050946 0 0
0 0 0 0.17065 0 0 0 0 0 -0 -0 0.14589 -0.073551 0.049279 0 0
0 0 0 0.15837 0 0 0 0 0 -0 -0 0.13539 -0.068257 0.045732 0 0
0 0 0 0.036445 0 0 0 0 0 -0 -0 0.031157 -0.015708 0.010524 0 0
0 0 0 0.089961 0 0 0 0 0 -0 -0 0.076907 -0.038773 0.025978 0 0
0 0 0 0.15328 0 0 0 0 0 -0 -0 0.13104 -0.066062 0.044262 0 0
0 0 0 0.14047 0 0 0 0 0 -0 -0 0.12009 -0.060543 0.040563 0 0
-0 -0 -0 0.17642 0 0 0 0 0 -0 -0 0.15082 -0.076037 0.050945 0 0
-0 -0 -0 0.12739 0 0 0 0 0 -0 -0 0.10891 -0.054906 0.036787 0 0
-0 -0 -0 0.15958 0 0 0 0 0 -0 -0 0.13642 -0.068777 0.046081 0 0
-0 -0 -0 0.032551 0 0 0 0 0 -0 -0 0.027827 -0.014029 0.0093997 0 0
0 0 0 0.0086146 0 0 0 0 0 -0 -0 0.0073646 -0.0037129 0.0024876 0 0
0 0 0 0.11843 0 0 0 0 0 -0 -0 0.10125 -0.051045 0.0342 0 0
-0 -0 -0 0.1463 0 0 0 0 0 -0 -0 0.12508 -0.063058 0.042249 0 0
0 0 0 0.16434 0 0 0 0 0 -0 -0 0.1405 -0.070833 0.047458 0 0
-0 -0 -0 0.032702 0 0 0 0 0 -0 -0 0.027957 -0.014095 0.0094433 0 0
-0 -0 -0 0.14683 0 0 0 0 0 -0 -0 0.12552 -0.063284 0.0424 0 0
0 0 0 0.10206 0 0 0 0 0 -0 -0 0.08725 -0.043988 0.029472 0 0
0 0 0 0.14259 0 0 0 0 0 -0 -0 0.1219 -0.061457 0.041176 0 0
-0 -0 -0 0.16969 0 0 0 0 0 -0 -0 0.14507 -0.073138 0.049002 0 0
-0 -0 -0 0.15773 0 0 0 0 0 -0 -0 0.13484 -0.067981 0.045547 0 0
0 0 0 0.097174 0 0 0 0 0 -0 -0 0.083073 -0.041882 0.028061 0 0
0 0 0 0.034609 0 0 0 0 0 -0 -0 0.029587 -0.014917 0.0099941 0 0
-0 -0 -0 0.10046 0 0 0 0 0 -0 -0 0.08588 -0.043297 0.029009 0 0
0 0 0 0.068307 0 0 0 0 0 -0 -0 0.058395 -0.02944 0.019725 0 0
0 0 0 0.077318 0 0 0 0 0 -0 -0 0.066099 -0.033324 0.022327 0 0
0 0 0 0.14217 0 0 0 0 0 -0 -0 0.12154 -0.061275 0.041054 0 0
0 0 0 0.0059673 0 0 0 0 0 -0 -0 0.0051014 -0.0025719 0.0017232 0 0
0 0 0 0.16103 0 0 0 0 0 -0 -0 0.13766 -0.069403 0.0465 0 0
-0 -0 -0 0.17456 0 0 0 0 0 -0 -0 0.14923 -0.075235 0.050408 0 0
-0 -0 -0 0.099366 0 0 0 0 0 -0 -0 0.084947 -0.042827 0.028694 0 0
-0 -0 -0 0.0081343 0 0 0 0 0 -0 -0 0.006954 -0.0035059 0.0023489 0 0
0 0 0 0.072959 0 0 0 0 0 -0 -0 0.062373 -0.031446 0.021068 0 0
-0 -0 -0 0.19109 0 0 0 0 0 -0 -0 0.16337 -0.082362 0.055183 0 0
-0 -0 -0 0.133 0 0 0 0 0 -0 -0 0.1137 -0.057322 0.038405 0 0
-0 -0 -0 0.14967 0 0 0 0 0 -0 -0 0.12795 -0.064509 0.043221 0 0
0 0 0 0.12801 0 0 0 0 0 -0 -0 0.10943 -0.055171 0.036965 0 0
0 0 0 0.089969 0 0 0 0 0 -0 -0 0.076914 -0.038777 0.02598 0 0
0 0 0 0.09171 0 0 0 0 0 -0 -0 0.078403 -0.039527 0.026483 0 0
0 0 0 0.10323 0 0 0 0 0 -0 -0 0.088249 -0.044491 0.029809 0 0
0 0 0 0.18543 0 0 0 0 0 -0 -0 0.15852 -0.079921 0.053547 0 0
-0 -0 -0 0.18489 0 0 0 0 0 -0 -0 0.15806 -0.079688 0.05339 0 0
-0 -0 -0 0.015166 0 0 0 0 0 -0 -0 0.012965 -0.0065365 0.0043794 0 0
-0 -0 -0 0.073196 0 0 0 0 0 -0 -0 0.062575 -0.031548 0.021137 0 0
0 0 0 0.033037 0 0 0 0 0 -0 -0 0.028243 -0.014239 0.0095401 0 0
-0 -0 -0 0.0031501 0 0 0 0 0 -0 -0 0.002693 -0.0013577 0.00090966 0 0
0 0 0 0.11249 0 0 0 0 0 -0 -0 0.096165 -0.048482 0.032483 0 0
0 0 0 0.021031 0 0 0 0 0 -0 -0 0.017979 -0.0090644 0.0060731 0 0
-0 -0 -0 0.10638 0 0 0 0 0 -0 -0 0.090942 -0.045849 0.030719 0 0
-0 -0 -0 0.13746 0 0 0 0 0 -0 -0 0.11751 -0.059244 0.039693 0 0
0 0 0 0.0113 0 0 0 0 0 -0 -0 0.0096606 -0.0048705 0.0032632 0 0
-0 -0 -0 0.027593 0 0 0 0 0 -0 -0 0.023589 -0.011893 0.0079681 0 0
-0 -0 -0 0.19729 0 0 0 0 0 -0 -0 0.16866 -0.085033 0.056972 0 0
0 0 0 0.15596 0 0 0 0 0 -0 -0 0.13333 -0.067217 0.045035 0 0
0 0 0 0.059042 0 0 0 0 0 -0 -0 0.050475 -0.025447 0.01705 0 0
-0 -0 -0 0.18142 0 0 0 0 0 -0 -0 0.15509 -0.078191 0.052388 0 0
0 0 0 0.084727 0 0 0 0 0 -0 -0 0.072433 -0.036518 0.024467 0 0
0 0 0 0.19604 0 0 0 0 0 -0 -0 0.16759 -0.084493 0.05661 0 0
-0 -0 -0 0.084314 0 0 0 0 0 -0 -0 0.07208 -0.036339 0.024347 0 0
-0 -0 -0 0.069363 0 0 0 0 0 -0 -0 0.059298 -0.029896 0.02003 0 0
-0 -0 -0 0.04232 0 0 0 0 0 -0 -0 0.036179 -0.01824 0.012221 0 0
