0 0 0.11087 0 0 0 0 0 0 0 0 0 0 -0.018383 0.055148 0.094407 -0.0056316 0.013825 -0.0091725 0 0
-0 -0 -0.11601 0 0 0 0 0 0 0 0 0 0 0.019235 -0.057705 -0.098784 0.0039199 -0.015121 0.009596 0 0
0 0 0.18368 0 0 0 0 0 0 0 0 0 0 -0.030455 0.091366 0.15641 -0.0103 0.022488 -0.015142 0 0
0 0 0.087539 0 0 0 0 0 0 0 0 0 0 -0.014514 0.043543 0.074541 -0.0042966 0.010975 -0.0072479 0 0
-0 -0 -0.31361 0 0 0 0 0 0 0 0 0 0 0.051998 -0.15599 -0.26704 0.0058184 -0.041842 0.025575 0 0
-0 -0 -0.075234 0 0 0 0 0 0 0 0 0 0 0.012474 -0.037423 -0.064063 0.0027758 -0.0097419 0.0062313 0 0
0 0 0.083689 0 0 0 0 0 0 0 0 0 0 -0.013876 0.041628 0.071262 -0.0040839 0.010502 -0.0069299 0 0
0 0 0.018374 0 0 0 0 0 0 0 0 0 0 -0.0030466 0.0091398 0.015646 -0.00080759 0.0023384 -0.0015232 0 0
0 0 0.17494 0 0 0 0 0 0 0 0 0 0 -0.029007 0.08702 0.14897 -0.0097 0.021468 -0.014429 0 0
0 0 0.3289 0 0 0 0 0 0 0 0 0 0 -0.054534 0.1636 0.28007 -0.021793 0.038577 -0.026778 0 0
0 0 0.13138 0 0 0 0 0 0 0 0 0 0 -0.021783 0.065348 0.11187 -0.0068699 0.016301 -0.01086 0 0
-0 -0 -0.056718 0 0 0 0 0 0 0 0 0 0 0.0094041 -0.028212 -0.048296 0.0021723 -0.007321 0.0046995 0 0
-0 -0 -0.27864 0 0 0 0 0 0 0 0 0 0 0.046199 -0.1386 -0.23726 0.005925 -0.037059 0.022802 0 0
-0 -0 -0.27315 0 0 0 0 0 0 0 0 0 0 0.04529 -0.13587 -0.23259 0.0059244 -0.03631 0.022364 0 0
-0 -0 -0.034249 0 0 0 0 0 0 0 0 0 0 0.0056786 -0.017036 -0.029163 0.0013699 -0.004403 0.0028388 0 0
-0 -0 -0.21315 0 0 0 0 0 0 0 0 0 0 0.035341 -0.10602 -0.1815 0.0056119 -0.02815 0.017537 0 0
0 0 0.26422 0 0 0 0 0 0 0 0 0 0 -0.04381 0.13143 0.22499 -0.016325 0.031622 -0.021651 0 0
0 0 0.1553 0 0 0 0 0 0 0 0 0 0 -0.025749 0.077248 0.13224 -0.0083906 0.019154 -0.012823 0 0
0 0 0.27799 0 0 0 0 0 0 0 0 0 0 -0.046093 0.13828 0.23672 -0.017443 0.033132 -0.022751 0 0
0 0 0.23633 0 0 0 0 0 0 0 0 0 0 -0.039184 0.11755 0.20124 -0.014138 0.028515 -0.01941 0 0
0 0 0.24611 0 0 0 0 0 0 0 0 0 0 -0.040806 0.12242 0.20956 -0.014892 0.029612 -0.020198 0 0
-0 -0 -0.057928 0 0 0 0 0 0 0 0 0 0 0.0096049 -0.028815 -0.049327 0.0022134 -0.0074788 0.0047997 0 0
0 0 0.14077 0 0 0 0 0 0 0 0 0 0 -0.023341 0.070023 0.11987 -0.0074576 0.017427 -0.011632 0 0
-0 -0 -0.12636 0 0 0 0 0 0 0 0 0 0 0.020951 -0.062854 -0.1076 0.0041697 -0.016495 0.010448 0 0
-0 -0 -0.21084 0 0 0 0 0 0 0 0 0 0 0.034959 -0.10488 -0.17953 0.0055887 -0.027838 0.01735 0 0
0 0 0.16136 0 0 0 0 0 0 0 0 0 0 -0.026755 0.080264 0.1374 -0.008789 0.019872 -0.013319 0 0
-0 -0 -0.27028 0 0 0 0 0 0 0 0 0 0 0.044815 -0.13444 -0.23015 0.0059223 -0.035919 0.022136 0 0
0 0 0.26431 0 0 0 0 0 0 0 0 0 0 -0.043824 0.13147 0.22506 -0.016332 0.031631 -0.021658 0 0
-0 -0 -0.26644 0 0 0 0 0 0 0 0 0 0 0.044177 -0.13253 -0.22688 0.0059173 -0.035395 0.021828 0 0
-0 -0 -0.14242 0 0 0 0 0 0 0 0 0 0 0.023614 -0.070842 -0.12127 0.0045245 -0.018636 0.011767 0 0
0 0 0.11195 0 0 0 0 0 0 0 0 0 0 -0.018562 0.055685 0.095326 -0.0056953 0.013956 -0.0092615 0 0
-0 -0 -0.11769 0 0 0 0 0 0 0 0 0 0 0.019513 -0.05854 -0.10021 0.0039615 -0.015343 0.0097341 0 0
0 0 0.28027 0 0 0 0 0 0 0 0 0 0 -0.046471 0.13941 0.23866 -0.01763 0.033381 -0.022932 0 0
0 0 0.31579 0 0 0 0 0 0 0 0 0 0 -0.052359 0.15708 0.2689 -0.02064 0.037195 -0.025747 0 0
-0 -0 -0.24186 0 0 0 0 0 0 0 0 0 0 0.040102 -0.12031 -0.20595 0.0058315 -0.032048 0.019856 0 0
-0 -0 -0.02982 0 0 0 0 0 0 0 0 0 0 0.0049443 -0.014833 -0.025392 0.0012027 -0.0038305 0.0024718 0 0
0 0 0.10922 0 0 0 0 0 0 0 0 0 0 -0.018109 0.054328 0.093003 -0.0055347 0.013625 -0.0090367 0 0
-0 -0 -0.17131 0 0 0 0 0 0 0 0 0 0 0.028404 -0.085211 -0.14587 0.0050623 -0.022506 0.014132 0 0
-0 -0 -0.27407 0 0 0 0 0 0 0 0 0 0 0.045442 -0.13633 -0.23337 0.0059248 -0.036435 0.022438 0 0
-0 -0 -0.22326 0 0 0 0 0 0 0 0 0 0 0.037018 -0.11105 -0.19011 0.0057038 -0.029521 0.018355 0 0
-0 -0 -0.23582 0 0 0 0 0 0 0 0 0 0 0.0391 -0.1173 -0.2008 0.0057959 -0.031226 0.019369 0 0
0 0 0.34665 0 0 0 0 0 0 0 0 0 0 -0.057477 0.17243 0.29518 -0.023388 0.040421 -0.028166 0 0
0 0 0.20058 0 0 0 0 0 0 0 0 0 0 -0.033257 0.09977 0.17079 -0.01149 0.024445 -0.016517 0 0
0 0 0.012357 0 0 0 0 0 0 0 0 0 0 -0.0020488 0.0061464 0.010522 -0.00053754 0.0015744 -0.0010244 0 0
-0 -0 -0.16019 0 0 0 0 0 0 0 0 0 0 0.02656 -0.079681 -0.1364 0.0048706 -0.021013 0.013223 0 0
0 0 0.23903 0 0 0 0 0 0 0 0 0 0 -0.039633 0.1189 0.20354 -0.014345 0.02882 -0.019628 0 0
-0 -0 -0.24992 0 0 0 0 0 0 0 0 0 0 0.041438 -0.12431 -0.21281 0.00587 -0.033143 0.020504 0 0
-0 -0 -0.16939 0 0 0 0 0 0 0 0 0 0 0.028086 -0.084259 -0.14424 0.0050307 -0.022248 0.013976 0 0
-0 -0 -0.27483 0 0 0 0 0 0 0 0 0 0 0.045568 -0.1367 -0.23402 0.0059251 -0.036539 0.022498 0 0
-0 -0 -0.18613 0 0 0 0 0 0 0 0 0 0 0.030862 -0.092585 -0.15849 0.0052882 -0.024501 0.015342 0 0
0 0 0.037543 0 0 0 0 0 0 0 0 0 0 -0.0062249 0.018675 0.031969 -0.0017038 0.004759 -0.0031117 0 0
0 0 0.14463 0 0 0 0 0 0 0 0 0 0 -0.02398 0.07194 0.12315 -0.0077022 0.017887 -0.011948 0 0
0 0 0.25977 0 0 0 0 0 0 0 0 0 0 -0.043072 0.12921 0.2212 -0.015969 0.03113 -0.021294 0 0
0 0 0.30361 0 0 0 0 0 0 0 0 0 0 -0.05034 0.15102 0.25853 -0.019589 0.0359 -0.024785 0 0
0 0 0.10586 0 0 0 0 0 0 0 0 0 0 -0.017553 0.052658 0.090144 -0.0053385 0.013216 -0.0087599 0 0
-0 -0 -0.34102 0 0 0 0 0 0 0 0 0 0 0.056544 -0.16963 -0.29039 0.0056015 -0.045598 0.027727 0 0
0 0 0.028296 0 0 0 0 0 0 0 0 0 0 -0.0046916 0.014075 0.024094 -0.0012646 0.0035936 -0.0023455 0 0
0 0 0.1968 0 0 0 0 0 0 0 0 0 0 -0.03263 0.097891 0.16758 -0.01122 0.024009 -0.01621 0 0
-0 -0 -0.2899 0 0 0 0 0 0 0 0 0 0 0.048067 -0.1442 -0.24686 0.0059115 -0.038598 0.023698 0 0
0 0 0.080519 0 0 0 0 0 0 0 0 0 0 -0.013351 0.040052 0.068564 -0.0039105 0.010111 -0.0066681 0 0
0 0 0.1796 0 0 0 0 0 0 0 0 0 0 -0.029778 0.089335 0.15293 -0.010018 0.022012 -0.014809 0 0
-0 -0 -0.23061 0 0 0 0 0 0 0 0 0 0 0.038236 -0.11471 -0.19637 0.0057607 -0.030518 0.018949 0 0
0 0 0.21966 0 0 0 0 0 0 0 0 0 0 -0.036421 0.10926 0.18704 -0.012881 0.02663 -0.018064 0 0
0 0 0.2153 0 0 0 0 0 0 0 0 0 0 -0.035697 0.10709 0.18333 -0.012559 0.026133 -0.017711 0 0
0 0 0.21482 0 0 0 0 0 0 0 0 0 0 -0.035619 0.10686 0.18293 -0.012524 0.026079 -0.017673 0 0
0 0 0.010099 0 0 0 0 0 0 0 0 0 0 -0.0016746 0.0050237 0.0085999 -0.00043764 0.0012874 -0.00083726 0 0
-0 -0 -0.10518 0 0 0 0 0 0 0 0 0 0 0.01744 -0.052319 -0.089564 0.003641 -0.013686 0.0087038 0 0
-0 -0 -0.30312 0 0 0 0 0 0 0 0 0 0 0.05026 -0.15078 -0.25812 0.0058703 -0.040407 0.024747 0 0
0 0 0.30664 0 0 0 0 0 0 0 0 0 0 -0.050843 0.15253 0.26111 -0.019849 0.036224 -0.025025 0 0
-0 -0 -0.011387 0 0 0 0 0 0 0 0 0 0 0.0018881 -0.0056642 -0.0096965 0.00047509 -0.0014577 0.00094402 0 0
0 0 0.32442 0 0 0 0 0 0 0 0 0 0 -0.05379 0.16137 0.27625 -0.021396 0.038106 -0.026426 0 0
-0 -0 -0.15905 0 0 0 0 0 0 0 0 0 0 0.026371 -0.079112 -0.13543 0.0048498 -0.02086 0.01313 0 0
-0 -0 -0.19563 0 0 0 0 0 0 0 0 0 0 0.032437 -0.09731 -0.16658 0.0054149 -0.025782 0.016115 0 0
0 0 0.1215 0 0 0 0 0 0 0 0 0 0 -0.020146 0.060439 0.10346 -0.0062664 0.015113 -0.010048 0 0
0 0 0.24123 0 0 0 0 0 0 0 0 0 0 -0.039998 0.11999 0.20542 -0.014515 0.029067 -0.019806 0 0
-0 -0 -0.26204 0 0 0 0 0 0 0 0 0 0 0.043448 -0.13034 -0.22313 0.0059089 -0.034795 0.021476 0 0
0 0 0.04245 0 0 0 0 0 0 0 0 0 0 -0.0070385 0.021116 0.036147 -0.001942 0.0053754 -0.0035182 0 0
-0 -0 -0.29751 0 0 0 0 0 0 0 0 0 0 0.049328 -0.14798 -0.25333 0.0058911 -0.039638 0.024302 0 0
-0 -0 -0.31495 0 0 0 0 0 0 0 0 0 0 0.052221 -0.15666 -0.26819 0.0058105 -0.042026 0.025681 0 0
-0 -0 -0.25835 0 0 0 0 0 0 0 0 0 0 0.042836 -0.12851 -0.21999 0.0058995 -0.034292 0.021181 0 0
-0 -0 -0.08371 0 0 0 0 0 0 0 0 0 0 0.01388 -0.041639 -0.07128 0.0030346 -0.010855 0.0069317 0 0
-0 -0 -0.05615 0 0 0 0 0 0 0 0 0 0 0.0093101 -0.02793 -0.047813 0.002153 -0.007247 0.0046526 0 0
0 0 0.32759 0 0 0 0 0 0 0 0 0 0 -0.054316 0.16295 0.27894 -0.021676 0.038438 -0.026675 0 0
-0 -0 -0.16633 0 0 0 0 0 0 0 0 0 0 0.027578 -0.082735 -0.14163 0.0049789 -0.021837 0.013726 0 0
0 0 0.33706 0 0 0 0 0 0 0 0 0 0 -0.055887 0.16766 0.28702 -0.022521 0.039428 -0.027418 0 0
0 0 0.19731 0 0 0 0 0 0 0 0 0 0 -0.032715 0.098145 0.16801 -0.011256 0.024068 -0.016251 0 0
-0 -0 -0.046056 0 0 0 0 0 0 0 0 0 0 0.0076363 -0.022909 -0.039217 0.0018011 -0.0059335 0.0038168 0 0
-0 -0 -0.045514 0 0 0 0 0 0 0 0 0 0 0.0075465 -0.022639 -0.038756 0.0017818 -0.0058632 0.0037719 0 0
-0 -0 -0.056103 0 0 0 0 0 0 0 0 0 0 0.0093022 -0.027907 -0.047773 0.0021514 -0.0072408 0.0046487 0 0
0 0 0.030072 0 0 0 0 0 0 0 0 0 0 -0.0049862 0.014959 0.025607 -0.001348 0.0038179 -0.0024927 0 0
-0 -0 -0.32784 0 0 0 0 0 0 0 0 0 0 0.054357 -0.16307 -0.27916 0.0057204 -0.043791 0.026694 0 0
0 0 0.3249 0 0 0 0 0 0 0 0 0 0 -0.05387 0.16161 0.27666 -0.021438 0.038156 -0.026463 0 0
-0 -0 -0.044976 0 0 0 0 0 0 0 0 0 0 0.0074573 -0.022372 -0.038298 0.0017626 -0.0057933 0.0037274 0 0
-0 -0 -0.32385 0 0 0 0 0 0 0 0 0 0 0.053696 -0.16109 -0.27576 0.0057511 -0.043244 0.026381 0 0
-0 -0 -0.039341 0 0 0 0 0 0 0 0 0 0 0.006523 -0.019569 -0.0335 0.0015585 -0.0050624 0.0032607 0 0
-0 -0 -0.047041 0 0 0 0 0 0 0 0 0 0 0.0077997 -0.023399 -0.040057 0.0018362 -0.0060616 0.0038984 0 0
0 0 0.036129 0 0 0 0 0 0 0 0 0 0 -0.0059904 0.017971 0.030765 -0.0016358 0.004581 -0.0029946 0 0
-0 -0 -0.32061 0 0 0 0 0 0 0 0 0 0 0.053159 -0.15948 -0.273 0.0057741 -0.0428 0.026126 0 0
0 0 0.0083331 0 0 0 0 0 0 0 0 0 0 -0.0013817 0.004145 0.0070958 -0.00035999 0.0010626 -0.00069083 0 0
0 0 0.17802 0 0 0 0 0 0 0 0 0 0 -0.029517 0.088551 0.15159 -0.0099101 0.021828 -0.014681 0 0
