-0 -0 -0.31829 0 0 0 0 0 0 0 0 0 0 0.0087801 -0.1649 -0.27211 0.013898 -0.027677 0.017221 0 0
-0 -0 -0.34601 0 0 0 0 0 0 0 0 0 0 0.0095447 -0.17926 -0.29581 0.014605 -0.030247 0.018801 0 0
0 0 0.3342 0 0 0 0 0 0 0 0 0 0 -0.0092188 0.17314 0.2857 -0.024776 0.023359 -0.014955 0 0
-0 -0 -0.34877 0 0 0 0 0 0 0 0 0 0 0.0096209 -0.18069 -0.29817 0.014671 -0.030504 0.018959 0 0
-0 -0 -0.016701 0 0 0 0 0 0 0 0 0 0 0.00046071 -0.0086524 -0.014278 0.00098195 -0.001344 0.00084616 0 0
-0 -0 -0.27054 0 0 0 0 0 0 0 0 0 0 0.0074629 -0.14016 -0.23129 0.012486 -0.023295 0.014519 0 0
-0 -0 -0.088326 0 0 0 0 0 0 0 0 0 0 0.0024365 -0.045758 -0.07551 0.0048876 -0.0072645 0.00456 0 0
-0 -0 -0.052948 0 0 0 0 0 0 0 0 0 0 0.0014606 -0.02743 -0.045265 0.003021 -0.0043094 0.0027089 0 0
-0 -0 -0.19643 0 0 0 0 0 0 0 0 0 0 0.0054184 -0.10176 -0.16792 0.009811 -0.016628 0.010393 0 0
0 0 0.30004 0 0 0 0 0 0 0 0 0 0 -0.0082765 0.15544 0.2565 -0.021835 0.021319 -0.013624 0 0
0 0 0.012809 0 0 0 0 0 0 0 0 0 0 -0.00035333 0.0066357 0.01095 -0.00077096 0.0010209 -0.00064354 0 0
0 0 0.22112 0 0 0 0 0 0 0 0 0 0 -0.0060997 0.11456 0.18904 -0.015371 0.016281 -0.010362 0 0
-0 -0 -0.11684 0 0 0 0 0 0 0 0 0 0 0.0032229 -0.060529 -0.099883 0.0063015 -0.0096872 0.0060738 0 0
-0 -0 -0.32163 0 0 0 0 0 0 0 0 0 0 0.0088721 -0.16662 -0.27496 0.013988 -0.027985 0.01741 0 0
-0 -0 -0.30101 0 0 0 0 0 0 0 0 0 0 0.0083035 -0.15594 -0.25734 0.013415 -0.026084 0.01624 0 0
0 0 0.059429 0 0 0 0 0 0 0 0 0 0 -0.0016394 0.030788 0.050806 -0.003706 0.0046616 -0.0029445 0 0
-0 -0 -0.23629 0 0 0 0 0 0 0 0 0 0 0.0065181 -0.12241 -0.20201 0.011322 -0.020192 0.012601 0 0
-0 -0 -0.037584 0 0 0 0 0 0 0 0 0 0 0.0010367 -0.019471 -0.03213 0.0021722 -0.0030445 0.001915 0 0
-0 -0 -0.16705 0 0 0 0 0 0 0 0 0 0 0.0046082 -0.086545 -0.14281 0.0085917 -0.014038 0.0087839 0 0
-0 -0 -0.31445 0 0 0 0 0 0 0 0 0 0 0.0086742 -0.16291 -0.26882 0.013794 -0.027322 0.017002 0 0
-0 -0 -0.08508 0 0 0 0 0 0 0 0 0 0 0.0023469 -0.044077 -0.072735 0.0047215 -0.006991 0.0043889 0 0
-0 -0 -0.056912 0 0 0 0 0 0 0 0 0 0 0.0015699 -0.029484 -0.048654 0.0032363 -0.0046376 0.0029148 0 0
0 0 0.11339 0 0 0 0 0 0 0 0 0 0 -0.0031279 0.058744 0.096938 -0.0073494 0.0087205 -0.0055217 0 0
0 0 0.1098 0 0 0 0 0 0 0 0 0 0 -0.0030289 0.056884 0.093869 -0.0070989 0.0084558 -0.0053532 0 0
0 0 0.18286 0 0 0 0 0 0 0 0 0 0 -0.0050441 0.094731 0.15632 -0.012411 0.013682 -0.0086918 0 0
-0 -0 -0.12145 0 0 0 0 0 0 0 0 0 0 0.0033503 -0.062921 -0.10383 0.0065227 -0.010083 0.0063207 0 0
0 0 0.050921 0 0 0 0 0 0 0 0 0 0 -0.0014046 0.02638 0.043532 -0.0031554 0.0040062 -0.0025295 0 0
0 0 0.21085 0 0 0 0 0 0 0 0 0 0 -0.0058162 0.10923 0.18025 -0.014565 0.015593 -0.009919 0 0
-0 -0 -0.050115 0 0 0 0 0 0 0 0 0 0 0.0013824 -0.025963 -0.042843 0.0028662 -0.0040753 0.0025621 0 0
0 0 0.0061796 0 0 0 0 0 0 0 0 0 0 -0.00017046 0.0032014 0.0052829 -0.00037002 0.00049362 -0.00031107 0 0
-0 -0 -0.23868 0 0 0 0 0 0 0 0 0 0 0.006584 -0.12365 -0.20405 0.011407 -0.020407 0.012735 0 0
-0 -0 -0.12491 0 0 0 0 0 0 0 0 0 0 0.0034457 -0.064712 -0.10679 0.0066871 -0.01038 0.0065059 0 0
0 0 0.13244 0 0 0 0 0 0 0 0 0 0 -0.0036534 0.068613 0.11322 -0.0086967 0.010112 -0.0064081 0 0
-0 -0 -0.23352 0 0 0 0 0 0 0 0 0 0 0.0064415 -0.12098 -0.19963 0.011222 -0.019942 0.012447 0 0
0 0 0.31045 0 0 0 0 0 0 0 0 0 0 -0.0085638 0.16083 0.2654 -0.022723 0.02195 -0.014035 0 0
0 0 0.1312 0 0 0 0 0 0 0 0 0 0 -0.0036193 0.067972 0.11217 -0.0086083 0.010022 -0.0063509 0 0
-0 -0 -0.3284 0 0 0 0 0 0 0 0 0 0 0.0090588 -0.17013 -0.28074 0.014165 -0.028612 0.017796 0 0
-0 -0 -0.15351 0 0 0 0 0 0 0 0 0 0 0.0042345 -0.079526 -0.13123 0.0079992 -0.012854 0.0080475 0 0
0 0 0.12731 0 0 0 0 0 0 0 0 0 0 -0.0035118 0.065954 0.10884 -0.0083306 0.009739 -0.0061706 0 0
-0 -0 -0.17525 0 0 0 0 0 0 0 0 0 0 0.0048342 -0.09079 -0.14982 0.0089409 -0.014757 0.0092311 0 0
-0 -0 -0.12014 0 0 0 0 0 0 0 0 0 0 0.0033141 -0.062242 -0.10271 0.0064601 -0.0099705 0.0062505 0 0
-0 -0 -0.23297 0 0 0 0 0 0 0 0 0 0 0.0064266 -0.1207 -0.19917 0.011202 -0.019893 0.012417 0 0
-0 -0 -0.33356 0 0 0 0 0 0 0 0 0 0 0.0092013 -0.17281 -0.28516 0.014298 -0.029091 0.01809 0 0
-0 -0 -0.030382 0 0 0 0 0 0 0 0 0 0 0.0008381 -0.01574 -0.025974 0.0017665 -0.0024556 0.0015451 0 0
0 0 0.33595 0 0 0 0 0 0 0 0 0 0 -0.0092672 0.17404 0.2872 -0.024929 0.023461 -0.015022 0 0
-0 -0 -0.15645 0 0 0 0 0 0 0 0 0 0 0.0043156 -0.08105 -0.13375 0.0081294 -0.01311 0.0082071 0 0
0 0 0.17205 0 0 0 0 0 0 0 0 0 0 -0.004746 0.089132 0.14708 -0.011597 0.01293 -0.00821 0 0
-0 -0 -0.099484 0 0 0 0 0 0 0 0 0 0 0.0027443 -0.051539 -0.085049 0.0054506 -0.0082084 0.0051501 0 0
0 0 0.026058 0 0 0 0 0 0 0 0 0 0 -0.00071881 0.0135 0.022277 -0.0015846 0.0020677 -0.0013042 0 0
-0 -0 -0.10205 0 0 0 0 0 0 0 0 0 0 0.002815 -0.052868 -0.087241 0.0055783 -0.0084262 0.0052862 0 0
0 0 0.30807 0 0 0 0 0 0 0 0 0 0 -0.0084982 0.1596 0.26337 -0.02252 0.021807 -0.013941 0 0
-0 -0 -0.19969 0 0 0 0 0 0 0 0 0 0 0.0055085 -0.10345 -0.17072 0.0099411 -0.016917 0.010573 0 0
0 0 0.30531 0 0 0 0 0 0 0 0 0 0 -0.0084221 0.15817 0.26101 -0.022284 0.021639 -0.013832 0 0
0 0 0.081507 0 0 0 0 0 0 0 0 0 0 -0.0022484 0.042226 0.06968 -0.0051653 0.006343 -0.0040105 0 0
0 0 0.27424 0 0 0 0 0 0 0 0 0 0 -0.0075649 0.14207 0.23445 -0.01967 0.019721 -0.012585 0 0
0 0 0.14718 0 0 0 0 0 0 0 0 0 0 -0.0040601 0.076251 0.12583 -0.0097609 0.011172 -0.0070854 0 0
0 0 0.32376 0 0 0 0 0 0 0 0 0 0 -0.0089308 0.16773 0.27678 -0.023868 0.022745 -0.014553 0 0
-0 -0 -0.33349 0 0 0 0 0 0 0 0 0 0 0.0091994 -0.17277 -0.2851 0.014296 -0.029084 0.018086 0 0
0 0 0.11244 0 0 0 0 0 0 0 0 0 0 -0.0031017 0.058251 0.096125 -0.0072829 0.0086504 -0.0054771 0 0
-0 -0 -0.23296 0 0 0 0 0 0 0 0 0 0 0.0064263 -0.12069 -0.19916 0.011202 -0.019892 0.012416 0 0
-0 -0 -0.25255 0 0 0 0 0 0 0 0 0 0 0.0069666 -0.13084 -0.21591 0.01189 -0.02166 0.01351 0 0
-0 -0 -0.14024 0 0 0 0 0 0 0 0 0 0 0.0038686 -0.072655 -0.11989 0.0074009 -0.011702 0.0073303 0 0
-0 -0 -0.019244 0 0 0 0 0 0 0 0 0 0 0.00053085 -0.0099697 -0.016452 0.0011291 -0.0015499 0.00097567 0 0
-0 -0 -0.10034 0 0 0 0 0 0 0 0 0 0 0.0027679 -0.051984 -0.085782 0.0054934 -0.0082812 0.0051956 0 0
-0 -0 -0.0074084 0 0 0 0 0 0 0 0 0 0 0.00020436 -0.003838 -0.0063334 0.00043884 -0.0005944 0.00037437 0 0
0 0 0.061925 0 0 0 0 0 0 0 0 0 0 -0.0017082 0.032081 0.052939 -0.0038688 0.004853 -0.0030658 0 0
-0 -0 -0.32495 0 0 0 0 0 0 0 0 0 0 0.0089637 -0.16834 -0.2778 0.014075 -0.028293 0.017599 0 0
0 0 0.13843 0 0 0 0 0 0 0 0 0 0 -0.0038187 0.071717 0.11835 -0.0091269 0.010544 -0.0066843 0 0
-0 -0 -0.27835 0 0 0 0 0 0 0 0 0 0 0.0076782 -0.1442 -0.23796 0.012733 -0.024007 0.014959 0 0
-0 -0 -0.022044 0 0 0 0 0 0 0 0 0 0 0.00060808 -0.01142 -0.018845 0.0012904 -0.001777 0.0011185 0 0
0 0 0.094454 0 0 0 0 0 0 0 0 0 0 -0.0026055 0.048933 0.080748 -0.0060412 0.0073157 -0.0046282 0 0
0 0 0.13002 0 0 0 0 0 0 0 0 0 0 -0.0035866 0.067358 0.11115 -0.0085236 0.0099358 -0.0062961 0 0
-0 -0 -0.025322 0 0 0 0 0 0 0 0 0 0 0.00069852 -0.013119 -0.021648 0.0014784 -0.0020434 0.001286 0 0
-0 -0 -0.14794 0 0 0 0 0 0 0 0 0 0 0.004081 -0.076644 -0.12648 0.0077504 -0.01237 0.0077462 0 0
-0 -0 -0.097184 0 0 0 0 0 0 0 0 0 0 0.0026808 -0.050347 -0.083082 0.0053356 -0.0080134 0.0050282 0 0
-0 -0 -0.040275 0 0 0 0 0 0 0 0 0 0 0.001111 -0.020865 -0.034431 0.0023225 -0.0032652 0.0020536 0 0
-0 -0 -0.10402 0 0 0 0 0 0 0 0 0 0 0.0028693 -0.053887 -0.088924 0.0056758 -0.0085934 0.0053907 0 0
0 0 0.1538 0 0 0 0 0 0 0 0 0 0 -0.0042426 0.079679 0.13148 -0.010245 0.011644 -0.0073869 0 0
-0 -0 -0.068123 0 0 0 0 0 0 0 0 0 0 0.0018792 -0.035292 -0.058238 0.0038367 -0.0055698 0.0034991 0 0
-0 -0 -0.083531 0 0 0 0 0 0 0 0 0 0 0.0023042 -0.043274 -0.07141 0.0046419 -0.0068606 0.0043073 0 0
-0 -0 -0.25522 0 0 0 0 0 0 0 0 0 0 0.0070401 -0.13222 -0.21818 0.01198 -0.021902 0.013659 0 0
-0 -0 -0.097661 0 0 0 0 0 0 0 0 0 0 0.002694 -0.050594 -0.08349 0.0053595 -0.0080538 0.0050535 0 0
-0 -0 -0.26459 0 0 0 0 0 0 0 0 0 0 0.0072986 -0.13707 -0.22619 0.012292 -0.022752 0.014185 0 0
-0 -0 -0.076454 0 0 0 0 0 0 0 0 0 0 0.002109 -0.039608 -0.06536 0.004275 -0.0062664 0.0039353 0 0
-0 -0 -0.040223 0 0 0 0 0 0 0 0 0 0 0.0011096 -0.020838 -0.034387 0.0023196 -0.0032609 0.002051 0 0
0 0 0.072742 0 0 0 0 0 0 0 0 0 0 -0.0020066 0.037685 0.062187 -0.0045807 0.0056788 -0.0035892 0 0
0 0 0.2272 0 0 0 0 0 0 0 0 0 0 -0.0062674 0.11771 0.19423 -0.015852 0.016685 -0.010622 0 0
0 0 0.32518 0 0 0 0 0 0 0 0 0 0 -0.0089701 0.16846 0.278 -0.023992 0.022829 -0.014608 0 0
0 0 0.33304 0 0 0 0 0 0 0 0 0 0 -0.009187 0.17254 0.28472 -0.024676 0.023292 -0.014911 0 0
-0 -0 -0.23979 0 0 0 0 0 0 0 0 0 0 0.0066145 -0.12423 -0.20499 0.011446 -0.020507 0.012796 0 0
-0 -0 -0.16222 0 0 0 0 0 0 0 0 0 0 0.0044747 -0.084038 -0.13868 0.0083823 -0.013614 0.0085205 0 0
0 0 0.31315 0 0 0 0 0 0 0 0 0 0 -0.0086383 0.16223 0.26771 -0.022954 0.022112 -0.014141 0 0
0 0 0.11065 0 0 0 0 0 0 0 0 0 0 -0.0030522 0.057323 0.094593 -0.0071579 0.0085183 -0.005393 0 0
0 0 0.13877 0 0 0 0 0 0 0 0 0 0 -0.0038279 0.07189 0.11863 -0.0091509 0.010568 -0.0066996 0 0
0 0 0.29667 0 0 0 0 0 0 0 0 0 0 -0.0081837 0.15369 0.25362 -0.02155 0.021113 -0.01349 0 0
-0 -0 -0.29174 0 0 0 0 0 0 0 0 0 0 0.0080477 -0.15114 -0.24941 0.013143 -0.025233 0.015715 0 0
0 0 0.24949 0 0 0 0 0 0 0 0 0 0 -0.0068822 0.12925 0.21329 -0.01764 0.018143 -0.011564 0 0
-0 -0 -0.28583 0 0 0 0 0 0 0 0 0 0 0.0078847 -0.14808 -0.24436 0.012965 -0.024691 0.015381 0 0
-0 -0 -0.14878 0 0 0 0 0 0 0 0 0 0 0.0041041 -0.077078 -0.12719 0.0077881 -0.012443 0.0077915 0 0
0 0 0.26032 0 0 0 0 0 0 0 0 0 0 -0.0071808 0.13486 0.22254 -0.018522 0.018838 -0.012014 0 0
