-0 -0 -0.18764 0 0 0 0 0 0 0 0 0 0 0.031111 -0.093334 -0.15978 0 0 0 0 0
-0 -0 -0.21946 0 0 0 0 0 0 0 0 0 0 0.036388 -0.10916 -0.18688 0 0 0 0 0
-0 -0 -0.28183 0 0 0 0 0 0 0 0 0 0 0.046729 -0.14019 -0.23998 0 0 0 0 0
0 0 0.25362 0 0 0 0 0 0 0 0 0 0 -0.042052 0.12616 0.21596 0 0 0 0 0
-0 -0 -0.30116 0 0 0 0 0 0 0 0 0 0 0.049934 -0.1498 -0.25644 0 0 0 0 0
-0 -0 -0.029118 0 0 0 0 0 0 0 0 0 0 0.004828 -0.014484 -0.024795 0 0 0 0 0
-0 -0 -0.10368 0 0 0 0 0 0 0 0 0 0 0.01719 -0.051571 -0.088283 0 0 0 0 0
0 0 0.076179 0 0 0 0 0 0 0 0 0 0 -0.012631 0.037893 0.064868 0 0 0 0 0
0 0 0.32058 0 0 0 0 0 0 0 0 0 0 -0.053154 0.15946 0.27298 0 0 0 0 0
-0 -0 -0.21462 0 0 0 0 0 0 0 0 0 0 0.035586 -0.10676 -0.18276 0 0 0 0 0
-0 -0 -0.29191 0 0 0 0 0 0 0 0 0 0 0.0484 -0.1452 -0.24857 0 0 0 0 0
0 0 0.038494 0 0 0 0 0 0 0 0 0 0 -0.0063825 0.019148 0.032778 0 0 0 0 0
0 0 0.067061 0 0 0 0 0 0 0 0 0 0 -0.011119 0.033358 0.057104 0 0 0 0 0
0 0 0.15922 0 0 0 0 0 0 0 0 0 0 -0.0264 0.079199 0.13558 0 0 0 0 0
0 0 0.050091 0 0 0 0 0 0 0 0 0 0 -0.0083054 0.024916 0.042654 0 0 0 0 0
0 0 0.33085 0 0 0 0 0 0 0 0 0 0 -0.054857 0.16457 0.28173 0 0 0 0 0
0 0 0.26109 0 0 0 0 0 0 0 0 0 0 -0.043291 0.12987 0.22233 0 0 0 0 0
-0 -0 -0.14043 0 0 0 0 0 0 0 0 0 0 0.023285 -0.069854 -0.11958 0 0 0 0 0
0 0 0.1836 0 0 0 0 0 0 0 0 0 0 -0.030442 0.091325 0.15634 0 0 0 0 0
0 0 0.16386 0 0 0 0 0 0 0 0 0 0 -0.027169 0.081507 0.13953 0 0 0 0 0
-0 -0 -0.19133 0 0 0 0 0 0 0 0 0 0 0.031724 -0.095172 -0.16292 0 0 0 0 0
0 0 0.016146 0 0 0 0 0 0 0 0 0 0 -0.0026771 0.0080313 0.013749 0 0 0 0 0
0 0 0.27892 0 0 0 0 0 0 0 0 0 0 -0.046246 0.13874 0.2375 0 0 0 0 0
0 0 0.15692 0 0 0 0 0 0 0 0 0 0 -0.026018 0.078054 0.13362 0 0 0 0 0
0 0 0.098271 0 0 0 0 0 0 0 0 0 0 -0.016294 0.048882 0.083679 0 0 0 0 0
-0 -0 -0.0826 0 0 0 0 0 0 0 0 0 0 0.013696 -0.041087 -0.070335 0 0 0 0 0
-0 -0 -0.26294 0 0 0 0 0 0 0 0 0 0 0.043597 -0.13079 -0.2239 0 0 0 0 0
-0 -0 -0.2907 0 0 0 0 0 0 0 0 0 0 0.0482 -0.1446 -0.24754 0 0 0 0 0
0 0 0.27412 0 0 0 0 0 0 0 0 0 0 -0.045451 0.13635 0.23342 0 0 0 0 0
-0 -0 -0.063658 0 0 0 0 0 0 0 0 0 0 0.010555 -0.031664 -0.054206 0 0 0 0 0
0 0 0.07172 0 0 0 0 0 0 0 0 0 0 -0.011892 0.035675 0.061071 0 0 0 0 0
0 0 0.33033 0 0 0 0 0 0 0 0 0 0 -0.054771 0.16431 0.28129 0 0 0 0 0
0 0 0.27125 0 0 0 0 0 0 0 0 0 0 -0.044974 0.13492 0.23097 0 0 0 0 0
-0 -0 -0.21907 0 0 0 0 0 0 0 0 0 0 0.036323 -0.10897 -0.18654 0 0 0 0 0
-0 -0 -0.077259 0 0 0 0 0 0 0 0 0 0 0.01281 -0.03843 -0.065788 0 0 0 0 0
0 0 0.17599 0 0 0 0 0 0 0 0 0 0 -0.029181 0.087542 0.14986 0 0 0 0 0
-0 -0 -0.21066 0 0 0 0 0 0 0 0 0 0 0.034928 -0.10479 -0.17938 0 0 0 0 0
-0 -0 -0.026416 0 0 0 0 0 0 0 0 0 0 0.0043799 -0.01314 -0.022494 0 0 0 0 0
0 0 0.084583 0 0 0 0 0 0 0 0 0 0 -0.014024 0.042073 0.072024 0 0 0 0 0
0 0 0.27511 0 0 0 0 0 0 0 0 0 0 -0.045616 0.13685 0.23426 0 0 0 0 0
-0 -0 -0.072441 0 0 0 0 0 0 0 0 0 0 0.012011 -0.036034 -0.061685 0 0 0 0 0
-0 -0 -0.2395 0 0 0 0 0 0 0 0 0 0 0.039711 -0.11913 -0.20394 0 0 0 0 0
0 0 0.16213 0 0 0 0 0 0 0 0 0 0 -0.026882 0.080646 0.13806 0 0 0 0 0
0 0 0.32636 0 0 0 0 0 0 0 0 0 0 -0.054112 0.16234 0.2779 0 0 0 0 0
0 0 0.22149 0 0 0 0 0 0 0 0 0 0 -0.036724 0.11017 0.1886 0 0 0 0 0
-0 -0 -0.033469 0 0 0 0 0 0 0 0 0 0 0.0055493 -0.016648 -0.028499 0 0 0 0 0
-0 -0 -0.071627 0 0 0 0 0 0 0 0 0 0 0.011876 -0.035628 -0.060991 0 0 0 0 0
-0 -0 -0.017637 0 0 0 0 0 0 0 0 0 0 0.0029243 -0.0087729 -0.015018 0 0 0 0 0
0 0 0.19994 0 0 0 0 0 0 0 0 0 0 -0.033151 0.099454 0.17025 0 0 0 0 0
0 0 0.049838 0 0 0 0 0 0 0 0 0 0 -0.0082635 0.024791 0.042438 0 0 0 0 0
0 0 0.24859 0 0 0 0 0 0 0 0 0 0 -0.041219 0.12366 0.21168 0 0 0 0 0
0 0 0.034594 0 0 0 0 0 0 0 0 0 0 -0.005736 0.017208 0.029458 0 0 0 0 0
-0 -0 -0.25702 0 0 0 0 0 0 0 0 0 0 0.042615 -0.12784 -0.21885 0 0 0 0 0
0 0 0.28317 0 0 0 0 0 0 0 0 0 0 -0.046951 0.14085 0.24112 0 0 0 0 0
0 0 0.083361 0 0 0 0 0 0 0 0 0 0 -0.013822 0.041465 0.070983 0 0 0 0 0
0 0 0.28476 0 0 0 0 0 0 0 0 0 0 -0.047215 0.14164 0.24248 0 0 0 0 0
0 0 0.27229 0 0 0 0 0 0 0 0 0 0 -0.045148 0.13544 0.23186 0 0 0 0 0
-0 -0 -0.32938 0 0 0 0 0 0 0 0 0 0 0.054613 -0.16384 -0.28047 0 0 0 0 0
0 0 0.011921 0 0 0 0 0 0 0 0 0 0 -0.0019766 0.0059299 0.010151 0 0 0 0 0
-0 -0 -0.034594 0 0 0 0 0 0 0 0 0 0 0.0057359 -0.017208 -0.029458 0 0 0 0 0
-0 -0 -0.1396 0 0 0 0 0 0 0 0 0 0 0.023146 -0.069438 -0.11887 0 0 0 0 0
-0 -0 -0.044021 0 0 0 0 0 0 0 0 0 0 0.007299 -0.021897 -0.037485 0 0 0 0 0
-0 -0 -0.12936 0 0 0 0 0 0 0 0 0 0 0.021449 -0.064347 -0.11015 0 0 0 0 0
-0 -0 -0.24686 0 0 0 0 0 0 0 0 0 0 0.040931 -0.12279 -0.21021 0 0 0 0 0
-0 -0 -0.033347 0 0 0 0 0 0 0 0 0 0 0.0055291 -0.016587 -0.028395 0 0 0 0 0
0 0 0.31064 0 0 0 0 0 0 0 0 0 0 -0.051506 0.15452 0.26452 0 0 0 0 0
0 0 0.029629 0 0 0 0 0 0 0 0 0 0 -0.0049126 0.014738 0.025229 0 0 0 0 0
-0 -0 -0.32527 0 0 0 0 0 0 0 0 0 0 0.053932 -0.16179 -0.27697 0 0 0 0 0
-0 -0 -0.10391 0 0 0 0 0 0 0 0 0 0 0.017229 -0.051688 -0.088483 0 0 0 0 0
-0 -0 -0.025121 0 0 0 0 0 0 0 0 0 0 0.0041653 -0.012496 -0.021391 0 0 0 0 0
-0 -0 -0.30271 0 0 0 0 0 0 0 0 0 0 0.050191 -0.15057 -0.25776 0 0 0 0 0
0 0 0.038439 0 0 0 0 0 0 0 0 0 0 -0.0063735 0.01912 0.032732 0 0 0 0 0
0 0 0.27245 0 0 0 0 0 0 0 0 0 0 -0.045174 0.13552 0.232 0 0 0 0 0
-0 -0 -0.21973 0 0 0 0 0 0 0 0 0 0 0.036432 -0.1093 -0.1871 0 0 0 0 0
0 0 0.0032608 0 0 0 0 0 0 0 0 0 0 -0.00054066 0.001622 0.0027766 0 0 0 0 0
0 0 0.014892 0 0 0 0 0 0 0 0 0 0 -0.0024692 0.0074075 0.012681 0 0 0 0 0
-0 -0 -0.062196 0 0 0 0 0 0 0 0 0 0 0.010312 -0.030937 -0.052961 0 0 0 0 0
0 0 0.26229 0 0 0 0 0 0 0 0 0 0 -0.043489 0.13047 0.22334 0 0 0 0 0
-0 -0 -0.046812 0 0 0 0 0 0 0 0 0 0 0.0077617 -0.023285 -0.039861 0 0 0 0 0
-0 -0 -0.10303 0 0 0 0 0 0 0 0 0 0 0.017083 -0.05125 -0.087734 0 0 0 0 0
0 0 0.19402 0 0 0 0 0 0 0 0 0 0 -0.032169 0.096507 0.16521 0 0 0 0 0
0 0 0.21405 0 0 0 0 0 0 0 0 0 0 -0.035491 0.10647 0.18227 0 0 0 0 0
-0 -0 -0.076748 0 0 0 0 0 0 0 0 0 0 0.012725 -0.038176 -0.065353 0 0 0 0 0
0 0 0.10624 0 0 0 0 0 0 0 0 0 0 -0.017616 0.052847 0.090467 0 0 0 0 0
0 0 0.24527 0 0 0 0 0 0 0 0 0 0 -0.040667 0.122 0.20885 0 0 0 0 0
-0 -0 -0.23646 0 0 0 0 0 0 0 0 0 0 0.039206 -0.11762 -0.20135 0 0 0 0 0
0 0 0.14547 0 0 0 0 0 0 0 0 0 0 -0.024119 0.072358 0.12387 0 0 0 0 0
0 0 0.069989 0 0 0 0 0 0 0 0 0 0 -0.011605 0.034814 0.059597 0 0 0 0 0
-0 -0 -0.10535 0 0 0 0 0 0 0 0 0 0 0.017467 -0.052401 -0.089705 0 0 0 0 0
-0 -0 -0.057118 0 0 0 0 0 0 0 0 0 0 0.0094705 -0.028412 -0.048637 0 0 0 0 0
0 0 0.23443 0 0 0 0 0 0 0 0 0 0 -0.038869 0.11661 0.19962 0 0 0 0 0
-0 -0 -0.11359 0 0 0 0 0 0 0 0 0 0 0.018834 -0.056503 -0.096727 0 0 0 0 0
0 0 0.30046 0 0 0 0 0 0 0 0 0 0 -0.049818 0.14945 0.25584 0 0 0 0 0
0 0 0.11127 0 0 0 0 0 0 0 0 0 0 -0.01845 0.055349 0.094751 0 0 0 0 0
0 0 0.28553 0 0 0 0 0 0 0 0 0 0 -0.047343 0.14203 0.24314 0 0 0 0 0
0 0 0.077423 0 0 0 0 0 0 0 0 0 0 -0.012837 0.038512 0.065927 0 0 0 0 0
0 0 0.089785 0 0 0 0 0 0 0 0 0 0 -0.014887 0.044661 0.076454 0 0 0 0 0
0 0 0.29267 0 0 0 0 0 0 0 0 0 0 -0.048526 0.14558 0.24921 0 0 0 0 0
-0 -0 -0.075521 0 0 0 0 0 0 0 0 0 0 0.012522 -0.037565 -0.064307 0 0 0 0 0
0 0 0.26812 0 0 0 0 0 0 0 0 0 0 -0.044456 0.13337 0.22831 0 0 0 0 0
