0 0 0.094316 0 0 0 0 0 0 0 0 0 0 -0.0069988 0.04872 0.080454 -0.0087411 0.01504 -0.0098683 0 0
-0 -0 -0.066848 0 0 0 0 0 0 0 0 0 0 0.0049606 -0.034531 -0.057024 0.0051535 -0.011095 0.0071669 0 0
-0 -0 -0.12387 0 0 0 0 0 0 0 0 0 0 0.0091922 -0.063989 -0.10567 0.0088463 -0.020802 0.013366 0 0
0 0 0.29167 0 0 0 0 0 0 0 0 0 0 -0.021644 0.15067 0.24881 -0.03226 0.043653 -0.029241 0 0
0 0 0.16823 0 0 0 0 0 0 0 0 0 0 -0.012484 0.086902 0.14351 -0.016749 0.026248 -0.017352 0 0
-0 -0 -0.15399 0 0 0 0 0 0 0 0 0 0 0.011427 -0.079544 -0.13136 0.010531 -0.026007 0.016665 0 0
-0 -0 -0.27913 0 0 0 0 0 0 0 0 0 0 0.020713 -0.14419 -0.23811 0.015526 -0.048099 0.030478 0 0
0 0 0.016067 0 0 0 0 0 0 0 0 0 0 -0.0011923 0.0082996 0.013706 -0.001369 0.0026157 -0.0017031 0 0
-0 -0 -0.25058 0 0 0 0 0 0 0 0 0 0 0.018595 -0.12944 -0.21375 0.014673 -0.043003 0.027318 0 0
-0 -0 -0.097934 0 0 0 0 0 0 0 0 0 0 0.0072673 -0.050589 -0.083541 0.0072477 -0.016361 0.010538 0 0
0 0 0.097729 0 0 0 0 0 0 0 0 0 0 -0.0072521 0.050483 0.083366 -0.0090889 0.01557 -0.010219 0 0
0 0 0.26437 0 0 0 0 0 0 0 0 0 0 -0.019618 0.13656 0.22551 -0.028607 0.039955 -0.026684 0 0
0 0 0.31277 0 0 0 0 0 0 0 0 0 0 -0.02321 0.16157 0.2668 -0.035165 0.046447 -0.031186 0 0
-0 -0 -0.23838 0 0 0 0 0 0 0 0 0 0 0.017689 -0.12314 -0.20334 0.014257 -0.040834 0.025968 0 0
0 0 0.0044203 0 0 0 0 0 0 0 0 0 0 -0.00032802 0.0022834 0.0037707 -0.00037164 0.0007217 -0.00046936 0 0
-0 -0 -0.087927 0 0 0 0 0 0 0 0 0 0 0.0065247 -0.04542 -0.075004 0.0065947 -0.014659 0.0094505 0 0
-0 -0 -0.34765 0 0 0 0 0 0 0 0 0 0 0.025797 -0.17958 -0.29655 0.016873 -0.060423 0.038058 0 0
0 0 0.038479 0 0 0 0 0 0 0 0 0 0 -0.0028554 0.019877 0.032824 -0.0033617 0.0062289 -0.0040645 0 0
0 0 0.11811 0 0 0 0 0 0 0 0 0 0 -0.0087641 0.061009 0.10075 -0.01121 0.018707 -0.012303 0 0
-0 -0 -0.12451 0 0 0 0 0 0 0 0 0 0 0.0092397 -0.064319 -0.10621 0.008884 -0.020912 0.013436 0 0
-0 -0 -0.15753 0 0 0 0 0 0 0 0 0 0 0.01169 -0.081373 -0.13438 0.010716 -0.026622 0.017053 0 0
0 0 0.16643 0 0 0 0 0 0 0 0 0 0 -0.01235 0.085974 0.14197 -0.016542 0.025982 -0.017173 0 0
0 0 0.26886 0 0 0 0 0 0 0 0 0 0 -0.019951 0.13888 0.22934 -0.0292 0.040569 -0.027107 0 0
0 0 0.2362 0 0 0 0 0 0 0 0 0 0 -0.017528 0.12201 0.20149 -0.02497 0.036048 -0.024001 0 0
-0 -0 -0.072766 0 0 0 0 0 0 0 0 0 0 0.0053997 -0.037588 -0.062072 0.0055671 -0.012092 0.007807 0 0
0 0 6.9049e-05 0 0 0 0 0 0 0 0 0 0 -5.1238e-06 3.5668e-05 5.89e-05 -5.7761e-06 1.1285e-05 -7.3365e-06 0 0
0 0 0.27832 0 0 0 0 0 0 0 0 0 0 -0.020653 0.14377 0.23741 -0.030458 0.041855 -0.027995 0 0
0 0 0.094145 0 0 0 0 0 0 0 0 0 0 -0.0069861 0.048632 0.080308 -0.0087237 0.015014 -0.0098507 0 0
0 0 0.17287 0 0 0 0 0 0 0 0 0 0 -0.012828 0.089299 0.14746 -0.017284 0.026933 -0.017813 0 0
0 0 0.051594 0 0 0 0 0 0 0 0 0 0 -0.0038286 0.026652 0.044011 -0.0045723 0.0083235 -0.0054382 0 0
-0 -0 -0.21843 0 0 0 0 0 0 0 0 0 0 0.016209 -0.11283 -0.18633 0.013509 -0.037301 0.023763 0 0
-0 -0 -0.0088833 0 0 0 0 0 0 0 0 0 0 0.00065919 -0.0045888 -0.0075777 0.00073538 -0.001455 0.00094508 0 0
-0 -0 -0.31754 0 0 0 0 0 0 0 0 0 0 0.023563 -0.16403 -0.27087 0.016403 -0.054994 0.034729 0 0
0 0 0.12473 0 0 0 0 0 0 0 0 0 0 -0.0092554 0.064429 0.10639 -0.011915 0.019717 -0.012977 0 0
0 0 0.13097 0 0 0 0 0 0 0 0 0 0 -0.0097189 0.067655 0.11172 -0.012588 0.020667 -0.01361 0 0
0 0 0.11359 0 0 0 0 0 0 0 0 0 0 -0.0084289 0.058675 0.096893 -0.010733 0.018015 -0.011843 0 0
0 0 0.21803 0 0 0 0 0 0 0 0 0 0 -0.016179 0.11262 0.18598 -0.022693 0.033478 -0.022247 0 0
-0 -0 -0.19544 0 0 0 0 0 0 0 0 0 0 0.014503 -0.10096 -0.16672 0.012545 -0.033249 0.021226 0 0
-0 -0 -0.32463 0 0 0 0 0 0 0 0 0 0 0.02409 -0.16769 -0.27692 0.016531 -0.056271 0.035513 0 0
-0 -0 -0.15645 0 0 0 0 0 0 0 0 0 0 0.011609 -0.080815 -0.13345 0.01066 -0.026434 0.016935 0 0
-0 -0 -0.25138 0 0 0 0 0 0 0 0 0 0 0.018654 -0.12985 -0.21443 0.014699 -0.043145 0.027406 0 0
0 0 0.22895 0 0 0 0 0 0 0 0 0 0 -0.01699 0.11827 0.1953 -0.024054 0.035027 -0.023303 0 0
0 0 0.25846 0 0 0 0 0 0 0 0 0 0 -0.019179 0.13351 0.22047 -0.027834 0.039143 -0.026125 0 0
0 0 0.044685 0 0 0 0 0 0 0 0 0 0 -0.0033159 0.023083 0.038118 -0.0039305 0.007222 -0.0047153 0 0
0 0 0.22759 0 0 0 0 0 0 0 0 0 0 -0.016889 0.11757 0.19414 -0.023884 0.034835 -0.023172 0 0
-0 -0 -0.029658 0 0 0 0 0 0 0 0 0 0 0.0022008 -0.01532 -0.025299 0.002395 -0.0048815 0.0031644 0 0
0 0 0.31851 0 0 0 0 0 0 0 0 0 0 -0.023636 0.16453 0.2717 -0.035967 0.047198 -0.03171 0 0
0 0 0.075204 0 0 0 0 0 0 0 0 0 0 -0.0055806 0.038847 0.064151 -0.0068338 0.012056 -0.0078952 0 0
-0 -0 -0.19615 0 0 0 0 0 0 0 0 0 0 0.014556 -0.10133 -0.16732 0.012576 -0.033374 0.021304 0 0
0 0 0.23807 0 0 0 0 0 0 0 0 0 0 -0.017666 0.12298 0.20308 -0.025206 0.036309 -0.02418 0 0
-0 -0 -0.31269 0 0 0 0 0 0 0 0 0 0 0.023203 -0.16152 -0.26673 0.016309 -0.05412 0.034192 0 0
0 0 0.0047818 0 0 0 0 0 0 0 0 0 0 -0.00035484 0.0024701 0.004079 -0.0004022 0.00078064 -0.00050772 0 0
-0 -0 -0.21461 0 0 0 0 0 0 0 0 0 0 0.015926 -0.11086 -0.18307 0.013356 -0.036626 0.023341 0 0
-0 -0 -0.099672 0 0 0 0 0 0 0 0 0 0 0.0073963 -0.051487 -0.085023 0.007359 -0.016657 0.010727 0 0
0 0 0.089064 0 0 0 0 0 0 0 0 0 0 -0.0066091 0.046007 0.075974 -0.0082102 0.014224 -0.0093275 0 0
0 0 0.086122 0 0 0 0 0 0 0 0 0 0 -0.0063908 0.044488 0.073465 -0.0079151 0.013765 -0.0090242 0 0
0 0 0.18703 0 0 0 0 0 0 0 0 0 0 -0.013879 0.096613 0.15954 -0.018942 0.029009 -0.019215 0 0
-0 -0 -0.17308 0 0 0 0 0 0 0 0 0 0 0.012843 -0.089405 -0.14764 0.011502 -0.029331 0.018763 0 0
-0 -0 -0.27634 0 0 0 0 0 0 0 0 0 0 0.020506 -0.14275 -0.23573 0.01545 -0.0476 0.030169 0 0
-0 -0 -0.29167 0 0 0 0 0 0 0 0 0 0 0.021644 -0.15066 -0.2488 0.015846 -0.050345 0.031865 0 0
0 0 0.16823 0 0 0 0 0 0 0 0 0 0 -0.012484 0.0869 0.1435 -0.016748 0.026248 -0.017352 0 0
-0 -0 -0.24666 0 0 0 0 0 0 0 0 0 0 0.018304 -0.12742 -0.21041 0.014543 -0.042306 0.026884 0 0
0 0 0.28481 0 0 0 0 0 0 0 0 0 0 -0.021135 0.14712 0.24295 -0.03133 0.042732 -0.028602 0 0
0 0 0.18739 0 0 0 0 0 0 0 0 0 0 -0.013906 0.096799 0.15985 -0.018985 0.029062 -0.01925 0 0
0 0 0.25139 0 0 0 0 0 0 0 0 0 0 -0.018655 0.12986 0.21445 -0.026915 0.038166 -0.025454 0 0
-0 -0 -0.11548 0 0 0 0 0 0 0 0 0 0 0.0085691 -0.059651 -0.098505 0.0083437 -0.01936 0.012449 0 0
0 0 0.086175 0 0 0 0 0 0 0 0 0 0 -0.0063947 0.044515 0.07351 -0.0079204 0.013773 -0.0090296 0 0
0 0 0.04024 0 0 0 0 0 0 0 0 0 0 -0.002986 0.020786 0.034325 -0.0035223 0.006511 -0.0042492 0 0
0 0 0.25223 0 0 0 0 0 0 0 0 0 0 -0.018717 0.13029 0.21516 -0.027023 0.038282 -0.025533 0 0
-0 -0 -0.079337 0 0 0 0 0 0 0 0 0 0 0.0058873 -0.040982 -0.067676 0.0060181 -0.013203 0.0085186 0 0
-0 -0 -0.29601 0 0 0 0 0 0 0 0 0 0 0.021966 -0.15291 -0.25251 0.015949 -0.051125 0.032347 0 0
-0 -0 -0.10009 0 0 0 0 0 0 0 0 0 0 0.007427 -0.051701 -0.085376 0.0073855 -0.016728 0.010772 0 0
0 0 0.063233 0 0 0 0 0 0 0 0 0 0 -0.0046923 0.032664 0.05394 -0.005674 0.01017 -0.0066521 0 0
-0 -0 -0.0070642 0 0 0 0 0 0 0 0 0 0 0.0005242 -0.0036491 -0.0060259 0.00058604 -0.0011566 0.00075135 0 0
-0 -0 -0.15733 0 0 0 0 0 0 0 0 0 0 0.011675 -0.081269 -0.1342 0.010706 -0.026587 0.017031 0 0
0 0 0.18063 0 0 0 0 0 0 0 0 0 0 -0.013404 0.093307 0.15408 -0.018188 0.028074 -0.018583 0 0
-0 -0 -0.041012 0 0 0 0 0 0 0 0 0 0 0.0030434 -0.021185 -0.034985 0.0032662 -0.006768 0.0043826 0 0
0 0 0.020081 0 0 0 0 0 0 0 0 0 0 -0.0014901 0.010373 0.01713 -0.0017188 0.0032659 -0.0021272 0 0
0 0 0.24137 0 0 0 0 0 0 0 0 0 0 -0.017911 0.12469 0.2059 -0.025628 0.036772 -0.024497 0 0
0 0 0.14962 0 0 0 0 0 0 0 0 0 0 -0.011103 0.07729 0.12763 -0.01464 0.023479 -0.015491 0 0
-0 -0 -0.27587 0 0 0 0 0 0 0 0 0 0 0.020471 -0.1425 -0.23532 0.015437 -0.047515 0.030116 0 0
-0 -0 -0.33402 0 0 0 0 0 0 0 0 0 0 0.024786 -0.17254 -0.28493 0.016684 -0.057963 0.036552 0 0
0 0 0.23946 0 0 0 0 0 0 0 0 0 0 -0.017769 0.1237 0.20427 -0.025384 0.036504 -0.024314 0 0
0 0 0.24327 0 0 0 0 0 0 0 0 0 0 -0.018052 0.12567 0.20752 -0.02587 0.037037 -0.024679 0 0
-0 -0 -0.13741 0 0 0 0 0 0 0 0 0 0 0.010196 -0.070979 -0.11721 0.009626 -0.023135 0.014847 0 0
-0 -0 -0.029014 0 0 0 0 0 0 0 0 0 0 0.002153 -0.014988 -0.02475 0.0023448 -0.0047748 0.0030955 0 0
0 0 0.33028 0 0 0 0 0 0 0 0 0 0 -0.024509 0.17061 0.28174 -0.037629 0.048723 -0.032779 0 0
0 0 0.076996 0 0 0 0 0 0 0 0 0 0 -0.0057136 0.039773 0.06568 -0.0070098 0.012337 -0.0080808 0 0
-0 -0 -0.019797 0 0 0 0 0 0 0 0 0 0 0.0014691 -0.010227 -0.016888 0.0016178 -0.0032511 0.0021095 0 0
0 0 0.2632 0 0 0 0 0 0 0 0 0 0 -0.019531 0.13596 0.22451 -0.028454 0.039794 -0.026573 0 0
-0 -0 -0.04057 0 0 0 0 0 0 0 0 0 0 0.0030105 -0.020957 -0.034607 0.0032327 -0.0066943 0.004335 0 0
-0 -0 -0.3345 0 0 0 0 0 0 0 0 0 0 0.024822 -0.17279 -0.28534 0.016691 -0.05805 0.036605 0 0
0 0 0.30078 0 0 0 0 0 0 0 0 0 0 -0.02232 0.15537 0.25658 -0.033505 0.044866 -0.030084 0 0
-0 -0 -0.050828 0 0 0 0 0 0 0 0 0 0 0.0037717 -0.026256 -0.043357 0.0039988 -0.0084062 0.0054383 0 0
0 0 0.16186 0 0 0 0 0 0 0 0 0 0 -0.012011 0.083613 0.13807 -0.01602 0.025304 -0.016717 0 0
-0 -0 -0.0183 0 0 0 0 0 0 0 0 0 0 0.001358 -0.009453 -0.01561 0.0014981 -0.0030041 0.0019495 0 0
0 0 0.0014729 0 0 0 0 0 0 0 0 0 0 -0.0001093 0.00076085 0.0012564 -0.00012341 0.00024065 -0.00015647 0 0
0 0 0.16819 0 0 0 0 0 0 0 0 0 0 -0.012481 0.08688 0.14347 -0.016744 0.026242 -0.017348 0 0
0 0 0.3326 0 0 0 0 0 0 0 0 0 0 -0.024681 0.17181 0.28372 -0.037959 0.049022 -0.032988 0 0
-0 -0 -0.20437 0 0 0 0 0 0 0 0 0 0 0.015165 -0.10557 -0.17433 0.012932 -0.03482 0.022211 0 0
