0 0 0 0.19003 0 0 0 0 0 -0 -0 0.1844 -0.022901 0.039788 0 0
0 0 0 0.01436 0 0 0 0 0 -0 -0 0.013935 -0.0017307 0.0030068 0 0
-0 -0 -0 0.068073 0 0 0 0 0 -0 -0 0.066056 -0.0082039 0.014253 0 0
-0 -0 -0 0.13282 0 0 0 0 0 -0 -0 0.12889 -0.016007 0.02781 0 0
0 0 0 0.092784 0 0 0 0 0 -0 -0 0.090036 -0.011182 0.019427 0 0
0 0 0 0.067587 0 0 0 0 0 -0 -0 0.065585 -0.0081453 0.014151 0 0
-0 -0 -0 0.18563 0 0 0 0 0 -0 -0 0.18013 -0.022372 0.038868 0 0
0 0 0 0.18408 0 0 0 0 0 -0 -0 0.17863 -0.022185 0.038543 0 0
0 0 0 0.19927 0 0 0 0 0 -0 -0 0.19337 -0.024016 0.041724 0 0
-0 -0 -0 0.17461 0 0 0 0 0 -0 -0 0.16944 -0.021043 0.036559 0 0
0 0 0 0.0098398 0 0 0 0 0 -0 -0 0.0095483 -0.0011859 0.0020602 0 0
-0 -0 -0 0.11737 0 0 0 0 0 -0 -0 0.1139 -0.014145 0.024576 0 0
0 0 0 0.038251 0 0 0 0 0 -0 -0 0.037118 -0.0046099 0.008009 0 0
0 0 0 0.07473 0 0 0 0 0 -0 -0 0.072517 -0.0090063 0.015647 0 0
-0 -0 -0 0.19423 0 0 0 0 0 -0 -0 0.18847 -0.023407 0.040667 0 0
-0 -0 -0 0.17894 0 0 0 0 0 -0 -0 0.17364 -0.021566 0.037467 0 0
-0 -0 -0 0.18257 0 0 0 0 0 -0 -0 0.17717 -0.022003 0.038227 0 0
0 0 0 0.087886 0 0 0 0 0 -0 -0 0.085282 -0.010592 0.018401 0 0
-0 -0 -0 0.041537 0 0 0 0 0 -0 -0 0.040307 -0.0050059 0.008697 0 0
0 0 0 0.1267 0 0 0 0 0 -0 -0 0.12294 -0.015269 0.026528 0 0
-0 -0 -0 0.11371 0 0 0 0 0 -0 -0 0.11034 -0.013703 0.023807 0 0
0 0 0 0.192 0 0 0 0 0 -0 -0 0.18632 -0.02314 0.040201 0 0
0 0 0 0.12876 0 0 0 0 0 -0 -0 0.12495 -0.015518 0.02696 0 0
-0 -0 -0 0.084763 0 0 0 0 0 -0 -0 0.082252 -0.010215 0.017748 0 0
-0 -0 -0 0.16938 0 0 0 0 0 -0 -0 0.16437 -0.020414 0.035465 0 0
-0 -0 -0 0.096727 0 0 0 0 0 -0 -0 0.093862 -0.011657 0.020253 0 0
0 0 0 0.12454 0 0 0 0 0 -0 -0 0.12085 -0.015009 0.026075 0 0
-0 -0 -0 0.082922 0 0 0 0 0 -0 -0 0.080466 -0.0099935 0.017362 0 0
0 0 0 0.17247 0 0 0 0 0 -0 -0 0.16736 -0.020786 0.036112 0 0
0 0 0 0.15148 0 0 0 0 0 -0 -0 0.14699 -0.018256 0.031717 0 0
0 0 0 0.09794 0 0 0 0 0 -0 -0 0.095039 -0.011803 0.020507 0 0
-0 -0 -0 0.19625 0 0 0 0 0 -0 -0 0.19044 -0.023651 0.04109 0 0
0 0 0 0.078039 0 0 0 0 0 -0 -0 0.075727 -0.009405 0.01634 0 0
-0 -0 -0 0.018849 0 0 0 0 0 -0 -0 0.018291 -0.0022716 0.0039466 0 0
-0 -0 -0 0.022635 0 0 0 0 0 -0 -0 0.021965 -0.0027279 0.0047393 0 0
-0 -0 -0 0.13974 0 0 0 0 0 -0 -0 0.1356 -0.016841 0.029258 0 0
0 0 0 0.086716 0 0 0 0 0 -0 -0 0.084147 -0.010451 0.018156 0 0
0 0 0 0.12235 0 0 0 0 0 -0 -0 0.11872 -0.014745 0.025617 0 0
0 0 0 0.19719 0 0 0 0 0 -0 -0 0.19135 -0.023765 0.041288 0 0
0 0 0 0.066578 0 0 0 0 0 -0 -0 0.064605 -0.0080237 0.01394 0 0
-0 -0 -0 0.18823 0 0 0 0 0 -0 -0 0.18266 -0.022685 0.039412 0 0
0 0 0 0.017649 0 0 0 0 0 -0 -0 0.017126 -0.002127 0.0036952 0 0
-0 -0 -0 0.059894 0 0 0 0 0 -0 -0 0.05812 -0.0072183 0.012541 0 0
-0 -0 -0 0.053082 0 0 0 0 0 -0 -0 0.05151 -0.0063973 0.011114 0 0
-0 -0 -0 0.10128 0 0 0 0 0 -0 -0 0.09828 -0.012206 0.021206 0 0
0 0 0 0.19414 0 0 0 0 0 -0 -0 0.18838 -0.023397 0.040648 0 0
-0 -0 -0 0.18811 0 0 0 0 0 -0 -0 0.18254 -0.022671 0.039387 0 0
-0 -0 -0 0.13113 0 0 0 0 0 -0 -0 0.12724 -0.015803 0.027455 0 0
-0 -0 -0 0.17295 0 0 0 0 0 -0 -0 0.16782 -0.020843 0.036211 0 0
0 0 0 0.16074 0 0 0 0 0 -0 -0 0.15597 -0.019371 0.033655 0 0
-0 -0 -0 0.012071 0 0 0 0 0 -0 -0 0.011713 -0.0014547 0.0025274 0 0
0 0 0 0.16993 0 0 0 0 0 -0 -0 0.16489 -0.020479 0.035579 0 0
-0 -0 -0 0.054428 0 0 0 0 0 -0 -0 0.052816 -0.0065595 0.011396 0 0
-0 -0 -0 0.008658 0 0 0 0 0 -0 -0 0.0084016 -0.0010434 0.0018128 0 0
-0 -0 -0 0.19777 0 0 0 0 0 -0 -0 0.19191 -0.023834 0.041408 0 0
-0 -0 -0 0.16313 0 0 0 0 0 -0 -0 0.15829 -0.019659 0.034155 0 0
0 0 0 0.070483 0 0 0 0 0 -0 -0 0.068395 -0.0084944 0.014758 0 0
-0 -0 -0 0.19008 0 0 0 0 0 -0 -0 0.18445 -0.022908 0.039799 0 0
0 0 0 0.046158 0 0 0 0 0 -0 -0 0.04479 -0.0055628 0.0096644 0 0
0 0 0 0.16893 0 0 0 0 0 -0 -0 0.16392 -0.020359 0.03537 0 0
-0 -0 -0 0.0081431 0 0 0 0 0 -0 -0 0.0079019 -0.00098139 0.001705 0 0
-0 -0 -0 0.12555 0 0 0 0 0 -0 -0 0.12183 -0.01513 0.026287 0 0
-0 -0 -0 0.029759 0 0 0 0 0 -0 -0 0.028877 -0.0035864 0.0062309 0 0
0 0 0 0.029377 0 0 0 0 0 -0 -0 0.028506 -0.0035404 0.0061508 0 0
-0 -0 -0 0.18485 0 0 0 0 0 -0 -0 0.17938 -0.022278 0.038704 0 0
0 0 0 0.026778 0 0 0 0 0 -0 -0 0.025985 -0.0032273 0.0056068 0 0
-0 -0 -0 0.04927 0 0 0 0 0 -0 -0 0.047811 -0.0059379 0.010316 0 0
0 0 0 0.1697 0 0 0 0 0 -0 -0 0.16467 -0.020452 0.035532 0 0
0 0 0 0.1412 0 0 0 0 0 -0 -0 0.13702 -0.017017 0.029565 0 0
0 0 0 0.092474 0 0 0 0 0 -0 -0 0.089734 -0.011145 0.019362 0 0
0 0 0 0.084628 0 0 0 0 0 -0 -0 0.082122 -0.010199 0.017719 0 0
0 0 0 0.1912 0 0 0 0 0 -0 -0 0.18553 -0.023043 0.040033 0 0
0 0 0 0.089937 0 0 0 0 0 -0 -0 0.087273 -0.010839 0.018831 0 0
-0 -0 -0 0.14235 0 0 0 0 0 -0 -0 0.13813 -0.017156 0.029805 0 0
0 0 0 0.11893 0 0 0 0 0 -0 -0 0.11541 -0.014333 0.024901 0 0
-0 -0 -0 0.029821 0 0 0 0 0 -0 -0 0.028937 -0.0035939 0.0062438 0 0
-0 -0 -0 0.089833 0 0 0 0 0 -0 -0 0.087172 -0.010826 0.018809 0 0
-0 -0 -0 0.092447 0 0 0 0 0 -0 -0 0.089708 -0.011141 0.019356 0 0
0 0 0 0.10348 0 0 0 0 0 -0 -0 0.10041 -0.012471 0.021666 0 0
0 0 0 0.14566 0 0 0 0 0 -0 -0 0.14134 -0.017554 0.030498 0 0
-0 -0 -0 0.16403 0 0 0 0 0 -0 -0 0.15917 -0.019769 0.034345 0 0
0 0 0 0.047664 0 0 0 0 0 -0 -0 0.046252 -0.0057443 0.0099799 0 0
0 0 0 0.08816 0 0 0 0 0 -0 -0 0.085549 -0.010625 0.018459 0 0
-0 -0 -0 0.16488 0 0 0 0 0 -0 -0 0.16 -0.019871 0.034522 0 0
-0 -0 -0 0.088614 0 0 0 0 0 -0 -0 0.085989 -0.01068 0.018554 0 0
0 0 0 0.15005 0 0 0 0 0 -0 -0 0.14561 -0.018084 0.031418 0 0
-0 -0 -0 0.17053 0 0 0 0 0 -0 -0 0.16548 -0.020552 0.035705 0 0
0 0 0 0.092053 0 0 0 0 0 -0 -0 0.089327 -0.011094 0.019274 0 0
0 0 0 0.18301 0 0 0 0 0 -0 -0 0.17759 -0.022056 0.038319 0 0
0 0 0 0.16187 0 0 0 0 0 -0 -0 0.15708 -0.019508 0.033892 0 0
-0 -0 -0 0.13115 0 0 0 0 0 -0 -0 0.12726 -0.015805 0.027459 0 0
0 0 0 0.046792 0 0 0 0 0 -0 -0 0.045406 -0.0056392 0.0097973 0 0
-0 -0 -0 0.14296 0 0 0 0 0 -0 -0 0.13872 -0.017229 0.029932 0 0
-0 -0 -0 0.012166 0 0 0 0 0 -0 -0 0.011806 -0.0014662 0.0025473 0 0
-0 -0 -0 0.14132 0 0 0 0 0 -0 -0 0.13714 -0.017032 0.02959 0 0
-0 -0 -0 0.10904 0 0 0 0 0 -0 -0 0.10581 -0.013141 0.02283 0 0
0 0 0 0.13656 0 0 0 0 0 -0 -0 0.13251 -0.016458 0.028592 0 0
-0 -0 -0 0.09187 0 0 0 0 0 -0 -0 0.089149 -0.011072 0.019236 0 0
0 0 0 0.14242 0 0 0 0 0 -0 -0 0.1382 -0.017164 0.029819 0 0
0 0 0 0.034582 0 0 0 0 0 -0 -0 0.033558 -0.0041677 0.0072407 0 0
