-0 -0 -0.09308 0 0 0 0 0 0 0 0 0 0 0.0069071 -0.048082 -0.0794 0.0084519 -0.002959 0.0025271 0 0
-0 -0 -0.29048 0 0 0 0 0 0 0 0 0 0 0.021556 -0.15005 -0.24779 0.024991 -0.011428 0.0090946 0 0
-0 -0 -0.34346 0 0 0 0 0 0 0 0 0 0 0.025487 -0.17742 -0.29298 0.029046 -0.014177 0.011112 0 0
-0 -0 -0.24188 0 0 0 0 0 0 0 0 0 0 0.017949 -0.12495 -0.20633 0.021119 -0.0090782 0.0073346 0 0
-0 -0 -0.31289 0 0 0 0 0 0 0 0 0 0 0.023218 -0.16163 -0.2669 0.026728 -0.012567 0.0099353 0 0
-0 -0 -0.094976 0 0 0 0 0 0 0 0 0 0 0.0070478 -0.049061 -0.081017 0.0086202 -0.0030264 0.0025826 0 0
0 0 0.26908 0 0 0 0 0 0 0 0 0 0 -0.019967 0.139 0.22953 -0.025958 0.004551 -0.0050141 0 0
0 0 0.037497 0 0 0 0 0 0 0 0 0 0 -0.0027825 0.01937 0.031986 -0.0034993 0.00099538 -0.00090717 0 0
-0 -0 -0.22276 0 0 0 0 0 0 0 0 0 0 0.01653 -0.11507 -0.19002 0.019557 -0.0081998 0.0066668 0 0
0 0 0.17472 0 0 0 0 0 0 0 0 0 0 -0.012965 0.090252 0.14904 -0.016667 0.0036476 -0.0036588 0 0
-0 -0 -0.14894 0 0 0 0 0 0 0 0 0 0 0.011052 -0.076937 -0.12705 0.01334 -0.0050607 0.004225 0 0
-0 -0 -0.022662 0 0 0 0 0 0 0 0 0 0 0.0016816 -0.011706 -0.019331 0.00209 -0.0006568 0.00057954 0 0
0 0 0.16137 0 0 0 0 0 0 0 0 0 0 -0.011975 0.083358 0.13765 -0.015366 0.0034589 -0.0034313 0 0
0 0 0.13711 0 0 0 0 0 0 0 0 0 0 -0.010175 0.070827 0.11696 -0.01301 0.0030773 -0.0029953 0 0
-0 -0 -0.06706 0 0 0 0 0 0 0 0 0 0 0.0049763 -0.034641 -0.057204 0.0061257 -0.0020627 0.001782 0 0
0 0 0.06739 0 0 0 0 0 0 0 0 0 0 -0.0050007 0.034811 0.057485 -0.0063227 0.0017065 -0.0015834 0 0
0 0 0.2857 0 0 0 0 0 0 0 0 0 0 -0.021201 0.14758 0.24371 -0.027607 0.0046315 -0.0052063 0 0
-0 -0 -0.030956 0 0 0 0 0 0 0 0 0 0 0.0022971 -0.01599 -0.026406 0.0028499 -0.0009075 0.00079747 0 0
-0 -0 -0.058644 0 0 0 0 0 0 0 0 0 0 0.0043517 -0.030293 -0.050025 0.0053669 -0.0017842 0.0015473 0 0
0 0 0.3095 0 0 0 0 0 0 0 0 0 0 -0.022967 0.15988 0.26401 -0.029972 0.0047057 -0.0054569 0 0
-0 -0 -0.11041 0 0 0 0 0 0 0 0 0 0 0.0081929 -0.057032 -0.09418 0.009984 -0.0035852 0.0030396 0 0
-0 -0 -0.062866 0 0 0 0 0 0 0 0 0 0 0.0046651 -0.032474 -0.053627 0.0057479 -0.0019232 0.0016646 0 0
0 0 0.18427 0 0 0 0 0 0 0 0 0 0 -0.013674 0.095186 0.15719 -0.017601 0.0037735 -0.0038162 0 0
0 0 0.3069 0 0 0 0 0 0 0 0 0 0 -0.022774 0.15853 0.2618 -0.029714 0.0046999 -0.005431 0 0
0 0 0.064357 0 0 0 0 0 0 0 0 0 0 -0.0047757 0.033244 0.054898 -0.006035 0.0016377 -0.0015167 0 0
0 0 0.20121 0 0 0 0 0 0 0 0 0 0 -0.014931 0.10394 0.17164 -0.019261 0.0039777 -0.0040844 0 0
-0 -0 -0.17833 0 0 0 0 0 0 0 0 0 0 0.013233 -0.092117 -0.15212 0.01585 -0.0062618 0.0051707 0 0
-0 -0 -0.088089 0 0 0 0 0 0 0 0 0 0 0.0065367 -0.045503 -0.075142 0.008008 -0.002783 0.0023819 0 0
-0 -0 -0.27392 0 0 0 0 0 0 0 0 0 0 0.020326 -0.1415 -0.23366 0.023688 -0.010609 0.0084848 0 0
0 0 0.2505 0 0 0 0 0 0 0 0 0 0 -0.018589 0.1294 0.21369 -0.024119 0.0044331 -0.0047827 0 0
-0 -0 -0.10607 0 0 0 0 0 0 0 0 0 0 0.0078708 -0.05479 -0.090478 0.0096015 -0.0034262 0.00291 0 0
0 0 0.3269 0 0 0 0 0 0 0 0 0 0 -0.024258 0.16886 0.27885 -0.031705 0.0047292 -0.0056218 0 0
-0 -0 -0.20145 0 0 0 0 0 0 0 0 0 0 0.014949 -0.10406 -0.17184 0.017793 -0.0072522 0.0059395 0 0
-0 -0 -0.065167 0 0 0 0 0 0 0 0 0 0 0.0048358 -0.033663 -0.05559 0.0059553 -0.0019996 0.0017289 0 0
0 0 0.24032 0 0 0 0 0 0 0 0 0 0 -0.017833 0.12414 0.205 -0.023112 0.004356 -0.0046484 0 0
-0 -0 -0.054621 0 0 0 0 0 0 0 0 0 0 0.0040532 -0.028215 -0.046593 0.0050032 -0.001653 0.0014362 0 0
-0 -0 -0.096307 0 0 0 0 0 0 0 0 0 0 0.0071466 -0.049749 -0.082153 0.0087383 -0.0030739 0.0026216 0 0
-0 -0 -0.0017372 0 0 0 0 0 0 0 0 0 0 0.00012891 -0.00089738 -0.0014819 0.0001609 -4.8883e-05 4.3599e-05 0 0
0 0 0.077042 0 0 0 0 0 0 0 0 0 0 -0.005717 0.039797 0.065719 -0.0072404 0.0019204 -0.0017928 0 0
-0 -0 -0.042923 0 0 0 0 0 0 0 0 0 0 0.0031852 -0.022172 -0.036615 0.0039417 -0.0012789 0.0011174 0 0
0 0 0.32175 0 0 0 0 0 0 0 0 0 0 -0.023876 0.16621 0.27446 -0.031192 0.0047249 -0.0055747 0 0
0 0 0.24634 0 0 0 0 0 0 0 0 0 0 -0.01828 0.12725 0.21014 -0.023707 0.0044027 -0.0047284 0 0
0 0 0.26978 0 0 0 0 0 0 0 0 0 0 -0.020019 0.13936 0.23013 -0.026027 0.0045549 -0.0050224 0 0
-0 -0 -0.056374 0 0 0 0 0 0 0 0 0 0 0.0041833 -0.02912 -0.048088 0.0051617 -0.00171 0.0014845 0 0
-0 -0 -0.33536 0 0 0 0 0 0 0 0 0 0 0.024885 -0.17323 -0.28607 0.028437 -0.013744 0.010797 0 0
-0 -0 -0.22862 0 0 0 0 0 0 0 0 0 0 0.016965 -0.1181 -0.19502 0.020038 -0.0084661 0.0068699 0 0
-0 -0 -0.04718 0 0 0 0 0 0 0 0 0 0 0.003501 -0.024371 -0.040246 0.0043286 -0.0014138 0.0012327 0 0
0 0 0.11501 0 0 0 0 0 0 0 0 0 0 -0.0085341 0.059407 0.098103 -0.010876 0.0026866 -0.002573 0 0
0 0 0.26716 0 0 0 0 0 0 0 0 0 0 -0.019825 0.138 0.22789 -0.025768 0.0045402 -0.0049909 0 0
0 0 0.011018 0 0 0 0 0 0 0 0 0 0 -0.00081757 0.0056913 0.0093983 -0.001023 0.00030433 -0.00027329 0 0
-0 -0 -0.24929 0 0 0 0 0 0 0 0 0 0 0.018499 -0.12878 -0.21265 0.021719 -0.0094257 0.0075972 0 0
0 0 0.31474 0 0 0 0 0 0 0 0 0 0 -0.023356 0.16259 0.26849 -0.030494 0.0047155 -0.0055083 0 0
0 0 0.27668 0 0 0 0 0 0 0 0 0 0 -0.020531 0.14292 0.23602 -0.026712 0.0045908 -0.0051037 0 0
0 0 0.29953 0 0 0 0 0 0 0 0 0 0 -0.022227 0.15472 0.2555 -0.028981 0.0046805 -0.0053554 0 0
0 0 0.15433 0 0 0 0 0 0 0 0 0 0 -0.011452 0.07972 0.13165 -0.01468 0.0033532 -0.0033076 0 0
0 0 0.17064 0 0 0 0 0 0 0 0 0 0 -0.012663 0.088147 0.14556 -0.016269 0.0035916 -0.0035902 0 0
0 0 0.27841 0 0 0 0 0 0 0 0 0 0 -0.02066 0.14382 0.23749 -0.026883 0.0045991 -0.0051237 0 0
-0 -0 -0.076161 0 0 0 0 0 0 0 0 0 0 0.0056516 -0.039342 -0.064968 0.0069427 -0.0023702 0.0020393 0 0
0 0 0.15082 0 0 0 0 0 0 0 0 0 0 -0.011192 0.077907 0.12865 -0.014339 0.003299 -0.0032452 0 0
0 0 0.22886 0 0 0 0 0 0 0 0 0 0 -0.016982 0.11822 0.19522 -0.021981 0.0042586 -0.004491 0 0
0 0 0.28377 0 0 0 0 0 0 0 0 0 0 -0.021058 0.14659 0.24206 -0.027416 0.0046234 -0.0051847 0 0
0 0 0.21413 0 0 0 0 0 0 0 0 0 0 -0.01589 0.11061 0.18266 -0.020531 0.0041171 -0.0042792 0 0
-0 -0 -0.26087 0 0 0 0 0 0 0 0 0 0 0.019358 -0.13475 -0.22253 0.022648 -0.0099763 0.0080115 0 0
0 0 0.048988 0 0 0 0 0 0 0 0 0 0 -0.0036352 0.025305 0.041788 -0.0045812 0.0012774 -0.0011721 0 0
0 0 0.22176 0 0 0 0 0 0 0 0 0 0 -0.016456 0.11455 0.18917 -0.021282 0.0041927 -0.0043903 0 0
-0 -0 -0.30808 0 0 0 0 0 0 0 0 0 0 0.022862 -0.15914 -0.2628 0.026358 -0.01232 0.0097536 0 0
0 0 0.34827 0 0 0 0 0 0 0 0 0 0 -0.025844 0.1799 0.29709 -0.033834 0.0047226 -0.0058031 0 0
0 0 0.27908 0 0 0 0 0 0 0 0 0 0 -0.02071 0.14416 0.23807 -0.02695 0.0046023 -0.0051314 0 0
0 0 0.32989 0 0 0 0 0 0 0 0 0 0 -0.02448 0.17041 0.28141 -0.032002 0.0047306 -0.0056486 0 0
0 0 0.029892 0 0 0 0 0 0 0 0 0 0 -0.0022182 0.015441 0.025499 -0.0027856 0.00080277 -0.00072845 0 0
0 0 0.33346 0 0 0 0 0 0 0 0 0 0 -0.024745 0.17225 0.28445 -0.032358 0.0047313 -0.00568 0 0
0 0 0.23609 0 0 0 0 0 0 0 0 0 0 -0.017519 0.12196 0.20139 -0.022695 0.0043214 -0.0045911 0 0
0 0 0.31067 0 0 0 0 0 0 0 0 0 0 -0.023054 0.16048 0.26501 -0.030089 0.0047081 -0.0054685 0 0
-0 -0 -0.29998 0 0 0 0 0 0 0 0 0 0 0.022261 -0.15496 -0.25589 0.025732 -0.011907 0.0094489 0 0
0 0 0.23684 0 0 0 0 0 0 0 0 0 0 -0.017575 0.12234 0.20203 -0.022769 0.0043276 -0.0046013 0 0
-0 -0 -0.010701 0 0 0 0 0 0 0 0 0 0 0.00079411 -0.005528 -0.0091286 0.00098937 -0.000305 0.00027077 0 0
0 0 0.2896 0 0 0 0 0 0 0 0 0 0 -0.02149 0.1496 0.24704 -0.027994 0.004647 -0.0052493 0 0
-0 -0 -0.27191 0 0 0 0 0 0 0 0 0 0 0.020178 -0.14046 -0.23195 0.023528 -0.010511 0.0084116 0 0
-0 -0 -0.091178 0 0 0 0 0 0 0 0 0 0 0.0067659 -0.047099 -0.077777 0.0082828 -0.0028917 0.0024716 0 0
-0 -0 -0.15546 0 0 0 0 0 0 0 0 0 0 0.011536 -0.080307 -0.13261 0.013901 -0.0053217 0.0044319 0 0
0 0 0.16918 0 0 0 0 0 0 0 0 0 0 -0.012554 0.087394 0.14432 -0.016127 0.0035712 -0.0035655 0 0
0 0 0.20407 0 0 0 0 0 0 0 0 0 0 -0.015143 0.10541 0.17407 -0.019542 0.0040097 -0.0041281 0 0
0 0 0.029695 0 0 0 0 0 0 0 0 0 0 -0.0022036 0.015339 0.025331 -0.0027671 0.00079772 -0.00072379 0 0
0 0 0.082666 0 0 0 0 0 0 0 0 0 0 -0.0061344 0.042702 0.070517 -0.0077764 0.0020415 -0.0019127 0 0
0 0 0.27565 0 0 0 0 0 0 0 0 0 0 -0.020455 0.14239 0.23514 -0.02661 0.0045857 -0.0050917 0 0
-0 -0 -0.34329 0 0 0 0 0 0 0 0 0 0 0.025474 -0.17733 -0.29283 0.029033 -0.014167 0.011105 0 0
-0 -0 -0.30764 0 0 0 0 0 0 0 0 0 0 0.022829 -0.15891 -0.26242 0.026324 -0.012297 0.0097367 0 0
0 0 0.1162 0 0 0 0 0 0 0 0 0 0 -0.0086228 0.060025 0.099123 -0.010991 0.0027088 -0.0025964 0 0
0 0 0.24937 0 0 0 0 0 0 0 0 0 0 -0.018504 0.12881 0.21272 -0.024006 0.004425 -0.0047679 0 0
0 0 0.26815 0 0 0 0 0 0 0 0 0 0 -0.019899 0.13852 0.22874 -0.025866 0.0045458 -0.0050029 0 0
0 0 0.2534 0 0 0 0 0 0 0 0 0 0 -0.018804 0.1309 0.21616 -0.024405 0.0044535 -0.0048199 0 0
-0 -0 -0.28057 0 0 0 0 0 0 0 0 0 0 0.02082 -0.14493 -0.23933 0.024213 -0.010935 0.0087283 0 0
0 0 0.10266 0 0 0 0 0 0 0 0 0 0 -0.0076183 0.053033 0.087576 -0.0096895 0.0024507 -0.0023269 0 0
0 0 0.1016 0 0 0 0 0 0 0 0 0 0 -0.0075394 0.052483 0.086669 -0.0095875 0.0024297 -0.0023054 0 0
0 0 0.26351 0 0 0 0 0 0 0 0 0 0 -0.019554 0.13612 0.22478 -0.025407 0.0045188 -0.0049466 0 0
0 0 0.34526 0 0 0 0 0 0 0 0 0 0 -0.025621 0.17835 0.29452 -0.033534 0.0047259 -0.005779 0 0
-0 -0 -0.17624 0 0 0 0 0 0 0 0 0 0 0.013078 -0.091037 -0.15033 0.015673 -0.0061742 0.0051023 0 0
-0 -0 -0.17198 0 0 0 0 0 0 0 0 0 0 0.012762 -0.088837 -0.1467 0.015311 -0.0059968 0.0049634 0 0
0 0 0.12668 0 0 0 0 0 0 0 0 0 0 -0.0094002 0.065436 0.10806 -0.012001 0.002898 -0.0027989 0 0
-0 -0 -0.2941 0 0 0 0 0 0 0 0 0 0 0.021824 -0.15192 -0.25088 0.025274 -0.01161 0.0092291 0 0
