0 0 0 0.097265 0 0 0 0 0 -0 -0 0.094384 -0.011722 0.020365 0 0
0 0 0 0.035356 0 0 0 0 0 -0 -0 0.034309 -0.004261 0.0074029 0 0
0 0 0 0.024397 0 0 0 0 0 -0 -0 0.023674 -0.0029402 0.0051082 0 0
-0 -0 -0 0.13558 0 0 0 0 0 -0 -0 0.13156 -0.01634 0.028387 0 0
-0 -0 -0 0.12211 0 0 0 0 0 -0 -0 0.1185 -0.014717 0.025568 0 0
-0 -0 -0 0.15709 0 0 0 0 0 -0 -0 0.15244 -0.018933 0.032892 0 0
0 0 0 0.17856 0 0 0 0 0 -0 -0 0.17327 -0.021519 0.037386 0 0
0 0 0 0.00048165 0 0 0 0 0 -0 -0 0.00046739 -5.8047e-05 0.00010085 0 0
0 0 0 0.1519 0 0 0 0 0 -0 -0 0.1474 -0.018307 0.031806 0 0
0 0 0 0.15334 0 0 0 0 0 -0 -0 0.1488 -0.01848 0.032107 0 0
0 0 0 0.070838 0 0 0 0 0 -0 -0 0.06874 -0.0085372 0.014832 0 0
0 0 0 0.12636 0 0 0 0 0 -0 -0 0.12262 -0.015228 0.026457 0 0
-0 -0 -0 0.023782 0 0 0 0 0 -0 -0 0.023078 -0.0028661 0.0049795 0 0
-0 -0 -0 0.014471 0 0 0 0 0 -0 -0 0.014043 -0.001744 0.00303 0 0
-0 -0 -0 0.093172 0 0 0 0 0 -0 -0 0.090412 -0.011229 0.019508 0 0
-0 -0 -0 0.16912 0 0 0 0 0 -0 -0 0.16411 -0.020382 0.03541 0 0
-0 -0 -0 0.17919 0 0 0 0 0 -0 -0 0.17389 -0.021596 0.037519 0 0
-0 -0 -0 0.025942 0 0 0 0 0 -0 -0 0.025173 -0.0031264 0.0054316 0 0
0 0 0 0.16161 0 0 0 0 0 -0 -0 0.15682 -0.019477 0.033837 0 0
-0 -0 -0 0.12734 0 0 0 0 0 -0 -0 0.12357 -0.015347 0.026662 0 0
-0 -0 -0 0.1126 0 0 0 0 0 -0 -0 0.10926 -0.01357 0.023575 0 0
-0 -0 -0 0.057019 0 0 0 0 0 -0 -0 0.05533 -0.0068718 0.011939 0 0
0 0 0 0.1887 0 0 0 0 0 -0 -0 0.18311 -0.022742 0.03951 0 0
-0 -0 -0 0.098373 0 0 0 0 0 -0 -0 0.095459 -0.011856 0.020597 0 0
0 0 0 0.074218 0 0 0 0 0 -0 -0 0.07202 -0.0089446 0.01554 0 0
0 0 0 0.025943 0 0 0 0 0 -0 -0 0.025175 -0.0031266 0.005432 0 0
-0 -0 -0 0.16624 0 0 0 0 0 -0 -0 0.16132 -0.020035 0.034808 0 0
0 0 0 0.03224 0 0 0 0 0 -0 -0 0.031285 -0.0038855 0.0067504 0 0
-0 -0 -0 0.026178 0 0 0 0 0 -0 -0 0.025402 -0.0031549 0.0054811 0 0
-0 -0 -0 0.01729 0 0 0 0 0 -0 -0 0.016778 -0.0020837 0.0036202 0 0
0 0 0 0.083351 0 0 0 0 0 -0 -0 0.080882 -0.010045 0.017452 0 0
-0 -0 -0 0.0052565 0 0 0 0 0 -0 -0 0.0051008 -0.0006335 0.0011006 0 0
-0 -0 -0 0.097787 0 0 0 0 0 -0 -0 0.09489 -0.011785 0.020474 0 0
-0 -0 -0 0.13133 0 0 0 0 0 -0 -0 0.12744 -0.015828 0.027498 0 0
0 0 0 0.14745 0 0 0 0 0 -0 -0 0.14308 -0.01777 0.030873 0 0
0 0 0 0.11929 0 0 0 0 0 -0 -0 0.11576 -0.014377 0.024977 0 0
0 0 0 0.076729 0 0 0 0 0 -0 -0 0.074456 -0.0092471 0.016065 0 0
0 0 0 0.086342 0 0 0 0 0 -0 -0 0.083785 -0.010406 0.018078 0 0
-0 -0 -0 0.042539 0 0 0 0 0 -0 -0 0.041279 -0.0051266 0.0089067 0 0
-0 -0 -0 0.11943 0 0 0 0 0 -0 -0 0.1159 -0.014394 0.025007 0 0
-0 -0 -0 0.031163 0 0 0 0 0 -0 -0 0.03024 -0.0037556 0.0065248 0 0
0 0 0 0.19205 0 0 0 0 0 -0 -0 0.18637 -0.023146 0.040212 0 0
-0 -0 -0 0.049272 0 0 0 0 0 -0 -0 0.047812 -0.0059381 0.010316 0 0
0 0 0 0.15077 0 0 0 0 0 -0 -0 0.14631 -0.018171 0.031569 0 0
0 0 0 0.17644 0 0 0 0 0 -0 -0 0.17122 -0.021264 0.036943 0 0
-0 -0 -0 0.066829 0 0 0 0 0 -0 -0 0.06485 -0.0080541 0.013993 0 0
0 0 0 0.16156 0 0 0 0 0 -0 -0 0.15677 -0.019471 0.033827 0 0
-0 -0 -0 0.13632 0 0 0 0 0 -0 -0 0.13228 -0.016428 0.028542 0 0
-0 -0 -0 0.15502 0 0 0 0 0 -0 -0 0.15043 -0.018683 0.032458 0 0
-0 -0 -0 0.14168 0 0 0 0 0 -0 -0 0.13748 -0.017075 0.029665 0 0
0 0 0 0.17656 0 0 0 0 0 -0 -0 0.17133 -0.021279 0.036968 0 0
0 0 0 0.076348 0 0 0 0 0 -0 -0 0.074087 -0.0092012 0.015986 0 0
-0 -0 -0 0.13055 0 0 0 0 0 -0 -0 0.12668 -0.015733 0.027333 0 0
-0 -0 -0 0.16067 0 0 0 0 0 -0 -0 0.15591 -0.019364 0.033641 0 0
0 0 0 0.17026 0 0 0 0 0 -0 -0 0.16521 -0.020519 0.035648 0 0
0 0 0 0.13706 0 0 0 0 0 -0 -0 0.133 -0.016518 0.028697 0 0
-0 -0 -0 0.088887 0 0 0 0 0 -0 -0 0.086254 -0.010712 0.018611 0 0
-0 -0 -0 0.083761 0 0 0 0 0 -0 -0 0.08128 -0.010095 0.017538 0 0
0 0 0 0.15942 0 0 0 0 0 -0 -0 0.1547 -0.019213 0.03338 0 0
-0 -0 -0 0.091594 0 0 0 0 0 -0 -0 0.088881 -0.011039 0.019178 0 0
0 0 0 0.010265 0 0 0 0 0 -0 -0 0.0099612 -0.0012371 0.0021493 0 0
-0 -0 -0 0.16008 0 0 0 0 0 -0 -0 0.15534 -0.019293 0.033518 0 0
0 0 0 0.020643 0 0 0 0 0 -0 -0 0.020032 -0.0024878 0.0043222 0 0
-0 -0 -0 0.15162 0 0 0 0 0 -0 -0 0.14713 -0.018273 0.031746 0 0
0 0 0 0.0286 0 0 0 0 0 -0 -0 0.027753 -0.0034468 0.0059883 0 0
0 0 0 0.14245 0 0 0 0 0 -0 -0 0.13823 -0.017167 0.029825 0 0
-0 -0 -0 0.14722 0 0 0 0 0 -0 -0 0.14286 -0.017743 0.030825 0 0
0 0 0 0.012191 0 0 0 0 0 -0 -0 0.01183 -0.0014692 0.0025525 0 0
0 0 0 0.060938 0 0 0 0 0 -0 -0 0.059133 -0.0073441 0.012759 0 0
-0 -0 -0 0.015423 0 0 0 0 0 -0 -0 0.014966 -0.0018588 0.0032293 0 0
0 0 0 0.11961 0 0 0 0 0 -0 -0 0.11607 -0.014415 0.025043 0 0
-0 -0 -0 0.037598 0 0 0 0 0 -0 -0 0.036484 -0.0045312 0.0078722 0 0
-0 -0 -0 0.1966 0 0 0 0 0 -0 -0 0.19078 -0.023694 0.041165 0 0
-0 -0 -0 0.13875 0 0 0 0 0 -0 -0 0.13464 -0.016722 0.029052 0 0
0 0 0 0.06632 0 0 0 0 0 -0 -0 0.064356 -0.0079927 0.013886 0 0
-0 -0 -0 0.11008 0 0 0 0 0 -0 -0 0.10682 -0.013266 0.023047 0 0
0 0 0 0.1591 0 0 0 0 0 -0 -0 0.15438 -0.019174 0.033311 0 0
-0 -0 -0 0.083493 0 0 0 0 0 -0 -0 0.08102 -0.010062 0.017482 0 0
0 0 0 0.16534 0 0 0 0 0 -0 -0 0.16044 -0.019926 0.034618 0 0
0 0 0 0.1589 0 0 0 0 0 -0 -0 0.1542 -0.019151 0.033271 0 0
0 0 0 0.183 0 0 0 0 0 -0 -0 0.17758 -0.022054 0.038316 0 0
0 0 0 0.11524 0 0 0 0 0 -0 -0 0.11182 -0.013888 0.024128 0 0
-0 -0 -0 0.11425 0 0 0 0 0 -0 -0 0.11087 -0.01377 0.023922 0 0
0 0 0 0.18353 0 0 0 0 0 -0 -0 0.17809 -0.022118 0.038427 0 0
0 0 0 0.18679 0 0 0 0 0 -0 -0 0.18126 -0.022511 0.03911 0 0
-0 -0 -0 0.1697 0 0 0 0 0 -0 -0 0.16467 -0.020451 0.035531 0 0
-0 -0 -0 0.16552 0 0 0 0 0 -0 -0 0.16062 -0.019949 0.034657 0 0
-0 -0 -0 0.022241 0 0 0 0 0 -0 -0 0.021582 -0.0026804 0.0046567 0 0
0 0 0 0.083277 0 0 0 0 0 -0 -0 0.08081 -0.010036 0.017436 0 0
-0 -0 -0 0.022575 0 0 0 0 0 -0 -0 0.021906 -0.0027206 0.0047267 0 0
-0 -0 -0 0.12779 0 0 0 0 0 -0 -0 0.12401 -0.015401 0.026757 0 0
-0 -0 -0 0.17072 0 0 0 0 0 -0 -0 0.16566 -0.020574 0.035744 0 0
0 0 0 0.083605 0 0 0 0 0 -0 -0 0.081129 -0.010076 0.017505 0 0
-0 -0 -0 0.011459 0 0 0 0 0 -0 -0 0.01112 -0.001381 0.0023993 0 0
0 0 0 0.15385 0 0 0 0 0 -0 -0 0.14929 -0.018541 0.032213 0 0
0 0 0 0.028143 0 0 0 0 0 -0 -0 0.02731 -0.0033917 0.0058926 0 0
-0 -0 -0 0.1459 0 0 0 0 0 -0 -0 0.14157 -0.017583 0.030548 0 0
0 0 0 0.11091 0 0 0 0 0 -0 -0 0.10762 -0.013366 0.023221 0 0
0 0 0 0.075523 0 0 0 0 0 -0 -0 0.073286 -0.0091018 0.015813 0 0
-0 -0 -0 0.114 0 0 0 0 0 -0 -0 0.11062 -0.013739 0.023869 0 0
