0 0 0.13888 0 0 0 0 0 0 0 0 0 0 -0.010306 0.07174 0.11847 -0.019772 0.0046602 -0.004542 0 0
0 0 0.28054 0 0 0 0 0 0 0 0 0 0 -0.020818 0.14492 0.23931 -0.040643 0.0069136 -0.0077222 0 0
-0 -0 -0.04549 0 0 0 0 0 0 0 0 0 0 0.0033756 -0.023498 -0.038804 0.0062626 -0.0020401 0.0017802 0 0
0 0 0.043969 0 0 0 0 0 0 0 0 0 0 -0.0032628 0.022713 0.037507 -0.0061622 0.0017334 -0.0015857 0 0
0 0 0.044595 0 0 0 0 0 0 0 0 0 0 -0.0033092 0.023036 0.038041 -0.0062507 0.0017563 -0.0016073 0 0
0 0 0.29811 0 0 0 0 0 0 0 0 0 0 -0.022121 0.15399 0.25429 -0.043259 0.0070143 -0.0080108 0 0
-0 -0 -0.1222 0 0 0 0 0 0 0 0 0 0 0.0090683 -0.063126 -0.10424 0.016529 -0.0060373 0.0050938 0 0
0 0 0.32514 0 0 0 0 0 0 0 0 0 0 -0.024128 0.16796 0.27736 -0.047294 0.007092 -0.0084088 0 0
0 0 0.092032 0 0 0 0 0 0 0 0 0 0 -0.0068293 0.04754 0.078505 -0.013006 0.0033558 -0.0031636 0 0
0 0 0.24421 0 0 0 0 0 0 0 0 0 0 -0.018122 0.12615 0.20831 -0.035244 0.0065797 -0.0070504 0 0
0 0 0.076805 0 0 0 0 0 0 0 0 0 0 -0.0056994 0.039675 0.065517 -0.010827 0.0028728 -0.0026815 0 0
-0 -0 -0.091533 0 0 0 0 0 0 0 0 0 0 0.0067923 -0.047282 -0.07808 0.012472 -0.0043564 0.003723 0 0
-0 -0 -0.16909 0 0 0 0 0 0 0 0 0 0 0.012548 -0.087348 -0.14424 0.022599 -0.0088161 0.0073047 0 0
0 0 0.068221 0 0 0 0 0 0 0 0 0 0 -0.0050624 0.03524 0.058194 -0.0096025 0.0025878 -0.0024024 0 0
0 0 0.056773 0 0 0 0 0 0 0 0 0 0 -0.0042129 0.029327 0.048429 -0.0079751 0.0021935 -0.0020221 0 0
-0 -0 -0.32407 0 0 0 0 0 0 0 0 0 0 0.024048 -0.1674 -0.27644 0.041374 -0.019723 0.015543 0 0
-0 -0 -0.14387 0 0 0 0 0 0 0 0 0 0 0.010676 -0.074316 -0.12272 0.019354 -0.0072899 0.0060981 0 0
0 0 0.15733 0 0 0 0 0 0 0 0 0 0 -0.011675 0.081269 0.1342 -0.022458 0.0050981 -0.0050409 0 0
-0 -0 -0.1992 0 0 0 0 0 0 0 0 0 0 0.014782 -0.1029 -0.16992 0.026407 -0.010731 0.0087955 0 0
-0 -0 -0.2359 0 0 0 0 0 0 0 0 0 0 0.017505 -0.12186 -0.20123 0.030949 -0.013201 0.010686 0 0
-0 -0 -0.27961 0 0 0 0 0 0 0 0 0 0 0.020749 -0.14444 -0.23852 0.036206 -0.016332 0.01304 0 0
0 0 0.30801 0 0 0 0 0 0 0 0 0 0 -0.022856 0.1591 0.26274 -0.044736 0.0070536 -0.0081631 0 0
0 0 0.16638 0 0 0 0 0 0 0 0 0 0 -0.012346 0.085944 0.14192 -0.02378 0.0052971 -0.0052764 0 0
0 0 0.13853 0 0 0 0 0 0 0 0 0 0 -0.01028 0.071561 0.11817 -0.019721 0.0046515 -0.0045324 0 0
0 0 0.17181 0 0 0 0 0 0 0 0 0 0 -0.012749 0.088751 0.14656 -0.024575 0.0054117 -0.005415 0 0
0 0 0.21657 0 0 0 0 0 0 0 0 0 0 -0.016071 0.11187 0.18474 -0.031156 0.0062127 -0.0064725 0 0
0 0 0.28708 0 0 0 0 0 0 0 0 0 0 -0.021303 0.14829 0.24489 -0.041616 0.0069557 -0.0078324 0 0
0 0 0.27135 0 0 0 0 0 0 0 0 0 0 -0.020136 0.14017 0.23147 -0.039275 0.0068452 -0.0075618 0 0
-0 -0 -0.15713 0 0 0 0 0 0 0 0 0 0 0.01166 -0.081167 -0.13404 0.021066 -0.0080833 0.0067275 0 0
-0 -0 -0.28226 0 0 0 0 0 0 0 0 0 0 0.020945 -0.14581 -0.24078 0.036519 -0.016529 0.013186 0 0
0 0 0.0088325 0 0 0 0 0 0 0 0 0 0 -0.00065543 0.0045626 0.0075344 -0.0012297 0.00036714 -0.0003293 0 0
0 0 0.20857 0 0 0 0 0 0 0 0 0 0 -0.015477 0.10774 0.17792 -0.029976 0.0060882 -0.0062944 0 0
-0 -0 -0.054083 0 0 0 0 0 0 0 0 0 0 0.0040133 -0.027937 -0.046134 0.0074317 -0.0024534 0.0021322 0 0
-0 -0 -0.16597 0 0 0 0 0 0 0 0 0 0 0.012316 -0.085734 -0.14158 0.0222 -0.0086232 0.0071531 0 0
-0 -0 -0.055647 0 0 0 0 0 0 0 0 0 0 0.0041294 -0.028745 -0.047469 0.007644 -0.0025295 0.0021968 0 0
-0 -0 -0.25618 0 0 0 0 0 0 0 0 0 0 0.01901 -0.13233 -0.21853 0.033409 -0.014628 0.011764 0 0
0 0 0.17257 0 0 0 0 0 0 0 0 0 0 -0.012806 0.089146 0.14721 -0.024687 0.0054275 -0.0054343 0 0
0 0 0.051299 0 0 0 0 0 0 0 0 0 0 -0.0038067 0.026499 0.043759 -0.007199 0.0019993 -0.0018369 0 0
0 0 0.30622 0 0 0 0 0 0 0 0 0 0 -0.022724 0.15818 0.26122 -0.04447 0.0070475 -0.0081362 0 0
-0 -0 -0.15815 0 0 0 0 0 0 0 0 0 0 0.011736 -0.081694 -0.13491 0.021197 -0.0081451 0.0067763 0 0
-0 -0 -0.23992 0 0 0 0 0 0 0 0 0 0 0.017804 -0.12393 -0.20466 0.03144 -0.01348 0.010898 0 0
0 0 0.25523 0 0 0 0 0 0 0 0 0 0 -0.01894 0.13184 0.21772 -0.03688 0.0066989 -0.0072648 0 0
0 0 0.10763 0 0 0 0 0 0 0 0 0 0 -0.0079865 0.055595 0.091808 -0.015249 0.0038205 -0.0036401 0 0
-0 -0 -0.26212 0 0 0 0 0 0 0 0 0 0 0.019451 -0.1354 -0.2236 0.034124 -0.015055 0.012085 0 0
0 0 0.13311 0 0 0 0 0 0 0 0 0 0 -0.0098775 0.068759 0.11355 -0.018934 0.0045144 -0.0043809 0 0
-0 -0 -0.085859 0 0 0 0 0 0 0 0 0 0 0.0063712 -0.044351 -0.07324 0.011714 -0.0040574 0.0034761 0 0
0 0 0.16371 0 0 0 0 0 0 0 0 0 0 -0.012149 0.084569 0.13965 -0.023391 0.0052396 -0.0052077 0 0
-0 -0 -0.25892 0 0 0 0 0 0 0 0 0 0 0.019213 -0.13375 -0.22087 0.033739 -0.014825 0.011912 0 0
-0 -0 -0.032539 0 0 0 0 0 0 0 0 0 0 0.0024146 -0.016809 -0.027757 0.0044921 -0.001434 0.0012592 0 0
-0 -0 -0.11994 0 0 0 0 0 0 0 0 0 0 0.0088999 -0.061954 -0.10231 0.016231 -0.0059092 0.0049904 0 0
0 0 0.045576 0 0 0 0 0 0 0 0 0 0 -0.003382 0.023543 0.038878 -0.0063893 0.0017922 -0.0016411 0 0
-0 -0 -0.18543 0 0 0 0 0 0 0 0 0 0 0.01376 -0.095784 -0.15817 0.024674 -0.0098423 0.0081066 0 0
0 0 0.042566 0 0 0 0 0 0 0 0 0 0 -0.0031586 0.021988 0.03631 -0.005964 0.0016817 -0.0015372 0 0
-0 -0 -0.12158 0 0 0 0 0 0 0 0 0 0 0.0090219 -0.062803 -0.10371 0.016447 -0.006002 0.0050653 0 0
-0 -0 -0.052548 0 0 0 0 0 0 0 0 0 0 0.0038994 -0.027144 -0.044825 0.0072232 -0.0023789 0.0020689 0 0
0 0 0.05822 0 0 0 0 0 0 0 0 0 0 -0.0043202 0.030074 0.049663 -0.0081804 0.0022443 -0.0020707 0 0
0 0 0.18021 0 0 0 0 0 0 0 0 0 0 -0.013373 0.093089 0.15372 -0.025806 0.0055814 -0.0056248 0 0
-0 -0 -0.30193 0 0 0 0 0 0 0 0 0 0 0.022405 -0.15596 -0.25755 0.038823 -0.018009 0.014283 0 0
0 0 0.11992 0 0 0 0 0 0 0 0 0 0 -0.0088987 0.061945 0.10229 -0.017023 0.0041654 -0.0040033 0 0
0 0 0.12406 0 0 0 0 0 0 0 0 0 0 -0.0092063 0.064087 0.10583 -0.017623 0.0042774 -0.0041233 0 0
0 0 0.04722 0 0 0 0 0 0 0 0 0 0 -0.003504 0.024392 0.04028 -0.0066218 0.0018521 -0.0016976 0 0
0 0 0.023229 0 0 0 0 0 0 0 0 0 0 -0.0017237 0.011999 0.019815 -0.0032429 0.00094519 -0.00085448 0 0
-0 -0 -0.14249 0 0 0 0 0 0 0 0 0 0 0.010574 -0.073605 -0.12155 0.019175 -0.0072087 0.0060334 0 0
0 0 0.33164 0 0 0 0 0 0 0 0 0 0 -0.024609 0.17131 0.28289 -0.048264 0.0070966 -0.0084961 0 0
0 0 0.22868 0 0 0 0 0 0 0 0 0 0 -0.016969 0.11813 0.19507 -0.032945 0.0063854 -0.0067327 0 0
-0 -0 -0.18564 0 0 0 0 0 0 0 0 0 0 0.013776 -0.095897 -0.15836 0.024702 -0.0098563 0.0081175 0 0
0 0 0.20159 0 0 0 0 0 0 0 0 0 0 -0.014959 0.10413 0.17196 -0.028947 0.0059729 -0.0061351 0 0
0 0 0.037559 0 0 0 0 0 0 0 0 0 0 -0.0027871 0.019402 0.032039 -0.0052576 0.0014954 -0.0013629 0 0
0 0 0.078059 0 0 0 0 0 0 0 0 0 0 -0.0057924 0.040322 0.066586 -0.011006 0.0029137 -0.0027218 0 0
0 0 0.0043837 0 0 0 0 0 0 0 0 0 0 -0.0003253 0.0022645 0.0037394 -0.00060977 0.0001834 -0.00016411 0 0
-0 -0 -0.23257 0 0 0 0 0 0 0 0 0 0 0.017258 -0.12014 -0.19839 0.030542 -0.012971 0.010511 0 0
-0 -0 -0.14929 0 0 0 0 0 0 0 0 0 0 0.011078 -0.077117 -0.12735 0.020055 -0.0076119 0.0063541 0 0
0 0 0.17464 0 0 0 0 0 0 0 0 0 0 -0.012959 0.090213 0.14897 -0.024989 0.0054699 -0.0054862 0 0
-0 -0 -0.19607 0 0 0 0 0 0 0 0 0 0 0.01455 -0.10128 -0.16726 0.026015 -0.010527 0.0086381 0 0
-0 -0 -0.11794 0 0 0 0 0 0 0 0 0 0 0.0087516 -0.060922 -0.1006 0.015968 -0.0057969 0.0048995 0 0
-0 -0 -0.084677 0 0 0 0 0 0 0 0 0 0 0.0062835 -0.043741 -0.072232 0.011556 -0.0039956 0.0034249 0 0
0 0 0.077744 0 0 0 0 0 0 0 0 0 0 -0.0057691 0.04016 0.066318 -0.010961 0.0029034 -0.0027117 0 0
0 0 0.2419 0 0 0 0 0 0 0 0 0 0 -0.01795 0.12496 0.20635 -0.034903 0.0065528 -0.0070044 0 0
0 0 0.18739 0 0 0 0 0 0 0 0 0 0 -0.013905 0.096797 0.15985 -0.026859 0.0057193 -0.0057999 0 0
0 0 0.065157 0 0 0 0 0 0 0 0 0 0 -0.0048351 0.033658 0.055581 -0.0091664 0.0024839 -0.0023016 0 0
-0 -0 -0.15967 0 0 0 0 0 0 0 0 0 0 0.011849 -0.082481 -0.13621 0.021393 -0.0082377 0.0068495 0 0
-0 -0 -0.039268 0 0 0 0 0 0 0 0 0 0 0.0029139 -0.020285 -0.033497 0.0054133 -0.0017464 0.0015285 0 0
0 0 0.2149 0 0 0 0 0 0 0 0 0 0 -0.015947 0.11101 0.18331 -0.030909 0.0061873 -0.0064356 0 0
-0 -0 -0.074278 0 0 0 0 0 0 0 0 0 0 0.0055119 -0.038369 -0.063361 0.010161 -0.003459 0.0029786 0 0
0 0 0.28247 0 0 0 0 0 0 0 0 0 0 -0.020961 0.14591 0.24095 -0.040929 0.0069266 -0.007755 0 0
0 0 0.28939 0 0 0 0 0 0 0 0 0 0 -0.021475 0.14949 0.24686 -0.04196 0.0069693 -0.0078705 0 0
0 0 0.047963 0 0 0 0 0 0 0 0 0 0 -0.0035591 0.024776 0.040914 -0.0067268 0.0018791 -0.0017231 0 0
0 0 0.19774 0 0 0 0 0 0 0 0 0 0 -0.014673 0.10214 0.16868 -0.028381 0.0059067 -0.0060458 0 0
-0 -0 -0.27074 0 0 0 0 0 0 0 0 0 0 0.02009 -0.13985 -0.23095 0.035153 -0.01568 0.012553 0 0
-0 -0 -0.058638 0 0 0 0 0 0 0 0 0 0 0.0043513 -0.03029 -0.05002 0.0080495 -0.002676 0.0023207 0 0
0 0 0.040329 0 0 0 0 0 0 0 0 0 0 -0.0029926 0.020832 0.034401 -0.0056482 0.0015988 -0.0014595 0 0
-0 -0 -0.29776 0 0 0 0 0 0 0 0 0 0 0.022096 -0.15381 -0.254 0.038338 -0.017692 0.014049 0 0
0 0 0.25754 0 0 0 0 0 0 0 0 0 0 -0.019111 0.13304 0.21969 -0.037223 0.0067219 -0.0073086 0 0
0 0 0.010412 0 0 0 0 0 0 0 0 0 0 -0.00077265 0.0053785 0.0088819 -0.00145 0.0004318 -0.00038762 0 0
0 0 0.10157 0 0 0 0 0 0 0 0 0 0 -0.0075371 0.052467 0.086642 -0.014377 0.0036437 -0.0034571 0 0
0 0 0.30963 0 0 0 0 0 0 0 0 0 0 -0.022977 0.15995 0.26413 -0.044979 0.0070589 -0.0081874 0 0
-0 -0 -0.17455 0 0 0 0 0 0 0 0 0 0 0.012953 -0.090166 -0.1489 0.023295 -0.0091556 0.0075707 0 0
0 0 0.079624 0 0 0 0 0 0 0 0 0 0 -0.0059086 0.041131 0.067921 -0.011229 0.0029644 -0.002772 0 0
0 0 0.088196 0 0 0 0 0 0 0 0 0 0 -0.0065447 0.045559 0.075233 -0.012456 0.0032369 -0.0030437 0 0
0 0 0.12524 0 0 0 0 0 0 0 0 0 0 -0.0092937 0.064695 0.10683 -0.017794 0.0043089 -0.0041572 0 0
