0 0 0 0.077902 0 0 0 0 0 -0 -0 0.075594 -0.0093885 0.016311 0 0
-0 -0 -0 0.045715 0 0 0 0 0 -0 -0 0.044361 -0.0055094 0.0095717 0 0
0 0 0 0.071426 0 0 0 0 0 -0 -0 0.06931 -0.008608 0.014955 0 0
0 0 0 0.020738 0 0 0 0 0 -0 -0 0.020123 -0.0024992 0.004342 0 0
0 0 0 0.073377 0 0 0 0 0 -0 -0 0.071203 -0.0088431 0.015364 0 0
0 0 0 0.097611 0 0 0 0 0 -0 -0 0.09472 -0.011764 0.020438 0 0
0 0 0 0.026316 0 0 0 0 0 -0 -0 0.025536 -0.0031715 0.0055099 0 0
-0 -0 -0 0.15268 0 0 0 0 0 -0 -0 0.14816 -0.0184 0.031968 0 0
0 0 0 0.18294 0 0 0 0 0 -0 -0 0.17752 -0.022047 0.038303 0 0
-0 -0 -0 0.10815 0 0 0 0 0 -0 -0 0.10495 -0.013034 0.022644 0 0
0 0 0 0.010113 0 0 0 0 0 -0 -0 0.0098135 -0.0012188 0.0021175 0 0
-0 -0 -0 0.12109 0 0 0 0 0 -0 -0 0.1175 -0.014593 0.025353 0 0
0 0 0 0.14856 0 0 0 0 0 -0 -0 0.14416 -0.017904 0.031105 0 0
-0 -0 -0 0.062238 0 0 0 0 0 -0 -0 0.060394 -0.0075007 0.013031 0 0
-0 -0 -0 0.027882 0 0 0 0 0 -0 -0 0.027056 -0.0033603 0.005838 0 0
-0 -0 -0 0.13984 0 0 0 0 0 -0 -0 0.1357 -0.016853 0.02928 0 0
0 0 0 0.033522 0 0 0 0 0 -0 -0 0.032529 -0.0040399 0.0070187 0 0
-0 -0 -0 0.080587 0 0 0 0 0 -0 -0 0.0782 -0.0097121 0.016873 0 0
-0 -0 -0 0.11093 0 0 0 0 0 -0 -0 0.10764 -0.013369 0.023226 0 0
0 0 0 0.034557 0 0 0 0 0 -0 -0 0.033534 -0.0041647 0.0072355 0 0
-0 -0 -0 0.00836 0 0 0 0 0 -0 -0 0.0081123 -0.0010075 0.0017504 0 0
0 0 0 0.031568 0 0 0 0 0 -0 -0 0.030633 -0.0038044 0.0066096 0 0
-0 -0 -0 0.1677 0 0 0 0 0 -0 -0 0.16273 -0.02021 0.035112 0 0
0 0 0 0.11679 0 0 0 0 0 -0 -0 0.11333 -0.014075 0.024453 0 0
0 0 0 0.036335 0 0 0 0 0 -0 -0 0.035259 -0.004379 0.0076078 0 0
-0 -0 -0 0.08303 0 0 0 0 0 -0 -0 0.080571 -0.010007 0.017385 0 0
0 0 0 0.10927 0 0 0 0 0 -0 -0 0.10603 -0.013168 0.022878 0 0
0 0 0 0.17317 0 0 0 0 0 -0 -0 0.16804 -0.02087 0.036258 0 0
-0 -0 -0 0.055789 0 0 0 0 0 -0 -0 0.054137 -0.0067236 0.011681 0 0
-0 -0 -0 0.14123 0 0 0 0 0 -0 -0 0.13705 -0.017021 0.029572 0 0
0 0 0 0.19081 0 0 0 0 0 -0 -0 0.18516 -0.022996 0.039953 0 0
-0 -0 -0 0.17177 0 0 0 0 0 -0 -0 0.16668 -0.020701 0.035964 0 0
-0 -0 -0 0.019682 0 0 0 0 0 -0 -0 0.019099 -0.002372 0.004121 0 0
-0 -0 -0 0.16175 0 0 0 0 0 -0 -0 0.15696 -0.019494 0.033868 0 0
0 0 0 0.07279 0 0 0 0 0 -0 -0 0.070634 -0.0087724 0.015241 0 0
-0 -0 -0 0.14447 0 0 0 0 0 -0 -0 0.14019 -0.017412 0.03025 0 0
0 0 0 0.029806 0 0 0 0 0 -0 -0 0.028923 -0.0035921 0.0062407 0 0
0 0 0 0.13866 0 0 0 0 0 -0 -0 0.13456 -0.016711 0.029033 0 0
0 0 0 0.053221 0 0 0 0 0 -0 -0 0.051645 -0.006414 0.011143 0 0
-0 -0 -0 0.086455 0 0 0 0 0 -0 -0 0.083894 -0.010419 0.018102 0 0
0 0 0 0.042208 0 0 0 0 0 -0 -0 0.040958 -0.0050868 0.0088375 0 0
0 0 0 0.065349 0 0 0 0 0 -0 -0 0.063413 -0.0078756 0.013683 0 0
0 0 0 0.019831 0 0 0 0 0 -0 -0 0.019244 -0.00239 0.0041522 0 0
-0 -0 -0 0.0074193 0 0 0 0 0 -0 -0 0.0071996 -0.00089416 0.0015535 0 0
0 0 0 0.14348 0 0 0 0 0 -0 -0 0.13923 -0.017292 0.030042 0 0
-0 -0 -0 0.047694 0 0 0 0 0 -0 -0 0.046281 -0.0057479 0.0099861 0 0
0 0 0 0.11049 0 0 0 0 0 -0 -0 0.10722 -0.013316 0.023135 0 0
0 0 0 0.062474 0 0 0 0 0 -0 -0 0.060624 -0.0075292 0.013081 0 0
0 0 0 0.12906 0 0 0 0 0 -0 -0 0.12523 -0.015554 0.027022 0 0
-0 -0 -0 0.045762 0 0 0 0 0 -0 -0 0.044407 -0.0055151 0.0095817 0 0
0 0 0 0.062299 0 0 0 0 0 -0 -0 0.060454 -0.0075081 0.013044 0 0
0 0 0 0.10271 0 0 0 0 0 -0 -0 0.099664 -0.012378 0.021504 0 0
0 0 0 0.18234 0 0 0 0 0 -0 -0 0.17694 -0.021976 0.038179 0 0
-0 -0 -0 0.18333 0 0 0 0 0 -0 -0 0.1779 -0.022095 0.038386 0 0
-0 -0 -0 0.030159 0 0 0 0 0 -0 -0 0.029266 -0.0036347 0.0063147 0 0
-0 -0 -0 0.14901 0 0 0 0 0 -0 -0 0.1446 -0.017959 0.0312 0 0
0 0 0 0.0032333 0 0 0 0 0 -0 -0 0.0031375 -0.00038967 0.00067699 0 0
-0 -0 -0 0.02294 0 0 0 0 0 -0 -0 0.022261 -0.0027647 0.0048033 0 0
0 0 0 0.11981 0 0 0 0 0 -0 -0 0.11626 -0.014439 0.025085 0 0
-0 -0 -0 0.11779 0 0 0 0 0 -0 -0 0.1143 -0.014196 0.024663 0 0
-0 -0 -0 0.042185 0 0 0 0 0 -0 -0 0.040936 -0.005084 0.0088327 0 0
0 0 0 0.049626 0 0 0 0 0 -0 -0 0.048156 -0.0059807 0.010391 0 0
-0 -0 -0 0.15923 0 0 0 0 0 -0 -0 0.15451 -0.01919 0.033339 0 0
-0 -0 -0 0.10993 0 0 0 0 0 -0 -0 0.10667 -0.013248 0.023017 0 0
0 0 0 0.10191 0 0 0 0 0 -0 -0 0.098893 -0.012282 0.021338 0 0
-0 -0 -0 0.0077381 0 0 0 0 0 -0 -0 0.0075089 -0.00093258 0.0016202 0 0
0 0 0 0.14797 0 0 0 0 0 -0 -0 0.14358 -0.017833 0.030981 0 0
0 0 0 0.13003 0 0 0 0 0 -0 -0 0.12617 -0.01567 0.027225 0 0
0 0 0 0.043237 0 0 0 0 0 -0 -0 0.041957 -0.0052108 0.009053 0 0
-0 -0 -0 0.15675 0 0 0 0 0 -0 -0 0.1521 -0.018891 0.03282 0 0
0 0 0 0.065022 0 0 0 0 0 -0 -0 0.063096 -0.0078362 0.013614 0 0
0 0 0 0.15178 0 0 0 0 0 -0 -0 0.14728 -0.018292 0.031779 0 0
0 0 0 0.076423 0 0 0 0 0 -0 -0 0.074159 -0.0092103 0.016001 0 0
-0 -0 -0 0.18583 0 0 0 0 0 -0 -0 0.18033 -0.022396 0.038909 0 0
-0 -0 -0 0.10226 0 0 0 0 0 -0 -0 0.09923 -0.012324 0.021411 0 0
0 0 0 0.045319 0 0 0 0 0 -0 -0 0.043977 -0.0054617 0.0094888 0 0
-0 -0 -0 0.094746 0 0 0 0 0 -0 -0 0.091939 -0.011418 0.019838 0 0
-0 -0 -0 0.071064 0 0 0 0 0 -0 -0 0.068959 -0.0085644 0.014879 0 0
-0 -0 -0 0.0060376 0 0 0 0 0 -0 -0 0.0058588 -0.00072764 0.0012642 0 0
0 0 0 0.097865 0 0 0 0 0 -0 -0 0.094966 -0.011794 0.020491 0 0
-0 -0 -0 0.051159 0 0 0 0 0 -0 -0 0.049643 -0.0061655 0.010712 0 0
0 0 0 0.1856 0 0 0 0 0 -0 -0 0.18011 -0.022368 0.038862 0 0
-0 -0 -0 0.11241 0 0 0 0 0 -0 -0 0.10908 -0.013547 0.023536 0 0
-0 -0 -0 0.029161 0 0 0 0 0 -0 -0 0.028297 -0.0035143 0.0061056 0 0
0 0 0 0.068927 0 0 0 0 0 -0 -0 0.066885 -0.0083069 0.014432 0 0
-0 -0 -0 0.080742 0 0 0 0 0 -0 -0 0.078351 -0.0097308 0.016906 0 0
0 0 0 0.066568 0 0 0 0 0 -0 -0 0.064596 -0.0080226 0.013938 0 0
-0 -0 -0 0.09841 0 0 0 0 0 -0 -0 0.095495 -0.01186 0.020605 0 0
-0 -0 -0 0.040666 0 0 0 0 0 -0 -0 0.039461 -0.0049009 0.0085145 0 0
0 0 0 0.063493 0 0 0 0 0 -0 -0 0.061612 -0.007652 0.013294 0 0
0 0 0 0.15671 0 0 0 0 0 -0 -0 0.15207 -0.018887 0.032813 0 0
-0 -0 -0 0.007319 0 0 0 0 0 -0 -0 0.0071023 -0.00088207 0.0015325 0 0
0 0 0 0.13065 0 0 0 0 0 -0 -0 0.12678 -0.015745 0.027355 0 0
-0 -0 -0 0.036877 0 0 0 0 0 -0 -0 0.035785 -0.0044443 0.0077212 0 0
-0 -0 -0 0.053606 0 0 0 0 0 -0 -0 0.052019 -0.0064605 0.011224 0 0
0 0 0 0.049344 0 0 0 0 0 -0 -0 0.047882 -0.0059468 0.010332 0 0
-0 -0 -0 0.16018 0 0 0 0 0 -0 -0 0.15543 -0.019304 0.033538 0 0
-0 -0 -0 0.0017023 0 0 0 0 0 -0 -0 0.0016519 -0.00020516 0.00035643 0 0
0 0 0 0.06816 0 0 0 0 0 -0 -0 0.066141 -0.0082144 0.014271 0 0
-0 -0 -0 0.17351 0 0 0 0 0 -0 -0 0.16837 -0.020911 0.03633 0 0
