0 0 0 0.0096257 0 0 0 0 -0 0 0 0.0089184 -0.0027018 0.0024119 0 0
0 0 0 0.026099 0 0 0 0 -0 0 0 0.024181 -0.0073257 0.0065397 0 0
0 0 0 0.056583 0 0 0 0 -0 0 0 0.052425 -0.015882 0.014178 0 0
0 0 0 0.13746 0 0 0 0 -0 0 0 0.12736 -0.038584 0.034444 0 0
-0 -0 -0 0.16536 0 0 0 0 -0 0 0 0.15321 -0.046413 0.041434 0 0
-0 -0 -0 0.019354 0 0 0 0 -0 0 0 0.017932 -0.0054325 0.0048496 0 0
-0 -0 -0 0.11296 0 0 0 0 -0 0 0 0.10466 -0.031706 0.028304 0 0
0 0 0 0.19769 0 0 0 0 -0 0 0 0.18317 -0.05549 0.049536 0 0
0 0 0 0.19876 0 0 0 0 -0 0 0 0.18415 -0.055789 0.049803 0 0
0 0 0 0.17741 0 0 0 0 -0 0 0 0.16437 -0.049797 0.044454 0 0
-0 -0 -0 0.042542 0 0 0 0 -0 0 0 0.039415 -0.011941 0.01066 0 0
-0 -0 -0 0.18219 0 0 0 0 -0 0 0 0.1688 -0.051138 0.045651 0 0
-0 -0 -0 0.10416 0 0 0 0 -0 0 0 0.096508 -0.029237 0.0261 0 0
0 0 0 0.17883 0 0 0 0 -0 0 0 0.16569 -0.050195 0.044809 0 0
-0 -0 -0 0.074369 0 0 0 0 -0 0 0 0.068904 -0.020874 0.018635 0 0
-0 -0 -0 0.10207 0 0 0 0 -0 0 0 0.094569 -0.02865 0.025576 0 0
0 0 0 0.015381 0 0 0 0 -0 0 0 0.014251 -0.0043173 0.0038541 0 0
-0 -0 -0 0.134 0 0 0 0 -0 0 0 0.12415 -0.037612 0.033576 0 0
0 0 0 0.010487 0 0 0 0 -0 0 0 0.009716 -0.0029435 0.0026277 0 0
0 0 0 0.13999 0 0 0 0 -0 0 0 0.1297 -0.039293 0.035078 0 0
0 0 0 0.085973 0 0 0 0 -0 0 0 0.079655 -0.024132 0.021542 0 0
-0 -0 -0 0.099455 0 0 0 0 -0 0 0 0.092147 -0.027916 0.024921 0 0
-0 -0 -0 0.0032333 0 0 0 0 -0 0 0 0.0029957 -0.00090754 0.00081017 0 0
-0 -0 -0 0.0040366 0 0 0 0 -0 0 0 0.00374 -0.001133 0.0010115 0 0
-0 -0 -0 0.132 0 0 0 0 -0 0 0 0.1223 -0.037051 0.033076 0 0
0 0 0 0.12202 0 0 0 0 -0 0 0 0.11306 -0.03425 0.030575 0 0
0 0 0 0.10776 0 0 0 0 -0 0 0 0.099841 -0.030247 0.027002 0 0
0 0 0 0.020628 0 0 0 0 -0 0 0 0.019112 -0.0057901 0.0051689 0 0
-0 -0 -0 0.011888 0 0 0 0 -0 0 0 0.011014 -0.0033368 0.0029788 0 0
-0 -0 -0 0.049995 0 0 0 0 -0 0 0 0.046321 -0.014033 0.012527 0 0
-0 -0 -0 0.0015699 0 0 0 0 -0 0 0 0.0014546 -0.00044066 0.00039338 0 0
-0 -0 -0 0.11495 0 0 0 0 -0 0 0 0.10651 -0.032266 0.028804 0 0
0 0 0 0.018894 0 0 0 0 -0 0 0 0.017505 -0.0053032 0.0047343 0 0
-0 -0 -0 0.0059507 0 0 0 0 -0 0 0 0.0055134 -0.0016703 0.0014911 0 0
0 0 0 0.16623 0 0 0 0 -0 0 0 0.15401 -0.046658 0.041652 0 0
-0 -0 -0 0.088923 0 0 0 0 -0 0 0 0.082388 -0.024959 0.022282 0 0
-0 -0 -0 0.19561 0 0 0 0 -0 0 0 0.18123 -0.054904 0.049013 0 0
0 0 0 0.079733 0 0 0 0 -0 0 0 0.073873 -0.02238 0.019979 0 0
0 0 0 0.034632 0 0 0 0 -0 0 0 0.032087 -0.0097208 0.0086778 0 0
0 0 0 0.15198 0 0 0 0 -0 0 0 0.14081 -0.042659 0.038082 0 0
-0 -0 -0 0.14198 0 0 0 0 -0 0 0 0.13155 -0.039852 0.035577 0 0
0 0 0 0.11284 0 0 0 0 -0 0 0 0.10455 -0.031673 0.028275 0 0
-0 -0 -0 0.17162 0 0 0 0 -0 0 0 0.15901 -0.048173 0.043004 0 0
-0 -0 -0 0.16726 0 0 0 0 -0 0 0 0.15497 -0.046947 0.041911 0 0
0 0 0 0.0075468 0 0 0 0 -0 0 0 0.0069922 -0.0021183 0.001891 0 0
0 0 0 0.13214 0 0 0 0 -0 0 0 0.12243 -0.037089 0.03311 0 0
-0 -0 -0 0.19069 0 0 0 0 -0 0 0 0.17668 -0.053525 0.047782 0 0
0 0 0 0.19772 0 0 0 0 -0 0 0 0.18319 -0.055497 0.049543 0 0
-0 -0 -0 0.019794 0 0 0 0 -0 0 0 0.018339 -0.0055559 0.0049598 0 0
0 0 0 0.047843 0 0 0 0 -0 0 0 0.044328 -0.013429 0.011988 0 0
-0 -0 -0 0.1045 0 0 0 0 -0 0 0 0.096821 -0.029332 0.026185 0 0
-0 -0 -0 0.081278 0 0 0 0 -0 0 0 0.075306 -0.022814 0.020366 0 0
-0 -0 -0 0.091271 0 0 0 0 -0 0 0 0.084564 -0.025619 0.02287 0 0
0 0 0 0.19392 0 0 0 0 -0 0 0 0.17967 -0.054432 0.048592 0 0
0 0 0 0.091454 0 0 0 0 -0 0 0 0.084734 -0.02567 0.022916 0 0
0 0 0 0.097564 0 0 0 0 -0 0 0 0.090394 -0.027385 0.024447 0 0
-0 -0 -0 0.026727 0 0 0 0 -0 0 0 0.024763 -0.0075018 0.0066969 0 0
-0 -0 -0 0.1737 0 0 0 0 -0 0 0 0.16094 -0.048755 0.043524 0 0
-0 -0 -0 0.1061 0 0 0 0 -0 0 0 0.098301 -0.02978 0.026585 0 0
-0 -0 -0 0.13235 0 0 0 0 -0 0 0 0.12263 -0.03715 0.033164 0 0
0 0 0 0.070919 0 0 0 0 -0 0 0 0.065707 -0.019906 0.01777 0 0
-0 -0 -0 0.1479 0 0 0 0 -0 0 0 0.13703 -0.041513 0.037059 0 0
0 0 0 0.023417 0 0 0 0 -0 0 0 0.021697 -0.006573 0.0058678 0 0
-0 -0 -0 0.040017 0 0 0 0 -0 0 0 0.037076 -0.011232 0.010027 0 0
-0 -0 -0 0.10064 0 0 0 0 -0 0 0 0.093248 -0.02825 0.025219 0 0
-0 -0 -0 0.0068809 0 0 0 0 -0 0 0 0.0063753 -0.0019314 0.0017242 0 0
-0 -0 -0 0.02537 0 0 0 0 -0 0 0 0.023505 -0.0071209 0.0063569 0 0
0 0 0 0.18977 0 0 0 0 -0 0 0 0.17583 -0.053266 0.047551 0 0
0 0 0 0.10604 0 0 0 0 -0 0 0 0.098245 -0.029763 0.02657 0 0
0 0 0 0.045355 0 0 0 0 -0 0 0 0.042022 -0.012731 0.011365 0 0
-0 -0 -0 0.099549 0 0 0 0 -0 0 0 0.092234 -0.027942 0.024944 0 0
-0 -0 -0 0.16194 0 0 0 0 -0 0 0 0.15004 -0.045454 0.040577 0 0
0 0 0 0.077084 0 0 0 0 -0 0 0 0.071419 -0.021636 0.019315 0 0
-0 -0 -0 0.0025225 0 0 0 0 -0 0 0 0.0023371 -0.00070803 0.00063206 0 0
0 0 0 0.068609 0 0 0 0 -0 0 0 0.063568 -0.019258 0.017192 0 0
-0 -0 -0 0.16091 0 0 0 0 -0 0 0 0.14908 -0.045165 0.040319 0 0
0 0 0 0.040911 0 0 0 0 -0 0 0 0.037904 -0.011483 0.010251 0 0
0 0 0 0.13249 0 0 0 0 -0 0 0 0.12276 -0.037189 0.033199 0 0
-0 -0 -0 0.040869 0 0 0 0 -0 0 0 0.037866 -0.011471 0.010241 0 0
0 0 0 0.032352 0 0 0 0 -0 0 0 0.029975 -0.0090808 0.0081065 0 0
-0 -0 -0 0.046746 0 0 0 0 -0 0 0 0.043311 -0.013121 0.011713 0 0
0 0 0 0.0074866 0 0 0 0 -0 0 0 0.0069364 -0.0021014 0.0018759 0 0
-0 -0 -0 0.071498 0 0 0 0 -0 0 0 0.066244 -0.020069 0.017916 0 0
-0 -0 -0 0.067071 0 0 0 0 -0 0 0 0.062142 -0.018826 0.016806 0 0
0 0 0 0.19133 0 0 0 0 -0 0 0 0.17727 -0.053703 0.047941 0 0
-0 -0 -0 0.08401 0 0 0 0 -0 0 0 0.077836 -0.02358 0.02105 0 0
-0 -0 -0 0.006609 0 0 0 0 -0 0 0 0.0061233 -0.0018551 0.001656 0 0
-0 -0 -0 0.032628 0 0 0 0 -0 0 0 0.03023 -0.0091582 0.0081756 0 0
-0 -0 -0 0.079504 0 0 0 0 -0 0 0 0.073662 -0.022316 0.019922 0 0
0 0 0 0.071877 0 0 0 0 -0 0 0 0.066595 -0.020175 0.01801 0 0
0 0 0 0.029914 0 0 0 0 -0 0 0 0.027715 -0.0083964 0.0074955 0 0
-0 -0 -0 0.10388 0 0 0 0 -0 0 0 0.096245 -0.029157 0.026029 0 0
0 0 0 0.17734 0 0 0 0 -0 0 0 0.16431 -0.049778 0.044437 0 0
0 0 0 0.19352 0 0 0 0 -0 0 0 0.17929 -0.054317 0.04849 0 0
0 0 0 0.086083 0 0 0 0 -0 0 0 0.079757 -0.024163 0.02157 0 0
0 0 0 0.078195 0 0 0 0 -0 0 0 0.072449 -0.021948 0.019594 0 0
0 0 0 0.05622 0 0 0 0 -0 0 0 0.052089 -0.01578 0.014087 0 0
-0 -0 -0 0.13197 0 0 0 0 -0 0 0 0.12227 -0.037043 0.033069 0 0
-0 -0 -0 0.12934 0 0 0 0 -0 0 0 0.11983 -0.036303 0.032408 0 0
0 0 0 0.034157 0 0 0 0 -0 0 0 0.031647 -0.0095873 0.0085587 0 0
