0 0 0.010318 0 0 0 0 0 0 0 0 0 0 -0.0017108 0.0051325 0.0087862 -0.00044729 0.0013152 -0.0008554 0 0
-0 -0 -0.32414 0 0 0 0 0 0 0 0 0 0 0.053744 -0.16123 -0.27601 0.0057489 -0.043284 0.026404 0 0
-0 -0 -0.30457 0 0 0 0 0 0 0 0 0 0 0.050499 -0.1515 -0.25935 0.0058642 -0.040604 0.024861 0 0
0 0 0.11937 0 0 0 0 0 0 0 0 0 0 -0.019792 0.059375 0.10164 -0.0061374 0.014854 -0.0098724 0 0
0 0 0.3119 0 0 0 0 0 0 0 0 0 0 -0.051715 0.15514 0.26559 -0.020302 0.036783 -0.02544 0 0
0 0 0.11008 0 0 0 0 0 0 0 0 0 0 -0.018252 0.054755 0.093734 -0.0055851 0.013729 -0.0091074 0 0
-0 -0 -0.21808 0 0 0 0 0 0 0 0 0 0 0.036159 -0.10848 -0.1857 0.0056587 -0.028819 0.017937 0 0
0 0 0.048435 0 0 0 0 0 0 0 0 0 0 -0.0080308 0.024092 0.041243 -0.0022373 0.0061254 -0.0040138 0 0
0 0 0.059288 0 0 0 0 0 0 0 0 0 0 -0.0098302 0.029491 0.050485 -0.0027863 0.0074804 -0.0049122 0 0
-0 -0 -0.02924 0 0 0 0 0 0 0 0 0 0 0.0048482 -0.014544 -0.024898 0.0011806 -0.0037556 0.0024237 0 0
0 0 0.32323 0 0 0 0 0 0 0 0 0 0 -0.053593 0.16078 0.27524 -0.021291 0.037981 -0.026332 0 0
0 0 0.05312 0 0 0 0 0 0 0 0 0 0 -0.0088076 0.026423 0.045233 -0.0024721 0.0067112 -0.0044017 0 0
0 0 0.26268 0 0 0 0 0 0 0 0 0 0 -0.043554 0.13066 0.22368 -0.016201 0.031452 -0.021527 0 0
0 0 0.24813 0 0 0 0 0 0 0 0 0 0 -0.041141 0.12342 0.21129 -0.01505 0.029838 -0.02036 0 0
-0 -0 -0.18502 0 0 0 0 0 0 0 0 0 0 0.030677 -0.092032 -0.15755 0.0052724 -0.024351 0.015251 0 0
-0 -0 -0.039838 0 0 0 0 0 0 0 0 0 0 0.0066053 -0.019816 -0.033922 0.0015767 -0.0051267 0.0033018 0 0
-0 -0 -0.22991 0 0 0 0 0 0 0 0 0 0 0.03812 -0.11436 -0.19577 0.0057557 -0.030423 0.018893 0 0
0 0 0.23494 0 0 0 0 0 0 0 0 0 0 -0.038955 0.11686 0.20006 -0.014032 0.02836 -0.019299 0 0
0 0 0.20781 0 0 0 0 0 0 0 0 0 0 -0.034456 0.10337 0.17695 -0.012011 0.025277 -0.017104 0 0
0 0 0.086718 0 0 0 0 0 0 0 0 0 0 -0.014378 0.043135 0.073842 -0.0042511 0.010875 -0.0071802 0 0
0 0 0.14487 0 0 0 0 0 0 0 0 0 0 -0.02402 0.072059 0.12336 -0.0077174 0.017915 -0.011968 0 0
-0 -0 -0.17827 0 0 0 0 0 0 0 0 0 0 0.029558 -0.088673 -0.1518 0.0051726 -0.023442 0.014701 0 0
0 0 0.3193 0 0 0 0 0 0 0 0 0 0 -0.052942 0.15883 0.27189 -0.020946 0.037567 -0.026023 0 0
0 0 0.17166 0 0 0 0 0 0 0 0 0 0 -0.028462 0.085386 0.14617 -0.0094773 0.021083 -0.014161 0 0
0 0 0.11187 0 0 0 0 0 0 0 0 0 0 -0.018549 0.055648 0.095263 -0.0056909 0.013947 -0.0092553 0 0
0 0 0.019255 0 0 0 0 0 0 0 0 0 0 -0.0031925 0.0095776 0.016396 -0.00084753 0.0024499 -0.0015962 0 0
-0 -0 -0.023366 0 0 0 0 0 0 0 0 0 0 0.0038741 -0.011622 -0.019896 0.00095377 -0.0029978 0.0019369 0 0
-0 -0 -0.29389 0 0 0 0 0 0 0 0 0 0 0.048729 -0.14619 -0.25025 0.0059019 -0.039144 0.024015 0 0
-0 -0 -0.14367 0 0 0 0 0 0 0 0 0 0 0.023821 -0.071462 -0.12233 0.0045504 -0.018802 0.011869 0 0
-0 -0 -0.17774 0 0 0 0 0 0 0 0 0 0 0.029471 -0.088412 -0.15135 0.0051646 -0.023371 0.014658 0 0
-0 -0 -0.2525 0 0 0 0 0 0 0 0 0 0 0.041866 -0.1256 -0.21501 0.0058802 -0.033495 0.020711 0 0
0 0 0.14986 0 0 0 0 0 0 0 0 0 0 -0.024848 0.074544 0.12761 -0.0080378 0.018509 -0.012377 0 0
0 0 0.30458 0 0 0 0 0 0 0 0 0 0 -0.050502 0.15151 0.25936 -0.019673 0.036004 -0.024862 0 0
0 0 0.16582 0 0 0 0 0 0 0 0 0 0 -0.027495 0.082484 0.1412 -0.0090854 0.020397 -0.013684 0 0
0 0 0.29207 0 0 0 0 0 0 0 0 0 0 -0.048426 0.14528 0.2487 -0.018611 0.034659 -0.02387 0 0
-0 -0 -0.065151 0 0 0 0 0 0 0 0 0 0 0.010802 -0.032407 -0.055477 0.0024537 -0.0084218 0.0053974 0 0
-0 -0 -0.15498 0 0 0 0 0 0 0 0 0 0 0.025697 -0.077092 -0.13197 0.0047743 -0.020316 0.012797 0 0
0 0 0.2303 0 0 0 0 0 0 0 0 0 0 -0.038184 0.11455 0.1961 -0.013679 0.027836 -0.018924 0 0
-0 -0 -0.12628 0 0 0 0 0 0 0 0 0 0 0.020938 -0.062815 -0.10753 0.0041679 -0.016485 0.010441 0 0
-0 -0 -0.20937 0 0 0 0 0 0 0 0 0 0 0.034715 -0.10414 -0.17828 0.0055735 -0.027639 0.017231 0 0
-0 -0 -0.29166 0 0 0 0 0 0 0 0 0 0 0.04836 -0.14508 -0.24836 0.0059076 -0.038839 0.023838 0 0
-0 -0 -0.027388 0 0 0 0 0 0 0 0 0 0 0.0045411 -0.013623 -0.023322 0.0011097 -0.0035166 0.0022703 0 0
-0 -0 -0.30614 0 0 0 0 0 0 0 0 0 0 0.05076 -0.15228 -0.26069 0.0058571 -0.04082 0.024985 0 0
-0 -0 -0.013852 0 0 0 0 0 0 0 0 0 0 0.0022968 -0.0068904 -0.011796 0.00057537 -0.0017741 0.0011484 0 0
0 0 0.23872 0 0 0 0 0 0 0 0 0 0 -0.039582 0.11874 0.20328 -0.014321 0.028785 -0.019603 0 0
0 0 0.013524 0 0 0 0 0 0 0 0 0 0 -0.0022423 0.006727 0.011516 -0.00058949 0.0017227 -0.0011211 0 0
-0 -0 -0.017378 0 0 0 0 0 0 0 0 0 0 0.0028814 -0.0086441 -0.014798 0.0007172 -0.0022271 0.0014406 0 0
-0 -0 -0.30558 0 0 0 0 0 0 0 0 0 0 0.050667 -0.152 -0.26021 0.0058597 -0.040742 0.024941 0 0
0 0 0.19813 0 0 0 0 0 0 0 0 0 0 -0.03285 0.098551 0.16871 -0.011315 0.024163 -0.016318 0 0
-0 -0 -0.16823 0 0 0 0 0 0 0 0 0 0 0.027894 -0.083681 -0.14325 0.0050112 -0.022092 0.013881 0 0
0 0 0.15019 0 0 0 0 0 0 0 0 0 0 -0.024902 0.074705 0.12789 -0.0080588 0.018548 -0.012404 0 0
-0 -0 -0.25722 0 0 0 0 0 0 0 0 0 0 0.042649 -0.12795 -0.21903 0.0058962 -0.034138 0.02109 0 0
0 0 0.28557 0 0 0 0 0 0 0 0 0 0 -0.047348 0.14205 0.24316 -0.018068 0.033956 -0.023354 0 0
0 0 0.15186 0 0 0 0 0 0 0 0 0 0 -0.025179 0.075537 0.12931 -0.008167 0.018747 -0.012541 0 0
-0 -0 -0.34125 0 0 0 0 0 0 0 0 0 0 0.056581 -0.16974 -0.29058 0.0055993 -0.045629 0.027745 0 0
-0 -0 -0.30095 0 0 0 0 0 0 0 0 0 0 0.049899 -0.1497 -0.25626 0.005879 -0.040109 0.024575 0 0
-0 -0 -0.33828 0 0 0 0 0 0 0 0 0 0 0.056089 -0.16827 -0.28805 0.0056285 -0.045222 0.027513 0 0
0 0 0.083604 0 0 0 0 0 0 0 0 0 0 -0.013862 0.041586 0.07119 -0.0040793 0.010491 -0.0069229 0 0
-0 -0 -0.012056 0 0 0 0 0 0 0 0 0 0 0.0019989 -0.0059968 -0.010266 0.00050238 -0.0015435 0.00099944 0 0
0 0 0.14504 0 0 0 0 0 0 0 0 0 0 -0.024048 0.072145 0.1235 -0.0077284 0.017936 -0.011982 0 0
0 0 0.20106 0 0 0 0 0 0 0 0 0 0 -0.033336 0.10001 0.1712 -0.011524 0.024501 -0.016556 0 0
-0 -0 -0.13201 0 0 0 0 0 0 0 0 0 0 0.021888 -0.065665 -0.11241 0.0042991 -0.017248 0.010912 0 0
-0 -0 -0.082089 0 0 0 0 0 0 0 0 0 0 0.013611 -0.040832 -0.0699 0.002986 -0.010642 0.0067978 0 0
-0 -0 -0.096656 0 0 0 0 0 0 0 0 0 0 0.016026 -0.048078 -0.082304 0.0034087 -0.01256 0.0080006 0 0
0 0 0.25067 0 0 0 0 0 0 0 0 0 0 -0.041562 0.12469 0.21345 -0.015249 0.03012 -0.020564 0 0
-0 -0 -0.33827 0 0 0 0 0 0 0 0 0 0 0.056087 -0.16826 -0.28804 0.0056286 -0.04522 0.027512 0 0
-0 -0 -0.02459 0 0 0 0 0 0 0 0 0 0 0.0040771 -0.012231 -0.020939 0.0010015 -0.0031556 0.0020384 0 0
0 0 0.30687 0 0 0 0 0 0 0 0 0 0 -0.05088 0.15264 0.2613 -0.019868 0.036247 -0.025043 0 0
0 0 0.31326 0 0 0 0 0 0 0 0 0 0 -0.05194 0.15582 0.26675 -0.02042 0.036928 -0.025548 0 0
-0 -0 -0.27438 0 0 0 0 0 0 0 0 0 0 0.045493 -0.13648 -0.23364 0.005925 -0.036478 0.022462 0 0
0 0 0.33997 0 0 0 0 0 0 0 0 0 0 -0.056368 0.16911 0.28949 -0.022782 0.03973 -0.027644 0 0
-0 -0 -0.041177 0 0 0 0 0 0 0 0 0 0 0.0068275 -0.020482 -0.035063 0.0016255 -0.0053004 0.0034128 0 0
0 0 0.053331 0 0 0 0 0 0 0 0 0 0 -0.0088425 0.026528 0.045412 -0.0024828 0.0067375 -0.0044192 0 0
0 0 0.34273 0 0 0 0 0 0 0 0 0 0 -0.056827 0.17048 0.29184 -0.023032 0.040016 -0.02786 0 0
0 0 0.26647 0 0 0 0 0 0 0 0 0 0 -0.044182 0.13255 0.2269 -0.016505 0.031869 -0.021831 0 0
-0 -0 -0.054493 0 0 0 0 0 0 0 0 0 0 0.0090352 -0.027106 -0.046402 0.0020963 -0.007031 0.0045154 0 0
0 0 0.095217 0 0 0 0 0 0 0 0 0 0 -0.015788 0.047363 0.081079 -0.0047273 0.011917 -0.0078819 0 0
0 0 0.066147 0 0 0 0 0 0 0 0 0 0 -0.010968 0.032903 0.056325 -0.0031422 0.0083333 -0.0054798 0 0
0 0 0.012807 0 0 0 0 0 0 0 0 0 0 -0.0021234 0.0063702 0.010905 -0.00055754 0.0016316 -0.0010617 0 0
0 0 0.31435 0 0 0 0 0 0 0 0 0 0 -0.052121 0.15636 0.26767 -0.020515 0.037043 -0.025633 0 0
-0 -0 -0.087358 0 0 0 0 0 0 0 0 0 0 0.014485 -0.043454 -0.074387 0.0031426 -0.011335 0.0072331 0 0
0 0 0.038849 0 0 0 0 0 0 0 0 0 0 -0.0064414 0.019324 0.033081 -0.0017668 0.0049231 -0.0032199 0 0
0 0 0.13269 0 0 0 0 0 0 0 0 0 0 -0.022001 0.066002 0.11299 -0.0069513 0.016459 -0.010968 0 0
-0 -0 -0.19526 0 0 0 0 0 0 0 0 0 0 0.032376 -0.097127 -0.16627 0.0054103 -0.025732 0.016085 0 0
-0 -0 -0.047841 0 0 0 0 0 0 0 0 0 0 0.0079323 -0.023797 -0.040737 0.0018645 -0.0061655 0.0039646 0 0
-0 -0 -0.29584 0 0 0 0 0 0 0 0 0 0 0.049053 -0.14716 -0.25192 0.0058964 -0.039411 0.02417 0 0
-0 -0 -0.24838 0 0 0 0 0 0 0 0 0 0 0.041183 -0.12355 -0.2115 0.0058634 -0.032934 0.02038 0 0
-0 -0 -0.26822 0 0 0 0 0 0 0 0 0 0 0.044473 -0.13342 -0.2284 0.0059199 -0.035638 0.021971 0 0
0 0 0.34771 0 0 0 0 0 0 0 0 0 0 -0.057653 0.17296 0.29609 -0.023485 0.040531 -0.028249 0 0
0 0 0.05928 0 0 0 0 0 0 0 0 0 0 -0.0098289 0.029487 0.050478 -0.0027859 0.0074794 -0.0049116 0 0
0 0 0.34063 0 0 0 0 0 0 0 0 0 0 -0.056479 0.16944 0.29006 -0.022842 0.039799 -0.027697 0 0
-0 -0 -0.20947 0 0 0 0 0 0 0 0 0 0 0.034732 -0.10419 -0.17837 0.0055745 -0.027653 0.017239 0 0
-0 -0 -0.17665 0 0 0 0 0 0 0 0 0 0 0.02929 -0.087869 -0.15042 0.0051477 -0.023224 0.014569 0 0
0 0 0.14972 0 0 0 0 0 0 0 0 0 0 -0.024825 0.074474 0.12749 -0.0080288 0.018493 -0.012366 0 0
-0 -0 -0.22268 0 0 0 0 0 0 0 0 0 0 0.036921 -0.11076 -0.18961 0.005699 -0.029442 0.018308 0 0
-0 -0 -0.082078 0 0 0 0 0 0 0 0 0 0 0.013609 -0.040827 -0.069891 0.0029856 -0.01064 0.0067968 0 0
-0 -0 -0.14629 0 0 0 0 0 0 0 0 0 0 0.024257 -0.07277 -0.12457 0.0046041 -0.019153 0.012085 0 0
0 0 0.11047 0 0 0 0 0 0 0 0 0 0 -0.018317 0.054951 0.094069 -0.0056082 0.013777 -0.0091398 0 0
-0 -0 -0.039035 0 0 0 0 0 0 0 0 0 0 0.0064722 -0.019416 -0.033239 0.0015472 -0.0050226 0.0032353 0 0
0 0 0.070334 0 0 0 0 0 0 0 0 0 0 -0.011662 0.034985 0.05989 -0.0033629 0.0088525 -0.0058261 0 0
