0 0 0 0.11652 0 0 0 0 0 -0 -0 0.09961 -0.050219 0.033647 0 0
-0 -0 -0 0.023718 0 0 0 0 0 -0 -0 0.020277 -0.010223 0.0068492 0 0
0 0 0 0.057278 0 0 0 0 0 -0 -0 0.048966 -0.024687 0.01654 0 0
-0 -0 -0 0.033383 0 0 0 0 0 -0 -0 0.028539 -0.014388 0.0096402 0 0
0 0 0 0.070991 0 0 0 0 0 -0 -0 0.06069 -0.030597 0.0205 0 0
-0 -0 -0 0.087327 0 0 0 0 0 -0 -0 0.074656 -0.037638 0.025217 0 0
-0 -0 -0 0.055331 0 0 0 0 0 -0 -0 0.047302 -0.023848 0.015978 0 0
0 0 0 0.16032 0 0 0 0 0 -0 -0 0.13705 -0.069097 0.046295 0 0
-0 -0 -0 0.037529 0 0 0 0 0 -0 -0 0.032083 -0.016175 0.010837 0 0
0 0 0 0.01442 0 0 0 0 0 -0 -0 0.012327 -0.0062149 0.004164 0 0
0 0 0 0.16126 0 0 0 0 0 -0 -0 0.13786 -0.069503 0.046567 0 0
0 0 0 0.063935 0 0 0 0 0 -0 -0 0.054658 -0.027556 0.018463 0 0
-0 -0 -0 0.053392 0 0 0 0 0 -0 -0 0.045644 -0.023012 0.015418 0 0
0 0 0 0.093135 0 0 0 0 0 -0 -0 0.07962 -0.040141 0.026894 0 0
-0 -0 -0 0.10493 0 0 0 0 0 -0 -0 0.089707 -0.045226 0.030302 0 0
0 0 0 0.025318 0 0 0 0 0 -0 -0 0.021644 -0.010912 0.0073111 0 0
-0 -0 -0 0.088547 0 0 0 0 0 -0 -0 0.075699 -0.038164 0.02557 0 0
0 0 0 0.11698 0 0 0 0 0 -0 -0 0.10001 -0.05042 0.033782 0 0
-0 -0 -0 0.062333 0 0 0 0 0 -0 -0 0.053288 -0.026865 0.018 0 0
0 0 0 0.19525 0 0 0 0 0 -0 -0 0.16692 -0.084153 0.056383 0 0
-0 -0 -0 0.16388 0 0 0 0 0 -0 -0 0.1401 -0.070631 0.047323 0 0
-0 -0 -0 0.09329 0 0 0 0 0 -0 -0 0.079753 -0.040208 0.026939 0 0
-0 -0 -0 0.02828 0 0 0 0 0 -0 -0 0.024177 -0.012189 0.0081665 0 0
0 0 0 0.1475 0 0 0 0 0 -0 -0 0.1261 -0.063575 0.042595 0 0
-0 -0 -0 0.16573 0 0 0 0 0 -0 -0 0.14168 -0.07143 0.047858 0 0
-0 -0 -0 0.15232 0 0 0 0 0 -0 -0 0.13021 -0.065649 0.043984 0 0
-0 -0 -0 0.011515 0 0 0 0 0 -0 -0 0.0098441 -0.004963 0.0033252 0 0
0 0 0 0.15168 0 0 0 0 0 -0 -0 0.12967 -0.065376 0.043802 0 0
-0 -0 -0 0.040355 0 0 0 0 0 -0 -0 0.0345 -0.017393 0.011653 0 0
-0 -0 -0 0.19824 0 0 0 0 0 -0 -0 0.16947 -0.08544 0.057245 0 0
0 0 0 0.15825 0 0 0 0 0 -0 -0 0.13528 -0.068205 0.045697 0 0
-0 -0 -0 0.072223 0 0 0 0 0 -0 -0 0.061743 -0.031128 0.020856 0 0
-0 -0 -0 0.13058 0 0 0 0 0 -0 -0 0.11164 -0.056282 0.037709 0 0
-0 -0 -0 0.14755 0 0 0 0 0 -0 -0 0.12614 -0.063594 0.042608 0 0
-0 -0 -0 0.12616 0 0 0 0 0 -0 -0 0.10785 -0.054373 0.03643 0 0
-0 -0 -0 0.03085 0 0 0 0 0 -0 -0 0.026373 -0.013296 0.0089085 0 0
0 0 0 0.089187 0 0 0 0 0 -0 -0 0.076246 -0.03844 0.025755 0 0
-0 -0 -0 0.14073 0 0 0 0 0 -0 -0 0.12031 -0.060656 0.040639 0 0
0 0 0 0.10387 0 0 0 0 0 -0 -0 0.088794 -0.044766 0.029993 0 0
0 0 0 0.032842 0 0 0 0 0 -0 -0 0.028077 -0.014155 0.0094839 0 0
0 0 0 0.16989 0 0 0 0 0 -0 -0 0.14524 -0.073224 0.04906 0 0
0 0 0 0.1068 0 0 0 0 0 -0 -0 0.091303 -0.046031 0.030841 0 0
0 0 0 0.086676 0 0 0 0 0 -0 -0 0.074099 -0.037357 0.025029 0 0
-0 -0 -0 0.021043 0 0 0 0 0 -0 -0 0.01799 -0.0090697 0.0060767 0 0
0 0 0 0.10949 0 0 0 0 0 -0 -0 0.093601 -0.047189 0.031617 0 0
-0 -0 -0 0.034053 0 0 0 0 0 -0 -0 0.029112 -0.014677 0.0098335 0 0
-0 -0 -0 0.19858 0 0 0 0 0 -0 -0 0.16977 -0.085589 0.057345 0 0
-0 -0 -0 0.18426 0 0 0 0 0 -0 -0 0.15752 -0.079416 0.053209 0 0
-0 -0 -0 0.11129 0 0 0 0 0 -0 -0 0.095145 -0.047968 0.032138 0 0
-0 -0 -0 0.01571 0 0 0 0 0 -0 -0 0.01343 -0.0067711 0.0045366 0 0
-0 -0 -0 0.096407 0 0 0 0 0 -0 -0 0.082418 -0.041552 0.02784 0 0
0 0 0 0.045876 0 0 0 0 0 -0 -0 0.039219 -0.019773 0.013248 0 0
0 0 0 0.19477 0 0 0 0 0 -0 -0 0.16651 -0.083946 0.056244 0 0
0 0 0 0.1333 0 0 0 0 0 -0 -0 0.11396 -0.057451 0.038492 0 0
0 0 0 0.18289 0 0 0 0 0 -0 -0 0.15636 -0.078828 0.052814 0 0
0 0 0 0.1319 0 0 0 0 0 -0 -0 0.11276 -0.056849 0.038089 0 0
-0 -0 -0 0.13373 0 0 0 0 0 -0 -0 0.11432 -0.057637 0.038616 0 0
-0 -0 -0 0.19452 0 0 0 0 0 -0 -0 0.16629 -0.083837 0.05617 0 0
-0 -0 -0 0.089553 0 0 0 0 0 -0 -0 0.076559 -0.038598 0.02586 0 0
-0 -0 -0 0.082056 0 0 0 0 0 -0 -0 0.07015 -0.035366 0.023695 0 0
-0 -0 -0 0.17977 0 0 0 0 0 -0 -0 0.15368 -0.07748 0.051912 0 0
-0 -0 -0 0.065674 0 0 0 0 0 -0 -0 0.056145 -0.028306 0.018965 0 0
0 0 0 0.15011 0 0 0 0 0 -0 -0 0.12833 -0.064699 0.043349 0 0
0 0 0 0.11385 0 0 0 0 0 -0 -0 0.097332 -0.04907 0.032877 0 0
-0 -0 -0 0.081995 0 0 0 0 0 -0 -0 0.070097 -0.03534 0.023678 0 0
0 0 0 0.16041 0 0 0 0 0 -0 -0 0.13713 -0.069137 0.046322 0 0
-0 -0 -0 0.19203 0 0 0 0 0 -0 -0 0.16416 -0.082765 0.055452 0 0
0 0 0 0.081423 0 0 0 0 0 -0 -0 0.069608 -0.035093 0.023512 0 0
0 0 0 0.022538 0 0 0 0 0 -0 -0 0.019268 -0.0097139 0.0065083 0 0
-0 -0 -0 0.10977 0 0 0 0 0 -0 -0 0.093841 -0.047311 0.031698 0 0
0 0 0 0.11291 0 0 0 0 0 -0 -0 0.096523 -0.048663 0.032604 0 0
0 0 0 0.033594 0 0 0 0 0 -0 -0 0.02872 -0.014479 0.009701 0 0
-0 -0 -0 0.071596 0 0 0 0 0 -0 -0 0.061208 -0.030858 0.020675 0 0
-0 -0 -0 0.072455 0 0 0 0 0 -0 -0 0.061942 -0.031228 0.020923 0 0
-0 -0 -0 0.037419 0 0 0 0 0 -0 -0 0.031989 -0.016127 0.010805 0 0
-0 -0 -0 0.17499 0 0 0 0 0 -0 -0 0.14959 -0.075419 0.050531 0 0
-0 -0 -0 0.132 0 0 0 0 0 -0 -0 0.11285 -0.056892 0.038118 0 0
0 0 0 0.11302 0 0 0 0 0 -0 -0 0.096618 -0.04871 0.032636 0 0
0 0 0 0.039298 0 0 0 0 0 -0 -0 0.033596 -0.016937 0.011348 0 0
0 0 0 0.19247 0 0 0 0 0 -0 -0 0.16455 -0.082957 0.055581 0 0
0 0 0 0.1447 0 0 0 0 0 -0 -0 0.1237 -0.062366 0.041785 0 0
-0 -0 -0 0.05946 0 0 0 0 0 -0 -0 0.050832 -0.025627 0.01717 0 0
0 0 0 0.06887 0 0 0 0 0 -0 -0 0.058877 -0.029683 0.019888 0 0
-0 -0 -0 0.074514 0 0 0 0 0 -0 -0 0.063701 -0.032116 0.021517 0 0
-0 -0 -0 0.18503 0 0 0 0 0 -0 -0 0.15818 -0.079747 0.053431 0 0
0 0 0 0.16931 0 0 0 0 0 -0 -0 0.14474 -0.072972 0.048891 0 0
-0 -0 -0 0.079052 0 0 0 0 0 -0 -0 0.067581 -0.034072 0.022828 0 0
0 0 0 0.093952 0 0 0 0 0 -0 -0 0.080319 -0.040493 0.02713 0 0
0 0 0 0.06549 0 0 0 0 0 -0 -0 0.055987 -0.028226 0.018912 0 0
0 0 0 0.064228 0 0 0 0 0 -0 -0 0.054909 -0.027683 0.018547 0 0
0 0 0 0.029249 0 0 0 0 0 -0 -0 0.025005 -0.012607 0.0084463 0 0
-0 -0 -0 0.18045 0 0 0 0 0 -0 -0 0.15427 -0.077775 0.052109 0 0
-0 -0 -0 0.035181 0 0 0 0 0 -0 -0 0.030076 -0.015163 0.010159 0 0
-0 -0 -0 0.11379 0 0 0 0 0 -0 -0 0.097281 -0.049045 0.03286 0 0
0 0 0 0.010734 0 0 0 0 0 -0 -0 0.0091764 -0.0046264 0.0030996 0 0
0 0 0 0.024689 0 0 0 0 0 -0 -0 0.021106 -0.010641 0.0071293 0 0
-0 -0 -0 0.029278 0 0 0 0 0 -0 -0 0.025029 -0.012619 0.0084546 0 0
-0 -0 -0 0.012353 0 0 0 0 0 -0 -0 0.010561 -0.0053243 0.0035673 0 0
-0 -0 -0 0.037544 0 0 0 0 0 -0 -0 0.032096 -0.016181 0.010841 0 0
0 0 0 0.11839 0 0 0 0 0 -0 -0 0.10121 -0.051026 0.034188 0 0
