0 0 0 0.043579 0 0 0 0 -0 0 0 0.040377 -0.012232 0.01092 0 0
0 0 0 0.087243 0 0 0 0 -0 0 0 0.080832 -0.024488 0.021861 0 0
0 0 0 0.17316 0 0 0 0 -0 0 0 0.16043 -0.048603 0.043389 0 0
-0 -0 -0 0.10694 0 0 0 0 -0 0 0 0.099083 -0.030017 0.026797 0 0
0 0 0 0.14155 0 0 0 0 -0 0 0 0.13115 -0.039731 0.035469 0 0
-0 -0 -0 0.12041 0 0 0 0 -0 0 0 0.11156 -0.033797 0.030171 0 0
0 0 0 0.049976 0 0 0 0 -0 0 0 0.046304 -0.014028 0.012523 0 0
-0 -0 -0 0.084424 0 0 0 0 -0 0 0 0.07822 -0.023697 0.021154 0 0
-0 -0 -0 0.05235 0 0 0 0 -0 0 0 0.048503 -0.014694 0.013117 0 0
-0 -0 -0 0.022015 0 0 0 0 -0 0 0 0.020398 -0.0061795 0.0055165 0 0
0 0 0 0.13876 0 0 0 0 -0 0 0 0.12856 -0.038948 0.034769 0 0
0 0 0 0.09315 0 0 0 0 -0 0 0 0.086305 -0.026146 0.023341 0 0
0 0 0 0.13975 0 0 0 0 -0 0 0 0.12948 -0.039226 0.035017 0 0
0 0 0 0.076741 0 0 0 0 -0 0 0 0.071102 -0.02154 0.019229 0 0
0 0 0 0.024756 0 0 0 0 -0 0 0 0.022936 -0.0069486 0.0062031 0 0
-0 -0 -0 0.18421 0 0 0 0 -0 0 0 0.17067 -0.051704 0.046157 0 0
-0 -0 -0 0.059993 0 0 0 0 -0 0 0 0.055584 -0.016839 0.015033 0 0
-0 -0 -0 0.15558 0 0 0 0 -0 0 0 0.14414 -0.043668 0.038983 0 0
0 0 0 0.0083973 0 0 0 0 -0 0 0 0.0077802 -0.002357 0.0021041 0 0
-0 -0 -0 0.043611 0 0 0 0 -0 0 0 0.040406 -0.012241 0.010928 0 0
0 0 0 0.14836 0 0 0 0 -0 0 0 0.13746 -0.041643 0.037175 0 0
-0 -0 -0 0.10907 0 0 0 0 -0 0 0 0.10106 -0.030615 0.02733 0 0
-0 -0 -0 0.13331 0 0 0 0 -0 0 0 0.12351 -0.037418 0.033404 0 0
0 0 0 0.15955 0 0 0 0 -0 0 0 0.14782 -0.044783 0.039978 0 0
0 0 0 0.1495 0 0 0 0 -0 0 0 0.13851 -0.041962 0.03746 0 0
0 0 0 0.1238 0 0 0 0 -0 0 0 0.1147 -0.034749 0.031021 0 0
0 0 0 0.033214 0 0 0 0 -0 0 0 0.030773 -0.0093228 0.0083226 0 0
-0 -0 -0 0.067752 0 0 0 0 -0 0 0 0.062773 -0.019017 0.016977 0 0
-0 -0 -0 0.1722 0 0 0 0 -0 0 0 0.15955 -0.048334 0.043149 0 0
0 0 0 0.099631 0 0 0 0 -0 0 0 0.09231 -0.027965 0.024965 0 0
0 0 0 0.059906 0 0 0 0 -0 0 0 0.055504 -0.016815 0.015011 0 0
-0 -0 -0 0.16342 0 0 0 0 -0 0 0 0.15141 -0.045869 0.040948 0 0
-0 -0 -0 0.17481 0 0 0 0 -0 0 0 0.16196 -0.049066 0.043802 0 0
0 0 0 0.14717 0 0 0 0 -0 0 0 0.13636 -0.041309 0.036877 0 0
0 0 0 0.073067 0 0 0 0 -0 0 0 0.067697 -0.020509 0.018309 0 0
-0 -0 -0 0.015965 0 0 0 0 -0 0 0 0.014792 -0.0044812 0.0040004 0 0
0 0 0 0.12698 0 0 0 0 -0 0 0 0.11765 -0.035641 0.031817 0 0
0 0 0 0.086267 0 0 0 0 -0 0 0 0.079928 -0.024214 0.021616 0 0
-0 -0 -0 0.16371 0 0 0 0 -0 0 0 0.15168 -0.045952 0.041022 0 0
-0 -0 -0 0.045267 0 0 0 0 -0 0 0 0.04194 -0.012706 0.011343 0 0
0 0 0 0.097783 0 0 0 0 -0 0 0 0.090598 -0.027447 0.024502 0 0
-0 -0 -0 0.0086263 0 0 0 0 -0 0 0 0.0079924 -0.0024213 0.0021615 0 0
-0 -0 -0 0.12318 0 0 0 0 -0 0 0 0.11413 -0.034576 0.030866 0 0
0 0 0 0.060226 0 0 0 0 -0 0 0 0.0558 -0.016905 0.015091 0 0
0 0 0 0.008002 0 0 0 0 -0 0 0 0.007414 -0.0022461 0.0020051 0 0
-0 -0 -0 0.066399 0 0 0 0 -0 0 0 0.06152 -0.018637 0.016638 0 0
-0 -0 -0 0.15302 0 0 0 0 -0 0 0 0.14177 -0.04295 0.038342 0 0
-0 -0 -0 0.016921 0 0 0 0 -0 0 0 0.015678 -0.0047496 0.00424 0 0
0 0 0 0.032763 0 0 0 0 -0 0 0 0.030355 -0.009196 0.0082094 0 0
0 0 0 0.071569 0 0 0 0 -0 0 0 0.066309 -0.020088 0.017933 0 0
-0 -0 -0 0.0050065 0 0 0 0 -0 0 0 0.0046386 -0.0014052 0.0012545 0 0
-0 -0 -0 0.024142 0 0 0 0 -0 0 0 0.022368 -0.0067763 0.0060493 0 0
-0 -0 -0 0.12555 0 0 0 0 -0 0 0 0.11633 -0.035241 0.03146 0 0
0 0 0 0.11453 0 0 0 0 -0 0 0 0.10611 -0.032146 0.028697 0 0
-0 -0 -0 0.025555 0 0 0 0 -0 0 0 0.023677 -0.0071729 0.0064033 0 0
0 0 0 0.17684 0 0 0 0 -0 0 0 0.16384 -0.049636 0.04431 0 0
-0 -0 -0 0.08379 0 0 0 0 -0 0 0 0.077633 -0.023519 0.020995 0 0
-0 -0 -0 0.18542 0 0 0 0 -0 0 0 0.17179 -0.052045 0.046461 0 0
0 0 0 0.17096 0 0 0 0 -0 0 0 0.1584 -0.047986 0.042838 0 0
0 0 0 0.14045 0 0 0 0 -0 0 0 0.13013 -0.039424 0.035194 0 0
-0 -0 -0 0.077529 0 0 0 0 -0 0 0 0.071832 -0.021761 0.019427 0 0
-0 -0 -0 0.17481 0 0 0 0 -0 0 0 0.16197 -0.049067 0.043803 0 0
0 0 0 0.039875 0 0 0 0 -0 0 0 0.036945 -0.011192 0.0099917 0 0
0 0 0 0.14524 0 0 0 0 -0 0 0 0.13456 -0.040766 0.036392 0 0
-0 -0 -0 0.1775 0 0 0 0 -0 0 0 0.16445 -0.049821 0.044476 0 0
-0 -0 -0 0.099942 0 0 0 0 -0 0 0 0.092598 -0.028052 0.025043 0 0
-0 -0 -0 0.03937 0 0 0 0 -0 0 0 0.036477 -0.011051 0.009865 0 0
-0 -0 -0 0.16291 0 0 0 0 -0 0 0 0.15094 -0.045727 0.040821 0 0
0 0 0 0.19156 0 0 0 0 -0 0 0 0.17748 -0.053768 0.047999 0 0
-0 -0 -0 0.13003 0 0 0 0 -0 0 0 0.12048 -0.036499 0.032583 0 0
0 0 0 0.18465 0 0 0 0 -0 0 0 0.17108 -0.05183 0.046269 0 0
-0 -0 -0 0.16608 0 0 0 0 -0 0 0 0.15388 -0.046616 0.041615 0 0
-0 -0 -0 0.08905 0 0 0 0 -0 0 0 0.082506 -0.024995 0.022314 0 0
0 0 0 0.15321 0 0 0 0 -0 0 0 0.14195 -0.043005 0.038391 0 0
-0 -0 -0 0.097739 0 0 0 0 -0 0 0 0.090557 -0.027434 0.024491 0 0
0 0 0 0.13086 0 0 0 0 -0 0 0 0.12124 -0.03673 0.032789 0 0
0 0 0 0.064978 0 0 0 0 -0 0 0 0.060203 -0.018239 0.016282 0 0
-0 -0 -0 0.046116 0 0 0 0 -0 0 0 0.042727 -0.012944 0.011555 0 0
-0 -0 -0 0.087395 0 0 0 0 -0 0 0 0.080972 -0.024531 0.021899 0 0
-0 -0 -0 0.074354 0 0 0 0 -0 0 0 0.06889 -0.02087 0.018631 0 0
0 0 0 0.12955 0 0 0 0 -0 0 0 0.12003 -0.036364 0.032463 0 0
0 0 0 0.029599 0 0 0 0 -0 0 0 0.027424 -0.008308 0.0074166 0 0
0 0 0 0.12156 0 0 0 0 -0 0 0 0.11263 -0.034122 0.030461 0 0
0 0 0 0.012617 0 0 0 0 -0 0 0 0.01169 -0.0035414 0.0031614 0 0
0 0 0 0.052053 0 0 0 0 -0 0 0 0.048228 -0.014611 0.013043 0 0
-0 -0 -0 0.015653 0 0 0 0 -0 0 0 0.014502 -0.0043935 0.0039221 0 0
-0 -0 -0 0.10153 0 0 0 0 -0 0 0 0.094067 -0.028498 0.02544 0 0
0 0 0 0.18524 0 0 0 0 -0 0 0 0.17163 -0.051995 0.046417 0 0
-0 -0 -0 0.14536 0 0 0 0 -0 0 0 0.13467 -0.040799 0.036422 0 0
0 0 0 0.021668 0 0 0 0 -0 0 0 0.020076 -0.006082 0.0054294 0 0
-0 -0 -0 0.14274 0 0 0 0 -0 0 0 0.13225 -0.040066 0.035768 0 0
-0 -0 -0 0.16095 0 0 0 0 -0 0 0 0.14913 -0.045177 0.04033 0 0
-0 -0 -0 0.018932 0 0 0 0 -0 0 0 0.017541 -0.0053139 0.0047438 0 0
-0 -0 -0 0.014324 0 0 0 0 -0 0 0 0.013272 -0.0040206 0.0035892 0 0
0 0 0 0.04671 0 0 0 0 -0 0 0 0.043277 -0.013111 0.011704 0 0
-0 -0 -0 0.012867 0 0 0 0 -0 0 0 0.011921 -0.0036115 0.003224 0 0
-0 -0 -0 0.084162 0 0 0 0 -0 0 0 0.077977 -0.023623 0.021089 0 0
0 0 0 0.17226 0 0 0 0 -0 0 0 0.1596 -0.048351 0.043164 0 0
-0 -0 -0 0.12581 0 0 0 0 -0 0 0 0.11657 -0.035314 0.031525 0 0
0 0 0 0.0096626 0 0 0 0 -0 0 0 0.0089525 -0.0027122 0.0024212 0 0
