-0 -0 -0.32423 0 0 0 0 0 0 0 0 0 0 0.0089439 -0.16797 -0.27718 0.015845 -0.047662 0.029394 0 0
-0 -0 -0.071582 0 0 0 0 0 0 0 0 0 0 0.0019746 -0.037084 -0.061195 0.0050482 -0.010081 0.0062721 0 0
-0 -0 -0.069537 0 0 0 0 0 0 0 0 0 0 0.0019182 -0.036025 -0.059447 0.0049159 -0.009789 0.0060907 0 0
0 0 0.080665 0 0 0 0 0 0 0 0 0 0 -0.0022251 0.04179 0.06896 -0.0066891 0.010942 -0.0068469 0 0
-0 -0 -0.30126 0 0 0 0 0 0 0 0 0 0 0.0083102 -0.15607 -0.25754 0.015328 -0.044155 0.027252 0 0
0 0 0.17827 0 0 0 0 0 0 0 0 0 0 -0.0049177 0.092357 0.15241 -0.01614 0.023493 -0.014757 0 0
-0 -0 -0.19743 0 0 0 0 0 0 0 0 0 0 0.0054462 -0.10228 -0.16878 0.011821 -0.028489 0.017646 0 0
0 0 0.22792 0 0 0 0 0 0 0 0 0 0 -0.0062872 0.11808 0.19485 -0.02149 0.02955 -0.018601 0 0
0 0 0.096688 0 0 0 0 0 0 0 0 0 0 -0.0026671 0.050091 0.082658 -0.0081404 0.013057 -0.0081753 0 0
0 0 0.30349 0 0 0 0 0 0 0 0 0 0 -0.0083718 0.15723 0.25945 -0.030299 0.038306 -0.024191 0 0
0 0 0.15118 0 0 0 0 0 0 0 0 0 0 -0.0041703 0.078321 0.12924 -0.013372 0.020091 -0.012607 0 0
0 0 0.24094 0 0 0 0 0 0 0 0 0 0 -0.0066462 0.12482 0.20598 -0.022951 0.031099 -0.019587 0 0
-0 -0 -0.25449 0 0 0 0 0 0 0 0 0 0 0.0070201 -0.13184 -0.21756 0.013985 -0.037057 0.022907 0 0
0 0 0.30395 0 0 0 0 0 0 0 0 0 0 -0.0083846 0.15747 0.25985 -0.030356 0.038358 -0.024224 0 0
0 0 0.0034337 0 0 0 0 0 0 0 0 0 0 -9.4718e-05 0.0017789 0.0029354 -0.00026339 0.00047527 -0.00029651 0 0
0 0 0.15481 0 0 0 0 0 0 0 0 0 0 -0.0042703 0.080199 0.13234 -0.013736 0.02055 -0.012896 0 0
-0 -0 -0.31282 0 0 0 0 0 0 0 0 0 0 0.008629 -0.16206 -0.26742 0.0156 -0.045918 0.028329 0 0
-0 -0 -0.14087 0 0 0 0 0 0 0 0 0 0 0.0038859 -0.07298 -0.12043 0.0091143 -0.020122 0.012488 0 0
-0 -0 -0.014035 0 0 0 0 0 0 0 0 0 0 0.00038715 -0.007271 -0.011998 0.0010566 -0.0019509 0.0012163 0 0
-0 -0 -0.11333 0 0 0 0 0 0 0 0 0 0 0.0031263 -0.058715 -0.09689 0.0075964 -0.016101 0.010002 0 0
0 0 0.27673 0 0 0 0 0 0 0 0 0 0 -0.0076335 0.14336 0.23657 -0.02709 0.035271 -0.022248 0 0
-0 -0 -0.34562 0 0 0 0 0 0 0 0 0 0 0.0095339 -0.17905 -0.29547 0.016242 -0.050937 0.031391 0 0
-0 -0 -0.13086 0 0 0 0 0 0 0 0 0 0 0.0036098 -0.067795 -0.11187 0.0085776 -0.018656 0.011582 0 0
0 0 0.08808 0 0 0 0 0 0 0 0 0 0 -0.0024297 0.045631 0.075299 -0.0073557 0.011924 -0.007463 0 0
-0 -0 -0.15456 0 0 0 0 0 0 0 0 0 0 0.0042635 -0.080071 -0.13213 0.0098202 -0.022133 0.01373 0 0
-0 -0 -0.31978 0 0 0 0 0 0 0 0 0 0 0.0088212 -0.16567 -0.27338 0.015752 -0.046982 0.028979 0 0
0 0 0.18881 0 0 0 0 0 0 0 0 0 0 -0.0052082 0.097814 0.16141 -0.017245 0.024797 -0.015583 0 0
-0 -0 -0.1813 0 0 0 0 0 0 0 0 0 0 0.0050011 -0.093924 -0.15499 0.011106 -0.026088 0.016168 0 0
-0 -0 -0.11155 0 0 0 0 0 0 0 0 0 0 0.0030771 -0.05779 -0.095364 0.0074936 -0.015842 0.0098421 0 0
-0 -0 -0.24291 0 0 0 0 0 0 0 0 0 0 0.0067007 -0.12584 -0.20766 0.013592 -0.035309 0.021836 0 0
-0 -0 -0.27902 0 0 0 0 0 0 0 0 0 0 0.0076967 -0.14455 -0.23853 0.014738 -0.040772 0.025183 0 0
-0 -0 -0.14954 0 0 0 0 0 0 0 0 0 0 0.004125 -0.07747 -0.12784 0.0095651 -0.021394 0.013274 0 0
-0 -0 -0.083904 0 0 0 0 0 0 0 0 0 0 0.0023145 -0.043468 -0.07173 0.005831 -0.011848 0.007368 0 0
0 0 0.20045 0 0 0 0 0 0 0 0 0 0 -0.0055294 0.10385 0.17136 -0.018485 0.026227 -0.01649 0 0
0 0 0.0027175 0 0 0 0 0 0 0 0 0 0 -7.4963e-05 0.0014079 0.0023232 -0.0002083 0.00037622 -0.00023471 0 0
0 0 0.30743 0 0 0 0 0 0 0 0 0 0 -0.0084803 0.15927 0.26282 -0.030779 0.038745 -0.024473 0 0
-0 -0 -0.34541 0 0 0 0 0 0 0 0 0 0 0.009528 -0.17894 -0.29529 0.016238 -0.050904 0.031371 0 0
0 0 0.068745 0 0 0 0 0 0 0 0 0 0 -0.0018963 0.035614 0.05877 -0.0056354 0.0093559 -0.0058515 0 0
-0 -0 -0.15292 0 0 0 0 0 0 0 0 0 0 0.0042183 -0.079222 -0.13073 0.0097374 -0.021892 0.013581 0 0
0 0 0.31047 0 0 0 0 0 0 0 0 0 0 -0.0085643 0.16084 0.26542 -0.031152 0.039084 -0.02469 0 0
-0 -0 -0.080522 0 0 0 0 0 0 0 0 0 0 0.0022212 -0.041715 -0.068838 0.0056187 -0.011362 0.0070668 0 0
-0 -0 -0.11082 0 0 0 0 0 0 0 0 0 0 0.0030569 -0.05741 -0.094737 0.0074512 -0.015736 0.0097762 0 0
0 0 0.01113 0 0 0 0 0 0 0 0 0 0 -0.00030703 0.0057662 0.0095153 -0.00086076 0.0015377 -0.0009596 0 0
-0 -0 -0.2212 0 0 0 0 0 0 0 0 0 0 0.0061019 -0.1146 -0.18911 0.012792 -0.032045 0.019832 0 0
-0 -0 -0.10919 0 0 0 0 0 0 0 0 0 0 0.003012 -0.056567 -0.093346 0.0073567 -0.0155 0.00963 0 0
-0 -0 -0.31815 0 0 0 0 0 0 0 0 0 0 0.0087761 -0.16482 -0.27198 0.015717 -0.046733 0.028827 0 0
-0 -0 -0.10492 0 0 0 0 0 0 0 0 0 0 0.0028941 -0.054354 -0.089693 0.0071065 -0.01488 0.0092466 0 0
-0 -0 -0.048535 0 0 0 0 0 0 0 0 0 0 0.0013388 -0.025144 -0.041493 0.0035158 -0.0068008 0.0042347 0 0
0 0 0.050231 0 0 0 0 0 0 0 0 0 0 -0.0013856 0.026023 0.042943 -0.0040433 0.0068703 -0.0042938 0 0
-0 -0 -0.3067 0 0 0 0 0 0 0 0 0 0 0.0084602 -0.15889 -0.26219 0.015459 -0.044984 0.027759 0 0
-0 -0 -0.3453 0 0 0 0 0 0 0 0 0 0 0.0095252 -0.17889 -0.2952 0.016236 -0.050888 0.031362 0 0
0 0 0.28183 0 0 0 0 0 0 0 0 0 0 -0.0077743 0.14601 0.24094 -0.027694 0.035856 -0.022622 0 0
0 0 0.093113 0 0 0 0 0 0 0 0 0 0 -0.0025685 0.048239 0.079602 -0.0078132 0.012587 -0.0078799 0 0
0 0 0.083885 0 0 0 0 0 0 0 0 0 0 -0.002314 0.043458 0.071713 -0.0069775 0.011369 -0.0071147 0 0
-0 -0 -0.20198 0 0 0 0 0 0 0 0 0 0 0.0055716 -0.10464 -0.17267 0.012015 -0.029168 0.018063 0 0
0 0 0.34619 0 0 0 0 0 0 0 0 0 0 -0.0095497 0.17935 0.29596 -0.035616 0.042988 -0.0272 0 0
0 0 0.26288 0 0 0 0 0 0 0 0 0 0 -0.0072515 0.13619 0.22473 -0.025467 0.033672 -0.021227 0 0
0 0 0.037581 0 0 0 0 0 0 0 0 0 0 -0.0010367 0.019469 0.032128 -0.0029868 0.0051571 -0.0032216 0 0
-0 -0 -0.13698 0 0 0 0 0 0 0 0 0 0 0.0037786 -0.070965 -0.1171 0.0089078 -0.019551 0.012135 0 0
0 0 0.12339 0 0 0 0 0 0 0 0 0 0 -0.0034038 0.063926 0.10549 -0.010648 0.016536 -0.010364 0 0
0 0 0.17779 0 0 0 0 0 0 0 0 0 0 -0.0049044 0.092108 0.152 -0.01609 0.023433 -0.014719 0 0
0 0 0.15546 0 0 0 0 0 0 0 0 0 0 -0.0042885 0.08054 0.13291 -0.013802 0.020633 -0.012949 0 0
-0 -0 -0.086065 0 0 0 0 0 0 0 0 0 0 0.0023741 -0.044587 -0.073577 0.0059657 -0.012159 0.0075606 0 0
-0 -0 -0.056425 0 0 0 0 0 0 0 0 0 0 0.0015565 -0.029231 -0.048237 0.0040504 -0.0079202 0.0049303 0 0
0 0 0.1206 0 0 0 0 0 0 0 0 0 0 -0.0033267 0.062477 0.1031 -0.01038 0.016174 -0.010136 0 0
0 0 0.01791 0 0 0 0 0 0 0 0 0 0 -0.00049405 0.0092786 0.015311 -0.0013949 0.0024701 -0.0015419 0 0
-0 -0 -0.18514 0 0 0 0 0 0 0 0 0 0 0.005107 -0.095913 -0.15827 0.01128 -0.026659 0.016519 0 0
0 0 0.11122 0 0 0 0 0 0 0 0 0 0 -0.003068 0.057619 0.095081 -0.0094911 0.014957 -0.0093703 0 0
-0 -0 -0.28816 0 0 0 0 0 0 0 0 0 0 0.0079489 -0.14929 -0.24635 0.014991 -0.042161 0.026033 0 0
-0 -0 -0.16619 0 0 0 0 0 0 0 0 0 0 0.0045843 -0.086097 -0.14207 0.010395 -0.02385 0.014788 0 0
0 0 0.11002 0 0 0 0 0 0 0 0 0 0 -0.0030349 0.056997 0.094055 -0.0093783 0.014801 -0.0092719 0 0
0 0 0.31838 0 0 0 0 0 0 0 0 0 0 -0.0087824 0.16494 0.27218 -0.032125 0.03996 -0.025252 0 0
0 0 0.30967 0 0 0 0 0 0 0 0 0 0 -0.0085423 0.16043 0.26474 -0.031054 0.038996 -0.024633 0 0
-0 -0 -0.32762 0 0 0 0 0 0 0 0 0 0 0.0090374 -0.16973 -0.28008 0.015913 -0.048181 0.029711 0 0
-0 -0 -0.20909 0 0 0 0 0 0 0 0 0 0 0.0057679 -0.10832 -0.17875 0.01231 -0.030231 0.018717 0 0
0 0 0.26488 0 0 0 0 0 0 0 0 0 0 -0.0073068 0.13723 0.22645 -0.025701 0.033905 -0.021376 0 0
0 0 0.29635 0 0 0 0 0 0 0 0 0 0 -0.0081748 0.15353 0.25335 -0.029433 0.037504 -0.023677 0 0
0 0 0.080282 0 0 0 0 0 0 0 0 0 0 -0.0022146 0.041591 0.068633 -0.0066548 0.010892 -0.0068149 0 0
0 0 0.30025 0 0 0 0 0 0 0 0 0 0 -0.0082825 0.15555 0.25669 -0.029906 0.037943 -0.023958 0 0
0 0 0.093937 0 0 0 0 0 0 0 0 0 0 -0.0025912 0.048665 0.080306 -0.0078884 0.012696 -0.007948 0 0
-0 -0 -0.18914 0 0 0 0 0 0 0 0 0 0 0.0052174 -0.097986 -0.16169 0.011459 -0.027254 0.016885 0 0
0 0 0.060542 0 0 0 0 0 0 0 0 0 0 -0.00167 0.031365 0.051757 -0.0049233 0.0082578 -0.005163 0 0
0 0 0.10699 0 0 0 0 0 0 0 0 0 0 -0.0029514 0.055429 0.091468 -0.0090949 0.014406 -0.0090237 0 0
-0 -0 -0.030352 0 0 0 0 0 0 0 0 0 0 0.00083726 -0.015724 -0.025948 0.0022442 -0.0042352 0.002639 0 0
0 0 0.27162 0 0 0 0 0 0 0 0 0 0 -0.0074927 0.14072 0.23221 -0.026489 0.034684 -0.021873 0 0
-0 -0 -0.23317 0 0 0 0 0 0 0 0 0 0 0.0064321 -0.1208 -0.19934 0.013244 -0.033843 0.020936 0 0
-0 -0 -0.13492 0 0 0 0 0 0 0 0 0 0 0.0037216 -0.069895 -0.11534 0.008797 -0.019249 0.011949 0 0
0 0 0.24182 0 0 0 0 0 0 0 0 0 0 -0.0066705 0.12528 0.20673 -0.02305 0.031203 -0.019653 0 0
-0 -0 -0.10895 0 0 0 0 0 0 0 0 0 0 0.0030054 -0.056443 -0.093142 0.0073428 -0.015465 0.0096085 0 0
0 0 0.25711 0 0 0 0 0 0 0 0 0 0 -0.0070924 0.1332 0.2198 -0.024799 0.033001 -0.020799 0 0
-0 -0 -0.081537 0 0 0 0 0 0 0 0 0 0 0.0022492 -0.042241 -0.069705 0.0056826 -0.011508 0.0071571 0 0
-0 -0 -0.17085 0 0 0 0 0 0 0 0 0 0 0.004713 -0.088514 -0.14606 0.010618 -0.02454 0.015214 0 0
-0 -0 -0.26674 0 0 0 0 0 0 0 0 0 0 0.0073579 -0.13819 -0.22803 0.014374 -0.03891 0.024043 0 0
-0 -0 -0.17252 0 0 0 0 0 0 0 0 0 0 0.0047589 -0.089374 -0.14748 0.010697 -0.024786 0.015365 0 0
0 0 0.12384 0 0 0 0 0 0 0 0 0 0 -0.003416 0.064155 0.10587 -0.01069 0.016593 -0.0104 0 0
0 0 0.028035 0 0 0 0 0 0 0 0 0 0 -0.00077333 0.014524 0.023967 -0.0022065 0.0038566 -0.0024083 0 0
0 0 0.045575 0 0 0 0 0 0 0 0 0 0 -0.0012572 0.023611 0.038962 -0.0036515 0.0062411 -0.0038999 0 0
-0 -0 -0.32992 0 0 0 0 0 0 0 0 0 0 0.0091009 -0.17092 -0.28205 0.015959 -0.048533 0.029925 0 0
-0 -0 -0.30276 0 0 0 0 0 0 0 0 0 0 0.0083515 -0.15685 -0.25883 0.015365 -0.044384 0.027392 0 0
-0 -0 -0.12687 0 0 0 0 0 0 0 0 0 0 0.0034998 -0.065728 -0.10846 0.0083589 -0.018073 0.011222 0 0
