0 0 0 0.12991 0 0 0 0 0 0 0 0.12798 0.0057868 0.02154 0 0
-0 -0 -0 0.14884 0 0 0 0 0 0 0 0.14663 0.0066302 0.024679 0 0
0 0 0 0.090626 0 0 0 0 0 0 0 0.08928 0.0040369 0.015026 0 0
-0 -0 -0 0.16754 0 0 0 0 0 0 0 0.16506 0.0074631 0.02778 0 0
-0 -0 -0 0.19339 0 0 0 0 0 0 0 0.19052 0.0086146 0.032066 0 0
0 0 0 0.045001 0 0 0 0 0 0 0 0.044332 0.0020045 0.0074614 0 0
0 0 0 0.15705 0 0 0 0 0 0 0 0.15472 0.0069958 0.02604 0 0
0 0 0 0.054579 0 0 0 0 0 0 0 0.053769 0.0024312 0.0090496 0 0
0 0 0 0.039572 0 0 0 0 0 0 0 0.038984 0.0017627 0.0065612 0 0
-0 -0 -0 0.10114 0 0 0 0 0 0 0 0.099638 0.0045052 0.01677 0 0
-0 -0 -0 0.03498 0 0 0 0 0 0 0 0.034461 0.0015582 0.0057999 0 0
0 0 0 0.075783 0 0 0 0 0 0 0 0.074658 0.0033757 0.012565 0 0
0 0 0 0.10359 0 0 0 0 0 0 0 0.10205 0.0046144 0.017176 0 0
0 0 0 0.10409 0 0 0 0 0 0 0 0.10255 0.0046367 0.017259 0 0
-0 -0 -0 0.1351 0 0 0 0 0 0 0 0.13309 0.0060178 0.0224 0 0
-0 -0 -0 0.041733 0 0 0 0 0 0 0 0.041113 0.001859 0.0069195 0 0
-0 -0 -0 0.0024334 0 0 0 0 0 0 0 0.0023973 0.0001084 0.00040347 0 0
0 0 0 0.10789 0 0 0 0 0 0 0 0.10629 0.004806 0.017889 0 0
0 0 0 0.13743 0 0 0 0 0 0 0 0.13539 0.0061216 0.022786 0 0
0 0 0 0.19562 0 0 0 0 0 0 0 0.19271 0.0087136 0.032434 0 0
0 0 0 0.16015 0 0 0 0 0 0 0 0.15777 0.0071338 0.026554 0 0
0 0 0 0.013084 0 0 0 0 0 0 0 0.01289 0.00058283 0.0021694 0 0
0 0 0 0.098762 0 0 0 0 0 0 0 0.097295 0.0043993 0.016375 0 0
0 0 0 0.15462 0 0 0 0 0 0 0 0.15233 0.0068875 0.025637 0 0
-0 -0 -0 0.14855 0 0 0 0 0 0 0 0.14634 0.0066171 0.02463 0 0
0 0 0 0.1742 0 0 0 0 0 0 0 0.17161 0.0077596 0.028883 0 0
-0 -0 -0 0.19306 0 0 0 0 0 0 0 0.19019 0.0085997 0.03201 0 0
-0 -0 -0 0.056815 0 0 0 0 0 0 0 0.055971 0.0025308 0.0094202 0 0
-0 -0 -0 0.11722 0 0 0 0 0 0 0 0.11548 0.0052214 0.019435 0 0
-0 -0 -0 0.18561 0 0 0 0 0 0 0 0.18286 0.008268 0.030776 0 0
0 0 0 0.055995 0 0 0 0 0 0 0 0.055163 0.0024943 0.0092843 0 0
-0 -0 -0 0.006883 0 0 0 0 0 0 0 0.0067808 0.0003066 0.0011412 0 0
0 0 0 0.17725 0 0 0 0 0 0 0 0.17462 0.0078956 0.029389 0 0
0 0 0 0.17056 0 0 0 0 0 0 0 0.16803 0.0075976 0.02828 0 0
-0 -0 -0 0.098629 0 0 0 0 0 0 0 0.097165 0.0043934 0.016353 0 0
0 0 0 0.17746 0 0 0 0 0 0 0 0.17483 0.007905 0.029424 0 0
0 0 0 0.1677 0 0 0 0 0 0 0 0.16521 0.00747 0.027805 0 0
0 0 0 0.11896 0 0 0 0 0 0 0 0.1172 0.0052992 0.019725 0 0
-0 -0 -0 0.06239 0 0 0 0 0 0 0 0.061463 0.0027791 0.010345 0 0
0 0 0 0.1017 0 0 0 0 0 0 0 0.10019 0.0045303 0.016863 0 0
0 0 0 0.057999 0 0 0 0 0 0 0 0.057138 0.0025835 0.0096166 0 0
-0 -0 -0 0.17446 0 0 0 0 0 0 0 0.17187 0.0077713 0.028927 0 0
-0 -0 -0 0.10694 0 0 0 0 0 0 0 0.10535 0.0047636 0.017732 0 0
-0 -0 -0 0.19633 0 0 0 0 0 0 0 0.19341 0.0087454 0.032553 0 0
-0 -0 -0 0.080224 0 0 0 0 0 0 0 0.079033 0.0035735 0.013302 0 0
0 0 0 0.039106 0 0 0 0 0 0 0 0.038526 0.001742 0.0064841 0 0
0 0 0 0.028058 0 0 0 0 0 0 0 0.027641 0.0012498 0.0046522 0 0
0 0 0 0.092174 0 0 0 0 0 0 0 0.090806 0.0041058 0.015283 0 0
0 0 0 0.13444 0 0 0 0 0 0 0 0.13244 0.0059886 0.022291 0 0
0 0 0 0.014786 0 0 0 0 0 0 0 0.014567 0.00065864 0.0024516 0 0
-0 -0 -0 0.19962 0 0 0 0 0 0 0 0.19666 0.0088921 0.033099 0 0
0 0 0 0.045742 0 0 0 0 0 0 0 0.045063 0.0020376 0.0075843 0 0
0 0 0 0.10561 0 0 0 0 0 0 0 0.10404 0.0047044 0.017511 0 0
0 0 0 0.15175 0 0 0 0 0 0 0 0.14949 0.0067595 0.025161 0 0
-0 -0 -0 0.10123 0 0 0 0 0 0 0 0.09973 0.0045094 0.016785 0 0
0 0 0 0.1283 0 0 0 0 0 0 0 0.12639 0.005715 0.021273 0 0
0 0 0 0.003104 0 0 0 0 0 0 0 0.0030579 0.00013827 0.00051466 0 0
0 0 0 0.021367 0 0 0 0 0 0 0 0.02105 0.00095177 0.0035428 0 0
0 0 0 0.0047149 0 0 0 0 0 0 0 0.0046449 0.00021002 0.00078176 0 0
-0 -0 -0 0.18152 0 0 0 0 0 0 0 0.17883 0.0080859 0.030098 0 0
-0 -0 -0 0.15891 0 0 0 0 0 0 0 0.15655 0.0070786 0.026348 0 0
0 0 0 0.081834 0 0 0 0 0 0 0 0.080619 0.0036452 0.013569 0 0
0 0 0 0.098776 0 0 0 0 0 0 0 0.09731 0.0043999 0.016378 0 0
0 0 0 0.060391 0 0 0 0 0 0 0 0.059494 0.0026901 0.010013 0 0
-0 -0 -0 0.12531 0 0 0 0 0 0 0 0.12345 0.0055818 0.020777 0 0
-0 -0 -0 0.16539 0 0 0 0 0 0 0 0.16293 0.007367 0.027422 0 0
0 0 0 0.1035 0 0 0 0 0 0 0 0.10197 0.0046106 0.017162 0 0
0 0 0 0.14171 0 0 0 0 0 0 0 0.1396 0.0063123 0.023496 0 0
0 0 0 0.13025 0 0 0 0 0 0 0 0.12831 0.0058017 0.021596 0 0
-0 -0 -0 0.15522 0 0 0 0 0 0 0 0.15292 0.0069144 0.025737 0 0
0 0 0 0.16926 0 0 0 0 0 0 0 0.16675 0.0075396 0.028064 0 0
-0 -0 -0 0.18077 0 0 0 0 0 0 0 0.17808 0.0080521 0.029972 0 0
0 0 0 0.16947 0 0 0 0 0 0 0 0.16695 0.0075489 0.028099 0 0
0 0 0 0.04747 0 0 0 0 0 0 0 0.046765 0.0021145 0.0078708 0 0
-0 -0 -0 0.18362 0 0 0 0 0 0 0 0.1809 0.0081793 0.030446 0 0
0 0 0 0.037083 0 0 0 0 0 0 0 0.036533 0.0016518 0.0061486 0 0
-0 -0 -0 0.10541 0 0 0 0 0 0 0 0.10385 0.0046955 0.017478 0 0
-0 -0 -0 0.11329 0 0 0 0 0 0 0 0.1116 0.0050462 0.018783 0 0
-0 -0 -0 0.047275 0 0 0 0 0 0 0 0.046573 0.0021058 0.0078385 0 0
-0 -0 -0 0.0049657 0 0 0 0 0 0 0 0.004892 0.0002212 0.00082335 0 0
0 0 0 0.17658 0 0 0 0 0 0 0 0.17396 0.0078659 0.029279 0 0
-0 -0 -0 0.14658 0 0 0 0 0 0 0 0.1444 0.0065292 0.024303 0 0
0 0 0 0.025295 0 0 0 0 0 0 0 0.024919 0.0011267 0.004194 0 0
-0 -0 -0 0.13596 0 0 0 0 0 0 0 0.13394 0.0060561 0.022542 0 0
-0 -0 -0 0.07278 0 0 0 0 0 0 0 0.0717 0.003242 0.012067 0 0
0 0 0 0.14083 0 0 0 0 0 0 0 0.13873 0.006273 0.02335 0 0
-0 -0 -0 0.18136 0 0 0 0 0 0 0 0.17867 0.0080786 0.030071 0 0
0 0 0 0.032009 0 0 0 0 0 0 0 0.031534 0.0014258 0.0053073 0 0
-0 -0 -0 0.071858 0 0 0 0 0 0 0 0.070791 0.0032009 0.011914 0 0
0 0 0 0.14571 0 0 0 0 0 0 0 0.14354 0.0064904 0.024159 0 0
-0 -0 -0 0.1916 0 0 0 0 0 0 0 0.18875 0.0085347 0.031768 0 0
-0 -0 -0 0.18154 0 0 0 0 0 0 0 0.17884 0.0080865 0.0301 0 0
0 0 0 0.17101 0 0 0 0 0 0 0 0.16847 0.0076176 0.028355 0 0
0 0 0 0.18421 0 0 0 0 0 0 0 0.18147 0.0082054 0.030543 0 0
-0 -0 -0 0.061926 0 0 0 0 0 0 0 0.061007 0.0027585 0.010268 0 0
-0 -0 -0 0.10097 0 0 0 0 0 0 0 0.099472 0.0044977 0.016742 0 0
0 0 0 0.10914 0 0 0 0 0 0 0 0.10752 0.0048614 0.018096 0 0
-0 -0 -0 0.076853 0 0 0 0 0 0 0 0.075712 0.0034234 0.012743 0 0
-0 -0 -0 0.10519 0 0 0 0 0 0 0 0.10363 0.0046856 0.017441 0 0
0 0 0 0.12113 0 0 0 0 0 0 0 0.11933 0.0053957 0.020084 0 0
