0 0 0.15394 0 0 0 0 0 0 0 0 0 0 -0.011423 0.079519 0.13131 -0.0027609 0.014409 -0.0089657 0 0
0 0 0.057553 0 0 0 0 0 0 0 0 0 0 -0.0042707 0.029729 0.049094 -0.00072686 0.0054398 -0.0033574 0 0
0 0 0.32945 0 0 0 0 0 0 0 0 0 0 -0.024447 0.17018 0.28103 -0.0090283 0.030046 -0.01898 0 0
0 0 0.22706 0 0 0 0 0 0 0 0 0 0 -0.016849 0.11729 0.19369 -0.0049763 0.021052 -0.013181 0 0
-0 -0 -0.08051 0 0 0 0 0 0 0 0 0 0 0.0059743 -0.041588 -0.068677 0.00039923 -0.0076745 0.0046821 0 0
-0 -0 -0.035501 0 0 0 0 0 0 0 0 0 0 0.0026344 -0.018338 -0.030283 0.00026501 -0.0033771 0.0020681 0 0
0 0 0.2431 0 0 0 0 0 0 0 0 0 0 -0.018039 0.12557 0.20737 -0.0055385 0.022486 -0.014099 0 0
0 0 0.31024 0 0 0 0 0 0 0 0 0 0 -0.023022 0.16026 0.26464 -0.0081852 0.02839 -0.017904 0 0
0 0 0.10255 0 0 0 0 0 0 0 0 0 0 -0.00761 0.052975 0.08748 -0.0015499 0.009653 -0.0059804 0 0
0 0 0.040339 0 0 0 0 0 0 0 0 0 0 -0.0029934 0.020838 0.03441 -0.00047102 0.0038182 -0.0023531 0 0
-0 -0 -0.19935 0 0 0 0 0 0 0 0 0 0 0.014793 -0.10298 -0.17005 -0.00033107 -0.019044 0.011504 0 0
0 0 0.28774 0 0 0 0 0 0 0 0 0 0 -0.021352 0.14863 0.24545 -0.0072459 0.02643 -0.016635 0 0
-0 -0 -0.23012 0 0 0 0 0 0 0 0 0 0 0.017076 -0.11887 -0.1963 -0.00077567 -0.021979 0.013242 0 0
0 0 0.094884 0 0 0 0 0 0 0 0 0 0 -0.007041 0.049014 0.080939 -0.001394 0.008938 -0.0055338 0 0
0 0 0.10477 0 0 0 0 0 0 0 0 0 0 -0.0077747 0.054121 0.089373 -0.0015963 0.0098597 -0.0061095 0 0
-0 -0 -0.13153 0 0 0 0 0 0 0 0 0 0 0.0097605 -0.067945 -0.1122 0.00027828 -0.012557 0.0076283 0 0
-0 -0 -0.34229 0 0 0 0 0 0 0 0 0 0 0.0254 -0.17682 -0.29199 -0.0032769 -0.032581 0.019445 0 0
-0 -0 -0.079102 0 0 0 0 0 0 0 0 0 0 0.0058698 -0.040861 -0.067476 0.00039845 -0.0075398 0.0046005 0 0
0 0 0.30003 0 0 0 0 0 0 0 0 0 0 -0.022264 0.15498 0.25593 -0.0077523 0.027502 -0.017329 0 0
-0 -0 -0.19285 0 0 0 0 0 0 0 0 0 0 0.014311 -0.099621 -0.16451 -0.00025053 -0.018423 0.011135 0 0
0 0 0.1855 0 0 0 0 0 0 0 0 0 0 -0.013765 0.095821 0.15823 -0.0036467 0.017296 -0.010791 0 0
0 0 0.33036 0 0 0 0 0 0 0 0 0 0 -0.024515 0.17065 0.2818 -0.009069 0.030124 -0.019031 0 0
0 0 0.32757 0 0 0 0 0 0 0 0 0 0 -0.024307 0.16921 0.27942 -0.0089439 0.029884 -0.018875 0 0
0 0 0.22466 0 0 0 0 0 0 0 0 0 0 -0.016671 0.11605 0.19164 -0.0048944 0.020836 -0.013043 0 0
-0 -0 -0.16053 0 0 0 0 0 0 0 0 0 0 0.011912 -0.082921 -0.13693 8.0344e-05 -0.015332 0.0092916 0 0
0 0 0.25081 0 0 0 0 0 0 0 0 0 0 -0.018612 0.12956 0.21395 -0.0058187 0.023173 -0.014539 0 0
0 0 0.2263 0 0 0 0 0 0 0 0 0 0 -0.016793 0.1169 0.19304 -0.0049505 0.020984 -0.013138 0 0
0 0 0.14095 0 0 0 0 0 0 0 0 0 0 -0.01046 0.072811 0.12024 -0.0024278 0.013213 -0.0082127 0 0
0 0 0.099944 0 0 0 0 0 0 0 0 0 0 -0.0074165 0.051628 0.085255 -0.0014962 0.00941 -0.0058285 0 0
-0 -0 -0.31107 0 0 0 0 0 0 0 0 0 0 0.023084 -0.16069 -0.26535 -0.002443 -0.02965 0.017742 0 0
-0 -0 -0.23888 0 0 0 0 0 0 0 0 0 0 0.017726 -0.1234 -0.20377 -0.0009214 -0.022813 0.013735 0 0
0 0 0.23648 0 0 0 0 0 0 0 0 0 0 -0.017548 0.12215 0.20172 -0.0053031 0.021895 -0.01372 0 0
-0 -0 -0.042161 0 0 0 0 0 0 0 0 0 0 0.0031286 -0.021779 -0.035965 0.0002991 -0.0040121 0.0024556 0 0
-0 -0 -0.099702 0 0 0 0 0 0 0 0 0 0 0.0073985 -0.051502 -0.085048 0.00038778 -0.0095103 0.0057928 0 0
-0 -0 -0.3117 0 0 0 0 0 0 0 0 0 0 0.02313 -0.16101 -0.26589 -0.0024588 -0.029709 0.017777 0 0
0 0 0.060217 0 0 0 0 0 0 0 0 0 0 -0.0044685 0.031106 0.051367 -0.00076938 0.0056904 -0.0035128 0 0
0 0 0.12367 0 0 0 0 0 0 0 0 0 0 -0.0091768 0.063881 0.10549 -0.0020127 0.011615 -0.0072087 0 0
-0 -0 -0.10598 0 0 0 0 0 0 0 0 0 0 0.0078645 -0.054746 -0.090405 0.00037512 -0.010111 0.0061556 0 0
-0 -0 -0.22072 0 0 0 0 0 0 0 0 0 0 0.016379 -0.11402 -0.18828 -0.0006288 -0.021084 0.012713 0 0
-0 -0 -0.18154 0 0 0 0 0 0 0 0 0 0 0.013471 -0.093776 -0.15486 -0.00012153 -0.017342 0.010491 0 0
-0 -0 -0.2266 0 0 0 0 0 0 0 0 0 0 0.016815 -0.11705 -0.19329 -0.00071947 -0.021643 0.013044 0 0
0 0 0.3355 0 0 0 0 0 0 0 0 0 0 -0.024896 0.17331 0.28619 -0.0093017 0.030564 -0.019318 0 0
0 0 0.15022 0 0 0 0 0 0 0 0 0 0 -0.011147 0.077597 0.12814 -0.0026636 0.014067 -0.0087501 0 0
0 0 0.26176 0 0 0 0 0 0 0 0 0 0 -0.019425 0.13522 0.22329 -0.0062271 0.024144 -0.015163 0 0
0 0 0.17511 0 0 0 0 0 0 0 0 0 0 -0.012995 0.090458 0.14938 -0.0033434 0.016349 -0.010191 0 0
-0 -0 -0.16327 0 0 0 0 0 0 0 0 0 0 0.012116 -0.084341 -0.13928 5.673e-05 -0.015595 0.0094488 0 0
0 0 0.22035 0 0 0 0 0 0 0 0 0 0 -0.016351 0.11382 0.18797 -0.0047492 0.020449 -0.012796 0 0
0 0 0.32886 0 0 0 0 0 0 0 0 0 0 -0.024403 0.16988 0.28052 -0.0090017 0.029995 -0.018947 0 0
0 0 0.14469 0 0 0 0 0 0 0 0 0 0 -0.010737 0.07474 0.12342 -0.0025217 0.013558 -0.0084294 0 0
-0 -0 -0.32037 0 0 0 0 0 0 0 0 0 0 0.023773 -0.16549 -0.27328 -0.0026802 -0.030524 0.018251 0 0
-0 -0 -0.32533 0 0 0 0 0 0 0 0 0 0 0.024142 -0.16805 -0.27752 -0.0028107 -0.03099 0.018522 0 0
0 0 0.27184 0 0 0 0 0 0 0 0 0 0 -0.020172 0.14042 0.23189 -0.0066138 0.025034 -0.015735 0 0
-0 -0 -0.047325 0 0 0 0 0 0 0 0 0 0 0.0035118 -0.024446 -0.040369 0.00032213 -0.0045046 0.0027559 0 0
-0 -0 -0.20206 0 0 0 0 0 0 0 0 0 0 0.014994 -0.10438 -0.17236 -0.00036597 -0.019303 0.011657 0 0
-0 -0 -0.02248 0 0 0 0 0 0 0 0 0 0 0.0016682 -0.011613 -0.019176 0.0001841 -0.002137 0.0013101 0 0
-0 -0 -0.19007 0 0 0 0 0 0 0 0 0 0 0.014104 -0.098181 -0.16213 -0.00021745 -0.018157 0.010976 0 0
0 0 0.16771 0 0 0 0 0 0 0 0 0 0 -0.012445 0.086631 0.14306 -0.0031342 0.015672 -0.009763 0 0
-0 -0 -0.028955 0 0 0 0 0 0 0 0 0 0 0.0021486 -0.014957 -0.024699 0.00022669 -0.0027534 0.0016871 0 0
-0 -0 -0.11207 0 0 0 0 0 0 0 0 0 0 0.0083159 -0.057889 -0.095595 0.00035866 -0.010694 0.0065068 0 0
-0 -0 -0.24045 0 0 0 0 0 0 0 0 0 0 0.017843 -0.12421 -0.20511 -0.00094839 -0.022962 0.013823 0 0
0 0 0.28825 0 0 0 0 0 0 0 0 0 0 -0.02139 0.1489 0.24589 -0.0072668 0.026475 -0.016665 0 0
0 0 0.1049 0 0 0 0 0 0 0 0 0 0 -0.007784 0.054186 0.08948 -0.0015989 0.0098714 -0.0061168 0 0
0 0 0.097152 0 0 0 0 0 0 0 0 0 0 -0.0072093 0.050185 0.082874 -0.0014394 0.0091496 -0.0056659 0 0
-0 -0 -0.033689 0 0 0 0 0 0 0 0 0 0 0.0024999 -0.017403 -0.028738 0.00025488 -0.0032045 0.0019627 0 0
-0 -0 -0.23575 0 0 0 0 0 0 0 0 0 0 0.017494 -0.12178 -0.2011 -0.00086836 -0.022515 0.013559 0 0
-0 -0 -0.30275 0 0 0 0 0 0 0 0 0 0 0.022466 -0.15639 -0.25825 -0.0022385 -0.028865 0.017285 0 0
0 0 0.16947 0 0 0 0 0 0 0 0 0 0 -0.012576 0.087544 0.14457 -0.0031836 0.015834 -0.0098652 0 0
0 0 0.32033 0 0 0 0 0 0 0 0 0 0 -0.02377 0.16547 0.27325 -0.0086232 0.029261 -0.01847 0 0
-0 -0 -0.2751 0 0 0 0 0 0 0 0 0 0 0.020414 -0.14211 -0.23467 -0.0016134 -0.026252 0.015757 0 0
-0 -0 -0.13906 0 0 0 0 0 0 0 0 0 0 0.010319 -0.071834 -0.11862 0.00023588 -0.013278 0.008061 0 0
0 0 0.22993 0 0 0 0 0 0 0 0 0 0 -0.017062 0.11877 0.19613 -0.0050748 0.021309 -0.013345 0 0
0 0 0.13532 0 0 0 0 0 0 0 0 0 0 -0.010042 0.069901 0.11543 -0.002289 0.012693 -0.0078857 0 0
0 0 0.1015 0 0 0 0 0 0 0 0 0 0 -0.0075318 0.05243 0.086581 -0.0015281 0.0095548 -0.0059189 0 0
0 0 0.033661 0 0 0 0 0 0 0 0 0 0 -0.0024978 0.017388 0.028713 -0.00038058 0.0031877 -0.0019635 0 0
0 0 0.10625 0 0 0 0 0 0 0 0 0 0 -0.0078841 0.054883 0.090631 -0.0016274 0.0099969 -0.0061954 0 0
-0 -0 -0.12886 0 0 0 0 0 0 0 0 0 0 0.0095621 -0.066564 -0.10992 0.00029182 -0.012301 0.0074745 0 0
-0 -0 -0.28417 0 0 0 0 0 0 0 0 0 0 0.021087 -0.14679 -0.2424 -0.0018092 -0.02711 0.01626 0 0
0 0 0.068849 0 0 0 0 0 0 0 0 0 0 -0.005109 0.035565 0.05873 -0.00091253 0.0065012 -0.0040163 0 0
0 0 0.050155 0 0 0 0 0 0 0 0 0 0 -0.0037218 0.025908 0.042784 -0.0006129 0.0047436 -0.0029259 0 0
0 0 0.2092 0 0 0 0 0 0 0 0 0 0 -0.015524 0.10807 0.17846 -0.0043825 0.019445 -0.012156 0 0
0 0 0.10075 0 0 0 0 0 0 0 0 0 0 -0.0074764 0.052045 0.085944 -0.0015127 0.0094852 -0.0058755 0 0
0 0 0.1257 0 0 0 0 0 0 0 0 0 0 -0.0093278 0.064932 0.10723 -0.0020599 0.011803 -0.0073269 0 0
-0 -0 -0.12341 0 0 0 0 0 0 0 0 0 0 0.0091577 -0.063749 -0.10527 0.00031696 -0.011779 0.0071608 0 0
-0 -0 -0.31508 0 0 0 0 0 0 0 0 0 0 0.023381 -0.16276 -0.26877 -0.0025441 -0.030027 0.017962 0 0
-0 -0 -0.067571 0 0 0 0 0 0 0 0 0 0 0.0050142 -0.034905 -0.05764 0.00038377 -0.0064377 0.0039318 0 0
0 0 0.038557 0 0 0 0 0 0 0 0 0 0 -0.0028612 0.019917 0.03289 -0.0004464 0.00365 -0.0022492 0 0
0 0 0.26207 0 0 0 0 0 0 0 0 0 0 -0.019447 0.13538 0.22356 -0.0062388 0.024172 -0.01518 0 0
0 0 0.12651 0 0 0 0 0 0 0 0 0 0 -0.009388 0.065351 0.10792 -0.0020788 0.011879 -0.0073741 0 0
-0 -0 -0.26244 0 0 0 0 0 0 0 0 0 0 0.019475 -0.13557 -0.22387 -0.0013552 -0.025052 0.015053 0 0
-0 -0 -0.023363 0 0 0 0 0 0 0 0 0 0 0.0017337 -0.012068 -0.019929 0.00019018 -0.002221 0.0013615 0 0
0 0 0.098629 0 0 0 0 0 0 0 0 0 0 -0.0073189 0.050948 0.084133 -0.0014693 0.0092873 -0.0057519 0 0
-0 -0 -0.03569 0 0 0 0 0 0 0 0 0 0 0.0026484 -0.018436 -0.030445 0.00026605 -0.0033951 0.0020791 0 0
-0 -0 -0.1346 0 0 0 0 0 0 0 0 0 0 0.0099884 -0.069531 -0.11482 0.00026175 -0.012851 0.0078049 0 0
-0 -0 -0.12599 0 0 0 0 0 0 0 0 0 0 0.0093492 -0.065081 -0.10747 0.00030547 -0.012026 0.0073093 0 0
-0 -0 -0.061582 0 0 0 0 0 0 0 0 0 0 0.0045698 -0.031811 -0.052531 0.00037029 -0.0058656 0.0035842 0 0
0 0 0.16828 0 0 0 0 0 0 0 0 0 0 -0.012487 0.086925 0.14354 -0.00315 0.015724 -0.0097959 0 0
0 0 0.12267 0 0 0 0 0 0 0 0 0 0 -0.0091028 0.063366 0.10464 -0.0019897 0.011523 -0.0071507 0 0
0 0 0.32809 0 0 0 0 0 0 0 0 0 0 -0.024347 0.16948 0.27987 -0.0089675 0.029929 -0.018904 0 0
-0 -0 -0.29964 0 0 0 0 0 0 0 0 0 0 0.022235 -0.15478 -0.2556 -0.002164 -0.028572 0.017114 0 0
-0 -0 -0.14191 0 0 0 0 0 0 0 0 0 0 0.010531 -0.073306 -0.12105 0.00021818 -0.013551 0.0082247 0 0
