-0 -0 -0.070515 0 0 0 0 0 0 0 0 0 0 0.0019451 -0.036531 -0.060283 -0.0057938 -0.0076475 0.0044474 0 0
0 0 0.094994 0 0 0 0 0 0 0 0 0 0 -0.0026204 0.049213 0.08121 0.0067927 0.010803 -0.0063275 0 0
-0 -0 -0.23673 0 0 0 0 0 0 0 0 0 0 0.0065303 -0.12264 -0.20238 -0.021802 -0.024188 0.013954 0 0
0 0 0.23 0 0 0 0 0 0 0 0 0 0 -0.0063445 0.11915 0.19662 0.014339 0.026967 -0.015879 0 0
-0 -0 -0.22714 0 0 0 0 0 0 0 0 0 0 0.0062657 -0.11767 -0.19418 -0.020793 -0.023296 0.013446 0 0
-0 -0 -0.22998 0 0 0 0 0 0 0 0 0 0 0.006344 -0.11914 -0.19661 -0.021091 -0.023561 0.013597 0 0
0 0 0.0028075 0 0 0 0 0 0 0 0 0 0 -7.7444e-05 0.0014544 0.0024001 0.00021766 0.00031138 -0.00018167 0 0
-0 -0 -0.33774 0 0 0 0 0 0 0 0 0 0 0.0093167 -0.17497 -0.28874 -0.032994 -0.03307 0.018975 0 0
0 0 0.080904 0 0 0 0 0 0 0 0 0 0 -0.0022317 0.041913 0.069164 0.0058607 0.0091676 -0.0053664 0 0
-0 -0 -0.045106 0 0 0 0 0 0 0 0 0 0 0.0012443 -0.023368 -0.038561 -0.0036344 -0.0049313 0.0028711 0 0
-0 -0 -0.31749 0 0 0 0 0 0 0 0 0 0 0.008758 -0.16448 -0.27142 -0.030669 -0.031366 0.018018 0 0
-0 -0 -0.13968 0 0 0 0 0 0 0 0 0 0 0.0038531 -0.072364 -0.11941 -0.012068 -0.0148 0.0085793 0 0
-0 -0 -0.34353 0 0 0 0 0 0 0 0 0 0 0.0094762 -0.17797 -0.29368 -0.033666 -0.033549 0.019244 0 0
-0 -0 -0.27116 0 0 0 0 0 0 0 0 0 0 0.0074799 -0.14048 -0.23181 -0.0255 -0.027321 0.015734 0 0
-0 -0 -0.056686 0 0 0 0 0 0 0 0 0 0 0.0015637 -0.029367 -0.048461 -0.0046087 -0.0061749 0.0035932 0 0
-0 -0 -0.31756 0 0 0 0 0 0 0 0 0 0 0.00876 -0.16452 -0.27148 -0.030677 -0.031372 0.018021 0 0
-0 -0 -0.25596 0 0 0 0 0 0 0 0 0 0 0.0070606 -0.1326 -0.21882 -0.023852 -0.025951 0.014957 0 0
0 0 0.23867 0 0 0 0 0 0 0 0 0 0 -0.0065837 0.12365 0.20404 0.014736 0.028032 -0.016512 0 0
-0 -0 -0.31589 0 0 0 0 0 0 0 0 0 0 0.0087139 -0.16365 -0.27006 -0.030487 -0.03123 0.017941 0 0
0 0 0.2661 0 0 0 0 0 0 0 0 0 0 -0.0073404 0.13786 0.22749 0.015922 0.031419 -0.018526 0 0
-0 -0 -0.21067 0 0 0 0 0 0 0 0 0 0 0.0058112 -0.10914 -0.1801 -0.019085 -0.021745 0.012561 0 0
0 0 0.12304 0 0 0 0 0 0 0 0 0 0 -0.003394 0.063742 0.10519 0.0085678 0.01409 -0.0082619 0 0
-0 -0 -0.15002 0 0 0 0 0 0 0 0 0 0 0.0041383 -0.077719 -0.12825 -0.013054 -0.015837 0.0091759 0 0
0 0 0.26503 0 0 0 0 0 0 0 0 0 0 -0.0073109 0.1373 0.22658 0.015878 0.031286 -0.018447 0 0
-0 -0 -0.13689 0 0 0 0 0 0 0 0 0 0 0.0037762 -0.070919 -0.11703 -0.011804 -0.014519 0.0084173 0 0
0 0 0.21116 0 0 0 0 0 0 0 0 0 0 -0.0058249 0.10939 0.18052 0.013439 0.024664 -0.014513 0 0
-0 -0 -0.068977 0 0 0 0 0 0 0 0 0 0 0.0019027 -0.035735 -0.058969 -0.0056609 -0.0074844 0.0043529 0 0
-0 -0 -0.29711 0 0 0 0 0 0 0 0 0 0 0.0081958 -0.15392 -0.254 -0.028368 -0.029612 0.017029 0 0
0 0 0.2832 0 0 0 0 0 0 0 0 0 0 -0.0078122 0.14672 0.24211 0.016606 0.033543 -0.019791 0 0
-0 -0 -0.11127 0 0 0 0 0 0 0 0 0 0 0.0030695 -0.057646 -0.095127 -0.0094222 -0.011906 0.0069111 0 0
-0 -0 -0.1679 0 0 0 0 0 0 0 0 0 0 0.0046316 -0.086985 -0.14354 -0.01479 -0.017611 0.010195 0 0
0 0 0.34056 0 0 0 0 0 0 0 0 0 0 -0.0093943 0.17643 0.29114 0.018591 0.040729 -0.024082 0 0
0 0 0.11042 0 0 0 0 0 0 0 0 0 0 -0.0030459 0.057205 0.094398 0.0077823 0.012606 -0.007388 0 0
0 0 0.22213 0 0 0 0 0 0 0 0 0 0 -0.0061274 0.11508 0.1899 0.013969 0.026003 -0.015307 0 0
0 0 0.039919 0 0 0 0 0 0 0 0 0 0 -0.0011012 0.020681 0.034127 0.0029991 0.0044743 -0.0026146 0 0
0 0 0.28308 0 0 0 0 0 0 0 0 0 0 -0.0078088 0.14665 0.24201 0.016602 0.033528 -0.019782 0 0
-0 -0 -0.080921 0 0 0 0 0 0 0 0 0 0 0.0022322 -0.041922 -0.069179 -0.0067011 -0.0087465 0.0050841 0 0
-0 -0 -0.25147 0 0 0 0 0 0 0 0 0 0 0.0069367 -0.13028 -0.21498 -0.023369 -0.025542 0.014724 0 0
-0 -0 -0.098103 0 0 0 0 0 0 0 0 0 0 0.0027062 -0.050823 -0.083868 -0.0082279 -0.010544 0.0061239 0 0
-0 -0 -0.12836 0 0 0 0 0 0 0 0 0 0 0.0035407 -0.066497 -0.10973 -0.011002 -0.013654 0.0079192 0 0
0 0 0.31187 0 0 0 0 0 0 0 0 0 0 -0.008603 0.16157 0.26662 0.017659 0.037124 -0.021927 0 0
0 0 0.26721 0 0 0 0 0 0 0 0 0 0 -0.0073711 0.13843 0.22844 0.015968 0.031556 -0.018608 0 0
-0 -0 -0.29052 0 0 0 0 0 0 0 0 0 0 0.0080141 -0.15051 -0.24837 -0.027634 -0.029036 0.016704 0 0
-0 -0 -0.2386 0 0 0 0 0 0 0 0 0 0 0.0065819 -0.12361 -0.20398 -0.021999 -0.024361 0.014053 0 0
0 0 0.0064508 0 0 0 0 0 0 0 0 0 0 -0.00017795 0.0033419 0.0055148 0.00049862 0.00071624 -0.00041795 0 0
0 0 0.28577 0 0 0 0 0 0 0 0 0 0 -0.0078829 0.14805 0.2443 0.016705 0.033862 -0.019981 0 0
-0 -0 -0.076989 0 0 0 0 0 0 0 0 0 0 0.0021238 -0.039885 -0.065818 -0.0063568 -0.0083322 0.0048442 0 0
-0 -0 -0.042502 0 0 0 0 0 0 0 0 0 0 0.0011724 -0.022019 -0.036335 -0.0034177 -0.0046504 0.0027078 0 0
-0 -0 -0.29141 0 0 0 0 0 0 0 0 0 0 0.0080384 -0.15097 -0.24912 -0.027732 -0.029113 0.016748 0 0
-0 -0 -0.16268 0 0 0 0 0 0 0 0 0 0 0.0044874 -0.084277 -0.13907 -0.014279 -0.017095 0.0098989 0 0
0 0 0.25498 0 0 0 0 0 0 0 0 0 0 -0.0070336 0.1321 0.21798 0.015454 0.030042 -0.017707 0 0
-0 -0 -0.006346 0 0 0 0 0 0 0 0 0 0 0.00017505 -0.0032876 -0.0054251 -0.00049572 -0.00070197 0.00040939 0 0
-0 -0 -0.058146 0 0 0 0 0 0 0 0 0 0 0.001604 -0.030123 -0.049709 -0.0047327 -0.006331 0.0036838 0 0
-0 -0 -0.24685 0 0 0 0 0 0 0 0 0 0 0.0068093 -0.12788 -0.21103 -0.022875 -0.02512 0.014484 0 0
-0 -0 -0.047227 0 0 0 0 0 0 0 0 0 0 0.0013028 -0.024467 -0.040375 -0.0038116 -0.0051598 0.0030038 0 0
0 0 0.22568 0 0 0 0 0 0 0 0 0 0 -0.0062253 0.11692 0.19293 0.014137 0.026438 -0.015565 0 0
0 0 0.29378 0 0 0 0 0 0 0 0 0 0 -0.0081039 0.1522 0.25115 0.017008 0.034861 -0.020577 0 0
-0 -0 -0.11786 0 0 0 0 0 0 0 0 0 0 0.0032511 -0.061059 -0.10076 -0.010027 -0.012583 0.0073015 0 0
-0 -0 -0.26427 0 0 0 0 0 0 0 0 0 0 0.0072898 -0.13691 -0.22592 -0.02475 -0.026703 0.015383 0 0
0 0 0.12957 0 0 0 0 0 0 0 0 0 0 -0.0035741 0.067124 0.11077 0.0089656 0.014861 -0.0087163 0 0
-0 -0 -0.24224 0 0 0 0 0 0 0 0 0 0 0.0066821 -0.12549 -0.20709 -0.022385 -0.024696 0.014243 0 0
-0 -0 -0.018645 0 0 0 0 0 0 0 0 0 0 0.00051431 -0.0096592 -0.015939 -0.0014711 -0.0020549 0.0011978 0 0
0 0 0.29149 0 0 0 0 0 0 0 0 0 0 -0.0080408 0.15101 0.2492 0.016923 0.034575 -0.020406 0 0
-0 -0 -0.28418 0 0 0 0 0 0 0 0 0 0 0.0078392 -0.14723 -0.24295 -0.026931 -0.028479 0.016389 0 0
-0 -0 -0.10815 0 0 0 0 0 0 0 0 0 0 0.0029832 -0.056027 -0.092454 -0.0091368 -0.011584 0.006725 0 0
-0 -0 -0.060259 0 0 0 0 0 0 0 0 0 0 0.0016623 -0.031218 -0.051516 -0.0049127 -0.0065567 0.0038148 0 0
0 0 0.29093 0 0 0 0 0 0 0 0 0 0 -0.0080252 0.15072 0.24871 0.016902 0.034505 -0.020364 0 0
0 0 0.32704 0 0 0 0 0 0 0 0 0 0 -0.0090215 0.16943 0.27959 0.018167 0.039028 -0.023064 0 0
0 0 0.00013121 0 0 0 0 0 0 0 0 0 0 -3.6194e-06 6.7974e-05 0.00011217 1.0195e-05 1.4541e-05 -8.483e-06 0 0
0 0 0.14742 0 0 0 0 0 0 0 0 0 0 -0.0040664 0.076371 0.12602 0.010023 0.016979 -0.0099658 0 0
0 0 0.17754 0 0 0 0 0 0 0 0 0 0 -0.0048974 0.091976 0.15178 0.011708 0.020588 -0.012099 0 0
0 0 0.019553 0 0 0 0 0 0 0 0 0 0 -0.00053938 0.01013 0.016716 0.0014949 0.0021792 -0.0012723 0 0
0 0 0.10811 0 0 0 0 0 0 0 0 0 0 -0.0029821 0.056005 0.092419 0.0076359 0.012335 -0.0072283 0 0
0 0 0.26313 0 0 0 0 0 0 0 0 0 0 -0.0072585 0.13632 0.22495 0.015799 0.031051 -0.018307 0 0
0 0 0.21468 0 0 0 0 0 0 0 0 0 0 -0.0059219 0.11122 0.18353 0.013611 0.025093 -0.014767 0 0
0 0 0.3387 0 0 0 0 0 0 0 0 0 0 -0.0093431 0.17547 0.28956 0.018535 0.040495 -0.023942 0 0
-0 -0 -0.25533 0 0 0 0 0 0 0 0 0 0 0.0070433 -0.13228 -0.21828 -0.023784 -0.025894 0.014924 0 0
-0 -0 -0.18895 0 0 0 0 0 0 0 0 0 0 0.0052123 -0.09789 -0.16154 -0.016879 -0.019665 0.011372 0 0
-0 -0 -0.23598 0 0 0 0 0 0 0 0 0 0 0.0065094 -0.12225 -0.20174 -0.021722 -0.024118 0.013914 0 0
-0 -0 -0.068001 0 0 0 0 0 0 0 0 0 0 0.0018758 -0.035229 -0.058134 -0.0055766 -0.0073808 0.0042928 0 0
-0 -0 -0.04197 0 0 0 0 0 0 0 0 0 0 0.0011577 -0.021743 -0.03588 -0.0033734 -0.0045929 0.0026744 0 0
-0 -0 -0.13681 0 0 0 0 0 0 0 0 0 0 0.0037738 -0.070875 -0.11696 -0.011796 -0.01451 0.0084123 0 0
0 0 0.21006 0 0 0 0 0 0 0 0 0 0 -0.0057946 0.10883 0.17958 0.013385 0.02453 -0.014433 0 0
0 0 0.31771 0 0 0 0 0 0 0 0 0 0 -0.008764 0.16459 0.27161 0.017858 0.037855 -0.022364 0 0
-0 -0 -0.022249 0 0 0 0 0 0 0 0 0 0 0.00061374 -0.011526 -0.019021 -0.0017606 -0.0024495 0.0014276 0 0
0 0 0.30001 0 0 0 0 0 0 0 0 0 0 -0.0082757 0.15542 0.25648 0.017238 0.035639 -0.021041 0 0
0 0 0.19529 0 0 0 0 0 0 0 0 0 0 -0.0053872 0.10117 0.16696 0.012642 0.022735 -0.013369 0 0
-0 -0 -0.27756 0 0 0 0 0 0 0 0 0 0 0.0076564 -0.14379 -0.23728 -0.026201 -0.027892 0.016057 0 0
0 0 0.097927 0 0 0 0 0 0 0 0 0 0 -0.0027013 0.050732 0.083717 0.0069833 0.011145 -0.0065284 0 0
0 0 0.016069 0 0 0 0 0 0 0 0 0 0 -0.00044326 0.0083248 0.013737 0.0012321 0.0017891 -0.0010444 0 0
-0 -0 -0.34342 0 0 0 0 0 0 0 0 0 0 0.0094731 -0.17791 -0.29359 -0.033653 -0.03354 0.019239 0 0
-0 -0 -0.33401 0 0 0 0 0 0 0 0 0 0 0.0092137 -0.17304 -0.28554 -0.032563 -0.032758 0.018801 0 0
-0 -0 -0.29364 0 0 0 0 0 0 0 0 0 0 0.0081 -0.15212 -0.25103 -0.027981 -0.029309 0.016858 0 0
-0 -0 -0.095977 0 0 0 0 0 0 0 0 0 0 0.0026475 -0.049722 -0.082051 -0.0080371 -0.010323 0.0059961 0 0
-0 -0 -0.060392 0 0 0 0 0 0 0 0 0 0 0.0016659 -0.031287 -0.051629 -0.004924 -0.0065708 0.003823 0 0
0 0 0.25262 0 0 0 0 0 0 0 0 0 0 -0.0069686 0.13087 0.21597 0.015353 0.029751 -0.017534 0 0
-0 -0 -0.1425 0 0 0 0 0 0 0 0 0 0 0.003931 -0.073826 -0.12183 -0.012336 -0.015084 0.0087427 0 0
-0 -0 -0.28757 0 0 0 0 0 0 0 0 0 0 0.0079326 -0.14898 -0.24584 -0.027306 -0.028777 0.016558 0 0
-0 -0 -0.31749 0 0 0 0 0 0 0 0 0 0 0.0087581 -0.16448 -0.27143 -0.030669 -0.031366 0.018018 0 0
-0 -0 -0.30771 0 0 0 0 0 0 0 0 0 0 0.0084882 -0.15941 -0.26306 -0.02956 -0.030529 0.017547 0 0
