-0 -0 -0.10275 0 0 0 0 0 0 0 0 0 0 0.007625 -0.053079 -0.087652 0.011827 -0.0090334 0.0064992 0 0
0 0 0.081436 0 0 0 0 0 0 0 0 0 0 -0.0060431 0.042067 0.069468 -0.010142 0.0063595 -0.0047333 0 0
0 0 0.12524 0 0 0 0 0 0 0 0 0 0 -0.0092932 0.064692 0.10683 -0.015852 0.0094708 -0.0071141 0 0
0 0 0.18913 0 0 0 0 0 0 0 0 0 0 -0.014035 0.097697 0.16133 -0.024473 0.013606 -0.010368 0 0
-0 -0 -0.33044 0 0 0 0 0 0 0 0 0 0 0.024521 -0.17069 -0.28188 0.033609 -0.03259 0.022659 0 0
0 0 0.16028 0 0 0 0 0 0 0 0 0 0 -0.011894 0.082796 0.13673 -0.02054 0.011799 -0.008932 0 0
-0 -0 -0.30234 0 0 0 0 0 0 0 0 0 0 0.022435 -0.15618 -0.2579 0.031279 -0.029447 0.020553 0 0
-0 -0 -0.20157 0 0 0 0 0 0 0 0 0 0 0.014958 -0.10412 -0.17194 0.022073 -0.0187 0.013244 0 0
-0 -0 -0.1577 0 0 0 0 0 0 0 0 0 0 0.011703 -0.081464 -0.13453 0.017668 -0.014296 0.010194 0 0
0 0 0.28742 0 0 0 0 0 0 0 0 0 0 -0.021329 0.14847 0.24518 -0.038339 0.018999 -0.014841 0 0
0 0 0.080572 0 0 0 0 0 0 0 0 0 0 -0.0059789 0.041621 0.06873 -0.010031 0.0062959 -0.0046852 0 0
0 0 0.08745 0 0 0 0 0 0 0 0 0 0 -0.0064893 0.045174 0.074598 -0.010916 0.0067998 -0.0050673 0 0
-0 -0 -0.11113 0 0 0 0 0 0 0 0 0 0 0.0082465 -0.057405 -0.094797 0.01274 -0.0098168 0.007053 0 0
-0 -0 -0.15281 0 0 0 0 0 0 0 0 0 0 0.011339 -0.078935 -0.13035 0.017162 -0.013816 0.0098592 0 0
-0 -0 -0.3101 0 0 0 0 0 0 0 0 0 0 0.023011 -0.16018 -0.26452 0.031932 -0.030308 0.021131 0 0
-0 -0 -0.18782 0 0 0 0 0 0 0 0 0 0 0.013938 -0.097023 -0.16022 0.020718 -0.017301 0.012279 0 0
-0 -0 -0.1779 0 0 0 0 0 0 0 0 0 0 0.013202 -0.091898 -0.15176 0.019726 -0.016302 0.011588 0 0
-0 -0 -0.2778 0 0 0 0 0 0 0 0 0 0 0.020614 -0.1435 -0.23697 0.029158 -0.026752 0.018737 0 0
0 0 0.29945 0 0 0 0 0 0 0 0 0 0 -0.022221 0.15468 0.25544 -0.04008 0.019576 -0.015341 0 0
0 0 0.32031 0 0 0 0 0 0 0 0 0 0 -0.023769 0.16546 0.27323 -0.043122 0.020534 -0.016186 0 0
0 0 0.27355 0 0 0 0 0 0 0 0 0 0 -0.020299 0.14131 0.23335 -0.036343 0.018311 -0.01425 0 0
-0 -0 -0.19532 0 0 0 0 0 0 0 0 0 0 0.014494 -0.10089 -0.16661 0.02146 -0.018061 0.012804 0 0
-0 -0 -0.00018331 0 0 0 0 0 0 0 0 0 0 1.3603e-05 -9.469e-05 -0.00015637 2.2093e-05 -1.5134e-05 1.1086e-05 0 0
-0 -0 -0.072878 0 0 0 0 0 0 0 0 0 0 0.005408 -0.037646 -0.062167 0.0085066 -0.0062956 0.0045524 0 0
-0 -0 -0.21416 0 0 0 0 0 0 0 0 0 0 0.015892 -0.11063 -0.18269 0.023294 -0.019996 0.014135 0 0
0 0 0.16674 0 0 0 0 0 0 0 0 0 0 -0.012373 0.086133 0.14224 -0.021415 0.012213 -0.0092584 0 0
0 0 0.048912 0 0 0 0 0 0 0 0 0 0 -0.0036296 0.025266 0.041724 -0.0060148 0.0039078 -0.0028896 0 0
-0 -0 -0.18547 0 0 0 0 0 0 0 0 0 0 0.013763 -0.095807 -0.15821 0.020484 -0.017063 0.012115 0 0
-0 -0 -0.18434 0 0 0 0 0 0 0 0 0 0 0.013679 -0.095221 -0.15724 0.020371 -0.016949 0.012036 0 0
-0 -0 -0.049736 0 0 0 0 0 0 0 0 0 0 0.0036907 -0.025692 -0.042426 0.0058667 -0.0042367 0.0030759 0 0
-0 -0 -0.2142 0 0 0 0 0 0 0 0 0 0 0.015895 -0.11065 -0.18272 0.023298 -0.02 0.014138 0 0
-0 -0 -0.11981 0 0 0 0 0 0 0 0 0 0 0.0088908 -0.061891 -0.1022 0.013678 -0.010636 0.0076307 0 0
-0 -0 -0.074627 0 0 0 0 0 0 0 0 0 0 0.0055378 -0.038549 -0.063659 0.0087037 -0.0064534 0.0046651 0 0
-0 -0 -0.33619 0 0 0 0 0 0 0 0 0 0 0.024947 -0.17366 -0.28678 0.034072 -0.03324 0.023093 0 0
-0 -0 -0.33966 0 0 0 0 0 0 0 0 0 0 0.025205 -0.17545 -0.28974 0.03435 -0.033633 0.023355 0 0
0 0 0.26407 0 0 0 0 0 0 0 0 0 0 -0.019596 0.13641 0.22526 -0.034985 0.017827 -0.013839 0 0
-0 -0 -0.018584 0 0 0 0 0 0 0 0 0 0 0.001379 -0.0095996 -0.015852 0.0022223 -0.0015525 0.0011335 0 0
-0 -0 -0.23337 0 0 0 0 0 0 0 0 0 0 0.017317 -0.12055 -0.19907 0.025118 -0.021999 0.015507 0 0
-0 -0 -0.30991 0 0 0 0 0 0 0 0 0 0 0.022998 -0.16009 -0.26437 0.031917 -0.030288 0.021118 0 0
-0 -0 -0.14709 0 0 0 0 0 0 0 0 0 0 0.010915 -0.075982 -0.12547 0.016568 -0.013257 0.0094695 0 0
-0 -0 -0.20311 0 0 0 0 0 0 0 0 0 0 0.015072 -0.10492 -0.17326 0.022224 -0.018857 0.013353 0 0
0 0 0.20527 0 0 0 0 0 0 0 0 0 0 -0.015233 0.10604 0.1751 -0.026703 0.014574 -0.011148 0 0
0 0 0.097074 0 0 0 0 0 0 0 0 0 0 -0.0072035 0.050145 0.082807 -0.012161 0.0074957 -0.005597 0 0
0 0 0.16478 0 0 0 0 0 0 0 0 0 0 -0.012228 0.085121 0.14056 -0.021149 0.012088 -0.0091597 0 0
0 0 0.30076 0 0 0 0 0 0 0 0 0 0 -0.022318 0.15536 0.25656 -0.040271 0.019638 -0.015395 0 0
0 0 0.023315 0 0 0 0 0 0 0 0 0 0 -0.0017301 0.012044 0.019889 -0.0028376 0.0018953 -0.0013946 0 0
0 0 0.23434 0 0 0 0 0 0 0 0 0 0 -0.01739 0.12105 0.1999 -0.030767 0.016236 -0.012508 0 0
-0 -0 -0.13771 0 0 0 0 0 0 0 0 0 0 0.010219 -0.071136 -0.11747 0.015584 -0.012348 0.0088331 0 0
-0 -0 -0.055201 0 0 0 0 0 0 0 0 0 0 0.0040963 -0.028515 -0.047088 0.0064954 -0.004718 0.0034221 0 0
0 0 0.22711 0 0 0 0 0 0 0 0 0 0 -0.016853 0.11732 0.19373 -0.02975 0.015832 -0.012175 0 0
0 0 0.30178 0 0 0 0 0 0 0 0 0 0 -0.022394 0.15589 0.25743 -0.040419 0.019686 -0.015437 0 0
-0 -0 -0.018203 0 0 0 0 0 0 0 0 0 0 0.0013508 -0.009403 -0.015528 0.0021771 -0.0015204 0.0011101 0 0
0 0 0.019833 0 0 0 0 0 0 0 0 0 0 -0.0014717 0.010245 0.016918 -0.0024104 0.001616 -0.0011883 0 0
-0 -0 -0.29354 0 0 0 0 0 0 0 0 0 0 0.021782 -0.15163 -0.25039 0.030527 -0.028475 0.019899 0 0
-0 -0 -0.1159 0 0 0 0 0 0 0 0 0 0 0.0086007 -0.059871 -0.098869 0.013257 -0.010266 0.0073701 0 0
-0 -0 -0.29592 0 0 0 0 0 0 0 0 0 0 0.021959 -0.15286 -0.25243 0.030731 -0.028737 0.020076 0 0
0 0 0.25878 0 0 0 0 0 0 0 0 0 0 -0.019203 0.13367 0.22074 -0.034229 0.017552 -0.013606 0 0
0 0 0.035795 0 0 0 0 0 0 0 0 0 0 -0.0026562 0.01849 0.030534 -0.0043786 0.0028855 -0.0021282 0 0
-0 -0 -0.32789 0 0 0 0 0 0 0 0 0 0 0.024332 -0.16938 -0.2797 0.033402 -0.032302 0.022466 0 0
-0 -0 -0.14327 0 0 0 0 0 0 0 0 0 0 0.010631 -0.074007 -0.12221 0.016168 -0.012886 0.0092097 0 0
-0 -0 -0.095587 0 0 0 0 0 0 0 0 0 0 0.0070931 -0.049377 -0.081538 0.01104 -0.0083685 0.006028 0 0
0 0 0.26504 0 0 0 0 0 0 0 0 0 0 -0.019668 0.13691 0.22609 -0.035123 0.017877 -0.013881 0 0
0 0 0.076636 0 0 0 0 0 0 0 0 0 0 -0.0056869 0.039587 0.065373 -0.0095266 0.0060052 -0.0044652 0 0
-0 -0 -0.21672 0 0 0 0 0 0 0 0 0 0 0.016082 -0.11195 -0.18487 0.02354 -0.020261 0.014317 0 0
0 0 0.1277 0 0 0 0 0 0 0 0 0 0 -0.0094758 0.065963 0.10893 -0.016177 0.0096389 -0.0072443 0 0
-0 -0 -0.21648 0 0 0 0 0 0 0 0 0 0 0.016064 -0.11183 -0.18467 0.023517 -0.020236 0.0143 0 0
0 0 0.089458 0 0 0 0 0 0 0 0 0 0 -0.0066383 0.046211 0.07631 -0.011175 0.0069458 -0.0051782 0 0
-0 -0 -0.045863 0 0 0 0 0 0 0 0 0 0 0.0034033 -0.023691 -0.039122 0.0054192 -0.0038975 0.0028316 0 0
-0 -0 -0.074683 0 0 0 0 0 0 0 0 0 0 0.005542 -0.038579 -0.063707 0.0087101 -0.0064585 0.0046687 0 0
-0 -0 -0.29659 0 0 0 0 0 0 0 0 0 0 0.022009 -0.15321 -0.253 0.030789 -0.028811 0.020126 0 0
0 0 0.30656 0 0 0 0 0 0 0 0 0 0 -0.022748 0.15836 0.2615 -0.041114 0.019909 -0.015633 0 0
-0 -0 -0.21828 0 0 0 0 0 0 0 0 0 0 0.016198 -0.11275 -0.1862 0.023689 -0.020422 0.014428 0 0
-0 -0 -0.0795 0 0 0 0 0 0 0 0 0 0 0.0058994 -0.041067 -0.067816 0.0092512 -0.0068947 0.00498 0 0
-0 -0 -0.13526 0 0 0 0 0 0 0 0 0 0 0.010037 -0.069869 -0.11538 0.015325 -0.012111 0.0086674 0 0
-0 -0 -0.31399 0 0 0 0 0 0 0 0 0 0 0.0233 -0.16219 -0.26784 0.032257 -0.030742 0.021422 0 0
-0 -0 -0.22238 0 0 0 0 0 0 0 0 0 0 0.016502 -0.11488 -0.1897 0.024081 -0.020849 0.01472 0 0
0 0 0.026883 0 0 0 0 0 0 0 0 0 0 -0.0019949 0.013887 0.022932 -0.0032767 0.0021802 -0.0016053 0 0
-0 -0 -0.060824 0 0 0 0 0 0 0 0 0 0 0.0045135 -0.03142 -0.051885 0.0071389 -0.0052164 0.0037799 0 0
0 0 0.0094587 0 0 0 0 0 0 0 0 0 0 -0.00070189 0.004886 0.0080685 -0.0011446 0.000776 -0.00056949 0 0
0 0 0.028458 0 0 0 0 0 0 0 0 0 0 -0.0021118 0.0147 0.024276 -0.0034709 0.0023055 -0.001698 0 0
0 0 0.027502 0 0 0 0 0 0 0 0 0 0 -0.0020408 0.014206 0.02346 -0.0033529 0.0022294 -0.0016417 0 0
-0 -0 -0.15154 0 0 0 0 0 0 0 0 0 0 0.011245 -0.078279 -0.12927 0.017031 -0.013691 0.0097725 0 0
0 0 0.041323 0 0 0 0 0 0 0 0 0 0 -0.0030664 0.021346 0.03525 -0.0050662 0.0033186 -0.0024504 0 0
-0 -0 -0.32965 0 0 0 0 0 0 0 0 0 0 0.024462 -0.17029 -0.2812 0.033545 -0.0325 0.022599 0 0
-0 -0 -0.0021716 0 0 0 0 0 0 0 0 0 0 0.00016115 -0.0011218 -0.0018525 0.00026152 -0.00017952 0.00013146 0 0
0 0 0.23005 0 0 0 0 0 0 0 0 0 0 -0.017071 0.11884 0.19624 -0.030163 0.015997 -0.012311 0 0
-0 -0 -0.17543 0 0 0 0 0 0 0 0 0 0 0.013018 -0.090618 -0.14964 0.019476 -0.016054 0.011416 0 0
0 0 0.1244 0 0 0 0 0 0 0 0 0 0 -0.0092313 0.064261 0.10612 -0.015741 0.0094136 -0.0070699 0 0
-0 -0 -0.23707 0 0 0 0 0 0 0 0 0 0 0.017592 -0.12246 -0.20223 0.025465 -0.022389 0.015773 0 0
-0 -0 -0.26437 0 0 0 0 0 0 0 0 0 0 0.019618 -0.13656 -0.22551 0.027964 -0.025298 0.017752 0 0
0 0 0.33614 0 0 0 0 0 0 0 0 0 0 -0.024944 0.17364 0.28674 -0.045447 0.021223 -0.016806 0 0
-0 -0 -0.15243 0 0 0 0 0 0 0 0 0 0 0.011311 -0.078738 -0.13002 0.017123 -0.013778 0.0098331 0 0
-0 -0 -0.15923 0 0 0 0 0 0 0 0 0 0 0.011816 -0.082254 -0.13583 0.017826 -0.014447 0.010299 0 0
0 0 0.092745 0 0 0 0 0 0 0 0 0 0 -0.0068823 0.047909 0.079114 -0.0116 0.007184 -0.0053594 0 0
0 0 0.30663 0 0 0 0 0 0 0 0 0 0 -0.022753 0.15839 0.26156 -0.041124 0.019912 -0.015635 0 0
0 0 0.31134 0 0 0 0 0 0 0 0 0 0 -0.023103 0.16083 0.26558 -0.041811 0.020129 -0.015827 0 0
-0 -0 -0.070721 0 0 0 0 0 0 0 0 0 0 0.005248 -0.036532 -0.060327 0.0082631 -0.0061014 0.0044136 0 0
0 0 0.018901 0 0 0 0 0 0 0 0 0 0 -0.0014025 0.0097634 0.016123 -0.0022962 0.001541 -0.0011329 0 0
-0 -0 -0.16552 0 0 0 0 0 0 0 0 0 0 0.012282 -0.0855 -0.14119 0.01847 -0.015068 0.010731 0 0
-0 -0 -0.31078 0 0 0 0 0 0 0 0 0 0 0.023062 -0.16054 -0.26511 0.03199 -0.030385 0.021183 0 0
