0 0 0.19125 0 0 0 0 0 0 0 0 0 0 -0.023049 0.097473 0.16293 -0.0060977 0.024989 -0.015813 0 0
0 0 0.1026 0 0 0 0 0 0 0 0 0 0 -0.012365 0.052288 0.087401 -0.002573 0.013575 -0.0084856 0 0
-0 -0 -0.28199 0 0 0 0 0 0 0 0 0 0 0.033985 -0.14372 -0.24023 -0.0014007 -0.038204 0.022657 0 0
-0 -0 -0.31357 0 0 0 0 0 0 0 0 0 0 0.03779 -0.15981 -0.26713 -0.0023296 -0.04247 0.025078 0 0
0 0 0.26477 0 0 0 0 0 0 0 0 0 0 -0.031909 0.13494 0.22556 -0.0099151 0.034162 -0.02184 0 0
-0 -0 -0.0094611 0 0 0 0 0 0 0 0 0 0 0.0011402 -0.0048219 -0.0080599 0.00015491 -0.0012671 0.00077995 0 0
0 0 0.10096 0 0 0 0 0 0 0 0 0 0 -0.012168 0.051456 0.086009 -0.0025193 0.013362 -0.0083503 0 0
-0 -0 -0.060837 0 0 0 0 0 0 0 0 0 0 0.0073318 -0.031006 -0.051827 0.00075176 -0.0081809 0.0050006 0 0
-0 -0 -0.033651 0 0 0 0 0 0 0 0 0 0 0.0040555 -0.01715 -0.028667 0.0004874 -0.0045159 0.0027706 0 0
-0 -0 -0.16667 0 0 0 0 0 0 0 0 0 0 0.020087 -0.084946 -0.14199 0.00067677 -0.022539 0.01358 0 0
-0 -0 -0.29189 0 0 0 0 0 0 0 0 0 0 0.035178 -0.14876 -0.24866 -0.0016755 -0.039543 0.02342 0 0
0 0 0.25213 0 0 0 0 0 0 0 0 0 0 -0.030386 0.1285 0.21479 -0.009202 0.032606 -0.020809 0 0
-0 -0 -0.11594 0 0 0 0 0 0 0 0 0 0 0.013973 -0.059091 -0.098772 0.00093206 -0.015644 0.0094912 0 0
0 0 0.086272 0 0 0 0 0 0 0 0 0 0 -0.010397 0.043969 0.073495 -0.0020548 0.011439 -0.0071339 0 0
-0 -0 -0.20894 0 0 0 0 0 0 0 0 0 0 0.02518 -0.10648 -0.17799 0.00015617 -0.028288 0.016946 0 0
0 0 0.0010239 0 0 0 0 0 0 0 0 0 0 -0.0001234 0.00052184 0.00087226 -1.7603e-05 0.000137 -8.4449e-05 0 0
-0 -0 -0.29332 0 0 0 0 0 0 0 0 0 0 0.035351 -0.14949 -0.24988 -0.0017164 -0.039737 0.02353 0 0
0 0 0.30099 0 0 0 0 0 0 0 0 0 0 -0.036275 0.1534 0.25641 -0.012088 0.038568 -0.024784 0 0
-0 -0 -0.28852 0 0 0 0 0 0 0 0 0 0 0.034771 -0.14704 -0.24579 -0.0015801 -0.039086 0.02316 0 0
-0 -0 -0.0031395 0 0 0 0 0 0 0 0 0 0 0.00037836 -0.0016 -0.0026745 5.2954e-05 -0.00042021 0.00025889 0 0
0 0 0.032706 0 0 0 0 0 0 0 0 0 0 -0.0039417 0.016669 0.027862 -0.00064302 0.0043626 -0.0027009 0 0
0 0 0.099102 0 0 0 0 0 0 0 0 0 0 -0.011943 0.050508 0.084424 -0.0024586 0.013119 -0.0081963 0 0
0 0 0.080832 0 0 0 0 0 0 0 0 0 0 -0.0097416 0.041196 0.06886 -0.0018911 0.010724 -0.0066834 0 0
0 0 0.18685 0 0 0 0 0 0 0 0 0 0 -0.022519 0.09523 0.15918 -0.0058947 0.024431 -0.01545 0 0
0 0 0.12243 0 0 0 0 0 0 0 0 0 0 -0.014755 0.062396 0.1043 -0.0032576 0.016158 -0.010127 0 0
0 0 0.0087051 0 0 0 0 0 0 0 0 0 0 -0.0010491 0.0044366 0.0074158 -0.00015487 0.0011639 -0.00071821 0 0
0 0 0.14526 0 0 0 0 0 0 0 0 0 0 -0.017506 0.07403 0.12374 -0.00412 0.01911 -0.012016 0 0
0 0 0.0032861 0 0 0 0 0 0 0 0 0 0 -0.00039603 0.0016748 0.0027994 -5.7074e-05 0.00043958 -0.00027106 0 0
-0 -0 -0.32282 0 0 0 0 0 0 0 0 0 0 0.038905 -0.16453 -0.27501 -0.0026309 -0.043717 0.025782 0 0
-0 -0 -0.31966 0 0 0 0 0 0 0 0 0 0 0.038524 -0.16291 -0.27232 -0.0025264 -0.043291 0.025542 0 0
-0 -0 -0.23785 0 0 0 0 0 0 0 0 0 0 0.028664 -0.12122 -0.20262 -0.00036068 -0.032217 0.019223 0 0
0 0 0.2705 0 0 0 0 0 0 0 0 0 0 -0.032599 0.13786 0.23043 -0.010246 0.034864 -0.022307 0 0
0 0 0.16217 0 0 0 0 0 0 0 0 0 0 -0.019544 0.08265 0.13815 -0.0048101 0.021283 -0.013413 0 0
-0 -0 -0.32596 0 0 0 0 0 0 0 0 0 0 0.039284 -0.16613 -0.27769 -0.0027361 -0.04414 0.02602 0 0
-0 -0 -0.1719 0 0 0 0 0 0 0 0 0 0 0.020717 -0.087609 -0.14644 0.00062754 -0.02325 0.013998 0 0
-0 -0 -0.15453 0 0 0 0 0 0 0 0 0 0 0.018623 -0.078755 -0.13164 0.00077464 -0.020887 0.012606 0 0
0 0 0.064731 0 0 0 0 0 0 0 0 0 0 -0.0078012 0.03299 0.055144 -0.0014337 0.0086043 -0.0053504 0 0
-0 -0 -0.34879 0 0 0 0 0 0 0 0 0 0 0.042035 -0.17776 -0.29713 -0.0035464 -0.047207 0.02774 0 0
-0 -0 -0.24173 0 0 0 0 0 0 0 0 0 0 0.029133 -0.1232 -0.20593 -0.00044013 -0.032745 0.019528 0 0
-0 -0 -0.33052 0 0 0 0 0 0 0 0 0 0 0.039833 -0.16845 -0.28156 -0.0028914 -0.044753 0.026365 0 0
-0 -0 -0.33111 0 0 0 0 0 0 0 0 0 0 0.039904 -0.16875 -0.28207 -0.002912 -0.044833 0.026409 0 0
-0 -0 -0.099476 0 0 0 0 0 0 0 0 0 0 0.011988 -0.050698 -0.084743 0.0009281 -0.01341 0.008154 0 0
0 0 0.029227 0 0 0 0 0 0 0 0 0 0 -0.0035224 0.014896 0.024898 -0.0005667 0.0038999 -0.0024133 0 0
-0 -0 -0.19395 0 0 0 0 0 0 0 0 0 0 0.023374 -0.098847 -0.16522 0.00037275 -0.02625 0.015757 0 0
0 0 0.17564 0 0 0 0 0 0 0 0 0 0 -0.021168 0.089516 0.14963 -0.0053907 0.023005 -0.014525 0 0
-0 -0 -0.013658 0 0 0 0 0 0 0 0 0 0 0.0016461 -0.006961 -0.011635 0.00021916 -0.0018298 0.0011257 0 0
0 0 0.32247 0 0 0 0 0 0 0 0 0 0 -0.038863 0.16435 0.27471 -0.013465 0.041142 -0.026519 0 0
0 0 0.11766 0 0 0 0 0 0 0 0 0 0 -0.014181 0.059968 0.10024 -0.0030877 0.015539 -0.009733 0 0
-0 -0 -0.28413 0 0 0 0 0 0 0 0 0 0 0.034243 -0.14481 -0.24205 -0.0014588 -0.038493 0.022822 0 0
-0 -0 -0.16556 0 0 0 0 0 0 0 0 0 0 0.019952 -0.084376 -0.14104 0.00068674 -0.022387 0.01349 0 0
-0 -0 -0.092352 0 0 0 0 0 0 0 0 0 0 0.01113 -0.047068 -0.078675 0.00091321 -0.012445 0.0075743 0 0
0 0 0.31389 0 0 0 0 0 0 0 0 0 0 -0.037829 0.15997 0.2674 -0.012907 0.040117 -0.025826 0 0
-0 -0 -0.060491 0 0 0 0 0 0 0 0 0 0 0.0072902 -0.03083 -0.051532 0.00074913 -0.0081343 0.0049724 0 0
-0 -0 -0.061772 0 0 0 0 0 0 0 0 0 0 0.0074446 -0.031482 -0.052623 0.0007588 -0.0083073 0.0050772 0 0
0 0 0.16614 0 0 0 0 0 0 0 0 0 0 -0.020023 0.084674 0.14153 -0.0049784 0.021792 -0.013741 0 0
0 0 0.24148 0 0 0 0 0 0 0 0 0 0 -0.029102 0.12307 0.20571 -0.0086191 0.031288 -0.019937 0 0
0 0 0.032512 0 0 0 0 0 0 0 0 0 0 -0.0039182 0.01657 0.027697 -0.0006387 0.0043367 -0.0026848 0 0
-0 -0 -0.1619 0 0 0 0 0 0 0 0 0 0 0.019512 -0.082514 -0.13792 0.00071798 -0.02189 0.013198 0 0
0 0 0.29438 0 0 0 0 0 0 0 0 0 0 -0.035478 0.15003 0.25078 -0.011677 0.03777 -0.024248 0 0
-0 -0 -0.21333 0 0 0 0 0 0 0 0 0 0 0.02571 -0.10872 -0.18173 8.6047e-05 -0.028885 0.017293 0 0
-0 -0 -0.065777 0 0 0 0 0 0 0 0 0 0 0.0079273 -0.033524 -0.056036 0.00078737 -0.0088484 0.005405 0 0
0 0 0.096586 0 0 0 0 0 0 0 0 0 0 -0.01164 0.049225 0.082281 -0.0023774 0.01279 -0.0079879 0 0
0 0 0.0082081 0 0 0 0 0 0 0 0 0 0 -0.00098921 0.0041833 0.0069924 -0.00014571 0.0010975 -0.00067719 0 0
0 0 0.035549 0 0 0 0 0 0 0 0 0 0 -0.0042843 0.018118 0.030284 -0.00070678 0.0047404 -0.002936 0 0
-0 -0 -0.071703 0 0 0 0 0 0 0 0 0 0 0.0086415 -0.036544 -0.061084 0.00082503 -0.0096494 0.0058896 0 0
-0 -0 -0.26808 0 0 0 0 0 0 0 0 0 0 0.032308 -0.13663 -0.22837 -0.0010403 -0.036319 0.021581 0 0
0 0 0.25291 0 0 0 0 0 0 0 0 0 0 -0.03048 0.1289 0.21545 -0.0092453 0.032702 -0.020872 0 0
-0 -0 -0.15641 0 0 0 0 0 0 0 0 0 0 0.01885 -0.079714 -0.13324 0.000761 -0.021143 0.012757 0 0
-0 -0 -0.057234 0 0 0 0 0 0 0 0 0 0 0.0068977 -0.02917 -0.048758 0.00072338 -0.0076945 0.0047056 0 0
-0 -0 -0.043892 0 0 0 0 0 0 0 0 0 0 0.0052897 -0.022369 -0.037391 0.00060057 -0.0058949 0.0036116 0 0
0 0 0.064217 0 0 0 0 0 0 0 0 0 0 -0.0077393 0.032729 0.054706 -0.0014197 0.0085365 -0.0053079 0 0
0 0 0.19385 0 0 0 0 0 0 0 0 0 0 -0.023363 0.098798 0.16514 -0.006219 0.025318 -0.016027 0 0
-0 -0 -0.10086 0 0 0 0 0 0 0 0 0 0 0.012156 -0.051405 -0.085924 0.00093008 -0.013598 0.0082667 0 0
0 0 0.029856 0 0 0 0 0 0 0 0 0 0 -0.0035982 0.015216 0.025434 -0.00058036 0.0039835 -0.0024653 0 0
-0 -0 -0.32188 0 0 0 0 0 0 0 0 0 0 0.038792 -0.16405 -0.27421 -0.0025996 -0.04359 0.02571 0 0
0 0 0.25828 0 0 0 0 0 0 0 0 0 0 -0.031127 0.13163 0.22003 -0.0095459 0.033364 -0.021311 0 0
0 0 0.0021975 0 0 0 0 0 0 0 0 0 0 -0.00026483 0.00112 0.001872 -3.798e-05 0.00029399 -0.00018125 0 0
-0 -0 -0.29476 0 0 0 0 0 0 0 0 0 0 0.035523 -0.15022 -0.2511 -0.0017578 -0.03993 0.02364 0 0
-0 -0 -0.097067 0 0 0 0 0 0 0 0 0 0 0.011698 -0.049471 -0.082691 0.00092396 -0.013084 0.0079581 0 0
-0 -0 -0.27695 0 0 0 0 0 0 0 0 0 0 0.033377 -0.14115 -0.23593 -0.0012667 -0.037521 0.022268 0 0
-0 -0 -0.080716 0 0 0 0 0 0 0 0 0 0 0.0097276 -0.041137 -0.068762 0.00087174 -0.010869 0.0066256 0 0
0 0 0.07122 0 0 0 0 0 0 0 0 0 0 -0.0085832 0.036297 0.060672 -0.0016132 0.0094597 -0.0058876 0 0
-0 -0 -0.30094 0 0 0 0 0 0 0 0 0 0 0.036268 -0.15337 -0.25637 -0.0019397 -0.040765 0.024114 0 0
0 0 0.14489 0 0 0 0 0 0 0 0 0 0 -0.017461 0.073841 0.12343 -0.0041054 0.019063 -0.011985 0 0
0 0 0.055379 0 0 0 0 0 0 0 0 0 0 -0.0066741 0.028224 0.047177 -0.0011864 0.0073689 -0.0045763 0 0
-0 -0 -0.14873 0 0 0 0 0 0 0 0 0 0 0.017925 -0.075802 -0.1267 0.00081319 -0.020099 0.01214 0 0
0 0 0.052702 0 0 0 0 0 0 0 0 0 0 -0.0063515 0.02686 0.044897 -0.0011181 0.0070148 -0.0043548 0 0
-0 -0 -0.30069 0 0 0 0 0 0 0 0 0 0 0.036238 -0.15325 -0.25616 -0.0019323 -0.040732 0.024095 0 0
-0 -0 -0.13165 0 0 0 0 0 0 0 0 0 0 0.015866 -0.067095 -0.11215 0.00089617 -0.017777 0.010762 0 0
-0 -0 -0.22132 0 0 0 0 0 0 0 0 0 0 0.026673 -0.1128 -0.18854 -4.9292e-05 -0.029972 0.017924 0 0
-0 -0 -0.33552 0 0 0 0 0 0 0 0 0 0 0.040436 -0.171 -0.28583 -0.0030657 -0.045425 0.026742 0 0
-0 -0 -0.23855 0 0 0 0 0 0 0 0 0 0 0.028749 -0.12158 -0.20322 -0.0003748 -0.032312 0.019278 0 0
0 0 0.18635 0 0 0 0 0 0 0 0 0 0 -0.022458 0.094974 0.15875 -0.0058717 0.024367 -0.015408 0 0
0 0 0.053248 0 0 0 0 0 0 0 0 0 0 -0.0064173 0.027138 0.045362 -0.0011319 0.007087 -0.0044 0 0
0 0 0.28928 0 0 0 0 0 0 0 0 0 0 -0.034863 0.14743 0.24644 -0.011364 0.037152 -0.023834 0 0
0 0 0.16331 0 0 0 0 0 0 0 0 0 0 -0.019681 0.08323 0.13912 -0.004858 0.021429 -0.013507 0 0
-0 -0 -0.14783 0 0 0 0 0 0 0 0 0 0 0.017816 -0.075342 -0.12594 0.00081871 -0.019977 0.012067 0 0
0 0 0.30763 0 0 0 0 0 0 0 0 0 0 -0.037074 0.15678 0.26207 -0.012506 0.039366 -0.02532 0 0
0 0 0.33299 0 0 0 0 0 0 0 0 0 0 -0.040131 0.16971 0.28368 -0.014164 0.042392 -0.027365 0 0
0 0 0.16056 0 0 0 0 0 0 0 0 0 0 -0.019351 0.081833 0.13678 -0.0047428 0.021078 -0.013281 0 0
