0 0 0 0.13012 0 0 0 0 0 -0 -0 0.11124 -0.056082 0.037575 0 0
0 0 0 0.17528 0 0 0 0 0 -0 -0 0.14984 -0.075545 0.050615 0 0
0 0 0 0.0048828 0 0 0 0 0 -0 -0 0.0041742 -0.0021045 0.00141 0 0
0 0 0 0.19837 0 0 0 0 0 -0 -0 0.16959 -0.085499 0.057284 0 0
-0 -0 -0 0.16947 0 0 0 0 0 -0 -0 0.14488 -0.073041 0.048937 0 0
0 0 0 0.14599 0 0 0 0 0 -0 -0 0.1248 -0.062921 0.042157 0 0
-0 -0 -0 0.077316 0 0 0 0 0 -0 -0 0.066097 -0.033323 0.022326 0 0
-0 -0 -0 0.075302 0 0 0 0 0 -0 -0 0.064375 -0.032455 0.021745 0 0
0 0 0 0.1098 0 0 0 0 0 -0 -0 0.09387 -0.047325 0.031708 0 0
-0 -0 -0 0.075226 0 0 0 0 0 -0 -0 0.064311 -0.032423 0.021723 0 0
0 0 0 0.079197 0 0 0 0 0 -0 -0 0.067705 -0.034134 0.02287 0 0
-0 -0 -0 0.13102 0 0 0 0 0 -0 -0 0.11201 -0.056468 0.037834 0 0
0 0 0 0.021347 0 0 0 0 0 -0 -0 0.018249 -0.0092006 0.0061644 0 0
0 0 0 0.025772 0 0 0 0 0 -0 -0 0.022033 -0.011108 0.0074422 0 0
0 0 0 0.10599 0 0 0 0 0 -0 -0 0.090611 -0.045682 0.030607 0 0
0 0 0 0.060961 0 0 0 0 0 -0 -0 0.052115 -0.026274 0.017604 0 0
-0 -0 -0 0.014885 0 0 0 0 0 -0 -0 0.012725 -0.0064154 0.0042983 0 0
0 0 0 0.18401 0 0 0 0 0 -0 -0 0.15731 -0.079308 0.053136 0 0
-0 -0 -0 0.080827 0 0 0 0 0 -0 -0 0.069098 -0.034836 0.02334 0 0
-0 -0 -0 0.13983 0 0 0 0 0 -0 -0 0.11954 -0.060267 0.040379 0 0
-0 -0 -0 0.073797 0 0 0 0 0 -0 -0 0.063089 -0.031807 0.02131 0 0
-0 -0 -0 0.10679 0 0 0 0 0 -0 -0 0.091291 -0.046025 0.030836 0 0
-0 -0 -0 0.18359 0 0 0 0 0 -0 -0 0.15695 -0.079129 0.053016 0 0
0 0 0 0.024031 0 0 0 0 0 -0 -0 0.020544 -0.010358 0.0069395 0 0
0 0 0 0.034102 0 0 0 0 0 -0 -0 0.029154 -0.014698 0.0098477 0 0
0 0 0 0.067877 0 0 0 0 0 -0 -0 0.058028 -0.029255 0.019601 0 0
-0 -0 -0 0.16098 0 0 0 0 0 -0 -0 0.13763 -0.069385 0.046488 0 0
-0 -0 -0 0.066508 0 0 0 0 0 -0 -0 0.056858 -0.028665 0.019206 0 0
0 0 0 0.17331 0 0 0 0 0 -0 -0 0.14816 -0.074695 0.050046 0 0
0 0 0 0.024177 0 0 0 0 0 -0 -0 0.020669 -0.010421 0.0069817 0 0
0 0 0 0.029897 0 0 0 0 0 -0 -0 0.025559 -0.012886 0.0086334 0 0
-0 -0 -0 0.14718 0 0 0 0 0 -0 -0 0.12582 -0.063433 0.0425 0 0
-0 -0 -0 0.079623 0 0 0 0 0 -0 -0 0.068069 -0.034318 0.022993 0 0
0 0 0 0.16311 0 0 0 0 0 -0 -0 0.13944 -0.070301 0.047101 0 0
-0 -0 -0 0.12068 0 0 0 0 0 -0 -0 0.10317 -0.052013 0.034849 0 0
-0 -0 -0 0.018569 0 0 0 0 0 -0 -0 0.015874 -0.0080031 0.0053621 0 0
-0 -0 -0 0.079472 0 0 0 0 0 -0 -0 0.06794 -0.034253 0.022949 0 0
-0 -0 -0 0.086255 0 0 0 0 0 -0 -0 0.073739 -0.037176 0.024908 0 0
-0 -0 -0 0.081172 0 0 0 0 0 -0 -0 0.069393 -0.034985 0.02344 0 0
-0 -0 -0 0.16962 0 0 0 0 0 -0 -0 0.14501 -0.073107 0.048981 0 0
-0 -0 -0 0.074225 0 0 0 0 0 -0 -0 0.063454 -0.031991 0.021434 0 0
-0 -0 -0 0.088751 0 0 0 0 0 -0 -0 0.075873 -0.038252 0.025629 0 0
0 0 0 0.088415 0 0 0 0 0 -0 -0 0.075586 -0.038107 0.025532 0 0
0 0 0 0.03445 0 0 0 0 0 -0 -0 0.029451 -0.014848 0.0099481 0 0
-0 -0 -0 0.014197 0 0 0 0 0 -0 -0 0.012137 -0.0061188 0.0040996 0 0
-0 -0 -0 0.012105 0 0 0 0 0 -0 -0 0.010349 -0.0052173 0.0034956 0 0
-0 -0 -0 0.017987 0 0 0 0 0 -0 -0 0.015377 -0.0077522 0.005194 0 0
0 0 0 0.14229 0 0 0 0 0 -0 -0 0.12164 -0.061328 0.04109 0 0
0 0 0 0.14575 0 0 0 0 0 -0 -0 0.1246 -0.062818 0.042088 0 0
-0 -0 -0 0.12242 0 0 0 0 0 -0 -0 0.10465 -0.052762 0.03535 0 0
-0 -0 -0 0.068571 0 0 0 0 0 -0 -0 0.058621 -0.029554 0.019801 0 0
-0 -0 -0 0.063936 0 0 0 0 0 -0 -0 0.054658 -0.027556 0.018463 0 0
0 0 0 0.0030277 0 0 0 0 0 -0 -0 0.0025884 -0.0013049 0.00087431 0 0
-0 -0 -0 0.049111 0 0 0 0 0 -0 -0 0.041985 -0.021167 0.014182 0 0
0 0 0 0.074979 0 0 0 0 0 -0 -0 0.064099 -0.032316 0.021652 0 0
0 0 0 0.04681 0 0 0 0 0 -0 -0 0.040018 -0.020175 0.013517 0 0
0 0 0 0.19586 0 0 0 0 0 -0 -0 0.16744 -0.084418 0.05656 0 0
-0 -0 -0 0.16048 0 0 0 0 0 -0 -0 0.1372 -0.069168 0.046342 0 0
0 0 0 0.18945 0 0 0 0 0 -0 -0 0.16196 -0.081652 0.054707 0 0
0 0 0 0.14299 0 0 0 0 0 -0 -0 0.12224 -0.061629 0.041292 0 0
-0 -0 -0 0.095426 0 0 0 0 0 -0 -0 0.081579 -0.041129 0.027556 0 0
0 0 0 0.15631 0 0 0 0 0 -0 -0 0.13363 -0.067369 0.045137 0 0
-0 -0 -0 0.010454 0 0 0 0 0 -0 -0 0.008937 -0.0045056 0.0030188 0 0
0 0 0 0.088529 0 0 0 0 0 -0 -0 0.075683 -0.038156 0.025565 0 0
-0 -0 -0 0.13642 0 0 0 0 0 -0 -0 0.11662 -0.058796 0.039393 0 0
-0 -0 -0 0.032634 0 0 0 0 0 -0 -0 0.027899 -0.014065 0.0094237 0 0
0 0 0 0.011592 0 0 0 0 0 -0 -0 0.0099099 -0.0049961 0.0033474 0 0
0 0 0 0.016112 0 0 0 0 0 -0 -0 0.013774 -0.0069443 0.0046527 0 0
-0 -0 -0 0.070631 0 0 0 0 0 -0 -0 0.060383 -0.030442 0.020396 0 0
0 0 0 0.074536 0 0 0 0 0 -0 -0 0.06372 -0.032125 0.021524 0 0
-0 -0 -0 0.02314 0 0 0 0 0 -0 -0 0.019782 -0.0099732 0.006682 0 0
-0 -0 -0 0.1392 0 0 0 0 0 -0 -0 0.119 -0.059996 0.040197 0 0
-0 -0 -0 0.016537 0 0 0 0 0 -0 -0 0.014137 -0.0071274 0.0047753 0 0
0 0 0 0.0081196 0 0 0 0 0 -0 -0 0.0069414 -0.0034996 0.0023447 0 0
-0 -0 -0 0.022766 0 0 0 0 0 -0 -0 0.019462 -0.0098121 0.0065741 0 0
0 0 0 0.082049 0 0 0 0 0 -0 -0 0.070144 -0.035363 0.023693 0 0
-0 -0 -0 0.12299 0 0 0 0 0 -0 -0 0.10515 -0.05301 0.035516 0 0
-0 -0 -0 0.13714 0 0 0 0 0 -0 -0 0.11724 -0.059107 0.039602 0 0
-0 -0 -0 0.16678 0 0 0 0 0 -0 -0 0.14258 -0.071883 0.048161 0 0
-0 -0 -0 0.12658 0 0 0 0 0 -0 -0 0.10821 -0.054554 0.036551 0 0
0 0 0 0.1343 0 0 0 0 0 -0 -0 0.11481 -0.057882 0.038781 0 0
-0 -0 -0 0.093151 0 0 0 0 0 -0 -0 0.079634 -0.040148 0.026899 0 0
-0 -0 -0 0.095728 0 0 0 0 0 -0 -0 0.081838 -0.041259 0.027643 0 0
-0 -0 -0 0.16436 0 0 0 0 0 -0 -0 0.14051 -0.070838 0.047462 0 0
0 0 0 0.13921 0 0 0 0 0 -0 -0 0.11901 -0.059998 0.040198 0 0
-0 -0 -0 0.032916 0 0 0 0 0 -0 -0 0.02814 -0.014187 0.0095051 0 0
0 0 0 0.1017 0 0 0 0 0 -0 -0 0.086945 -0.043834 0.029369 0 0
-0 -0 -0 0.12071 0 0 0 0 0 -0 -0 0.1032 -0.052027 0.034858 0 0
0 0 0 0.10846 0 0 0 0 0 -0 -0 0.092719 -0.046745 0.031319 0 0
0 0 0 0.0104 0 0 0 0 0 -0 -0 0.0088907 -0.0044823 0.0030031 0 0
0 0 0 0.079493 0 0 0 0 0 -0 -0 0.067958 -0.034262 0.022955 0 0
0 0 0 0.13887 0 0 0 0 0 -0 -0 0.11872 -0.059854 0.040102 0 0
-0 -0 -0 0.094777 0 0 0 0 0 -0 -0 0.081025 -0.040849 0.027369 0 0
-0 -0 -0 0.19023 0 0 0 0 0 -0 -0 0.16263 -0.081991 0.054934 0 0
-0 -0 -0 0.055425 0 0 0 0 0 -0 -0 0.047383 -0.023888 0.016005 0 0
0 0 0 0.01928 0 0 0 0 0 -0 -0 0.016482 -0.0083096 0.0055674 0 0
0 0 0 0.0039594 0 0 0 0 0 -0 -0 0.0033849 -0.0017065 0.0011434 0 0
-0 -0 -0 0.061511 0 0 0 0 0 -0 -0 0.052585 -0.026511 0.017762 0 0
-0 -0 -0 0.011166 0 0 0 0 0 -0 -0 0.0095458 -0.0048126 0.0032244 0 0
-0 -0 -0 0.11096 0 0 0 0 0 -0 -0 0.094864 -0.047826 0.032043 0 0
