-0 -0 -0 0.16238 0 0 0 0 0 -0 -0 0.13882 -0.069985 0.04689 0 0
0 0 0 0.0044845 0 0 0 0 0 -0 -0 0.0038338 -0.0019328 0.001295 0 0
0 0 0 0.15052 0 0 0 0 0 -0 -0 0.12868 -0.064876 0.043467 0 0
-0 -0 -0 0.061485 0 0 0 0 0 -0 -0 0.052563 -0.0265 0.017755 0 0
-0 -0 -0 0.015898 0 0 0 0 0 -0 -0 0.013591 -0.006852 0.0045908 0 0
-0 -0 -0 0.13687 0 0 0 0 0 -0 -0 0.11701 -0.058989 0.039523 0 0
0 0 0 0.11831 0 0 0 0 0 -0 -0 0.10114 -0.050992 0.034165 0 0
0 0 0 0.098938 0 0 0 0 0 -0 -0 0.084582 -0.042642 0.02857 0 0
-0 -0 -0 0.10788 0 0 0 0 0 -0 -0 0.09223 -0.046498 0.031154 0 0
0 0 0 0.09309 0 0 0 0 0 -0 -0 0.079583 -0.040122 0.026882 0 0
-0 -0 -0 0.0016493 0 0 0 0 0 -0 -0 0.00141 -0.00071085 0.00047627 0 0
0 0 0 0.053684 0 0 0 0 0 -0 -0 0.045895 -0.023138 0.015502 0 0
-0 -0 -0 0.12073 0 0 0 0 0 -0 -0 0.10321 -0.052036 0.034864 0 0
-0 -0 -0 0.0973 0 0 0 0 0 -0 -0 0.083182 -0.041937 0.028097 0 0
-0 -0 -0 0.17055 0 0 0 0 0 -0 -0 0.1458 -0.073508 0.04925 0 0
0 0 0 0.046495 0 0 0 0 0 -0 -0 0.039749 -0.02004 0.013426 0 0
0 0 0 0.096864 0 0 0 0 0 -0 -0 0.082809 -0.041749 0.027972 0 0
0 0 0 0.086777 0 0 0 0 0 -0 -0 0.074185 -0.037401 0.025059 0 0
0 0 0 0.0022704 0 0 0 0 0 -0 -0 0.0019409 -0.00097854 0.00065562 0 0
-0 -0 -0 0.087456 0 0 0 0 0 -0 -0 0.074766 -0.037694 0.025255 0 0
0 0 0 0.049411 0 0 0 0 0 -0 -0 0.042242 -0.021296 0.014269 0 0
-0 -0 -0 0.042154 0 0 0 0 0 -0 -0 0.036037 -0.018168 0.012173 0 0
-0 -0 -0 0.067327 0 0 0 0 0 -0 -0 0.057557 -0.029018 0.019442 0 0
-0 -0 -0 0.15926 0 0 0 0 0 -0 -0 0.13615 -0.068642 0.04599 0 0
0 0 0 0.019181 0 0 0 0 0 -0 -0 0.016398 -0.0082671 0.0055389 0 0
0 0 0 0.14176 0 0 0 0 0 -0 -0 0.12119 -0.061098 0.040935 0 0
0 0 0 0.12637 0 0 0 0 0 -0 -0 0.10803 -0.054467 0.036492 0 0
-0 -0 -0 0.16824 0 0 0 0 0 -0 -0 0.14382 -0.07251 0.048582 0 0
-0 -0 -0 0.058281 0 0 0 0 0 -0 -0 0.049825 -0.025119 0.01683 0 0
0 0 0 0.03323 0 0 0 0 0 -0 -0 0.028408 -0.014322 0.0095958 0 0
0 0 0 0.098221 0 0 0 0 0 -0 -0 0.083969 -0.042333 0.028363 0 0
-0 -0 -0 0.15002 0 0 0 0 0 -0 -0 0.12825 -0.06466 0.043322 0 0
0 0 0 0.19016 0 0 0 0 0 -0 -0 0.16257 -0.081961 0.054914 0 0
0 0 0 0.0058707 0 0 0 0 0 -0 -0 0.0050188 -0.0025303 0.0016953 0 0
0 0 0 0.18864 0 0 0 0 0 -0 -0 0.16127 -0.081305 0.054474 0 0
0 0 0 0.15315 0 0 0 0 0 -0 -0 0.13093 -0.066008 0.044225 0 0
-0 -0 -0 0.046456 0 0 0 0 0 -0 -0 0.039715 -0.020023 0.013415 0 0
-0 -0 -0 0.012347 0 0 0 0 0 -0 -0 0.010556 -0.0053217 0.0035655 0 0
-0 -0 -0 0.050992 0 0 0 0 0 -0 -0 0.043593 -0.021978 0.014725 0 0
-0 -0 -0 0.0006016 0 0 0 0 0 -0 -0 0.00051431 -0.00025929 0.00017373 0 0
-0 -0 -0 0.18186 0 0 0 0 0 -0 -0 0.15547 -0.078383 0.052517 0 0
0 0 0 0.0092425 0 0 0 0 0 -0 -0 0.0079014 -0.0039835 0.002669 0 0
-0 -0 -0 0.084378 0 0 0 0 0 -0 -0 0.072134 -0.036367 0.024366 0 0
0 0 0 0.19042 0 0 0 0 0 -0 -0 0.16279 -0.082071 0.054987 0 0
0 0 0 0.022207 0 0 0 0 0 -0 -0 0.018985 -0.0095713 0.0064128 0 0
0 0 0 0.023912 0 0 0 0 0 -0 -0 0.020443 -0.010306 0.0069052 0 0
-0 -0 -0 0.0096763 0 0 0 0 0 -0 -0 0.0082722 -0.0041705 0.0027942 0 0
-0 -0 -0 0.13064 0 0 0 0 0 -0 -0 0.11169 -0.056307 0.037726 0 0
0 0 0 0.02633 0 0 0 0 0 -0 -0 0.02251 -0.011348 0.0076034 0 0
-0 -0 -0 0.17189 0 0 0 0 0 -0 -0 0.14695 -0.074084 0.049636 0 0
-0 -0 -0 0.089975 0 0 0 0 0 -0 -0 0.076919 -0.038779 0.025982 0 0
-0 -0 -0 0.18838 0 0 0 0 0 -0 -0 0.16104 -0.08119 0.054397 0 0
0 0 0 0.14017 0 0 0 0 0 -0 -0 0.11983 -0.060412 0.040476 0 0
0 0 0 0.047889 0 0 0 0 0 -0 -0 0.04094 -0.02064 0.013829 0 0
0 0 0 0.021457 0 0 0 0 0 -0 -0 0.018344 -0.0092481 0.0061962 0 0
-0 -0 -0 0.052774 0 0 0 0 0 -0 -0 0.045116 -0.022746 0.01524 0 0
0 0 0 0.10628 0 0 0 0 0 -0 -0 0.090854 -0.045805 0.030689 0 0
-0 -0 -0 0.14797 0 0 0 0 0 -0 -0 0.1265 -0.063776 0.04273 0 0
-0 -0 -0 0.071691 0 0 0 0 0 -0 -0 0.061289 -0.030899 0.020702 0 0
-0 -0 -0 0.02635 0 0 0 0 0 -0 -0 0.022526 -0.011357 0.007609 0 0
-0 -0 -0 0.19885 0 0 0 0 0 -0 -0 0.17 -0.085706 0.057423 0 0
0 0 0 0.020482 0 0 0 0 0 -0 -0 0.01751 -0.0088276 0.0059145 0 0
-0 -0 -0 0.15416 0 0 0 0 0 -0 -0 0.13179 -0.066445 0.044518 0 0
-0 -0 -0 0.17791 0 0 0 0 0 -0 -0 0.15209 -0.076677 0.051374 0 0
-0 -0 -0 0.099155 0 0 0 0 0 -0 -0 0.084767 -0.042736 0.028633 0 0
-0 -0 -0 0.0054915 0 0 0 0 0 -0 -0 0.0046947 -0.0023668 0.0015858 0 0
0 0 0 0.077868 0 0 0 0 0 -0 -0 0.066569 -0.033561 0.022486 0 0
-0 -0 -0 0.15283 0 0 0 0 0 -0 -0 0.13065 -0.065869 0.044132 0 0
-0 -0 -0 0.1158 0 0 0 0 0 -0 -0 0.098996 -0.04991 0.033439 0 0
-0 -0 -0 0.07714 0 0 0 0 0 -0 -0 0.065947 -0.033247 0.022276 0 0
-0 -0 -0 0.17592 0 0 0 0 0 -0 -0 0.15039 -0.075821 0.0508 0 0
0 0 0 0.070207 0 0 0 0 0 -0 -0 0.06002 -0.030259 0.020274 0 0
0 0 0 0.058774 0 0 0 0 0 -0 -0 0.050245 -0.025332 0.016972 0 0
-0 -0 -0 0.11736 0 0 0 0 0 -0 -0 0.10033 -0.050583 0.03389 0 0
0 0 0 0.16636 0 0 0 0 0 -0 -0 0.14222 -0.071701 0.04804 0 0
0 0 0 0.062411 0 0 0 0 0 -0 -0 0.053355 -0.026899 0.018023 0 0
-0 -0 -0 0.097674 0 0 0 0 0 -0 -0 0.083501 -0.042098 0.028205 0 0
0 0 0 0.19791 0 0 0 0 0 -0 -0 0.16919 -0.085298 0.05715 0 0
-0 -0 -0 0.14924 0 0 0 0 0 -0 -0 0.12758 -0.064322 0.043096 0 0
-0 -0 -0 0.0056592 0 0 0 0 0 -0 -0 0.004838 -0.0024391 0.0016342 0 0
-0 -0 -0 0.027526 0 0 0 0 0 -0 -0 0.023532 -0.011864 0.0079487 0 0
0 0 0 0.17634 0 0 0 0 0 -0 -0 0.15075 -0.076004 0.050923 0 0
-0 -0 -0 0.17187 0 0 0 0 0 -0 -0 0.14693 -0.074077 0.049632 0 0
0 0 0 0.11761 0 0 0 0 0 -0 -0 0.10054 -0.05069 0.033962 0 0
0 0 0 0.17448 0 0 0 0 0 -0 -0 0.14916 -0.075199 0.050383 0 0
0 0 0 0.048918 0 0 0 0 0 -0 -0 0.04182 -0.021084 0.014126 0 0
0 0 0 0.1456 0 0 0 0 0 -0 -0 0.12448 -0.062755 0.042046 0 0
0 0 0 0.16967 0 0 0 0 0 -0 -0 0.14505 -0.073128 0.048995 0 0
-0 -0 -0 0.082703 0 0 0 0 0 -0 -0 0.070702 -0.035645 0.023882 0 0
0 0 0 0.043331 0 0 0 0 0 -0 -0 0.037044 -0.018676 0.012513 0 0
-0 -0 -0 0.02337 0 0 0 0 0 -0 -0 0.019979 -0.010072 0.0067485 0 0
-0 -0 -0 0.04517 0 0 0 0 0 -0 -0 0.038616 -0.019468 0.013044 0 0
0 0 0 0.17928 0 0 0 0 0 -0 -0 0.15326 -0.077269 0.05177 0 0
0 0 0 0.029734 0 0 0 0 0 -0 -0 0.02542 -0.012816 0.0085864 0 0
0 0 0 0.071424 0 0 0 0 0 -0 -0 0.06106 -0.030784 0.020625 0 0
-0 -0 -0 0.024252 0 0 0 0 0 -0 -0 0.020733 -0.010453 0.0070033 0 0
-0 -0 -0 0.022633 0 0 0 0 0 -0 -0 0.019349 -0.009755 0.0065359 0 0
-0 -0 -0 0.012793 0 0 0 0 0 -0 -0 0.010937 -0.0055138 0.0036943 0 0
-0 -0 -0 0.0096071 0 0 0 0 0 -0 -0 0.0082131 -0.0041407 0.0027743 0 0
0 0 0 0.15202 0 0 0 0 0 -0 -0 0.12996 -0.065522 0.043899 0 0
