0 0 0.20225 0 0 0 0 0 0 0 0 0 0 -0.024374 0.10308 0.17229 -0.016577 0.026721 -0.018331 0 0
-0 -0 -0.13128 0 0 0 0 0 0 0 0 0 0 0.015821 -0.066907 -0.11184 0.0071586 -0.018882 0.012309 0 0
0 0 0.33333 0 0 0 0 0 0 0 0 0 0 -0.040172 0.16988 0.28396 -0.030638 0.04206 -0.029497 0 0
-0 -0 -0.19391 0 0 0 0 0 0 0 0 0 0 0.023369 -0.098825 -0.16519 0.0095264 -0.028203 0.01822 0 0
-0 -0 -0.0095456 0 0 0 0 0 0 0 0 0 0 0.0011504 -0.004865 -0.0081319 0.00061889 -0.0013379 0.00088794 0 0
-0 -0 -0.11388 0 0 0 0 0 0 0 0 0 0 0.013725 -0.058041 -0.097016 0.0063796 -0.016325 0.010669 0 0
-0 -0 -0.15189 0 0 0 0 0 0 0 0 0 0 0.018305 -0.077412 -0.1294 0.0080136 -0.021931 0.014254 0 0
-0 -0 -0.34759 0 0 0 0 0 0 0 0 0 0 0.041891 -0.17715 -0.29611 0.012399 -0.051647 0.032652 0 0
-0 -0 -0.05002 0 0 0 0 0 0 0 0 0 0 0.0060283 -0.025493 -0.042612 0.0030733 -0.0070756 0.0046678 0 0
0 0 0.2467 0 0 0 0 0 0 0 0 0 0 -0.029732 0.12573 0.21017 -0.021069 0.032117 -0.022195 0 0
-0 -0 -0.12809 0 0 0 0 0 0 0 0 0 0 0.015437 -0.065283 -0.10912 0.0070199 -0.018413 0.012009 0 0
-0 -0 -0.12931 0 0 0 0 0 0 0 0 0 0 0.015584 -0.065904 -0.11016 0.0070732 -0.018592 0.012124 0 0
-0 -0 -0.13993 0 0 0 0 0 0 0 0 0 0 0.016864 -0.071317 -0.11921 0.0075265 -0.02016 0.013126 0 0
0 0 0.010727 0 0 0 0 0 0 0 0 0 0 -0.0012927 0.0054668 0.0091379 -0.00071356 0.0014961 -0.00099598 0 0
-0 -0 -0.26011 0 0 0 0 0 0 0 0 0 0 0.031348 -0.13257 -0.22159 0.011279 -0.038222 0.024462 0 0
-0 -0 -0.077504 0 0 0 0 0 0 0 0 0 0 0.0093406 -0.0395 -0.066026 0.0045818 -0.011029 0.0072461 0 0
-0 -0 -0.24835 0 0 0 0 0 0 0 0 0 0 0.02993 -0.12657 -0.21157 0.011024 -0.036431 0.023355 0 0
-0 -0 -0.31141 0 0 0 0 0 0 0 0 0 0 0.03753 -0.15871 -0.26529 0.012101 -0.046074 0.029276 0 0
-0 -0 -0.011611 0 0 0 0 0 0 0 0 0 0 0.0013994 -0.0059178 -0.0098918 0.00075083 -0.0016282 0.0010803 0 0
-0 -0 -0.31286 0 0 0 0 0 0 0 0 0 0 0.037705 -0.15945 -0.26652 0.012118 -0.046297 0.029412 0 0
0 0 0.24613 0 0 0 0 0 0 0 0 0 0 -0.029663 0.12544 0.20968 -0.021009 0.032049 -0.022146 0 0
-0 -0 -0.33775 0 0 0 0 0 0 0 0 0 0 0.040705 -0.17214 -0.28773 0.012341 -0.050129 0.031736 0 0
-0 -0 -0.2443 0 0 0 0 0 0 0 0 0 0 0.029442 -0.12451 -0.20812 0.010931 -0.035816 0.022973 0 0
-0 -0 -0.019267 0 0 0 0 0 0 0 0 0 0 0.002322 -0.0098196 -0.016414 0.0012335 -0.0027065 0.0017937 0 0
-0 -0 -0.025104 0 0 0 0 0 0 0 0 0 0 0.0030255 -0.012795 -0.021386 0.001595 -0.0035313 0.0023383 0 0
0 0 0.14779 0 0 0 0 0 0 0 0 0 0 -0.017811 0.07532 0.1259 -0.011479 0.019859 -0.013505 0 0
0 0 0.22911 0 0 0 0 0 0 0 0 0 0 -0.027612 0.11677 0.19518 -0.019257 0.030005 -0.020675 0 0
0 0 0.12735 0 0 0 0 0 0 0 0 0 0 -0.015348 0.064903 0.10849 -0.0096836 0.017216 -0.01167 0 0
0 0 0.33753 0 0 0 0 0 0 0 0 0 0 -0.040679 0.17203 0.28754 -0.031129 0.042522 -0.029843 0 0
0 0 0.029407 0 0 0 0 0 0 0 0 0 0 -0.003544 0.014987 0.025051 -0.0020017 0.0040825 -0.0027256 0 0
-0 -0 -0.097046 0 0 0 0 0 0 0 0 0 0 0.011696 -0.04946 -0.082674 0.0055759 -0.013865 0.0090837 0 0
0 0 0.054418 0 0 0 0 0 0 0 0 0 0 -0.0065583 0.027734 0.046358 -0.0038162 0.0075065 -0.0050307 0 0
0 0 0.093127 0 0 0 0 0 0 0 0 0 0 -0.011223 0.047462 0.079334 -0.0068246 0.012713 -0.008571 0 0
0 0 0.06559 0 0 0 0 0 0 0 0 0 0 -0.0079046 0.033428 0.055876 -0.0046596 0.0090209 -0.006056 0 0
-0 -0 -0.10778 0 0 0 0 0 0 0 0 0 0 0.012989 -0.054929 -0.091815 0.0060938 -0.015431 0.010094 0 0
0 0 0.31161 0 0 0 0 0 0 0 0 0 0 -0.037554 0.15881 0.26546 -0.02814 0.03964 -0.027696 0 0
0 0 0.20296 0 0 0 0 0 0 0 0 0 0 -0.02446 0.10344 0.1729 -0.016647 0.026809 -0.018394 0 0
0 0 0.15661 0 0 0 0 0 0 0 0 0 0 -0.018874 0.079816 0.13341 -0.012274 0.020989 -0.014293 0 0
0 0 0.30215 0 0 0 0 0 0 0 0 0 0 -0.036415 0.15399 0.2574 -0.027073 0.038572 -0.026906 0 0
-0 -0 -0.12819 0 0 0 0 0 0 0 0 0 0 0.015449 -0.065334 -0.10921 0.0070242 -0.018428 0.012018 0 0
0 0 0.15982 0 0 0 0 0 0 0 0 0 0 -0.019261 0.081451 0.13615 -0.012566 0.021398 -0.014579 0 0
0 0 0.043945 0 0 0 0 0 0 0 0 0 0 -0.0052962 0.022397 0.037437 -0.003044 0.0060784 -0.0040671 0 0
-0 -0 -0.15485 0 0 0 0 0 0 0 0 0 0 0.018662 -0.078918 -0.13191 0.0081301 -0.02237 0.014533 0 0
-0 -0 -0.12089 0 0 0 0 0 0 0 0 0 0 0.014569 -0.061612 -0.10299 0.0066997 -0.017354 0.01133 0 0
0 0 0.31874 0 0 0 0 0 0 0 0 0 0 -0.038413 0.16245 0.27153 -0.028953 0.04044 -0.028289 0 0
0 0 0.22295 0 0 0 0 0 0 0 0 0 0 -0.026869 0.11363 0.18993 -0.018633 0.029258 -0.02014 0 0
-0 -0 -0.21821 0 0 0 0 0 0 0 0 0 0 0.026297 -0.11121 -0.18589 0.01026 -0.031863 0.020514 0 0
0 0 0.003846 0 0 0 0 0 0 0 0 0 0 -0.00046351 0.0019601 0.0032764 -0.00025365 0.00053731 -0.00035734 0 0
0 0 0.067716 0 0 0 0 0 0 0 0 0 0 -0.0081609 0.034512 0.057687 -0.0048224 0.0093081 -0.0062509 0 0
-0 -0 -0.044541 0 0 0 0 0 0 0 0 0 0 0.0053679 -0.0227 -0.037944 0.0027572 -0.0062929 0.0041548 0 0
-0 -0 -0.24627 0 0 0 0 0 0 0 0 0 0 0.02968 -0.12551 -0.2098 0.010977 -0.036116 0.02316 0 0
-0 -0 -0.19867 0 0 0 0 0 0 0 0 0 0 0.023943 -0.10125 -0.16925 0.0096784 -0.028919 0.01867 0 0
-0 -0 -0.27608 0 0 0 0 0 0 0 0 0 0 0.033273 -0.14071 -0.2352 0.011585 -0.04066 0.025964 0 0
-0 -0 -0.23892 0 0 0 0 0 0 0 0 0 0 0.028793 -0.12176 -0.20353 0.010802 -0.034998 0.022466 0 0
0 0 0.19108 0 0 0 0 0 0 0 0 0 0 -0.023029 0.097387 0.16278 -0.015495 0.025337 -0.01735 0 0
0 0 0.24043 0 0 0 0 0 0 0 0 0 0 -0.028975 0.12253 0.20482 -0.020417 0.031367 -0.021654 0 0
-0 -0 -0.17329 0 0 0 0 0 0 0 0 0 0 0.020885 -0.088319 -0.14763 0.0088228 -0.025116 0.016274 0 0
-0 -0 -0.18935 0 0 0 0 0 0 0 0 0 0 0.02282 -0.096505 -0.16131 0.0093774 -0.02752 0.017791 0 0
0 0 0.34177 0 0 0 0 0 0 0 0 0 0 -0.041189 0.17418 0.29115 -0.031626 0.042985 -0.03019 0 0
-0 -0 -0.20828 0 0 0 0 0 0 0 0 0 0 0.025101 -0.10615 -0.17743 0.0099726 -0.030365 0.019577 0 0
0 0 0.025004 0 0 0 0 0 0 0 0 0 0 -0.0030135 0.012744 0.021301 -0.0016929 0.0034752 -0.0023186 0 0
0 0 0.084112 0 0 0 0 0 0 0 0 0 0 -0.010137 0.042868 0.071655 -0.0061025 0.011511 -0.0077497 0 0
0 0 0.16639 0 0 0 0 0 0 0 0 0 0 -0.020053 0.084803 0.14175 -0.01317 0.022234 -0.015165 0 0
0 0 0.13246 0 0 0 0 0 0 0 0 0 0 -0.015963 0.067507 0.11284 -0.010126 0.01788 -0.01213 0 0
-0 -0 -0.31127 0 0 0 0 0 0 0 0 0 0 0.037513 -0.15864 -0.26517 0.0121 -0.046052 0.029263 0 0
-0 -0 -0.10422 0 0 0 0 0 0 0 0 0 0 0.012561 -0.053118 -0.088787 0.0059244 -0.014912 0.0097593 0 0
-0 -0 -0.28887 0 0 0 0 0 0 0 0 0 0 0.034814 -0.14722 -0.24609 0.011798 -0.042616 0.027164 0 0
0 0 0.20417 0 0 0 0 0 0 0 0 0 0 -0.024606 0.10405 0.17393 -0.016765 0.026958 -0.0185 0 0
-0 -0 -0.21234 0 0 0 0 0 0 0 0 0 0 0.025591 -0.10822 -0.18089 0.010092 -0.030978 0.01996 0 0
-0 -0 -0.32404 0 0 0 0 0 0 0 0 0 0 0.039052 -0.16515 -0.27605 0.012232 -0.048016 0.030456 0 0
0 0 0.30547 0 0 0 0 0 0 0 0 0 0 -0.036815 0.15569 0.26023 -0.027446 0.038948 -0.027184 0 0
0 0 0.20421 0 0 0 0 0 0 0 0 0 0 -0.024611 0.10408 0.17397 -0.016769 0.026964 -0.018504 0 0
0 0 0.30229 0 0 0 0 0 0 0 0 0 0 -0.036431 0.15406 0.25752 -0.027088 0.038587 -0.026917 0 0
0 0 0.05757 0 0 0 0 0 0 0 0 0 0 -0.0069382 0.029341 0.049044 -0.0040521 0.0079348 -0.0053203 0 0
0 0 0.11519 0 0 0 0 0 0 0 0 0 0 -0.013882 0.058705 0.098126 -0.0086463 0.015627 -0.010572 0 0
0 0 0.14021 0 0 0 0 0 0 0 0 0 0 -0.016898 0.071459 0.11945 -0.010806 0.018884 -0.012826 0 0
-0 -0 -0.11253 0 0 0 0 0 0 0 0 0 0 0.013562 -0.057351 -0.095863 0.0063168 -0.016127 0.010542 0 0
-0 -0 -0.18966 0 0 0 0 0 0 0 0 0 0 0.022858 -0.096663 -0.16157 0.0093877 -0.027567 0.01782 0 0
-0 -0 -0.016876 0 0 0 0 0 0 0 0 0 0 0.0020338 -0.0086007 -0.014376 0.0010838 -0.0023693 0.0015707 0 0
-0 -0 -0.26242 0 0 0 0 0 0 0 0 0 0 0.031626 -0.13374 -0.22356 0.011326 -0.038574 0.02468 0 0
-0 -0 -0.22614 0 0 0 0 0 0 0 0 0 0 0.027254 -0.11525 -0.19265 0.010477 -0.033062 0.021262 0 0
0 0 0.075894 0 0 0 0 0 0 0 0 0 0 -0.0091465 0.03868 0.064654 -0.0054555 0.010409 -0.0069993 0 0
-0 -0 -0.13497 0 0 0 0 0 0 0 0 0 0 0.016266 -0.068786 -0.11498 0.007317 -0.019426 0.012657 0 0
0 0 0.065481 0 0 0 0 0 0 0 0 0 0 -0.0078916 0.033373 0.055783 -0.0046514 0.0090063 -0.0060461 0 0
0 0 0.12083 0 0 0 0 0 0 0 0 0 0 -0.014562 0.06158 0.10293 -0.0091246 0.016366 -0.011082 0 0
-0 -0 -0.092417 0 0 0 0 0 0 0 0 0 0 0.011138 -0.047101 -0.078729 0.0053463 -0.013191 0.0086481 0 0
-0 -0 -0.15786 0 0 0 0 0 0 0 0 0 0 0.019025 -0.080455 -0.13448 0.0082475 -0.022818 0.014818 0 0
0 0 0.17382 0 0 0 0 0 0 0 0 0 0 -0.020949 0.088589 0.14808 -0.01386 0.023173 -0.015824 0 0
0 0 0.19427 0 0 0 0 0 0 0 0 0 0 -0.023412 0.099008 0.16549 -0.015802 0.025732 -0.01763 0 0
-0 -0 -0.11378 0 0 0 0 0 0 0 0 0 0 0.013713 -0.05799 -0.096932 0.006375 -0.016311 0.01066 0 0
-0 -0 -0.12807 0 0 0 0 0 0 0 0 0 0 0.015434 -0.065269 -0.1091 0.0070187 -0.018409 0.012006 0 0
-0 -0 -0.18534 0 0 0 0 0 0 0 0 0 0 0.022337 -0.094462 -0.15789 0.0092433 -0.026919 0.017412 0 0
-0 -0 -0.23976 0 0 0 0 0 0 0 0 0 0 0.028896 -0.1222 -0.20426 0.010823 -0.035127 0.022546 0 0
0 0 0.10817 0 0 0 0 0 0 0 0 0 0 -0.013037 0.05513 0.092151 -0.0080588 0.014705 -0.0099372 0 0
-0 -0 -0.11527 0 0 0 0 0 0 0 0 0 0 0.013892 -0.058747 -0.098197 0.0064436 -0.016528 0.0108 0 0
0 0 0.32862 0 0 0 0 0 0 0 0 0 0 -0.039605 0.16748 0.27995 -0.030091 0.04154 -0.029108 0 0
0 0 0.14755 0 0 0 0 0 0 0 0 0 0 -0.017783 0.075201 0.1257 -0.011458 0.019829 -0.013484 0 0
-0 -0 -0.21368 0 0 0 0 0 0 0 0 0 0 0.025753 -0.10891 -0.18204 0.010131 -0.03118 0.020087 0 0
0 0 0.22067 0 0 0 0 0 0 0 0 0 0 -0.026594 0.11246 0.18799 -0.018403 0.02898 -0.019941 0 0
0 0 0.2118 0 0 0 0 0 0 0 0 0 0 -0.025525 0.10794 0.18043 -0.017517 0.027897 -0.019168 0 0
