-0 -0 -0 0.026941 0 0 0 0 0 -0 -0 0.023032 -0.011612 0.0077798 0 0
0 0 0 0.0061748 0 0 0 0 0 -0 -0 0.0052789 -0.0026614 0.0017831 0 0
-0 -0 -0 0.17471 0 0 0 0 0 -0 -0 0.14936 -0.075298 0.05045 0 0
0 0 0 0.070734 0 0 0 0 0 -0 -0 0.06047 -0.030487 0.020426 0 0
-0 -0 -0 0.14511 0 0 0 0 0 -0 -0 0.12405 -0.062541 0.041903 0 0
-0 -0 -0 0.17767 0 0 0 0 0 -0 -0 0.15189 -0.076574 0.051305 0 0
-0 -0 -0 0.075737 0 0 0 0 0 -0 -0 0.064747 -0.032643 0.021871 0 0
-0 -0 -0 0.0081612 0 0 0 0 0 -0 -0 0.006977 -0.0035175 0.0023567 0 0
0 0 0 0.10891 0 0 0 0 0 -0 -0 0.09311 -0.046942 0.031451 0 0
0 0 0 0.15555 0 0 0 0 0 -0 -0 0.13298 -0.067044 0.04492 0 0
-0 -0 -0 0.1342 0 0 0 0 0 -0 -0 0.11473 -0.057842 0.038754 0 0
0 0 0 0.18687 0 0 0 0 0 -0 -0 0.15975 -0.08054 0.053961 0 0
-0 -0 -0 0.12277 0 0 0 0 0 -0 -0 0.10496 -0.052914 0.035452 0 0
0 0 0 0.16061 0 0 0 0 0 -0 -0 0.13731 -0.069224 0.04638 0 0
0 0 0 0.13532 0 0 0 0 0 -0 -0 0.11568 -0.058322 0.039075 0 0
-0 -0 -0 0.018122 0 0 0 0 0 -0 -0 0.015493 -0.0078107 0.0052331 0 0
-0 -0 -0 0.13451 0 0 0 0 0 -0 -0 0.11499 -0.057975 0.038843 0 0
0 0 0 0.09708 0 0 0 0 0 -0 -0 0.082994 -0.041842 0.028034 0 0
-0 -0 -0 0.11567 0 0 0 0 0 -0 -0 0.098886 -0.049854 0.033402 0 0
-0 -0 -0 0.065378 0 0 0 0 0 -0 -0 0.055891 -0.028178 0.018879 0 0
0 0 0 0.053641 0 0 0 0 0 -0 -0 0.045857 -0.023119 0.01549 0 0
-0 -0 -0 0.040093 0 0 0 0 0 -0 -0 0.034275 -0.01728 0.011578 0 0
-0 -0 -0 0.041999 0 0 0 0 0 -0 -0 0.035904 -0.018101 0.012128 0 0
-0 -0 -0 0.1315 0 0 0 0 0 -0 -0 0.11242 -0.056678 0.037974 0 0
0 0 0 0.048058 0 0 0 0 0 -0 -0 0.041084 -0.020713 0.013878 0 0
-0 -0 -0 0.069567 0 0 0 0 0 -0 -0 0.059473 -0.029984 0.020089 0 0
0 0 0 0.056097 0 0 0 0 0 -0 -0 0.047957 -0.024178 0.016199 0 0
-0 -0 -0 0.12401 0 0 0 0 0 -0 -0 0.10601 -0.053447 0.03581 0 0
-0 -0 -0 0.071202 0 0 0 0 0 -0 -0 0.060871 -0.030688 0.020561 0 0
0 0 0 0.03466 0 0 0 0 0 -0 -0 0.029631 -0.014939 0.010009 0 0
-0 -0 -0 0.0025354 0 0 0 0 0 -0 -0 0.0021675 -0.0010928 0.00073216 0 0
0 0 0 0.11467 0 0 0 0 0 -0 -0 0.098034 -0.049424 0.033114 0 0
-0 -0 -0 0.062256 0 0 0 0 0 -0 -0 0.053223 -0.026833 0.017978 0 0
0 0 0 0.025878 0 0 0 0 0 -0 -0 0.022123 -0.011153 0.0074727 0 0
0 0 0 0.012422 0 0 0 0 0 -0 -0 0.010619 -0.0053539 0.0035871 0 0
-0 -0 -0 0.0019185 0 0 0 0 0 -0 -0 0.0016401 -0.00082688 0.00055401 0 0
0 0 0 0.11289 0 0 0 0 0 -0 -0 0.096509 -0.048656 0.032599 0 0
0 0 0 0.15056 0 0 0 0 0 -0 -0 0.12872 -0.064893 0.043478 0 0
-0 -0 -0 0.059328 0 0 0 0 0 -0 -0 0.05072 -0.025571 0.017132 0 0
-0 -0 -0 0.14207 0 0 0 0 0 -0 -0 0.12146 -0.061234 0.041027 0 0
0 0 0 0.05769 0 0 0 0 0 -0 -0 0.049319 -0.024864 0.016659 0 0
0 0 0 0.1135 0 0 0 0 0 -0 -0 0.097027 -0.048917 0.032774 0 0
-0 -0 -0 0.12845 0 0 0 0 0 -0 -0 0.10981 -0.055363 0.037093 0 0
-0 -0 -0 0.12289 0 0 0 0 0 -0 -0 0.10506 -0.052965 0.035486 0 0
0 0 0 0.012651 0 0 0 0 0 -0 -0 0.010816 -0.0054527 0.0036533 0 0
0 0 0 0.098837 0 0 0 0 0 -0 -0 0.084495 -0.042599 0.028541 0 0
-0 -0 -0 0.020078 0 0 0 0 0 -0 -0 0.017165 -0.0086536 0.0057979 0 0
-0 -0 -0 0.073221 0 0 0 0 0 -0 -0 0.062597 -0.031559 0.021144 0 0
-0 -0 -0 0.14926 0 0 0 0 0 -0 -0 0.1276 -0.064332 0.043102 0 0
-0 -0 -0 0.11358 0 0 0 0 0 -0 -0 0.097101 -0.048954 0.032799 0 0
-0 -0 -0 0.17575 0 0 0 0 0 -0 -0 0.15025 -0.07575 0.050752 0 0
-0 -0 -0 0.097116 0 0 0 0 0 -0 -0 0.083025 -0.041857 0.028044 0 0
-0 -0 -0 0.01265 0 0 0 0 0 -0 -0 0.010814 -0.005452 0.0036528 0 0
0 0 0 0.0024213 0 0 0 0 0 -0 -0 0.00207 -0.0010436 0.00069921 0 0
-0 -0 -0 0.088898 0 0 0 0 0 -0 -0 0.075998 -0.038315 0.025671 0 0
-0 -0 -0 0.14756 0 0 0 0 0 -0 -0 0.12615 -0.063601 0.042612 0 0
0 0 0 0.10718 0 0 0 0 0 -0 -0 0.091628 -0.046195 0.03095 0 0
-0 -0 -0 0.14891 0 0 0 0 0 -0 -0 0.1273 -0.06418 0.043 0 0
-0 -0 -0 0.16833 0 0 0 0 0 -0 -0 0.1439 -0.072549 0.048608 0 0
-0 -0 -0 0.089812 0 0 0 0 0 -0 -0 0.07678 -0.038709 0.025935 0 0
-0 -0 -0 0.014685 0 0 0 0 0 -0 -0 0.012554 -0.0063294 0.0042407 0 0
0 0 0 0.17133 0 0 0 0 0 -0 -0 0.14647 -0.073845 0.049476 0 0
0 0 0 0.0051112 0 0 0 0 0 -0 -0 0.0043696 -0.0022029 0.001476 0 0
-0 -0 -0 0.0015444 0 0 0 0 0 -0 -0 0.0013203 -0.00066564 0.00044598 0 0
-0 -0 -0 0.036604 0 0 0 0 0 -0 -0 0.031293 -0.015777 0.01057 0 0
-0 -0 -0 0.0016741 0 0 0 0 0 -0 -0 0.0014312 -0.00072155 0.00048344 0 0
0 0 0 0.11983 0 0 0 0 0 -0 -0 0.10245 -0.051649 0.034605 0 0
-0 -0 -0 0.050703 0 0 0 0 0 -0 -0 0.043346 -0.021853 0.014642 0 0
-0 -0 -0 0.026089 0 0 0 0 0 -0 -0 0.022303 -0.011244 0.0075336 0 0
-0 -0 -0 0.16947 0 0 0 0 0 -0 -0 0.14488 -0.073041 0.048937 0 0
0 0 0 0.039227 0 0 0 0 0 -0 -0 0.033535 -0.016907 0.011328 0 0
-0 -0 -0 0.15842 0 0 0 0 0 -0 -0 0.13543 -0.068278 0.045746 0 0
0 0 0 0.063975 0 0 0 0 0 -0 -0 0.054692 -0.027573 0.018474 0 0
-0 -0 -0 0.048178 0 0 0 0 0 -0 -0 0.041187 -0.020765 0.013912 0 0
-0 -0 -0 0.0027672 0 0 0 0 0 -0 -0 0.0023656 -0.0011927 0.00079908 0 0
0 0 0 0.0024908 0 0 0 0 0 -0 -0 0.0021294 -0.0010735 0.00071926 0 0
-0 -0 -0 0.081865 0 0 0 0 0 -0 -0 0.069986 -0.035284 0.02364 0 0
0 0 0 0.17541 0 0 0 0 0 -0 -0 0.14996 -0.075603 0.050654 0 0
-0 -0 -0 0.079564 0 0 0 0 0 -0 -0 0.068019 -0.034292 0.022976 0 0
0 0 0 0.14336 0 0 0 0 0 -0 -0 0.12256 -0.061791 0.0414 0 0
0 0 0 0.078319 0 0 0 0 0 -0 -0 0.066955 -0.033756 0.022616 0 0
-0 -0 -0 0.070279 0 0 0 0 0 -0 -0 0.060081 -0.03029 0.020295 0 0
-0 -0 -0 0.10066 0 0 0 0 0 -0 -0 0.086054 -0.043385 0.029068 0 0
0 0 0 0.18768 0 0 0 0 0 -0 -0 0.16044 -0.080889 0.054195 0 0
0 0 0 0.14426 0 0 0 0 0 -0 -0 0.12333 -0.062178 0.041659 0 0
0 0 0 0.0061928 0 0 0 0 0 -0 -0 0.0052942 -0.0026691 0.0017883 0 0
-0 -0 -0 0.042192 0 0 0 0 0 -0 -0 0.03607 -0.018185 0.012184 0 0
-0 -0 -0 0.12731 0 0 0 0 0 -0 -0 0.10884 -0.054871 0.036763 0 0
0 0 0 0.18301 0 0 0 0 0 -0 -0 0.15646 -0.078878 0.052848 0 0
0 0 0 0.14225 0 0 0 0 0 -0 -0 0.12161 -0.061311 0.041078 0 0
0 0 0 0.089988 0 0 0 0 0 -0 -0 0.07693 -0.038785 0.025986 0 0
-0 -0 -0 0.026624 0 0 0 0 0 -0 -0 0.022761 -0.011475 0.0076883 0 0
-0 -0 -0 0.008558 0 0 0 0 0 -0 -0 0.0073162 -0.0036885 0.0024713 0 0
-0 -0 -0 0.068921 0 0 0 0 0 -0 -0 0.05892 -0.029705 0.019902 0 0
0 0 0 0.038202 0 0 0 0 0 -0 -0 0.032659 -0.016465 0.011032 0 0
-0 -0 -0 0.19677 0 0 0 0 0 -0 -0 0.16822 -0.084809 0.056822 0 0
-0 -0 -0 0.015343 0 0 0 0 0 -0 -0 0.013117 -0.0066129 0.0044307 0 0
-0 -0 -0 0.00045647 0 0 0 0 0 -0 -0 0.00039023 -0.00019674 0.00013181 0 0
-0 -0 -0 0.1248 0 0 0 0 0 -0 -0 0.10669 -0.053789 0.036038 0 0
0 0 0 0.087296 0 0 0 0 0 -0 -0 0.074629 -0.037625 0.025208 0 0
