-0 -0 -0.14554 0 0 0 0 0 0 0 0 0 0 0.0108 -0.075181 -0.12415 -0.0094938 -0.017153 0.0095611 0 0
0 0 0.25645 0 0 0 0 0 0 0 0 0 0 -0.01903 0.13247 0.21876 0.0094895 0.032155 -0.018646 0 0
0 0 0.12142 0 0 0 0 0 0 0 0 0 0 -0.0090098 0.062719 0.10357 0.0056784 0.015006 -0.0085934 0 0
-0 -0 -0.22397 0 0 0 0 0 0 0 0 0 0 0.01662 -0.1157 -0.19105 -0.01576 -0.025899 0.014312 0 0
-0 -0 -0.0019584 0 0 0 0 0 0 0 0 0 0 0.00014533 -0.0010117 -0.0016706 -0.00010863 -0.00023756 0.00013441 0 0
0 0 0.28368 0 0 0 0 0 0 0 0 0 0 -0.021051 0.14654 0.24199 0.0099319 0.035645 -0.020721 0 0
-0 -0 -0.34586 0 0 0 0 0 0 0 0 0 0 0.025665 -0.17866 -0.29503 -0.026987 -0.038642 0.021053 0 0
-0 -0 -0.27608 0 0 0 0 0 0 0 0 0 0 0.020487 -0.14261 -0.23551 -0.020345 -0.031482 0.017294 0 0
-0 -0 -0.17599 0 0 0 0 0 0 0 0 0 0 0.013059 -0.090908 -0.15012 -0.011834 -0.020594 0.011441 0 0
-0 -0 -0.28543 0 0 0 0 0 0 0 0 0 0 0.021181 -0.14744 -0.24348 -0.021203 -0.032463 0.017814 0 0
-0 -0 -0.052582 0 0 0 0 0 0 0 0 0 0 0.0039019 -0.027162 -0.044854 -0.0031001 -0.0063192 0.003557 0 0
-0 -0 -0.081345 0 0 0 0 0 0 0 0 0 0 0.0060363 -0.04202 -0.069389 -0.0049554 -0.0097203 0.0054552 0 0
0 0 0.046161 0 0 0 0 0 0 0 0 0 0 -0.0034254 0.023845 0.039376 0.0024051 0.005644 -0.0032086 0 0
0 0 0.023759 0 0 0 0 0 0 0 0 0 0 -0.001763 0.012273 0.020267 0.0012752 0.0028945 -0.0016419 0 0
0 0 0.31573 0 0 0 0 0 0 0 0 0 0 -0.023429 0.1631 0.26933 0.010311 0.039759 -0.02318 0 0
0 0 0.29277 0 0 0 0 0 0 0 0 0 0 -0.021726 0.15124 0.24974 0.010055 0.036811 -0.021417 0 0
0 0 0.0025992 0 0 0 0 0 0 0 0 0 0 -0.00019288 0.0013427 0.0022172 0.00014335 0.00031553 -0.00017861 0 0
-0 -0 -0.20193 0 0 0 0 0 0 0 0 0 0 0.014985 -0.10431 -0.17225 -0.013921 -0.023481 0.013008 0 0
0 0 0.034588 0 0 0 0 0 0 0 0 0 0 -0.0025666 0.017867 0.029505 0.0018303 0.0042213 -0.002397 0 0
-0 -0 -0.074377 0 0 0 0 0 0 0 0 0 0 0.0055192 -0.03842 -0.063446 -0.0044958 -0.0089002 0.0049986 0 0
-0 -0 -0.30396 0 0 0 0 0 0 0 0 0 0 0.022556 -0.15701 -0.25928 -0.022931 -0.034387 0.018829 0 0
-0 -0 -0.1397 0 0 0 0 0 0 0 0 0 0 0.010366 -0.072163 -0.11917 -0.0090584 -0.016486 0.0091952 0 0
0 0 0.34844 0 0 0 0 0 0 0 0 0 0 -0.025857 0.17999 0.29723 0.01054 0.04396 -0.025704 0 0
0 0 0.0082302 0 0 0 0 0 0 0 0 0 0 -0.00061073 0.0042514 0.0070206 0.00045067 0.0010001 -0.0005664 0 0
-0 -0 -0.25042 0 0 0 0 0 0 0 0 0 0 0.018583 -0.12936 -0.21362 -0.018046 -0.028756 0.015844 0 0
-0 -0 -0.14006 0 0 0 0 0 0 0 0 0 0 0.010393 -0.07235 -0.11948 -0.0090853 -0.016527 0.0092179 0 0
-0 -0 -0.08124 0 0 0 0 0 0 0 0 0 0 0.0060285 -0.041965 -0.0693 -0.0049485 -0.009708 0.0054483 0 0
0 0 0.034569 0 0 0 0 0 0 0 0 0 0 -0.0025652 0.017857 0.029488 0.0018293 0.004219 -0.0023957 0 0
-0 -0 -0.15624 0 0 0 0 0 0 0 0 0 0 0.011594 -0.080707 -0.13328 -0.010302 -0.018368 0.010227 0 0
0 0 0.064122 0 0 0 0 0 0 0 0 0 0 -0.0047582 0.033123 0.054697 0.0032598 0.0078617 -0.0044772 0 0
0 0 0.091789 0 0 0 0 0 0 0 0 0 0 -0.0068113 0.047415 0.078298 0.0044866 0.011299 -0.0064522 0 0
-0 -0 -0.28934 0 0 0 0 0 0 0 0 0 0 0.021471 -0.14946 -0.24681 -0.021564 -0.03287 0.018029 0 0
-0 -0 -0.24171 0 0 0 0 0 0 0 0 0 0 0.017936 -0.12486 -0.20618 -0.017284 -0.02782 0.015343 0 0
0 0 0.29686 0 0 0 0 0 0 0 0 0 0 -0.022029 0.15335 0.25323 0.010106 0.037336 -0.02173 0 0
0 0 0.34369 0 0 0 0 0 0 0 0 0 0 -0.025504 0.17754 0.29317 0.010517 0.043349 -0.025336 0 0
0 0 0.2839 0 0 0 0 0 0 0 0 0 0 -0.021067 0.14665 0.24217 0.009935 0.035673 -0.020738 0 0
-0 -0 -0.18744 0 0 0 0 0 0 0 0 0 0 0.013909 -0.096826 -0.15989 -0.012745 -0.021874 0.012137 0 0
0 0 0.32129 0 0 0 0 0 0 0 0 0 0 -0.023842 0.16597 0.27407 0.010361 0.040472 -0.023607 0 0
-0 -0 -0.28616 0 0 0 0 0 0 0 0 0 0 0.021235 -0.14782 -0.2441 -0.02127 -0.032539 0.017854 0 0
0 0 0.005013 0 0 0 0 0 0 0 0 0 0 -0.00037199 0.0025895 0.0042762 0.00027562 0.0006088 -0.00034469 0 0
-0 -0 -0.094558 0 0 0 0 0 0 0 0 0 0 0.0070168 -0.048845 -0.08066 -0.005845 -0.011269 0.0063153 0 0
0 0 0.30945 0 0 0 0 0 0 0 0 0 0 -0.022963 0.15985 0.26397 0.010249 0.038952 -0.022696 0 0
0 0 0.070062 0 0 0 0 0 0 0 0 0 0 -0.005199 0.036191 0.059765 0.0035324 0.0085977 -0.0048991 0 0
-0 -0 -0.093273 0 0 0 0 0 0 0 0 0 0 0.0069214 -0.048181 -0.079565 -0.0057575 -0.011118 0.006232 0 0
-0 -0 -0.016109 0 0 0 0 0 0 0 0 0 0 0.0011954 -0.0083215 -0.013742 -0.00090933 -0.0019492 0.0011012 0 0
-0 -0 -0.19232 0 0 0 0 0 0 0 0 0 0 0.014271 -0.099344 -0.16405 -0.013138 -0.022416 0.012431 0 0
-0 -0 -0.18709 0 0 0 0 0 0 0 0 0 0 0.013883 -0.096644 -0.15959 -0.012717 -0.021835 0.012116 0 0
-0 -0 -0.11679 0 0 0 0 0 0 0 0 0 0 0.0086667 -0.060331 -0.099627 -0.0073943 -0.013853 0.0077454 0 0
-0 -0 -0.2928 0 0 0 0 0 0 0 0 0 0 0.021728 -0.15125 -0.24977 -0.021886 -0.033231 0.01822 0 0
0 0 0.0027691 0 0 0 0 0 0 0 0 0 0 -0.00020548 0.0014304 0.0023621 0.00015268 0.00033616 -0.00019028 0 0
-0 -0 -0.33927 0 0 0 0 0 0 0 0 0 0 0.025176 -0.17525 -0.2894 -0.026336 -0.037982 0.020709 0 0
0 0 0.34541 0 0 0 0 0 0 0 0 0 0 -0.025632 0.17843 0.29464 0.010526 0.043571 -0.025469 0 0
-0 -0 -0.1711 0 0 0 0 0 0 0 0 0 0 0.012697 -0.088384 -0.14595 -0.01145 -0.020045 0.011143 0 0
0 0 0.2468 0 0 0 0 0 0 0 0 0 0 -0.018314 0.12749 0.21052 0.0093062 0.030919 -0.017914 0 0
-0 -0 -0.2837 0 0 0 0 0 0 0 0 0 0 0.021052 -0.14655 -0.242 -0.021043 -0.032281 0.017718 0 0
0 0 0.044543 0 0 0 0 0 0 0 0 0 0 -0.0033054 0.02301 0.037997 0.002326 0.0054449 -0.0030949 0 0
0 0 0.18406 0 0 0 0 0 0 0 0 0 0 -0.013658 0.095079 0.15701 0.0077793 0.022919 -0.013202 0 0
-0 -0 -0.31598 0 0 0 0 0 0 0 0 0 0 0.023448 -0.16322 -0.26954 -0.024074 -0.035622 0.019477 0 0
0 0 0.30843 0 0 0 0 0 0 0 0 0 0 -0.022887 0.15932 0.2631 0.010238 0.038821 -0.022618 0 0
-0 -0 -0.18787 0 0 0 0 0 0 0 0 0 0 0.013941 -0.097045 -0.16026 -0.012779 -0.021921 0.012163 0 0
-0 -0 -0.11492 0 0 0 0 0 0 0 0 0 0 0.0085278 -0.059364 -0.098031 -0.0072613 -0.013636 0.0076259 0 0
-0 -0 -0.065165 0 0 0 0 0 0 0 0 0 0 0.0048356 -0.033662 -0.055587 -0.003898 -0.0078122 0.0043917 0 0
-0 -0 -0.1646 0 0 0 0 0 0 0 0 0 0 0.012214 -0.085025 -0.14041 -0.010945 -0.019313 0.010743 0 0
-0 -0 -0.14836 0 0 0 0 0 0 0 0 0 0 0.011009 -0.076637 -0.12655 -0.0097054 -0.017474 0.0097371 0 0
0 0 0.13351 0 0 0 0 0 0 0 0 0 0 -0.0099074 0.068967 0.11389 0.0061285 0.016527 -0.009475 0 0
-0 -0 -0.1768 0 0 0 0 0 0 0 0 0 0 0.01312 -0.09133 -0.15082 -0.011898 -0.020685 0.011491 0 0
0 0 0.23554 0 0 0 0 0 0 0 0 0 0 -0.017479 0.12167 0.20092 0.009075 0.02948 -0.017062 0 0
0 0 0.069862 0 0 0 0 0 0 0 0 0 0 -0.0051842 0.036088 0.059594 0.0035233 0.0085728 -0.0048849 0 0
-0 -0 -0.19977 0 0 0 0 0 0 0 0 0 0 0.014824 -0.1032 -0.17041 -0.013744 -0.023242 0.012879 0 0
-0 -0 -0.33117 0 0 0 0 0 0 0 0 0 0 0.024575 -0.17107 -0.2825 -0.025542 -0.037166 0.020284 0 0
-0 -0 -0.047963 0 0 0 0 0 0 0 0 0 0 0.0035591 -0.024776 -0.040914 -0.0028126 -0.0057692 0.0032489 0 0
-0 -0 -0.06382 0 0 0 0 0 0 0 0 0 0 0.0047358 -0.032967 -0.05444 -0.0038117 -0.007653 0.0043028 0 0
-0 -0 -0.0075688 0 0 0 0 0 0 0 0 0 0 0.00056165 -0.0039098 -0.0064564 -0.00042276 -0.00091719 0.00051864 0 0
-0 -0 -0.29418 0 0 0 0 0 0 0 0 0 0 0.02183 -0.15196 -0.25094 -0.022014 -0.033375 0.018295 0 0
0 0 0.041117 0 0 0 0 0 0 0 0 0 0 -0.0030511 0.02124 0.035074 0.0021569 0.0050233 -0.0028543 0 0
0 0 0.29738 0 0 0 0 0 0 0 0 0 0 -0.022067 0.15362 0.25367 0.010113 0.037403 -0.02177 0 0
0 0 0.0019017 0 0 0 0 0 0 0 0 0 0 -0.00014112 0.00098235 0.0016222 0.00010497 0.00023083 -0.00013065 0 0
-0 -0 -0.16149 0 0 0 0 0 0 0 0 0 0 0.011984 -0.083422 -0.13776 -0.010705 -0.018963 0.010552 0 0
0 0 0.2194 0 0 0 0 0 0 0 0 0 0 -0.016281 0.11333 0.18715 0.0087108 0.027418 -0.015846 0 0
-0 -0 -0.27828 0 0 0 0 0 0 0 0 0 0 0.02065 -0.14375 -0.23738 -0.020546 -0.031713 0.017417 0 0
-0 -0 -0.2602 0 0 0 0 0 0 0 0 0 0 0.019308 -0.13441 -0.22196 -0.018913 -0.0298 0.016401 0 0
0 0 0.26443 0 0 0 0 0 0 0 0 0 0 -0.019622 0.13659 0.22557 0.0096305 0.033177 -0.019253 0 0
0 0 0.23416 0 0 0 0 0 0 0 0 0 0 -0.017376 0.12096 0.19974 0.0090453 0.029303 -0.016958 0 0
0 0 0.084813 0 0 0 0 0 0 0 0 0 0 -0.0062937 0.043811 0.072348 0.0041876 0.01043 -0.0059519 0 0
-0 -0 -0.23316 0 0 0 0 0 0 0 0 0 0 0.017302 -0.12044 -0.1989 -0.016545 -0.026897 0.014849 0 0
-0 -0 -0.01141 0 0 0 0 0 0 0 0 0 0 0.0008467 -0.005894 -0.0097332 -0.00064036 -0.0013817 0.00078102 0 0
0 0 0.34695 0 0 0 0 0 0 0 0 0 0 -0.025746 0.17922 0.29595 0.010533 0.043768 -0.025588 0 0
0 0 0.22769 0 0 0 0 0 0 0 0 0 0 -0.016896 0.11761 0.19422 0.0089027 0.028476 -0.01647 0 0
0 0 0.22938 0 0 0 0 0 0 0 0 0 0 -0.017021 0.11849 0.19567 0.0089405 0.028692 -0.016597 0 0
-0 -0 -0.03248 0 0 0 0 0 0 0 0 0 0 0.0024102 -0.016778 -0.027706 -0.0018701 -0.0039182 0.00221 0 0
-0 -0 -0.23172 0 0 0 0 0 0 0 0 0 0 0.017195 -0.1197 -0.19766 -0.016421 -0.026741 0.014765 0 0
0 0 0.34374 0 0 0 0 0 0 0 0 0 0 -0.025508 0.17756 0.29322 0.010517 0.043356 -0.02534 0 0
-0 -0 -0.30933 0 0 0 0 0 0 0 0 0 0 0.022954 -0.15979 -0.26387 -0.02344 -0.034941 0.01912 0 0
-0 -0 -0.16418 0 0 0 0 0 0 0 0 0 0 0.012183 -0.08481 -0.14005 -0.010912 -0.019266 0.010718 0 0
-0 -0 -0.13682 0 0 0 0 0 0 0 0 0 0 0.010153 -0.070676 -0.11671 -0.0088454 -0.016156 0.0090143 0 0
-0 -0 -0.10693 0 0 0 0 0 0 0 0 0 0 0.0079351 -0.055238 -0.091217 -0.0066992 -0.01271 0.007114 0 0
-0 -0 -0.14928 0 0 0 0 0 0 0 0 0 0 0.011078 -0.077113 -0.12734 -0.0097748 -0.017578 0.0097945 0 0
0 0 0.32677 0 0 0 0 0 0 0 0 0 0 -0.024248 0.1688 0.27874 0.010406 0.041176 -0.02403 0 0
-0 -0 -0.27059 0 0 0 0 0 0 0 0 0 0 0.020079 -0.13978 -0.23082 -0.019847 -0.030902 0.016987 0 0
0 0 0.090106 0 0 0 0 0 0 0 0 0 0 -0.0066864 0.046545 0.076863 0.0044151 0.01109 -0.0063313 0 0
