-0 -0 -0 0.054459 0 0 0 0 -0 0 0 0.050457 -0.015286 0.013646 0 0
0 0 0 0.12452 0 0 0 0 -0 0 0 0.11537 -0.034952 0.031202 0 0
0 0 0 0.021092 0 0 0 0 -0 0 0 0.019542 -0.0059202 0.005285 0 0
0 0 0 0.10218 0 0 0 0 -0 0 0 0.094668 -0.02868 0.025603 0 0
-0 -0 -0 0.12167 0 0 0 0 -0 0 0 0.11272 -0.03415 0.030486 0 0
-0 -0 -0 0.057231 0 0 0 0 -0 0 0 0.053026 -0.016064 0.014341 0 0
0 0 0 0.10365 0 0 0 0 -0 0 0 0.096034 -0.029093 0.025972 0 0
-0 -0 -0 0.084441 0 0 0 0 -0 0 0 0.078236 -0.023702 0.021159 0 0
-0 -0 -0 0.12767 0 0 0 0 -0 0 0 0.11829 -0.035836 0.031991 0 0
0 0 0 0.19579 0 0 0 0 -0 0 0 0.18141 -0.054957 0.04906 0 0
0 0 0 0.13452 0 0 0 0 -0 0 0 0.12463 -0.037757 0.033706 0 0
0 0 0 0.019092 0 0 0 0 -0 0 0 0.017689 -0.0053588 0.0047839 0 0
0 0 0 0.18999 0 0 0 0 -0 0 0 0.17603 -0.053329 0.047607 0 0
0 0 0 0.15838 0 0 0 0 -0 0 0 0.14674 -0.044455 0.039686 0 0
0 0 0 0.080349 0 0 0 0 -0 0 0 0.074445 -0.022553 0.020133 0 0
0 0 0 0.047313 0 0 0 0 -0 0 0 0.043836 -0.01328 0.011855 0 0
-0 -0 -0 0.020226 0 0 0 0 -0 0 0 0.018739 -0.0056771 0.005068 0 0
0 0 0 0.038294 0 0 0 0 -0 0 0 0.03548 -0.010749 0.0095955 0 0
-0 -0 -0 0.18383 0 0 0 0 -0 0 0 0.17032 -0.051598 0.046062 0 0
0 0 0 0.078763 0 0 0 0 -0 0 0 0.072975 -0.022108 0.019736 0 0
0 0 0 0.063942 0 0 0 0 -0 0 0 0.059243 -0.017948 0.016022 0 0
-0 -0 -0 0.025599 0 0 0 0 -0 0 0 0.023718 -0.0071853 0.0064144 0 0
-0 -0 -0 0.023724 0 0 0 0 -0 0 0 0.02198 -0.0066589 0.0059445 0 0
0 0 0 0.062317 0 0 0 0 -0 0 0 0.057737 -0.017492 0.015615 0 0
0 0 0 0.15159 0 0 0 0 -0 0 0 0.14045 -0.04255 0.037985 0 0
-0 -0 -0 0.022128 0 0 0 0 -0 0 0 0.020502 -0.0062111 0.0055447 0 0
-0 -0 -0 0.088471 0 0 0 0 -0 0 0 0.081969 -0.024833 0.022168 0 0
0 0 0 0.16461 0 0 0 0 -0 0 0 0.15251 -0.046203 0.041246 0 0
-0 -0 -0 0.10675 0 0 0 0 -0 0 0 0.098908 -0.029964 0.026749 0 0
-0 -0 -0 0.13477 0 0 0 0 -0 0 0 0.12487 -0.037828 0.03377 0 0
0 0 0 0.16285 0 0 0 0 -0 0 0 0.15088 -0.045709 0.040805 0 0
-0 -0 -0 0.0077727 0 0 0 0 -0 0 0 0.0072015 -0.0021817 0.0019476 0 0
-0 -0 -0 0.14809 0 0 0 0 -0 0 0 0.1372 -0.041566 0.037106 0 0
-0 -0 -0 0.17779 0 0 0 0 -0 0 0 0.16472 -0.049903 0.044549 0 0
0 0 0 0.11382 0 0 0 0 -0 0 0 0.10545 -0.031947 0.02852 0 0
-0 -0 -0 0.1809 0 0 0 0 -0 0 0 0.1676 -0.050775 0.045328 0 0
0 0 0 0.06401 0 0 0 0 -0 0 0 0.059306 -0.017967 0.016039 0 0
0 0 0 0.068075 0 0 0 0 -0 0 0 0.063073 -0.019108 0.017058 0 0
0 0 0 0.1272 0 0 0 0 -0 0 0 0.11785 -0.035702 0.031872 0 0
0 0 0 0.11965 0 0 0 0 -0 0 0 0.11086 -0.033586 0.029982 0 0
0 0 0 0.16366 0 0 0 0 -0 0 0 0.15164 -0.045938 0.04101 0 0
-0 -0 -0 0.18824 0 0 0 0 -0 0 0 0.17441 -0.052837 0.047168 0 0
0 0 0 0.11153 0 0 0 0 -0 0 0 0.10333 -0.031305 0.027946 0 0
-0 -0 -0 0.054259 0 0 0 0 -0 0 0 0.050271 -0.01523 0.013596 0 0
-0 -0 -0 0.13996 0 0 0 0 -0 0 0 0.12967 -0.039284 0.03507 0 0
-0 -0 -0 0.17547 0 0 0 0 -0 0 0 0.16257 -0.049251 0.043967 0 0
0 0 0 0.0456 0 0 0 0 -0 0 0 0.042249 -0.012799 0.011426 0 0
0 0 0 0.13784 0 0 0 0 -0 0 0 0.12772 -0.038691 0.03454 0 0
0 0 0 0.12022 0 0 0 0 -0 0 0 0.11138 -0.033744 0.030124 0 0
0 0 0 0.018619 0 0 0 0 -0 0 0 0.017251 -0.0052261 0.0046654 0 0
-0 -0 -0 0.15619 0 0 0 0 -0 0 0 0.14471 -0.043841 0.039137 0 0
0 0 0 0.030889 0 0 0 0 -0 0 0 0.02862 -0.0086703 0.0077401 0 0
-0 -0 -0 0.087133 0 0 0 0 -0 0 0 0.08073 -0.024457 0.021833 0 0
0 0 0 0.12386 0 0 0 0 -0 0 0 0.11476 -0.034767 0.031037 0 0
0 0 0 0.19579 0 0 0 0 -0 0 0 0.1814 -0.054955 0.049059 0 0
-0 -0 -0 0.12013 0 0 0 0 -0 0 0 0.1113 -0.033719 0.030101 0 0
-0 -0 -0 0.16571 0 0 0 0 -0 0 0 0.15353 -0.046513 0.041523 0 0
0 0 0 0.1394 0 0 0 0 -0 0 0 0.12915 -0.039127 0.034929 0 0
-0 -0 -0 0.17055 0 0 0 0 -0 0 0 0.15802 -0.047872 0.042736 0 0
0 0 0 0.161 0 0 0 0 -0 0 0 0.14917 -0.04519 0.040342 0 0
0 0 0 0.069069 0 0 0 0 -0 0 0 0.063993 -0.019387 0.017307 0 0
0 0 0 0.069525 0 0 0 0 -0 0 0 0.064415 -0.019515 0.017421 0 0
-0 -0 -0 0.18815 0 0 0 0 -0 0 0 0.17432 -0.052812 0.047146 0 0
-0 -0 -0 0.19192 0 0 0 0 -0 0 0 0.17782 -0.053869 0.04809 0 0
-0 -0 -0 0.087143 0 0 0 0 -0 0 0 0.080739 -0.02446 0.021836 0 0
0 0 0 0.095149 0 0 0 0 -0 0 0 0.088157 -0.026707 0.023842 0 0
-0 -0 -0 0.074066 0 0 0 0 -0 0 0 0.068623 -0.020789 0.018559 0 0
0 0 0 0.07832 0 0 0 0 -0 0 0 0.072565 -0.021984 0.019625 0 0
0 0 0 0.082991 0 0 0 0 -0 0 0 0.076892 -0.023294 0.020795 0 0
0 0 0 0.020296 0 0 0 0 -0 0 0 0.018805 -0.0056969 0.0050857 0 0
-0 -0 -0 0.16713 0 0 0 0 -0 0 0 0.15485 -0.046912 0.041879 0 0
-0 -0 -0 0.055954 0 0 0 0 -0 0 0 0.051842 -0.015705 0.01402 0 0
0 0 0 0.12535 0 0 0 0 -0 0 0 0.11614 -0.035184 0.031409 0 0
0 0 0 0.10162 0 0 0 0 -0 0 0 0.094148 -0.028522 0.025462 0 0
-0 -0 -0 0.13717 0 0 0 0 -0 0 0 0.12709 -0.038502 0.034371 0 0
-0 -0 -0 0.1038 0 0 0 0 -0 0 0 0.096168 -0.029134 0.026008 0 0
-0 -0 -0 0.1414 0 0 0 0 -0 0 0 0.13101 -0.03969 0.035432 0 0
0 0 0 0.0089594 0 0 0 0 -0 0 0 0.008301 -0.0025148 0.002245 0 0
0 0 0 0.17895 0 0 0 0 -0 0 0 0.1658 -0.05023 0.044841 0 0
-0 -0 -0 0.13616 0 0 0 0 -0 0 0 0.12615 -0.038217 0.034117 0 0
0 0 0 0.10746 0 0 0 0 -0 0 0 0.099562 -0.030162 0.026926 0 0
-0 -0 -0 0.0047408 0 0 0 0 -0 0 0 0.0043924 -0.0013307 0.0011879 0 0
-0 -0 -0 0.090898 0 0 0 0 -0 0 0 0.084218 -0.025514 0.022777 0 0
-0 -0 -0 0.1547 0 0 0 0 -0 0 0 0.14333 -0.043422 0.038763 0 0
0 0 0 0.0064114 0 0 0 0 -0 0 0 0.0059403 -0.0017996 0.0016065 0 0
0 0 0 0.086779 0 0 0 0 -0 0 0 0.080402 -0.024358 0.021744 0 0
-0 -0 -0 0.13042 0 0 0 0 -0 0 0 0.12083 -0.036606 0.032679 0 0
-0 -0 -0 0.16567 0 0 0 0 -0 0 0 0.1535 -0.046503 0.041514 0 0
0 0 0 0.19531 0 0 0 0 -0 0 0 0.18095 -0.05482 0.048938 0 0
-0 -0 -0 0.040346 0 0 0 0 -0 0 0 0.037381 -0.011325 0.01011 0 0
0 0 0 0.097993 0 0 0 0 -0 0 0 0.090792 -0.027505 0.024554 0 0
0 0 0 0.073717 0 0 0 0 -0 0 0 0.0683 -0.020691 0.018471 0 0
0 0 0 0.19662 0 0 0 0 -0 0 0 0.18217 -0.055189 0.049267 0 0
-0 -0 -0 0.014506 0 0 0 0 -0 0 0 0.01344 -0.0040715 0.0036347 0 0
0 0 0 0.15159 0 0 0 0 -0 0 0 0.14045 -0.042549 0.037984 0 0
0 0 0 0.13434 0 0 0 0 -0 0 0 0.12447 -0.037708 0.033662 0 0
0 0 0 0.040211 0 0 0 0 -0 0 0 0.037256 -0.011287 0.010076 0 0
-0 -0 -0 0.19111 0 0 0 0 -0 0 0 0.17706 -0.053641 0.047886 0 0
0 0 0 0.18712 0 0 0 0 -0 0 0 0.17337 -0.052521 0.046886 0 0
0 0 0 0.00084508 0 0 0 0 -0 0 0 0.00078298 -0.0002372 0.00021176 0 0
