0 0 0.2329 0 0 0 0 0 0 0 0 0 0 -0.038616 0.11585 0.19832 -0.035102 0.004887 -0.0096897 0 0
0 0 0.2067 0 0 0 0 0 0 0 0 0 0 -0.034272 0.10282 0.17601 -0.031061 0.0047053 -0.0087968 0 0
0 0 0.021674 0 0 0 0 0 0 0 0 0 0 -0.0035938 0.010781 0.018456 -0.0031675 0.00076297 -0.0010625 0 0
-0 -0 -0.18496 0 0 0 0 0 0 0 0 0 0 0.030668 -0.092005 -0.1575 0.025813 -0.0089926 0.010279 0 0
-0 -0 -0.09424 0 0 0 0 0 0 0 0 0 0 0.015626 -0.046877 -0.080247 0.013448 -0.0040341 0.004975 0 0
0 0 0.11461 0 0 0 0 0 0 0 0 0 0 -0.019003 0.057008 0.097591 -0.017011 0.0033225 -0.0052533 0 0
-0 -0 -0.071683 0 0 0 0 0 0 0 0 0 0 0.011885 -0.035656 -0.061039 0.010281 -0.0029634 0.0037329 0 0
0 0 0.25598 0 0 0 0 0 0 0 0 0 0 -0.042444 0.12733 0.21797 -0.038674 0.0049691 -0.010433 0 0
-0 -0 -0.16029 0 0 0 0 0 0 0 0 0 0 0.026577 -0.079731 -0.13649 0.022513 -0.0075418 0.0087892 0 0
-0 -0 -0.045285 0 0 0 0 0 0 0 0 0 0 0.0075086 -0.022526 -0.038561 0.0065315 -0.0017941 0.0023198 0 0
-0 -0 -0.17514 0 0 0 0 0 0 0 0 0 0 0.02904 -0.08712 -0.14914 0.024505 -0.0084061 0.0096821 0 0
0 0 0.11582 0 0 0 0 0 0 0 0 0 0 -0.019204 0.057611 0.098623 -0.017194 0.0033482 -0.0053039 0 0
-0 -0 -0.28579 0 0 0 0 0 0 0 0 0 0 0.047385 -0.14216 -0.24335 0.038762 -0.01569 0.016713 0 0
-0 -0 -0.26808 0 0 0 0 0 0 0 0 0 0 0.04445 -0.13335 -0.22828 0.036555 -0.014426 0.015545 0 0
0 0 0.30868 0 0 0 0 0 0 0 0 0 0 -0.051181 0.15354 0.26284 -0.04686 0.0048827 -0.011977 0 0
-0 -0 -0.074203 0 0 0 0 0 0 0 0 0 0 0.012303 -0.03691 -0.063185 0.010636 -0.0030798 0.0038701 0 0
-0 -0 -0.24987 0 0 0 0 0 0 0 0 0 0 0.04143 -0.12429 -0.21277 0.034253 -0.013165 0.01436 0 0
0 0 0.05728 0 0 0 0 0 0 0 0 0 0 -0.0094974 0.028492 0.048775 -0.008424 0.0018806 -0.0027389 0 0
0 0 0.18518 0 0 0 0 0 0 0 0 0 0 -0.030704 0.092112 0.15768 -0.027755 0.0044858 -0.0080247 0 0
0 0 0.1516 0 0 0 0 0 0 0 0 0 0 -0.025137 0.075411 0.12909 -0.022623 0.0040169 -0.0067515 0 0
0 0 0.17618 0 0 0 0 0 0 0 0 0 0 -0.029211 0.087633 0.15002 -0.026375 0.0043751 -0.0076915 0 0
-0 -0 -0.24659 0 0 0 0 0 0 0 0 0 0 0.040886 -0.12266 -0.20997 0.033835 -0.012941 0.014148 0 0
-0 -0 -0.089421 0 0 0 0 0 0 0 0 0 0 0.014826 -0.044479 -0.076143 0.012774 -0.0037998 0.004707 0 0
0 0 0.063021 0 0 0 0 0 0 0 0 0 0 -0.010449 0.031348 0.053663 -0.0092774 0.0020449 -0.003001 0 0
-0 -0 -0.27075 0 0 0 0 0 0 0 0 0 0 0.044892 -0.13468 -0.23055 0.036889 -0.014614 0.01572 0 0
0 0 0.15605 0 0 0 0 0 0 0 0 0 0 -0.025874 0.077623 0.13288 -0.0233 0.0040878 -0.0069249 0 0
0 0 0.12965 0 0 0 0 0 0 0 0 0 0 -0.021498 0.064493 0.1104 -0.019287 0.0036274 -0.0058745 0 0
0 0 0.051786 0 0 0 0 0 0 0 0 0 0 -0.0085865 0.02576 0.044097 -0.0076089 0.0017192 -0.0024859 0 0
-0 -0 -0.26561 0 0 0 0 0 0 0 0 0 0 0.04404 -0.13212 -0.22617 0.036244 -0.014252 0.015383 0 0
-0 -0 -0.2936 0 0 0 0 0 0 0 0 0 0 0.048681 -0.14604 -0.25001 0.039727 -0.016259 0.017233 0 0
0 0 0.11613 0 0 0 0 0 0 0 0 0 0 -0.019255 0.057766 0.098888 -0.017241 0.0033548 -0.0053169 0 0
0 0 0.34374 0 0 0 0 0 0 0 0 0 0 -0.056994 0.17098 0.2927 -0.052323 0.0046144 -0.012884 0 0
-0 -0 -0.056392 0 0 0 0 0 0 0 0 0 0 0.0093501 -0.02805 -0.048019 0.0081143 -0.002275 0.002909 0 0
-0 -0 -0.094572 0 0 0 0 0 0 0 0 0 0 0.015681 -0.047042 -0.080529 0.013494 -0.0040503 0.0049935 0 0
-0 -0 -0.30939 0 0 0 0 0 0 0 0 0 0 0.051299 -0.1539 -0.26345 0.04166 -0.017431 0.018294 0 0
0 0 0.015319 0 0 0 0 0 0 0 0 0 0 -0.0025399 0.0076197 0.013044 -0.002236 0.00054569 -0.00075416 0 0
0 0 0.020329 0 0 0 0 0 0 0 0 0 0 -0.0033706 0.010112 0.01731 -0.0029701 0.00071741 -0.0009974 0 0
0 0 0.21666 0 0 0 0 0 0 0 0 0 0 -0.035923 0.10777 0.18449 -0.032596 0.0047854 -0.0091424 0 0
0 0 0.28304 0 0 0 0 0 0 0 0 0 0 -0.046931 0.14079 0.24102 -0.042874 0.0049723 -0.011253 0 0
0 0 0.19409 0 0 0 0 0 0 0 0 0 0 -0.032181 0.096542 0.16527 -0.029122 0.0045843 -0.0083485 0 0
0 0 0.20485 0 0 0 0 0 0 0 0 0 0 -0.033966 0.1019 0.17444 -0.030777 0.0046889 -0.0087319 0 0
-0 -0 -0.10175 0 0 0 0 0 0 0 0 0 0 0.01687 -0.05061 -0.086638 0.014494 -0.0044048 0.0053953 0 0
-0 -0 -0.14253 0 0 0 0 0 0 0 0 0 0 0.023633 -0.070898 -0.12137 0.020108 -0.0065446 0.0077384 0 0
-0 -0 -0.042243 0 0 0 0 0 0 0 0 0 0 0.0070042 -0.021012 -0.035971 0.0060966 -0.0016651 0.0021598 0 0
-0 -0 -0.33982 0 0 0 0 0 0 0 0 0 0 0.056344 -0.16903 -0.28936 0.045314 -0.01977 0.020372 0 0
-0 -0 -0.26811 0 0 0 0 0 0 0 0 0 0 0.044454 -0.13336 -0.2283 0.036558 -0.014428 0.015546 0 0
-0 -0 -0.15375 0 0 0 0 0 0 0 0 0 0 0.025493 -0.07648 -0.13092 0.02163 -0.0071702 0.0084003 0 0
0 0 0.17126 0 0 0 0 0 0 0 0 0 0 -0.028396 0.085189 0.14583 -0.025623 0.0043101 -0.007507 0 0
-0 -0 -0.33488 0 0 0 0 0 0 0 0 0 0 0.055524 -0.16657 -0.28515 0.044726 -0.019383 0.020032 0 0
-0 -0 -0.16118 0 0 0 0 0 0 0 0 0 0 0.026725 -0.080175 -0.13725 0.022633 -0.007593 0.0088425 0 0
0 0 0.26234 0 0 0 0 0 0 0 0 0 0 -0.043498 0.13049 0.22339 -0.03966 0.0049789 -0.010631 0 0
-0 -0 -0.3466 0 0 0 0 0 0 0 0 0 0 0.057468 -0.1724 -0.29513 0.046115 -0.020306 0.020841 0 0
-0 -0 -0.30416 0 0 0 0 0 0 0 0 0 0 0.050432 -0.15129 -0.259 0.041022 -0.01704 0.017942 0 0
-0 -0 -0.08624 0 0 0 0 0 0 0 0 0 0 0.014299 -0.042897 -0.073435 0.012328 -0.0036469 0.0045309 0 0
0 0 0.075754 0 0 0 0 0 0 0 0 0 0 -0.01256 0.037681 0.064506 -0.011176 0.0023936 -0.0035743 0 0
-0 -0 -0.21037 0 0 0 0 0 0 0 0 0 0 0.03488 -0.10464 -0.17913 0.029159 -0.010564 0.011849 0 0
-0 -0 -0.19836 0 0 0 0 0 0 0 0 0 0 0.032889 -0.098666 -0.1689 0.027584 -0.0098115 0.011103 0 0
0 0 0.1382 0 0 0 0 0 0 0 0 0 0 -0.022914 0.068742 0.11768 -0.020584 0.0037868 -0.0062201 0 0
-0 -0 -0.22075 0 0 0 0 0 0 0 0 0 0 0.036602 -0.10981 -0.18797 0.030512 -0.01123 0.012501 0 0
0 0 0.028208 0 0 0 0 0 0 0 0 0 0 -0.0046771 0.014031 0.02402 -0.0041273 0.00098073 -0.0013765 0 0
-0 -0 -0.018398 0 0 0 0 0 0 0 0 0 0 0.0030504 -0.0091513 -0.015666 0.0026681 -0.00069636 0.0009263 0 0
0 0 0.018522 0 0 0 0 0 0 0 0 0 0 -0.003071 0.0092129 0.015771 -0.0027052 0.00065586 -0.00090987 0 0
0 0 0.24169 0 0 0 0 0 0 0 0 0 0 -0.040074 0.12022 0.2058 -0.036461 0.0049269 -0.0099778 0 0
-0 -0 -0.13076 0 0 0 0 0 0 0 0 0 0 0.02168 -0.065041 -0.11134 0.018499 -0.0059052 0.0070517 0 0
0 0 0.24968 0 0 0 0 0 0 0 0 0 0 -0.041399 0.1242 0.21261 -0.037698 0.0049539 -0.010234 0 0
0 0 0.25824 0 0 0 0 0 0 0 0 0 0 -0.042817 0.12845 0.21989 -0.039024 0.0049732 -0.010504 0 0
-0 -0 -0.32888 0 0 0 0 0 0 0 0 0 0 0.05453 -0.16359 -0.28005 0.044011 -0.018917 0.01962 0 0
0 0 0.1158 0 0 0 0 0 0 0 0 0 0 -0.0192 0.057599 0.098603 -0.017191 0.0033477 -0.0053029 0 0
0 0 0.23489 0 0 0 0 0 0 0 0 0 0 -0.038946 0.11684 0.20001 -0.03541 0.0048969 -0.0097555 0 0
-0 -0 -0.26504 0 0 0 0 0 0 0 0 0 0 0.043945 -0.13183 -0.22568 0.036172 -0.014212 0.015345 0 0
-0 -0 -0.070041 0 0 0 0 0 0 0 0 0 0 0.011613 -0.03484 -0.059641 0.010049 -0.0028881 0.0036437 0 0
-0 -0 -0.065323 0 0 0 0 0 0 0 0 0 0 0.010831 -0.032493 -0.055624 0.0093815 -0.0026734 0.0033884 0 0
-0 -0 -0.13901 0 0 0 0 0 0 0 0 0 0 0.023048 -0.069144 -0.11837 0.019627 -0.0063513 0.0075319 0 0
0 0 0.16767 0 0 0 0 0 0 0 0 0 0 -0.027801 0.083403 0.14278 -0.025074 0.0042605 -0.0073711 0 0
0 0 0.22023 0 0 0 0 0 0 0 0 0 0 -0.036516 0.10955 0.18753 -0.033147 0.0048109 -0.0092646 0 0
0 0 0.023738 0 0 0 0 0 0 0 0 0 0 -0.003936 0.011808 0.020214 -0.0034705 0.00083237 -0.001162 0 0
0 0 0.089839 0 0 0 0 0 0 0 0 0 0 -0.014896 0.044687 0.076499 -0.013284 0.0027539 -0.0041953 0 0
-0 -0 -0.31556 0 0 0 0 0 0 0 0 0 0 0.052322 -0.15697 -0.26871 0.042408 -0.017897 0.018712 0 0
0 0 0.091817 0 0 0 0 0 0 0 0 0 0 -0.015224 0.045671 0.078184 -0.01358 0.0028024 -0.0042813 0 0
-0 -0 -0.1608 0 0 0 0 0 0 0 0 0 0 0.026662 -0.079986 -0.13693 0.022582 -0.0075712 0.0088198 0 0
-0 -0 -0.22866 0 0 0 0 0 0 0 0 0 0 0.037912 -0.11374 -0.1947 0.031535 -0.011745 0.013001 0 0
0 0 0.052951 0 0 0 0 0 0 0 0 0 0 -0.0087796 0.026339 0.045089 -0.0077816 0.0017538 -0.0025397 0 0
0 0 0.013462 0 0 0 0 0 0 0 0 0 0 -0.0022321 0.0066963 0.011463 -0.0019644 0.00048121 -0.0006636 0 0
-0 -0 -0.33565 0 0 0 0 0 0 0 0 0 0 0.055652 -0.16696 -0.28581 0.044818 -0.019443 0.020085 0 0
-0 -0 -0.22955 0 0 0 0 0 0 0 0 0 0 0.038061 -0.11418 -0.19547 0.03165 -0.011804 0.013058 0 0
0 0 0.12034 0 0 0 0 0 0 0 0 0 0 -0.019953 0.05986 0.10247 -0.017877 0.0034423 -0.0054919 0 0
-0 -0 -0.25349 0 0 0 0 0 0 0 0 0 0 0.042029 -0.12609 -0.21585 0.034712 -0.013412 0.014594 0 0
-0 -0 -0.20621 0 0 0 0 0 0 0 0 0 0 0.034191 -0.10257 -0.17559 0.028615 -0.010302 0.01159 0 0
-0 -0 -0.12688 0 0 0 0 0 0 0 0 0 0 0.021038 -0.063115 -0.10804 0.017968 -0.0056988 0.0068277 0 0
0 0 0.2541 0 0 0 0 0 0 0 0 0 0 -0.042131 0.12639 0.21637 -0.038382 0.0049651 -0.010374 0 0
-0 -0 -0.049654 0 0 0 0 0 0 0 0 0 0 0.008233 -0.024699 -0.042282 0.0071551 -0.0019813 0.0025506 0 0
-0 -0 -0.21426 0 0 0 0 0 0 0 0 0 0 0.035526 -0.10658 -0.18245 0.029668 -0.010812 0.012093 0 0
0 0 0.27543 0 0 0 0 0 0 0 0 0 0 -0.045668 0.137 0.23453 -0.041691 0.0049816 -0.011028 0 0
0 0 0.23649 0 0 0 0 0 0 0 0 0 0 -0.039211 0.11763 0.20137 -0.035657 0.0049045 -0.009808 0 0
0 0 0.27355 0 0 0 0 0 0 0 0 0 0 -0.045357 0.13607 0.23293 -0.0414 0.0049826 -0.010972 0 0
0 0 0.34106 0 0 0 0 0 0 0 0 0 0 -0.05655 0.16965 0.29042 -0.051905 0.0046408 -0.012818 0 0
0 0 0.13696 0 0 0 0 0 0 0 0 0 0 -0.022708 0.068125 0.11662 -0.020395 0.0037642 -0.0061702 0 0
0 0 0.20021 0 0 0 0 0 0 0 0 0 0 -0.033197 0.09959 0.17049 -0.030063 0.0046458 -0.0085677 0 0
-0 -0 -0.0035817 0 0 0 0 0 0 0 0 0 0 0.00059386 -0.0017816 -0.0030499 0.00052094 -0.00013207 0.00017858 0 0
-0 -0 -0.071037 0 0 0 0 0 0 0 0 0 0 0.011778 -0.035335 -0.06049 0.010189 -0.0029338 0.0036978 0 0
