-0 -0 -0.055745 0 0 0 0 0 0 0 0 0 0 0.0067182 -0.028411 -0.047489 0.0040567 -0.0055315 0.0038832 0 0
-0 -0 -0.315 0 0 0 0 0 0 0 0 0 0 0.037963 -0.16054 -0.26835 0.017772 -0.033726 0.022691 0 0
-0 -0 -0.33842 0 0 0 0 0 0 0 0 0 0 0.040786 -0.17248 -0.2883 0.018574 -0.036433 0.024424 0 0
-0 -0 -0.20985 0 0 0 0 0 0 0 0 0 0 0.025291 -0.10695 -0.17877 0.013265 -0.021861 0.014955 0 0
0 0 0.3463 0 0 0 0 0 0 0 0 0 0 -0.041735 0.17649 0.29501 -0.032834 0.028664 -0.021793 0 0
0 0 0.34677 0 0 0 0 0 0 0 0 0 0 -0.041792 0.17673 0.29541 -0.032886 0.028695 -0.02182 0 0
-0 -0 -0.20249 0 0 0 0 0 0 0 0 0 0 0.024403 -0.1032 -0.1725 0.012894 -0.02105 0.014418 0 0
-0 -0 -0.17118 0 0 0 0 0 0 0 0 0 0 0.02063 -0.08724 -0.14582 0.011239 -0.017633 0.012139 0 0
0 0 0.012068 0 0 0 0 0 0 0 0 0 0 -0.0014544 0.0061506 0.010281 -0.00092696 0.0011682 -0.00083 0 0
-0 -0 -0.091885 0 0 0 0 0 0 0 0 0 0 0.011074 -0.04683 -0.078277 0.0064849 -0.009231 0.0064399 0 0
-0 -0 -0.27088 0 0 0 0 0 0 0 0 0 0 0.032645 -0.13805 -0.23076 0.016061 -0.028686 0.019434 0 0
0 0 0.30785 0 0 0 0 0 0 0 0 0 0 -0.037101 0.1569 0.26226 -0.028605 0.026027 -0.019617 0 0
0 0 0.15361 0 0 0 0 0 0 0 0 0 0 -0.018513 0.078288 0.13086 -0.013033 0.014017 -0.01023 0 0
-0 -0 -0.043605 0 0 0 0 0 0 0 0 0 0 0.0052551 -0.022223 -0.037147 0.0032052 -0.0043084 0.003031 0 0
-0 -0 -0.29127 0 0 0 0 0 0 0 0 0 0 0.035103 -0.14845 -0.24813 0.016884 -0.031005 0.020938 0 0
-0 -0 -0.1146 0 0 0 0 0 0 0 0 0 0 0.013812 -0.058409 -0.097632 0.0079284 -0.0116 0.0080613 0 0
-0 -0 -0.13047 0 0 0 0 0 0 0 0 0 0 0.015724 -0.066493 -0.11114 0.0088978 -0.013272 0.0091991 0 0
0 0 0.28237 0 0 0 0 0 0 0 0 0 0 -0.034031 0.14391 0.24055 -0.025877 0.024199 -0.018138 0 0
-0 -0 -0.19912 0 0 0 0 0 0 0 0 0 0 0.023997 -0.10148 -0.16963 0.012722 -0.02068 0.014172 0 0
0 0 0.18956 0 0 0 0 0 0 0 0 0 0 -0.022845 0.096611 0.16149 -0.016453 0.017013 -0.012506 0 0
0 0 0.053016 0 0 0 0 0 0 0 0 0 0 -0.0063893 0.02702 0.045164 -0.0041984 0.0050502 -0.0036152 0 0
-0 -0 -0.10217 0 0 0 0 0 0 0 0 0 0 0.012314 -0.052073 -0.087041 0.0071466 -0.0103 0.0071728 0 0
0 0 0.34562 0 0 0 0 0 0 0 0 0 0 -0.041654 0.17615 0.29444 -0.032758 0.028619 -0.021756 0 0
0 0 0.0010368 0 0 0 0 0 0 0 0 0 0 -0.00012495 0.00052838 0.00088321 -7.896e-05 0.00010078 -7.146e-05 0 0
0 0 0.33294 0 0 0 0 0 0 0 0 0 0 -0.040125 0.16968 0.28363 -0.03135 0.027764 -0.021045 0 0
-0 -0 -0.0093946 0 0 0 0 0 0 0 0 0 0 0.0011322 -0.004788 -0.0080032 0.00070971 -0.00091676 0.00064886 0 0
0 0 0.041721 0 0 0 0 0 0 0 0 0 0 -0.0050281 0.021263 0.035542 -0.0032767 0.0039922 -0.0028519 0 0
-0 -0 -0.27453 0 0 0 0 0 0 0 0 0 0 0.033085 -0.13991 -0.23387 0.016212 -0.0291 0.019703 0 0
0 0 0.12117 0 0 0 0 0 0 0 0 0 0 -0.014604 0.061757 0.10323 -0.010064 0.011218 -0.008135 0 0
0 0 0.30147 0 0 0 0 0 0 0 0 0 0 -0.036332 0.15364 0.25682 -0.027916 0.025575 -0.019249 0 0
0 0 0.22456 0 0 0 0 0 0 0 0 0 0 -0.027063 0.11445 0.1913 -0.019908 0.019817 -0.014672 0 0
0 0 0.015772 0 0 0 0 0 0 0 0 0 0 -0.0019008 0.0080384 0.013436 -0.0012149 0.0015246 -0.0010839 0 0
-0 -0 -0.21794 0 0 0 0 0 0 0 0 0 0 0.026265 -0.11107 -0.18566 0.013663 -0.022755 0.015546 0 0
0 0 0.065995 0 0 0 0 0 0 0 0 0 0 -0.0079535 0.033634 0.056221 -0.0052754 0.0062536 -0.0044875 0 0
0 0 0.022927 0 0 0 0 0 0 0 0 0 0 -0.0027631 0.011685 0.019532 -0.0017756 0.0022101 -0.0015734 0 0
0 0 0.017039 0 0 0 0 0 0 0 0 0 0 -0.0020535 0.0086842 0.014516 -0.0013138 0.0016462 -0.0011707 0 0
0 0 0.12966 0 0 0 0 0 0 0 0 0 0 -0.015626 0.06608 0.11045 -0.010829 0.011959 -0.0086865 0 0
-0 -0 -0.026702 0 0 0 0 0 0 0 0 0 0 0.0032181 -0.013609 -0.022747 0.0019897 -0.0026223 0.0018503 0 0
0 0 0.30851 0 0 0 0 0 0 0 0 0 0 -0.037181 0.15723 0.26282 -0.028677 0.026073 -0.019655 0 0
-0 -0 -0.25075 0 0 0 0 0 0 0 0 0 0 0.030219 -0.12779 -0.21361 0.015193 -0.026415 0.017953 0 0
-0 -0 -0.30945 0 0 0 0 0 0 0 0 0 0 0.037293 -0.15771 -0.26362 0.017571 -0.033087 0.02228 0 0
-0 -0 -0.16782 0 0 0 0 0 0 0 0 0 0 0.020225 -0.08553 -0.14297 0.011054 -0.01727 0.011896 0 0
0 0 0.091753 0 0 0 0 0 0 0 0 0 0 -0.011058 0.046762 0.078164 -0.0074688 0.008602 -0.0062028 0 0
-0 -0 -0.28918 0 0 0 0 0 0 0 0 0 0 0.034851 -0.14738 -0.24635 0.016802 -0.030767 0.020783 0 0
-0 -0 -0.14043 0 0 0 0 0 0 0 0 0 0 0.016925 -0.071573 -0.11964 0.0094905 -0.014331 0.0099164 0 0
0 0 0.21795 0 0 0 0 0 0 0 0 0 0 -0.026267 0.11108 0.18567 -0.019246 0.019296 -0.014267 0 0
-0 -0 -0.33617 0 0 0 0 0 0 0 0 0 0 0.040515 -0.17133 -0.28639 0.0185 -0.036172 0.024257 0 0
-0 -0 -0.0042082 0 0 0 0 0 0 0 0 0 0 0.00050716 -0.0021447 -0.0035849 0.0003192 -0.00040985 0.00029035 0 0
-0 -0 -0.22728 0 0 0 0 0 0 0 0 0 0 0.027392 -0.11584 -0.19362 0.014114 -0.023793 0.016231 0 0
0 0 0.31154 0 0 0 0 0 0 0 0 0 0 -0.037546 0.15878 0.2654 -0.029005 0.026286 -0.019829 0 0
-0 -0 -0.07786 0 0 0 0 0 0 0 0 0 0 0.0093835 -0.039682 -0.066329 0.0055618 -0.0077852 0.0054444 0 0
0 0 0.30951 0 0 0 0 0 0 0 0 0 0 -0.037302 0.15774 0.26367 -0.028786 0.026144 -0.019713 0 0
-0 -0 -0.1887 0 0 0 0 0 0 0 0 0 0 0.022742 -0.096174 -0.16076 0.012181 -0.019539 0.013413 0 0
-0 -0 -0.28011 0 0 0 0 0 0 0 0 0 0 0.033758 -0.14276 -0.23862 0.01644 -0.029734 0.020114 0 0
0 0 0.30443 0 0 0 0 0 0 0 0 0 0 -0.036689 0.15515 0.25934 -0.028235 0.025785 -0.01942 0 0
0 0 0.20634 0 0 0 0 0 0 0 0 0 0 -0.024868 0.10516 0.17578 -0.018094 0.018372 -0.013551 0 0
-0 -0 -0.183 0 0 0 0 0 0 0 0 0 0 0.022054 -0.093264 -0.15589 0.011879 -0.018917 0.012998 0 0
-0 -0 -0.23697 0 0 0 0 0 0 0 0 0 0 0.028559 -0.12077 -0.20188 0.014568 -0.024873 0.016941 0 0
-0 -0 -0.22072 0 0 0 0 0 0 0 0 0 0 0.0266 -0.11249 -0.18803 0.013799 -0.023063 0.01575 0 0
0 0 0.19918 0 0 0 0 0 0 0 0 0 0 -0.024005 0.10151 0.16968 -0.01739 0.017795 -0.013106 0 0
0 0 0.3409 0 0 0 0 0 0 0 0 0 0 -0.041084 0.17374 0.29041 -0.032232 0.028302 -0.021492 0 0
-0 -0 -0.25782 0 0 0 0 0 0 0 0 0 0 0.031072 -0.1314 -0.21963 0.015504 -0.027211 0.018473 0 0
-0 -0 -0.21566 0 0 0 0 0 0 0 0 0 0 0.025991 -0.10991 -0.18372 0.013552 -0.022503 0.01538 0 0
0 0 0.24817 0 0 0 0 0 0 0 0 0 0 -0.029909 0.12648 0.21142 -0.022307 0.021645 -0.016105 0 0
0 0 0.32063 0 0 0 0 0 0 0 0 0 0 -0.038642 0.16341 0.27315 -0.029997 0.02692 -0.020349 0 0
-0 -0 -0.33355 0 0 0 0 0 0 0 0 0 0 0.040199 -0.17 -0.28415 0.018413 -0.035868 0.024063 0 0
0 0 0.27859 0 0 0 0 0 0 0 0 0 0 -0.033575 0.14199 0.23733 -0.025477 0.023922 -0.017915 0 0
0 0 0.02673 0 0 0 0 0 0 0 0 0 0 -0.0032214 0.013623 0.022771 -0.002076 0.0025728 -0.0018329 0 0
0 0 0.032903 0 0 0 0 0 0 0 0 0 0 -0.0039654 0.016769 0.02803 -0.0025673 0.0031594 -0.0022533 0 0
-0 -0 -0.22721 0 0 0 0 0 0 0 0 0 0 0.027383 -0.1158 -0.19356 0.01411 -0.023785 0.016226 0 0
0 0 0.11171 0 0 0 0 0 0 0 0 0 0 -0.013463 0.056934 0.095166 -0.0092189 0.010384 -0.0075168 0 0
0 0 0.17161 0 0 0 0 0 0 0 0 0 0 -0.020682 0.087463 0.1462 -0.014729 0.015532 -0.011376 0 0
-0 -0 -0.21435 0 0 0 0 0 0 0 0 0 0 0.025833 -0.10924 -0.1826 0.013488 -0.022358 0.015284 0 0
0 0 0.33719 0 0 0 0 0 0 0 0 0 0 -0.040637 0.17185 0.28725 -0.03182 0.028053 -0.021284 0 0
0 0 0.0738 0 0 0 0 0 0 0 0 0 0 -0.0088942 0.037613 0.06287 -0.0059322 0.0069709 -0.0050096 0 0
-0 -0 -0.10454 0 0 0 0 0 0 0 0 0 0 0.012598 -0.053278 -0.089055 0.0072968 -0.010546 0.0073415 0 0
-0 -0 -0.21691 0 0 0 0 0 0 0 0 0 0 0.026141 -0.11055 -0.18478 0.013613 -0.022641 0.015471 0 0
-0 -0 -0.16922 0 0 0 0 0 0 0 0 0 0 0.020394 -0.086244 -0.14416 0.011131 -0.017422 0.011997 0 0
-0 -0 -0.15182 0 0 0 0 0 0 0 0 0 0 0.018297 -0.077376 -0.12934 0.010152 -0.015548 0.010738 0 0
0 0 0.064515 0 0 0 0 0 0 0 0 0 0 -0.0077751 0.03288 0.05496 -0.0051516 0.006117 -0.0043883 0 0
-0 -0 -0.10516 0 0 0 0 0 0 0 0 0 0 0.012673 -0.053594 -0.089583 0.007336 -0.010611 0.0073858 0 0
-0 -0 -0.17828 0 0 0 0 0 0 0 0 0 0 0.021486 -0.090862 -0.15188 0.011626 -0.018404 0.012655 0 0
0 0 0.11296 0 0 0 0 0 0 0 0 0 0 -0.013614 0.057573 0.096234 -0.0093303 0.010495 -0.0075988 0 0
-0 -0 -0.083177 0 0 0 0 0 0 0 0 0 0 0.010024 -0.042391 -0.070858 0.0059146 -0.0083318 0.0058213 0 0
-0 -0 -0.25681 0 0 0 0 0 0 0 0 0 0 0.03095 -0.13088 -0.21877 0.01546 -0.027097 0.018398 0 0
0 0 0.32606 0 0 0 0 0 0 0 0 0 0 -0.039296 0.16618 0.27777 -0.030592 0.027294 -0.020657 0 0
0 0 0.12234 0 0 0 0 0 0 0 0 0 0 -0.014744 0.06235 0.10422 -0.010168 0.01132 -0.0082108 0 0
0 0 0.10318 0 0 0 0 0 0 0 0 0 0 -0.012434 0.052584 0.087895 -0.0084651 0.0096262 -0.0069565 0 0
-0 -0 -0.22015 0 0 0 0 0 0 0 0 0 0 0.026532 -0.1122 -0.18755 0.013771 -0.023 0.015708 0 0
-0 -0 -0.31931 0 0 0 0 0 0 0 0 0 0 0.038482 -0.16274 -0.27202 0.017925 -0.034222 0.023009 0 0
-0 -0 -0.017255 0 0 0 0 0 0 0 0 0 0 0.0020796 -0.0087942 -0.0147 0.0012955 -0.0016887 0.0011936 0 0
0 0 0.12736 0 0 0 0 0 0 0 0 0 0 -0.015349 0.06491 0.1085 -0.010622 0.011759 -0.0085375 0 0
-0 -0 -0.17577 0 0 0 0 0 0 0 0 0 0 0.021183 -0.089583 -0.14974 0.01149 -0.018131 0.012473 0 0
-0 -0 -0.024632 0 0 0 0 0 0 0 0 0 0 0.0029686 -0.012554 -0.020984 0.0018386 -0.0024172 0.0017062 0 0
-0 -0 -0.026116 0 0 0 0 0 0 0 0 0 0 0.0031474 -0.01331 -0.022248 0.0019469 -0.0025642 0.0018095 0 0
-0 -0 -0.16053 0 0 0 0 0 0 0 0 0 0 0.019347 -0.081817 -0.13676 0.010647 -0.016484 0.011368 0 0
0 0 0.053596 0 0 0 0 0 0 0 0 0 0 -0.0064593 0.027316 0.045659 -0.0042461 0.0051043 -0.0036544 0 0
0 0 0.17732 0 0 0 0 0 0 0 0 0 0 -0.02137 0.090373 0.15106 -0.015274 0.016006 -0.011737 0 0
0 0 0.052827 0 0 0 0 0 0 0 0 0 0 -0.0063666 0.026924 0.045003 -0.0041829 0.0050326 -0.0036025 0 0
-0 -0 -0.075072 0 0 0 0 0 0 0 0 0 0 0.0090474 -0.038261 -0.063953 0.0053753 -0.0074992 0.0052469 0 0
