0 0 0.013031 0 0 0 0 0 0 0 0 0 0 -0.0015704 0.0066411 0.011101 -0.0011339 0.00070534 -0.00058239 0 0
-0 -0 -0.1666 0 0 0 0 0 0 0 0 0 0 0.020079 -0.08491 -0.14193 0.013394 -0.010158 0.0079722 0 0
-0 -0 -0.072564 0 0 0 0 0 0 0 0 0 0 0.0087453 -0.036983 -0.061817 0.0060935 -0.0041703 0.0033569 0 0
0 0 0.22613 0 0 0 0 0 0 0 0 0 0 -0.027253 0.11525 0.19264 -0.021178 0.010237 -0.0091204 0 0
-0 -0 -0.093321 0 0 0 0 0 0 0 0 0 0 0.011247 -0.047561 -0.0795 0.0077647 -0.0054367 0.004351 0 0
-0 -0 -0.2373 0 0 0 0 0 0 0 0 0 0 0.028599 -0.12094 -0.20216 0.018404 -0.015065 0.011616 0 0
0 0 0.080624 0 0 0 0 0 0 0 0 0 0 -0.0097166 0.041091 0.068684 -0.0071976 0.0041439 -0.0034974 0 0
-0 -0 -0.13799 0 0 0 0 0 0 0 0 0 0 0.01663 -0.070326 -0.11755 0.011247 -0.0082691 0.0065382 0 0
0 0 0.26824 0 0 0 0 0 0 0 0 0 0 -0.032327 0.13671 0.22851 -0.025427 0.011652 -0.010568 0 0
-0 -0 -0.15395 0 0 0 0 0 0 0 0 0 0 0.018554 -0.078463 -0.13115 0.012453 -0.0093161 0.0073352 0 0
-0 -0 -0.18383 0 0 0 0 0 0 0 0 0 0 0.022154 -0.093687 -0.1566 0.014654 -0.011323 0.008847 0 0
-0 -0 -0.11484 0 0 0 0 0 0 0 0 0 0 0.01384 -0.058527 -0.097829 0.009462 -0.006783 0.0053966 0 0
0 0 0.26498 0 0 0 0 0 0 0 0 0 0 -0.031935 0.13505 0.22574 -0.025096 0.011548 -0.010459 0 0
0 0 0.068172 0 0 0 0 0 0 0 0 0 0 -0.0082159 0.034744 0.058076 -0.0060584 0.0035386 -0.0029741 0 0
-0 -0 -0.12263 0 0 0 0 0 0 0 0 0 0 0.014779 -0.062499 -0.10447 0.010068 -0.007279 0.005779 0 0
-0 -0 -0.11966 0 0 0 0 0 0 0 0 0 0 0.014421 -0.060987 -0.10194 0.0098377 -0.0070897 0.0056332 0 0
-0 -0 -0.2059 0 0 0 0 0 0 0 0 0 0 0.024814 -0.10494 -0.1754 0.016231 -0.012844 0.0099804 0 0
-0 -0 -0.055484 0 0 0 0 0 0 0 0 0 0 0.0066868 -0.028278 -0.047267 0.0046939 -0.0031523 0.0025499 0 0
0 0 0.094156 0 0 0 0 0 0 0 0 0 0 -0.011347 0.047987 0.080211 -0.0084466 0.004787 -0.0040588 0 0
0 0 0.19401 0 0 0 0 0 0 0 0 0 0 -0.023382 0.098879 0.16528 -0.017993 0.0090505 -0.0079601 0 0
0 0 0.19897 0 0 0 0 0 0 0 0 0 0 -0.02398 0.10141 0.16951 -0.018482 0.0092397 -0.0081424 0 0
-0 -0 -0.33749 0 0 0 0 0 0 0 0 0 0 0.040673 -0.172 -0.28751 0.024747 -0.02256 0.016998 0 0
-0 -0 -0.31527 0 0 0 0 0 0 0 0 0 0 0.037996 -0.16068 -0.26858 0.02342 -0.020846 0.015785 0 0
-0 -0 -0.27486 0 0 0 0 0 0 0 0 0 0 0.033125 -0.14008 -0.23415 0.020889 -0.017803 0.013606 0 0
0 0 0.025309 0 0 0 0 0 0 0 0 0 0 -0.0030502 0.012899 0.021561 -0.002213 0.0013575 -0.0011252 0 0
0 0 0.26873 0 0 0 0 0 0 0 0 0 0 -0.032386 0.13696 0.22893 -0.025477 0.011668 -0.010584 0 0
-0 -0 -0.12528 0 0 0 0 0 0 0 0 0 0 0.015098 -0.063848 -0.10672 0.010272 -0.0074485 0.0059093 0 0
-0 -0 -0.19285 0 0 0 0 0 0 0 0 0 0 0.023242 -0.098287 -0.16429 0.015304 -0.011941 0.0093088 0 0
-0 -0 -0.11707 0 0 0 0 0 0 0 0 0 0 0.014109 -0.059664 -0.09973 0.009636 -0.0069246 0.0055059 0 0
-0 -0 -0.34003 0 0 0 0 0 0 0 0 0 0 0.04098 -0.1733 -0.28967 0.024896 -0.022758 0.017137 0 0
-0 -0 -0.047094 0 0 0 0 0 0 0 0 0 0 0.0056756 -0.024002 -0.040119 0.0039984 -0.0026603 0.0021572 0 0
0 0 0.23401 0 0 0 0 0 0 0 0 0 0 -0.028202 0.11926 0.19935 -0.021967 0.010514 -0.0093975 0 0
0 0 0.11127 0 0 0 0 0 0 0 0 0 0 -0.01341 0.056708 0.094789 -0.010042 0.0055783 -0.0047579 0 0
0 0 0.10228 0 0 0 0 0 0 0 0 0 0 -0.012327 0.052129 0.087134 -0.0092021 0.0051659 -0.0043923 0 0
0 0 0.10399 0 0 0 0 0 0 0 0 0 0 -0.012533 0.053 0.088591 -0.0093616 0.0052449 -0.0044622 0 0
-0 -0 -0.26069 0 0 0 0 0 0 0 0 0 0 0.031417 -0.13286 -0.22208 0.019966 -0.016759 0.012851 0 0
-0 -0 -0.28163 0 0 0 0 0 0 0 0 0 0 0.033941 -0.14353 -0.23992 0.021323 -0.018306 0.013968 0 0
0 0 0.1949 0 0 0 0 0 0 0 0 0 0 -0.023489 0.099331 0.16603 -0.018081 0.0090845 -0.0079927 0 0
-0 -0 -0.11342 0 0 0 0 0 0 0 0 0 0 0.013669 -0.057805 -0.096622 0.0093513 -0.0066933 0.0053273 0 0
0 0 0.13553 0 0 0 0 0 0 0 0 0 0 -0.016334 0.069075 0.11546 -0.012334 0.0066578 -0.0057279 0 0
-0 -0 -0.17111 0 0 0 0 0 0 0 0 0 0 0.020622 -0.087209 -0.14577 0.013727 -0.010461 0.0082005 0 0
0 0 0.13326 0 0 0 0 0 0 0 0 0 0 -0.01606 0.067916 0.11352 -0.012118 0.0065588 -0.0056381 0 0
0 0 0.081109 0 0 0 0 0 0 0 0 0 0 -0.009775 0.041337 0.069096 -0.0072422 0.0041672 -0.0035176 0 0
-0 -0 -0.1273 0 0 0 0 0 0 0 0 0 0 0.015342 -0.06488 -0.10845 0.010429 -0.0075784 0.0060091 0 0
-0 -0 -0.2051 0 0 0 0 0 0 0 0 0 0 0.024718 -0.10453 -0.17473 0.016176 -0.012789 0.0099395 0 0
0 0 0.34021 0 0 0 0 0 0 0 0 0 0 -0.041001 0.17339 0.28982 -0.032868 0.013697 -0.012844 0 0
0 0 0.11904 0 0 0 0 0 0 0 0 0 0 -0.014347 0.06067 0.10141 -0.010773 0.0059296 -0.0050714 0 0
0 0 0.32294 0 0 0 0 0 0 0 0 0 0 -0.038919 0.16459 0.27511 -0.031063 0.01325 -0.012321 0 0
-0 -0 -0.14484 0 0 0 0 0 0 0 0 0 0 0.017456 -0.07382 -0.12339 0.011768 -0.0087165 0.0068795 0 0
0 0 0.19051 0 0 0 0 0 0 0 0 0 0 -0.02296 0.097096 0.1623 -0.01765 0.0089157 -0.0078308 0 0
0 0 0.14201 0 0 0 0 0 0 0 0 0 0 -0.017115 0.072378 0.12098 -0.012952 0.0069376 -0.0059828 0 0
-0 -0 -0.12071 0 0 0 0 0 0 0 0 0 0 0.014548 -0.06152 -0.10283 0.0099189 -0.0071564 0.0056846 0 0
0 0 0.26904 0 0 0 0 0 0 0 0 0 0 -0.032424 0.13712 0.22919 -0.025509 0.011678 -0.010595 0 0
0 0 0.1836 0 0 0 0 0 0 0 0 0 0 -0.022127 0.093575 0.15641 -0.016973 0.0086465 -0.0075739 0 0
0 0 0.043881 0 0 0 0 0 0 0 0 0 0 -0.0052884 0.022364 0.037382 -0.0038643 0.002321 -0.0019352 0 0
0 0 0.32728 0 0 0 0 0 0 0 0 0 0 -0.039443 0.1668 0.27881 -0.031516 0.013365 -0.012454 0 0
-0 -0 -0.12005 0 0 0 0 0 0 0 0 0 0 0.014468 -0.061185 -0.10227 0.0098679 -0.0071145 0.0056523 0 0
0 0 0.069859 0 0 0 0 0 0 0 0 0 0 -0.0084192 0.035604 0.059513 -0.0062121 0.0036214 -0.0030453 0 0
-0 -0 -0.26261 0 0 0 0 0 0 0 0 0 0 0.031649 -0.13384 -0.22371 0.020092 -0.0169 0.012953 0 0
-0 -0 -0.13466 0 0 0 0 0 0 0 0 0 0 0.016228 -0.068628 -0.11471 0.010993 -0.0080528 0.0063728 0 0
-0 -0 -0.2735 0 0 0 0 0 0 0 0 0 0 0.032961 -0.13939 -0.23299 0.020801 -0.017703 0.013533 0 0
0 0 0.010949 0 0 0 0 0 0 0 0 0 0 -0.0013195 0.0055801 0.0093272 -0.00095197 0.00059356 -0.00048977 0 0
-0 -0 -0.31918 0 0 0 0 0 0 0 0 0 0 0.038467 -0.16267 -0.27191 0.023656 -0.021146 0.015997 0 0
-0 -0 -0.04726 0 0 0 0 0 0 0 0 0 0 0.0056956 -0.024086 -0.04026 0.0040122 -0.00267 0.0021649 0 0
0 0 0.13778 0 0 0 0 0 0 0 0 0 0 -0.016605 0.070222 0.11738 -0.012548 0.0067554 -0.0058167 0 0
-0 -0 -0.12388 0 0 0 0 0 0 0 0 0 0 0.01493 -0.063137 -0.10553 0.010165 -0.0073591 0.0058406 0 0
-0 -0 -0.0012164 0 0 0 0 0 0 0 0 0 0 0.0001466 -0.00061996 -0.0010363 0.00010525 -6.6533e-05 5.4694e-05 0 0
-0 -0 -0.19185 0 0 0 0 0 0 0 0 0 0 0.023121 -0.097778 -0.16344 0.015232 -0.011872 0.0092575 0 0
-0 -0 -0.20439 0 0 0 0 0 0 0 0 0 0 0.024633 -0.10417 -0.17412 0.016125 -0.01274 0.0099029 0 0
-0 -0 -0.19739 0 0 0 0 0 0 0 0 0 0 0.023789 -0.1006 -0.16815 0.015628 -0.012254 0.0095418 0 0
-0 -0 -0.24236 0 0 0 0 0 0 0 0 0 0 0.029209 -0.12352 -0.20647 0.018746 -0.015429 0.011882 0 0
-0 -0 -0.33246 0 0 0 0 0 0 0 0 0 0 0.040067 -0.16944 -0.28322 0.02445 -0.02217 0.016722 0 0
0 0 0.15457 0 0 0 0 0 0 0 0 0 0 -0.018628 0.078775 0.13167 -0.014155 0.0074692 -0.006471 0 0
-0 -0 -0.033867 0 0 0 0 0 0 0 0 0 0 0.0040815 -0.01726 -0.028851 0.0028914 -0.0018958 0.0015432 0 0
-0 -0 -0.32716 0 0 0 0 0 0 0 0 0 0 0.039429 -0.16674 -0.27871 0.024136 -0.02176 0.016433 0 0
0 0 0.04531 0 0 0 0 0 0 0 0 0 0 -0.0054607 0.023093 0.0386 -0.0039924 0.002394 -0.001997 0 0
-0 -0 -0.018744 0 0 0 0 0 0 0 0 0 0 0.002259 -0.009553 -0.015968 0.0016104 -0.0010381 0.00084889 0 0
-0 -0 -0.30298 0 0 0 0 0 0 0 0 0 0 0.036514 -0.15441 -0.2581 0.022665 -0.01991 0.015118 0 0
-0 -0 -0.26766 0 0 0 0 0 0 0 0 0 0 0.032257 -0.13641 -0.22802 0.020422 -0.017271 0.013222 0 0
-0 -0 -0.095253 0 0 0 0 0 0 0 0 0 0 0.01148 -0.048546 -0.081146 0.0079186 -0.0055562 0.0044443 0 0
0 0 0.16711 0 0 0 0 0 0 0 0 0 0 -0.020139 0.085167 0.14236 -0.015367 0.0079866 -0.006952 0 0
-0 -0 -0.09829 0 0 0 0 0 0 0 0 0 0 0.011846 -0.050094 -0.083733 0.0081599 -0.0057446 0.0045911 0 0
-0 -0 -0.10655 0 0 0 0 0 0 0 0 0 0 0.012841 -0.054304 -0.090771 0.0088127 -0.0062606 0.0049922 0 0
0 0 0.16181 0 0 0 0 0 0 0 0 0 0 -0.019501 0.082467 0.13785 -0.014854 0.0077697 -0.0067497 0 0
-0 -0 -0.24798 0 0 0 0 0 0 0 0 0 0 0.029886 -0.12638 -0.21125 0.019123 -0.015835 0.012179 0 0
0 0 0.017815 0 0 0 0 0 0 0 0 0 0 -0.002147 0.0090794 0.015176 -0.0015532 0.00096091 -0.00079459 0 0
0 0 0.28141 0 0 0 0 0 0 0 0 0 0 -0.033915 0.14342 0.23973 -0.026774 0.012062 -0.011004 0 0
-0 -0 -0.33445 0 0 0 0 0 0 0 0 0 0 0.040307 -0.17046 -0.28492 0.024568 -0.022324 0.016831 0 0
-0 -0 -0.27366 0 0 0 0 0 0 0 0 0 0 0.032981 -0.13947 -0.23313 0.020811 -0.017714 0.013542 0 0
-0 -0 -0.20878 0 0 0 0 0 0 0 0 0 0 0.025161 -0.10641 -0.17786 0.016435 -0.013045 0.01013 0 0
0 0 0.32199 0 0 0 0 0 0 0 0 0 0 -0.038805 0.1641 0.2743 -0.030965 0.013225 -0.012292 0 0
-0 -0 -0.31838 0 0 0 0 0 0 0 0 0 0 0.03837 -0.16226 -0.27123 0.023608 -0.021084 0.015954 0 0
0 0 0.22403 0 0 0 0 0 0 0 0 0 0 -0.027 0.11418 0.19085 -0.020968 0.010162 -0.009046 0 0
-0 -0 -0.13309 0 0 0 0 0 0 0 0 0 0 0.01604 -0.067831 -0.11338 0.010873 -0.0079517 0.0062954 0 0
0 0 0.30894 0 0 0 0 0 0 0 0 0 0 -0.037233 0.15745 0.26319 -0.02961 0.012867 -0.011887 0 0
0 0 0.1575 0 0 0 0 0 0 0 0 0 0 -0.018982 0.080272 0.13418 -0.014438 0.0075916 -0.0065843 0 0
0 0 0.28345 0 0 0 0 0 0 0 0 0 0 -0.034161 0.14446 0.24147 -0.026983 0.012124 -0.011071 0 0
-0 -0 -0.079801 0 0 0 0 0 0 0 0 0 0 0.0096173 -0.040671 -0.067982 0.0066799 -0.0046081 0.0037018 0 0
0 0 0.087364 0 0 0 0 0 0 0 0 0 0 -0.010529 0.044526 0.074425 -0.0078183 0.0044662 -0.003778 0 0
0 0 0.14946 0 0 0 0 0 0 0 0 0 0 -0.018012 0.07617 0.12732 -0.013664 0.0072544 -0.0062731 0 0
