0 0 0 0.016313 0 0 0 0 0 -0 -0 0.01583 -0.001966 0.0034157 0 0
-0 -0 -0 0.19159 0 0 0 0 0 -0 -0 0.18592 -0.02309 0.040116 0 0
0 0 0 0.16386 0 0 0 0 0 -0 -0 0.15901 -0.019748 0.034309 0 0
0 0 0 0.07139 0 0 0 0 0 -0 -0 0.069276 -0.0086037 0.014948 0 0
-0 -0 -0 0.15885 0 0 0 0 0 -0 -0 0.15415 -0.019144 0.03326 0 0
-0 -0 -0 0.1272 0 0 0 0 0 -0 -0 0.12344 -0.01533 0.026634 0 0
0 0 0 0.19539 0 0 0 0 0 -0 -0 0.1896 -0.023548 0.040911 0 0
-0 -0 -0 0.078843 0 0 0 0 0 -0 -0 0.076508 -0.0095019 0.016508 0 0
0 0 0 0.084384 0 0 0 0 0 -0 -0 0.081885 -0.01017 0.017668 0 0
-0 -0 -0 0.044286 0 0 0 0 0 -0 -0 0.042974 -0.0053372 0.0092726 0 0
-0 -0 -0 0.11806 0 0 0 0 0 -0 -0 0.11456 -0.014228 0.024719 0 0
-0 -0 -0 0.068056 0 0 0 0 0 -0 -0 0.06604 -0.0082019 0.014249 0 0
-0 -0 -0 0.0099767 0 0 0 0 0 -0 -0 0.0096812 -0.0012024 0.0020889 0 0
0 0 0 0.027434 0 0 0 0 0 -0 -0 0.026621 -0.0033062 0.005744 0 0
0 0 0 0.14771 0 0 0 0 0 -0 -0 0.14334 -0.017802 0.030927 0 0
0 0 0 0.092605 0 0 0 0 0 -0 -0 0.089862 -0.01116 0.019389 0 0
-0 -0 -0 0.010841 0 0 0 0 0 -0 -0 0.01052 -0.0013066 0.0022699 0 0
0 0 0 0.12817 0 0 0 0 0 -0 -0 0.12437 -0.015447 0.026836 0 0
0 0 0 0.065682 0 0 0 0 0 -0 -0 0.063737 -0.0079158 0.013752 0 0
-0 -0 -0 0.15058 0 0 0 0 0 -0 -0 0.14612 -0.018147 0.031528 0 0
0 0 0 0.18824 0 0 0 0 0 -0 -0 0.18267 -0.022686 0.039414 0 0
0 0 0 0.043516 0 0 0 0 0 -0 -0 0.042227 -0.0052444 0.0091112 0 0
0 0 0 0.19177 0 0 0 0 0 -0 -0 0.18608 -0.023111 0.040152 0 0
0 0 0 0.14016 0 0 0 0 0 -0 -0 0.13601 -0.016892 0.029347 0 0
0 0 0 0.048696 0 0 0 0 0 -0 -0 0.047253 -0.0058686 0.010196 0 0
0 0 0 0.0038031 0 0 0 0 0 -0 -0 0.0036905 -0.00045834 0.0007963 0 0
0 0 0 0.094147 0 0 0 0 0 -0 -0 0.091358 -0.011346 0.019712 0 0
-0 -0 -0 0.069977 0 0 0 0 0 -0 -0 0.067904 -0.0084334 0.014652 0 0
0 0 0 0.14712 0 0 0 0 0 -0 -0 0.14276 -0.017731 0.030804 0 0
-0 -0 -0 0.14452 0 0 0 0 0 -0 -0 0.14024 -0.017417 0.03026 0 0
-0 -0 -0 0.030753 0 0 0 0 0 -0 -0 0.029842 -0.0037062 0.006439 0 0
-0 -0 -0 0.0858 0 0 0 0 0 -0 -0 0.083258 -0.01034 0.017965 0 0
0 0 0 0.050066 0 0 0 0 0 -0 -0 0.048583 -0.0060338 0.010483 0 0
-0 -0 -0 0.16372 0 0 0 0 0 -0 -0 0.15888 -0.019732 0.034281 0 0
-0 -0 -0 0.077892 0 0 0 0 0 -0 -0 0.075585 -0.0093874 0.016309 0 0
0 0 0 0.11188 0 0 0 0 0 -0 -0 0.10856 -0.013483 0.023425 0 0
-0 -0 -0 0.041487 0 0 0 0 0 -0 -0 0.040258 -0.0049999 0.0086865 0 0
-0 -0 -0 0.11457 0 0 0 0 0 -0 -0 0.11118 -0.013808 0.023989 0 0
0 0 0 0.090772 0 0 0 0 0 -0 -0 0.088083 -0.01094 0.019006 0 0
-0 -0 -0 0.13701 0 0 0 0 0 -0 -0 0.13296 -0.016513 0.028688 0 0
0 0 0 0.04601 0 0 0 0 0 -0 -0 0.044647 -0.005545 0.0096335 0 0
0 0 0 0.19768 0 0 0 0 0 -0 -0 0.19183 -0.023824 0.041391 0 0
-0 -0 -0 0.19727 0 0 0 0 0 -0 -0 0.19143 -0.023775 0.041304 0 0
0 0 0 0.068164 0 0 0 0 0 -0 -0 0.066145 -0.008215 0.014272 0 0
-0 -0 -0 0.12223 0 0 0 0 0 -0 -0 0.11861 -0.014731 0.025592 0 0
0 0 0 0.024751 0 0 0 0 0 -0 -0 0.024018 -0.0029829 0.0051823 0 0
-0 -0 -0 0.054593 0 0 0 0 0 -0 -0 0.052976 -0.0065793 0.011431 0 0
0 0 0 0.1479 0 0 0 0 0 -0 -0 0.14352 -0.017824 0.030967 0 0
0 0 0 0.046577 0 0 0 0 0 -0 -0 0.045197 -0.0056133 0.0097522 0 0
-0 -0 -0 0.018565 0 0 0 0 0 -0 -0 0.018016 -0.0022374 0.0038872 0 0
0 0 0 0.11071 0 0 0 0 0 -0 -0 0.10743 -0.013343 0.02318 0 0
-0 -0 -0 0.111 0 0 0 0 0 -0 -0 0.10771 -0.013377 0.023241 0 0
0 0 0 0.15904 0 0 0 0 0 -0 -0 0.15433 -0.019167 0.0333 0 0
-0 -0 -0 0.083996 0 0 0 0 0 -0 -0 0.081508 -0.010123 0.017587 0 0
-0 -0 -0 0.18415 0 0 0 0 0 -0 -0 0.17869 -0.022193 0.038556 0 0
0 0 0 0.1526 0 0 0 0 0 -0 -0 0.14808 -0.018391 0.031951 0 0
0 0 0 0.020648 0 0 0 0 0 -0 -0 0.020036 -0.0024884 0.0043232 0 0
-0 -0 -0 0.026719 0 0 0 0 0 -0 -0 0.025928 -0.0032201 0.0055944 0 0
-0 -0 -0 0.12233 0 0 0 0 0 -0 -0 0.11871 -0.014743 0.025614 0 0
-0 -0 -0 0.16681 0 0 0 0 0 -0 -0 0.16187 -0.020103 0.034927 0 0
-0 -0 -0 0.1679 0 0 0 0 0 -0 -0 0.16292 -0.020235 0.035154 0 0
0 0 0 0.15052 0 0 0 0 0 -0 -0 0.14606 -0.01814 0.031516 0 0
-0 -0 -0 0.037078 0 0 0 0 0 -0 -0 0.035979 -0.0044685 0.0077633 0 0
0 0 0 0.023237 0 0 0 0 0 -0 -0 0.022549 -0.0028005 0.0048654 0 0
-0 -0 -0 0.07065 0 0 0 0 0 -0 -0 0.068557 -0.0085145 0.014793 0 0
0 0 0 0.17238 0 0 0 0 0 -0 -0 0.16727 -0.020775 0.036093 0 0
-0 -0 -0 0.1927 0 0 0 0 0 -0 -0 0.187 -0.023224 0.040348 0 0
0 0 0 0.003302 0 0 0 0 0 -0 -0 0.0032042 -0.00039795 0.00069137 0 0
0 0 0 0.081263 0 0 0 0 0 -0 -0 0.078856 -0.0097936 0.017015 0 0
-0 -0 -0 0.15432 0 0 0 0 0 -0 -0 0.14975 -0.018598 0.032311 0 0
-0 -0 -0 0.15068 0 0 0 0 0 -0 -0 0.14622 -0.01816 0.03155 0 0
-0 -0 -0 0.03743 0 0 0 0 0 -0 -0 0.036321 -0.0045109 0.0078369 0 0
-0 -0 -0 0.17002 0 0 0 0 0 -0 -0 0.16498 -0.02049 0.035598 0 0
-0 -0 -0 0.030288 0 0 0 0 0 -0 -0 0.029391 -0.0036502 0.0063417 0 0
-0 -0 -0 0.14296 0 0 0 0 0 -0 -0 0.13873 -0.017229 0.029933 0 0
0 0 0 0.19215 0 0 0 0 0 -0 -0 0.18646 -0.023157 0.040232 0 0
0 0 0 0.065498 0 0 0 0 0 -0 -0 0.063558 -0.0078936 0.013714 0 0
-0 -0 -0 0.12193 0 0 0 0 0 -0 -0 0.11831 -0.014694 0.025529 0 0
-0 -0 -0 0.068277 0 0 0 0 0 -0 -0 0.066254 -0.0082285 0.014296 0 0
0 0 0 0.01001 0 0 0 0 0 -0 -0 0.0097132 -0.0012063 0.0020958 0 0
-0 -0 -0 0.043728 0 0 0 0 0 -0 -0 0.042433 -0.00527 0.0091557 0 0
-0 -0 -0 0.080892 0 0 0 0 0 -0 -0 0.078496 -0.0097489 0.016937 0 0
-0 -0 -0 0.068886 0 0 0 0 0 -0 -0 0.066845 -0.0083019 0.014423 0 0
0 0 0 0.18231 0 0 0 0 0 -0 -0 0.17691 -0.021971 0.038171 0 0
0 0 0 0.015735 0 0 0 0 0 -0 -0 0.015269 -0.0018964 0.0032946 0 0
0 0 0 0.19394 0 0 0 0 0 -0 -0 0.18819 -0.023373 0.040607 0 0
0 0 0 0.12912 0 0 0 0 0 -0 -0 0.12529 -0.015561 0.027034 0 0
0 0 0 0.13336 0 0 0 0 0 -0 -0 0.12941 -0.016072 0.027923 0 0
0 0 0 0.11034 0 0 0 0 0 -0 -0 0.10707 -0.013297 0.023102 0 0
0 0 0 0.17248 0 0 0 0 0 -0 -0 0.16737 -0.020786 0.036113 0 0
0 0 0 0.18393 0 0 0 0 0 -0 -0 0.17848 -0.022167 0.038511 0 0
0 0 0 0.016499 0 0 0 0 0 -0 -0 0.01601 -0.0019884 0.0034546 0 0
0 0 0 0.1973 0 0 0 0 0 -0 -0 0.19146 -0.023778 0.041311 0 0
0 0 0 0.18201 0 0 0 0 0 -0 -0 0.17662 -0.021935 0.038108 0 0
0 0 0 0.12734 0 0 0 0 0 -0 -0 0.12357 -0.015346 0.026662 0 0
0 0 0 0.1406 0 0 0 0 0 -0 -0 0.13643 -0.016944 0.029438 0 0
-0 -0 -0 0.0054535 0 0 0 0 0 -0 -0 0.005292 -0.00065724 0.0011418 0 0
0 0 0 0.090797 0 0 0 0 0 -0 -0 0.088108 -0.010943 0.019011 0 0
-0 -0 -0 0.0038579 0 0 0 0 0 -0 -0 0.0037437 -0.00046495 0.00080777 0 0
0 0 0 0.0093576 0 0 0 0 0 -0 -0 0.0090804 -0.0011278 0.0019593 0 0
