-0 -0 -0 0.048054 0 0 0 0 0 0 0 0.047341 0.0021405 0.0079677 0 0
0 0 0 0.17764 0 0 0 0 0 0 0 0.17501 0.007913 0.029454 0 0
-0 -0 -0 0.15021 0 0 0 0 0 0 0 0.14798 0.0066912 0.024906 0 0
0 0 0 0.13595 0 0 0 0 0 0 0 0.13393 0.0060557 0.022541 0 0
0 0 0 0.17162 0 0 0 0 0 0 0 0.16907 0.0076447 0.028455 0 0
0 0 0 0.11887 0 0 0 0 0 0 0 0.1171 0.0052948 0.019709 0 0
0 0 0 0.036598 0 0 0 0 0 0 0 0.036054 0.0016302 0.0060681 0 0
0 0 0 0.1115 0 0 0 0 0 0 0 0.10984 0.0049667 0.018487 0 0
-0 -0 -0 0.051199 0 0 0 0 0 0 0 0.050439 0.0022806 0.0084891 0 0
-0 -0 -0 0.12375 0 0 0 0 0 0 0 0.12191 0.0055122 0.020518 0 0
-0 -0 -0 0.16195 0 0 0 0 0 0 0 0.15955 0.007214 0.026852 0 0
0 0 0 0.10529 0 0 0 0 0 0 0 0.10372 0.0046899 0.017457 0 0
0 0 0 0.1534 0 0 0 0 0 0 0 0.15112 0.0068332 0.025435 0 0
-0 -0 -0 0.16806 0 0 0 0 0 0 0 0.16556 0.0074859 0.027865 0 0
-0 -0 -0 0.10752 0 0 0 0 0 0 0 0.10592 0.0047893 0.017827 0 0
0 0 0 0.19839 0 0 0 0 0 0 0 0.19545 0.0088372 0.032894 0 0
0 0 0 0.069475 0 0 0 0 0 0 0 0.068444 0.0030947 0.011519 0 0
0 0 0 0.083548 0 0 0 0 0 0 0 0.082307 0.0037216 0.013853 0 0
0 0 0 0.10505 0 0 0 0 0 0 0 0.10349 0.0046796 0.017419 0 0
-0 -0 -0 0.19929 0 0 0 0 0 0 0 0.19633 0.0088772 0.033043 0 0
-0 -0 -0 0.10641 0 0 0 0 0 0 0 0.10483 0.0047401 0.017644 0 0
-0 -0 -0 0.10784 0 0 0 0 0 0 0 0.10624 0.0048038 0.017881 0 0
-0 -0 -0 0.12315 0 0 0 0 0 0 0 0.12132 0.0054858 0.020419 0 0
-0 -0 -0 0.043808 0 0 0 0 0 0 0 0.043157 0.0019514 0.0072636 0 0
0 0 0 0.11345 0 0 0 0 0 0 0 0.11177 0.0050537 0.018811 0 0
0 0 0 0.11505 0 0 0 0 0 0 0 0.11334 0.0051246 0.019075 0 0
0 0 0 0.10998 0 0 0 0 0 0 0 0.10835 0.0048991 0.018236 0 0
-0 -0 -0 0.19096 0 0 0 0 0 0 0 0.18813 0.0085064 0.031663 0 0
0 0 0 0.17124 0 0 0 0 0 0 0 0.16869 0.0076277 0.028392 0 0
0 0 0 0.052179 0 0 0 0 0 0 0 0.051404 0.0023243 0.0086516 0 0
0 0 0 0.08372 0 0 0 0 0 0 0 0.082477 0.0037293 0.013881 0 0
-0 -0 -0 0.025957 0 0 0 0 0 0 0 0.025572 0.0011563 0.0043039 0 0
-0 -0 -0 0.026149 0 0 0 0 0 0 0 0.025761 0.0011648 0.0043356 0 0
0 0 0 0.048495 0 0 0 0 0 0 0 0.047775 0.0021602 0.0080407 0 0
0 0 0 0.16397 0 0 0 0 0 0 0 0.16154 0.007304 0.027187 0 0
-0 -0 -0 0.19456 0 0 0 0 0 0 0 0.19167 0.0086667 0.03226 0 0
-0 -0 -0 0.032812 0 0 0 0 0 0 0 0.032325 0.0014616 0.0054405 0 0
-0 -0 -0 0.13661 0 0 0 0 0 0 0 0.13458 0.0060852 0.022651 0 0
-0 -0 -0 0.0013479 0 0 0 0 0 0 0 0.0013278 6.0039e-05 0.00022348 0 0
0 0 0 0.12469 0 0 0 0 0 0 0 0.12283 0.0055541 0.020674 0 0
-0 -0 -0 0.16044 0 0 0 0 0 0 0 0.15806 0.0071467 0.026602 0 0
-0 -0 -0 0.081124 0 0 0 0 0 0 0 0.079919 0.0036136 0.013451 0 0
-0 -0 -0 0.16782 0 0 0 0 0 0 0 0.16533 0.0074756 0.027826 0 0
-0 -0 -0 0.010529 0 0 0 0 0 0 0 0.010372 0.000469 0.0017457 0 0
0 0 0 0.096486 0 0 0 0 0 0 0 0.095053 0.0042979 0.015998 0 0
0 0 0 0.1954 0 0 0 0 0 0 0 0.1925 0.0087039 0.032398 0 0
-0 -0 -0 0.12467 0 0 0 0 0 0 0 0.12282 0.0055535 0.020672 0 0
0 0 0 0.18795 0 0 0 0 0 0 0 0.18516 0.0083722 0.031163 0 0
0 0 0 0.050276 0 0 0 0 0 0 0 0.04953 0.0022395 0.0083361 0 0
0 0 0 0.00064745 0 0 0 0 0 0 0 0.00063784 2.884e-05 0.00010735 0 0
0 0 0 0.16226 0 0 0 0 0 0 0 0.15985 0.0072279 0.026904 0 0
-0 -0 -0 0.065662 0 0 0 0 0 0 0 0.064687 0.0029249 0.010887 0 0
0 0 0 0.11963 0 0 0 0 0 0 0 0.11785 0.0053287 0.019835 0 0
-0 -0 -0 0.07491 0 0 0 0 0 0 0 0.073798 0.0033368 0.012421 0 0
0 0 0 0.11564 0 0 0 0 0 0 0 0.11392 0.0051509 0.019173 0 0
0 0 0 0.088317 0 0 0 0 0 0 0 0.087006 0.003934 0.014644 0 0
0 0 0 0.19035 0 0 0 0 0 0 0 0.18752 0.0084789 0.031561 0 0
-0 -0 -0 0.034706 0 0 0 0 0 0 0 0.03419 0.0015459 0.0057544 0 0
0 0 0 0.11174 0 0 0 0 0 0 0 0.11008 0.0049775 0.018528 0 0
0 0 0 0.19755 0 0 0 0 0 0 0 0.19462 0.0088 0.032756 0 0
0 0 0 0.13828 0 0 0 0 0 0 0 0.13622 0.0061595 0.022927 0 0
0 0 0 0.18746 0 0 0 0 0 0 0 0.18468 0.0083504 0.031082 0 0
0 0 0 0.011636 0 0 0 0 0 0 0 0.011463 0.00051832 0.0019293 0 0
0 0 0 0.025352 0 0 0 0 0 0 0 0.024975 0.0011293 0.0042034 0 0
-0 -0 -0 0.10367 0 0 0 0 0 0 0 0.10213 0.004618 0.01719 0 0
0 0 0 0.034993 0 0 0 0 0 0 0 0.034474 0.0015587 0.0058021 0 0
0 0 0 0.046537 0 0 0 0 0 0 0 0.045846 0.002073 0.0077161 0 0
-0 -0 -0 0.065173 0 0 0 0 0 0 0 0.064205 0.0029031 0.010806 0 0
-0 -0 -0 0.098472 0 0 0 0 0 0 0 0.09701 0.0043864 0.016327 0 0
-0 -0 -0 0.054999 0 0 0 0 0 0 0 0.054182 0.0024499 0.0091192 0 0
-0 -0 -0 0.16645 0 0 0 0 0 0 0 0.16398 0.0074145 0.027599 0 0
-0 -0 -0 0.18053 0 0 0 0 0 0 0 0.17785 0.0080418 0.029934 0 0
0 0 0 0.19126 0 0 0 0 0 0 0 0.18842 0.0085197 0.031712 0 0
0 0 0 0.047393 0 0 0 0 0 0 0 0.046689 0.0021111 0.0078581 0 0
0 0 0 0.19285 0 0 0 0 0 0 0 0.18999 0.0085905 0.031976 0 0
-0 -0 -0 0.12606 0 0 0 0 0 0 0 0.12418 0.0056151 0.020901 0 0
0 0 0 0.061097 0 0 0 0 0 0 0 0.06019 0.0027215 0.01013 0 0
0 0 0 0.079786 0 0 0 0 0 0 0 0.078601 0.003554 0.013229 0 0
0 0 0 0.097302 0 0 0 0 0 0 0 0.095857 0.0043343 0.016133 0 0
0 0 0 0.065498 0 0 0 0 0 0 0 0.064525 0.0029175 0.01086 0 0
-0 -0 -0 0.014564 0 0 0 0 0 0 0 0.014348 0.00064875 0.0024148 0 0
-0 -0 -0 0.063828 0 0 0 0 0 0 0 0.062881 0.0028432 0.010583 0 0
0 0 0 0.11908 0 0 0 0 0 0 0 0.11731 0.0053042 0.019744 0 0
-0 -0 -0 0.19657 0 0 0 0 0 0 0 0.19365 0.0087562 0.032593 0 0
-0 -0 -0 0.087617 0 0 0 0 0 0 0 0.086316 0.0039028 0.014527 0 0
0 0 0 0.023643 0 0 0 0 0 0 0 0.023292 0.0010532 0.0039202 0 0
0 0 0 0.094783 0 0 0 0 0 0 0 0.093375 0.004222 0.015716 0 0
-0 -0 -0 0.050942 0 0 0 0 0 0 0 0.050186 0.0022692 0.0084465 0 0
-0 -0 -0 0.042913 0 0 0 0 0 0 0 0.042276 0.0019115 0.0071153 0 0
-0 -0 -0 0.0050066 0 0 0 0 0 0 0 0.0049323 0.00022302 0.00083013 0 0
0 0 0 0.16992 0 0 0 0 0 0 0 0.16739 0.0075688 0.028173 0 0
0 0 0 0.082208 0 0 0 0 0 0 0 0.080988 0.0036619 0.013631 0 0
-0 -0 -0 0.14281 0 0 0 0 0 0 0 0.14069 0.0063614 0.023679 0 0
-0 -0 -0 0.077893 0 0 0 0 0 0 0 0.076737 0.0034697 0.012915 0 0
0 0 0 0.15273 0 0 0 0 0 0 0 0.15046 0.0068031 0.025323 0 0
-0 -0 -0 0.17621 0 0 0 0 0 0 0 0.1736 0.0078494 0.029217 0 0
0 0 0 0.015116 0 0 0 0 0 0 0 0.014891 0.00067333 0.0025063 0 0
-0 -0 -0 0.063801 0 0 0 0 0 0 0 0.062853 0.002842 0.010579 0 0
-0 -0 -0 0.12935 0 0 0 0 0 0 0 0.12743 0.0057618 0.021447 0 0
0 0 0 0.026617 0 0 0 0 0 0 0 0.026221 0.0011856 0.0044132 0 0
