0 0 0 0.096417 0 0 0 0 0 0 0 0.089332 -0.0071547 0.035565 0 0
-0 -0 -0 0.01451 0 0 0 0 0 0 0 0.013443 -0.0010767 0.0053522 0 0
0 0 0 0.026671 0 0 0 0 0 0 0 0.024711 -0.0019792 0.0098382 0 0
0 0 0 0.086816 0 0 0 0 0 0 0 0.080437 -0.0064423 0.032024 0 0
-0 -0 -0 0.17441 0 0 0 0 0 0 0 0.16159 -0.012942 0.064335 0 0
0 0 0 0.022219 0 0 0 0 0 0 0 0.020586 -0.0016488 0.0081959 0 0
0 0 0 0.10281 0 0 0 0 0 0 0 0.095253 -0.007629 0.037923 0 0
0 0 0 0.16873 0 0 0 0 0 0 0 0.15633 -0.012521 0.062239 0 0
0 0 0 0.092184 0 0 0 0 0 0 0 0.08541 -0.0068406 0.034004 0 0
-0 -0 -0 0.19705 0 0 0 0 0 0 0 0.18257 -0.014622 0.072686 0 0
-0 -0 -0 0.19405 0 0 0 0 0 0 0 0.17979 -0.0144 0.07158 0 0
0 0 0 0.16277 0 0 0 0 0 0 0 0.15081 -0.012079 0.060042 0 0
0 0 0 0.17433 0 0 0 0 0 0 0 0.16152 -0.012936 0.064304 0 0
-0 -0 -0 0.17715 0 0 0 0 0 0 0 0.16413 -0.013145 0.065344 0 0
-0 -0 -0 0.068803 0 0 0 0 0 0 0 0.063747 -0.0051056 0.025379 0 0
-0 -0 -0 0.16437 0 0 0 0 0 0 0 0.1523 -0.012198 0.060633 0 0
0 0 0 0.037907 0 0 0 0 0 0 0 0.035122 -0.002813 0.013983 0 0
0 0 0 0.17612 0 0 0 0 0 0 0 0.16318 -0.013069 0.064967 0 0
-0 -0 -0 0.14529 0 0 0 0 0 0 0 0.13461 -0.010781 0.053593 0 0
0 0 0 0.16177 0 0 0 0 0 0 0 0.14988 -0.012004 0.059671 0 0
-0 -0 -0 0.18177 0 0 0 0 0 0 0 0.16842 -0.013489 0.067051 0 0
0 0 0 0.06637 0 0 0 0 0 0 0 0.061493 -0.0049251 0.024482 0 0
0 0 0 0.16884 0 0 0 0 0 0 0 0.15644 -0.012529 0.062281 0 0
-0 -0 -0 0.037324 0 0 0 0 0 0 0 0.034582 -0.0027697 0.013768 0 0
0 0 0 0.13064 0 0 0 0 0 0 0 0.12104 -0.009694 0.048188 0 0
-0 -0 -0 0.058936 0 0 0 0 0 0 0 0.054605 -0.0043734 0.02174 0 0
0 0 0 0.063869 0 0 0 0 0 0 0 0.059175 -0.0047394 0.023559 0 0
0 0 0 0.14588 0 0 0 0 0 0 0 0.13516 -0.010825 0.053812 0 0
-0 -0 -0 0.032261 0 0 0 0 0 0 0 0.02989 -0.002394 0.0119 0 0
0 0 0 0.061984 0 0 0 0 0 0 0 0.057429 -0.0045996 0.022864 0 0
0 0 0 0.062553 0 0 0 0 0 0 0 0.057956 -0.0046418 0.023074 0 0
-0 -0 -0 0.021898 0 0 0 0 0 0 0 0.020289 -0.001625 0.0080777 0 0
-0 -0 -0 0.041415 0 0 0 0 0 0 0 0.038372 -0.0030733 0.015277 0 0
0 0 0 0.1001 0 0 0 0 0 0 0 0.09274 -0.0074277 0.036923 0 0
0 0 0 0.043371 0 0 0 0 0 0 0 0.040184 -0.0032184 0.015998 0 0
-0 -0 -0 0.17909 0 0 0 0 0 0 0 0.16593 -0.01329 0.066062 0 0
0 0 0 0.18646 0 0 0 0 0 0 0 0.17276 -0.013836 0.068779 0 0
-0 -0 -0 0.060486 0 0 0 0 0 0 0 0.056042 -0.0044885 0.022312 0 0
-0 -0 -0 0.091934 0 0 0 0 0 0 0 0.085178 -0.006822 0.033912 0 0
0 0 0 0.005459 0 0 0 0 0 0 0 0.0050578 -0.00040509 0.0020137 0 0
-0 -0 -0 0.12001 0 0 0 0 0 0 0 0.11119 -0.0089053 0.044267 0 0
0 0 0 0.018111 0 0 0 0 0 0 0 0.01678 -0.001344 0.0066807 0 0
-0 -0 -0 0.019523 0 0 0 0 0 0 0 0.018089 -0.0014487 0.0072016 0 0
0 0 0 0.17271 0 0 0 0 0 0 0 0.16001 -0.012816 0.063706 0 0
-0 -0 -0 0.15459 0 0 0 0 0 0 0 0.14323 -0.011472 0.057024 0 0
0 0 0 0.18207 0 0 0 0 0 0 0 0.16869 -0.01351 0.067159 0 0
-0 -0 -0 0.1723 0 0 0 0 0 0 0 0.15964 -0.012785 0.063555 0 0
0 0 0 0.10589 0 0 0 0 0 0 0 0.098112 -0.007858 0.039061 0 0
-0 -0 -0 0.094627 0 0 0 0 0 0 0 0.087673 -0.0070219 0.034905 0 0
-0 -0 -0 0.079226 0 0 0 0 0 0 0 0.073404 -0.0058791 0.029224 0 0
-0 -0 -0 0.080555 0 0 0 0 0 0 0 0.074635 -0.0059776 0.029714 0 0
0 0 0 0.16727 0 0 0 0 0 0 0 0.15497 -0.012412 0.0617 0 0
-0 -0 -0 0.11891 0 0 0 0 0 0 0 0.11017 -0.0088241 0.043864 0 0
-0 -0 -0 0.1397 0 0 0 0 0 0 0 0.12944 -0.010367 0.051533 0 0
0 0 0 0.18303 0 0 0 0 0 0 0 0.16958 -0.013582 0.067514 0 0
-0 -0 -0 0.15329 0 0 0 0 0 0 0 0.14203 -0.011375 0.056545 0 0
-0 -0 -0 0.021577 0 0 0 0 0 0 0 0.019991 -0.0016012 0.0079591 0 0
0 0 0 0.11232 0 0 0 0 0 0 0 0.10406 -0.0083347 0.041431 0 0
-0 -0 -0 0.032298 0 0 0 0 0 0 0 0.029924 -0.0023967 0.011914 0 0
0 0 0 0.073712 0 0 0 0 0 0 0 0.068295 -0.0054699 0.02719 0 0
-0 -0 -0 0.079332 0 0 0 0 0 0 0 0.073502 -0.0058869 0.029263 0 0
-0 -0 -0 0.14527 0 0 0 0 0 0 0 0.1346 -0.01078 0.053587 0 0
-0 -0 -0 0.15806 0 0 0 0 0 0 0 0.14645 -0.011729 0.058305 0 0
-0 -0 -0 0.15425 0 0 0 0 0 0 0 0.14292 -0.011447 0.056899 0 0
-0 -0 -0 0.0098177 0 0 0 0 0 0 0 0.0090963 -0.00072853 0.0036215 0 0
0 0 0 0.15839 0 0 0 0 0 0 0 0.14675 -0.011753 0.058424 0 0
-0 -0 -0 0.18103 0 0 0 0 0 0 0 0.16773 -0.013434 0.066777 0 0
0 0 0 0.18504 0 0 0 0 0 0 0 0.17144 -0.013731 0.068255 0 0
-0 -0 -0 0.12585 0 0 0 0 0 0 0 0.1166 -0.0093385 0.046421 0 0
0 0 0 0.11724 0 0 0 0 0 0 0 0.10863 -0.0087 0.043247 0 0
0 0 0 0.099648 0 0 0 0 0 0 0 0.092325 -0.0073945 0.036757 0 0
0 0 0 0.052916 0 0 0 0 0 0 0 0.049028 -0.0039267 0.019519 0 0
0 0 0 0.1767 0 0 0 0 0 0 0 0.16372 -0.013113 0.065181 0 0
-0 -0 -0 0.13447 0 0 0 0 0 0 0 0.12459 -0.0099786 0.049602 0 0
-0 -0 -0 0.073007 0 0 0 0 0 0 0 0.067642 -0.0054176 0.02693 0 0
0 0 0 0.046711 0 0 0 0 0 0 0 0.043279 -0.0034663 0.01723 0 0
0 0 0 0.0014795 0 0 0 0 0 0 0 0.0013707 -0.00010979 0.00054573 0 0
0 0 0 0.18545 0 0 0 0 0 0 0 0.17183 -0.013762 0.068409 0 0
-0 -0 -0 0.17602 0 0 0 0 0 0 0 0.16308 -0.013062 0.064928 0 0
0 0 0 0.19469 0 0 0 0 0 0 0 0.18039 -0.014448 0.071817 0 0
0 0 0 0.19935 0 0 0 0 0 0 0 0.1847 -0.014793 0.073536 0 0
-0 -0 -0 0.16396 0 0 0 0 0 0 0 0.15192 -0.012167 0.060482 0 0
0 0 0 0.14321 0 0 0 0 0 0 0 0.13269 -0.010627 0.052826 0 0
-0 -0 -0 0.11869 0 0 0 0 0 0 0 0.10997 -0.0088077 0.043782 0 0
0 0 0 0.035563 0 0 0 0 0 0 0 0.03295 -0.002639 0.013118 0 0
0 0 0 0.072988 0 0 0 0 0 0 0 0.067624 -0.0054161 0.026923 0 0
0 0 0 0.1901 0 0 0 0 0 0 0 0.17613 -0.014106 0.070122 0 0
-0 -0 -0 0.038341 0 0 0 0 0 0 0 0.035523 -0.0028451 0.014143 0 0
-0 -0 -0 0.14007 0 0 0 0 0 0 0 0.12978 -0.010394 0.051668 0 0
-0 -0 -0 0.061172 0 0 0 0 0 0 0 0.056676 -0.0045393 0.022564 0 0
-0 -0 -0 0.19695 0 0 0 0 0 0 0 0.18247 -0.014615 0.072648 0 0
-0 -0 -0 0.10716 0 0 0 0 0 0 0 0.099288 -0.0079522 0.039529 0 0
0 0 0 0.11371 0 0 0 0 0 0 0 0.10535 -0.0084377 0.041943 0 0
-0 -0 -0 0.0078289 0 0 0 0 0 0 0 0.0072536 -0.00058096 0.0028879 0 0
-0 -0 -0 0.095931 0 0 0 0 0 0 0 0.088881 -0.0071187 0.035386 0 0
-0 -0 -0 0.12347 0 0 0 0 0 0 0 0.1144 -0.0091623 0.045545 0 0
-0 -0 -0 0.16312 0 0 0 0 0 0 0 0.15113 -0.012105 0.06017 0 0
-0 -0 -0 0.059452 0 0 0 0 0 0 0 0.055083 -0.0044117 0.02193 0 0
-0 -0 -0 0.048199 0 0 0 0 0 0 0 0.044657 -0.0035766 0.017779 0 0
-0 -0 -0 0.11831 0 0 0 0 0 0 0 0.10961 -0.0087791 0.04364 0 0
