0 0 0 0.08752 0 0 0 0 -0 -0 0 0.071138 -0.033315 0.038592 0 0
-0 -0 -0 0.18202 0 0 0 0 -0 -0 0 0.14794 -0.069285 0.080261 0 0
-0 -0 -0 0.032353 0 0 0 0 -0 -0 0 0.026297 -0.012315 0.014266 0 0
-0 -0 -0 0.097213 0 0 0 0 -0 -0 0 0.079016 -0.037004 0.042867 0 0
-0 -0 -0 0.04297 0 0 0 0 -0 -0 0 0.034927 -0.016357 0.018948 0 0
-0 -0 -0 0.0076582 0 0 0 0 -0 -0 0 0.0062246 -0.0029151 0.0033769 0 0
-0 -0 -0 0.18198 0 0 0 0 -0 -0 0 0.14791 -0.06927 0.080244 0 0
0 0 0 0.061199 0 0 0 0 -0 -0 0 0.049743 -0.023296 0.026986 0 0
0 0 0 0.068272 0 0 0 0 -0 -0 0 0.055492 -0.025988 0.030105 0 0
-0 -0 -0 0.095392 0 0 0 0 -0 -0 0 0.077536 -0.036311 0.042063 0 0
-0 -0 -0 0.16168 0 0 0 0 -0 -0 0 0.13141 -0.061542 0.071292 0 0
-0 -0 -0 0.040418 0 0 0 0 -0 -0 0 0.032852 -0.015385 0.017822 0 0
-0 -0 -0 0.17527 0 0 0 0 -0 -0 0 0.14246 -0.066718 0.077288 0 0
-0 -0 -0 0.031287 0 0 0 0 -0 -0 0 0.025431 -0.01191 0.013796 0 0
0 0 0 0.070052 0 0 0 0 -0 -0 0 0.056939 -0.026665 0.03089 0 0
0 0 0 0.012136 0 0 0 0 -0 -0 0 0.009864 -0.0046194 0.0053513 0 0
-0 -0 -0 0.13342 0 0 0 0 -0 -0 0 0.10844 -0.050786 0.058831 0 0
0 0 0 0.12842 0 0 0 0 -0 -0 0 0.10438 -0.048884 0.056629 0 0
-0 -0 -0 0.10173 0 0 0 0 -0 -0 0 0.082686 -0.038723 0.044858 0 0
-0 -0 -0 0.12657 0 0 0 0 -0 -0 0 0.10288 -0.048179 0.055812 0 0
0 0 0 0.084177 0 0 0 0 -0 -0 0 0.06842 -0.032042 0.037118 0 0
-0 -0 -0 0.039179 0 0 0 0 -0 -0 0 0.031845 -0.014913 0.017276 0 0
-0 -0 -0 0.19982 0 0 0 0 -0 -0 0 0.16242 -0.076062 0.088112 0 0
0 0 0 0.082315 0 0 0 0 -0 -0 0 0.066907 -0.031333 0.036297 0 0
-0 -0 -0 0.17634 0 0 0 0 -0 -0 0 0.14333 -0.067125 0.07776 0 0
0 0 0 0.1542 0 0 0 0 -0 -0 0 0.12534 -0.058697 0.067996 0 0
-0 -0 -0 0.067579 0 0 0 0 -0 -0 0 0.054929 -0.025724 0.029799 0 0
0 0 0 0.082763 0 0 0 0 -0 -0 0 0.067271 -0.031504 0.036495 0 0
-0 -0 -0 0.15504 0 0 0 0 -0 -0 0 0.12602 -0.059017 0.068367 0 0
-0 -0 -0 0.17839 0 0 0 0 -0 -0 0 0.145 -0.067905 0.078663 0 0
0 0 0 0.10168 0 0 0 0 -0 -0 0 0.082644 -0.038703 0.044835 0 0
-0 -0 -0 0.01921 0 0 0 0 -0 -0 0 0.015614 -0.0073124 0.0084709 0 0
0 0 0 0.13247 0 0 0 0 -0 -0 0 0.10768 -0.050426 0.058415 0 0
-0 -0 -0 0.089734 0 0 0 0 -0 -0 0 0.072937 -0.034157 0.039569 0 0
-0 -0 -0 0.13108 0 0 0 0 -0 -0 0 0.10654 -0.049894 0.057798 0 0
-0 -0 -0 0.14993 0 0 0 0 -0 -0 0 0.12186 -0.057069 0.06611 0 0
0 0 0 0.087095 0 0 0 0 -0 -0 0 0.070792 -0.033153 0.038405 0 0
0 0 0 0.19282 0 0 0 0 -0 -0 0 0.15672 -0.073396 0.085023 0 0
-0 -0 -0 0.097306 0 0 0 0 -0 -0 0 0.079092 -0.03704 0.042908 0 0
0 0 0 0.12815 0 0 0 0 -0 -0 0 0.10416 -0.048779 0.056507 0 0
0 0 0 0.12185 0 0 0 0 -0 -0 0 0.099044 -0.046384 0.053732 0 0
0 0 0 0.15814 0 0 0 0 -0 -0 0 0.12854 -0.060197 0.069734 0 0
0 0 0 0.16145 0 0 0 0 -0 -0 0 0.13123 -0.061455 0.071191 0 0
-0 -0 -0 0.11103 0 0 0 0 -0 -0 0 0.090248 -0.042264 0.04896 0 0
0 0 0 0.069862 0 0 0 0 -0 -0 0 0.056785 -0.026593 0.030806 0 0
-0 -0 -0 0.14912 0 0 0 0 -0 -0 0 0.1212 -0.056761 0.065754 0 0
-0 -0 -0 0.034353 0 0 0 0 -0 -0 0 0.027923 -0.013077 0.015148 0 0
0 0 0 0.15123 0 0 0 0 -0 -0 0 0.12292 -0.057565 0.066685 0 0
-0 -0 -0 0.18308 0 0 0 0 -0 -0 0 0.14881 -0.069691 0.080732 0 0
0 0 0 0.11416 0 0 0 0 -0 -0 0 0.092791 -0.043455 0.050339 0 0
0 0 0 0.1316 0 0 0 0 -0 -0 0 0.10696 -0.050092 0.058028 0 0
-0 -0 -0 0.13912 0 0 0 0 -0 -0 0 0.11307 -0.052954 0.061343 0 0
-0 -0 -0 0.10123 0 0 0 0 -0 -0 0 0.082277 -0.038532 0.044636 0 0
-0 -0 -0 0.11909 0 0 0 0 -0 -0 0 0.096802 -0.045333 0.052515 0 0
0 0 0 0.060756 0 0 0 0 -0 -0 0 0.049383 -0.023127 0.026791 0 0
-0 -0 -0 0.16227 0 0 0 0 -0 -0 0 0.1319 -0.061768 0.071554 0 0
0 0 0 0.0088121 0 0 0 0 -0 -0 0 0.0071626 -0.0033543 0.0038857 0 0
0 0 0 0.050307 0 0 0 0 -0 -0 0 0.04089 -0.019149 0.022183 0 0
0 0 0 0.13822 0 0 0 0 -0 -0 0 0.11234 -0.052612 0.060947 0 0
-0 -0 -0 0.12644 0 0 0 0 -0 -0 0 0.10278 -0.048131 0.055756 0 0
-0 -0 -0 0.019089 0 0 0 0 -0 -0 0 0.015515 -0.0072661 0.0084172 0 0
-0 -0 -0 0.14561 0 0 0 0 -0 -0 0 0.11836 -0.055428 0.064209 0 0
0 0 0 0.081783 0 0 0 0 -0 -0 0 0.066474 -0.031131 0.036062 0 0
-0 -0 -0 0.11257 0 0 0 0 -0 -0 0 0.0915 -0.042851 0.049639 0 0
-0 -0 -0 0.048719 0 0 0 0 -0 -0 0 0.039599 -0.018545 0.021483 0 0
0 0 0 0.14746 0 0 0 0 -0 -0 0 0.11986 -0.056132 0.065024 0 0
0 0 0 0.014178 0 0 0 0 -0 -0 0 0.011524 -0.0053969 0.0062519 0 0
-0 -0 -0 0.097035 0 0 0 0 -0 -0 0 0.078872 -0.036937 0.042788 0 0
0 0 0 0.086302 0 0 0 0 -0 -0 0 0.070148 -0.032851 0.038055 0 0
0 0 0 0.054833 0 0 0 0 -0 -0 0 0.044569 -0.020872 0.024179 0 0
0 0 0 0.030662 0 0 0 0 -0 -0 0 0.024922 -0.011671 0.013521 0 0
0 0 0 0.14329 0 0 0 0 -0 -0 0 0.11647 -0.054545 0.063186 0 0
-0 -0 -0 0.12264 0 0 0 0 -0 -0 0 0.099684 -0.046684 0.054079 0 0
-0 -0 -0 0.063603 0 0 0 0 -0 -0 0 0.051697 -0.024211 0.028046 0 0
-0 -0 -0 0.11637 0 0 0 0 -0 -0 0 0.094591 -0.044298 0.051316 0 0
0 0 0 0.044013 0 0 0 0 -0 -0 0 0.035774 -0.016754 0.019408 0 0
0 0 0 0.11809 0 0 0 0 -0 -0 0 0.095987 -0.044952 0.052074 0 0
-0 -0 -0 0.11903 0 0 0 0 -0 -0 0 0.09675 -0.045309 0.052487 0 0
-0 -0 -0 0.037892 0 0 0 0 -0 -0 0 0.030799 -0.014424 0.016709 0 0
-0 -0 -0 0.082689 0 0 0 0 -0 -0 0 0.067211 -0.031476 0.036462 0 0
0 0 0 0.021665 0 0 0 0 -0 -0 0 0.01761 -0.008247 0.0095535 0 0
-0 -0 -0 0.041147 0 0 0 0 -0 -0 0 0.033445 -0.015663 0.018144 0 0
0 0 0 0.057765 0 0 0 0 -0 -0 0 0.046952 -0.021988 0.025472 0 0
0 0 0 0.083392 0 0 0 0 -0 -0 0 0.067782 -0.031743 0.036772 0 0
0 0 0 0.098143 0 0 0 0 -0 -0 0 0.079771 -0.037358 0.043276 0 0
-0 -0 -0 0.034355 0 0 0 0 -0 -0 0 0.027924 -0.013077 0.015149 0 0
0 0 0 0.13124 0 0 0 0 -0 -0 0 0.10667 -0.049957 0.057871 0 0
0 0 0 0.059084 0 0 0 0 -0 -0 0 0.048024 -0.02249 0.026053 0 0
-0 -0 -0 0.1613 0 0 0 0 -0 -0 0 0.13111 -0.0614 0.071127 0 0
0 0 0 0.099612 0 0 0 0 -0 -0 0 0.080966 -0.037917 0.043924 0 0
-0 -0 -0 0.042701 0 0 0 0 -0 -0 0 0.034708 -0.016254 0.018829 0 0
0 0 0 0.15149 0 0 0 0 -0 -0 0 0.12313 -0.057663 0.066798 0 0
0 0 0 0.11962 0 0 0 0 -0 -0 0 0.097229 -0.045534 0.052747 0 0
0 0 0 0.073336 0 0 0 0 -0 -0 0 0.059608 -0.027915 0.032338 0 0
0 0 0 0.07208 0 0 0 0 -0 -0 0 0.058587 -0.027437 0.031784 0 0
-0 -0 -0 0.094553 0 0 0 0 -0 -0 0 0.076854 -0.035992 0.041694 0 0
0 0 0 0.1526 0 0 0 0 -0 -0 0 0.12404 -0.058088 0.06729 0 0
0 0 0 0.016121 0 0 0 0 -0 -0 0 0.013103 -0.0061364 0.0071086 0 0
0 0 0 0.11377 0 0 0 0 -0 -0 0 0.092476 -0.043308 0.050168 0 0
-0 -0 -0 0.072888 0 0 0 0 -0 -0 0 0.059244 -0.027745 0.03214 0 0
