-0 -0 -0.032337 0 0 0 0 0 0 0 0 0 0 0.005878 -0.017897 -0.026284 -0.0018318 -0.0023753 0.0012076 0 0
0 0 0.33624 0 0 0 0 0 0 0 0 0 0 -0.061118 0.18609 0.2733 0.013708 0.026574 -0.015028 0 0
0 0 0.15336 0 0 0 0 0 0 0 0 0 0 -0.027877 0.084876 0.12465 0.0075004 0.011764 -0.0063324 0 0
-0 -0 -0.15057 0 0 0 0 0 0 0 0 0 0 0.02737 -0.083332 -0.12239 -0.0092214 -0.010682 0.0052109 0 0
-0 -0 -0.27534 0 0 0 0 0 0 0 0 0 0 0.050048 -0.15238 -0.2238 -0.018108 -0.018707 0.0086878 0 0
0 0 0.089585 0 0 0 0 0 0 0 0 0 0 -0.016284 0.04958 0.072816 0.0046254 0.0067804 -0.0035823 0 0
-0 -0 -0.074483 0 0 0 0 0 0 0 0 0 0 0.013539 -0.041222 -0.06054 -0.0043437 -0.0054072 0.0027103 0 0
0 0 0.293 0 0 0 0 0 0 0 0 0 0 -0.05326 0.16216 0.23816 0.012521 0.023019 -0.012874 0 0
0 0 0.094725 0 0 0 0 0 0 0 0 0 0 -0.017218 0.052425 0.076994 0.0048702 0.0071776 -0.003798 0 0
0 0 0.14601 0 0 0 0 0 0 0 0 0 0 -0.026541 0.080809 0.11868 0.0071873 0.011183 -0.0060074 0 0
-0 -0 -0.28352 0 0 0 0 0 0 0 0 0 0 0.051536 -0.15691 -0.23045 -0.018727 -0.019204 0.0088878 0 0
0 0 0.15017 0 0 0 0 0 0 0 0 0 0 -0.027297 0.083111 0.12206 0.0073651 0.011512 -0.0061911 0 0
0 0 0.037637 0 0 0 0 0 0 0 0 0 0 -0.0068413 0.02083 0.030591 0.0020249 0.0028145 -0.0014635 0 0
-0 -0 -0.12574 0 0 0 0 0 0 0 0 0 0 0.022855 -0.069587 -0.1022 -0.0075821 -0.0089897 0.0044255 0 0
0 0 0.25326 0 0 0 0 0 0 0 0 0 0 -0.046036 0.14017 0.20585 0.011274 0.019776 -0.010944 0 0
0 0 0.084533 0 0 0 0 0 0 0 0 0 0 -0.015366 0.046784 0.06871 0.0043826 0.0063908 -0.0033714 0 0
-0 -0 -0.099275 0 0 0 0 0 0 0 0 0 0 0.018045 -0.054943 -0.080692 -0.0058855 -0.007155 0.0035556 0 0
0 0 0.3333 0 0 0 0 0 0 0 0 0 0 -0.060585 0.18446 0.27091 0.013633 0.026332 -0.01488 0 0
-0 -0 -0.10065 0 0 0 0 0 0 0 0 0 0 0.018296 -0.055704 -0.081811 -0.0059724 -0.0072512 0.0036017 0 0
0 0 0.0055626 0 0 0 0 0 0 0 0 0 0 -0.0010111 0.0030786 0.0045213 0.0003066 0.00041267 -0.00021242 0 0
-0 -0 -0.29749 0 0 0 0 0 0 0 0 0 0 0.054076 -0.16464 -0.24181 -0.019793 -0.020043 0.0092209 0 0
-0 -0 -0.3306 0 0 0 0 0 0 0 0 0 0 0.060093 -0.18296 -0.26871 -0.022366 -0.021986 0.0099683 0 0
0 0 3.0492e-05 0 0 0 0 0 0 0 0 0 0 -5.5427e-06 1.6876e-05 2.4785e-05 1.6875e-06 2.2589e-06 -1.1607e-06 0 0
-0 -0 -0.034143 0 0 0 0 0 0 0 0 0 0 0.0062062 -0.018896 -0.027752 -0.0019366 -0.0025067 0.0012737 0 0
0 0 0.1685 0 0 0 0 0 0 0 0 0 0 -0.030629 0.093257 0.13696 0.0081304 0.012963 -0.0070084 0 0
-0 -0 -0.17318 0 0 0 0 0 0 0 0 0 0 0.03148 -0.095847 -0.14077 -0.010753 -0.012196 0.0058997 0 0
-0 -0 -0.20401 0 0 0 0 0 0 0 0 0 0 0.037083 -0.11291 -0.16582 -0.012898 -0.014219 0.0067975 0 0
-0 -0 -0.22471 0 0 0 0 0 0 0 0 0 0 0.040845 -0.12436 -0.18264 -0.014375 -0.01555 0.0073731 0 0
-0 -0 -0.2929 0 0 0 0 0 0 0 0 0 0 0.053241 -0.1621 -0.23807 -0.019441 -0.019768 0.0091125 0 0
-0 -0 -0.13778 0 0 0 0 0 0 0 0 0 0 0.025044 -0.076252 -0.11199 -0.0083713 -0.0098138 0.0048101 0 0
-0 -0 -0.22835 0 0 0 0 0 0 0 0 0 0 0.041507 -0.12638 -0.1856 -0.014638 -0.015782 0.0074721 0 0
0 0 0.08894 0 0 0 0 0 0 0 0 0 0 -0.016167 0.049223 0.072291 0.0045945 0.0067306 -0.0035553 0 0
-0 -0 -0.30397 0 0 0 0 0 0 0 0 0 0 0.055252 -0.16823 -0.24707 -0.020291 -0.020428 0.0093716 0 0
-0 -0 -0.025105 0 0 0 0 0 0 0 0 0 0 0.0045633 -0.013894 -0.020405 -0.0014149 -0.0018476 0.00094161 0 0
0 0 0.27377 0 0 0 0 0 0 0 0 0 0 -0.049763 0.15151 0.22252 0.011936 0.021446 -0.011933 0 0
0 0 0.21367 0 0 0 0 0 0 0 0 0 0 -0.03884 0.11826 0.17368 0.0098873 0.016575 -0.0090745 0 0
0 0 0.061108 0 0 0 0 0 0 0 0 0 0 -0.011108 0.03382 0.04967 0.0032282 0.0045952 -0.0024069 0 0
-0 -0 -0.17253 0 0 0 0 0 0 0 0 0 0 0.031361 -0.095485 -0.14023 -0.010708 -0.012153 0.0058802 0 0
0 0 0.033471 0 0 0 0 0 0 0 0 0 0 -0.0060841 0.018524 0.027206 0.0018066 0.0025005 -0.0012985 0 0
-0 -0 -0.30202 0 0 0 0 0 0 0 0 0 0 0.054898 -0.16715 -0.24548 -0.020141 -0.020312 0.0093265 0 0
-0 -0 -0.19792 0 0 0 0 0 0 0 0 0 0 0.035977 -0.10954 -0.16087 -0.012469 -0.013824 0.006624 0 0
-0 -0 -0.1477 0 0 0 0 0 0 0 0 0 0 0.026848 -0.081744 -0.12005 -0.0090297 -0.010488 0.0051218 0 0
-0 -0 -0.30255 0 0 0 0 0 0 0 0 0 0 0.054995 -0.16744 -0.24592 -0.020182 -0.020344 0.0093388 0 0
0 0 0.24766 0 0 0 0 0 0 0 0 0 0 -0.045017 0.13706 0.2013 0.011087 0.019321 -0.010676 0 0
-0 -0 -0.088309 0 0 0 0 0 0 0 0 0 0 0.016052 -0.048874 -0.071779 -0.0051978 -0.0063853 0.0031853 0 0
0 0 0.035619 0 0 0 0 0 0 0 0 0 0 -0.0064745 0.019713 0.028951 0.0019193 0.0026623 -0.0013835 0 0
0 0 0.10236 0 0 0 0 0 0 0 0 0 0 -0.018607 0.056651 0.083201 0.0052298 0.0077692 -0.0041204 0 0
-0 -0 -0.068086 0 0 0 0 0 0 0 0 0 0 0.012376 -0.037681 -0.055341 -0.0039535 -0.0049518 0.0024875 0 0
0 0 0.15433 0 0 0 0 0 0 0 0 0 0 -0.028054 0.085415 0.12544 0.0075415 0.01184 -0.0063756 0 0
-0 -0 -0.30032 0 0 0 0 0 0 0 0 0 0 0.05459 -0.16621 -0.2441 -0.02001 -0.020212 0.009287 0 0
-0 -0 -0.19444 0 0 0 0 0 0 0 0 0 0 0.035344 -0.10761 -0.15804 -0.012225 -0.013596 0.0065239 0 0
-0 -0 -0.23259 0 0 0 0 0 0 0 0 0 0 0.042279 -0.12873 -0.18906 -0.014946 -0.016051 0.0075867 0 0
-0 -0 -0.063222 0 0 0 0 0 0 0 0 0 0 0.011492 -0.03499 -0.051388 -0.003659 -0.0046044 0.0023169 0 0
0 0 0.19552 0 0 0 0 0 0 0 0 0 0 -0.035539 0.10821 0.15892 0.0092032 0.015117 -0.0082351 0 0
0 0 0.33231 0 0 0 0 0 0 0 0 0 0 -0.060404 0.18391 0.2701 0.013608 0.02625 -0.01483 0 0
-0 -0 -0.14653 0 0 0 0 0 0 0 0 0 0 0.026635 -0.081095 -0.1191 -0.0089516 -0.010408 0.0050852 0 0
-0 -0 -0.12171 0 0 0 0 0 0 0 0 0 0 0.022123 -0.067359 -0.098927 -0.0073205 -0.0087126 0.0042953 0 0
-0 -0 -0.15301 0 0 0 0 0 0 0 0 0 0 0.027813 -0.084681 -0.12437 -0.0093848 -0.010846 0.0052864 0 0
0 0 0.31004 0 0 0 0 0 0 0 0 0 0 -0.056357 0.17159 0.25201 0.01301 0.024417 -0.013716 0 0
0 0 0.24696 0 0 0 0 0 0 0 0 0 0 -0.04489 0.13668 0.20073 0.011063 0.019264 -0.010643 0 0
-0 -0 -0.041055 0 0 0 0 0 0 0 0 0 0 0.0074626 -0.022721 -0.03337 -0.00234 -0.0030085 0.0015252 0 0
-0 -0 -0.28304 0 0 0 0 0 0 0 0 0 0 0.051449 -0.15665 -0.23006 -0.018691 -0.019175 0.0088762 0 0
-0 -0 -0.3116 0 0 0 0 0 0 0 0 0 0 0.056641 -0.17245 -0.25328 -0.020882 -0.020879 0.0095467 0 0
0 0 0.29798 0 0 0 0 0 0 0 0 0 0 -0.054165 0.16492 0.2422 0.012667 0.023427 -0.013119 0 0
0 0 0.34218 0 0 0 0 0 0 0 0 0 0 -0.062199 0.18938 0.27813 0.013858 0.027064 -0.015329 0 0
0 0 0.18456 0 0 0 0 0 0 0 0 0 0 -0.033548 0.10214 0.15002 0.0087761 0.014242 -0.0077345 0 0
-0 -0 -0.055911 0 0 0 0 0 0 0 0 0 0 0.010163 -0.030943 -0.045445 -0.0032197 -0.0040803 0.0020582 0 0
0 0 0.12658 0 0 0 0 0 0 0 0 0 0 -0.02301 0.070057 0.10289 0.0063367 0.0096571 -0.0051584 0 0
-0 -0 -0.13339 0 0 0 0 0 0 0 0 0 0 0.024247 -0.073826 -0.10842 -0.0080828 -0.0095146 0.0046709 0 0
0 0 0.17017 0 0 0 0 0 0 0 0 0 0 -0.030932 0.094179 0.13832 0.0081985 0.013096 -0.0070832 0 0
-0 -0 -0.16679 0 0 0 0 0 0 0 0 0 0 0.030318 -0.092307 -0.13557 -0.010316 -0.011771 0.0057075 0 0
0 0 0.15956 0 0 0 0 0 0 0 0 0 0 -0.029003 0.088307 0.12969 0.0077607 0.012254 -0.006608 0 0
0 0 0.078191 0 0 0 0 0 0 0 0 0 0 -0.014213 0.043274 0.063555 0.0040747 0.0059029 -0.0031081 0 0
-0 -0 -0.16509 0 0 0 0 0 0 0 0 0 0 0.03001 -0.09137 -0.13419 -0.010201 -0.011657 0.0056563 0 0
0 0 0.29376 0 0 0 0 0 0 0 0 0 0 -0.053397 0.16258 0.23877 0.012543 0.023081 -0.012911 0 0
0 0 0.0077095 0 0 0 0 0 0 0 0 0 0 -0.0014014 0.0042667 0.0062664 0.00042426 0.00057226 -0.00029477 0 0
-0 -0 -0.26869 0 0 0 0 0 0 0 0 0 0 0.048841 -0.14871 -0.2184 -0.017609 -0.018301 0.008523 0 0
-0 -0 -0.25582 0 0 0 0 0 0 0 0 0 0 0.0465 -0.14158 -0.20793 -0.016649 -0.017507 0.0081968 0 0
0 0 0.24665 0 0 0 0 0 0 0 0 0 0 -0.044835 0.13651 0.20048 0.011053 0.01924 -0.010628 0 0
0 0 0.27895 0 0 0 0 0 0 0 0 0 0 -0.050705 0.15438 0.22673 0.012097 0.02187 -0.012186 0 0
-0 -0 -0.16271 0 0 0 0 0 0 0 0 0 0 0.029576 -0.090051 -0.13225 -0.010039 -0.011498 0.0055839 0 0
-0 -0 -0.057299 0 0 0 0 0 0 0 0 0 0 0.010415 -0.031711 -0.046573 -0.0033028 -0.00418 0.0021075 0 0
-0 -0 -0.32158 0 0 0 0 0 0 0 0 0 0 0.058455 -0.17798 -0.26139 -0.021659 -0.021464 0.0097707 0 0
0 0 0.065107 0 0 0 0 0 0 0 0 0 0 -0.011835 0.036033 0.05292 0.0034285 0.0049005 -0.00257 0 0
-0 -0 -0.33284 0 0 0 0 0 0 0 0 0 0 0.060501 -0.18421 -0.27054 -0.022544 -0.022116 0.010017 0 0
0 0 0.094411 0 0 0 0 0 0 0 0 0 0 -0.017161 0.052251 0.076738 0.0048553 0.0071532 -0.0037848 0 0
0 0 0.18285 0 0 0 0 0 0 0 0 0 0 -0.033238 0.1012 0.14863 0.0087085 0.014105 -0.0076568 0 0
0 0 0.25813 0 0 0 0 0 0 0 0 0 0 -0.046921 0.14286 0.20981 0.011435 0.020172 -0.011178 0 0
0 0 0.047937 0 0 0 0 0 0 0 0 0 0 -0.0087136 0.02653 0.038964 0.0025586 0.0035936 -0.0018747 0 0
0 0 0.20003 0 0 0 0 0 0 0 0 0 0 -0.03636 0.11071 0.16259 0.0093761 0.015479 -0.0084428 0 0
-0 -0 -0.11523 0 0 0 0 0 0 0 0 0 0 0.020946 -0.063774 -0.093662 -0.0069024 -0.0082653 0.0040842 0 0
0 0 0.342 0 0 0 0 0 0 0 0 0 0 -0.062166 0.18928 0.27798 0.013853 0.02705 -0.01532 0 0
-0 -0 -0.1263 0 0 0 0 0 0 0 0 0 0 0.022957 -0.069898 -0.10266 -0.0076186 -0.0090283 0.0044435 0 0
-0 -0 -0.062725 0 0 0 0 0 0 0 0 0 0 0.011402 -0.034715 -0.050984 -0.003629 -0.0045689 0.0022994 0 0
-0 -0 -0.15268 0 0 0 0 0 0 0 0 0 0 0.027753 -0.084499 -0.1241 -0.0093626 -0.010824 0.0052762 0 0
0 0 0.30671 0 0 0 0 0 0 0 0 0 0 -0.055752 0.16975 0.2493 0.012916 0.024144 -0.013551 0 0
0 0 0.055692 0 0 0 0 0 0 0 0 0 0 -0.010123 0.030822 0.045267 0.0029546 0.0041826 -0.0021872 0 0
0 0 0.15494 0 0 0 0 0 0 0 0 0 0 -0.028164 0.08575 0.12594 0.007567 0.011888 -0.0064025 0 0
-0 -0 -0.27348 0 0 0 0 0 0 0 0 0 0 0.049711 -0.15135 -0.22229 -0.017968 -0.018594 0.008642 0 0
0 0 0.30645 0 0 0 0 0 0 0 0 0 0 -0.055703 0.1696 0.24908 0.012909 0.024122 -0.013538 0 0
