-0 -0 -0 0.11891 0 0 0 0 0 0 0 0.11017 -0.0088235 0.043861 0 0
0 0 0 0.012588 0 0 0 0 0 0 0 0.011663 -0.00093408 0.0046432 0 0
-0 -0 -0 0.107 0 0 0 0 0 0 0 0.09914 -0.0079403 0.039471 0 0
-0 -0 -0 0.028911 0 0 0 0 0 0 0 0.026786 -0.0021454 0.010664 0 0
-0 -0 -0 0.159 0 0 0 0 0 0 0 0.14731 -0.011799 0.05865 0 0
0 0 0 0.11506 0 0 0 0 0 0 0 0.10661 -0.0085385 0.042444 0 0
-0 -0 -0 0.18413 0 0 0 0 0 0 0 0.1706 -0.013664 0.06792 0 0
-0 -0 -0 0.0077168 0 0 0 0 0 0 0 0.0071497 -0.00057264 0.0028465 0 0
-0 -0 -0 0.11454 0 0 0 0 0 0 0 0.10612 -0.0084992 0.042249 0 0
0 0 0 0.12697 0 0 0 0 0 0 0 0.11764 -0.009422 0.046836 0 0
0 0 0 0.060553 0 0 0 0 0 0 0 0.056103 -0.0044934 0.022336 0 0
0 0 0 0.048798 0 0 0 0 0 0 0 0.045212 -0.0036211 0.018 0 0
0 0 0 0.09659 0 0 0 0 0 0 0 0.089492 -0.0071676 0.035629 0 0
0 0 0 0.056414 0 0 0 0 0 0 0 0.052268 -0.0041863 0.020809 0 0
-0 -0 -0 0.1578 0 0 0 0 0 0 0 0.1462 -0.01171 0.058207 0 0
-0 -0 -0 0.17716 0 0 0 0 0 0 0 0.16414 -0.013146 0.06535 0 0
-0 -0 -0 0.10196 0 0 0 0 0 0 0 0.094471 -0.0075663 0.037612 0 0
-0 -0 -0 0.054747 0 0 0 0 0 0 0 0.050723 -0.0040625 0.020194 0 0
-0 -0 -0 0.041595 0 0 0 0 0 0 0 0.038538 -0.0030866 0.015343 0 0
0 0 0 0.069907 0 0 0 0 0 0 0 0.06477 -0.0051876 0.025787 0 0
-0 -0 -0 0.037363 0 0 0 0 0 0 0 0.034618 -0.0027726 0.013782 0 0
-0 -0 -0 0.011141 0 0 0 0 0 0 0 0.010322 -0.0008267 0.0041094 0 0
0 0 0 0.18615 0 0 0 0 0 0 0 0.17247 -0.013813 0.068665 0 0
-0 -0 -0 0.038542 0 0 0 0 0 0 0 0.03571 -0.0028601 0.014217 0 0
-0 -0 -0 0.19543 0 0 0 0 0 0 0 0.18107 -0.014502 0.072088 0 0
0 0 0 0.12539 0 0 0 0 0 0 0 0.11617 -0.0093044 0.046251 0 0
0 0 0 0.17872 0 0 0 0 0 0 0 0.16559 -0.013262 0.065924 0 0
-0 -0 -0 0.10713 0 0 0 0 0 0 0 0.099254 -0.0079494 0.039516 0 0
-0 -0 -0 0.042705 0 0 0 0 0 0 0 0.039567 -0.003169 0.015753 0 0
-0 -0 -0 0.011 0 0 0 0 0 0 0 0.010192 -0.0008163 0.0040578 0 0
-0 -0 -0 0.11453 0 0 0 0 0 0 0 0.10611 -0.0084989 0.042247 0 0
-0 -0 -0 0.13705 0 0 0 0 0 0 0 0.12698 -0.01017 0.050553 0 0
0 0 0 0.06517 0 0 0 0 0 0 0 0.060381 -0.004836 0.024039 0 0
-0 -0 -0 0.11187 0 0 0 0 0 0 0 0.10365 -0.0083012 0.041264 0 0
0 0 0 0.074002 0 0 0 0 0 0 0 0.068564 -0.0054914 0.027297 0 0
-0 -0 -0 0.14454 0 0 0 0 0 0 0 0.13392 -0.010726 0.053317 0 0
0 0 0 0.035597 0 0 0 0 0 0 0 0.032981 -0.0026415 0.013131 0 0
-0 -0 -0 0.14944 0 0 0 0 0 0 0 0.13846 -0.01109 0.055125 0 0
0 0 0 0.1259 0 0 0 0 0 0 0 0.11665 -0.0093424 0.04644 0 0
-0 -0 -0 0.13874 0 0 0 0 0 0 0 0.12854 -0.010295 0.051176 0 0
-0 -0 -0 0.079008 0 0 0 0 0 0 0 0.073202 -0.0058628 0.029144 0 0
-0 -0 -0 0.09109 0 0 0 0 0 0 0 0.084396 -0.0067594 0.0336 0 0
0 0 0 0.014486 0 0 0 0 0 0 0 0.013421 -0.0010749 0.0053434 0 0
0 0 0 0.17931 0 0 0 0 0 0 0 0.16613 -0.013306 0.06614 0 0
-0 -0 -0 0.14966 0 0 0 0 0 0 0 0.13867 -0.011106 0.055207 0 0
0 0 0 0.017276 0 0 0 0 0 0 0 0.016006 -0.001282 0.0063725 0 0
-0 -0 -0 0.00014548 0 0 0 0 0 0 0 0.00013479 -1.0796e-05 5.3664e-05 0 0
0 0 0 0.040237 0 0 0 0 0 0 0 0.03728 -0.0029858 0.014842 0 0
0 0 0 0.14156 0 0 0 0 0 0 0 0.13116 -0.010505 0.052218 0 0
-0 -0 -0 0.098729 0 0 0 0 0 0 0 0.091474 -0.0073263 0.036418 0 0
0 0 0 0.15412 0 0 0 0 0 0 0 0.14279 -0.011436 0.056849 0 0
-0 -0 -0 0.1654 0 0 0 0 0 0 0 0.15325 -0.012274 0.061013 0 0
0 0 0 0.16121 0 0 0 0 0 0 0 0.14936 -0.011963 0.059465 0 0
-0 -0 -0 0.17343 0 0 0 0 0 0 0 0.16068 -0.01287 0.063973 0 0
0 0 0 0.13167 0 0 0 0 0 0 0 0.12199 -0.0097706 0.048569 0 0
-0 -0 -0 0.12917 0 0 0 0 0 0 0 0.11968 -0.0095853 0.047647 0 0
0 0 0 0.002134 0 0 0 0 0 0 0 0.0019771 -0.00015835 0.00078715 0 0
0 0 0 0.07215 0 0 0 0 0 0 0 0.066848 -0.005354 0.026614 0 0
0 0 0 0.028497 0 0 0 0 0 0 0 0.026403 -0.0021147 0.010512 0 0
0 0 0 0.12886 0 0 0 0 0 0 0 0.11939 -0.0095619 0.047531 0 0
-0 -0 -0 0.041152 0 0 0 0 0 0 0 0.038128 -0.0030537 0.01518 0 0
0 0 0 0.05729 0 0 0 0 0 0 0 0.05308 -0.0042513 0.021133 0 0
-0 -0 -0 0.14553 0 0 0 0 0 0 0 0.13484 -0.010799 0.053682 0 0
0 0 0 0.0036372 0 0 0 0 0 0 0 0.0033699 -0.0002699 0.0013417 0 0
0 0 0 0.043134 0 0 0 0 0 0 0 0.039964 -0.0032008 0.015911 0 0
0 0 0 0.0052785 0 0 0 0 0 0 0 0.0048906 -0.00039169 0.0019471 0 0
0 0 0 0.15797 0 0 0 0 0 0 0 0.14636 -0.011722 0.05827 0 0
-0 -0 -0 0.1005 0 0 0 0 0 0 0 0.093119 -0.0074581 0.037073 0 0
-0 -0 -0 0.036809 0 0 0 0 0 0 0 0.034104 -0.0027315 0.013578 0 0
-0 -0 -0 0.19118 0 0 0 0 0 0 0 0.17713 -0.014187 0.07052 0 0
-0 -0 -0 0.097211 0 0 0 0 0 0 0 0.090067 -0.0072136 0.035858 0 0
-0 -0 -0 0.10371 0 0 0 0 0 0 0 0.096091 -0.0076961 0.038257 0 0
-0 -0 -0 0.10434 0 0 0 0 0 0 0 0.096669 -0.0077424 0.038487 0 0
-0 -0 -0 0.15224 0 0 0 0 0 0 0 0.14105 -0.011297 0.056156 0 0
0 0 0 0.025183 0 0 0 0 0 0 0 0.023333 -0.0018688 0.0092894 0 0
-0 -0 -0 0.004359 0 0 0 0 0 0 0 0.0040387 -0.00032346 0.0016079 0 0
0 0 0 0.0098213 0 0 0 0 0 0 0 0.0090996 -0.0007288 0.0036228 0 0
-0 -0 -0 0.10591 0 0 0 0 0 0 0 0.098131 -0.0078595 0.039069 0 0
-0 -0 -0 0.1549 0 0 0 0 0 0 0 0.14352 -0.011495 0.057138 0 0
-0 -0 -0 0.073419 0 0 0 0 0 0 0 0.068023 -0.0054481 0.027082 0 0
0 0 0 0.19384 0 0 0 0 0 0 0 0.17959 -0.014384 0.071501 0 0
-0 -0 -0 0.094567 0 0 0 0 0 0 0 0.087617 -0.0070174 0.034883 0 0
-0 -0 -0 0.058229 0 0 0 0 0 0 0 0.05395 -0.0043209 0.021479 0 0
-0 -0 -0 0.016791 0 0 0 0 0 0 0 0.015557 -0.001246 0.0061937 0 0
0 0 0 0.038424 0 0 0 0 0 0 0 0.0356 -0.0028513 0.014173 0 0
0 0 0 0.042228 0 0 0 0 0 0 0 0.039125 -0.0031336 0.015577 0 0
0 0 0 0.16954 0 0 0 0 0 0 0 0.15708 -0.012581 0.062539 0 0
0 0 0 0.16049 0 0 0 0 0 0 0 0.14869 -0.011909 0.059199 0 0
0 0 0 0.053192 0 0 0 0 0 0 0 0.049283 -0.0039472 0.019621 0 0
-0 -0 -0 0.1261 0 0 0 0 0 0 0 0.11683 -0.0093573 0.046514 0 0
-0 -0 -0 0.17816 0 0 0 0 0 0 0 0.16507 -0.013221 0.065718 0 0
0 0 0 0.15423 0 0 0 0 0 0 0 0.1429 -0.011445 0.056891 0 0
-0 -0 -0 0.16611 0 0 0 0 0 0 0 0.1539 -0.012326 0.061272 0 0
0 0 0 0.12772 0 0 0 0 0 0 0 0.11834 -0.009478 0.047114 0 0
-0 -0 -0 0.038829 0 0 0 0 0 0 0 0.035975 -0.0028813 0.014323 0 0
0 0 0 0.015382 0 0 0 0 0 0 0 0.014251 -0.0011414 0.0056738 0 0
-0 -0 -0 0.15994 0 0 0 0 0 0 0 0.14819 -0.011868 0.058997 0 0
0 0 0 0.08578 0 0 0 0 0 0 0 0.079476 -0.0063654 0.031642 0 0
-0 -0 -0 0.15398 0 0 0 0 0 0 0 0.14267 -0.011426 0.056799 0 0
0 0 0 0.047664 0 0 0 0 0 0 0 0.044162 -0.003537 0.017582 0 0
