-0 -0 -0 0.1095 0 0 0 0 -0 0 -0 0.10304 0.0096806 0.035749 0 0
0 0 0 0.07285 0 0 0 0 -0 0 -0 0.068557 0.0064406 0.023784 0 0
-0 -0 -0 0.18487 0 0 0 0 -0 0 -0 0.17397 0.016344 0.060356 0 0
0 0 0 0.14532 0 0 0 0 -0 0 -0 0.13675 0.012847 0.047443 0 0
-0 -0 -0 0.087119 0 0 0 0 -0 0 -0 0.081985 0.0077021 0.028443 0 0
-0 -0 -0 0.090822 0 0 0 0 -0 0 -0 0.085469 0.0080295 0.029652 0 0
0 0 0 0.052451 0 0 0 0 -0 0 -0 0.04936 0.0046372 0.017124 0 0
-0 -0 -0 0.054171 0 0 0 0 -0 0 -0 0.050978 0.0047892 0.017686 0 0
0 0 0 0.17991 0 0 0 0 -0 0 -0 0.1693 0.015905 0.058735 0 0
0 0 0 0.071841 0 0 0 0 -0 0 -0 0.067607 0.0063514 0.023455 0 0
-0 -0 -0 0.1024 0 0 0 0 -0 0 -0 0.096367 0.0090533 0.033432 0 0
-0 -0 -0 0.071832 0 0 0 0 -0 0 -0 0.067598 0.0063506 0.023452 0 0
0 0 0 0.078524 0 0 0 0 -0 0 -0 0.073896 0.0069423 0.025637 0 0
0 0 0 0.13502 0 0 0 0 -0 0 -0 0.12706 0.011937 0.044082 0 0
-0 -0 -0 0.092985 0 0 0 0 -0 0 -0 0.087505 0.0082207 0.030358 0 0
0 0 0 0.11323 0 0 0 0 -0 0 -0 0.10655 0.01001 0.036966 0 0
-0 -0 -0 0.14612 0 0 0 0 -0 0 -0 0.1375 0.012918 0.047704 0 0
0 0 0 0.045053 0 0 0 0 -0 0 -0 0.042398 0.0039831 0.014709 0 0
0 0 0 0.087079 0 0 0 0 -0 0 -0 0.081947 0.0076986 0.028429 0 0
-0 -0 -0 0.0014471 0 0 0 0 -0 0 -0 0.0013618 0.00012794 0.00047246 0 0
0 0 0 0.076797 0 0 0 0 -0 0 -0 0.07227 0.0067895 0.025073 0 0
0 0 0 0.099964 0 0 0 0 -0 0 -0 0.094073 0.0088378 0.032636 0 0
0 0 0 0.1287 0 0 0 0 -0 0 -0 0.12111 0.011378 0.042017 0 0
-0 -0 -0 0.14426 0 0 0 0 -0 0 -0 0.13576 0.012754 0.047097 0 0
0 0 0 0.10356 0 0 0 0 -0 0 -0 0.097452 0.0091553 0.033809 0 0
-0 -0 -0 0.012679 0 0 0 0 -0 0 -0 0.011932 0.001121 0.0041396 0 0
0 0 0 0.081866 0 0 0 0 -0 0 -0 0.077041 0.0072377 0.026727 0 0
-0 -0 -0 0.019469 0 0 0 0 -0 0 -0 0.018322 0.0017213 0.0063563 0 0
0 0 0 0.13981 0 0 0 0 -0 0 -0 0.13157 0.01236 0.045644 0 0
-0 -0 -0 0.15748 0 0 0 0 -0 0 -0 0.1482 0.013922 0.051413 0 0
0 0 0 0.014509 0 0 0 0 -0 0 -0 0.013654 0.0012827 0.0047369 0 0
-0 -0 -0 0.14045 0 0 0 0 -0 0 -0 0.13218 0.012417 0.045855 0 0
0 0 0 0.12819 0 0 0 0 -0 0 -0 0.12064 0.011333 0.041852 0 0
0 0 0 0.081171 0 0 0 0 -0 0 -0 0.076387 0.0071762 0.026501 0 0
0 0 0 0.16197 0 0 0 0 -0 0 -0 0.15243 0.01432 0.052881 0 0
0 0 0 0.17307 0 0 0 0 -0 0 -0 0.16287 0.015301 0.056503 0 0
0 0 0 0.15363 0 0 0 0 -0 0 -0 0.14458 0.013583 0.050158 0 0
0 0 0 0.0063547 0 0 0 0 -0 0 -0 0.0059802 0.00056182 0.0020747 0 0
0 0 0 0.032047 0 0 0 0 -0 0 -0 0.030159 0.0028333 0.010463 0 0
-0 -0 -0 0.0065833 0 0 0 0 -0 0 -0 0.0061953 0.00058203 0.0021493 0 0
-0 -0 -0 0.1194 0 0 0 0 -0 0 -0 0.11236 0.010556 0.038981 0 0
-0 -0 -0 0.031906 0 0 0 0 -0 0 -0 0.030026 0.0028208 0.010417 0 0
-0 -0 -0 0.19804 0 0 0 0 -0 0 -0 0.18637 0.017509 0.064657 0 0
0 0 0 0.14945 0 0 0 0 -0 0 -0 0.14064 0.013213 0.048793 0 0
-0 -0 -0 0.012774 0 0 0 0 -0 0 -0 0.012021 0.0011293 0.0041704 0 0
0 0 0 0.13128 0 0 0 0 -0 0 -0 0.12354 0.011606 0.04286 0 0
0 0 0 0.10755 0 0 0 0 -0 0 -0 0.10121 0.0095087 0.035114 0 0
-0 -0 -0 0.041786 0 0 0 0 -0 0 -0 0.039323 0.0036943 0.013642 0 0
-0 -0 -0 0.18961 0 0 0 0 -0 0 -0 0.17844 0.016763 0.061904 0 0
-0 -0 -0 0.10389 0 0 0 0 -0 0 -0 0.097769 0.0091851 0.033919 0 0
0 0 0 0.10372 0 0 0 0 -0 0 -0 0.097605 0.0091696 0.033862 0 0
-0 -0 -0 0.12757 0 0 0 0 -0 0 -0 0.12005 0.011278 0.041649 0 0
0 0 0 0.047646 0 0 0 0 -0 0 -0 0.044838 0.0042124 0.015556 0 0
0 0 0 0.10544 0 0 0 0 -0 0 -0 0.09923 0.0093223 0.034425 0 0
0 0 0 0.15226 0 0 0 0 -0 0 -0 0.14329 0.013461 0.049711 0 0
-0 -0 -0 0.14379 0 0 0 0 -0 0 -0 0.13531 0.012712 0.046944 0 0
0 0 0 0.10502 0 0 0 0 -0 0 -0 0.098827 0.0092844 0.034286 0 0
-0 -0 -0 0.031348 0 0 0 0 -0 0 -0 0.0295 0.0027714 0.010234 0 0
0 0 0 0.16548 0 0 0 0 -0 0 -0 0.15573 0.01463 0.054027 0 0
0 0 0 0.06642 0 0 0 0 -0 0 -0 0.062505 0.0058721 0.021685 0 0
-0 -0 -0 0.1962 0 0 0 0 -0 0 -0 0.18463 0.017346 0.064055 0 0
0 0 0 0.026286 0 0 0 0 -0 0 -0 0.024737 0.0023239 0.0085819 0 0
0 0 0 0.014334 0 0 0 0 -0 0 -0 0.013489 0.0012672 0.0046796 0 0
0 0 0 0.14188 0 0 0 0 -0 0 -0 0.13352 0.012544 0.046322 0 0
-0 -0 -0 0.032249 0 0 0 0 -0 0 -0 0.030348 0.0028511 0.010529 0 0
-0 -0 -0 0.18911 0 0 0 0 -0 0 -0 0.17797 0.016719 0.061742 0 0
0 0 0 0.13472 0 0 0 0 -0 0 -0 0.12678 0.01191 0.043982 0 0
-0 -0 -0 0.02549 0 0 0 0 -0 0 -0 0.023988 0.0022535 0.0083219 0 0
0 0 0 0.0023101 0 0 0 0 -0 0 -0 0.0021739 0.00020423 0.00075419 0 0
0 0 0 0.16714 0 0 0 0 -0 0 -0 0.15729 0.014777 0.054569 0 0
0 0 0 0.06314 0 0 0 0 -0 0 -0 0.059419 0.0055822 0.020614 0 0
0 0 0 0.050289 0 0 0 0 -0 0 -0 0.047325 0.004446 0.016418 0 0
-0 -0 -0 0.0765 0 0 0 0 -0 0 -0 0.071991 0.0067633 0.024976 0 0
-0 -0 -0 0.075599 0 0 0 0 -0 0 -0 0.071143 0.0066837 0.024682 0 0
-0 -0 -0 0.12156 0 0 0 0 -0 0 -0 0.1144 0.010747 0.039687 0 0
0 0 0 0.076094 0 0 0 0 -0 0 -0 0.071609 0.0067274 0.024843 0 0
0 0 0 0.05935 0 0 0 0 -0 0 -0 0.055852 0.0052471 0.019377 0 0
0 0 0 0.11913 0 0 0 0 -0 0 -0 0.11211 0.010532 0.038892 0 0
0 0 0 0.031518 0 0 0 0 -0 0 -0 0.02966 0.0027865 0.01029 0 0
0 0 0 0.064465 0 0 0 0 -0 0 -0 0.060666 0.0056993 0.021047 0 0
-0 -0 -0 0.0985 0 0 0 0 -0 0 -0 0.092695 0.0087083 0.032158 0 0
-0 -0 -0 0.18979 0 0 0 0 -0 0 -0 0.1786 0.016779 0.061963 0 0
0 0 0 0.11075 0 0 0 0 -0 0 -0 0.10422 0.0097911 0.036157 0 0
0 0 0 0.042731 0 0 0 0 -0 0 -0 0.040212 0.0037778 0.013951 0 0
0 0 0 0.13423 0 0 0 0 -0 0 -0 0.12632 0.011867 0.043824 0 0
0 0 0 0.18211 0 0 0 0 -0 0 -0 0.17137 0.0161 0.059454 0 0
-0 -0 -0 0.10788 0 0 0 0 -0 0 -0 0.10152 0.0095378 0.035221 0 0
-0 -0 -0 0.11691 0 0 0 0 -0 0 -0 0.11002 0.010336 0.038168 0 0
-0 -0 -0 0.08856 0 0 0 0 -0 0 -0 0.083341 0.0078295 0.028913 0 0
0 0 0 0.10869 0 0 0 0 -0 0 -0 0.10229 0.0096095 0.035486 0 0
0 0 0 0.0061556 0 0 0 0 -0 0 -0 0.0057928 0.00054421 0.0020097 0 0
-0 -0 -0 0.013196 0 0 0 0 -0 0 -0 0.012418 0.0011666 0.0043081 0 0
-0 -0 -0 0.12929 0 0 0 0 -0 0 -0 0.12167 0.011431 0.042212 0 0
0 0 0 0.12218 0 0 0 0 -0 0 -0 0.11498 0.010802 0.03989 0 0
0 0 0 0.065831 0 0 0 0 -0 0 -0 0.061951 0.0058201 0.021493 0 0
-0 -0 -0 0.062792 0 0 0 0 -0 0 -0 0.059092 0.0055514 0.0205 0 0
-0 -0 -0 0.12787 0 0 0 0 -0 0 -0 0.12034 0.011305 0.041748 0 0
-0 -0 -0 0.18888 0 0 0 0 -0 0 -0 0.17775 0.016699 0.061666 0 0
0 0 0 0.11374 0 0 0 0 -0 0 -0 0.10704 0.010056 0.037134 0 0
0 0 0 0.18934 0 0 0 0 -0 0 -0 0.17818 0.016739 0.061815 0 0
