0 0 0.016105 0 0 0 0 0 0 0 0 0 0 -0.0029274 0.0089132 0.01309 -0.00087579 0.0012024 -0.0010146 0 0
-0 -0 -0.29586 0 0 0 0 0 0 0 0 0 0 0.05378 -0.16374 -0.24048 0.01146 -0.02429 0.019102 0 0
-0 -0 -0.070131 0 0 0 0 0 0 0 0 0 0 0.012748 -0.038813 -0.057004 0.0035207 -0.0053983 0.004463 0 0
-0 -0 -0.28904 0 0 0 0 0 0 0 0 0 0 0.052539 -0.15996 -0.23493 0.011299 -0.023691 0.018658 0 0
-0 -0 -0.28686 0 0 0 0 0 0 0 0 0 0 0.052143 -0.15876 -0.23316 0.011246 -0.0235 0.018516 0 0
-0 -0 -0.07746 0 0 0 0 0 0 0 0 0 0 0.01408 -0.042869 -0.06296 0.0038606 -0.0059769 0.004933 0 0
0 0 0.069189 0 0 0 0 0 0 0 0 0 0 -0.012577 0.038292 0.056238 -0.0039359 0.0050606 -0.004326 0 0
0 0 0.20682 0 0 0 0 0 0 0 0 0 0 -0.037594 0.11446 0.16811 -0.013054 0.01425 -0.012622 0 0
0 0 0.22535 0 0 0 0 0 0 0 0 0 0 -0.040962 0.12472 0.18317 -0.014406 0.01539 -0.013701 0 0
-0 -0 -0.11751 0 0 0 0 0 0 0 0 0 0 0.021359 -0.065032 -0.09551 0.005623 -0.0091846 0.0075113 0 0
-0 -0 -0.030895 0 0 0 0 0 0 0 0 0 0 0.0056158 -0.017099 -0.025112 0.0016102 -0.0023463 0.0019577 0 0
0 0 0.016214 0 0 0 0 0 0 0 0 0 0 -0.0029472 0.0089734 0.013179 -0.00088179 0.0012105 -0.0010214 0 0
-0 -0 -0.15494 0 0 0 0 0 0 0 0 0 0 0.028164 -0.085751 -0.12594 0.0071233 -0.01225 0.0099339 0 0
0 0 0.1966 0 0 0 0 0 0 0 0 0 0 -0.035737 0.10881 0.1598 -0.012321 0.013611 -0.012023 0 0
0 0 0.11703 0 0 0 0 0 0 0 0 0 0 -0.021272 0.064768 0.095122 -0.006916 0.0083929 -0.0072614 0 0
-0 -0 -0.14783 0 0 0 0 0 0 0 0 0 0 0.026872 -0.081817 -0.12016 0.0068495 -0.011663 0.0094732 0 0
-0 -0 -0.044977 0 0 0 0 0 0 0 0 0 0 0.0081755 -0.024892 -0.036558 0.0023133 -0.0034326 0.0028545 0 0
-0 -0 -0.10362 0 0 0 0 0 0 0 0 0 0 0.018835 -0.057346 -0.084222 0.0050301 -0.0080637 0.0066154 0 0
0 0 0.052777 0 0 0 0 0 0 0 0 0 0 -0.0095935 0.029209 0.042898 -0.0029617 0.0038854 -0.0033079 0 0
0 0 0.21488 0 0 0 0 0 0 0 0 0 0 -0.03906 0.11892 0.17466 -0.013639 0.014749 -0.013093 0 0
0 0 0.25544 0 0 0 0 0 0 0 0 0 0 -0.046431 0.14137 0.20762 -0.01666 0.017191 -0.015431 0 0
0 0 0.10936 0 0 0 0 0 0 0 0 0 0 -0.019878 0.060523 0.088888 -0.0064243 0.0078683 -0.0067941 0 0
-0 -0 -0.066075 0 0 0 0 0 0 0 0 0 0 0.012011 -0.036568 -0.053706 0.0033302 -0.0050791 0.0042031 0 0
-0 -0 -0.26281 0 0 0 0 0 0 0 0 0 0 0.047771 -0.14545 -0.21361 0.010632 -0.021402 0.01695 0 0
-0 -0 -0.0164 0 0 0 0 0 0 0 0 0 0 0.0029811 -0.0090764 -0.01333 0.00086624 -0.0012391 0.0010374 0 0
0 0 0.0005564 0 0 0 0 0 0 0 0 0 0 -0.00010114 0.00030794 0.00045225 -2.9843e-05 4.1781e-05 -3.5122e-05 0 0
-0 -0 -0.32868 0 0 0 0 0 0 0 0 0 0 0.059745 -0.1819 -0.26715 0.012167 -0.02719 0.021235 0 0
0 0 0.33315 0 0 0 0 0 0 0 0 0 0 -0.060557 0.18438 0.27079 -0.022809 0.021534 -0.019763 0 0
-0 -0 -0.073325 0 0 0 0 0 0 0 0 0 0 0.013329 -0.040581 -0.0596 0.0036695 -0.0056502 0.0046678 0 0
-0 -0 -0.14355 0 0 0 0 0 0 0 0 0 0 0.026093 -0.079446 -0.11668 0.0066819 -0.011311 0.0091956 0 0
-0 -0 -0.20008 0 0 0 0 0 0 0 0 0 0 0.036369 -0.11073 -0.16263 0.0087399 -0.016025 0.012866 0 0
0 0 0.27036 0 0 0 0 0 0 0 0 0 0 -0.049143 0.14963 0.21975 -0.017804 0.018059 -0.016278 0 0
0 0 0.061217 0 0 0 0 0 0 0 0 0 0 -0.011128 0.03388 0.049758 -0.0034596 0.0044918 -0.0038321 0 0
-0 -0 -0.32414 0 0 0 0 0 0 0 0 0 0 0.05892 -0.17939 -0.26347 0.012076 -0.026788 0.02094 0 0
-0 -0 -0.26183 0 0 0 0 0 0 0 0 0 0 0.047594 -0.14491 -0.21282 0.010605 -0.021318 0.016887 0 0
-0 -0 -0.12811 0 0 0 0 0 0 0 0 0 0 0.023287 -0.070902 -0.10413 0.0060626 -0.010047 0.0081966 0 0
-0 -0 -0.11748 0 0 0 0 0 0 0 0 0 0 0.021354 -0.065016 -0.095487 0.0056218 -0.0091824 0.0075094 0 0
-0 -0 -0.34552 0 0 0 0 0 0 0 0 0 0 0.062806 -0.19123 -0.28084 0.012484 -0.028691 0.022327 0 0
0 0 0.077477 0 0 0 0 0 0 0 0 0 0 -0.014083 0.042879 0.062974 -0.0044373 0.005648 -0.004838 0 0
0 0 0.2408 0 0 0 0 0 0 0 0 0 0 -0.043771 0.13327 0.19573 -0.015554 0.016323 -0.014593 0 0
-0 -0 -0.10277 0 0 0 0 0 0 0 0 0 0 0.018681 -0.056877 -0.083532 0.0049933 -0.0079955 0.0065607 0 0
-0 -0 -0.24403 0 0 0 0 0 0 0 0 0 0 0.044357 -0.13505 -0.19835 0.010109 -0.019778 0.015727 0 0
-0 -0 -0.22182 0 0 0 0 0 0 0 0 0 0 0.04032 -0.12276 -0.18029 0.0094425 -0.017872 0.014281 0 0
0 0 0.096939 0 0 0 0 0 0 0 0 0 0 -0.017621 0.05365 0.078793 -0.0056393 0.0070109 -0.0060348 0 0
0 0 0.28236 0 0 0 0 0 0 0 0 0 0 -0.051326 0.15627 0.22951 -0.018738 0.018747 -0.016955 0 0
0 0 0.2884 0 0 0 0 0 0 0 0 0 0 -0.052422 0.15961 0.23441 -0.019211 0.019088 -0.017293 0 0
0 0 0.33935 0 0 0 0 0 0 0 0 0 0 -0.061684 0.18781 0.27582 -0.023319 0.021861 -0.0201 0 0
-0 -0 -0.045681 0 0 0 0 0 0 0 0 0 0 0.0083036 -0.025282 -0.03713 0.002348 -0.0034872 0.0028995 0 0
0 0 0.095944 0 0 0 0 0 0 0 0 0 0 -0.01744 0.053099 0.077985 -0.0055771 0.0069418 -0.0059738 0 0
0 0 0.2662 0 0 0 0 0 0 0 0 0 0 -0.048387 0.14732 0.21637 -0.017483 0.017819 -0.016042 0 0
0 0 0.081307 0 0 0 0 0 0 0 0 0 0 -0.014779 0.044998 0.066087 -0.0046711 0.005918 -0.0050742 0 0
0 0 0.25466 0 0 0 0 0 0 0 0 0 0 -0.04629 0.14094 0.20699 -0.016601 0.017145 -0.015386 0 0
0 0 0.26943 0 0 0 0 0 0 0 0 0 0 -0.048976 0.14912 0.219 -0.017733 0.018006 -0.016226 0 0
0 0 0.048872 0 0 0 0 0 0 0 0 0 0 -0.0088836 0.027048 0.039724 -0.0027336 0.0036034 -0.0030649 0 0
-0 -0 -0.19022 0 0 0 0 0 0 0 0 0 0 0.034578 -0.10528 -0.15462 0.008405 -0.015194 0.012225 0 0
0 0 0.19637 0 0 0 0 0 0 0 0 0 0 -0.035695 0.10868 0.15962 -0.012305 0.013596 -0.012009 0 0
-0 -0 -0.11219 0 0 0 0 0 0 0 0 0 0 0.020394 -0.062093 -0.091193 0.0053986 -0.0087549 0.0071685 0 0
0 0 0.34343 0 0 0 0 0 0 0 0 0 0 -0.062425 0.19007 0.27914 -0.023656 0.022075 -0.020321 0 0
0 0 0.34083 0 0 0 0 0 0 0 0 0 0 -0.061953 0.18863 0.27703 -0.023441 0.021939 -0.02018 0 0
0 0 0.22879 0 0 0 0 0 0 0 0 0 0 -0.041587 0.12662 0.18596 -0.01466 0.015599 -0.0139 0 0
0 0 0.23424 0 0 0 0 0 0 0 0 0 0 -0.042579 0.12964 0.1904 -0.015065 0.015929 -0.014215 0 0
-0 -0 -0.18962 0 0 0 0 0 0 0 0 0 0 0.034468 -0.10494 -0.15413 0.0083842 -0.015143 0.012186 0 0
0 0 0.13763 0 0 0 0 0 0 0 0 0 0 -0.025017 0.076169 0.11187 -0.0082625 0.0097835 -0.0085093 0 0
-0 -0 -0.10547 0 0 0 0 0 0 0 0 0 0 0.019172 -0.058373 -0.085729 0.0051104 -0.0082128 0.0067349 0 0
-0 -0 -0.0039647 0 0 0 0 0 0 0 0 0 0 0.00072067 -0.0021942 -0.0032226 0.00021179 -0.00029821 0.00025041 0 0
-0 -0 -0.18799 0 0 0 0 0 0 0 0 0 0 0.034171 -0.10404 -0.1528 0.0083276 -0.015006 0.01208 0 0
0 0 0.27095 0 0 0 0 0 0 0 0 0 0 -0.049252 0.14996 0.22023 -0.01785 0.018094 -0.016312 0 0
-0 -0 -0.00139 0 0 0 0 0 0 0 0 0 0 0.00025266 -0.00076927 -0.0011298 7.4424e-05 -0.00010445 8.7763e-05 0 0
-0 -0 -0.14225 0 0 0 0 0 0 0 0 0 0 0.025857 -0.078728 -0.11562 0.0066308 -0.011204 0.0091116 0 0
0 0 0.15697 0 0 0 0 0 0 0 0 0 0 -0.028534 0.086876 0.12759 -0.0095609 0.011065 -0.0096719 0 0
0 0 0.15296 0 0 0 0 0 0 0 0 0 0 -0.027804 0.084654 0.12433 -0.0092889 0.010801 -0.0094315 0 0
0 0 0.11417 0 0 0 0 0 0 0 0 0 0 -0.020752 0.063184 0.092795 -0.0067319 0.0081975 -0.0070871 0 0
-0 -0 -0.0066039 0 0 0 0 0 0 0 0 0 0 0.0012004 -0.0036549 -0.0053677 0.00035194 -0.00049719 0.00041724 0 0
0 0 0.011069 0 0 0 0 0 0 0 0 0 0 -0.0020121 0.0061261 0.0089971 -0.00059927 0.00082797 -0.00069777 0 0
-0 -0 -0.34591 0 0 0 0 0 0 0 0 0 0 0.062876 -0.19144 -0.28116 0.012491 -0.028725 0.022352 0 0
-0 -0 -0.049617 0 0 0 0 0 0 0 0 0 0 0.009019 -0.02746 -0.04033 0.0025407 -0.0037928 0.0031507 0 0
0 0 0.11893 0 0 0 0 0 0 0 0 0 0 -0.021617 0.065818 0.096664 -0.0070385 0.0085221 -0.0073767 0 0
-0 -0 -0.3098 0 0 0 0 0 0 0 0 0 0 0.056313 -0.17146 -0.25181 0.011774 -0.025518 0.020008 0 0
-0 -0 -0.11989 0 0 0 0 0 0 0 0 0 0 0.021793 -0.066354 -0.097451 0.005723 -0.0093783 0.0076655 0 0
-0 -0 -0.070482 0 0 0 0 0 0 0 0 0 0 0.012812 -0.039008 -0.057289 0.0035371 -0.0054259 0.0044855 0 0
-0 -0 -0.087659 0 0 0 0 0 0 0 0 0 0 0.015934 -0.048514 -0.07125 0.0043248 -0.0067866 0.0055881 0 0
0 0 0.17469 0 0 0 0 0 0 0 0 0 0 -0.031754 0.096681 0.14199 -0.010778 0.012216 -0.010728 0 0
0 0 0.014046 0 0 0 0 0 0 0 0 0 0 -0.0025532 0.0077736 0.011417 -0.00076244 0.0010495 -0.00088508 0 0
0 0 0.069266 0 0 0 0 0 0 0 0 0 0 -0.012591 0.038335 0.056301 -0.0039405 0.0050662 -0.0043307 0 0
0 0 0.2751 0 0 0 0 0 0 0 0 0 0 -0.050006 0.15225 0.22361 -0.018172 0.018332 -0.016546 0 0
-0 -0 -0.31965 0 0 0 0 0 0 0 0 0 0 0.058103 -0.17691 -0.25981 0.011984 -0.026389 0.020648 0 0
0 0 0.061939 0 0 0 0 0 0 0 0 0 0 -0.011259 0.03428 0.050345 -0.0035025 0.0045435 -0.0038769 0 0
0 0 0.23137 0 0 0 0 0 0 0 0 0 0 -0.042057 0.12805 0.18806 -0.014851 0.015756 -0.014049 0 0
-0 -0 -0.0047596 0 0 0 0 0 0 0 0 0 0 0.00086515 -0.0026341 -0.0038686 0.00025407 -0.00035809 0.00030064 0 0
-0 -0 -0.032593 0 0 0 0 0 0 0 0 0 0 0.0059246 -0.018038 -0.026492 0.001696 -0.0024768 0.0020657 0 0
0 0 0.094297 0 0 0 0 0 0 0 0 0 0 -0.017141 0.052188 0.076646 -0.0054742 0.0068272 -0.0058728 0 0
-0 -0 -0.060782 0 0 0 0 0 0 0 0 0 0 0.011048 -0.033639 -0.049404 0.0030792 -0.0046639 0.0038643 0 0
0 0 0.23126 0 0 0 0 0 0 0 0 0 0 -0.042037 0.12799 0.18797 -0.014843 0.015749 -0.014043 0 0
-0 -0 -0.007472 0 0 0 0 0 0 0 0 0 0 0.0013582 -0.0041353 -0.0060733 0.00039789 -0.00056272 0.00047214 0 0
-0 -0 -0.12805 0 0 0 0 0 0 0 0 0 0 0.023276 -0.07087 -0.10408 0.0060602 -0.010042 0.0081928 0 0
0 0 0.25095 0 0 0 0 0 0 0 0 0 0 -0.045615 0.13888 0.20397 -0.016319 0.016926 -0.015174 0 0
-0 -0 -0.21999 0 0 0 0 0 0 0 0 0 0 0.039987 -0.12175 -0.17881 0.0093852 -0.017716 0.014162 0 0
0 0 0.15425 0 0 0 0 0 0 0 0 0 0 -0.028038 0.085368 0.12538 -0.0093761 0.010886 -0.0095087 0 0
-0 -0 -0.28099 0 0 0 0 0 0 0 0 0 0 0.051076 -0.15551 -0.22839 0.011102 -0.022986 0.018134 0 0
-0 -0 -0.063728 0 0 0 0 0 0 0 0 0 0 0.011584 -0.03527 -0.051799 0.0032193 -0.0048949 0.0040528 0 0
