-0 -0 -0 0.11992 0 0 0 0 -0 0 -0 0.11286 0.010602 0.039153 0 0
-0 -0 -0 0.11709 0 0 0 0 -0 0 -0 0.11019 0.010352 0.038227 0 0
-0 -0 -0 0.14893 0 0 0 0 -0 0 -0 0.14016 0.013167 0.048624 0 0
0 0 0 0.17271 0 0 0 0 -0 0 -0 0.16253 0.015269 0.056387 0 0
0 0 0 0.15945 0 0 0 0 -0 0 -0 0.15005 0.014097 0.052056 0 0
0 0 0 0.15615 0 0 0 0 -0 0 -0 0.14695 0.013805 0.050979 0 0
0 0 0 0.15481 0 0 0 0 -0 0 -0 0.14569 0.013687 0.050543 0 0
-0 -0 -0 0.1862 0 0 0 0 -0 0 -0 0.17523 0.016462 0.060792 0 0
0 0 0 0.16362 0 0 0 0 -0 0 -0 0.15398 0.014466 0.05342 0 0
-0 -0 -0 0.065202 0 0 0 0 -0 0 -0 0.061359 0.0057644 0.021287 0 0
0 0 0 0.1765 0 0 0 0 -0 0 -0 0.16609 0.015604 0.057622 0 0
-0 -0 -0 0.0054869 0 0 0 0 -0 0 -0 0.0051635 0.00048509 0.0017914 0 0
0 0 0 0.1261 0 0 0 0 -0 0 -0 0.11867 0.011148 0.041169 0 0
-0 -0 -0 0.17773 0 0 0 0 -0 0 -0 0.16725 0.015713 0.058025 0 0
0 0 0 0.060774 0 0 0 0 -0 0 -0 0.057192 0.0053729 0.019841 0 0
-0 -0 -0 0.03655 0 0 0 0 -0 0 -0 0.034396 0.0032314 0.011933 0 0
-0 -0 -0 0.17981 0 0 0 0 -0 0 -0 0.16921 0.015897 0.058704 0 0
-0 -0 -0 0.010448 0 0 0 0 -0 0 -0 0.0098325 0.00092372 0.0034111 0 0
-0 -0 -0 0.038833 0 0 0 0 -0 0 -0 0.036544 0.0034332 0.012678 0 0
0 0 0 0.076211 0 0 0 0 -0 0 -0 0.071719 0.0067377 0.024881 0 0
-0 -0 -0 0.0080929 0 0 0 0 -0 0 -0 0.0076159 0.00071549 0.0026422 0 0
-0 -0 -0 0.029366 0 0 0 0 -0 0 -0 0.027635 0.0025962 0.0095874 0 0
-0 -0 -0 0.13552 0 0 0 0 -0 0 -0 0.12754 0.011982 0.044246 0 0
-0 -0 -0 0.13912 0 0 0 0 -0 0 -0 0.13092 0.0123 0.04542 0 0
-0 -0 -0 0.15612 0 0 0 0 -0 0 -0 0.14692 0.013802 0.050969 0 0
-0 -0 -0 0.030745 0 0 0 0 -0 0 -0 0.028933 0.0027181 0.010038 0 0
-0 -0 -0 0.064983 0 0 0 0 -0 0 -0 0.061153 0.0057451 0.021216 0 0
-0 -0 -0 0.091276 0 0 0 0 -0 0 -0 0.085896 0.0080696 0.0298 0 0
-0 -0 -0 0.19852 0 0 0 0 -0 0 -0 0.18682 0.017551 0.064811 0 0
0 0 0 0.19818 0 0 0 0 -0 0 -0 0.1865 0.017521 0.064701 0 0
0 0 0 0.087662 0 0 0 0 -0 0 -0 0.082496 0.0077501 0.02862 0 0
-0 -0 -0 0.048686 0 0 0 0 -0 0 -0 0.045817 0.0043043 0.015895 0 0
0 0 0 0.17439 0 0 0 0 -0 0 -0 0.16411 0.015417 0.056934 0 0
-0 -0 -0 0.055956 0 0 0 0 -0 0 -0 0.052658 0.004947 0.018268 0 0
-0 -0 -0 0.1599 0 0 0 0 -0 0 -0 0.15048 0.014137 0.052204 0 0
-0 -0 -0 0.17254 0 0 0 0 -0 0 -0 0.16237 0.015254 0.05633 0 0
-0 -0 -0 0.19831 0 0 0 0 -0 0 -0 0.18663 0.017533 0.064746 0 0
-0 -0 -0 0.11542 0 0 0 0 -0 0 -0 0.10861 0.010204 0.037681 0 0
0 0 0 0.084914 0 0 0 0 -0 0 -0 0.079909 0.0075071 0.027723 0 0
0 0 0 0.10681 0 0 0 0 -0 0 -0 0.10052 0.0094433 0.034872 0 0
-0 -0 -0 0.19528 0 0 0 0 -0 0 -0 0.18377 0.017265 0.063755 0 0
0 0 0 0.063586 0 0 0 0 -0 0 -0 0.059838 0.0056216 0.02076 0 0
0 0 0 0.02 0 0 0 0 -0 0 -0 0.018821 0.0017682 0.0065296 0 0
-0 -0 -0 0.060911 0 0 0 0 -0 0 -0 0.057321 0.0053851 0.019886 0 0
-0 -0 -0 0.023376 0 0 0 0 -0 0 -0 0.021999 0.0020667 0.0076319 0 0
0 0 0 0.13497 0 0 0 0 -0 0 -0 0.12701 0.011933 0.044065 0 0
0 0 0 0.13573 0 0 0 0 -0 0 -0 0.12773 0.012 0.044314 0 0
-0 -0 -0 0.031102 0 0 0 0 -0 0 -0 0.029269 0.0027497 0.010154 0 0
-0 -0 -0 0.1328 0 0 0 0 -0 0 -0 0.12497 0.011741 0.043357 0 0
-0 -0 -0 0.15517 0 0 0 0 -0 0 -0 0.14602 0.013718 0.050658 0 0
0 0 0 0.073158 0 0 0 0 -0 0 -0 0.068846 0.0064678 0.023884 0 0
-0 -0 -0 0.048148 0 0 0 0 -0 0 -0 0.04531 0.0042567 0.015719 0 0
-0 -0 -0 0.19622 0 0 0 0 -0 0 -0 0.18466 0.017348 0.064062 0 0
0 0 0 0.10288 0 0 0 0 -0 0 -0 0.096819 0.0090957 0.033589 0 0
0 0 0 0.19953 0 0 0 0 -0 0 -0 0.18777 0.01764 0.065142 0 0
-0 -0 -0 0.028236 0 0 0 0 -0 0 -0 0.026571 0.0024963 0.0092183 0 0
-0 -0 -0 0.18954 0 0 0 0 -0 0 -0 0.17837 0.016757 0.061881 0 0
-0 -0 -0 0.032187 0 0 0 0 -0 0 -0 0.03029 0.0028456 0.010508 0 0
-0 -0 -0 0.019354 0 0 0 0 -0 0 -0 0.018214 0.0017111 0.0063188 0 0
-0 -0 -0 0.1361 0 0 0 0 -0 0 -0 0.12808 0.012033 0.044434 0 0
-0 -0 -0 0.12549 0 0 0 0 -0 0 -0 0.11809 0.011094 0.04097 0 0
-0 -0 -0 0.10144 0 0 0 0 -0 0 -0 0.095463 0.0089684 0.033119 0 0
-0 -0 -0 0.12078 0 0 0 0 -0 0 -0 0.11366 0.010678 0.039432 0 0
-0 -0 -0 0.16023 0 0 0 0 -0 0 -0 0.15078 0.014165 0.052311 0 0
0 0 0 0.06722 0 0 0 0 -0 0 -0 0.063258 0.0059429 0.021946 0 0
-0 -0 -0 0.069243 0 0 0 0 -0 0 -0 0.065162 0.0061217 0.022606 0 0
-0 -0 -0 0.17894 0 0 0 0 -0 0 -0 0.16839 0.01582 0.058419 0 0
0 0 0 0.063105 0 0 0 0 -0 0 -0 0.059386 0.0055791 0.020603 0 0
0 0 0 0.13564 0 0 0 0 -0 0 -0 0.12764 0.011991 0.044282 0 0
0 0 0 0.037529 0 0 0 0 -0 0 -0 0.035317 0.0033179 0.012252 0 0
-0 -0 -0 0.088448 0 0 0 0 -0 0 -0 0.083235 0.0078196 0.028876 0 0
0 0 0 0.061068 0 0 0 0 -0 0 -0 0.057469 0.005399 0.019937 0 0
-0 -0 -0 0.082427 0 0 0 0 -0 0 -0 0.077568 0.0072873 0.026911 0 0
-0 -0 -0 0.015793 0 0 0 0 -0 0 -0 0.014862 0.0013963 0.0051561 0 0
-0 -0 -0 0.17802 0 0 0 0 -0 0 -0 0.16752 0.015738 0.058118 0 0
-0 -0 -0 0.079588 0 0 0 0 -0 0 -0 0.074897 0.0070363 0.025984 0 0
-0 -0 -0 0.16026 0 0 0 0 -0 0 -0 0.15081 0.014168 0.052321 0 0
0 0 0 0.16662 0 0 0 0 -0 0 -0 0.1568 0.014731 0.054399 0 0
0 0 0 0.14858 0 0 0 0 -0 0 -0 0.13983 0.013136 0.04851 0 0
0 0 0 0.055269 0 0 0 0 -0 0 -0 0.052011 0.0048863 0.018044 0 0
-0 -0 -0 0.056384 0 0 0 0 -0 0 -0 0.053061 0.0049849 0.018408 0 0
0 0 0 0.023693 0 0 0 0 -0 0 -0 0.022297 0.0020947 0.0077353 0 0
-0 -0 -0 0.049695 0 0 0 0 -0 0 -0 0.046766 0.0043935 0.016225 0 0
-0 -0 -0 0.14294 0 0 0 0 -0 0 -0 0.13451 0.012637 0.046667 0 0
0 0 0 0.059312 0 0 0 0 -0 0 -0 0.055816 0.0052437 0.019364 0 0
-0 -0 -0 0.01382 0 0 0 0 -0 0 -0 0.013005 0.0012218 0.0045119 0 0
-0 -0 -0 0.18239 0 0 0 0 -0 0 -0 0.17164 0.016125 0.059545 0 0
-0 -0 -0 0.13701 0 0 0 0 -0 0 -0 0.12894 0.012113 0.044732 0 0
-0 -0 -0 0.10105 0 0 0 0 -0 0 -0 0.095095 0.0089338 0.032991 0 0
0 0 0 0.073871 0 0 0 0 -0 0 -0 0.069517 0.0065309 0.024117 0 0
-0 -0 -0 0.17647 0 0 0 0 -0 0 -0 0.16607 0.015601 0.057613 0 0
-0 -0 -0 0.026552 0 0 0 0 -0 0 -0 0.024987 0.0023474 0.0086687 0 0
-0 -0 -0 0.13468 0 0 0 0 -0 0 -0 0.12674 0.011907 0.04397 0 0
-0 -0 -0 0.021253 0 0 0 0 -0 0 -0 0.02 0.0018789 0.0069386 0 0
-0 -0 -0 0.18501 0 0 0 0 -0 0 -0 0.1741 0.016356 0.060401 0 0
0 0 0 0.05174 0 0 0 0 -0 0 -0 0.04869 0.0045743 0.016892 0 0
-0 -0 -0 0.15104 0 0 0 0 -0 0 -0 0.14214 0.013353 0.049311 0 0
0 0 0 0.15632 0 0 0 0 -0 0 -0 0.14711 0.01382 0.051036 0 0
0 0 0 0.0065672 0 0 0 0 -0 0 -0 0.0061801 0.0005806 0.0021441 0 0
-0 -0 -0 0.14755 0 0 0 0 -0 0 -0 0.13885 0.013044 0.048171 0 0
