-0 -0 -0.18971 0 0 0 0 0 0 0 0 0 0 0.061937 -0.092906 -0.15337 0.0087938 5.5484e-05 0.0035176 0 0
-0 -0 -0.062527 0 0 0 0 0 0 0 0 0 0 0.020414 -0.030621 -0.05055 0.0029315 0.00019147 0.0010679 0 0
-0 -0 -0.09348 0 0 0 0 0 0 0 0 0 0 0.030519 -0.045779 -0.075573 0.0043728 0.00022327 0.0016306 0 0
-0 -0 -0.15548 0 0 0 0 0 0 0 0 0 0 0.050761 -0.076142 -0.1257 0.0072331 0.00016137 0.0028232 0 0
-0 -0 -0.022711 0 0 0 0 0 0 0 0 0 0 0.0074146 -0.011122 -0.018361 0.0010674 8.92e-05 0.00037701 0 0
-0 -0 -0.056555 0 0 0 0 0 0 0 0 0 0 0.018464 -0.027696 -0.045722 0.0026526 0.00018053 0.00096186 0 0
0 0 0.039067 0 0 0 0 0 0 0 0 0 0 -0.012755 0.019132 0.031584 -0.0018411 -0.00020574 -0.00061889 0 0
-0 -0 -0.32375 0 0 0 0 0 0 0 0 0 0 0.1057 -0.15854 -0.26173 0.014739 -0.00084678 0.006465 0 0
0 0 0.12996 0 0 0 0 0 0 0 0 0 0 -0.042429 0.063643 0.10506 -0.006135 -0.00093857 -0.001909 0 0
0 0 0.12333 0 0 0 0 0 0 0 0 0 0 -0.040264 0.060396 0.099704 -0.0058218 -0.00087319 -0.0018221 0 0
0 0 0.34851 0 0 0 0 0 0 0 0 0 0 -0.11378 0.17067 0.28176 -0.016334 -0.0041169 -0.0041026 0 0
-0 -0 -0.34282 0 0 0 0 0 0 0 0 0 0 0.11192 -0.16788 -0.27715 0.015559 -0.0010377 0.0069119 0 0
0 0 0.30733 0 0 0 0 0 0 0 0 0 0 -0.10034 0.15051 0.24846 -0.014442 -0.0033694 -0.003791 0 0
0 0 0.0034984 0 0 0 0 0 0 0 0 0 0 -0.0011422 0.0017133 0.0028283 -0.00016464 -1.573e-05 -5.6959e-05 0 0
-0 -0 -0.10167 0 0 0 0 0 0 0 0 0 0 0.033193 -0.04979 -0.082195 0.0047528 0.0002247 0.0017833 0 0
0 0 0.13923 0 0 0 0 0 0 0 0 0 0 -0.045455 0.068183 0.11256 -0.0065728 -0.0010331 -0.0020285 0 0
0 0 0.036417 0 0 0 0 0 0 0 0 0 0 -0.011889 0.017834 0.029441 -0.0017161 -0.0001897 -0.0005781 0 0
0 0 0.14107 0 0 0 0 0 0 0 0 0 0 -0.046057 0.069085 0.11405 -0.0066597 -0.0010524 -0.002052 0 0
0 0 0.12836 0 0 0 0 0 0 0 0 0 0 -0.041908 0.062862 0.10378 -0.0060597 -0.00092268 -0.0018882 0 0
0 0 0.079058 0 0 0 0 0 0 0 0 0 0 -0.025811 0.038716 0.063914 -0.0037298 -0.00048457 -0.0012127 0 0
0 0 0.065144 0 0 0 0 0 0 0 0 0 0 -0.021268 0.031902 0.052666 -0.0030724 -0.00037975 -0.0010107 0 0
0 0 0.016906 0 0 0 0 0 0 0 0 0 0 -0.0055194 0.0082791 0.013667 -0.00079606 -8.0925e-05 -0.00027246 0 0
-0 -0 -0.17171 0 0 0 0 0 0 0 0 0 0 0.05606 -0.08409 -0.13882 0.0079748 0.00011752 0.0031493 0 0
0 0 0.14046 0 0 0 0 0 0 0 0 0 0 -0.045859 0.068788 0.11356 -0.0066311 -0.001046 -0.0020443 0 0
-0 -0 -0.17889 0 0 0 0 0 0 0 0 0 0 0.058403 -0.087604 -0.14462 0.0083018 9.4478e-05 0.0032953 0 0
0 0 0.2992 0 0 0 0 0 0 0 0 0 0 -0.097682 0.14652 0.24188 -0.014065 -0.0032297 -0.0037237 0 0
0 0 0.021264 0 0 0 0 0 0 0 0 0 0 -0.0069423 0.010414 0.017191 -0.0010015 -0.0001038 -0.00034156 0 0
-0 -0 -0.3372 0 0 0 0 0 0 0 0 0 0 0.11009 -0.16513 -0.27261 0.015318 -0.00097985 0.0067796 0 0
-0 -0 -0.24509 0 0 0 0 0 0 0 0 0 0 0.080015 -0.12002 -0.19814 0.011285 -0.00022345 0.0046926 0 0
0 0 0.012241 0 0 0 0 0 0 0 0 0 0 -0.0039964 0.0059947 0.0098962 -0.00057629 -5.7359e-05 -0.00019798 0 0
0 0 0.28684 0 0 0 0 0 0 0 0 0 0 -0.093648 0.14047 0.2319 -0.013493 -0.0030226 -0.003618 0 0
-0 -0 -0.043481 0 0 0 0 0 0 0 0 0 0 0.014196 -0.021294 -0.035152 0.0020411 0.00015116 0.00073271 0 0
-0 -0 -0.19154 0 0 0 0 0 0 0 0 0 0 0.062535 -0.093802 -0.15485 0.0088768 4.8386e-05 0.0035555 0 0
-0 -0 -0.1734 0 0 0 0 0 0 0 0 0 0 0.056612 -0.084918 -0.14019 0.008052 0.00011229 0.0031837 0 0
0 0 0.13403 0 0 0 0 0 0 0 0 0 0 -0.043757 0.065636 0.10835 -0.0063272 -0.00097963 -0.0019617 0 0
-0 -0 -0.037298 0 0 0 0 0 0 0 0 0 0 0.012177 -0.018265 -0.030153 0.0017515 0.00013467 0.00062574 0 0
-0 -0 -0.026434 0 0 0 0 0 0 0 0 0 0 0.0086303 -0.012945 -0.021371 0.0012421 0.00010169 0.00044002 0 0
0 0 0.10636 0 0 0 0 0 0 0 0 0 0 -0.034724 0.052087 0.085987 -0.0050201 -0.00071435 -0.0015946 0 0
0 0 0.093856 0 0 0 0 0 0 0 0 0 0 -0.030642 0.045963 0.075878 -0.0044292 -0.00060516 -0.0014221 0 0
-0 -0 -0.12778 0 0 0 0 0 0 0 0 0 0 0.041719 -0.062578 -0.10331 0.0059602 0.00020973 0.0022799 0 0
0 0 0.13654 0 0 0 0 0 0 0 0 0 0 -0.044577 0.066865 0.11038 -0.0064457 -0.0010053 -0.001994 0 0
0 0 0.22815 0 0 0 0 0 0 0 0 0 0 -0.074487 0.11173 0.18445 -0.010757 -0.0021237 -0.0030576 0 0
0 0 0.3343 0 0 0 0 0 0 0 0 0 0 -0.10914 0.16371 0.27026 -0.015683 -0.0038512 -0.0040005 0 0
-0 -0 -0.029171 0 0 0 0 0 0 0 0 0 0 0.0095237 -0.014286 -0.023583 0.0013705 0.00011048 0.00048653 0 0
0 0 0.25136 0 0 0 0 0 0 0 0 0 0 -0.082063 0.12309 0.20321 -0.011842 -0.0024623 -0.0032906 0 0
-0 -0 -0.29016 0 0 0 0 0 0 0 0 0 0 0.094732 -0.1421 -0.23458 0.013277 -0.00054823 0.005694 0 0
-0 -0 -0.078324 0 0 0 0 0 0 0 0 0 0 0.025571 -0.038357 -0.06332 0.003668 0.00021291 0.0013523 0 0
-0 -0 -0.15201 0 0 0 0 0 0 0 0 0 0 0.049628 -0.074442 -0.12289 0.0070741 0.00016926 0.0027542 0 0
0 0 0.18634 0 0 0 0 0 0 0 0 0 0 -0.060835 0.091252 0.15064 -0.0087935 -0.0015697 -0.0026003 0 0
0 0 0.23749 0 0 0 0 0 0 0 0 0 0 -0.077535 0.1163 0.192 -0.011194 -0.0022573 -0.0031532 0 0
-0 -0 -0.24056 0 0 0 0 0 0 0 0 0 0 0.078539 -0.11781 -0.19448 0.011083 -0.00019569 0.0045943 0 0
-0 -0 -0.040233 0 0 0 0 0 0 0 0 0 0 0.013135 -0.019703 -0.032526 0.001889 0.0001427 0.00067639 0 0
0 0 0.21128 0 0 0 0 0 0 0 0 0 0 -0.068977 0.10347 0.17081 -0.0099657 -0.0018914 -0.0028788 0 0
0 0 0.097554 0 0 0 0 0 0 0 0 0 0 -0.031849 0.047774 0.078867 -0.0046039 -0.00063675 -0.0014735 0 0
-0 -0 -0.0018314 0 0 0 0 0 0 0 0 0 0 0.0005979 -0.00089686 -0.0014806 8.6164e-05 8.0228e-06 2.9936e-05 0 0
-0 -0 -0.21506 0 0 0 0 0 0 0 0 0 0 0.070213 -0.10532 -0.17387 0.0099397 -5.5733e-05 0.0040477 0 0
-0 -0 -0.18803 0 0 0 0 0 0 0 0 0 0 0.061388 -0.092082 -0.15201 0.0087175 6.1873e-05 0.0034829 0 0
0 0 0.053687 0 0 0 0 0 0 0 0 0 0 -0.017528 0.026291 0.043403 -0.0025313 -0.00029969 -0.00084068 0 0
0 0 0.24144 0 0 0 0 0 0 0 0 0 0 -0.078824 0.11824 0.19519 -0.011378 -0.0023148 -0.0031928 0 0
-0 -0 -0.13043 0 0 0 0 0 0 0 0 0 0 0.042583 -0.063875 -0.10545 0.0060823 0.00020655 0.0023311 0 0
0 0 0.069696 0 0 0 0 0 0 0 0 0 0 -0.022754 0.034131 0.056345 -0.0032875 -0.00041313 -0.0010773 0 0
0 0 0.022758 0 0 0 0 0 0 0 0 0 0 -0.0074301 0.011145 0.018399 -0.0010719 -0.00011182 -0.00036513 0 0
0 0 0.11381 0 0 0 0 0 0 0 0 0 0 -0.037156 0.055734 0.092009 -0.0053721 -0.00078257 -0.0016954 0 0
0 0 0.1638 0 0 0 0 0 0 0 0 0 0 -0.053478 0.080217 0.13243 -0.0077322 -0.0013014 -0.0023342 0 0
0 0 0.12645 0 0 0 0 0 0 0 0 0 0 -0.041284 0.061926 0.10223 -0.0059695 -0.00090378 -0.0018632 0 0
0 0 0.05337 0 0 0 0 0 0 0 0 0 0 -0.017424 0.026136 0.043147 -0.0025163 -0.00029756 -0.00083593 0 0
-0 -0 -0.26097 0 0 0 0 0 0 0 0 0 0 0.085202 -0.1278 -0.21098 0.011991 -0.00032793 0.005041 0 0
-0 -0 -0.068656 0 0 0 0 0 0 0 0 0 0 0.022415 -0.033622 -0.055505 0.0032175 0.00020108 0.0011775 0 0
0 0 0.0032373 0 0 0 0 0 0 0 0 0 0 -0.0010569 0.0015854 0.0026172 -0.00015235 -1.4537e-05 -5.2717e-05 0 0
-0 -0 -0.306 0 0 0 0 0 0 0 0 0 0 0.099903 -0.14985 -0.24739 0.013969 -0.00068303 0.006055 0 0
-0 -0 -0.30922 0 0 0 0 0 0 0 0 0 0 0.10096 -0.15143 -0.24999 0.01411 -0.00071179 0.0061291 0 0
-0 -0 -0.31693 0 0 0 0 0 0 0 0 0 0 0.10347 -0.15521 -0.25622 0.014444 -0.00078231 0.0063069 0 0
0 0 0.058948 0 0 0 0 0 0 0 0 0 0 -0.019245 0.028868 0.047657 -0.0027798 -0.00033576 -0.00091918 0 0
0 0 0.21656 0 0 0 0 0 0 0 0 0 0 -0.070703 0.10605 0.17508 -0.010214 -0.0019628 -0.0029356 0 0
0 0 0.1905 0 0 0 0 0 0 0 0 0 0 -0.062193 0.09329 0.15401 -0.0089893 -0.0016215 -0.002648 0 0
0 0 0.17659 0 0 0 0 0 0 0 0 0 0 -0.057654 0.086481 0.14277 -0.0083349 -0.0014511 -0.0024869 0 0
0 0 0.29476 0 0 0 0 0 0 0 0 0 0 -0.096234 0.14435 0.2383 -0.01386 -0.0031547 -0.0036863 0 0
-0 -0 -0.12466 0 0 0 0 0 0 0 0 0 0 0.040698 -0.061047 -0.10078 0.005816 0.00021308 0.0022196 0 0
0 0 0.28869 0 0 0 0 0 0 0 0 0 0 -0.094252 0.14138 0.23339 -0.013579 -0.0030533 -0.0036341 0 0
0 0 0.18443 0 0 0 0 0 0 0 0 0 0 -0.060214 0.090321 0.14911 -0.0087041 -0.0015462 -0.0025784 0 0
0 0 0.029105 0 0 0 0 0 0 0 0 0 0 -0.0095022 0.014253 0.02353 -0.0013712 -0.00014701 -0.00046467 0 0
-0 -0 -0.16402 0 0 0 0 0 0 0 0 0 0 0.053548 -0.080321 -0.1326 0.0076235 0.00013974 0.002994 0 0
0 0 0.01328 0 0 0 0 0 0 0 0 0 0 -0.0043356 0.0065034 0.010736 -0.00062523 -6.2526e-05 -0.00021462 0 0
-0 -0 -0.098456 0 0 0 0 0 0 0 0 0 0 0.032144 -0.048216 -0.079597 0.0046038 0.00022448 0.0017232 0 0
0 0 0.14054 0 0 0 0 0 0 0 0 0 0 -0.045884 0.068826 0.11362 -0.0066348 -0.0010468 -0.0020452 0 0
0 0 0.22211 0 0 0 0 0 0 0 0 0 0 -0.072515 0.10877 0.17957 -0.010474 -0.0020392 -0.0029945 0 0
-0 -0 -0.17026 0 0 0 0 0 0 0 0 0 0 0.055586 -0.08338 -0.13765 0.0079087 0.00012191 0.00312 0 0
0 0 0.018194 0 0 0 0 0 0 0 0 0 0 -0.0059398 0.0089097 0.014709 -0.00085675 -8.7597e-05 -0.00029292 0 0
-0 -0 -0.24037 0 0 0 0 0 0 0 0 0 0 0.078475 -0.11771 -0.19432 0.011074 -0.00019451 0.00459 0 0
0 0 0.30905 0 0 0 0 0 0 0 0 0 0 -0.1009 0.15135 0.24985 -0.014521 -0.0033993 -0.003805 0 0
-0 -0 -0.28534 0 0 0 0 0 0 0 0 0 0 0.093159 -0.13974 -0.23069 0.013066 -0.00050934 0.0055851 0 0
-0 -0 -0.22478 0 0 0 0 0 0 0 0 0 0 0.073386 -0.11008 -0.18172 0.010377 -0.00010576 0.0042545 0 0
-0 -0 -0.12067 0 0 0 0 0 0 0 0 0 0 0.039396 -0.059094 -0.097555 0.005632 0.00021675 0.0021431 0 0
0 0 0.15998 0 0 0 0 0 0 0 0 0 0 -0.05223 0.078345 0.12933 -0.0075519 -0.001258 -0.0022877 0 0
-0 -0 -0.16225 0 0 0 0 0 0 0 0 0 0 0.052972 -0.079457 -0.13117 0.0075429 0.00014447 0.0029586 0 0
0 0 0.29795 0 0 0 0 0 0 0 0 0 0 -0.097276 0.14591 0.24088 -0.014008 -0.0032086 -0.0037133 0 0
-0 -0 -0.29431 0 0 0 0 0 0 0 0 0 0 0.096085 -0.14413 -0.23793 0.013459 -0.00058245 0.005788 0 0
-0 -0 -0.30636 0 0 0 0 0 0 0 0 0 0 0.10002 -0.15003 -0.24767 0.013985 -0.00068619 0.0060632 0 0
0 0 0.17945 0 0 0 0 0 0 0 0 0 0 -0.058586 0.087879 0.14507 -0.0084693 -0.0014854 -0.0025204 0 0
-0 -0 -0.21592 0 0 0 0 0 0 0 0 0 0 0.070492 -0.10574 -0.17456 0.0099781 -5.9965e-05 0.0040658 0 0
