-0 -0 -0.13379 0 0 0 0 0 0 0 0 0 0 0.043678 -0.065517 -0.10816 0.01568 -0.016867 0.016549 0 0
0 0 0.21343 0 0 0 0 0 0 0 0 0 0 -0.069681 0.10452 0.17255 -0.030595 0.021497 -0.025377 0 0
-0 -0 -0.22548 0 0 0 0 0 0 0 0 0 0 0.073615 -0.11042 -0.18229 0.024686 -0.029753 0.027992 0 0
0 0 0.20458 0 0 0 0 0 0 0 0 0 0 -0.066792 0.10019 0.16539 -0.029204 0.020749 -0.024362 0 0
-0 -0 -0.25013 0 0 0 0 0 0 0 0 0 0 0.081662 -0.12249 -0.20222 0.026853 -0.033384 0.031067 0 0
-0 -0 -0.030065 0 0 0 0 0 0 0 0 0 0 0.0098155 -0.014723 -0.024306 0.0037748 -0.0035772 0.0036913 0 0
-0 -0 -0.055513 0 0 0 0 0 0 0 0 0 0 0.018124 -0.027186 -0.044879 0.0068585 -0.006704 0.0068307 0 0
0 0 0.016125 0 0 0 0 0 0 0 0 0 0 -0.0052646 0.0078969 0.013037 -0.0020824 0.0018655 -0.001971 0 0
-0 -0 -0.077206 0 0 0 0 0 0 0 0 0 0 0.025206 -0.037809 -0.062417 0.0094046 -0.0094393 0.0095158 0 0
0 0 0.047049 0 0 0 0 0 0 0 0 0 0 -0.01536 0.023041 0.038037 -0.0061861 0.0053368 -0.005731 0 0
-0 -0 -0.092402 0 0 0 0 0 0 0 0 0 0 0.030167 -0.045251 -0.074702 0.011142 -0.011393 0.011401 0 0
-0 -0 -0.12476 0 0 0 0 0 0 0 0 0 0 0.04073 -0.061095 -0.10086 0.014714 -0.015654 0.015424 0 0
-0 -0 -0.26196 0 0 0 0 0 0 0 0 0 0 0.085523 -0.12829 -0.21178 0.027854 -0.035151 0.032541 0 0
-0 -0 -0.10524 0 0 0 0 0 0 0 0 0 0 0.034358 -0.051537 -0.085079 0.012581 -0.013067 0.012996 0 0
0 0 0.062293 0 0 0 0 0 0 0 0 0 0 -0.020337 0.030506 0.050361 -0.0082615 0.006996 -0.0075741 0 0
-0 -0 -0.054116 0 0 0 0 0 0 0 0 0 0 0.017668 -0.026502 -0.04375 0.0066919 -0.0065301 0.006658 0 0
-0 -0 -0.23408 0 0 0 0 0 0 0 0 0 0 0.076423 -0.11464 -0.18924 0.025455 -0.031013 0.029066 0 0
0 0 0.094144 0 0 0 0 0 0 0 0 0 0 -0.030736 0.046104 0.076111 -0.012707 0.010349 -0.011401 0 0
0 0 0.19403 0 0 0 0 0 0 0 0 0 0 -0.063347 0.09502 0.15686 -0.027558 0.019839 -0.023147 0 0
-0 -0 -0.10709 0 0 0 0 0 0 0 0 0 0 0.034962 -0.052444 -0.086576 0.012786 -0.01331 0.013226 0 0
-0 -0 -0.22544 0 0 0 0 0 0 0 0 0 0 0.073601 -0.1104 -0.18226 0.024682 -0.029747 0.027987 0 0
-0 -0 -0.080389 0 0 0 0 0 0 0 0 0 0 0.026245 -0.039368 -0.06499 0.0097718 -0.009846 0.0099104 0 0
0 0 0.30887 0 0 0 0 0 0 0 0 0 0 -0.10084 0.15126 0.2497 -0.046186 0.028735 -0.036057 0 0
-0 -0 -0.13734 0 0 0 0 0 0 0 0 0 0 0.044838 -0.067257 -0.11103 0.016056 -0.017347 0.016992 0 0
-0 -0 -0.029507 0 0 0 0 0 0 0 0 0 0 0.0096334 -0.01445 -0.023855 0.0037061 -0.0035097 0.0036227 0 0
0 0 0.002008 0 0 0 0 0 0 0 0 0 0 -0.00065557 0.00098336 0.0016234 -0.00025713 0.00023434 -0.00024579 0 0
0 0 0.065799 0 0 0 0 0 0 0 0 0 0 -0.021482 0.032223 0.053195 -0.0087436 0.0073725 -0.0079969 0 0
-0 -0 -0.047583 0 0 0 0 0 0 0 0 0 0 0.015535 -0.023302 -0.038468 0.0059086 -0.00572 0.005851 0 0
0 0 0.33358 0 0 0 0 0 0 0 0 0 0 -0.10891 0.16336 0.26969 -0.05039 0.030356 -0.038738 0 0
0 0 0.22831 0 0 0 0 0 0 0 0 0 0 -0.07454 0.11181 0.18458 -0.032955 0.022726 -0.027075 0 0
0 0 0.17613 0 0 0 0 0 0 0 0 0 0 -0.057502 0.086254 0.14239 -0.024799 0.018256 -0.021073 0 0
0 0 0.21216 0 0 0 0 0 0 0 0 0 0 -0.069267 0.1039 0.17152 -0.030395 0.02139 -0.025232 0 0
0 0 0.0013238 0 0 0 0 0 0 0 0 0 0 -0.00043219 0.00064829 0.0010702 -0.00016945 0.00015456 -0.00016205 0 0
-0 -0 -0.22425 0 0 0 0 0 0 0 0 0 0 0.073213 -0.10982 -0.18129 0.024575 -0.029574 0.027838 0 0
-0 -0 -0.0063034 0 0 0 0 0 0 0 0 0 0 0.0020579 -0.0030869 -0.0050959 0.00080311 -0.00073937 0.0007722 0 0
0 0 0.18475 0 0 0 0 0 0 0 0 0 0 -0.060318 0.090477 0.14936 -0.026123 0.019025 -0.022074 0 0
-0 -0 -0.074617 0 0 0 0 0 0 0 0 0 0 0.024361 -0.036541 -0.060324 0.0091048 -0.0091096 0.009195 0 0
-0 -0 -0.28523 0 0 0 0 0 0 0 0 0 0 0.093122 -0.13968 -0.2306 0.029749 -0.038671 0.035439 0 0
-0 -0 -0.21168 0 0 0 0 0 0 0 0 0 0 0.069108 -0.10366 -0.17113 0.023425 -0.027749 0.026269 0 0
0 0 0.34189 0 0 0 0 0 0 0 0 0 0 -0.11162 0.16743 0.2764 -0.051817 0.030877 -0.039629 0 0
-0 -0 -0.10635 0 0 0 0 0 0 0 0 0 0 0.034722 -0.052083 -0.08598 0.012704 -0.013214 0.013134 0 0
-0 -0 -0.18148 0 0 0 0 0 0 0 0 0 0 0.059251 -0.088877 -0.14672 0.020548 -0.023444 0.0225 0 0
0 0 0.22012 0 0 0 0 0 0 0 0 0 0 -0.071864 0.1078 0.17795 -0.031652 0.022054 -0.026141 0 0
-0 -0 -0.34471 0 0 0 0 0 0 0 0 0 0 0.11254 -0.16881 -0.27868 0.034136 -0.047919 0.042812 0 0
0 0 0.03515 0 0 0 0 0 0 0 0 0 0 -0.011476 0.017214 0.028417 -0.00459 0.0040177 -0.0042874 0 0
0 0 0.13847 0 0 0 0 0 0 0 0 0 0 -0.045209 0.067813 0.11195 -0.019132 0.014756 -0.016665 0 0
-0 -0 -0.14572 0 0 0 0 0 0 0 0 0 0 0.047575 -0.071363 -0.11781 0.016935 -0.018487 0.018037 0 0
0 0 0.21528 0 0 0 0 0 0 0 0 0 0 -0.070283 0.10542 0.17404 -0.030886 0.021651 -0.025588 0 0
0 0 0.20756 0 0 0 0 0 0 0 0 0 0 -0.067764 0.10165 0.1678 -0.029671 0.021002 -0.024704 0 0
0 0 0.27893 0 0 0 0 0 0 0 0 0 0 -0.091064 0.1366 0.2255 -0.041182 0.02663 -0.032762 0 0
-0 -0 -0.016115 0 0 0 0 0 0 0 0 0 0 0.0052612 -0.0078918 -0.013028 0.0020409 -0.0019015 0.001976 0 0
-0 -0 -0.32924 0 0 0 0 0 0 0 0 0 0 0.10749 -0.16123 -0.26617 0.033058 -0.045479 0.040899 0 0
0 0 0.29656 0 0 0 0 0 0 0 0 0 0 -0.096822 0.14523 0.23976 -0.044117 0.027888 -0.034709 0 0
0 0 0.065709 0 0 0 0 0 0 0 0 0 0 -0.021453 0.032179 0.053122 -0.0087312 0.0073629 -0.0079861 0 0
-0 -0 -0.069499 0 0 0 0 0 0 0 0 0 0 0.02269 -0.034035 -0.056187 0.0085089 -0.0084603 0.008561 0 0
0 0 0.089313 0 0 0 0 0 0 0 0 0 0 -0.029159 0.043738 0.072205 -0.012023 0.0098506 -0.010822 0 0
0 0 0.2441 0 0 0 0 0 0 0 0 0 0 -0.079692 0.11954 0.19734 -0.035488 0.023989 -0.028863 0 0
-0 -0 -0.0068193 0 0 0 0 0 0 0 0 0 0 0.0022263 -0.0033395 -0.005513 0.00086857 -0.00080014 0.00083544 0 0
0 0 0.16314 0 0 0 0 0 0 0 0 0 0 -0.053262 0.079893 0.13189 -0.022823 0.017074 -0.01956 0 0
0 0 0.033919 0 0 0 0 0 0 0 0 0 0 -0.011074 0.016611 0.027421 -0.0044261 0.0038801 -0.0041378 0 0
-0 -0 -0.10647 0 0 0 0 0 0 0 0 0 0 0.03476 -0.05214 -0.086075 0.012717 -0.013229 0.013149 0 0
-0 -0 -0.12226 0 0 0 0 0 0 0 0 0 0 0.039917 -0.059875 -0.098844 0.014446 -0.015321 0.015114 0 0
-0 -0 -0.12117 0 0 0 0 0 0 0 0 0 0 0.039559 -0.059338 -0.097957 0.014327 -0.015175 0.014978 0 0
-0 -0 -0.18225 0 0 0 0 0 0 0 0 0 0 0.059502 -0.089253 -0.14734 0.020623 -0.023553 0.022596 0 0
-0 -0 -0.17812 0 0 0 0 0 0 0 0 0 0 0.058153 -0.087229 -0.144 0.020218 -0.022971 0.02208 0 0
-0 -0 -0.21569 0 0 0 0 0 0 0 0 0 0 0.070417 -0.10563 -0.17437 0.023794 -0.028329 0.026769 0 0
0 0 0.019363 0 0 0 0 0 0 0 0 0 0 -0.0063216 0.0094824 0.015654 -0.0025053 0.0022355 -0.0023659 0 0
0 0 0.16847 0 0 0 0 0 0 0 0 0 0 -0.055002 0.082504 0.1362 -0.023632 0.017563 -0.020182 0 0
0 0 0.012653 0 0 0 0 0 0 0 0 0 0 -0.004131 0.0061965 0.010229 -0.0016306 0.001467 -0.0015471 0 0
-0 -0 -0.29941 0 0 0 0 0 0 0 0 0 0 0.097751 -0.14663 -0.24206 0.030854 -0.040843 0.037201 0 0
-0 -0 -0.30307 0 0 0 0 0 0 0 0 0 0 0.098947 -0.14842 -0.24502 0.031134 -0.041408 0.037656 0 0
0 0 0.020939 0 0 0 0 0 0 0 0 0 0 -0.0068361 0.010254 0.016928 -0.0027117 0.002415 -0.002558 0 0
0 0 0.27276 0 0 0 0 0 0 0 0 0 0 -0.089052 0.13358 0.22052 -0.040164 0.026178 -0.032077 0 0
-0 -0 -0.1581 0 0 0 0 0 0 0 0 0 0 0.051615 -0.077422 -0.12781 0.01821 -0.020184 0.01958 0 0
0 0 0.080136 0 0 0 0 0 0 0 0 0 0 -0.026163 0.039244 0.064785 -0.010734 0.0088935 -0.0097219 0 0
-0 -0 -0.077205 0 0 0 0 0 0 0 0 0 0 0.025206 -0.037809 -0.062416 0.0094045 -0.0094392 0.0095157 0 0
0 0 0.02363 0 0 0 0 0 0 0 0 0 0 -0.0077147 0.011572 0.019103 -0.003065 0.0027208 -0.0028859 0 0
0 0 0.20471 0 0 0 0 0 0 0 0 0 0 -0.066834 0.10025 0.1655 -0.029224 0.02076 -0.024377 0 0
-0 -0 -0.24977 0 0 0 0 0 0 0 0 0 0 0.081546 -0.12232 -0.20193 0.026822 -0.033332 0.031022 0 0
0 0 0.0010709 0 0 0 0 0 0 0 0 0 0 -0.00034962 0.00052442 0.00086574 -0.00013705 0.00012504 -0.00013109 0 0
0 0 0.099851 0 0 0 0 0 0 0 0 0 0 -0.032599 0.048899 0.080724 -0.013519 0.010934 -0.012082 0 0
0 0 0.25671 0 0 0 0 0 0 0 0 0 0 -0.083809 0.12571 0.20753 -0.037533 0.024969 -0.030282 0 0
-0 -0 -0.34774 0 0 0 0 0 0 0 0 0 0 0.11353 -0.17029 -0.28113 0.034341 -0.048399 0.043186 0 0
-0 -0 -0.33278 0 0 0 0 0 0 0 0 0 0 0.10865 -0.16297 -0.26903 0.033309 -0.046036 0.041338 0 0
-0 -0 -0.05088 0 0 0 0 0 0 0 0 0 0 0.016611 -0.024917 -0.041134 0.0063048 -0.0061282 0.0062583 0 0
0 0 0.062718 0 0 0 0 0 0 0 0 0 0 -0.020476 0.030714 0.050704 -0.0083198 0.0070417 -0.0076254 0 0
-0 -0 -0.013475 0 0 0 0 0 0 0 0 0 0 0.0043993 -0.006599 -0.010894 0.0017094 -0.0015875 0.0016519 0 0
-0 -0 -0.31393 0 0 0 0 0 0 0 0 0 0 0.10249 -0.15374 -0.25379 0.031948 -0.043089 0.039003 0 0
-0 -0 -0.21603 0 0 0 0 0 0 0 0 0 0 0.070529 -0.10579 -0.17465 0.023826 -0.028379 0.026812 0 0
-0 -0 -0.24855 0 0 0 0 0 0 0 0 0 0 0.081148 -0.12172 -0.20094 0.026718 -0.03315 0.030871 0 0
-0 -0 -0.19429 0 0 0 0 0 0 0 0 0 0 0.06343 -0.095145 -0.15707 0.021787 -0.025256 0.024098 0 0
-0 -0 -0.036095 0 0 0 0 0 0 0 0 0 0 0.011784 -0.017676 -0.029181 0.0045148 -0.00431 0.004434 0 0
0 0 0.069225 0 0 0 0 0 0 0 0 0 0 -0.022601 0.033901 0.055965 -0.0092165 0.0077389 -0.0084098 0 0
0 0 0.13303 0 0 0 0 0 0 0 0 0 0 -0.043433 0.06515 0.10755 -0.018329 0.014232 -0.016023 0 0
0 0 0.04711 0 0 0 0 0 0 0 0 0 0 -0.01538 0.023071 0.038086 -0.0061944 0.0053435 -0.0057384 0 0
-0 -0 -0.32409 0 0 0 0 0 0 0 0 0 0 0.10581 -0.15872 -0.26201 0.03269 -0.044674 0.040263 0 0
-0 -0 -0.14761 0 0 0 0 0 0 0 0 0 0 0.04819 -0.072285 -0.11933 0.017131 -0.018744 0.018272 0 0
-0 -0 -0.12742 0 0 0 0 0 0 0 0 0 0 0.041598 -0.062398 -0.10301 0.015 -0.01601 0.015756 0 0
0 0 0.026245 0 0 0 0 0 0 0 0 0 0 -0.0085684 0.012853 0.021218 -0.0034094 0.0030169 -0.0032043 0 0
0 0 0.23756 0 0 0 0 0 0 0 0 0 0 -0.077557 0.11634 0.19205 -0.034435 0.023471 -0.028124 0 0
