-0 -0 -0 0.16618 0 0 0 0 -0 0 -0 0.15638 0.014692 0.054253 0 0
-0 -0 -0 0.0067755 0 0 0 0 -0 0 -0 0.0063762 0.00059902 0.0022121 0 0
0 0 0 0.044771 0 0 0 0 -0 0 -0 0.042132 0.0039582 0.014617 0 0
0 0 0 0.070052 0 0 0 0 -0 0 -0 0.065923 0.0061932 0.02287 0 0
-0 -0 -0 0.0068669 0 0 0 0 -0 0 -0 0.0064621 0.00060709 0.0022419 0 0
0 0 0 0.054066 0 0 0 0 -0 0 -0 0.05088 0.0047799 0.017652 0 0
-0 -0 -0 0.078926 0 0 0 0 -0 0 -0 0.074274 0.0069778 0.025768 0 0
-0 -0 -0 0.081817 0 0 0 0 -0 0 -0 0.076995 0.0072334 0.026712 0 0
-0 -0 -0 0.012634 0 0 0 0 -0 0 -0 0.011889 0.001117 0.0041247 0 0
-0 -0 -0 0.1213 0 0 0 0 -0 0 -0 0.11415 0.010724 0.039603 0 0
-0 -0 -0 0.18755 0 0 0 0 -0 0 -0 0.17649 0.016581 0.06123 0 0
0 0 0 0.16902 0 0 0 0 -0 0 -0 0.15906 0.014943 0.055181 0 0
0 0 0 0.12982 0 0 0 0 -0 0 -0 0.12216 0.011477 0.042382 0 0
0 0 0 0.17915 0 0 0 0 -0 0 -0 0.16859 0.015839 0.05849 0 0
0 0 0 0.063791 0 0 0 0 -0 0 -0 0.060031 0.0056397 0.020826 0 0
0 0 0 0.042081 0 0 0 0 -0 0 -0 0.039601 0.0037204 0.013739 0 0
-0 -0 -0 0.19777 0 0 0 0 -0 0 -0 0.18611 0.017484 0.064567 0 0
-0 -0 -0 0.18245 0 0 0 0 -0 0 -0 0.1717 0.01613 0.059566 0 0
0 0 0 0.18975 0 0 0 0 -0 0 -0 0.17856 0.016775 0.061949 0 0
-0 -0 -0 0.0055062 0 0 0 0 -0 0 -0 0.0051816 0.0004868 0.0017977 0 0
-0 -0 -0 0.10485 0 0 0 0 -0 0 -0 0.098672 0.0092698 0.034232 0 0
0 0 0 0.062513 0 0 0 0 -0 0 -0 0.058829 0.0055267 0.020409 0 0
-0 -0 -0 0.19761 0 0 0 0 -0 0 -0 0.18597 0.017471 0.064517 0 0
-0 -0 -0 0.14668 0 0 0 0 -0 0 -0 0.13804 0.012968 0.047889 0 0
0 0 0 0.034515 0 0 0 0 -0 0 -0 0.032481 0.0030514 0.011268 0 0
0 0 0 0.11061 0 0 0 0 -0 0 -0 0.10409 0.0097787 0.036111 0 0
-0 -0 -0 0.078751 0 0 0 0 -0 0 -0 0.074109 0.0069623 0.02571 0 0
-0 -0 -0 0.12433 0 0 0 0 -0 0 -0 0.117 0.010992 0.04059 0 0
0 0 0 0.1235 0 0 0 0 -0 0 -0 0.11622 0.010918 0.04032 0 0
0 0 0 0.030101 0 0 0 0 -0 0 -0 0.028327 0.0026612 0.0098274 0 0
0 0 0 0.087242 0 0 0 0 -0 0 -0 0.0821 0.007713 0.028483 0 0
-0 -0 -0 0.099387 0 0 0 0 -0 0 -0 0.093529 0.0087867 0.032448 0 0
0 0 0 0.079981 0 0 0 0 -0 0 -0 0.075267 0.007071 0.026112 0 0
-0 -0 -0 0.080945 0 0 0 0 -0 0 -0 0.076174 0.0071563 0.026427 0 0
-0 -0 -0 0.12203 0 0 0 0 -0 0 -0 0.11483 0.010788 0.039839 0 0
-0 -0 -0 0.13876 0 0 0 0 -0 0 -0 0.13058 0.012268 0.045303 0 0
-0 -0 -0 0.037192 0 0 0 0 -0 0 -0 0.035 0.0032881 0.012142 0 0
0 0 0 0.046746 0 0 0 0 -0 0 -0 0.04399 0.0041327 0.015261 0 0
0 0 0 0.087598 0 0 0 0 -0 0 -0 0.082435 0.0077444 0.028599 0 0
-0 -0 -0 0.039757 0 0 0 0 -0 0 -0 0.037414 0.0035149 0.01298 0 0
-0 -0 -0 0.0006868 0 0 0 0 -0 0 -0 0.00064632 6.0719e-05 0.00022423 0 0
-0 -0 -0 0.1863 0 0 0 0 -0 0 -0 0.17532 0.016471 0.060824 0 0
-0 -0 -0 0.014195 0 0 0 0 -0 0 -0 0.013358 0.001255 0.0046343 0 0
-0 -0 -0 0.013319 0 0 0 0 -0 0 -0 0.012534 0.0011775 0.0043483 0 0
-0 -0 -0 0.014058 0 0 0 0 -0 0 -0 0.013229 0.0012428 0.0045896 0 0
-0 -0 -0 0.067737 0 0 0 0 -0 0 -0 0.063745 0.0059886 0.022115 0 0
-0 -0 -0 0.1049 0 0 0 0 -0 0 -0 0.098717 0.0092741 0.034248 0 0
-0 -0 -0 0.13384 0 0 0 0 -0 0 -0 0.12595 0.011832 0.043695 0 0
-0 -0 -0 0.17279 0 0 0 0 -0 0 -0 0.1626 0.015276 0.056412 0 0
0 0 0 0.16604 0 0 0 0 -0 0 -0 0.15626 0.01468 0.05421 0 0
-0 -0 -0 0.04436 0 0 0 0 -0 0 -0 0.041745 0.0039218 0.014482 0 0
0 0 0 0.0067128 0 0 0 0 -0 0 -0 0.0063171 0.00059347 0.0021916 0 0
-0 -0 -0 0.18182 0 0 0 0 -0 0 -0 0.1711 0.016074 0.059359 0 0
0 0 0 0.14225 0 0 0 0 -0 0 -0 0.13387 0.012576 0.046443 0 0
-0 -0 -0 0.12046 0 0 0 0 -0 0 -0 0.11336 0.01065 0.039329 0 0
-0 -0 -0 0.11715 0 0 0 0 -0 0 -0 0.11024 0.010357 0.038246 0 0
-0 -0 -0 0.061289 0 0 0 0 -0 0 -0 0.057676 0.0054185 0.020009 0 0
0 0 0 0.084223 0 0 0 0 -0 0 -0 0.079259 0.0074461 0.027497 0 0
-0 -0 -0 0.063679 0 0 0 0 -0 0 -0 0.059925 0.0056298 0.02079 0 0
0 0 0 0.15682 0 0 0 0 -0 0 -0 0.14757 0.013864 0.051197 0 0
0 0 0 0.16758 0 0 0 0 -0 0 -0 0.1577 0.014816 0.054712 0 0
-0 -0 -0 0.13982 0 0 0 0 -0 0 -0 0.13158 0.012361 0.045648 0 0
0 0 0 0.097495 0 0 0 0 -0 0 -0 0.091749 0.0086194 0.03183 0 0
0 0 0 0.029508 0 0 0 0 -0 0 -0 0.027769 0.0026088 0.0096339 0 0
0 0 0 0.19141 0 0 0 0 -0 0 -0 0.18013 0.016922 0.062492 0 0
0 0 0 0.090677 0 0 0 0 -0 0 -0 0.085332 0.0080166 0.029604 0 0
-0 -0 -0 0.16483 0 0 0 0 -0 0 -0 0.15511 0.014572 0.053813 0 0
-0 -0 -0 0.13417 0 0 0 0 -0 0 -0 0.12626 0.011861 0.043802 0 0
0 0 0 0.14431 0 0 0 0 -0 0 -0 0.1358 0.012758 0.047114 0 0
0 0 0 0.016108 0 0 0 0 -0 0 -0 0.015159 0.0014241 0.005259 0 0
-0 -0 -0 0.0055815 0 0 0 0 -0 0 -0 0.0052525 0.00049345 0.0018222 0 0
-0 -0 -0 0.090091 0 0 0 0 -0 0 -0 0.084781 0.0079648 0.029413 0 0
-0 -0 -0 0.14155 0 0 0 0 -0 0 -0 0.13321 0.012515 0.046214 0 0
0 0 0 0.058355 0 0 0 0 -0 0 -0 0.054916 0.0051591 0.019052 0 0
-0 -0 -0 0.18246 0 0 0 0 -0 0 -0 0.17171 0.016131 0.059571 0 0
-0 -0 -0 0.10665 0 0 0 0 -0 0 -0 0.10036 0.0094284 0.034818 0 0
0 0 0 0.16115 0 0 0 0 -0 0 -0 0.15165 0.014247 0.052612 0 0
-0 -0 -0 0.15728 0 0 0 0 -0 0 -0 0.14801 0.013905 0.05135 0 0
0 0 0 0.11988 0 0 0 0 -0 0 -0 0.11281 0.010598 0.039137 0 0
-0 -0 -0 0.044138 0 0 0 0 -0 0 -0 0.041537 0.0039022 0.01441 0 0
0 0 0 0.045663 0 0 0 0 -0 0 -0 0.042972 0.0040371 0.014908 0 0
0 0 0 0.071175 0 0 0 0 -0 0 -0 0.06698 0.0062925 0.023237 0 0
-0 -0 -0 0.077618 0 0 0 0 -0 0 -0 0.073044 0.0068622 0.025341 0 0
-0 -0 -0 0.047813 0 0 0 0 -0 0 -0 0.044995 0.0042271 0.01561 0 0
-0 -0 -0 0.11107 0 0 0 0 -0 0 -0 0.10453 0.0098198 0.036263 0 0
0 0 0 0.034773 0 0 0 0 -0 0 -0 0.032723 0.0030742 0.011353 0 0
-0 -0 -0 0.055227 0 0 0 0 -0 0 -0 0.051972 0.0048825 0.01803 0 0
0 0 0 0.0057815 0 0 0 0 -0 0 -0 0.0054407 0.00051114 0.0018875 0 0
0 0 0 0.10134 0 0 0 0 -0 0 -0 0.095371 0.0089598 0.033087 0 0
0 0 0 0.015796 0 0 0 0 -0 0 -0 0.014865 0.0013965 0.005157 0 0
0 0 0 0.05267 0 0 0 0 -0 0 -0 0.049566 0.0046565 0.017196 0 0
0 0 0 0.16718 0 0 0 0 -0 0 -0 0.15733 0.01478 0.054581 0 0
-0 -0 -0 0.028878 0 0 0 0 -0 0 -0 0.027176 0.0025531 0.0094281 0 0
0 0 0 0.16543 0 0 0 0 -0 0 -0 0.15568 0.014626 0.054011 0 0
0 0 0 0.0098602 0 0 0 0 -0 0 -0 0.0092791 0.00087173 0.0032192 0 0
0 0 0 0.1502 0 0 0 0 -0 0 -0 0.14134 0.013279 0.049036 0 0
-0 -0 -0 0.050749 0 0 0 0 -0 0 -0 0.047758 0.0044866 0.016568 0 0
-0 -0 -0 0.0042908 0 0 0 0 -0 0 -0 0.0040379 0.00037934 0.0014008 0 0
0 0 0 0.13405 0 0 0 0 -0 0 -0 0.12615 0.011851 0.043765 0 0
-0 -0 -0 0.13191 0 0 0 0 -0 0 -0 0.12413 0.011662 0.043065 0 0
