-0 -0 -0 0.16814 0 0 0 0 -0 0 -0 0.15823 0.014865 0.054894 0 0
0 0 0 0.096392 0 0 0 0 -0 0 -0 0.090711 0.0085219 0.03147 0 0
0 0 0 0.004664 0 0 0 0 -0 0 -0 0.0043891 0.00041234 0.0015227 0 0
-0 -0 -0 0.010278 0 0 0 0 -0 0 -0 0.0096722 0.00090866 0.0033555 0 0
-0 -0 -0 0.049727 0 0 0 0 -0 0 -0 0.046796 0.0043963 0.016235 0 0
0 0 0 0.101 0 0 0 0 -0 0 -0 0.095048 0.0089294 0.032975 0 0
-0 -0 -0 0.068419 0 0 0 0 -0 0 -0 0.064386 0.0060488 0.022337 0 0
-0 -0 -0 0.16048 0 0 0 0 -0 0 -0 0.15102 0.014188 0.052393 0 0
0 0 0 0.033067 0 0 0 0 -0 0 -0 0.031118 0.0029234 0.010796 0 0
0 0 0 0.025004 0 0 0 0 -0 0 -0 0.02353 0.0022106 0.0081633 0 0
-0 -0 -0 0.040377 0 0 0 0 -0 0 -0 0.037997 0.0035697 0.013182 0 0
0 0 0 0.1008 0 0 0 0 -0 0 -0 0.094857 0.0089115 0.032909 0 0
0 0 0 0.05772 0 0 0 0 -0 0 -0 0.054318 0.005103 0.018844 0 0
-0 -0 -0 0.10911 0 0 0 0 -0 0 -0 0.10268 0.0096465 0.035623 0 0
-0 -0 -0 0.18085 0 0 0 0 -0 0 -0 0.17019 0.015989 0.059043 0 0
-0 -0 -0 0.19954 0 0 0 0 -0 0 -0 0.18778 0.017641 0.065145 0 0
0 0 0 0.058821 0 0 0 0 -0 0 -0 0.055354 0.0052003 0.019204 0 0
-0 -0 -0 0.13875 0 0 0 0 -0 0 -0 0.13057 0.012267 0.045298 0 0
-0 -0 -0 0.17584 0 0 0 0 -0 0 -0 0.16548 0.015546 0.057408 0 0
-0 -0 -0 0.070733 0 0 0 0 -0 0 -0 0.066564 0.0062535 0.023093 0 0
0 0 0 0.063542 0 0 0 0 -0 0 -0 0.059797 0.0056177 0.020745 0 0
0 0 0 0.13426 0 0 0 0 -0 0 -0 0.12634 0.01187 0.043832 0 0
-0 -0 -0 0.18429 0 0 0 0 -0 0 -0 0.17343 0.016293 0.060167 0 0
-0 -0 -0 0.079326 0 0 0 0 -0 0 -0 0.074651 0.0070132 0.025898 0 0
0 0 0 0.02502 0 0 0 0 -0 0 -0 0.023546 0.002212 0.0081687 0 0
0 0 0 0.038582 0 0 0 0 -0 0 -0 0.036308 0.003411 0.012596 0 0
-0 -0 -0 0.027045 0 0 0 0 -0 0 -0 0.025451 0.002391 0.0088295 0 0
-0 -0 -0 0.14401 0 0 0 0 -0 0 -0 0.13552 0.012732 0.047016 0 0
-0 -0 -0 0.042153 0 0 0 0 -0 0 -0 0.039669 0.0037267 0.013762 0 0
-0 -0 -0 0.080452 0 0 0 0 -0 0 -0 0.075711 0.0071127 0.026266 0 0
-0 -0 -0 0.035045 0 0 0 0 -0 0 -0 0.03298 0.0030983 0.011442 0 0
0 0 0 0.13948 0 0 0 0 -0 0 -0 0.13126 0.012332 0.045538 0 0
0 0 0 0.11362 0 0 0 0 -0 0 -0 0.10692 0.010045 0.037094 0 0
0 0 0 0.050808 0 0 0 0 -0 0 -0 0.047814 0.0044919 0.016588 0 0
-0 -0 -0 0.15302 0 0 0 0 -0 0 -0 0.144 0.013528 0.049957 0 0
0 0 0 0.079691 0 0 0 0 -0 0 -0 0.074994 0.0070454 0.026018 0 0
-0 -0 -0 0.043704 0 0 0 0 -0 0 -0 0.041129 0.0038639 0.014269 0 0
0 0 0 0.14855 0 0 0 0 -0 0 -0 0.1398 0.013134 0.0485 0 0
-0 -0 -0 0.16307 0 0 0 0 -0 0 -0 0.15346 0.014417 0.053239 0 0
-0 -0 -0 0.11022 0 0 0 0 -0 0 -0 0.10372 0.0097443 0.035984 0 0
-0 -0 -0 0.088617 0 0 0 0 -0 0 -0 0.083394 0.0078345 0.028932 0 0
0 0 0 0.075418 0 0 0 0 -0 0 -0 0.070973 0.0066676 0.024622 0 0
0 0 0 0.085737 0 0 0 0 -0 0 -0 0.080684 0.0075799 0.027991 0 0
0 0 0 0.065945 0 0 0 0 -0 0 -0 0.062058 0.0058302 0.02153 0 0
0 0 0 0.19661 0 0 0 0 -0 0 -0 0.18503 0.017382 0.06419 0 0
-0 -0 -0 0.18926 0 0 0 0 -0 0 -0 0.1781 0.016732 0.061789 0 0
-0 -0 -0 0.088598 0 0 0 0 -0 0 -0 0.083376 0.0078329 0.028926 0 0
0 0 0 0.13039 0 0 0 0 -0 0 -0 0.12271 0.011528 0.042571 0 0
-0 -0 -0 0.0062792 0 0 0 0 -0 0 -0 0.0059091 0.00055514 0.00205 0 0
0 0 0 0.014504 0 0 0 0 -0 0 -0 0.013649 0.0012823 0.0047351 0 0
-0 -0 -0 0.14923 0 0 0 0 -0 0 -0 0.14043 0.013193 0.04872 0 0
0 0 0 0.11009 0 0 0 0 -0 0 -0 0.1036 0.0097331 0.035943 0 0
-0 -0 -0 0.10652 0 0 0 0 -0 0 -0 0.10024 0.0094172 0.034776 0 0
0 0 0 0.016987 0 0 0 0 -0 0 -0 0.015985 0.0015018 0.0055457 0 0
0 0 0 0.056353 0 0 0 0 -0 0 -0 0.053032 0.0049821 0.018398 0 0
0 0 0 0.075946 0 0 0 0 -0 0 -0 0.071469 0.0067143 0.024795 0 0
0 0 0 0.19746 0 0 0 0 -0 0 -0 0.18582 0.017457 0.064465 0 0
-0 -0 -0 0.010073 0 0 0 0 -0 0 -0 0.0094794 0.00089055 0.0032886 0 0
0 0 0 0.12649 0 0 0 0 -0 0 -0 0.11904 0.011183 0.041298 0 0
0 0 0 0.15114 0 0 0 0 -0 0 -0 0.14223 0.013362 0.049344 0 0
0 0 0 0.1344 0 0 0 0 -0 0 -0 0.12648 0.011882 0.04388 0 0
-0 -0 -0 0.13006 0 0 0 0 -0 0 -0 0.1224 0.011499 0.042463 0 0
0 0 0 0.13153 0 0 0 0 -0 0 -0 0.12377 0.011628 0.04294 0 0
-0 -0 -0 0.054379 0 0 0 0 -0 0 -0 0.051174 0.0048076 0.017754 0 0
0 0 0 0.13625 0 0 0 0 -0 0 -0 0.12822 0.012045 0.044481 0 0
0 0 0 0.15134 0 0 0 0 -0 0 -0 0.14242 0.013379 0.049408 0 0
0 0 0 0.019078 0 0 0 0 -0 0 -0 0.017953 0.0016867 0.0062285 0 0
0 0 0 0.12604 0 0 0 0 -0 0 -0 0.11861 0.011143 0.041148 0 0
-0 -0 -0 0.04684 0 0 0 0 -0 0 -0 0.04408 0.0041411 0.015292 0 0
-0 -0 -0 0.088598 0 0 0 0 -0 0 -0 0.083376 0.0078329 0.028925 0 0
-0 -0 -0 0.12475 0 0 0 0 -0 0 -0 0.11739 0.011029 0.040727 0 0
0 0 0 0.11336 0 0 0 0 -0 0 -0 0.10667 0.010022 0.037008 0 0
-0 -0 -0 0.14016 0 0 0 0 -0 0 -0 0.1319 0.012392 0.04576 0 0
0 0 0 0.0014169 0 0 0 0 -0 0 -0 0.0013334 0.00012527 0.0004626 0 0
0 0 0 0.010416 0 0 0 0 -0 0 -0 0.0098017 0.00092083 0.0034005 0 0
-0 -0 -0 0.1119 0 0 0 0 -0 0 -0 0.10531 0.0098931 0.036533 0 0
-0 -0 -0 0.031998 0 0 0 0 -0 0 -0 0.030112 0.0028289 0.010447 0 0
0 0 0 0.13792 0 0 0 0 -0 0 -0 0.12979 0.012194 0.045029 0 0
0 0 0 0.038752 0 0 0 0 -0 0 -0 0.036468 0.0034261 0.012652 0 0
-0 -0 -0 0.048537 0 0 0 0 -0 0 -0 0.045676 0.0042911 0.015846 0 0
-0 -0 -0 0.06919 0 0 0 0 -0 0 -0 0.065112 0.0061171 0.022589 0 0
0 0 0 0.15032 0 0 0 0 -0 0 -0 0.14146 0.013289 0.049076 0 0
-0 -0 -0 0.020027 0 0 0 0 -0 0 -0 0.018847 0.0017706 0.0065385 0 0
0 0 0 0.05894 0 0 0 0 -0 0 -0 0.055466 0.0052108 0.019243 0 0
-0 -0 -0 0.0070733 0 0 0 0 -0 0 -0 0.0066564 0.00062534 0.0023093 0 0
0 0 0 0.18503 0 0 0 0 -0 0 -0 0.17413 0.016359 0.06041 0 0
0 0 0 0.15582 0 0 0 0 -0 0 -0 0.14664 0.013776 0.050873 0 0
-0 -0 -0 0.099127 0 0 0 0 -0 0 -0 0.093285 0.0087638 0.032363 0 0
-0 -0 -0 0.17578 0 0 0 0 -0 0 -0 0.16542 0.01554 0.057388 0 0
-0 -0 -0 0.19261 0 0 0 0 -0 0 -0 0.18126 0.017028 0.062883 0 0
-0 -0 -0 0.032947 0 0 0 0 -0 0 -0 0.031005 0.0029128 0.010756 0 0
-0 -0 -0 0.11028 0 0 0 0 -0 0 -0 0.10378 0.0097495 0.036003 0 0
-0 -0 -0 0.043011 0 0 0 0 -0 0 -0 0.040476 0.0038026 0.014042 0 0
-0 -0 -0 0.061613 0 0 0 0 -0 0 -0 0.057981 0.0054471 0.020115 0 0
0 0 0 0.084255 0 0 0 0 -0 0 -0 0.079289 0.0074489 0.027508 0 0
0 0 0 0.061815 0 0 0 0 -0 0 -0 0.058172 0.005465 0.020181 0 0
-0 -0 -0 0.062678 0 0 0 0 -0 0 -0 0.058984 0.0055413 0.020463 0 0
0 0 0 0.17025 0 0 0 0 -0 0 -0 0.16022 0.015052 0.055584 0 0
-0 -0 -0 0.19514 0 0 0 0 -0 0 -0 0.18364 0.017252 0.06371 0 0
-0 -0 -0 0.11486 0 0 0 0 -0 0 -0 0.10809 0.010154 0.037498 0 0
