-0 -0 -0 0.034191 0 0 0 0 0 0 0 0.031678 -0.0025372 0.012612 0 0
0 0 0 0.0095039 0 0 0 0 0 0 0 0.0088055 -0.00070525 0.0035057 0 0
0 0 0 0.15158 0 0 0 0 0 0 0 0.14044 -0.011248 0.055915 0 0
0 0 0 0.051696 0 0 0 0 0 0 0 0.047897 -0.0038362 0.019069 0 0
-0 -0 -0 0.17975 0 0 0 0 0 0 0 0.16654 -0.013339 0.066306 0 0
-0 -0 -0 0.07035 0 0 0 0 0 0 0 0.06518 -0.0052204 0.02595 0 0
-0 -0 -0 0.036802 0 0 0 0 0 0 0 0.034097 -0.0027309 0.013575 0 0
0 0 0 0.17886 0 0 0 0 0 0 0 0.16571 -0.013272 0.065975 0 0
-0 -0 -0 0.039726 0 0 0 0 0 0 0 0.036807 -0.0029479 0.014654 0 0
0 0 0 0.053329 0 0 0 0 0 0 0 0.04941 -0.0039573 0.019671 0 0
0 0 0 0.13016 0 0 0 0 0 0 0 0.1206 -0.0096589 0.048013 0 0
-0 -0 -0 0.19009 0 0 0 0 0 0 0 0.17612 -0.014106 0.070118 0 0
-0 -0 -0 0.15295 0 0 0 0 0 0 0 0.14171 -0.01135 0.05642 0 0
-0 -0 -0 0.14261 0 0 0 0 0 0 0 0.13213 -0.010582 0.052604 0 0
-0 -0 -0 0.13844 0 0 0 0 0 0 0 0.12826 -0.010273 0.051065 0 0
-0 -0 -0 0.00084649 0 0 0 0 0 0 0 0.00078428 -6.2814e-05 0.00031224 0 0
0 0 0 0.060855 0 0 0 0 0 0 0 0.056383 -0.0045158 0.022447 0 0
0 0 0 0.10665 0 0 0 0 0 0 0 0.098809 -0.0079138 0.039339 0 0
0 0 0 0.15961 0 0 0 0 0 0 0 0.14788 -0.011844 0.058874 0 0
0 0 0 0.060378 0 0 0 0 0 0 0 0.055941 -0.0044804 0.022272 0 0
-0 -0 -0 0.036431 0 0 0 0 0 0 0 0.033754 -0.0027034 0.013438 0 0
0 0 0 0.032057 0 0 0 0 0 0 0 0.029701 -0.0023788 0.011825 0 0
0 0 0 0.025044 0 0 0 0 0 0 0 0.023204 -0.0018584 0.009238 0 0
-0 -0 -0 0.18068 0 0 0 0 0 0 0 0.1674 -0.013407 0.066647 0 0
-0 -0 -0 0.14385 0 0 0 0 0 0 0 0.13328 -0.010675 0.053064 0 0
0 0 0 0.18128 0 0 0 0 0 0 0 0.16796 -0.013452 0.066869 0 0
0 0 0 0.065679 0 0 0 0 0 0 0 0.060853 -0.0048738 0.024227 0 0
0 0 0 0.04995 0 0 0 0 0 0 0 0.04628 -0.0037066 0.018425 0 0
0 0 0 0.00079234 0 0 0 0 0 0 0 0.00073412 -5.8797e-05 0.00029227 0 0
-0 -0 -0 0.16228 0 0 0 0 0 0 0 0.15035 -0.012042 0.059859 0 0
0 0 0 0.062431 0 0 0 0 0 0 0 0.057843 -0.0046328 0.023029 0 0
-0 -0 -0 0.03679 0 0 0 0 0 0 0 0.034086 -0.00273 0.013571 0 0
-0 -0 -0 0.059191 0 0 0 0 0 0 0 0.054841 -0.0043923 0.021834 0 0
-0 -0 -0 0.18106 0 0 0 0 0 0 0 0.16776 -0.013436 0.066788 0 0
0 0 0 0.051935 0 0 0 0 0 0 0 0.048118 -0.0038539 0.019157 0 0
0 0 0 0.19748 0 0 0 0 0 0 0 0.18297 -0.014654 0.072846 0 0
0 0 0 0.076034 0 0 0 0 0 0 0 0.070446 -0.0056422 0.028047 0 0
-0 -0 -0 0.16614 0 0 0 0 0 0 0 0.15393 -0.012329 0.061285 0 0
0 0 0 0.19445 0 0 0 0 0 0 0 0.18016 -0.01443 0.071728 0 0
-0 -0 -0 0.14554 0 0 0 0 0 0 0 0.13484 -0.0108 0.053685 0 0
-0 -0 -0 0.14111 0 0 0 0 0 0 0 0.13074 -0.010471 0.052052 0 0
-0 -0 -0 0.069549 0 0 0 0 0 0 0 0.064438 -0.0051609 0.025654 0 0
-0 -0 -0 0.050862 0 0 0 0 0 0 0 0.047124 -0.0037742 0.018761 0 0
0 0 0 0.19048 0 0 0 0 0 0 0 0.17648 -0.014135 0.070263 0 0
-0 -0 -0 0.0025388 0 0 0 0 0 0 0 0.0023522 -0.00018839 0.00093647 0 0
-0 -0 -0 0.046752 0 0 0 0 0 0 0 0.043316 -0.0034693 0.017245 0 0
-0 -0 -0 0.15874 0 0 0 0 0 0 0 0.14707 -0.011779 0.058554 0 0
-0 -0 -0 0.067433 0 0 0 0 0 0 0 0.062477 -0.0050039 0.024874 0 0
-0 -0 -0 0.13633 0 0 0 0 0 0 0 0.12631 -0.010116 0.050288 0 0
0 0 0 0.10066 0 0 0 0 0 0 0 0.09326 -0.0074693 0.037129 0 0
-0 -0 -0 0.1759 0 0 0 0 0 0 0 0.16297 -0.013053 0.064884 0 0
0 0 0 0.049395 0 0 0 0 0 0 0 0.045765 -0.0036654 0.01822 0 0
0 0 0 0.031106 0 0 0 0 0 0 0 0.02882 -0.0023082 0.011474 0 0
-0 -0 -0 0.17686 0 0 0 0 0 0 0 0.16386 -0.013124 0.065238 0 0
-0 -0 -0 0.17832 0 0 0 0 0 0 0 0.16522 -0.013233 0.065778 0 0
-0 -0 -0 0.025852 0 0 0 0 0 0 0 0.023952 -0.0019184 0.009536 0 0
-0 -0 -0 0.14149 0 0 0 0 0 0 0 0.13109 -0.010499 0.05219 0 0
-0 -0 -0 0.086395 0 0 0 0 0 0 0 0.080046 -0.006411 0.031869 0 0
0 0 0 0.1402 0 0 0 0 0 0 0 0.12989 -0.010403 0.051714 0 0
-0 -0 -0 0.11736 0 0 0 0 0 0 0 0.10874 -0.008709 0.043291 0 0
0 0 0 0.15716 0 0 0 0 0 0 0 0.14561 -0.011662 0.057971 0 0
-0 -0 -0 0.094303 0 0 0 0 0 0 0 0.087373 -0.0069978 0.034785 0 0
0 0 0 0.1424 0 0 0 0 0 0 0 0.13194 -0.010567 0.052529 0 0
0 0 0 0.02654 0 0 0 0 0 0 0 0.02459 -0.0019695 0.00979 0 0
-0 -0 -0 0.12072 0 0 0 0 0 0 0 0.11185 -0.008958 0.044529 0 0
0 0 0 0.083718 0 0 0 0 0 0 0 0.077566 -0.0062124 0.030881 0 0
-0 -0 -0 0.14557 0 0 0 0 0 0 0 0.13487 -0.010802 0.053696 0 0
-0 -0 -0 0.16499 0 0 0 0 0 0 0 0.15286 -0.012243 0.06086 0 0
0 0 0 0.16222 0 0 0 0 0 0 0 0.1503 -0.012038 0.05984 0 0
0 0 0 0.17909 0 0 0 0 0 0 0 0.16593 -0.01329 0.066062 0 0
0 0 0 0.073216 0 0 0 0 0 0 0 0.067836 -0.0054331 0.027007 0 0
-0 -0 -0 0.1726 0 0 0 0 0 0 0 0.15992 -0.012808 0.063667 0 0
-0 -0 -0 0.023257 0 0 0 0 0 0 0 0.021548 -0.0017258 0.0085788 0 0
-0 -0 -0 0.022386 0 0 0 0 0 0 0 0.020741 -0.0016612 0.0082575 0 0
0 0 0 0.084977 0 0 0 0 0 0 0 0.078732 -0.0063058 0.031346 0 0
0 0 0 0.026315 0 0 0 0 0 0 0 0.024381 -0.0019527 0.0097069 0 0
-0 -0 -0 0.0629 0 0 0 0 0 0 0 0.058278 -0.0046676 0.023202 0 0
-0 -0 -0 0.010274 0 0 0 0 0 0 0 0.0095187 -0.00076237 0.0037896 0 0
-0 -0 -0 0.18476 0 0 0 0 0 0 0 0.17118 -0.01371 0.068152 0 0
0 0 0 0.12413 0 0 0 0 0 0 0 0.11501 -0.0092114 0.045789 0 0
0 0 0 0.011269 0 0 0 0 0 0 0 0.010441 -0.00083623 0.0041568 0 0
-0 -0 -0 0.010752 0 0 0 0 0 0 0 0.009962 -0.00079788 0.0039662 0 0
-0 -0 -0 0.073842 0 0 0 0 0 0 0 0.068416 -0.0054795 0.027238 0 0
0 0 0 0.080396 0 0 0 0 0 0 0 0.074488 -0.0059659 0.029656 0 0
0 0 0 0.13518 0 0 0 0 0 0 0 0.12525 -0.010032 0.049866 0 0
-0 -0 -0 0.15412 0 0 0 0 0 0 0 0.14279 -0.011436 0.056849 0 0
0 0 0 0.18045 0 0 0 0 0 0 0 0.16719 -0.013391 0.066563 0 0
0 0 0 0.061628 0 0 0 0 0 0 0 0.057099 -0.0045732 0.022733 0 0
-0 -0 -0 0.11813 0 0 0 0 0 0 0 0.10945 -0.0087657 0.043573 0 0
-0 -0 -0 0.1399 0 0 0 0 0 0 0 0.12962 -0.010381 0.051605 0 0
-0 -0 -0 0.10786 0 0 0 0 0 0 0 0.099936 -0.0080041 0.039787 0 0
-0 -0 -0 0.015575 0 0 0 0 0 0 0 0.01443 -0.0011557 0.0057451 0 0
-0 -0 -0 0.1218 0 0 0 0 0 0 0 0.11285 -0.0090381 0.044927 0 0
0 0 0 0.13963 0 0 0 0 0 0 0 0.12937 -0.010362 0.051506 0 0
0 0 0 0.047516 0 0 0 0 0 0 0 0.044025 -0.003526 0.017527 0 0
-0 -0 -0 0.18677 0 0 0 0 0 0 0 0.17305 -0.01386 0.068895 0 0
-0 -0 -0 0.027303 0 0 0 0 0 0 0 0.025297 -0.0020261 0.010071 0 0
-0 -0 -0 0.13435 0 0 0 0 0 0 0 0.12448 -0.0099695 0.049557 0 0
0 0 0 0.16681 0 0 0 0 0 0 0 0.15455 -0.012378 0.06153 0 0
-0 -0 -0 0.15632 0 0 0 0 0 0 0 0.14483 -0.0116 0.05766 0 0
