0 0 0.050353 0 0 0 0 0 0 0 0 0 0 -0.014133 0.02601 0.040732 -0.0012038 0.0044355 -0.0032501 0 0
0 0 0.048945 0 0 0 0 0 0 0 0 0 0 -0.013738 0.025283 0.039594 -0.0011665 0.0043128 -0.0031588 0 0
0 0 0.29102 0 0 0 0 0 0 0 0 0 0 -0.081686 0.15033 0.23542 -0.010525 0.024059 -0.019016 0 0
-0 -0 -0.050162 0 0 0 0 0 0 0 0 0 0 0.01408 -0.025912 -0.040578 0.00093412 -0.0045075 0.0032025 0 0
-0 -0 -0.32555 0 0 0 0 0 0 0 0 0 0 0.091378 -0.16817 -0.26335 0.0012777 -0.03032 0.019805 0 0
0 0 0.0035915 0 0 0 0 0 0 0 0 0 0 -0.0010081 0.0018552 0.0029053 -7.7063e-05 0.00031946 -0.00023074 0 0
0 0 0.20583 0 0 0 0 0 0 0 0 0 0 -0.057775 0.10633 0.16651 -0.0065672 0.017449 -0.013421 0 0
-0 -0 -0.023784 0 0 0 0 0 0 0 0 0 0 0.0066758 -0.012286 -0.01924 0.00047605 -0.0021268 0.0015233 0 0
-0 -0 -0.044187 0 0 0 0 0 0 0 0 0 0 0.012403 -0.022825 -0.035744 0.00083681 -0.0039663 0.0028231 0 0
0 0 0.022241 0 0 0 0 0 0 0 0 0 0 -0.0062427 0.011489 0.017991 -0.000499 0.0019709 -0.0014317 0 0
0 0 0.21469 0 0 0 0 0 0 0 0 0 0 -0.06026 0.1109 0.17367 -0.0069457 0.018155 -0.014003 0 0
0 0 0.081868 0 0 0 0 0 0 0 0 0 0 -0.022979 0.04229 0.066226 -0.0020915 0.0071612 -0.0052987 0 0
-0 -0 -0.20492 0 0 0 0 0 0 0 0 0 0 0.057518 -0.10585 -0.16576 0.0021272 -0.01885 0.012775 0 0
-0 -0 -0.25992 0 0 0 0 0 0 0 0 0 0 0.072957 -0.13427 -0.21026 0.0019331 -0.02406 0.016035 0 0
0 0 0.15252 0 0 0 0 0 0 0 0 0 0 -0.042809 0.078784 0.12337 -0.0044521 0.013114 -0.0099192 0 0
0 0 0.015387 0 0 0 0 0 0 0 0 0 0 -0.0043189 0.0079483 0.012447 -0.00033969 0.0013654 -0.00098977 0 0
0 0 0.10078 0 0 0 0 0 0 0 0 0 0 -0.028287 0.052057 0.081521 -0.0026734 0.0087765 -0.006532 0 0
-0 -0 -0.17701 0 0 0 0 0 0 0 0 0 0 0.049684 -0.091436 -0.14319 0.0021016 -0.016224 0.01109 0 0
0 0 0.062017 0 0 0 0 0 0 0 0 0 0 -0.017407 0.032035 0.050167 -0.0015203 0.005449 -0.0040071 0 0
0 0 0.31736 0 0 0 0 0 0 0 0 0 0 -0.089079 0.16394 0.25672 -0.011889 0.026018 -0.02074 0 0
0 0 0.33076 0 0 0 0 0 0 0 0 0 0 -0.09284 0.17086 0.26756 -0.012608 0.026998 -0.021615 0 0
0 0 0.26705 0 0 0 0 0 0 0 0 0 0 -0.074957 0.13795 0.21602 -0.0093406 0.02224 -0.017443 0 0
-0 -0 -0.1548 0 0 0 0 0 0 0 0 0 0 0.043451 -0.079965 -0.12523 0.0020215 -0.014146 0.0097345 0 0
-0 -0 -0.33392 0 0 0 0 0 0 0 0 0 0 0.093727 -0.17249 -0.27012 0.0011611 -0.03112 0.020275 0 0
-0 -0 -0.095325 0 0 0 0 0 0 0 0 0 0 0.026757 -0.049242 -0.077112 0.0015468 -0.0086323 0.0060491 0 0
-0 -0 -0.093974 0 0 0 0 0 0 0 0 0 0 0.026377 -0.048543 -0.076019 0.0015316 -0.008508 0.0059644 0 0
-0 -0 -0.14653 0 0 0 0 0 0 0 0 0 0 0.041128 -0.07569 -0.11853 0.0019782 -0.013374 0.0092264 0 0
0 0 0.28406 0 0 0 0 0 0 0 0 0 0 -0.079733 0.14674 0.22979 -0.010176 0.023535 -0.018559 0 0
0 0 0.23082 0 0 0 0 0 0 0 0 0 0 -0.064788 0.11923 0.18672 -0.0076551 0.01943 -0.015063 0 0
-0 -0 -0.13381 0 0 0 0 0 0 0 0 0 0 0.037558 -0.06912 -0.10824 0.0018972 -0.01219 0.0084425 0 0
0 0 0.30536 0 0 0 0 0 0 0 0 0 0 -0.08571 0.15774 0.24702 -0.01126 0.025131 -0.019955 0 0
0 0 0.16663 0 0 0 0 0 0 0 0 0 0 -0.046771 0.086076 0.13479 -0.0049845 0.014276 -0.010846 0 0
0 0 0.080551 0 0 0 0 0 0 0 0 0 0 -0.02261 0.04161 0.06516 -0.0020524 0.0070481 -0.0052128 0 0
-0 -0 -0.0060381 0 0 0 0 0 0 0 0 0 0 0.0016948 -0.0031191 -0.0048845 0.0001265 -0.00053811 0.00038752 0 0
-0 -0 -0.29554 0 0 0 0 0 0 0 0 0 0 0.082954 -0.15266 -0.23907 0.0016345 -0.027453 0.018098 0 0
-0 -0 -0.047082 0 0 0 0 0 0 0 0 0 0 0.013215 -0.024321 -0.038086 0.00088443 -0.0042284 0.003007 0 0
0 0 0.17241 0 0 0 0 0 0 0 0 0 0 -0.048392 0.089058 0.13946 -0.0052079 0.014748 -0.011225 0 0
0 0 0.072939 0 0 0 0 0 0 0 0 0 0 -0.020473 0.037678 0.059003 -0.0018296 0.0063931 -0.0047173 0 0
0 0 0.011693 0 0 0 0 0 0 0 0 0 0 -0.0032821 0.0060402 0.0094589 -0.00025588 0.0010384 -0.00075187 0 0
-0 -0 -0.11458 0 0 0 0 0 0 0 0 0 0 0.032161 -0.059188 -0.092688 0.0017419 -0.010408 0.0072506 0 0
0 0 0.15781 0 0 0 0 0 0 0 0 0 0 -0.044295 0.081519 0.12766 -0.0046494 0.013551 -0.010267 0 0
-0 -0 -0.23023 0 0 0 0 0 0 0 0 0 0 0.064622 -0.11893 -0.18624 0.0020782 -0.021242 0.014286 0 0
-0 -0 -0.22659 0 0 0 0 0 0 0 0 0 0 0.063601 -0.11705 -0.1833 0.0020895 -0.020898 0.01407 0 0
-0 -0 -0.14997 0 0 0 0 0 0 0 0 0 0 0.042095 -0.07747 -0.12132 0.0019971 -0.013695 0.0094382 0 0
-0 -0 -0.27031 0 0 0 0 0 0 0 0 0 0 0.075873 -0.13963 -0.21867 0.00186 -0.025049 0.016641 0 0
0 0 0.013166 0 0 0 0 0 0 0 0 0 0 -0.0036957 0.0068013 0.010651 -0.00028914 0.0011689 -0.00084675 0 0
-0 -0 -0.20317 0 0 0 0 0 0 0 0 0 0 0.057028 -0.10495 -0.16435 0.0021281 -0.018686 0.01267 0 0
0 0 0.12678 0 0 0 0 0 0 0 0 0 0 -0.035586 0.065491 0.10256 -0.0035334 0.010972 -0.0082326 0 0
0 0 0.31406 0 0 0 0 0 0 0 0 0 0 -0.088154 0.16223 0.25406 -0.011715 0.025775 -0.020524 0 0
0 0 0.31454 0 0 0 0 0 0 0 0 0 0 -0.088287 0.16248 0.25444 -0.01174 0.02581 -0.020555 0 0
-0 -0 -0.029677 0 0 0 0 0 0 0 0 0 0 0.00833 -0.01533 -0.024007 0.00058478 -0.0026568 0.0018994 0 0
0 0 0.24211 0 0 0 0 0 0 0 0 0 0 -0.067958 0.12507 0.19585 -0.0081669 0.020314 -0.015805 0 0
-0 -0 -0.27993 0 0 0 0 0 0 0 0 0 0 0.078573 -0.1446 -0.22645 0.0017821 -0.025965 0.017199 0 0
0 0 0.2023 0 0 0 0 0 0 0 0 0 0 -0.056783 0.1045 0.16365 -0.0064182 0.017166 -0.013189 0 0
0 0 0.23524 0 0 0 0 0 0 0 0 0 0 -0.06603 0.12152 0.1903 -0.0078541 0.019777 -0.015354 0 0
-0 -0 -0.28557 0 0 0 0 0 0 0 0 0 0 0.080156 -0.14752 -0.23101 0.0017317 -0.026502 0.017524 0 0
-0 -0 -0.037564 0 0 0 0 0 0 0 0 0 0 0.010544 -0.019404 -0.030387 0.00072454 -0.0033677 0.0024019 0 0
-0 -0 -0.12019 0 0 0 0 0 0 0 0 0 0 0.033736 -0.062086 -0.097226 0.0017913 -0.010927 0.0075992 0 0
0 0 0.3226 0 0 0 0 0 0 0 0 0 0 -0.09055 0.16664 0.26096 -0.012169 0.026403 -0.021082 0 0
0 0 0.030424 0 0 0 0 0 0 0 0 0 0 -0.0085396 0.015716 0.024611 -0.00069565 0.0026914 -0.00196 0 0
-0 -0 -0.059237 0 0 0 0 0 0 0 0 0 0 0.016627 -0.0306 -0.047919 0.0010747 -0.0053316 0.0037775 0 0
0 0 0.15956 0 0 0 0 0 0 0 0 0 0 -0.044786 0.082423 0.12907 -0.0047153 0.013695 -0.010381 0 0
-0 -0 -0.15649 0 0 0 0 0 0 0 0 0 0 0.043925 -0.080838 -0.12659 0.0020295 -0.014304 0.009838 0 0
-0 -0 -0.09244 0 0 0 0 0 0 0 0 0 0 0.025947 -0.047751 -0.074778 0.0015142 -0.0083671 0.0058684 0 0
-0 -0 -0.26928 0 0 0 0 0 0 0 0 0 0 0.075583 -0.1391 -0.21783 0.0018678 -0.02495 0.016581 0 0
-0 -0 -0.070394 0 0 0 0 0 0 0 0 0 0 0.019759 -0.036363 -0.056944 0.0012354 -0.0063481 0.0044824 0 0
0 0 0.050181 0 0 0 0 0 0 0 0 0 0 -0.014085 0.025922 0.040593 -0.0011992 0.0044206 -0.003239 0 0
0 0 0.10473 0 0 0 0 0 0 0 0 0 0 -0.029396 0.054099 0.084719 -0.0027996 0.0091122 -0.0067902 0 0
-0 -0 -0.093854 0 0 0 0 0 0 0 0 0 0 0.026344 -0.048482 -0.075922 0.0015303 -0.0084971 0.005957 0 0
-0 -0 -0.32831 0 0 0 0 0 0 0 0 0 0 0.092151 -0.16959 -0.26558 0.0012401 -0.030583 0.01996 0 0
0 0 0.098606 0 0 0 0 0 0 0 0 0 0 -0.027678 0.050936 0.079766 -0.0026047 0.0085919 -0.0063903 0 0
-0 -0 -0.34726 0 0 0 0 0 0 0 0 0 0 0.097471 -0.17938 -0.28091 0.00095981 -0.032396 0.02102 0 0
-0 -0 -0.33816 0 0 0 0 0 0 0 0 0 0 0.094917 -0.17468 -0.27355 0.0010991 -0.031526 0.020513 0 0
-0 -0 -0.14301 0 0 0 0 0 0 0 0 0 0 0.040141 -0.073873 -0.11569 0.0019575 -0.013046 0.00901 0 0
-0 -0 -0.32489 0 0 0 0 0 0 0 0 0 0 0.091192 -0.16782 -0.26281 0.0012866 -0.030256 0.019767 0 0
-0 -0 -0.22279 0 0 0 0 0 0 0 0 0 0 0.062534 -0.11508 -0.18022 0.0020997 -0.020538 0.013844 0 0
-0 -0 -0.081598 0 0 0 0 0 0 0 0 0 0 0.022904 -0.042151 -0.066008 0.0013836 -0.0073725 0.0051879 0 0
0 0 0.34532 0 0 0 0 0 0 0 0 0 0 -0.096926 0.17838 0.27934 -0.013408 0.028051 -0.022565 0 0
-0 -0 -0.053136 0 0 0 0 0 0 0 0 0 0 0.014915 -0.027448 -0.042984 0.00098114 -0.0047773 0.0033911 0 0
0 0 0.00045468 0 0 0 0 0 0 0 0 0 0 -0.00012762 0.00023487 0.0003678 -9.6811e-06 4.0469e-05 -2.9201e-05 0 0
0 0 0.24468 0 0 0 0 0 0 0 0 0 0 -0.068679 0.12639 0.19793 -0.0082851 0.020514 -0.015974 0 0
0 0 0.1029 0 0 0 0 0 0 0 0 0 0 -0.028882 0.053153 0.083238 -0.0027409 0.0089568 -0.0066706 0 0
0 0 0.060947 0 0 0 0 0 0 0 0 0 0 -0.017107 0.031483 0.049302 -0.0014907 0.0053563 -0.0039376 0 0
0 0 0.26398 0 0 0 0 0 0 0 0 0 0 -0.074097 0.13636 0.21355 -0.0091932 0.022006 -0.017242 0 0
0 0 0.13379 0 0 0 0 0 0 0 0 0 0 -0.037553 0.06911 0.10823 -0.0037769 0.011559 -0.0086915 0 0
-0 -0 -0.014687 0 0 0 0 0 0 0 0 0 0 0.0041224 -0.0075867 -0.011881 0.00030101 -0.0013111 0.00094166 0 0
0 0 0.12077 0 0 0 0 0 0 0 0 0 0 -0.033899 0.062385 0.097695 -0.0033285 0.010467 -0.0078391 0 0
-0 -0 -0.13545 0 0 0 0 0 0 0 0 0 0 0.038019 -0.069968 -0.10957 0.0019086 -0.012343 0.0085439 0 0
-0 -0 -0.086084 0 0 0 0 0 0 0 0 0 0 0.024163 -0.044468 -0.069636 0.0014391 -0.0077836 0.0054697 0 0
0 0 0.22581 0 0 0 0 0 0 0 0 0 0 -0.063381 0.11664 0.18266 -0.0074319 0.019035 -0.014734 0 0
0 0 0.14766 0 0 0 0 0 0 0 0 0 0 -0.041446 0.076276 0.11945 -0.0042737 0.012713 -0.0096008 0 0
-0 -0 -0.099878 0 0 0 0 0 0 0 0 0 0 0.028035 -0.051593 -0.080795 0.0015965 -0.0090513 0.0063339 0 0
0 0 0.32226 0 0 0 0 0 0 0 0 0 0 -0.090453 0.16647 0.26068 -0.01215 0.026378 -0.02106 0 0
0 0 0.07236 0 0 0 0 0 0 0 0 0 0 -0.02031 0.037378 0.058534 -0.0018129 0.0063431 -0.0046796 0 0
-0 -0 -0.06356 0 0 0 0 0 0 0 0 0 0 0.01784 -0.032833 -0.051416 0.0011385 -0.005725 0.0040509 0 0
0 0 0.049502 0 0 0 0 0 0 0 0 0 0 -0.013895 0.025571 0.040044 -0.0011812 0.0043614 -0.0031949 0 0
0 0 0.058845 0 0 0 0 0 0 0 0 0 0 -0.016517 0.030397 0.047602 -0.0014329 0.0051739 -0.0038011 0 0
0 0 0.044299 0 0 0 0 0 0 0 0 0 0 -0.012434 0.022883 0.035835 -0.0010451 0.0039073 -0.0028577 0 0
0 0 0.32674 0 0 0 0 0 0 0 0 0 0 -0.09171 0.16878 0.26431 -0.012391 0.026705 -0.021352 0 0
-0 -0 -0.27817 0 0 0 0 0 0 0 0 0 0 0.078079 -0.14369 -0.22502 0.0017971 -0.025797 0.017097 0 0
