0 0 0 0.074815 0 0 0 0 0 0 0 0.069317 -0.0055517 0.027597 0 0
0 0 0 0.19515 0 0 0 0 0 0 0 0.18081 -0.014482 0.071986 0 0
0 0 0 0.041641 0 0 0 0 0 0 0 0.038581 -0.00309 0.01536 0 0
0 0 0 0.10526 0 0 0 0 0 0 0 0.097527 -0.0078111 0.038828 0 0
0 0 0 0.17235 0 0 0 0 0 0 0 0.15968 -0.012789 0.063573 0 0
-0 -0 -0 0.052028 0 0 0 0 0 0 0 0.048204 -0.0038608 0.019191 0 0
-0 -0 -0 0.013734 0 0 0 0 0 0 0 0.012725 -0.0010191 0.005066 0 0
0 0 0 0.031418 0 0 0 0 0 0 0 0.02911 -0.0023314 0.011589 0 0
0 0 0 0.12609 0 0 0 0 0 0 0 0.11682 -0.0093564 0.04651 0 0
0 0 0 0.19974 0 0 0 0 0 0 0 0.18506 -0.014822 0.073677 0 0
0 0 0 0.026624 0 0 0 0 0 0 0 0.024667 -0.0019757 0.0098208 0 0
0 0 0 0.11082 0 0 0 0 0 0 0 0.10268 -0.0082238 0.04088 0 0
-0 -0 -0 0.12677 0 0 0 0 0 0 0 0.11746 -0.0094074 0.046763 0 0
0 0 0 0.19709 0 0 0 0 0 0 0 0.18261 -0.014625 0.072701 0 0
0 0 0 0.0070784 0 0 0 0 0 0 0 0.0065583 -0.00052526 0.002611 0 0
0 0 0 0.12637 0 0 0 0 0 0 0 0.11708 -0.0093773 0.046613 0 0
-0 -0 -0 0.11845 0 0 0 0 0 0 0 0.10974 -0.0087894 0.043691 0 0
0 0 0 0.10277 0 0 0 0 0 0 0 0.09522 -0.0076264 0.03791 0 0
-0 -0 -0 0.051622 0 0 0 0 0 0 0 0.047829 -0.0038307 0.019042 0 0
0 0 0 0.15171 0 0 0 0 0 0 0 0.14056 -0.011258 0.05596 0 0
0 0 0 0.13316 0 0 0 0 0 0 0 0.12338 -0.0098814 0.04912 0 0
0 0 0 0.029657 0 0 0 0 0 0 0 0.027478 -0.0022007 0.01094 0 0
0 0 0 0.085942 0 0 0 0 0 0 0 0.079627 -0.0063774 0.031702 0 0
0 0 0 0.02692 0 0 0 0 0 0 0 0.024941 -0.0019976 0.0099299 0 0
0 0 0 0.0041967 0 0 0 0 0 0 0 0.0038883 -0.00031142 0.001548 0 0
-0 -0 -0 0.14479 0 0 0 0 0 0 0 0.13415 -0.010745 0.053411 0 0
-0 -0 -0 0.17059 0 0 0 0 0 0 0 0.15805 -0.012659 0.062926 0 0
0 0 0 0.16782 0 0 0 0 0 0 0 0.15548 -0.012453 0.061902 0 0
0 0 0 0.16615 0 0 0 0 0 0 0 0.15394 -0.012329 0.061287 0 0
0 0 0 0.16095 0 0 0 0 0 0 0 0.14913 -0.011944 0.059371 0 0
0 0 0 0.11381 0 0 0 0 0 0 0 0.10545 -0.0084453 0.041981 0 0
0 0 0 0.066743 0 0 0 0 0 0 0 0.061838 -0.0049527 0.024619 0 0
-0 -0 -0 0.078613 0 0 0 0 0 0 0 0.072836 -0.0058336 0.028998 0 0
-0 -0 -0 0.030467 0 0 0 0 0 0 0 0.028228 -0.0022609 0.011239 0 0
-0 -0 -0 0.14448 0 0 0 0 0 0 0 0.13386 -0.010721 0.053294 0 0
-0 -0 -0 0.085315 0 0 0 0 0 0 0 0.079046 -0.0063309 0.03147 0 0
-0 -0 -0 0.16711 0 0 0 0 0 0 0 0.15483 -0.012401 0.061642 0 0
-0 -0 -0 0.12594 0 0 0 0 0 0 0 0.11669 -0.0093458 0.046457 0 0
-0 -0 -0 0.17107 0 0 0 0 0 0 0 0.1585 -0.012695 0.063104 0 0
0 0 0 0.029917 0 0 0 0 0 0 0 0.027718 -0.00222 0.011035 0 0
-0 -0 -0 0.063111 0 0 0 0 0 0 0 0.058473 -0.0046832 0.02328 0 0
0 0 0 0.039838 0 0 0 0 0 0 0 0.03691 -0.0029562 0.014695 0 0
-0 -0 -0 0.054516 0 0 0 0 0 0 0 0.05051 -0.0040454 0.020109 0 0
0 0 0 0.13638 0 0 0 0 0 0 0 0.12636 -0.01012 0.050306 0 0
-0 -0 -0 0.14933 0 0 0 0 0 0 0 0.13835 -0.011081 0.055082 0 0
0 0 0 0.1125 0 0 0 0 0 0 0 0.10423 -0.008348 0.041497 0 0
-0 -0 -0 0.0075155 0 0 0 0 0 0 0 0.0069632 -0.0005577 0.0027723 0 0
-0 -0 -0 0.12275 0 0 0 0 0 0 0 0.11373 -0.0091091 0.04528 0 0
0 0 0 0.034642 0 0 0 0 0 0 0 0.032097 -0.0025707 0.012779 0 0
-0 -0 -0 0.016595 0 0 0 0 0 0 0 0.015376 -0.0012315 0.0061214 0 0
0 0 0 0.1071 0 0 0 0 0 0 0 0.099228 -0.0079473 0.039505 0 0
0 0 0 0.10444 0 0 0 0 0 0 0 0.096767 -0.0077502 0.038526 0 0
-0 -0 -0 0.054689 0 0 0 0 0 0 0 0.05067 -0.0040583 0.020173 0 0
0 0 0 0.18539 0 0 0 0 0 0 0 0.17177 -0.013757 0.068386 0 0
0 0 0 0.048943 0 0 0 0 0 0 0 0.045347 -0.0036319 0.018054 0 0
0 0 0 0.11072 0 0 0 0 0 0 0 0.10258 -0.0082159 0.04084 0 0
-0 -0 -0 0.06458 0 0 0 0 0 0 0 0.059834 -0.0047922 0.023822 0 0
0 0 0 0.1083 0 0 0 0 0 0 0 0.10034 -0.0080362 0.039947 0 0
-0 -0 -0 0.069107 0 0 0 0 0 0 0 0.064029 -0.0051282 0.025492 0 0
0 0 0 0.085973 0 0 0 0 0 0 0 0.079655 -0.0063797 0.031713 0 0
-0 -0 -0 0.13997 0 0 0 0 0 0 0 0.12969 -0.010387 0.051632 0 0
0 0 0 0.02521 0 0 0 0 0 0 0 0.023357 -0.0018707 0.0092991 0 0
0 0 0 0.037255 0 0 0 0 0 0 0 0.034517 -0.0027645 0.013742 0 0
0 0 0 0.082876 0 0 0 0 0 0 0 0.076786 -0.0061499 0.030571 0 0
0 0 0 0.15045 0 0 0 0 0 0 0 0.1394 -0.011165 0.055498 0 0
0 0 0 0.1831 0 0 0 0 0 0 0 0.16964 -0.013587 0.06754 0 0
-0 -0 -0 0.062383 0 0 0 0 0 0 0 0.057798 -0.0046292 0.023011 0 0
-0 -0 -0 0.18467 0 0 0 0 0 0 0 0.1711 -0.013703 0.068118 0 0
0 0 0 0.14018 0 0 0 0 0 0 0 0.12988 -0.010402 0.051709 0 0
-0 -0 -0 0.035265 0 0 0 0 0 0 0 0.032674 -0.0026169 0.013008 0 0
0 0 0 0.031804 0 0 0 0 0 0 0 0.029467 -0.0023601 0.011732 0 0
0 0 0 0.077832 0 0 0 0 0 0 0 0.072112 -0.0057756 0.02871 0 0
-0 -0 -0 0.099851 0 0 0 0 0 0 0 0.092513 -0.0074095 0.036832 0 0
-0 -0 -0 0.1212 0 0 0 0 0 0 0 0.1123 -0.008994 0.044708 0 0
0 0 0 0.067553 0 0 0 0 0 0 0 0.062589 -0.0050129 0.024918 0 0
0 0 0 0.14558 0 0 0 0 0 0 0 0.13488 -0.010803 0.053701 0 0
-0 -0 -0 0.13852 0 0 0 0 0 0 0 0.12834 -0.010279 0.051096 0 0
-0 -0 -0 0.087948 0 0 0 0 0 0 0 0.081485 -0.0065263 0.032441 0 0
0 0 0 0.0016738 0 0 0 0 0 0 0 0.0015508 -0.00012421 0.00061742 0 0
-0 -0 -0 0.13218 0 0 0 0 0 0 0 0.12246 -0.0098083 0.048756 0 0
0 0 0 0.16025 0 0 0 0 0 0 0 0.14847 -0.011891 0.05911 0 0
-0 -0 -0 0.074269 0 0 0 0 0 0 0 0.068811 -0.0055112 0.027396 0 0
0 0 0 0.089903 0 0 0 0 0 0 0 0.083296 -0.0066713 0.033162 0 0
-0 -0 -0 0.17584 0 0 0 0 0 0 0 0.16292 -0.013049 0.064863 0 0
0 0 0 0.19434 0 0 0 0 0 0 0 0.18006 -0.014421 0.071687 0 0
-0 -0 -0 0.19922 0 0 0 0 0 0 0 0.18458 -0.014783 0.073485 0 0
-0 -0 -0 0.10111 0 0 0 0 0 0 0 0.093681 -0.0075031 0.037297 0 0
-0 -0 -0 0.078968 0 0 0 0 0 0 0 0.073165 -0.0058599 0.029129 0 0
0 0 0 0.025981 0 0 0 0 0 0 0 0.024072 -0.001928 0.0095837 0 0
-0 -0 -0 0.008117 0 0 0 0 0 0 0 0.0075206 -0.00060233 0.0029941 0 0
-0 -0 -0 0.023008 0 0 0 0 0 0 0 0.021317 -0.0017073 0.008487 0 0
-0 -0 -0 0.19011 0 0 0 0 0 0 0 0.17614 -0.014107 0.070126 0 0
-0 -0 -0 0.18686 0 0 0 0 0 0 0 0.17313 -0.013866 0.068927 0 0
0 0 0 0.075459 0 0 0 0 0 0 0 0.069914 -0.0055995 0.027835 0 0
-0 -0 -0 0.047831 0 0 0 0 0 0 0 0.044316 -0.0035493 0.017643 0 0
0 0 0 0.083071 0 0 0 0 0 0 0 0.076967 -0.0061644 0.030643 0 0
0 0 0 0.13573 0 0 0 0 0 0 0 0.12575 -0.010072 0.050065 0 0
0 0 0 0.11785 0 0 0 0 0 0 0 0.10919 -0.0087452 0.043472 0 0
-0 -0 -0 0.059756 0 0 0 0 0 0 0 0.055364 -0.0044342 0.022042 0 0
-0 -0 -0 0.034621 0 0 0 0 0 0 0 0.032076 -0.0025691 0.01277 0 0
