-0 -0 -0.0046456 0 0 0 0 0 0 0 0 0 0 0.0010787 -0.0024989 -0.0037648 0.00021979 -0.00048497 0.00038488 0 0
-0 -0 -0.23554 0 0 0 0 0 0 0 0 0 0 0.054692 -0.1267 -0.19088 0.0075473 -0.025927 0.019372 0 0
-0 -0 -0.14373 0 0 0 0 0 0 0 0 0 0 0.033373 -0.077311 -0.11648 0.0054887 -0.01553 0.01188 0 0
-0 -0 -0.22379 0 0 0 0 0 0 0 0 0 0 0.051964 -0.12038 -0.18136 0.0073478 -0.02458 0.01842 0 0
0 0 0.29237 0 0 0 0 0 0 0 0 0 0 -0.067888 0.15727 0.23693 -0.019199 0.027596 -0.023818 0 0
0 0 0.19669 0 0 0 0 0 0 0 0 0 0 -0.045673 0.1058 0.1594 -0.011793 0.01926 -0.016163 0 0
0 0 0.15839 0 0 0 0 0 0 0 0 0 0 -0.036777 0.085196 0.12836 -0.0091247 0.015721 -0.013049 0 0
-0 -0 -0.038635 0 0 0 0 0 0 0 0 0 0 0.008971 -0.020782 -0.031309 0.0017426 -0.0040702 0.0032009 0 0
0 0 0.12382 0 0 0 0 0 0 0 0 0 0 -0.02875 0.066601 0.10034 -0.0068679 0.012434 -0.010221 0 0
-0 -0 -0.2281 0 0 0 0 0 0 0 0 0 0 0.052965 -0.1227 -0.18485 0.0074232 -0.025074 0.01877 0 0
-0 -0 -0.17482 0 0 0 0 0 0 0 0 0 0 0.040594 -0.094038 -0.14168 0.0063139 -0.019016 0.014431 0 0
0 0 0.33375 0 0 0 0 0 0 0 0 0 0 -0.077496 0.17952 0.27047 -0.022717 0.030964 -0.027061 0 0
0 0 0.042215 0 0 0 0 0 0 0 0 0 0 -0.0098023 0.022708 0.034211 -0.0021242 0.0043485 -0.003495 0 0
0 0 0.31473 0 0 0 0 0 0 0 0 0 0 -0.07308 0.16929 0.25505 -0.021077 0.029434 -0.025576 0 0
-0 -0 -0.13667 0 0 0 0 0 0 0 0 0 0 0.031734 -0.073514 -0.11076 0.0052832 -0.014744 0.0113 0 0
-0 -0 -0.19515 0 0 0 0 0 0 0 0 0 0 0.045314 -0.10497 -0.15815 0.0067827 -0.021315 0.016091 0 0
-0 -0 -0.0056663 0 0 0 0 0 0 0 0 0 0 0.0013157 -0.0030479 -0.004592 0.0002677 -0.0005917 0.00046944 0 0
-0 -0 -0.051095 0 0 0 0 0 0 0 0 0 0 0.011864 -0.027484 -0.041407 0.0022631 -0.0054002 0.0042329 0 0
0 0 0.17365 0 0 0 0 0 0 0 0 0 0 -0.040321 0.093407 0.14073 -0.010167 0.017144 -0.014293 0 0
0 0 0.31018 0 0 0 0 0 0 0 0 0 0 -0.072024 0.16685 0.25137 -0.020691 0.029064 -0.02522 0 0
-0 -0 -0.01142 0 0 0 0 0 0 0 0 0 0 0.0026517 -0.0061427 -0.0092545 0.00053527 -0.0011944 0.00094613 0 0
0 0 0.33579 0 0 0 0 0 0 0 0 0 0 -0.077969 0.18062 0.27212 -0.022896 0.031126 -0.02722 0 0
0 0 0.14304 0 0 0 0 0 0 0 0 0 0 -0.033213 0.07694 0.11592 -0.0081048 0.014272 -0.011795 0 0
0 0 0.1395 0 0 0 0 0 0 0 0 0 0 -0.032393 0.075039 0.11305 -0.007874 0.013936 -0.011506 0 0
0 0 0.2705 0 0 0 0 0 0 0 0 0 0 -0.062811 0.1455 0.21921 -0.017415 0.025757 -0.022086 0 0
0 0 0.062161 0 0 0 0 0 0 0 0 0 0 -0.014434 0.033437 0.050375 -0.0032068 0.006365 -0.0051436 0 0
0 0 0.11483 0 0 0 0 0 0 0 0 0 0 -0.026663 0.061765 0.093054 -0.0063047 0.011565 -0.0094825 0 0
0 0 0.073739 0 0 0 0 0 0 0 0 0 0 -0.017122 0.039665 0.059758 -0.0038583 0.0075239 -0.0060995 0 0
-0 -0 -0.2182 0 0 0 0 0 0 0 0 0 0 0.050666 -0.11737 -0.17683 0.0072463 -0.02394 0.017967 0 0
-0 -0 -0.17801 0 0 0 0 0 0 0 0 0 0 0.041334 -0.095752 -0.14426 0.0063911 -0.019375 0.014691 0 0
0 0 0.26682 0 0 0 0 0 0 0 0 0 0 -0.061956 0.14352 0.21623 -0.01712 0.025444 -0.021794 0 0
0 0 0.3194 0 0 0 0 0 0 0 0 0 0 -0.074164 0.17181 0.25884 -0.021476 0.029813 -0.025942 0 0
0 0 0.28573 0 0 0 0 0 0 0 0 0 0 -0.066347 0.1537 0.23156 -0.018652 0.027042 -0.023294 0 0
0 0 0.23966 0 0 0 0 0 0 0 0 0 0 -0.055649 0.12891 0.19422 -0.01499 0.023096 -0.019625 0 0
0 0 0.31206 0 0 0 0 0 0 0 0 0 0 -0.072461 0.16786 0.25289 -0.02085 0.029217 -0.025367 0 0
-0 -0 -0.24727 0 0 0 0 0 0 0 0 0 0 0.057416 -0.13301 -0.20039 0.0077277 -0.027277 0.020319 0 0
-0 -0 -0.19493 0 0 0 0 0 0 0 0 0 0 0.045263 -0.10485 -0.15797 0.0067779 -0.02129 0.016073 0 0
0 0 0.079545 0 0 0 0 0 0 0 0 0 0 -0.01847 0.042788 0.064463 -0.0041913 0.0081018 -0.0065785 0 0
0 0 0.1572 0 0 0 0 0 0 0 0 0 0 -0.036502 0.084558 0.12739 -0.0090448 0.015609 -0.012952 0 0
0 0 0.23925 0 0 0 0 0 0 0 0 0 0 -0.055555 0.1287 0.19389 -0.014959 0.02306 -0.019592 0 0
0 0 0.096775 0 0 0 0 0 0 0 0 0 0 -0.022471 0.052056 0.078426 -0.0052042 0.0098035 -0.0079982 0 0
0 0 0.22337 0 0 0 0 0 0 0 0 0 0 -0.051867 0.12015 0.18102 -0.013753 0.021659 -0.018317 0 0
0 0 0.17642 0 0 0 0 0 0 0 0 0 0 -0.040964 0.094895 0.14297 -0.010359 0.0174 -0.014518 0 0
0 0 0.27226 0 0 0 0 0 0 0 0 0 0 -0.063219 0.14645 0.22064 -0.017557 0.025907 -0.022226 0 0
0 0 0.24552 0 0 0 0 0 0 0 0 0 0 -0.057009 0.13206 0.19897 -0.015442 0.023607 -0.020094 0 0
-0 -0 -0.14807 0 0 0 0 0 0 0 0 0 0 0.034382 -0.079648 -0.12 0.0056118 -0.016014 0.012237 0 0
0 0 0.14306 0 0 0 0 0 0 0 0 0 0 -0.033218 0.076952 0.11593 -0.0081062 0.014274 -0.011797 0 0
-0 -0 -0.31212 0 0 0 0 0 0 0 0 0 0 0.072474 -0.16789 -0.25294 0.0083848 -0.034809 0.025507 0 0
0 0 0.25085 0 0 0 0 0 0 0 0 0 0 -0.058247 0.13493 0.20329 -0.015857 0.02407 -0.02052 0 0
-0 -0 -0.28459 0 0 0 0 0 0 0 0 0 0 0.066082 -0.15308 -0.23063 0.0081763 -0.031598 0.023316 0 0
-0 -0 -0.058089 0 0 0 0 0 0 0 0 0 0 0.013488 -0.031246 -0.047075 0.0025464 -0.0061504 0.004812 0 0
-0 -0 -0.19047 0 0 0 0 0 0 0 0 0 0 0.044228 -0.10246 -0.15436 0.0066798 -0.020784 0.01571 0 0
-0 -0 -0.0088026 0 0 0 0 0 0 0 0 0 0 0.002044 -0.0047349 -0.0071336 0.00041409 -0.00091998 0.00072929 0 0
0 0 0.20554 0 0 0 0 0 0 0 0 0 0 -0.047727 0.11056 0.16657 -0.012434 0.020062 -0.016879 0 0
0 0 0.26134 0 0 0 0 0 0 0 0 0 0 -0.060682 0.14057 0.21179 -0.016683 0.024975 -0.021357 0 0
0 0 0.050127 0 0 0 0 0 0 0 0 0 0 -0.011639 0.026963 0.040622 -0.0025476 0.0051514 -0.0041492 0 0
0 0 0.049263 0 0 0 0 0 0 0 0 0 0 -0.011439 0.026499 0.039923 -0.002501 0.0050639 -0.0040778 0 0
0 0 0.29244 0 0 0 0 0 0 0 0 0 0 -0.067905 0.15731 0.237 -0.019205 0.027602 -0.023824 0 0
0 0 0.18232 0 0 0 0 0 0 0 0 0 0 -0.042334 0.098069 0.14775 -0.010771 0.017945 -0.014997 0 0
0 0 0.0080614 0 0 0 0 0 0 0 0 0 0 -0.0018719 0.0043363 0.006533 -0.000388 0.0008386 -0.00066779 0 0
-0 -0 -0.26469 0 0 0 0 0 0 0 0 0 0 0.061462 -0.14238 -0.21451 0.0079609 -0.02929 0.021722 0 0
0 0 0.1157 0 0 0 0 0 0 0 0 0 0 -0.026866 0.062237 0.093766 -0.0063593 0.01165 -0.0095546 0 0
0 0 0.23602 0 0 0 0 0 0 0 0 0 0 -0.054805 0.12696 0.19127 -0.014711 0.022777 -0.019333 0 0
0 0 0.13462 0 0 0 0 0 0 0 0 0 0 -0.031259 0.072412 0.1091 -0.0075576 0.01347 -0.011106 0 0
-0 -0 -0.17957 0 0 0 0 0 0 0 0 0 0 0.041696 -0.096592 -0.14552 0.0064284 -0.019551 0.014819 0 0
0 0 0.11042 0 0 0 0 0 0 0 0 0 0 -0.025639 0.059395 0.089484 -0.0060324 0.011137 -0.0091205 0 0
-0 -0 -0.14913 0 0 0 0 0 0 0 0 0 0 0.034627 -0.080215 -0.12085 0.0056413 -0.016132 0.012324 0 0
-0 -0 -0.055369 0 0 0 0 0 0 0 0 0 0 0.012857 -0.029783 -0.044871 0.002437 -0.0058584 0.0045868 0 0
-0 -0 -0.26941 0 0 0 0 0 0 0 0 0 0 0.062556 -0.14491 -0.21833 0.0080168 -0.029835 0.0221 0 0
-0 -0 -0.16259 0 0 0 0 0 0 0 0 0 0 0.037753 -0.087457 -0.13176 0.0060048 -0.017639 0.013429 0 0
0 0 0.10195 0 0 0 0 0 0 0 0 0 0 -0.023672 0.054838 0.082619 -0.0055155 0.010311 -0.008424 0 0
0 0 0.19043 0 0 0 0 0 0 0 0 0 0 -0.044219 0.10244 0.15433 -0.011345 0.01869 -0.015656 0 0
0 0 0.040298 0 0 0 0 0 0 0 0 0 0 -0.0093573 0.021677 0.032658 -0.0020229 0.0041534 -0.0033365 0 0
0 0 0.33085 0 0 0 0 0 0 0 0 0 0 -0.076824 0.17797 0.26812 -0.022465 0.030733 -0.026836 0 0
-0 -0 -0.32862 0 0 0 0 0 0 0 0 0 0 0.076306 -0.17677 -0.26632 0.0084598 -0.036743 0.026812 0 0
0 0 0.2353 0 0 0 0 0 0 0 0 0 0 -0.054636 0.12657 0.19068 -0.014655 0.022713 -0.019275 0 0
-0 -0 -0.32255 0 0 0 0 0 0 0 0 0 0 0.074895 -0.1735 -0.26139 0.0084365 -0.03603 0.026332 0 0
0 0 0.32922 0 0 0 0 0 0 0 0 0 0 -0.076445 0.17709 0.2668 -0.022323 0.030602 -0.026709 0 0
0 0 0.10937 0 0 0 0 0 0 0 0 0 0 -0.025395 0.058828 0.088629 -0.0059676 0.011034 -0.0090339 0 0
-0 -0 -0.13103 0 0 0 0 0 0 0 0 0 0 0.030424 -0.07048 -0.10618 0.0051142 -0.014117 0.010836 0 0
0 0 0.034228 0 0 0 0 0 0 0 0 0 0 -0.0079477 0.018411 0.027738 -0.0017049 0.003534 -0.0028342 0 0
0 0 0.2328 0 0 0 0 0 0 0 0 0 0 -0.054057 0.12523 0.18866 -0.014465 0.022494 -0.019075 0 0
0 0 0.11502 0 0 0 0 0 0 0 0 0 0 -0.026707 0.061869 0.093211 -0.0063168 0.011583 -0.0094984 0 0
-0 -0 -0.0039397 0 0 0 0 0 0 0 0 0 0 0.0009148 -0.0021192 -0.0031927 0.00018657 -0.0004112 0.00032639 0 0
-0 -0 -0.14942 0 0 0 0 0 0 0 0 0 0 0.034694 -0.080371 -0.12109 0.0056494 -0.016164 0.012348 0 0
-0 -0 -0.16102 0 0 0 0 0 0 0 0 0 0 0.037388 -0.086611 -0.13049 0.0059636 -0.017463 0.0133 0 0
0 0 0.17966 0 0 0 0 0 0 0 0 0 0 -0.041716 0.096637 0.14559 -0.010585 0.0177 -0.014781 0 0
-0 -0 -0.27475 0 0 0 0 0 0 0 0 0 0 0.063798 -0.14779 -0.22266 0.0080766 -0.030455 0.022529 0 0
0 0 0.063598 0 0 0 0 0 0 0 0 0 0 -0.014767 0.034209 0.05154 -0.0032868 0.0065093 -0.0052623 0 0
-0 -0 -0.27065 0 0 0 0 0 0 0 0 0 0 0.062846 -0.14559 -0.21934 0.0080311 -0.02998 0.0222 0 0
0 0 0.25195 0 0 0 0 0 0 0 0 0 0 -0.058503 0.13552 0.20418 -0.015943 0.024166 -0.020608 0 0
0 0 0.018188 0 0 0 0 0 0 0 0 0 0 -0.0042232 0.0097833 0.014739 -0.00088723 0.0018866 -0.0015064 0 0
0 0 0.059561 0 0 0 0 0 0 0 0 0 0 -0.01383 0.032038 0.048268 -0.0030629 0.0061036 -0.0049289 0 0
0 0 0.049715 0 0 0 0 0 0 0 0 0 0 -0.011544 0.026742 0.040289 -0.0025254 0.0051097 -0.0041152 0 0
-0 -0 -0.19032 0 0 0 0 0 0 0 0 0 0 0.044193 -0.10237 -0.15424 0.0066764 -0.020767 0.015697 0 0
0 0 0.26663 0 0 0 0 0 0 0 0 0 0 -0.061912 0.14342 0.21608 -0.017105 0.025428 -0.021779 0 0
0 0 0.34597 0 0 0 0 0 0 0 0 0 0 -0.080334 0.1861 0.28037 -0.023792 0.031929 -0.02801 0 0
-0 -0 -0.22539 0 0 0 0 0 0 0 0 0 0 0.052335 -0.12124 -0.18265 0.007376 -0.024763 0.01855 0 0
-0 -0 -0.18292 0 0 0 0 0 0 0 0 0 0 0.042473 -0.098391 -0.14823 0.0065073 -0.019929 0.015093 0 0
-0 -0 -0.21133 0 0 0 0 0 0 0 0 0 0 0.04907 -0.11367 -0.17126 0.0071156 -0.023156 0.017408 0 0
