-0 -0 -0.25048 0 0 0 0 0 0 0 0 0 0 0.070306 -0.12939 -0.20262 0.0085301 -0.03587 0.025865 0 0
0 0 0.082103 0 0 0 0 0 0 0 0 0 0 -0.023045 0.042412 0.066416 -0.0050686 0.010852 -0.0086887 0 0
0 0 0.29765 0 0 0 0 0 0 0 0 0 0 -0.083548 0.15376 0.24078 -0.023363 0.036441 -0.031377 0 0
0 0 0.097164 0 0 0 0 0 0 0 0 0 0 -0.027273 0.050191 0.078599 -0.0061156 0.012783 -0.010285 0 0
-0 -0 -0.049082 0 0 0 0 0 0 0 0 0 0 0.013777 -0.025354 -0.039704 0.0025041 -0.0067311 0.0051672 0 0
0 0 0.086653 0 0 0 0 0 0 0 0 0 0 -0.024322 0.044762 0.070097 -0.0053811 0.011438 -0.0091709 0 0
0 0 0.22349 0 0 0 0 0 0 0 0 0 0 -0.06273 0.11545 0.18079 -0.016284 0.028159 -0.023632 0 0
-0 -0 -0.10581 0 0 0 0 0 0 0 0 0 0 0.0297 -0.054658 -0.085595 0.0048983 -0.014712 0.011095 0 0
-0 -0 -0.19186 0 0 0 0 0 0 0 0 0 0 0.053853 -0.099108 -0.1552 0.0074904 -0.027175 0.019952 0 0
0 0 0.26994 0 0 0 0 0 0 0 0 0 0 -0.075769 0.13944 0.21837 -0.020625 0.033415 -0.028494 0 0
0 0 0.072696 0 0 0 0 0 0 0 0 0 0 -0.020405 0.037552 0.058807 -0.0044328 0.0096367 -0.0076918 0 0
-0 -0 -0.24554 0 0 0 0 0 0 0 0 0 0 0.068919 -0.12683 -0.19862 0.0084653 -0.035131 0.025371 0 0
-0 -0 -0.045935 0 0 0 0 0 0 0 0 0 0 0.012893 -0.023728 -0.037158 0.0023555 -0.0062944 0.0048368 0 0
0 0 0.19686 0 0 0 0 0 0 0 0 0 0 -0.055257 0.10169 0.15925 -0.013939 0.025046 -0.02083 0 0
0 0 0.16852 0 0 0 0 0 0 0 0 0 0 -0.0473 0.087049 0.13632 -0.011559 0.021654 -0.017839 0 0
-0 -0 -0.019935 0 0 0 0 0 0 0 0 0 0 0.0055956 -0.010298 -0.016126 0.0010651 -0.0027133 0.0021022 0 0
0 0 0.029381 0 0 0 0 0 0 0 0 0 0 -0.0082469 0.015177 0.023767 -0.0016885 0.0039449 -0.0031049 0 0
-0 -0 -0.060226 0 0 0 0 0 0 0 0 0 0 0.016905 -0.03111 -0.048719 0.003017 -0.0082826 0.0063359 0 0
0 0 0.16554 0 0 0 0 0 0 0 0 0 0 -0.046466 0.085513 0.13391 -0.011317 0.021294 -0.017524 0 0
0 0 0.088245 0 0 0 0 0 0 0 0 0 0 -0.024769 0.045584 0.071384 -0.0054912 0.011642 -0.0093396 0 0
0 0 0.34624 0 0 0 0 0 0 0 0 0 0 -0.097185 0.17885 0.28009 -0.028422 0.04154 -0.036388 0 0
-0 -0 -0.28724 0 0 0 0 0 0 0 0 0 0 0.080624 -0.14838 -0.23236 0.0088798 -0.041391 0.029512 0 0
-0 -0 -0.34302 0 0 0 0 0 0 0 0 0 0 0.09628 -0.17719 -0.27748 0.0089642 -0.049851 0.034944 0 0
-0 -0 -0.25943 0 0 0 0 0 0 0 0 0 0 0.072818 -0.13401 -0.20986 0.0086367 -0.037209 0.026758 0 0
0 0 0.19809 0 0 0 0 0 0 0 0 0 0 -0.055601 0.10233 0.16024 -0.014045 0.025191 -0.020959 0 0
-0 -0 -0.07676 0 0 0 0 0 0 0 0 0 0 0.021546 -0.039651 -0.062094 0.0037397 -0.0106 0.0080662 0 0
0 0 0.027389 0 0 0 0 0 0 0 0 0 0 -0.0076878 0.014148 0.022156 -0.0015695 0.0036795 -0.0028943 0 0
-0 -0 -0.29691 0 0 0 0 0 0 0 0 0 0 0.08334 -0.15337 -0.24018 0.008933 -0.042852 0.030464 0 0
0 0 0.095102 0 0 0 0 0 0 0 0 0 0 -0.026694 0.049126 0.076932 -0.0059702 0.01252 -0.010066 0 0
0 0 0.34629 0 0 0 0 0 0 0 0 0 0 -0.097199 0.17888 0.28013 -0.028427 0.041545 -0.036393 0 0
-0 -0 -0.24637 0 0 0 0 0 0 0 0 0 0 0.069153 -0.12727 -0.1993 0.0084765 -0.035256 0.025454 0 0
-0 -0 -0.27988 0 0 0 0 0 0 0 0 0 0 0.078558 -0.14457 -0.2264 0.0088285 -0.040282 0.028786 0 0
-0 -0 -0.23946 0 0 0 0 0 0 0 0 0 0 0.067212 -0.12369 -0.19371 0.0083797 -0.034224 0.024762 0 0
0 0 0.32843 0 0 0 0 0 0 0 0 0 0 -0.092186 0.16965 0.26568 -0.026529 0.039702 -0.034558 0 0
0 0 0.15613 0 0 0 0 0 0 0 0 0 0 -0.043822 0.080648 0.1263 -0.010557 0.020148 -0.016529 0 0
-0 -0 -0.056501 0 0 0 0 0 0 0 0 0 0 0.015859 -0.029186 -0.045706 0.0028478 -0.0077631 0.0059455 0 0
0 0 0.069545 0 0 0 0 0 0 0 0 0 0 -0.019521 0.035925 0.056258 -0.004223 0.0092278 -0.0073579 0 0
-0 -0 -0.30725 0 0 0 0 0 0 0 0 0 0 0.086241 -0.15871 -0.24855 0.008972 -0.044416 0.031476 0 0
-0 -0 -0.028314 0 0 0 0 0 0 0 0 0 0 0.0079473 -0.014626 -0.022904 0.0014932 -0.0038622 0.0029844 0 0
-0 -0 -0.0022672 0 0 0 0 0 0 0 0 0 0 0.00063637 -0.0011711 -0.001834 0.00012442 -0.00030711 0.00023928 0 0
-0 -0 -0.26663 0 0 0 0 0 0 0 0 0 0 0.07484 -0.13773 -0.21569 0.0087125 -0.03829 0.027474 0 0
-0 -0 -0.074026 0 0 0 0 0 0 0 0 0 0 0.020778 -0.038239 -0.059882 0.0036233 -0.010215 0.0077804 0 0
0 0 0.21674 0 0 0 0 0 0 0 0 0 0 -0.060835 0.11196 0.17533 -0.015679 0.027376 -0.022922 0 0
-0 -0 -0.16425 0 0 0 0 0 0 0 0 0 0 0.046102 -0.084843 -0.13286 0.0067961 -0.023133 0.01713 0 0
-0 -0 -0.31674 0 0 0 0 0 0 0 0 0 0 0.088905 -0.16362 -0.25622 0.0089915 -0.045855 0.032402 0 0
0 0 0.11974 0 0 0 0 0 0 0 0 0 0 -0.03361 0.061854 0.096863 -0.0077524 0.01564 -0.012677 0 0
-0 -0 -0.21964 0 0 0 0 0 0 0 0 0 0 0.061649 -0.11346 -0.17767 0.0080567 -0.031276 0.022768 0 0
0 0 0.28279 0 0 0 0 0 0 0 0 0 0 -0.079376 0.14608 0.22876 -0.021881 0.034829 -0.029833 0 0
0 0 0.085889 0 0 0 0 0 0 0 0 0 0 -0.024108 0.044367 0.069479 -0.0053284 0.01134 -0.0090899 0 0
0 0 0.015532 0 0 0 0 0 0 0 0 0 0 -0.0043595 0.008023 0.012564 -0.000875 0.0020936 -0.0016405 0 0
0 0 0.0088047 0 0 0 0 0 0 0 0 0 0 -0.0024714 0.0045482 0.0071224 -0.00049118 0.001189 -0.00092972 0 0
0 0 0.017553 0 0 0 0 0 0 0 0 0 0 -0.0049269 0.0090672 0.014199 -0.00099178 0.0023647 -0.0018541 0 0
-0 -0 -0.31397 0 0 0 0 0 0 0 0 0 0 0.088126 -0.16218 -0.25398 0.0089874 -0.045434 0.032131 0 0
-0 -0 -0.26642 0 0 0 0 0 0 0 0 0 0 0.074782 -0.13762 -0.21552 0.0087104 -0.038259 0.027453 0 0
-0 -0 -0.24402 0 0 0 0 0 0 0 0 0 0 0.068492 -0.12605 -0.19739 0.0084445 -0.034904 0.025219 0 0
0 0 0.0036444 0 0 0 0 0 0 0 0 0 0 -0.0010229 0.0018826 0.0029481 -0.00020177 0.00049286 -0.00038474 0 0
0 0 0.20417 0 0 0 0 0 0 0 0 0 0 -0.057308 0.10547 0.16516 -0.014572 0.025907 -0.0216 0 0
0 0 0.041187 0 0 0 0 0 0 0 0 0 0 -0.011561 0.021276 0.033318 -0.0024064 0.0055112 -0.0043543 0 0
0 0 0.0017203 0 0 0 0 0 0 0 0 0 0 -0.00048287 0.00088866 0.0013916 -9.4973e-05 0.00023278 -0.0001816 0 0
0 0 0.26509 0 0 0 0 0 0 0 0 0 0 -0.074407 0.13694 0.21444 -0.020157 0.032877 -0.027988 0 0
-0 -0 -0.055287 0 0 0 0 0 0 0 0 0 0 0.015518 -0.028559 -0.044724 0.0027922 -0.007594 0.0058181 0 0
-0 -0 -0.13543 0 0 0 0 0 0 0 0 0 0 0.038015 -0.069961 -0.10956 0.0059329 -0.018958 0.014164 0 0
0 0 0.050856 0 0 0 0 0 0 0 0 0 0 -0.014275 0.02627 0.041139 -0.0030113 0.0067858 -0.0053781 0 0
-0 -0 -0.24498 0 0 0 0 0 0 0 0 0 0 0.068764 -0.12655 -0.19818 0.0084577 -0.035048 0.025316 0 0
0 0 0.23355 0 0 0 0 0 0 0 0 0 0 -0.065556 0.12065 0.18893 -0.017198 0.029317 -0.024688 0 0
0 0 0.072985 0 0 0 0 0 0 0 0 0 0 -0.020486 0.037701 0.05904 -0.0044521 0.0096741 -0.0077224 0 0
-0 -0 -0.29618 0 0 0 0 0 0 0 0 0 0 0.083134 -0.153 -0.23959 0.0089296 -0.042741 0.030392 0 0
0 0 0.29885 0 0 0 0 0 0 0 0 0 0 -0.083883 0.15437 0.24175 -0.023483 0.036569 -0.0315 0 0
-0 -0 -0.10728 0 0 0 0 0 0 0 0 0 0 0.030113 -0.055419 -0.086786 0.0049532 -0.014922 0.011248 0 0
0 0 0.10308 0 0 0 0 0 0 0 0 0 0 -0.028934 0.053249 0.083388 -0.0065371 0.013536 -0.010912 0 0
0 0 0.22537 0 0 0 0 0 0 0 0 0 0 -0.063259 0.11642 0.18231 -0.016454 0.028376 -0.023829 0 0
-0 -0 -0.037583 0 0 0 0 0 0 0 0 0 0 0.010549 -0.019414 -0.030402 0.0019532 -0.005139 0.0039593 0 0
-0 -0 -0.08874 0 0 0 0 0 0 0 0 0 0 0.024908 -0.04584 -0.071785 0.0042347 -0.012289 0.009317 0 0
-0 -0 -0.031942 0 0 0 0 0 0 0 0 0 0 0.0089658 -0.0165 -0.025839 0.001675 -0.0043613 0.0033662 0 0
-0 -0 -0.23526 0 0 0 0 0 0 0 0 0 0 0.066034 -0.12153 -0.19031 0.008317 -0.033598 0.024341 0 0
0 0 0.30884 0 0 0 0 0 0 0 0 0 0 -0.086688 0.15954 0.24983 -0.024499 0.037639 -0.032536 0 0
-0 -0 -0.065477 0 0 0 0 0 0 0 0 0 0 0.018379 -0.033823 -0.052967 0.0032515 -0.0090166 0.0068859 0 0
0 0 0.29403 0 0 0 0 0 0 0 0 0 0 -0.082532 0.15189 0.23785 -0.022999 0.03605 -0.031001 0 0
-0 -0 -0.051428 0 0 0 0 0 0 0 0 0 0 0.014435 -0.026566 -0.041602 0.0026138 -0.007057 0.0054134 0 0
-0 -0 -0.27067 0 0 0 0 0 0 0 0 0 0 0.075975 -0.13982 -0.21896 0.0087511 -0.038897 0.027875 0 0
-0 -0 -0.087751 0 0 0 0 0 0 0 0 0 0 0.024631 -0.045329 -0.070985 0.0041947 -0.012149 0.0092138 0 0
-0 -0 -0.19671 0 0 0 0 0 0 0 0 0 0 0.055213 -0.10161 -0.15912 0.0075987 -0.027888 0.020445 0 0
-0 -0 -0.06701 0 0 0 0 0 0 0 0 0 0 0.018809 -0.034615 -0.054207 0.003319 -0.0092312 0.0070464 0 0
0 0 0.0019821 0 0 0 0 0 0 0 0 0 0 -0.00055635 0.0010239 0.0016034 -0.00010947 0.00026818 -0.00020924 0 0
0 0 0.25792 0 0 0 0 0 0 0 0 0 0 -0.072396 0.13323 0.20864 -0.019472 0.032077 -0.02724 0 0
0 0 0.099487 0 0 0 0 0 0 0 0 0 0 -0.027925 0.051391 0.080479 -0.0062804 0.013079 -0.010531 0 0
-0 -0 -0.25343 0 0 0 0 0 0 0 0 0 0 0.071133 -0.13091 -0.205 0.0085667 -0.03631 0.026159 0 0
0 0 0.27414 0 0 0 0 0 0 0 0 0 0 -0.076948 0.14161 0.22176 -0.021033 0.033879 -0.028932 0 0
-0 -0 -0.12629 0 0 0 0 0 0 0 0 0 0 0.035449 -0.065238 -0.10216 0.0056295 -0.017642 0.013219 0 0
-0 -0 -0.014538 0 0 0 0 0 0 0 0 0 0 0.0040807 -0.00751 -0.011761 0.0007832 -0.0019759 0.0015335 0 0
-0 -0 -0.21046 0 0 0 0 0 0 0 0 0 0 0.059074 -0.10872 -0.17025 0.0078843 -0.029918 0.021841 0 0
0 0 0.24774 0 0 0 0 0 0 0 0 0 0 -0.069537 0.12797 0.20041 -0.018511 0.030931 -0.026175 0 0
0 0 0.24684 0 0 0 0 0 0 0 0 0 0 -0.069284 0.12751 0.19968 -0.018427 0.030829 -0.02608 0 0
-0 -0 -0.10412 0 0 0 0 0 0 0 0 0 0 0.029224 -0.053783 -0.084224 0.0048346 -0.014471 0.010918 0 0
-0 -0 -0.048769 0 0 0 0 0 0 0 0 0 0 0.013689 -0.025192 -0.039451 0.0024894 -0.0066877 0.0051343 0 0
0 0 0.31444 0 0 0 0 0 0 0 0 0 0 -0.088259 0.16243 0.25436 -0.025074 0.038233 -0.033114 0 0
-0 -0 -0.2497 0 0 0 0 0 0 0 0 0 0 0.070089 -0.12899 -0.20199 0.0085202 -0.035754 0.025788 0 0
-0 -0 -0.039979 0 0 0 0 0 0 0 0 0 0 0.011222 -0.020652 -0.03234 0.0020698 -0.00547 0.0042112 0 0
0 0 0.18323 0 0 0 0 0 0 0 0 0 0 -0.051429 0.094648 0.14822 -0.012779 0.023424 -0.019392 0 0
-0 -0 -0.34215 0 0 0 0 0 0 0 0 0 0 0.096036 -0.17674 -0.27677 0.008967 -0.049719 0.03486 0 0
