-0 -0 -0.1783 0 0 0 0 0 0 0 0 0 0 0.03241 -0.09868 -0.14493 0.0012171 -0.010231 0.0072382 0 0
0 0 0.27567 0 0 0 0 0 0 0 0 0 0 -0.050108 0.15256 0.22406 -0.0061091 0.014583 -0.011295 0 0
0 0 0.067197 0 0 0 0 0 0 0 0 0 0 -0.012215 0.03719 0.054619 -0.001025 0.0037245 -0.0027652 0 0
0 0 0.26562 0 0 0 0 0 0 0 0 0 0 -0.048282 0.147 0.2159 -0.0058 0.014088 -0.010889 0 0
-0 -0 -0.34619 0 0 0 0 0 0 0 0 0 0 0.062928 -0.1916 -0.28139 0.00034762 -0.020095 0.01376 0 0
-0 -0 -0.10897 0 0 0 0 0 0 0 0 0 0 0.019808 -0.060309 -0.088573 0.0010052 -0.0062051 0.0044498 0 0
0 0 0.26652 0 0 0 0 0 0 0 0 0 0 -0.048445 0.1475 0.21663 -0.0058274 0.014132 -0.010926 0 0
0 0 0.1336 0 0 0 0 0 0 0 0 0 0 -0.024284 0.073937 0.10859 -0.0023361 0.0073084 -0.0054987 0 0
0 0 0.010992 0 0 0 0 0 0 0 0 0 0 -0.0019981 0.0060836 0.0089347 -0.00014668 0.00061528 -0.00045174 0 0
0 0 0.079843 0 0 0 0 0 0 0 0 0 0 -0.014513 0.044188 0.064897 -0.001252 0.0044149 -0.0032861 0 0
0 0 0.31758 0 0 0 0 0 0 0 0 0 0 -0.057727 0.17576 0.25813 -0.0074657 0.016609 -0.012979 0 0
-0 -0 -0.067706 0 0 0 0 0 0 0 0 0 0 0.012307 -0.037471 -0.055032 0.00072087 -0.0038349 0.0027724 0 0
-0 -0 -0.27725 0 0 0 0 0 0 0 0 0 0 0.050396 -0.15344 -0.22535 0.00094093 -0.016036 0.011129 0 0
0 0 0.11658 0 0 0 0 0 0 0 0 0 0 -0.021191 0.06452 0.094758 -0.0019722 0.0064 -0.0047988 0 0
-0 -0 -0.023292 0 0 0 0 0 0 0 0 0 0 0.0042339 -0.012891 -0.018932 0.00028351 -0.0013108 0.00095595 0 0
0 0 0.3209 0 0 0 0 0 0 0 0 0 0 -0.058331 0.1776 0.26083 -0.0075779 0.016768 -0.013112 0 0
-0 -0 -0.32721 0 0 0 0 0 0 0 0 0 0 0.059477 -0.18109 -0.26596 0.0005437 -0.018977 0.013043 0 0
-0 -0 -0.27198 0 0 0 0 0 0 0 0 0 0 0.049438 -0.15052 -0.22107 0.00097277 -0.015726 0.010925 0 0
0 0 0.28213 0 0 0 0 0 0 0 0 0 0 -0.051283 0.15614 0.22932 -0.0063112 0.014899 -0.011556 0 0
0 0 0.11091 0 0 0 0 0 0 0 0 0 0 -0.020161 0.061384 0.090152 -0.0018552 0.0060959 -0.0045656 0 0
-0 -0 -0.25769 0 0 0 0 0 0 0 0 0 0 0.046842 -0.14262 -0.20946 0.0010494 -0.014885 0.01037 0 0
-0 -0 -0.24707 0 0 0 0 0 0 0 0 0 0 0.04491 -0.13674 -0.20082 0.0010972 -0.01426 0.0099552 0 0
-0 -0 -0.30758 0 0 0 0 0 0 0 0 0 0 0.055909 -0.17023 -0.25 0.00072034 -0.017821 0.012296 0 0
0 0 0.25792 0 0 0 0 0 0 0 0 0 0 -0.046882 0.14274 0.20964 -0.0055675 0.013707 -0.010578 0 0
-0 -0 -0.1091 0 0 0 0 0 0 0 0 0 0 0.019832 -0.060381 -0.088679 0.0010059 -0.0062126 0.0044551 0 0
0 0 0.0060354 0 0 0 0 0 0 0 0 0 0 -0.0010971 0.0033402 0.0049056 -7.9514e-05 0.00033809 -0.00024799 0 0
-0 -0 -0.13883 0 0 0 0 0 0 0 0 0 0 0.025236 -0.076836 -0.11285 0.0011374 -0.0079332 0.005656 0 0
0 0 0.18005 0 0 0 0 0 0 0 0 0 0 -0.032728 0.099647 0.14635 -0.0034267 0.0097505 -0.0074054 0 0
-0 -0 -0.27057 0 0 0 0 0 0 0 0 0 0 0.049182 -0.14974 -0.21992 0.00098097 -0.015643 0.01087 0 0
-0 -0 -0.11269 0 0 0 0 0 0 0 0 0 0 0.020484 -0.062368 -0.091596 0.0010251 -0.0064198 0.0046005 0 0
-0 -0 -0.28069 0 0 0 0 0 0 0 0 0 0 0.051021 -0.15534 -0.22814 0.00091914 -0.016238 0.011262 0 0
0 0 0.24065 0 0 0 0 0 0 0 0 0 0 -0.043744 0.13319 0.19561 -0.0050595 0.012845 -0.0098778 0 0
0 0 0.12238 0 0 0 0 0 0 0 0 0 0 -0.022244 0.067728 0.099469 -0.002094 0.0067102 -0.0050372 0 0
0 0 0.25059 0 0 0 0 0 0 0 0 0 0 -0.04555 0.13868 0.20368 -0.0053495 0.013342 -0.010281 0 0
-0 -0 -0.16285 0 0 0 0 0 0 0 0 0 0 0.029601 -0.090127 -0.13237 0.0011988 -0.0093294 0.0066205 0 0
0 0 0.070611 0 0 0 0 0 0 0 0 0 0 -0.012835 0.039079 0.057393 -0.0010852 0.0039112 -0.0029058 0 0
0 0 0.15693 0 0 0 0 0 0 0 0 0 0 -0.028525 0.086849 0.12755 -0.0028662 0.008542 -0.0064572 0 0
-0 -0 -0.2777 0 0 0 0 0 0 0 0 0 0 0.050478 -0.15369 -0.22572 0.00093813 -0.016062 0.011146 0 0
0 0 0.042282 0 0 0 0 0 0 0 0 0 0 -0.0076857 0.023401 0.034368 -0.00060924 0.0023541 -0.0017391 0 0
0 0 0.26362 0 0 0 0 0 0 0 0 0 0 -0.047918 0.1459 0.21427 -0.0057393 0.013989 -0.010809 0 0
-0 -0 -0.32328 0 0 0 0 0 0 0 0 0 0 0.058763 -0.17891 -0.26276 0.00058119 -0.018746 0.012894 0 0
-0 -0 -0.043889 0 0 0 0 0 0 0 0 0 0 0.0079777 -0.02429 -0.035673 0.00050321 -0.0024775 0.0017995 0 0
0 0 0.17521 0 0 0 0 0 0 0 0 0 0 -0.031849 0.09697 0.14242 -0.0033066 0.0094989 -0.0072072 0 0
-0 -0 -0.035373 0 0 0 0 0 0 0 0 0 0 0.0064298 -0.019577 -0.028752 0.00041591 -0.0019943 0.0014509 0 0
0 0 0.19806 0 0 0 0 0 0 0 0 0 0 -0.036001 0.10961 0.16098 -0.0038872 0.010681 -0.0081421 0 0
-0 -0 -0.19525 0 0 0 0 0 0 0 0 0 0 0.035491 -0.10806 -0.1587 0.0012181 -0.011221 0.0079128 0 0
0 0 0.30122 0 0 0 0 0 0 0 0 0 0 -0.054754 0.16671 0.24484 -0.0069235 0.015826 -0.012324 0 0
-0 -0 -0.16746 0 0 0 0 0 0 0 0 0 0 0.03044 -0.09268 -0.13612 0.001206 -0.0095982 0.0068051 0 0
0 0 0.15552 0 0 0 0 0 0 0 0 0 0 -0.028269 0.08607 0.12641 -0.0028332 0.008468 -0.0063994 0 0
0 0 0.10124 0 0 0 0 0 0 0 0 0 0 -0.018403 0.056031 0.082291 -0.0016605 0.0055751 -0.0041674 0 0
-0 -0 -0.20489 0 0 0 0 0 0 0 0 0 0 0.037243 -0.11339 -0.16653 0.0012097 -0.011785 0.008295 0 0
-0 -0 -0.081345 0 0 0 0 0 0 0 0 0 0 0.014786 -0.045019 -0.066118 0.00082788 -0.0046158 0.003328 0 0
0 0 0.30354 0 0 0 0 0 0 0 0 0 0 -0.055174 0.16799 0.24672 -0.0069992 0.015937 -0.012417 0 0
0 0 0.32138 0 0 0 0 0 0 0 0 0 0 -0.058418 0.17786 0.26122 -0.007594 0.01679 -0.013131 0 0
0 0 0.11322 0 0 0 0 0 0 0 0 0 0 -0.02058 0.06266 0.092026 -0.0019025 0.0062197 -0.0046604 0 0
0 0 0.020364 0 0 0 0 0 0 0 0 0 0 -0.0037017 0.011271 0.016552 -0.00027825 0.0011381 -0.00083715 0 0
-0 -0 -0.32424 0 0 0 0 0 0 0 0 0 0 0.058938 -0.17945 -0.26355 0.00057208 -0.018803 0.012931 0 0
0 0 0.28918 0 0 0 0 0 0 0 0 0 0 -0.052565 0.16005 0.23505 -0.0065348 0.015243 -0.01184 0 0
-0 -0 -0.20312 0 0 0 0 0 0 0 0 0 0 0.036921 -0.11241 -0.1651 0.0012117 -0.011681 0.0082248 0 0
-0 -0 -0.20348 0 0 0 0 0 0 0 0 0 0 0.036987 -0.11261 -0.16539 0.0012113 -0.011703 0.0082393 0 0
0 0 0.33166 0 0 0 0 0 0 0 0 0 0 -0.060287 0.18356 0.26958 -0.0079457 0.017277 -0.013541 0 0
0 0 0.065909 0 0 0 0 0 0 0 0 0 0 -0.01198 0.036476 0.053571 -0.0010024 0.0036539 -0.0027121 0 0
0 0 0.15831 0 0 0 0 0 0 0 0 0 0 -0.028776 0.087613 0.12867 -0.0028987 0.0086146 -0.0065139 0 0
-0 -0 -0.3231 0 0 0 0 0 0 0 0 0 0 0.058731 -0.17882 -0.26262 0.00058282 -0.018736 0.012887 0 0
-0 -0 -0.21832 0 0 0 0 0 0 0 0 0 0 0.039684 -0.12083 -0.17745 0.0011873 -0.012572 0.0088259 0 0
0 0 0.13215 0 0 0 0 0 0 0 0 0 0 -0.024021 0.073135 0.10741 -0.0023044 0.0072313 -0.0054391 0 0
-0 -0 -0.2132 0 0 0 0 0 0 0 0 0 0 0.038754 -0.11799 -0.17329 0.0011973 -0.012272 0.0086238 0 0
-0 -0 -0.16986 0 0 0 0 0 0 0 0 0 0 0.030876 -0.094007 -0.13806 0.0012092 -0.009738 0.006901 0 0
-0 -0 -0.30399 0 0 0 0 0 0 0 0 0 0 0.055256 -0.16824 -0.24708 0.00074979 -0.01761 0.012158 0 0
0 0 0.20146 0 0 0 0 0 0 0 0 0 0 -0.036619 0.11149 0.16375 -0.0039766 0.010856 -0.0082811 0 0
-0 -0 -0.12091 0 0 0 0 0 0 0 0 0 0 0.021977 -0.066914 -0.098274 0.0010655 -0.0068946 0.0049327 0 0
0 0 0.10751 0 0 0 0 0 0 0 0 0 0 -0.019543 0.059502 0.087388 -0.001786 0.005913 -0.0044256 0 0
-0 -0 -0.13231 0 0 0 0 0 0 0 0 0 0 0.024051 -0.073226 -0.10754 0.0011138 -0.0075549 0.0053932 0 0
0 0 0.013008 0 0 0 0 0 0 0 0 0 0 -0.0023645 0.0071992 0.010573 -0.00017447 0.00072787 -0.00053462 0 0
0 0 0.025913 0 0 0 0 0 0 0 0 0 0 -0.0047102 0.014341 0.021062 -0.00035895 0.0014468 -0.0010654 0 0
0 0 0.11769 0 0 0 0 0 0 0 0 0 0 -0.021393 0.065136 0.095663 -0.0019954 0.0064597 -0.0048446 0 0
-0 -0 -0.24368 0 0 0 0 0 0 0 0 0 0 0.044294 -0.13486 -0.19806 0.0011108 -0.014061 0.0098225 0 0
0 0 0.21669 0 0 0 0 0 0 0 0 0 0 -0.039388 0.11993 0.17613 -0.0043858 0.011635 -0.0089028 0 0
-0 -0 -0.17845 0 0 0 0 0 0 0 0 0 0 0.032438 -0.098764 -0.14505 0.0012172 -0.010239 0.0072442 0 0
0 0 0.21621 0 0 0 0 0 0 0 0 0 0 -0.0393 0.11966 0.17573 -0.0043725 0.01161 -0.008883 0 0
0 0 0.21003 0 0 0 0 0 0 0 0 0 0 -0.038177 0.11624 0.17071 -0.0042049 0.011295 -0.0086309 0 0
-0 -0 -0.29585 0 0 0 0 0 0 0 0 0 0 0.053777 -0.16374 -0.24047 0.00081318 -0.017131 0.011846 0 0
0 0 0.34343 0 0 0 0 0 0 0 0 0 0 -0.062425 0.19007 0.27914 -0.0083558 0.017829 -0.014008 0 0
-0 -0 -0.017146 0 0 0 0 0 0 0 0 0 0 0.0031167 -0.0094894 -0.013937 0.00021231 -0.00096405 0.00070389 0 0
-0 -0 -0.11443 0 0 0 0 0 0 0 0 0 0 0.0208 -0.06333 -0.09301 0.001034 -0.0065202 0.0046708 0 0
-0 -0 -0.32008 0 0 0 0 0 0 0 0 0 0 0.058181 -0.17714 -0.26016 0.00061092 -0.018558 0.012772 0 0
-0 -0 -0.050464 0 0 0 0 0 0 0 0 0 0 0.0091728 -0.027928 -0.041017 0.0005672 -0.0028514 0.0020683 0 0
0 0 0.27674 0 0 0 0 0 0 0 0 0 0 -0.050304 0.15316 0.22494 -0.0061426 0.014635 -0.011339 0 0
-0 -0 -0.27527 0 0 0 0 0 0 0 0 0 0 0.050036 -0.15234 -0.22374 0.00095314 -0.015919 0.011052 0 0
0 0 0.20696 0 0 0 0 0 0 0 0 0 0 -0.03762 0.11454 0.16822 -0.0041227 0.011138 -0.0085058 0 0
-0 -0 -0.15972 0 0 0 0 0 0 0 0 0 0 0.029033 -0.088397 -0.12983 0.0011931 -0.0091474 0.0064952 0 0
0 0 0.082185 0 0 0 0 0 0 0 0 0 0 -0.014939 0.045484 0.066801 -0.0012952 0.0045424 -0.0033826 0 0
0 0 0.010212 0 0 0 0 0 0 0 0 0 0 -0.0018563 0.0056519 0.0083007 -0.000136 0.00057169 -0.00041968 0 0
-0 -0 -0.091859 0 0 0 0 0 0 0 0 0 0 0.016697 -0.050838 -0.074664 0.0009016 -0.0052195 0.0037556 0 0
-0 -0 -0.009876 0 0 0 0 0 0 0 0 0 0 0.0017952 -0.0054658 -0.0080274 0.00012475 -0.00055465 0.00040556 0 0
-0 -0 -0.2943 0 0 0 0 0 0 0 0 0 0 0.053495 -0.16288 -0.23921 0.00082474 -0.017039 0.011787 0 0
-0 -0 -0.33899 0 0 0 0 0 0 0 0 0 0 0.061618 -0.18761 -0.27553 0.00042495 -0.019671 0.013489 0 0
0 0 0.13005 0 0 0 0 0 0 0 0 0 0 -0.023639 0.071974 0.10571 -0.0022587 0.0071197 -0.0053529 0 0
0 0 0.26563 0 0 0 0 0 0 0 0 0 0 -0.048283 0.14701 0.2159 -0.0058002 0.014088 -0.01089 0 0
-0 -0 -0.25188 0 0 0 0 0 0 0 0 0 0 0.045785 -0.1394 -0.20473 0.0010765 -0.014543 0.010143 0 0
