0 0 0 0.11954 0 0 0 0 -0 -0 0 0.097163 -0.045503 0.052711 0 0
-0 -0 -0 0.18108 0 0 0 0 -0 -0 0 0.14718 -0.068928 0.079848 0 0
0 0 0 0.014616 0 0 0 0 -0 -0 0 0.01188 -0.0055637 0.0064451 0 0
0 0 0 0.16771 0 0 0 0 -0 -0 0 0.13632 -0.063839 0.073953 0 0
-0 -0 -0 0.1739 0 0 0 0 -0 -0 0 0.14135 -0.066194 0.076681 0 0
0 0 0 0.048135 0 0 0 0 -0 -0 0 0.039125 -0.018323 0.021225 0 0
0 0 0 0.045359 0 0 0 0 -0 -0 0 0.036868 -0.017266 0.020001 0 0
-0 -0 -0 0.056939 0 0 0 0 -0 -0 0 0.046281 -0.021674 0.025107 0 0
0 0 0 0.14966 0 0 0 0 -0 -0 0 0.12164 -0.056967 0.065992 0 0
-0 -0 -0 0.15131 0 0 0 0 -0 -0 0 0.12299 -0.057597 0.066721 0 0
0 0 0 0.11621 0 0 0 0 -0 -0 0 0.094457 -0.044236 0.051244 0 0
-0 -0 -0 0.013318 0 0 0 0 -0 -0 0 0.010825 -0.0050694 0.0058725 0 0
0 0 0 0.012599 0 0 0 0 -0 -0 0 0.010241 -0.0047958 0.0055556 0 0
0 0 0 0.02809 0 0 0 0 -0 -0 0 0.022832 -0.010692 0.012386 0 0
-0 -0 -0 0.11858 0 0 0 0 -0 -0 0 0.096387 -0.045139 0.05229 0 0
0 0 0 0.084815 0 0 0 0 -0 -0 0 0.068938 -0.032285 0.037399 0 0
0 0 0 0.12971 0 0 0 0 -0 -0 0 0.10543 -0.049376 0.057198 0 0
-0 -0 -0 0.1994 0 0 0 0 -0 -0 0 0.16208 -0.075903 0.087928 0 0
-0 -0 -0 0.085778 0 0 0 0 -0 -0 0 0.069722 -0.032652 0.037824 0 0
-0 -0 -0 0.0086116 0 0 0 0 -0 -0 0 0.0069996 -0.003278 0.0037973 0 0
-0 -0 -0 0.19991 0 0 0 0 -0 -0 0 0.16249 -0.076098 0.088153 0 0
-0 -0 -0 0.029308 0 0 0 0 -0 -0 0 0.023822 -0.011156 0.012924 0 0
-0 -0 -0 0.1573 0 0 0 0 -0 -0 0 0.12786 -0.059877 0.069363 0 0
0 0 0 0.12348 0 0 0 0 -0 -0 0 0.10037 -0.047005 0.054451 0 0
0 0 0 0.16585 0 0 0 0 -0 -0 0 0.13481 -0.063132 0.073133 0 0
0 0 0 0.15737 0 0 0 0 -0 -0 0 0.12791 -0.059903 0.069393 0 0
0 0 0 0.05654 0 0 0 0 -0 -0 0 0.045957 -0.021522 0.024932 0 0
-0 -0 -0 0.0087247 0 0 0 0 -0 -0 0 0.0070915 -0.0033211 0.0038472 0 0
-0 -0 -0 0.061109 0 0 0 0 -0 -0 0 0.04967 -0.023261 0.026946 0 0
-0 -0 -0 0.098618 0 0 0 0 -0 -0 0 0.080158 -0.037539 0.043486 0 0
-0 -0 -0 0.15599 0 0 0 0 -0 -0 0 0.12679 -0.059376 0.068783 0 0
0 0 0 0.18082 0 0 0 0 -0 -0 0 0.14698 -0.068831 0.079735 0 0
-0 -0 -0 0.092246 0 0 0 0 -0 -0 0 0.074979 -0.035114 0.040677 0 0
-0 -0 -0 0.18753 0 0 0 0 -0 -0 0 0.15243 -0.071385 0.082694 0 0
-0 -0 -0 0.19602 0 0 0 0 -0 -0 0 0.15933 -0.074616 0.086437 0 0
0 0 0 0.15369 0 0 0 0 -0 -0 0 0.12492 -0.058503 0.067771 0 0
0 0 0 0.1531 0 0 0 0 -0 -0 0 0.12444 -0.058278 0.067511 0 0
-0 -0 -0 0.091099 0 0 0 0 -0 -0 0 0.074047 -0.034677 0.040171 0 0
-0 -0 -0 0.025964 0 0 0 0 -0 -0 0 0.021104 -0.0098834 0.011449 0 0
-0 -0 -0 0.13821 0 0 0 0 -0 -0 0 0.11234 -0.05261 0.060945 0 0
0 0 0 0.067589 0 0 0 0 -0 -0 0 0.054937 -0.025728 0.029804 0 0
-0 -0 -0 0.18909 0 0 0 0 -0 -0 0 0.1537 -0.071979 0.083382 0 0
0 0 0 0.079799 0 0 0 0 -0 -0 0 0.064861 -0.030375 0.035188 0 0
-0 -0 -0 0.029889 0 0 0 0 -0 -0 0 0.024294 -0.011377 0.01318 0 0
-0 -0 -0 0.17862 0 0 0 0 -0 -0 0 0.14518 -0.06799 0.078762 0 0
0 0 0 0.075962 0 0 0 0 -0 -0 0 0.061743 -0.028915 0.033496 0 0
0 0 0 0.095261 0 0 0 0 -0 -0 0 0.077429 -0.036261 0.042006 0 0
0 0 0 0.0038921 0 0 0 0 -0 -0 0 0.0031635 -0.0014815 0.0017162 0 0
-0 -0 -0 0.066763 0 0 0 0 -0 -0 0 0.054266 -0.025413 0.029439 0 0
-0 -0 -0 0.096822 0 0 0 0 -0 -0 0 0.078698 -0.036856 0.042694 0 0
0 0 0 0.16865 0 0 0 0 -0 -0 0 0.13708 -0.064196 0.074367 0 0
0 0 0 0.11953 0 0 0 0 -0 -0 0 0.097152 -0.045498 0.052706 0 0
0 0 0 0.099959 0 0 0 0 -0 -0 0 0.081248 -0.038049 0.044077 0 0
-0 -0 -0 0.047497 0 0 0 0 -0 -0 0 0.038606 -0.01808 0.020944 0 0
0 0 0 0.11069 0 0 0 0 -0 -0 0 0.089971 -0.042134 0.048809 0 0
-0 -0 -0 0.16588 0 0 0 0 -0 -0 0 0.13483 -0.063144 0.073147 0 0
-0 -0 -0 0.062021 0 0 0 0 -0 -0 0 0.050411 -0.023608 0.027348 0 0
-0 -0 -0 0.019011 0 0 0 0 -0 -0 0 0.015452 -0.0072364 0.0083829 0 0
0 0 0 0.11436 0 0 0 0 -0 -0 0 0.092952 -0.043531 0.050427 0 0
-0 -0 -0 0.16862 0 0 0 0 -0 -0 0 0.13706 -0.064186 0.074354 0 0
-0 -0 -0 0.051593 0 0 0 0 -0 -0 0 0.041936 -0.019639 0.02275 0 0
-0 -0 -0 0.19886 0 0 0 0 -0 -0 0 0.16163 -0.075695 0.087687 0 0
0 0 0 0.093026 0 0 0 0 -0 -0 0 0.075613 -0.035411 0.04102 0 0
-0 -0 -0 0.12269 0 0 0 0 -0 -0 0 0.099723 -0.046702 0.0541 0 0
-0 -0 -0 0.075987 0 0 0 0 -0 -0 0 0.061763 -0.028925 0.033507 0 0
-0 -0 -0 0.050965 0 0 0 0 -0 -0 0 0.041425 -0.0194 0.022473 0 0
-0 -0 -0 0.044945 0 0 0 0 -0 -0 0 0.036532 -0.017108 0.019819 0 0
0 0 0 0.077805 0 0 0 0 -0 -0 0 0.063241 -0.029617 0.034309 0 0
-0 -0 -0 0.11139 0 0 0 0 -0 -0 0 0.090542 -0.042402 0.04912 0 0
-0 -0 -0 0.068599 0 0 0 0 -0 -0 0 0.055758 -0.026112 0.030249 0 0
-0 -0 -0 0.10875 0 0 0 0 -0 -0 0 0.088396 -0.041397 0.047955 0 0
-0 -0 -0 0.049298 0 0 0 0 -0 -0 0 0.04007 -0.018765 0.021738 0 0
-0 -0 -0 0.083866 0 0 0 0 -0 -0 0 0.068167 -0.031924 0.036981 0 0
-0 -0 -0 0.11068 0 0 0 0 -0 -0 0 0.089966 -0.042132 0.048807 0 0
0 0 0 0.1177 0 0 0 0 -0 -0 0 0.095667 -0.044802 0.0519 0 0
-0 -0 -0 0.067586 0 0 0 0 -0 -0 0 0.054934 -0.025727 0.029802 0 0
-0 -0 -0 0.1409 0 0 0 0 -0 -0 0 0.11452 -0.053633 0.06213 0 0
-0 -0 -0 0.18888 0 0 0 0 -0 -0 0 0.15352 -0.071895 0.083285 0 0
-0 -0 -0 0.19385 0 0 0 0 -0 -0 0 0.15756 -0.073788 0.085477 0 0
0 0 0 0.050742 0 0 0 0 -0 -0 0 0.041244 -0.019315 0.022375 0 0
-0 -0 -0 0.084224 0 0 0 0 -0 -0 0 0.068458 -0.03206 0.037139 0 0
0 0 0 0.014572 0 0 0 0 -0 -0 0 0.011844 -0.0055467 0.0064254 0 0
-0 -0 -0 0.081416 0 0 0 0 -0 -0 0 0.066176 -0.030991 0.035901 0 0
0 0 0 0.0044816 0 0 0 0 -0 -0 0 0.0036427 -0.0017059 0.0019762 0 0
0 0 0 0.020156 0 0 0 0 -0 -0 0 0.016383 -0.0076723 0.0088877 0 0
-0 -0 -0 0.12412 0 0 0 0 -0 -0 0 0.10089 -0.047246 0.054731 0 0
-0 -0 -0 0.017109 0 0 0 0 -0 -0 0 0.013906 -0.0065125 0.0075442 0 0
-0 -0 -0 0.12255 0 0 0 0 -0 -0 0 0.099614 -0.046651 0.054041 0 0
0 0 0 0.19029 0 0 0 0 -0 -0 0 0.15467 -0.072435 0.08391 0 0
-0 -0 -0 0.16667 0 0 0 0 -0 -0 0 0.13547 -0.063443 0.073494 0 0
0 0 0 0.033472 0 0 0 0 -0 -0 0 0.027207 -0.012741 0.01476 0 0
0 0 0 0.11143 0 0 0 0 -0 -0 0 0.090573 -0.042417 0.049137 0 0
-0 -0 -0 0.024058 0 0 0 0 -0 -0 0 0.019554 -0.0091576 0.010608 0 0
-0 -0 -0 0.011958 0 0 0 0 -0 -0 0 0.0097199 -0.0045519 0.0052731 0 0
0 0 0 0.04378 0 0 0 0 -0 -0 0 0.035585 -0.016665 0.019305 0 0
0 0 0 0.14587 0 0 0 0 -0 -0 0 0.11856 -0.055525 0.064321 0 0
0 0 0 0.021971 0 0 0 0 -0 -0 0 0.017858 -0.0083631 0.009688 0 0
0 0 0 0.14902 0 0 0 0 -0 -0 0 0.12112 -0.056724 0.065711 0 0
-0 -0 -0 0.1629 0 0 0 0 -0 -0 0 0.1324 -0.062007 0.07183 0 0
-0 -0 -0 0.1975 0 0 0 0 -0 -0 0 0.16053 -0.07518 0.08709 0 0
