-0 -0 -0 0.10957 0 0 0 0 -0 -0 0 0.089057 -0.041707 0.048314 0 0
0 0 0 0.10362 0 0 0 0 -0 -0 0 0.084227 -0.039444 0.045693 0 0
-0 -0 -0 0.089122 0 0 0 0 -0 -0 0 0.072439 -0.033924 0.039299 0 0
0 0 0 0.12827 0 0 0 0 -0 -0 0 0.10426 -0.048825 0.05656 0 0
0 0 0 0.073767 0 0 0 0 -0 -0 0 0.059959 -0.02808 0.032528 0 0
0 0 0 0.10584 0 0 0 0 -0 -0 0 0.08603 -0.040289 0.046672 0 0
-0 -0 -0 0.10067 0 0 0 0 -0 -0 0 0.081823 -0.038319 0.044389 0 0
0 0 0 0.127 0 0 0 0 -0 -0 0 0.10323 -0.048343 0.056001 0 0
-0 -0 -0 0.1764 0 0 0 0 -0 -0 0 0.14338 -0.067146 0.077783 0 0
0 0 0 0.025857 0 0 0 0 -0 -0 0 0.021017 -0.0098424 0.011402 0 0
-0 -0 -0 0.19462 0 0 0 0 -0 -0 0 0.15819 -0.074081 0.085817 0 0
0 0 0 0.18345 0 0 0 0 -0 -0 0 0.14911 -0.06983 0.080893 0 0
0 0 0 0.11953 0 0 0 0 -0 -0 0 0.097157 -0.0455 0.052708 0 0
0 0 0 0.020109 0 0 0 0 -0 -0 0 0.016345 -0.0076544 0.0088671 0 0
-0 -0 -0 0.04827 0 0 0 0 -0 -0 0 0.039235 -0.018374 0.021285 0 0
-0 -0 -0 0.058098 0 0 0 0 -0 -0 0 0.047222 -0.022115 0.025618 0 0
0 0 0 0.12928 0 0 0 0 -0 -0 0 0.10508 -0.04921 0.057006 0 0
0 0 0 0.18843 0 0 0 0 -0 -0 0 0.15316 -0.071727 0.083091 0 0
-0 -0 -0 0.091021 0 0 0 0 -0 -0 0 0.073983 -0.034647 0.040136 0 0
0 0 0 0.13571 0 0 0 0 -0 -0 0 0.11031 -0.051658 0.059842 0 0
0 0 0 0.047663 0 0 0 0 -0 -0 0 0.038741 -0.018143 0.021017 0 0
-0 -0 -0 0.17038 0 0 0 0 -0 -0 0 0.13849 -0.064857 0.075131 0 0
0 0 0 0.19625 0 0 0 0 -0 -0 0 0.15951 -0.074702 0.086536 0 0
-0 -0 -0 0.19662 0 0 0 0 -0 -0 0 0.15982 -0.074844 0.086701 0 0
0 0 0 0.1962 0 0 0 0 -0 -0 0 0.15947 -0.074683 0.086515 0 0
0 0 0 0.149 0 0 0 0 -0 -0 0 0.12111 -0.056719 0.065704 0 0
-0 -0 -0 0.18432 0 0 0 0 -0 -0 0 0.14982 -0.070162 0.081277 0 0
0 0 0 0.14958 0 0 0 0 -0 -0 0 0.12158 -0.056936 0.065956 0 0
0 0 0 0.11789 0 0 0 0 -0 -0 0 0.095822 -0.044875 0.051984 0 0
-0 -0 -0 0.17192 0 0 0 0 -0 -0 0 0.13974 -0.065442 0.075809 0 0
-0 -0 -0 0.10575 0 0 0 0 -0 -0 0 0.085958 -0.040255 0.046633 0 0
-0 -0 -0 0.12474 0 0 0 0 -0 -0 0 0.10139 -0.047484 0.055006 0 0
0 0 0 0.076207 0 0 0 0 -0 -0 0 0.061942 -0.029008 0.033604 0 0
0 0 0 0.19576 0 0 0 0 -0 -0 0 0.15911 -0.074515 0.08632 0 0
0 0 0 0.0091129 0 0 0 0 -0 -0 0 0.0074071 -0.0034688 0.0040184 0 0
-0 -0 -0 0.16905 0 0 0 0 -0 -0 0 0.1374 -0.064348 0.074542 0 0
-0 -0 -0 0.017352 0 0 0 0 -0 -0 0 0.014104 -0.0066051 0.0076515 0 0
-0 -0 -0 0.0021013 0 0 0 0 -0 -0 0 0.0017079 -0.00079985 0.00092657 0 0
-0 -0 -0 0.13283 0 0 0 0 -0 -0 0 0.10797 -0.050562 0.058573 0 0
-0 -0 -0 0.16217 0 0 0 0 -0 -0 0 0.13181 -0.06173 0.07151 0 0
0 0 0 0.059077 0 0 0 0 -0 -0 0 0.048019 -0.022488 0.02605 0 0
-0 -0 -0 0.17085 0 0 0 0 -0 -0 0 0.13887 -0.065033 0.075336 0 0
0 0 0 0.12315 0 0 0 0 -0 -0 0 0.1001 -0.046878 0.054305 0 0
0 0 0 0.18474 0 0 0 0 -0 -0 0 0.15016 -0.070322 0.081463 0 0
0 0 0 0.047071 0 0 0 0 -0 -0 0 0.03826 -0.017918 0.020756 0 0
0 0 0 0.12554 0 0 0 0 -0 -0 0 0.10204 -0.047789 0.05536 0 0
-0 -0 -0 0.059626 0 0 0 0 -0 -0 0 0.048465 -0.022697 0.026292 0 0
-0 -0 -0 0.14769 0 0 0 0 -0 -0 0 0.12005 -0.05622 0.065127 0 0
-0 -0 -0 0.19131 0 0 0 0 -0 -0 0 0.1555 -0.072824 0.084361 0 0
-0 -0 -0 0.17661 0 0 0 0 -0 -0 0 0.14355 -0.067227 0.077877 0 0
0 0 0 0.065078 0 0 0 0 -0 -0 0 0.052896 -0.024772 0.028696 0 0
0 0 0 0.089732 0 0 0 0 -0 -0 0 0.072935 -0.034157 0.039568 0 0
-0 -0 -0 0.11695 0 0 0 0 -0 -0 0 0.095061 -0.044518 0.051571 0 0
-0 -0 -0 0.02859 0 0 0 0 -0 -0 0 0.023238 -0.010883 0.012607 0 0
-0 -0 -0 0.1794 0 0 0 0 -0 -0 0 0.14582 -0.06829 0.079108 0 0
0 0 0 0.064333 0 0 0 0 -0 -0 0 0.05229 -0.024488 0.028368 0 0
0 0 0 0.094243 0 0 0 0 -0 -0 0 0.076602 -0.035874 0.041557 0 0
-0 -0 -0 0.0012351 0 0 0 0 -0 -0 0 0.0010039 -0.00047016 0.00054464 0 0
0 0 0 0.16693 0 0 0 0 -0 -0 0 0.13569 -0.063544 0.073611 0 0
0 0 0 0.18687 0 0 0 0 -0 -0 0 0.15189 -0.071131 0.0824 0 0
-0 -0 -0 0.10824 0 0 0 0 -0 -0 0 0.087975 -0.0412 0.047727 0 0
-0 -0 -0 0.1665 0 0 0 0 -0 -0 0 0.13534 -0.06338 0.073421 0 0
-0 -0 -0 0.11688 0 0 0 0 -0 -0 0 0.095001 -0.04449 0.051538 0 0
-0 -0 -0 0.077867 0 0 0 0 -0 -0 0 0.063291 -0.02964 0.034336 0 0
0 0 0 0.092312 0 0 0 0 -0 -0 0 0.075033 -0.035139 0.040706 0 0
-0 -0 -0 0.013359 0 0 0 0 -0 -0 0 0.010858 -0.0050852 0.0058908 0 0
-0 -0 -0 0.14385 0 0 0 0 -0 -0 0 0.11693 -0.054758 0.063433 0 0
0 0 0 0.035285 0 0 0 0 -0 -0 0 0.02868 -0.013431 0.015559 0 0
-0 -0 -0 0.19496 0 0 0 0 -0 -0 0 0.15846 -0.074211 0.085968 0 0
0 0 0 0.15702 0 0 0 0 -0 -0 0 0.12763 -0.059769 0.069238 0 0
0 0 0 0.12529 0 0 0 0 -0 -0 0 0.10184 -0.047691 0.055246 0 0
-0 -0 -0 0.18018 0 0 0 0 -0 -0 0 0.14645 -0.068584 0.079449 0 0
0 0 0 0.1556 0 0 0 0 -0 -0 0 0.12648 -0.059231 0.068614 0 0
-0 -0 -0 0.1534 0 0 0 0 -0 -0 0 0.12469 -0.058392 0.067642 0 0
0 0 0 0.0297 0 0 0 0 -0 -0 0 0.024141 -0.011305 0.013097 0 0
0 0 0 0.06454 0 0 0 0 -0 -0 0 0.052459 -0.024567 0.028459 0 0
-0 -0 -0 0.14492 0 0 0 0 -0 -0 0 0.11779 -0.055163 0.063902 0 0
0 0 0 0.13706 0 0 0 0 -0 -0 0 0.1114 -0.052171 0.060436 0 0
-0 -0 -0 0.14804 0 0 0 0 -0 -0 0 0.12033 -0.056351 0.065278 0 0
0 0 0 0.12647 0 0 0 0 -0 -0 0 0.1028 -0.048142 0.055768 0 0
0 0 0 0.028835 0 0 0 0 -0 -0 0 0.023437 -0.010976 0.012715 0 0
0 0 0 0.1411 0 0 0 0 -0 -0 0 0.11469 -0.05371 0.062219 0 0
-0 -0 -0 0.11203 0 0 0 0 -0 -0 0 0.091058 -0.042643 0.049399 0 0
0 0 0 0.082794 0 0 0 0 -0 -0 0 0.067296 -0.031516 0.036509 0 0
0 0 0 0.020045 0 0 0 0 -0 -0 0 0.016292 -0.00763 0.0088388 0 0
-0 -0 -0 0.10447 0 0 0 0 -0 -0 0 0.084913 -0.039766 0.046066 0 0
0 0 0 0.075946 0 0 0 0 -0 -0 0 0.06173 -0.028909 0.033489 0 0
-0 -0 -0 0.023328 0 0 0 0 -0 -0 0 0.018961 -0.0088799 0.010287 0 0
0 0 0 0.010591 0 0 0 0 -0 -0 0 0.0086085 -0.0040315 0.0046701 0 0
-0 -0 -0 0.041097 0 0 0 0 -0 -0 0 0.033404 -0.015643 0.018122 0 0
-0 -0 -0 0.14429 0 0 0 0 -0 -0 0 0.11728 -0.054923 0.063624 0 0
0 0 0 0.15805 0 0 0 0 -0 -0 0 0.12846 -0.060161 0.069692 0 0
-0 -0 -0 0.040042 0 0 0 0 -0 -0 0 0.032547 -0.015242 0.017657 0 0
-0 -0 -0 0.14387 0 0 0 0 -0 -0 0 0.11694 -0.054765 0.063441 0 0
-0 -0 -0 0.053532 0 0 0 0 -0 -0 0 0.043511 -0.020377 0.023605 0 0
-0 -0 -0 0.15914 0 0 0 0 -0 -0 0 0.12935 -0.060578 0.070175 0 0
0 0 0 0.16435 0 0 0 0 -0 -0 0 0.13358 -0.062558 0.072469 0 0
0 0 0 0.080239 0 0 0 0 -0 -0 0 0.06522 -0.030543 0.035382 0 0
-0 -0 -0 0.089398 0 0 0 0 -0 -0 0 0.072664 -0.03403 0.039421 0 0
0 0 0 0.12934 0 0 0 0 -0 -0 0 0.10513 -0.049233 0.057032 0 0
