-0 -0 -0.13788 0 0 0 0 0 0 0 0 0 0 0.045016 -0.067525 -0.11147 -0.0031625 -0.018009 0.0096318 0 0
0 0 0.076788 0 0 0 0 0 0 0 0 0 0 -0.02507 0.037605 0.062079 0.00060135 0.0099419 -0.0057795 0 0
-0 -0 -0.25284 0 0 0 0 0 0 0 0 0 0 0.082547 -0.12382 -0.20441 -0.0078054 -0.032969 0.016819 0 0
0 0 0.029997 0 0 0 0 0 0 0 0 0 0 -0.0097933 0.01469 0.024251 0.00033423 0.0038963 -0.0022252 0 0
-0 -0 -0.044685 0 0 0 0 0 0 0 0 0 0 0.014589 -0.021883 -0.036125 -0.00073329 -0.0058252 0.0032325 0 0
0 0 0.23592 0 0 0 0 0 0 0 0 0 0 -0.077024 0.11554 0.19073 -0.00081054 0.030044 -0.018527 0 0
0 0 0.10154 0 0 0 0 0 0 0 0 0 0 -0.033152 0.049728 0.082092 0.00061717 0.013121 -0.0076986 0 0
0 0 0.30154 0 0 0 0 0 0 0 0 0 0 -0.098447 0.14767 0.24378 -0.0024306 0.038043 -0.024026 0 0
0 0 0.16494 0 0 0 0 0 0 0 0 0 0 -0.05385 0.080775 0.13335 0.00026162 0.021183 -0.012726 0 0
0 0 0.21282 0 0 0 0 0 0 0 0 0 0 -0.069483 0.10422 0.17206 -0.00038371 0.027182 -0.016621 0 0
-0 -0 -0.058151 0 0 0 0 0 0 0 0 0 0 0.018985 -0.028477 -0.047012 -0.0010093 -0.007584 0.0041864 0 0
-0 -0 -0.18818 0 0 0 0 0 0 0 0 0 0 0.061438 -0.092158 -0.15214 -0.004973 -0.024574 0.012878 0 0
-0 -0 -0.075795 0 0 0 0 0 0 0 0 0 0 0.024745 -0.037118 -0.061276 -0.0014095 -0.0098901 0.0054218 0 0
-0 -0 -0.25147 0 0 0 0 0 0 0 0 0 0 0.0821 -0.12315 -0.2033 -0.0077397 -0.032792 0.016738 0 0
0 0 0.15581 0 0 0 0 0 0 0 0 0 0 -0.05087 0.076304 0.12597 0.0003479 0.02003 -0.011993 0 0
0 0 0.12408 0 0 0 0 0 0 0 0 0 0 -0.040511 0.060767 0.10032 0.00055599 0.016001 -0.0094681 0 0
0 0 0.21808 0 0 0 0 0 0 0 0 0 0 -0.071197 0.1068 0.1763 -0.00047416 0.027835 -0.017053 0 0
0 0 0.1986 0 0 0 0 0 0 0 0 0 0 -0.064837 0.097256 0.16055 -0.00015817 0.025409 -0.015455 0 0
-0 -0 -0.15977 0 0 0 0 0 0 0 0 0 0 0.052162 -0.078243 -0.12917 -0.0039077 -0.020868 0.011063 0 0
-0 -0 -0.10834 0 0 0 0 0 0 0 0 0 0 0.035371 -0.053056 -0.087587 -0.0022615 -0.014146 0.0076557 0 0
-0 -0 -0.27128 0 0 0 0 0 0 0 0 0 0 0.088568 -0.13285 -0.21932 -0.0087161 -0.03535 0.017893 0 0
0 0 0.31461 0 0 0 0 0 0 0 0 0 0 -0.10271 0.15407 0.25435 -0.0028248 0.03961 -0.025135 0 0
-0 -0 -0.32228 0 0 0 0 0 0 0 0 0 0 0.10522 -0.15783 -0.26055 -0.011468 -0.041892 0.020745 0 0
-0 -0 -0.34707 0 0 0 0 0 0 0 0 0 0 0.11331 -0.16997 -0.28059 -0.012928 -0.045047 0.022066 0 0
0 0 0.22242 0 0 0 0 0 0 0 0 0 0 -0.072617 0.10893 0.17982 -0.000552 0.028375 -0.017411 0 0
0 0 0.19836 0 0 0 0 0 0 0 0 0 0 -0.06476 0.09714 0.16036 -0.00015464 0.025379 -0.015436 0 0
0 0 0.018853 0 0 0 0 0 0 0 0 0 0 -0.0061551 0.0092326 0.015242 0.00022491 0.0024504 -0.0013935 0 0
0 0 0.17622 0 0 0 0 0 0 0 0 0 0 -0.057534 0.086301 0.14247 0.00013871 0.022604 -0.013637 0 0
0 0 0.15238 0 0 0 0 0 0 0 0 0 0 -0.049748 0.074622 0.12319 0.00037731 0.019595 -0.011718 0 0
-0 -0 -0.19995 0 0 0 0 0 0 0 0 0 0 0.065279 -0.097918 -0.16165 -0.0054463 -0.026106 0.013614 0 0
-0 -0 -0.25264 0 0 0 0 0 0 0 0 0 0 0.08248 -0.12372 -0.20424 -0.0077956 -0.032942 0.016807 0 0
-0 -0 -0.2543 0 0 0 0 0 0 0 0 0 0 0.083023 -0.12453 -0.20559 -0.0078757 -0.033157 0.016904 0 0
0 0 0.29978 0 0 0 0 0 0 0 0 0 0 -0.097874 0.14681 0.24236 -0.0023794 0.037831 -0.023877 0 0
0 0 0.28637 0 0 0 0 0 0 0 0 0 0 -0.093493 0.14024 0.23151 -0.0020026 0.036211 -0.022744 0 0
-0 -0 -0.013923 0 0 0 0 0 0 0 0 0 0 0.0045455 -0.0068183 -0.011256 -0.00019831 -0.0018127 0.001018 0 0
-0 -0 -0.28849 0 0 0 0 0 0 0 0 0 0 0.094187 -0.14128 -0.23323 -0.0096065 -0.037565 0.018875 0 0
-0 -0 -0.050377 0 0 0 0 0 0 0 0 0 0 0.016447 -0.024671 -0.040727 -0.00084687 -0.0065685 0.0036369 0 0
-0 -0 -0.25553 0 0 0 0 0 0 0 0 0 0 0.083425 -0.12514 -0.20658 -0.0079355 -0.033317 0.016977 0 0
-0 -0 -0.15133 0 0 0 0 0 0 0 0 0 0 0.049407 -0.07411 -0.12234 -0.0036125 -0.019766 0.010514 0 0
-0 -0 -0.12161 0 0 0 0 0 0 0 0 0 0 0.039703 -0.059555 -0.098315 -0.0026513 -0.015881 0.0085495 0 0
0 0 0.00016427 0 0 0 0 0 0 0 0 0 0 -5.363e-05 8.0445e-05 0.0001328 2.1765e-06 2.1372e-05 -1.2067e-05 0 0
-0 -0 -0.11981 0 0 0 0 0 0 0 0 0 0 0.039114 -0.058671 -0.096857 -0.0025969 -0.015646 0.0084286 0 0
0 0 0.032879 0 0 0 0 0 0 0 0 0 0 -0.010734 0.016101 0.026581 0.00035965 0.0042699 -0.0024412 0 0
-0 -0 -0.25852 0 0 0 0 0 0 0 0 0 0 0.0844 -0.1266 -0.209 -0.0080809 -0.033702 0.017152 0 0
0 0 0.33449 0 0 0 0 0 0 0 0 0 0 -0.1092 0.1638 0.27042 -0.0034697 0.041978 -0.026829 0 0
-0 -0 -0.14286 0 0 0 0 0 0 0 0 0 0 0.046639 -0.069959 -0.11549 -0.0033259 -0.018659 0.0099593 0 0
-0 -0 -0.26098 0 0 0 0 0 0 0 0 0 0 0.085203 -0.12781 -0.21099 -0.0082016 -0.03402 0.017296 0 0
0 0 0.1751 0 0 0 0 0 0 0 0 0 0 -0.057165 0.085748 0.14156 0.00015181 0.022462 -0.013545 0 0
0 0 0.201 0 0 0 0 0 0 0 0 0 0 -0.065624 0.098436 0.1625 -0.00019435 0.02571 -0.015652 0 0
0 0 0.23198 0 0 0 0 0 0 0 0 0 0 -0.075737 0.11361 0.18754 -0.00073238 0.029557 -0.0182 0 0
-0 -0 -0.27037 0 0 0 0 0 0 0 0 0 0 0.08827 -0.13241 -0.21858 -0.0086699 -0.035232 0.017841 0 0
0 0 0.06206 0 0 0 0 0 0 0 0 0 0 -0.020261 0.030392 0.050172 0.00055072 0.0080437 -0.0046501 0 0
0 0 0.13328 0 0 0 0 0 0 0 0 0 0 -0.043514 0.065271 0.10775 0.00051034 0.017172 -0.010196 0 0
0 0 0.11468 0 0 0 0 0 0 0 0 0 0 -0.037439 0.056159 0.092709 0.00059028 0.0148 -0.008727 0 0
0 0 0.13771 0 0 0 0 0 0 0 0 0 0 -0.044961 0.067442 0.11134 0.00048406 0.017736 -0.010548 0 0
0 0 0.090461 0 0 0 0 0 0 0 0 0 0 -0.029534 0.044301 0.073133 0.00062083 0.011699 -0.0068363 0 0
-0 -0 -0.18088 0 0 0 0 0 0 0 0 0 0 0.059055 -0.088583 -0.14624 -0.0046887 -0.023623 0.012416 0 0
0 0 0.31017 0 0 0 0 0 0 0 0 0 0 -0.10126 0.15189 0.25075 -0.0026881 0.039078 -0.024757 0 0
-0 -0 -0.015323 0 0 0 0 0 0 0 0 0 0 0.0050028 -0.0075042 -0.012388 -0.00021977 -0.0019952 0.0011198 0 0
-0 -0 -0.26071 0 0 0 0 0 0 0 0 0 0 0.085115 -0.12767 -0.21077 -0.0081883 -0.033985 0.01728 0 0
0 0 0.051126 0 0 0 0 0 0 0 0 0 0 -0.016691 0.025037 0.041332 0.00049326 0.0066316 -0.0038179 0 0
-0 -0 -0.26805 0 0 0 0 0 0 0 0 0 0 0.087514 -0.13127 -0.21671 -0.0085534 -0.034933 0.017707 0 0
-0 -0 -0.17512 0 0 0 0 0 0 0 0 0 0 0.057172 -0.085758 -0.14157 -0.0044693 -0.022871 0.012049 0 0
0 0 0.31844 0 0 0 0 0 0 0 0 0 0 -0.10396 0.15594 0.25744 -0.0029447 0.040068 -0.02546 0 0
0 0 0.26088 0 0 0 0 0 0 0 0 0 0 -0.085172 0.12776 0.21091 -0.0013559 0.03311 -0.020604 0 0
0 0 0.11928 0 0 0 0 0 0 0 0 0 0 -0.038943 0.058414 0.096433 0.00057506 0.015388 -0.0090894 0 0
0 0 0.20827 0 0 0 0 0 0 0 0 0 0 -0.067996 0.10199 0.16838 -0.00030844 0.026616 -0.016247 0 0
0 0 0.21057 0 0 0 0 0 0 0 0 0 0 -0.068746 0.10312 0.17023 -0.00034606 0.026902 -0.016436 0 0
-0 -0 -0.1255 0 0 0 0 0 0 0 0 0 0 0.040974 -0.061462 -0.10146 -0.0027702 -0.01639 0.0088099 0 0
-0 -0 -0.035103 0 0 0 0 0 0 0 0 0 0 0.01146 -0.017191 -0.028379 -0.00055238 -0.0045744 0.0025479 0 0
-0 -0 -0.19024 0 0 0 0 0 0 0 0 0 0 0.06211 -0.093164 -0.1538 -0.0050543 -0.024842 0.013007 0 0
-0 -0 -0.25437 0 0 0 0 0 0 0 0 0 0 0.083048 -0.12457 -0.20565 -0.0078795 -0.033167 0.016909 0 0
-0 -0 -0.14156 0 0 0 0 0 0 0 0 0 0 0.046216 -0.069324 -0.11444 -0.003283 -0.018489 0.009874 0 0
0 0 0.16993 0 0 0 0 0 0 0 0 0 0 -0.055479 0.083219 0.13738 0.00020949 0.021812 -0.013128 0 0
-0 -0 -0.28128 0 0 0 0 0 0 0 0 0 0 0.091832 -0.13775 -0.2274 -0.0092286 -0.036637 0.018466 0 0
-0 -0 -0.11734 0 0 0 0 0 0 0 0 0 0 0.03831 -0.057466 -0.094867 -0.0025233 -0.015324 0.0082633 0 0
0 0 0.033629 0 0 0 0 0 0 0 0 0 0 -0.010979 0.016469 0.027187 0.00036607 0.0043671 -0.0024976 0 0
0 0 0.18946 0 0 0 0 0 0 0 0 0 0 -0.061855 0.092782 0.15317 -2.8403e-05 0.024266 -0.014711 0 0
-0 -0 -0.23866 0 0 0 0 0 0 0 0 0 0 0.077917 -0.11688 -0.19294 -0.007136 -0.031133 0.015977 0 0
0 0 0.11393 0 0 0 0 0 0 0 0 0 0 -0.037195 0.055793 0.092105 0.00059247 0.014705 -0.0086683 0 0
-0 -0 -0.26654 0 0 0 0 0 0 0 0 0 0 0.08702 -0.13053 -0.21549 -0.0084777 -0.034738 0.017619 0 0
-0 -0 -0.21588 0 0 0 0 0 0 0 0 0 0 0.070479 -0.10572 -0.17452 -0.006117 -0.028177 0.014598 0 0
0 0 0.27305 0 0 0 0 0 0 0 0 0 0 -0.089146 0.13372 0.22075 -0.0016534 0.034595 -0.021624 0 0
-0 -0 -0.0068773 0 0 0 0 0 0 0 0 0 0 0.0022453 -0.003368 -0.0055599 -9.454e-05 -0.0008951 0.00050403 0 0
0 0 0.076856 0 0 0 0 0 0 0 0 0 0 -0.025092 0.037638 0.062134 0.00060151 0.0099506 -0.0057847 0 0
-0 -0 -0.26518 0 0 0 0 0 0 0 0 0 0 0.086576 -0.12986 -0.21438 -0.0084098 -0.034563 0.01754 0 0
-0 -0 -0.14356 0 0 0 0 0 0 0 0 0 0 0.046868 -0.070302 -0.11606 -0.0033493 -0.01875 0.010005 0 0
0 0 0.31488 0 0 0 0 0 0 0 0 0 0 -0.1028 0.1542 0.25456 -0.0028333 0.039643 -0.025158 0 0
0 0 0.0030404 0 0 0 0 0 0 0 0 0 0 -0.00099262 0.0014889 0.002458 3.9667e-05 0.00039551 -0.00022356 0 0
0 0 0.22274 0 0 0 0 0 0 0 0 0 0 -0.072719 0.10908 0.18007 -0.0005577 0.028413 -0.017437 0 0
0 0 0.039825 0 0 0 0 0 0 0 0 0 0 -0.013002 0.019503 0.032196 0.00041606 0.0051696 -0.0029635 0 0
-0 -0 -0.33278 0 0 0 0 0 0 0 0 0 0 0.10865 -0.16297 -0.26904 -0.012077 -0.04323 0.02131 0 0
0 0 0.28218 0 0 0 0 0 0 0 0 0 0 -0.092124 0.13819 0.22812 -0.00189 0.035703 -0.022391 0 0
0 0 0.15311 0 0 0 0 0 0 0 0 0 0 -0.049988 0.074982 0.12378 0.00037117 0.019688 -0.011776 0 0
-0 -0 -0.29772 0 0 0 0 0 0 0 0 0 0 0.097201 -0.1458 -0.24069 -0.0101 -0.03875 0.019394 0 0
0 0 0.31412 0 0 0 0 0 0 0 0 0 0 -0.10256 0.15383 0.25395 -0.0028098 0.039552 -0.025094 0 0
-0 -0 -0.26564 0 0 0 0 0 0 0 0 0 0 0.086726 -0.13009 -0.21476 -0.0084327 -0.034622 0.017567 0 0
-0 -0 -0.33217 0 0 0 0 0 0 0 0 0 0 0.10845 -0.16267 -0.26854 -0.012041 -0.043152 0.021277 0 0
-0 -0 -0.24468 0 0 0 0 0 0 0 0 0 0 0.079884 -0.11983 -0.19781 -0.0074171 -0.031914 0.016336 0 0
0 0 0.0094456 0 0 0 0 0 0 0 0 0 0 -0.0030838 0.0046257 0.0076362 0.00011896 0.0012283 -0.00069602 0 0
