0 0 0.14821 0 0 0 0 0 0 0 0 0 0 -0.048387 0.07258 0.11982 -0.020853 0.0029711 -0.010221 0 0
0 0 0.12748 0 0 0 0 0 0 0 0 0 0 -0.041619 0.062429 0.10306 -0.017874 0.0027361 -0.0088754 0 0
0 0 0.29494 0 0 0 0 0 0 0 0 0 0 -0.09629 0.14444 0.23844 -0.042351 0.0029429 -0.018886 0 0
0 0 0.19905 0 0 0 0 0 0 0 0 0 0 -0.064985 0.097477 0.16092 -0.028229 0.0032972 -0.013397 0 0
0 0 0.2454 0 0 0 0 0 0 0 0 0 0 -0.080119 0.12018 0.1984 -0.035028 0.0032841 -0.016135 0 0
-0 -0 -0.30412 0 0 0 0 0 0 0 0 0 0 0.099288 -0.14893 -0.24586 0.038179 -0.015189 0.024619 0 0
0 0 0.17352 0 0 0 0 0 0 0 0 0 0 -0.056651 0.084976 0.14028 -0.024514 0.003178 -0.011825 0 0
-0 -0 -0.11428 0 0 0 0 0 0 0 0 0 0 0.037309 -0.055963 -0.092386 0.015199 -0.0043106 0.0087488 0 0
-0 -0 -0.2777 0 0 0 0 0 0 0 0 0 0 0.090665 -0.136 -0.22451 0.035176 -0.013408 0.022327 0 0
-0 -0 -0.01933 0 0 0 0 0 0 0 0 0 0 0.0063108 -0.0094662 -0.015627 0.0026317 -0.00060708 0.0014305 0 0
0 0 0.15109 0 0 0 0 0 0 0 0 0 0 -0.049327 0.07399 0.12215 -0.021268 0.0029991 -0.010405 0 0
-0 -0 -0.041972 0 0 0 0 0 0 0 0 0 0 0.013703 -0.020555 -0.033932 0.0056844 -0.0013818 0.0031326 0 0
-0 -0 -0.15962 0 0 0 0 0 0 0 0 0 0 0.052114 -0.078171 -0.12905 0.020967 -0.0064958 0.012402 0 0
-0 -0 -0.27747 0 0 0 0 0 0 0 0 0 0 0.090587 -0.13588 -0.22432 0.035149 -0.013393 0.022307 0 0
0 0 0.27715 0 0 0 0 0 0 0 0 0 0 -0.090483 0.13572 0.22406 -0.039715 0.0031043 -0.017919 0 0
-0 -0 -0.33304 0 0 0 0 0 0 0 0 0 0 0.10873 -0.16309 -0.26924 0.041388 -0.017234 0.027154 0 0
-0 -0 -0.33364 0 0 0 0 0 0 0 0 0 0 0.10893 -0.16339 -0.26973 0.041454 -0.017278 0.027207 0 0
0 0 0.29187 0 0 0 0 0 0 0 0 0 0 -0.095288 0.14293 0.23596 -0.041896 0.0029739 -0.01872 0 0
0 0 0.15155 0 0 0 0 0 0 0 0 0 0 -0.049477 0.074215 0.12252 -0.021334 0.0030035 -0.010435 0 0
0 0 0.11619 0 0 0 0 0 0 0 0 0 0 -0.037932 0.056899 0.09393 -0.016258 0.0025833 -0.0081304 0 0
0 0 0.13521 0 0 0 0 0 0 0 0 0 0 -0.044143 0.066215 0.10931 -0.018983 0.0028307 -0.0093805 0 0
-0 -0 -0.18123 0 0 0 0 0 0 0 0 0 0 0.059168 -0.088752 -0.14651 0.023658 -0.0076299 0.014176 0 0
0 0 0.3324 0 0 0 0 0 0 0 0 0 0 -0.10852 0.16278 0.26873 -0.047922 0.0024607 -0.020843 0 0
0 0 0.27659 0 0 0 0 0 0 0 0 0 0 -0.090302 0.13545 0.22361 -0.039633 0.0031086 -0.017888 0 0
-0 -0 -0.19885 0 0 0 0 0 0 0 0 0 0 0.06492 -0.097381 -0.16076 0.025823 -0.0085986 0.015637 0 0
0 0 0.1269 0 0 0 0 0 0 0 0 0 0 -0.041429 0.062144 0.10259 -0.01779 0.0027287 -0.0088372 0 0
0 0 0.32628 0 0 0 0 0 0 0 0 0 0 -0.10652 0.15979 0.26378 -0.04701 0.0025526 -0.020531 0 0
0 0 0.331 0 0 0 0 0 0 0 0 0 0 -0.10806 0.1621 0.26759 -0.047712 0.0024823 -0.020772 0 0
-0 -0 -0.03147 0 0 0 0 0 0 0 0 0 0 0.010274 -0.015412 -0.025442 0.0042726 -0.001014 0.0023396 0 0
-0 -0 -0.25521 0 0 0 0 0 0 0 0 0 0 0.083322 -0.12498 -0.20633 0.032566 -0.011958 0.020395 0 0
0 0 0.035331 0 0 0 0 0 0 0 0 0 0 -0.011535 0.017302 0.028563 -0.0048677 0.00097956 -0.0025591 0 0
0 0 0.25916 0 0 0 0 0 0 0 0 0 0 -0.084611 0.12692 0.20952 -0.037056 0.0032232 -0.016917 0 0
0 0 0.16645 0 0 0 0 0 0 0 0 0 0 -0.054341 0.081512 0.13456 -0.023488 0.003129 -0.011381 0 0
-0 -0 -0.03359 0 0 0 0 0 0 0 0 0 0 0.010966 -0.016449 -0.027155 0.0045581 -0.001087 0.0024992 0 0
0 0 0.33477 0 0 0 0 0 0 0 0 0 0 -0.10929 0.16394 0.27064 -0.048274 0.0024238 -0.020963 0 0
0 0 0.15153 0 0 0 0 0 0 0 0 0 0 -0.049473 0.07421 0.12251 -0.021333 0.0030033 -0.010434 0 0
0 0 0.093352 0 0 0 0 0 0 0 0 0 0 -0.030477 0.045716 0.07547 -0.013009 0.0022208 -0.0065987 0 0
-0 -0 -0.11235 0 0 0 0 0 0 0 0 0 0 0.03668 -0.055019 -0.090828 0.01495 -0.0042236 0.0085958 0 0
-0 -0 -0.050661 0 0 0 0 0 0 0 0 0 0 0.01654 -0.02481 -0.040957 0.006847 -0.0016973 0.0037932 0 0
-0 -0 -0.24788 0 0 0 0 0 0 0 0 0 0 0.080927 -0.12139 -0.2004 0.031705 -0.011499 0.019769 0 0
0 0 0.027835 0 0 0 0 0 0 0 0 0 0 -0.0090875 0.013631 0.022503 -0.003829 0.00078583 -0.0020223 0 0
0 0 0.2192 0 0 0 0 0 0 0 0 0 0 -0.071565 0.10735 0.17721 -0.031177 0.0033279 -0.014606 0 0
-0 -0 -0.33596 0 0 0 0 0 0 0 0 0 0 0.10968 -0.16453 -0.27161 0.041708 -0.017447 0.027412 0 0
0 0 0.043196 0 0 0 0 0 0 0 0 0 0 -0.014103 0.021154 0.034922 -0.005961 0.0011747 -0.0031188 0 0
-0 -0 -0.050354 0 0 0 0 0 0 0 0 0 0 0.01644 -0.024659 -0.040709 0.006806 -0.0016859 0.0037698 0 0
0 0 0.032311 0 0 0 0 0 0 0 0 0 0 -0.010549 0.015823 0.026122 -0.0044489 0.00090244 -0.0023433 0 0
-0 -0 -0.28669 0 0 0 0 0 0 0 0 0 0 0.0936 -0.1404 -0.23178 0.036206 -0.014005 0.023105 0 0
-0 -0 -0.2254 0 0 0 0 0 0 0 0 0 0 0.073589 -0.11038 -0.18222 0.029035 -0.010132 0.017863 0 0
0 0 0.28079 0 0 0 0 0 0 0 0 0 0 -0.091672 0.13751 0.227 -0.040254 0.0030748 -0.018119 0 0
0 0 0.045481 0 0 0 0 0 0 0 0 0 0 -0.014849 0.022273 0.036769 -0.0062793 0.0012298 -0.0032807 0 0
-0 -0 -0.32732 0 0 0 0 0 0 0 0 0 0 0.10686 -0.1603 -0.26462 0.040761 -0.016823 0.026651 0 0
0 0 0.30724 0 0 0 0 0 0 0 0 0 0 -0.10031 0.15046 0.24839 -0.044179 0.0028058 -0.01954 0 0
-0 -0 -0.10562 0 0 0 0 0 0 0 0 0 0 0.034482 -0.051723 -0.085386 0.014079 -0.0039237 0.0080624 0 0
-0 -0 -0.30334 0 0 0 0 0 0 0 0 0 0 0.099033 -0.14855 -0.24523 0.038091 -0.015135 0.024551 0 0
-0 -0 -0.24587 0 0 0 0 0 0 0 0 0 0 0.080272 -0.12041 -0.19878 0.031469 -0.011374 0.019598 0 0
0 0 0.31731 0 0 0 0 0 0 0 0 0 0 -0.1036 0.15539 0.25653 -0.045675 0.0026781 -0.020068 0 0
0 0 0.0050312 0 0 0 0 0 0 0 0 0 0 -0.0016426 0.0024639 0.0040675 -0.00068873 0.00014978 -0.00036886 0 0
0 0 0.11753 0 0 0 0 0 0 0 0 0 0 -0.038372 0.057557 0.095018 -0.01645 0.0026024 -0.0082196 0 0
-0 -0 -0.01547 0 0 0 0 0 0 0 0 0 0 0.0050508 -0.0075762 -0.012507 0.0021081 -0.00048186 0.0011432 0 0
-0 -0 -0.30076 0 0 0 0 0 0 0 0 0 0 0.098191 -0.14729 -0.24315 0.037801 -0.014958 0.024326 0 0
0 0 0.21038 0 0 0 0 0 0 0 0 0 0 -0.068686 0.10303 0.17008 -0.029886 0.0033214 -0.014081 0 0
0 0 0.3236 0 0 0 0 0 0 0 0 0 0 -0.10565 0.15848 0.26162 -0.046612 0.0025913 -0.020393 0 0
-0 -0 -0.32918 0 0 0 0 0 0 0 0 0 0 0.10747 -0.16121 -0.26613 0.040965 -0.016956 0.026814 0 0
-0 -0 -0.11155 0 0 0 0 0 0 0 0 0 0 0.036418 -0.054626 -0.090179 0.014846 -0.0041876 0.0085321 0 0
0 0 0.0099787 0 0 0 0 0 0 0 0 0 0 -0.0032578 0.0048868 0.0080673 -0.0013675 0.00029374 -0.00073016 0 0
0 0 0.084957 0 0 0 0 0 0 0 0 0 0 -0.027737 0.041605 0.068683 -0.01182 0.0020696 -0.0060272 0 0
-0 -0 -0.1466 0 0 0 0 0 0 0 0 0 0 0.047861 -0.071792 -0.11852 0.019327 -0.005841 0.011343 0 0
-0 -0 -0.30166 0 0 0 0 0 0 0 0 0 0 0.098486 -0.14773 -0.24388 0.037902 -0.01502 0.024405 0 0
0 0 0.29178 0 0 0 0 0 0 0 0 0 0 -0.095259 0.14289 0.23589 -0.041883 0.0029748 -0.018716 0 0
-0 -0 -0.12463 0 0 0 0 0 0 0 0 0 0 0.040689 -0.061033 -0.10076 0.01653 -0.004786 0.0095744 0 0
0 0 0.051997 0 0 0 0 0 0 0 0 0 0 -0.016976 0.025464 0.042037 -0.0071883 0.001383 -0.0037406 0 0
0 0 0.048218 0 0 0 0 0 0 0 0 0 0 -0.015742 0.023613 0.038981 -0.0066608 0.0012948 -0.0034742 0 0
0 0 0.33851 0 0 0 0 0 0 0 0 0 0 -0.11052 0.16578 0.27367 -0.048832 0.0023639 -0.021152 0 0
-0 -0 -0.038269 0 0 0 0 0 0 0 0 0 0 0.012494 -0.018741 -0.030938 0.0051874 -0.0012504 0.0028523 0 0
-0 -0 -0.088358 0 0 0 0 0 0 0 0 0 0 0.028847 -0.043271 -0.071433 0.011831 -0.0031816 0.0067051 0 0
-0 -0 -0.27331 0 0 0 0 0 0 0 0 0 0 0.089229 -0.13384 -0.22095 0.034669 -0.01312 0.021948 0 0
0 0 0.15539 0 0 0 0 0 0 0 0 0 0 -0.050732 0.076098 0.12563 -0.021889 0.0030388 -0.01068 0 0
-0 -0 -0.23157 0 0 0 0 0 0 0 0 0 0 0.075603 -0.1134 -0.18721 0.029772 -0.010501 0.018384 0 0
0 0 0.15062 0 0 0 0 0 0 0 0 0 0 -0.049175 0.073763 0.12177 -0.021201 0.0029947 -0.010376 0 0
0 0 0.0018494 0 0 0 0 0 0 0 0 0 0 -0.00060379 0.00090568 0.0014951 -0.00025299 5.5451e-05 -0.00013575 0 0
-0 -0 -0.24726 0 0 0 0 0 0 0 0 0 0 0.080725 -0.12109 -0.1999 0.031632 -0.01146 0.019716 0 0
-0 -0 -0.13997 0 0 0 0 0 0 0 0 0 0 0.045697 -0.068545 -0.11316 0.018487 -0.0055161 0.010807 0 0
-0 -0 -0.045327 0 0 0 0 0 0 0 0 0 0 0.014798 -0.022198 -0.036645 0.0061339 -0.0015024 0.0033872 0 0
0 0 0.18625 0 0 0 0 0 0 0 0 0 0 -0.060806 0.091209 0.15057 -0.026363 0.0032486 -0.012614 0 0
-0 -0 -0.30186 0 0 0 0 0 0 0 0 0 0 0.09855 -0.14782 -0.24403 0.037924 -0.015033 0.024422 0 0
-0 -0 -0.19716 0 0 0 0 0 0 0 0 0 0 0.06437 -0.096555 -0.1594 0.025617 -0.0085042 0.015497 0 0
0 0 0.28035 0 0 0 0 0 0 0 0 0 0 -0.091527 0.13729 0.22665 -0.040189 0.0030785 -0.018094 0 0
0 0 0.095829 0 0 0 0 0 0 0 0 0 0 -0.031286 0.046929 0.077473 -0.01336 0.0022636 -0.0067665 0 0
-0 -0 -0.24158 0 0 0 0 0 0 0 0 0 0 0.078872 -0.11831 -0.19531 0.030962 -0.01111 0.019233 0 0
0 0 0.21044 0 0 0 0 0 0 0 0 0 0 -0.068704 0.10306 0.17013 -0.029894 0.0033214 -0.014084 0 0
-0 -0 -0.23626 0 0 0 0 0 0 0 0 0 0 0.077135 -0.1157 -0.19101 0.030331 -0.010785 0.018782 0 0
-0 -0 -0.094148 0 0 0 0 0 0 0 0 0 0 0.030737 -0.046106 -0.076114 0.012588 -0.0034262 0.0071587 0 0
-0 -0 -0.18397 0 0 0 0 0 0 0 0 0 0 0.060063 -0.090094 -0.14873 0.023997 -0.007778 0.014402 0 0
0 0 0.045683 0 0 0 0 0 0 0 0 0 0 -0.014914 0.022372 0.036932 -0.0063074 0.0012346 -0.003295 0 0
-0 -0 -0.1553 0 0 0 0 0 0 0 0 0 0 0.050702 -0.076053 -0.12555 0.020424 -0.006276 0.01205 0 0
-0 -0 -0.28725 0 0 0 0 0 0 0 0 0 0 0.093781 -0.14067 -0.23223 0.036269 -0.014042 0.023153 0 0
0 0 0.30093 0 0 0 0 0 0 0 0 0 0 -0.098248 0.14737 0.24329 -0.043241 0.0028787 -0.019206 0 0
0 0 0.0032537 0 0 0 0 0 0 0 0 0 0 -0.0010623 0.0015934 0.0026305 -0.00044523 9.7251e-05 -0.00023871 0 0
-0 -0 -0.24221 0 0 0 0 0 0 0 0 0 0 0.079077 -0.11861 -0.19581 0.031036 -0.011148 0.019286 0 0
-0 -0 -0.0098174 0 0 0 0 0 0 0 0 0 0 0.0032052 -0.0048078 -0.0079368 0.0013395 -0.00030206 0.00072391 0 0
