0 0 0 0.1554 0 0 0 0 0 0 0 0.14398 -0.011531 0.057321 0 0
-0 -0 -0 0.18333 0 0 0 0 0 0 0 0.16986 -0.013604 0.067625 0 0
0 0 0 0.010432 0 0 0 0 0 0 0 0.0096651 -0.0007741 0.003848 0 0
-0 -0 -0 0.083508 0 0 0 0 0 0 0 0.077371 -0.0061968 0.030804 0 0
-0 -0 -0 0.18163 0 0 0 0 0 0 0 0.16828 -0.013478 0.066998 0 0
-0 -0 -0 0.01879 0 0 0 0 0 0 0 0.017409 -0.0013943 0.006931 0 0
0 0 0 0.11952 0 0 0 0 0 0 0 0.11073 -0.0088689 0.044086 0 0
-0 -0 -0 0.03046 0 0 0 0 0 0 0 0.028221 -0.0022603 0.011236 0 0
0 0 0 0.1172 0 0 0 0 0 0 0 0.10859 -0.0086973 0.043233 0 0
-0 -0 -0 0.079743 0 0 0 0 0 0 0 0.073883 -0.0059174 0.029415 0 0
-0 -0 -0 0.0049896 0 0 0 0 0 0 0 0.0046229 -0.00037026 0.0018405 0 0
-0 -0 -0 0.021852 0 0 0 0 0 0 0 0.020246 -0.0016215 0.0080605 0 0
0 0 0 0.046673 0 0 0 0 0 0 0 0.043243 -0.0034634 0.017216 0 0
0 0 0 0.095647 0 0 0 0 0 0 0 0.088618 -0.0070976 0.035281 0 0
0 0 0 0.16445 0 0 0 0 0 0 0 0.15237 -0.012203 0.060661 0 0
0 0 0 0.1989 0 0 0 0 0 0 0 0.18428 -0.014759 0.073368 0 0
-0 -0 -0 0.16142 0 0 0 0 0 0 0 0.14956 -0.011978 0.059543 0 0
0 0 0 0.11998 0 0 0 0 0 0 0 0.11116 -0.0089034 0.044258 0 0
0 0 0 0.14628 0 0 0 0 0 0 0 0.13553 -0.010855 0.05396 0 0
-0 -0 -0 0.042242 0 0 0 0 0 0 0 0.039137 -0.0031346 0.015582 0 0
-0 -0 -0 0.13089 0 0 0 0 0 0 0 0.12127 -0.009713 0.048282 0 0
-0 -0 -0 0.10881 0 0 0 0 0 0 0 0.10082 -0.0080746 0.040138 0 0
0 0 0 0.030742 0 0 0 0 0 0 0 0.028483 -0.0022812 0.01134 0 0
-0 -0 -0 0.01607 0 0 0 0 0 0 0 0.01489 -0.0011925 0.0059279 0 0
0 0 0 0.10056 0 0 0 0 0 0 0 0.093169 -0.0074621 0.037093 0 0
-0 -0 -0 0.14227 0 0 0 0 0 0 0 0.13182 -0.010558 0.05248 0 0
-0 -0 -0 0.0019592 0 0 0 0 0 0 0 0.0018153 -0.00014539 0.0007227 0 0
-0 -0 -0 0.15403 0 0 0 0 0 0 0 0.14271 -0.01143 0.056819 0 0
-0 -0 -0 0.14014 0 0 0 0 0 0 0 0.12984 -0.010399 0.051692 0 0
-0 -0 -0 0.13928 0 0 0 0 0 0 0 0.12904 -0.010335 0.051376 0 0
0 0 0 0.083643 0 0 0 0 0 0 0 0.077497 -0.0062069 0.030854 0 0
-0 -0 -0 0.047455 0 0 0 0 0 0 0 0.043967 -0.0035214 0.017505 0 0
0 0 0 0.18291 0 0 0 0 0 0 0 0.16947 -0.013573 0.06747 0 0
0 0 0 0.11409 0 0 0 0 0 0 0 0.10571 -0.0084661 0.042084 0 0
0 0 0 0.0054334 0 0 0 0 0 0 0 0.0050342 -0.00040319 0.0020042 0 0
-0 -0 -0 0.18689 0 0 0 0 0 0 0 0.17316 -0.013869 0.068939 0 0
-0 -0 -0 0.10561 0 0 0 0 0 0 0 0.097849 -0.0078369 0.038956 0 0
0 0 0 0.012717 0 0 0 0 0 0 0 0.011782 -0.00094367 0.0046909 0 0
0 0 0 0.1342 0 0 0 0 0 0 0 0.12434 -0.0099586 0.049503 0 0
0 0 0 0.12118 0 0 0 0 0 0 0 0.11228 -0.0089926 0.044701 0 0
-0 -0 -0 0.0059206 0 0 0 0 0 0 0 0.0054855 -0.00043934 0.0021839 0 0
0 0 0 0.074088 0 0 0 0 0 0 0 0.068643 -0.0054978 0.027329 0 0
-0 -0 -0 0.048624 0 0 0 0 0 0 0 0.045051 -0.0036082 0.017936 0 0
-0 -0 -0 0.10051 0 0 0 0 0 0 0 0.093123 -0.0074584 0.037075 0 0
-0 -0 -0 0.093868 0 0 0 0 0 0 0 0.08697 -0.0069656 0.034625 0 0
-0 -0 -0 0.18462 0 0 0 0 0 0 0 0.17105 -0.0137 0.068101 0 0
-0 -0 -0 0.18916 0 0 0 0 0 0 0 0.17526 -0.014037 0.069776 0 0
-0 -0 -0 0.1669 0 0 0 0 0 0 0 0.15463 -0.012385 0.061563 0 0
-0 -0 -0 0.084362 0 0 0 0 0 0 0 0.078163 -0.0062602 0.031119 0 0
-0 -0 -0 0.0921 0 0 0 0 0 0 0 0.085332 -0.0068344 0.033973 0 0
0 0 0 0.088977 0 0 0 0 0 0 0 0.082438 -0.0066026 0.032821 0 0
0 0 0 0.092602 0 0 0 0 0 0 0 0.085797 -0.0068716 0.034158 0 0
0 0 0 0.034576 0 0 0 0 0 0 0 0.032035 -0.0025658 0.012754 0 0
0 0 0 0.10719 0 0 0 0 0 0 0 0.099312 -0.0079541 0.039539 0 0
0 0 0 0.059627 0 0 0 0 0 0 0 0.055245 -0.0044247 0.021995 0 0
-0 -0 -0 0.09345 0 0 0 0 0 0 0 0.086582 -0.0069345 0.034471 0 0
0 0 0 0.05315 0 0 0 0 0 0 0 0.049244 -0.003944 0.019605 0 0
-0 -0 -0 0.1745 0 0 0 0 0 0 0 0.16168 -0.012949 0.064368 0 0
0 0 0 0.033806 0 0 0 0 0 0 0 0.031322 -0.0025086 0.01247 0 0
0 0 0 0.010071 0 0 0 0 0 0 0 0.0093311 -0.00074734 0.003715 0 0
0 0 0 0.1362 0 0 0 0 0 0 0 0.12619 -0.010107 0.05024 0 0
-0 -0 -0 0.0099823 0 0 0 0 0 0 0 0.0092487 -0.00074075 0.0036822 0 0
0 0 0 0.15243 0 0 0 0 0 0 0 0.14122 -0.011311 0.056225 0 0
-0 -0 -0 0.046053 0 0 0 0 0 0 0 0.042669 -0.0034174 0.016988 0 0
0 0 0 0.13883 0 0 0 0 0 0 0 0.12863 -0.010302 0.051211 0 0
0 0 0 0.087122 0 0 0 0 0 0 0 0.08072 -0.006465 0.032137 0 0
-0 -0 -0 0.13568 0 0 0 0 0 0 0 0.12571 -0.010068 0.050047 0 0
0 0 0 0.17746 0 0 0 0 0 0 0 0.16442 -0.013169 0.065461 0 0
-0 -0 -0 0.052531 0 0 0 0 0 0 0 0.048671 -0.0038981 0.019377 0 0
-0 -0 -0 0.1821 0 0 0 0 0 0 0 0.16872 -0.013513 0.067172 0 0
-0 -0 -0 0.19112 0 0 0 0 0 0 0 0.17708 -0.014182 0.070499 0 0
0 0 0 0.099237 0 0 0 0 0 0 0 0.091945 -0.007364 0.036606 0 0
0 0 0 0.12084 0 0 0 0 0 0 0 0.11196 -0.0089673 0.044575 0 0
0 0 0 0.12462 0 0 0 0 0 0 0 0.11546 -0.0092475 0.045968 0 0
-0 -0 -0 0.0050772 0 0 0 0 0 0 0 0.0047041 -0.00037676 0.0018728 0 0
0 0 0 0.010045 0 0 0 0 0 0 0 0.009307 -0.00074542 0.0037054 0 0
0 0 0 0.044621 0 0 0 0 0 0 0 0.041342 -0.0033111 0.016459 0 0
0 0 0 0.0046809 0 0 0 0 0 0 0 0.0043369 -0.00034735 0.0017266 0 0
0 0 0 0.19308 0 0 0 0 0 0 0 0.17889 -0.014328 0.071221 0 0
-0 -0 -0 0.17791 0 0 0 0 0 0 0 0.16483 -0.013202 0.065625 0 0
-0 -0 -0 0.024384 0 0 0 0 0 0 0 0.022592 -0.0018095 0.0089946 0 0
0 0 0 0.064702 0 0 0 0 0 0 0 0.059947 -0.0048013 0.023867 0 0
0 0 0 0.00106 0 0 0 0 0 0 0 0.00098212 -7.866e-05 0.00039101 0 0
0 0 0 0.017295 0 0 0 0 0 0 0 0.016024 -0.0012834 0.0063794 0 0
0 0 0 0.042708 0 0 0 0 0 0 0 0.03957 -0.0031692 0.015754 0 0
-0 -0 -0 0.19376 0 0 0 0 0 0 0 0.17953 -0.014379 0.071474 0 0
0 0 0 0.18353 0 0 0 0 0 0 0 0.17004 -0.013619 0.067698 0 0
-0 -0 -0 0.040366 0 0 0 0 0 0 0 0.0374 -0.0029954 0.01489 0 0
-0 -0 -0 0.10265 0 0 0 0 0 0 0 0.095106 -0.0076172 0.037864 0 0
0 0 0 0.018368 0 0 0 0 0 0 0 0.017018 -0.001363 0.0067752 0 0
0 0 0 0.072286 0 0 0 0 0 0 0 0.066974 -0.0053641 0.026664 0 0
0 0 0 0.021485 0 0 0 0 0 0 0 0.019906 -0.0015943 0.0079251 0 0
-0 -0 -0 0.14258 0 0 0 0 0 0 0 0.1321 -0.01058 0.052594 0 0
0 0 0 0.015755 0 0 0 0 0 0 0 0.014597 -0.0011691 0.0058115 0 0
-0 -0 -0 0.05033 0 0 0 0 0 0 0 0.046631 -0.0037348 0.018565 0 0
0 0 0 0.02639 0 0 0 0 0 0 0 0.024451 -0.0019583 0.0097344 0 0
-0 -0 -0 0.18825 0 0 0 0 0 0 0 0.17441 -0.013969 0.069439 0 0
-0 -0 -0 0.19645 0 0 0 0 0 0 0 0.18202 -0.014578 0.072465 0 0
-0 -0 -0 0.02738 0 0 0 0 0 0 0 0.025368 -0.0020318 0.0101 0 0
0 0 0 0.19396 0 0 0 0 0 0 0 0.17971 -0.014393 0.071546 0 0
