0 0 0.029945 0 0 0 0 0 0 0 0 0 0 -0.0084053 0.015469 0.024224 -0.0020766 0.0027413 -0.0024711 0 0
-0 -0 -0.22283 0 0 0 0 0 0 0 0 0 0 0.062547 -0.11511 -0.18026 0.012028 -0.022417 0.018488 0 0
0 0 0.28829 0 0 0 0 0 0 0 0 0 0 -0.080919 0.14892 0.23321 -0.024075 0.023148 -0.023136 0 0
-0 -0 -0.21183 0 0 0 0 0 0 0 0 0 0 0.059457 -0.10942 -0.17135 0.01158 -0.021236 0.017579 0 0
-0 -0 -0.16242 0 0 0 0 0 0 0 0 0 0 0.045589 -0.0839 -0.13139 0.0093812 -0.016019 0.013484 0 0
-0 -0 -0.26691 0 0 0 0 0 0 0 0 0 0 0.074919 -0.13788 -0.21592 0.01366 -0.027214 0.022118 0 0
-0 -0 -0.28074 0 0 0 0 0 0 0 0 0 0 0.0788 -0.14502 -0.2271 0.01412 -0.02874 0.023252 0 0
0 0 0.24729 0 0 0 0 0 0 0 0 0 0 -0.06941 0.12774 0.20004 -0.020126 0.020327 -0.019964 0 0
0 0 0.25638 0 0 0 0 0 0 0 0 0 0 -0.071961 0.13243 0.20739 -0.020988 0.020967 -0.020671 0 0
0 0 0.13701 0 0 0 0 0 0 0 0 0 0 -0.038458 0.070776 0.11083 -0.010335 0.011935 -0.011207 0 0
0 0 0.097932 0 0 0 0 0 0 0 0 0 0 -0.027488 0.050588 0.079221 -0.007173 0.0086929 -0.0080399 0 0
-0 -0 -0.096204 0 0 0 0 0 0 0 0 0 0 0.027003 -0.049696 -0.077823 0.0059485 -0.0092668 0.0079815 0 0
-0 -0 -0.31181 0 0 0 0 0 0 0 0 0 0 0.087521 -0.16107 -0.25223 0.015061 -0.032201 0.025789 0 0
-0 -0 -0.2648 0 0 0 0 0 0 0 0 0 0 0.074325 -0.13678 -0.2142 0.013588 -0.026982 0.021944 0 0
-0 -0 -0.3356 0 0 0 0 0 0 0 0 0 0 0.094198 -0.17336 -0.27148 0.015694 -0.034882 0.02772 0 0
0 0 0.13955 0 0 0 0 0 0 0 0 0 0 -0.039169 0.072084 0.11288 -0.010546 0.01214 -0.011412 0 0
0 0 0.2665 0 0 0 0 0 0 0 0 0 0 -0.074804 0.13767 0.21558 -0.021957 0.02167 -0.021457 0 0
-0 -0 -0.082702 0 0 0 0 0 0 0 0 0 0 0.023213 -0.042721 -0.066901 0.0051815 -0.0079259 0.0068591 0 0
-0 -0 -0.23035 0 0 0 0 0 0 0 0 0 0 0.064656 -0.11899 -0.18634 0.012324 -0.023227 0.019109 0 0
-0 -0 -0.099603 0 0 0 0 0 0 0 0 0 0 0.027957 -0.051451 -0.080572 0.006138 -0.0096062 0.008264 0 0
0 0 0.16526 0 0 0 0 0 0 0 0 0 0 -0.046387 0.085369 0.13369 -0.012724 0.014193 -0.013478 0 0
0 0 0.075311 0 0 0 0 0 0 0 0 0 0 -0.021139 0.038903 0.060921 -0.0054194 0.0067557 -0.0061944 0 0
0 0 0.19027 0 0 0 0 0 0 0 0 0 0 -0.053405 0.098284 0.15391 -0.014908 0.01613 -0.015473 0 0
0 0 0.16704 0 0 0 0 0 0 0 0 0 0 -0.046886 0.086287 0.13513 -0.012877 0.014333 -0.01362 0 0
0 0 0.33435 0 0 0 0 0 0 0 0 0 0 -0.093848 0.17271 0.27047 -0.0287 0.026115 -0.026635 0 0
0 0 0.17125 0 0 0 0 0 0 0 0 0 0 -0.048068 0.088462 0.13853 -0.013241 0.014662 -0.013957 0 0
-0 -0 -0.20713 0 0 0 0 0 0 0 0 0 0 0.058139 -0.107 -0.16756 0.011385 -0.020734 0.01719 0 0
0 0 0.32037 0 0 0 0 0 0 0 0 0 0 -0.089924 0.16549 0.25916 -0.027276 0.025238 -0.02558 0 0
0 0 0.20424 0 0 0 0 0 0 0 0 0 0 -0.057327 0.1055 0.16521 -0.016156 0.017187 -0.016581 0 0
-0 -0 -0.094024 0 0 0 0 0 0 0 0 0 0 0.026391 -0.048569 -0.076059 0.0058262 -0.0090494 0.0078002 0 0
0 0 0.22409 0 0 0 0 0 0 0 0 0 0 -0.062899 0.11576 0.18127 -0.017964 0.018658 -0.018147 0 0
0 0 0.054468 0 0 0 0 0 0 0 0 0 0 -0.015288 0.028136 0.044061 -0.0038545 0.0049325 -0.0044872 0 0
-0 -0 -0.035104 0 0 0 0 0 0 0 0 0 0 0.0098532 -0.018133 -0.028397 0.0022998 -0.0033023 0.0029067 0 0
0 0 0.30079 0 0 0 0 0 0 0 0 0 0 -0.084428 0.15538 0.24332 -0.025311 0.023975 -0.024092 0 0
0 0 0.17254 0 0 0 0 0 0 0 0 0 0 -0.048429 0.089126 0.13957 -0.013352 0.014763 -0.01406 0 0
0 0 0.24564 0 0 0 0 0 0 0 0 0 0 -0.068948 0.12689 0.19871 -0.019971 0.02021 -0.019835 0 0
-0 -0 -0.2725 0 0 0 0 0 0 0 0 0 0 0.076486 -0.14076 -0.22043 0.013849 -0.027829 0.022576 0 0
-0 -0 -0.14946 0 0 0 0 0 0 0 0 0 0 0.041952 -0.077207 -0.12091 0.0087529 -0.014675 0.012408 0 0
0 0 0.13757 0 0 0 0 0 0 0 0 0 0 -0.038615 0.071065 0.11129 -0.010382 0.01198 -0.011253 0 0
0 0 0.059289 0 0 0 0 0 0 0 0 0 0 -0.016642 0.030627 0.047961 -0.0042121 0.0053574 -0.0048826 0 0
0 0 0.13943 0 0 0 0 0 0 0 0 0 0 -0.039136 0.072023 0.11279 -0.010536 0.012131 -0.011402 0 0
-0 -0 -0.20373 0 0 0 0 0 0 0 0 0 0 0.057184 -0.10524 -0.1648 0.011241 -0.020371 0.016909 0 0
0 0 0.088959 0 0 0 0 0 0 0 0 0 0 -0.02497 0.045953 0.071962 -0.0064706 0.0079297 -0.0073089 0 0
-0 -0 -0.1583 0 0 0 0 0 0 0 0 0 0 0.044433 -0.081772 -0.12805 0.0091838 -0.015591 0.013142 0 0
0 0 0.17631 0 0 0 0 0 0 0 0 0 0 -0.049487 0.091073 0.14262 -0.01368 0.015056 -0.014361 0 0
-0 -0 -0.11854 0 0 0 0 0 0 0 0 0 0 0.033274 -0.061236 -0.095895 0.007168 -0.011513 0.0098389 0 0
0 0 0.26243 0 0 0 0 0 0 0 0 0 0 -0.07366 0.13556 0.21229 -0.021566 0.021388 -0.021141 0 0
-0 -0 -0.0029723 0 0 0 0 0 0 0 0 0 0 0.00083429 -0.0015354 -0.0024044 0.00020039 -0.00027595 0.00024574 0 0
0 0 0.30605 0 0 0 0 0 0 0 0 0 0 -0.085904 0.15809 0.24757 -0.025835 0.024318 -0.024493 0 0
0 0 0.072638 0 0 0 0 0 0 0 0 0 0 -0.020389 0.037522 0.05876 -0.005216 0.006524 -0.0059759 0 0
-0 -0 -0.25885 0 0 0 0 0 0 0 0 0 0 0.072657 -0.13371 -0.2094 0.013381 -0.026329 0.021456 0 0
-0 -0 -0.14379 0 0 0 0 0 0 0 0 0 0 0.040361 -0.074279 -0.11632 0.0084713 -0.014091 0.011937 0 0
0 0 0.19527 0 0 0 0 0 0 0 0 0 0 -0.054811 0.10087 0.15796 -0.015353 0.016511 -0.015871 0 0
-0 -0 -0.33912 0 0 0 0 0 0 0 0 0 0 0.095187 -0.17518 -0.27433 0.015782 -0.035281 0.028005 0 0
0 0 0.096061 0 0 0 0 0 0 0 0 0 0 -0.026963 0.049622 0.077707 -0.0070259 0.0085344 -0.0078877 0 0
-0 -0 -0.12367 0 0 0 0 0 0 0 0 0 0 0.034713 -0.063884 -0.10004 0.0074392 -0.012033 0.010265 0 0
-0 -0 -0.13817 0 0 0 0 0 0 0 0 0 0 0.038781 -0.071371 -0.11177 0.0081878 -0.013513 0.01147 0 0
-0 -0 -0.30487 0 0 0 0 0 0 0 0 0 0 0.085573 -0.15748 -0.24662 0.014862 -0.031424 0.025223 0 0
-0 -0 -0.2499 0 0 0 0 0 0 0 0 0 0 0.070143 -0.12909 -0.20215 0.01306 -0.02535 0.020719 0 0
0 0 0.25274 0 0 0 0 0 0 0 0 0 0 -0.07094 0.13055 0.20445 -0.020642 0.020712 -0.020388 0 0
0 0 0.031741 0 0 0 0 0 0 0 0 0 0 -0.0089092 0.016396 0.025676 -0.0022044 0.0029034 -0.0026189 0 0
-0 -0 -0.29783 0 0 0 0 0 0 0 0 0 0 0.083598 -0.15385 -0.24093 0.014653 -0.030638 0.024649 0 0
-0 -0 -0.22109 0 0 0 0 0 0 0 0 0 0 0.062058 -0.11421 -0.17885 0.011958 -0.022229 0.018344 0 0
0 0 0.02357 0 0 0 0 0 0 0 0 0 0 -0.0066157 0.012175 0.019066 -0.0016257 0.0021636 -0.0019457 0 0
-0 -0 -0.25134 0 0 0 0 0 0 0 0 0 0 0.070547 -0.12983 -0.20332 0.013112 -0.025507 0.020838 0 0
-0 -0 -0.1533 0 0 0 0 0 0 0 0 0 0 0.04303 -0.07919 -0.12401 0.0089413 -0.015073 0.012727 0 0
0 0 0.22555 0 0 0 0 0 0 0 0 0 0 -0.063308 0.11651 0.18245 -0.018098 0.018764 -0.018262 0 0
0 0 0.21755 0 0 0 0 0 0 0 0 0 0 -0.061063 0.11238 0.17598 -0.017364 0.018177 -0.017633 0 0
-0 -0 -0.11756 0 0 0 0 0 0 0 0 0 0 0.032998 -0.060728 -0.0951 0.0071157 -0.011413 0.0097572 0 0
-0 -0 -0.11546 0 0 0 0 0 0 0 0 0 0 0.032409 -0.059644 -0.093403 0.0070036 -0.011201 0.0095828 0 0
0 0 0.16492 0 0 0 0 0 0 0 0 0 0 -0.046291 0.085192 0.13341 -0.012694 0.014166 -0.013451 0 0
0 0 0.17188 0 0 0 0 0 0 0 0 0 0 -0.048244 0.088785 0.13904 -0.013295 0.014711 -0.014007 0 0
0 0 0.17995 0 0 0 0 0 0 0 0 0 0 -0.050509 0.092954 0.14557 -0.013998 0.015338 -0.014652 0 0
-0 -0 -0.00062908 0 0 0 0 0 0 0 0 0 0 0.00017658 -0.00032496 -0.00050889 4.2499e-05 -5.8346e-05 5.2005e-05 0 0
0 0 0.28266 0 0 0 0 0 0 0 0 0 0 -0.07934 0.14601 0.22866 -0.023524 0.022771 -0.022704 0 0
0 0 0.15702 0 0 0 0 0 0 0 0 0 0 -0.044073 0.08111 0.12702 -0.012018 0.013541 -0.012817 0 0
0 0 0.11014 0 0 0 0 0 0 0 0 0 0 -0.030916 0.056897 0.0891 -0.0081434 0.0097204 -0.0090328 0 0
0 0 0.073189 0 0 0 0 0 0 0 0 0 0 -0.020543 0.037807 0.059205 -0.0052579 0.0065718 -0.006021 0 0
0 0 0.28913 0 0 0 0 0 0 0 0 0 0 -0.081154 0.14935 0.23388 -0.024158 0.023204 -0.0232 0 0
-0 -0 -0.17858 0 0 0 0 0 0 0 0 0 0 0.050126 -0.09225 -0.14446 0.010135 -0.01771 0.014826 0 0
0 0 0.20094 0 0 0 0 0 0 0 0 0 0 -0.056401 0.1038 0.16255 -0.015859 0.01694 -0.01632 0 0
-0 -0 -0.33392 0 0 0 0 0 0 0 0 0 0 0.093728 -0.17249 -0.27012 0.015652 -0.034692 0.027585 0 0
-0 -0 -0.086962 0 0 0 0 0 0 0 0 0 0 0.024409 -0.044921 -0.070347 0.0054259 -0.0083475 0.0072132 0 0
0 0 0.13619 0 0 0 0 0 0 0 0 0 0 -0.038227 0.070352 0.11017 -0.010267 0.011868 -0.011141 0 0
0 0 0.079632 0 0 0 0 0 0 0 0 0 0 -0.022352 0.041135 0.064417 -0.00575 0.0071291 -0.0065476 0 0
-0 -0 -0.24487 0 0 0 0 0 0 0 0 0 0 0.068733 -0.12649 -0.19809 0.012876 -0.024803 0.020306 0 0
0 0 0.17987 0 0 0 0 0 0 0 0 0 0 -0.050487 0.092914 0.1455 -0.013992 0.015332 -0.014645 0 0
-0 -0 -0.29439 0 0 0 0 0 0 0 0 0 0 0.082631 -0.15207 -0.23814 0.014549 -0.030255 0.024368 0 0
0 0 0.099126 0 0 0 0 0 0 0 0 0 0 -0.027823 0.051205 0.080187 -0.0072672 0.0087939 -0.0081371 0 0
-0 -0 -0.068846 0 0 0 0 0 0 0 0 0 0 0.019324 -0.035563 -0.055692 0.0043711 -0.0065631 0.0057077 0 0
0 0 0.30724 0 0 0 0 0 0 0 0 0 0 -0.086237 0.15871 0.24853 -0.025954 0.024395 -0.024583 0 0
-0 -0 -0.30586 0 0 0 0 0 0 0 0 0 0 0.085851 -0.158 -0.24742 0.01489 -0.031535 0.025304 0 0
-0 -0 -0.010829 0 0 0 0 0 0 0 0 0 0 0.0030397 -0.005594 -0.0087603 0.00072509 -0.0010087 0.00089571 0 0
0 0 0.13261 0 0 0 0 0 0 0 0 0 0 -0.037221 0.0685 0.10727 -0.0099707 0.011576 -0.010852 0 0
-0 -0 -0.2545 0 0 0 0 0 0 0 0 0 0 0.071435 -0.13147 -0.20587 0.013226 -0.025853 0.021098 0 0
-0 -0 -0.042305 0 0 0 0 0 0 0 0 0 0 0.011874 -0.021853 -0.034222 0.0027534 -0.0039911 0.003504 0 0
-0 -0 -0.27413 0 0 0 0 0 0 0 0 0 0 0.076946 -0.14161 -0.22176 0.013903 -0.02801 0.02271 0 0
0 0 0.18711 0 0 0 0 0 0 0 0 0 0 -0.05252 0.096655 0.15136 -0.014628 0.015889 -0.015222 0 0
-0 -0 -0.18876 0 0 0 0 0 0 0 0 0 0 0.052983 -0.097507 -0.1527 0.010593 -0.018782 0.015669 0 0
-0 -0 -0.21925 0 0 0 0 0 0 0 0 0 0 0.061542 -0.11326 -0.17736 0.011884 -0.022032 0.018193 0 0
