0 0 0 0.11531 0 0 0 0 0 0 0 0.10683 -0.0085565 0.042533 0 0
-0 -0 -0 0.031376 0 0 0 0 0 0 0 0.02907 -0.0023283 0.011574 0 0
0 0 0 0.065142 0 0 0 0 0 0 0 0.060355 -0.004834 0.024029 0 0
0 0 0 0.077314 0 0 0 0 0 0 0 0.071632 -0.0057371 0.028519 0 0
-0 -0 -0 0.13737 0 0 0 0 0 0 0 0.12727 -0.010194 0.050672 0 0
-0 -0 -0 0.14221 0 0 0 0 0 0 0 0.13176 -0.010553 0.052457 0 0
0 0 0 0.032426 0 0 0 0 0 0 0 0.030043 -0.0024062 0.011961 0 0
0 0 0 0.0065793 0 0 0 0 0 0 0 0.0060958 -0.00048823 0.0024269 0 0
0 0 0 0.12518 0 0 0 0 0 0 0 0.11598 -0.0092888 0.046173 0 0
-0 -0 -0 0.074598 0 0 0 0 0 0 0 0.069116 -0.0055356 0.027517 0 0
0 0 0 0.098808 0 0 0 0 0 0 0 0.091547 -0.0073322 0.036447 0 0
0 0 0 0.088091 0 0 0 0 0 0 0 0.081618 -0.0065369 0.032494 0 0
-0 -0 -0 0.025698 0 0 0 0 0 0 0 0.023809 -0.0019069 0.0094792 0 0
-0 -0 -0 0.054135 0 0 0 0 0 0 0 0.050157 -0.0040172 0.019969 0 0
-0 -0 -0 0.14637 0 0 0 0 0 0 0 0.13562 -0.010862 0.053993 0 0
0 0 0 0.029403 0 0 0 0 0 0 0 0.027242 -0.0021819 0.010846 0 0
0 0 0 0.08241 0 0 0 0 0 0 0 0.076354 -0.0061153 0.030398 0 0
-0 -0 -0 0.16535 0 0 0 0 0 0 0 0.1532 -0.01227 0.060993 0 0
-0 -0 -0 0.11749 0 0 0 0 0 0 0 0.10886 -0.0087188 0.04334 0 0
0 0 0 0.050424 0 0 0 0 0 0 0 0.046719 -0.0037418 0.0186 0 0
0 0 0 0.030753 0 0 0 0 0 0 0 0.028493 -0.002282 0.011344 0 0
-0 -0 -0 0.18382 0 0 0 0 0 0 0 0.17031 -0.01364 0.067804 0 0
0 0 0 0.073116 0 0 0 0 0 0 0 0.067743 -0.0054257 0.02697 0 0
-0 -0 -0 0.08142 0 0 0 0 0 0 0 0.075437 -0.0060419 0.030034 0 0
0 0 0 0.11062 0 0 0 0 0 0 0 0.10249 -0.0082089 0.040805 0 0
0 0 0 0.15631 0 0 0 0 0 0 0 0.14482 -0.011599 0.057659 0 0
-0 -0 -0 0.16716 0 0 0 0 0 0 0 0.15488 -0.012405 0.061662 0 0
0 0 0 0.1196 0 0 0 0 0 0 0 0.11081 -0.0088748 0.044116 0 0
0 0 0 0.071936 0 0 0 0 0 0 0 0.06665 -0.0053381 0.026535 0 0
-0 -0 -0 0.14965 0 0 0 0 0 0 0 0.13866 -0.011105 0.055203 0 0
-0 -0 -0 0.15975 0 0 0 0 0 0 0 0.14801 -0.011854 0.058926 0 0
0 0 0 0.15053 0 0 0 0 0 0 0 0.13947 -0.01117 0.055527 0 0
0 0 0 0.15547 0 0 0 0 0 0 0 0.14405 -0.011537 0.057349 0 0
0 0 0 0.036939 0 0 0 0 0 0 0 0.034225 -0.0027411 0.013626 0 0
-0 -0 -0 0.19246 0 0 0 0 0 0 0 0.17831 -0.014281 0.070991 0 0
-0 -0 -0 0.081517 0 0 0 0 0 0 0 0.075527 -0.0060491 0.030069 0 0
0 0 0 0.10081 0 0 0 0 0 0 0 0.093401 -0.0074807 0.037186 0 0
-0 -0 -0 0.024832 0 0 0 0 0 0 0 0.023007 -0.0018427 0.0091596 0 0
-0 -0 -0 0.10493 0 0 0 0 0 0 0 0.097221 -0.0077866 0.038706 0 0
-0 -0 -0 0.19325 0 0 0 0 0 0 0 0.17905 -0.01434 0.071283 0 0
-0 -0 -0 0.10461 0 0 0 0 0 0 0 0.096927 -0.007763 0.038589 0 0
-0 -0 -0 0.050078 0 0 0 0 0 0 0 0.046398 -0.0037161 0.018472 0 0
0 0 0 0.018707 0 0 0 0 0 0 0 0.017332 -0.0013881 0.0069003 0 0
0 0 0 0.086233 0 0 0 0 0 0 0 0.079896 -0.006399 0.031809 0 0
-0 -0 -0 0.03479 0 0 0 0 0 0 0 0.032234 -0.0025817 0.012833 0 0
-0 -0 -0 0.14925 0 0 0 0 0 0 0 0.13829 -0.011076 0.055055 0 0
0 0 0 0.087157 0 0 0 0 0 0 0 0.080752 -0.0064675 0.032149 0 0
-0 -0 -0 0.020099 0 0 0 0 0 0 0 0.018622 -0.0014915 0.0074139 0 0
-0 -0 -0 0.1229 0 0 0 0 0 0 0 0.11386 -0.0091196 0.045332 0 0
-0 -0 -0 0.19123 0 0 0 0 0 0 0 0.17718 -0.014191 0.07054 0 0
0 0 0 0.037897 0 0 0 0 0 0 0 0.035113 -0.0028122 0.013979 0 0
0 0 0 0.15797 0 0 0 0 0 0 0 0.14636 -0.011722 0.058271 0 0
-0 -0 -0 0.1468 0 0 0 0 0 0 0 0.13601 -0.010893 0.054149 0 0
-0 -0 -0 0.15202 0 0 0 0 0 0 0 0.14085 -0.011281 0.056076 0 0
0 0 0 0.099899 0 0 0 0 0 0 0 0.092557 -0.0074131 0.03685 0 0
-0 -0 -0 0.15231 0 0 0 0 0 0 0 0.14112 -0.011302 0.056183 0 0
-0 -0 -0 0.003318 0 0 0 0 0 0 0 0.0030742 -0.00024622 0.0012239 0 0
-0 -0 -0 0.020939 0 0 0 0 0 0 0 0.0194 -0.0015538 0.0077238 0 0
0 0 0 0.075452 0 0 0 0 0 0 0 0.069907 -0.005599 0.027832 0 0
-0 -0 -0 0.14646 0 0 0 0 0 0 0 0.1357 -0.010868 0.054026 0 0
-0 -0 -0 0.068514 0 0 0 0 0 0 0 0.063479 -0.0050841 0.025273 0 0
-0 -0 -0 0.019168 0 0 0 0 0 0 0 0.017759 -0.0014224 0.0070705 0 0
-0 -0 -0 0.17233 0 0 0 0 0 0 0 0.15966 -0.012788 0.063567 0 0
0 0 0 0.16566 0 0 0 0 0 0 0 0.15349 -0.012293 0.061107 0 0
-0 -0 -0 0.1522 0 0 0 0 0 0 0 0.14102 -0.011294 0.056144 0 0
-0 -0 -0 0.040468 0 0 0 0 0 0 0 0.037494 -0.003003 0.014928 0 0
0 0 0 0.013686 0 0 0 0 0 0 0 0.01268 -0.0010156 0.0050484 0 0
0 0 0 0.057623 0 0 0 0 0 0 0 0.053389 -0.004276 0.021256 0 0
0 0 0 0.012031 0 0 0 0 0 0 0 0.011147 -0.00089275 0.0044378 0 0
-0 -0 -0 0.074856 0 0 0 0 0 0 0 0.069356 -0.0055548 0.027612 0 0
-0 -0 -0 0.01709 0 0 0 0 0 0 0 0.015834 -0.0012682 0.006304 0 0
-0 -0 -0 0.14743 0 0 0 0 0 0 0 0.1366 -0.01094 0.054382 0 0
0 0 0 0.095957 0 0 0 0 0 0 0 0.088906 -0.0071206 0.035396 0 0
-0 -0 -0 0.11148 0 0 0 0 0 0 0 0.10329 -0.0082726 0.041122 0 0
-0 -0 -0 0.10062 0 0 0 0 0 0 0 0.093225 -0.0074666 0.037116 0 0
-0 -0 -0 0.039585 0 0 0 0 0 0 0 0.036676 -0.0029375 0.014602 0 0
-0 -0 -0 0.15857 0 0 0 0 0 0 0 0.14692 -0.011767 0.058493 0 0
-0 -0 -0 0.1328 0 0 0 0 0 0 0 0.12304 -0.0098546 0.048986 0 0
-0 -0 -0 0.10134 0 0 0 0 0 0 0 0.093894 -0.0075201 0.037382 0 0
0 0 0 0.1325 0 0 0 0 0 0 0 0.12276 -0.0098324 0.048876 0 0
0 0 0 0.19852 0 0 0 0 0 0 0 0.18393 -0.014731 0.073228 0 0
0 0 0 0.10564 0 0 0 0 0 0 0 0.097875 -0.007839 0.038967 0 0
-0 -0 -0 0.062595 0 0 0 0 0 0 0 0.057995 -0.0046449 0.023089 0 0
-0 -0 -0 0.12081 0 0 0 0 0 0 0 0.11193 -0.0089648 0.044563 0 0
0 0 0 0.14622 0 0 0 0 0 0 0 0.13547 -0.01085 0.053935 0 0
-0 -0 -0 0.08781 0 0 0 0 0 0 0 0.081357 -0.0065161 0.032391 0 0
0 0 0 0.17984 0 0 0 0 0 0 0 0.16663 -0.013345 0.066339 0 0
0 0 0 0.13259 0 0 0 0 0 0 0 0.12285 -0.0098391 0.048909 0 0
-0 -0 -0 0.036586 0 0 0 0 0 0 0 0.033897 -0.0027149 0.013495 0 0
0 0 0 0.015615 0 0 0 0 0 0 0 0.014467 -0.0011587 0.0057598 0 0
0 0 0 0.11343 0 0 0 0 0 0 0 0.10509 -0.0084169 0.04184 0 0
-0 -0 -0 0.1271 0 0 0 0 0 0 0 0.11776 -0.0094317 0.046884 0 0
0 0 0 0.032436 0 0 0 0 0 0 0 0.030052 -0.0024069 0.011965 0 0
0 0 0 0.083183 0 0 0 0 0 0 0 0.07707 -0.0061727 0.030684 0 0
-0 -0 -0 0.062921 0 0 0 0 0 0 0 0.058297 -0.0046691 0.02321 0 0
-0 -0 -0 0.11995 0 0 0 0 0 0 0 0.11114 -0.0089012 0.044247 0 0
-0 -0 -0 0.17187 0 0 0 0 0 0 0 0.15924 -0.012754 0.063399 0 0
0 0 0 0.023205 0 0 0 0 0 0 0 0.0215 -0.001722 0.0085596 0 0
0 0 0 0.11493 0 0 0 0 0 0 0 0.10648 -0.0085282 0.042393 0 0
-0 -0 -0 0.025091 0 0 0 0 0 0 0 0.023247 -0.0018619 0.0092554 0 0
