-0 -0 -0.27702 0 0 0 0 0 0 0 0 0 0 0.064325 -0.14901 -0.2245 0.015353 -0.020079 0.017727 0 0
-0 -0 -0.07643 0 0 0 0 0 0 0 0 0 0 0.017747 -0.041112 -0.061938 0.0049421 -0.0050696 0.004781 0 0
0 0 0.34639 0 0 0 0 0 0 0 0 0 0 -0.080432 0.18632 0.28071 -0.028118 0.017516 -0.019683 0 0
0 0 0.07767 0 0 0 0 0 0 0 0 0 0 -0.018035 0.041779 0.062944 -0.0055299 0.0047364 -0.0047283 0 0
-0 -0 -0.0032371 0 0 0 0 0 0 0 0 0 0 0.00075165 -0.0017412 -0.0026233 0.00021958 -0.00020669 0.00020011 0 0
0 0 0.16932 0 0 0 0 0 0 0 0 0 0 -0.039315 0.091076 0.13721 -0.012668 0.0097479 -0.0101 0 0
0 0 0.055392 0 0 0 0 0 0 0 0 0 0 -0.012862 0.029796 0.04489 -0.0038934 0.0034224 -0.0033872 0 0
0 0 0.24522 0 0 0 0 0 0 0 0 0 0 -0.056939 0.1319 0.19872 -0.01904 0.013397 -0.014348 0 0
0 0 0.10256 0 0 0 0 0 0 0 0 0 0 -0.023814 0.055167 0.083114 -0.0074049 0.0061608 -0.006211 0 0
0 0 0.22021 0 0 0 0 0 0 0 0 0 0 -0.051133 0.11845 0.17846 -0.016897 0.012246 -0.01297 0 0
0 0 0.038103 0 0 0 0 0 0 0 0 0 0 -0.0088474 0.020495 0.030878 -0.0026509 0.0023777 -0.0023377 0 0
-0 -0 -0.2563 0 0 0 0 0 0 0 0 0 0 0.059513 -0.13787 -0.20771 0.014458 -0.018426 0.016373 0 0
0 0 0.21451 0 0 0 0 0 0 0 0 0 0 -0.049809 0.11539 0.17384 -0.016414 0.011977 -0.012653 0 0
-0 -0 -0.10996 0 0 0 0 0 0 0 0 0 0 0.025532 -0.059146 -0.089109 0.0069462 -0.0074138 0.0069112 0 0
0 0 0.1221 0 0 0 0 0 0 0 0 0 0 -0.028351 0.065677 0.098948 -0.0089106 0.0072463 -0.0073629 0 0
-0 -0 -0.24192 0 0 0 0 0 0 0 0 0 0 0.056173 -0.13013 -0.19605 0.013812 -0.017291 0.015435 0 0
0 0 0.26579 0 0 0 0 0 0 0 0 0 0 -0.061717 0.14297 0.2154 -0.020835 0.014305 -0.015465 0 0
0 0 0.34149 0 0 0 0 0 0 0 0 0 0 -0.079294 0.18369 0.27674 -0.027665 0.017337 -0.019434 0 0
0 0 0.20882 0 0 0 0 0 0 0 0 0 0 -0.048488 0.11232 0.16923 -0.015935 0.011705 -0.012335 0 0
-0 -0 -0.14737 0 0 0 0 0 0 0 0 0 0 0.03422 -0.079272 -0.11943 0.0090607 -0.010112 0.009308 0 0
0 0 0.089907 0 0 0 0 0 0 0 0 0 0 -0.020876 0.048361 0.07286 -0.0064457 0.0054425 -0.0054594 0 0
0 0 0.2764 0 0 0 0 0 0 0 0 0 0 -0.064181 0.14868 0.224 -0.021771 0.014759 -0.016034 0 0
-0 -0 -0.040559 0 0 0 0 0 0 0 0 0 0 0.0094178 -0.021817 -0.032869 0.0026863 -0.0026416 0.0025231 0 0
0 0 0.21199 0 0 0 0 0 0 0 0 0 0 -0.049225 0.11403 0.1718 -0.016202 0.011857 -0.012513 0 0
-0 -0 -0.32648 0 0 0 0 0 0 0 0 0 0 0.075809 -0.17561 -0.26458 0.017315 -0.02411 0.020964 0 0
0 0 0.013655 0 0 0 0 0 0 0 0 0 0 -0.0031707 0.0073451 0.011066 -0.00093603 0.00086387 -0.00084159 0 0
0 0 0.20171 0 0 0 0 0 0 0 0 0 0 -0.046838 0.1085 0.16347 -0.015339 0.011362 -0.011937 0 0
-0 -0 -0.21199 0 0 0 0 0 0 0 0 0 0 0.049225 -0.11403 -0.1718 0.012401 -0.014966 0.013487 0 0
0 0 0.34328 0 0 0 0 0 0 0 0 0 0 -0.07971 0.18465 0.27819 -0.02783 0.017403 -0.019525 0 0
0 0 0.32374 0 0 0 0 0 0 0 0 0 0 -0.075171 0.17414 0.26235 -0.026032 0.01667 -0.018523 0 0
0 0 0.089334 0 0 0 0 0 0 0 0 0 0 -0.020743 0.048053 0.072396 -0.0064026 0.0054097 -0.0054252 0 0
-0 -0 -0.24869 0 0 0 0 0 0 0 0 0 0 0.057747 -0.13377 -0.20154 0.014119 -0.017825 0.015877 0 0
-0 -0 -0.073979 0 0 0 0 0 0 0 0 0 0 0.017178 -0.039793 -0.059952 0.0047916 -0.004901 0.004626 0 0
0 0 0.023505 0 0 0 0 0 0 0 0 0 0 -0.0054579 0.012644 0.019049 -0.001621 0.0014789 -0.0014461 0 0
0 0 0.27401 0 0 0 0 0 0 0 0 0 0 -0.063626 0.14739 0.22206 -0.02156 0.014658 -0.015906 0 0
-0 -0 -0.15413 0 0 0 0 0 0 0 0 0 0 0.035788 -0.082905 -0.1249 0.0094284 -0.010608 0.0097427 0 0
-0 -0 -0.091691 0 0 0 0 0 0 0 0 0 0 0.021291 -0.049321 -0.074306 0.0058671 -0.0061279 0.0057484 0 0
0 0 0.33186 0 0 0 0 0 0 0 0 0 0 -0.077057 0.17851 0.26894 -0.026777 0.016978 -0.018942 0 0
-0 -0 -0.32836 0 0 0 0 0 0 0 0 0 0 0.076244 -0.17662 -0.2661 0.017385 -0.024265 0.021087 0 0
0 0 0.046589 0 0 0 0 0 0 0 0 0 0 -0.010818 0.025061 0.037756 -0.0032577 0.0028932 -0.0028538 0 0
-0 -0 -0.26586 0 0 0 0 0 0 0 0 0 0 0.061732 -0.14301 -0.21545 0.014876 -0.019186 0.016997 0 0
0 0 0.34015 0 0 0 0 0 0 0 0 0 0 -0.078983 0.18297 0.27566 -0.027541 0.017287 -0.019366 0 0
0 0 0.16291 0 0 0 0 0 0 0 0 0 0 -0.037827 0.087628 0.13202 -0.012148 0.0094185 -0.0097323 0 0
-0 -0 -0.30951 0 0 0 0 0 0 0 0 0 0 0.071868 -0.16649 -0.25082 0.01667 -0.022714 0.019853 0 0
0 0 0.17029 0 0 0 0 0 0 0 0 0 0 -0.03954 0.091597 0.138 -0.012746 0.0097974 -0.010155 0 0
-0 -0 -0.11401 0 0 0 0 0 0 0 0 0 0 0.026472 -0.061324 -0.09239 0.0071812 -0.0077017 0.0071696 0 0
0 0 0.2683 0 0 0 0 0 0 0 0 0 0 -0.062298 0.14432 0.21743 -0.021055 0.014413 -0.015599 0 0
0 0 0.27131 0 0 0 0 0 0 0 0 0 0 -0.062999 0.14594 0.21987 -0.021321 0.014542 -0.015762 0 0
-0 -0 -0.16149 0 0 0 0 0 0 0 0 0 0 0.037499 -0.086868 -0.13087 0.0098248 -0.011152 0.010217 0 0
-0 -0 -0.18896 0 0 0 0 0 0 0 0 0 0 0.043877 -0.10164 -0.15313 0.011257 -0.013209 0.011993 0 0
0 0 0.078923 0 0 0 0 0 0 0 0 0 0 -0.018326 0.042453 0.063959 -0.0056231 0.0048092 -0.0048033 0 0
-0 -0 -0.013202 0 0 0 0 0 0 0 0 0 0 0.0030655 -0.0071015 -0.010699 0.00088994 -0.00084753 0.00081754 0 0
0 0 0.11949 0 0 0 0 0 0 0 0 0 0 -0.027746 0.064274 0.096834 -0.0087078 0.0071031 -0.0072097 0 0
0 0 0.10493 0 0 0 0 0 0 0 0 0 0 -0.024365 0.056442 0.085035 -0.007586 0.0062941 -0.0063513 0 0
0 0 0.16857 0 0 0 0 0 0 0 0 0 0 -0.039142 0.090673 0.13661 -0.012607 0.0097096 -0.010057 0 0
-0 -0 -0.17266 0 0 0 0 0 0 0 0 0 0 0.040093 -0.092876 -0.13993 0.010416 -0.011983 0.010938 0 0
-0 -0 -0.082163 0 0 0 0 0 0 0 0 0 0 0.019078 -0.044196 -0.066585 0.0052921 -0.0054654 0.005144 0 0
-0 -0 -0.15911 0 0 0 0 0 0 0 0 0 0 0.036946 -0.085586 -0.12894 0.0096971 -0.010976 0.010064 0 0
0 0 0.028829 0 0 0 0 0 0 0 0 0 0 -0.0066941 0.015507 0.023363 -0.0019946 0.0018085 -0.0017719 0 0
-0 -0 -0.11172 0 0 0 0 0 0 0 0 0 0 0.025941 -0.060093 -0.090535 0.0070485 -0.0075388 0.0070235 0 0
-0 -0 -0.20967 0 0 0 0 0 0 0 0 0 0 0.048685 -0.11278 -0.16991 0.012288 -0.014787 0.013336 0 0
0 0 0.12936 0 0 0 0 0 0 0 0 0 0 -0.030038 0.069584 0.10483 -0.0094776 0.0076424 -0.0077882 0 0
0 0 0.025162 0 0 0 0 0 0 0 0 0 0 -0.0058427 0.013535 0.020392 -0.001737 0.0015817 -0.0015476 0 0
-0 -0 -0.18308 0 0 0 0 0 0 0 0 0 0 0.042511 -0.098478 -0.14837 0.010956 -0.012765 0.011612 0 0
0 0 0.041681 0 0 0 0 0 0 0 0 0 0 -0.0096784 0.02242 0.033778 -0.002906 0.0025957 -0.0025555 0 0
-0 -0 -0.27783 0 0 0 0 0 0 0 0 0 0 0.064513 -0.14945 -0.22516 0.015387 -0.020145 0.01778 0 0
0 0 0.3097 0 0 0 0 0 0 0 0 0 0 -0.071912 0.16659 0.25098 -0.024754 0.016123 -0.017794 0 0
-0 -0 -0.021534 0 0 0 0 0 0 0 0 0 0 0.0050001 -0.011583 -0.017451 0.0014439 -0.0013885 0.0013353 0 0
0 0 0.19629 0 0 0 0 0 0 0 0 0 0 -0.045578 0.10558 0.15907 -0.014887 0.011098 -0.011632 0 0
-0 -0 -0.082769 0 0 0 0 0 0 0 0 0 0 0.019219 -0.044521 -0.067075 0.0053289 -0.0055073 0.0051824 0 0
0 0 0.23381 0 0 0 0 0 0 0 0 0 0 -0.054292 0.12577 0.18948 -0.018058 0.012879 -0.013722 0 0
0 0 0.02788 0 0 0 0 0 0 0 0 0 0 -0.0064738 0.014997 0.022594 -0.0019278 0.0017499 -0.0017138 0 0
-0 -0 -0.30269 0 0 0 0 0 0 0 0 0 0 0.070285 -0.16282 -0.2453 0.016402 -0.022157 0.019406 0 0
-0 -0 -0.29726 0 0 0 0 0 0 0 0 0 0 0.069023 -0.1599 -0.2409 0.016186 -0.021714 0.019051 0 0
-0 -0 -0.3448 0 0 0 0 0 0 0 0 0 0 0.080062 -0.18547 -0.27942 0.017978 -0.025631 0.022164 0 0
0 0 0.21196 0 0 0 0 0 0 0 0 0 0 -0.049217 0.11401 0.17177 -0.016199 0.011855 -0.012511 0 0
-0 -0 -0.021183 0 0 0 0 0 0 0 0 0 0 0.0049188 -0.011395 -0.017167 0.0014207 -0.0013657 0.0013136 0 0
0 0 0.24471 0 0 0 0 0 0 0 0 0 0 -0.056822 0.13163 0.19831 -0.018997 0.013374 -0.01432 0 0
0 0 0.26233 0 0 0 0 0 0 0 0 0 0 -0.060914 0.14111 0.21259 -0.020531 0.014155 -0.015278 0 0
-0 -0 -0.27531 0 0 0 0 0 0 0 0 0 0 0.063927 -0.14809 -0.22311 0.015281 -0.019942 0.017615 0 0
-0 -0 -0.21765 0 0 0 0 0 0 0 0 0 0 0.050538 -0.11707 -0.17638 0.012675 -0.015402 0.013855 0 0
-0 -0 -0.24172 0 0 0 0 0 0 0 0 0 0 0.056127 -0.13002 -0.19589 0.013802 -0.017276 0.015422 0 0
0 0 0.19217 0 0 0 0 0 0 0 0 0 0 -0.044622 0.10337 0.15574 -0.014545 0.010896 -0.011399 0 0
0 0 0.079544 0 0 0 0 0 0 0 0 0 0 -0.01847 0.042787 0.064462 -0.0056694 0.0048452 -0.0048405 0 0
-0 -0 -0.18708 0 0 0 0 0 0 0 0 0 0 0.043439 -0.10063 -0.15161 0.011161 -0.013066 0.01187 0 0
-0 -0 -0.035403 0 0 0 0 0 0 0 0 0 0 0.0082206 -0.019043 -0.02869 0.0023527 -0.0022996 0.0022005 0 0
-0 -0 -0.29648 0 0 0 0 0 0 0 0 0 0 0.068843 -0.15948 -0.24027 0.016155 -0.021651 0.019 0 0
-0 -0 -0.15781 0 0 0 0 0 0 0 0 0 0 0.036643 -0.084885 -0.12789 0.0096271 -0.01088 0.0099798 0 0
0 0 0.19418 0 0 0 0 0 0 0 0 0 0 -0.045088 0.10445 0.15736 -0.014711 0.010994 -0.011513 0 0
0 0 0.095168 0 0 0 0 0 0 0 0 0 0 -0.022098 0.051191 0.077124 -0.0068431 0.0057427 -0.0057724 0 0
-0 -0 -0.28731 0 0 0 0 0 0 0 0 0 0 0.066713 -0.15454 -0.23283 0.015782 -0.020908 0.018399 0 0
0 0 0.2466 0 0 0 0 0 0 0 0 0 0 -0.057261 0.13265 0.19984 -0.01916 0.013459 -0.014423 0 0
-0 -0 -0.29621 0 0 0 0 0 0 0 0 0 0 0.06878 -0.15933 -0.24005 0.016144 -0.021629 0.018982 0 0
0 0 0.14435 0 0 0 0 0 0 0 0 0 0 -0.033518 0.077647 0.11698 -0.010661 0.0084469 -0.0086612 0 0
0 0 0.16222 0 0 0 0 0 0 0 0 0 0 -0.037667 0.087257 0.13146 -0.012092 0.0093829 -0.0096926 0 0
0 0 0.25065 0 0 0 0 0 0 0 0 0 0 -0.058201 0.13483 0.20313 -0.019512 0.01364 -0.014644 0 0
0 0 0.19836 0 0 0 0 0 0 0 0 0 0 -0.046059 0.1067 0.16075 -0.015059 0.011199 -0.011748 0 0
-0 -0 -0.18178 0 0 0 0 0 0 0 0 0 0 0.042208 -0.097778 -0.14731 0.010889 -0.012667 0.011527 0 0
0 0 0.19532 0 0 0 0 0 0 0 0 0 0 -0.045352 0.10506 0.15828 -0.014806 0.01105 -0.011577 0 0
-0 -0 -0.25705 0 0 0 0 0 0 0 0 0 0 0.059687 -0.13827 -0.20831 0.014491 -0.018486 0.016422 0 0
