0 0 0 0.055995 0 0 0 0 -0 0 -0 0.052695 0.0049505 0.018281 0 0
-0 -0 -0 0.1101 0 0 0 0 -0 0 -0 0.10361 0.0097339 0.035946 0 0
-0 -0 -0 0.080972 0 0 0 0 -0 0 -0 0.0762 0.0071587 0.026436 0 0
-0 -0 -0 0.010104 0 0 0 0 -0 0 -0 0.0095086 0.0008933 0.0032988 0 0
0 0 0 0.0029257 0 0 0 0 -0 0 -0 0.0027532 0.00025866 0.00095517 0 0
-0 -0 -0 0.0084512 0 0 0 0 -0 0 -0 0.0079531 0.00074716 0.0027591 0 0
-0 -0 -0 0.017672 0 0 0 0 -0 0 -0 0.016631 0.0015624 0.0057696 0 0
0 0 0 0.17336 0 0 0 0 -0 0 -0 0.16315 0.015327 0.0566 0 0
-0 -0 -0 0.10099 0 0 0 0 -0 0 -0 0.095036 0.0089282 0.03297 0 0
0 0 0 0.0052753 0 0 0 0 -0 0 -0 0.0049644 0.00046639 0.0017223 0 0
-0 -0 -0 0.02623 0 0 0 0 -0 0 -0 0.024684 0.002319 0.0085636 0 0
0 0 0 0.017609 0 0 0 0 -0 0 -0 0.016572 0.0015568 0.0057491 0 0
0 0 0 0.084295 0 0 0 0 -0 0 -0 0.079326 0.0074524 0.02752 0 0
0 0 0 0.10393 0 0 0 0 -0 0 -0 0.097801 0.009188 0.03393 0 0
0 0 0 0.074897 0 0 0 0 -0 0 -0 0.070483 0.0066216 0.024452 0 0
0 0 0 0.1885 0 0 0 0 -0 0 -0 0.17739 0.016665 0.061542 0 0
0 0 0 0.095968 0 0 0 0 -0 0 -0 0.090312 0.0084844 0.031331 0 0
0 0 0 0.067026 0 0 0 0 -0 0 -0 0.063075 0.0059257 0.021883 0 0
-0 -0 -0 0.17644 0 0 0 0 -0 0 -0 0.16604 0.015599 0.057603 0 0
0 0 0 0.041436 0 0 0 0 -0 0 -0 0.038994 0.0036633 0.013528 0 0
-0 -0 -0 0.16909 0 0 0 0 -0 0 -0 0.15912 0.014949 0.055203 0 0
-0 -0 -0 0.17867 0 0 0 0 -0 0 -0 0.16814 0.015796 0.058331 0 0
-0 -0 -0 0.034339 0 0 0 0 -0 0 -0 0.032315 0.0030359 0.011211 0 0
0 0 0 0.066762 0 0 0 0 -0 0 -0 0.062827 0.0059024 0.021796 0 0
0 0 0 0.045191 0 0 0 0 -0 0 -0 0.042528 0.0039953 0.014754 0 0
-0 -0 -0 0.1505 0 0 0 0 -0 0 -0 0.14163 0.013306 0.049136 0 0
0 0 0 0.023183 0 0 0 0 -0 0 -0 0.021817 0.0020496 0.0075688 0 0
0 0 0 0.18181 0 0 0 0 -0 0 -0 0.17109 0.016073 0.059356 0 0
0 0 0 0.02708 0 0 0 0 -0 0 -0 0.025484 0.0023941 0.0088411 0 0
0 0 0 0.10915 0 0 0 0 -0 0 -0 0.10271 0.0096494 0.035634 0 0
0 0 0 0.023866 0 0 0 0 -0 0 -0 0.022459 0.0021099 0.0077917 0 0
-0 -0 -0 0.19625 0 0 0 0 -0 0 -0 0.18468 0.01735 0.064072 0 0
-0 -0 -0 0.11718 0 0 0 0 -0 0 -0 0.11027 0.010359 0.038255 0 0
0 0 0 0.074545 0 0 0 0 -0 0 -0 0.070151 0.0065904 0.024337 0 0
0 0 0 0.050142 0 0 0 0 -0 0 -0 0.047187 0.004433 0.01637 0 0
-0 -0 -0 0.15871 0 0 0 0 -0 0 -0 0.14935 0.014031 0.051815 0 0
-0 -0 -0 0.014681 0 0 0 0 -0 0 -0 0.013815 0.0012979 0.004793 0 0
0 0 0 0.086424 0 0 0 0 -0 0 -0 0.08133 0.0076407 0.028216 0 0
-0 -0 -0 0.089959 0 0 0 0 -0 0 -0 0.084656 0.0079532 0.02937 0 0
0 0 0 0.045644 0 0 0 0 -0 0 -0 0.042954 0.0040354 0.014902 0 0
-0 -0 -0 0.13374 0 0 0 0 -0 0 -0 0.12586 0.011824 0.043664 0 0
0 0 0 0.14497 0 0 0 0 -0 0 -0 0.13643 0.012817 0.047331 0 0
0 0 0 0.10658 0 0 0 0 -0 0 -0 0.1003 0.0094228 0.034797 0 0
-0 -0 -0 0.030845 0 0 0 0 -0 0 -0 0.029027 0.002727 0.01007 0 0
0 0 0 0.014293 0 0 0 0 -0 0 -0 0.01345 0.0012636 0.0046662 0 0
0 0 0 0.073054 0 0 0 0 -0 0 -0 0.068748 0.0064587 0.023851 0 0
-0 -0 -0 0.02986 0 0 0 0 -0 0 -0 0.0281 0.0026399 0.0097487 0 0
0 0 0 0.047089 0 0 0 0 -0 0 -0 0.044313 0.0041631 0.015374 0 0
0 0 0 0.080617 0 0 0 0 -0 0 -0 0.075866 0.0071273 0.02632 0 0
0 0 0 0.11297 0 0 0 0 -0 0 -0 0.10631 0.0099875 0.036882 0 0
0 0 0 0.005363 0 0 0 0 -0 0 -0 0.005047 0.00047414 0.0017509 0 0
-0 -0 -0 0.091791 0 0 0 0 -0 0 -0 0.086381 0.0081152 0.029968 0 0
-0 -0 -0 0.18393 0 0 0 0 -0 0 -0 0.17309 0.016261 0.060048 0 0
-0 -0 -0 0.12523 0 0 0 0 -0 0 -0 0.11785 0.011072 0.040886 0 0
0 0 0 0.1057 0 0 0 0 -0 0 -0 0.099471 0.009345 0.034509 0 0
-0 -0 -0 0.044588 0 0 0 0 -0 0 -0 0.04196 0.003942 0.014557 0 0
0 0 0 0.085726 0 0 0 0 -0 0 -0 0.080674 0.007579 0.027988 0 0
0 0 0 0.15602 0 0 0 0 -0 0 -0 0.14682 0.013794 0.050938 0 0
-0 -0 -0 0.13424 0 0 0 0 -0 0 -0 0.12633 0.011868 0.043826 0 0
0 0 0 0.07105 0 0 0 0 -0 0 -0 0.066863 0.0062815 0.023196 0 0
0 0 0 0.15272 0 0 0 0 -0 0 -0 0.14372 0.013502 0.049861 0 0
-0 -0 -0 0.15291 0 0 0 0 -0 0 -0 0.14389 0.013518 0.049921 0 0
0 0 0 0.15045 0 0 0 0 -0 0 -0 0.14159 0.013301 0.04912 0 0
-0 -0 -0 0.082836 0 0 0 0 -0 0 -0 0.077954 0.0073235 0.027044 0 0
-0 -0 -0 0.060561 0 0 0 0 -0 0 -0 0.056991 0.0053541 0.019772 0 0
-0 -0 -0 0.1549 0 0 0 0 -0 0 -0 0.14577 0.013694 0.05057 0 0
-0 -0 -0 0.17047 0 0 0 0 -0 0 -0 0.16042 0.015071 0.055655 0 0
0 0 0 0.15197 0 0 0 0 -0 0 -0 0.14301 0.013435 0.049614 0 0
0 0 0 0.064778 0 0 0 0 -0 0 -0 0.06096 0.005727 0.021149 0 0
-0 -0 -0 0.063239 0 0 0 0 -0 0 -0 0.059511 0.0055909 0.020646 0 0
0 0 0 0.065923 0 0 0 0 -0 0 -0 0.062038 0.0058282 0.021523 0 0
0 0 0 0.085234 0 0 0 0 -0 0 -0 0.08021 0.0075355 0.027827 0 0
0 0 0 0.16109 0 0 0 0 -0 0 -0 0.15159 0.014242 0.052592 0 0
0 0 0 0.16627 0 0 0 0 -0 0 -0 0.15647 0.014699 0.054282 0 0
0 0 0 0.17719 0 0 0 0 -0 0 -0 0.16675 0.015665 0.057849 0 0
0 0 0 0.090465 0 0 0 0 -0 0 -0 0.085133 0.0079979 0.029535 0 0
0 0 0 0.056639 0 0 0 0 -0 0 -0 0.053301 0.0050074 0.018492 0 0
-0 -0 -0 0.034898 0 0 0 0 -0 0 -0 0.032841 0.0030853 0.011393 0 0
-0 -0 -0 0.024043 0 0 0 0 -0 0 -0 0.022626 0.0021256 0.0078494 0 0
0 0 0 0.14349 0 0 0 0 -0 0 -0 0.13504 0.012686 0.046848 0 0
-0 -0 -0 0.0056997 0 0 0 0 -0 0 -0 0.0053637 0.0005039 0.0018608 0 0
-0 -0 -0 0.036824 0 0 0 0 -0 0 -0 0.034653 0.0032555 0.012022 0 0
-0 -0 -0 0.13947 0 0 0 0 -0 0 -0 0.13125 0.01233 0.045533 0 0
-0 -0 -0 0.013239 0 0 0 0 -0 0 -0 0.012459 0.0011705 0.0043224 0 0
-0 -0 -0 0.024096 0 0 0 0 -0 0 -0 0.022676 0.0021303 0.0078668 0 0
0 0 0 0.15703 0 0 0 0 -0 0 -0 0.14777 0.013882 0.051266 0 0
-0 -0 -0 0.021876 0 0 0 0 -0 0 -0 0.020587 0.0019341 0.0071422 0 0
-0 -0 -0 0.079595 0 0 0 0 -0 0 -0 0.074904 0.0070369 0.025986 0 0
-0 -0 -0 0.083261 0 0 0 0 -0 0 -0 0.078354 0.007361 0.027183 0 0
-0 -0 -0 0.18551 0 0 0 0 -0 0 -0 0.17457 0.016401 0.060565 0 0
0 0 0 0.14295 0 0 0 0 -0 0 -0 0.13452 0.012638 0.046669 0 0
0 0 0 0.12805 0 0 0 0 -0 0 -0 0.12051 0.011321 0.041807 0 0
0 0 0 0.11395 0 0 0 0 -0 0 -0 0.10724 0.010075 0.037204 0 0
-0 -0 -0 0.152 0 0 0 0 -0 0 -0 0.14304 0.013438 0.049625 0 0
-0 -0 -0 0.11133 0 0 0 0 -0 0 -0 0.10477 0.0098425 0.036346 0 0
0 0 0 0.0039287 0 0 0 0 -0 0 -0 0.0036972 0.00034734 0.0012827 0 0
-0 -0 -0 0.015287 0 0 0 0 -0 0 -0 0.014386 0.0013515 0.004991 0 0
-0 -0 -0 0.063641 0 0 0 0 -0 0 -0 0.05989 0.0056264 0.020777 0 0
-0 -0 -0 0.096829 0 0 0 0 -0 0 -0 0.091122 0.0085606 0.031613 0 0
-0 -0 -0 0.048778 0 0 0 0 -0 0 -0 0.045903 0.0043124 0.015925 0 0
