-0 -0 -0.0078499 0 0 0 0 0 0 0 0 0 0 0.0014269 -0.0043445 -0.0063805 -1.9079e-05 -0.0011716 0.00079349 0 0
-0 -0 -0.24746 0 0 0 0 0 0 0 0 0 0 0.044981 -0.13695 -0.20114 -0.0058248 -0.03706 0.023931 0 0
-0 -0 -0.099844 0 0 0 0 0 0 0 0 0 0 0.018149 -0.055257 -0.081154 -0.0010557 -0.014955 0.0099469 0 0
-0 -0 -0.046331 0 0 0 0 0 0 0 0 0 0 0.0084216 -0.025641 -0.037658 -0.00027056 -0.0069277 0.0046565 0 0
-0 -0 -0.16672 0 0 0 0 0 0 0 0 0 0 0.030306 -0.092272 -0.13552 -0.0027459 -0.024994 0.016404 0 0
0 0 0.22284 0 0 0 0 0 0 0 0 0 0 -0.040507 0.12333 0.18113 -0.0039999 0.032551 -0.023058 0 0
-0 -0 -0.066663 0 0 0 0 0 0 0 0 0 0 0.012117 -0.036894 -0.054184 -0.00050929 -0.0099756 0.0066785 0 0
-0 -0 -0.33702 0 0 0 0 0 0 0 0 0 0 0.061261 -0.18652 -0.27394 -0.010546 -0.050289 0.031883 0 0
0 0 0.15496 0 0 0 0 0 0 0 0 0 0 -0.028167 0.085759 0.12595 -0.0018562 0.022822 -0.015954 0 0
-0 -0 -0.055442 0 0 0 0 0 0 0 0 0 0 0.010078 -0.030684 -0.045064 -0.0003685 -0.0082931 0.0055643 0 0
0 0 0.22139 0 0 0 0 0 0 0 0 0 0 -0.040243 0.12253 0.17995 -0.0039457 0.032345 -0.022906 0 0
-0 -0 -0.30194 0 0 0 0 0 0 0 0 0 0 0.054884 -0.1671 -0.24542 -0.008535 -0.045132 0.028822 0 0
0 0 0.29598 0 0 0 0 0 0 0 0 0 0 -0.053801 0.16381 0.24058 -0.0072022 0.042776 -0.030737 0 0
-0 -0 -0.27162 0 0 0 0 0 0 0 0 0 0 0.049373 -0.15033 -0.22078 -0.0069644 -0.040649 0.02612 0 0
0 0 0.16968 0 0 0 0 0 0 0 0 0 0 -0.030844 0.09391 0.13792 -0.0022529 0.024949 -0.017492 0 0
-0 -0 -0.084684 0 0 0 0 0 0 0 0 0 0 0.015393 -0.046867 -0.068832 -0.00078196 -0.01268 0.0084586 0 0
-0 -0 -0.070211 0 0 0 0 0 0 0 0 0 0 0.012762 -0.038858 -0.057068 -0.00055844 -0.010508 0.0070299 0 0
-0 -0 -0.28868 0 0 0 0 0 0 0 0 0 0 0.052474 -0.15977 -0.23464 -0.007829 -0.043175 0.027646 0 0
0 0 0.3158 0 0 0 0 0 0 0 0 0 0 -0.057403 0.17477 0.25668 -0.0082271 0.045494 -0.032816 0 0
-0 -0 -0.017592 0 0 0 0 0 0 0 0 0 0 0.0031977 -0.0097361 -0.014299 -5.7944e-05 -0.002627 0.0017758 0 0
0 0 0.20955 0 0 0 0 0 0 0 0 0 0 -0.03809 0.11597 0.17032 -0.0035169 0.030662 -0.021664 0 0
0 0 0.23432 0 0 0 0 0 0 0 0 0 0 -0.042594 0.12968 0.19046 -0.0044417 0.034175 -0.024263 0 0
-0 -0 -0.28338 0 0 0 0 0 0 0 0 0 0 0.051511 -0.15684 -0.23034 -0.0075553 -0.042391 0.027174 0 0
-0 -0 -0.15432 0 0 0 0 0 0 0 0 0 0 0.028051 -0.085405 -0.12543 -0.0023731 -0.023133 0.01522 0 0
-0 -0 -0.31827 0 0 0 0 0 0 0 0 0 0 0.057852 -0.17614 -0.25869 -0.0094452 -0.047537 0.030255 0 0
0 0 0.33125 0 0 0 0 0 0 0 0 0 0 -0.060212 0.18333 0.26925 -0.0090727 0.047596 -0.034437 0 0
0 0 0.14763 0 0 0 0 0 0 0 0 0 0 -0.026835 0.081703 0.11999 -0.001673 0.02176 -0.01519 0 0
0 0 0.28202 0 0 0 0 0 0 0 0 0 0 -0.051264 0.15608 0.22923 -0.0065202 0.040848 -0.029271 0 0
0 0 0.26967 0 0 0 0 0 0 0 0 0 0 -0.049018 0.14924 0.21919 -0.0059442 0.039131 -0.027973 0 0
0 0 0.1138 0 0 0 0 0 0 0 0 0 0 -0.020686 0.062983 0.092501 -0.00094967 0.016832 -0.011673 0 0
0 0 0.073503 0 0 0 0 0 0 0 0 0 0 -0.013361 0.04068 0.059745 -0.00035126 0.01091 -0.0075072 0 0
-0 -0 -0.12648 0 0 0 0 0 0 0 0 0 0 0.02299 -0.069997 -0.1028 -0.0016347 -0.018954 0.01254 0 0
-0 -0 -0.31484 0 0 0 0 0 0 0 0 0 0 0.057229 -0.17424 -0.2559 -0.0092503 -0.047033 0.029955 0 0
0 0 0.14675 0 0 0 0 0 0 0 0 0 0 -0.026675 0.081219 0.11928 -0.0016517 0.021633 -0.015099 0 0
-0 -0 -0.18636 0 0 0 0 0 0 0 0 0 0 0.033874 -0.10314 -0.15147 -0.0033906 -0.027935 0.018263 0 0
-0 -0 -0.064945 0 0 0 0 0 0 0 0 0 0 0.011805 -0.035943 -0.052788 -0.00048629 -0.009718 0.0065082 0 0
0 0 0.22515 0 0 0 0 0 0 0 0 0 0 -0.040926 0.12461 0.183 -0.0040868 0.032878 -0.0233 0 0
0 0 0.10443 0 0 0 0 0 0 0 0 0 0 -0.018982 0.057795 0.084881 -0.00078488 0.015459 -0.010701 0 0
-0 -0 -0.266 0 0 0 0 0 0 0 0 0 0 0.048351 -0.14722 -0.21621 -0.0066905 -0.039815 0.025614 0 0
-0 -0 -0.31766 0 0 0 0 0 0 0 0 0 0 0.057741 -0.1758 -0.2582 -0.0094104 -0.047447 0.030202 0 0
0 0 0.012244 0 0 0 0 0 0 0 0 0 0 -0.0022257 0.0067765 0.0099523 7.9515e-06 0.0018254 -0.0012411 0 0
0 0 0.0096861 0 0 0 0 0 0 0 0 0 0 -0.0017607 0.0053606 0.007873 8.4865e-06 0.0014442 -0.00098146 0 0
-0 -0 -0.017117 0 0 0 0 0 0 0 0 0 0 0.0031114 -0.0094733 -0.013913 -5.566e-05 -0.002556 0.0017279 0 0
-0 -0 -0.26546 0 0 0 0 0 0 0 0 0 0 0.048253 -0.14691 -0.21577 -0.0066642 -0.039734 0.025564 0 0
0 0 0.30717 0 0 0 0 0 0 0 0 0 0 -0.055836 0.17 0.24968 -0.007773 0.044314 -0.031912 0 0
0 0 0.16958 0 0 0 0 0 0 0 0 0 0 -0.030825 0.093853 0.13784 -0.00225 0.024935 -0.017481 0 0
-0 -0 -0.23435 0 0 0 0 0 0 0 0 0 0 0.042597 -0.1297 -0.19048 -0.0052481 -0.035107 0.02273 0 0
0 0 0.23334 0 0 0 0 0 0 0 0 0 0 -0.042414 0.12914 0.18966 -0.0044028 0.034036 -0.02416 0 0
0 0 0.21513 0 0 0 0 0 0 0 0 0 0 -0.039105 0.11906 0.17486 -0.003716 0.031457 -0.02225 0 0
-0 -0 -0.3423 0 0 0 0 0 0 0 0 0 0 0.06222 -0.18944 -0.27822 -0.010866 -0.051061 0.032337 0 0
0 0 0.24406 0 0 0 0 0 0 0 0 0 0 -0.044364 0.13507 0.19838 -0.0048342 0.035547 -0.025285 0 0
-0 -0 -0.2896 0 0 0 0 0 0 0 0 0 0 0.052642 -0.16028 -0.23539 -0.0078772 -0.043311 0.027729 0 0
0 0 0.18542 0 0 0 0 0 0 0 0 0 0 -0.033704 0.10262 0.15071 -0.0027188 0.027213 -0.019137 0 0
-0 -0 -0.27799 0 0 0 0 0 0 0 0 0 0 0.050531 -0.15385 -0.22596 -0.0072816 -0.041593 0.026692 0 0
-0 -0 -0.089994 0 0 0 0 0 0 0 0 0 0 0.016358 -0.049806 -0.073148 -0.00087325 -0.013477 0.0089809 0 0
0 0 0.044828 0 0 0 0 0 0 0 0 0 0 -0.0081486 0.02481 0.036437 -0.00010035 0.0066686 -0.004563 0 0
-0 -0 -0.040915 0 0 0 0 0 0 0 0 0 0 0.0074371 -0.022644 -0.033256 -0.0002193 -0.0061165 0.0041156 0 0
-0 -0 -0.095342 0 0 0 0 0 0 0 0 0 0 0.01733 -0.052766 -0.077495 -0.0009702 -0.014279 0.0095058 0 0
0 0 0.29424 0 0 0 0 0 0 0 0 0 0 -0.053485 0.16285 0.23917 -0.0071155 0.042537 -0.030554 0 0
0 0 0.29671 0 0 0 0 0 0 0 0 0 0 -0.053933 0.16421 0.24117 -0.0072385 0.042876 -0.030813 0 0
-0 -0 -0.19972 0 0 0 0 0 0 0 0 0 0 0.036303 -0.11053 -0.16233 -0.0038678 -0.029936 0.019518 0 0
0 0 0.036753 0 0 0 0 0 0 0 0 0 0 -0.0066807 0.020341 0.029874 -5.5972e-05 0.0054704 -0.0037373 0 0
-0 -0 -0.18176 0 0 0 0 0 0 0 0 0 0 0.03304 -0.1006 -0.14774 -0.0032338 -0.027248 0.01783 0 0
-0 -0 -0.053562 0 0 0 0 0 0 0 0 0 0 0.009736 -0.029643 -0.043536 -0.00034708 -0.0080113 0.0053772 0 0
-0 -0 -0.27937 0 0 0 0 0 0 0 0 0 0 0.050781 -0.15461 -0.22707 -0.0073509 -0.041797 0.026815 0 0
0 0 0.29206 0 0 0 0 0 0 0 0 0 0 -0.053089 0.16164 0.23739 -0.0070075 0.042236 -0.030326 0 0
-0 -0 -0.055874 0 0 0 0 0 0 0 0 0 0 0.010156 -0.030923 -0.045415 -0.00037351 -0.0083579 0.0056073 0 0
0 0 0.32689 0 0 0 0 0 0 0 0 0 0 -0.059419 0.18091 0.2657 -0.0088298 0.047004 -0.033979 0 0
0 0 0.21191 0 0 0 0 0 0 0 0 0 0 -0.03852 0.11728 0.17225 -0.0036006 0.030999 -0.021912 0 0
-0 -0 -0.10308 0 0 0 0 0 0 0 0 0 0 0.018736 -0.057046 -0.083782 -0.0011194 -0.015441 0.010263 0 0
-0 -0 -0.17509 0 0 0 0 0 0 0 0 0 0 0.031826 -0.096902 -0.14232 -0.0030124 -0.026248 0.017198 0 0
0 0 0.19318 0 0 0 0 0 0 0 0 0 0 -0.035114 0.10691 0.15702 -0.0029642 0.028325 -0.019949 0 0
-0 -0 -0.27697 0 0 0 0 0 0 0 0 0 0 0.050345 -0.15329 -0.22512 -0.0072302 -0.041442 0.0266 0 0
0 0 0.26884 0 0 0 0 0 0 0 0 0 0 -0.048867 0.14879 0.21852 -0.0059067 0.039016 -0.027887 0 0
0 0 0.20461 0 0 0 0 0 0 0 0 0 0 -0.037192 0.11324 0.16631 -0.0033453 0.029958 -0.021147 0 0
0 0 0.33473 0 0 0 0 0 0 0 0 0 0 -0.060845 0.18525 0.27207 -0.0092686 0.048068 -0.034802 0 0
-0 -0 -0.32486 0 0 0 0 0 0 0 0 0 0 0.059051 -0.17979 -0.26405 -0.0098256 -0.048506 0.03083 0 0
-0 -0 -0.056865 0 0 0 0 0 0 0 0 0 0 0.010336 -0.031471 -0.046221 -0.00038512 -0.0085065 0.0057059 0 0
0 0 0.012897 0 0 0 0 0 0 0 0 0 0 -0.0023443 0.0071378 0.010483 7.6292e-06 0.0019226 -0.0013074 0 0
0 0 0.15056 0 0 0 0 0 0 0 0 0 0 -0.027367 0.083326 0.12238 -0.0017452 0.022185 -0.015496 0 0
-0 -0 -0.075238 0 0 0 0 0 0 0 0 0 0 0.013676 -0.04164 -0.061155 -0.00063189 -0.011262 0.007527 0 0
-0 -0 -0.26553 0 0 0 0 0 0 0 0 0 0 0.048265 -0.14695 -0.21582 -0.0066676 -0.039745 0.025571 0 0
0 0 0.037846 0 0 0 0 0 0 0 0 0 0 -0.0068793 0.020945 0.030762 -6.13e-05 0.0056326 -0.0038489 0 0
-0 -0 -0.31988 0 0 0 0 0 0 0 0 0 0 0.058144 -0.17703 -0.26 -0.0095373 -0.047773 0.030396 0 0
0 0 0.25355 0 0 0 0 0 0 0 0 0 0 -0.046089 0.14033 0.20609 -0.0052325 0.03688 -0.026281 0 0
-0 -0 -0.20791 0 0 0 0 0 0 0 0 0 0 0.037792 -0.11506 -0.16899 -0.0041754 -0.03116 0.020283 0 0
-0 -0 -0.27421 0 0 0 0 0 0 0 0 0 0 0.049844 -0.15176 -0.22288 -0.0070927 -0.041033 0.026353 0 0
0 0 0.30575 0 0 0 0 0 0 0 0 0 0 -0.055577 0.16922 0.24852 -0.0076993 0.044119 -0.031762 0 0
-0 -0 -0.060367 0 0 0 0 0 0 0 0 0 0 0.010973 -0.03341 -0.049067 -0.00042755 -0.0090315 0.0060539 0 0
-0 -0 -0.07157 0 0 0 0 0 0 0 0 0 0 0.013009 -0.03961 -0.058173 -0.00057785 -0.010712 0.0071643 0 0
-0 -0 -0.14681 0 0 0 0 0 0 0 0 0 0 0.026686 -0.081252 -0.11933 -0.0021607 -0.022007 0.014501 0 0
0 0 0.28555 0 0 0 0 0 0 0 0 0 0 -0.051905 0.15804 0.2321 -0.0066895 0.041336 -0.029642 0 0
-0 -0 -0.21341 0 0 0 0 0 0 0 0 0 0 0.038792 -0.11811 -0.17346 -0.0043889 -0.031983 0.020795 0 0
0 0 0.24657 0 0 0 0 0 0 0 0 0 0 -0.044819 0.13646 0.20041 -0.0049378 0.035899 -0.025548 0 0
0 0 0.1792 0 0 0 0 0 0 0 0 0 0 -0.032574 0.099179 0.14566 -0.0025296 0.02632 -0.018487 0 0
0 0 0.33502 0 0 0 0 0 0 0 0 0 0 -0.060898 0.18541 0.27231 -0.0092851 0.048107 -0.034832 0 0
0 0 0.1592 0 0 0 0 0 0 0 0 0 0 -0.028937 0.088105 0.1294 -0.0019665 0.023435 -0.016397 0 0
-0 -0 -0.31969 0 0 0 0 0 0 0 0 0 0 0.058111 -0.17693 -0.25985 -0.0095269 -0.047746 0.03038 0 0
-0 -0 -0.30567 0 0 0 0 0 0 0 0 0 0 0.055562 -0.16917 -0.24845 -0.008739 -0.045682 0.029151 0 0
-0 -0 -0.34778 0 0 0 0 0 0 0 0 0 0 0.063216 -0.19247 -0.28268 -0.011204 -0.051862 0.032807 0 0
