-0 -0 -0.047264 0 0 0 0 0 0 0 0 0 0 0.013266 -0.024415 -0.038234 0.0008874 -0.0042449 0.0030186 0 0
-0 -0 -0.30484 0 0 0 0 0 0 0 0 0 0 0.085565 -0.15747 -0.2466 0.0015342 -0.028341 0.01863 0 0
0 0 0.044856 0 0 0 0 0 0 0 0 0 0 -0.012591 0.023171 0.036286 -0.0010595 0.003956 -0.0028938 0 0
-0 -0 -0.21791 0 0 0 0 0 0 0 0 0 0 0.061165 -0.11256 -0.17628 0.0021106 -0.020077 0.013553 0 0
-0 -0 -0.27577 0 0 0 0 0 0 0 0 0 0 0.077405 -0.14245 -0.22308 0.001817 -0.025568 0.016958 0 0
-0 -0 -0.14958 0 0 0 0 0 0 0 0 0 0 0.041984 -0.077265 -0.121 0.001995 -0.013658 0.0094138 0 0
0 0 0.24489 0 0 0 0 0 0 0 0 0 0 -0.068738 0.1265 0.1981 -0.0082947 0.02053 -0.015988 0 0
0 0 0.11811 0 0 0 0 0 0 0 0 0 0 -0.033152 0.061011 0.095542 -0.0032389 0.010243 -0.0076649 0 0
0 0 0.2143 0 0 0 0 0 0 0 0 0 0 -0.06015 0.1107 0.17335 -0.0069288 0.018124 -0.013977 0 0
0 0 0.30382 0 0 0 0 0 0 0 0 0 0 -0.085278 0.15694 0.24577 -0.01118 0.025016 -0.019854 0 0
0 0 0.069237 0 0 0 0 0 0 0 0 0 0 -0.019434 0.035765 0.056008 -0.0017234 0.0060737 -0.0044764 0 0
-0 -0 -0.068544 0 0 0 0 0 0 0 0 0 0 0.019239 -0.035407 -0.055448 0.0012097 -0.0061793 0.0043656 0 0
0 0 0.2592 0 0 0 0 0 0 0 0 0 0 -0.072755 0.13389 0.20968 -0.0089648 0.021638 -0.016928 0 0
-0 -0 -0.24424 0 0 0 0 0 0 0 0 0 0 0.068555 -0.12616 -0.19757 0.0020215 -0.022571 0.015114 0 0
-0 -0 -0.29858 0 0 0 0 0 0 0 0 0 0 0.083807 -0.15423 -0.24153 0.0016027 -0.027743 0.018272 0 0
0 0 0.059362 0 0 0 0 0 0 0 0 0 0 -0.016662 0.030664 0.04802 -0.0014471 0.0052188 -0.0038347 0 0
0 0 0.17323 0 0 0 0 0 0 0 0 0 0 -0.048624 0.089486 0.14013 -0.0052403 0.014816 -0.011279 0 0
-0 -0 -0.3468 0 0 0 0 0 0 0 0 0 0 0.097342 -0.17914 -0.28054 0.00096707 -0.032352 0.020995 0 0
-0 -0 -0.2768 0 0 0 0 0 0 0 0 0 0 0.077695 -0.14299 -0.22392 0.0018085 -0.025667 0.017017 0 0
-0 -0 -0.34104 0 0 0 0 0 0 0 0 0 0 0.095726 -0.17617 -0.27588 0.001056 -0.031801 0.020674 0 0
0 0 0.071551 0 0 0 0 0 0 0 0 0 0 -0.020083 0.03696 0.05788 -0.0017896 0.0062734 -0.0046269 0 0
0 0 0.2629 0 0 0 0 0 0 0 0 0 0 -0.073792 0.1358 0.21267 -0.0091412 0.021922 -0.017171 0 0
-0 -0 -0.085756 0 0 0 0 0 0 0 0 0 0 0.024071 -0.044298 -0.069371 0.0014351 -0.0077535 0.0054491 0 0
-0 -0 -0.30097 0 0 0 0 0 0 0 0 0 0 0.08448 -0.15547 -0.24347 0.001577 -0.027972 0.018409 0 0
0 0 0.26083 0 0 0 0 0 0 0 0 0 0 -0.07321 0.13473 0.21099 -0.0090421 0.021763 -0.017035 0 0
-0 -0 -0.17798 0 0 0 0 0 0 0 0 0 0 0.049957 -0.091938 -0.14397 0.0021039 -0.016316 0.011149 0 0
0 0 0.10395 0 0 0 0 0 0 0 0 0 0 -0.029178 0.053698 0.084091 -0.0027747 0.0090463 -0.0067394 0 0
0 0 0.1943 0 0 0 0 0 0 0 0 0 0 -0.054538 0.10037 0.15718 -0.0060857 0.016524 -0.012663 0 0
0 0 0.17854 0 0 0 0 0 0 0 0 0 0 -0.050113 0.092225 0.14442 -0.0054489 0.015248 -0.011627 0 0
-0 -0 -0.1509 0 0 0 0 0 0 0 0 0 0 0.042356 -0.077949 -0.12207 0.002002 -0.013782 0.0094951 0 0
-0 -0 -0.2387 0 0 0 0 0 0 0 0 0 0 0.067 -0.1233 -0.19309 0.0020464 -0.022045 0.014787 0 0
0 0 0.31784 0 0 0 0 0 0 0 0 0 0 -0.089213 0.16418 0.25711 -0.011915 0.026053 -0.020771 0 0
0 0 0.06384 0 0 0 0 0 0 0 0 0 0 -0.017919 0.032977 0.051642 -0.0015711 0.0056069 -0.0041256 0 0
-0 -0 -0.12545 0 0 0 0 0 0 0 0 0 0 0.035213 -0.064804 -0.10148 0.0018346 -0.011415 0.0079256 0 0
0 0 0.22515 0 0 0 0 0 0 0 0 0 0 -0.063195 0.1163 0.18213 -0.0074027 0.018983 -0.014691 0 0
-0 -0 -0.0022748 0 0 0 0 0 0 0 0 0 0 0.00063851 -0.0011751 -0.0018402 4.8109e-05 -0.00020258 0.00014605 0 0
0 0 0.0092852 0 0 0 0 0 0 0 0 0 0 -0.0026062 0.0047964 0.0075111 -0.00020201 0.00082497 -0.0005969 0 0
-0 -0 -0.24277 0 0 0 0 0 0 0 0 0 0 0.068142 -0.12541 -0.19638 0.0020285 -0.022431 0.015028 0 0
-0 -0 -0.073085 0 0 0 0 0 0 0 0 0 0 0.020514 -0.037753 -0.059121 0.0012722 -0.0065938 0.0046521 0 0
-0 -0 -0.15822 0 0 0 0 0 0 0 0 0 0 0.04441 -0.081731 -0.12799 0.0020373 -0.014465 0.0099439 0 0
0 0 0.28292 0 0 0 0 0 0 0 0 0 0 -0.079411 0.14614 0.22886 -0.010119 0.023448 -0.018484 0 0
0 0 0.13132 0 0 0 0 0 0 0 0 0 0 -0.03686 0.067835 0.10623 -0.0036906 0.011352 -0.0085298 0 0
-0 -0 -0.26484 0 0 0 0 0 0 0 0 0 0 0.074337 -0.13681 -0.21424 0.0019 -0.024528 0.016322 0 0
-0 -0 -0.241 0 0 0 0 0 0 0 0 0 0 0.067646 -0.12449 -0.19496 0.0020365 -0.022264 0.014923 0 0
0 0 0.12491 0 0 0 0 0 0 0 0 0 0 -0.035061 0.064525 0.10105 -0.0034693 0.010815 -0.0081102 0 0
-0 -0 -0.3316 0 0 0 0 0 0 0 0 0 0 0.093075 -0.17129 -0.26824 0.0011942 -0.030898 0.020145 0 0
0 0 0.085562 0 0 0 0 0 0 0 0 0 0 -0.024016 0.044198 0.069214 -0.0022023 0.007478 -0.0055394 0 0
0 0 0.3362 0 0 0 0 0 0 0 0 0 0 -0.094366 0.17367 0.27196 -0.012905 0.027393 -0.02197 0 0
0 0 0.18606 0 0 0 0 0 0 0 0 0 0 -0.052223 0.096109 0.15051 -0.0057496 0.015858 -0.012121 0 0
0 0 0.042823 0 0 0 0 0 0 0 0 0 0 -0.01202 0.022121 0.034641 -0.0010069 0.0037784 -0.0027621 0 0
-0 -0 -0.11844 0 0 0 0 0 0 0 0 0 0 0.033245 -0.061182 -0.095811 0.0017763 -0.010765 0.0074905 0 0
0 0 0.0095775 0 0 0 0 0 0 0 0 0 0 -0.0026883 0.0049474 0.0077476 -0.00020852 0.0008509 -0.00061571 0 0
-0 -0 -0.07308 0 0 0 0 0 0 0 0 0 0 0.020513 -0.037751 -0.059117 0.0012722 -0.0065934 0.0046518 0 0
-0 -0 -0.26411 0 0 0 0 0 0 0 0 0 0 0.074131 -0.13643 -0.21364 0.0019051 -0.024458 0.016279 0 0
0 0 0.097151 0 0 0 0 0 0 0 0 0 0 -0.027269 0.050185 0.078589 -0.002559 0.008468 -0.0062953 0 0
-0 -0 -0.12319 0 0 0 0 0 0 0 0 0 0 0.034578 -0.063635 -0.099653 0.0018163 -0.011205 0.0077853 0 0
-0 -0 -0.28943 0 0 0 0 0 0 0 0 0 0 0.081239 -0.14951 -0.23413 0.0016954 -0.02687 0.017747 0 0
-0 -0 -0.26038 0 0 0 0 0 0 0 0 0 0 0.073085 -0.1345 -0.21063 0.0019301 -0.024104 0.016062 0 0
-0 -0 -0.19871 0 0 0 0 0 0 0 0 0 0 0.055777 -0.10265 -0.16075 0.0021288 -0.018265 0.012402 0 0
0 0 0.27294 0 0 0 0 0 0 0 0 0 0 -0.076611 0.14099 0.22079 -0.0096268 0.022691 -0.01783 0 0
0 0 0.10678 0 0 0 0 0 0 0 0 0 0 -0.029971 0.055157 0.086375 -0.0028657 0.0092858 -0.006924 0 0
0 0 0.074051 0 0 0 0 0 0 0 0 0 0 -0.020785 0.038252 0.059903 -0.0018618 0.006489 -0.0047897 0 0
-0 -0 -0.078207 0 0 0 0 0 0 0 0 0 0 0.021952 -0.040399 -0.063265 0.0013402 -0.0070621 0.0049746 0 0
-0 -0 -0.29296 0 0 0 0 0 0 0 0 0 0 0.08223 -0.15133 -0.23699 0.0016607 -0.027207 0.01795 0 0
-0 -0 -0.083729 0 0 0 0 0 0 0 0 0 0 0.023502 -0.043251 -0.067731 0.0014102 -0.0075677 0.0053218 0 0
0 0 0.076439 0 0 0 0 0 0 0 0 0 0 -0.021455 0.039486 0.061834 -0.0019313 0.0066946 -0.0049451 0 0
-0 -0 -0.12587 0 0 0 0 0 0 0 0 0 0 0.035329 -0.065018 -0.10182 0.0018379 -0.011453 0.0079512 0 0
0 0 0.19497 0 0 0 0 0 0 0 0 0 0 -0.054726 0.10071 0.15772 -0.0061133 0.016578 -0.012707 0 0
0 0 0.24596 0 0 0 0 0 0 0 0 0 0 -0.069037 0.12705 0.19896 -0.0083439 0.020613 -0.016058 0 0
0 0 0.32819 0 0 0 0 0 0 0 0 0 0 -0.092117 0.16953 0.26548 -0.012469 0.026811 -0.021447 0 0
0 0 0.1508 0 0 0 0 0 0 0 0 0 0 -0.042327 0.077897 0.12199 -0.0043887 0.012972 -0.0098066 0 0
-0 -0 -0.10513 0 0 0 0 0 0 0 0 0 0 0.029509 -0.054308 -0.085046 0.0016512 -0.0095355 0.006662 0 0
0 0 0.14836 0 0 0 0 0 0 0 0 0 0 -0.041643 0.076638 0.12002 -0.0042993 0.012771 -0.0096468 0 0
0 0 0.2905 0 0 0 0 0 0 0 0 0 0 -0.08154 0.15006 0.235 -0.010499 0.02402 -0.018982 0 0
0 0 8.2858e-08 0 0 0 0 0 0 0 0 0 0 -2.3257e-08 4.2801e-08 6.7027e-08 -1.7623e-09 7.3754e-09 -5.3212e-09 0 0
0 0 0.13377 0 0 0 0 0 0 0 0 0 0 -0.037547 0.0691 0.10821 -0.0037762 0.011557 -0.0086902 0 0
-0 -0 -0.072296 0 0 0 0 0 0 0 0 0 0 0.020293 -0.037345 -0.058483 0.0012615 -0.0065217 0.0046023 0 0
-0 -0 -0.33515 0 0 0 0 0 0 0 0 0 0 0.094073 -0.17313 -0.27112 0.0011432 -0.031238 0.020344 0 0
-0 -0 -0.11595 0 0 0 0 0 0 0 0 0 0 0.032545 -0.059894 -0.093794 0.0017543 -0.010534 0.0073356 0 0
0 0 0.27823 0 0 0 0 0 0 0 0 0 0 -0.078095 0.14372 0.22507 -0.0098863 0.023093 -0.018177 0 0
0 0 0.27587 0 0 0 0 0 0 0 0 0 0 -0.077433 0.1425 0.22316 -0.0097701 0.022913 -0.018022 0 0
-0 -0 -0.16205 0 0 0 0 0 0 0 0 0 0 0.045486 -0.083711 -0.13109 0.0020535 -0.014823 0.010178 0 0
-0 -0 -0.037736 0 0 0 0 0 0 0 0 0 0 0.010592 -0.019493 -0.030526 0.00072751 -0.0033833 0.0024129 0 0
-0 -0 -0.21203 0 0 0 0 0 0 0 0 0 0 0.059515 -0.10953 -0.17152 0.0021204 -0.019522 0.013202 0 0
0 0 0.17775 0 0 0 0 0 0 0 0 0 0 -0.049892 0.091819 0.14379 -0.0054178 0.015184 -0.011576 0 0
0 0 0.13129 0 0 0 0 0 0 0 0 0 0 -0.036852 0.06782 0.10621 -0.0036896 0.01135 -0.0085279 0 0
0 0 0.19201 0 0 0 0 0 0 0 0 0 0 -0.053895 0.099187 0.15533 -0.0059917 0.016339 -0.012513 0 0
-0 -0 -0.12036 0 0 0 0 0 0 0 0 0 0 0.033784 -0.062174 -0.097364 0.0017928 -0.010943 0.0076098 0 0
0 0 0.13009 0 0 0 0 0 0 0 0 0 0 -0.036515 0.067201 0.10524 -0.0036478 0.01125 -0.0084494 0 0
-0 -0 -0.20171 0 0 0 0 0 0 0 0 0 0 0.056617 -0.1042 -0.16317 0.0021285 -0.018548 0.012582 0 0
-0 -0 -0.2509 0 0 0 0 0 0 0 0 0 0 0.070424 -0.12961 -0.20296 0.0019872 -0.023203 0.015506 0 0
-0 -0 -0.18244 0 0 0 0 0 0 0 0 0 0 0.051208 -0.094241 -0.14758 0.0021131 -0.016734 0.011419 0 0
-0 -0 -0.055186 0 0 0 0 0 0 0 0 0 0 0.01549 -0.028507 -0.044642 0.001013 -0.0049634 0.003521 0 0
-0 -0 -0.2806 0 0 0 0 0 0 0 0 0 0 0.07876 -0.14495 -0.22698 0.0017763 -0.026028 0.017237 0 0
0 0 0.25098 0 0 0 0 0 0 0 0 0 0 -0.070447 0.12965 0.20303 -0.0085775 0.021003 -0.016388 0 0
-0 -0 -0.26132 0 0 0 0 0 0 0 0 0 0 0.073351 -0.13499 -0.2114 0.0019239 -0.024194 0.016117 0 0
-0 -0 -0.25518 0 0 0 0 0 0 0 0 0 0 0.071626 -0.13182 -0.20642 0.0019626 -0.023609 0.015757 0 0
0 0 0.069832 0 0 0 0 0 0 0 0 0 0 -0.019601 0.036072 0.056489 -0.0017404 0.006125 -0.0045151 0 0
0 0 0.075618 0 0 0 0 0 0 0 0 0 0 -0.021225 0.039062 0.06117 -0.0019073 0.0066239 -0.0048917 0 0
0 0 0.31701 0 0 0 0 0 0 0 0 0 0 -0.088981 0.16376 0.25644 -0.011871 0.025992 -0.020717 0 0
