0 0 0.3085 0 0 0 0 0 0 0 0 0 0 -0.14717 0.14717 0.22771 -0.040699 0.026537 -0.043453 0 0
-0 -0 -0.24932 0 0 0 0 0 0 0 0 0 0 0.11894 -0.11894 -0.18404 0.022682 -0.031958 0.035313 0 0
0 0 0.12074 0 0 0 0 0 0 0 0 0 0 -0.057599 0.057599 0.089125 -0.014428 0.012244 -0.017238 0 0
-0 -0 -0.14588 0 0 0 0 0 0 0 0 0 0 0.069589 -0.069589 -0.10768 0.014501 -0.017688 0.020803 0 0
0 0 0.20508 0 0 0 0 0 0 0 0 0 0 -0.09783 0.09783 0.15138 -0.025691 0.019404 -0.029144 0 0
0 0 0.11122 0 0 0 0 0 0 0 0 0 0 -0.053058 0.053058 0.082098 -0.013216 0.011362 -0.015885 0 0
-0 -0 -0.22647 0 0 0 0 0 0 0 0 0 0 0.10804 -0.10804 -0.16717 0.021031 -0.028691 0.032134 0 0
-0 -0 -0.058178 0 0 0 0 0 0 0 0 0 0 0.027753 -0.027753 -0.042944 0.0061842 -0.0066917 0.0083213 0 0
-0 -0 -0.33513 0 0 0 0 0 0 0 0 0 0 0.15987 -0.15987 -0.24738 0.028071 -0.044761 0.047069 0 0
-0 -0 -0.17726 0 0 0 0 0 0 0 0 0 0 0.084559 -0.084559 -0.13084 0.017173 -0.021874 0.025235 0 0
-0 -0 -0.29228 0 0 0 0 0 0 0 0 0 0 0.13943 -0.13943 -0.21574 0.025541 -0.038264 0.041236 0 0
0 0 0.19534 0 0 0 0 0 0 0 0 0 0 -0.093187 0.093187 0.14419 -0.024344 0.018639 -0.027779 0 0
-0 -0 -0.27843 0 0 0 0 0 0 0 0 0 0 0.13282 -0.13282 -0.20552 0.024655 -0.036208 0.039334 0 0
0 0 0.28569 0 0 0 0 0 0 0 0 0 0 -0.13629 0.13629 0.21088 -0.037284 0.025124 -0.040332 0 0
0 0 0.099675 0 0 0 0 0 0 0 0 0 0 -0.047549 0.047549 0.073575 -0.011762 0.010273 -0.014241 0 0
0 0 0.087365 0 0 0 0 0 0 0 0 0 0 -0.041677 0.041677 0.064488 -0.010233 0.0090888 -0.012487 0 0
-0 -0 -0.04787 0 0 0 0 0 0 0 0 0 0 0.022836 -0.022836 -0.035335 0.0051263 -0.00547 0.0068482 0 0
0 0 0.12725 0 0 0 0 0 0 0 0 0 0 -0.060706 0.060706 0.093932 -0.015265 0.012839 -0.018163 0 0
-0 -0 -0.10633 0 0 0 0 0 0 0 0 0 0 0.050726 -0.050726 -0.078489 0.010904 -0.012598 0.015189 0 0
0 0 0.23566 0 0 0 0 0 0 0 0 0 0 -0.11242 0.11242 0.17395 -0.029998 0.021706 -0.033415 0 0
-0 -0 -0.18696 0 0 0 0 0 0 0 0 0 0 0.08919 -0.08919 -0.13801 0.017967 -0.023195 0.026601 0 0
-0 -0 -0.13111 0 0 0 0 0 0 0 0 0 0 0.062544 -0.062544 -0.096776 0.013188 -0.015762 0.018709 0 0
0 0 0.3452 0 0 0 0 0 0 0 0 0 0 -0.16467 0.16467 0.2548 -0.046315 0.028617 -0.048427 0 0
-0 -0 -0.20376 0 0 0 0 0 0 0 0 0 0 0.097203 -0.097203 -0.1504 0.019302 -0.025508 0.028959 0 0
-0 -0 -0.11777 0 0 0 0 0 0 0 0 0 0 0.056183 -0.056183 -0.086934 0.011971 -0.014049 0.016816 0 0
0 0 0.060071 0 0 0 0 0 0 0 0 0 0 -0.028657 0.028657 0.044341 -0.0069178 0.0063766 -0.0085918 0 0
0 0 0.19148 0 0 0 0 0 0 0 0 0 0 -0.091346 0.091346 0.14134 -0.023814 0.018331 -0.027237 0 0
0 0 0.13853 0 0 0 0 0 0 0 0 0 0 -0.066085 0.066085 0.10226 -0.016726 0.013852 -0.019762 0 0
-0 -0 -0.19898 0 0 0 0 0 0 0 0 0 0 0.094921 -0.094921 -0.14687 0.018926 -0.024846 0.028289 0 0
0 0 0.27282 0 0 0 0 0 0 0 0 0 0 -0.13015 0.13015 0.20138 -0.035382 0.024286 -0.038562 0 0
0 0 0.24889 0 0 0 0 0 0 0 0 0 0 -0.11873 0.11873 0.18372 -0.031896 0.022652 -0.035253 0 0
-0 -0 -0.30112 0 0 0 0 0 0 0 0 0 0 0.14365 -0.14365 -0.22227 0.02609 -0.039588 0.042446 0 0
-0 -0 -0.11412 0 0 0 0 0 0 0 0 0 0 0.05444 -0.05444 -0.084237 0.011632 -0.013584 0.016297 0 0
0 0 0.19659 0 0 0 0 0 0 0 0 0 0 -0.093781 0.093781 0.14511 -0.024516 0.018737 -0.027953 0 0
-0 -0 -0.22933 0 0 0 0 0 0 0 0 0 0 0.1094 -0.1094 -0.16928 0.021243 -0.029098 0.032534 0 0
-0 -0 -0.14708 0 0 0 0 0 0 0 0 0 0 0.070164 -0.070164 -0.10857 0.014607 -0.017846 0.020973 0 0
-0 -0 -0.11103 0 0 0 0 0 0 0 0 0 0 0.052964 -0.052964 -0.081953 0.011344 -0.013191 0.015857 0 0
-0 -0 -0.12224 0 0 0 0 0 0 0 0 0 0 0.058312 -0.058312 -0.090228 0.012381 -0.01462 0.01745 0 0
-0 -0 -0.22188 0 0 0 0 0 0 0 0 0 0 0.10585 -0.10585 -0.16378 0.020689 -0.028043 0.031494 0 0
-0 -0 -0.33066 0 0 0 0 0 0 0 0 0 0 0.15774 -0.15774 -0.24407 0.027822 -0.044073 0.046464 0 0
0 0 0.18079 0 0 0 0 0 0 0 0 0 0 -0.086246 0.086246 0.13345 -0.022354 0.017464 -0.025733 0 0
-0 -0 -0.18113 0 0 0 0 0 0 0 0 0 0 0.086406 -0.086406 -0.1337 0.017492 -0.022399 0.02578 0 0
0 0 0.31154 0 0 0 0 0 0 0 0 0 0 -0.14862 0.14862 0.22996 -0.04116 0.026719 -0.043868 0 0
0 0 0.16895 0 0 0 0 0 0 0 0 0 0 -0.080599 0.080599 0.12471 -0.020754 0.016482 -0.024065 0 0
-0 -0 -0.18646 0 0 0 0 0 0 0 0 0 0 0.088949 -0.088949 -0.13763 0.017926 -0.023125 0.02653 0 0
0 0 0.13946 0 0 0 0 0 0 0 0 0 0 -0.06653 0.06653 0.10294 -0.016848 0.013935 -0.019894 0 0
0 0 0.21571 0 0 0 0 0 0 0 0 0 0 -0.1029 0.1029 0.15923 -0.027175 0.020223 -0.030632 0 0
-0 -0 -0.091935 0 0 0 0 0 0 0 0 0 0 0.043857 -0.043857 -0.067862 0.0095315 -0.010798 0.013139 0 0
-0 -0 -0.094277 0 0 0 0 0 0 0 0 0 0 0.044974 -0.044974 -0.06959 0.0097569 -0.011089 0.013472 0 0
-0 -0 -0.056269 0 0 0 0 0 0 0 0 0 0 0.026843 -0.026843 -0.041534 0.0059895 -0.0064643 0.0080485 0 0
0 0 0.30625 0 0 0 0 0 0 0 0 0 0 -0.14609 0.14609 0.22605 -0.04036 0.026401 -0.043146 0 0
-0 -0 -0.14856 0 0 0 0 0 0 0 0 0 0 0.070871 -0.070871 -0.10966 0.014736 -0.018041 0.021183 0 0
-0 -0 -0.11711 0 0 0 0 0 0 0 0 0 0 0.055869 -0.055869 -0.086447 0.01191 -0.013965 0.016722 0 0
0 0 0.21998 0 0 0 0 0 0 0 0 0 0 -0.10494 0.10494 0.16237 -0.027775 0.020546 -0.031228 0 0
-0 -0 -0.18109 0 0 0 0 0 0 0 0 0 0 0.086388 -0.086388 -0.13367 0.017488 -0.022394 0.025775 0 0
0 0 0.08757 0 0 0 0 0 0 0 0 0 0 -0.041775 0.041775 0.064639 -0.010258 0.0091087 -0.012516 0 0
0 0 0.1272 0 0 0 0 0 0 0 0 0 0 -0.060682 0.060682 0.093894 -0.015258 0.012834 -0.018155 0 0
-0 -0 -0.26487 0 0 0 0 0 0 0 0 0 0 0.12636 -0.12636 -0.19552 0.023754 -0.034217 0.037465 0 0
-0 -0 -0.30801 0 0 0 0 0 0 0 0 0 0 0.14693 -0.14693 -0.22736 0.026508 -0.040626 0.043387 0 0
-0 -0 -0.28783 0 0 0 0 0 0 0 0 0 0 0.13731 -0.13731 -0.21246 0.02526 -0.037601 0.040625 0 0
-0 -0 -0.26923 0 0 0 0 0 0 0 0 0 0 0.12844 -0.12844 -0.19873 0.024047 -0.034855 0.038067 0 0
-0 -0 -0.18038 0 0 0 0 0 0 0 0 0 0 0.086049 -0.086049 -0.13315 0.01743 -0.022297 0.025675 0 0
-0 -0 -0.27818 0 0 0 0 0 0 0 0 0 0 0.1327 -0.1327 -0.20533 0.024638 -0.036171 0.039299 0 0
0 0 0.22379 0 0 0 0 0 0 0 0 0 0 -0.10676 0.10676 0.16519 -0.028313 0.020832 -0.031761 0 0
-0 -0 -0.072679 0 0 0 0 0 0 0 0 0 0 0.034671 -0.034671 -0.053648 0.0076441 -0.008436 0.010392 0 0
-0 -0 -0.0088528 0 0 0 0 0 0 0 0 0 0 0.0042232 -0.0042232 -0.0065346 0.0009743 -0.00098606 0.0012669 0 0
-0 -0 -0.0042362 0 0 0 0 0 0 0 0 0 0 0.0020209 -0.0020209 -0.0031269 0.00046769 -0.00047038 0.00060625 0 0
0 0 0.19469 0 0 0 0 0 0 0 0 0 0 -0.092874 0.092874 0.14371 -0.024254 0.018586 -0.027687 0 0
-0 -0 -0.19083 0 0 0 0 0 0 0 0 0 0 0.091035 -0.091035 -0.14086 0.018278 -0.023724 0.027145 0 0
0 0 0.22242 0 0 0 0 0 0 0 0 0 0 -0.10611 0.10611 0.16418 -0.02812 0.020729 -0.03157 0 0
-0 -0 -0.22362 0 0 0 0 0 0 0 0 0 0 0.10668 -0.10668 -0.16506 0.020819 -0.028288 0.031737 0 0
-0 -0 -0.20516 0 0 0 0 0 0 0 0 0 0 0.097872 -0.097872 -0.15144 0.019411 -0.025703 0.029156 0 0
-0 -0 -0.067766 0 0 0 0 0 0 0 0 0 0 0.032327 -0.032327 -0.050021 0.0071531 -0.0078417 0.0096908 0 0
0 0 0.083463 0 0 0 0 0 0 0 0 0 0 -0.039815 0.039815 0.061608 -0.0097526 0.0087083 -0.011931 0 0
-0 -0 -0.015793 0 0 0 0 0 0 0 0 0 0 0.007534 -0.007534 -0.011658 0.0017298 -0.0017673 0.0022601 0 0
-0 -0 -0.034106 0 0 0 0 0 0 0 0 0 0 0.01627 -0.01627 -0.025175 0.0036883 -0.0038628 0.0048801 0 0
-0 -0 -0.34786 0 0 0 0 0 0 0 0 0 0 0.16594 -0.16594 -0.25677 0.028759 -0.046727 0.048785 0 0
0 0 0.132 0 0 0 0 0 0 0 0 0 0 -0.06297 0.06297 0.097435 -0.015878 0.013268 -0.018836 0 0
0 0 0.015775 0 0 0 0 0 0 0 0 0 0 -0.0075254 0.0075254 0.011644 -0.0017652 0.0017279 -0.0022575 0 0
-0 -0 -0.14029 0 0 0 0 0 0 0 0 0 0 0.066926 -0.066926 -0.10356 0.014009 -0.016956 0.020012 0 0
-0 -0 -0.19057 0 0 0 0 0 0 0 0 0 0 0.090908 -0.090908 -0.14067 0.018257 -0.023688 0.027108 0 0
0 0 0.054239 0 0 0 0 0 0 0 0 0 0 -0.025874 0.025874 0.040036 -0.0062231 0.0057819 -0.0077585 0 0
0 0 0.084712 0 0 0 0 0 0 0 0 0 0 -0.040411 0.040411 0.06253 -0.0099061 0.0088304 -0.012109 0 0
-0 -0 -0.28863 0 0 0 0 0 0 0 0 0 0 0.13769 -0.13769 -0.21305 0.025311 -0.03772 0.040735 0 0
-0 -0 -0.25332 0 0 0 0 0 0 0 0 0 0 0.12084 -0.12084 -0.18698 0.022962 -0.032535 0.035866 0 0
-0 -0 -0.23436 0 0 0 0 0 0 0 0 0 0 0.1118 -0.1118 -0.17299 0.021611 -0.029812 0.033234 0 0
0 0 0.30996 0 0 0 0 0 0 0 0 0 0 -0.14786 0.14786 0.2288 -0.040921 0.026624 -0.043653 0 0
0 0 0.0026121 0 0 0 0 0 0 0 0 0 0 -0.0012461 0.0012461 0.0019281 -0.00028973 0.0002887 -0.00037383 0 0
-0 -0 -0.13018 0 0 0 0 0 0 0 0 0 0 0.062104 -0.062104 -0.096095 0.013104 -0.015643 0.018579 0 0
-0 -0 -0.20429 0 0 0 0 0 0 0 0 0 0 0.097457 -0.097457 -0.1508 0.019343 -0.025582 0.029034 0 0
-0 -0 -0.14129 0 0 0 0 0 0 0 0 0 0 0.067403 -0.067403 -0.1043 0.014097 -0.017087 0.020154 0 0
0 0 0.22048 0 0 0 0 0 0 0 0 0 0 -0.10518 0.10518 0.16275 -0.027846 0.020584 -0.031299 0 0
-0 -0 -0.29482 0 0 0 0 0 0 0 0 0 0 0.14064 -0.14064 -0.21762 0.025701 -0.038644 0.041585 0 0
0 0 0.20868 0 0 0 0 0 0 0 0 0 0 -0.099548 0.099548 0.15403 -0.026192 0.019684 -0.029648 0 0
0 0 0.067165 0 0 0 0 0 0 0 0 0 0 -0.032041 0.032041 0.049578 -0.0077693 0.0070929 -0.0096051 0 0
0 0 0.28856 0 0 0 0 0 0 0 0 0 0 -0.13766 0.13766 0.213 -0.03771 0.025306 -0.040726 0 0
-0 -0 -0.27458 0 0 0 0 0 0 0 0 0 0 0.13099 -0.13099 -0.20268 0.024402 -0.035641 0.038805 0 0
-0 -0 -0.22554 0 0 0 0 0 0 0 0 0 0 0.10759 -0.10759 -0.16648 0.020962 -0.02856 0.032005 0 0
0 0 0.3067 0 0 0 0 0 0 0 0 0 0 -0.14631 0.14631 0.22639 -0.040428 0.026429 -0.043208 0 0
-0 -0 -0.10086 0 0 0 0 0 0 0 0 0 0 0.048117 -0.048117 -0.074453 0.010387 -0.011911 0.014411 0 0
