-0 -0 -0.0046644 0 0 0 0 0 0 0 0 0 0 0.0017755 -0.0025815 -0.0034555 0.00036141 -0.00050744 0.00056479 0 0
0 0 0.1523 0 0 0 0 0 0 0 0 0 0 -0.057973 0.084289 0.11283 -0.013514 0.015267 -0.018349 0 0
0 0 0.28739 0 0 0 0 0 0 0 0 0 0 -0.1094 0.15905 0.2129 -0.028106 0.026513 -0.034249 0 0
0 0 0.018011 0 0 0 0 0 0 0 0 0 0 -0.006856 0.0099682 0.013343 -0.0014256 0.0019381 -0.0021804 0 0
0 0 0.15936 0 0 0 0 0 0 0 0 0 0 -0.060661 0.088196 0.11806 -0.014218 0.01591 -0.019192 0 0
-0 -0 -0.18494 0 0 0 0 0 0 0 0 0 0 0.070399 -0.10235 -0.13701 0.011797 -0.02173 0.022296 0 0
0 0 0.076288 0 0 0 0 0 0 0 0 0 0 -0.029039 0.042221 0.056515 -0.0063602 0.007971 -0.009223 0 0
0 0 0.33572 0 0 0 0 0 0 0 0 0 0 -0.12779 0.1858 0.24871 -0.03387 0.029969 -0.039792 0 0
-0 -0 -0.14322 0 0 0 0 0 0 0 0 0 0 0.054518 -0.079266 -0.1061 0.009599 -0.016556 0.0173 0 0
-0 -0 -0.11471 0 0 0 0 0 0 0 0 0 0 0.043665 -0.063486 -0.084981 0.0079392 -0.013106 0.013871 0 0
-0 -0 -0.055695 0 0 0 0 0 0 0 0 0 0 0.0212 -0.030824 -0.04126 0.0041037 -0.0062032 0.0067428 0 0
-0 -0 -0.17877 0 0 0 0 0 0 0 0 0 0 0.068051 -0.098941 -0.13244 0.01149 -0.020956 0.021559 0 0
-0 -0 -0.18942 0 0 0 0 0 0 0 0 0 0 0.072103 -0.10483 -0.14033 0.012017 -0.022294 0.02283 0 0
0 0 0.19088 0 0 0 0 0 0 0 0 0 0 -0.072659 0.10564 0.14141 -0.017443 0.01871 -0.02294 0 0
-0 -0 -0.10938 0 0 0 0 0 0 0 0 0 0 0.041636 -0.060535 -0.081031 0.0076147 -0.012469 0.013228 0 0
-0 -0 -0.30785 0 0 0 0 0 0 0 0 0 0 0.11718 -0.17038 -0.22806 0.016651 -0.037768 0.036771 0 0
-0 -0 -0.28467 0 0 0 0 0 0 0 0 0 0 0.10836 -0.15755 -0.21088 0.015923 -0.034659 0.034075 0 0
0 0 0.068425 0 0 0 0 0 0 0 0 0 0 -0.026046 0.037869 0.050691 -0.0056661 0.0071788 -0.0082745 0 0
-0 -0 -0.1183 0 0 0 0 0 0 0 0 0 0 0.04503 -0.065471 -0.087638 0.0081549 -0.013536 0.014303 0 0
-0 -0 -0.19197 0 0 0 0 0 0 0 0 0 0 0.073075 -0.10625 -0.14222 0.012141 -0.022616 0.023134 0 0
-0 -0 -0.20734 0 0 0 0 0 0 0 0 0 0 0.078922 -0.11475 -0.1536 0.012863 -0.024567 0.024962 0 0
0 0 0.091672 0 0 0 0 0 0 0 0 0 0 -0.034895 0.050735 0.067913 -0.0077436 0.0095012 -0.011077 0 0
-0 -0 -0.039599 0 0 0 0 0 0 0 0 0 0 0.015074 -0.021916 -0.029336 0.0029655 -0.0043786 0.0047949 0 0
0 0 0.0052826 0 0 0 0 0 0 0 0 0 0 -0.0020108 0.0029236 0.0039134 -0.00041318 0.00057196 -0.00063959 0 0
0 0 0.19665 0 0 0 0 0 0 0 0 0 0 -0.074853 0.10883 0.14568 -0.018047 0.019209 -0.023623 0 0
0 0 0.099809 0 0 0 0 0 0 0 0 0 0 -0.037992 0.055238 0.07394 -0.0084886 0.0103 -0.012056 0 0
-0 -0 -0.17953 0 0 0 0 0 0 0 0 0 0 0.068339 -0.09936 -0.133 0.011528 -0.021051 0.02165 0 0
0 0 0.26521 0 0 0 0 0 0 0 0 0 0 -0.10095 0.14678 0.19647 -0.025553 0.024824 -0.031675 0 0
-0 -0 -0.058817 0 0 0 0 0 0 0 0 0 0 0.022389 -0.032552 -0.043572 0.0043199 -0.0065601 0.0071205 0 0
-0 -0 -0.31689 0 0 0 0 0 0 0 0 0 0 0.12062 -0.17538 -0.23476 0.016911 -0.03899 0.037817 0 0
-0 -0 -0.30964 0 0 0 0 0 0 0 0 0 0 0.11786 -0.17137 -0.22938 0.016704 -0.038009 0.036978 0 0
-0 -0 -0.031765 0 0 0 0 0 0 0 0 0 0 0.012091 -0.01758 -0.023532 0.0023974 -0.0034997 0.0038464 0 0
-0 -0 -0.046165 0 0 0 0 0 0 0 0 0 0 0.017573 -0.025549 -0.0342 0.0034345 -0.0051198 0.0055895 0 0
-0 -0 -0.093164 0 0 0 0 0 0 0 0 0 0 0.035463 -0.051561 -0.069018 0.0066008 -0.010548 0.011272 0 0
-0 -0 -0.17071 0 0 0 0 0 0 0 0 0 0 0.06498 -0.094476 -0.12646 0.011078 -0.019948 0.020595 0 0
-0 -0 -0.14554 0 0 0 0 0 0 0 0 0 0 0.055401 -0.080549 -0.10782 0.0097284 -0.016839 0.017579 0 0
-0 -0 -0.20172 0 0 0 0 0 0 0 0 0 0 0.076783 -0.11164 -0.14943 0.012603 -0.023851 0.024294 0 0
-0 -0 -0.038314 0 0 0 0 0 0 0 0 0 0 0.014584 -0.021204 -0.028384 0.0028729 -0.004234 0.0046393 0 0
0 0 0.34396 0 0 0 0 0 0 0 0 0 0 -0.13093 0.19036 0.25482 -0.03488 0.030528 -0.040728 0 0
0 0 0.16962 0 0 0 0 0 0 0 0 0 0 -0.064566 0.093874 0.12566 -0.015253 0.016835 -0.020414 0 0
-0 -0 -0.27224 0 0 0 0 0 0 0 0 0 0 0.10363 -0.15067 -0.20168 0.015497 -0.033008 0.032622 0 0
0 0 0.16975 0 0 0 0 0 0 0 0 0 0 -0.064614 0.093945 0.12575 -0.015266 0.016846 -0.020429 0 0
-0 -0 -0.24412 0 0 0 0 0 0 0 0 0 0 0.092925 -0.13511 -0.18085 0.01444 -0.029312 0.029318 0 0
0 0 0.32252 0 0 0 0 0 0 0 0 0 0 -0.12277 0.17849 0.23892 -0.032268 0.029055 -0.038287 0 0
-0 -0 -0.23388 0 0 0 0 0 0 0 0 0 0 0.089025 -0.12944 -0.17326 0.014023 -0.02798 0.028108 0 0
-0 -0 -0.30342 0 0 0 0 0 0 0 0 0 0 0.1155 -0.16792 -0.22478 0.016519 -0.037171 0.036257 0 0
0 0 0.0071138 0 0 0 0 0 0 0 0 0 0 -0.0027079 0.0039371 0.00527 -0.00055737 0.00076955 -0.00086129 0 0
0 0 0.27427 0 0 0 0 0 0 0 0 0 0 -0.1044 0.15179 0.20318 -0.026589 0.025522 -0.032729 0 0
0 0 0.24979 0 0 0 0 0 0 0 0 0 0 -0.095084 0.13825 0.18505 -0.023815 0.023613 -0.029877 0 0
-0 -0 -0.11743 0 0 0 0 0 0 0 0 0 0 0.044699 -0.064989 -0.086992 0.0081027 -0.013432 0.014198 0 0
0 0 0.2344 0 0 0 0 0 0 0 0 0 0 -0.089224 0.12973 0.17365 -0.022107 0.022374 -0.028074 0 0
-0 -0 -0.0055656 0 0 0 0 0 0 0 0 0 0 0.0021186 -0.0030802 -0.0041231 0.00043087 -0.00060573 0.00067391 0 0
0 0 0.32827 0 0 0 0 0 0 0 0 0 0 -0.12496 0.18168 0.24319 -0.032964 0.029457 -0.038944 0 0
0 0 0.0037377 0 0 0 0 0 0 0 0 0 0 -0.0014228 0.0020686 0.002769 -0.00029192 0.00040499 -0.00045255 0 0
0 0 0.20957 0 0 0 0 0 0 0 0 0 0 -0.079774 0.11599 0.15526 -0.019417 0.020312 -0.025152 0 0
0 0 0.16752 0 0 0 0 0 0 0 0 0 0 -0.063766 0.092712 0.1241 -0.01504 0.016647 -0.020164 0 0
-0 -0 -0.17352 0 0 0 0 0 0 0 0 0 0 0.06605 -0.096032 -0.12855 0.011223 -0.020298 0.020931 0 0
0 0 0.31585 0 0 0 0 0 0 0 0 0 0 -0.12023 0.17481 0.23399 -0.031468 0.028586 -0.037524 0 0
0 0 0.25913 0 0 0 0 0 0 0 0 0 0 -0.098639 0.14341 0.19197 -0.024865 0.024351 -0.030968 0 0
0 0 0.04964 0 0 0 0 0 0 0 0 0 0 -0.018895 0.027473 0.036774 -0.0040433 0.0052582 -0.0060058 0 0
0 0 0.14166 0 0 0 0 0 0 0 0 0 0 -0.053923 0.0784 0.10494 -0.012465 0.014286 -0.017077 0 0
0 0 0.1438 0 0 0 0 0 0 0 0 0 0 -0.054737 0.079584 0.10653 -0.012674 0.014484 -0.017333 0 0
-0 -0 -0.15238 0 0 0 0 0 0 0 0 0 0 0.058004 -0.084334 -0.11289 0.010105 -0.017679 0.0184 0 0
-0 -0 -0.035022 0 0 0 0 0 0 0 0 0 0 0.013331 -0.019383 -0.025945 0.0026347 -0.0038644 0.0042407 0 0
0 0 0.15881 0 0 0 0 0 0 0 0 0 0 -0.060451 0.087892 0.11765 -0.014163 0.015861 -0.019126 0 0
-0 -0 -0.036035 0 0 0 0 0 0 0 0 0 0 0.013717 -0.019943 -0.026696 0.0027082 -0.003978 0.0043634 0 0
0 0 0.076138 0 0 0 0 0 0 0 0 0 0 -0.028982 0.042138 0.056405 -0.006347 0.007956 -0.0092049 0 0
0 0 0.031544 0 0 0 0 0 0 0 0 0 0 -0.012007 0.017458 0.023368 -0.0025279 0.0033718 -0.0038178 0 0
-0 -0 -0.33193 0 0 0 0 0 0 0 0 0 0 0.12635 -0.1837 -0.2459 0.017314 -0.041035 0.039552 0 0
0 0 0.23351 0 0 0 0 0 0 0 0 0 0 -0.088888 0.12924 0.17299 -0.02201 0.022302 -0.02797 0 0
-0 -0 -0.13343 0 0 0 0 0 0 0 0 0 0 0.05079 -0.073845 -0.098847 0.0090432 -0.015363 0.016123 0 0
-0 -0 -0.20067 0 0 0 0 0 0 0 0 0 0 0.076385 -0.11106 -0.14866 0.012554 -0.023718 0.02417 0 0
0 0 0.025561 0 0 0 0 0 0 0 0 0 0 -0.0097299 0.014147 0.018936 -0.0020373 0.0027404 -0.0030941 0 0
-0 -0 -0.29699 0 0 0 0 0 0 0 0 0 0 0.11305 -0.16437 -0.22002 0.016321 -0.036307 0.03551 0 0
0 0 0.19748 0 0 0 0 0 0 0 0 0 0 -0.07517 0.10929 0.14629 -0.018134 0.01928 -0.023722 0 0
0 0 0.075417 0 0 0 0 0 0 0 0 0 0 -0.028708 0.041739 0.05587 -0.0062829 0.0078837 -0.0091179 0 0
0 0 0.26053 0 0 0 0 0 0 0 0 0 0 -0.099172 0.14419 0.19301 -0.025023 0.02446 -0.031131 0 0
0 0 0.29818 0 0 0 0 0 0 0 0 0 0 -0.1135 0.16503 0.2209 -0.029369 0.027311 -0.035494 0 0
-0 -0 -0.14317 0 0 0 0 0 0 0 0 0 0 0.054497 -0.079235 -0.10606 0.0095959 -0.016549 0.017294 0 0
0 0 0.28328 0 0 0 0 0 0 0 0 0 0 -0.10783 0.15678 0.20986 -0.027629 0.026205 -0.033773 0 0
-0 -0 -0.092037 0 0 0 0 0 0 0 0 0 0 0.035034 -0.050937 -0.068183 0.0065289 -0.010415 0.011136 0 0
-0 -0 -0.13823 0 0 0 0 0 0 0 0 0 0 0.052616 -0.0765 -0.1024 0.0093173 -0.015946 0.0167 0 0
-0 -0 -0.32181 0 0 0 0 0 0 0 0 0 0 0.1225 -0.1781 -0.2384 0.017047 -0.039658 0.038386 0 0
0 0 0.34495 0 0 0 0 0 0 0 0 0 0 -0.13131 0.19091 0.25555 -0.035002 0.030594 -0.040841 0 0
0 0 0.26548 0 0 0 0 0 0 0 0 0 0 -0.10105 0.14692 0.19667 -0.025584 0.024845 -0.031706 0 0
-0 -0 -0.10085 0 0 0 0 0 0 0 0 0 0 0.038387 -0.055812 -0.074709 0.0070862 -0.011455 0.012199 0 0
0 0 0.25468 0 0 0 0 0 0 0 0 0 0 -0.096944 0.14095 0.18867 -0.024362 0.024 -0.030448 0 0
0 0 0.24123 0 0 0 0 0 0 0 0 0 0 -0.091826 0.13351 0.17871 -0.022862 0.022928 -0.028876 0 0
-0 -0 -0.26541 0 0 0 0 0 0 0 0 0 0 0.10103 -0.14689 -0.19662 0.015252 -0.032105 0.031821 0 0
0 0 0.22866 0 0 0 0 0 0 0 0 0 0 -0.08704 0.12655 0.1694 -0.021479 0.021904 -0.0274 0 0
-0 -0 -0.16741 0 0 0 0 0 0 0 0 0 0 0.063723 -0.092649 -0.12402 0.010907 -0.019537 0.0202 0 0
-0 -0 -0.21689 0 0 0 0 0 0 0 0 0 0 0.08256 -0.12004 -0.16068 0.013294 -0.02579 0.026097 0 0
-0 -0 -0.34699 0 0 0 0 0 0 0 0 0 0 0.13208 -0.19204 -0.25706 0.01768 -0.043097 0.041281 0 0
0 0 0.021216 0 0 0 0 0 0 0 0 0 0 -0.0080759 0.011742 0.015717 -0.0016842 0.0022794 -0.0025683 0 0
0 0 0.10527 0 0 0 0 0 0 0 0 0 0 -0.040072 0.058262 0.077988 -0.0089941 0.010832 -0.012713 0 0
-0 -0 -0.063672 0 0 0 0 0 0 0 0 0 0 0.024237 -0.035238 -0.047169 0.0046533 -0.0071169 0.0077078 0 0
-0 -0 -0.31548 0 0 0 0 0 0 0 0 0 0 0.12009 -0.1746 -0.23372 0.016872 -0.0388 0.037655 0 0
-0 -0 -0.15413 0 0 0 0 0 0 0 0 0 0 0.058671 -0.085303 -0.11418 0.0102 -0.017894 0.01861 0 0
-0 -0 -0.20439 0 0 0 0 0 0 0 0 0 0 0.0778 -0.11312 -0.15141 0.012728 -0.024191 0.024612 0 0
0 0 0.29136 0 0 0 0 0 0 0 0 0 0 -0.11091 0.16125 0.21584 -0.028569 0.026808 -0.034707 0 0
