-0 -0 -0 0.18968 0 0 0 0 0 0 0 0.14114 -0.061983 0.11052 0 0
0 0 0 0.045399 0 0 0 0 0 0 0 0.033783 -0.014836 0.026452 0 0
0 0 0 0.038851 0 0 0 0 0 0 0 0.02891 -0.012696 0.022637 0 0
0 0 0 0.070349 0 0 0 0 0 0 0 0.052348 -0.022989 0.040989 0 0
0 0 0 0.11439 0 0 0 0 0 0 0 0.085117 -0.037379 0.066648 0 0
0 0 0 0.0078412 0 0 0 0 0 0 0 0.0058348 -0.0025624 0.0045687 0 0
-0 -0 -0 0.1593 0 0 0 0 0 0 0 0.11854 -0.052056 0.092816 0 0
0 0 0 0.0096618 0 0 0 0 0 0 0 0.0071896 -0.0031573 0.0056295 0 0
-0 -0 -0 0.10276 0 0 0 0 0 0 0 0.076464 -0.033579 0.059872 0 0
0 0 0 0.020319 0 0 0 0 0 0 0 0.01512 -0.0066399 0.011839 0 0
-0 -0 -0 0.17965 0 0 0 0 0 0 0 0.13368 -0.058706 0.10467 0 0
0 0 0 0.07755 0 0 0 0 0 0 0 0.057707 -0.025342 0.045185 0 0
-0 -0 -0 0.16176 0 0 0 0 0 0 0 0.12037 -0.052862 0.094253 0 0
0 0 0 0.15979 0 0 0 0 0 0 0 0.1189 -0.052215 0.0931 0 0
0 0 0 0.058208 0 0 0 0 0 0 0 0.043314 -0.019021 0.033915 0 0
-0 -0 -0 0.028014 0 0 0 0 0 0 0 0.020846 -0.0091546 0.016323 0 0
0 0 0 0.01094 0 0 0 0 0 0 0 0.0081407 -0.003575 0.0063743 0 0
-0 -0 -0 0.15741 0 0 0 0 0 0 0 0.11713 -0.051439 0.091716 0 0
0 0 0 0.14493 0 0 0 0 0 0 0 0.10785 -0.047361 0.084445 0 0
-0 -0 -0 0.12587 0 0 0 0 0 0 0 0.093665 -0.041133 0.07334 0 0
-0 -0 -0 0.18486 0 0 0 0 0 0 0 0.13756 -0.06041 0.10771 0 0
-0 -0 -0 0.15201 0 0 0 0 0 0 0 0.11312 -0.049675 0.088571 0 0
-0 -0 -0 0.17757 0 0 0 0 0 0 0 0.13213 -0.058026 0.10346 0 0
0 0 0 0.023761 0 0 0 0 0 0 0 0.017681 -0.0077646 0.013844 0 0
-0 -0 -0 0.089746 0 0 0 0 0 0 0 0.066783 -0.029327 0.052291 0 0
-0 -0 -0 0.076652 0 0 0 0 0 0 0 0.057039 -0.025048 0.044662 0 0
-0 -0 -0 0.18727 0 0 0 0 0 0 0 0.13935 -0.061195 0.10911 0 0
0 0 0 0.046576 0 0 0 0 0 0 0 0.034658 -0.01522 0.027138 0 0
0 0 0 0.073414 0 0 0 0 0 0 0 0.054629 -0.02399 0.042775 0 0
0 0 0 0.050721 0 0 0 0 0 0 0 0.037743 -0.016575 0.029553 0 0
0 0 0 0.16311 0 0 0 0 0 0 0 0.12138 -0.053302 0.095038 0 0
0 0 0 0.11911 0 0 0 0 0 0 0 0.088635 -0.038924 0.069401 0 0
-0 -0 -0 0.088585 0 0 0 0 0 0 0 0.065919 -0.028948 0.051615 0 0
-0 -0 -0 0.034364 0 0 0 0 0 0 0 0.025571 -0.01123 0.020022 0 0
0 0 0 0.1534 0 0 0 0 0 0 0 0.11415 -0.05013 0.089382 0 0
-0 -0 -0 0.18971 0 0 0 0 0 0 0 0.14117 -0.061994 0.11054 0 0
0 0 0 0.04249 0 0 0 0 0 0 0 0.031618 -0.013885 0.024757 0 0
-0 -0 -0 0.13116 0 0 0 0 0 0 0 0.097598 -0.04286 0.07642 0 0
0 0 0 0.088863 0 0 0 0 0 0 0 0.066125 -0.029039 0.051776 0 0
-0 -0 -0 0.16469 0 0 0 0 0 0 0 0.12255 -0.053817 0.095957 0 0
-0 -0 -0 0.073621 0 0 0 0 0 0 0 0.054783 -0.024058 0.042896 0 0
-0 -0 -0 0.16541 0 0 0 0 0 0 0 0.12308 -0.054053 0.096376 0 0
-0 -0 -0 0.13149 0 0 0 0 0 0 0 0.097842 -0.042967 0.076611 0 0
-0 -0 -0 0.060178 0 0 0 0 0 0 0 0.04478 -0.019665 0.035063 0 0
-0 -0 -0 0.090788 0 0 0 0 0 0 0 0.067558 -0.029668 0.052898 0 0
0 0 0 0.19687 0 0 0 0 0 0 0 0.1465 -0.064334 0.11471 0 0
0 0 0 0.023116 0 0 0 0 0 0 0 0.017201 -0.007554 0.013469 0 0
0 0 0 0.16408 0 0 0 0 0 0 0 0.1221 -0.05362 0.095604 0 0
-0 -0 -0 0.098972 0 0 0 0 0 0 0 0.073648 -0.032342 0.057667 0 0
0 0 0 0.16887 0 0 0 0 0 0 0 0.12566 -0.055185 0.098395 0 0
-0 -0 -0 0.040531 0 0 0 0 0 0 0 0.03016 -0.013245 0.023615 0 0
0 0 0 0.19653 0 0 0 0 0 0 0 0.14625 -0.064224 0.11451 0 0
0 0 0 0.12186 0 0 0 0 0 0 0 0.090679 -0.039822 0.071002 0 0
0 0 0 0.087261 0 0 0 0 0 0 0 0.064933 -0.028515 0.050843 0 0
0 0 0 0.025941 0 0 0 0 0 0 0 0.019303 -0.008477 0.015115 0 0
0 0 0 0.10939 0 0 0 0 0 0 0 0.081397 -0.035745 0.063734 0 0
-0 -0 -0 0.11911 0 0 0 0 0 0 0 0.088633 -0.038923 0.0694 0 0
0 0 0 0.14541 0 0 0 0 0 0 0 0.1082 -0.047518 0.084724 0 0
0 0 0 0.06365 0 0 0 0 0 0 0 0.047363 -0.0208 0.037086 0 0
-0 -0 -0 0.1456 0 0 0 0 0 0 0 0.10834 -0.047579 0.084833 0 0
0 0 0 0.17384 0 0 0 0 0 0 0 0.12936 -0.056807 0.10129 0 0
-0 -0 -0 0.0017939 0 0 0 0 0 0 0 0.0013349 -0.00058621 0.0010452 0 0
0 0 0 0.16464 0 0 0 0 0 0 0 0.12251 -0.0538 0.095926 0 0
-0 -0 -0 0.016242 0 0 0 0 0 0 0 0.012086 -0.0053076 0.0094635 0 0
-0 -0 -0 0.10036 0 0 0 0 0 0 0 0.074678 -0.032795 0.058473 0 0
0 0 0 0.10524 0 0 0 0 0 0 0 0.07831 -0.03439 0.061317 0 0
-0 -0 -0 0.084785 0 0 0 0 0 0 0 0.063091 -0.027706 0.0494 0 0
0 0 0 0.10267 0 0 0 0 0 0 0 0.076399 -0.03355 0.059821 0 0
0 0 0 0.11051 0 0 0 0 0 0 0 0.082231 -0.036112 0.064387 0 0
-0 -0 -0 0.13864 0 0 0 0 0 0 0 0.10316 -0.045304 0.080777 0 0
0 0 0 0.13921 0 0 0 0 0 0 0 0.10359 -0.045492 0.081112 0 0
-0 -0 -0 0.00019095 0 0 0 0 0 0 0 0.00014209 -6.2399e-05 0.00011126 0 0
0 0 0 0.061433 0 0 0 0 0 0 0 0.045714 -0.020075 0.035795 0 0
0 0 0 0.092093 0 0 0 0 0 0 0 0.068529 -0.030094 0.053659 0 0
0 0 0 0.19917 0 0 0 0 0 0 0 0.14821 -0.065086 0.11605 0 0
-0 -0 -0 0.061963 0 0 0 0 0 0 0 0.046108 -0.020248 0.036103 0 0
-0 -0 -0 0.16149 0 0 0 0 0 0 0 0.12017 -0.052772 0.094092 0 0
-0 -0 -0 0.052499 0 0 0 0 0 0 0 0.039066 -0.017156 0.030589 0 0
-0 -0 -0 0.095619 0 0 0 0 0 0 0 0.071153 -0.031247 0.055713 0 0
0 0 0 0.063369 0 0 0 0 0 0 0 0.047154 -0.020708 0.036922 0 0
0 0 0 0.064469 0 0 0 0 0 0 0 0.047973 -0.021067 0.037563 0 0
0 0 0 0.12684 0 0 0 0 0 0 0 0.094382 -0.041448 0.073902 0 0
-0 -0 -0 0.064748 0 0 0 0 0 0 0 0.04818 -0.021158 0.037726 0 0
-0 -0 -0 0.15292 0 0 0 0 0 0 0 0.11379 -0.049972 0.0891 0 0
0 0 0 0.14079 0 0 0 0 0 0 0 0.10477 -0.046009 0.082035 0 0
0 0 0 0.016656 0 0 0 0 0 0 0 0.012394 -0.0054429 0.0097047 0 0
-0 -0 -0 0.027051 0 0 0 0 0 0 0 0.020129 -0.0088398 0.015761 0 0
-0 -0 -0 0.037325 0 0 0 0 0 0 0 0.027775 -0.012197 0.021748 0 0
-0 -0 -0 0.15805 0 0 0 0 0 0 0 0.11761 -0.051647 0.092088 0 0
0 0 0 0.10926 0 0 0 0 0 0 0 0.0813 -0.035703 0.063658 0 0
-0 -0 -0 0.016942 0 0 0 0 0 0 0 0.012607 -0.0055363 0.0098713 0 0
0 0 0 0.14877 0 0 0 0 0 0 0 0.1107 -0.048615 0.08668 0 0
-0 -0 -0 0.010743 0 0 0 0 0 0 0 0.0079941 -0.0035106 0.0062595 0 0
0 0 0 0.037569 0 0 0 0 0 0 0 0.027956 -0.012277 0.02189 0 0
0 0 0 0.19474 0 0 0 0 0 0 0 0.14491 -0.063639 0.11347 0 0
-0 -0 -0 0.19645 0 0 0 0 0 0 0 0.14619 -0.064198 0.11447 0 0
0 0 0 0.044799 0 0 0 0 0 0 0 0.033336 -0.01464 0.026103 0 0
-0 -0 -0 0.16662 0 0 0 0 0 0 0 0.12399 -0.054449 0.097084 0 0
0 0 0 0.065723 0 0 0 0 0 0 0 0.048906 -0.021477 0.038294 0 0
0 0 0 0.082241 0 0 0 0 0 0 0 0.061198 -0.026875 0.047918 0 0
