-0 -0 -0.15052 0 0 0 0 0 0 0 0 0 0 0.071805 -0.071805 -0.11111 0.012884 0.00098065 0.0076928 0 0
0 0 0.30576 0 0 0 0 0 0 0 0 0 0 -0.14586 0.14586 0.2257 -0.026768 -0.0079722 -0.012147 0 0
-0 -0 -0.0061545 0 0 0 0 0 0 0 0 0 0 0.0029359 -0.0029359 -0.0045429 0.00053462 7.8932e-05 0.0002945 0 0
0 0 0.19799 0 0 0 0 0 0 0 0 0 0 -0.094452 0.094452 0.14615 -0.017351 -0.0042733 -0.0084516 0 0
-0 -0 -0.30552 0 0 0 0 0 0 0 0 0 0 0.14574 -0.14574 -0.22551 0.025534 -8.6394e-05 0.016558 0 0
-0 -0 -0.066572 0 0 0 0 0 0 0 0 0 0 0.031758 -0.031758 -0.04914 0.0057523 0.00067846 0.0032791 0 0
-0 -0 -0.22323 0 0 0 0 0 0 0 0 0 0 0.10649 -0.10649 -0.16477 0.018914 0.00074212 0.011744 0 0
0 0 0.11047 0 0 0 0 0 0 0 0 0 0 -0.052698 0.052698 0.081541 -0.0096607 -0.0019731 -0.0049683 0 0
-0 -0 -0.042425 0 0 0 0 0 0 0 0 0 0 0.020239 -0.020239 -0.031316 0.0036742 0.0004771 0.0020662 0 0
-0 -0 -0.30411 0 0 0 0 0 0 0 0 0 0 0.14508 -0.14508 -0.22448 0.025423 -6.7334e-05 0.016474 0 0
0 0 0.16277 0 0 0 0 0 0 0 0 0 0 -0.077648 0.077648 0.12015 -0.014256 -0.0032704 -0.0071 0 0
-0 -0 -0.11157 0 0 0 0 0 0 0 0 0 0 0.053225 -0.053225 -0.082356 0.0095949 0.00091739 0.005608 0 0
-0 -0 -0.33975 0 0 0 0 0 0 0 0 0 0 0.16208 -0.16208 -0.25079 0.028214 -0.00060464 0.018625 0 0
0 0 0.26282 0 0 0 0 0 0 0 0 0 0 -0.12538 0.12538 0.194 -0.023029 -0.0063859 -0.010756 0 0
0 0 0.041259 0 0 0 0 0 0 0 0 0 0 -0.019682 0.019682 0.030455 -0.0035958 -0.00061401 -0.0019271 0 0
0 0 0.016851 0 0 0 0 0 0 0 0 0 0 -0.0080389 0.0080389 0.012439 -0.0014663 -0.00023296 -0.00079708 0 0
0 0 0.12154 0 0 0 0 0 0 0 0 0 0 -0.05798 0.05798 0.089714 -0.010633 -0.0022285 -0.0054318 0 0
-0 -0 -0.14942 0 0 0 0 0 0 0 0 0 0 0.071281 -0.071281 -0.1103 0.012792 0.00098069 0.0076332 0 0
0 0 0.19838 0 0 0 0 0 0 0 0 0 0 -0.094635 0.094635 0.14643 -0.017384 -0.0042848 -0.0084659 0 0
0 0 0.2096 0 0 0 0 0 0 0 0 0 0 -0.099987 0.099987 0.15471 -0.018369 -0.0046261 -0.0088816 0 0
0 0 0.11401 0 0 0 0 0 0 0 0 0 0 -0.054389 0.054389 0.084158 -0.0099721 -0.0020538 -0.0051175 0 0
-0 -0 -0.32486 0 0 0 0 0 0 0 0 0 0 0.15497 -0.15497 -0.2398 0.027054 -0.00036679 0.017721 0 0
-0 -0 -0.24475 0 0 0 0 0 0 0 0 0 0 0.11676 -0.11676 -0.18066 0.020669 0.00058254 0.012981 0 0
-0 -0 -0.27208 0 0 0 0 0 0 0 0 0 0 0.1298 -0.1298 -0.20084 0.022874 0.00032148 0.014575 0 0
-0 -0 -0.10322 0 0 0 0 0 0 0 0 0 0 0.049243 -0.049243 -0.076195 0.0088854 0.0008865 0.0051695 0 0
-0 -0 -0.05303 0 0 0 0 0 0 0 0 0 0 0.025298 -0.025298 -0.039144 0.0045881 0.00057182 0.0025957 0 0
-0 -0 -0.095201 0 0 0 0 0 0 0 0 0 0 0.045415 -0.045415 -0.070272 0.0082019 0.00085103 0.0047507 0 0
-0 -0 -0.32491 0 0 0 0 0 0 0 0 0 0 0.155 -0.155 -0.23983 0.027058 -0.00036756 0.017725 0 0
0 0 0.15801 0 0 0 0 0 0 0 0 0 0 -0.075377 0.075377 0.11663 -0.013838 -0.0031428 -0.0069121 0 0
0 0 0.26429 0 0 0 0 0 0 0 0 0 0 -0.12608 0.12608 0.19509 -0.023157 -0.0064379 -0.010805 0 0
-0 -0 -0.32283 0 0 0 0 0 0 0 0 0 0 0.15401 -0.15401 -0.2383 0.026895 -0.00033586 0.017599 0 0
0 0 0.13606 0 0 0 0 0 0 0 0 0 0 -0.064908 0.064908 0.10043 -0.011909 -0.0025792 -0.0060299 0 0
-0 -0 -0.31231 0 0 0 0 0 0 0 0 0 0 0.14899 -0.14899 -0.23053 0.02607 -0.00018115 0.016965 0 0
0 0 0.19328 0 0 0 0 0 0 0 0 0 0 -0.092204 0.092204 0.14267 -0.016937 -0.0041332 -0.0082748 0 0
0 0 0.21111 0 0 0 0 0 0 0 0 0 0 -0.10071 0.10071 0.15583 -0.018501 -0.0046728 -0.008937 0 0
-0 -0 -0.21222 0 0 0 0 0 0 0 0 0 0 0.10124 -0.10124 -0.15665 0.018012 0.00080801 0.011119 0 0
-0 -0 -0.18782 0 0 0 0 0 0 0 0 0 0 0.089597 -0.089597 -0.13864 0.015997 0.00091628 0.009746 0 0
0 0 0.20052 0 0 0 0 0 0 0 0 0 0 -0.095656 0.095656 0.14801 -0.017572 -0.0043491 -0.0085458 0 0
-0 -0 -0.3133 0 0 0 0 0 0 0 0 0 0 0.14946 -0.14946 -0.23126 0.026148 -0.00019535 0.017025 0 0
0 0 0.33645 0 0 0 0 0 0 0 0 0 0 -0.1605 0.1605 0.24835 -0.029426 -0.0091952 -0.013074 0 0
0 0 0.20428 0 0 0 0 0 0 0 0 0 0 -0.097451 0.097451 0.15079 -0.017903 -0.0044631 -0.0086856 0 0
0 0 0.082845 0 0 0 0 0 0 0 0 0 0 -0.039521 0.039521 0.061152 -0.0072365 -0.0013815 -0.003784 0 0
0 0 0.02602 0 0 0 0 0 0 0 0 0 0 -0.012413 0.012413 0.019206 -0.0022655 -0.00037005 -0.001225 0 0
0 0 0.032208 0 0 0 0 0 0 0 0 0 0 -0.015364 0.015364 0.023774 -0.0028054 -0.00046669 -0.0015114 0 0
0 0 0.24986 0 0 0 0 0 0 0 0 0 0 -0.1192 0.1192 0.18444 -0.021896 -0.0059363 -0.010315 0 0
-0 -0 -0.08375 0 0 0 0 0 0 0 0 0 0 0.039953 -0.039953 -0.06182 0.0072241 0.00079063 0.0041578 0 0
0 0 0.097974 0 0 0 0 0 0 0 0 0 0 -0.046738 0.046738 0.072319 -0.0085638 -0.0016975 -0.0044376 0 0
0 0 0.34603 0 0 0 0 0 0 0 0 0 0 -0.16507 0.16507 0.25542 -0.030252 -0.0095921 -0.013352 0 0
-0 -0 -0.27418 0 0 0 0 0 0 0 0 0 0 0.1308 -0.1308 -0.20239 0.023042 0.00029876 0.014698 0 0
-0 -0 -0.31169 0 0 0 0 0 0 0 0 0 0 0.14869 -0.14869 -0.23007 0.026021 -0.00017236 0.016928 0 0
0 0 0.28788 0 0 0 0 0 0 0 0 0 0 -0.13733 0.13733 0.2125 -0.025213 -0.0072937 -0.011581 0 0
-0 -0 -0.12711 0 0 0 0 0 0 0 0 0 0 0.060638 -0.060638 -0.093827 0.010912 0.00095862 0.0064324 0 0
0 0 0.12224 0 0 0 0 0 0 0 0 0 0 -0.058315 0.058315 0.090232 -0.010695 -0.002245 -0.005461 0 0
0 0 0.0048473 0 0 0 0 0 0 0 0 0 0 -0.0023124 0.0023124 0.003578 -0.00042142 -6.4486e-05 -0.00023068 0 0
-0 -0 -0.02465 0 0 0 0 0 0 0 0 0 0 0.011759 -0.011759 -0.018196 0.0021381 0.00029631 0.0011903 0 0
0 0 0.28574 0 0 0 0 0 0 0 0 0 0 -0.13631 0.13631 0.21091 -0.025027 -0.0072141 -0.011512 0 0
0 0 0.20425 0 0 0 0 0 0 0 0 0 0 -0.097435 0.097435 0.15076 -0.0179 -0.0044621 -0.0086843 0 0
-0 -0 -0.3379 0 0 0 0 0 0 0 0 0 0 0.1612 -0.1612 -0.24942 0.02807 -0.00057408 0.018512 0 0
-0 -0 -0.20506 0 0 0 0 0 0 0 0 0 0 0.097821 -0.097821 -0.15136 0.017422 0.00084524 0.010713 0 0
-0 -0 -0.028345 0 0 0 0 0 0 0 0 0 0 0.013522 -0.013522 -0.020923 0.0024578 0.00033616 0.0013712 0 0
0 0 0.018636 0 0 0 0 0 0 0 0 0 0 -0.00889 0.00889 0.013756 -0.0016217 -0.00025907 -0.00088066 0 0
-0 -0 -0.16076 0 0 0 0 0 0 0 0 0 0 0.07669 -0.07669 -0.11866 0.013742 0.00097515 0.0082511 0 0
-0 -0 -0.16301 0 0 0 0 0 0 0 0 0 0 0.077763 -0.077763 -0.12033 0.013931 0.00097271 0.0083743 0 0
0 0 0.14252 0 0 0 0 0 0 0 0 0 0 -0.067989 0.067989 0.1052 -0.012477 -0.0027409 -0.0062923 0 0
-0 -0 -0.14945 0 0 0 0 0 0 0 0 0 0 0.071294 -0.071294 -0.11031 0.012794 0.0009807 0.0076346 0 0
-0 -0 -0.20025 0 0 0 0 0 0 0 0 0 0 0.095528 -0.095528 -0.14781 0.017026 0.00086766 0.010442 0 0
0 0 0.26168 0 0 0 0 0 0 0 0 0 0 -0.12483 0.12483 0.19316 -0.022929 -0.0063459 -0.010717 0 0
-0 -0 -0.22166 0 0 0 0 0 0 0 0 0 0 0.10574 -0.10574 -0.16362 0.018787 0.00075212 0.011655 0 0
0 0 0.10323 0 0 0 0 0 0 0 0 0 0 -0.049246 0.049246 0.0762 -0.0090254 -0.0018119 -0.0046619 0 0
0 0 0.34779 0 0 0 0 0 0 0 0 0 0 -0.16591 0.16591 0.25672 -0.030404 -0.0096655 -0.013402 0 0
0 0 0.12581 0 0 0 0 0 0 0 0 0 0 -0.060019 0.060019 0.092869 -0.011009 -0.0023298 -0.005609 0 0
-0 -0 -0.27099 0 0 0 0 0 0 0 0 0 0 0.12928 -0.12928 -0.20003 0.022786 0.00033314 0.014511 0 0
0 0 0.072989 0 0 0 0 0 0 0 0 0 0 -0.034819 0.034819 0.053876 -0.0063725 -0.0011862 -0.0033518 0 0
0 0 0.16915 0 0 0 0 0 0 0 0 0 0 -0.080692 0.080692 0.12486 -0.014817 -0.0034444 -0.0073499 0 0
0 0 0.27167 0 0 0 0 0 0 0 0 0 0 -0.1296 0.1296 0.20053 -0.023801 -0.0067009 -0.011052 0 0
0 0 0.2848 0 0 0 0 0 0 0 0 0 0 -0.13586 0.13586 0.21022 -0.024945 -0.0071793 -0.011482 0 0
0 0 0.32824 0 0 0 0 0 0 0 0 0 0 -0.15658 0.15658 0.24229 -0.028716 -0.0088606 -0.012832 0 0
0 0 0.31066 0 0 0 0 0 0 0 0 0 0 -0.1482 0.1482 0.22931 -0.027193 -0.0081623 -0.012299 0 0
-0 -0 -0.056617 0 0 0 0 0 0 0 0 0 0 0.027009 -0.027009 -0.041792 0.0048968 0.00060163 0.0027759 0 0
0 0 0.32835 0 0 0 0 0 0 0 0 0 0 -0.15664 0.15664 0.24237 -0.028725 -0.0088651 -0.012835 0 0
0 0 0.28986 0 0 0 0 0 0 0 0 0 0 -0.13828 0.13828 0.21396 -0.025386 -0.0073677 -0.011645 0 0
-0 -0 -0.062277 0 0 0 0 0 0 0 0 0 0 0.029709 -0.029709 -0.045969 0.0053834 0.00064638 0.0030615 0 0
-0 -0 -0.12294 0 0 0 0 0 0 0 0 0 0 0.058647 -0.058647 -0.090745 0.010558 0.00094963 0.0062099 0 0
-0 -0 -0.17054 0 0 0 0 0 0 0 0 0 0 0.081355 -0.081355 -0.12588 0.014559 0.0009613 0.0087881 0 0
-0 -0 -0.33524 0 0 0 0 0 0 0 0 0 0 0.15993 -0.15993 -0.24746 0.027863 -0.00053056 0.01835 0 0
0 0 0.088422 0 0 0 0 0 0 0 0 0 0 -0.042181 0.042181 0.065268 -0.0077256 -0.0014957 -0.0040262 0 0
-0 -0 -0.13083 0 0 0 0 0 0 0 0 0 0 0.062412 -0.062412 -0.096572 0.011226 0.00096533 0.0066311 0 0
-0 -0 -0.21118 0 0 0 0 0 0 0 0 0 0 0.10074 -0.10074 -0.15588 0.017926 0.00081372 0.011059 0 0
0 0 0.34415 0 0 0 0 0 0 0 0 0 0 -0.16418 0.16418 0.25403 -0.03009 -0.0095135 -0.013298 0 0
0 0 0.29422 0 0 0 0 0 0 0 0 0 0 -0.14035 0.14035 0.21717 -0.025765 -0.0075312 -0.011784 0 0
-0 -0 -0.096649 0 0 0 0 0 0 0 0 0 0 0.046106 -0.046106 -0.071341 0.0083253 0.00085785 0.004826 0 0
-0 -0 -0.23631 0 0 0 0 0 0 0 0 0 0 0.11273 -0.11273 -0.17443 0.019982 0.00064999 0.012494 0 0
0 0 0.023046 0 0 0 0 0 0 0 0 0 0 -0.010994 0.010994 0.017012 -0.0020062 -0.00032479 -0.0010866 0 0
-0 -0 -0.31261 0 0 0 0 0 0 0 0 0 0 0.14913 -0.14913 -0.23075 0.026093 -0.00018541 0.016983 0 0
-0 -0 -0.29449 0 0 0 0 0 0 0 0 0 0 0.14048 -0.14048 -0.21737 0.024661 5.8935e-05 0.0159 0 0
0 0 0.232 0 0 0 0 0 0 0 0 0 0 -0.11068 0.11068 0.17125 -0.020333 -0.0053388 -0.0096904 0 0
-0 -0 -0.089822 0 0 0 0 0 0 0 0 0 0 0.042849 -0.042849 -0.066301 0.0077429 0.00082409 0.0044714 0 0
0 0 0.14356 0 0 0 0 0 0 0 0 0 0 -0.068487 0.068487 0.10597 -0.012569 -0.0027673 -0.0063344 0 0
0 0 0.12662 0 0 0 0 0 0 0 0 0 0 -0.060405 0.060405 0.093466 -0.01108 -0.0023492 -0.0056425 0 0
0 0 0.18937 0 0 0 0 0 0 0 0 0 0 -0.090336 0.090336 0.13978 -0.016593 -0.0040181 -0.008127 0 0
