0 0 0 0.03893 0 0 0 0 0 0 -0 0.033833 0.005097 0.018571 0 0
0 0 0 0.13616 0 0 0 0 0 0 -0 0.11833 0.017827 0.064954 0 0
0 0 0 0.05566 0 0 0 0 0 0 -0 0.048373 0.0072875 0.026552 0 0
0 0 0 0.14756 0 0 0 0 0 0 -0 0.12824 0.01932 0.070394 0 0
0 0 0 0.041793 0 0 0 0 0 0 -0 0.036321 0.0054718 0.019937 0 0
0 0 0 0.0014496 0 0 0 0 0 0 -0 0.0012598 0.00018979 0.0006915 0 0
0 0 0 0.1796 0 0 0 0 0 0 -0 0.15608 0.023514 0.085676 0 0
-0 -0 -0 0.19337 0 0 0 0 0 0 -0 0.16805 0.025317 0.092244 0 0
0 0 0 0.12858 0 0 0 0 0 0 -0 0.11174 0.016834 0.061337 0 0
-0 -0 -0 0.15718 0 0 0 0 0 0 -0 0.1366 0.020579 0.074981 0 0
0 0 0 0.058398 0 0 0 0 0 0 -0 0.050752 0.007646 0.027859 0 0
0 0 0 0.16654 0 0 0 0 0 0 -0 0.14474 0.021805 0.079449 0 0
0 0 0 0.077252 0 0 0 0 0 0 -0 0.067137 0.010114 0.036852 0 0
0 0 0 0.19672 0 0 0 0 0 0 -0 0.17097 0.025756 0.093846 0 0
0 0 0 0.081094 0 0 0 0 0 0 -0 0.070477 0.010617 0.038686 0 0
0 0 0 0.059845 0 0 0 0 0 0 -0 0.05201 0.0078354 0.028549 0 0
0 0 0 0.014519 0 0 0 0 0 0 -0 0.012618 0.0019009 0.0069262 0 0
0 0 0 0.18955 0 0 0 0 0 0 -0 0.16473 0.024818 0.090424 0 0
0 0 0 0.1294 0 0 0 0 0 0 -0 0.11246 0.016943 0.061732 0 0
0 0 0 0.11401 0 0 0 0 0 0 -0 0.099085 0.014927 0.054389 0 0
-0 -0 -0 0.038273 0 0 0 0 0 0 -0 0.033262 0.005011 0.018258 0 0
-0 -0 -0 0.17765 0 0 0 0 0 0 -0 0.15439 0.023259 0.084747 0 0
-0 -0 -0 0.12987 0 0 0 0 0 0 -0 0.11286 0.017003 0.061953 0 0
-0 -0 -0 0.042272 0 0 0 0 0 0 -0 0.036738 0.0055346 0.020166 0 0
-0 -0 -0 0.060894 0 0 0 0 0 0 -0 0.052921 0.0079727 0.029049 0 0
0 0 0 0.055788 0 0 0 0 0 0 -0 0.048484 0.0073042 0.026613 0 0
-0 -0 -0 0.0035839 0 0 0 0 0 0 -0 0.0031147 0.00046923 0.0017097 0 0
0 0 0 0.19218 0 0 0 0 0 0 -0 0.16702 0.025162 0.091681 0 0
-0 -0 -0 0.18888 0 0 0 0 0 0 -0 0.16415 0.02473 0.090106 0 0
-0 -0 -0 0.15536 0 0 0 0 0 0 -0 0.13502 0.020341 0.074113 0 0
-0 -0 -0 0.019503 0 0 0 0 0 0 -0 0.01695 0.0025535 0.0093039 0 0
-0 -0 -0 0.19192 0 0 0 0 0 0 -0 0.1668 0.025128 0.091556 0 0
-0 -0 -0 0.036351 0 0 0 0 0 0 -0 0.031592 0.0047594 0.017341 0 0
-0 -0 -0 0.16169 0 0 0 0 0 0 -0 0.14052 0.02117 0.077134 0 0
-0 -0 -0 0.06449 0 0 0 0 0 0 -0 0.056046 0.0084435 0.030764 0 0
-0 -0 -0 0.1565 0 0 0 0 0 0 -0 0.13601 0.02049 0.074659 0 0
0 0 0 0.096709 0 0 0 0 0 0 -0 0.084047 0.012662 0.046134 0 0
0 0 0 0.12579 0 0 0 0 0 0 -0 0.10932 0.016469 0.060006 0 0
0 0 0 0.093222 0 0 0 0 0 0 -0 0.081017 0.012205 0.044471 0 0
0 0 0 0.036927 0 0 0 0 0 0 -0 0.032092 0.0048347 0.017616 0 0
0 0 0 0.075221 0 0 0 0 0 0 -0 0.065372 0.0098485 0.035884 0 0
0 0 0 0.1669 0 0 0 0 0 0 -0 0.14505 0.021852 0.07962 0 0
-0 -0 -0 0.025634 0 0 0 0 0 0 -0 0.022278 0.0033562 0.012229 0 0
-0 -0 -0 0.17877 0 0 0 0 0 0 -0 0.15537 0.023406 0.085282 0 0
0 0 0 0.01454 0 0 0 0 0 0 -0 0.012636 0.0019037 0.0069362 0 0
-0 -0 -0 0.19829 0 0 0 0 0 0 -0 0.17233 0.025962 0.094593 0 0
-0 -0 -0 0.087895 0 0 0 0 0 0 -0 0.076387 0.011508 0.04193 0 0
-0 -0 -0 0.06079 0 0 0 0 0 0 -0 0.052831 0.0079591 0.028999 0 0
-0 -0 -0 0.017719 0 0 0 0 0 0 -0 0.015399 0.0023199 0.0084526 0 0
0 0 0 0.0050101 0 0 0 0 0 0 -0 0.0043541 0.00065596 0.00239 0 0
0 0 0 0.10419 0 0 0 0 0 0 -0 0.090547 0.013641 0.049702 0 0
-0 -0 -0 0.16449 0 0 0 0 0 0 -0 0.14295 0.021536 0.078469 0 0
0 0 0 0.057097 0 0 0 0 0 0 -0 0.049622 0.0074756 0.027238 0 0
-0 -0 -0 0.13477 0 0 0 0 0 0 -0 0.11713 0.017646 0.064293 0 0
0 0 0 0.17718 0 0 0 0 0 0 -0 0.15398 0.023198 0.084522 0 0
-0 -0 -0 0.14292 0 0 0 0 0 0 -0 0.12421 0.018712 0.06818 0 0
0 0 0 0.19963 0 0 0 0 0 0 -0 0.17349 0.026137 0.095232 0 0
0 0 0 0.10802 0 0 0 0 0 0 -0 0.093878 0.014143 0.051531 0 0
-0 -0 -0 0.16699 0 0 0 0 0 0 -0 0.14513 0.021864 0.079663 0 0
-0 -0 -0 0.17067 0 0 0 0 0 0 -0 0.14832 0.022345 0.081417 0 0
-0 -0 -0 0.023547 0 0 0 0 0 0 -0 0.020464 0.003083 0.011233 0 0
-0 -0 -0 0.066189 0 0 0 0 0 0 -0 0.057523 0.008666 0.031575 0 0
0 0 0 0.15566 0 0 0 0 0 0 -0 0.13528 0.02038 0.074256 0 0
-0 -0 -0 0.19998 0 0 0 0 0 0 -0 0.1738 0.026183 0.095401 0 0
0 0 0 0.021542 0 0 0 0 0 0 -0 0.018722 0.0028205 0.010277 0 0
0 0 0 0.088208 0 0 0 0 0 0 -0 0.076659 0.011549 0.042079 0 0
0 0 0 0.19317 0 0 0 0 0 0 -0 0.16787 0.025291 0.092149 0 0
-0 -0 -0 0.08422 0 0 0 0 0 0 -0 0.073193 0.011027 0.040177 0 0
-0 -0 -0 0.073899 0 0 0 0 0 0 -0 0.064224 0.0096754 0.035253 0 0
-0 -0 -0 0.032896 0 0 0 0 0 0 -0 0.028589 0.004307 0.015693 0 0
0 0 0 0.15605 0 0 0 0 0 0 -0 0.13562 0.020432 0.074444 0 0
-0 -0 -0 0.15906 0 0 0 0 0 0 -0 0.13824 0.020826 0.075879 0 0
0 0 0 0.15847 0 0 0 0 0 0 -0 0.13772 0.020748 0.075598 0 0
0 0 0 0.12229 0 0 0 0 0 0 -0 0.10628 0.016011 0.058339 0 0
0 0 0 0.17378 0 0 0 0 0 0 -0 0.15103 0.022753 0.082903 0 0
-0 -0 -0 0.030173 0 0 0 0 0 0 -0 0.026223 0.0039505 0.014394 0 0
-0 -0 -0 0.15326 0 0 0 0 0 0 -0 0.1332 0.020066 0.073112 0 0
-0 -0 -0 0.026634 0 0 0 0 0 0 -0 0.023147 0.0034871 0.012706 0 0
-0 -0 -0 0.16217 0 0 0 0 0 0 -0 0.14094 0.021233 0.077364 0 0
0 0 0 0.066227 0 0 0 0 0 0 -0 0.057556 0.0086709 0.031593 0 0
0 0 0 0.073098 0 0 0 0 0 0 -0 0.063527 0.0095705 0.034871 0 0
-0 -0 -0 0.065446 0 0 0 0 0 0 -0 0.056878 0.0085687 0.031221 0 0
0 0 0 0.023719 0 0 0 0 0 0 -0 0.020613 0.0031055 0.011315 0 0
0 0 0 0.028824 0 0 0 0 0 0 -0 0.02505 0.0037739 0.013751 0 0
-0 -0 -0 0.065644 0 0 0 0 0 0 -0 0.05705 0.0085947 0.031315 0 0
-0 -0 -0 0.11296 0 0 0 0 0 0 -0 0.098174 0.01479 0.053889 0 0
-0 -0 -0 0.05508 0 0 0 0 0 0 -0 0.047869 0.0072116 0.026276 0 0
0 0 0 0.19713 0 0 0 0 0 0 -0 0.17132 0.025809 0.094038 0 0
0 0 0 0.013287 0 0 0 0 0 0 -0 0.011548 0.0017397 0.0063386 0 0
-0 -0 -0 0.016211 0 0 0 0 0 0 -0 0.014088 0.0021225 0.0077333 0 0
0 0 0 0.13347 0 0 0 0 0 0 -0 0.11599 0.017475 0.06367 0 0
-0 -0 -0 0.12747 0 0 0 0 0 0 -0 0.11078 0.016689 0.060807 0 0
0 0 0 0.063922 0 0 0 0 0 0 -0 0.055553 0.0083692 0.030494 0 0
-0 -0 -0 0.048012 0 0 0 0 0 0 -0 0.041726 0.0062861 0.022904 0 0
0 0 0 0.11905 0 0 0 0 0 0 -0 0.10346 0.015587 0.056791 0 0
-0 -0 -0 0.082212 0 0 0 0 0 0 -0 0.071448 0.010764 0.039219 0 0
-0 -0 -0 0.18175 0 0 0 0 0 0 -0 0.15795 0.023796 0.086703 0 0
0 0 0 0.1243 0 0 0 0 0 0 -0 0.10803 0.016274 0.059297 0 0
0 0 0 0.16218 0 0 0 0 0 0 -0 0.14094 0.021233 0.077366 0 0
0 0 0 0.10814 0 0 0 0 0 0 -0 0.093979 0.014158 0.051586 0 0
