-0 -0 -0.30287 0 0 0 0 0 0 0 0 0 0 0.14448 -0.14448 -0.22356 0.017464 -0.026567 0.028456 0 0
0 0 0.26746 0 0 0 0 0 0 0 0 0 0 -0.12759 0.12759 0.19743 -0.023064 0.015953 -0.025215 0 0
0 0 0.16062 0 0 0 0 0 0 0 0 0 0 -0.076625 0.076625 0.11856 -0.013093 0.010518 -0.015259 0 0
-0 -0 -0.034032 0 0 0 0 0 0 0 0 0 0 0.016235 -0.016235 -0.02512 0.0024537 -0.0025695 0.0032463 0 0
-0 -0 -0.26273 0 0 0 0 0 0 0 0 0 0 0.12534 -0.12534 -0.19394 0.01574 -0.022603 0.02478 0 0
0 0 0.036912 0 0 0 0 0 0 0 0 0 0 -0.017609 0.017609 0.027246 -0.0027921 0.0026559 -0.0035209 0 0
0 0 0.24952 0 0 0 0 0 0 0 0 0 0 -0.11903 0.11903 0.18418 -0.021325 0.015131 -0.023561 0 0
-0 -0 -0.32605 0 0 0 0 0 0 0 0 0 0 0.15554 -0.15554 -0.24067 0.018375 -0.028912 0.03056 0 0
-0 -0 -0.34816 0 0 0 0 0 0 0 0 0 0 0.16609 -0.16609 -0.25699 0.019183 -0.031183 0.032551 0 0
-0 -0 -0.019876 0 0 0 0 0 0 0 0 0 0 0.0094819 -0.0094819 -0.014672 0.0014473 -0.0014868 0.0018963 0 0
0 0 0.14069 0 0 0 0 0 0 0 0 0 0 -0.067117 0.067117 0.10385 -0.011339 0.0093629 -0.013379 0 0
-0 -0 -0.18745 0 0 0 0 0 0 0 0 0 0 0.089423 -0.089423 -0.13837 0.012004 -0.015508 0.01778 0 0
0 0 0.16383 0 0 0 0 0 0 0 0 0 0 -0.078156 0.078156 0.12093 -0.013378 0.0107 -0.015561 0 0
-0 -0 -0.22784 0 0 0 0 0 0 0 0 0 0 0.10869 -0.10869 -0.16818 0.014088 -0.019257 0.021551 0 0
0 0 0.1448 0 0 0 0 0 0 0 0 0 0 -0.069078 0.069078 0.10689 -0.011698 0.0096047 -0.013767 0 0
0 0 0.047059 0 0 0 0 0 0 0 0 0 0 -0.022449 0.022449 0.034737 -0.0035831 0.0033617 -0.0044882 0 0
0 0 0.019858 0 0 0 0 0 0 0 0 0 0 -0.0094733 0.0094733 0.014658 -0.0014854 0.001446 -0.0018945 0 0
0 0 0.011916 0 0 0 0 0 0 0 0 0 0 -0.0056842 0.0056842 0.0087954 -0.00088662 0.00087242 -0.0011368 0 0
-0 -0 -0.017504 0 0 0 0 0 0 0 0 0 0 0.00835 -0.00835 -0.01292 0.0012766 -0.0013073 0.0016699 0 0
0 0 0.035772 0 0 0 0 0 0 0 0 0 0 -0.017065 0.017065 0.026405 -0.0027039 0.002576 -0.0034122 0 0
0 0 0.083453 0 0 0 0 0 0 0 0 0 0 -0.039811 0.039811 0.0616 -0.0065009 0.0058049 -0.0079529 0 0
-0 -0 -0.1481 0 0 0 0 0 0 0 0 0 0 0.070649 -0.070649 -0.10932 0.0097972 -0.011986 0.014078 0 0
-0 -0 -0.075457 0 0 0 0 0 0 0 0 0 0 0.035996 -0.035996 -0.055698 0.00528 -0.0058491 0.0071924 0 0
-0 -0 -0.017066 0 0 0 0 0 0 0 0 0 0 0.0081413 -0.0081413 -0.012597 0.0012451 -0.0012742 0.0016282 0 0
-0 -0 -0.11395 0 0 0 0 0 0 0 0 0 0 0.054357 -0.054357 -0.084109 0.0077442 -0.0090412 0.010848 0 0
-0 -0 -0.0064278 0 0 0 0 0 0 0 0 0 0 0.0030663 -0.0030663 -0.0047446 0.0004724 -0.00047653 0.00061326 0 0
0 0 0.18444 0 0 0 0 0 0 0 0 0 0 -0.087984 0.087984 0.13614 -0.015233 0.011841 -0.017497 0 0
0 0 0.088577 0 0 0 0 0 0 0 0 0 0 -0.042255 0.042255 0.065382 -0.0069217 0.0061377 -0.00844 0 0
-0 -0 -0.023553 0 0 0 0 0 0 0 0 0 0 0.011236 -0.011236 -0.017385 0.0017106 -0.0017661 0.0022469 0 0
-0 -0 -0.29629 0 0 0 0 0 0 0 0 0 0 0.14134 -0.14134 -0.2187 0.017194 -0.025909 0.027857 0 0
0 0 0.19354 0 0 0 0 0 0 0 0 0 0 -0.092329 0.092329 0.14286 -0.016064 0.01233 -0.018351 0 0
-0 -0 -0.11785 0 0 0 0 0 0 0 0 0 0 0.056222 -0.056222 -0.086994 0.0079856 -0.009373 0.011218 0 0
0 0 0.13911 0 0 0 0 0 0 0 0 0 0 -0.066362 0.066362 0.10268 -0.011201 0.0092693 -0.01323 0 0
-0 -0 -0.23765 0 0 0 0 0 0 0 0 0 0 0.11337 -0.11337 -0.17542 0.014567 -0.020188 0.022461 0 0
-0 -0 -0.16038 0 0 0 0 0 0 0 0 0 0 0.076509 -0.076509 -0.11839 0.010504 -0.013071 0.015236 0 0
-0 -0 -0.16863 0 0 0 0 0 0 0 0 0 0 0.080446 -0.080446 -0.12448 0.01097 -0.013807 0.016013 0 0
0 0 0.18193 0 0 0 0 0 0 0 0 0 0 -0.08679 0.08679 0.13429 -0.015006 0.011705 -0.017262 0 0
-0 -0 -0.073488 0 0 0 0 0 0 0 0 0 0 0.035057 -0.035057 -0.054245 0.0051497 -0.0056895 0.0070051 0 0
-0 -0 -0.036323 0 0 0 0 0 0 0 0 0 0 0.017328 -0.017328 -0.026812 0.0026146 -0.0027466 0.0034648 0 0
0 0 0.0014966 0 0 0 0 0 0 0 0 0 0 -0.00071395 0.00071395 0.0011047 -0.00011058 0.00011036 -0.00014279 0 0
-0 -0 -0.3314 0 0 0 0 0 0 0 0 0 0 0.15809 -0.15809 -0.24462 0.018575 -0.029458 0.031043 0 0
-0 -0 -0.25581 0 0 0 0 0 0 0 0 0 0 0.12203 -0.12203 -0.18883 0.015423 -0.021932 0.024141 0 0
-0 -0 -0.27841 0 0 0 0 0 0 0 0 0 0 0.13282 -0.13282 -0.20551 0.016436 -0.024137 0.026221 0 0
0 0 0.1723 0 0 0 0 0 0 0 0 0 0 -0.082193 0.082193 0.12718 -0.014136 0.011174 -0.016357 0 0
0 0 0.19238 0 0 0 0 0 0 0 0 0 0 -0.091773 0.091773 0.142 -0.015958 0.012268 -0.018242 0 0
-0 -0 -0.30064 0 0 0 0 0 0 0 0 0 0 0.14342 -0.14342 -0.22192 0.017374 -0.026344 0.028254 0 0
-0 -0 -0.0053158 0 0 0 0 0 0 0 0 0 0 0.0025359 -0.0025359 -0.0039238 0.00039097 -0.00039379 0.00050717 0 0
0 0 0.32083 0 0 0 0 0 0 0 0 0 0 -0.15305 0.15305 0.23682 -0.02838 0.018175 -0.030087 0 0
0 0 0.33225 0 0 0 0 0 0 0 0 0 0 -0.1585 0.1585 0.24525 -0.029545 0.018607 -0.03112 0 0
-0 -0 -0.25244 0 0 0 0 0 0 0 0 0 0 0.12042 -0.12042 -0.18633 0.015267 -0.021605 0.02383 0 0
0 0 0.0078924 0 0 0 0 0 0 0 0 0 0 -0.003765 0.003765 0.0058257 -0.00058568 0.00057945 -0.000753 0 0
0 0 0.21373 0 0 0 0 0 0 0 0 0 0 -0.10196 0.10196 0.15776 -0.017932 0.013381 -0.020237 0 0
-0 -0 -0.049621 0 0 0 0 0 0 0 0 0 0 0.023671 -0.023671 -0.036627 0.0035381 -0.0037843 0.0047323 0 0
0 0 0.23423 0 0 0 0 0 0 0 0 0 0 -0.11174 0.11174 0.17289 -0.019862 0.014401 -0.022143 0 0
0 0 0.32938 0 0 0 0 0 0 0 0 0 0 -0.15713 0.15713 0.24313 -0.029252 0.0185 -0.030861 0 0
-0 -0 -0.31065 0 0 0 0 0 0 0 0 0 0 0.1482 -0.1482 -0.22931 0.017777 -0.02735 0.029165 0 0
-0 -0 -0.20148 0 0 0 0 0 0 0 0 0 0 0.096116 -0.096116 -0.14872 0.012749 -0.016795 0.019093 0 0
-0 -0 -0.11193 0 0 0 0 0 0 0 0 0 0 0.053394 -0.053394 -0.082618 0.0076188 -0.0088703 0.010657 0 0
0 0 0.060486 0 0 0 0 0 0 0 0 0 0 -0.028854 0.028854 0.044647 -0.0046449 0.0042791 -0.0057673 0 0
-0 -0 -0.17978 0 0 0 0 0 0 0 0 0 0 0.085765 -0.085765 -0.13271 0.011588 -0.014811 0.017061 0 0
0 0 0.0043527 0 0 0 0 0 0 0 0 0 0 -0.0020764 0.0020764 0.0032129 -0.00032224 0.00032034 -0.00041528 0 0
-0 -0 -0.22556 0 0 0 0 0 0 0 0 0 0 0.1076 -0.1076 -0.16649 0.013976 -0.019042 0.021338 0 0
0 0 0.072069 0 0 0 0 0 0 0 0 0 0 -0.03438 0.03438 0.053197 -0.0055747 0.0050555 -0.0068701 0 0
-0 -0 -0.15834 0 0 0 0 0 0 0 0 0 0 0.075535 -0.075535 -0.11688 0.010388 -0.01289 0.015044 0 0
-0 -0 -0.27631 0 0 0 0 0 0 0 0 0 0 0.13181 -0.13181 -0.20396 0.016344 -0.023931 0.026029 0 0
-0 -0 -0.1796 0 0 0 0 0 0 0 0 0 0 0.085676 -0.085676 -0.13257 0.011577 -0.014794 0.017043 0 0
0 0 0.17312 0 0 0 0 0 0 0 0 0 0 -0.082586 0.082586 0.12779 -0.01421 0.01122 -0.016435 0 0
0 0 0.067639 0 0 0 0 0 0 0 0 0 0 -0.032267 0.032267 0.049927 -0.0052176 0.0047602 -0.0064484 0 0
0 0 0.1448 0 0 0 0 0 0 0 0 0 0 -0.069075 0.069075 0.10688 -0.011697 0.0096043 -0.013767 0 0
-0 -0 -0.043667 0 0 0 0 0 0 0 0 0 0 0.020831 -0.020831 -0.032232 0.0031269 -0.0033175 0.0041649 0 0
-0 -0 -0.21438 0 0 0 0 0 0 0 0 0 0 0.10227 -0.10227 -0.15824 0.013414 -0.017992 0.020297 0 0
0 0 0.27474 0 0 0 0 0 0 0 0 0 0 -0.13106 0.13106 0.2028 -0.023776 0.016275 -0.025884 0 0
0 0 0.014363 0 0 0 0 0 0 0 0 0 0 -0.0068519 0.0068519 0.010602 -0.0010705 0.0010499 -0.0013703 0 0
-0 -0 -0.073578 0 0 0 0 0 0 0 0 0 0 0.0351 -0.0351 -0.054311 0.0051557 -0.0056968 0.0070137 0 0
0 0 0.052667 0 0 0 0 0 0 0 0 0 0 -0.025124 0.025124 0.038875 -0.0040244 0.0037471 -0.0050225 0 0
-0 -0 -0.13051 0 0 0 0 0 0 0 0 0 0 0.062259 -0.062259 -0.096335 0.0087557 -0.010457 0.012416 0 0
0 0 0.1037 0 0 0 0 0 0 0 0 0 0 -0.049468 0.049468 0.076544 -0.0081778 0.0071035 -0.0098759 0 0
-0 -0 -0.22959 0 0 0 0 0 0 0 0 0 0 0.10952 -0.10952 -0.16947 0.014174 -0.019422 0.021713 0 0
0 0 0.34704 0 0 0 0 0 0 0 0 0 0 -0.16555 0.16555 0.25616 -0.031067 0.019144 -0.03245 0 0
0 0 0.32244 0 0 0 0 0 0 0 0 0 0 -0.15382 0.15382 0.23801 -0.028544 0.018237 -0.030234 0 0
-0 -0 -0.027507 0 0 0 0 0 0 0 0 0 0 0.013122 -0.013122 -0.020304 0.0019923 -0.002068 0.0026241 0 0
0 0 0.29042 0 0 0 0 0 0 0 0 0 0 -0.13854 0.13854 0.21437 -0.025324 0.016949 -0.02732 0 0
-0 -0 -0.082281 0 0 0 0 0 0 0 0 0 0 0.039252 -0.039252 -0.060735 0.0057283 -0.006405 0.0078414 0 0
-0 -0 -0.15303 0 0 0 0 0 0 0 0 0 0 0.073003 -0.073003 -0.11296 0.010083 -0.012421 0.014544 0 0
-0 -0 -0.30706 0 0 0 0 0 0 0 0 0 0 0.14648 -0.14648 -0.22666 0.017634 -0.026989 0.028838 0 0
-0 -0 -0.28908 0 0 0 0 0 0 0 0 0 0 0.1379 -0.1379 -0.21338 0.016893 -0.025192 0.027198 0 0
-0 -0 -0.34686 0 0 0 0 0 0 0 0 0 0 0.16547 -0.16547 -0.25603 0.019137 -0.031048 0.032434 0 0
0 0 0.08492 0 0 0 0 0 0 0 0 0 0 -0.040511 0.040511 0.062683 -0.0066212 0.0059005 -0.0080924 0 0
0 0 0.18096 0 0 0 0 0 0 0 0 0 0 -0.086326 0.086326 0.13357 -0.014918 0.011652 -0.017171 0 0
0 0 0.0088289 0 0 0 0 0 0 0 0 0 0 -0.0042118 0.0042118 0.006517 -0.00065559 0.0006478 -0.00084235 0 0
-0 -0 -0.27381 0 0 0 0 0 0 0 0 0 0 0.13062 -0.13062 -0.20211 0.016234 -0.023685 0.025799 0 0
0 0 0.11884 0 0 0 0 0 0 0 0 0 0 -0.056693 0.056693 0.087723 -0.009457 0.0080463 -0.011312 0 0
-0 -0 -0.33374 0 0 0 0 0 0 0 0 0 0 0.15921 -0.15921 -0.24635 0.018662 -0.029698 0.031254 0 0
-0 -0 -0.2696 0 0 0 0 0 0 0 0 0 0 0.12861 -0.12861 -0.199 0.016048 -0.023272 0.025412 0 0
0 0 0.076753 0 0 0 0 0 0 0 0 0 0 -0.036615 0.036615 0.056655 -0.0059543 0.0053655 -0.0073157 0 0
-0 -0 -0.28711 0 0 0 0 0 0 0 0 0 0 0.13696 -0.13696 -0.21193 0.01681 -0.024996 0.027018 0 0
0 0 0.33588 0 0 0 0 0 0 0 0 0 0 -0.16023 0.16023 0.24793 -0.029917 0.018741 -0.031446 0 0
0 0 0.31603 0 0 0 0 0 0 0 0 0 0 -0.15076 0.15076 0.23327 -0.027893 0.017989 -0.029653 0 0
-0 -0 -0.18567 0 0 0 0 0 0 0 0 0 0 0.088575 -0.088575 -0.13705 0.011908 -0.015346 0.017613 0 0
-0 -0 -0.32355 0 0 0 0 0 0 0 0 0 0 0.15435 -0.15435 -0.23883 0.018279 -0.028657 0.030334 0 0
