0 0 0 0.17128 0 0 0 0 0 0 0 0.13922 -0.031134 0.094793 0 0
0 0 0 0.086758 0 0 0 0 0 0 0 0.070518 -0.01577 0.048016 0 0
-0 -0 -0 0.15457 0 0 0 0 0 0 0 0.12564 -0.028096 0.085545 0 0
-0 -0 -0 0.11784 0 0 0 0 0 0 0 0.095786 -0.021421 0.06522 0 0
0 0 0 0.068576 0 0 0 0 0 0 0 0.05574 -0.012465 0.037953 0 0
-0 -0 -0 0.0044196 0 0 0 0 0 0 0 0.0035923 -0.00080336 0.002446 0 0
0 0 0 0.11935 0 0 0 0 0 0 0 0.097006 -0.021694 0.066051 0 0
-0 -0 -0 0.09257 0 0 0 0 0 0 0 0.075242 -0.016827 0.051232 0 0
-0 -0 -0 0.079104 0 0 0 0 0 0 0 0.064297 -0.014379 0.043779 0 0
-0 -0 -0 0.046433 0 0 0 0 0 0 0 0.037741 -0.0084401 0.025698 0 0
0 0 0 0.0933 0 0 0 0 0 0 0 0.075835 -0.016959 0.051636 0 0
0 0 0 0.099444 0 0 0 0 0 0 0 0.08083 -0.018076 0.055036 0 0
-0 -0 -0 0.15429 0 0 0 0 0 0 0 0.12541 -0.028046 0.085391 0 0
0 0 0 0.0093995 0 0 0 0 0 0 0 0.00764 -0.0017086 0.0052021 0 0
0 0 0 0.11349 0 0 0 0 0 0 0 0.092244 -0.020629 0.062808 0 0
0 0 0 0.062524 0 0 0 0 0 0 0 0.05082 -0.011365 0.034603 0 0
-0 -0 -0 0.18921 0 0 0 0 0 0 0 0.1538 -0.034394 0.10472 0 0
0 0 0 0.068287 0 0 0 0 0 0 0 0.055505 -0.012413 0.037793 0 0
-0 -0 -0 0.031367 0 0 0 0 0 0 0 0.025496 -0.0057017 0.01736 0 0
-0 -0 -0 0.17905 0 0 0 0 0 0 0 0.14553 -0.032546 0.099094 0 0
-0 -0 -0 0.10963 0 0 0 0 0 0 0 0.089108 -0.019928 0.060673 0 0
0 0 0 0.14528 0 0 0 0 0 0 0 0.11809 -0.026408 0.080405 0 0
-0 -0 -0 0.15766 0 0 0 0 0 0 0 0.12815 -0.028659 0.087257 0 0
-0 -0 -0 0.068215 0 0 0 0 0 0 0 0.055446 -0.0124 0.037753 0 0
-0 -0 -0 0.11328 0 0 0 0 0 0 0 0.092077 -0.020591 0.062694 0 0
0 0 0 0.012815 0 0 0 0 0 0 0 0.010416 -0.0023293 0.0070921 0 0
-0 -0 -0 0.17594 0 0 0 0 0 0 0 0.14301 -0.031982 0.097375 0 0
0 0 0 0.053999 0 0 0 0 0 0 0 0.043891 -0.0098155 0.029885 0 0
0 0 0 0.011394 0 0 0 0 0 0 0 0.0092609 -0.0020711 0.0063057 0 0
0 0 0 0.16104 0 0 0 0 0 0 0 0.1309 -0.029273 0.089126 0 0
-0 -0 -0 0.039582 0 0 0 0 0 0 0 0.032173 -0.0071949 0.021906 0 0
0 0 0 0.15185 0 0 0 0 0 0 0 0.12342 -0.027601 0.084037 0 0
0 0 0 0.013269 0 0 0 0 0 0 0 0.010785 -0.0024119 0.0073435 0 0
-0 -0 -0 0.17969 0 0 0 0 0 0 0 0.14605 -0.032663 0.099448 0 0
-0 -0 -0 0.052167 0 0 0 0 0 0 0 0.042402 -0.0094825 0.028871 0 0
-0 -0 -0 0.16182 0 0 0 0 0 0 0 0.13153 -0.029415 0.089559 0 0
-0 -0 -0 0.046168 0 0 0 0 0 0 0 0.037526 -0.008392 0.025551 0 0
0 0 0 0.18363 0 0 0 0 0 0 0 0.14926 -0.033379 0.10163 0 0
0 0 0 0.050033 0 0 0 0 0 0 0 0.040667 -0.0090946 0.02769 0 0
0 0 0 0.072155 0 0 0 0 0 0 0 0.058648 -0.013116 0.039933 0 0
-0 -0 -0 0.081817 0 0 0 0 0 0 0 0.066501 -0.014872 0.045281 0 0
-0 -0 -0 0.0049389 0 0 0 0 0 0 0 0.0040144 -0.00089775 0.0027334 0 0
-0 -0 -0 0.16782 0 0 0 0 0 0 0 0.1364 -0.030504 0.092877 0 0
-0 -0 -0 0.027144 0 0 0 0 0 0 0 0.022063 -0.0049341 0.015023 0 0
0 0 0 0.038239 0 0 0 0 0 0 0 0.031081 -0.0069507 0.021163 0 0
-0 -0 -0 0.056576 0 0 0 0 0 0 0 0.045986 -0.010284 0.031312 0 0
-0 -0 -0 0.16272 0 0 0 0 0 0 0 0.13226 -0.029578 0.090055 0 0
0 0 0 0.084502 0 0 0 0 0 0 0 0.068684 -0.01536 0.046767 0 0
0 0 0 0.13827 0 0 0 0 0 0 0 0.11239 -0.025133 0.076522 0 0
0 0 0 0.10486 0 0 0 0 0 0 0 0.085235 -0.019061 0.058036 0 0
-0 -0 -0 0.1568 0 0 0 0 0 0 0 0.12745 -0.028502 0.08678 0 0
0 0 0 0.10992 0 0 0 0 0 0 0 0.089348 -0.019981 0.060837 0 0
-0 -0 -0 0.10253 0 0 0 0 0 0 0 0.083339 -0.018637 0.056745 0 0
0 0 0 0.10625 0 0 0 0 0 0 0 0.08636 -0.019313 0.058802 0 0
-0 -0 -0 0.094411 0 0 0 0 0 0 0 0.076738 -0.017161 0.052251 0 0
0 0 0 0.047762 0 0 0 0 0 0 0 0.038821 -0.0086818 0.026433 0 0
-0 -0 -0 0.057959 0 0 0 0 0 0 0 0.04711 -0.010535 0.032077 0 0
-0 -0 -0 0.094708 0 0 0 0 0 0 0 0.07698 -0.017215 0.052415 0 0
-0 -0 -0 0.12053 0 0 0 0 0 0 0 0.097965 -0.021908 0.066704 0 0
0 0 0 0.064433 0 0 0 0 0 0 0 0.052372 -0.011712 0.03566 0 0
-0 -0 -0 0.19462 0 0 0 0 0 0 0 0.15819 -0.035377 0.10771 0 0
-0 -0 -0 0.07784 0 0 0 0 0 0 0 0.063269 -0.014149 0.04308 0 0
0 0 0 0.038352 0 0 0 0 0 0 0 0.031173 -0.0069713 0.021225 0 0
-0 -0 -0 0.18918 0 0 0 0 0 0 0 0.15377 -0.034387 0.1047 0 0
-0 -0 -0 0.072407 0 0 0 0 0 0 0 0.058854 -0.013162 0.040073 0 0
0 0 0 0.084119 0 0 0 0 0 0 0 0.068373 -0.015291 0.046555 0 0
0 0 0 0.1426 0 0 0 0 0 0 0 0.1159 -0.02592 0.078919 0 0
0 0 0 0.059068 0 0 0 0 0 0 0 0.048012 -0.010737 0.032691 0 0
0 0 0 0.0063902 0 0 0 0 0 0 0 0.005194 -0.0011616 0.0035366 0 0
-0 -0 -0 0.0045551 0 0 0 0 0 0 0 0.0037024 -0.00082799 0.002521 0 0
0 0 0 0.080397 0 0 0 0 0 0 0 0.065348 -0.014614 0.044495 0 0
-0 -0 -0 0.017025 0 0 0 0 0 0 0 0.013838 -0.0030946 0.0094221 0 0
0 0 0 0.099764 0 0 0 0 0 0 0 0.081089 -0.018134 0.055213 0 0
0 0 0 0.13296 0 0 0 0 0 0 0 0.10807 -0.024168 0.073584 0 0
0 0 0 0.022141 0 0 0 0 0 0 0 0.017997 -0.0040246 0.012254 0 0
0 0 0 0.17164 0 0 0 0 0 0 0 0.13951 -0.031199 0.09499 0 0
-0 -0 -0 0.034498 0 0 0 0 0 0 0 0.02804 -0.0062708 0.019093 0 0
0 0 0 0.065249 0 0 0 0 0 0 0 0.053035 -0.01186 0.036111 0 0
0 0 0 0.16643 0 0 0 0 0 0 0 0.13527 -0.030251 0.092106 0 0
0 0 0 0.14673 0 0 0 0 0 0 0 0.11926 -0.026671 0.081204 0 0
-0 -0 -0 0.033879 0 0 0 0 0 0 0 0.027538 -0.0061583 0.01875 0 0
-0 -0 -0 0.12364 0 0 0 0 0 0 0 0.10049 -0.022474 0.068426 0 0
0 0 0 0.19824 0 0 0 0 0 0 0 0.16113 -0.036034 0.10971 0 0
-0 -0 -0 0.19048 0 0 0 0 0 0 0 0.15482 -0.034623 0.10542 0 0
-0 -0 -0 0.064171 0 0 0 0 0 0 0 0.052159 -0.011664 0.035515 0 0
0 0 0 0.0063084 0 0 0 0 0 0 0 0.0051275 -0.0011467 0.0034913 0 0
0 0 0 0.15639 0 0 0 0 0 0 0 0.12711 -0.028427 0.086551 0 0
0 0 0 0.14357 0 0 0 0 0 0 0 0.11669 -0.026096 0.079455 0 0
0 0 0 0.050629 0 0 0 0 0 0 0 0.041152 -0.0092029 0.02802 0 0
-0 -0 -0 0.1474 0 0 0 0 0 0 0 0.11981 -0.026794 0.08158 0 0
0 0 0 0.12708 0 0 0 0 0 0 0 0.10329 -0.023099 0.07033 0 0
-0 -0 -0 0.0080908 0 0 0 0 0 0 0 0.0065763 -0.0014707 0.0044778 0 0
0 0 0 0.0065965 0 0 0 0 0 0 0 0.0053617 -0.0011991 0.0036507 0 0
0 0 0 0.15355 0 0 0 0 0 0 0 0.12481 -0.027911 0.08498 0 0
0 0 0 0.13619 0 0 0 0 0 0 0 0.1107 -0.024756 0.075375 0 0
0 0 0 0.15353 0 0 0 0 0 0 0 0.12479 -0.027908 0.08497 0 0
-0 -0 -0 0.12881 0 0 0 0 0 0 0 0.1047 -0.023414 0.071289 0 0
0 0 0 0.029959 0 0 0 0 0 0 0 0.024351 -0.0054456 0.01658 0 0
-0 -0 -0 0.11509 0 0 0 0 0 0 0 0.093545 -0.02092 0.063694 0 0
-0 -0 -0 0.10786 0 0 0 0 0 0 0 0.08767 -0.019606 0.059694 0 0
