0 0 0.19793 0 0 0 0 0 0 0 0 0 0 -0.075344 0.10954 0.14663 0.0070841 0.016338 -0.0085659 0 0
0 0 0.23482 0 0 0 0 0 0 0 0 0 0 -0.089385 0.12996 0.17396 0.008029 0.01941 -0.010375 0 0
0 0 0.28774 0 0 0 0 0 0 0 0 0 0 -0.10953 0.15925 0.21316 0.009172 0.023814 -0.013077 0 0
0 0 0.15102 0 0 0 0 0 0 0 0 0 0 -0.057486 0.083581 0.11188 0.0057089 0.012435 -0.0063567 0 0
-0 -0 -0.23045 0 0 0 0 0 0 0 0 0 0 0.08772 -0.12754 -0.17072 -0.012221 -0.018085 0.0072315 0 0
-0 -0 -0.10745 0 0 0 0 0 0 0 0 0 0 0.040899 -0.059465 -0.079597 -0.0051975 -0.0086117 0.0037629 0 0
0 0 0.1439 0 0 0 0 0 0 0 0 0 0 -0.054775 0.079639 0.1066 0.0054833 0.011844 -0.0060306 0 0
0 0 0.1798 0 0 0 0 0 0 0 0 0 0 -0.068443 0.099511 0.1332 0.0065756 0.014829 -0.0076997 0 0
-0 -0 -0.32779 0 0 0 0 0 0 0 0 0 0 0.12477 -0.18141 -0.24283 -0.018524 -0.025201 0.0093084 0 0
-0 -0 -0.10712 0 0 0 0 0 0 0 0 0 0 0.040773 -0.059282 -0.079353 -0.0051801 -0.0085856 0.0037524 0 0
-0 -0 -0.16322 0 0 0 0 0 0 0 0 0 0 0.062132 -0.090335 -0.12092 -0.0082459 -0.012967 0.00545 0 0
0 0 0.21448 0 0 0 0 0 0 0 0 0 0 -0.081644 0.1187 0.15889 0.007523 0.017717 -0.00937 0 0
0 0 0.22569 0 0 0 0 0 0 0 0 0 0 -0.08591 0.12491 0.1672 0.0078064 0.01865 -0.0099218 0 0
0 0 0.1048 0 0 0 0 0 0 0 0 0 0 -0.039892 0.058001 0.077638 0.0041668 0.0086024 -0.0042856 0 0
-0 -0 -0.24357 0 0 0 0 0 0 0 0 0 0 0.092714 -0.1348 -0.18044 -0.013033 -0.019066 0.0075464 0 0
0 0 0.1315 0 0 0 0 0 0 0 0 0 0 -0.050056 0.072778 0.097419 0.0050802 0.010815 -0.005469 0 0
-0 -0 -0.34541 0 0 0 0 0 0 0 0 0 0 0.13148 -0.19116 -0.25589 -0.019731 -0.026447 0.0096194 0 0
0 0 0.2332 0 0 0 0 0 0 0 0 0 0 -0.088768 0.12906 0.17276 0.00799 0.019275 -0.010295 0 0
-0 -0 -0.30866 0 0 0 0 0 0 0 0 0 0 0.11749 -0.17083 -0.22866 -0.017237 -0.023833 0.0089481 0 0
-0 -0 -0.22107 0 0 0 0 0 0 0 0 0 0 0.084149 -0.12235 -0.16377 -0.011647 -0.01738 0.0069997 0 0
-0 -0 -0.29301 0 0 0 0 0 0 0 0 0 0 0.11153 -0.16216 -0.21706 -0.0162 -0.022702 0.0086356 0 0
0 0 0.32669 0 0 0 0 0 0 0 0 0 0 -0.12436 0.18081 0.24202 0.0098518 0.027046 -0.015143 0 0
-0 -0 -0.052385 0 0 0 0 0 0 0 0 0 0 0.01994 -0.028992 -0.038808 -0.0024204 -0.0042311 0.0019172 0 0
-0 -0 -0.13317 0 0 0 0 0 0 0 0 0 0 0.050693 -0.073704 -0.098657 -0.0065747 -0.010632 0.0045643 0 0
-0 -0 -0.21665 0 0 0 0 0 0 0 0 0 0 0.082469 -0.1199 -0.1605 -0.011379 -0.017047 0.0068887 0 0
0 0 0.15787 0 0 0 0 0 0 0 0 0 0 -0.060095 0.087373 0.11696 0.0059218 0.013005 -0.0066728 0 0
0 0 0.20648 0 0 0 0 0 0 0 0 0 0 -0.078596 0.11427 0.15296 0.0073137 0.01705 -0.0089794 0 0
-0 -0 -0.06116 0 0 0 0 0 0 0 0 0 0 0.023281 -0.033849 -0.045309 -0.0028472 -0.0049341 0.0022231 0 0
-0 -0 -0.14928 0 0 0 0 0 0 0 0 0 0 0.056823 -0.082617 -0.11059 -0.0074621 -0.011886 0.0050457 0 0
-0 -0 -0.12958 0 0 0 0 0 0 0 0 0 0 0.049326 -0.071716 -0.095997 -0.0063795 -0.010351 0.0044548 0 0
-0 -0 -0.31225 0 0 0 0 0 0 0 0 0 0 0.11886 -0.17281 -0.23132 -0.017477 -0.024091 0.0090175 0 0
-0 -0 -0.2563 0 0 0 0 0 0 0 0 0 0 0.097559 -0.14184 -0.18987 -0.013833 -0.020011 0.0078417 0 0
0 0 0.22947 0 0 0 0 0 0 0 0 0 0 -0.087348 0.127 0.17 0.0078994 0.018965 -0.010109 0 0
0 0 0.21955 0 0 0 0 0 0 0 0 0 0 -0.083572 0.12151 0.16265 0.0076525 0.018139 -0.0096187 0 0
-0 -0 -0.10591 0 0 0 0 0 0 0 0 0 0 0.040313 -0.058613 -0.078457 -0.0051167 -0.0084903 0.0037137 0 0
0 0 0.1883 0 0 0 0 0 0 0 0 0 0 -0.071675 0.10421 0.13949 0.0068173 0.015536 -0.0081034 0 0
-0 -0 -0.17858 0 0 0 0 0 0 0 0 0 0 0.067978 -0.098836 -0.1323 -0.0091257 -0.014149 0.0058816 0 0
0 0 0.21708 0 0 0 0 0 0 0 0 0 0 -0.082632 0.12014 0.16082 0.0075896 0.017933 -0.0094974 0 0
0 0 0.20723 0 0 0 0 0 0 0 0 0 0 -0.078884 0.11469 0.15352 0.0073337 0.017113 -0.0090162 0 0
0 0 0.30841 0 0 0 0 0 0 0 0 0 0 -0.1174 0.17069 0.22848 0.0095499 0.02553 -0.014166 0 0
0 0 0.17615 0 0 0 0 0 0 0 0 0 0 -0.067051 0.097488 0.13049 0.0064695 0.014525 -0.0075269 0 0
0 0 0.27307 0 0 0 0 0 0 0 0 0 0 -0.10394 0.15113 0.20229 0.0088804 0.022594 -0.012316 0 0
-0 -0 -0.14663 0 0 0 0 0 0 0 0 0 0 0.055816 -0.081153 -0.10863 -0.007315 -0.011681 0.0049677 0 0
-0 -0 -0.031091 0 0 0 0 0 0 0 0 0 0 0.011835 -0.017207 -0.023033 -0.00141 -0.0025179 0.0011565 0 0
-0 -0 -0.1687 0 0 0 0 0 0 0 0 0 0 0.064216 -0.093366 -0.12498 -0.0085576 -0.013389 0.0056055 0 0
0 0 0.09147 0 0 0 0 0 0 0 0 0 0 -0.034818 0.050623 0.067763 0.003688 0.0075004 -0.0037083 0 0
0 0 0.30394 0 0 0 0 0 0 0 0 0 0 -0.1157 0.16821 0.22517 0.0094715 0.025159 -0.013929 0 0
-0 -0 -0.087231 0 0 0 0 0 0 0 0 0 0 0.033204 -0.048277 -0.064622 -0.0041507 -0.0070121 0.0031058 0 0
-0 -0 -0.017406 0 0 0 0 0 0 0 0 0 0 0.0066258 -0.0096334 -0.012895 -0.00077982 -0.001412 0.00065416 0 0
0 0 0.10542 0 0 0 0 0 0 0 0 0 0 -0.04013 0.058346 0.0781 0.0041888 0.008654 -0.0043128 0 0
0 0 0.26003 0 0 0 0 0 0 0 0 0 0 -0.09898 0.14391 0.19263 0.0086048 0.021509 -0.011647 0 0
0 0 0.094843 0 0 0 0 0 0 0 0 0 0 -0.036102 0.05249 0.070262 0.0038106 0.0077791 -0.0038535 0 0
-0 -0 -0.069577 0 0 0 0 0 0 0 0 0 0 0.026485 -0.038507 -0.051544 -0.0032622 -0.0056068 0.0025124 0 0
-0 -0 -0.069628 0 0 0 0 0 0 0 0 0 0 0.026504 -0.038535 -0.051582 -0.0032648 -0.0056108 0.0025142 0 0
-0 -0 -0.12472 0 0 0 0 0 0 0 0 0 0 0.047475 -0.069026 -0.092396 -0.0061168 -0.00997 0.0043053 0 0
0 0 0.28785 0 0 0 0 0 0 0 0 0 0 -0.10957 0.15931 0.21325 0.0091742 0.023823 -0.013083 0 0
-0 -0 -0.22907 0 0 0 0 0 0 0 0 0 0 0.087198 -0.12678 -0.1697 -0.012136 -0.017982 0.0071979 0 0
-0 -0 -0.3157 0 0 0 0 0 0 0 0 0 0 0.12017 -0.17472 -0.23387 -0.017708 -0.024338 0.0090833 0 0
0 0 0.020667 0 0 0 0 0 0 0 0 0 0 -0.0078668 0.011438 0.01531 0.00089388 0.0016836 -0.00079844 0 0
-0 -0 -0.074115 0 0 0 0 0 0 0 0 0 0 0.028212 -0.041018 -0.054906 -0.0034883 -0.0059688 0.0026667 0 0
0 0 0.34298 0 0 0 0 0 0 0 0 0 0 -0.13056 0.18982 0.25409 0.010095 0.028393 -0.016025 0 0
-0 -0 -0.21798 0 0 0 0 0 0 0 0 0 0 0.082975 -0.12064 -0.16149 -0.01146 -0.017148 0.0069223 0 0
-0 -0 -0.042329 0 0 0 0 0 0 0 0 0 0 0.016113 -0.023427 -0.031358 -0.0019388 -0.0034233 0.0015612 0 0
0 0 0.10758 0 0 0 0 0 0 0 0 0 0 -0.04095 0.059539 0.079697 0.0042647 0.0088324 -0.0044071 0 0
-0 -0 -0.18301 0 0 0 0 0 0 0 0 0 0 0.069664 -0.10129 -0.13558 -0.0093825 -0.014489 0.0060033 0 0
-0 -0 -0.27142 0 0 0 0 0 0 0 0 0 0 0.10332 -0.15022 -0.20108 -0.014798 -0.021126 0.0081793 0 0
-0 -0 -0.31015 0 0 0 0 0 0 0 0 0 0 0.11806 -0.17165 -0.22977 -0.017336 -0.02394 0.008977 0 0
-0 -0 -0.035565 0 0 0 0 0 0 0 0 0 0 0.013538 -0.019683 -0.026347 -0.0016193 -0.0028786 0.0013185 0 0
-0 -0 -0.16621 0 0 0 0 0 0 0 0 0 0 0.06327 -0.09199 -0.12313 -0.0084158 -0.013198 0.0055351 0 0
0 0 0.12291 0 0 0 0 0 0 0 0 0 0 -0.046785 0.068022 0.091053 0.0047929 0.010102 -0.0050842 0 0
0 0 0.11464 0 0 0 0 0 0 0 0 0 0 -0.043639 0.063448 0.084929 0.0045106 0.0094172 -0.0047176 0 0
0 0 0.13672 0 0 0 0 0 0 0 0 0 0 -0.052044 0.075668 0.10129 0.0052516 0.011248 -0.0057047 0 0
-0 -0 -0.22869 0 0 0 0 0 0 0 0 0 0 0.087052 -0.12657 -0.16942 -0.012113 -0.017954 0.0071886 0 0
0 0 0.0099369 0 0 0 0 0 0 0 0 0 0 -0.0037825 0.0054995 0.0073615 0.00043415 0.00080857 -0.00038098 0 0
-0 -0 -0.26793 0 0 0 0 0 0 0 0 0 0 0.10199 -0.14828 -0.19849 -0.014574 -0.02087 0.0081026 0 0
-0 -0 -0.15261 0 0 0 0 0 0 0 0 0 0 0.058091 -0.08446 -0.11306 -0.007648 -0.012145 0.0051434 0 0
0 0 0.18106 0 0 0 0 0 0 0 0 0 0 -0.068922 0.10021 0.13413 0.0066118 0.014934 -0.0077593 0 0
-0 -0 -0.083532 0 0 0 0 0 0 0 0 0 0 0.031797 -0.04623 -0.061882 -0.0039625 -0.0067183 0.002983 0 0
0 0 0.16966 0 0 0 0 0 0 0 0 0 0 -0.06458 0.093894 0.12568 0.0062783 0.013985 -0.0072216 0 0
0 0 0.016682 0 0 0 0 0 0 0 0 0 0 -0.0063502 0.0092327 0.012359 0.00072427 0.0013584 -0.00064269 0 0
-0 -0 -0.12176 0 0 0 0 0 0 0 0 0 0 0.046349 -0.067388 -0.090204 -0.0059577 -0.009738 0.0042137 0 0
-0 -0 -0.19179 0 0 0 0 0 0 0 0 0 0 0.073004 -0.10614 -0.14208 -0.0098955 -0.01516 0.006241 0 0
-0 -0 -0.15401 0 0 0 0 0 0 0 0 0 0 0.058625 -0.085237 -0.1141 -0.0077266 -0.012254 0.0051843 0 0
-0 -0 -0.26564 0 0 0 0 0 0 0 0 0 0 0.10112 -0.14702 -0.19679 -0.014427 -0.020701 0.008052 0 0
0 0 0.25651 0 0 0 0 0 0 0 0 0 0 -0.097641 0.14196 0.19003 0.0085279 0.021216 -0.011468 0 0
0 0 0.023318 0 0 0 0 0 0 0 0 0 0 -0.0088759 0.012905 0.017274 0.001006 0.0019001 -0.00090256 0 0
-0 -0 -0.016577 0 0 0 0 0 0 0 0 0 0 0.0063102 -0.0091746 -0.012281 -0.00074212 -0.0013449 0.00062339 0 0
0 0 0.1726 0 0 0 0 0 0 0 0 0 0 -0.065699 0.095522 0.12786 0.0063653 0.014229 -0.0073596 0 0
0 0 0.11477 0 0 0 0 0 0 0 0 0 0 -0.043687 0.063518 0.085023 0.004515 0.0094277 -0.0047232 0 0
-0 -0 -0.058702 0 0 0 0 0 0 0 0 0 0 0.022345 -0.032488 -0.043488 -0.002727 -0.0047373 0.0021379 0 0
0 0 0.26163 0 0 0 0 0 0 0 0 0 0 -0.099588 0.14479 0.19382 0.0086394 0.021642 -0.011729 0 0
0 0 0.059017 0 0 0 0 0 0 0 0 0 0 -0.022465 0.032662 0.043721 0.0024594 0.0048258 -0.0023415 0 0
-0 -0 -0.11576 0 0 0 0 0 0 0 0 0 0 0.044063 -0.064065 -0.085755 -0.005637 -0.0092663 0.0040261 0 0
-0 -0 -0.33194 0 0 0 0 0 0 0 0 0 0 0.12635 -0.18371 -0.24591 -0.018807 -0.025496 0.0093835 0 0
-0 -0 -0.046098 0 0 0 0 0 0 0 0 0 0 0.017547 -0.025512 -0.03415 -0.0021183 -0.0037263 0.0016953 0 0
0 0 0.12542 0 0 0 0 0 0 0 0 0 0 -0.047743 0.069414 0.092916 0.0048776 0.010311 -0.0051965 0 0
0 0 0.25536 0 0 0 0 0 0 0 0 0 0 -0.097203 0.14133 0.18918 0.0085025 0.021121 -0.01141 0 0
0 0 0.1194 0 0 0 0 0 0 0 0 0 0 -0.045449 0.066079 0.088451 0.0046737 0.0098111 -0.0049281 0 0
0 0 0.012135 0 0 0 0 0 0 0 0 0 0 -0.0046192 0.006716 0.0089899 0.00052911 0.00098767 -0.00046599 0 0
0 0 0.27339 0 0 0 0 0 0 0 0 0 0 -0.10407 0.15131 0.20253 0.008887 0.022621 -0.012333 0 0
