0 0 0.14518 0 0 0 0 0 0 0 0 0 0 -0.062572 0.075211 0.10726 -0.0063357 -0.00025013 -0.0035207 0 0
0 0 0.22954 0 0 0 0 0 0 0 0 0 0 -0.098932 0.11892 0.16959 -0.010104 -0.00080732 -0.0053285 0 0
-0 -0 -0.12474 0 0 0 0 0 0 0 0 0 0 0.053764 -0.064624 -0.092161 0.005206 -0.00050373 0.0033903 0 0
-0 -0 -0.32931 0 0 0 0 0 0 0 0 0 0 0.14193 -0.17061 -0.2433 0.013048 -0.002743 0.0095349 0 0
-0 -0 -0.22617 0 0 0 0 0 0 0 0 0 0 0.097479 -0.11717 -0.1671 0.0092176 -0.0013979 0.0063575 0 0
0 0 0.11112 0 0 0 0 0 0 0 0 0 0 -0.047894 0.057568 0.082099 -0.0048292 -0.00011069 -0.0027396 0 0
0 0 0.14004 0 0 0 0 0 0 0 0 0 0 -0.060357 0.072549 0.10346 -0.0061077 -0.00022593 -0.0034046 0 0
-0 -0 -0.10582 0 0 0 0 0 0 0 0 0 0 0.045607 -0.05482 -0.078179 0.0044339 -0.00038476 0.0028564 0 0
-0 -0 -0.18813 0 0 0 0 0 0 0 0 0 0 0.081083 -0.097461 -0.13899 0.0077393 -0.0010121 0.0052246 0 0
-0 -0 -0.10297 0 0 0 0 0 0 0 0 0 0 0.044381 -0.053346 -0.076077 0.0043172 -0.00036819 0.0027767 0 0
0 0 0.32161 0 0 0 0 0 0 0 0 0 0 -0.13861 0.16661 0.23761 -0.014252 -0.0017556 -0.0070829 0 0
0 0 0.080887 0 0 0 0 0 0 0 0 0 0 -0.034862 0.041905 0.059761 -0.0035009 -2.8316e-05 -0.0020225 0 0
-0 -0 -0.2154 0 0 0 0 0 0 0 0 0 0 0.092838 -0.11159 -0.15914 0.0088026 -0.0012826 0.0060345 0 0
0 0 0.21499 0 0 0 0 0 0 0 0 0 0 -0.092661 0.11138 0.15884 -0.0094515 -0.00068981 -0.00503 0 0
0 0 0.055068 0 0 0 0 0 0 0 0 0 0 -0.023734 0.028529 0.040685 -0.0023746 1.1119e-05 -0.001393 0 0
-0 -0 -0.2568 0 0 0 0 0 0 0 0 0 0 0.11068 -0.13304 -0.18973 0.010383 -0.001752 0.0072857 0 0
-0 -0 -0.30636 0 0 0 0 0 0 0 0 0 0 0.13204 -0.15871 -0.22634 0.012219 -0.0024062 0.0088155 0 0
-0 -0 -0.13352 0 0 0 0 0 0 0 0 0 0 0.057549 -0.069173 -0.098649 0.005562 -0.00056408 0.0036402 0 0
-0 -0 -0.1295 0 0 0 0 0 0 0 0 0 0 0.055815 -0.067089 -0.095676 0.0053991 -0.00053603 0.0035255 0 0
-0 -0 -0.29823 0 0 0 0 0 0 0 0 0 0 0.12854 -0.1545 -0.22034 0.011922 -0.0022921 0.0085625 0 0
0 0 0.049543 0 0 0 0 0 0 0 0 0 0 -0.021353 0.025666 0.036603 -0.0021345 1.5856e-05 -0.0012563 0 0
-0 -0 -0.24051 0 0 0 0 0 0 0 0 0 0 0.10366 -0.1246 -0.17769 0.009766 -0.0015588 0.0067903 0 0
0 0 0.22108 0 0 0 0 0 0 0 0 0 0 -0.095285 0.11453 0.16333 -0.0097245 -0.00073789 -0.0051556 0 0
-0 -0 -0.0093027 0 0 0 0 0 0 0 0 0 0 0.0040095 -0.0048194 -0.006873 0.00039701 -1.468e-05 0.0002419 0 0
-0 -0 -0.22546 0 0 0 0 0 0 0 0 0 0 0.097176 -0.11681 -0.16658 0.0091906 -0.0013902 0.0063363 0 0
-0 -0 -0.11874 0 0 0 0 0 0 0 0 0 0 0.051178 -0.061516 -0.087728 0.004962 -0.00046438 0.0032203 0 0
0 0 0.060792 0 0 0 0 0 0 0 0 0 0 -0.026201 0.031494 0.044914 -0.0026236 4.8346e-06 -0.0015339 0 0
0 0 0.19044 0 0 0 0 0 0 0 0 0 0 -0.082079 0.098659 0.1407 -0.0083522 -0.00051169 -0.0045136 0 0
0 0 0.20561 0 0 0 0 0 0 0 0 0 0 -0.088618 0.10652 0.15191 -0.009031 -0.00061875 -0.0048346 0 0
-0 -0 -0.17446 0 0 0 0 0 0 0 0 0 0 0.075193 -0.090382 -0.12889 0.0072004 -0.00088826 0.0048233 0 0
0 0 0.16911 0 0 0 0 0 0 0 0 0 0 -0.072886 0.087609 0.12494 -0.0074001 -0.00037761 -0.0040522 0 0
0 0 0.33609 0 0 0 0 0 0 0 0 0 0 -0.14486 0.17412 0.24831 -0.014905 -0.0019367 -0.0073372 0 0
-0 -0 -0.038832 0 0 0 0 0 0 0 0 0 0 0.016736 -0.020117 -0.028689 0.0016485 -8.5768e-05 0.0010219 0 0
-0 -0 -0.10637 0 0 0 0 0 0 0 0 0 0 0.045847 -0.055107 -0.078589 0.0044567 -0.00038804 0.002872 0 0
0 0 0.20009 0 0 0 0 0 0 0 0 0 0 -0.086237 0.10366 0.14783 -0.0087837 -0.00057865 -0.0047184 0 0
0 0 0.059656 0 0 0 0 0 0 0 0 0 0 -0.025712 0.030906 0.044075 -0.0025742 6.1934e-06 -0.001506 0 0
-0 -0 -0.17774 0 0 0 0 0 0 0 0 0 0 0.076607 -0.092081 -0.13132 0.0073301 -0.00091728 0.0049194 0 0
-0 -0 -0.2387 0 0 0 0 0 0 0 0 0 0 0.10288 -0.12366 -0.17636 0.0096973 -0.0015381 0.0067357 0 0
0 0 0.33838 0 0 0 0 0 0 0 0 0 0 -0.14584 0.1753 0.25 -0.015008 -0.001966 -0.0073767 0 0
-0 -0 -0.24638 0 0 0 0 0 0 0 0 0 0 0.10619 -0.12764 -0.18203 0.0099894 -0.0016273 0.0069685 0 0
-0 -0 -0.13128 0 0 0 0 0 0 0 0 0 0 0.056584 -0.068014 -0.096995 0.0054714 -0.00054839 0.0035764 0 0
0 0 0.33215 0 0 0 0 0 0 0 0 0 0 -0.14316 0.17207 0.24539 -0.014727 -0.0018865 -0.0072685 0 0
-0 -0 -0.13337 0 0 0 0 0 0 0 0 0 0 0.057482 -0.069093 -0.098535 0.0055557 -0.00056299 0.0036358 0 0
0 0 0.01574 0 0 0 0 0 0 0 0 0 0 -0.0067841 0.0081544 0.011629 -0.00067457 1.6414e-05 -0.00040504 0 0
0 0 0.33185 0 0 0 0 0 0 0 0 0 0 -0.14303 0.17192 0.24517 -0.014714 -0.0018827 -0.0072633 0 0
-0 -0 -0.28852 0 0 0 0 0 0 0 0 0 0 0.12435 -0.14947 -0.21316 0.011565 -0.0021592 0.008261 0 0
-0 -0 -0.20895 0 0 0 0 0 0 0 0 0 0 0.090056 -0.10825 -0.15437 0.0085525 -0.0012158 0.0058418 0 0
0 0 0.30612 0 0 0 0 0 0 0 0 0 0 -0.13194 0.15859 0.22616 -0.013553 -0.0015715 -0.0068043 0 0
0 0 0.20915 0 0 0 0 0 0 0 0 0 0 -0.090144 0.10835 0.15452 -0.0091897 -0.00064514 -0.0049086 0 0
0 0 0.25759 0 0 0 0 0 0 0 0 0 0 -0.11102 0.13345 0.19031 -0.011366 -0.001059 -0.0058879 0 0
0 0 0.18504 0 0 0 0 0 0 0 0 0 0 -0.079751 0.09586 0.13671 -0.0081107 -0.00047591 -0.0043978 0 0
-0 -0 -0.18007 0 0 0 0 0 0 0 0 0 0 0.077612 -0.09329 -0.13304 0.0074223 -0.00093819 0.0049878 0 0
-0 -0 -0.15765 0 0 0 0 0 0 0 0 0 0 0.067948 -0.081673 -0.11647 0.0065318 -0.00074662 0.004334 0 0
-0 -0 -0.24258 0 0 0 0 0 0 0 0 0 0 0.10455 -0.12567 -0.17922 0.0098448 -0.0015828 0.006853 0 0
-0 -0 -0.085812 0 0 0 0 0 0 0 0 0 0 0.036985 -0.044456 -0.063399 0.0036104 -0.0002755 0.0022994 0 0
-0 -0 -0.065553 0 0 0 0 0 0 0 0 0 0 0.028253 -0.03396 -0.048431 0.002769 -0.00018216 0.0017431 0 0
0 0 0.31743 0 0 0 0 0 0 0 0 0 0 -0.13681 0.16445 0.23452 -0.014063 -0.0017051 -0.0070085 0 0
0 0 0.32365 0 0 0 0 0 0 0 0 0 0 -0.13949 0.16767 0.23912 -0.014344 -0.0017806 -0.0071191 0 0
-0 -0 -0.24255 0 0 0 0 0 0 0 0 0 0 0.10454 -0.12566 -0.1792 0.0098439 -0.0015825 0.0068523 0 0
-0 -0 -0.087969 0 0 0 0 0 0 0 0 0 0 0.037915 -0.045573 -0.064992 0.0036995 -0.00028646 0.0023591 0 0
-0 -0 -0.18595 0 0 0 0 0 0 0 0 0 0 0.080146 -0.096335 -0.13738 0.0076538 -0.00099189 0.0051605 0 0
0 0 0.081483 0 0 0 0 0 0 0 0 0 0 -0.035119 0.042214 0.060201 -0.003527 -2.9563e-05 -0.0020368 0 0
0 0 0.12318 0 0 0 0 0 0 0 0 0 0 -0.053092 0.063817 0.091009 -0.0053615 -0.00015443 -0.0030195 0 0
0 0 0.27038 0 0 0 0 0 0 0 0 0 0 -0.11653 0.14007 0.19976 -0.011942 -0.0011845 -0.0061357 0 0
-0 -0 -0.047574 0 0 0 0 0 0 0 0 0 0 0.020504 -0.024646 -0.035148 0.0020164 -0.00011395 0.0012562 0 0
0 0 0.10058 0 0 0 0 0 0 0 0 0 0 -0.043351 0.052108 0.074312 -0.0043651 -7.7544e-05 -0.0024921 0 0
-0 -0 -0.18648 0 0 0 0 0 0 0 0 0 0 0.080374 -0.096609 -0.13778 0.0076747 -0.0009968 0.0051761 0 0
0 0 0.077384 0 0 0 0 0 0 0 0 0 0 -0.033353 0.04009 0.057173 -0.0033477 -2.1296e-05 -0.001938 0 0
-0 -0 -0.25793 0 0 0 0 0 0 0 0 0 0 0.11117 -0.13362 -0.19056 0.010426 -0.0017658 0.0073202 0 0
0 0 0.17466 0 0 0 0 0 0 0 0 0 0 -0.07528 0.090486 0.12904 -0.0076477 -0.00041067 -0.0041735 0 0
0 0 0.0032131 0 0 0 0 0 0 0 0 0 0 -0.0013849 0.0016646 0.0023739 -0.00013742 4.2111e-06 -8.3119e-05 0 0
-0 -0 -0.27848 0 0 0 0 0 0 0 0 0 0 0.12003 -0.14427 -0.20574 0.011194 -0.0020259 0.0079508 0 0
0 0 0.26461 0 0 0 0 0 0 0 0 0 0 -0.11405 0.13708 0.1955 -0.011682 -0.001127 -0.0060244 0 0
-0 -0 -0.25735 0 0 0 0 0 0 0 0 0 0 0.11092 -0.13332 -0.19013 0.010404 -0.0017587 0.0073025 0 0
-0 -0 -0.31784 0 0 0 0 0 0 0 0 0 0 0.13699 -0.16466 -0.23483 0.012635 -0.0025721 0.0091746 0 0
-0 -0 -0.036775 0 0 0 0 0 0 0 0 0 0 0.01585 -0.019052 -0.02717 0.0015618 -7.9612e-05 0.00096695 0 0
0 0 0.16804 0 0 0 0 0 0 0 0 0 0 -0.072424 0.087054 0.12415 -0.0073523 -0.00037138 -0.0040287 0 0
-0 -0 -0.025224 0 0 0 0 0 0 0 0 0 0 0.010871 -0.013067 -0.018636 0.0010735 -4.8383e-05 0.00066016 0 0
0 0 0.33504 0 0 0 0 0 0 0 0 0 0 -0.1444 0.17357 0.24753 -0.014858 -0.0019232 -0.0073189 0 0
0 0 0.17006 0 0 0 0 0 0 0 0 0 0 -0.073297 0.088103 0.12564 -0.0074426 -0.0003832 -0.0040731 0 0
0 0 0.25453 0 0 0 0 0 0 0 0 0 0 -0.1097 0.13186 0.18805 -0.011228 -0.0010298 -0.0058278 0 0
-0 -0 -0.18822 0 0 0 0 0 0 0 0 0 0 0.081122 -0.097508 -0.13906 0.0077429 -0.001013 0.0052273 0 0
0 0 0.34322 0 0 0 0 0 0 0 0 0 0 -0.14793 0.17781 0.25357 -0.015226 -0.0020288 -0.00746 0 0
-0 -0 -0.14719 0 0 0 0 0 0 0 0 0 0 0.063439 -0.076253 -0.10875 0.0061128 -0.00066447 0.0040319 0 0
-0 -0 -0.060308 0 0 0 0 0 0 0 0 0 0 0.025993 -0.031244 -0.044557 0.0025501 -0.00016084 0.0016004 0 0
0 0 0.066236 0 0 0 0 0 0 0 0 0 0 -0.028548 0.034314 0.048936 -0.0028608 -2.4412e-06 -0.0016672 0 0
-0 -0 -0.090197 0 0 0 0 0 0 0 0 0 0 0.038875 -0.046728 -0.066639 0.0037915 -0.00029799 0.0024208 0 0
0 0 0.28439 0 0 0 0 0 0 0 0 0 0 -0.12257 0.14733 0.21011 -0.012573 -0.0013299 -0.006402 0 0
-0 -0 -0.22364 0 0 0 0 0 0 0 0 0 0 0.096387 -0.11586 -0.16522 0.0091202 -0.0013703 0.0062813 0 0
0 0 0.28015 0 0 0 0 0 0 0 0 0 0 -0.12075 0.14514 0.20698 -0.012382 -0.0012851 -0.0063221 0 0
-0 -0 -0.33859 0 0 0 0 0 0 0 0 0 0 0.14593 -0.17541 -0.25016 0.013378 -0.0028851 0.0098276 0 0
0 0 0.16174 0 0 0 0 0 0 0 0 0 0 -0.069708 0.083789 0.11949 -0.0070717 -0.00033575 -0.00389 0 0
-0 -0 -0.27791 0 0 0 0 0 0 0 0 0 0 0.11978 -0.14398 -0.20533 0.011173 -0.0020185 0.0079334 0 0
0 0 0.27018 0 0 0 0 0 0 0 0 0 0 -0.11645 0.13997 0.19961 -0.011933 -0.0011825 -0.0061319 0 0
0 0 0.27434 0 0 0 0 0 0 0 0 0 0 -0.11824 0.14212 0.20268 -0.01212 -0.0012248 -0.0062115 0 0
0 0 0.12466 0 0 0 0 0 0 0 0 0 0 -0.053727 0.064579 0.092097 -0.0054266 -0.00016019 -0.0030534 0 0
-0 -0 -0.01243 0 0 0 0 0 0 0 0 0 0 0.0053573 -0.0064394 -0.0091833 0.00053018 -2.0445e-05 0.00032363 0 0
0 0 0.34737 0 0 0 0 0 0 0 0 0 0 -0.14972 0.17996 0.25664 -0.015414 -0.0020836 -0.007531 0 0
0 0 0.26688 0 0 0 0 0 0 0 0 0 0 -0.11503 0.13826 0.19718 -0.011784 -0.0011495 -0.0060684 0 0
0 0 0.026229 0 0 0 0 0 0 0 0 0 0 -0.011305 0.013588 0.019379 -0.001126 2.147e-05 -0.00067193 0 0
