0 0 0 0.04439 0 0 0 0 0 0 -0 0.038578 0.0058118 0.021176 0 0
0 0 0 0.044933 0 0 0 0 0 0 -0 0.03905 0.005883 0.021435 0 0
0 0 0 0.13516 0 0 0 0 0 0 -0 0.11746 0.017696 0.064475 0 0
0 0 0 0.13351 0 0 0 0 0 0 -0 0.11603 0.01748 0.06369 0 0
0 0 0 0.11833 0 0 0 0 0 0 -0 0.10284 0.015493 0.05645 0 0
0 0 0 0.042432 0 0 0 0 0 0 -0 0.036876 0.0055555 0.020242 0 0
0 0 0 0.10018 0 0 0 0 0 0 -0 0.087065 0.013117 0.047791 0 0
-0 -0 -0 0.11985 0 0 0 0 0 0 -0 0.10415 0.015691 0.057172 0 0
-0 -0 -0 0.017591 0 0 0 0 0 0 -0 0.015288 0.0023032 0.0083917 0 0
0 0 0 0.017733 0 0 0 0 0 0 -0 0.015412 0.0023218 0.0084596 0 0
-0 -0 -0 0.15935 0 0 0 0 0 0 -0 0.13849 0.020864 0.076019 0 0
-0 -0 -0 0.1342 0 0 0 0 0 0 -0 0.11663 0.017571 0.064019 0 0
0 0 0 0.12754 0 0 0 0 0 0 -0 0.11084 0.016699 0.060844 0 0
-0 -0 -0 7.7944e-05 0 0 0 0 0 0 -0 6.7739e-05 1.0205e-05 3.7183e-05 0 0
-0 -0 -0 0.17634 0 0 0 0 0 0 -0 0.15325 0.023087 0.08412 0 0
0 0 0 0.021187 0 0 0 0 0 0 -0 0.018413 0.0027739 0.010107 0 0
0 0 0 0.081073 0 0 0 0 0 0 -0 0.070458 0.010615 0.038675 0 0
-0 -0 -0 0.16475 0 0 0 0 0 0 -0 0.14318 0.021571 0.078595 0 0
0 0 0 0.013426 0 0 0 0 0 0 -0 0.011668 0.0017578 0.0064046 0 0
0 0 0 0.088949 0 0 0 0 0 0 -0 0.077303 0.011646 0.042433 0 0
0 0 0 0.12654 0 0 0 0 0 0 -0 0.10997 0.016568 0.060366 0 0
-0 -0 -0 0.093389 0 0 0 0 0 0 -0 0.081162 0.012227 0.044551 0 0
0 0 0 0.080274 0 0 0 0 0 0 -0 0.069764 0.01051 0.038294 0 0
-0 -0 -0 0.10179 0 0 0 0 0 0 -0 0.088459 0.013327 0.048556 0 0
0 0 0 0.0087724 0 0 0 0 0 0 -0 0.0076239 0.0011486 0.0041848 0 0
0 0 0 0.065526 0 0 0 0 0 0 -0 0.056947 0.0085792 0.031259 0 0
-0 -0 -0 0.045079 0 0 0 0 0 0 -0 0.039177 0.0059021 0.021505 0 0
0 0 0 0.055492 0 0 0 0 0 0 -0 0.048227 0.0072654 0.026472 0 0
-0 -0 -0 0.0029896 0 0 0 0 0 0 -0 0.0025982 0.00039142 0.0014262 0 0
0 0 0 0.1468 0 0 0 0 0 0 -0 0.12758 0.019221 0.070031 0 0
-0 -0 -0 0.066996 0 0 0 0 0 0 -0 0.058224 0.0087716 0.03196 0 0
0 0 0 0.027968 0 0 0 0 0 0 -0 0.024306 0.0036618 0.013342 0 0
-0 -0 -0 0.15917 0 0 0 0 0 0 -0 0.13833 0.02084 0.075933 0 0
-0 -0 -0 0.19591 0 0 0 0 0 0 -0 0.17026 0.02565 0.093459 0 0
0 0 0 0.004294 0 0 0 0 0 0 -0 0.0037318 0.00056221 0.0020484 0 0
-0 -0 -0 0.054293 0 0 0 0 0 0 -0 0.047184 0.0071084 0.0259 0 0
0 0 0 0.029866 0 0 0 0 0 0 -0 0.025956 0.0039103 0.014247 0 0
-0 -0 -0 0.1747 0 0 0 0 0 0 -0 0.15182 0.022873 0.083338 0 0
-0 -0 -0 0.0043068 0 0 0 0 0 0 -0 0.003743 0.00056389 0.0020546 0 0
-0 -0 -0 0.15477 0 0 0 0 0 0 -0 0.13451 0.020264 0.073832 0 0
-0 -0 -0 0.068934 0 0 0 0 0 0 -0 0.059908 0.0090253 0.032884 0 0
-0 -0 -0 0.067088 0 0 0 0 0 0 -0 0.058304 0.0087837 0.032004 0 0
0 0 0 0.075933 0 0 0 0 0 0 -0 0.065991 0.0099417 0.036223 0 0
0 0 0 0.088984 0 0 0 0 0 0 -0 0.077333 0.01165 0.042449 0 0
0 0 0 0.093519 0 0 0 0 0 0 -0 0.081275 0.012244 0.044613 0 0
0 0 0 0.19411 0 0 0 0 0 0 -0 0.1687 0.025415 0.0926 0 0
0 0 0 0.14093 0 0 0 0 0 0 -0 0.12248 0.018451 0.067229 0 0
-0 -0 -0 0.14621 0 0 0 0 0 0 -0 0.12706 0.019143 0.069747 0 0
0 0 0 0.099351 0 0 0 0 0 0 -0 0.086343 0.013008 0.047395 0 0
0 0 0 0.15674 0 0 0 0 0 0 -0 0.13622 0.020522 0.074774 0 0
-0 -0 -0 0.010274 0 0 0 0 0 0 -0 0.0089286 0.0013451 0.004901 0 0
0 0 0 0.022695 0 0 0 0 0 0 -0 0.019724 0.0029714 0.010827 0 0
-0 -0 -0 0.00311 0 0 0 0 0 0 -0 0.0027028 0.00040719 0.0014836 0 0
0 0 0 0.19128 0 0 0 0 0 0 -0 0.16624 0.025044 0.091251 0 0
-0 -0 -0 0.074608 0 0 0 0 0 0 -0 0.06484 0.0097683 0.035591 0 0
-0 -0 -0 0.15302 0 0 0 0 0 0 -0 0.13299 0.020035 0.072998 0 0
-0 -0 -0 0.14372 0 0 0 0 0 0 -0 0.1249 0.018817 0.068562 0 0
-0 -0 -0 0.094154 0 0 0 0 0 0 -0 0.081827 0.012327 0.044916 0 0
0 0 0 0.17627 0 0 0 0 0 0 -0 0.1532 0.023079 0.084091 0 0
0 0 0 0.084903 0 0 0 0 0 0 -0 0.073787 0.011116 0.040503 0 0
-0 -0 -0 0.12203 0 0 0 0 0 0 -0 0.10605 0.015977 0.058214 0 0
-0 -0 -0 0.10183 0 0 0 0 0 0 -0 0.088501 0.013333 0.048579 0 0
0 0 0 0.053074 0 0 0 0 0 0 -0 0.046125 0.0069489 0.025319 0 0
0 0 0 0.037449 0 0 0 0 0 0 -0 0.032546 0.0049031 0.017865 0 0
-0 -0 -0 0.15192 0 0 0 0 0 0 -0 0.13203 0.019891 0.072472 0 0
0 0 0 0.16122 0 0 0 0 0 0 -0 0.14011 0.021108 0.076908 0 0
0 0 0 0.14744 0 0 0 0 0 0 -0 0.12814 0.019304 0.070335 0 0
-0 -0 -0 0.027796 0 0 0 0 0 0 -0 0.024157 0.0036392 0.01326 0 0
-0 -0 -0 0.14782 0 0 0 0 0 0 -0 0.12847 0.019354 0.070517 0 0
0 0 0 0.08899 0 0 0 0 0 0 -0 0.077339 0.011651 0.042452 0 0
0 0 0 0.19523 0 0 0 0 0 0 -0 0.16967 0.025561 0.093133 0 0
-0 -0 -0 0.19772 0 0 0 0 0 0 -0 0.17183 0.025887 0.09432 0 0
-0 -0 -0 0.019581 0 0 0 0 0 0 -0 0.017017 0.0025636 0.0093408 0 0
0 0 0 0.10371 0 0 0 0 0 0 -0 0.090132 0.013579 0.049475 0 0
-0 -0 -0 0.13693 0 0 0 0 0 0 -0 0.119 0.017927 0.06532 0 0
-0 -0 -0 0.12321 0 0 0 0 0 0 -0 0.10708 0.016132 0.058777 0 0
-0 -0 -0 0.098945 0 0 0 0 0 0 -0 0.08599 0.012955 0.047201 0 0
0 0 0 0.10748 0 0 0 0 0 0 -0 0.093412 0.014073 0.051275 0 0
0 0 0 0.038461 0 0 0 0 0 0 -0 0.033425 0.0050356 0.018347 0 0
-0 -0 -0 0.18665 0 0 0 0 0 0 -0 0.16221 0.024438 0.089041 0 0
0 0 0 0.13335 0 0 0 0 0 0 -0 0.11589 0.017459 0.063613 0 0
0 0 0 0.12387 0 0 0 0 0 0 -0 0.10765 0.016218 0.059092 0 0
-0 -0 -0 0.060661 0 0 0 0 0 0 -0 0.052719 0.0079423 0.028938 0 0
0 0 0 0.02397 0 0 0 0 0 0 -0 0.020831 0.0031383 0.011435 0 0
-0 -0 -0 0.078608 0 0 0 0 0 0 -0 0.068316 0.010292 0.037499 0 0
0 0 0 0.045904 0 0 0 0 0 0 -0 0.039894 0.0060101 0.021898 0 0
0 0 0 0.16389 0 0 0 0 0 0 -0 0.14244 0.021458 0.078185 0 0
0 0 0 0.15149 0 0 0 0 0 0 -0 0.13166 0.019835 0.072269 0 0
-0 -0 -0 0.064989 0 0 0 0 0 0 -0 0.05648 0.0085089 0.031003 0 0
-0 -0 -0 0.01936 0 0 0 0 0 0 -0 0.016825 0.0025347 0.0092354 0 0
-0 -0 -0 0.18299 0 0 0 0 0 0 -0 0.15903 0.023958 0.087292 0 0
0 0 0 0.012809 0 0 0 0 0 0 -0 0.011132 0.001677 0.0061103 0 0
-0 -0 -0 0.12739 0 0 0 0 0 0 -0 0.11072 0.01668 0.060773 0 0
0 0 0 0.16392 0 0 0 0 0 0 -0 0.14246 0.021462 0.078197 0 0
-0 -0 -0 0.10477 0 0 0 0 0 0 -0 0.091057 0.013718 0.049982 0 0
0 0 0 0.04024 0 0 0 0 0 0 -0 0.034972 0.0052686 0.019196 0 0
0 0 0 0.12538 0 0 0 0 0 0 -0 0.10896 0.016415 0.05981 0 0
-0 -0 -0 0.15178 0 0 0 0 0 0 -0 0.13191 0.019873 0.072408 0 0
0 0 0 0.095676 0 0 0 0 0 0 -0 0.083149 0.012527 0.045642 0 0
0 0 0 0.1183 0 0 0 0 0 0 -0 0.10282 0.015489 0.056437 0 0
