-0 -0 -0 0.1645 0 0 0 0 0 0 -0 0.14063 -0.0045379 0.085224 0 0
0 0 0 0.073651 0 0 0 0 0 0 -0 0.062964 -0.0020317 0.038156 0 0
-0 -0 -0 0.0605 0 0 0 0 0 0 -0 0.051722 -0.0016689 0.031343 0 0
0 0 0 0.15161 0 0 0 0 0 0 -0 0.12961 -0.0041821 0.078543 0 0
0 0 0 0.064475 0 0 0 0 0 0 -0 0.05512 -0.0017785 0.033402 0 0
0 0 0 0.079981 0 0 0 0 0 0 -0 0.068375 -0.0022063 0.041435 0 0
-0 -0 -0 0.051699 0 0 0 0 0 0 -0 0.044198 -0.0014261 0.026784 0 0
0 0 0 0.051259 0 0 0 0 0 0 -0 0.043821 -0.001414 0.026555 0 0
0 0 0 0.072789 0 0 0 0 0 0 -0 0.062227 -0.0020079 0.037709 0 0
-0 -0 -0 0.025394 0 0 0 0 0 0 -0 0.02171 -0.0007005 0.013156 0 0
0 0 0 0.19531 0 0 0 0 0 0 -0 0.16697 -0.0053875 0.10118 0 0
0 0 0 0.063882 0 0 0 0 0 0 -0 0.054612 -0.0017622 0.033095 0 0
0 0 0 0.099233 0 0 0 0 0 0 -0 0.084834 -0.0027373 0.051409 0 0
0 0 0 0.060453 0 0 0 0 0 0 -0 0.051681 -0.0016676 0.031318 0 0
0 0 0 0.12927 0 0 0 0 0 0 -0 0.11052 -0.003566 0.066972 0 0
0 0 0 0.071737 0 0 0 0 0 0 -0 0.061328 -0.0019789 0.037165 0 0
-0 -0 -0 0.071104 0 0 0 0 0 0 -0 0.060787 -0.0019614 0.036836 0 0
-0 -0 -0 0.0032504 0 0 0 0 0 0 -0 0.0027788 -8.9663e-05 0.0016839 0 0
0 0 0 0.13856 0 0 0 0 0 0 -0 0.11846 -0.0038222 0.071784 0 0
0 0 0 0.1275 0 0 0 0 0 0 -0 0.109 -0.0035172 0.066056 0 0
-0 -0 -0 0.12678 0 0 0 0 0 0 -0 0.10839 -0.0034974 0.065683 0 0
0 0 0 0.019397 0 0 0 0 0 0 -0 0.016582 -0.00053506 0.010049 0 0
0 0 0 0.10137 0 0 0 0 0 0 -0 0.086657 -0.0027962 0.052514 0 0
-0 -0 -0 0.12875 0 0 0 0 0 0 -0 0.11007 -0.0035517 0.066703 0 0
0 0 0 0.036469 0 0 0 0 0 0 -0 0.031177 -0.001006 0.018893 0 0
0 0 0 0.1059 0 0 0 0 0 0 -0 0.090533 -0.0029212 0.054863 0 0
-0 -0 -0 0.17465 0 0 0 0 0 0 -0 0.14931 -0.0048178 0.090481 0 0
-0 -0 -0 0.097201 0 0 0 0 0 0 -0 0.083097 -0.0026813 0.050356 0 0
0 0 0 0.045372 0 0 0 0 0 0 -0 0.038788 -0.0012516 0.023505 0 0
-0 -0 -0 0.13823 0 0 0 0 0 0 -0 0.11818 -0.0038132 0.071614 0 0
0 0 0 0.13476 0 0 0 0 0 0 -0 0.1152 -0.0037173 0.069812 0 0
-0 -0 -0 0.1322 0 0 0 0 0 0 -0 0.11302 -0.0036467 0.068488 0 0
0 0 0 0.073758 0 0 0 0 0 0 -0 0.063055 -0.0020346 0.038211 0 0
0 0 0 0.16194 0 0 0 0 0 0 -0 0.13844 -0.0044671 0.083895 0 0
-0 -0 -0 0.04946 0 0 0 0 0 0 -0 0.042283 -0.0013644 0.025624 0 0
-0 -0 -0 0.16998 0 0 0 0 0 0 -0 0.14532 -0.0046889 0.08806 0 0
0 0 0 0.18034 0 0 0 0 0 0 -0 0.15417 -0.0049747 0.093427 0 0
0 0 0 0.12532 0 0 0 0 0 0 -0 0.10714 -0.003457 0.064925 0 0
0 0 0 0.040563 0 0 0 0 0 0 -0 0.034677 -0.0011189 0.021014 0 0
-0 -0 -0 0.15522 0 0 0 0 0 0 -0 0.1327 -0.0042819 0.080416 0 0
-0 -0 -0 0.16768 0 0 0 0 0 0 -0 0.14335 -0.0046255 0.08687 0 0
0 0 0 0.15138 0 0 0 0 0 0 -0 0.12942 -0.0041759 0.078425 0 0
-0 -0 -0 0.1855 0 0 0 0 0 0 -0 0.15859 -0.0051171 0.096102 0 0
0 0 0 0.098986 0 0 0 0 0 0 -0 0.084623 -0.0027305 0.051281 0 0
-0 -0 -0 0.075908 0 0 0 0 0 0 -0 0.064893 -0.0020939 0.039325 0 0
0 0 0 0.057355 0 0 0 0 0 0 -0 0.049033 -0.0015821 0.029714 0 0
0 0 0 0.015732 0 0 0 0 0 0 -0 0.01345 -0.00043398 0.0081504 0 0
0 0 0 0.00074939 0 0 0 0 0 0 -0 0.00064065 -2.0672e-05 0.00038823 0 0
-0 -0 -0 0.080803 0 0 0 0 0 0 -0 0.069078 -0.002229 0.041861 0 0
-0 -0 -0 0.11348 0 0 0 0 0 0 -0 0.097014 -0.0031304 0.05879 0 0
-0 -0 -0 0.19018 0 0 0 0 0 0 -0 0.16258 -0.005246 0.098524 0 0
0 0 0 0.082274 0 0 0 0 0 0 -0 0.070336 -0.0022695 0.042623 0 0
0 0 0 0.077608 0 0 0 0 0 0 -0 0.066347 -0.0021408 0.040206 0 0
-0 -0 -0 0.051283 0 0 0 0 0 0 -0 0.043842 -0.0014146 0.026568 0 0
-0 -0 -0 0.18321 0 0 0 0 0 0 -0 0.15663 -0.0050539 0.094915 0 0
-0 -0 -0 0.061302 0 0 0 0 0 0 -0 0.052407 -0.001691 0.031758 0 0
0 0 0 0.077166 0 0 0 0 0 0 -0 0.065969 -0.0021286 0.039977 0 0
-0 -0 -0 0.013918 0 0 0 0 0 0 -0 0.011898 -0.00038392 0.0072102 0 0
0 0 0 0.10182 0 0 0 0 0 0 -0 0.087045 -0.0028087 0.052749 0 0
0 0 0 0.17595 0 0 0 0 0 0 -0 0.15041 -0.0048534 0.091151 0 0
-0 -0 -0 0.11715 0 0 0 0 0 0 -0 0.10015 -0.0032316 0.060691 0 0
0 0 0 0.17031 0 0 0 0 0 0 -0 0.14559 -0.0046979 0.088229 0 0
0 0 0 0.17819 0 0 0 0 0 0 -0 0.15233 -0.0049153 0.092312 0 0
-0 -0 -0 0.048553 0 0 0 0 0 0 -0 0.041508 -0.0013393 0.025154 0 0
-0 -0 -0 0.1899 0 0 0 0 0 0 -0 0.16235 -0.0052384 0.098381 0 0
0 0 0 0.016233 0 0 0 0 0 0 -0 0.013878 -0.00044779 0.0084098 0 0
-0 -0 -0 0.042799 0 0 0 0 0 0 -0 0.036589 -0.0011806 0.022173 0 0
-0 -0 -0 0.095059 0 0 0 0 0 0 -0 0.081266 -0.0026222 0.049247 0 0
-0 -0 -0 0.024202 0 0 0 0 0 0 -0 0.02069 -0.00066761 0.012538 0 0
-0 -0 -0 0.0068806 0 0 0 0 0 0 -0 0.0058822 -0.0001898 0.0035646 0 0
-0 -0 -0 0.035165 0 0 0 0 0 0 -0 0.030062 -0.00097002 0.018218 0 0
-0 -0 -0 0.15422 0 0 0 0 0 0 -0 0.13185 -0.0042543 0.079898 0 0
-0 -0 -0 0.0067086 0 0 0 0 0 0 -0 0.0057352 -0.00018506 0.0034755 0 0
0 0 0 0.055171 0 0 0 0 0 0 -0 0.047165 -0.0015219 0.028582 0 0
-0 -0 -0 0.02027 0 0 0 0 0 0 -0 0.017329 -0.00055915 0.010501 0 0
0 0 0 0.12982 0 0 0 0 0 0 -0 0.11098 -0.003581 0.067254 0 0
0 0 0 0.14549 0 0 0 0 0 0 -0 0.12438 -0.0040135 0.075375 0 0
0 0 0 0.025751 0 0 0 0 0 0 -0 0.022014 -0.00071033 0.01334 0 0
0 0 0 0.0099066 0 0 0 0 0 0 -0 0.0084691 -0.00027327 0.0051323 0 0
-0 -0 -0 0.161 0 0 0 0 0 0 -0 0.13763 -0.004441 0.083406 0 0
0 0 0 0.0019792 0 0 0 0 0 0 -0 0.001692 -5.4596e-05 0.0010253 0 0
-0 -0 -0 0.049458 0 0 0 0 0 0 -0 0.042282 -0.0013643 0.025623 0 0
0 0 0 0.11404 0 0 0 0 0 0 -0 0.097495 -0.0031459 0.059082 0 0
-0 -0 -0 0.092366 0 0 0 0 0 0 -0 0.078963 -0.0025479 0.047851 0 0
0 0 0 0.0034142 0 0 0 0 0 0 -0 0.0029188 -9.4182e-05 0.0017688 0 0
0 0 0 0.12134 0 0 0 0 0 0 -0 0.10373 -0.0033472 0.062863 0 0
0 0 0 0.038744 0 0 0 0 0 0 -0 0.033122 -0.0010688 0.020072 0 0
0 0 0 0.13668 0 0 0 0 0 0 -0 0.11685 -0.0037703 0.070808 0 0
-0 -0 -0 0.040115 0 0 0 0 0 0 -0 0.034294 -0.0011066 0.020782 0 0
-0 -0 -0 0.018158 0 0 0 0 0 0 -0 0.015523 -0.0005009 0.0094072 0 0
0 0 0 0.083273 0 0 0 0 0 0 -0 0.07119 -0.0022971 0.043141 0 0
-0 -0 -0 0.11453 0 0 0 0 0 0 -0 0.097914 -0.0031594 0.059335 0 0
-0 -0 -0 0.18743 0 0 0 0 0 0 -0 0.16023 -0.0051703 0.097102 0 0
-0 -0 -0 0.032259 0 0 0 0 0 0 -0 0.027578 -0.00088985 0.016712 0 0
-0 -0 -0 0.13874 0 0 0 0 0 0 -0 0.11861 -0.0038272 0.071878 0 0
0 0 0 0.15903 0 0 0 0 0 0 -0 0.13595 -0.0043868 0.082386 0 0
-0 -0 -0 0.11334 0 0 0 0 0 0 -0 0.096895 -0.0031265 0.058718 0 0
0 0 0 0.097584 0 0 0 0 0 0 -0 0.083424 -0.0026919 0.050555 0 0
-0 -0 -0 0.14324 0 0 0 0 0 0 -0 0.12246 -0.0039514 0.074209 0 0
-0 -0 -0 0.15642 0 0 0 0 0 0 -0 0.13372 -0.0043148 0.081034 0 0
