-0 -0 -0 0.15217 0 0 0 0 0 0 -0 0.13225 0.019923 0.072592 0 0
-0 -0 -0 0.19342 0 0 0 0 0 0 -0 0.16809 0.025324 0.092268 0 0
-0 -0 -0 0.17005 0 0 0 0 0 0 -0 0.14778 0.022264 0.08112 0 0
-0 -0 -0 0.070645 0 0 0 0 0 0 -0 0.061396 0.0092494 0.033701 0 0
0 0 0 0.12036 0 0 0 0 0 0 -0 0.1046 0.015758 0.057415 0 0
-0 -0 -0 0.057294 0 0 0 0 0 0 -0 0.049792 0.0075013 0.027332 0 0
-0 -0 -0 0.035498 0 0 0 0 0 0 -0 0.030851 0.0046477 0.016934 0 0
0 0 0 0.12747 0 0 0 0 0 0 -0 0.11078 0.016689 0.060808 0 0
0 0 0 0.0017726 0 0 0 0 0 0 -0 0.0015405 0.00023208 0.00084561 0 0
-0 -0 -0 0.032675 0 0 0 0 0 0 -0 0.028397 0.0042781 0.015588 0 0
0 0 0 0.06495 0 0 0 0 0 0 -0 0.056446 0.0085038 0.030984 0 0
-0 -0 -0 0.16382 0 0 0 0 0 0 -0 0.14237 0.021449 0.07815 0 0
0 0 0 0.0694 0 0 0 0 0 0 -0 0.060314 0.0090864 0.033107 0 0
0 0 0 0.14081 0 0 0 0 0 0 -0 0.12238 0.018436 0.067174 0 0
0 0 0 0.057062 0 0 0 0 0 0 -0 0.049591 0.007471 0.027221 0 0
0 0 0 0.15783 0 0 0 0 0 0 -0 0.13717 0.020665 0.075294 0 0
-0 -0 -0 0.12415 0 0 0 0 0 0 -0 0.10789 0.016254 0.059224 0 0
0 0 0 0.13306 0 0 0 0 0 0 -0 0.11564 0.017422 0.063477 0 0
0 0 0 0.15681 0 0 0 0 0 0 -0 0.13628 0.020531 0.074804 0 0
0 0 0 0.1647 0 0 0 0 0 0 -0 0.14314 0.021564 0.078571 0 0
-0 -0 -0 0.12578 0 0 0 0 0 0 -0 0.10931 0.016468 0.060001 0 0
0 0 0 0.045685 0 0 0 0 0 0 -0 0.039703 0.0059814 0.021794 0 0
-0 -0 -0 0.043475 0 0 0 0 0 0 -0 0.037783 0.0056921 0.020739 0 0
0 0 0 0.12571 0 0 0 0 0 0 -0 0.10925 0.016459 0.05997 0 0
-0 -0 -0 0.073965 0 0 0 0 0 0 -0 0.06428 0.009684 0.035284 0 0
0 0 0 0.013093 0 0 0 0 0 0 -0 0.011379 0.0017142 0.0062459 0 0
0 0 0 0.16168 0 0 0 0 0 0 -0 0.14051 0.021169 0.07713 0 0
-0 -0 -0 0.036353 0 0 0 0 0 0 -0 0.031594 0.0047597 0.017342 0 0
-0 -0 -0 0.12627 0 0 0 0 0 0 -0 0.10974 0.016532 0.060235 0 0
-0 -0 -0 0.14227 0 0 0 0 0 0 -0 0.12365 0.018628 0.067871 0 0
-0 -0 -0 0.054341 0 0 0 0 0 0 -0 0.047226 0.0071147 0.025923 0 0
-0 -0 -0 0.13716 0 0 0 0 0 0 -0 0.1192 0.017958 0.065432 0 0
0 0 0 0.010436 0 0 0 0 0 0 -0 0.0090695 0.0013663 0.0049784 0 0
-0 -0 -0 0.0081266 0 0 0 0 0 0 -0 0.0070626 0.001064 0.0038767 0 0
0 0 0 0.058927 0 0 0 0 0 0 -0 0.051212 0.0077152 0.028111 0 0
-0 -0 -0 0.12403 0 0 0 0 0 0 -0 0.10779 0.016239 0.059166 0 0
0 0 0 0.1027 0 0 0 0 0 0 -0 0.089251 0.013446 0.048991 0 0
-0 -0 -0 0.13923 0 0 0 0 0 0 -0 0.12101 0.01823 0.066421 0 0
-0 -0 -0 0.13149 0 0 0 0 0 0 -0 0.11428 0.017216 0.062727 0 0
0 0 0 0.10296 0 0 0 0 0 0 -0 0.089476 0.01348 0.049115 0 0
-0 -0 -0 0.081422 0 0 0 0 0 0 -0 0.070761 0.01066 0.038842 0 0
-0 -0 -0 0.06901 0 0 0 0 0 0 -0 0.059975 0.0090353 0.032921 0 0
0 0 0 0.15794 0 0 0 0 0 0 -0 0.13726 0.020679 0.075345 0 0
-0 -0 -0 0.0029481 0 0 0 0 0 0 -0 0.0025621 0.00038599 0.0014064 0 0
0 0 0 0.16043 0 0 0 0 0 0 -0 0.13942 0.021005 0.076531 0 0
-0 -0 -0 0.15584 0 0 0 0 0 0 -0 0.13544 0.020404 0.074343 0 0
-0 -0 -0 0.090718 0 0 0 0 0 0 -0 0.078841 0.011878 0.043277 0 0
-0 -0 -0 0.039146 0 0 0 0 0 0 -0 0.034021 0.0051253 0.018674 0 0
-0 -0 -0 0.13945 0 0 0 0 0 0 -0 0.12119 0.018258 0.066525 0 0
-0 -0 -0 0.12987 0 0 0 0 0 0 -0 0.11287 0.017004 0.061955 0 0
0 0 0 0.1452 0 0 0 0 0 0 -0 0.12619 0.019011 0.069267 0 0
-0 -0 -0 0.088015 0 0 0 0 0 0 -0 0.076492 0.011524 0.041987 0 0
0 0 0 0.17133 0 0 0 0 0 0 -0 0.1489 0.022432 0.081733 0 0
0 0 0 0.12089 0 0 0 0 0 0 -0 0.10507 0.015828 0.057672 0 0
0 0 0 0.10396 0 0 0 0 0 0 -0 0.090345 0.013611 0.049592 0 0
0 0 0 0.024664 0 0 0 0 0 0 -0 0.021435 0.0032292 0.011766 0 0
0 0 0 0.011485 0 0 0 0 0 0 -0 0.0099817 0.0015038 0.0054791 0 0
-0 -0 -0 0.12784 0 0 0 0 0 0 -0 0.1111 0.016738 0.060987 0 0
0 0 0 0.002708 0 0 0 0 0 0 -0 0.0023534 0.00035455 0.0012918 0 0
0 0 0 0.19531 0 0 0 0 0 0 -0 0.16974 0.025572 0.093172 0 0
-0 -0 -0 0.10161 0 0 0 0 0 0 -0 0.088307 0.013304 0.048473 0 0
0 0 0 0.12903 0 0 0 0 0 0 -0 0.11214 0.016894 0.061553 0 0
-0 -0 -0 0.17211 0 0 0 0 0 0 -0 0.14958 0.022534 0.082104 0 0
0 0 0 0.035195 0 0 0 0 0 0 -0 0.030587 0.0046079 0.016789 0 0
-0 -0 -0 0.075243 0 0 0 0 0 0 -0 0.065392 0.0098514 0.035894 0 0
-0 -0 -0 0.15796 0 0 0 0 0 0 -0 0.13728 0.020682 0.075355 0 0
-0 -0 -0 7.025e-05 0 0 0 0 0 0 -0 6.1052e-05 9.1977e-06 3.3512e-05 0 0
0 0 0 0.036761 0 0 0 0 0 0 -0 0.031948 0.004813 0.017536 0 0
0 0 0 0.021426 0 0 0 0 0 0 -0 0.01862 0.0028052 0.010221 0 0
-0 -0 -0 0.045179 0 0 0 0 0 0 -0 0.039264 0.0059152 0.021552 0 0
0 0 0 0.15707 0 0 0 0 0 0 -0 0.13651 0.020565 0.074932 0 0
0 0 0 0.1217 0 0 0 0 0 0 -0 0.10576 0.015933 0.058054 0 0
-0 -0 -0 0.1859 0 0 0 0 0 0 -0 0.16156 0.024339 0.088681 0 0
0 0 0 0.10762 0 0 0 0 0 0 -0 0.093528 0.01409 0.051339 0 0
0 0 0 0.029697 0 0 0 0 0 0 -0 0.025809 0.0038882 0.014167 0 0
-0 -0 -0 0.020354 0 0 0 0 0 0 -0 0.017689 0.0026649 0.0097097 0 0
-0 -0 -0 0.058605 0 0 0 0 0 0 -0 0.050932 0.007673 0.027957 0 0
-0 -0 -0 0.01352 0 0 0 0 0 0 -0 0.01175 0.0017701 0.0064495 0 0
-0 -0 -0 0.078203 0 0 0 0 0 0 -0 0.067964 0.010239 0.037307 0 0
-0 -0 -0 0.067076 0 0 0 0 0 0 -0 0.058294 0.0087822 0.031998 0 0
-0 -0 -0 0.092046 0 0 0 0 0 0 -0 0.079994 0.012051 0.04391 0 0
0 0 0 0.13884 0 0 0 0 0 0 -0 0.12066 0.018178 0.066233 0 0
-0 -0 -0 0.16467 0 0 0 0 0 0 -0 0.14311 0.02156 0.078554 0 0
0 0 0 0.12754 0 0 0 0 0 0 -0 0.11084 0.016699 0.060843 0 0
-0 -0 -0 0.028881 0 0 0 0 0 0 -0 0.0251 0.0037813 0.013777 0 0
-0 -0 -0 0.11332 0 0 0 0 0 0 -0 0.098486 0.014837 0.05406 0 0
0 0 0 0.17159 0 0 0 0 0 0 -0 0.14912 0.022466 0.081855 0 0
-0 -0 -0 0.059009 0 0 0 0 0 0 -0 0.051283 0.0077259 0.02815 0 0
0 0 0 0.0091816 0 0 0 0 0 0 -0 0.0079795 0.0012021 0.00438 0 0
-0 -0 -0 0.082822 0 0 0 0 0 0 -0 0.071978 0.010844 0.03951 0 0
0 0 0 0.082012 0 0 0 0 0 0 -0 0.071275 0.010738 0.039124 0 0
-0 -0 -0 0.024846 0 0 0 0 0 0 -0 0.021593 0.003253 0.011853 0 0
0 0 0 0.15983 0 0 0 0 0 0 -0 0.1389 0.020926 0.076246 0 0
-0 -0 -0 0.1988 0 0 0 0 0 0 -0 0.17277 0.026028 0.094835 0 0
0 0 0 0.17531 0 0 0 0 0 0 -0 0.15236 0.022953 0.083632 0 0
0 0 0 0.11487 0 0 0 0 0 0 -0 0.099832 0.01504 0.054799 0 0
-0 -0 -0 0.061571 0 0 0 0 0 0 -0 0.053509 0.0080613 0.029372 0 0
-0 -0 -0 0.11284 0 0 0 0 0 0 -0 0.098065 0.014774 0.053829 0 0
0 0 0 0.12327 0 0 0 0 0 0 -0 0.10713 0.016139 0.058805 0 0
-0 -0 -0 0.060206 0 0 0 0 0 0 -0 0.052323 0.0078826 0.028721 0 0
