-0 -0 -0.22125 0 0 0 0 0 0 0 0 0 0 0.072302 -0.12891 -0.16464 -0.0146 -0.015533 0.005751 0 0
0 0 0.12554 0 0 0 0 0 0 0 0 0 0 -0.041025 0.073148 0.09342 0.00671 0.0095746 -0.0045503 0 0
-0 -0 -0.20987 0 0 0 0 0 0 0 0 0 0 0.068581 -0.12228 -0.15617 -0.013771 -0.014785 0.0055294 0 0
-0 -0 -0.27308 0 0 0 0 0 0 0 0 0 0 0.089237 -0.15911 -0.2032 -0.018471 -0.018858 0.0066542 0 0
0 0 0.14106 0 0 0 0 0 0 0 0 0 0 -0.046096 0.08219 0.10497 0.0074526 0.010786 -0.0051731 0 0
-0 -0 -0.28889 0 0 0 0 0 0 0 0 0 0 0.094404 -0.16832 -0.21497 -0.019683 -0.019845 0.0068952 0 0
-0 -0 -0.083169 0 0 0 0 0 0 0 0 0 0 0.027178 -0.048459 -0.061888 -0.0050975 -0.0060687 0.0025133 0 0
0 0 0.030299 0 0 0 0 0 0 0 0 0 0 -0.0099011 0.017654 0.022546 0.001731 0.0022693 -0.0010167 0 0
-0 -0 -0.057125 0 0 0 0 0 0 0 0 0 0 0.018668 -0.033284 -0.042509 -0.003448 -0.0041952 0.0017707 0 0
0 0 0.20288 0 0 0 0 0 0 0 0 0 0 -0.066297 0.11821 0.15097 0.010214 0.015664 -0.0077794 0 0
-0 -0 -0.12904 0 0 0 0 0 0 0 0 0 0 0.04217 -0.075189 -0.096026 -0.0081167 -0.0093042 0.0037208 0 0
-0 -0 -0.1534 0 0 0 0 0 0 0 0 0 0 0.050128 -0.089378 -0.11415 -0.0097765 -0.010986 0.004309 0 0
0 0 0.32053 0 0 0 0 0 0 0 0 0 0 -0.10474 0.18676 0.23852 0.014568 0.02511 -0.013264 0 0
0 0 0.22965 0 0 0 0 0 0 0 0 0 0 -0.075044 0.1338 0.17089 0.01131 0.017797 -0.0089683 0 0
-0 -0 -0.14269 0 0 0 0 0 0 0 0 0 0 0.046627 -0.083137 -0.10618 -0.0090417 -0.01025 0.0040548 0 0
-0 -0 -0.23339 0 0 0 0 0 0 0 0 0 0 0.076269 -0.13599 -0.17368 -0.015493 -0.016324 0.0059781 0 0
-0 -0 -0.0051651 0 0 0 0 0 0 0 0 0 0 0.0016879 -0.0030095 -0.0038435 -0.00030194 -0.00038391 0.00016801 0 0
0 0 0.28828 0 0 0 0 0 0 0 0 0 0 -0.094206 0.16797 0.21452 0.013495 0.022505 -0.011695 0 0
0 0 0.29927 0 0 0 0 0 0 0 0 0 0 -0.097796 0.17437 0.22269 0.013871 0.023391 -0.012224 0 0
0 0 0.1513 0 0 0 0 0 0 0 0 0 0 -0.049443 0.088157 0.11259 0.007932 0.011589 -0.0055911 0 0
0 0 0.31915 0 0 0 0 0 0 0 0 0 0 -0.10429 0.18595 0.23749 0.014524 0.024998 -0.013195 0 0
0 0 0.14673 0 0 0 0 0 0 0 0 0 0 -0.047949 0.085494 0.10919 0.0077191 0.011231 -0.0054039 0 0
0 0 0.2565 0 0 0 0 0 0 0 0 0 0 -0.083821 0.14945 0.19087 0.012347 0.019948 -0.010197 0 0
0 0 0.26045 0 0 0 0 0 0 0 0 0 0 -0.085109 0.15175 0.1938 0.012495 0.020264 -0.01038 0 0
0 0 0.32783 0 0 0 0 0 0 0 0 0 0 -0.10713 0.19101 0.24395 0.014798 0.0257 -0.013625 0 0
0 0 0.29452 0 0 0 0 0 0 0 0 0 0 -0.096245 0.17161 0.21916 0.013709 0.023008 -0.011995 0 0
0 0 0.24555 0 0 0 0 0 0 0 0 0 0 -0.08024 0.14307 0.18272 0.011932 0.019069 -0.0096913 0 0
0 0 0.14297 0 0 0 0 0 0 0 0 0 0 -0.04672 0.083303 0.10639 0.0075427 0.010936 -0.0052506 0 0
-0 -0 -0.32577 0 0 0 0 0 0 0 0 0 0 0.10645 -0.18981 -0.24241 -0.022561 -0.022096 0.0073937 0 0
0 0 0.098977 0 0 0 0 0 0 0 0 0 0 -0.032344 0.057669 0.073651 0.0053933 0.007513 -0.0035143 0 0
-0 -0 -0.01197 0 0 0 0 0 0 0 0 0 0 0.0039117 -0.0069745 -0.0089074 -0.00070277 -0.00088837 0.00038698 0 0
0 0 0.33617 0 0 0 0 0 0 0 0 0 0 -0.10985 0.19587 0.25015 0.015055 0.026376 -0.014041 0 0
-0 -0 -0.32692 0 0 0 0 0 0 0 0 0 0 0.10683 -0.19048 -0.24327 -0.022652 -0.022165 0.0074079 0 0
0 0 0.0099955 0 0 0 0 0 0 0 0 0 0 -0.0032664 0.005824 0.0074379 0.00057867 0.00074542 -0.00032954 0 0
-0 -0 -0.31915 0 0 0 0 0 0 0 0 0 0 0.10429 -0.18595 -0.23749 -0.022039 -0.021697 0.0073108 0 0
0 0 0.25989 0 0 0 0 0 0 0 0 0 0 -0.084928 0.15143 0.19339 0.012474 0.02022 -0.010354 0 0
0 0 0.066492 0 0 0 0 0 0 0 0 0 0 -0.021728 0.038742 0.049478 0.0037069 0.0050164 -0.0023 0 0
0 0 0.21133 0 0 0 0 0 0 0 0 0 0 -0.06906 0.12314 0.15726 0.010567 0.016336 -0.008151 0 0
0 0 0.052132 0 0 0 0 0 0 0 0 0 0 -0.017036 0.030375 0.038793 0.002935 0.0039219 -0.001782 0 0
-0 -0 -0.14143 0 0 0 0 0 0 0 0 0 0 0.046217 -0.082405 -0.10524 -0.008956 -0.010163 0.0040245 0 0
0 0 0.18162 0 0 0 0 0 0 0 0 0 0 -0.059352 0.10582 0.13515 0.0093004 0.013978 -0.0068609 0 0
-0 -0 -0.18266 0 0 0 0 0 0 0 0 0 0 0.059691 -0.10643 -0.13592 -0.011822 -0.012973 0.0049667 0 0
-0 -0 -0.1481 0 0 0 0 0 0 0 0 0 0 0.048398 -0.086293 -0.11021 -0.0094124 -0.010623 0.0041842 0 0
-0 -0 -0.34875 0 0 0 0 0 0 0 0 0 0 0.11396 -0.2032 -0.25951 -0.02439 -0.023461 0.0076594 0 0
-0 -0 -0.29854 0 0 0 0 0 0 0 0 0 0 0.097559 -0.17395 -0.22215 -0.020429 -0.020441 0.0070343 0 0
-0 -0 -0.18589 0 0 0 0 0 0 0 0 0 0 0.060746 -0.10831 -0.13833 -0.012051 -0.01319 0.0050359 0 0
0 0 0.2229 0 0 0 0 0 0 0 0 0 0 -0.072839 0.12987 0.16586 0.011039 0.017258 -0.0086651 0 0
0 0 0.18994 0 0 0 0 0 0 0 0 0 0 -0.06207 0.11067 0.14134 0.0096624 0.014637 -0.0072177 0 0
0 0 0.21986 0 0 0 0 0 0 0 0 0 0 -0.071846 0.1281 0.1636 0.010916 0.017015 -0.0085294 0 0
0 0 0.15325 0 0 0 0 0 0 0 0 0 0 -0.050081 0.089294 0.11404 0.0080223 0.011742 -0.0056714 0 0
0 0 0.31268 0 0 0 0 0 0 0 0 0 0 -0.10218 0.18218 0.23267 0.014315 0.024474 -0.012877 0 0
-0 -0 -0.056797 0 0 0 0 0 0 0 0 0 0 0.01856 -0.033093 -0.042264 -0.0034275 -0.0041714 0.0017611 0 0
-0 -0 -0.047729 0 0 0 0 0 0 0 0 0 0 0.015597 -0.02781 -0.035517 -0.0028647 -0.0035131 0.0014928 0 0
-0 -0 -0.29133 0 0 0 0 0 0 0 0 0 0 0.095201 -0.16974 -0.21678 -0.019871 -0.019996 0.0069309 0 0
-0 -0 -0.33468 0 0 0 0 0 0 0 0 0 0 0.10937 -0.19501 -0.24905 -0.023267 -0.022629 0.0075009 0 0
-0 -0 -0.26193 0 0 0 0 0 0 0 0 0 0 0.085593 -0.15261 -0.19491 -0.017625 -0.018154 0.0064745 0 0
-0 -0 -0.15512 0 0 0 0 0 0 0 0 0 0 0.05069 -0.09038 -0.11543 -0.0098953 -0.011104 0.0043491 0 0
-0 -0 -0.33004 0 0 0 0 0 0 0 0 0 0 0.10785 -0.1923 -0.24559 -0.022899 -0.022352 0.0074458 0 0
0 0 0.067595 0 0 0 0 0 0 0 0 0 0 -0.022089 0.039385 0.050299 0.0037655 0.0051007 -0.0023403 0 0
0 0 0.13733 0 0 0 0 0 0 0 0 0 0 -0.044878 0.080017 0.10219 0.007276 0.010495 -0.0050222 0 0
0 0 0.13371 0 0 0 0 0 0 0 0 0 0 -0.043693 0.077904 0.099494 0.0071031 0.010211 -0.0048763 0 0
-0 -0 -0.2541 0 0 0 0 0 0 0 0 0 0 0.083036 -0.14805 -0.18908 -0.017036 -0.017656 0.0063436 0 0
-0 -0 -0.032718 0 0 0 0 0 0 0 0 0 0 0.010692 -0.019063 -0.024346 -0.0019458 -0.0024167 0.0010378 0 0
0 0 0.176 0 0 0 0 0 0 0 0 0 0 -0.057514 0.10255 0.13097 0.0090524 0.013534 -0.0066219 0 0
-0 -0 -0.050579 0 0 0 0 0 0 0 0 0 0 0.016528 -0.02947 -0.037637 -0.0030409 -0.0037203 0.0015776 0 0
-0 -0 -0.17457 0 0 0 0 0 0 0 0 0 0 0.057046 -0.10171 -0.1299 -0.011251 -0.012428 0.0047901 0 0
0 0 0.037835 0 0 0 0 0 0 0 0 0 0 -0.012364 0.022045 0.028154 0.0021507 0.0028381 -0.0012778 0 0
0 0 0.22006 0 0 0 0 0 0 0 0 0 0 -0.071911 0.12822 0.16375 0.010924 0.017031 -0.0085383 0 0
-0 -0 -0.27932 0 0 0 0 0 0 0 0 0 0 0.091276 -0.16275 -0.20785 -0.018948 -0.019249 0.0067512 0 0
0 0 0.2399 0 0 0 0 0 0 0 0 0 0 -0.078396 0.13978 0.17852 0.011713 0.018617 -0.0094332 0 0
0 0 0.013035 0 0 0 0 0 0 0 0 0 0 -0.0042595 0.0075947 0.0096994 0.00075313 0.00097269 -0.00043089 0 0
-0 -0 -0.13934 0 0 0 0 0 0 0 0 0 0 0.045534 -0.081187 -0.10369 -0.0088137 -0.010018 0.003974 0 0
-0 -0 -0.23363 0 0 0 0 0 0 0 0 0 0 0.076345 -0.13612 -0.17385 -0.01551 -0.016339 0.0059824 0 0
0 0 0.33251 0 0 0 0 0 0 0 0 0 0 -0.10866 0.19374 0.24743 0.014943 0.026079 -0.013858 0 0
-0 -0 -0.1841 0 0 0 0 0 0 0 0 0 0 0.060159 -0.10726 -0.13699 -0.011923 -0.01307 0.0049975 0 0
0 0 0.27219 0 0 0 0 0 0 0 0 0 0 -0.088948 0.15859 0.20255 0.012925 0.021208 -0.01093 0 0
0 0 0.11881 0 0 0 0 0 0 0 0 0 0 -0.038826 0.069227 0.088411 0.0063818 0.0090507 -0.0042842 0 0
0 0 0.18877 0 0 0 0 0 0 0 0 0 0 -0.061688 0.10999 0.14047 0.0096119 0.014544 -0.0071673 0 0
-0 -0 -0.15518 0 0 0 0 0 0 0 0 0 0 0.050711 -0.090419 -0.11548 -0.0098999 -0.011109 0.0043506 0 0
0 0 0.19473 0 0 0 0 0 0 0 0 0 0 -0.063633 0.11346 0.1449 0.0098679 0.015016 -0.0074243 0 0
0 0 0.25477 0 0 0 0 0 0 0 0 0 0 -0.083254 0.14844 0.18958 0.012282 0.019808 -0.010116 0 0
-0 -0 -0.32071 0 0 0 0 0 0 0 0 0 0 0.1048 -0.18686 -0.23865 -0.022161 -0.021791 0.0073306 0 0
-0 -0 -0.23779 0 0 0 0 0 0 0 0 0 0 0.077705 -0.13855 -0.17694 -0.015819 -0.016609 0.006058 0 0
0 0 0.27463 0 0 0 0 0 0 0 0 0 0 -0.089744 0.16001 0.20436 0.013012 0.021404 -0.011045 0 0
0 0 0.098428 0 0 0 0 0 0 0 0 0 0 -0.032165 0.05735 0.073243 0.0053655 0.0074706 -0.0034933 0 0
0 0 0.041014 0 0 0 0 0 0 0 0 0 0 -0.013403 0.023897 0.03052 0.0023265 0.0030786 -0.0013889 0 0
-0 -0 -0.037866 0 0 0 0 0 0 0 0 0 0 0.012374 -0.022063 -0.028177 -0.0022591 -0.0027936 0.0011953 0 0
0 0 0.1659 0 0 0 0 0 0 0 0 0 0 -0.054213 0.096662 0.12345 0.0086002 0.012737 -0.0061964 0 0
-0 -0 -0.284 0 0 0 0 0 0 0 0 0 0 0.092806 -0.16547 -0.21133 -0.019307 -0.019541 0.0068224 0 0
0 0 0.3413 0 0 0 0 0 0 0 0 0 0 -0.11153 0.19886 0.25397 0.01521 0.026792 -0.014299 0 0
-0 -0 -0.18221 0 0 0 0 0 0 0 0 0 0 0.059543 -0.10617 -0.13559 -0.01179 -0.012943 0.0049569 0 0
0 0 0.30228 0 0 0 0 0 0 0 0 0 0 -0.09878 0.17613 0.22494 0.013972 0.023634 -0.01237 0 0
0 0 0.29262 0 0 0 0 0 0 0 0 0 0 -0.095624 0.1705 0.21775 0.013644 0.022854 -0.011903 0 0
0 0 0.33827 0 0 0 0 0 0 0 0 0 0 -0.11054 0.1971 0.25172 0.015119 0.026547 -0.014147 0 0
0 0 0.043621 0 0 0 0 0 0 0 0 0 0 -0.014255 0.025416 0.03246 0.00247 0.003276 -0.0014804 0 0
0 0 0.31762 0 0 0 0 0 0 0 0 0 0 -0.10379 0.18506 0.23635 0.014475 0.024874 -0.01312 0 0
-0 -0 -0.14764 0 0 0 0 0 0 0 0 0 0 0.048246 -0.086023 -0.10986 -0.0093806 -0.010591 0.0041732 0 0
0 0 0.11807 0 0 0 0 0 0 0 0 0 0 -0.038582 0.068792 0.087856 0.0063452 0.0089927 -0.0042549 0 0
-0 -0 -0.09514 0 0 0 0 0 0 0 0 0 0 0.03109 -0.055434 -0.070797 -0.0058716 -0.0069212 0.0028408 0 0
0 0 0.022213 0 0 0 0 0 0 0 0 0 0 -0.0072588 0.012942 0.016529 0.0012758 0.0016608 -0.00074019 0 0
