-0 -0 -0 0.0564 0 0 0 0 0 0 0 0.045843 -0.010252 0.031214 0 0
0 0 0 0.19086 0 0 0 0 0 0 0 0.15514 -0.034694 0.10563 0 0
-0 -0 -0 0.03481 0 0 0 0 0 0 0 0.028294 -0.0063274 0.019265 0 0
-0 -0 -0 0.11499 0 0 0 0 0 0 0 0.093463 -0.020901 0.063638 0 0
-0 -0 -0 0.057229 0 0 0 0 0 0 0 0.046516 -0.010403 0.031673 0 0
-0 -0 -0 0.046574 0 0 0 0 0 0 0 0.037856 -0.0084658 0.025776 0 0
0 0 0 0.17068 0 0 0 0 0 0 0 0.13873 -0.031025 0.09446 0 0
-0 -0 -0 0.079769 0 0 0 0 0 0 0 0.064837 -0.0145 0.044147 0 0
-0 -0 -0 0.17602 0 0 0 0 0 0 0 0.14307 -0.031996 0.097418 0 0
-0 -0 -0 0.080785 0 0 0 0 0 0 0 0.065663 -0.014685 0.04471 0 0
0 0 0 0.12701 0 0 0 0 0 0 0 0.10323 -0.023086 0.07029 0 0
0 0 0 0.027688 0 0 0 0 0 0 0 0.022505 -0.0050328 0.015323 0 0
-0 -0 -0 0.026505 0 0 0 0 0 0 0 0.021544 -0.0048179 0.014669 0 0
-0 -0 -0 0.0061817 0 0 0 0 0 0 0 0.0050245 -0.0011237 0.0034212 0 0
-0 -0 -0 0.12936 0 0 0 0 0 0 0 0.10515 -0.023515 0.071595 0 0
0 0 0 0.0053089 0 0 0 0 0 0 0 0.0043151 -0.00096501 0.0029382 0 0
-0 -0 -0 0.12189 0 0 0 0 0 0 0 0.099073 -0.022156 0.067458 0 0
-0 -0 -0 0.10771 0 0 0 0 0 0 0 0.087546 -0.019578 0.05961 0 0
0 0 0 0.0014116 0 0 0 0 0 0 0 0.0011474 -0.0002566 0.00078126 0 0
0 0 0 0.13751 0 0 0 0 0 0 0 0.11177 -0.024995 0.076102 0 0
-0 -0 -0 0.12397 0 0 0 0 0 0 0 0.10077 -0.022535 0.068611 0 0
0 0 0 0.18744 0 0 0 0 0 0 0 0.15235 -0.034071 0.10374 0 0
0 0 0 0.108 0 0 0 0 0 0 0 0.087783 -0.019631 0.059771 0 0
-0 -0 -0 0.19261 0 0 0 0 0 0 0 0.15656 -0.035011 0.1066 0 0
0 0 0 0.013443 0 0 0 0 0 0 0 0.010927 -0.0024436 0.00744 0 0
0 0 0 0.15653 0 0 0 0 0 0 0 0.12723 -0.028454 0.086632 0 0
-0 -0 -0 0.15452 0 0 0 0 0 0 0 0.1256 -0.028088 0.085519 0 0
-0 -0 -0 0.12517 0 0 0 0 0 0 0 0.10174 -0.022752 0.069272 0 0
0 0 0 0.024269 0 0 0 0 0 0 0 0.019727 -0.0044115 0.013432 0 0
-0 -0 -0 0.051621 0 0 0 0 0 0 0 0.041958 -0.0093833 0.028569 0 0
-0 -0 -0 0.060141 0 0 0 0 0 0 0 0.048884 -0.010932 0.033285 0 0
0 0 0 0.16602 0 0 0 0 0 0 0 0.13494 -0.030177 0.091881 0 0
0 0 0 0.032702 0 0 0 0 0 0 0 0.02658 -0.0059442 0.018098 0 0
-0 -0 -0 0.021664 0 0 0 0 0 0 0 0.017609 -0.0039379 0.01199 0 0
0 0 0 0.011369 0 0 0 0 0 0 0 0.0092411 -0.0020666 0.0062922 0 0
0 0 0 0.14164 0 0 0 0 0 0 0 0.11513 -0.025747 0.07839 0 0
-0 -0 -0 0.093501 0 0 0 0 0 0 0 0.075998 -0.016996 0.051747 0 0
-0 -0 -0 0.16061 0 0 0 0 0 0 0 0.13054 -0.029193 0.088885 0 0
0 0 0 0.13739 0 0 0 0 0 0 0 0.11167 -0.024973 0.076036 0 0
-0 -0 -0 0.18881 0 0 0 0 0 0 0 0.15347 -0.034321 0.1045 0 0
-0 -0 -0 0.1529 0 0 0 0 0 0 0 0.12428 -0.027792 0.084619 0 0
-0 -0 -0 0.063838 0 0 0 0 0 0 0 0.051888 -0.011604 0.03533 0 0
0 0 0 0.14636 0 0 0 0 0 0 0 0.11896 -0.026604 0.081002 0 0
0 0 0 0.14611 0 0 0 0 0 0 0 0.11876 -0.026558 0.080862 0 0
-0 -0 -0 0.14212 0 0 0 0 0 0 0 0.11552 -0.025834 0.078657 0 0
-0 -0 -0 0.1549 0 0 0 0 0 0 0 0.1259 -0.028156 0.085727 0 0
0 0 0 0.17257 0 0 0 0 0 0 0 0.14026 -0.031368 0.095505 0 0
0 0 0 0.11356 0 0 0 0 0 0 0 0.0923 -0.020641 0.062847 0 0
0 0 0 0.17278 0 0 0 0 0 0 0 0.14043 -0.031406 0.095621 0 0
0 0 0 0.033474 0 0 0 0 0 0 0 0.027208 -0.0060846 0.018526 0 0
-0 -0 -0 0.12647 0 0 0 0 0 0 0 0.1028 -0.022988 0.069993 0 0
0 0 0 0.056738 0 0 0 0 0 0 0 0.046117 -0.010313 0.031401 0 0
0 0 0 0.020482 0 0 0 0 0 0 0 0.016648 -0.003723 0.011335 0 0
0 0 0 0.10226 0 0 0 0 0 0 0 0.083116 -0.018588 0.056593 0 0
-0 -0 -0 0.0023863 0 0 0 0 0 0 0 0.0019396 -0.00043376 0.0013207 0 0
0 0 0 0.17036 0 0 0 0 0 0 0 0.13847 -0.030966 0.094282 0 0
0 0 0 0.14439 0 0 0 0 0 0 0 0.11736 -0.026246 0.079912 0 0
0 0 0 0.10773 0 0 0 0 0 0 0 0.087565 -0.019582 0.059622 0 0
0 0 0 0.090656 0 0 0 0 0 0 0 0.073686 -0.016479 0.050173 0 0
0 0 0 0.14124 0 0 0 0 0 0 0 0.1148 -0.025673 0.078167 0 0
0 0 0 0.031934 0 0 0 0 0 0 0 0.025957 -0.0058048 0.017674 0 0
0 0 0 0.055969 0 0 0 0 0 0 0 0.045493 -0.010174 0.030976 0 0
0 0 0 0.035833 0 0 0 0 0 0 0 0.029125 -0.0065134 0.019831 0 0
-0 -0 -0 0.037882 0 0 0 0 0 0 0 0.030791 -0.0068858 0.020965 0 0
-0 -0 -0 0.1924 0 0 0 0 0 0 0 0.15638 -0.034973 0.10648 0 0
-0 -0 -0 0.10269 0 0 0 0 0 0 0 0.083467 -0.018666 0.056833 0 0
0 0 0 0.011923 0 0 0 0 0 0 0 0.0096915 -0.0021673 0.0065989 0 0
0 0 0 0.058272 0 0 0 0 0 0 0 0.047364 -0.010592 0.03225 0 0
-0 -0 -0 0.033593 0 0 0 0 0 0 0 0.027305 -0.0061063 0.018592 0 0
0 0 0 0.093575 0 0 0 0 0 0 0 0.076059 -0.017009 0.051788 0 0
0 0 0 0.11233 0 0 0 0 0 0 0 0.091305 -0.020419 0.062169 0 0
0 0 0 0.09823 0 0 0 0 0 0 0 0.079843 -0.017856 0.054365 0 0
0 0 0 0.16622 0 0 0 0 0 0 0 0.1351 -0.030213 0.09199 0 0
0 0 0 0.15479 0 0 0 0 0 0 0 0.12582 -0.028137 0.085668 0 0
0 0 0 0.15951 0 0 0 0 0 0 0 0.12965 -0.028994 0.088278 0 0
0 0 0 0.082049 0 0 0 0 0 0 0 0.066691 -0.014914 0.045409 0 0
-0 -0 -0 0.088512 0 0 0 0 0 0 0 0.071943 -0.016089 0.048986 0 0
0 0 0 0.00034765 0 0 0 0 0 0 0 0.00028257 -6.3192e-05 0.0001924 0 0
0 0 0 0.10816 0 0 0 0 0 0 0 0.087911 -0.01966 0.059858 0 0
-0 -0 -0 0.05987 0 0 0 0 0 0 0 0.048663 -0.010883 0.033134 0 0
-0 -0 -0 0.16681 0 0 0 0 0 0 0 0.13559 -0.030321 0.092319 0 0
0 0 0 0.028882 0 0 0 0 0 0 0 0.023476 -0.0052499 0.015984 0 0
0 0 0 0.17998 0 0 0 0 0 0 0 0.14629 -0.032715 0.099607 0 0
-0 -0 -0 0.091346 0 0 0 0 0 0 0 0.074247 -0.016604 0.050555 0 0
-0 -0 -0 0.07325 0 0 0 0 0 0 0 0.059539 -0.013315 0.04054 0 0
0 0 0 0.13488 0 0 0 0 0 0 0 0.10964 -0.024518 0.07465 0 0
-0 -0 -0 0.15584 0 0 0 0 0 0 0 0.12666 -0.028326 0.086245 0 0
0 0 0 0.13448 0 0 0 0 0 0 0 0.10931 -0.024446 0.074429 0 0
0 0 0 0.015283 0 0 0 0 0 0 0 0.012423 -0.0027781 0.0084584 0 0
-0 -0 -0 0.17057 0 0 0 0 0 0 0 0.13864 -0.031004 0.094399 0 0
-0 -0 -0 0.18164 0 0 0 0 0 0 0 0.14764 -0.033017 0.10053 0 0
-0 -0 -0 0.036079 0 0 0 0 0 0 0 0.029326 -0.0065582 0.019968 0 0
0 0 0 0.029483 0 0 0 0 0 0 0 0.023964 -0.0053591 0.016317 0 0
0 0 0 0.12443 0 0 0 0 0 0 0 0.10113 -0.022617 0.068862 0 0
-0 -0 -0 0.1458 0 0 0 0 0 0 0 0.11851 -0.026503 0.080692 0 0
-0 -0 -0 0.17517 0 0 0 0 0 0 0 0.14238 -0.031842 0.096948 0 0
0 0 0 0.11664 0 0 0 0 0 0 0 0.094803 -0.021201 0.064551 0 0
0 0 0 0.049155 0 0 0 0 0 0 0 0.039954 -0.008935 0.027204 0 0
-0 -0 -0 0.15688 0 0 0 0 0 0 0 0.12751 -0.028516 0.086821 0 0
-0 -0 -0 0.10471 0 0 0 0 0 0 0 0.085108 -0.019033 0.05795 0 0
