0 0 0.32016 0 0 0 0 0 0 0 0 0 0 -0.13799 0.16586 0.23654 -0.0070701 0.03883 -0.031352 0 0
-0 -0 -0.24912 0 0 0 0 0 0 0 0 0 0 0.10737 -0.12906 -0.18405 -0.004545 -0.033148 0.020592 0 0
-0 -0 -0.017324 0 0 0 0 0 0 0 0 0 0 0.0074667 -0.0089749 -0.012799 -3.1295e-05 -0.0022511 0.0015602 0 0
-0 -0 -0.20922 0 0 0 0 0 0 0 0 0 0 0.090174 -0.10839 -0.15457 -0.0032298 -0.027762 0.017583 0 0
-0 -0 -0.021199 0 0 0 0 0 0 0 0 0 0 0.0091369 -0.010982 -0.015662 -4.4155e-05 -0.0027562 0.0019069 0 0
-0 -0 -0.23961 0 0 0 0 0 0 0 0 0 0 0.10327 -0.12413 -0.17703 -0.0042114 -0.031863 0.019886 0 0
0 0 0.147 0 0 0 0 0 0 0 0 0 0 -0.063359 0.076158 0.10861 -0.0014552 0.018569 -0.01387 0 0
0 0 0.096401 0 0 0 0 0 0 0 0 0 0 -0.041549 0.049942 0.071222 -0.00060749 0.012296 -0.0089766 0 0
-0 -0 -0.17973 0 0 0 0 0 0 0 0 0 0 0.077465 -0.093113 -0.13279 -0.0024003 -0.023793 0.015283 0 0
0 0 0.029416 0 0 0 0 0 0 0 0 0 0 -0.012679 0.01524 0.021733 -4.494e-05 0.0037955 -0.0026877 0 0
0 0 0.10404 0 0 0 0 0 0 0 0 0 0 -0.044843 0.053901 0.076868 -0.00071225 0.013252 -0.0097081 0 0
0 0 0.15289 0 0 0 0 0 0 0 0 0 0 -0.065896 0.079207 0.11296 -0.0015773 0.019289 -0.014446 0 0
-0 -0 -0.0042177 0 0 0 0 0 0 0 0 0 0 0.0018178 -0.0021851 -0.0031161 -3.676e-06 -0.00054702 0.00038143 0 0
0 0 0.34672 0 0 0 0 0 0 0 0 0 0 -0.14944 0.17963 0.25617 -0.0082964 0.041748 -0.034114 0 0
0 0 0.068117 0 0 0 0 0 0 0 0 0 0 -0.029359 0.035289 0.050326 -0.00029203 0.0087326 -0.0062937 0 0
-0 -0 -0.17292 0 0 0 0 0 0 0 0 0 0 0.074529 -0.089583 -0.12776 -0.0022259 -0.022877 0.014743 0 0
-0 -0 -0.12703 0 0 0 0 0 0 0 0 0 0 0.054752 -0.065811 -0.093854 -0.0012219 -0.016732 0.01102 0 0
-0 -0 -0.033209 0 0 0 0 0 0 0 0 0 0 0.014313 -0.017204 -0.024535 -9.7614e-05 -0.0043248 0.0029757 0 0
0 0 0.31528 0 0 0 0 0 0 0 0 0 0 -0.13589 0.16334 0.23294 -0.0068557 0.038289 -0.030848 0 0
-0 -0 -0.2363 0 0 0 0 0 0 0 0 0 0 0.10185 -0.12242 -0.17458 -0.0040984 -0.031416 0.019639 0 0
-0 -0 -0.032726 0 0 0 0 0 0 0 0 0 0 0.014105 -0.016954 -0.024178 -9.5067e-05 -0.0042617 0.0029329 0 0
0 0 0.24198 0 0 0 0 0 0 0 0 0 0 -0.10429 0.12536 0.17878 -0.0040198 0.029933 -0.023335 0 0
-0 -0 -0.0044742 0 0 0 0 0 0 0 0 0 0 0.0019284 -0.0023179 -0.0033056 -3.9814e-06 -0.0005803 0.00040459 0 0
0 0 0.28271 0 0 0 0 0 0 0 0 0 0 -0.12185 0.14646 0.20887 -0.0055047 0.034625 -0.027491 0 0
0 0 0.12936 0 0 0 0 0 0 0 0 0 0 -0.055753 0.067015 0.09557 -0.0011184 0.016397 -0.01215 0 0
0 0 0.25229 0 0 0 0 0 0 0 0 0 0 -0.10874 0.1307 0.18639 -0.0043741 0.031132 -0.024382 0 0
-0 -0 -0.18818 0 0 0 0 0 0 0 0 0 0 0.081108 -0.097491 -0.13903 -0.0026256 -0.024929 0.015949 0 0
0 0 0.3262 0 0 0 0 0 0 0 0 0 0 -0.14059 0.16899 0.241 -0.0073406 0.039498 -0.031979 0 0
-0 -0 -0.13281 0 0 0 0 0 0 0 0 0 0 0.057243 -0.068806 -0.098125 -0.0013321 -0.017504 0.011497 0 0
-0 -0 -0.0185 0 0 0 0 0 0 0 0 0 0 0.0079736 -0.0095842 -0.013668 -3.4972e-05 -0.0024043 0.0016655 0 0
0 0 0.13751 0 0 0 0 0 0 0 0 0 0 -0.059269 0.071241 0.1016 -0.0012686 0.017403 -0.012943 0 0
-0 -0 -0.20216 0 0 0 0 0 0 0 0 0 0 0.087131 -0.10473 -0.14936 -0.0030201 -0.026811 0.017038 0 0
0 0 0.093606 0 0 0 0 0 0 0 0 0 0 -0.040344 0.048494 0.069158 -0.00057126 0.011946 -0.0087099 0 0
-0 -0 -0.19101 0 0 0 0 0 0 0 0 0 0 0.082324 -0.098953 -0.14112 -0.002703 -0.025309 0.01617 0 0
0 0 0.12538 0 0 0 0 0 0 0 0 0 0 -0.054039 0.064955 0.092633 -0.0010486 0.015905 -0.011765 0 0
0 0 0.30274 0 0 0 0 0 0 0 0 0 0 -0.13048 0.15684 0.22367 -0.006318 0.036886 -0.029551 0 0
-0 -0 -0.066907 0 0 0 0 0 0 0 0 0 0 0.028837 -0.034662 -0.049432 -0.00035738 -0.008752 0.0059285 0 0
0 0 0.16901 0 0 0 0 0 0 0 0 0 0 -0.072845 0.08756 0.12487 -0.0019369 0.021252 -0.016032 0 0
-0 -0 -0.16872 0 0 0 0 0 0 0 0 0 0 0.072718 -0.087407 -0.12465 -0.0021217 -0.022313 0.014408 0 0
0 0 0.33818 0 0 0 0 0 0 0 0 0 0 -0.14576 0.1752 0.24985 -0.0078917 0.040815 -0.033224 0 0
0 0 0.23979 0 0 0 0 0 0 0 0 0 0 -0.10335 0.12423 0.17716 -0.0039467 0.029679 -0.023113 0 0
0 0 0.21924 0 0 0 0 0 0 0 0 0 0 -0.094491 0.11358 0.16197 -0.0032909 0.027265 -0.021038 0 0
0 0 0.26712 0 0 0 0 0 0 0 0 0 0 -0.11513 0.13839 0.19735 -0.0049092 0.032843 -0.025894 0 0
-0 -0 -0.19851 0 0 0 0 0 0 0 0 0 0 0.085556 -0.10284 -0.14666 -0.0029143 -0.026319 0.016755 0 0
-0 -0 -0.0086153 0 0 0 0 0 0 0 0 0 0 0.0037132 -0.0044633 -0.0063651 -1.0211e-05 -0.0011181 0.00077805 0 0
0 0 0.23172 0 0 0 0 0 0 0 0 0 0 -0.099874 0.12005 0.1712 -0.0036823 0.028735 -0.022297 0 0
0 0 0.25472 0 0 0 0 0 0 0 0 0 0 -0.10978 0.13196 0.18819 -0.0044597 0.031414 -0.024629 0 0
0 0 0.32303 0 0 0 0 0 0 0 0 0 0 -0.13923 0.16735 0.23866 -0.0071981 0.039148 -0.03165 0 0
0 0 0.15368 0 0 0 0 0 0 0 0 0 0 -0.066238 0.079618 0.11354 -0.0015942 0.019386 -0.014524 0 0
0 0 0.069499 0 0 0 0 0 0 0 0 0 0 -0.029954 0.036005 0.051347 -0.0003048 0.0089076 -0.0064239 0 0
-0 -0 -0.091181 0 0 0 0 0 0 0 0 0 0 0.039299 -0.047238 -0.067366 -0.00064465 -0.011962 0.0080121 0 0
-0 -0 -0.006423 0 0 0 0 0 0 0 0 0 0 0.0027683 -0.0033275 -0.0047454 -6.6086e-06 -0.0008333 0.00058046 0 0
-0 -0 -0.22563 0 0 0 0 0 0 0 0 0 0 0.097248 -0.11689 -0.1667 -0.0037441 -0.029976 0.018835 0 0
0 0 0.1841 0 0 0 0 0 0 0 0 0 0 -0.079349 0.095378 0.13602 -0.0023066 0.023075 -0.017526 0 0
0 0 0.037314 0 0 0 0 0 0 0 0 0 0 -0.016082 0.019331 0.027568 -7.8022e-05 0.0048084 -0.0034172 0 0
0 0 0.18282 0 0 0 0 0 0 0 0 0 0 -0.078796 0.094713 0.13507 -0.0022739 0.022921 -0.017399 0 0
-0 -0 -0.049077 0 0 0 0 0 0 0 0 0 0 0.021152 -0.025425 -0.036259 -0.00019978 -0.006405 0.0043747 0 0
0 0 0.31526 0 0 0 0 0 0 0 0 0 0 -0.13588 0.16332 0.23292 -0.0068545 0.038286 -0.030845 0 0
0 0 0.24258 0 0 0 0 0 0 0 0 0 0 -0.10455 0.12567 0.17922 -0.00404 0.030003 -0.023395 0 0
-0 -0 -0.29163 0 0 0 0 0 0 0 0 0 0 0.12569 -0.15108 -0.21546 -0.0061882 -0.038896 0.023664 0 0
-0 -0 -0.24763 0 0 0 0 0 0 0 0 0 0 0.10673 -0.12829 -0.18295 -0.0044921 -0.032947 0.020482 0 0
0 0 0.30186 0 0 0 0 0 0 0 0 0 0 -0.1301 0.15638 0.22302 -0.0062811 0.036788 -0.02946 0 0
0 0 0.18973 0 0 0 0 0 0 0 0 0 0 -0.081773 0.098291 0.14017 -0.0024525 0.023751 -0.018085 0 0
-0 -0 -0.1858 0 0 0 0 0 0 0 0 0 0 0.080078 -0.096254 -0.13727 -0.0025609 -0.024608 0.015761 0 0
0 0 0.090946 0 0 0 0 0 0 0 0 0 0 -0.039198 0.047116 0.067192 -0.00053779 0.011612 -0.0084562 0 0
-0 -0 -0.20143 0 0 0 0 0 0 0 0 0 0 0.086817 -0.10435 -0.14882 -0.0029988 -0.026712 0.016982 0 0
0 0 0.03804 0 0 0 0 0 0 0 0 0 0 -0.016395 0.019707 0.028104 -8.1509e-05 0.0049013 -0.0034844 0 0
0 0 0.1166 0 0 0 0 0 0 0 0 0 0 -0.050253 0.060404 0.086143 -0.0009023 0.014816 -0.010916 0 0
0 0 0.15189 0 0 0 0 0 0 0 0 0 0 -0.065463 0.078686 0.11221 -0.0015562 0.019166 -0.014347 0 0
-0 -0 -0.28004 0 0 0 0 0 0 0 0 0 0 0.1207 -0.14508 -0.2069 -0.0057157 -0.037329 0.022841 0 0
-0 -0 -0.13558 0 0 0 0 0 0 0 0 0 0 0.058434 -0.070237 -0.10017 -0.0013864 -0.017873 0.011724 0 0
0 0 0.21456 0 0 0 0 0 0 0 0 0 0 -0.092478 0.11116 0.15852 -0.0031501 0.026712 -0.020569 0 0
-0 -0 -0.056111 0 0 0 0 0 0 0 0 0 0 0.024184 -0.029069 -0.041456 -0.00025655 -0.0073297 0.00499 0 0
0 0 0.24964 0 0 0 0 0 0 0 0 0 0 -0.10759 0.12933 0.18443 -0.0042815 0.030824 -0.024112 0 0
-0 -0 -0.19152 0 0 0 0 0 0 0 0 0 0 0.082544 -0.099218 -0.1415 -0.0027172 -0.025378 0.01621 0 0
-0 -0 -0.1093 0 0 0 0 0 0 0 0 0 0 0.047107 -0.056622 -0.08075 -0.00091357 -0.014368 0.0095424 0 0
-0 -0 -0.15415 0 0 0 0 0 0 0 0 0 0 0.066441 -0.079861 -0.11389 -0.0017795 -0.020359 0.013238 0 0
-0 -0 -0.24068 0 0 0 0 0 0 0 0 0 0 0.10374 -0.12469 -0.17782 -0.0042486 -0.032009 0.019966 0 0
-0 -0 -0.29906 0 0 0 0 0 0 0 0 0 0 0.12889 -0.15493 -0.22095 -0.0065007 -0.0399 0.024186 0 0
0 0 0.11098 0 0 0 0 0 0 0 0 0 0 -0.047832 0.057494 0.081993 -0.0008145 0.014117 -0.010374 0 0
-0 -0 -0.11579 0 0 0 0 0 0 0 0 0 0 0.049904 -0.059984 -0.085544 -0.0010212 -0.015232 0.010085 0 0
-0 -0 -0.28108 0 0 0 0 0 0 0 0 0 0 0.12115 -0.14562 -0.20767 -0.0057574 -0.037469 0.022915 0 0
-0 -0 -0.15536 0 0 0 0 0 0 0 0 0 0 0.06696 -0.080485 -0.11478 -0.0018066 -0.020521 0.013335 0 0
0 0 0.33931 0 0 0 0 0 0 0 0 0 0 -0.14625 0.17579 0.25069 -0.0079448 0.040939 -0.033342 0 0
-0 -0 -0.2151 0 0 0 0 0 0 0 0 0 0 0.092709 -0.11144 -0.15892 -0.0034097 -0.028555 0.018034 0 0
0 0 0.055184 0 0 0 0 0 0 0 0 0 0 -0.023784 0.028589 0.04077 -0.0001857 0.0070901 -0.00508 0 0
0 0 0.1356 0 0 0 0 0 0 0 0 0 0 -0.058443 0.070249 0.10018 -0.0012325 0.017167 -0.012757 0 0
-0 -0 -0.34491 0 0 0 0 0 0 0 0 0 0 0.14866 -0.17868 -0.25482 -0.0085955 -0.046098 0.02731 0 0
0 0 0.28808 0 0 0 0 0 0 0 0 0 0 -0.12416 0.14924 0.21284 -0.0057172 0.035234 -0.028042 0 0
0 0 0.2136 0 0 0 0 0 0 0 0 0 0 -0.092061 0.11066 0.15781 -0.0031214 0.026598 -0.020472 0 0
0 0 0.23493 0 0 0 0 0 0 0 0 0 0 -0.10126 0.12171 0.17357 -0.0037864 0.029111 -0.022622 0 0
0 0 0.020991 0 0 0 0 0 0 0 0 0 0 -0.0090471 0.010875 0.015508 -1.9452e-05 0.002712 -0.001913 0 0
0 0 0.20779 0 0 0 0 0 0 0 0 0 0 -0.089559 0.10765 0.15352 -0.0029513 0.025909 -0.019889 0 0
-0 -0 -0.30478 0 0 0 0 0 0 0 0 0 0 0.13136 -0.1579 -0.22518 -0.0067466 -0.040674 0.024585 0 0
-0 -0 -0.24591 0 0 0 0 0 0 0 0 0 0 0.10599 -0.1274 -0.18168 -0.004431 -0.032714 0.020355 0 0
0 0 0.20492 0 0 0 0 0 0 0 0 0 0 -0.088323 0.10616 0.1514 -0.0028691 0.025568 -0.019602 0 0
-0 -0 -0.33104 0 0 0 0 0 0 0 0 0 0 0.14268 -0.1715 -0.24458 -0.0079318 -0.044224 0.026383 0 0
-0 -0 -0.31625 0 0 0 0 0 0 0 0 0 0 0.1363 -0.16384 -0.23365 -0.0072528 -0.042225 0.025377 0 0
0 0 0.22627 0 0 0 0 0 0 0 0 0 0 -0.097521 0.11722 0.16717 -0.0035086 0.028094 -0.021746 0 0
-0 -0 -0.048261 0 0 0 0 0 0 0 0 0 0 0.0208 -0.025002 -0.035656 -0.00019365 -0.0062978 0.0043031 0 0
