-0 -0 -0 0.065633 0 0 0 0 0 0 -0 0.05704 0.0085932 0.03131 0 0
0 0 0 0.019987 0 0 0 0 0 0 -0 0.01737 0.0026169 0.0095349 0 0
-0 -0 -0 0.13993 0 0 0 0 0 0 -0 0.12161 0.01832 0.066751 0 0
-0 -0 -0 0.17416 0 0 0 0 0 0 -0 0.15136 0.022802 0.083082 0 0
0 0 0 0.14427 0 0 0 0 0 0 -0 0.12538 0.018888 0.068821 0 0
-0 -0 -0 0.13563 0 0 0 0 0 0 -0 0.11787 0.017757 0.0647 0 0
0 0 0 0.17315 0 0 0 0 0 0 -0 0.15048 0.022671 0.082602 0 0
0 0 0 0.17894 0 0 0 0 0 0 -0 0.15551 0.023428 0.085361 0 0
-0 -0 -0 0.15585 0 0 0 0 0 0 -0 0.13544 0.020405 0.074347 0 0
-0 -0 -0 0.11087 0 0 0 0 0 0 -0 0.096358 0.014517 0.052892 0 0
0 0 0 0.035066 0 0 0 0 0 0 -0 0.030475 0.0045911 0.016728 0 0
0 0 0 0.068131 0 0 0 0 0 0 -0 0.05921 0.0089202 0.032501 0 0
-0 -0 -0 0.041038 0 0 0 0 0 0 -0 0.035665 0.005373 0.019577 0 0
-0 -0 -0 0.030023 0 0 0 0 0 0 -0 0.026092 0.0039308 0.014322 0 0
-0 -0 -0 0.12758 0 0 0 0 0 0 -0 0.11087 0.016703 0.060859 0 0
-0 -0 -0 0.11933 0 0 0 0 0 0 -0 0.1037 0.015623 0.056924 0 0
-0 -0 -0 0.18572 0 0 0 0 0 0 -0 0.16141 0.024316 0.088597 0 0
0 0 0 0.16218 0 0 0 0 0 0 -0 0.14095 0.021234 0.077369 0 0
-0 -0 -0 0.17075 0 0 0 0 0 0 -0 0.14839 0.022356 0.081455 0 0
-0 -0 -0 0.16217 0 0 0 0 0 0 -0 0.14094 0.021233 0.077364 0 0
-0 -0 -0 0.12127 0 0 0 0 0 0 -0 0.10539 0.015877 0.05785 0 0
-0 -0 -0 0.088715 0 0 0 0 0 0 -0 0.0771 0.011615 0.042321 0 0
0 0 0 0.059434 0 0 0 0 0 0 -0 0.051652 0.0077816 0.028353 0 0
-0 -0 -0 0.1271 0 0 0 0 0 0 -0 0.11046 0.01664 0.06063 0 0
0 0 0 0.074487 0 0 0 0 0 0 -0 0.064735 0.0097525 0.035534 0 0
0 0 0 0.071945 0 0 0 0 0 0 -0 0.062526 0.0094196 0.034321 0 0
0 0 0 0.075927 0 0 0 0 0 0 -0 0.065986 0.009941 0.036221 0 0
0 0 0 0.026706 0 0 0 0 0 0 -0 0.023209 0.0034965 0.01274 0 0
-0 -0 -0 0.10795 0 0 0 0 0 0 -0 0.093814 0.014133 0.051496 0 0
-0 -0 -0 0.050053 0 0 0 0 0 0 -0 0.043499 0.0065533 0.023877 0 0
0 0 0 0.14809 0 0 0 0 0 0 -0 0.1287 0.019389 0.070644 0 0
-0 -0 -0 0.11308 0 0 0 0 0 0 -0 0.098276 0.014806 0.053945 0 0
0 0 0 0.16813 0 0 0 0 0 0 -0 0.14611 0.022012 0.080203 0 0
0 0 0 0.058586 0 0 0 0 0 0 -0 0.050915 0.0076705 0.027948 0 0
0 0 0 0.029304 0 0 0 0 0 0 -0 0.025467 0.0038367 0.013979 0 0
0 0 0 0.13688 0 0 0 0 0 0 -0 0.11896 0.017921 0.065296 0 0
0 0 0 0.16949 0 0 0 0 0 0 -0 0.1473 0.02219 0.080852 0 0
0 0 0 0.044652 0 0 0 0 0 0 -0 0.038806 0.0058462 0.021301 0 0
0 0 0 0.11626 0 0 0 0 0 0 -0 0.10104 0.015222 0.055463 0 0
0 0 0 0.089338 0 0 0 0 0 0 -0 0.077642 0.011697 0.042618 0 0
0 0 0 0.16058 0 0 0 0 0 0 -0 0.13955 0.021024 0.076602 0 0
-0 -0 -0 0.19366 0 0 0 0 0 0 -0 0.1683 0.025356 0.092385 0 0
0 0 0 0.051245 0 0 0 0 0 0 -0 0.044535 0.0067093 0.024446 0 0
0 0 0 0.16005 0 0 0 0 0 0 -0 0.13909 0.020955 0.07635 0 0
0 0 0 0.12227 0 0 0 0 0 0 -0 0.10626 0.016008 0.058326 0 0
0 0 0 0.1092 0 0 0 0 0 0 -0 0.094904 0.014298 0.052094 0 0
0 0 0 0.032908 0 0 0 0 0 0 -0 0.0286 0.0043086 0.015699 0 0
0 0 0 0.17527 0 0 0 0 0 0 -0 0.15232 0.022947 0.08361 0 0
-0 -0 -0 0.12456 0 0 0 0 0 0 -0 0.10825 0.016308 0.059419 0 0
0 0 0 0.14995 0 0 0 0 0 0 -0 0.13032 0.019633 0.071534 0 0
-0 -0 -0 0.041135 0 0 0 0 0 0 -0 0.035749 0.0053857 0.019623 0 0
-0 -0 -0 0.052418 0 0 0 0 0 0 -0 0.045555 0.0068629 0.025005 0 0
-0 -0 -0 0.040408 0 0 0 0 0 0 -0 0.035118 0.0052906 0.019277 0 0
-0 -0 -0 0.1199 0 0 0 0 0 0 -0 0.1042 0.015699 0.057199 0 0
0 0 0 0.075065 0 0 0 0 0 0 -0 0.065237 0.0098281 0.035809 0 0
0 0 0 0.1476 0 0 0 0 0 0 -0 0.12828 0.019325 0.070412 0 0
0 0 0 0.12468 0 0 0 0 0 0 -0 0.10836 0.016324 0.059478 0 0
0 0 0 0.084198 0 0 0 0 0 0 -0 0.073174 0.011024 0.040166 0 0
-0 -0 -0 0.046468 0 0 0 0 0 0 -0 0.040384 0.006084 0.022167 0 0
-0 -0 -0 0.17396 0 0 0 0 0 0 -0 0.15118 0.022776 0.082985 0 0
0 0 0 0.19392 0 0 0 0 0 0 -0 0.16853 0.02539 0.092509 0 0
-0 -0 -0 0.18682 0 0 0 0 0 0 -0 0.16236 0.02446 0.08912 0 0
-0 -0 -0 0.053506 0 0 0 0 0 0 -0 0.046501 0.0070055 0.025525 0 0
-0 -0 -0 0.10649 0 0 0 0 0 0 -0 0.092544 0.013942 0.050798 0 0
-0 -0 -0 0.0025913 0 0 0 0 0 0 -0 0.002252 0.00033927 0.0012361 0 0
-0 -0 -0 0.0093465 0 0 0 0 0 0 -0 0.0081228 0.0012237 0.0044587 0 0
0 0 0 0.040764 0 0 0 0 0 0 -0 0.035427 0.0053372 0.019446 0 0
-0 -0 -0 0.014877 0 0 0 0 0 0 -0 0.012929 0.0019478 0.0070968 0 0
0 0 0 0.080238 0 0 0 0 0 0 -0 0.069732 0.010505 0.038277 0 0
-0 -0 -0 0.053779 0 0 0 0 0 0 -0 0.046738 0.0070412 0.025655 0 0
-0 -0 -0 0.15047 0 0 0 0 0 0 -0 0.13077 0.019701 0.07178 0 0
-0 -0 -0 0.097367 0 0 0 0 0 0 -0 0.084619 0.012748 0.046449 0 0
0 0 0 0.16688 0 0 0 0 0 0 -0 0.14503 0.021849 0.079609 0 0
0 0 0 0.12194 0 0 0 0 0 0 -0 0.10598 0.015966 0.058173 0 0
0 0 0 0.078035 0 0 0 0 0 0 -0 0.067818 0.010217 0.037226 0 0
0 0 0 0.090039 0 0 0 0 0 0 -0 0.078251 0.011789 0.042953 0 0
0 0 0 0.13079 0 0 0 0 0 0 -0 0.11367 0.017124 0.062393 0 0
-0 -0 -0 0.045925 0 0 0 0 0 0 -0 0.039912 0.0060129 0.021908 0 0
-0 -0 -0 0.016028 0 0 0 0 0 0 -0 0.013929 0.0020985 0.007646 0 0
-0 -0 -0 0.047022 0 0 0 0 0 0 -0 0.040865 0.0061564 0.022431 0 0
0 0 0 0.17102 0 0 0 0 0 0 -0 0.14863 0.022392 0.081586 0 0
-0 -0 -0 0.12529 0 0 0 0 0 0 -0 0.10888 0.016403 0.059767 0 0
0 0 0 0.19826 0 0 0 0 0 0 -0 0.1723 0.025957 0.094577 0 0
-0 -0 -0 0.0031087 0 0 0 0 0 0 -0 0.0027017 0.00040701 0.001483 0 0
0 0 0 0.09323 0 0 0 0 0 0 -0 0.081023 0.012206 0.044475 0 0
0 0 0 0.19405 0 0 0 0 0 0 -0 0.16864 0.025407 0.092571 0 0
-0 -0 -0 0.17403 0 0 0 0 0 0 -0 0.15124 0.022785 0.08302 0 0
-0 -0 -0 0.034801 0 0 0 0 0 0 -0 0.030245 0.0045564 0.016602 0 0
-0 -0 -0 0.17607 0 0 0 0 0 0 -0 0.15301 0.023052 0.083992 0 0
-0 -0 -0 0.17603 0 0 0 0 0 0 -0 0.15298 0.023047 0.083974 0 0
-0 -0 -0 0.090407 0 0 0 0 0 0 -0 0.07857 0.011837 0.043128 0 0
0 0 0 0.12727 0 0 0 0 0 0 -0 0.11061 0.016664 0.060715 0 0
-0 -0 -0 0.13317 0 0 0 0 0 0 -0 0.11574 0.017436 0.06353 0 0
0 0 0 0.031818 0 0 0 0 0 0 -0 0.027652 0.0041658 0.015178 0 0
-0 -0 -0 0.1111 0 0 0 0 0 0 -0 0.096553 0.014546 0.052999 0 0
-0 -0 -0 0.19837 0 0 0 0 0 0 -0 0.1724 0.025972 0.094631 0 0
-0 -0 -0 0.038804 0 0 0 0 0 0 -0 0.033723 0.0050805 0.018511 0 0
0 0 0 0.13956 0 0 0 0 0 0 -0 0.12129 0.018272 0.066577 0 0
-0 -0 -0 0.16807 0 0 0 0 0 0 -0 0.14607 0.022005 0.080177 0 0
-0 -0 -0 0.15574 0 0 0 0 0 0 -0 0.13535 0.02039 0.074294 0 0
