0 0 0 0.11972 0 0 0 0 0 0 -0 0.10404 0.015674 0.057111 0 0
0 0 0 0.068493 0 0 0 0 0 0 -0 0.059525 0.0089676 0.032674 0 0
0 0 0 0.11313 0 0 0 0 0 0 -0 0.098321 0.014812 0.053969 0 0
-0 -0 -0 0.10445 0 0 0 0 0 0 -0 0.090772 0.013675 0.049826 0 0
0 0 0 0.1439 0 0 0 0 0 0 -0 0.12506 0.018841 0.068648 0 0
-0 -0 -0 0.084816 0 0 0 0 0 0 -0 0.073712 0.011105 0.040461 0 0
-0 -0 -0 0.14187 0 0 0 0 0 0 -0 0.1233 0.018575 0.06768 0 0
-0 -0 -0 0.084007 0 0 0 0 0 0 -0 0.073008 0.010999 0.040075 0 0
0 0 0 0.1052 0 0 0 0 0 0 -0 0.091425 0.013773 0.050184 0 0
-0 -0 -0 0.090355 0 0 0 0 0 0 -0 0.078525 0.01183 0.043103 0 0
-0 -0 -0 0.095008 0 0 0 0 0 0 -0 0.082569 0.012439 0.045323 0 0
0 0 0 0.07712 0 0 0 0 0 0 -0 0.067023 0.010097 0.03679 0 0
-0 -0 -0 0.1721 0 0 0 0 0 0 -0 0.14957 0.022533 0.082101 0 0
0 0 0 0.019164 0 0 0 0 0 0 -0 0.016655 0.0025091 0.0091421 0 0
-0 -0 -0 0.14662 0 0 0 0 0 0 -0 0.12743 0.019197 0.069946 0 0
-0 -0 -0 0.1515 0 0 0 0 0 0 -0 0.13167 0.019836 0.072274 0 0
0 0 0 0.12871 0 0 0 0 0 0 -0 0.11186 0.016852 0.0614 0 0
-0 -0 -0 0.1096 0 0 0 0 0 0 -0 0.095253 0.01435 0.052286 0 0
-0 -0 -0 0.085011 0 0 0 0 0 0 -0 0.07388 0.01113 0.040554 0 0
-0 -0 -0 0.11633 0 0 0 0 0 0 -0 0.1011 0.015231 0.055495 0 0
-0 -0 -0 0.039775 0 0 0 0 0 0 -0 0.034568 0.0052077 0.018975 0 0
-0 -0 -0 0.05418 0 0 0 0 0 0 -0 0.047087 0.0070937 0.025846 0 0
-0 -0 -0 0.12571 0 0 0 0 0 0 -0 0.10925 0.016459 0.05997 0 0
0 0 0 0.044117 0 0 0 0 0 0 -0 0.038341 0.0057761 0.021046 0 0
0 0 0 0.081335 0 0 0 0 0 0 -0 0.070686 0.010649 0.0388 0 0
0 0 0 0.061039 0 0 0 0 0 0 -0 0.053047 0.0079917 0.029118 0 0
-0 -0 -0 0.10141 0 0 0 0 0 0 -0 0.088133 0.013277 0.048377 0 0
-0 -0 -0 0.039505 0 0 0 0 0 0 -0 0.034333 0.0051723 0.018846 0 0
-0 -0 -0 0.081628 0 0 0 0 0 0 -0 0.070941 0.010687 0.03894 0 0
-0 -0 -0 0.011986 0 0 0 0 0 0 -0 0.010417 0.0015694 0.0057181 0 0
-0 -0 -0 0.072619 0 0 0 0 0 0 -0 0.063111 0.0095079 0.034643 0 0
-0 -0 -0 0.099116 0 0 0 0 0 0 -0 0.086139 0.012977 0.047283 0 0
0 0 0 0.14975 0 0 0 0 0 0 -0 0.13014 0.019606 0.071437 0 0
-0 -0 -0 0.14685 0 0 0 0 0 0 -0 0.12763 0.019227 0.070055 0 0
-0 -0 -0 0.043425 0 0 0 0 0 0 -0 0.037739 0.0056855 0.020716 0 0
0 0 0 0.14287 0 0 0 0 0 0 -0 0.12417 0.018706 0.068156 0 0
0 0 0 0.020514 0 0 0 0 0 0 -0 0.017828 0.0026858 0.0097859 0 0
0 0 0 0.18488 0 0 0 0 0 0 -0 0.16068 0.024206 0.088198 0 0
0 0 0 0.020185 0 0 0 0 0 0 -0 0.017543 0.0026428 0.0096293 0 0
0 0 0 0.018342 0 0 0 0 0 0 -0 0.015941 0.0024015 0.0087501 0 0
-0 -0 -0 0.15653 0 0 0 0 0 0 -0 0.13604 0.020495 0.074674 0 0
0 0 0 0.12403 0 0 0 0 0 0 -0 0.10779 0.016239 0.059167 0 0
-0 -0 -0 0.094487 0 0 0 0 0 0 -0 0.082116 0.012371 0.045074 0 0
-0 -0 -0 0.04502 0 0 0 0 0 0 -0 0.039126 0.0058944 0.021477 0 0
-0 -0 -0 0.14183 0 0 0 0 0 0 -0 0.12326 0.018569 0.067658 0 0
-0 -0 -0 0.052921 0 0 0 0 0 0 -0 0.045992 0.0069288 0.025246 0 0
-0 -0 -0 0.15813 0 0 0 0 0 0 -0 0.13743 0.020704 0.075435 0 0
-0 -0 -0 0.036613 0 0 0 0 0 0 -0 0.031819 0.0047936 0.017466 0 0
0 0 0 0.10399 0 0 0 0 0 0 -0 0.090378 0.013616 0.04961 0 0
-0 -0 -0 0.19492 0 0 0 0 0 0 -0 0.1694 0.02552 0.092983 0 0
-0 -0 -0 0.0096569 0 0 0 0 0 0 -0 0.0083926 0.0012644 0.0046068 0 0
0 0 0 0.098872 0 0 0 0 0 0 -0 0.085927 0.012945 0.047166 0 0
0 0 0 0.002655 0 0 0 0 0 0 -0 0.0023074 0.00034761 0.0012666 0 0
0 0 0 0.049296 0 0 0 0 0 0 -0 0.042842 0.0064543 0.023517 0 0
-0 -0 -0 0.13969 0 0 0 0 0 0 -0 0.1214 0.018289 0.066637 0 0
-0 -0 -0 0.070145 0 0 0 0 0 0 -0 0.060961 0.0091839 0.033462 0 0
-0 -0 -0 0.10977 0 0 0 0 0 0 -0 0.095402 0.014373 0.052367 0 0
0 0 0 0.099099 0 0 0 0 0 0 -0 0.086124 0.012975 0.047275 0 0
0 0 0 0.04867 0 0 0 0 0 0 -0 0.042297 0.0063722 0.023218 0 0
0 0 0 0.16653 0 0 0 0 0 0 -0 0.14473 0.021804 0.079443 0 0
-0 -0 -0 0.10906 0 0 0 0 0 0 -0 0.094779 0.014279 0.052025 0 0
-0 -0 -0 0.069297 0 0 0 0 0 0 -0 0.060224 0.0090729 0.033058 0 0
-0 -0 -0 0.040273 0 0 0 0 0 0 -0 0.035 0.0052729 0.019212 0 0
0 0 0 0.031678 0 0 0 0 0 0 -0 0.02753 0.0041475 0.015112 0 0
0 0 0 0.15834 0 0 0 0 0 0 -0 0.13761 0.020731 0.075535 0 0
0 0 0 0.093901 0 0 0 0 0 0 -0 0.081606 0.012294 0.044795 0 0
0 0 0 0.044471 0 0 0 0 0 0 -0 0.038648 0.0058224 0.021214 0 0
-0 -0 -0 0.15529 0 0 0 0 0 0 -0 0.13496 0.020332 0.074081 0 0
0 0 0 0.050256 0 0 0 0 0 0 -0 0.043676 0.0065798 0.023974 0 0
0 0 0 0.10648 0 0 0 0 0 0 -0 0.092538 0.013941 0.050795 0 0
-0 -0 -0 0.07519 0 0 0 0 0 0 -0 0.065346 0.0098445 0.035869 0 0
0 0 0 0.091985 0 0 0 0 0 0 -0 0.079941 0.012043 0.043881 0 0
0 0 0 0.16732 0 0 0 0 0 0 -0 0.14542 0.021907 0.079821 0 0
0 0 0 0.12635 0 0 0 0 0 0 -0 0.10981 0.016543 0.060276 0 0
0 0 0 0.18187 0 0 0 0 0 0 -0 0.15806 0.023811 0.086758 0 0
-0 -0 -0 0.16835 0 0 0 0 0 0 -0 0.14631 0.022042 0.080313 0 0
0 0 0 0.058621 0 0 0 0 0 0 -0 0.050946 0.0076751 0.027965 0 0
0 0 0 0.1159 0 0 0 0 0 0 -0 0.10073 0.015175 0.05529 0 0
0 0 0 0.053925 0 0 0 0 0 0 -0 0.046865 0.0070603 0.025725 0 0
-0 -0 -0 0.074083 0 0 0 0 0 0 -0 0.064384 0.0096995 0.035341 0 0
0 0 0 0.034616 0 0 0 0 0 0 -0 0.030084 0.0045323 0.016514 0 0
0 0 0 0.028519 0 0 0 0 0 0 -0 0.024785 0.003734 0.013605 0 0
-0 -0 -0 0.18538 0 0 0 0 0 0 -0 0.16111 0.024272 0.088436 0 0
0 0 0 0.19437 0 0 0 0 0 0 -0 0.16892 0.025448 0.092721 0 0
-0 -0 -0 0.040405 0 0 0 0 0 0 -0 0.035115 0.0052902 0.019275 0 0
-0 -0 -0 0.0093565 0 0 0 0 0 0 -0 0.0081315 0.001225 0.0044635 0 0
-0 -0 -0 0.12908 0 0 0 0 0 0 -0 0.11218 0.0169 0.061576 0 0
-0 -0 -0 0.16954 0 0 0 0 0 0 -0 0.14734 0.022197 0.080876 0 0
0 0 0 0.071383 0 0 0 0 0 0 -0 0.062037 0.009346 0.034053 0 0
-0 -0 -0 0.19239 0 0 0 0 0 0 -0 0.1672 0.025189 0.091778 0 0
0 0 0 0.013936 0 0 0 0 0 0 -0 0.012112 0.0018246 0.0066482 0 0
0 0 0 0.0088699 0 0 0 0 0 0 -0 0.0077086 0.0011613 0.0042313 0 0
0 0 0 0.14926 0 0 0 0 0 0 -0 0.12972 0.019542 0.071203 0 0
-0 -0 -0 0.093226 0 0 0 0 0 0 -0 0.08102 0.012206 0.044473 0 0
-0 -0 -0 0.12957 0 0 0 0 0 0 -0 0.11261 0.016965 0.061812 0 0
-0 -0 -0 0.076102 0 0 0 0 0 0 -0 0.066138 0.0099638 0.036304 0 0
0 0 0 0.014717 0 0 0 0 0 0 -0 0.01279 0.0019269 0.0070208 0 0
-0 -0 -0 0.12947 0 0 0 0 0 0 -0 0.11252 0.016952 0.061765 0 0
-0 -0 -0 0.076337 0 0 0 0 0 0 -0 0.066343 0.0099947 0.036416 0 0
-0 -0 -0 0.08337 0 0 0 0 0 0 -0 0.072454 0.010915 0.039771 0 0
