-0 -0 -0.10624 0 0 0 0 0 0 0 0 0 0 0.034718 -0.061903 -0.079058 0.00048209 -0.0057958 0.0047498 0 0
0 0 0.11229 0 0 0 0 0 0 0 0 0 0 -0.036693 0.065425 0.083556 -0.0013224 0.0058684 -0.0051757 0 0
0 0 0.13596 0 0 0 0 0 0 0 0 0 0 -0.044429 0.079217 0.10117 -0.0017065 0.007065 -0.0062814 0 0
-0 -0 -0.165 0 0 0 0 0 0 0 0 0 0 0.053919 -0.096137 -0.12278 0.00042511 -0.0090783 0.007295 0 0
0 0 0.28817 0 0 0 0 0 0 0 0 0 0 -0.094169 0.1679 0.21444 -0.00503 0.014357 -0.013451 0 0
0 0 0.33372 0 0 0 0 0 0 0 0 0 0 -0.10905 0.19444 0.24833 -0.0063044 0.016388 -0.0156 0 0
0 0 0.2232 0 0 0 0 0 0 0 0 0 0 -0.072936 0.13005 0.16609 -0.0034326 0.011335 -0.010382 0 0
-0 -0 -0.23075 0 0 0 0 0 0 0 0 0 0 0.075407 -0.13445 -0.17171 8.8139e-05 -0.0128 0.010061 0 0
-0 -0 -0.30305 0 0 0 0 0 0 0 0 0 0 0.099033 -0.17658 -0.22551 -0.00061366 -0.016931 0.012987 0 0
-0 -0 -0.070193 0 0 0 0 0 0 0 0 0 0 0.022938 -0.040898 -0.052232 0.00040288 -0.0038068 0.0031577 0 0
0 0 0.24739 0 0 0 0 0 0 0 0 0 0 -0.080842 0.14414 0.18409 -0.0039966 0.012476 -0.011524 0 0
-0 -0 -0.17815 0 0 0 0 0 0 0 0 0 0 0.058217 -0.1038 -0.13257 0.00038076 -0.0098191 0.0078557 0 0
-0 -0 -0.24384 0 0 0 0 0 0 0 0 0 0 0.079683 -0.14208 -0.18145 -1.3254e-05 -0.013545 0.0106 0 0
0 0 0.14933 0 0 0 0 0 0 0 0 0 0 -0.048797 0.087005 0.11112 -0.0019394 0.0077338 -0.0069073 0 0
-0 -0 -0.23257 0 0 0 0 0 0 0 0 0 0 0.076001 -0.13551 -0.17306 7.4724e-05 -0.012903 0.010136 0 0
-0 -0 -0.25128 0 0 0 0 0 0 0 0 0 0 0.082115 -0.14641 -0.18699 -7.598e-05 -0.013969 0.010905 0 0
-0 -0 -0.26177 0 0 0 0 0 0 0 0 0 0 0.085542 -0.15252 -0.19479 -0.00017058 -0.014568 0.011332 0 0
0 0 0.26673 0 0 0 0 0 0 0 0 0 0 -0.087164 0.15541 0.19848 -0.004474 0.013376 -0.012438 0 0
-0 -0 -0.33509 0 0 0 0 0 0 0 0 0 0 0.1095 -0.19524 -0.24935 -0.0010347 -0.018769 0.014242 0 0
0 0 0.064604 0 0 0 0 0 0 0 0 0 0 -0.021111 0.037642 0.048073 -0.00065961 0.0034133 -0.0029623 0 0
0 0 0.16061 0 0 0 0 0 0 0 0 0 0 -0.052485 0.093581 0.11951 -0.0021449 0.0082945 -0.0074366 0 0
-0 -0 -0.055087 0 0 0 0 0 0 0 0 0 0 0.018001 -0.032097 -0.040992 0.00034389 -0.0029798 0.0024842 0 0
-0 -0 -0.28376 0 0 0 0 0 0 0 0 0 0 0.092729 -0.16534 -0.21116 -0.00039265 -0.015826 0.012219 0 0
-0 -0 -0.34617 0 0 0 0 0 0 0 0 0 0 0.11312 -0.2017 -0.2576 -0.001196 -0.019406 0.01467 0 0
-0 -0 -0.25371 0 0 0 0 0 0 0 0 0 0 0.082909 -0.14783 -0.18879 -9.7246e-05 -0.014108 0.011004 0 0
-0 -0 -0.095429 0 0 0 0 0 0 0 0 0 0 0.031185 -0.055602 -0.071011 0.00046745 -0.005197 0.0042746 0 0
0 0 0.275 0 0 0 0 0 0 0 0 0 0 -0.089865 0.16023 0.20463 -0.004685 0.013756 -0.012828 0 0
0 0 0.040332 0 0 0 0 0 0 0 0 0 0 -0.01318 0.023499 0.030012 -0.00037948 0.002142 -0.0018439 0 0
0 0 0.10853 0 0 0 0 0 0 0 0 0 0 -0.035465 0.063235 0.080759 -0.0012648 0.005677 -0.0050006 0 0
-0 -0 -0.070631 0 0 0 0 0 0 0 0 0 0 0.023081 -0.041154 -0.052559 0.00040437 -0.0038309 0.0031772 0 0
-0 -0 -0.27189 0 0 0 0 0 0 0 0 0 0 0.088848 -0.15842 -0.20232 -0.00026875 -0.015146 0.011741 0 0
-0 -0 -0.035595 0 0 0 0 0 0 0 0 0 0 0.011632 -0.02074 -0.026487 0.0002453 -0.0019188 0.0016101 0 0
0 0 0.17371 0 0 0 0 0 0 0 0 0 0 -0.056764 0.10121 0.12926 -0.0023937 0.0089405 -0.0080516 0 0
0 0 0.15382 0 0 0 0 0 0 0 0 0 0 -0.050267 0.089626 0.11446 -0.0020203 0.0079577 -0.0071181 0 0
0 0 0.038943 0 0 0 0 0 0 0 0 0 0 -0.012726 0.022691 0.028979 -0.00036463 0.0020689 -0.0017801 0 0
0 0 0.15263 0 0 0 0 0 0 0 0 0 0 -0.049877 0.088932 0.11358 -0.0019987 0.0078984 -0.0070623 0 0
-0 -0 -0.11752 0 0 0 0 0 0 0 0 0 0 0.038403 -0.068472 -0.087448 0.00048904 -0.006422 0.0052432 0 0
-0 -0 -0.3298 0 0 0 0 0 0 0 0 0 0 0.10777 -0.19216 -0.24542 -0.0009606 -0.018466 0.014037 0 0
0 0 0.057176 0 0 0 0 0 0 0 0 0 0 -0.018684 0.033314 0.042547 -0.00056977 0.0030258 -0.0026194 0 0
0 0 0.11454 0 0 0 0 0 0 0 0 0 0 -0.03743 0.066738 0.085233 -0.0013574 0.005983 -0.0052808 0 0
0 0 0.34047 0 0 0 0 0 0 0 0 0 0 -0.11126 0.19837 0.25335 -0.0065039 0.016682 -0.015919 0 0
-0 -0 -0.17127 0 0 0 0 0 0 0 0 0 0 0.055967 -0.09979 -0.12744 0.00040542 -0.0094311 0.0075626 0 0
0 0 0.22274 0 0 0 0 0 0 0 0 0 0 -0.072787 0.12978 0.16575 -0.0034223 0.011313 -0.010361 0 0
0 0 0.15282 0 0 0 0 0 0 0 0 0 0 -0.04994 0.089043 0.11372 -0.0020022 0.007908 -0.0070712 0 0
0 0 0.28907 0 0 0 0 0 0 0 0 0 0 -0.094462 0.16843 0.2151 -0.0050538 0.014398 -0.013493 0 0
-0 -0 -0.10718 0 0 0 0 0 0 0 0 0 0 0.035024 -0.062449 -0.079755 0.00048299 -0.0058477 0.0047909 0 0
0 0 0.25135 0 0 0 0 0 0 0 0 0 0 -0.082136 0.14645 0.18703 -0.0040924 0.012662 -0.011711 0 0
0 0 0.31932 0 0 0 0 0 0 0 0 0 0 -0.10435 0.18606 0.23762 -0.0058881 0.015754 -0.014922 0 0
0 0 0.049702 0 0 0 0 0 0 0 0 0 0 -0.016242 0.028959 0.036985 -0.00048303 0.0026345 -0.0022749 0 0
0 0 0.12798 0 0 0 0 0 0 0 0 0 0 -0.041822 0.074569 0.095234 -0.001573 0.0066634 -0.0059083 0 0
-0 -0 -0.19918 0 0 0 0 0 0 0 0 0 0 0.06509 -0.11606 -0.14822 0.00028587 -0.011008 0.0087446 0 0
0 0 0.32101 0 0 0 0 0 0 0 0 0 0 -0.1049 0.18704 0.23887 -0.0059362 0.015829 -0.015001 0 0
-0 -0 -0.28547 0 0 0 0 0 0 0 0 0 0 0.093287 -0.16633 -0.21243 -0.0004112 -0.015923 0.012287 0 0
0 0 0.13629 0 0 0 0 0 0 0 0 0 0 -0.044537 0.079409 0.10142 -0.0017121 0.0070815 -0.0062967 0 0
-0 -0 -0.1469 0 0 0 0 0 0 0 0 0 0 0.048005 -0.085594 -0.10931 0.00046724 -0.0080625 0.0065182 0 0
0 0 0.18143 0 0 0 0 0 0 0 0 0 0 -0.059289 0.10571 0.13501 -0.0025457 0.0093192 -0.0084149 0 0
0 0 0.23814 0 0 0 0 0 0 0 0 0 0 -0.077819 0.13875 0.1772 -0.0037767 0.012042 -0.011088 0 0
0 0 0.27842 0 0 0 0 0 0 0 0 0 0 -0.090982 0.16222 0.20718 -0.0047735 0.013913 -0.01299 0 0
0 0 0.29888 0 0 0 0 0 0 0 0 0 0 -0.09767 0.17415 0.22241 -0.0053184 0.014842 -0.013957 0 0
-0 -0 -0.091629 0 0 0 0 0 0 0 0 0 0 0.029943 -0.053388 -0.068183 0.00046044 -0.004987 0.004107 0 0
-0 -0 -0.25506 0 0 0 0 0 0 0 0 0 0 0.083349 -0.14861 -0.1898 -0.0001092 -0.014185 0.011059 0 0
-0 -0 -0.044081 0 0 0 0 0 0 0 0 0 0 0.014405 -0.025684 -0.032802 0.00029133 -0.0023799 0.0019914 0 0
-0 -0 -0.20381 0 0 0 0 0 0 0 0 0 0 0.066602 -0.11875 -0.15166 0.00026104 -0.01127 0.0089389 0 0
-0 -0 -0.092325 0 0 0 0 0 0 0 0 0 0 0.03017 -0.053793 -0.068701 0.0004618 -0.0050254 0.0041377 0 0
0 0 0.33115 0 0 0 0 0 0 0 0 0 0 -0.10821 0.19294 0.24642 -0.0062291 0.016275 -0.015479 0 0
-0 -0 -0.015675 0 0 0 0 0 0 0 0 0 0 0.0051224 -0.0091332 -0.011664 0.0001184 -0.00084186 0.00071118 0 0
0 0 0.2443 0 0 0 0 0 0 0 0 0 0 -0.079833 0.14234 0.18179 -0.0039226 0.012332 -0.011378 0 0
-0 -0 -0.20954 0 0 0 0 0 0 0 0 0 0 0.068473 -0.12209 -0.15592 0.00022835 -0.011594 0.0091786 0 0
-0 -0 -0.11802 0 0 0 0 0 0 0 0 0 0 0.038568 -0.068768 -0.087825 0.00048916 -0.0064502 0.0052653 0 0
0 0 0.28779 0 0 0 0 0 0 0 0 0 0 -0.094043 0.16768 0.21415 -0.0050197 0.01434 -0.013432 0 0
-0 -0 -0.020203 0 0 0 0 0 0 0 0 0 0 0.0066021 -0.011772 -0.015034 0.00014956 -0.001086 0.00091602 0 0
-0 -0 -0.22156 0 0 0 0 0 0 0 0 0 0 0.072401 -0.12909 -0.16487 0.0001526 -0.012277 0.0096797 0 0
-0 -0 -0.26777 0 0 0 0 0 0 0 0 0 0 0.087503 -0.15602 -0.19926 -0.00022801 -0.014911 0.011575 0 0
-0 -0 -0.33564 0 0 0 0 0 0 0 0 0 0 0.10968 -0.19556 -0.24976 -0.0010425 -0.018801 0.014263 0 0
-0 -0 -0.080457 0 0 0 0 0 0 0 0 0 0 0.026292 -0.046879 -0.05987 0.00043427 -0.004371 0.0036132 0 0
-0 -0 -0.068593 0 0 0 0 0 0 0 0 0 0 0.022415 -0.039966 -0.051042 0.00039735 -0.003719 0.0030865 0 0
-0 -0 -0.01399 0 0 0 0 0 0 0 0 0 0 0.0045716 -0.0081511 -0.01041 0.00010645 -0.0007511 0.00063486 0 0
-0 -0 -0.16552 0 0 0 0 0 0 0 0 0 0 0.05409 -0.096442 -0.12317 0.00042357 -0.0091077 0.0073174 0 0
0 0 0.34079 0 0 0 0 0 0 0 0 0 0 -0.11137 0.19857 0.25359 -0.0065136 0.016697 -0.015934 0 0
-0 -0 -0.003182 0 0 0 0 0 0 0 0 0 0 0.0010398 -0.001854 -0.0023678 2.5354e-05 -0.00017049 0.00014463 0 0
0 0 0.31193 0 0 0 0 0 0 0 0 0 0 -0.10193 0.18175 0.23211 -0.005679 0.015426 -0.014572 0 0
-0 -0 -0.14517 0 0 0 0 0 0 0 0 0 0 0.047437 -0.084581 -0.10802 0.00047013 -0.0079652 0.0064432 0 0
-0 -0 -0.19593 0 0 0 0 0 0 0 0 0 0 0.064028 -0.11416 -0.1458 0.00030247 -0.010824 0.0086078 0 0
0 0 0.12329 0 0 0 0 0 0 0 0 0 0 -0.040289 0.071836 0.091744 -0.0014964 0.0064265 -0.0056892 0 0
0 0 0.16496 0 0 0 0 0 0 0 0 0 0 -0.053907 0.096117 0.12275 -0.0022264 0.0085097 -0.0076409 0 0
-0 -0 -0.086811 0 0 0 0 0 0 0 0 0 0 0.028368 -0.050581 -0.064598 0.00045018 -0.0047211 0.0038943 0 0
0 0 0.022067 0 0 0 0 0 0 0 0 0 0 -0.0072112 0.012858 0.016421 -0.0001943 0.0011764 -0.0010065 0 0
0 0 0.14294 0 0 0 0 0 0 0 0 0 0 -0.046711 0.083285 0.10637 -0.0018267 0.007415 -0.0066082 0 0
0 0 0.092319 0 0 0 0 0 0 0 0 0 0 -0.030168 0.05379 0.068697 -0.0010268 0.0048474 -0.0042464 0 0
-0 -0 -0.22623 0 0 0 0 0 0 0 0 0 0 0.073928 -0.13181 -0.16834 0.00012055 -0.012542 0.0098736 0 0
-0 -0 -0.2593 0 0 0 0 0 0 0 0 0 0 0.084736 -0.15109 -0.19296 -0.00014769 -0.014427 0.011232 0 0
0 0 0.12692 0 0 0 0 0 0 0 0 0 0 -0.041476 0.073952 0.094447 -0.0015556 0.0066101 -0.0058589 0 0
0 0 0.011425 0 0 0 0 0 0 0 0 0 0 -0.0037335 0.0066568 0.0085016 -9.6567e-05 0.00061038 -0.00052033 0 0
0 0 0.30132 0 0 0 0 0 0 0 0 0 0 -0.098468 0.17557 0.22422 -0.0053851 0.014951 -0.014072 0 0
-0 -0 -0.26228 0 0 0 0 0 0 0 0 0 0 0.085708 -0.15282 -0.19517 -0.00017535 -0.014597 0.011352 0 0
-0 -0 -0.26249 0 0 0 0 0 0 0 0 0 0 0.085777 -0.15294 -0.19532 -0.00017733 -0.014609 0.011361 0 0
0 0 0.27728 0 0 0 0 0 0 0 0 0 0 -0.09061 0.16156 0.20633 -0.004744 0.013861 -0.012936 0 0
0 0 0.099093 0 0 0 0 0 0 0 0 0 0 -0.032382 0.057737 0.073738 -0.0011242 0.005195 -0.0045614 0 0
-0 -0 -0.27684 0 0 0 0 0 0 0 0 0 0 0.090467 -0.1613 -0.20601 -0.00031931 -0.01543 0.011941 0 0
0 0 0.24695 0 0 0 0 0 0 0 0 0 0 -0.0807 0.14389 0.18376 -0.0039862 0.012456 -0.011504 0 0
