-0 -0 -0 0.08294 0 0 0 0 0 0 -0 0.072081 0.010859 0.039566 0 0
-0 -0 -0 0.041391 0 0 0 0 0 0 -0 0.035972 0.0054192 0.019745 0 0
0 0 0 0.081332 0 0 0 0 0 0 -0 0.070684 0.010649 0.038799 0 0
-0 -0 -0 0.14148 0 0 0 0 0 0 -0 0.12296 0.018524 0.067492 0 0
-0 -0 -0 0.017935 0 0 0 0 0 0 -0 0.015587 0.0023482 0.0085557 0 0
0 0 0 0.0097013 0 0 0 0 0 0 -0 0.0084311 0.0012702 0.0046279 0 0
0 0 0 0.019495 0 0 0 0 0 0 -0 0.016942 0.0025524 0.0092999 0 0
0 0 0 0.14927 0 0 0 0 0 0 -0 0.12973 0.019544 0.071211 0 0
0 0 0 0.12112 0 0 0 0 0 0 -0 0.10526 0.015857 0.057777 0 0
0 0 0 0.18083 0 0 0 0 0 0 -0 0.15716 0.023676 0.086266 0 0
0 0 0 0.056407 0 0 0 0 0 0 -0 0.049022 0.0073853 0.026909 0 0
-0 -0 -0 0.021464 0 0 0 0 0 0 -0 0.018654 0.0028103 0.010239 0 0
0 0 0 0.16276 0 0 0 0 0 0 -0 0.14145 0.02131 0.077644 0 0
-0 -0 -0 0.03594 0 0 0 0 0 0 -0 0.031235 0.0047056 0.017145 0 0
0 0 0 0.055209 0 0 0 0 0 0 -0 0.04798 0.0072284 0.026337 0 0
0 0 0 0.17105 0 0 0 0 0 0 -0 0.14865 0.022395 0.081597 0 0
0 0 0 0.039071 0 0 0 0 0 0 -0 0.033956 0.0051155 0.018639 0 0
-0 -0 -0 0.049187 0 0 0 0 0 0 -0 0.042747 0.00644 0.023464 0 0
0 0 0 0.091393 0 0 0 0 0 0 -0 0.079427 0.011966 0.043599 0 0
0 0 0 0.048628 0 0 0 0 0 0 -0 0.042261 0.0063667 0.023198 0 0
0 0 0 0.10244 0 0 0 0 0 0 -0 0.089029 0.013412 0.048869 0 0
0 0 0 0.14702 0 0 0 0 0 0 -0 0.12777 0.019249 0.070136 0 0
0 0 0 0.13286 0 0 0 0 0 0 -0 0.11547 0.017396 0.063382 0 0
-0 -0 -0 0.074466 0 0 0 0 0 0 -0 0.064717 0.0097497 0.035524 0 0
0 0 0 0.042286 0 0 0 0 0 0 -0 0.03675 0.0055364 0.020172 0 0
0 0 0 0.04792 0 0 0 0 0 0 -0 0.041646 0.0062741 0.02286 0 0
-0 -0 -0 0.087963 0 0 0 0 0 0 -0 0.076446 0.011517 0.041962 0 0
-0 -0 -0 0.16329 0 0 0 0 0 0 -0 0.14191 0.021379 0.077897 0 0
0 0 0 0.080554 0 0 0 0 0 0 -0 0.070008 0.010547 0.038428 0 0
-0 -0 -0 0.11385 0 0 0 0 0 0 -0 0.098946 0.014906 0.054313 0 0
-0 -0 -0 0.026096 0 0 0 0 0 0 -0 0.022679 0.0034166 0.012449 0 0
0 0 0 0.045221 0 0 0 0 0 0 -0 0.039301 0.0059207 0.021573 0 0
0 0 0 0.15057 0 0 0 0 0 0 -0 0.13086 0.019714 0.07183 0 0
-0 -0 -0 0.13184 0 0 0 0 0 0 -0 0.11458 0.017261 0.062892 0 0
-0 -0 -0 0.14389 0 0 0 0 0 0 -0 0.12505 0.01884 0.068643 0 0
0 0 0 0.026205 0 0 0 0 0 0 -0 0.022774 0.003431 0.012501 0 0
-0 -0 -0 0.19636 0 0 0 0 0 0 -0 0.17065 0.025709 0.093672 0 0
0 0 0 0.1394 0 0 0 0 0 0 -0 0.12115 0.018251 0.066499 0 0
0 0 0 0.085838 0 0 0 0 0 0 -0 0.0746 0.011239 0.040949 0 0
-0 -0 -0 0.0074189 0 0 0 0 0 0 -0 0.0064476 0.00097134 0.0035391 0 0
0 0 0 0.19497 0 0 0 0 0 0 -0 0.16944 0.025527 0.093009 0 0
0 0 0 0.045276 0 0 0 0 0 0 -0 0.039348 0.0059279 0.021599 0 0
0 0 0 0.033047 0 0 0 0 0 0 -0 0.02872 0.0043268 0.015765 0 0
0 0 0 0.014669 0 0 0 0 0 0 -0 0.012749 0.0019206 0.0069979 0 0
0 0 0 0.16661 0 0 0 0 0 0 -0 0.1448 0.021814 0.079482 0 0
-0 -0 -0 0.018151 0 0 0 0 0 0 -0 0.015775 0.0023765 0.008659 0 0
-0 -0 -0 0.18595 0 0 0 0 0 0 -0 0.1616 0.024346 0.088706 0 0
0 0 0 0.026432 0 0 0 0 0 0 -0 0.022971 0.0034607 0.012609 0 0
0 0 0 0.14938 0 0 0 0 0 0 -0 0.12982 0.019558 0.071261 0 0
0 0 0 0.027708 0 0 0 0 0 0 -0 0.02408 0.0036277 0.013218 0 0
0 0 0 0.095434 0 0 0 0 0 0 -0 0.082939 0.012495 0.045526 0 0
-0 -0 -0 0.091824 0 0 0 0 0 0 -0 0.079802 0.012022 0.043804 0 0
-0 -0 -0 0.17883 0 0 0 0 0 0 -0 0.15542 0.023414 0.085311 0 0
0 0 0 0.10556 0 0 0 0 0 0 -0 0.091736 0.01382 0.050355 0 0
0 0 0 0.13098 0 0 0 0 0 0 -0 0.11383 0.017149 0.062484 0 0
0 0 0 0.026778 0 0 0 0 0 0 -0 0.023272 0.003506 0.012774 0 0
0 0 0 0.14061 0 0 0 0 0 0 -0 0.1222 0.01841 0.067078 0 0
-0 -0 -0 0.029957 0 0 0 0 0 0 -0 0.026035 0.0039222 0.014291 0 0
-0 -0 -0 0.1486 0 0 0 0 0 0 -0 0.12914 0.019456 0.070888 0 0
0 0 0 0.19666 0 0 0 0 0 0 -0 0.17091 0.025748 0.093813 0 0
-0 -0 -0 0.18777 0 0 0 0 0 0 -0 0.16318 0.024584 0.089573 0 0
0 0 0 0.14616 0 0 0 0 0 0 -0 0.12703 0.019137 0.069727 0 0
-0 -0 -0 0.10653 0 0 0 0 0 0 -0 0.092584 0.013948 0.05082 0 0
0 0 0 0.16234 0 0 0 0 0 0 -0 0.14108 0.021255 0.077443 0 0
-0 -0 -0 0.19195 0 0 0 0 0 0 -0 0.16681 0.025131 0.091567 0 0
-0 -0 -0 0.17158 0 0 0 0 0 0 -0 0.14912 0.022465 0.081853 0 0
-0 -0 -0 0.033187 0 0 0 0 0 0 -0 0.028842 0.0043451 0.015832 0 0
-0 -0 -0 0.15208 0 0 0 0 0 0 -0 0.13216 0.019911 0.072547 0 0
-0 -0 -0 0.15214 0 0 0 0 0 0 -0 0.13222 0.01992 0.072579 0 0
0 0 0 0.10576 0 0 0 0 0 0 -0 0.091911 0.013847 0.050451 0 0
-0 -0 -0 0.14677 0 0 0 0 0 0 -0 0.12756 0.019217 0.070018 0 0
0 0 0 0.16968 0 0 0 0 0 0 -0 0.14746 0.022215 0.080943 0 0
0 0 0 0.075916 0 0 0 0 0 0 -0 0.065976 0.0099395 0.036215 0 0
-0 -0 -0 0.053056 0 0 0 0 0 0 -0 0.04611 0.0069465 0.02531 0 0
0 0 0 0.19954 0 0 0 0 0 0 -0 0.17341 0.026125 0.095189 0 0
-0 -0 -0 0.17789 0 0 0 0 0 0 -0 0.1546 0.023291 0.084862 0 0
-0 -0 -0 0.073037 0 0 0 0 0 0 -0 0.063475 0.0095626 0.034842 0 0
-0 -0 -0 0.16331 0 0 0 0 0 0 -0 0.14193 0.021382 0.077907 0 0
-0 -0 -0 0.12965 0 0 0 0 0 0 -0 0.11268 0.016975 0.06185 0 0
-0 -0 -0 0.12151 0 0 0 0 0 0 -0 0.1056 0.015908 0.057963 0 0
0 0 0 0.17036 0 0 0 0 0 0 -0 0.14806 0.022305 0.08127 0 0
0 0 0 0.0013576 0 0 0 0 0 0 -0 0.0011799 0.00017775 0.00064765 0 0
-0 -0 -0 0.11387 0 0 0 0 0 0 -0 0.09896 0.014909 0.05432 0 0
0 0 0 0.12226 0 0 0 0 0 0 -0 0.10626 0.016008 0.058326 0 0
0 0 0 0.062859 0 0 0 0 0 0 -0 0.054629 0.0082299 0.029986 0 0
0 0 0 0.037663 0 0 0 0 0 0 -0 0.032732 0.0049311 0.017967 0 0
0 0 0 0.19751 0 0 0 0 0 0 -0 0.17165 0.025859 0.09422 0 0
0 0 0 0.070697 0 0 0 0 0 0 -0 0.06144 0.0092561 0.033725 0 0
0 0 0 0.16611 0 0 0 0 0 0 -0 0.14436 0.021748 0.079242 0 0
0 0 0 0.079789 0 0 0 0 0 0 -0 0.069342 0.010447 0.038063 0 0
-0 -0 -0 0.13516 0 0 0 0 0 0 -0 0.11747 0.017696 0.064478 0 0
0 0 0 0.046062 0 0 0 0 0 0 -0 0.040032 0.0060309 0.021974 0 0
-0 -0 -0 0.016864 0 0 0 0 0 0 -0 0.014656 0.0022079 0.0080448 0 0
-0 -0 -0 0.069234 0 0 0 0 0 0 -0 0.060169 0.0090646 0.033028 0 0
-0 -0 -0 0.037695 0 0 0 0 0 0 -0 0.03276 0.0049353 0.017982 0 0
0 0 0 0.15625 0 0 0 0 0 0 -0 0.13579 0.020458 0.074539 0 0
0 0 0 0.13897 0 0 0 0 0 0 -0 0.12077 0.018195 0.066294 0 0
0 0 0 0.18763 0 0 0 0 0 0 -0 0.16306 0.024566 0.089506 0 0
-0 -0 -0 0.12594 0 0 0 0 0 0 -0 0.10945 0.016489 0.060081 0 0
0 0 0 0.0133 0 0 0 0 0 0 -0 0.011558 0.0017413 0.0063445 0 0
