0 0 0 0.13662 0 0 0 0 0 0 0 0.11105 -0.024834 0.075612 0 0
0 0 0 0.050548 0 0 0 0 0 0 0 0.041086 -0.0091881 0.027975 0 0
0 0 0 0.13505 0 0 0 0 0 0 0 0.10977 -0.024548 0.074743 0 0
0 0 0 0.14837 0 0 0 0 0 0 0 0.12059 -0.026969 0.082112 0 0
0 0 0 0.10182 0 0 0 0 0 0 0 0.082759 -0.018508 0.05635 0 0
0 0 0 0.13023 0 0 0 0 0 0 0 0.10585 -0.023672 0.072073 0 0
0 0 0 0.10831 0 0 0 0 0 0 0 0.088038 -0.019688 0.059944 0 0
0 0 0 0.039145 0 0 0 0 0 0 0 0.031817 -0.0071154 0.021664 0 0
-0 -0 -0 0.099622 0 0 0 0 0 0 0 0.080974 -0.018108 0.055135 0 0
-0 -0 -0 0.07446 0 0 0 0 0 0 0 0.060522 -0.013535 0.041209 0 0
-0 -0 -0 0.14579 0 0 0 0 0 0 0 0.1185 -0.0265 0.080684 0 0
0 0 0 0.17559 0 0 0 0 0 0 0 0.14272 -0.031917 0.097178 0 0
0 0 0 0.042673 0 0 0 0 0 0 0 0.034685 -0.0077567 0.023617 0 0
-0 -0 -0 0.10783 0 0 0 0 0 0 0 0.087642 -0.0196 0.059675 0 0
0 0 0 0.004393 0 0 0 0 0 0 0 0.0035707 -0.00079852 0.0024313 0 0
0 0 0 0.071991 0 0 0 0 0 0 0 0.058515 -0.013086 0.039843 0 0
-0 -0 -0 0.1302 0 0 0 0 0 0 0 0.10583 -0.023666 0.072056 0 0
0 0 0 0.078186 0 0 0 0 0 0 0 0.06355 -0.014212 0.043271 0 0
-0 -0 -0 0.051525 0 0 0 0 0 0 0 0.04188 -0.0093658 0.028516 0 0
0 0 0 0.13632 0 0 0 0 0 0 0 0.1108 -0.024778 0.075443 0 0
0 0 0 0.034722 0 0 0 0 0 0 0 0.028223 -0.0063116 0.019217 0 0
0 0 0 0.05135 0 0 0 0 0 0 0 0.041738 -0.0093339 0.028419 0 0
0 0 0 0.085098 0 0 0 0 0 0 0 0.069169 -0.015468 0.047097 0 0
-0 -0 -0 0.041403 0 0 0 0 0 0 0 0.033653 -0.0075258 0.022914 0 0
0 0 0 0.19643 0 0 0 0 0 0 0 0.15966 -0.035705 0.10871 0 0
-0 -0 -0 0.014034 0 0 0 0 0 0 0 0.011407 -0.0025511 0.0077672 0 0
-0 -0 -0 0.12865 0 0 0 0 0 0 0 0.10457 -0.023385 0.0712 0 0
-0 -0 -0 0.16553 0 0 0 0 0 0 0 0.13454 -0.030088 0.091608 0 0
0 0 0 0.067541 0 0 0 0 0 0 0 0.054898 -0.012277 0.03738 0 0
0 0 0 0.15617 0 0 0 0 0 0 0 0.12694 -0.028388 0.086433 0 0
0 0 0 0.054921 0 0 0 0 0 0 0 0.04464 -0.009983 0.030395 0 0
0 0 0 0.18389 0 0 0 0 0 0 0 0.14947 -0.033426 0.10177 0 0
-0 -0 -0 0.027943 0 0 0 0 0 0 0 0.022713 -0.0050793 0.015465 0 0
-0 -0 -0 0.069645 0 0 0 0 0 0 0 0.056608 -0.012659 0.038544 0 0
0 0 0 0.10461 0 0 0 0 0 0 0 0.085027 -0.019015 0.057894 0 0
0 0 0 0.051553 0 0 0 0 0 0 0 0.041903 -0.0093709 0.028532 0 0
-0 -0 -0 0.15896 0 0 0 0 0 0 0 0.12921 -0.028895 0.087977 0 0
0 0 0 0.043292 0 0 0 0 0 0 0 0.035188 -0.0078692 0.023959 0 0
0 0 0 0.12601 0 0 0 0 0 0 0 0.10242 -0.022904 0.069737 0 0
-0 -0 -0 0.12129 0 0 0 0 0 0 0 0.098589 -0.022048 0.067129 0 0
0 0 0 0.0393 0 0 0 0 0 0 0 0.031943 -0.0071436 0.02175 0 0
-0 -0 -0 0.099341 0 0 0 0 0 0 0 0.080746 -0.018057 0.054979 0 0
-0 -0 -0 0.057515 0 0 0 0 0 0 0 0.046749 -0.010455 0.031831 0 0
-0 -0 -0 0.022583 0 0 0 0 0 0 0 0.018355 -0.0041049 0.012498 0 0
0 0 0 0.028414 0 0 0 0 0 0 0 0.023095 -0.0051648 0.015725 0 0
-0 -0 -0 0.054762 0 0 0 0 0 0 0 0.044511 -0.0099542 0.030307 0 0
-0 -0 -0 0.09528 0 0 0 0 0 0 0 0.077445 -0.017319 0.052732 0 0
-0 -0 -0 0.18658 0 0 0 0 0 0 0 0.15165 -0.033915 0.10326 0 0
-0 -0 -0 0.099912 0 0 0 0 0 0 0 0.08121 -0.018161 0.055295 0 0
-0 -0 -0 0.16184 0 0 0 0 0 0 0 0.13154 -0.029418 0.089568 0 0
-0 -0 -0 0.17606 0 0 0 0 0 0 0 0.1431 -0.032002 0.097438 0 0
0 0 0 0.14108 0 0 0 0 0 0 0 0.11467 -0.025644 0.078079 0 0
0 0 0 0.13759 0 0 0 0 0 0 0 0.11183 -0.02501 0.076148 0 0
-0 -0 -0 0.112 0 0 0 0 0 0 0 0.091034 -0.020358 0.061985 0 0
-0 -0 -0 0.063637 0 0 0 0 0 0 0 0.051725 -0.011567 0.035219 0 0
0 0 0 0.077679 0 0 0 0 0 0 0 0.063138 -0.01412 0.042991 0 0
-0 -0 -0 0.17659 0 0 0 0 0 0 0 0.14353 -0.032098 0.09773 0 0
0 0 0 0.14354 0 0 0 0 0 0 0 0.11667 -0.026092 0.079442 0 0
0 0 0 0.029582 0 0 0 0 0 0 0 0.024045 -0.0053772 0.016372 0 0
-0 -0 -0 0.074692 0 0 0 0 0 0 0 0.060711 -0.013577 0.041338 0 0
-0 -0 -0 0.072018 0 0 0 0 0 0 0 0.058537 -0.013091 0.039857 0 0
0 0 0 0.049271 0 0 0 0 0 0 0 0.040048 -0.0089561 0.027268 0 0
-0 -0 -0 0.029069 0 0 0 0 0 0 0 0.023627 -0.0052839 0.016088 0 0
-0 -0 -0 0.13986 0 0 0 0 0 0 0 0.11368 -0.025423 0.077404 0 0
0 0 0 0.023333 0 0 0 0 0 0 0 0.018965 -0.0042412 0.012913 0 0
-0 -0 -0 0.18212 0 0 0 0 0 0 0 0.14803 -0.033104 0.10079 0 0
0 0 0 0.08694 0 0 0 0 0 0 0 0.070666 -0.015803 0.048116 0 0
0 0 0 0.017226 0 0 0 0 0 0 0 0.014002 -0.0031313 0.0095337 0 0
0 0 0 0.030698 0 0 0 0 0 0 0 0.024952 -0.0055801 0.01699 0 0
-0 -0 -0 0.044085 0 0 0 0 0 0 0 0.035833 -0.0080134 0.024398 0 0
0 0 0 0.16618 0 0 0 0 0 0 0 0.13507 -0.030206 0.091968 0 0
-0 -0 -0 0.11637 0 0 0 0 0 0 0 0.094586 -0.021153 0.064403 0 0
0 0 0 0.027043 0 0 0 0 0 0 0 0.021981 -0.0049156 0.014966 0 0
0 0 0 0.067194 0 0 0 0 0 0 0 0.054616 -0.012214 0.037188 0 0
0 0 0 0.02899 0 0 0 0 0 0 0 0.023563 -0.0052695 0.016044 0 0
0 0 0 0.098594 0 0 0 0 0 0 0 0.080138 -0.017922 0.054566 0 0
0 0 0 0.058249 0 0 0 0 0 0 0 0.047345 -0.010588 0.032237 0 0
0 0 0 0.17429 0 0 0 0 0 0 0 0.14166 -0.031681 0.096458 0 0
0 0 0 0.051194 0 0 0 0 0 0 0 0.041611 -0.0093056 0.028333 0 0
0 0 0 0.11817 0 0 0 0 0 0 0 0.096053 -0.021481 0.065402 0 0
-0 -0 -0 0.058319 0 0 0 0 0 0 0 0.047402 -0.010601 0.032276 0 0
0 0 0 0.15159 0 0 0 0 0 0 0 0.12321 -0.027554 0.083895 0 0
-0 -0 -0 0.024987 0 0 0 0 0 0 0 0.02031 -0.0045419 0.013829 0 0
0 0 0 0.18568 0 0 0 0 0 0 0 0.15092 -0.033751 0.10276 0 0
0 0 0 0.070246 0 0 0 0 0 0 0 0.057097 -0.012769 0.038877 0 0
0 0 0 0.10385 0 0 0 0 0 0 0 0.084413 -0.018877 0.057476 0 0
0 0 0 0.092595 0 0 0 0 0 0 0 0.075262 -0.016831 0.051246 0 0
0 0 0 0.025338 0 0 0 0 0 0 0 0.020595 -0.0046057 0.014023 0 0
-0 -0 -0 0.078917 0 0 0 0 0 0 0 0.064145 -0.014345 0.043676 0 0
-0 -0 -0 0.085535 0 0 0 0 0 0 0 0.069524 -0.015548 0.047338 0 0
-0 -0 -0 0.032914 0 0 0 0 0 0 0 0.026753 -0.0059829 0.018216 0 0
0 0 0 0.1414 0 0 0 0 0 0 0 0.11493 -0.025703 0.078258 0 0
0 0 0 0.11072 0 0 0 0 0 0 0 0.089998 -0.020126 0.061279 0 0
-0 -0 -0 0.085008 0 0 0 0 0 0 0 0.069096 -0.015452 0.047047 0 0
0 0 0 0.18106 0 0 0 0 0 0 0 0.14717 -0.032912 0.10021 0 0
-0 -0 -0 0.1297 0 0 0 0 0 0 0 0.10542 -0.023576 0.071783 0 0
0 0 0 0.17097 0 0 0 0 0 0 0 0.13897 -0.031077 0.094621 0 0
0 0 0 0.11776 0 0 0 0 0 0 0 0.095718 -0.021406 0.065174 0 0
0 0 0 0.10698 0 0 0 0 0 0 0 0.086954 -0.019446 0.059207 0 0
-0 -0 -0 0.11135 0 0 0 0 0 0 0 0.090506 -0.02024 0.061625 0 0
