-0 -0 -0 0.091336 0 0 0 0 0 0 0 0.074239 -0.016602 0.050549 0 0
0 0 0 0.17126 0 0 0 0 0 0 0 0.1392 -0.031131 0.094783 0 0
0 0 0 0.0066629 0 0 0 0 0 0 0 0.0054157 -0.0012111 0.0036875 0 0
-0 -0 -0 0.095649 0 0 0 0 0 0 0 0.077745 -0.017386 0.052936 0 0
0 0 0 0.079516 0 0 0 0 0 0 0 0.064632 -0.014454 0.044007 0 0
-0 -0 -0 0.15309 0 0 0 0 0 0 0 0.12444 -0.027828 0.084728 0 0
-0 -0 -0 0.045576 0 0 0 0 0 0 0 0.037045 -0.0082845 0.025224 0 0
-0 -0 -0 0.14581 0 0 0 0 0 0 0 0.11852 -0.026505 0.080699 0 0
0 0 0 0.027192 0 0 0 0 0 0 0 0.022102 -0.0049427 0.015049 0 0
-0 -0 -0 0.032186 0 0 0 0 0 0 0 0.026161 -0.0058505 0.017813 0 0
0 0 0 0.081906 0 0 0 0 0 0 0 0.066574 -0.014888 0.04533 0 0
0 0 0 0.18228 0 0 0 0 0 0 0 0.14816 -0.033134 0.10088 0 0
-0 -0 -0 0.15083 0 0 0 0 0 0 0 0.1226 -0.027417 0.083475 0 0
0 0 0 0.073345 0 0 0 0 0 0 0 0.059616 -0.013332 0.040592 0 0
-0 -0 -0 0.02384 0 0 0 0 0 0 0 0.019377 -0.0043334 0.013194 0 0
0 0 0 0.095445 0 0 0 0 0 0 0 0.077579 -0.017349 0.052823 0 0
-0 -0 -0 0.15214 0 0 0 0 0 0 0 0.12366 -0.027655 0.0842 0 0
-0 -0 -0 0.10742 0 0 0 0 0 0 0 0.087312 -0.019526 0.05945 0 0
-0 -0 -0 0.16787 0 0 0 0 0 0 0 0.13645 -0.030515 0.092908 0 0
-0 -0 -0 0.10756 0 0 0 0 0 0 0 0.087429 -0.019552 0.05953 0 0
0 0 0 0.18671 0 0 0 0 0 0 0 0.15176 -0.033939 0.10333 0 0
-0 -0 -0 0.039933 0 0 0 0 0 0 0 0.032458 -0.0072587 0.0221 0 0
-0 -0 -0 0.12876 0 0 0 0 0 0 0 0.10466 -0.023405 0.071262 0 0
0 0 0 0.022965 0 0 0 0 0 0 0 0.018666 -0.0041743 0.01271 0 0
-0 -0 -0 0.084729 0 0 0 0 0 0 0 0.068869 -0.015401 0.046892 0 0
0 0 0 0.13596 0 0 0 0 0 0 0 0.11051 -0.024714 0.075246 0 0
0 0 0 0.16831 0 0 0 0 0 0 0 0.13681 -0.030595 0.093151 0 0
0 0 0 0.16056 0 0 0 0 0 0 0 0.13051 -0.029186 0.088862 0 0
-0 -0 -0 0.1351 0 0 0 0 0 0 0 0.10981 -0.024557 0.074767 0 0
0 0 0 0.13205 0 0 0 0 0 0 0 0.10734 -0.024004 0.073084 0 0
-0 -0 -0 0.16903 0 0 0 0 0 0 0 0.13739 -0.030726 0.09355 0 0
0 0 0 0.055541 0 0 0 0 0 0 0 0.045145 -0.010096 0.030739 0 0
0 0 0 0.17241 0 0 0 0 0 0 0 0.14014 -0.03134 0.095421 0 0
0 0 0 0.13022 0 0 0 0 0 0 0 0.10585 -0.023671 0.072071 0 0
0 0 0 0.08998 0 0 0 0 0 0 0 0.073137 -0.016356 0.049799 0 0
-0 -0 -0 0.13595 0 0 0 0 0 0 0 0.1105 -0.024712 0.07524 0 0
-0 -0 -0 0.18144 0 0 0 0 0 0 0 0.14747 -0.03298 0.10041 0 0
0 0 0 0.10769 0 0 0 0 0 0 0 0.087529 -0.019574 0.059598 0 0
0 0 0 0.19084 0 0 0 0 0 0 0 0.15512 -0.03469 0.10562 0 0
0 0 0 0.16868 0 0 0 0 0 0 0 0.1371 -0.030661 0.093353 0 0
-0 -0 -0 0.071123 0 0 0 0 0 0 0 0.05781 -0.012928 0.039362 0 0
0 0 0 0.032025 0 0 0 0 0 0 0 0.026031 -0.0058213 0.017724 0 0
-0 -0 -0 0.049143 0 0 0 0 0 0 0 0.039944 -0.0089329 0.027198 0 0
-0 -0 -0 0.18198 0 0 0 0 0 0 0 0.14792 -0.033079 0.10072 0 0
-0 -0 -0 0.080144 0 0 0 0 0 0 0 0.065142 -0.014568 0.044355 0 0
0 0 0 0.13087 0 0 0 0 0 0 0 0.10638 -0.023789 0.072431 0 0
-0 -0 -0 0.057377 0 0 0 0 0 0 0 0.046637 -0.01043 0.031755 0 0
0 0 0 0.11305 0 0 0 0 0 0 0 0.091888 -0.020549 0.062566 0 0
-0 -0 -0 0.13289 0 0 0 0 0 0 0 0.10801 -0.024155 0.073544 0 0
0 0 0 0.11538 0 0 0 0 0 0 0 0.093784 -0.020973 0.063857 0 0
0 0 0 0.19661 0 0 0 0 0 0 0 0.15981 -0.035739 0.10881 0 0
-0 -0 -0 0.1452 0 0 0 0 0 0 0 0.11802 -0.026393 0.080358 0 0
-0 -0 -0 0.095011 0 0 0 0 0 0 0 0.077226 -0.01727 0.052583 0 0
-0 -0 -0 0.098378 0 0 0 0 0 0 0 0.079963 -0.017882 0.054446 0 0
0 0 0 0.1013 0 0 0 0 0 0 0 0.082336 -0.018413 0.056062 0 0
-0 -0 -0 0.12243 0 0 0 0 0 0 0 0.09951 -0.022254 0.067756 0 0
-0 -0 -0 0.13762 0 0 0 0 0 0 0 0.11186 -0.025015 0.076164 0 0
-0 -0 -0 0.13681 0 0 0 0 0 0 0 0.1112 -0.024868 0.075715 0 0
-0 -0 -0 0.038583 0 0 0 0 0 0 0 0.031361 -0.0070134 0.021354 0 0
0 0 0 0.14147 0 0 0 0 0 0 0 0.11499 -0.025715 0.078295 0 0
-0 -0 -0 0.1274 0 0 0 0 0 0 0 0.10355 -0.023157 0.070507 0 0
0 0 0 0.015125 0 0 0 0 0 0 0 0.012294 -0.0027493 0.0083709 0 0
-0 -0 -0 0.067724 0 0 0 0 0 0 0 0.055047 -0.01231 0.037481 0 0
0 0 0 0.12823 0 0 0 0 0 0 0 0.10423 -0.023309 0.07097 0 0
-0 -0 -0 0.056897 0 0 0 0 0 0 0 0.046246 -0.010342 0.031489 0 0
-0 -0 -0 0.19202 0 0 0 0 0 0 0 0.15607 -0.034903 0.10627 0 0
0 0 0 0.0078118 0 0 0 0 0 0 0 0.0063495 -0.00142 0.0043233 0 0
-0 -0 -0 0.10571 0 0 0 0 0 0 0 0.085922 -0.019215 0.058504 0 0
-0 -0 -0 0.14746 0 0 0 0 0 0 0 0.11985 -0.026803 0.081608 0 0
0 0 0 0.10256 0 0 0 0 0 0 0 0.083359 -0.018642 0.056759 0 0
0 0 0 0.015975 0 0 0 0 0 0 0 0.012985 -0.0029038 0.0088413 0 0
-0 -0 -0 0.092485 0 0 0 0 0 0 0 0.075173 -0.016811 0.051185 0 0
-0 -0 -0 0.14205 0 0 0 0 0 0 0 0.11546 -0.02582 0.078615 0 0
-0 -0 -0 0.16115 0 0 0 0 0 0 0 0.13098 -0.029293 0.089187 0 0
0 0 0 0.094481 0 0 0 0 0 0 0 0.076795 -0.017174 0.052289 0 0
-0 -0 -0 0.076943 0 0 0 0 0 0 0 0.062541 -0.013986 0.042583 0 0
0 0 0 0.024636 0 0 0 0 0 0 0 0.020024 -0.004478 0.013634 0 0
0 0 0 0.12155 0 0 0 0 0 0 0 0.098795 -0.022094 0.067269 0 0
0 0 0 0.15558 0 0 0 0 0 0 0 0.12646 -0.028281 0.086106 0 0
0 0 0 0.12831 0 0 0 0 0 0 0 0.10429 -0.023324 0.071013 0 0
-0 -0 -0 0.17397 0 0 0 0 0 0 0 0.1414 -0.031622 0.09628 0 0
0 0 0 0.17498 0 0 0 0 0 0 0 0.14223 -0.031807 0.096842 0 0
-0 -0 -0 0.12191 0 0 0 0 0 0 0 0.099092 -0.02216 0.067471 0 0
-0 -0 -0 0.11214 0 0 0 0 0 0 0 0.091145 -0.020383 0.06206 0 0
0 0 0 0.11585 0 0 0 0 0 0 0 0.094167 -0.021059 0.064117 0 0
-0 -0 -0 0.19868 0 0 0 0 0 0 0 0.16149 -0.036114 0.10996 0 0
-0 -0 -0 0.11528 0 0 0 0 0 0 0 0.093703 -0.020955 0.063802 0 0
0 0 0 0.11223 0 0 0 0 0 0 0 0.09122 -0.0204 0.062111 0 0
-0 -0 -0 0.10916 0 0 0 0 0 0 0 0.088727 -0.019842 0.060414 0 0
0 0 0 0.1198 0 0 0 0 0 0 0 0.097374 -0.021776 0.066301 0 0
-0 -0 -0 0.05136 0 0 0 0 0 0 0 0.041746 -0.0093359 0.028425 0 0
0 0 0 0.15203 0 0 0 0 0 0 0 0.12358 -0.027636 0.084142 0 0
0 0 0 0.064108 0 0 0 0 0 0 0 0.052108 -0.011653 0.03548 0 0
0 0 0 0.024016 0 0 0 0 0 0 0 0.01952 -0.0043654 0.013291 0 0
-0 -0 -0 0.015323 0 0 0 0 0 0 0 0.012455 -0.0027853 0.0084804 0 0
-0 -0 -0 0.037058 0 0 0 0 0 0 0 0.030122 -0.0067362 0.02051 0 0
0 0 0 0.14004 0 0 0 0 0 0 0 0.11382 -0.025455 0.077502 0 0
-0 -0 -0 0.13507 0 0 0 0 0 0 0 0.10978 -0.024551 0.074751 0 0
0 0 0 0.0010437 0 0 0 0 0 0 0 0.00084834 -0.00018972 0.00057763 0 0
-0 -0 -0 0.075501 0 0 0 0 0 0 0 0.061368 -0.013724 0.041785 0 0
