-0 -0 -0.01921 0 0 0 0 0 0 0 0 0 0 0.0073125 -0.010632 -0.014231 0.00026016 -0.0027012 0.0021516 0 0
0 0 0.11153 0 0 0 0 0 0 0 0 0 0 -0.042456 0.061728 0.082627 -0.0027165 0.015258 -0.012794 0 0
-0 -0 -0.14428 0 0 0 0 0 0 0 0 0 0 0.054919 -0.079848 -0.10688 0.00045161 -0.020704 0.015699 0 0
0 0 0.015263 0 0 0 0 0 0 0 0 0 0 -0.0058098 0.0084471 0.011307 -0.00025038 0.0021319 -0.0017214 0 0
0 0 0.016411 0 0 0 0 0 0 0 0 0 0 -0.0062468 0.0090824 0.012157 -0.00027077 0.0022918 -0.0018512 0 0
-0 -0 -0.28563 0 0 0 0 0 0 0 0 0 0 0.10872 -0.15808 -0.2116 -0.002461 -0.041663 0.02986 0 0
-0 -0 -0.27548 0 0 0 0 0 0 0 0 0 0 0.10486 -0.15246 -0.20408 -0.0021421 -0.040145 0.02889 0 0
-0 -0 -0.02508 0 0 0 0 0 0 0 0 0 0 0.0095468 -0.01388 -0.01858 0.00032741 -0.0035304 0.0028056 0 0
0 0 0.12 0 0 0 0 0 0 0 0 0 0 -0.045679 0.066415 0.088901 -0.0030062 0.016384 -0.013784 0 0
-0 -0 -0.0040933 0 0 0 0 0 0 0 0 0 0 0.0015581 -0.0022654 -0.0030324 6.0573e-05 -0.00057392 0.00045988 0 0
-0 -0 -0.15032 0 0 0 0 0 0 0 0 0 0 0.057221 -0.083196 -0.11136 0.00039479 -0.02159 0.016332 0 0
-0 -0 -0.32559 0 0 0 0 0 0 0 0 0 0 0.12393 -0.18019 -0.2412 -0.0038799 -0.04765 0.033604 0 0
-0 -0 -0.17634 0 0 0 0 0 0 0 0 0 0 0.067122 -0.097591 -0.13063 8.114e-05 -0.025414 0.019028 0 0
-0 -0 -0.067673 0 0 0 0 0 0 0 0 0 0 0.02576 -0.037453 -0.050133 0.00064365 -0.0095973 0.0075005 0 0
-0 -0 -0.21877 0 0 0 0 0 0 0 0 0 0 0.083275 -0.12108 -0.16207 -0.00067163 -0.031693 0.023332 0 0
0 0 0.15383 0 0 0 0 0 0 0 0 0 0 -0.058556 0.085137 0.11396 -0.00428 0.020829 -0.01776 0 0
0 0 0.30706 0 0 0 0 0 0 0 0 0 0 -0.11688 0.16994 0.22748 -0.012341 0.03982 -0.036089 0 0
0 0 0.15712 0 0 0 0 0 0 0 0 0 0 -0.059809 0.086958 0.1164 -0.0044139 0.021257 -0.018148 0 0
0 0 0.2929 0 0 0 0 0 0 0 0 0 0 -0.11149 0.1621 0.21698 -0.011441 0.03815 -0.034379 0 0
0 0 0.28477 0 0 0 0 0 0 0 0 0 0 -0.1084 0.1576 0.21096 -0.010939 0.037183 -0.033399 0 0
-0 -0 -0.2739 0 0 0 0 0 0 0 0 0 0 0.10426 -0.15159 -0.20291 -0.0020939 -0.039908 0.028738 0 0
0 0 0.0046774 0 0 0 0 0 0 0 0 0 0 -0.0017805 0.0025887 0.0034651 -7.2623e-05 0.00065471 -0.00052643 0 0
-0 -0 -0.12479 0 0 0 0 0 0 0 0 0 0 0.047503 -0.069066 -0.09245 0.00059317 -0.017858 0.013646 0 0
-0 -0 -0.23446 0 0 0 0 0 0 0 0 0 0 0.089249 -0.12976 -0.17369 -0.0010255 -0.034026 0.024893 0 0
-0 -0 -0.2092 0 0 0 0 0 0 0 0 0 0 0.079631 -0.11578 -0.15498 -0.00047574 -0.030273 0.022371 0 0
-0 -0 -0.078737 0 0 0 0 0 0 0 0 0 0 0.029971 -0.043576 -0.05833 0.00067634 -0.011187 0.0087049 0 0
-0 -0 -0.12127 0 0 0 0 0 0 0 0 0 0 0.046162 -0.067116 -0.08984 0.00061202 -0.017345 0.013272 0 0
-0 -0 -0.033432 0 0 0 0 0 0 0 0 0 0 0.012726 -0.018502 -0.024767 0.00041323 -0.0047131 0.0037333 0 0
0 0 0.0045591 0 0 0 0 0 0 0 0 0 0 -0.0017354 0.0025232 0.0033774 -7.0741e-05 0.00063816 -0.0005131 0 0
-0 -0 -0.1999 0 0 0 0 0 0 0 0 0 0 0.076091 -0.11063 -0.14809 -0.00029998 -0.028895 0.021432 0 0
0 0 0.23065 0 0 0 0 0 0 0 0 0 0 -0.087797 0.12765 0.17087 -0.0078571 0.030598 -0.026896 0 0
0 0 0.23068 0 0 0 0 0 0 0 0 0 0 -0.087807 0.12767 0.17089 -0.0078586 0.030601 -0.026899 0 0
-0 -0 -0.13947 0 0 0 0 0 0 0 0 0 0 0.053089 -0.077188 -0.10332 0.00049241 -0.020001 0.015195 0 0
0 0 0.042321 0 0 0 0 0 0 0 0 0 0 -0.01611 0.023422 0.031352 -0.00078912 0.005879 -0.0047975 0 0
-0 -0 -0.23946 0 0 0 0 0 0 0 0 0 0 0.09115 -0.13253 -0.1774 -0.0011467 -0.03477 0.025386 0 0
0 0 0.0061961 0 0 0 0 0 0 0 0 0 0 -0.0023585 0.0034292 0.0045902 -9.6983e-05 0.00086702 -0.00069756 0 0
-0 -0 -0.17058 0 0 0 0 0 0 0 0 0 0 0.06493 -0.094404 -0.12637 0.00016028 -0.024566 0.018435 0 0
0 0 0.22873 0 0 0 0 0 0 0 0 0 0 -0.087065 0.12659 0.16945 -0.0077562 0.030359 -0.026665 0 0
-0 -0 -0.19294 0 0 0 0 0 0 0 0 0 0 0.073444 -0.10678 -0.14293 -0.00017789 -0.027866 0.020726 0 0
-0 -0 -0.20467 0 0 0 0 0 0 0 0 0 0 0.077909 -0.11327 -0.15162 -0.00038843 -0.029602 0.021915 0 0
-0 -0 -0.23051 0 0 0 0 0 0 0 0 0 0 0.087744 -0.12757 -0.17077 -0.00093256 -0.033438 0.024501 0 0
0 0 0.031327 0 0 0 0 0 0 0 0 0 0 -0.011925 0.017338 0.023208 -0.00055561 0.0043617 -0.003544 0 0
-0 -0 -0.08046 0 0 0 0 0 0 0 0 0 0 0.030627 -0.04453 -0.059606 0.0006796 -0.011435 0.0088919 0 0
0 0 0.11974 0 0 0 0 0 0 0 0 0 0 -0.045579 0.066269 0.088706 -0.002997 0.016349 -0.013754 0 0
-0 -0 -0.23487 0 0 0 0 0 0 0 0 0 0 0.089403 -0.12999 -0.17399 -0.0010352 -0.034086 0.024933 0 0
0 0 0.12055 0 0 0 0 0 0 0 0 0 0 -0.045889 0.066719 0.089308 -0.0030254 0.016457 -0.013849 0 0
0 0 0.096888 0 0 0 0 0 0 0 0 0 0 -0.036881 0.053622 0.071776 -0.002243 0.013299 -0.011088 0 0
-0 -0 -0.31126 0 0 0 0 0 0 0 0 0 0 0.11848 -0.17226 -0.23058 -0.0033411 -0.045501 0.032276 0 0
0 0 0.074636 0 0 0 0 0 0 0 0 0 0 -0.02841 0.041307 0.055292 -0.001591 0.010296 -0.0085096 0 0
0 0 0.28833 0 0 0 0 0 0 0 0 0 0 -0.10975 0.15957 0.2136 -0.011158 0.037608 -0.033829 0 0
0 0 0.20752 0 0 0 0 0 0 0 0 0 0 -0.078991 0.11485 0.15373 -0.0066806 0.027706 -0.024131 0 0
0 0 0.23501 0 0 0 0 0 0 0 0 0 0 -0.089456 0.13006 0.1741 -0.0080883 0.031137 -0.027418 0 0
0 0 0.031961 0 0 0 0 0 0 0 0 0 0 -0.012166 0.017689 0.023677 -0.00056853 0.0044494 -0.0036161 0 0
-0 -0 -0.28085 0 0 0 0 0 0 0 0 0 0 0.10691 -0.15544 -0.20806 -0.0023088 -0.040948 0.029405 0 0
0 0 0.028409 0 0 0 0 0 0 0 0 0 0 -0.010814 0.015722 0.021046 -0.00049698 0.0039577 -0.003212 0 0
-0 -0 -0.19166 0 0 0 0 0 0 0 0 0 0 0.072955 -0.10607 -0.14198 -0.00015625 -0.027676 0.020596 0 0
-0 -0 -0.19605 0 0 0 0 0 0 0 0 0 0 0.074628 -0.1085 -0.14524 -0.0002315 -0.028326 0.021042 0 0
-0 -0 -0.20539 0 0 0 0 0 0 0 0 0 0 0.078184 -0.11367 -0.15216 -0.00040215 -0.029709 0.021988 0 0
0 0 0.15259 0 0 0 0 0 0 0 0 0 0 -0.058083 0.084448 0.11304 -0.0042299 0.020667 -0.017613 0 0
0 0 0.10796 0 0 0 0 0 0 0 0 0 0 -0.041096 0.059751 0.079981 -0.0025978 0.014782 -0.012378 0 0
0 0 0.1439 0 0 0 0 0 0 0 0 0 0 -0.054774 0.079638 0.1066 -0.0038866 0.019532 -0.016589 0 0
-0 -0 -0.32001 0 0 0 0 0 0 0 0 0 0 0.12181 -0.17711 -0.23707 -0.0036664 -0.046814 0.03309 0 0
0 0 0.25734 0 0 0 0 0 0 0 0 0 0 -0.097956 0.14242 0.19064 -0.0093196 0.033878 -0.030097 0 0
0 0 0.050092 0 0 0 0 0 0 0 0 0 0 -0.019068 0.027723 0.037109 -0.00096623 0.0069472 -0.0056865 0 0
0 0 0.30689 0 0 0 0 0 0 0 0 0 0 -0.11682 0.16985 0.22735 -0.01233 0.0398 -0.036068 0 0
-0 -0 -0.10403 0 0 0 0 0 0 0 0 0 0 0.0396 -0.057576 -0.07707 0.00067443 -0.014841 0.011434 0 0
0 0 0.13107 0 0 0 0 0 0 0 0 0 0 -0.049893 0.072541 0.097101 -0.0034025 0.017847 -0.015081 0 0
0 0 0.12688 0 0 0 0 0 0 0 0 0 0 -0.048298 0.070222 0.093997 -0.0032502 0.017294 -0.01459 0 0
-0 -0 -0.036184 0 0 0 0 0 0 0 0 0 0 0.013773 -0.020026 -0.026806 0.00043896 -0.0051036 0.0040383 0 0
-0 -0 -0.037607 0 0 0 0 0 0 0 0 0 0 0.014315 -0.020813 -0.02786 0.00045178 -0.0053057 0.0041958 0 0
0 0 0.18384 0 0 0 0 0 0 0 0 0 0 -0.069978 0.10174 0.13619 -0.0055647 0.0247 -0.021312 0 0
0 0 0.32864 0 0 0 0 0 0 0 0 0 0 -0.1251 0.18188 0.24346 -0.013771 0.042327 -0.038697 0 0
0 0 0.19573 0 0 0 0 0 0 0 0 0 0 -0.074505 0.10832 0.145 -0.006114 0.026215 -0.022726 0 0
-0 -0 -0.25708 0 0 0 0 0 0 0 0 0 0 0.097856 -0.14228 -0.19045 -0.0016069 -0.037396 0.027112 0 0
0 0 0.1893 0 0 0 0 0 0 0 0 0 0 -0.072058 0.10477 0.14024 -0.0058143 0.025398 -0.021961 0 0
0 0 0.064493 0 0 0 0 0 0 0 0 0 0 -0.024549 0.035693 0.047777 -0.0013208 0.0089168 -0.0073401 0 0
0 0 0.006752 0 0 0 0 0 0 0 0 0 0 -0.0025702 0.0037368 0.005002 -0.000106 0.00094472 -0.00076023 0 0
0 0 0.010418 0 0 0 0 0 0 0 0 0 0 -0.0039655 0.0057656 0.0077177 -0.00016671 0.0014566 -0.0011738 0 0
-0 -0 -0.19021 0 0 0 0 0 0 0 0 0 0 0.072405 -0.10527 -0.14091 -0.00013221 -0.027463 0.020449 0 0
0 0 0.25897 0 0 0 0 0 0 0 0 0 0 -0.098577 0.14332 0.19185 -0.0094125 0.034076 -0.030293 0 0
-0 -0 -0.022387 0 0 0 0 0 0 0 0 0 0 0.0085216 -0.01239 -0.016585 0.00029726 -0.0031497 0.0025057 0 0
-0 -0 -0.11074 0 0 0 0 0 0 0 0 0 0 0.042153 -0.061288 -0.082038 0.00065603 -0.015814 0.012151 0 0
-0 -0 -0.26869 0 0 0 0 0 0 0 0 0 0 0.10228 -0.1487 -0.19905 -0.0019381 -0.03913 0.028237 0 0
-0 -0 -0.05196 0 0 0 0 0 0 0 0 0 0 0.019779 -0.028757 -0.038493 0.00056216 -0.0073492 0.0057792 0 0
0 0 0.1685 0 0 0 0 0 0 0 0 0 0 -0.064139 0.093253 0.12483 -0.0048898 0.02273 -0.019493 0 0
0 0 0.22027 0 0 0 0 0 0 0 0 0 0 -0.083845 0.1219 0.16318 -0.0073187 0.029305 -0.025654 0 0
0 0 0.24019 0 0 0 0 0 0 0 0 0 0 -0.09143 0.13293 0.17794 -0.0083672 0.031778 -0.028039 0 0
0 0 0.29533 0 0 0 0 0 0 0 0 0 0 -0.11242 0.16345 0.21879 -0.011594 0.038438 -0.034673 0 0
0 0 0.15349 0 0 0 0 0 0 0 0 0 0 -0.058425 0.084946 0.11371 -0.0042661 0.020784 -0.017719 0 0
-0 -0 -0.2999 0 0 0 0 0 0 0 0 0 0 0.11416 -0.16598 -0.22217 -0.0029379 -0.0438 0.031212 0 0
0 0 0.32844 0 0 0 0 0 0 0 0 0 0 -0.12502 0.18177 0.24331 -0.013757 0.042303 -0.038672 0 0
0 0 0.12302 0 0 0 0 0 0 0 0 0 0 -0.046829 0.068086 0.091137 -0.0031123 0.016784 -0.014138 0 0
-0 -0 -0.060931 0 0 0 0 0 0 0 0 0 0 0.023193 -0.033721 -0.045138 0.00061372 -0.0086313 0.0067635 0 0
0 0 0.10656 0 0 0 0 0 0 0 0 0 0 -0.040562 0.058974 0.078941 -0.0025517 0.014594 -0.012214 0 0
0 0 0.10785 0 0 0 0 0 0 0 0 0 0 -0.041053 0.059688 0.079896 -0.002594 0.014766 -0.012364 0 0
-0 -0 -0.08506 0 0 0 0 0 0 0 0 0 0 0.032378 -0.047076 -0.063014 0.00068586 -0.012098 0.0093903 0 0
-0 -0 -0.34533 0 0 0 0 0 0 0 0 0 0 0.13145 -0.19112 -0.25582 -0.0046766 -0.050613 0.035408 0 0
0 0 0.1115 0 0 0 0 0 0 0 0 0 0 -0.042441 0.061707 0.082598 -0.0027152 0.015253 -0.01279 0 0
-0 -0 -0.18094 0 0 0 0 0 0 0 0 0 0 0.068874 -0.10014 -0.13404 1.3929e-05 -0.026093 0.0195 0 0
0 0 0.18744 0 0 0 0 0 0 0 0 0 0 -0.071348 0.10374 0.13886 -0.0057287 0.02516 -0.02174 0 0
