-0 -0 -0 0.086584 0 0 0 0 0 0 0 0.070376 -0.015738 0.047919 0 0
-0 -0 -0 0.13663 0 0 0 0 0 0 0 0.11106 -0.024836 0.075617 0 0
0 0 0 0.14659 0 0 0 0 0 0 0 0.11915 -0.026646 0.081127 0 0
-0 -0 -0 0.052328 0 0 0 0 0 0 0 0.042532 -0.0095117 0.02896 0 0
-0 -0 -0 0.19329 0 0 0 0 0 0 0 0.15711 -0.035134 0.10697 0 0
-0 -0 -0 0.018288 0 0 0 0 0 0 0 0.014865 -0.0033243 0.010121 0 0
0 0 0 0.03117 0 0 0 0 0 0 0 0.025335 -0.0056658 0.017251 0 0
-0 -0 -0 0.011435 0 0 0 0 0 0 0 0.0092948 -0.0020786 0.0063288 0 0
0 0 0 0.022313 0 0 0 0 0 0 0 0.018136 -0.0040559 0.012349 0 0
0 0 0 0.18207 0 0 0 0 0 0 0 0.14799 -0.033095 0.10076 0 0
-0 -0 -0 0.072672 0 0 0 0 0 0 0 0.059069 -0.01321 0.04022 0 0
0 0 0 0.045737 0 0 0 0 0 0 0 0.037175 -0.0083137 0.025313 0 0
-0 -0 -0 0.066291 0 0 0 0 0 0 0 0.053882 -0.01205 0.036688 0 0
-0 -0 -0 0.15227 0 0 0 0 0 0 0 0.12377 -0.027678 0.084271 0 0
-0 -0 -0 0.058361 0 0 0 0 0 0 0 0.047437 -0.010608 0.032299 0 0
-0 -0 -0 0.084735 0 0 0 0 0 0 0 0.068873 -0.015402 0.046896 0 0
0 0 0 0.0025231 0 0 0 0 0 0 0 0.0020508 -0.00045864 0.0013964 0 0
0 0 0 0.16553 0 0 0 0 0 0 0 0.13455 -0.030089 0.091612 0 0
-0 -0 -0 0.011736 0 0 0 0 0 0 0 0.0095389 -0.0021332 0.006495 0 0
-0 -0 -0 0.10453 0 0 0 0 0 0 0 0.084962 -0.019 0.05785 0 0
0 0 0 0.09605 0 0 0 0 0 0 0 0.078071 -0.017459 0.053158 0 0
0 0 0 0.011344 0 0 0 0 0 0 0 0.0092202 -0.0020619 0.006278 0 0
0 0 0 0.19104 0 0 0 0 0 0 0 0.15528 -0.034726 0.10573 0 0
-0 -0 -0 0.125 0 0 0 0 0 0 0 0.10161 -0.022722 0.069182 0 0
-0 -0 -0 0.089209 0 0 0 0 0 0 0 0.07251 -0.016216 0.049372 0 0
-0 -0 -0 0.053489 0 0 0 0 0 0 0 0.043477 -0.0097228 0.029603 0 0
-0 -0 -0 0.17337 0 0 0 0 0 0 0 0.14092 -0.031514 0.095951 0 0
0 0 0 0.15955 0 0 0 0 0 0 0 0.12968 -0.029001 0.088299 0 0
0 0 0 0.041668 0 0 0 0 0 0 0 0.033868 -0.007574 0.02306 0 0
-0 -0 -0 0.018436 0 0 0 0 0 0 0 0.014985 -0.0033511 0.010203 0 0
0 0 0 0.020729 0 0 0 0 0 0 0 0.016849 -0.003768 0.011473 0 0
-0 -0 -0 0.17348 0 0 0 0 0 0 0 0.141 -0.031533 0.096009 0 0
0 0 0 0.064653 0 0 0 0 0 0 0 0.052551 -0.011752 0.035782 0 0
-0 -0 -0 0.10523 0 0 0 0 0 0 0 0.085533 -0.019128 0.058239 0 0
0 0 0 0.072098 0 0 0 0 0 0 0 0.058602 -0.013105 0.039902 0 0
-0 -0 -0 0.1808 0 0 0 0 0 0 0 0.14695 -0.032864 0.10006 0 0
0 0 0 0.12314 0 0 0 0 0 0 0 0.10009 -0.022383 0.068148 0 0
0 0 0 0.18129 0 0 0 0 0 0 0 0.14735 -0.032953 0.10033 0 0
0 0 0 0.0062199 0 0 0 0 0 0 0 0.0050556 -0.0011306 0.0034423 0 0
-0 -0 -0 0.17801 0 0 0 0 0 0 0 0.14469 -0.032357 0.098517 0 0
-0 -0 -0 0.14027 0 0 0 0 0 0 0 0.11402 -0.025498 0.077633 0 0
0 0 0 0.017829 0 0 0 0 0 0 0 0.014492 -0.0032408 0.0098673 0 0
-0 -0 -0 0.13236 0 0 0 0 0 0 0 0.10758 -0.024058 0.073251 0 0
0 0 0 0.041524 0 0 0 0 0 0 0 0.033751 -0.0075479 0.022981 0 0
-0 -0 -0 0.020991 0 0 0 0 0 0 0 0.017062 -0.0038157 0.011618 0 0
-0 -0 -0 0.072131 0 0 0 0 0 0 0 0.058629 -0.013111 0.03992 0 0
-0 -0 -0 0.063753 0 0 0 0 0 0 0 0.051819 -0.011589 0.035284 0 0
-0 -0 -0 0.096857 0 0 0 0 0 0 0 0.078726 -0.017606 0.053604 0 0
0 0 0 0.10809 0 0 0 0 0 0 0 0.087859 -0.019648 0.059823 0 0
-0 -0 -0 0.18579 0 0 0 0 0 0 0 0.15101 -0.033772 0.10282 0 0
-0 -0 -0 0.1696 0 0 0 0 0 0 0 0.13785 -0.030829 0.093864 0 0
0 0 0 0.037238 0 0 0 0 0 0 0 0.030268 -0.0067688 0.020609 0 0
0 0 0 0.063865 0 0 0 0 0 0 0 0.05191 -0.011609 0.035346 0 0
0 0 0 0.11009 0 0 0 0 0 0 0 0.089485 -0.020012 0.06093 0 0
-0 -0 -0 0.0035199 0 0 0 0 0 0 0 0.002861 -0.00063982 0.0019481 0 0
0 0 0 0.1409 0 0 0 0 0 0 0 0.11452 -0.025611 0.077978 0 0
0 0 0 0.037919 0 0 0 0 0 0 0 0.030821 -0.0068926 0.020986 0 0
-0 -0 -0 0.11478 0 0 0 0 0 0 0 0.093296 -0.020864 0.063525 0 0
0 0 0 0.178 0 0 0 0 0 0 0 0.14468 -0.032355 0.098512 0 0
0 0 0 0.12435 0 0 0 0 0 0 0 0.10108 -0.022604 0.068822 0 0
0 0 0 0.19357 0 0 0 0 0 0 0 0.15733 -0.035185 0.10713 0 0
0 0 0 0.08989 0 0 0 0 0 0 0 0.073064 -0.016339 0.049749 0 0
-0 -0 -0 0.029865 0 0 0 0 0 0 0 0.024274 -0.0054286 0.016528 0 0
0 0 0 0.11662 0 0 0 0 0 0 0 0.09479 -0.021198 0.064542 0 0
0 0 0 0.18218 0 0 0 0 0 0 0 0.14808 -0.033116 0.10083 0 0
0 0 0 0.095354 0 0 0 0 0 0 0 0.077505 -0.017333 0.052773 0 0
-0 -0 -0 0.19038 0 0 0 0 0 0 0 0.15474 -0.034605 0.10536 0 0
0 0 0 0.053864 0 0 0 0 0 0 0 0.043781 -0.0097909 0.02981 0 0
0 0 0 0.17612 0 0 0 0 0 0 0 0.14315 -0.032014 0.097473 0 0
0 0 0 0.16682 0 0 0 0 0 0 0 0.13559 -0.030323 0.092324 0 0
0 0 0 0.087967 0 0 0 0 0 0 0 0.071501 -0.01599 0.048684 0 0
-0 -0 -0 0.028525 0 0 0 0 0 0 0 0.023185 -0.005185 0.015787 0 0
0 0 0 0.1917 0 0 0 0 0 0 0 0.15582 -0.034846 0.1061 0 0
-0 -0 -0 0.12064 0 0 0 0 0 0 0 0.098061 -0.02193 0.06677 0 0
0 0 0 0.14486 0 0 0 0 0 0 0 0.11774 -0.026331 0.080169 0 0
-0 -0 -0 0.11193 0 0 0 0 0 0 0 0.090974 -0.020345 0.061944 0 0
0 0 0 0.17745 0 0 0 0 0 0 0 0.14423 -0.032255 0.098207 0 0
-0 -0 -0 0.08321 0 0 0 0 0 0 0 0.067634 -0.015125 0.046052 0 0
0 0 0 0.17429 0 0 0 0 0 0 0 0.14166 -0.03168 0.096457 0 0
-0 -0 -0 0.042367 0 0 0 0 0 0 0 0.034437 -0.0077012 0.023448 0 0
-0 -0 -0 0.19931 0 0 0 0 0 0 0 0.162 -0.036229 0.11031 0 0
0 0 0 0.049494 0 0 0 0 0 0 0 0.04023 -0.0089967 0.027392 0 0
-0 -0 -0 0.12421 0 0 0 0 0 0 0 0.10096 -0.022577 0.068741 0 0
-0 -0 -0 0.14922 0 0 0 0 0 0 0 0.12129 -0.027124 0.082584 0 0
-0 -0 -0 0.18232 0 0 0 0 0 0 0 0.14819 -0.033141 0.1009 0 0
0 0 0 0.027496 0 0 0 0 0 0 0 0.022349 -0.004998 0.015217 0 0
0 0 0 0.080381 0 0 0 0 0 0 0 0.065335 -0.014611 0.044486 0 0
0 0 0 0.087001 0 0 0 0 0 0 0 0.070716 -0.015814 0.04815 0 0
0 0 0 0.13733 0 0 0 0 0 0 0 0.11162 -0.024962 0.076001 0 0
-0 -0 -0 0.026198 0 0 0 0 0 0 0 0.021294 -0.0047621 0.014499 0 0
-0 -0 -0 0.029532 0 0 0 0 0 0 0 0.024004 -0.0053681 0.016344 0 0
0 0 0 0.19387 0 0 0 0 0 0 0 0.15758 -0.03524 0.1073 0 0
0 0 0 0.13169 0 0 0 0 0 0 0 0.10704 -0.023938 0.072883 0 0
-0 -0 -0 0.021465 0 0 0 0 0 0 0 0.017447 -0.0039017 0.011879 0 0
0 0 0 0.17588 0 0 0 0 0 0 0 0.14296 -0.03197 0.09734 0 0
0 0 0 0.036826 0 0 0 0 0 0 0 0.029933 -0.006694 0.020381 0 0
-0 -0 -0 0.19528 0 0 0 0 0 0 0 0.15872 -0.035496 0.10807 0 0
0 0 0 0.17989 0 0 0 0 0 0 0 0.14622 -0.032699 0.099559 0 0
-0 -0 -0 0.11027 0 0 0 0 0 0 0 0.08963 -0.020044 0.061028 0 0
0 0 0 0.072337 0 0 0 0 0 0 0 0.058796 -0.013149 0.040034 0 0
