0 0 0 0.16772 0 0 0 0 0 0 -0 0.14338 -0.0046266 0.086891 0 0
0 0 0 0.17382 0 0 0 0 0 0 -0 0.14859 -0.0047947 0.090048 0 0
-0 -0 -0 0.052001 0 0 0 0 0 0 -0 0.044455 -0.0014344 0.02694 0 0
0 0 0 0.14622 0 0 0 0 0 0 -0 0.125 -0.0040334 0.075749 0 0
0 0 0 0.093125 0 0 0 0 0 0 -0 0.079612 -0.0025689 0.048245 0 0
-0 -0 -0 0.091458 0 0 0 0 0 0 -0 0.078187 -0.0025229 0.047381 0 0
0 0 0 0.0054735 0 0 0 0 0 0 -0 0.0046793 -0.00015099 0.0028356 0 0
0 0 0 0.096389 0 0 0 0 0 0 -0 0.082403 -0.0026589 0.049936 0 0
-0 -0 -0 0.14275 0 0 0 0 0 0 -0 0.12204 -0.0039378 0.073954 0 0
-0 -0 -0 0.030765 0 0 0 0 0 0 -0 0.026301 -0.00084866 0.015938 0 0
-0 -0 -0 0.10878 0 0 0 0 0 0 -0 0.092997 -0.0030007 0.056356 0 0
-0 -0 -0 0.07011 0 0 0 0 0 0 -0 0.059936 -0.001934 0.036321 0 0
0 0 0 0.074053 0 0 0 0 0 0 -0 0.063307 -0.0020427 0.038364 0 0
0 0 0 0.11489 0 0 0 0 0 0 -0 0.098216 -0.0031691 0.059519 0 0
-0 -0 -0 0.18757 0 0 0 0 0 0 -0 0.16035 -0.0051741 0.097173 0 0
-0 -0 -0 0.012136 0 0 0 0 0 0 -0 0.010375 -0.00033477 0.0062872 0 0
0 0 0 0.14049 0 0 0 0 0 0 -0 0.1201 -0.0038753 0.072781 0 0
0 0 0 0.024578 0 0 0 0 0 0 -0 0.021011 -0.00067797 0.012733 0 0
0 0 0 0.055494 0 0 0 0 0 0 -0 0.047442 -0.0015308 0.02875 0 0
-0 -0 -0 0.053072 0 0 0 0 0 0 -0 0.045371 -0.001464 0.027495 0 0
-0 -0 -0 0.071306 0 0 0 0 0 0 -0 0.06096 -0.001967 0.036941 0 0
-0 -0 -0 0.092888 0 0 0 0 0 0 -0 0.07941 -0.0025623 0.048122 0 0
-0 -0 -0 0.17482 0 0 0 0 0 0 -0 0.14945 -0.0048224 0.090568 0 0
-0 -0 -0 0.058674 0 0 0 0 0 0 -0 0.05016 -0.0016185 0.030397 0 0
0 0 0 0.10819 0 0 0 0 0 0 -0 0.092494 -0.0029845 0.056051 0 0
0 0 0 0.055811 0 0 0 0 0 0 -0 0.047713 -0.0015395 0.028914 0 0
-0 -0 -0 0.17858 0 0 0 0 0 0 -0 0.15267 -0.0049262 0.092517 0 0
-0 -0 -0 0.032578 0 0 0 0 0 0 -0 0.027851 -0.00089866 0.016877 0 0
-0 -0 -0 0.056408 0 0 0 0 0 0 -0 0.048223 -0.001556 0.029223 0 0
-0 -0 -0 0.051215 0 0 0 0 0 0 -0 0.043783 -0.0014128 0.026533 0 0
-0 -0 -0 0.15626 0 0 0 0 0 0 -0 0.13359 -0.0043104 0.080952 0 0
0 0 0 0.056361 0 0 0 0 0 0 -0 0.048183 -0.0015547 0.029199 0 0
-0 -0 -0 0.08091 0 0 0 0 0 0 -0 0.06917 -0.0022319 0.041917 0 0
0 0 0 0.19114 0 0 0 0 0 0 -0 0.16341 -0.0052727 0.099024 0 0
-0 -0 -0 0.040109 0 0 0 0 0 0 -0 0.034289 -0.0011064 0.020779 0 0
0 0 0 0.14197 0 0 0 0 0 0 -0 0.12137 -0.0039163 0.073551 0 0
-0 -0 -0 0.14824 0 0 0 0 0 0 -0 0.12673 -0.0040892 0.076799 0 0
0 0 0 0.0050112 0 0 0 0 0 0 -0 0.0042841 -0.00013823 0.0025961 0 0
0 0 0 0.18668 0 0 0 0 0 0 -0 0.15959 -0.0051495 0.09671 0 0
-0 -0 -0 0.14359 0 0 0 0 0 0 -0 0.12275 -0.0039608 0.074387 0 0
-0 -0 -0 0.0781 0 0 0 0 0 0 -0 0.066767 -0.0021544 0.040461 0 0
-0 -0 -0 0.1978 0 0 0 0 0 0 -0 0.1691 -0.0054562 0.10247 0 0
-0 -0 -0 0.12671 0 0 0 0 0 0 -0 0.10832 -0.0034953 0.065644 0 0
0 0 0 0.10783 0 0 0 0 0 0 -0 0.092184 -0.0029745 0.055863 0 0
0 0 0 0.02554 0 0 0 0 0 0 -0 0.021834 -0.00070451 0.013231 0 0
0 0 0 0.099616 0 0 0 0 0 0 -0 0.085161 -0.0027479 0.051607 0 0
0 0 0 0.059995 0 0 0 0 0 0 -0 0.05129 -0.001655 0.031081 0 0
0 0 0 0.11884 0 0 0 0 0 0 -0 0.1016 -0.0032782 0.061568 0 0
-0 -0 -0 0.18591 0 0 0 0 0 0 -0 0.15894 -0.0051284 0.096315 0 0
-0 -0 -0 0.059355 0 0 0 0 0 0 -0 0.050742 -0.0016373 0.03075 0 0
0 0 0 0.17796 0 0 0 0 0 0 -0 0.15214 -0.0049091 0.092196 0 0
-0 -0 -0 0.13559 0 0 0 0 0 0 -0 0.11592 -0.0037402 0.070244 0 0
-0 -0 -0 0.0018736 0 0 0 0 0 0 -0 0.0016017 -5.1683e-05 0.00097064 0 0
0 0 0 0.073044 0 0 0 0 0 0 -0 0.062445 -0.0020149 0.037841 0 0
0 0 0 0.030716 0 0 0 0 0 0 -0 0.026259 -0.00084731 0.015913 0 0
0 0 0 0.16522 0 0 0 0 0 0 -0 0.14125 -0.0045576 0.085595 0 0
-0 -0 -0 0.14239 0 0 0 0 0 0 -0 0.12173 -0.0039278 0.073767 0 0
-0 -0 -0 0.070964 0 0 0 0 0 0 -0 0.060667 -0.0019575 0.036764 0 0
-0 -0 -0 0.014116 0 0 0 0 0 0 -0 0.012068 -0.0003894 0.0073132 0 0
-0 -0 -0 0.025203 0 0 0 0 0 0 -0 0.021546 -0.00069521 0.013057 0 0
0 0 0 0.16119 0 0 0 0 0 0 -0 0.1378 -0.0044465 0.083507 0 0
-0 -0 -0 0.039773 0 0 0 0 0 0 -0 0.034001 -0.0010971 0.020605 0 0
0 0 0 0.13201 0 0 0 0 0 0 -0 0.11285 -0.0036414 0.068389 0 0
-0 -0 -0 0.01546 0 0 0 0 0 0 -0 0.013216 -0.00042645 0.008009 0 0
-0 -0 -0 0.094825 0 0 0 0 0 0 -0 0.081065 -0.0026157 0.049125 0 0
-0 -0 -0 0.11801 0 0 0 0 0 0 -0 0.10089 -0.0032553 0.061137 0 0
-0 -0 -0 0.1838 0 0 0 0 0 0 -0 0.15713 -0.0050701 0.09522 0 0
0 0 0 0.083584 0 0 0 0 0 0 -0 0.071456 -0.0023057 0.043302 0 0
-0 -0 -0 0.0058828 0 0 0 0 0 0 -0 0.0050292 -0.00016228 0.0030477 0 0
0 0 0 0.12682 0 0 0 0 0 0 -0 0.10842 -0.0034984 0.065703 0 0
0 0 0 0.12545 0 0 0 0 0 0 -0 0.10725 -0.0034606 0.064992 0 0
0 0 0 0.044883 0 0 0 0 0 0 -0 0.038371 -0.0012381 0.023252 0 0
-0 -0 -0 0.03056 0 0 0 0 0 0 -0 0.026125 -0.00084299 0.015832 0 0
0 0 0 0.077145 0 0 0 0 0 0 -0 0.065951 -0.0021281 0.039966 0 0
-0 -0 -0 0.19187 0 0 0 0 0 0 -0 0.16403 -0.0052927 0.099399 0 0
-0 -0 -0 0.060273 0 0 0 0 0 0 -0 0.051528 -0.0016626 0.031225 0 0
-0 -0 -0 0.19378 0 0 0 0 0 0 -0 0.16566 -0.0053453 0.10039 0 0
-0 -0 -0 0.17393 0 0 0 0 0 0 -0 0.14869 -0.0047978 0.090105 0 0
0 0 0 0.034486 0 0 0 0 0 0 -0 0.029482 -0.0009513 0.017866 0 0
0 0 0 0.1939 0 0 0 0 0 0 -0 0.16576 -0.0053486 0.10045 0 0
-0 -0 -0 0.11543 0 0 0 0 0 0 -0 0.098678 -0.003184 0.059798 0 0
0 0 0 0.013517 0 0 0 0 0 0 -0 0.011556 -0.00037286 0.0070026 0 0
0 0 0 0.061948 0 0 0 0 0 0 -0 0.052959 -0.0017088 0.032093 0 0
0 0 0 0.17593 0 0 0 0 0 0 -0 0.15041 -0.0048532 0.091145 0 0
0 0 0 0.1215 0 0 0 0 0 0 -0 0.10387 -0.0033515 0.062943 0 0
-0 -0 -0 0.12466 0 0 0 0 0 0 -0 0.10657 -0.0034388 0.064583 0 0
0 0 0 0.18207 0 0 0 0 0 0 -0 0.15565 -0.0050224 0.094324 0 0
-0 -0 -0 0.12896 0 0 0 0 0 0 -0 0.11024 -0.0035573 0.066808 0 0
-0 -0 -0 0.15023 0 0 0 0 0 0 -0 0.12843 -0.0041441 0.077828 0 0
-0 -0 -0 0.19273 0 0 0 0 0 0 -0 0.16476 -0.0053164 0.099845 0 0
0 0 0 0.032614 0 0 0 0 0 0 -0 0.027881 -0.00089965 0.016896 0 0
-0 -0 -0 0.046408 0 0 0 0 0 0 -0 0.039674 -0.0012802 0.024042 0 0
0 0 0 0.086202 0 0 0 0 0 0 -0 0.073694 -0.0023779 0.044658 0 0
-0 -0 -0 0.14459 0 0 0 0 0 0 -0 0.12361 -0.0039886 0.074909 0 0
-0 -0 -0 0.038063 0 0 0 0 0 0 -0 0.03254 -0.00105 0.019719 0 0
-0 -0 -0 0.18397 0 0 0 0 0 0 -0 0.15728 -0.0050748 0.095309 0 0
0 0 0 0.12631 0 0 0 0 0 0 -0 0.10798 -0.0034842 0.065436 0 0
0 0 0 0.072649 0 0 0 0 0 0 -0 0.062108 -0.002004 0.037637 0 0
-0 -0 -0 0.17112 0 0 0 0 0 0 -0 0.14629 -0.0047204 0.088652 0 0
0 0 0 0.010359 0 0 0 0 0 0 -0 0.0088562 -0.00028576 0.0053668 0 0
