-0 -0 -0.090015 0 0 0 0 0 0 0 0 0 0 0.034264 -0.049818 -0.066685 0 0 0 0 0
-0 -0 -0.21879 0 0 0 0 0 0 0 0 0 0 0.083281 -0.12108 -0.16208 0 0 0 0 0
-0 -0 -0.24588 0 0 0 0 0 0 0 0 0 0 0.093596 -0.13608 -0.18216 0 0 0 0 0
-0 -0 -0.02495 0 0 0 0 0 0 0 0 0 0 0.0094973 -0.013808 -0.018483 0 0 0 0 0
-0 -0 -0.03952 0 0 0 0 0 0 0 0 0 0 0.015043 -0.021872 -0.029277 0 0 0 0 0
-0 -0 -0.27403 0 0 0 0 0 0 0 0 0 0 0.10431 -0.15166 -0.203 0 0 0 0 0
0 0 0.17232 0 0 0 0 0 0 0 0 0 0 -0.065594 0.095368 0.12766 0 0 0 0 0
0 0 0.11444 0 0 0 0 0 0 0 0 0 0 -0.043562 0.063336 0.08478 0 0 0 0 0
-0 -0 -0.062111 0 0 0 0 0 0 0 0 0 0 0.023642 -0.034375 -0.046013 0 0 0 0 0
0 0 0.23787 0 0 0 0 0 0 0 0 0 0 -0.090545 0.13165 0.17622 0 0 0 0 0
0 0 0.10294 0 0 0 0 0 0 0 0 0 0 -0.039186 0.056974 0.076263 0 0 0 0 0
-0 -0 -0.31576 0 0 0 0 0 0 0 0 0 0 0.12019 -0.17475 -0.23392 0 0 0 0 0
-0 -0 -0.19962 0 0 0 0 0 0 0 0 0 0 0.075986 -0.11048 -0.14788 0 0 0 0 0
0 0 0.2273 0 0 0 0 0 0 0 0 0 0 -0.086521 0.1258 0.16839 0 0 0 0 0
0 0 0.055198 0 0 0 0 0 0 0 0 0 0 -0.021011 0.030549 0.040891 0 0 0 0 0
0 0 0.053936 0 0 0 0 0 0 0 0 0 0 -0.020531 0.02985 0.039957 0 0 0 0 0
-0 -0 -0.34739 0 0 0 0 0 0 0 0 0 0 0.13223 -0.19226 -0.25735 0 0 0 0 0
-0 -0 -0.29375 0 0 0 0 0 0 0 0 0 0 0.11182 -0.16257 -0.21762 0 0 0 0 0
0 0 0.056741 0 0 0 0 0 0 0 0 0 0 -0.021599 0.031403 0.042035 0 0 0 0 0
0 0 0.11876 0 0 0 0 0 0 0 0 0 0 -0.045205 0.065726 0.087978 0 0 0 0 0
-0 -0 -0.22496 0 0 0 0 0 0 0 0 0 0 0.085633 -0.1245 -0.16666 0 0 0 0 0
0 0 0.18673 0 0 0 0 0 0 0 0 0 0 -0.07108 0.10335 0.13834 0 0 0 0 0
0 0 0.21016 0 0 0 0 0 0 0 0 0 0 -0.079996 0.11631 0.15569 0 0 0 0 0
0 0 0.25525 0 0 0 0 0 0 0 0 0 0 -0.097162 0.14127 0.1891 0 0 0 0 0
-0 -0 -0.26304 0 0 0 0 0 0 0 0 0 0 0.10013 -0.14558 -0.19486 0 0 0 0 0
0 0 0.21559 0 0 0 0 0 0 0 0 0 0 -0.082063 0.11931 0.15971 0 0 0 0 0
0 0 0.25985 0 0 0 0 0 0 0 0 0 0 -0.098913 0.14381 0.1925 0 0 0 0 0
0 0 0.016009 0 0 0 0 0 0 0 0 0 0 -0.006094 0.0088602 0.01186 0 0 0 0 0
0 0 0.32733 0 0 0 0 0 0 0 0 0 0 -0.1246 0.18116 0.24249 0 0 0 0 0
-0 -0 -0.29221 0 0 0 0 0 0 0 0 0 0 0.11123 -0.16172 -0.21648 0 0 0 0 0
-0 -0 -0.17778 0 0 0 0 0 0 0 0 0 0 0.067671 -0.098389 -0.1317 0 0 0 0 0
-0 -0 -0.20898 0 0 0 0 0 0 0 0 0 0 0.07955 -0.11566 -0.15482 0 0 0 0 0
-0 -0 -0.29319 0 0 0 0 0 0 0 0 0 0 0.1116 -0.16226 -0.2172 0 0 0 0 0
-0 -0 -0.087108 0 0 0 0 0 0 0 0 0 0 0.033158 -0.048209 -0.064531 0 0 0 0 0
-0 -0 -0.11974 0 0 0 0 0 0 0 0 0 0 0.04558 -0.06627 -0.088707 0 0 0 0 0
0 0 0.14488 0 0 0 0 0 0 0 0 0 0 -0.055149 0.080183 0.10733 0 0 0 0 0
0 0 0.30907 0 0 0 0 0 0 0 0 0 0 -0.11765 0.17105 0.22896 0 0 0 0 0
-0 -0 -0.30111 0 0 0 0 0 0 0 0 0 0 0.11462 -0.16664 -0.22306 0 0 0 0 0
0 0 0.095781 0 0 0 0 0 0 0 0 0 0 -0.036459 0.053009 0.070956 0 0 0 0 0
-0 -0 -0.22016 0 0 0 0 0 0 0 0 0 0 0.083805 -0.12185 -0.1631 0 0 0 0 0
0 0 0.19159 0 0 0 0 0 0 0 0 0 0 -0.072928 0.10603 0.14193 0 0 0 0 0
-0 -0 -0.17319 0 0 0 0 0 0 0 0 0 0 0.065924 -0.095849 -0.1283 0 0 0 0 0
-0 -0 -0.1264 0 0 0 0 0 0 0 0 0 0 0.048113 -0.069953 -0.093637 0 0 0 0 0
0 0 0.28154 0 0 0 0 0 0 0 0 0 0 -0.10717 0.15582 0.20857 0 0 0 0 0
0 0 0.22926 0 0 0 0 0 0 0 0 0 0 -0.087267 0.12688 0.16984 0 0 0 0 0
-0 -0 -0.042881 0 0 0 0 0 0 0 0 0 0 0.016323 -0.023732 -0.031767 0 0 0 0 0
0 0 0.26313 0 0 0 0 0 0 0 0 0 0 -0.10016 0.14563 0.19493 0 0 0 0 0
-0 -0 -0.20769 0 0 0 0 0 0 0 0 0 0 0.079056 -0.11494 -0.15386 0 0 0 0 0
-0 -0 -0.15278 0 0 0 0 0 0 0 0 0 0 0.058156 -0.084555 -0.11318 0 0 0 0 0
-0 -0 -0.25759 0 0 0 0 0 0 0 0 0 0 0.098053 -0.14256 -0.19083 0 0 0 0 0
0 0 0.068954 0 0 0 0 0 0 0 0 0 0 -0.026248 0.038162 0.051083 0 0 0 0 0
-0 -0 -0.10738 0 0 0 0 0 0 0 0 0 0 0.040874 -0.059428 -0.079548 0 0 0 0 0
0 0 0.0018781 0 0 0 0 0 0 0 0 0 0 -0.00071492 0.0010394 0.0013914 0 0 0 0 0
0 0 0.010004 0 0 0 0 0 0 0 0 0 0 -0.003808 0.0055366 0.0074111 0 0 0 0 0
-0 -0 -0.31209 0 0 0 0 0 0 0 0 0 0 0.1188 -0.17272 -0.2312 0 0 0 0 0
-0 -0 -0.10905 0 0 0 0 0 0 0 0 0 0 0.04151 -0.060353 -0.080787 0 0 0 0 0
0 0 0.34445 0 0 0 0 0 0 0 0 0 0 -0.13112 0.19063 0.25517 0 0 0 0 0
-0 -0 -0.3112 0 0 0 0 0 0 0 0 0 0 0.11846 -0.17223 -0.23054 0 0 0 0 0
-0 -0 -0.26053 0 0 0 0 0 0 0 0 0 0 0.09917 -0.14419 -0.193 0 0 0 0 0
0 0 0.14521 0 0 0 0 0 0 0 0 0 0 -0.055275 0.080366 0.10758 0 0 0 0 0
-0 -0 -0.27955 0 0 0 0 0 0 0 0 0 0 0.10641 -0.15471 -0.2071 0 0 0 0 0
0 0 0.19524 0 0 0 0 0 0 0 0 0 0 -0.074319 0.10805 0.14464 0 0 0 0 0
-0 -0 -0.047767 0 0 0 0 0 0 0 0 0 0 0.018183 -0.026436 -0.035387 0 0 0 0 0
0 0 0.27388 0 0 0 0 0 0 0 0 0 0 -0.10425 0.15157 0.20289 0 0 0 0 0
0 0 0.2578 0 0 0 0 0 0 0 0 0 0 -0.09813 0.14267 0.19098 0 0 0 0 0
0 0 0.11221 0 0 0 0 0 0 0 0 0 0 -0.042713 0.062102 0.083128 0 0 0 0 0
0 0 0.16602 0 0 0 0 0 0 0 0 0 0 -0.063196 0.091883 0.12299 0 0 0 0 0
-0 -0 -0.057383 0 0 0 0 0 0 0 0 0 0 0.021843 -0.031758 -0.04251 0 0 0 0 0
0 0 0.2752 0 0 0 0 0 0 0 0 0 0 -0.10476 0.15231 0.20387 0 0 0 0 0
-0 -0 -0.11383 0 0 0 0 0 0 0 0 0 0 0.043331 -0.063001 -0.084331 0 0 0 0 0
0 0 0.22341 0 0 0 0 0 0 0 0 0 0 -0.085043 0.12365 0.16551 0 0 0 0 0
0 0 0.10077 0 0 0 0 0 0 0 0 0 0 -0.038359 0.055771 0.074653 0 0 0 0 0
0 0 0.31028 0 0 0 0 0 0 0 0 0 0 -0.11811 0.17172 0.22986 0 0 0 0 0
-0 -0 -0.022676 0 0 0 0 0 0 0 0 0 0 0.0086315 -0.01255 -0.016799 0 0 0 0 0
-0 -0 -0.33732 0 0 0 0 0 0 0 0 0 0 0.1284 -0.18669 -0.2499 0 0 0 0 0
-0 -0 -0.21915 0 0 0 0 0 0 0 0 0 0 0.08342 -0.12129 -0.16235 0 0 0 0 0
-0 -0 -0.0043506 0 0 0 0 0 0 0 0 0 0 0.0016561 -0.0024078 -0.003223 0 0 0 0 0
-0 -0 -0.02724 0 0 0 0 0 0 0 0 0 0 0.010369 -0.015076 -0.02018 0 0 0 0 0
0 0 0.10287 0 0 0 0 0 0 0 0 0 0 -0.039158 0.056932 0.076208 0 0 0 0 0
0 0 0.04341 0 0 0 0 0 0 0 0 0 0 -0.016524 0.024025 0.032159 0 0 0 0 0
-0 -0 -0.12539 0 0 0 0 0 0 0 0 0 0 0.04773 -0.069396 -0.092892 0 0 0 0 0
0 0 0.095365 0 0 0 0 0 0 0 0 0 0 -0.036301 0.052779 0.070648 0 0 0 0 0
-0 -0 -0.11046 0 0 0 0 0 0 0 0 0 0 0.042047 -0.061134 -0.081832 0 0 0 0 0
-0 -0 -0.23303 0 0 0 0 0 0 0 0 0 0 0.088703 -0.12897 -0.17263 0 0 0 0 0
0 0 0.063817 0 0 0 0 0 0 0 0 0 0 -0.024292 0.035319 0.047277 0 0 0 0 0
-0 -0 -0.22189 0 0 0 0 0 0 0 0 0 0 0.084462 -0.1228 -0.16438 0 0 0 0 0
0 0 0.34761 0 0 0 0 0 0 0 0 0 0 -0.13232 0.19238 0.25752 0 0 0 0 0
-0 -0 -0.21453 0 0 0 0 0 0 0 0 0 0 0.081661 -0.11873 -0.15893 0 0 0 0 0
-0 -0 -0.078661 0 0 0 0 0 0 0 0 0 0 0.029942 -0.043534 -0.058273 0 0 0 0 0
-0 -0 -0.29909 0 0 0 0 0 0 0 0 0 0 0.11385 -0.16553 -0.22157 0 0 0 0 0
-0 -0 -0.014078 0 0 0 0 0 0 0 0 0 0 0.0053589 -0.0077914 -0.010429 0 0 0 0 0
-0 -0 -0.21449 0 0 0 0 0 0 0 0 0 0 0.081644 -0.11871 -0.1589 0 0 0 0 0
0 0 0.1908 0 0 0 0 0 0 0 0 0 0 -0.072628 0.1056 0.14135 0 0 0 0 0
-0 -0 -0.021206 0 0 0 0 0 0 0 0 0 0 0.0080722 -0.011736 -0.01571 0 0 0 0 0
0 0 0.20312 0 0 0 0 0 0 0 0 0 0 -0.077317 0.11241 0.15047 0 0 0 0 0
-0 -0 -0.09881 0 0 0 0 0 0 0 0 0 0 0.037612 -0.054685 -0.0732 0 0 0 0 0
0 0 0.27472 0 0 0 0 0 0 0 0 0 0 -0.10457 0.15204 0.20352 0 0 0 0 0
0 0 0.15858 0 0 0 0 0 0 0 0 0 0 -0.060362 0.087762 0.11748 0 0 0 0 0
-0 -0 -0.14717 0 0 0 0 0 0 0 0 0 0 0.056022 -0.081452 -0.10903 0 0 0 0 0
-0 -0 -0.21771 0 0 0 0 0 0 0 0 0 0 0.082873 -0.12049 -0.16129 0 0 0 0 0
