-0 -0 -0.25912 0 0 0 0 0 0 0 0 0 0 0.084676 -0.15098 -0.19282 -0.0088528 -0.023405 0.014438 0 0
-0 -0 -0.14983 0 0 0 0 0 0 0 0 0 0 0.048961 -0.087297 -0.11149 -0.0043035 -0.013597 0.0087566 0 0
-0 -0 -0.063155 0 0 0 0 0 0 0 0 0 0 0.020638 -0.036798 -0.046995 -0.0015355 -0.0057366 0.0038175 0 0
0 0 0.026299 0 0 0 0 0 0 0 0 0 0 -0.008594 0.015323 0.01957 0.00051796 0.0023848 -0.0016399 0 0
0 0 0.14286 0 0 0 0 0 0 0 0 0 0 -0.046686 0.083241 0.10631 0.0019435 0.012875 -0.0092278 0 0
-0 -0 -0.088732 0 0 0 0 0 0 0 0 0 0 0.028996 -0.0517 -0.066028 -0.0022735 -0.0080599 0.0053125 0 0
-0 -0 -0.014896 0 0 0 0 0 0 0 0 0 0 0.0048676 -0.008679 -0.011084 -0.00032517 -0.0013523 0.00091603 0 0
-0 -0 -0.031019 0 0 0 0 0 0 0 0 0 0 0.010136 -0.018073 -0.023082 -0.00070293 -0.0028167 0.0018968 0 0
-0 -0 -0.18392 0 0 0 0 0 0 0 0 0 0 0.060104 -0.10716 -0.13686 -0.005598 -0.016674 0.010597 0 0
0 0 0.15704 0 0 0 0 0 0 0 0 0 0 -0.051317 0.091499 0.11686 0.0020194 0.014137 -0.010183 0 0
0 0 0.2909 0 0 0 0 0 0 0 0 0 0 -0.095062 0.1695 0.21647 0.0016897 0.025839 -0.01949 0 0
-0 -0 -0.13217 0 0 0 0 0 0 0 0 0 0 0.043191 -0.07701 -0.098351 -0.0036784 -0.011999 0.0077801 0 0
0 0 0.054932 0 0 0 0 0 0 0 0 0 0 -0.017951 0.032007 0.040876 0.0010001 0.0049759 -0.0034569 0 0
-0 -0 -0.15697 0 0 0 0 0 0 0 0 0 0 0.051294 -0.091458 -0.1168 -0.004565 -0.014242 0.0091471 0 0
0 0 0.1369 0 0 0 0 0 0 0 0 0 0 -0.044736 0.079764 0.10187 0.0019052 0.012343 -0.0088276 0 0
-0 -0 -0.23177 0 0 0 0 0 0 0 0 0 0 0.07574 -0.13504 -0.17247 -0.0076062 -0.020967 0.013077 0 0
-0 -0 -0.19338 0 0 0 0 0 0 0 0 0 0 0.063194 -0.11268 -0.1439 -0.0059772 -0.017525 0.011097 0 0
-0 -0 -0.17983 0 0 0 0 0 0 0 0 0 0 0.058766 -0.10478 -0.13382 -0.0054365 -0.016305 0.01038 0 0
-0 -0 -0.032129 0 0 0 0 0 0 0 0 0 0 0.010499 -0.01872 -0.023908 -0.00072993 -0.0029176 0.0019639 0 0
-0 -0 -0.11421 0 0 0 0 0 0 0 0 0 0 0.037322 -0.066545 -0.084986 -0.0030745 -0.010372 0.0067709 0 0
0 0 0.087806 0 0 0 0 0 0 0 0 0 0 -0.028693 0.051161 0.065339 0.0014478 0.0079409 -0.0055819 0 0
0 0 0.26273 0 0 0 0 0 0 0 0 0 0 -0.085854 0.15308 0.1955 0.0019163 0.023414 -0.017492 0 0
0 0 0.31628 0 0 0 0 0 0 0 0 0 0 -0.10335 0.18428 0.23535 0.0014142 0.028002 -0.021305 0 0
0 0 0.1293 0 0 0 0 0 0 0 0 0 0 -0.042251 0.075335 0.096212 0.001851 0.011663 -0.0083196 0 0
-0 -0 -0.19688 0 0 0 0 0 0 0 0 0 0 0.064338 -0.11472 -0.14651 -0.0061199 -0.01784 0.011281 0 0
0 0 0.024468 0 0 0 0 0 0 0 0 0 0 -0.0079958 0.014257 0.018208 0.00048424 0.002219 -0.0015248 0 0
-0 -0 -0.13927 0 0 0 0 0 0 0 0 0 0 0.045511 -0.081146 -0.10363 -0.003926 -0.012642 0.0081747 0 0
0 0 0.21641 0 0 0 0 0 0 0 0 0 0 -0.07072 0.12609 0.16104 0.0021067 0.019381 -0.014251 0 0
-0 -0 -0.17256 0 0 0 0 0 0 0 0 0 0 0.056391 -0.10055 -0.12841 -0.005154 -0.01565 0.0099908 0 0
0 0 0.018792 0 0 0 0 0 0 0 0 0 0 -0.0061409 0.010949 0.013984 0.00037744 0.0017045 -0.0011689 0 0
0 0 0.17052 0 0 0 0 0 0 0 0 0 0 -0.055722 0.099353 0.12689 0.0020719 0.015334 -0.011097 0 0
-0 -0 -0.18558 0 0 0 0 0 0 0 0 0 0 0.060644 -0.10813 -0.13809 -0.0056636 -0.016823 0.010685 0 0
0 0 0.15448 0 0 0 0 0 0 0 0 0 0 -0.050481 0.090008 0.11495 0.0020073 0.01391 -0.01001 0 0
0 0 0.011262 0 0 0 0 0 0 0 0 0 0 -0.0036803 0.0065619 0.0083804 0.0002306 0.0010217 -0.00069877 0 0
0 0 0.34766 0 0 0 0 0 0 0 0 0 0 -0.11361 0.20257 0.25871 0.00097995 0.030648 -0.023568 0 0
0 0 0.099773 0 0 0 0 0 0 0 0 0 0 -0.032604 0.058133 0.074244 0.0015827 0.0090171 -0.0063654 0 0
-0 -0 -0.19123 0 0 0 0 0 0 0 0 0 0 0.06249 -0.11142 -0.1423 -0.0058901 -0.017331 0.010984 0 0
0 0 0.23607 0 0 0 0 0 0 0 0 0 0 -0.077143 0.13755 0.17566 0.0020535 0.0211 -0.015619 0 0
0 0 0.0445 0 0 0 0 0 0 0 0 0 0 -0.014542 0.025928 0.033114 0.00083432 0.0040326 -0.0027912 0 0
-0 -0 -0.0087506 0 0 0 0 0 0 0 0 0 0 0.0028596 -0.0050986 -0.0065116 -0.00018824 -0.0007943 0.00053927 0 0
0 0 0.11165 0 0 0 0 0 0 0 0 0 0 -0.036485 0.065054 0.083082 0.0017017 0.010083 -0.0071479 0 0
-0 -0 -0.10793 0 0 0 0 0 0 0 0 0 0 0.035268 -0.062883 -0.08031 -0.0028709 -0.0098018 0.0064141 0 0
0 0 0.3308 0 0 0 0 0 0 0 0 0 0 -0.1081 0.19275 0.24616 0.001226 0.029231 -0.02235 0 0
0 0 0.25611 0 0 0 0 0 0 0 0 0 0 -0.083694 0.14923 0.19058 0.0019573 0.022842 -0.017026 0 0
-0 -0 -0.34204 0 0 0 0 0 0 0 0 0 0 0.11177 -0.19929 -0.25452 -0.013062 -0.030702 0.018303 0 0
0 0 0.17501 0 0 0 0 0 0 0 0 0 0 -0.05719 0.10197 0.13023 0.0020851 0.015732 -0.011403 0 0
-0 -0 -0.22384 0 0 0 0 0 0 0 0 0 0 0.073146 -0.13042 -0.16656 -0.0072577 -0.020257 0.012674 0 0
-0 -0 -0.12488 0 0 0 0 0 0 0 0 0 0 0.04081 -0.072764 -0.092929 -0.0034295 -0.011339 0.0073726 0 0
0 0 0.22637 0 0 0 0 0 0 0 0 0 0 -0.073974 0.1319 0.16845 0.0020849 0.020253 -0.014943 0 0
-0 -0 -0.19761 0 0 0 0 0 0 0 0 0 0 0.064576 -0.11514 -0.14705 -0.0061496 -0.017905 0.011319 0 0
-0 -0 -0.035083 0 0 0 0 0 0 0 0 0 0 0.011465 -0.020441 -0.026106 -0.00080239 -0.003186 0.0021423 0 0
-0 -0 -0.017939 0 0 0 0 0 0 0 0 0 0 0.005862 -0.010452 -0.013349 -0.00039441 -0.0016286 0.001102 0 0
-0 -0 -0.20911 0 0 0 0 0 0 0 0 0 0 0.068335 -0.12184 -0.15561 -0.0066275 -0.018938 0.011918 0 0
-0 -0 -0.28787 0 0 0 0 0 0 0 0 0 0 0.09407 -0.16773 -0.21421 -0.01024 -0.025952 0.015823 0 0
0 0 0.24473 0 0 0 0 0 0 0 0 0 0 -0.079974 0.14259 0.18211 0.0020172 0.021854 -0.016226 0 0
-0 -0 -0.1784 0 0 0 0 0 0 0 0 0 0 0.058298 -0.10395 -0.13275 -0.0053805 -0.016176 0.010303 0 0
-0 -0 -0.12272 0 0 0 0 0 0 0 0 0 0 0.040103 -0.071504 -0.09132 -0.0033567 -0.011143 0.0072512 0 0
0 0 0.17181 0 0 0 0 0 0 0 0 0 0 -0.056145 0.10011 0.12785 0.0020759 0.015449 -0.011185 0 0
-0 -0 -0.25196 0 0 0 0 0 0 0 0 0 0 0.082335 -0.1468 -0.18749 -0.0085194 -0.022767 0.014086 0 0
0 0 0.32612 0 0 0 0 0 0 0 0 0 0 -0.10657 0.19002 0.24268 0.0012891 0.028836 -0.022013 0 0
0 0 0.16728 0 0 0 0 0 0 0 0 0 0 -0.054665 0.097468 0.12448 0.002061 0.015047 -0.010877 0 0
-0 -0 -0.22374 0 0 0 0 0 0 0 0 0 0 0.073116 -0.13037 -0.16649 -0.0072537 -0.020249 0.01267 0 0
-0 -0 -0.27501 0 0 0 0 0 0 0 0 0 0 0.089869 -0.16024 -0.20464 -0.0096099 -0.024815 0.01521 0 0
-0 -0 -0.2854 0 0 0 0 0 0 0 0 0 0 0.093265 -0.16629 -0.21238 -0.010118 -0.025734 0.015707 0 0
-0 -0 -0.34835 0 0 0 0 0 0 0 0 0 0 0.11384 -0.20297 -0.25922 -0.013408 -0.03125 0.018581 0 0
-0 -0 -0.29931 0 0 0 0 0 0 0 0 0 0 0.09781 -0.1744 -0.22273 -0.010813 -0.026961 0.016362 0 0
0 0 0.23784 0 0 0 0 0 0 0 0 0 0 -0.077722 0.13858 0.17698 0.0020467 0.021254 -0.015743 0 0
0 0 0.11436 0 0 0 0 0 0 0 0 0 0 -0.037371 0.066632 0.085098 0.0017267 0.010326 -0.0073271 0 0
-0 -0 -0.24105 0 0 0 0 0 0 0 0 0 0 0.078771 -0.14045 -0.17937 -0.0080211 -0.021795 0.013544 0 0
-0 -0 -0.089796 0 0 0 0 0 0 0 0 0 0 0.029344 -0.05232 -0.06682 -0.0023057 -0.0081565 0.005374 0 0
0 0 0.042807 0 0 0 0 0 0 0 0 0 0 -0.013989 0.024942 0.031854 0.00080635 0.0038795 -0.0026836 0 0
-0 -0 -0.24095 0 0 0 0 0 0 0 0 0 0 0.07874 -0.14039 -0.1793 -0.0080167 -0.021787 0.013539 0 0
-0 -0 -0.15242 0 0 0 0 0 0 0 0 0 0 0.049809 -0.08881 -0.11342 -0.004398 -0.013832 0.0088989 0 0
0 0 0.28258 0 0 0 0 0 0 0 0 0 0 -0.092343 0.16465 0.21028 0.0017653 0.025125 -0.018898 0 0
-0 -0 -0.10854 0 0 0 0 0 0 0 0 0 0 0.03547 -0.063243 -0.08077 -0.0028907 -0.0098578 0.0064493 0 0
-0 -0 -0.036708 0 0 0 0 0 0 0 0 0 0 0.011996 -0.021388 -0.027316 -0.00084263 -0.0033337 0.0022402 0 0
0 0 0.22612 0 0 0 0 0 0 0 0 0 0 -0.073891 0.13175 0.16826 0.0020856 0.020231 -0.014925 0 0
0 0 0.11223 0 0 0 0 0 0 0 0 0 0 -0.036674 0.065389 0.08351 0.0017071 0.010135 -0.007186 0 0
0 0 0.2067 0 0 0 0 0 0 0 0 0 0 -0.067546 0.12044 0.15381 0.0021179 0.018529 -0.013578 0 0
0 0 0.16101 0 0 0 0 0 0 0 0 0 0 -0.052614 0.093812 0.11981 0.0020368 0.01449 -0.010451 0 0
-0 -0 -0.070877 0 0 0 0 0 0 0 0 0 0 0.023161 -0.041297 -0.052742 -0.0017513 -0.0064382 0.0042721 0 0
0 0 0.26294 0 0 0 0 0 0 0 0 0 0 -0.085926 0.15321 0.19566 0.0019148 0.023433 -0.017507 0 0
0 0 0.28167 0 0 0 0 0 0 0 0 0 0 -0.092044 0.16412 0.2096 0.0017732 0.025047 -0.018833 0 0
0 0 0.22257 0 0 0 0 0 0 0 0 0 0 -0.072733 0.12968 0.16562 0.0020944 0.019921 -0.014678 0 0
0 0 0.34329 0 0 0 0 0 0 0 0 0 0 -0.11218 0.20002 0.25545 0.0010467 0.030281 -0.023251 0 0
0 0 0.045538 0 0 0 0 0 0 0 0 0 0 -0.014881 0.026533 0.033886 0.00085132 0.0041265 -0.0028572 0 0
-0 -0 -0.26484 0 0 0 0 0 0 0 0 0 0 0.086544 -0.15431 -0.19707 -0.0091224 -0.023912 0.014717 0 0
0 0 0.18189 0 0 0 0 0 0 0 0 0 0 -0.059437 0.10598 0.13535 0.0021012 0.016341 -0.011872 0 0
0 0 0.19439 0 0 0 0 0 0 0 0 0 0 -0.063523 0.11326 0.14465 0.0021178 0.017445 -0.012729 0 0
-0 -0 -0.14286 0 0 0 0 0 0 0 0 0 0 0.046683 -0.083237 -0.1063 -0.004053 -0.012967 0.0083731 0 0
0 0 0.11295 0 0 0 0 0 0 0 0 0 0 -0.036909 0.065809 0.084047 0.0017138 0.0102 -0.0072337 0 0
0 0 0.34735 0 0 0 0 0 0 0 0 0 0 -0.11351 0.20238 0.25847 0.00098486 0.030622 -0.023545 0 0
0 0 0.010593 0 0 0 0 0 0 0 0 0 0 -0.0034616 0.0061721 0.0078826 0.00021727 0.00096107 -0.00065711 0 0
0 0 0.19195 0 0 0 0 0 0 0 0 0 0 -0.062725 0.11184 0.14283 0.0021158 0.01723 -0.012562 0 0
-0 -0 -0.32537 0 0 0 0 0 0 0 0 0 0 0.10632 -0.18958 -0.24211 -0.012164 -0.029247 0.017559 0 0
-0 -0 -0.25384 0 0 0 0 0 0 0 0 0 0 0.08295 -0.1479 -0.18889 -0.0086065 -0.022935 0.014179 0 0
0 0 0.099427 0 0 0 0 0 0 0 0 0 0 -0.032491 0.057932 0.073986 0.001579 0.008986 -0.0063426 0 0
-0 -0 -0.1895 0 0 0 0 0 0 0 0 0 0 0.061924 -0.11041 -0.14101 -0.0058203 -0.017175 0.010892 0 0
0 0 0.26007 0 0 0 0 0 0 0 0 0 0 -0.084987 0.15153 0.19353 0.0019333 0.023185 -0.017305 0 0
-0 -0 -0.0044033 0 0 0 0 0 0 0 0 0 0 0.0014389 -0.0025656 -0.0032766 -9.3734e-05 -0.00039965 0.00027177 0 0
