0 0 0.26037 0 0 0 0 0 0 0 0 0 0 -0.12421 0.12421 0.19219 0.00022067 0.010966 -0.0069445 0 0
-0 -0 -0.17374 0 0 0 0 0 0 0 0 0 0 0.082881 -0.082881 -0.12824 -0.0017858 -0.0076102 0.0037641 0 0
-0 -0 -0.20517 0 0 0 0 0 0 0 0 0 0 0.097876 -0.097876 -0.15145 -0.0022451 -0.0089904 0.0043593 0 0
0 0 0.014097 0 0 0 0 0 0 0 0 0 0 -0.0067248 0.0067248 0.010406 8.7963e-05 0.00061189 -0.0003386 0 0
-0 -0 -0.19665 0 0 0 0 0 0 0 0 0 0 0.093809 -0.093809 -0.14515 -0.0021165 -0.0086162 0.0042006 0 0
0 0 0.0012768 0 0 0 0 0 0 0 0 0 0 -0.00060908 0.00060908 0.00094244 8.3228e-06 5.5475e-05 -3.0473e-05 0 0
0 0 0.18427 0 0 0 0 0 0 0 0 0 0 -0.087906 0.087906 0.13602 0.00046383 0.0078512 -0.0047743 0 0
-0 -0 -0.13844 0 0 0 0 0 0 0 0 0 0 0.066044 -0.066044 -0.10219 -0.0013192 -0.0060593 0.0030634 0 0
0 0 0.30073 0 0 0 0 0 0 0 0 0 0 -0.14346 0.14346 0.22198 -1.0998e-05 0.012578 -0.0081358 0 0
-0 -0 -0.080095 0 0 0 0 0 0 0 0 0 0 0.038209 -0.038209 -0.059122 -0.00066308 -0.0034977 0.0018319 0 0
0 0 0.23072 0 0 0 0 0 0 0 0 0 0 -0.11007 0.11007 0.17031 0.00034557 0.0097636 -0.0060866 0 0
-0 -0 -0.27603 0 0 0 0 0 0 0 0 0 0 0.13168 -0.13168 -0.20375 -0.003429 -0.01209 0.0055976 0 0
0 0 0.15523 0 0 0 0 0 0 0 0 0 0 -0.07405 0.07405 0.11458 0.00048963 0.0066394 -0.0039744 0 0
-0 -0 -0.099272 0 0 0 0 0 0 0 0 0 0 0.047357 -0.047357 -0.073277 -0.00086275 -0.0043389 0.0022465 0 0
0 0 0.093829 0 0 0 0 0 0 0 0 0 0 -0.04476 0.04476 0.069259 0.0004222 0.0040424 -0.0023397 0 0
-0 -0 -0.20925 0 0 0 0 0 0 0 0 0 0 0.099822 -0.099822 -0.15446 -0.0023077 -0.0091693 0.0044345 0 0
-0 -0 -0.24963 0 0 0 0 0 0 0 0 0 0 0.11908 -0.11908 -0.18426 -0.0029641 -0.010938 0.0051532 0 0
0 0 0.15704 0 0 0 0 0 0 0 0 0 0 -0.074914 0.074914 0.11592 0.00048911 0.0067153 -0.0040238 0 0
0 0 0.29891 0 0 0 0 0 0 0 0 0 0 -0.14259 0.14259 0.22064 9.8222e-07 0.012506 -0.0080815 0 0
-0 -0 -0.07057 0 0 0 0 0 0 0 0 0 0 0.033665 -0.033665 -0.052091 -0.00056975 -0.0030803 0.0016225 0 0
-0 -0 -0.22496 0 0 0 0 0 0 0 0 0 0 0.10732 -0.10732 -0.16605 -0.0025552 -0.0098581 0.0047197 0 0
0 0 0.087001 0 0 0 0 0 0 0 0 0 0 -0.041503 0.041503 0.064219 0.00040447 0.003751 -0.0021628 0 0
0 0 0.13364 0 0 0 0 0 0 0 0 0 0 -0.063754 0.063754 0.098648 0.0004848 0.0057317 -0.0033909 0 0
-0 -0 -0.26719 0 0 0 0 0 0 0 0 0 0 0.12746 -0.12746 -0.19723 -0.0032703 -0.011705 0.0054512 0 0
-0 -0 -0.064527 0 0 0 0 0 0 0 0 0 0 0.030782 -0.030782 -0.04763 -0.00051256 -0.0028156 0.0014884 0 0
0 0 0.18828 0 0 0 0 0 0 0 0 0 0 -0.089819 0.089819 0.13898 0.00045735 0.0080176 -0.004886 0 0
0 0 0.21608 0 0 0 0 0 0 0 0 0 0 -0.10308 0.10308 0.1595 0.00039306 0.0091644 -0.0056687 0 0
0 0 0.26722 0 0 0 0 0 0 0 0 0 0 -0.12748 0.12748 0.19725 0.00018635 0.011242 -0.0071448 0 0
-0 -0 -0.22657 0 0 0 0 0 0 0 0 0 0 0.10808 -0.10808 -0.16724 -0.0025811 -0.0099287 0.0047485 0 0
-0 -0 -0.20728 0 0 0 0 0 0 0 0 0 0 0.098881 -0.098881 -0.153 -0.0022774 -0.0090828 0.0043982 0 0
0 0 0.13848 0 0 0 0 0 0 0 0 0 0 -0.066063 0.066063 0.10222 0.00048767 0.0059357 -0.003521 0 0
-0 -0 -0.13436 0 0 0 0 0 0 0 0 0 0 0.064098 -0.064098 -0.099181 -0.0012686 -0.0058801 0.0029803 0 0
-0 -0 -0.19453 0 0 0 0 0 0 0 0 0 0 0.092801 -0.092801 -0.14359 -0.0020851 -0.0085234 0.0041609 0 0
0 0 0.18271 0 0 0 0 0 0 0 0 0 0 -0.087163 0.087163 0.13487 0.00046615 0.0077865 -0.004731 0 0
0 0 0.22057 0 0 0 0 0 0 0 0 0 0 -0.10522 0.10522 0.16281 0.00037952 0.0093483 -0.0057963 0 0
0 0 0.067865 0 0 0 0 0 0 0 0 0 0 -0.032374 0.032374 0.050094 0.0003439 0.0029316 -0.0016724 0 0
0 0 0.11359 0 0 0 0 0 0 0 0 0 0 -0.054188 0.054188 0.083847 0.00046198 0.0048832 -0.0028573 0 0
0 0 0.19757 0 0 0 0 0 0 0 0 0 0 -0.094249 0.094249 0.14583 0.00043965 0.008402 -0.0051458 0 0
-0 -0 -0.17862 0 0 0 0 0 0 0 0 0 0 0.085208 -0.085208 -0.13185 -0.0018544 -0.0078245 0.0038583 0 0
-0 -0 -0.18454 0 0 0 0 0 0 0 0 0 0 0.088035 -0.088035 -0.13622 -0.0019391 -0.0080848 0.0039718 0 0
-0 -0 -0.31636 0 0 0 0 0 0 0 0 0 0 0.15092 -0.15092 -0.23352 -0.0041931 -0.013844 0.006237 0 0
0 0 0.28046 0 0 0 0 0 0 0 0 0 0 -0.13379 0.13379 0.20702 0.00011419 0.011772 -0.0075343 0 0
-0 -0 -0.19826 0 0 0 0 0 0 0 0 0 0 0.094579 -0.094579 -0.14635 -0.0021406 -0.0086871 0.0042308 0 0
-0 -0 -0.22813 0 0 0 0 0 0 0 0 0 0 0.10883 -0.10883 -0.16839 -0.0026063 -0.0099968 0.0047763 0 0
-0 -0 -0.1739 0 0 0 0 0 0 0 0 0 0 0.082956 -0.082956 -0.12836 -0.001788 -0.0076171 0.0037672 0 0
-0 -0 -0.28596 0 0 0 0 0 0 0 0 0 0 0.13641 -0.13641 -0.21108 -0.0036112 -0.012523 0.0057596 0 0
-0 -0 -0.2834 0 0 0 0 0 0 0 0 0 0 0.13519 -0.13519 -0.20919 -0.0035638 -0.012412 0.0057181 0 0
-0 -0 -0.1912 0 0 0 0 0 0 0 0 0 0 0.09121 -0.09121 -0.14113 -0.0020359 -0.008377 0.0040981 0 0
-0 -0 -0.33585 0 0 0 0 0 0 0 0 0 0 0.16022 -0.16022 -0.24791 -0.0045853 -0.014687 0.0065285 0 0
0 0 0.1664 0 0 0 0 0 0 0 0 0 0 -0.079381 0.079381 0.12283 0.00048409 0.007107 -0.0042802 0 0
0 0 0.15189 0 0 0 0 0 0 0 0 0 0 -0.072459 0.072459 0.11212 0.00049022 0.0064995 -0.0038836 0 0
0 0 0.12936 0 0 0 0 0 0 0 0 0 0 -0.061712 0.061712 0.095488 0.00048141 0.0055509 -0.0032763 0 0
0 0 0.22072 0 0 0 0 0 0 0 0 0 0 -0.10529 0.10529 0.16292 0.00037903 0.0093546 -0.0058007 0 0
0 0 0.065486 0 0 0 0 0 0 0 0 0 0 -0.03124 0.03124 0.048338 0.00033525 0.0028295 -0.001612 0 0
-0 -0 -0.33029 0 0 0 0 0 0 0 0 0 0 0.15756 -0.15756 -0.2438 -0.0044719 -0.014447 0.0064465 0 0
-0 -0 -0.0023706 0 0 0 0 0 0 0 0 0 0 0.0011309 -0.0011309 -0.0017499 -1.5641e-05 -0.00010303 5.6478e-05 0 0
-0 -0 -0.10658 0 0 0 0 0 0 0 0 0 0 0.050842 -0.050842 -0.07867 -0.00094294 -0.0046596 0.002402 0 0
0 0 0.069166 0 0 0 0 0 0 0 0 0 0 -0.032995 0.032995 0.051055 0.00034853 0.0029875 -0.0017055 0 0
-0 -0 -0.13704 0 0 0 0 0 0 0 0 0 0 0.065375 -0.065375 -0.10116 -0.0013017 -0.0059978 0.0030349 0 0
0 0 0.27776 0 0 0 0 0 0 0 0 0 0 -0.13251 0.13251 0.20503 0.00012952 0.011664 -0.0074547 0 0
0 0 0.31987 0 0 0 0 0 0 0 0 0 0 -0.15259 0.15259 0.23611 -0.00014567 0.013332 -0.0087101 0 0
-0 -0 -0.025601 0 0 0 0 0 0 0 0 0 0 0.012213 -0.012213 -0.018898 -0.00018182 -0.0011145 0.00060277 0 0
0 0 0.28327 0 0 0 0 0 0 0 0 0 0 -0.13513 0.13513 0.20909 9.7945e-05 0.011884 -0.0076171 0 0
0 0 0.26016 0 0 0 0 0 0 0 0 0 0 -0.12411 0.12411 0.19203 0.00022172 0.010957 -0.0069381 0 0
-0 -0 -0.025863 0 0 0 0 0 0 0 0 0 0 0.012338 -0.012338 -0.019091 -0.00018382 -0.0011259 0.00060885 0 0
0 0 0.11664 0 0 0 0 0 0 0 0 0 0 -0.055645 0.055645 0.086101 0.00046659 0.0050127 -0.002938 0 0
-0 -0 -0.13245 0 0 0 0 0 0 0 0 0 0 0.063184 -0.063184 -0.097766 -0.0012451 -0.0057959 0.0029411 0 0
0 0 0.3091 0 0 0 0 0 0 0 0 0 0 -0.14745 0.14745 0.22816 -6.792e-05 0.012908 -0.0083862 0 0
-0 -0 -0.24334 0 0 0 0 0 0 0 0 0 0 0.11608 -0.11608 -0.17962 -0.0028574 -0.010663 0.0050443 0 0
-0 -0 -0.096857 0 0 0 0 0 0 0 0 0 0 0.046205 -0.046205 -0.071494 -0.00083674 -0.0042329 0.0021948 0 0
0 0 0.018134 0 0 0 0 0 0 0 0 0 0 -0.0086508 0.0086508 0.013386 0.00011156 0.00078687 -0.00043644 0 0
0 0 0.27866 0 0 0 0 0 0 0 0 0 0 -0.13294 0.13294 0.20569 0.00012444 0.0117 -0.0074812 0 0
0 0 0.24848 0 0 0 0 0 0 0 0 0 0 -0.11853 0.11853 0.18341 0.00027539 0.010485 -0.0065985 0 0
0 0 0.0067442 0 0 0 0 0 0 0 0 0 0 -0.0032173 0.0032173 0.0049782 4.3162e-05 0.00029291 -0.00016141 0 0
-0 -0 -0.16347 0 0 0 0 0 0 0 0 0 0 0.077982 -0.077982 -0.12066 -0.0016447 -0.007159 0.0035638 0 0
-0 -0 -0.30033 0 0 0 0 0 0 0 0 0 0 0.14327 -0.14327 -0.22169 -0.0038817 -0.013148 0.0059887 0 0
-0 -0 -0.34498 0 0 0 0 0 0 0 0 0 0 0.16457 -0.16457 -0.25465 -0.004774 -0.015081 0.006661 0 0
0 0 0.036199 0 0 0 0 0 0 0 0 0 0 -0.017269 0.017269 0.02672 0.00020845 0.0015684 -0.00087887 0 0
0 0 0.0028257 0 0 0 0 0 0 0 0 0 0 -0.001348 0.001348 0.0020858 1.8325e-05 0.00012276 -6.7495e-05 0 0
-0 -0 -0.1243 0 0 0 0 0 0 0 0 0 0 0.059296 -0.059296 -0.09175 -0.0011469 -0.0054378 0.0027731 0 0
-0 -0 -0.14477 0 0 0 0 0 0 0 0 0 0 0.06906 -0.06906 -0.10686 -0.0013989 -0.0063372 0.0031915 0 0
0 0 0.23512 0 0 0 0 0 0 0 0 0 0 -0.11216 0.11216 0.17355 0.0003295 0.0099426 -0.0062127 0 0
0 0 0.31363 0 0 0 0 0 0 0 0 0 0 -0.14962 0.14962 0.2315 -0.00010003 0.013087 -0.0085223 0 0
0 0 0.32896 0 0 0 0 0 0 0 0 0 0 -0.15693 0.15693 0.24282 -0.00021516 0.013687 -0.0089846 0 0
0 0 0.28502 0 0 0 0 0 0 0 0 0 0 -0.13597 0.13597 0.21039 8.7587e-05 0.011954 -0.007669 0 0
-0 -0 -0.052041 0 0 0 0 0 0 0 0 0 0 0.024826 -0.024826 -0.038413 -0.00039935 -0.0022692 0.0012084 0 0
0 0 0.29636 0 0 0 0 0 0 0 0 0 0 -0.14138 0.14138 0.21876 1.7499e-05 0.012405 -0.0080056 0 0
0 0 0.2757 0 0 0 0 0 0 0 0 0 0 -0.13152 0.13152 0.20351 0.00014101 0.011582 -0.007394 0 0
-0 -0 -0.033177 0 0 0 0 0 0 0 0 0 0 0.015827 -0.015827 -0.024489 -0.00024106 -0.001445 0.00077807 0 0
-0 -0 -0.013249 0 0 0 0 0 0 0 0 0 0 0.0063201 -0.0063201 -0.0097793 -9.0541e-05 -0.00057625 0.0003139 0 0
-0 -0 -0.0023672 0 0 0 0 0 0 0 0 0 0 0.0011293 -0.0011293 -0.0017474 -1.5618e-05 -0.00010288 5.6397e-05 0 0
0 0 0.32452 0 0 0 0 0 0 0 0 0 0 -0.15481 0.15481 0.23954 -0.00018076 0.013514 -0.0088503 0 0
0 0 0.0054518 0 0 0 0 0 0 0 0 0 0 -0.0026008 0.0026008 0.0040242 3.5044e-05 0.0002368 -0.00013039 0 0
-0 -0 -0.00038094 0 0 0 0 0 0 0 0 0 0 0.00018172 -0.00018172 -0.00028119 -2.4969e-06 -1.6554e-05 9.0845e-06 0 0
-0 -0 -0.33428 0 0 0 0 0 0 0 0 0 0 0.15947 -0.15947 -0.24675 -0.0045531 -0.014619 0.0065054 0 0
0 0 0.095965 0 0 0 0 0 0 0 0 0 0 -0.04578 0.04578 0.070836 0.00042733 0.0041335 -0.0023952 0 0
0 0 0.13423 0 0 0 0 0 0 0 0 0 0 -0.064034 0.064034 0.099082 0.00048521 0.0057564 -0.0034067 0 0
-0 -0 -0.023522 0 0 0 0 0 0 0 0 0 0 0.011221 -0.011221 -0.017363 -0.00016599 -0.0010238 0.0005544 0 0
-0 -0 -0.18037 0 0 0 0 0 0 0 0 0 0 0.086045 -0.086045 -0.13314 -0.0018793 -0.0079015 0.003892 0 0
-0 -0 -0.083576 0 0 0 0 0 0 0 0 0 0 0.039869 -0.039869 -0.061691 -0.00069816 -0.0036503 0.0019079 0 0
