0 0 0.027626 0 0 0 0 0 0 0 0 0 0 -0.010516 0.015289 0.020465 0.0006495 0.0036137 -0.0023659 0 0
-0 -0 -0.3169 0 0 0 0 0 0 0 0 0 0 0.12063 -0.17539 -0.23477 -0.015116 -0.041492 0.02323 0 0
0 0 0.23332 0 0 0 0 0 0 0 0 0 0 -0.088814 0.12913 0.17285 0.0019954 0.029928 -0.021333 0 0
0 0 0.21044 0 0 0 0 0 0 0 0 0 0 -0.080106 0.11647 0.1559 0.0021511 0.027072 -0.019119 0 0
0 0 0.26616 0 0 0 0 0 0 0 0 0 0 -0.10132 0.14731 0.19718 0.0016384 0.033989 -0.02455 0 0
-0 -0 -0.25113 0 0 0 0 0 0 0 0 0 0 0.095591 -0.13898 -0.18604 -0.010853 -0.032975 0.019058 0 0
-0 -0 -0.098448 0 0 0 0 0 0 0 0 0 0 0.037474 -0.054485 -0.072932 -0.0032037 -0.012942 0.0080221 0 0
-0 -0 -0.25596 0 0 0 0 0 0 0 0 0 0 0.097432 -0.14166 -0.18962 -0.011147 -0.033604 0.019377 0 0
0 0 0.28001 0 0 0 0 0 0 0 0 0 0 -0.10659 0.15497 0.20744 0.0014407 0.035686 -0.02592 0 0
-0 -0 -0.075934 0 0 0 0 0 0 0 0 0 0 0.028904 -0.042025 -0.056253 -0.0023495 -0.0099771 0.0062463 0 0
0 0 0.22134 0 0 0 0 0 0 0 0 0 0 -0.084254 0.1225 0.16397 0.0020865 0.028436 -0.020171 0 0
0 0 0.013506 0 0 0 0 0 0 0 0 0 0 -0.0051412 0.0074749 0.010006 0.00033131 0.0017682 -0.0011507 0 0
0 0 0.23087 0 0 0 0 0 0 0 0 0 0 -0.087882 0.12777 0.17103 0.0020158 0.029624 -0.021095 0 0
-0 -0 -0.3168 0 0 0 0 0 0 0 0 0 0 0.12059 -0.17533 -0.23469 -0.015109 -0.04148 0.023224 0 0
-0 -0 -0.082204 0 0 0 0 0 0 0 0 0 0 0.031291 -0.045495 -0.060898 -0.0025802 -0.010803 0.0067445 0 0
0 0 0.14703 0 0 0 0 0 0 0 0 0 0 -0.055968 0.081374 0.10892 0.0021828 0.019049 -0.013109 0 0
0 0 0.18614 0 0 0 0 0 0 0 0 0 0 -0.070855 0.10302 0.1379 0.0022327 0.024015 -0.016793 0 0
-0 -0 -0.19964 0 0 0 0 0 0 0 0 0 0 0.075991 -0.11049 -0.14789 -0.0079169 -0.026247 0.01554 0 0
-0 -0 -0.013161 0 0 0 0 0 0 0 0 0 0 0.0050099 -0.007284 -0.0097502 -0.00034811 -0.0017254 0.0011101 0 0
0 0 0.21978 0 0 0 0 0 0 0 0 0 0 -0.083658 0.12163 0.16281 0.0020969 0.02824 -0.02002 0 0
-0 -0 -0.03146 0 0 0 0 0 0 0 0 0 0 0.011975 -0.017411 -0.023306 -0.00087342 -0.0041275 0.0026348 0 0
-0 -0 -0.28976 0 0 0 0 0 0 0 0 0 0 0.1103 -0.16037 -0.21466 -0.013289 -0.037991 0.021554 0 0
0 0 0.17005 0 0 0 0 0 0 0 0 0 0 -0.064728 0.09411 0.12597 0.0022393 0.021978 -0.015268 0 0
-0 -0 -0.097306 0 0 0 0 0 0 0 0 0 0 0.037039 -0.053853 -0.072086 -0.0031587 -0.012791 0.0079329 0 0
0 0 0.29196 0 0 0 0 0 0 0 0 0 0 -0.11113 0.16158 0.21629 0.0012479 0.037143 -0.027107 0 0
-0 -0 -0.19827 0 0 0 0 0 0 0 0 0 0 0.07547 -0.10973 -0.14688 -0.0078437 -0.026067 0.015444 0 0
0 0 0.075387 0 0 0 0 0 0 0 0 0 0 -0.028696 0.041722 0.055848 0.0015118 0.0098292 -0.0065662 0 0
0 0 0.28145 0 0 0 0 0 0 0 0 0 0 -0.10713 0.15576 0.2085 0.0014187 0.035861 -0.026062 0 0
-0 -0 -0.21433 0 0 0 0 0 0 0 0 0 0 0.081585 -0.11862 -0.15878 -0.0087184 -0.028171 0.016566 0 0
-0 -0 -0.15412 0 0 0 0 0 0 0 0 0 0 0.058667 -0.085297 -0.11418 -0.0056215 -0.02027 0.012255 0 0
-0 -0 -0.1248 0 0 0 0 0 0 0 0 0 0 0.047506 -0.069071 -0.092456 -0.0042943 -0.016412 0.010054 0 0
0 0 0.0066098 0 0 0 0 0 0 0 0 0 0 -0.002516 0.0036581 0.0048966 0.00016542 0.00086565 -0.0005617 0 0
-0 -0 -0.039891 0 0 0 0 0 0 0 0 0 0 0.015184 -0.022077 -0.029552 -0.0011316 -0.0052354 0.0033297 0 0
0 0 0.24332 0 0 0 0 0 0 0 0 0 0 -0.092618 0.13466 0.18025 0.0019034 0.031169 -0.022308 0 0
0 0 0.1511 0 0 0 0 0 0 0 0 0 0 -0.057515 0.083622 0.11193 0.0021984 0.019567 -0.013489 0 0
0 0 0.029032 0 0 0 0 0 0 0 0 0 0 -0.011051 0.016068 0.021508 0.00067962 0.0037974 -0.0024877 0 0
-0 -0 -0.2731 0 0 0 0 0 0 0 0 0 0 0.10396 -0.15114 -0.20232 -0.012214 -0.035831 0.020493 0 0
-0 -0 -0.036362 0 0 0 0 0 0 0 0 0 0 0.013841 -0.020124 -0.026938 -0.0010223 -0.0047716 0.0030394 0 0
-0 -0 -0.007862 0 0 0 0 0 0 0 0 0 0 0.0029927 -0.0043511 -0.0058243 -0.00020495 -0.0010304 0.00066447 0 0
-0 -0 -0.29491 0 0 0 0 0 0 0 0 0 0 0.11226 -0.16322 -0.21848 -0.013628 -0.038657 0.021877 0 0
0 0 0.1326 0 0 0 0 0 0 0 0 0 0 -0.050475 0.073388 0.098234 0.0021079 0.017204 -0.011769 0 0
-0 -0 -0.27908 0 0 0 0 0 0 0 0 0 0 0.10623 -0.15446 -0.20675 -0.012596 -0.036608 0.020876 0 0
0 0 0.10601 0 0 0 0 0 0 0 0 0 0 -0.040352 0.058668 0.078532 0.0018902 0.013787 -0.0093285 0 0
-0 -0 -0.02696 0 0 0 0 0 0 0 0 0 0 0.010262 -0.014921 -0.019972 -0.00073978 -0.0035364 0.0022618 0 0
-0 -0 -0.058963 0 0 0 0 0 0 0 0 0 0 0.022444 -0.032632 -0.04368 -0.001753 -0.0077435 0.0048841 0 0
0 0 0.15365 0 0 0 0 0 0 0 0 0 0 -0.058487 0.085036 0.11383 0.002207 0.019893 -0.013727 0 0
0 0 0.32089 0 0 0 0 0 0 0 0 0 0 -0.12215 0.17759 0.23772 0.00069497 0.040639 -0.030003 0 0
0 0 0.20058 0 0 0 0 0 0 0 0 0 0 -0.076352 0.11101 0.1486 0.0021947 0.025834 -0.018172 0 0
-0 -0 -0.29185 0 0 0 0 0 0 0 0 0 0 0.11109 -0.16152 -0.21621 -0.013426 -0.038261 0.021685 0 0
0 0 0.24991 0 0 0 0 0 0 0 0 0 0 -0.095129 0.13831 0.18514 0.0018348 0.031986 -0.022953 0 0
-0 -0 -0.14318 0 0 0 0 0 0 0 0 0 0 0.054501 -0.079241 -0.10607 -0.0051122 -0.018831 0.011441 0 0
0 0 0.29801 0 0 0 0 0 0 0 0 0 0 -0.11344 0.16493 0.22077 0.0011422 0.037878 -0.02771 0 0
-0 -0 -0.04685 0 0 0 0 0 0 0 0 0 0 0.017833 -0.025928 -0.034707 -0.0013523 -0.0061502 0.0038998 0 0
-0 -0 -0.16404 0 0 0 0 0 0 0 0 0 0 0.06244 -0.090784 -0.12152 -0.0060972 -0.021574 0.012984 0 0
-0 -0 -0.33213 0 0 0 0 0 0 0 0 0 0 0.12642 -0.18381 -0.24605 -0.016183 -0.043448 0.024143 0 0
-0 -0 -0.22134 0 0 0 0 0 0 0 0 0 0 0.084252 -0.1225 -0.16397 -0.0091109 -0.029088 0.017049 0 0
-0 -0 -0.010266 0 0 0 0 0 0 0 0 0 0 0.0039076 -0.0056813 -0.0076049 -0.00026938 -0.0013456 0.00086682 0 0
0 0 0.15546 0 0 0 0 0 0 0 0 0 0 -0.059174 0.086035 0.11516 0.0022125 0.020123 -0.013896 0 0
-0 -0 -0.266 0 0 0 0 0 0 0 0 0 0 0.10125 -0.14721 -0.19706 -0.011767 -0.034909 0.020033 0 0
0 0 0.152 0 0 0 0 0 0 0 0 0 0 -0.05786 0.084125 0.11261 0.0022016 0.019683 -0.013573 0 0
-0 -0 -0.16129 0 0 0 0 0 0 0 0 0 0 0.061396 -0.089265 -0.11949 -0.0059642 -0.021213 0.012783 0 0
-0 -0 -0.23603 0 0 0 0 0 0 0 0 0 0 0.089846 -0.13063 -0.17486 -0.0099555 -0.031007 0.018049 0 0
0 0 0.26582 0 0 0 0 0 0 0 0 0 0 -0.10118 0.14711 0.19692 0.001643 0.033947 -0.024516 0 0
-0 -0 -0.15842 0 0 0 0 0 0 0 0 0 0 0.060302 -0.087674 -0.11736 -0.0058259 -0.020835 0.012572 0 0
0 0 0.13977 0 0 0 0 0 0 0 0 0 0 -0.053202 0.077352 0.10354 0.0021489 0.018121 -0.012433 0 0
-0 -0 -0.31903 0 0 0 0 0 0 0 0 0 0 0.12144 -0.17656 -0.23634 -0.015264 -0.041766 0.023359 0 0
-0 -0 -0.19472 0 0 0 0 0 0 0 0 0 0 0.074119 -0.10776 -0.14425 -0.0076551 -0.025602 0.015193 0 0
0 0 0.078653 0 0 0 0 0 0 0 0 0 0 -0.029939 0.04353 0.058267 0.0015587 0.010252 -0.0068583 0 0
-0 -0 -0.31242 0 0 0 0 0 0 0 0 0 0 0.11892 -0.17291 -0.23145 -0.014808 -0.040916 0.022958 0 0
-0 -0 -0.2647 0 0 0 0 0 0 0 0 0 0 0.10076 -0.14649 -0.19609 -0.011686 -0.03474 0.019949 0 0
0 0 0.1803 0 0 0 0 0 0 0 0 0 0 -0.068631 0.099784 0.13357 0.0022395 0.023276 -0.016238 0 0
-0 -0 -0.10852 0 0 0 0 0 0 0 0 0 0 0.041307 -0.060058 -0.080391 -0.0036089 -0.014268 0.0088045 0 0
-0 -0 -0.030328 0 0 0 0 0 0 0 0 0 0 0.011544 -0.016784 -0.022467 -0.00083952 -0.0039788 0.002541 0 0
-0 -0 -0.055295 0 0 0 0 0 0 0 0 0 0 0.021048 -0.030603 -0.040964 -0.0016295 -0.007261 0.0045872 0 0
0 0 0.1025 0 0 0 0 0 0 0 0 0 0 -0.039015 0.056725 0.07593 0.0018538 0.013334 -0.0090091 0 0
0 0 0.18328 0 0 0 0 0 0 0 0 0 0 -0.069766 0.10144 0.13578 0.0022367 0.023654 -0.016522 0 0
-0 -0 -0.24299 0 0 0 0 0 0 0 0 0 0 0.092495 -0.13448 -0.18001 -0.010366 -0.031915 0.018517 0 0
0 0 0.19774 0 0 0 0 0 0 0 0 0 0 -0.075271 0.10944 0.14649 0.0022046 0.025477 -0.0179 0 0
-0 -0 -0.12595 0 0 0 0 0 0 0 0 0 0 0.047944 -0.069707 -0.093307 -0.0043441 -0.016563 0.010142 0 0
0 0 0.027337 0 0 0 0 0 0 0 0 0 0 -0.010406 0.015129 0.020252 0.00064328 0.003576 -0.0023409 0 0
-0 -0 -0.21319 0 0 0 0 0 0 0 0 0 0 0.081151 -0.11799 -0.15793 -0.0086551 -0.028022 0.016487 0 0
0 0 0.0057497 0 0 0 0 0 0 0 0 0 0 -0.0021886 0.0031821 0.0042594 0.00014425 0.00075304 -0.00048845 0 0
-0 -0 -0.24891 0 0 0 0 0 0 0 0 0 0 0.094749 -0.13776 -0.1844 -0.01072 -0.032687 0.018911 0 0
-0 -0 -0.058246 0 0 0 0 0 0 0 0 0 0 0.022171 -0.032236 -0.04315 -0.0017287 -0.0076492 0.0048262 0 0
-0 -0 -0.11709 0 0 0 0 0 0 0 0 0 0 0.044572 -0.064804 -0.086744 -0.0039652 -0.015397 0.0094651 0 0
-0 -0 -0.0067719 0 0 0 0 0 0 0 0 0 0 0.0025777 -0.0037478 -0.0050167 -0.000176 -0.00088749 0.00057258 0 0
-0 -0 -0.087408 0 0 0 0 0 0 0 0 0 0 0.033272 -0.048375 -0.064753 -0.0027759 -0.011488 0.0071558 0 0
0 0 0.0483 0 0 0 0 0 0 0 0 0 0 -0.018385 0.026731 0.035782 0.0010634 0.0063098 -0.0041674 0 0
0 0 0.10697 0 0 0 0 0 0 0 0 0 0 -0.040719 0.059203 0.079247 0.0018999 0.013911 -0.0094165 0 0
0 0 0.031323 0 0 0 0 0 0 0 0 0 0 -0.011923 0.017336 0.023205 0.00072807 0.0040964 -0.0026862 0 0
-0 -0 -0.11842 0 0 0 0 0 0 0 0 0 0 0.045077 -0.065539 -0.087729 -0.0040213 -0.015572 0.009567 0 0
-0 -0 -0.32217 0 0 0 0 0 0 0 0 0 0 0.12264 -0.1783 -0.23867 -0.015482 -0.04217 0.023548 0 0
0 0 0.09472 0 0 0 0 0 0 0 0 0 0 -0.036055 0.052422 0.07017 0.0017666 0.012331 -0.0083042 0 0
-0 -0 -0.16033 0 0 0 0 0 0 0 0 0 0 0.061031 -0.088734 -0.11878 -0.0059179 -0.021087 0.012713 0 0
0 0 0.0098292 0 0 0 0 0 0 0 0 0 0 -0.0037415 0.0054399 0.0072816 0.00024371 0.0012871 -0.0008363 0 0
-0 -0 -0.22126 0 0 0 0 0 0 0 0 0 0 0.084223 -0.12245 -0.16391 -0.0091066 -0.029078 0.017044 0 0
-0 -0 -0.024353 0 0 0 0 0 0 0 0 0 0 0.0092701 -0.013478 -0.018041 -0.0006637 -0.0031942 0.0020452 0 0
0 0 0.33216 0 0 0 0 0 0 0 0 0 0 -0.12644 0.18383 0.24607 0.00044678 0.041989 -0.031139 0 0
0 0 0.2365 0 0 0 0 0 0 0 0 0 0 -0.090024 0.13089 0.1752 0.0019678 0.030324 -0.021643 0 0
0 0 0.045098 0 0 0 0 0 0 0 0 0 0 -0.017166 0.024959 0.033409 0.0010033 0.0058926 -0.0038867 0 0
