-0 -0 -0.079794 0 0 0 0 0 0 0 0 0 0 0.030374 -0.044161 -0.059113 0.0006784 -0.011339 0.0088196 0 0
0 0 0.30131 0 0 0 0 0 0 0 0 0 0 -0.1147 0.16676 0.22322 -0.011972 0.039144 -0.035395 0 0
0 0 0.040333 0 0 0 0 0 0 0 0 0 0 -0.015353 0.022322 0.029879 -0.00074541 0.0056051 -0.0045704 0 0
-0 -0 -0.084627 0 0 0 0 0 0 0 0 0 0 0.032213 -0.046836 -0.062693 0.00068542 -0.012035 0.0093434 0 0
0 0 0.3257 0 0 0 0 0 0 0 0 0 0 -0.12398 0.18026 0.24129 -0.013572 0.041988 -0.038342 0 0
0 0 0.15033 0 0 0 0 0 0 0 0 0 0 -0.057224 0.0832 0.11137 -0.0041396 0.020373 -0.017347 0 0
-0 -0 -0.14165 0 0 0 0 0 0 0 0 0 0 0.053918 -0.078393 -0.10493 0.00047439 -0.020319 0.015424 0 0
-0 -0 -0.22867 0 0 0 0 0 0 0 0 0 0 0.087042 -0.12655 -0.1694 -0.00089003 -0.033163 0.024318 0 0
-0 -0 -0.028846 0 0 0 0 0 0 0 0 0 0 0.01098 -0.015964 -0.02137 0.00036754 -0.0040632 0.0032243 0 0
-0 -0 -0.08349 0 0 0 0 0 0 0 0 0 0 0.031781 -0.046207 -0.061851 0.00068412 -0.011871 0.0092203 0 0
-0 -0 -0.25153 0 0 0 0 0 0 0 0 0 0 0.095746 -0.13921 -0.18634 -0.0014565 -0.036569 0.026571 0 0
0 0 0.19893 0 0 0 0 0 0 0 0 0 0 -0.075721 0.11009 0.14737 -0.0062655 0.026621 -0.023107 0 0
0 0 0.31812 0 0 0 0 0 0 0 0 0 0 -0.12109 0.17606 0.23567 -0.013064 0.04111 -0.037424 0 0
0 0 0.21405 0 0 0 0 0 0 0 0 0 0 -0.08148 0.11847 0.15857 -0.0070045 0.028527 -0.024911 0 0
0 0 0.084077 0 0 0 0 0 0 0 0 0 0 -0.032004 0.046532 0.062286 -0.0018577 0.011574 -0.0096014 0 0
0 0 0.16502 0 0 0 0 0 0 0 0 0 0 -0.062816 0.09133 0.12225 -0.0047422 0.022281 -0.019082 0 0
-0 -0 -0.10355 0 0 0 0 0 0 0 0 0 0 0.039417 -0.057309 -0.076712 0.00067546 -0.014771 0.011382 0 0
0 0 0.31337 0 0 0 0 0 0 0 0 0 0 -0.11929 0.17343 0.23215 -0.012752 0.040558 -0.036851 0 0
-0 -0 -0.34431 0 0 0 0 0 0 0 0 0 0 0.13106 -0.19055 -0.25507 -0.004634 -0.05046 0.035316 0 0
0 0 0.27903 0 0 0 0 0 0 0 0 0 0 -0.10621 0.15443 0.20671 -0.010591 0.036498 -0.032708 0 0
0 0 0.17666 0 0 0 0 0 0 0 0 0 0 -0.067244 0.097769 0.13087 -0.0052441 0.02378 -0.02046 0 0
0 0 0.22589 0 0 0 0 0 0 0 0 0 0 -0.085987 0.12502 0.16735 -0.0076084 0.030007 -0.026326 0 0
0 0 0.13115 0 0 0 0 0 0 0 0 0 0 -0.049924 0.072585 0.09716 -0.0034055 0.017858 -0.015091 0 0
-0 -0 -0.25562 0 0 0 0 0 0 0 0 0 0 0.0973 -0.14147 -0.18936 -0.0015668 -0.037178 0.026969 0 0
0 0 0.25635 0 0 0 0 0 0 0 0 0 0 -0.097581 0.14188 0.18991 -0.0092636 0.033758 -0.029979 0 0
0 0 0.16331 0 0 0 0 0 0 0 0 0 0 -0.062165 0.090384 0.12099 -0.0046703 0.02206 -0.01888 0 0
-0 -0 -0.25691 0 0 0 0 0 0 0 0 0 0 0.097795 -0.14219 -0.19033 -0.0016024 -0.037372 0.027096 0 0
0 0 0.11593 0 0 0 0 0 0 0 0 0 0 -0.044131 0.064163 0.085887 -0.0028656 0.015843 -0.013308 0 0
0 0 0.31479 0 0 0 0 0 0 0 0 0 0 -0.11982 0.17422 0.2332 -0.012845 0.040723 -0.037022 0 0
0 0 0.24713 0 0 0 0 0 0 0 0 0 0 -0.094071 0.13677 0.18308 -0.008747 0.03263 -0.028872 0 0
0 0 0.23318 0 0 0 0 0 0 0 0 0 0 -0.088759 0.12905 0.17274 -0.0079908 0.030911 -0.027198 0 0
0 0 0.11746 0 0 0 0 0 0 0 0 0 0 -0.044709 0.065004 0.087013 -0.0029178 0.016045 -0.013486 0 0
0 0 0.039883 0 0 0 0 0 0 0 0 0 0 -0.015181 0.022073 0.029546 -0.00073561 0.0055431 -0.0045191 0 0
0 0 0.1552 0 0 0 0 0 0 0 0 0 0 -0.059078 0.085895 0.11498 -0.0043355 0.021007 -0.017922 0 0
-0 -0 -0.10034 0 0 0 0 0 0 0 0 0 0 0.038193 -0.05553 -0.074331 0.00068136 -0.014305 0.011037 0 0
0 0 0.015079 0 0 0 0 0 0 0 0 0 0 -0.00574 0.0083455 0.011171 -0.00024714 0.0021064 -0.0017006 0 0
0 0 0.049644 0 0 0 0 0 0 0 0 0 0 -0.018897 0.027475 0.036777 -0.00095574 0.0068857 -0.0056351 0 0
0 0 0.31216 0 0 0 0 0 0 0 0 0 0 -0.11882 0.17276 0.23125 -0.012672 0.040416 -0.036705 0 0
-0 -0 -0.14337 0 0 0 0 0 0 0 0 0 0 0.054573 -0.079346 -0.10621 0.0004596 -0.020571 0.015604 0 0
0 0 0.24069 0 0 0 0 0 0 0 0 0 0 -0.091618 0.13321 0.17831 -0.0083941 0.031839 -0.028099 0 0
0 0 0.23402 0 0 0 0 0 0 0 0 0 0 -0.089079 0.12951 0.17336 -0.0080355 0.031015 -0.027299 0 0
0 0 0.029404 0 0 0 0 0 0 0 0 0 0 -0.011193 0.016273 0.021783 -0.00051682 0.0040955 -0.0033252 0 0
-0 -0 -0.056066 0 0 0 0 0 0 0 0 0 0 0.021342 -0.031029 -0.041535 0.00058742 -0.0079356 0.0062302 0 0
0 0 0.18275 0 0 0 0 0 0 0 0 0 0 -0.069565 0.10114 0.13539 -0.0055158 0.024562 -0.021183 0 0
-0 -0 -0.09987 0 0 0 0 0 0 0 0 0 0 0.038016 -0.055272 -0.073986 0.00068208 -0.014238 0.010987 0 0
0 0 0.30093 0 0 0 0 0 0 0 0 0 0 -0.11455 0.16654 0.22293 -0.011947 0.039099 -0.035348 0 0
-0 -0 -0.11706 0 0 0 0 0 0 0 0 0 0 0.044561 -0.064788 -0.086723 0.00063182 -0.016733 0.012825 0 0
0 0 0.083333 0 0 0 0 0 0 0 0 0 0 -0.031721 0.04612 0.061734 -0.0018361 0.011474 -0.0095152 0 0
-0 -0 -0.12543 0 0 0 0 0 0 0 0 0 0 0.047746 -0.06942 -0.092923 0.00058953 -0.017951 0.013714 0 0
0 0 0.25214 0 0 0 0 0 0 0 0 0 0 -0.095977 0.13954 0.18679 -0.0090259 0.033244 -0.029473 0 0
-0 -0 -0.3332 0 0 0 0 0 0 0 0 0 0 0.12683 -0.18441 -0.24684 -0.0041798 -0.048793 0.034304 0 0
-0 -0 -0.066067 0 0 0 0 0 0 0 0 0 0 0.025149 -0.036564 -0.048944 0.00063721 -0.0093671 0.0073252 0 0
-0 -0 -0.32619 0 0 0 0 0 0 0 0 0 0 0.12416 -0.18053 -0.24165 -0.0039033 -0.047741 0.03366 0 0
0 0 0.064612 0 0 0 0 0 0 0 0 0 0 -0.024594 0.035759 0.047865 -0.0013238 0.008933 -0.0073538 0 0
-0 -0 -0.066532 0 0 0 0 0 0 0 0 0 0 0.025325 -0.036821 -0.049288 0.00063912 -0.0094337 0.007376 0 0
0 0 0.3476 0 0 0 0 0 0 0 0 0 0 -0.13231 0.19238 0.25751 -0.015086 0.044493 -0.040991 0 0
0 0 0.28108 0 0 0 0 0 0 0 0 0 0 -0.10699 0.15556 0.20823 -0.010714 0.036743 -0.032954 0 0
-0 -0 -0.33321 0 0 0 0 0 0 0 0 0 0 0.12684 -0.18441 -0.24685 -0.00418 -0.048794 0.034304 0 0
0 0 0.26031 0 0 0 0 0 0 0 0 0 0 -0.099086 0.14406 0.19284 -0.0094891 0.034239 -0.030454 0 0
0 0 0.21722 0 0 0 0 0 0 0 0 0 0 -0.082684 0.12022 0.16092 -0.0071637 0.028924 -0.025289 0 0
0 0 0.076469 0 0 0 0 0 0 0 0 0 0 -0.029108 0.042321 0.05665 -0.0016416 0.010545 -0.0087213 0 0
0 0 0.27203 0 0 0 0 0 0 0 0 0 0 -0.10355 0.15055 0.20153 -0.010172 0.035657 -0.031865 0 0
0 0 0.28057 0 0 0 0 0 0 0 0 0 0 -0.1068 0.15528 0.20785 -0.010683 0.036682 -0.032893 0 0
0 0 0.18145 0 0 0 0 0 0 0 0 0 0 -0.06907 0.10042 0.13442 -0.0054574 0.024395 -0.021029 0 0
-0 -0 -0.12699 0 0 0 0 0 0 0 0 0 0 0.048338 -0.07028 -0.094074 0.00058039 -0.018178 0.013878 0 0
-0 -0 -0.28772 0 0 0 0 0 0 0 0 0 0 0.10952 -0.15923 -0.21315 -0.0025287 -0.041975 0.030059 0 0
-0 -0 -0.19288 0 0 0 0 0 0 0 0 0 0 0.073419 -0.10675 -0.14289 -0.00017681 -0.027856 0.02072 0 0
-0 -0 -0.13975 0 0 0 0 0 0 0 0 0 0 0.053197 -0.077345 -0.10353 0.0004901 -0.020042 0.015225 0 0
0 0 0.14506 0 0 0 0 0 0 0 0 0 0 -0.055216 0.08028 0.10746 -0.0039318 0.019684 -0.016725 0 0
0 0 0.11947 0 0 0 0 0 0 0 0 0 0 -0.045478 0.066122 0.088509 -0.0029878 0.016313 -0.013722 0 0
0 0 0.20993 0 0 0 0 0 0 0 0 0 0 -0.079909 0.11618 0.15552 -0.0067994 0.028009 -0.024419 0 0
-0 -0 -0.28316 0 0 0 0 0 0 0 0 0 0 0.10779 -0.15671 -0.20977 -0.0023818 -0.041294 0.029625 0 0
0 0 0.31976 0 0 0 0 0 0 0 0 0 0 -0.12172 0.17697 0.23688 -0.013173 0.0413 -0.037623 0 0
-0 -0 -0.046906 0 0 0 0 0 0 0 0 0 0 0.017855 -0.02596 -0.034749 0.0005272 -0.0066285 0.0052228 0 0
0 0 0.28253 0 0 0 0 0 0 0 0 0 0 -0.10755 0.15636 0.2093 -0.010802 0.036916 -0.03313 0 0
-0 -0 -0.11402 0 0 0 0 0 0 0 0 0 0 0.043402 -0.063103 -0.084468 0.00064431 -0.01629 0.012501 0 0
-0 -0 -0.29971 0 0 0 0 0 0 0 0 0 0 0.11409 -0.16587 -0.22203 -0.0029313 -0.043771 0.031194 0 0
0 0 0.16611 0 0 0 0 0 0 0 0 0 0 -0.06323 0.091932 0.12306 -0.0047882 0.022421 -0.019211 0 0
-0 -0 -0.056091 0 0 0 0 0 0 0 0 0 0 0.021351 -0.031043 -0.041553 0.00058757 -0.0079391 0.0062329 0 0
-0 -0 -0.2606 0 0 0 0 0 0 0 0 0 0 0.099197 -0.14423 -0.19306 -0.001705 -0.037921 0.027454 0 0
-0 -0 -0.048693 0 0 0 0 0 0 0 0 0 0 0.018535 -0.026949 -0.036072 0.00054005 -0.0068831 0.0054196 0 0
-0 -0 -0.15786 0 0 0 0 0 0 0 0 0 0 0.060088 -0.087364 -0.11694 0.00031555 -0.022695 0.017117 0 0
-0 -0 -0.1083 0 0 0 0 0 0 0 0 0 0 0.041226 -0.059939 -0.080233 0.00066359 -0.01546 0.011891 0 0
-0 -0 -0.28924 0 0 0 0 0 0 0 0 0 0 0.1101 -0.16007 -0.21427 -0.0025783 -0.042203 0.030203 0 0
0 0 0.10794 0 0 0 0 0 0 0 0 0 0 -0.041087 0.059738 0.079964 -0.002597 0.014779 -0.012375 0 0
0 0 0.094111 0 0 0 0 0 0 0 0 0 0 -0.035824 0.052085 0.069719 -0.0021572 0.012926 -0.010765 0 0
0 0 0.107 0 0 0 0 0 0 0 0 0 0 -0.040728 0.059216 0.079265 -0.002566 0.014653 -0.012265 0 0
-0 -0 -0.2741 0 0 0 0 0 0 0 0 0 0 0.10434 -0.1517 -0.20306 -0.0021 -0.039939 0.028758 0 0
0 0 0.025714 0 0 0 0 0 0 0 0 0 0 -0.009788 0.014231 0.019049 -0.0004441 0.0035842 -0.0029058 0 0
0 0 0.057162 0 0 0 0 0 0 0 0 0 0 -0.021759 0.031636 0.042347 -0.001136 0.0079157 -0.0064973 0 0
0 0 0.22452 0 0 0 0 0 0 0 0 0 0 -0.085463 0.12426 0.16633 -0.0075371 0.029836 -0.026162 0 0
0 0 0.01487 0 0 0 0 0 0 0 0 0 0 -0.0056602 0.0082295 0.011016 -0.00024344 0.0020772 -0.0016769 0 0
0 0 0.13913 0 0 0 0 0 0 0 0 0 0 -0.052959 0.076998 0.10307 -0.0037035 0.018907 -0.016028 0 0
-0 -0 -0.15002 0 0 0 0 0 0 0 0 0 0 0.057106 -0.083028 -0.11114 0.00039778 -0.021546 0.016301 0 0
-0 -0 -0.10964 0 0 0 0 0 0 0 0 0 0 0.041734 -0.060678 -0.081222 0.00065957 -0.015654 0.012033 0 0
-0 -0 -0.34247 0 0 0 0 0 0 0 0 0 0 0.13036 -0.18954 -0.25371 -0.0045574 -0.050184 0.035149 0 0
0 0 0.0044558 0 0 0 0 0 0 0 0 0 0 -0.0016961 0.002466 0.0033009 -6.9099e-05 0.00062371 -0.00050146 0 0
-0 -0 -0.14775 0 0 0 0 0 0 0 0 0 0 0.056241 -0.08177 -0.10945 0.00041973 -0.021213 0.016063 0 0
0 0 0.23099 0 0 0 0 0 0 0 0 0 0 -0.087926 0.12784 0.17112 -0.007875 0.03064 -0.026936 0 0
0 0 0.30726 0 0 0 0 0 0 0 0 0 0 -0.11696 0.17005 0.22762 -0.012354 0.039843 -0.036113 0 0
