-0 -0 -0.16525 0 0 0 0 0 0 0 0 0 0 0.07883 -0.07883 -0.12198 0.017839 -0.013019 0.019943 0 0
-0 -0 -0.077798 0 0 0 0 0 0 0 0 0 0 0.037113 -0.037113 -0.057426 0.0087917 -0.0056619 0.009341 0 0
0 0 0.28267 0 0 0 0 0 0 0 0 0 0 -0.13484 0.13484 0.20865 -0.036936 0.013069 -0.032317 0 0
-0 -0 -0.22204 0 0 0 0 0 0 0 0 0 0 0.10592 -0.10592 -0.1639 0.023209 -0.018336 0.026849 0 0
-0 -0 -0.19348 0 0 0 0 0 0 0 0 0 0 0.0923 -0.0923 -0.14282 0.02056 -0.015611 0.023376 0 0
0 0 0.072263 0 0 0 0 0 0 0 0 0 0 -0.034473 0.034473 0.053341 -0.0087449 0.0044824 -0.0085485 0 0
-0 -0 -0.034372 0 0 0 0 0 0 0 0 0 0 0.016397 -0.016397 -0.025371 0.003967 -0.0023964 0.0041125 0 0
0 0 0.23313 0 0 0 0 0 0 0 0 0 0 -0.11121 0.11121 0.17208 -0.029974 0.01166 -0.026907 0 0
-0 -0 -0.042555 0 0 0 0 0 0 0 0 0 0 0.020301 -0.020301 -0.031412 0.0048923 -0.0029916 0.0050952 0 0
-0 -0 -0.16272 0 0 0 0 0 0 0 0 0 0 0.077626 -0.077626 -0.12011 0.017591 -0.012793 0.019636 0 0
0 0 0.18697 0 0 0 0 0 0 0 0 0 0 -0.089195 0.089195 0.13801 -0.023655 0.010004 -0.021753 0 0
-0 -0 -0.12444 0 0 0 0 0 0 0 0 0 0 0.059365 -0.059365 -0.091858 0.013732 -0.0094589 0.014987 0 0
0 0 0.11662 0 0 0 0 0 0 0 0 0 0 -0.055633 0.055633 0.086083 -0.014369 0.0068527 -0.013715 0 0
0 0 0.23857 0 0 0 0 0 0 0 0 0 0 -0.11381 0.11381 0.1761 -0.03073 0.011833 -0.027507 0 0
-0 -0 -0.23164 0 0 0 0 0 0 0 0 0 0 0.1105 -0.1105 -0.17098 0.024076 -0.019274 0.028016 0 0
0 0 0.070331 0 0 0 0 0 0 0 0 0 0 -0.033551 0.033551 0.051914 -0.0085042 0.0043725 -0.0083219 0 0
0 0 0.057218 0 0 0 0 0 0 0 0 0 0 -0.027296 0.027296 0.042235 -0.0068806 0.0036121 -0.0067811 0 0
0 0 0.11432 0 0 0 0 0 0 0 0 0 0 -0.054536 0.054536 0.084385 -0.014072 0.006737 -0.013449 0 0
-0 -0 -0.29468 0 0 0 0 0 0 0 0 0 0 0.14057 -0.14057 -0.21751 0.029466 -0.02572 0.035665 0 0
-0 -0 -0.13338 0 0 0 0 0 0 0 0 0 0 0.06363 -0.06363 -0.098456 0.014649 -0.01022 0.016072 0 0
-0 -0 -0.083534 0 0 0 0 0 0 0 0 0 0 0.039849 -0.039849 -0.06166 0.0094129 -0.0061128 0.010034 0 0
0 0 0.24004 0 0 0 0 0 0 0 0 0 0 -0.11451 0.11451 0.17718 -0.030934 0.011879 -0.027669 0 0
0 0 0.3313 0 0 0 0 0 0 0 0 0 0 -0.15805 0.15805 0.24455 -0.043938 0.01408 -0.037495 0 0
0 0 0.26303 0 0 0 0 0 0 0 0 0 0 -0.12548 0.12548 0.19416 -0.034156 0.012556 -0.030189 0 0
0 0 0.040472 0 0 0 0 0 0 0 0 0 0 -0.019307 0.019307 0.029874 -0.004832 0.0026043 -0.0048059 0 0
-0 -0 -0.0038938 0 0 0 0 0 0 0 0 0 0 0.0018575 -0.0018575 -0.0028742 0.00045581 -0.00026301 0.00046455 0 0
-0 -0 -0.24831 0 0 0 0 0 0 0 0 0 0 0.11846 -0.11846 -0.18329 0.025553 -0.020932 0.030042 0 0
0 0 0.10385 0 0 0 0 0 0 0 0 0 0 -0.049541 0.049541 0.076656 -0.01273 0.0062003 -0.012234 0 0
0 0 0.012236 0 0 0 0 0 0 0 0 0 0 -0.0058372 0.0058372 0.0090321 -0.0014429 0.00081235 -0.0014575 0 0
0 0 0.063624 0 0 0 0 0 0 0 0 0 0 -0.030351 0.030351 0.046964 -0.0076716 0.0039867 -0.0075345 0 0
-0 -0 -0.20345 0 0 0 0 0 0 0 0 0 0 0.097057 -0.097057 -0.15018 0.021497 -0.016551 0.024589 0 0
-0 -0 -0.32548 0 0 0 0 0 0 0 0 0 0 0.15527 -0.15527 -0.24025 0.031904 -0.029042 0.039388 0 0
-0 -0 -0.32107 0 0 0 0 0 0 0 0 0 0 0.15317 -0.15317 -0.237 0.031563 -0.02856 0.038856 0 0
-0 -0 -0.12891 0 0 0 0 0 0 0 0 0 0 0.061495 -0.061495 -0.095152 0.014191 -0.0098376 0.015529 0 0
-0 -0 -0.26507 0 0 0 0 0 0 0 0 0 0 0.12645 -0.12645 -0.19566 0.027 -0.022633 0.032076 0 0
-0 -0 -0.069582 0 0 0 0 0 0 0 0 0 0 0.033194 -0.033194 -0.051362 0.0078954 -0.005024 0.0083495 0 0
0 0 0.27475 0 0 0 0 0 0 0 0 0 0 -0.13107 0.13107 0.2028 -0.035811 0.01287 -0.031461 0 0
0 0 0.19581 0 0 0 0 0 0 0 0 0 0 -0.093409 0.093409 0.14453 -0.024852 0.010346 -0.022748 0 0
0 0 0.11661 0 0 0 0 0 0 0 0 0 0 -0.05563 0.05563 0.086078 -0.014368 0.0068523 -0.013714 0 0
-0 -0 -0.049454 0 0 0 0 0 0 0 0 0 0 0.023592 -0.023592 -0.036504 0.0056667 -0.0035007 0.0059247 0 0
-0 -0 -0.0096587 0 0 0 0 0 0 0 0 0 0 0.0046076 -0.0046076 -0.0071295 0.0011277 -0.0006564 0.001153 0 0
0 0 0.23252 0 0 0 0 0 0 0 0 0 0 -0.11092 0.11092 0.17163 -0.02989 0.01164 -0.02684 0 0
-0 -0 -0.20481 0 0 0 0 0 0 0 0 0 0 0.097703 -0.097703 -0.15118 0.021623 -0.016679 0.024754 0 0
0 0 0.098982 0 0 0 0 0 0 0 0 0 0 -0.047219 0.047219 0.073063 -0.01211 0.0059453 -0.011669 0 0
0 0 0.24776 0 0 0 0 0 0 0 0 0 0 -0.11819 0.11819 0.18288 -0.032012 0.012116 -0.028519 0 0
0 0 0.30546 0 0 0 0 0 0 0 0 0 0 -0.14572 0.14572 0.22547 -0.040198 0.013589 -0.034761 0 0
0 0 0.27337 0 0 0 0 0 0 0 0 0 0 -0.13041 0.13041 0.20178 -0.035616 0.012834 -0.031312 0 0
-0 -0 -0.22744 0 0 0 0 0 0 0 0 0 0 0.1085 -0.1085 -0.16788 0.023698 -0.018862 0.027505 0 0
0 0 0.31205 0 0 0 0 0 0 0 0 0 0 -0.14886 0.14886 0.23034 -0.041148 0.013724 -0.035462 0 0
-0 -0 -0.021897 0 0 0 0 0 0 0 0 0 0 0.010446 -0.010446 -0.016163 0.0025421 -0.0015072 0.002617 0 0
-0 -0 -0.14473 0 0 0 0 0 0 0 0 0 0 0.069043 -0.069043 -0.10683 0.015799 -0.011202 0.01745 0 0
-0 -0 -0.11006 0 0 0 0 0 0 0 0 0 0 0.052504 -0.052504 -0.081241 0.012236 -0.0082567 0.013244 0 0
0 0 0.30896 0 0 0 0 0 0 0 0 0 0 -0.14739 0.14739 0.22806 -0.040703 0.013662 -0.035135 0 0
0 0 0.032839 0 0 0 0 0 0 0 0 0 0 -0.015665 0.015665 0.02424 -0.0039077 0.0021313 -0.0039028 0 0
0 0 0.32123 0 0 0 0 0 0 0 0 0 0 -0.15324 0.15324 0.23712 -0.042476 0.013901 -0.036435 0 0
-0 -0 -0.15929 0 0 0 0 0 0 0 0 0 0 0.075988 -0.075988 -0.11758 0.017252 -0.012486 0.019219 0 0
-0 -0 -0.15489 0 0 0 0 0 0 0 0 0 0 0.073891 -0.073891 -0.11433 0.016816 -0.012095 0.018685 0 0
0 0 0.048071 0 0 0 0 0 0 0 0 0 0 -0.022932 0.022932 0.035483 -0.0057581 0.0030667 -0.0057032 0 0
0 0 0.19428 0 0 0 0 0 0 0 0 0 0 -0.092681 0.092681 0.14341 -0.024644 0.010288 -0.022576 0 0
0 0 0.10322 0 0 0 0 0 0 0 0 0 0 -0.049241 0.049241 0.076192 -0.01265 0.0061676 -0.012161 0 0
0 0 0.24191 0 0 0 0 0 0 0 0 0 0 -0.1154 0.1154 0.17856 -0.031195 0.011937 -0.027875 0 0
0 0 0.056085 0 0 0 0 0 0 0 0 0 0 -0.026755 0.026755 0.041399 -0.006741 0.0035452 -0.0066477 0 0
0 0 0.14379 0 0 0 0 0 0 0 0 0 0 -0.068592 0.068592 0.10613 -0.017903 0.0081586 -0.016843 0 0
0 0 0.010666 0 0 0 0 0 0 0 0 0 0 -0.005088 0.005088 0.0078728 -0.0012568 0.00070928 -0.0012706 0 0
-0 -0 -0.080519 0 0 0 0 0 0 0 0 0 0 0.038411 -0.038411 -0.059435 0.0090869 -0.0058753 0.0096697 0 0
0 0 0.071176 0 0 0 0 0 0 0 0 0 0 -0.033954 0.033954 0.052538 -0.0086094 0.0044206 -0.0084209 0 0
-0 -0 -0.14298 0 0 0 0 0 0 0 0 0 0 0.068206 -0.068206 -0.10554 0.015622 -0.011049 0.017237 0 0
-0 -0 -0.33007 0 0 0 0 0 0 0 0 0 0 0.15746 -0.15746 -0.24364 0.032257 -0.029546 0.039942 0 0
-0 -0 -0.11219 0 0 0 0 0 0 0 0 0 0 0.053521 -0.053521 -0.082814 0.012459 -0.008433 0.013502 0 0
-0 -0 -0.069536 0 0 0 0 0 0 0 0 0 0 0.033172 -0.033172 -0.051327 0.0078902 -0.0050204 0.0083438 0 0
-0 -0 -0.019443 0 0 0 0 0 0 0 0 0 0 0.0092754 -0.0092754 -0.014352 0.0022598 -0.001335 0.0023232 0 0
0 0 0.23175 0 0 0 0 0 0 0 0 0 0 -0.11056 0.11056 0.17107 -0.029783 0.011615 -0.026755 0 0
-0 -0 -0.31407 0 0 0 0 0 0 0 0 0 0 0.14983 -0.14983 -0.23183 0.031016 -0.027798 0.03801 0 0
0 0 0.27333 0 0 0 0 0 0 0 0 0 0 -0.13039 0.13039 0.20175 -0.03561 0.012833 -0.031307 0 0
-0 -0 -0.0649 0 0 0 0 0 0 0 0 0 0 0.03096 -0.03096 -0.047906 0.0073811 -0.0046647 0.0077849 0 0
0 0 0.11949 0 0 0 0 0 0 0 0 0 0 -0.057003 0.057003 0.088203 -0.014739 0.006996 -0.014047 0 0
-0 -0 -0.11171 0 0 0 0 0 0 0 0 0 0 0.05329 -0.05329 -0.082456 0.012408 -0.0083929 0.013443 0 0
-0 -0 -0.29577 0 0 0 0 0 0 0 0 0 0 0.1411 -0.1411 -0.21832 0.029554 -0.025836 0.035797 0 0
-0 -0 -0.33107 0 0 0 0 0 0 0 0 0 0 0.15793 -0.15793 -0.24438 0.032333 -0.029656 0.040062 0 0
0 0 0.18135 0 0 0 0 0 0 0 0 0 0 -0.086513 0.086513 0.13386 -0.022898 0.0097799 -0.021119 0 0
-0 -0 -0.3354 0 0 0 0 0 0 0 0 0 0 0.16 -0.16 -0.24757 0.032661 -0.030134 0.040583 0 0
0 0 0.19658 0 0 0 0 0 0 0 0 0 0 -0.093776 0.093776 0.1451 -0.024956 0.010376 -0.022834 0 0
-0 -0 -0.23257 0 0 0 0 0 0 0 0 0 0 0.11094 -0.11094 -0.17167 0.024159 -0.019366 0.028129 0 0
0 0 0.19043 0 0 0 0 0 0 0 0 0 0 -0.090843 0.090843 0.14056 -0.024123 0.010139 -0.022143 0 0
-0 -0 -0.0014347 0 0 0 0 0 0 0 0 0 0 0.00068442 -0.00068442 -0.001059 0.00016814 -9.6657e-05 0.00017113 0 0
0 0 0.1249 0 0 0 0 0 0 0 0 0 0 -0.059581 0.059581 0.092191 -0.015438 0.0072623 -0.014671 0 0
-0 -0 -0.33368 0 0 0 0 0 0 0 0 0 0 0.15918 -0.15918 -0.2463 0.032531 -0.029944 0.040376 0 0
-0 -0 -0.14831 0 0 0 0 0 0 0 0 0 0 0.070751 -0.070751 -0.10947 0.016159 -0.011515 0.017885 0 0
-0 -0 -0.29374 0 0 0 0 0 0 0 0 0 0 0.14013 -0.14013 -0.21682 0.02939 -0.025621 0.035552 0 0
-0 -0 -0.02244 0 0 0 0 0 0 0 0 0 0 0.010705 -0.010705 -0.016564 0.0026044 -0.0015455 0.002682 0 0
0 0 0.057098 0 0 0 0 0 0 0 0 0 0 -0.027238 0.027238 0.042147 -0.0068658 0.003605 -0.006767 0 0
0 0 0.22352 0 0 0 0 0 0 0 0 0 0 -0.10663 0.10663 0.16499 -0.028644 0.011342 -0.025842 0 0
0 0 0.11934 0 0 0 0 0 0 0 0 0 0 -0.05693 0.05693 0.088089 -0.014719 0.0069883 -0.014029 0 0
-0 -0 -0.086341 0 0 0 0 0 0 0 0 0 0 0.041188 -0.041188 -0.063732 0.0097155 -0.0063351 0.010373 0 0
-0 -0 -0.121 0 0 0 0 0 0 0 0 0 0 0.05772 -0.05772 -0.089312 0.013375 -0.0091681 0.014569 0 0
-0 -0 -0.24233 0 0 0 0 0 0 0 0 0 0 0.1156 -0.1156 -0.17887 0.025027 -0.020333 0.029315 0 0
-0 -0 -0.32257 0 0 0 0 0 0 0 0 0 0 0.15388 -0.15388 -0.23811 0.03168 -0.028723 0.039037 0 0
0 0 0.25578 0 0 0 0 0 0 0 0 0 0 -0.12202 0.12202 0.1888 -0.033135 0.012352 -0.029397 0 0
0 0 0.22863 0 0 0 0 0 0 0 0 0 0 -0.10907 0.10907 0.16876 -0.029351 0.011513 -0.026409 0 0
-0 -0 -0.023749 0 0 0 0 0 0 0 0 0 0 0.01133 -0.01133 -0.017531 0.0027547 -0.0016379 0.0028388 0 0
