-0 -0 -0 0.17374 0 0 0 0 0 0 0 0.12928 -0.056774 0.10123 0 0
-0 -0 -0 0.12725 0 0 0 0 0 0 0 0.094693 -0.041584 0.074145 0 0
0 0 0 0.0048354 0 0 0 0 0 0 0 0.0035981 -0.0015801 0.0028174 0 0
0 0 0 0.1547 0 0 0 0 0 0 0 0.11512 -0.050555 0.090139 0 0
0 0 0 0.13788 0 0 0 0 0 0 0 0.1026 -0.045057 0.080337 0 0
0 0 0 0.16725 0 0 0 0 0 0 0 0.12445 -0.054654 0.097448 0 0
0 0 0 0.018037 0 0 0 0 0 0 0 0.013422 -0.0058942 0.010509 0 0
-0 -0 -0 0.014086 0 0 0 0 0 0 0 0.010482 -0.0046031 0.0082074 0 0
0 0 0 0.10262 0 0 0 0 0 0 0 0.076359 -0.033533 0.059789 0 0
0 0 0 0.16775 0 0 0 0 0 0 0 0.12482 -0.054817 0.097738 0 0
0 0 0 0.076009 0 0 0 0 0 0 0 0.05656 -0.024838 0.044287 0 0
0 0 0 0.19082 0 0 0 0 0 0 0 0.14199 -0.062357 0.11118 0 0
0 0 0 0.036062 0 0 0 0 0 0 0 0.026834 -0.011784 0.021011 0 0
0 0 0 0.097162 0 0 0 0 0 0 0 0.072301 -0.031751 0.056612 0 0
-0 -0 -0 0.19975 0 0 0 0 0 0 0 0.14864 -0.065276 0.11639 0 0
-0 -0 -0 0.1286 0 0 0 0 0 0 0 0.095692 -0.042023 0.074927 0 0
-0 -0 -0 0.090145 0 0 0 0 0 0 0 0.067079 -0.029458 0.052523 0 0
0 0 0 0.022277 0 0 0 0 0 0 0 0.016577 -0.0072799 0.01298 0 0
0 0 0 0.17886 0 0 0 0 0 0 0 0.13309 -0.058449 0.10421 0 0
0 0 0 0.16915 0 0 0 0 0 0 0 0.12587 -0.055275 0.098555 0 0
-0 -0 -0 0.10988 0 0 0 0 0 0 0 0.081765 -0.035907 0.064023 0 0
-0 -0 -0 0.13862 0 0 0 0 0 0 0 0.10315 -0.0453 0.080769 0 0
-0 -0 -0 0.042065 0 0 0 0 0 0 0 0.031302 -0.013746 0.02451 0 0
0 0 0 0.0013147 0 0 0 0 0 0 0 0.00097834 -0.00042964 0.00076605 0 0
-0 -0 -0 0.045811 0 0 0 0 0 0 0 0.034089 -0.01497 0.026692 0 0
0 0 0 0.047994 0 0 0 0 0 0 0 0.035714 -0.015684 0.027964 0 0
-0 -0 -0 0.13927 0 0 0 0 0 0 0 0.10363 -0.04551 0.081144 0 0
-0 -0 -0 0.056952 0 0 0 0 0 0 0 0.04238 -0.018611 0.033183 0 0
0 0 0 0.19659 0 0 0 0 0 0 0 0.14629 -0.064243 0.11455 0 0
0 0 0 0.18469 0 0 0 0 0 0 0 0.13743 -0.060352 0.10761 0 0
0 0 0 0.17289 0 0 0 0 0 0 0 0.12865 -0.056496 0.10073 0 0
-0 -0 -0 0.0049862 0 0 0 0 0 0 0 0.0037104 -0.0016294 0.0029053 0 0
-0 -0 -0 0.148 0 0 0 0 0 0 0 0.11013 -0.048362 0.08623 0 0
-0 -0 -0 0.18764 0 0 0 0 0 0 0 0.13963 -0.061317 0.10933 0 0
0 0 0 0.15253 0 0 0 0 0 0 0 0.1135 -0.049846 0.088875 0 0
-0 -0 -0 0.19864 0 0 0 0 0 0 0 0.14782 -0.064914 0.11574 0 0
-0 -0 -0 0.11904 0 0 0 0 0 0 0 0.088581 -0.0389 0.069359 0 0
-0 -0 -0 0.13761 0 0 0 0 0 0 0 0.1024 -0.044967 0.080177 0 0
0 0 0 0.19669 0 0 0 0 0 0 0 0.14636 -0.064274 0.1146 0 0
0 0 0 0.095711 0 0 0 0 0 0 0 0.071221 -0.031277 0.055767 0 0
0 0 0 0.011652 0 0 0 0 0 0 0 0.0086709 -0.0038078 0.0067894 0 0
-0 -0 -0 0.047014 0 0 0 0 0 0 0 0.034984 -0.015363 0.027393 0 0
0 0 0 0.10494 0 0 0 0 0 0 0 0.078092 -0.034294 0.061147 0 0
0 0 0 0.042197 0 0 0 0 0 0 0 0.0314 -0.013789 0.024586 0 0
0 0 0 0.031409 0 0 0 0 0 0 0 0.023373 -0.010264 0.018301 0 0
0 0 0 0.085004 0 0 0 0 0 0 0 0.063254 -0.027778 0.049528 0 0
0 0 0 0.01884 0 0 0 0 0 0 0 0.014019 -0.0061565 0.010977 0 0
-0 -0 -0 0.0066422 0 0 0 0 0 0 0 0.0049426 -0.0021706 0.0038701 0 0
-0 -0 -0 0.14578 0 0 0 0 0 0 0 0.10848 -0.047639 0.084941 0 0
-0 -0 -0 0.1556 0 0 0 0 0 0 0 0.11579 -0.050849 0.090664 0 0
0 0 0 0.18376 0 0 0 0 0 0 0 0.13674 -0.060049 0.10707 0 0
0 0 0 0.13606 0 0 0 0 0 0 0 0.10125 -0.044463 0.079278 0 0
0 0 0 0.13489 0 0 0 0 0 0 0 0.10038 -0.044081 0.078597 0 0
0 0 0 0.19841 0 0 0 0 0 0 0 0.14764 -0.064838 0.11561 0 0
-0 -0 -0 0.015203 0 0 0 0 0 0 0 0.011313 -0.0049682 0.0088584 0 0
0 0 0 0.19995 0 0 0 0 0 0 0 0.14879 -0.065339 0.1165 0 0
-0 -0 -0 0.049747 0 0 0 0 0 0 0 0.037018 -0.016256 0.028985 0 0
0 0 0 0.04823 0 0 0 0 0 0 0 0.035889 -0.015761 0.028101 0 0
-0 -0 -0 0.1968 0 0 0 0 0 0 0 0.14644 -0.064311 0.11467 0 0
0 0 0 0.09962 0 0 0 0 0 0 0 0.07413 -0.032554 0.058044 0 0
0 0 0 0.19056 0 0 0 0 0 0 0 0.1418 -0.062271 0.11103 0 0
-0 -0 -0 0.17381 0 0 0 0 0 0 0 0.12934 -0.056799 0.10127 0 0
0 0 0 0.16217 0 0 0 0 0 0 0 0.12067 -0.052994 0.094488 0 0
0 0 0 0.08871 0 0 0 0 0 0 0 0.066011 -0.028989 0.051687 0 0
0 0 0 0.14464 0 0 0 0 0 0 0 0.10763 -0.047265 0.084274 0 0
-0 -0 -0 0.13902 0 0 0 0 0 0 0 0.10345 -0.045429 0.081001 0 0
-0 -0 -0 0.067084 0 0 0 0 0 0 0 0.049919 -0.021922 0.039087 0 0
-0 -0 -0 0.10921 0 0 0 0 0 0 0 0.081268 -0.035689 0.063633 0 0
-0 -0 -0 0.06282 0 0 0 0 0 0 0 0.046746 -0.020529 0.036602 0 0
0 0 0 0.13127 0 0 0 0 0 0 0 0.097682 -0.042897 0.076485 0 0
-0 -0 -0 0.054941 0 0 0 0 0 0 0 0.040883 -0.017954 0.032012 0 0
0 0 0 0.18947 0 0 0 0 0 0 0 0.14099 -0.061916 0.1104 0 0
0 0 0 0.078998 0 0 0 0 0 0 0 0.058785 -0.025815 0.046029 0 0
-0 -0 -0 0.19933 0 0 0 0 0 0 0 0.14833 -0.065139 0.11614 0 0
-0 -0 -0 0.1803 0 0 0 0 0 0 0 0.13417 -0.05892 0.10506 0 0
-0 -0 -0 0.069646 0 0 0 0 0 0 0 0.051826 -0.022759 0.04058 0 0
-0 -0 -0 0.16847 0 0 0 0 0 0 0 0.12536 -0.055053 0.09816 0 0
-0 -0 -0 0.048287 0 0 0 0 0 0 0 0.035931 -0.015779 0.028135 0 0
-0 -0 -0 0.02379 0 0 0 0 0 0 0 0.017703 -0.0077741 0.013861 0 0
-0 -0 -0 0.0082241 0 0 0 0 0 0 0 0.0061198 -0.0026875 0.0047918 0 0
-0 -0 -0 0.14031 0 0 0 0 0 0 0 0.10441 -0.045852 0.081754 0 0
-0 -0 -0 0.012398 0 0 0 0 0 0 0 0.0092254 -0.0040513 0.0072235 0 0
0 0 0 0.024751 0 0 0 0 0 0 0 0.018418 -0.0080882 0.014421 0 0
0 0 0 0.1896 0 0 0 0 0 0 0 0.14109 -0.061959 0.11047 0 0
0 0 0 0.054574 0 0 0 0 0 0 0 0.04061 -0.017834 0.031798 0 0
-0 -0 -0 0.11662 0 0 0 0 0 0 0 0.086777 -0.038108 0.067947 0 0
0 0 0 0.019577 0 0 0 0 0 0 0 0.014568 -0.0063974 0.011407 0 0
0 0 0 0.111 0 0 0 0 0 0 0 0.082601 -0.036274 0.064677 0 0
-0 -0 -0 0.16059 0 0 0 0 0 0 0 0.1195 -0.052477 0.093567 0 0
-0 -0 -0 0.13618 0 0 0 0 0 0 0 0.10133 -0.0445 0.079343 0 0
0 0 0 0.11687 0 0 0 0 0 0 0 0.086968 -0.038192 0.068097 0 0
-0 -0 -0 0.16456 0 0 0 0 0 0 0 0.12245 -0.053774 0.095879 0 0
-0 -0 -0 0.0028089 0 0 0 0 0 0 0 0.0020902 -0.0009179 0.0016366 0 0
-0 -0 -0 0.17997 0 0 0 0 0 0 0 0.13392 -0.05881 0.10486 0 0
-0 -0 -0 0.1833 0 0 0 0 0 0 0 0.1364 -0.059899 0.1068 0 0
-0 -0 -0 0.1998 0 0 0 0 0 0 0 0.14867 -0.06529 0.11641 0 0
0 0 0 0.19832 0 0 0 0 0 0 0 0.14758 -0.064809 0.11555 0 0
0 0 0 0.082939 0 0 0 0 0 0 0 0.061717 -0.027103 0.048325 0 0
0 0 0 0.11498 0 0 0 0 0 0 0 0.085558 -0.037573 0.066992 0 0
-0 -0 -0 0.016887 0 0 0 0 0 0 0 0.012566 -0.0055185 0.0098395 0 0
