-0 -0 -0.042217 0 0 0 0 0 0 0 0 0 0 0.00043983 -7.7554e-05 -0.042214 0 0 0 0 0
0 0 0.21695 0 0 0 0 0 0 0 0 0 0 -0.0022602 0.00039855 0.21694 0 0 0 0 0
-0 -0 -0.28222 0 0 0 0 0 0 0 0 0 0 0.0029403 -0.00051846 -0.28221 0 0 0 0 0
-0 -0 -0.20777 0 0 0 0 0 0 0 0 0 0 0.0021646 -0.00038168 -0.20776 0 0 0 0 0
0 0 0.3307 0 0 0 0 0 0 0 0 0 0 -0.0034453 0.00060751 0.33068 0 0 0 0 0
0 0 0.27192 0 0 0 0 0 0 0 0 0 0 -0.002833 0.00049954 0.27191 0 0 0 0 0
-0 -0 -0.24082 0 0 0 0 0 0 0 0 0 0 0.0025089 -0.0004424 -0.24081 0 0 0 0 0
-0 -0 -0.074388 0 0 0 0 0 0 0 0 0 0 0.000775 -0.00013665 -0.074384 0 0 0 0 0
-0 -0 -0.18329 0 0 0 0 0 0 0 0 0 0 0.0019096 -0.00033672 -0.18328 0 0 0 0 0
-0 -0 -0.04733 0 0 0 0 0 0 0 0 0 0 0.0004931 -8.6948e-05 -0.047327 0 0 0 0 0
0 0 0.0089254 0 0 0 0 0 0 0 0 0 0 -9.2988e-05 1.6397e-05 0.0089249 0 0 0 0 0
0 0 0.14729 0 0 0 0 0 0 0 0 0 0 -0.0015345 0.00027058 0.14728 0 0 0 0 0
0 0 0.058932 0 0 0 0 0 0 0 0 0 0 -0.00061397 0.00010826 0.058929 0 0 0 0 0
0 0 0.13461 0 0 0 0 0 0 0 0 0 0 -0.0014024 0.00024729 0.1346 0 0 0 0 0
0 0 0.00015146 0 0 0 0 0 0 0 0 0 0 -1.5779e-06 2.7823e-07 0.00015145 0 0 0 0 0
-0 -0 -0.20021 0 0 0 0 0 0 0 0 0 0 0.0020859 -0.0003678 -0.2002 0 0 0 0 0
0 0 0.23477 0 0 0 0 0 0 0 0 0 0 -0.0024459 0.00043129 0.23476 0 0 0 0 0
-0 -0 -0.3392 0 0 0 0 0 0 0 0 0 0 0.0035339 -0.00062312 -0.33918 0 0 0 0 0
-0 -0 -0.2073 0 0 0 0 0 0 0 0 0 0 0.0021597 -0.00038082 -0.20729 0 0 0 0 0
-0 -0 -0.0077579 0 0 0 0 0 0 0 0 0 0 8.0824e-05 -1.4252e-05 -0.0077574 0 0 0 0 0
0 0 0.15992 0 0 0 0 0 0 0 0 0 0 -0.0016661 0.00029378 0.15991 0 0 0 0 0
-0 -0 -0.19793 0 0 0 0 0 0 0 0 0 0 0.0020621 -0.0003636 -0.19792 0 0 0 0 0
-0 -0 -0.16812 0 0 0 0 0 0 0 0 0 0 0.0017515 -0.00030885 -0.16811 0 0 0 0 0
-0 -0 -0.32162 0 0 0 0 0 0 0 0 0 0 0.0033507 -0.00059084 -0.3216 0 0 0 0 0
-0 -0 -0.25609 0 0 0 0 0 0 0 0 0 0 0.002668 -0.00047044 -0.25607 0 0 0 0 0
0 0 0.056881 0 0 0 0 0 0 0 0 0 0 -0.0005926 0.00010449 0.056878 0 0 0 0 0
0 0 0.34021 0 0 0 0 0 0 0 0 0 0 -0.0035444 0.00062498 0.34019 0 0 0 0 0
0 0 0.17718 0 0 0 0 0 0 0 0 0 0 -0.0018459 0.00032548 0.17717 0 0 0 0 0
0 0 0.089748 0 0 0 0 0 0 0 0 0 0 -0.00093502 0.00016487 0.089743 0 0 0 0 0
-0 -0 -0.17799 0 0 0 0 0 0 0 0 0 0 0.0018544 -0.00032699 -0.17798 0 0 0 0 0
-0 -0 -0.13757 0 0 0 0 0 0 0 0 0 0 0.0014332 -0.00025272 -0.13756 0 0 0 0 0
-0 -0 -0.2268 0 0 0 0 0 0 0 0 0 0 0.0023629 -0.00041665 -0.22679 0 0 0 0 0
-0 -0 -0.1683 0 0 0 0 0 0 0 0 0 0 0.0017534 -0.00030917 -0.16829 0 0 0 0 0
-0 -0 -0.27228 0 0 0 0 0 0 0 0 0 0 0.0028368 -0.0005002 -0.27227 0 0 0 0 0
0 0 0.18883 0 0 0 0 0 0 0 0 0 0 -0.0019673 0.00034689 0.18882 0 0 0 0 0
0 0 0.21539 0 0 0 0 0 0 0 0 0 0 -0.002244 0.00039568 0.21537 0 0 0 0 0
-0 -0 -0.062926 0 0 0 0 0 0 0 0 0 0 0.00065558 -0.0001156 -0.062922 0 0 0 0 0
0 0 0.018129 0 0 0 0 0 0 0 0 0 0 -0.00018888 3.3305e-05 0.018128 0 0 0 0 0
-0 -0 -0.22729 0 0 0 0 0 0 0 0 0 0 0.002368 -0.00041755 -0.22728 0 0 0 0 0
0 0 0.18176 0 0 0 0 0 0 0 0 0 0 -0.0018936 0.0003339 0.18175 0 0 0 0 0
0 0 0.065648 0 0 0 0 0 0 0 0 0 0 -0.00068394 0.0001206 0.065644 0 0 0 0 0
0 0 0.10787 0 0 0 0 0 0 0 0 0 0 -0.0011238 0.00019816 0.10786 0 0 0 0 0
-0 -0 -0.11714 0 0 0 0 0 0 0 0 0 0 0.0012204 -0.0002152 -0.11714 0 0 0 0 0
-0 -0 -0.29378 0 0 0 0 0 0 0 0 0 0 0.0030606 -0.00053968 -0.29376 0 0 0 0 0
0 0 0.24542 0 0 0 0 0 0 0 0 0 0 -0.0025569 0.00045086 0.24541 0 0 0 0 0
-0 -0 -0.058767 0 0 0 0 0 0 0 0 0 0 0.00061226 -0.00010796 -0.058764 0 0 0 0 0
-0 -0 -0.33529 0 0 0 0 0 0 0 0 0 0 0.0034932 -0.00061596 -0.33528 0 0 0 0 0
0 0 0.03183 0 0 0 0 0 0 0 0 0 0 -0.00033161 5.8473e-05 0.031828 0 0 0 0 0
-0 -0 -0.31331 0 0 0 0 0 0 0 0 0 0 0.0032642 -0.00057558 -0.3133 0 0 0 0 0
0 0 0.056049 0 0 0 0 0 0 0 0 0 0 -0.00058393 0.00010296 0.056045 0 0 0 0 0
-0 -0 -0.15272 0 0 0 0 0 0 0 0 0 0 0.0015911 -0.00028056 -0.15271 0 0 0 0 0
-0 -0 -0.074544 0 0 0 0 0 0 0 0 0 0 0.00077662 -0.00013694 -0.07454 0 0 0 0 0
-0 -0 -0.081384 0 0 0 0 0 0 0 0 0 0 0.00084789 -0.00014951 -0.08138 0 0 0 0 0
-0 -0 -0.01223 0 0 0 0 0 0 0 0 0 0 0.00012741 -2.2467e-05 -0.012229 0 0 0 0 0
-0 -0 -0.09865 0 0 0 0 0 0 0 0 0 0 0.0010278 -0.00018123 -0.098645 0 0 0 0 0
-0 -0 -0.13031 0 0 0 0 0 0 0 0 0 0 0.0013576 -0.00023939 -0.1303 0 0 0 0 0
0 0 0.027366 0 0 0 0 0 0 0 0 0 0 -0.00028511 5.0273e-05 0.027365 0 0 0 0 0
0 0 0.010128 0 0 0 0 0 0 0 0 0 0 -0.00010552 1.8606e-05 0.010128 0 0 0 0 0
0 0 0.29896 0 0 0 0 0 0 0 0 0 0 -0.0031147 0.00054921 0.29895 0 0 0 0 0
-0 -0 -0.23937 0 0 0 0 0 0 0 0 0 0 0.0024938 -0.00043973 -0.23935 0 0 0 0 0
0 0 0.20321 0 0 0 0 0 0 0 0 0 0 -0.0021171 0.00037331 0.2032 0 0 0 0 0
0 0 0.098183 0 0 0 0 0 0 0 0 0 0 -0.0010229 0.00018037 0.098178 0 0 0 0 0
-0 -0 -0.27846 0 0 0 0 0 0 0 0 0 0 0.002901 -0.00051154 -0.27844 0 0 0 0 0
-0 -0 -0.18891 0 0 0 0 0 0 0 0 0 0 0.0019681 -0.00034704 -0.1889 0 0 0 0 0
0 0 0.14846 0 0 0 0 0 0 0 0 0 0 -0.0015467 0.00027273 0.14845 0 0 0 0 0
0 0 0.088829 0 0 0 0 0 0 0 0 0 0 -0.00092545 0.00016318 0.088824 0 0 0 0 0
-0 -0 -0.097976 0 0 0 0 0 0 0 0 0 0 0.0010207 -0.00017999 -0.09797 0 0 0 0 0
-0 -0 -0.09304 0 0 0 0 0 0 0 0 0 0 0.00096932 -0.00017092 -0.093034 0 0 0 0 0
-0 -0 -0.32737 0 0 0 0 0 0 0 0 0 0 0.0034106 -0.00060139 -0.32735 0 0 0 0 0
0 0 0.18947 0 0 0 0 0 0 0 0 0 0 -0.0019739 0.00034806 0.18946 0 0 0 0 0
-0 -0 -0.1918 0 0 0 0 0 0 0 0 0 0 0.0019982 -0.00035235 -0.19179 0 0 0 0 0
0 0 0.19702 0 0 0 0 0 0 0 0 0 0 -0.0020526 0.00036193 0.197 0 0 0 0 0
0 0 0.19582 0 0 0 0 0 0 0 0 0 0 -0.0020401 0.00035973 0.19581 0 0 0 0 0
-0 -0 -0.23847 0 0 0 0 0 0 0 0 0 0 0.0024844 -0.00043808 -0.23845 0 0 0 0 0
-0 -0 -0.19439 0 0 0 0 0 0 0 0 0 0 0.0020252 -0.0003571 -0.19438 0 0 0 0 0
-0 -0 -0.16471 0 0 0 0 0 0 0 0 0 0 0.001716 -0.00030258 -0.1647 0 0 0 0 0
-0 -0 -0.30941 0 0 0 0 0 0 0 0 0 0 0.0032236 -0.00056841 -0.3094 0 0 0 0 0
-0 -0 -0.30627 0 0 0 0 0 0 0 0 0 0 0.0031908 -0.00056263 -0.30625 0 0 0 0 0
0 0 0.034943 0 0 0 0 0 0 0 0 0 0 -0.00036405 6.4193e-05 0.034941 0 0 0 0 0
0 0 0.0321 0 0 0 0 0 0 0 0 0 0 -0.00033443 5.897e-05 0.032098 0 0 0 0 0
0 0 0.31674 0 0 0 0 0 0 0 0 0 0 -0.0032999 0.00058187 0.31672 0 0 0 0 0
-0 -0 -0.28525 0 0 0 0 0 0 0 0 0 0 0.0029718 -0.00052402 -0.28523 0 0 0 0 0
0 0 0.15093 0 0 0 0 0 0 0 0 0 0 -0.0015725 0.00027727 0.15093 0 0 0 0 0
-0 -0 -0.19697 0 0 0 0 0 0 0 0 0 0 0.0020521 -0.00036185 -0.19696 0 0 0 0 0
0 0 0.30006 0 0 0 0 0 0 0 0 0 0 -0.0031261 0.00055123 0.30004 0 0 0 0 0
0 0 0.17071 0 0 0 0 0 0 0 0 0 0 -0.0017785 0.0003136 0.1707 0 0 0 0 0
0 0 0.099266 0 0 0 0 0 0 0 0 0 0 -0.0010342 0.00018236 0.09926 0 0 0 0 0
0 0 0.2912 0 0 0 0 0 0 0 0 0 0 -0.0030339 0.00053496 0.29119 0 0 0 0 0
0 0 0.11835 0 0 0 0 0 0 0 0 0 0 -0.001233 0.00021742 0.11834 0 0 0 0 0
0 0 0.17621 0 0 0 0 0 0 0 0 0 0 -0.0018358 0.00032371 0.1762 0 0 0 0 0
-0 -0 -0.051346 0 0 0 0 0 0 0 0 0 0 0.00053494 -9.4326e-05 -0.051343 0 0 0 0 0
0 0 0.10485 0 0 0 0 0 0 0 0 0 0 -0.0010924 0.00019262 0.10484 0 0 0 0 0
0 0 0.0011183 0 0 0 0 0 0 0 0 0 0 -1.1651e-05 2.0544e-06 0.0011182 0 0 0 0 0
0 0 0.21564 0 0 0 0 0 0 0 0 0 0 -0.0022466 0.00039614 0.21562 0 0 0 0 0
0 0 0.27998 0 0 0 0 0 0 0 0 0 0 -0.002917 0.00051435 0.27997 0 0 0 0 0
0 0 0.094596 0 0 0 0 0 0 0 0 0 0 -0.00098553 0.00017378 0.094591 0 0 0 0 0
-0 -0 -0.29609 0 0 0 0 0 0 0 0 0 0 0.0030848 -0.00054394 -0.29608 0 0 0 0 0
0 0 0.34003 0 0 0 0 0 0 0 0 0 0 -0.0035426 0.00062466 0.34001 0 0 0 0 0
-0 -0 -0.038765 0 0 0 0 0 0 0 0 0 0 0.00040387 -7.1213e-05 -0.038763 0 0 0 0 0
0 0 0.014275 0 0 0 0 0 0 0 0 0 0 -0.00014872 2.6224e-05 0.014274 0 0 0 0 0
