0 0 0.13877 0 0 0 0 0 0 0 0 0 0 -0.00036888 9.8842e-05 0.13877 0 0 0 0 0
0 0 0.18062 0 0 0 0 0 0 0 0 0 0 -0.00048015 0.00012866 0.18062 0 0 0 0 0
-0 -0 -0.33659 0 0 0 0 0 0 0 0 0 0 0.00089476 -0.00023975 -0.33659 0 0 0 0 0
0 0 0.076151 0 0 0 0 0 0 0 0 0 0 -0.00020243 5.4241e-05 0.07615 0 0 0 0 0
0 0 0.25704 0 0 0 0 0 0 0 0 0 0 -0.00068328 0.00018308 0.25704 0 0 0 0 0
0 0 0.23212 0 0 0 0 0 0 0 0 0 0 -0.00061703 0.00016533 0.23212 0 0 0 0 0
-0 -0 -0.10687 0 0 0 0 0 0 0 0 0 0 0.00028408 -7.6119e-05 -0.10687 0 0 0 0 0
0 0 0.0097856 0 0 0 0 0 0 0 0 0 0 -2.6013e-05 6.9702e-06 0.0097856 0 0 0 0 0
0 0 0.23601 0 0 0 0 0 0 0 0 0 0 -0.00062739 0.00016811 0.23601 0 0 0 0 0
-0 -0 -0.29763 0 0 0 0 0 0 0 0 0 0 0.00079119 -0.000212 -0.29763 0 0 0 0 0
0 0 0.282 0 0 0 0 0 0 0 0 0 0 -0.00074964 0.00020086 0.282 0 0 0 0 0
-0 -0 -0.3416 0 0 0 0 0 0 0 0 0 0 0.00090808 -0.00024332 -0.3416 0 0 0 0 0
0 0 0.16661 0 0 0 0 0 0 0 0 0 0 -0.00044289 0.00011867 0.16661 0 0 0 0 0
0 0 0.11576 0 0 0 0 0 0 0 0 0 0 -0.00030773 8.2455e-05 0.11576 0 0 0 0 0
-0 -0 -0.22597 0 0 0 0 0 0 0 0 0 0 0.0006007 -0.00016096 -0.22597 0 0 0 0 0
-0 -0 -0.14006 0 0 0 0 0 0 0 0 0 0 0.00037233 -9.9764e-05 -0.14006 0 0 0 0 0
-0 -0 -0.12811 0 0 0 0 0 0 0 0 0 0 0.00034056 -9.1254e-05 -0.12811 0 0 0 0 0
-0 -0 -0.16439 0 0 0 0 0 0 0 0 0 0 0.00043699 -0.00011709 -0.16439 0 0 0 0 0
0 0 0.30788 0 0 0 0 0 0 0 0 0 0 -0.00081843 0.0002193 0.30788 0 0 0 0 0
-0 -0 -0.19816 0 0 0 0 0 0 0 0 0 0 0.00052675 -0.00014114 -0.19815 0 0 0 0 0
0 0 0.20754 0 0 0 0 0 0 0 0 0 0 -0.0005517 0.00014783 0.20754 0 0 0 0 0
0 0 0.055072 0 0 0 0 0 0 0 0 0 0 -0.0001464 3.9227e-05 0.055072 0 0 0 0 0
0 0 0.033361 0 0 0 0 0 0 0 0 0 0 -8.8682e-05 2.3762e-05 0.03336 0 0 0 0 0
-0 -0 -0.13597 0 0 0 0 0 0 0 0 0 0 0.00036144 -9.6848e-05 -0.13597 0 0 0 0 0
-0 -0 -0.16128 0 0 0 0 0 0 0 0 0 0 0.00042872 -0.00011487 -0.16128 0 0 0 0 0
0 0 0.21656 0 0 0 0 0 0 0 0 0 0 -0.00057569 0.00015426 0.21656 0 0 0 0 0
-0 -0 -0.19548 0 0 0 0 0 0 0 0 0 0 0.00051965 -0.00013924 -0.19548 0 0 0 0 0
0 0 0.057247 0 0 0 0 0 0 0 0 0 0 -0.00015218 4.0776e-05 0.057247 0 0 0 0 0
0 0 0.13346 0 0 0 0 0 0 0 0 0 0 -0.00035477 9.506e-05 0.13346 0 0 0 0 0
0 0 0.080103 0 0 0 0 0 0 0 0 0 0 -0.00021294 5.7056e-05 0.080103 0 0 0 0 0
0 0 0.01889 0 0 0 0 0 0 0 0 0 0 -5.0215e-05 1.3455e-05 0.01889 0 0 0 0 0
-0 -0 -0.3003 0 0 0 0 0 0 0 0 0 0 0.00079829 -0.0002139 -0.3003 0 0 0 0 0
0 0 0.19008 0 0 0 0 0 0 0 0 0 0 -0.00050527 0.00013539 0.19007 0 0 0 0 0
0 0 0.22033 0 0 0 0 0 0 0 0 0 0 -0.00058571 0.00015694 0.22033 0 0 0 0 0
0 0 0.29284 0 0 0 0 0 0 0 0 0 0 -0.00077844 0.00020858 0.29283 0 0 0 0 0
0 0 0.26109 0 0 0 0 0 0 0 0 0 0 -0.00069405 0.00018597 0.26109 0 0 0 0 0
-0 -0 -0.30844 0 0 0 0 0 0 0 0 0 0 0.00081991 -0.00021969 -0.30843 0 0 0 0 0
-0 -0 -0.091899 0 0 0 0 0 0 0 0 0 0 0.00024429 -6.5458e-05 -0.091899 0 0 0 0 0
0 0 0.31612 0 0 0 0 0 0 0 0 0 0 -0.00084034 0.00022517 0.31612 0 0 0 0 0
-0 -0 -0.13967 0 0 0 0 0 0 0 0 0 0 0.00037128 -9.9484e-05 -0.13967 0 0 0 0 0
-0 -0 -0.13179 0 0 0 0 0 0 0 0 0 0 0.00035034 -9.3873e-05 -0.13179 0 0 0 0 0
0 0 0.22351 0 0 0 0 0 0 0 0 0 0 -0.00059416 0.0001592 0.22351 0 0 0 0 0
0 0 0.32041 0 0 0 0 0 0 0 0 0 0 -0.00085174 0.00022822 0.32041 0 0 0 0 0
0 0 0.12577 0 0 0 0 0 0 0 0 0 0 -0.00033433 8.9585e-05 0.12577 0 0 0 0 0
0 0 0.30577 0 0 0 0 0 0 0 0 0 0 -0.00081284 0.0002178 0.30577 0 0 0 0 0
0 0 0.22984 0 0 0 0 0 0 0 0 0 0 -0.00061099 0.00016372 0.22984 0 0 0 0 0
0 0 0.072708 0 0 0 0 0 0 0 0 0 0 -0.00019328 5.1789e-05 0.072708 0 0 0 0 0
0 0 0.063001 0 0 0 0 0 0 0 0 0 0 -0.00016747 4.4874e-05 0.063 0 0 0 0 0
0 0 0.28913 0 0 0 0 0 0 0 0 0 0 -0.0007686 0.00020595 0.28913 0 0 0 0 0
0 0 0.28739 0 0 0 0 0 0 0 0 0 0 -0.00076396 0.0002047 0.28739 0 0 0 0 0
-0 -0 -0.10253 0 0 0 0 0 0 0 0 0 0 0.00027254 -7.3028e-05 -0.10253 0 0 0 0 0
0 0 0.15603 0 0 0 0 0 0 0 0 0 0 -0.00041476 0.00011113 0.15602 0 0 0 0 0
0 0 0.19926 0 0 0 0 0 0 0 0 0 0 -0.00052968 0.00014193 0.19925 0 0 0 0 0
0 0 0.19262 0 0 0 0 0 0 0 0 0 0 -0.00051203 0.0001372 0.19262 0 0 0 0 0
0 0 0.32376 0 0 0 0 0 0 0 0 0 0 -0.00086066 0.00023061 0.32376 0 0 0 0 0
-0 -0 -0.29447 0 0 0 0 0 0 0 0 0 0 0.00078277 -0.00020974 -0.29446 0 0 0 0 0
0 0 0.22682 0 0 0 0 0 0 0 0 0 0 -0.00060296 0.00016156 0.22682 0 0 0 0 0
-0 -0 -0.20706 0 0 0 0 0 0 0 0 0 0 0.00055041 -0.00014748 -0.20706 0 0 0 0 0
-0 -0 -0.12252 0 0 0 0 0 0 0 0 0 0 0.0003257 -8.7272e-05 -0.12252 0 0 0 0 0
0 0 0.20045 0 0 0 0 0 0 0 0 0 0 -0.00053285 0.00014278 0.20045 0 0 0 0 0
0 0 0.22973 0 0 0 0 0 0 0 0 0 0 -0.0006107 0.00016364 0.22973 0 0 0 0 0
0 0 0.24456 0 0 0 0 0 0 0 0 0 0 -0.0006501 0.00017419 0.24455 0 0 0 0 0
-0 -0 -0.34198 0 0 0 0 0 0 0 0 0 0 0.00090909 -0.00024359 -0.34198 0 0 0 0 0
0 0 0.32781 0 0 0 0 0 0 0 0 0 0 -0.00087142 0.0002335 0.32781 0 0 0 0 0
0 0 0.19479 0 0 0 0 0 0 0 0 0 0 -0.00051781 0.00013875 0.19479 0 0 0 0 0
0 0 0.22174 0 0 0 0 0 0 0 0 0 0 -0.00058945 0.00015794 0.22174 0 0 0 0 0
-0 -0 -0.32456 0 0 0 0 0 0 0 0 0 0 0.00086278 -0.00023118 -0.32456 0 0 0 0 0
-0 -0 -0.32238 0 0 0 0 0 0 0 0 0 0 0.00085698 -0.00022963 -0.32238 0 0 0 0 0
-0 -0 -0.17669 0 0 0 0 0 0 0 0 0 0 0.0004697 -0.00012586 -0.17669 0 0 0 0 0
0 0 0.10307 0 0 0 0 0 0 0 0 0 0 -0.000274 7.3419e-05 0.10307 0 0 0 0 0
-0 -0 -0.32581 0 0 0 0 0 0 0 0 0 0 0.00086611 -0.00023207 -0.32581 0 0 0 0 0
0 0 0.17449 0 0 0 0 0 0 0 0 0 0 -0.00046385 0.00012429 0.17449 0 0 0 0 0
-0 -0 -0.0022774 0 0 0 0 0 0 0 0 0 0 6.0539e-06 -1.6221e-06 -0.0022774 0 0 0 0 0
0 0 0.063971 0 0 0 0 0 0 0 0 0 0 -0.00017005 4.5566e-05 0.063971 0 0 0 0 0
-0 -0 -0.27496 0 0 0 0 0 0 0 0 0 0 0.00073091 -0.00019585 -0.27496 0 0 0 0 0
0 0 0.34369 0 0 0 0 0 0 0 0 0 0 -0.00091362 0.0002448 0.34369 0 0 0 0 0
0 0 0.23516 0 0 0 0 0 0 0 0 0 0 -0.00062513 0.0001675 0.23516 0 0 0 0 0
-0 -0 -0.13592 0 0 0 0 0 0 0 0 0 0 0.00036132 -9.6816e-05 -0.13592 0 0 0 0 0
0 0 0.32854 0 0 0 0 0 0 0 0 0 0 -0.00087334 0.00023401 0.32854 0 0 0 0 0
0 0 0.077932 0 0 0 0 0 0 0 0 0 0 -0.00020717 5.551e-05 0.077932 0 0 0 0 0
-0 -0 -0.065453 0 0 0 0 0 0 0 0 0 0 0.00017399 -4.6621e-05 -0.065453 0 0 0 0 0
-0 -0 -0.12772 0 0 0 0 0 0 0 0 0 0 0.0003395 -9.097e-05 -0.12771 0 0 0 0 0
-0 -0 -0.13174 0 0 0 0 0 0 0 0 0 0 0.00035021 -9.3839e-05 -0.13174 0 0 0 0 0
-0 -0 -0.19754 0 0 0 0 0 0 0 0 0 0 0.00052513 -0.00014071 -0.19754 0 0 0 0 0
0 0 0.23044 0 0 0 0 0 0 0 0 0 0 -0.00061258 0.00016414 0.23044 0 0 0 0 0
-0 -0 -0.15851 0 0 0 0 0 0 0 0 0 0 0.00042136 -0.0001129 -0.15851 0 0 0 0 0
-0 -0 -0.17218 0 0 0 0 0 0 0 0 0 0 0.00045769 -0.00012264 -0.17218 0 0 0 0 0
0 0 0.12503 0 0 0 0 0 0 0 0 0 0 -0.00033236 8.9055e-05 0.12503 0 0 0 0 0
-0 -0 -0.22327 0 0 0 0 0 0 0 0 0 0 0.0005935 -0.00015903 -0.22327 0 0 0 0 0
0 0 0.23109 0 0 0 0 0 0 0 0 0 0 -0.00061431 0.0001646 0.23109 0 0 0 0 0
0 0 0.14157 0 0 0 0 0 0 0 0 0 0 -0.00037634 0.00010084 0.14157 0 0 0 0 0
-0 -0 -0.17849 0 0 0 0 0 0 0 0 0 0 0.00047447 -0.00012713 -0.17849 0 0 0 0 0
-0 -0 -0.22388 0 0 0 0 0 0 0 0 0 0 0.00059515 -0.00015947 -0.22388 0 0 0 0 0
-0 -0 -0.0046558 0 0 0 0 0 0 0 0 0 0 1.2376e-05 -3.3162e-06 -0.0046558 0 0 0 0 0
0 0 0.29414 0 0 0 0 0 0 0 0 0 0 -0.00078191 0.00020951 0.29414 0 0 0 0 0
0 0 0.2133 0 0 0 0 0 0 0 0 0 0 -0.00056702 0.00015193 0.2133 0 0 0 0 0
-0 -0 -0.14275 0 0 0 0 0 0 0 0 0 0 0.00037946 -0.00010168 -0.14275 0 0 0 0 0
-0 -0 -0.25457 0 0 0 0 0 0 0 0 0 0 0.00067672 -0.00018133 -0.25457 0 0 0 0 0
0 0 0.0066852 0 0 0 0 0 0 0 0 0 0 -1.7771e-05 4.7617e-06 0.0066851 0 0 0 0 0
-0 -0 -0.15111 0 0 0 0 0 0 0 0 0 0 0.0004017 -0.00010764 -0.15111 0 0 0 0 0
